Year,Month,Day,Forcing_Precipitation_mm/d,HBV_Snowfall_mm/d,HBV_Rainfall_mm/d,HBV_Snowmelt_mm/d,Observed_Streamflow_mm/d
1979,1,1,0.00555244740098715,0.00555244740098715,0,0,
1979,1,2,0.00697955209761858,0.00624730383919719,0,0,
1979,1,3,0.026262953877449,0.016601155800791,0,0,
1979,1,4,0,0.0131610418529636,0,0,
1979,1,5,0.177091553807259,0.0884424898003628,0,0,
1979,1,6,0.352697759866715,0.264733877208176,0,0,
1979,1,7,0.79510110616684,0.573057291695296,0,0,
1979,1,8,0.206516116857529,0.503847991074011,0,0,
1979,1,9,0,0.103107601470232,0,0,
1979,1,10,0.00189604191109538,0.000304022133833293,0,0,
1979,1,11,0.00696269096806645,0.00395901596007398,0,0,
1979,1,12,0.00371456216089427,0.00536508972360594,0,0,
1979,1,13,0.00396592216566205,0.003792339100398,0,0,
1979,1,14,0.000174521162989549,0.00193557431881941,0,0,
1979,1,15,7.18225201126188e-05,0.000133065687371703,0,0,
1979,1,16,1.19902634620667,0.598439196666345,0,0,
1979,1,17,1.29302084445953,1.23782201414098,0,0,
1979,1,18,1.64990937709808,1.47511119556105,0,0,
1979,1,19,3.52253890037537,2.57867819078914,0,0,
1979,1,20,1.20272386074066,2.38194177617291,0,0,
1979,1,21,0.758476078510284,0.985299304090182,0,0,
1979,1,22,0.00574635108932853,0.383757497155321,0,0,
1979,1,23,0.0149627318605781,0.0125997575897987,0,0,
1979,1,24,0.792301118373871,0.384150483363639,0,0,
1979,1,25,0.197312295436859,0.472009043611569,0,0,
1979,1,26,0,0.113175158827444,0,0,
1979,1,27,0.234297499060631,0.0855236358143348,0,0,
1979,1,28,1.19326567649841,0.746641034150471,0,0,
1979,1,29,0.589151740074158,0.921926528232888,0,0,
1979,1,30,0.0619909279048443,0.297078807208505,0,0,
1979,1,31,0.0187624897807837,0.0344448406179172,0,0,
1979,2,1,0.162254557013512,0.113156203067224,0,0,
1979,2,2,0.101907849311829,0.116890747684822,0,0,
1979,2,3,0.285173088312149,0.160963631981614,0,0,
1979,2,4,0.360613852739334,0.325496207438112,0,0,
1979,2,5,0.985877335071564,0.699453952788993,0,0,
1979,2,6,0.632971167564392,0.820927803368974,0,0,
1979,2,7,0.000312416610540822,0.341518504676277,0,0,
1979,2,8,0.000553921796381474,0.000447289597111933,0,0,
1979,2,9,0.889427065849304,0.40570248561729,0,0,
1979,2,10,1.67092990875244,1.2452542996526,0,0,
1979,2,11,1.11332440376282,1.39740208439436,0,0,
1979,2,12,2.09610271453857,1.58522389057564,0,0,
1979,2,13,5.86429023742676,3.91702029776399,0,0,
1979,2,14,1.01200592517853,3.39421872702559,0,0,
1979,2,15,0.479867994785309,0.684757708063014,0,0,
1979,2,16,0.07000832259655,0.238029039815668,0,0,
1979,2,17,0.0939955711364746,0.0736247587146153,0,0,
1979,2,18,0.0720106586813927,0.0826228764028798,0,0,
1979,2,19,0.000502525072079152,0.053960930155057,0,0,
1979,2,20,1.45776128768921,0.66003711797303,0,0,
1979,2,21,1.30751371383667,1.36406188597715,0,0,
1979,2,22,5.74956941604614,3.61758384608087,0,0,
1979,2,23,3.32250332832336,4.62481899202145,0,0,
1979,2,24,0.257455289363861,1.75456759585033,0,0,
1979,2,25,0.00321513647213578,0.051925448467756,0,0,
1979,2,26,0.0271378383040428,0.0202835283205758,0,0,
1979,2,27,0.0423608385026455,0.0335932798395291,0,0,
1979,2,28,0.338199734687805,0.100082612546167,0,0,
1979,3,1,0.751632988452911,0.477183781125341,0,0,0
1979,3,2,3.43945670127869,2.1695969599194,0,0,0
1979,3,3,1.71870350837708,2.64882403115272,0,0,0
1979,3,4,0.00058578239986673,0.869270789481234,0,0,0
1979,3,5,0.180832132697105,0.103722725969632,0,0,0
1979,3,6,0.0996544063091278,0.149755332126688,0,0,0
1979,3,7,0.43648087978363,0.194690801687052,0,0,0
1979,3,8,0.873967587947846,0.626959463878144,0,0,0
1979,3,9,0.271589308977127,0.68470183082497,0,0,0
1979,3,10,0.00768119702115655,0.138453287864216,0,0,0
1979,3,11,0.013746727257967,0.00980916680383359,0,0,0
1979,3,12,1.04738485813141,0.407761922223287,0,0,0
1979,3,13,0.101418673992157,0.595413365044749,0,0,0
1979,3,14,0.0103904446586967,0.0816855599196273,0,0,0
1979,3,15,0.000124053956824355,0.0100506947976982,0,0,0
1979,3,16,0.000419054471421987,0.000175072974450075,0,0,0
1979,3,17,0.0240733660757542,0.00487968031905695,0.00733979917513021,0,0
1979,3,18,0.581051051616669,0.00469582221191445,0.297866452153213,7.22086469590241,0
1979,3,19,7.14838743209839,1.00071518750486,2.86366069683406,8.14541890425249,0
1979,3,20,5.40516757965088,3.02126601741109,3.25551521181186,0.923901410235596,0
1979,3,21,0.110110744833946,1.99539499360977,0.675237102427015,0,0
1979,3,22,0.0011236792197451,0.0404673629475738,0.0155623393401356,1.60938422105999,0
1979,3,23,0.00427893549203873,0.00227481592744283,0.000424934100213825,1.62326020852679,0
1979,3,24,0.896160542964935,0.406921186337826,0,0,0
1979,3,25,1.00951278209686,0.982712937857542,8.88178419700125e-16,3.5527136788005e-15,0
1979,3,26,0.41494956612587,0.835772968821722,-8.88178419700125e-16,-7.105427357601e-15,0
1979,3,27,6.86701488494873,3.48707778708191,0,3.5527136788005e-15,0
1979,3,28,4.51546096801758,5.82738385516711,0,0,0
1979,3,29,2.71644973754883,3.5931565620585,0,0,0
1979,3,30,0.0733117535710335,1.30067074838203,-8.88178419700125e-16,0,0
1979,3,31,0.95013415813446,0.318873383258477,0,-3.5527136788005e-15,0
1979,4,1,0.0924235284328461,0.364998608763031,8.88178419700125e-16,3.5527136788005e-15,0
1979,4,2,0.0371540039777756,0.0497662949848206,0,0,0
1979,4,3,1.36951088905334,0.584875534485136,0,0,0
1979,4,4,1.10539376735687,1.33149658348263,0,0,0
1979,4,5,0.906754612922668,1.04705007385344,0,0,0
1979,4,6,0.107446774840355,0.362939031835211,0,0,0
1979,4,7,2.34187483787537,1.02191747440001,0,0,0
1979,4,8,0.96171647310257,1.77279691034423,0.0311207636573236,0,0
1979,4,9,5.04218733112793e-05,0.539242548037507,0.0488194721777031,0,0
1979,4,10,0.940096437931061,0.293431245199415,0.0266614647759953,0,0
1979,4,11,3.8714611530304,1.05389895465076,1.35188394810733,0.103820269385011,0
1979,4,12,11.1177473068237,0.742218989652088,6.75032797455198,6.09427563812991,0
1979,4,13,4.05622577667236,0.119913591063195,7.49636928768398,13.8274396124632,0
1979,4,14,0.490253865718842,0,2.27328334695159,15.9655843465215,0
1979,4,15,0.175645649433136,0.00539112217242632,0.327964525041651,13.3307528658125,0
1979,4,16,0.0113639123737812,0.00540792884515895,0.0881403162221126,18.7499003350099,0.00640000019754682
1979,4,17,7.8510217666626,0,3.92412218331794,22.657720295973,0.250057138715472
1979,4,18,5.95551586151123,0,6.90324994750224,-1.4210854715202e-14,5.25714285714286
1979,4,19,4.59167575836182,0,5.27107604444543,1.4210854715202e-14,20.8457135881696
1979,4,20,4.32686042785645,0,4.45943295967385,0,20.7085710797991
1979,4,21,0.948659777641296,0,2.7234071311911,0,19.4285714285714
1979,4,22,0.115560069680214,0,0.558663310660734,0,15.3142857142857
1979,4,23,7.77965068817139,0,4.06268888360275,0,9.82857142857143
1979,4,24,12.4357862472534,0,10.1613468915797,0,7.31428571428571
1979,4,25,2.72104239463806,0,7.74711546398071,0,5.57714276994978
1979,4,26,0.0598750114440918,0,1.38349175805891,0,2.1211427961077
1979,4,27,0.0205353144556284,0,0.0437629421420951,0,0.777142878941127
1979,4,28,2.21857571601868,0,1.15375018164295,0,0.566857147216797
1979,4,29,5.20020866394043,0,3.65192192358184,0,0.562285723005022
1979,4,30,2.98734402656555,0,4.16584020696911,0,0.617142868041992
1979,5,1,2.89881896972656,0,2.94727062871235,0,0.5348571232387
1979,5,2,1.93632912635803,0,2.42530730800542,0,0.658285740443638
1979,5,3,0.0145273990929127,0.000324203009441248,0.999841595097692,0.000324203009441248,0.649142837524414
1979,5,4,0.744947135448456,0.000280499602482109,0.436822593533719,0.000280499602482109,0.425599997384208
1979,5,5,0.986960172653198,0,0.858349982733301,0,0.287542860848563
1979,5,6,2.21655869483948,0,1.58563175660019,0,0.183771433149065
1979,5,7,1.44451427459717,0,1.82820784576508,0,0.107885714939662
1979,5,8,0.0267968364059925,0,0.749132805614067,0,0.0758857113974435
1979,5,9,5.65768414162449e-06,0,0.0137381128524936,0,0.0576000009264265
1979,5,10,6.55463409423828,0,3.13844951461282,0,0.0882285731179374
1979,5,11,4.21785259246826,0,5.48060137667638,0,0.175085708073207
1979,5,12,1.38822996616364,0,2.79931024945358,0,0.126628576006208
1979,5,13,0.403688818216324,0,0.891698582013262,0,0.120685713631766
1979,5,14,0.000723141944035888,1.4210854715202e-14,0.202215118145588,0,0.140799999237061
1979,5,15,1.0504069223316e-06,-1.4210854715202e-14,0.000316303952715202,0,0.112914282935006
1979,5,16,1.42432224750519,0,0.703095977950014,0,0.0722285747528076
1979,5,17,0.482979983091354,0,0.952263037494006,0,0.0873142855507987
1979,5,18,0.0263462942093611,-1.4210854715202e-14,0.259065534309542,0,0.118400001525879
1979,5,19,0.0524245202541351,1.4210854715202e-14,0.040960299440215,0,0.0745142868586949
1979,5,20,0.00532437674701214,0,0.0244349935205008,0,0.071314287185669
1979,5,21,6.28479623794556,0,3.2807753291159,0,0.0813714299883161
1979,5,22,5.94163990020752,0,6.08714447226285,0,0.0886857169015067
1979,5,23,0.381883233785629,0,3.27205562849663,0,0.0777142865317208
1979,5,24,0.032468169927597,0,0.232323090499008,0,0.100571428026472
1979,5,25,3.04684209823608,0,1.67761025596927,0,0.0735999992915562
1979,5,26,1.04657030105591,0,1.95238976267893,-1.4210854715202e-14,0.0685714312962123
1979,5,27,0.000781908689532429,0,0.431511284705564,1.4210854715202e-14,0.0571428571428571
1979,5,28,0.544574916362763,0,0.243246403022752,0,0.0603428568158831
1979,5,29,13.1246471405029,0,6.73517258179548,0,0.0489142860685076
1979,5,30,16.0311489105225,0,14.5658009530023,0,0.0937142848968506
1979,5,31,4.31208801269531,0,10.1723652658922,0,0.37668571472168
1979,6,1,1.90285623073578,0,3.09280908971184,0,0.410057149614607
1979,6,2,0.0388438068330288,0,0.98278557857671,0,0.333257130214146
1979,6,3,2.16787385940552,0,1.07844798158925,0,0.262857137407575
1979,6,4,1.12803876399994,1.4210854715202e-14,1.67749297659839,0,0.204800006321498
1979,6,5,0.0586645938456059,-2.8421709430404e-14,0.616380053624852,0,0.159542860303606
1979,6,6,0.254388749599457,1.4210854715202e-14,0.165747464651446,-1.4210854715202e-14,0.11748571395874
1979,6,7,1.09414517879486,0,0.629522446424971,1.4210854715202e-14,0.0822857175554548
1979,6,8,0.239889293909073,0,0.659418360849429,0,0.0731428555079869
1979,6,9,0.0397438369691372,0,0.126045400913057,0,0.0754285744258336
1979,6,10,0.0373161435127258,0,0.0386380431900761,0,0.0580571447099958
1979,6,11,0.00918190646916628,0,0.0233674882476578,0,0.0516571419579642
1979,6,12,0.304697901010513,0,0.161050654720384,0,0.0397714274270194
1979,6,13,0.279990345239639,0,0.292575957939818,0,0.0420571429388864
1979,6,14,0.586842894554138,0,0.441557968981783,0,0.0420571429388864
1979,6,15,0.0331666804850101,0,0.350092089159432,0,0.0155428579875401
1979,6,16,0.00112973304931074,0,0.0183953302347391,0,0.005485714333398
1979,6,17,0.010990952141583,0,0.00556711956724598,0,0.00777142899377005
1979,6,18,0.053250890225172,1.4210854715202e-14,0.0341254557299067,0,0.00640000019754682
1979,6,19,15.5081186294556,-1.4210854715202e-14,7.77529768350414,0,0.00228571423462459
1979,6,20,16.5272026062012,0,16.0386767794898,0,0.0530285699026925
1979,6,21,1.19169282913208,0,8.92555364185213,0,0.317714282444545
1979,6,22,0.000693686306476593,0,0.592932590853508,0,0.3775999886649
1979,6,23,0.000829978322144598,0,0.000758037133522294,0,0.291657148088728
1979,6,24,0.0996859148144722,0,0.0497062261381132,0,0.213485717773438
1979,6,25,0.255565077066422,0,0.169539107880183,0,0.149485710689
1979,6,26,0.00618302822113037,0,0.119517521439349,0,0.0973714283534459
1979,6,27,3.30283069610596,0,1.71185303173419,0,0.066742856161935
1979,6,28,0.495939344167709,0,1.91278470642501,0,0.0530285699026925
1979,6,29,0.631333589553833,0,0.565068867806474,0,0.0297142846243722
1979,6,30,0.24477706849575,0,0.396975644791013,0,0.0182857138769967
1979,7,1,7.14567041397095,0,3.71688506010597,0,0.00594285726547241
1979,7,2,6.61213827133179,0,6.86036878356703,1.4210854715202e-14,0.00731428606169564
1979,7,3,6.8624153137207,0,6.72860656263603,-1.4210854715202e-14,0.00777142899377005
1979,7,4,0.105682864785194,0,3.54729205333186,0,0.0283428566796439
1979,7,5,0.00112309993710369,0,0.0434831336172579,0,0.0150857142039708
1979,7,6,0.000914786767680198,0,0.00101870474048837,0,0.000457142878855978
1979,7,7,0.14060378074646,0,0.0560861116515241,0,0
1979,7,8,0.847967147827148,0,0.468319905741481,0,0
1979,7,9,0.279177635908127,0,0.590105974813469,0,0
1979,7,10,0.00593724800273776,0,0.110650298943568,0,0
1979,7,11,0.00146530335769057,0,0.00358221629230115,0,0
1979,7,12,0.105731830000877,0,0.0499502574767234,0,0
1979,7,13,1.41517853736877,0,0.739355459003832,-1.4210854715202e-14,0
1979,7,14,1.48325002193451,0,1.449795356653,1.4210854715202e-14,0.000914285757711955
1979,7,15,0.044240552932024,0,0.756894123751152,0,0.000914285757711955
1979,7,16,0.0360934846103191,-1.4210854715202e-14,0.040854752155326,-1.4210854715202e-14,0.000457142878855978
1979,7,17,0.2916439473629,1.4210854715202e-14,0.184847320932221,1.4210854715202e-14,0
1979,7,18,2.30040788650513,0,1.29233528619085,-1.4210854715202e-14,0
1979,7,19,2.39990973472595,0,2.34634671607481,2.8421709430404e-14,0
1979,7,20,0.150535136461258,0,1.29761893886985,-1.4210854715202e-14,0
1979,7,21,0.105018794536591,0,0.126221615364159,0,0
1979,7,22,1.76574671268463,0,0.94707757019944,0,0
1979,7,23,7.58289098739624,0,4.65590236284103,0,0.00411428553717477
1979,7,24,9.24608898162842,0,8.35386451063536,0,0.00594285726547241
1979,7,25,4.76278495788574,0,6.9264918266411,0,0.00731428606169564
1979,7,26,0.0516905412077904,0,2.44592822039675,0,0.00502857140132359
1979,7,27,0.0493269078433514,0,0.0505797113148105,0,0.00228571423462459
1979,7,28,0.0692490339279175,0,0.060739284390138,0,0
1979,7,29,5.92619323730469,0,2.95174301808299,0,0
1979,7,30,1.26256656646729,0,3.64832154891178,1.4210854715202e-14,0
1979,7,31,0.0174908265471458,0,0.673182964514581,-1.4210854715202e-14,0
1979,8,1,4.75996685028076,0,2.42343785066061,0,0
1979,8,2,1.31798720359802,0,3.09994861882325,0,0
1979,8,3,2.79710817337036,0,2.03346389016389,0,0
1979,8,4,0.0296958852559328,0,1.34766322699335,0,0
1979,8,5,2.46291310759261e-05,0,0.0168877631918463,0,0
1979,8,6,0.111825734376907,0,0.0601162322343498,0,0
1979,8,7,0.00773166166618466,0,0.0645084208533717,0,0
1979,8,8,0.074072040617466,0,0.0383607749357111,0,0
1979,8,9,0.0237074494361877,0,0.0484702002465269,0,0
1979,8,10,0.0169585924595594,0,0.0197169259543557,0,0
1979,8,11,0.590168178081513,0,0.298756534217375,-1.4210854715202e-14,0
1979,8,12,1.38527882099152,0,0.965111049717564,1.4210854715202e-14,0
1979,8,13,0.655250310897827,0,1.03264652713762,0,0
1979,8,14,0.0554822459816933,0,0.362275606403841,0,0
1979,8,15,4.63692267658189e-05,0,0.0237232063279293,0,0
1979,8,16,0.817276537418366,0,0.41613595907603,0,0
1979,8,17,0.0806393697857857,0,0.454682889986145,0,0
1979,8,18,0.00172581325750798,0,0.0392271448222914,0,0
1979,8,19,1.58506354637211e-05,0,0.000685976476518135,0,0
1979,8,20,0.109461590647697,0,0.0544058148158229,0,0
1979,8,21,12.1419343948364,0,6.12076368065101,0,0
1979,8,22,12.7934923171997,0,12.4342267215208,0,0
1979,8,23,5.56070947647095,0,9.22752139652061,-1.4210854715202e-14,0
1979,8,24,3.76726508140564,0,4.69311561541673,1.4210854715202e-14,0
1979,8,25,0.0102476291358471,0,1.80987695084457,0,0
1979,8,26,0.0113661708310246,0,0.011034351430169,0,0
1979,8,27,3.36986303329468,0,1.65252892405965,0,0
1979,8,28,2.78221201896668,0,3.19669041018352,0,0
1979,8,29,0.514106214046478,0,1.7410547568598,0,0
1979,8,30,5.03954219818115,0,2.89304862020879,0,0
1979,8,31,9.8864107131958,0,7.39706793943867,0,0
1979,9,1,8.66193675994873,-1.4210854715202e-14,9.32164411150592,0,0
1979,9,2,1.47057831287384,1.4210854715202e-14,5.21542155471383,1.4210854715202e-14,0
1979,9,3,0.319304794073105,0,0.795123682299163,-1.4210854715202e-14,0
1979,9,4,0.0704123005270958,0,0.205552074789182,0,0
1979,9,5,0.0390364602208138,0,0.0602563355482175,0,0
1979,9,6,0.000667002517729998,1.4210854715202e-14,0.0231459873508015,0,0
1979,9,7,0.199256598949432,-1.4210854715202e-14,0.0831516484739723,0,0
1979,9,8,0.217051297426224,0,0.207283477537032,0,0
1979,9,9,1.93973672389984,0,1.0359815854996,-1.4210854715202e-14,0
1979,9,10,4.12267208099365,0,3.06606777140917,0,0
1979,9,11,1.28770685195923,0,2.61717690235696,1.4210854715202e-14,0
1979,9,12,0.716326475143433,0,1.06366821540649,0,0
1979,9,13,0.149131402373314,0,0.307712663847894,-1.4210854715202e-14,0
1979,9,14,0.0216938648372889,0,0.103326881285795,1.4210854715202e-14,0
1979,9,15,2.15187312413434e-09,0,0.0138139206393362,0,0
1979,9,16,0.228288814425468,0,0.0959330602260593,0,0
1979,9,17,0.013612094335258,0,0.145303750810001,0,0
1979,9,18,0.000136018104967661,0,0.00653287153079418,0,0
1979,9,19,0.0222659129649401,0,0.00954034477155119,0,0
1979,9,20,0.228167340159416,0,0.104466546875244,0,0
1979,9,21,1.69333899021149,0,0.930509332089343,0,0
1979,9,22,2.99567413330078,0,2.37959981073863,0,0
1979,9,23,1.12553226947784,0,2.03687614332137,0,0
1979,9,24,0.00115492171607912,0,0.528781095398188,0,0
1979,9,25,0.0285006631165743,1.4210854715202e-14,0.0114742455546093,1.4210854715202e-14,0
1979,9,26,0.219699591398239,-1.4210854715202e-14,0.132940890650445,-1.4210854715202e-14,0
1979,9,27,1.91004943847656,0,1.08503615409057,0,0
1979,9,28,0.117286592721939,0,0.977082409623563,0,0
1979,9,29,0.00238876673392952,0,0.055620613509916,0,0
1979,9,30,0.0156346093863249,0,0.00823993984562321,0,0
1979,10,1,0.000280061271041632,0,0.00651016961001005,0,0
1979,10,2,0.559048652648926,0,0.296832599729896,0,0
1979,10,3,0.576808750629425,0,0.566125492113599,0,0
1979,10,4,0.234385684132576,0,0.385895992668736,-1.4210854715202e-14,0
1979,10,5,0.117759138345718,1.4210854715202e-14,0.179942388177039,2.8421709430404e-14,0
1979,10,6,0.0112925320863724,-1.4210854715202e-14,0.0695621988003268,-1.4210854715202e-14,0
1979,10,7,1.38788521289825,-1.4210854715202e-14,0.674903658128585,0,0
1979,10,8,0.779061853885651,1.4210854715202e-14,1.06239881278844,0,0
1979,10,9,0.623283922672272,0,0.71600487927509,0,0
1979,10,10,0.999754011631012,0,0.789126108377161,0,0
1979,10,11,0.227918520569801,0,0.612647548145503,0,0
1979,10,12,0.18585079908371,0.0329415367561694,0.173943933684825,0,0
1979,10,13,0.137420639395714,0.0916335756031685,0.0706188638295657,1.4210854715202e-14,0
1979,10,14,0.00419029546901584,0.0593636755495481,0.0114418011781936,0.323883831394951,0
1979,10,15,0.0339993201196194,0,0.0145849972888641,0,0
1979,10,16,0.0166043266654015,0,0.02369170562622,0,0
1979,10,17,0.000260674860328436,0,0.00328142599249759,0,0
1979,10,18,0.655665218830109,0,0.327847602376778,1.4210854715202e-14,0
1979,10,19,2.63304948806763,0,1.63261938230397,-1.4210854715202e-14,0
1979,10,20,1.10526251792908,-1.4210854715202e-14,1.86574787262327,0,0
1979,10,21,0.0484340228140354,1.4210854715202e-14,0.553550521491331,-1.4210854715202e-14,0
1979,10,22,0.0628503933548927,0,0.0563999016370076,1.4210854715202e-14,0
1979,10,23,0.00053452217252925,0,0.0215134055157478,0,0
1979,10,24,0.00379136833362281,0,0.00158437967809277,0,0
1979,10,25,0.000363145663868636,7.64301167066606e-05,0.00197050081686712,0,0
1979,10,26,0.258738607168198,7.7926345340984e-05,0.129472938958997,0.000360392742038584,0
1979,10,27,0.579047739505768,0,0.398899055354661,0,0
1979,10,28,0.015954690054059,0,0.334211814803439,0,0
1979,10,29,0.0338859148323536,0,0.0222177750939068,0,0
1979,10,30,0.576427519321442,0,0.33555711117458,0,0
1979,10,31,6.7475323677063,0,3.66676323409325,0,0
1979,11,1,7.88830327987671,2.24102253283382,5.0768948401016,0,
1979,11,2,0.484985888004303,2.39146707755923,1.81445175761087,0,
1979,11,3,0.00108488055411726,0.153227661512389,0.11330526735594,0,
1979,11,4,0.00122900470159948,0.000704722853782869,0.000467388649553868,-1.4210854715202e-14,
1979,11,5,0.000718868162948638,0.000762924854470271,0.000301846654224391,1.4210854715202e-14,
1979,11,6,0.345509588718414,0.151927673563335,0.000148921945140046,0,
1979,11,7,0.706378698348999,0.534689276024025,0,0,
1979,11,8,0.478932797908783,0.614735500245473,0,0,
1979,11,9,0.014505734667182,0.279505772047713,0,0,
1979,11,10,0.335586786270142,0.165149211541433,0,0,
1979,11,11,0.171713262796402,0.248717850079103,5.6843418860808e-14,1.4210854715202e-14,
1979,11,12,0.407868415117264,0.261191090894243,-5.6843418860808e-14,-1.4210854715202e-14,
1979,11,13,0.0302600525319576,0.193955346573119,0,0,
1979,11,14,0.00255035399459302,0.0155000219763508,0,0,
1979,11,15,0.00860473327338696,0.00315214085505033,0.00153025669931139,0,
1979,11,16,6.02833606535569e-05,0.00210754029339455,0.00214672004739214,10.8932641263547,
1979,11,17,1.59301289386349e-05,0,3.85985434832037e-05,0,
1979,11,18,1.39572794068954e-05,0,1.4703010890571e-05,0,
1979,11,19,0.00481251394376159,0,0.00209141744988983,0,
1979,11,20,0.00764024024829269,0.00191669623589519,0.0042982959296296,-1.4210854715202e-14,
1979,11,21,0.0377623960375786,0.0207773435477208,0.00190596737400028,1.4210854715202e-14,
1979,11,22,2.10110715670453e-06,0.0187597758556564,0,0,
1979,11,23,0.0411465726792812,0.0206504006666108,0,0,
1979,11,24,0.879647791385651,0.460385905589945,0,0,
1979,11,25,0.13573794066906,0.510033272359777,0,0,
1979,11,26,0.789546608924866,0.465599958700679,0,0,
1979,11,27,2.51185631752014,1.64419097168079,0,0,
1979,11,28,0.937131583690643,1.73941747924999,0,1.4210854715202e-14,
1979,11,29,0.0826156809926033,0.509181394728387,0,-1.4210854715202e-14,
1979,11,30,0.0117359347641468,0.0321255590646388,0,0,
1979,12,1,0.00136884115636349,0.0039639026096836,0,0,
1979,12,2,0.000112555528176017,0.000630750720517881,0,0,
1979,12,3,0.000136770453536883,0.000122183055438541,0,0,
1979,12,4,1.13192999362946,0.495064505502768,0.0771417211386165,0,
1979,12,5,0.333205193281174,0.573649538080048,0.178607135691777,0,
1979,12,6,0.233065292239189,0.153914538870538,0.148065612444555,0,
1979,12,7,0.101422928273678,0.174626602662087,0.0111146365147192,0,
1979,12,8,0.67820531129837,0.395692316329047,0,0,
1979,12,9,1.4646430015564,1.06118294904456,0,0,
1979,12,10,1.48050379753113,1.47639020182189,0,0,
1979,12,11,0.34284645318985,0.913939511923047,0,0,
1979,12,12,0.554160594940186,0.470323512269133,0,-1.4210854715202e-14,
1979,12,13,0.285844504833221,0.417839300408389,0,1.4210854715202e-14,
1979,12,14,0.0548524111509323,0.173497454676522,0,0,
1979,12,15,0.116918943822384,0.0952712518261194,0,0,
1979,12,16,0.000492865918204188,0.044846635303557,0,0,
1979,12,17,0.000343063031323254,0.00039911261220027,0,0,
1979,12,18,0.000833480677101761,0.000512987815966426,0,0,
1979,12,19,0.0242428630590439,0.0055084531453673,0,0,
1979,12,20,2.67434461420635e-05,0.00987505808392086,2.82679457086488e-06,0,
1979,12,21,0.0124984700232744,0.00379898896989062,0.00281545789579241,0,
1979,12,22,0.0441625379025936,0.0167651624703211,0.00424337885169734,0,
1979,12,23,0.0170712862163782,0.0379348015408709,0.00124997004445504,0,
1979,12,24,0.0691424533724785,0.0417570918158674,0.000140507581363636,0,
1979,12,25,0.0177983846515417,0.0447411993120141,0,0,
1979,12,26,0.154263690114021,0.0775976241009033,0,0,
1979,12,27,0.000529241631738842,0.0568842135207319,0,0,
1979,12,28,0.00360086048021913,0.00253726149436773,0,0,
1979,12,29,0.00451539736241102,0.00392914455510152,0,0,
1979,12,30,2.46115433810701e-07,0.00199803356477446,0,-1.4210854715202e-14,
1979,12,31,0.17212238907814,0.0424948270500778,0,1.4210854715202e-14,
1980,1,1,0.0865292623639107,0.140574861377758,0,0,
1980,1,2,0.00146758847404271,0.0690886491427136,0,0,
1980,1,3,0.0661276504397392,0.0424647641726494,0,1.4210854715202e-14,
1980,1,4,0.32698005437851,0.173941181449152,0,-1.4210854715202e-14,
1980,1,5,3.63833379745483,1.97717253160381,0,0,
1980,1,6,6.21086740493774,4.87246444879287,0,0,
1980,1,7,0.795720636844635,3.53771658960065,0,0,
1980,1,8,0.00367617257870734,0.379448139062035,0,0,
1980,1,9,0.120688959956169,0.054880746683736,0,0,
1980,1,10,8.31462478637695,4.16108908337746,0,0,
1980,1,11,3.19381785392761,5.84949930163147,0,0,
1980,1,12,0.0434859395027161,1.63824519437716,0,0,
1980,1,13,0.0116873616352677,0.0350811311919301,0,0,
1980,1,14,0.0230728574097157,0.0144070398093561,0,0,
1980,1,15,0.116500429809093,0.0649722872625631,0,0,
1980,1,16,0.00557975005358458,0.0781378622358204,0,0,
1980,1,17,0,0.00625138764046085,0,0,
1980,1,18,0,0.000521161718225471,0,0,
1980,1,19,0.00545459380373359,0.0013996223123911,0,0,
1980,1,20,0.000502971524838358,0.00260949716924586,0,0,
1980,1,21,0.212226241827011,0.0667191223169965,0,0,
1980,1,22,0.0303300824016333,0.176409848403921,0,0,
1980,1,23,2.05377197265625,1.09166929915892,0,0,
1980,1,24,1.11043536663055,1.50186707969328,0,0,
1980,1,25,0.0409476645290852,0.71060994053974,0,0,
1980,1,26,0.0353195406496525,0.0398808684030314,0,0,
1980,1,27,0.0147133069112897,0.0266942354709556,0,0,
1980,1,28,0.00229468266479671,0.012949383312673,0,0,
1980,1,29,0.000390028697438538,0.00293798401821732,0,0,
1980,1,30,0,0.000286433450156665,0,0,
1980,1,31,0.00107211119029671,0.000592447408337193,0,0,
1980,2,1,0,0.000664462694686563,0,0,
1980,2,2,0,0.000324278667420685,-5.6843418860808e-14,0,
1980,2,3,0.391153573989868,0.268837301365437,5.6843418860808e-14,0,
1980,2,4,0.680177271366119,0.600427818845532,0,0,
1980,2,5,0.263648331165314,0.565107680127738,0,0,
1980,2,6,0.423729419708252,0.320150667433524,0,0,
1980,2,7,0.125645488500595,0.360601187124843,0,0,
1980,2,8,0.0307882539927959,0.0936997490994145,5.6843418860808e-14,0,
1980,2,9,4.35143232345581,2.04205570136784,-5.6843418860808e-14,0,
1980,2,10,3.21794390678406,3.6261062458928,0,0,
1980,2,11,0.347948729991913,1.87761966668236,0,0,
1980,2,12,0.00622325204312801,0.081335128006458,0,0,
1980,2,13,0.000254491606028751,0.00158268876180045,0,0,
1980,2,14,0.00345599185675383,0.00170319313173195,0,0,
1980,2,15,0.0411065369844437,0.0102286618455594,0,0,
1980,2,16,0.00232599931769073,0.020912666902376,0,0,
1980,2,17,0.000956145930103958,0.00179680569544871,0,0,
1980,2,18,0.0750657394528389,0.0470571350438718,0,0,
1980,2,19,1.31628453731537,0.530947380820606,0,0,
1980,2,20,0.163341909646988,0.855833825038815,0,0,
1980,2,21,2.76230978965759,1.32908002148577,0,0,
1980,2,22,1.47286117076874,2.15545210177632,0,0,
1980,2,23,0.312273740768433,0.875554892887777,0,0,
1980,2,24,0.0139157418161631,0.0921453968201149,0,0,
1980,2,25,0,0.00554552826582722,0,0,
1980,2,26,0.0142179746180773,0.00564095195792902,0,0,
1980,2,27,0.555777192115784,0.201612976395182,0,0,
1980,2,28,0.290781229734421,0.45756978378256,0,0,
1980,2,29,7.52155028749257e-05,0.229849628827822,0,0,
1980,3,1,0.0320042856037617,0.034696246728771,0,0,0
1980,3,2,0.110773459076881,0.0634402525569726,0,0,0
1980,3,3,0.3963942527771,0.196673187844652,0,0,0
1980,3,4,0.00101575755979866,0.323359920547176,0,0,0
1980,3,5,0.00248968321830034,0.0288527317250669,0,0,0
1980,3,6,0.0322827287018299,0.0150934549455144,0,0,0
1980,3,7,9.82305864454247e-05,0.0117266664963154,0,0,0
1980,3,8,0.147327825427055,0.0437629227464527,0,0,0
1980,3,9,2.44959902763367,1.15503974806478,0,0,0
1980,3,10,0.427066504955292,1.58114244733321,0,0,0
1980,3,11,2.22976446151733,1.31794400788004,0,0,0
1980,3,12,3.45978879928589,2.90683205293956,0,0,0
1980,3,13,1.62634003162384,2.7485470321725,0,-1.4210854715202e-14,0
1980,3,14,0.0395199842751026,1.0403984220487,0,1.4210854715202e-14,0
1980,3,15,0.0127248894423246,0.0286309997776755,0,0,0
1980,3,16,0.0309937242418528,0.0256562763252362,0,0,0
1980,3,17,0.00558159314095974,0.0122876915849304,0,0,0
1980,3,18,0,0.00280374578758824,0,0,0
1980,3,19,0.0481785610318184,0.00876290753853937,0,0,0
1980,3,20,0.0899482518434525,0.0627800380597989,0,0,0
1980,3,21,0.0127030834555626,0.0673061624460161,0,0,0
1980,3,22,0.04720613732934,0.0342230782092656,0,0,0
1980,3,23,0.028553755953908,0.0429900530010912,0,0,0
1980,3,24,0.493399322032929,0.145793680173398,0,0,0
1980,3,25,0.203736826777458,0.302185664470045,0.0282798397709598,0,0
1980,3,26,0.234786540269852,0.140602104935283,0.0687240887260714,0,0
1980,3,27,0.538982570171356,0.168603545664155,0.171337565478439,0,0
1980,3,28,0.000325283443089575,0.205374511734647,0.193141688811579,0,0
1980,3,29,0.0185883566737175,0.00414923783620225,0.00844452912639326,1.35258237837868,0
1980,3,30,9.86322538665263e-06,0.00239863400668128,0.00689810388956857,16.8154824527129,0.0013714285833495
1980,3,31,0.00398537283763289,0,0.00197336118560543,29.2000243256616,0.0365714277539934
1980,4,1,0.000329847476677969,0,0.00215574649064365,21.8549457791417,0.0653714316231864
1980,4,2,0.00158038118388504,0,0.000960233580713066,0,0.681142861502511
1980,4,3,3.30674447468482e-05,-2.8421709430404e-14,0.000812727033689953,0,1.29828567504883
1980,4,4,9.4850856839912e-06,2.8421709430404e-14,2.13484386790697e-05,0,1.9154285975865
1980,4,5,0.0202819481492043,0,0.0100031760249522,0,1.73257141113281
1980,4,6,0.872300803661346,0,0.454544451182812,0,1.72342856270926
1980,4,7,1.17303884029388,0,1.02991990791651,0,2.07085723876953
1980,4,8,0.000226105796173215,0,0.587759023105775,0,1.58628572736468
1980,4,9,0.000289213290670887,0,0.000256192422398271,0,1.10171432495117
1980,4,10,0.0251181405037642,0,0.0141289279255261,0,0.617142868041992
1980,4,11,0.536458313465118,0,0.299880835000806,0,0.132114287785121
1980,4,12,0.0144529286772013,0.000611875782396965,0.263329604586659,0.000611875782396965,0.130742863246373
1980,4,13,1.4928579730622e-05,0.000586514633283741,0.00664725498148755,0.000586514633283741,0.112457145963396
1980,4,14,2.76396281151392e-06,5.63482899451628e-07,8.9981549535878e-06,5.63482899451628e-07,0.102400003160749
1980,4,15,0.00104625569656491,0,0.000631102448210186,0,0.092342860358102
1980,4,16,0.113711178302765,0,0.0615144412369659,0,0.0827428545270647
1980,4,17,0.00165562727488577,0,0.060029061013779,0,0.0726857117244175
1980,4,18,9.80412460194202e-06,0,0.000925521511362604,-2.8421709430404e-14,0.0626285689217704
1980,4,19,0.0231361594051123,0,0.00938938342869733,2.8421709430404e-14,0.0525714295251029
1980,4,20,9.33377814362757e-05,0,0.0130363216197793,0,0.0425142867224557
1980,4,21,0,0,4.5852731773266e-05,0,0.0324571439198085
1980,4,22,0.000907155743334442,0,0.000484944278014154,0,0.0228571431977408
1980,4,23,0.00440594693645835,0,0.00240851309570189,0,0.0128000003950936
1980,4,24,5.82575994485524e-05,0,0.0026159689303995,0,0.00228571423462459
1980,4,25,0.0377274602651596,0,0.0222378870532793,0,0.0013714285833495
1980,4,26,0.000256385945249349,0,0.0175749012257143,0,0.000457142878855978
1980,4,27,4.331481875397e-07,0,0.000131477063860075,0,0
1980,4,28,0,0,2.53663301919005e-07,0,0
1980,4,29,1.50499072333332e-05,-2.8421709430404e-14,8.25727374831331e-06,0,0
1980,4,30,4.84375857061821e-17,2.8421709430404e-14,7.87011293823525e-06,0,0
1980,5,1,2.21363043237943e-05,0,9.00434662298721e-06,0,0
1980,5,2,0,0,1.07668316218223e-05,0,0
1980,5,3,3.24467437167186e-05,0,1.49201992485359e-05,0,0
1980,5,4,0.000724059180356562,0,0.000375436346189417,0,0
1980,5,5,0.000651445530820638,0,0.000691834477891007,0,0
1980,5,6,0.00182137300726026,0,0.00119582111398131,0,0
1980,5,7,0.0235407371073961,2.8421709430404e-14,0.0135151676180385,0,0
1980,5,8,0.00133046391420066,-2.8421709430404e-14,0.012214580367413,0,0
1980,5,9,0.000124275858979672,0,0.000685047372769532,0,0
1980,5,10,0.111856885254383,0,0.0513150570498624,0,0
1980,5,11,0.191711157560349,0,0.150134038861779,0,0
1980,5,12,0.0214258376508951,0,0.110678938798401,0,0
1980,5,13,0.0107352081686258,0,0.0165701339965949,0,0
1980,5,14,0.000504401454236358,0,0.00651768758069693,0,0
1980,5,15,2.21245536522474e-05,0,0.000282993336497839,0,0
1980,5,16,0.0100178197026253,0,0.00605998694823029,0,0
1980,5,17,0.0100185638293624,-2.8421709430404e-14,0.0100181370091832,-2.8421709430404e-14,0
1980,5,18,0.0405719466507435,2.8421709430404e-14,0.0221775381660905,2.8421709430404e-14,0
1980,5,19,0.00809710565954447,0,0.0232026491445367,0,0
1980,5,20,0.00521285040304065,0,0.00677304766162479,0,0
1980,5,21,0.0100178187713027,0,0.00774957927205833,2.8421709430404e-14,0
1980,5,22,0,0,0.00554006311716648,-2.8421709430404e-14,0
1980,5,23,0,0,0,0,0
1980,5,24,1.46355120023145e-07,0,6.72823148306634e-08,0,0
1980,5,25,2.8591616153717,0,1.42956595088907,0,0
1980,5,26,2.04643249511719,0,2.4575818882239,0,0
1980,5,27,0.807123124599457,0,1.42266865284535,2.8421709430404e-14,0
1980,5,28,7.845871925354,0,4.31309523901297,-2.8421709430404e-14,0
1980,5,29,3.09682941436768,0,5.50860605450538,-2.8421709430404e-14,0
1980,5,30,0.0583715476095676,0,1.61980371565869,2.8421709430404e-14,0
1980,5,31,0.581515967845917,0,0.330900664725164,0,0
1980,6,1,0.345760256052017,0,0.474777668426327,0,0
1980,6,2,0.0599006824195385,0,0.203544157304918,0,0
1980,6,3,0.0432468503713608,0,0.0539127189341571,0,0
1980,6,4,2.46854448318481,0,1.2552016209666,0,0
1980,6,5,2.65007901191711,0,2.54861577565146,0,0
1980,6,6,0.0420599281787872,0,1.31336560138442,0,0
1980,6,7,0.243925631046295,0,0.136911220159561,0,0
1980,6,8,0.00144958437886089,0,0.121525693869785,2.8421709430404e-14,0
1980,6,9,0.00591309927403927,0,0.00361767977534555,-2.8421709430404e-14,0
1980,6,10,3.91391995435697e-06,0,0.00329665046911032,0,0
1980,6,11,1.46156358718872,0,0.709421319256251,0,0
1980,6,12,0.846970021724701,0,1.17762752626442,0,0
1980,6,13,2.49117660522461,0,1.66542206436156,0,0
1980,6,14,3.10752725601196,0,2.80435197164599,0,0
1980,6,15,0.00928513240069151,0,1.57671306423333,0,0
1980,6,16,0.0107574909925461,0,0.00984483419142634,0,0
1980,6,17,0.319159328937531,0,0.161304602905318,0,0
1980,6,18,0.833589375019074,0,0.572044390754058,0,0
1980,6,19,0.029842309653759,0,0.43835266249215,0,0
1980,6,20,3.93971848487854,0,1.97363830454111,0,0
1980,6,21,0.0276464074850082,0,1.95910049457183,0,0
1980,6,22,0.382626354694366,2.8421709430404e-14,0.205313067625411,0,0
1980,6,23,0.555378139019013,-2.8421709430404e-14,0.45199317906355,0,0
1980,6,24,0.999852418899536,0,0.735711149158647,0,0
1980,6,25,4.43389435531572e-05,0,0.490382782351958,0,0
1980,6,26,0.0100392997264862,0,0.00523000111547844,-2.8421709430404e-14,0
1980,6,27,16.6660652160645,0,8.32888932960447,2.8421709430404e-14,0
1980,6,28,17.0503520965576,0,16.848396291199,-2.8421709430404e-14,0
1980,6,29,2.04826378822327,0,9.67199838563209,2.8421709430404e-14,0
1980,6,30,0.321153968572617,0,1.23938383595515,0,0
1980,7,1,0.452729254961014,0,0.389985504437959,0,0
1980,7,2,0.111848771572113,0,0.290979587718766,0,0
1980,7,3,0.448267191648483,0,0.276031925999575,0,0
1980,7,4,0.352650433778763,0,0.404474178162559,0,0
1980,7,5,0.383619487285614,0,0.366608327477763,0,0
1980,7,6,6.06728649139404,0,3.20412902682881,0,0
1980,7,7,3.69835567474365,0,4.88463716631287,0,0
1980,7,8,0.049648080021143,0,1.93798697971494,0,0
1980,7,9,0.0413520261645317,0,0.0454697023553194,0,0
1980,7,10,0.292147397994995,0,0.157643113102495,0,0
1980,7,11,0.749006152153015,0,0.534900313704497,0,0
1980,7,12,0.221709921956062,0,0.498603611233023,2.8421709430404e-14,0
1980,7,13,1.26238608360291,0,0.712115531502491,-2.8421709430404e-14,0
1980,7,14,2.70243573188782,0,1.95955101318424,0,0.0013714285833495
1980,7,15,11.251537322998,0,6.9512445321684,0,0.00640000019754682
1980,7,16,8.41817474365234,0,9.85324951396194,0,0
1980,7,17,3.36344313621521,0,5.94749002333901,0,0
1980,7,18,1.15407884120941,0,2.26680264810443,0,0
1980,7,19,1.33187651634216,0,1.24555975426472,0,0
1980,7,20,6.25343179702759,0,3.71400291914722,0,0
1980,7,21,2.67651677131653,0,4.55036849698053,0,0
1980,7,22,0.00659297918900847,0,1.37786173728784,0,0
1980,7,23,0.0550030134618282,0,0.0282269609689365,0,0
1980,7,24,0.332346677780151,0,0.215905915363464,0,0
1980,7,25,0.194931924343109,0,0.263048344523554,0,0
1980,7,26,0.0468514375388622,0,0.11989521765156,0,0
1980,7,27,0.749840795993805,0,0.377461967084514,0,0
1980,7,28,0.279646039009094,0,0.480027017802172,0,0
1980,7,29,0.0272681545466185,0,0.153458333673711,0,0
1980,7,30,0.652697324752808,0,0.301986016698379,0,0
1980,7,31,0.016937080770731,0,0.310609768771542,0,0
1980,8,1,0.000208920537261292,0,0.0104491689037332,0,0
1980,8,2,0.00180753110907972,0,0.000959792083904176,0,0
1980,8,3,10.8082160949707,0,5.41727785553462,0,0
1980,8,4,13.1901245117188,2.8421709430404e-14,11.9556824732246,0,0
1980,8,5,2.81833410263062,-2.8421709430404e-14,8.04575354720407,0,0
1980,8,6,0.132071807980537,0,1.55853679306597,0,0
1980,8,7,2.18824291229248,0,1.06855051799937,0,0
1980,8,8,0.0760432556271553,0,1.19458381119068,0,0
1980,8,9,0.125137403607368,0,0.0956073630756009,0,0
1980,8,10,0.889518916606903,0,0.505386758032046,0,0
1980,8,11,3.02030086517334,0,1.99397190784782,0,0
1980,8,12,7.93008995056152,-2.8421709430404e-14,5.44059136883084,0,0
1980,8,13,5.83485078811646,2.8421709430404e-14,6.99830068622623,0,0
1980,8,14,1.02883911132813,0,3.5116240555933,0,0
1980,8,15,0.00769245531409979,0,0.556691962238688,0,0
1980,8,16,11.4309968948364,0,5.66296877163256,0,0
1980,8,17,8.54751014709473,0,9.94872396347068,0,0
1980,8,18,0.240824177861214,0,4.33078659574153,0,0
1980,8,19,2.18899464607239,0,1.20351357672098,0,0
1980,8,20,6.66453218460083,0,4.45821101846605,0,0
1980,8,21,6.23550510406494,0,6.44173750145183,0,0
1980,8,22,0.723136067390442,0,3.48010017334934,0,0
1980,8,23,1.68688380718231,0,1.19193193587591,0,0
1980,8,24,0.61163318157196,0,1.17813524195424,-2.8421709430404e-14,0
1980,8,25,0.333031058311462,0,0.472498200750465,2.8421709430404e-14,0
1980,8,26,0.0320146381855011,0,0.199708742369808,0,0
1980,8,27,0.34284034371376,-2.8421709430404e-14,0.211751305678376,0,0
1980,8,28,5.26624011993408,2.8421709430404e-14,2.78206779649906,0,0
1980,8,29,7.24043607711792,0,6.20619944487032,0,0
1980,8,30,1.08284437656403,0,4.08845408689137,0,0
1980,8,31,0.27435827255249,0,0.652720887143687,0,0
1980,9,1,2.60195636749268,0,1.56169039291558,0,0
1980,9,2,0.0316779613494873,0,1.39863537976612,0,0
1980,9,3,4.97203874588013,0,2.50744369797644,0,0
1980,9,4,9.69342422485352,0,7.23608097879685,0,0
1980,9,5,0.000337110774125904,0,4.83286613399469,0,0
1980,9,6,3.15988995680527e-06,0,0.000170784320403072,0,0
1980,9,7,0.569075047969818,2.8421709430404e-14,0.321339930111094,0,0
1980,9,8,5.81815338134766,-2.8421709430404e-14,3.28651122170334,0,0
1980,9,9,2.79577231407166,0,4.31139898596234,0,0
1980,9,10,5.26628791703843e-05,0,1.37153733453749,0,0
1980,9,11,3.65985083580017,0,1.94677794305937,0,0
1980,9,12,20.249605178833,0,11.9955957659116,0,0
1980,9,13,6.06129217147827,2.8421709430404e-14,13.2104732115795,0,0
1980,9,14,0.0613625012338162,-2.8421709430404e-14,3.16691078553174,0,0
1980,9,15,1.01267457008362,0,0.53219373466311,0,0
1980,9,16,0.55192643404007,0,0.784431654357718,0,0
1980,9,17,3.265780210495,0,1.87673151685567,0,0
1980,9,18,7.31027984619141,0,5.50385596941635,0,0
1980,9,19,8.22504997253418,0,7.77012924721032,0,0.00457142846924918
1980,9,20,1.67842769622803,0,5.05651659888099,0,0.00228571423462459
1980,9,21,10.2975482940674,0,5.91770670151186,0,0.00685714270387377
1980,9,22,6.6044602394104,0,8.38783348492314,0,0.00228571423462459
1980,9,23,0.842644035816193,0,3.74924492611581,0,0.000914285757711955
1980,9,24,0.182049825787544,0,0.520263136722292,0,0
1980,9,25,0.00285613676533103,0,0.0765160898430395,0,0
1980,9,26,0.109753616154194,0,0.0565833717076885,0,0
1980,9,27,2.32852089538937e-05,0,0.0497858301841916,0,0
1980,9,28,0.181177690625191,0,0.0892572461397094,0,0
1980,9,29,0.343968331813812,0,0.262373963767345,0,0
1980,9,30,0.0855144187808037,0,0.225771267137247,0,0
1980,10,1,0.744934976100922,0,0.387818679118936,0,0
1980,10,2,1.52507984638214,0,1.12396344777699,0,0
1980,10,3,0.705879747867584,0,1.17267640641956,0,0
1980,10,4,0.0308217257261276,0,0.415582492435078,0,0
1980,10,5,0.019517520442605,-2.8421709430404e-14,0.0239928345031331,0,0
1980,10,6,0,2.8421709430404e-14,0.00859448681592312,0,0
1980,10,7,0.0037632817402482,0,0.00187782700322714,0,0
1980,10,8,0.00789811182767153,0,0.00567407981259294,0,0
1980,10,9,0.836500823497772,0,0.359314415873087,0,0
1980,10,10,1.70473825931549,0,1.3512662023835,0,0
1980,10,11,0.64478075504303,0,1.24374033351933,0,0
1980,10,12,0.00112871441524476,0,0.37480054507887,0,0
1980,10,13,0.00220483215525746,0,0.0017461641217551,0,0
1980,10,14,0.111703939735889,0,0.0590674623455243,0,0
1980,10,15,0.171163260936737,0,0.138506712228718,0,0
1980,10,16,16.7354297637939,0,8.40785367174294,0,0.000457142878855978
1980,10,17,12.6291980743408,-2.8421709430404e-14,14.7643850238106,0,0.00685714270387377
1980,10,18,0.338532596826553,2.8421709430404e-14,6.48705893159627,0,0.00457142846924918
1980,10,19,0.126298859715462,0,0.23988093782782,2.8421709430404e-14,0.00228571423462459
1980,10,20,0.170003011822701,-2.8421709430404e-14,0.148184712219518,-2.8421709430404e-14,0.00228571423462459
1980,10,21,0.0987302139401436,2.8421709430404e-14,0.134738341450998,0,0.00457142846924918
1980,10,22,1.70773768424988,0,1.00654046946681,0,0.00457142846924918
1980,10,23,1.32417726516724,0.0851009870926873,1.42804850210757,0.0851009870926873,0.00457142846924918
1980,10,24,0.0318400450050831,0.0879773641182453,0.599518262677407,0.0879773641182453,0.00228571423462459
1980,10,25,0.0230300333350897,0.0052610558209949,0.0223422481105899,0.0052610558209949,0.00228571423462459
1980,10,26,0.00872381962835789,0.00518195177249936,0.0106938224381565,0.00232220573735731,0.00228571423462459
1980,10,27,0.000788921606726944,0.00309907520289698,0.00166434632490109,0,0.00228571423462459
1980,10,28,0.00194633286446333,0.00106900048353964,0.000313904690415257,0,0.00182857151542391
1980,10,29,9.57287702476606e-05,0.00083342460430913,0.000187612315812657,0.0114954311925999,0.0013714285833495
1980,10,30,0.000709237297996879,1.65679249448658e-05,0.0003526137826384,1.65679249448658e-05,0.0013714285833495
1980,10,31,6.44638348603621e-05,0,0.000358731630285547,0,0.0013714285833495
1980,11,1,0.0459030158817768,0.00985023794160611,0.0131359171438135,0,
1980,11,2,0.340811192989349,0.00984919943147133,0.183507914047027,0.0459073019902974,
1980,11,3,0.0289999172091484,0,0.175107512196746,0,
1980,11,4,0.0104958126321435,0,0.0182876137488392,0,
1980,11,5,0.0011448385193944,0,0.00582960609517613,0,
1980,11,6,2.7239248752594,0,1.24830148546425,0,
1980,11,7,6.78406572341919,0,4.60895843905144,0,
1980,11,8,6.3495659828186,0,6.56504774907944,0,
1980,11,9,0.454794496297836,0.194660067669361,3.2075331475462,0,
1980,11,10,0.0386544726788998,0.212652391339219,0.0324869236950462,0,
1980,11,11,0.00288313813507557,0.0223613706652657,0.000233913129022767,0,
1980,11,12,0.3804711997509,0.0329132178006546,0.158763777618333,0.528303736065482,
1980,11,13,0.113456726074219,0.0473403068213258,0.212738338837312,0.0473403068213258,
1980,11,14,0,0.0174233812566342,0.0539326091029579,0.0174233812566342,
1980,11,15,0.0375908985733986,0.0146012441918515,0.00419680184973004,0,
1980,11,16,0.0053366688080132,0.0168114921436597,0.0047581948045945,0,
1980,11,17,0.000245272036409006,0.0023449752222291,0.000562587584909124,0,
1980,11,18,0.00755327707156539,0.00278597596033592,0.00101952420584439,0,
1980,11,19,0.228633239865303,0.0222867796861976,0.0958065512947996,0.0704145455393643,
1980,11,20,0.898560583591461,0.107500697209616,0.394489036681421,0.107500697209616,
1980,11,21,0.000249831093242392,0.102337607248131,0.34232212376412,0.102264926851632,
1980,11,22,0.13638462126255,0.01245150065958,0.0558656693524426,0.012627749263828,
1980,11,23,0.0613957047462463,0.0430769199448093,0.0558143129636619,0.0123799435346825,
1980,11,24,0,0.0308862437793778,0,2.8421709430404e-14,
1980,11,25,0.000874591118190438,0.000461381570232788,0,0,
1980,11,26,0.0037236341740936,0.00223545412976023,0.000105317071643185,0,
1980,11,27,0.586983144283295,0.295061943310401,0.00010239103312415,0,
1980,11,28,0.604839444160461,0.575521268826634,0.0181784126446019,0,
1980,11,29,0.15801177918911,0.313172242556163,0.0710930909428953,0,
1980,11,30,0.214092612266541,0.130058456144326,0.0527256612735982,0,
1980,12,1,0.104006603360176,0.160318201055674,0,0,
1980,12,2,0.000635800883173943,0.057241548798828,0,0,
1980,12,3,0.209931269288063,0.0997663907111246,0,0,
1980,12,4,0.0148112587630749,0.109120654316968,0,0,
1980,12,5,0.254464238882065,0.129826978750941,0,0,
1980,12,6,0.0641392469406128,0.155871408067839,0,0,
1980,12,7,0.0496568419039249,0.0593526995997138,0,0,
1980,12,8,0.248848855495453,0.143942099546052,0,0,
1980,12,9,0.28742241859436,0.259843491139804,0,0,
1980,12,10,0.201112866401672,0.249946450846267,0,0,
1980,12,11,0.254866778850555,0.226357342594554,0,0,
1980,12,12,0.118683971464634,0.180138165646127,0,0,
1980,12,13,0.015451617538929,0.0652004311530163,0,0,
1980,12,14,0.402050316333771,0.199897461759207,0,0,
1980,12,15,0.453255712985992,0.414831671120368,0,0,
1980,12,16,1.20175409317017,0.823328484282513,0,-2.8421709430404e-14,
1980,12,17,0.712099432945252,0.970681046555512,0,2.8421709430404e-14,
1980,12,18,0.0345215834677219,0.384650373956731,0,0,
1980,12,19,0.000411650398746133,0.0089389704377254,0,0,
1980,12,20,0.000494347477797419,0.000460325751248547,-1.13686837721616e-13,-2.8421709430404e-14,
1980,12,21,1.16488897800446,0.60387712412566,1.13686837721616e-13,2.8421709430404e-14,
1980,12,22,1.36290347576141,1.24256027333936,0,0,
1980,12,23,0.155449986457825,0.746004344844664,0,0,
1980,12,24,0.0710239633917809,0.142887758809195,0,0,
1980,12,25,0.0861703976988792,0.0856435070019472,0,0,
1980,12,26,0.041782520711422,0.063238524811851,0,0,
1980,12,27,0.0858055949211121,0.056466536500011,0,0,
1980,12,28,0.00441156607121229,0.063913611056222,0,0,
1980,12,29,0.000512607919517905,0.00408497067240887,0,0,
1980,12,30,0.028764171525836,0.00451566400366232,0,0,
1980,12,31,0.558823645114899,0.266079709155491,0,0,
1981,1,1,0.855419516563416,0.72759523376223,0,0,
1981,1,2,0.491454780101776,0.695698730911602,0,0,
1981,1,3,0.143017187714577,0.350473907253104,0,0,
1981,1,4,0.00025108628324233,0.086006906163675,0,0,
1981,1,5,0.0113830370828509,0.00568211490045201,0,0,
1981,1,6,0.0756715461611748,0.0294996835680479,0,0,
1981,1,7,0.0385954603552818,0.0680514902270204,0,0,
1981,1,8,0.159528717398644,0.0960272264761102,0,0,
1981,1,9,0.0423377715051174,0.0738542190096325,0,0,
1981,1,10,0.00206344528123736,0.0146237691276667,0,0,
1981,1,11,0.0474916286766529,0.0252432472717885,0,0,
1981,1,12,0.00823900103569031,0.0346051156449505,0,0,
1981,1,13,0.101302772760391,0.0262770551435665,0,0,
1981,1,14,0.0248108487576246,0.0551178585653531,0,0,
1981,1,15,0.0012906480114907,0.0111438835061506,0,0,
1981,1,16,3.24539723806083e-06,0.000789800518020911,0,0,
1981,1,17,6.65724146529101e-05,2.06943484499789e-05,0,0,
1981,1,18,0.00240294681861997,0.00103603138515496,0,0,
1981,1,19,0.00373815326020122,0.00298148009747479,0,0,
1981,1,20,0.000560612767003477,0.00302510921056864,0,0,
1981,1,21,0.00110987015068531,0.000975884889101053,1.13686837721616e-13,0,
1981,1,22,0.00694640353322029,0.00234767246354295,-1.13686837721616e-13,0,
1981,1,23,0,0.00306646000731803,0,0,
1981,1,24,0.556905925273895,0.19749136088484,0.0767447555598437,0,
1981,1,25,9.21353626251221,4.8077352548419,0.0779170728399095,0,
1981,1,26,0.940739095211029,5.06182488175929,0,0,
1981,1,27,0.0164102502167225,0.530736763953314,0,0,
1981,1,28,0.0059829605743289,0.0117533410880526,0,0,
1981,1,29,0,0.0050591734354839,0,0,
1981,1,30,0.516292810440064,0.219566432871432,0,-2.8421709430404e-14,
1981,1,31,3.73542547225952,2.08776304259683,0,2.8421709430404e-14,
1981,2,1,1.90997302532196,2.87914726046589,0,0,
1981,2,2,0.121997691690922,1.0920346620793,0,0,
1981,2,3,0.00439797295257449,0.0507989007969343,0,0,
1981,2,4,0.221286997199059,0.0945304344095348,0,0,
1981,2,5,0.641892373561859,0.407873725560677,-1.13686837721616e-13,0,
1981,2,6,1.85493278503418,1.20376269373676,1.13686837721616e-13,0,
1981,2,7,1.55723249912262,1.69632357897106,0,0,
1981,2,8,0.546889185905457,1.14240370394072,0,0,
1981,2,9,0.00239627459086478,0.301461672818817,0,0,
1981,2,10,0.000112866073322948,0.000997018009144313,0,2.8421709430404e-14,
1981,2,11,5.70355950912926e-05,9.55046747890265e-05,0,-2.8421709430404e-14,
1981,2,12,0.000359721743734553,0.000193566267995493,0,0,
1981,2,13,0.000175185152329505,0.00021382215174981,0,0,
1981,2,14,0.00369696179404855,0.00142421721596975,0,0,
1981,2,15,0.0169060081243515,0.00402130270731504,0.00623633418024383,1.27243013730407,
1981,2,16,0.00715897371992469,0.00221822547769079,0.00981769917279962,10.3828375369193,
1981,2,17,0.0308936219662428,0,0.0189592167954515,22.1122541757939,
1981,2,18,0.0182037856429815,0.0008490621779913,0.0236638027887466,0.000849062177962878,
1981,2,19,0.0282215103507042,0.00193731595862801,0.0211325166080769,0.00193731595862801,
1981,2,20,0.141796246170998,0.00109827926794992,0.0840160634745644,0.00109827926797834,
1981,2,21,0.0915320590138435,5.6843418860808e-14,0.116712536571072,2.8421709430404e-14,
1981,2,22,0.0177688580006361,0.000808425628548548,0.0538538626041145,0.000808425628548548,
1981,2,23,0.000365949090337381,0.000956025284807538,0.00938834962209967,0.000956025284807538,
1981,2,24,0.000860953878145665,0.000171152158799259,0.000435711510249348,0.000171152158799259,
1981,2,25,0.0249543637037277,0.0126199500644475,0.000290018689725002,0.000140375705200313,
1981,2,26,0.100356377661228,0.0566183423815403,0.00600290815464177,0,
1981,2,27,1.15074729919434,0.320263334538367,0.304929159380208,0,
1981,2,28,3.75317335128784,2.15188213576889,0.299300206535008,0,
1981,3,1,0.000982444384135306,1.88687317494504,0,0,0.228571428571429
1981,3,2,0.0614884234964848,0.0359063318076664,0,0,0.182857145581927
1981,3,3,0.0792638584971428,0.0702167892323757,0,0,0.137142862592425
1981,3,4,0,0.042156603059226,0,0,0.0822857175554548
1981,3,5,0.00156382960267365,0.000671984239119183,0,0,0.0685714312962123
1981,3,6,0,0.000661507095628622,0,0,0.0640000002724784
1981,3,7,0.00018423271831125,9.25724856983834e-05,0,0,0.0731428555079869
1981,3,8,0.0204218830913305,0.00867366910497935,6.8909970536879e-05,0,0.0845714296613421
1981,3,9,0.0605213195085526,0.0266187381456007,0.0162275873806266,2.8421709430404e-14,0.100571428026472
1981,3,10,0.0400560908019543,0.0286463485327602,0.0220490685659343,-2.8421709430404e-14,0.118857138497489
1981,3,11,7.95177402324043e-05,0.0127070105525036,0.0073607932830555,5.31036849447514,0.137142862592425
1981,3,12,0.0213001668453217,0,0.0120233494151307,0,0.159999997275216
1981,3,13,0.00289857899770141,0.000881916017391404,0.0112371158338647,0,0.173714283534459
1981,3,14,0.000151447151438333,0.00088380452734782,0.000641208740034926,0.00289449578002632,0.191999994005476
1981,3,15,0.00992946326732635,0,0.00549886098292518,0,0.208000005994524
1981,3,16,4.64723370896536e-06,0,0.00543385295520693,0,0.206628567831857
1981,3,17,6.41789665678516e-05,1.11015564812078e-05,2.30510327128286e-05,0,0.20388571875436
1981,3,18,4.97806140629109e-05,3.70627888628405e-05,1.94054053963555e-05,2.8421709430404e-14,0.198857143947056
1981,3,19,0,2.25973443548355e-05,-1.13686837721616e-13,-2.8421709430404e-14,0.194742856706892
1981,3,20,1.36395128720324e-05,4.60513373923277e-06,1.09342443010974e-06,0,0.184228570120675
1981,3,21,0.0009941968601197,5.5112011239089e-06,0.000498406822089237,0.000124611955612863,0.173257146562849
1981,3,22,0.0066780298948288,0.0011559991515071,0.00316601474389699,0.0011559991515071,0.162285709381104
1981,3,23,0.0208288077265024,0.00392031943493976,0.0104250548258733,0.00392031943493976,0.151314285823277
1981,3,24,3.96322298049927,0.0028438621816349,1.94598438874766,0.0028438621816349,0.140342862265451
1981,3,25,3.94892597198486,0,3.95724264874866,0,0.129371425083705
1981,3,26,0.613259971141815,0,2.34641903092609,0,0.113828570502145
1981,3,27,2.42635107040405,0,1.39703520762805,0,0.114742851257324
1981,3,28,3.91259336471558,0,3.12991933059936,0,0.143542861938477
1981,3,29,0.000491005775984377,0,2.02141510523416,0,0.21211427961077
1981,3,30,0.0841989666223526,0,0.0384085367093121,0,0.140799999237061
1981,3,31,3.49137043952942,0,1.69163279346571,0,0.128000000544957
1981,4,1,4.19050598144531,-2.8421709430404e-14,3.83422507764499,-2.8421709430404e-14,0.101028571810041
1981,4,2,0.10121463239193,2.8421709430404e-14,2.24374977555624,2.8421709430404e-14,0.114285714285714
1981,4,3,0.00726727489382029,0,0.0500236577556734,0,0.08639999798366
1981,4,4,0.0235765967518091,0.00454873989542648,0.0127288721893137,0.00454873989542648,0.0530285699026925
1981,4,5,0.0724845975637436,0.00422937606728624,0.0403440597509643,0.00422937606728624,0.044799998828343
1981,4,6,0.0187817830592394,0,0.0536187417062592,0,0.0393142870494298
1981,4,7,0.0462195202708244,0,0.0369354356954545,0,0.0347428560256958
1981,4,8,0.00251340004615486,0,0.0165634327923954,0,0.0288000004632132
1981,4,9,0.018631836399436,0,0.0115049505251363,0,0.0242285711424691
1981,4,10,0.0373176373541355,0,0.0305280024834929,0,0.0187428576605661
1981,4,11,0,0,0.019439350643097,0,0.0137142854077475
1981,4,12,0.188189804553986,0,0.108274715836501,0,0.0105142857347216
1981,4,13,0.0413661636412144,0,0.132054380443833,0,0.00868571400642395
1981,4,14,0.000204024909180589,9.89571886975682e-05,0.0213025386792651,0,0.00594285726547241
1981,4,15,1.32246498196764e-06,0.000102012448337518,6.61232775200915e-07,0.000198684320594111,0.00457142846924918
1981,4,16,0.0204264242202044,0,0.0116910455732295,2.8421709430404e-14,0.00365714303084782
1981,4,17,0.00642733741551638,0,0.0128771471631808,-2.8421709430404e-14,0.00228571423462459
1981,4,18,0.12862990796566,0,0.0807206876377222,2.8421709430404e-14,0.000914285757711955
1981,4,19,0.0333739891648293,0,0.0864319537373604,0,0.000457142878855978
1981,4,20,0.020880239084363,2.8421709430404e-14,0.028795829916703,0,0.000457142878855978
1981,4,21,2.61150145530701,-2.8421709430404e-14,1.32828141619177,0,0.000457142878855978
1981,4,22,0.686200439929962,0,1.68487919939844,0,0
1981,4,23,0.0955121219158173,0,0.399106886774462,0,0
1981,4,24,0.540689826011658,0,0.341152244149043,0,0
1981,4,25,0.616835296154022,0,0.587912967700618,0,0
1981,4,26,0.212580606341362,0,0.427304365439113,0,0
1981,4,27,2.17676520347595,0,1.20404792832051,0,0
1981,4,28,0.882888734340668,0,1.52708324866012,-2.8421709430404e-14,0
1981,4,29,1.01659560203552,0,0.940809471921284,2.8421709430404e-14,0
1981,4,30,0.936807692050934,0,0.986835035568561,0,0
1981,5,1,0.0130837457254529,0,0.48366630202338,0,0
1981,5,2,0.0879795849323273,0,0.0591659706020664,0,0
1981,5,3,0.0157674234360456,0,0.0497317301451403,0,0
1981,5,4,1.7722908523865e-05,0,0.00843623184300668,0,0
1981,5,5,0.00031967627000995,0,0.000205945232892191,0,0
1981,5,6,1.43121098972188e-07,0,0.000188465683891081,0,0
1981,5,7,7.09030136931688e-05,0,3.78790371087234e-05,0,0
1981,5,8,2.03604745864868,0,1.00929093491413,0,0
1981,5,9,1.92433977127075,0,1.98507517262215,0,0
1981,5,10,0.00214656256139278,0,0.981719646371971,0,0
1981,5,11,0.0224070567637682,0,0.0130744788517632,0,0
1981,5,12,0.000296470447210595,0,0.00951091873594123,0,0
1981,5,13,0.0143645657226443,0,0.00796183043905785,0,0
1981,5,14,0.0132086630910635,0,0.0135378235185044,-2.8421709430404e-14,0
1981,5,15,0.0101170167326927,0,0.0107090252578246,2.8421709430404e-14,0
1981,5,16,0.00561135821044445,0,0.00840161773339787,0,0
1981,5,17,0.123474977910519,0,0.0589392999653455,2.8421709430404e-14,0
1981,5,18,0.01404376514256,0,0.0728331965710822,-5.6843418860808e-14,0
1981,5,19,0.0161485448479652,2.8421709430404e-14,0.0151326208831506,5.6843418860808e-14,0
1981,5,20,3.17699732477195e-06,-2.8421709430404e-14,0.00753321515787775,-2.8421709430404e-14,0
1981,5,21,0.534975230693817,0,0.265090101830879,0,0
1981,5,22,14.5246000289917,0,7.52871042069955,0,0.00457142846924918
1981,5,23,16.1034812927246,0,15.3100633645848,-2.8421709430404e-14,0.0182857138769967
1981,5,24,11.0673322677612,0,13.6877977717411,2.8421709430404e-14,0.0329142842973982
1981,5,25,3.9652054309845,0,7.56095925874638,2.8421709430404e-14,0.0370285715375628
1981,5,26,0.0432996861636639,0,2.02816454861954,-2.8421709430404e-14,0.025142857006618
1981,5,27,0.0123133473098278,0,0.0356919345265396,0,0.0169142859322684
1981,5,28,3.62161231040955,0,1.70892811286615,0,0.0137142854077475
1981,5,29,1.22866773605347,0,2.49613596618167,0,0.0233142852783203
1981,5,30,0.0496295318007469,0,0.602299856659784,0,0.0137142854077475
1981,5,31,0.00393760716542602,0,0.0211910940962525,0,0.00594285726547241
1981,6,1,2.37782692909241,0,1.16029452447719,0,0.00411428553717477
1981,6,2,2.46618604660034,0,2.42194574673977,0,0.00228571423462459
1981,6,3,0.101132549345493,0,1.31980072526062,0,0.000914285757711955
1981,6,4,5.89172458648682,0,2.96435467627225,0,0.000457142878855978
1981,6,5,3.5247642993927,0,4.70096130777642,0,0.000914285757711955
1981,6,6,0.190987452864647,0,1.90568568925517,0,0.000457142878855978
1981,6,7,0.47901651263237,0,0.310445059040831,0,0.000457142878855978
1981,6,8,1.31436467170715,0,0.877195294353442,0,0.000457142878855978
1981,6,9,1.00241160392761,0,1.16936790436409,0,0.000457142878855978
1981,6,10,1.54663622379303,0,1.30338198273876,0,0.000457142878855978
1981,6,11,0.841038942337036,0,1.22264599881419,0,0.000457142878855978
1981,6,12,3.00888013839722,2.8421709430404e-14,1.92651389330604,2.8421709430404e-14,0
1981,6,13,11.982985496521,-2.8421709430404e-14,7.49939152667719,-2.8421709430404e-14,0.000457142878855978
1981,6,14,5.179368019104,0,8.509083187957,0,0.000457142878855978
1981,6,15,5.83816051483154,0,5.50853798047626,0,0.000457142878855978
1981,6,16,0.743482530117035,0,3.36543493317447,0,0.000457142878855978
1981,6,17,3.04964923858643,0,1.8476914842239,0,0.000457142878855978
1981,6,18,0.996661901473999,-2.8421709430404e-14,2.13055731420286,-2.8421709430404e-14,0.000457142878855978
1981,6,19,0.579127609729767,2.8421709430404e-14,0.822431985287267,2.8421709430404e-14,0.000457142878855978
1981,6,20,0.132088139653206,0,0.327618601868835,0,0.000457142878855978
1981,6,21,5.69082260131836,0,2.93968668609011,0,0
1981,6,22,5.4707498550415,0,5.58955654447129,0,0
1981,6,23,6.22825908660889,0,5.8222765573106,0,0.000457142878855978
1981,6,24,5.1964898109436,0,5.74384424444997,2.8421709430404e-14,0.000457142878855978
1981,6,25,0.0625498071312904,0,2.71603342286278,-2.8421709430404e-14,0.00502857140132359
1981,6,26,0.783441781997681,2.8421709430404e-14,0.431789317163748,2.8421709430404e-14,0.00685714270387377
1981,6,27,9.21141624450684,-2.8421709430404e-14,4.97755382432365,-2.8421709430404e-14,0.00731428606169564
1981,6,28,10.1447725296021,0,9.62192189269581,0,0.00594285726547241
1981,6,29,0.164178907871246,0,5.25192475340998,0,0.00411428553717477
1981,6,30,1.38288497924805,0,0.821693169360628,0,0.00182857151542391
1981,7,1,0.208683699369431,0,0.824680676341814,-2.8421709430404e-14,0.000914285757711955
1981,7,2,1.63560211658478,0,0.906648026368543,2.8421709430404e-14,0.000457142878855978
1981,7,3,0.878652989864349,0,1.22900780607961,0,0.000457142878855978
1981,7,4,5.15614447067492e-05,0,0.452428374581587,0,0.000457142878855978
1981,7,5,0.0251337680965662,-2.8421709430404e-14,0.0125408338874422,0,0.000457142878855978
1981,7,6,2.82401451840997e-05,2.8421709430404e-14,0.0115837208364837,0,0.000457142878855978
1981,7,7,2.91977266897447e-05,0,2.86313511423941e-05,0,0.000457142878855978
1981,7,8,0.0408207774162293,0,0.0193779873214908,0,0
1981,7,9,3.47197357669637e-12,0,0.0182634707595071,0,0
1981,7,10,4.74651288986206,2.8421709430404e-14,2.38409375634785,0,0
1981,7,11,5.81618785858154,-2.8421709430404e-14,5.27552272127127,2.8421709430404e-14,0
1981,7,12,0.456175237894058,0,3.16684588252986,-2.8421709430404e-14,0
1981,7,13,1.46394157409668,0,0.921733530472807,0,0
1981,7,14,2.45949482917786,0,1.94697702237102,0,0
1981,7,15,1.40261590480804,0,1.81268116677791,0,0.000457142878855978
1981,7,16,1.78051733970642,0,1.59123163154823,2.8421709430404e-14,0
1981,7,17,0.223239377140999,0,0.962938129334248,-2.8421709430404e-14,0
1981,7,18,0.14935077726841,-2.8421709430404e-14,0.177118671110179,0,0
1981,7,19,1.21180617809296,2.8421709430404e-14,0.654685661647022,0,0
1981,7,20,0.742956817150116,0,0.940960389874817,0,0
1981,7,21,0.305932611227036,2.8421709430404e-14,0.529928485746609,0,0
1981,7,22,0.0056359157897532,-2.8421709430404e-14,0.153545281345032,0,0
1981,7,23,1.3079024553299,0,0.638068598574932,0,0
1981,7,24,1.04068922996521,0,1.19032316257938,0,0
1981,7,25,0.00429264735430479,0,0.54189527646372,0,0
1981,7,26,0.0310288276523352,0,0.016731801377432,-2.8421709430404e-14,0
1981,7,27,0.0725167095661163,0,0.0559061288150815,2.8421709430404e-14,0
1981,7,28,0.0311354249715805,0,0.0506103456874598,0,0
1981,7,29,0.160410732030869,0,0.0901344013709604,0,0
1981,7,30,15.4498872756958,0,7.79975191373342,0,0
1981,7,31,5.32053518295288,-2.8421709430404e-14,10.4395107529393,0,0
1981,8,1,0.343001335859299,2.8421709430404e-14,2.79128342271122,0,0
1981,8,2,4.02095556259155,2.8421709430404e-14,2.1615798126013,0,0.000457142878855978
1981,8,3,3.0924711227417,-2.8421709430404e-14,3.62264336129817,0,0
1981,8,4,2.53066086769104,0,2.83043349201284,0,0.000914285757711955
1981,8,5,15.4451732635498,0,9.04002980768064,0,0.000914285757711955
1981,8,6,15.7268800735474,-2.8421709430404e-14,15.5819636247327,0,0.000457142878855978
1981,8,7,3.79915523529053,2.8421709430404e-14,9.76387384985242,0,0
1981,8,8,0.107981823384762,-2.8421709430404e-14,1.91223708649704,0,0
1981,8,9,0.0488025806844235,2.8421709430404e-14,0.0746842434234623,-2.8421709430404e-14,0
1981,8,10,0.00555716827511787,0,0.0253249203740324,0,0
1981,8,11,0.00113360304385424,0,0.00346891746971778,2.8421709430404e-14,0
1981,8,12,0.00799823086708784,0,0.00532453327468829,0,0
1981,8,13,0.00606970768421888,0,0.00712911202208488,0,0
1981,8,14,0.0257546063512564,0,0.0161713882705499,0,0
1981,8,15,0.00566796772181988,0,0.0162945480531107,0,0
1981,8,16,0.000366451597074047,0,0.00322076221436873,0,0
1981,8,17,4.4876184463501,2.8421709430404e-14,2.2270287672975,0,0
1981,8,18,1.10087823867798,-2.8421709430404e-14,2.83106556668508,0,0
1981,8,19,1.88585042953491,0,1.45481714204038,0,0
1981,8,20,0.904570341110229,0,1.47540377172982,0,0
1981,8,21,1.600954413414,0,1.27107743965462,0,0.000457142878855978
1981,8,22,3.44635772705078,0,2.49219372910193,0,0
1981,8,23,6.45447015762329,0,4.91097338462078,0,0.000457142878855978
1981,8,24,4.99573230743408,0,5.70113807967118,0,0
1981,8,25,0.0294191502034664,0,2.57700500504393,0,0
1981,8,26,0.000351406983099878,0,0.0160689760180048,0,0
1981,8,27,0.000930830778088421,0,0.000699564996011759,0,0
1981,8,28,4.92189755618711e-09,0,0.000342840346320372,0,0
1981,8,29,7.79168715325795e-07,0,3.54113126377342e-07,0,0
1981,8,30,2.29912304878235,-2.8421709430404e-14,1.1256542117444,0,0
1981,8,31,7.87528657913208,2.8421709430404e-14,5.0745420106598,0,0.000457142878855978
1981,9,1,2.72298765182495,0,5.2700647478739,0,0.000457142878855978
1981,9,2,0.00282554118894041,0,1.36939459622931,0,0
1981,9,3,0.00199890322983265,0,0.0024106776456847,0,0
1981,9,4,0.00105797650758177,0,0.00156923379563523,0,0
1981,9,5,10.3433532714844,0,5.14214228234937,0,0
1981,9,6,22.8040542602539,-2.8421709430404e-14,16.5770430625337,0,0.00228571423462459
1981,9,7,8.70731163024902,2.8421709430404e-14,15.8898357367182,0,0.000457142878855978
1981,9,8,0.00643766578286886,0,4.35700108353217,0,0
1981,9,9,0.00649219518527389,0,0.00646254592948026,0,0
1981,9,10,0.0192851480096579,0,0.0120727980563515,0,0
1981,9,11,0.00534492218866944,0,0.0133626615038338,0,0
1981,9,12,2.3907948781517e-14,0,0.00224114307502532,2.8421709430404e-14,0
1981,9,13,0.00436596805229783,0,0.00220043012200222,-2.8421709430404e-14,0
1981,9,14,0.29706472158432,0,0.139238847496017,-2.8421709430404e-14,0
1981,9,15,0.0358645170927048,0,0.189922923840413,2.8421709430404e-14,0
1981,9,16,3.51510461769067e-05,0,0.0215589562287732,2.8421709430404e-14,0
1981,9,17,0.00641640555113554,0,0.00275843641156825,-2.8421709430404e-14,0
1981,9,18,0.00421987660229206,0,0.00513782707002974,0,0
1981,9,19,0.000424702389864251,0,0.00257667590835808,0,0
1981,9,20,1.49807357788086,0,0.693695066599958,0,0
1981,9,21,0.351290464401245,0,0.896810460495772,-2.8421709430404e-14,0
1981,9,22,0.738300502300263,0,0.550121644588671,2.8421709430404e-14,0
1981,9,23,7.05481195449829,0,3.87417295269961,0,0
1981,9,24,2.40925669670105,0,4.66644419001977,-2.8421709430404e-14,0
1981,9,25,4.84234952926636,0,3.58885476962223,0,0
1981,9,26,5.59662342071533,0,5.21756464557075,2.8421709430404e-14,0
1981,9,27,0.347833186388016,0,3.06738919524037,0,0
1981,9,28,0.0890662893652916,0,0.234105670668214,0,0
1981,9,29,0.042164321988821,0,0.0686969686348675,0,0
1981,9,30,14.5484228134155,0,7.24774233083303,0,0
1981,10,1,7.95610809326172,0,11.3575672057702,0,0
1981,10,2,0.00098532869014889,0,4.05918036314779,0,0
1981,10,3,4.47824716567993,0,2.18835157518038,0,0
1981,10,4,1.60342252254486,0,2.99977737425047,0,0
1981,10,5,0.460613489151001,2.8421709430404e-14,1.1847729357205,2.8421709430404e-14,0
1981,10,6,0.115094043314457,-2.8421709430404e-14,0.293532403371728,-2.8421709430404e-14,0
1981,10,7,0.017443560063839,0,0.0712064571916926,0,0
1981,10,8,0.327483713626862,0,0.191155141097624,-2.8421709430404e-14,0
1981,10,9,2.49854516983032,0,1.33961079007145,2.8421709430404e-14,0
1981,10,10,1.60188150405884,0,1.99708652100276,0,0
1981,10,11,4.38901090621948,0,2.79098497659811,0,0
1981,10,12,13.6654243469238,0,8.97452927341783,2.8421709430404e-14,0
1981,10,13,3.84132099151611,0,8.74838547953482,0,0.000457142878855978
1981,10,14,0.00267323525622487,0,1.91759688945876,-2.8421709430404e-14,0.000457142878855978
1981,10,15,0.0228759795427322,0,0.0130166064823243,0,0.000457142878855978
1981,10,16,0.952929258346558,0,0.409200722923288,0,0.000457142878855978
1981,10,17,1.17088603973389,0,1.08294665705625,0,0.000457142878855978
1981,10,18,0.235689997673035,0,0.634753559248566,0,0.000457142878855978
1981,10,19,0.317450195550919,0,0.280430502939907,0,0.000914285757711955
1981,10,20,0.255001038312912,0,0.287184429429772,0,0.0013714285833495
1981,10,21,0.144791126251221,0.0670882274482381,0.132809300700046,0,0.00182857151542391
1981,10,22,0.215320408344269,0.174249593534967,0.0053710411668817,0,0.000914285757711955
1981,10,23,1.16533267498016,0.690135131809996,0,0,0.000914285757711955
1981,10,24,0.47651869058609,0.824195775142471,0,0,0.000457142878855978
1981,10,25,0.115837953984737,0.296859226848966,0,0,0.000457142878855978
1981,10,26,0.0912958979606628,0.0688637117006294,0.0347032323932126,1.7129523016828,0.000457142878855978
1981,10,27,0.843489527702332,0.0115611011775343,0.434648729624087,0.430678573543332,0.000457142878855978
1981,10,28,0.354938149452209,0,0.590071423592235,0,0.000457142878855978
1981,10,29,0.000447086553322151,0,0.180320443441587,0,0.000457142878855978
1981,10,30,3.85924053192139,0,1.96901703682465,0,0.000457142878855978
1981,10,31,1.91939175128937,0,2.85689426166141,0,0.000457142878855978
1981,11,1,1.10269083961612e-05,0,1.10263519734326,0,
1981,11,2,0.063949428498745,0,0.0322155609858328,2.8421709430404e-14,
1981,11,3,0.0287288539111614,0,0.0419668963563709,-2.8421709430404e-14,
1981,11,4,0.0151195991784334,0,0.0203487310757282,0,
1981,11,5,0.00534418039023876,0,0.0103002759303763,0,
1981,11,6,0.00334685831330717,0,0.00395204768210533,0,
1981,11,7,2.70090240519494e-05,0,0.00230268465998051,0,
1981,11,8,0.000187523168278858,0,7.07951244294236e-05,0,
1981,11,9,0.00252050161361694,0.00109166951983752,0.000265761269929499,0,
1981,11,10,0.00652777776122093,0.0012811506200876,0.00324298982195614,0.00271752449282303,
1981,11,11,4.2312518644394e-07,0.000246468582872694,0.0039282735690449,0.000246468582872694,
1981,11,12,8.03978618932888e-05,2.8421709430404e-14,4.12188035170402e-05,0,
1981,11,13,0.00788120366632938,-2.8421709430404e-14,0.00287437347969899,0,
1981,11,14,2.31064414978027,0,1.09332873228232,0,
1981,11,15,3.09082174301147,0,2.67304806840207,0,
1981,11,16,0.525000214576721,0,1.87059041841349,0,
1981,11,17,0.00145977409556508,0,0.280748003022836,0,
1981,11,18,0.0199870467185974,0.00646982487199921,0.00425432126439773,0,
1981,11,19,0.052731353789568,0.0327747360775845,0.00353488461109919,-2.8421709430404e-14,
1981,11,20,0.000524975825101137,0.0268654870606611,0,2.8421709430404e-14,
1981,11,21,0.00861112307757139,0.00451710430419894,0,0,
1981,11,22,0.162615910172462,0.0856656311219979,0,0,
1981,11,23,0.095771536231041,0.12107606634558,0.00824805732827372,-2.8421709430404e-14,
1981,11,24,0.203716933727264,0.0893942963855068,0.0595323070419909,2.8421709430404e-14,
1981,11,25,1.89536762237549,0.60568382104475,0.442004022950414,2.8421709430404e-14,
1981,11,26,2.32697916030884,1.40168746225987,0.706246433099068,-2.8421709430404e-14,
1981,11,27,0.266857504844666,0.991555412564168,0.31817025873238,0,
1981,11,28,0.0210673734545708,0.159476199486647,0,-2.8421709430404e-14,
1981,11,29,0.0397082269191742,0.0324408665945271,4.84787960886024e-08,2.8421709430404e-14,
1981,11,30,0.0139026371762156,0.0261375253545282,0.000371455772892659,0,
1981,12,1,0.147896736860275,0.0609253521317328,0.00046882962374184,2.8421709430404e-14,
1981,12,2,0.00139830086845905,0.0912083673433983,0,-5.6843418860808e-14,
1981,12,3,0.0616881400346756,0.0174318992038707,0,2.8421709430404e-14,
1981,12,4,0.00999727193266153,0.0407378368153957,2.27373675443232e-13,2.8421709430404e-14,
1981,12,5,0.000246665644226596,0.00627686750036105,-2.27373675443232e-13,-2.8421709430404e-14,
1981,12,6,0.00445819273591042,0.00127996166995104,0,0,
1981,12,7,0.135610073804855,0.0763305197770308,-2.27373675443232e-13,-2.8421709430404e-14,
1981,12,8,0.00582904880866408,0.0754350250108189,2.27373675443232e-13,2.8421709430404e-14,
1981,12,9,0.00494128745049238,0.00567780251500949,0,0,
1981,12,10,0.0938337221741676,0.0435680970184649,0,0,
1981,12,11,0.0440099984407425,0.0610725012306261,0,-2.8421709430404e-14,
1981,12,12,0.156327232718468,0.0916313280412453,0,5.6843418860808e-14,
1981,12,13,0.0401254780590534,0.118832506597329,0,-2.8421709430404e-14,
1981,12,14,0.0290978327393532,0.0325483718873443,0,0,
1981,12,15,0.0119805466383696,0.0188044642277703,0,0,
1981,12,16,0.00354640535078943,0.00851079523960152,0,0,
1981,12,17,0.00967120938003063,0.00498287753785576,0,0,
1981,12,18,3.52656970790122e-05,0.00412546029843952,0,0,
1981,12,19,0.000159282702952623,9.23512774875235e-05,0,0,
1981,12,20,0.26107782125473,0.113411935189106,0,0,
1981,12,21,0.27511864900589,0.267615300657354,0,0,
1981,12,22,2.17936420440674,1.20499644636891,0,0,
1981,12,23,0.608265936374664,1.40946286296725,0,0,
1981,12,24,0.0937713012099266,0.318331453238045,0,0,
1981,12,25,0.0195477772504091,0.0444445183703976,0,0,
1981,12,26,0.153378516435623,0.115730209470144,0,0,
1981,12,27,0.605504155158997,0.366634784504242,0,0,
1981,12,28,0.0596775561571121,0.296629612663907,0,0,
1981,12,29,0.00167154730297625,0.0214339721133854,0,0,
1981,12,30,0.0416005738079548,0.0206322173807791,0,0,
1981,12,31,0.443575024604797,0.210599994933233,0,0,
1982,1,1,4.96937942504883,2.67877721613206,0,2.8421709430404e-14,
1982,1,2,5.12075853347778,5.0761088228104,0,-2.8421709430404e-14,
1982,1,3,1.51791489124298,3.24782538557926,0,0,
1982,1,4,2.66932654380798,2.05924241443023,0,2.8421709430404e-14,
1982,1,5,2.0773720741272,2.40960677950062,0,-2.8421709430404e-14,
1982,1,6,0.33714497089386,1.23826193944089,0,0,
1982,1,7,0.152127087116241,0.226609178259253,0,0,
1982,1,8,0.150830298662186,0.151598723177415,0,0,
1982,1,9,0.0138931879773736,0.128115763686964,0,0,
1982,1,10,0.0241995677351952,0.0311053343763774,0,0,
1982,1,11,0.00462763197720051,0.0170649985294062,0,0,
1982,1,12,0.792395293712616,0.323680858561858,0,0,
1982,1,13,0.458082318305969,0.690051631186066,0,0,
1982,1,14,0.784362316131592,0.615841501962336,0,0,
1982,1,15,1.10938513278961,0.993660440069277,0,0,
1982,1,16,0.0278838519006968,0.577438689566947,0,0,
1982,1,17,0.097432903945446,0.0503015439716421,0,0,
1982,1,18,3.39463233947754,1.64294000844069,0,0,
1982,1,19,0.601382613182068,2.05138786437948,0,0,
1982,1,20,0.285216450691223,0.364620768110143,0,-2.8421709430404e-14,
1982,1,21,0.962876379489899,0.493683732899626,0,2.8421709430404e-14,
1982,1,22,3.68987798690796,2.24148044959512,-2.27373675443232e-13,-2.8421709430404e-14,
1982,1,23,2.70260810852051,3.16060180854228,2.27373675443232e-13,2.8421709430404e-14,
1982,1,24,0.404188990592957,1.69457406937258,0,0,
1982,1,25,0.0245815720409155,0.223169737537575,0,0,
1982,1,26,0.153434619307518,0.0872279397267448,0,0,
1982,1,27,0.10428012907505,0.131087675580091,0,0,
1982,1,28,0.401488959789276,0.185373542269218,0,0,
1982,1,29,0.216090157628059,0.353329832320412,0,0,
1982,1,30,0.0398086495697498,0.201549622608667,0,0,
1982,1,31,0,0.0451683109514818,0,0,
1982,2,1,0.276430070400238,0.104306490007986,0,0,
1982,2,2,0.0643956735730171,0.22947325126836,0,0,
1982,2,3,0.000159325296408497,0.0422719448964983,0,0,
1982,2,4,6.65409024804831e-05,0.00011441649408539,0,0,
1982,2,5,0.0127250514924526,0.00167260634162858,0,0,
1982,2,6,0.821981966495514,0.262995444235088,0,0,
1982,2,7,0.258295029401779,0.465981442217384,0,0,
1982,2,8,0.0375533066689968,0.105771731377672,0,0,
1982,2,9,0.000885245448444039,0.0187168594089826,0,-2.8421709430404e-14,
1982,2,10,0.000128735628095455,0.000690017608064864,0,2.8421709430404e-14,
1982,2,11,0.000651242560707033,0.000228940751696882,0,0,
1982,2,12,0.0739936530590057,0.0297333420690507,0,0,
1982,2,13,0.49454864859581,0.23577140068835,0,0,
1982,2,14,0.385961502790451,0.460563209386265,0,0,
1982,2,15,0.0346933975815773,0.320187486316542,0,0,
1982,2,16,0.0775617435574532,0.0606470976069318,0,0,
1982,2,17,0.0765132904052734,0.0647330861940247,0.0116476934367711,0,
1982,2,18,0.0109069412574172,0.0311440432685401,0.0255670778467447,0,
1982,2,19,0.0109370434656739,0.00735992913010364,0.004249239110095,0,
1982,2,20,0.00289124483242631,0.00167546145559072,0.00228083943056845,0,
1982,2,21,0.146271482110024,0.020620028084295,0.0206480469480539,0,
1982,2,22,0.548632979393005,0.332087700535595,0.0298867289398004,0,
1982,2,23,0.145857974886894,0.322278642097217,0,0,
1982,2,24,0.189965665340424,0.164918376012253,0,0,
1982,2,25,0.00875374674797058,0.165035767374008,0,0,
1982,2,26,0.269207417964935,0.121517632191939,0,0,
1982,2,27,1.10917592048645,0.704869637117326,0,0,
1982,2,28,0.93055933713913,0.984963414646927,0,0,
1982,3,1,0.10449680685997,0.701394520750512,0,0,0
1982,3,2,0.0140376780182123,0.0687252993845675,0,0,0
1982,3,3,0.0384636893868446,0.0195033434799541,0,0,0
1982,3,4,0.00387938553467393,0.0205408966349978,0,0,0
1982,3,5,0.0959292650222778,0.0425639628980719,0,0,0
1982,3,6,0.0290949977934361,0.0482988017367063,0,0,0
1982,3,7,0.0519926026463509,0.0356428846582162,0,0,0
1982,3,8,0.257343918085098,0.16491801551328,0,0,0
1982,3,9,0.0967843532562256,0.20098332128299,0,0,0
1982,3,10,1.00680100917816,0.688204919946401,0,0,0
1982,3,11,0.737756013870239,0.833217356464729,0,0,0
1982,3,12,4.51494836807251,2.56888252066236,0,0,0
1982,3,13,0.572745323181152,2.678892283973,0.0348686448860462,0,0
1982,3,14,1.27924644947052,0.845261445130745,0.0423086918724493,0,0
1982,3,15,1.89630353450775,0.733201464750778,0.854573423131114,4.47840368936372,0
1982,3,16,0.773591458797455,0.0942931417898194,1.24494401290508,12.7113626782977,0.000457142878855978
1982,3,17,0.300122648477554,0.0250981702261583,0.513481813158023,11.4097425524406,0.000457142878855978
1982,3,18,0.311792939901352,0.180577827820969,0.125353125245965,3.12468879756284,0.000914285757711955
1982,3,19,0.012469488196075,0.162160930361608,0,0,0.00594285726547241
1982,3,20,0.00563635677099228,0.0108050286340813,0,0,0.00594285726547241
1982,3,21,0.0295530986040831,0.00868725147324767,0.000174618413211647,0,0.00594285726547241
1982,3,22,0.209065243601799,0.0520943310414168,0.0172538156818973,0,0.00594285726547241
1982,3,23,0.441926777362824,0.147196191408227,0.0970107244277187,0,0.00594285726547241
1982,3,24,0.089375227689743,0.147813901318557,0.139785180208946,0,0.00594285726547241
1982,3,25,0.0319224372506142,0.0691107365075254,0,0,0.00457142846924918
1982,3,26,0.0839865952730179,0.0651533874738561,0,0,0.00640000019754682
1982,3,27,0.0435325391590595,0.0614294477266526,0,0,0.00822857107434954
1982,3,28,0.00180504645686597,0.0217737906922366,0.000894993024530777,6.24963424382139,0.0502857140132359
1982,3,29,2.7491180896759,7.54414122638991e-06,1.37298282154529,25.8409091647553,0.360228565761021
1982,3,30,8.9141960144043,0,5.82842719828113,18.5667093333785,0.435200010027204
1982,3,31,4.43368244171143,0.710105682846688,5.96382636557496,0.13368115852262,1.45371431623186
1982,4,1,0.234703928232193,0.827552059129403,1.50698358854766,0.133702535718783,0.987428610665457
1982,4,2,12.2344551086426,6.22792818033423,0,5.6843418860808e-14,0.777142878941127
1982,4,3,5.85770320892334,9.05756572176273,0,-5.6843418860808e-14,0.301714297703334
1982,4,4,0.0563175454735756,3.0088441507242,0,0,0.0210285714694432
1982,4,5,0.00135934271384031,0.0322750463872694,0,0,0.0137142854077475
1982,4,6,0.000271980999968946,0.000813572994218248,0,0,0.0182857138769967
1982,4,7,0.000108387524960563,0.000194028157181947,0,0,0.0854857172284808
1982,4,8,0.00624434696510434,0.00181658139797491,0.000882866841038776,0,0.204800006321498
1982,4,9,0.786351025104523,0.0595925296686914,0.336705132723637,3.54546341402914,0.190171432495117
1982,4,10,0.31209871172905,0.172265564048644,0.377372911754037,3.55164780517106,0.177371433803013
1982,4,11,0.0371417030692101,0.118503296591371,0.0561646134071907,2.59638153824011,0.190171432495117
1982,4,12,0.19940210878849,0.00361635517367631,0.114622008353308,17.2978154434704,1.47657143729074
1982,4,13,0.0389675684273243,0,0.121203601004027,-5.6843418860808e-14,2.60114288330078
1982,4,14,1.29334354400635,0,0.663571793240863,5.6843418860808e-14,3.10857151576451
1982,4,15,1.18829989433289,0,1.24245228361679,0,3.13600006103516
1982,4,16,1.11197900772095,0,1.1522580716221,0,2.03885716029576
1982,4,17,1.06100344657898,0,1.08501576177218,0,1.01942858014788
1982,4,18,0.0746755972504616,0,0.547408018825308,0,0.562285723005022
1982,4,19,0.0010425487998873,0,0.0313307909675586,0,0.224457141331264
1982,4,20,0,0,0.000447567061200971,0,0.140799999237061
1982,4,21,0.0254987310618162,0,0.0132726108856787,0,0.124342863900321
1982,4,22,0.00529241794720292,0,0.0156640173900087,0,0.107428571156093
1982,4,23,0,0,0.00312269584310343,0,0.0804571424211775
1982,4,24,0.000200533089810051,0,8.37860270621604e-05,0,0.0630857127053397
1982,4,25,8.78672362887301e-05,0,0.000146298421896063,0,0.0475428581237793
1982,4,26,0.0226054638624191,0,0.00976230935134481,0,0.0256000007901873
1982,4,27,0.0107131730765104,0,0.0164944597015619,0,0.00685714270387377
1982,4,28,0.00124557234812528,0,0.00575738608677057,0,0.00365714303084782
1982,4,29,1.23906767368317,0,0.673165769674597,0,0.002742857166699
1982,4,30,0.824375331401825,0,1.03107823431674,0,0.00228571423462459
1982,5,1,0.00119076494593173,0,0.436718730052917,0,0.0013714285833495
1982,5,2,0.303377956151962,0,0.128718668885085,0,0.000914285757711955
1982,5,3,2.26509356498718,0,1.25895028615855,0,0.000457142878855978
1982,5,4,1.57572388648987,0,1.92239108639455,0,0.000457142878855978
1982,5,5,0.370958775281906,0,0.980800853822075,0,0
1982,5,6,0.0354215241968632,0,0.175675328705211,0,0
1982,5,7,0.0307664033025503,0,0.0332273203168825,0,0
1982,5,8,3.11047005653381,0,1.54549661413262,0,0
1982,5,9,7.27732610702515,0,5.18129940959307,0,0
1982,5,10,4.27437686920166,0,5.72746625479431,0,0.000457142878855978
1982,5,11,0.868757247924805,0,2.53073159763835,0,0.000457142878855978
1982,5,12,0.020566750317812,0,0.413558137481459,-5.6843418860808e-14,0.000457142878855978
1982,5,13,0.198769569396973,0,0.0988059794458422,5.6843418860808e-14,0.000914285757711955
1982,5,14,2.55000758171082,0,1.30563980265833,0,0.0013714285833495
1982,5,15,4.26340532302856,0,3.3437430157619,0,0.0013714285833495
1982,5,16,5.50511932373047,0,4.83676436339169,-5.6843418860808e-14,0.00182857151542391
1982,5,17,5.63345050811768,0,5.57055531531159,5.6843418860808e-14,0.00182857151542391
1982,5,18,2.97063493728638,0,4.36194484983116,5.6843418860808e-14,0.00411428553717477
1982,5,19,0.126546040177345,0,1.53074036488647,-5.6843418860808e-14,0.00502857140132359
1982,5,20,0.000600504165049642,0,0.0628856687858388,0,0.014171428339822
1982,5,21,3.59102523361798e-05,-5.6843418860808e-14,0.000321774481790271,0,0.0182857138769967
1982,5,22,0.0129402074962854,5.6843418860808e-14,0.00482847929947639,0,0.0132571424756731
1982,5,23,0.00138180598150939,0,0.0089035372050148,0,0.00640000019754682
1982,5,24,0.0450493879616261,0,0.0235805646241261,0,0.00457142846924918
1982,5,25,0.0472101047635078,0,0.0464129112212959,0,0.00320000009877341
1982,5,26,0.000839722633827478,0,0.0215627700354162,0,0.00228571423462459
1982,5,27,0.000158751921844669,0,0.000476969904184443,0,0.00182857151542391
1982,5,28,0.0241614300757647,0,0.0149455323246457,0,0.000914285757711955
1982,5,29,0.197437509894371,0,0.109941446467474,0,0.000914285757711955
1982,5,30,0.346594542264938,0,0.268574139422071,5.6843418860808e-14,0.000457142878855978
1982,5,31,0.375835061073303,0,0.36204919415718,-5.6843418860808e-14,0.000457142878855978
1982,6,1,0.0532563850283623,0,0.229456805991504,0,0
1982,6,2,0.0450757928192616,0,0.0493544408773232,0,0
1982,6,3,0.00151507195550948,0,0.0266257701043742,0,0
1982,6,4,0.0147507824003696,0,0.00683777658332474,0,0
1982,6,5,4.74605941772461,0,2.37196510614444,-5.6843418860808e-14,0
1982,6,6,25.0638599395752,0,14.8819775432989,1.13686837721616e-13,0.000457142878855978
1982,6,7,9.82733154296875,0,17.3683106145979,-5.6843418860808e-14,0.0013714285833495
1982,6,8,4.36063051223755,0,7.07353220734353,5.6843418860808e-14,0.0013714285833495
1982,6,9,9.67552185058594,0,6.94803313118109,-5.6843418860808e-14,0.00959999987057277
1982,6,10,2.62064576148987,0,6.22468757066145,0,0.0310857159750802
1982,6,11,0.00538851227611303,0,1.18971698473001,0,0.139428574698312
1982,6,12,0.0543634220957756,0,0.037590303792058,0,0.101028571810041
1982,6,13,3.60014152526855,0,1.91558282125175,0,0.0690285682678223
1982,6,14,0.630255401134491,0,2.165060864422,0,0.0466285705566406
1982,6,15,0.455055475234985,0,0.532295521954438,0,0.0233142852783203
1982,6,16,0.303276270627975,0,0.389503058922173,0,0.00822857107434954
1982,6,17,0.341647118330002,0,0.316813700780358,0,0.00457142846924918
1982,6,18,1.40619194507599,0,0.86497858375219,0,0.00365714303084782
1982,6,19,2.97135782241821,0,2.16810728109294,0,0.00320000009877341
1982,6,20,2.5011990070343,0,2.74907392211458,0,0.00320000009877341
1982,6,21,1.01029169559479,0,1.74081927343809,0,0.00320000009877341
1982,6,22,1.08901154994965,0,1.04820937742647,0,0.002742857166699
1982,6,23,2.43047070503235,0,1.66722254519209,0,0.00228571423462459
1982,6,24,0.544612646102905,0,1.44661415607743,0,0.00182857151542391
1982,6,25,0.00022689878824167,0,0.274316681269283,0,0.0013714285833495
1982,6,26,0.755893886089325,0,0.352636445444659,0,0.0013714285833495
1982,6,27,0.701491892337799,0,0.731448448332685,0,0.000914285757711955
1982,6,28,1.38402497768402,0,1.03893359687186,0,0.000914285757711955
1982,6,29,0.588414013385773,0,0.999948659088659,0,0.000914285757711955
1982,6,30,1.19967524803144e-09,0,0.303745155375282,0,0.000457142878855978
1982,7,1,0.0346623100340366,0,0.0146474143475643,0,0.000457142878855978
1982,7,2,7.65420770645142,0,3.85544123867589,0,0.000457142878855978
1982,7,3,2.37779664993286,0,5.04937411765263,0,0.000457142878855978
1982,7,4,6.91214895248413,0,4.62875755163009,0,0
1982,7,5,27.569055557251,0,17.1908857281824,0,0.00228571423462459
1982,7,6,3.5151858329773,0,15.6582389477064,0,0.00320000009877341
1982,7,7,0.0216136910021305,0,1.89582700404321,0,0.00228571423462459
1982,7,8,0.396375238895416,0,0.168357431630511,0,0.00182857151542391
1982,7,9,0.90158599615097,0,0.59232162240005,-5.6843418860808e-14,0.0013714285833495
1982,7,10,0.25016513466835,0,0.721581039955026,5.6843418860808e-14,0.000914285757711955
1982,7,11,0.00231080199591815,0,0.162763693904253,0,0.000457142878855978
1982,7,12,2.13810896873474,0,1.00699150336641,0,0.000457142878855978
1982,7,13,1.99394071102142,0,2.05574358441868,0,0.000457142878855978
1982,7,14,1.79341566562653,0,1.93238316771954,0,0.000457142878855978
1982,7,15,1.18821120262146,0,1.56031630452071,0,0.000457142878855978
1982,7,16,9.83157539367676,0,5.46888575253979,0,0.000457142878855978
1982,7,17,6.39136171340942,0,8.14500833774969,0,0.002742857166699
1982,7,18,0.0237214956432581,0,3.24896466774953,0,0.00228571423462459
1982,7,19,0.0158702339977026,0,0.0190143269753662,0,0.00182857151542391
1982,7,20,2.63927698135376,0,1.25052987988602,0,0.0013714285833495
1982,7,21,1.12185192108154,5.6843418860808e-14,1.82248110643582,0,0.00182857151542391
1982,7,22,2.04492735862732,-5.6843418860808e-14,1.56603404673388,0,0.0013714285833495
1982,7,23,14.6018028259277,0,8.29105441715001,0,0.122057138170515
1982,7,24,25.4249153137207,0,19.9265371015015,0,1.27542855398996
1982,7,25,0.00186223594937474,0,12.7189553492335,0,1.02857142857143
1982,7,26,2.09224891662598,0,0.995604694110398,5.6843418860808e-14,0.598857116699219
1982,7,27,0.469635605812073,0,1.15472418963827,-5.6843418860808e-14,0.383542851039342
1982,7,28,7.9556827545166,0,4.31767207272947,0,0.260571425301688
1982,7,29,4.60498380661011,0,6.26700859180414,0,0.196571431841169
1982,7,30,0.0375103615224361,0,2.37895963099004,0,0.148114286150251
1982,7,31,0.0057238251902163,-5.6843418860808e-14,0.0227693871017891,0,0.112457145963396
1982,8,1,0.539206206798554,5.6843418860808e-14,0.285543586565836,0,0.0859428542000907
1982,8,2,0.514955520629883,0,0.528993765099131,0,0.066742856161935
1982,8,3,0.0157320499420166,0,0.308483863468609,0,0.0493714298520769
1982,8,4,0.00856113992631435,0,0.0114628295252714,0,0.0315428563526699
1982,8,5,9.85586261749268,0,4.95901914906722,0,0.0169142859322684
1982,8,6,12.060378074646,0,10.9775379109317,0,0.0237714290618897
1982,8,7,0.342618584632874,0,6.30174778986361,0,0.0196571435247149
1982,8,8,1.79136443138123,0,1.03332441705516,0,0.0128000003950936
1982,8,9,0.495115131139755,0,1.15053266900622,0,0.0118857145309448
1982,8,10,0.0591146759688854,0,0.2754088249701,0,0.00914285693849836
1982,8,11,0.079319640994072,0,0.0673891038065904,0,0.00640000019754682
1982,8,12,0.650061547756195,0,0.347987351396341,0,0.00502857140132359
1982,8,13,0.428032338619232,0,0.531597050456867,0,0.00411428553717477
1982,8,14,2.60289406776428,0,1.4963724860188,0,0.00320000009877341
1982,8,15,0.839720547199249,0,1.74872100765901,0,0.002742857166699
1982,8,16,0.721129417419434,0,0.786209513013091,0,0.00228571423462459
1982,8,17,4.29754781723022,0,2.47640967282428,0,0.00182857151542391
1982,8,18,1.22347939014435,0,2.76276868022751,0,0.00182857151542391
1982,8,19,1.27611660957336,0,1.24494516054301,5.6843418860808e-14,0.00182857151542391
1982,8,20,0.027578454464674,0,0.659380150167408,-5.6843418860808e-14,0.00182857151542391
1982,8,21,3.75444936752319,0,1.88053594203302,0,0.0013714285833495
1982,8,22,5.86064624786377,0,4.81439222512131,0,0.0013714285833495
1982,8,23,0.219773933291435,0,3.0487585015519,0,0.0013714285833495
1982,8,24,0.506349503993988,0,0.378046912017908,0,0.000914285757711955
1982,8,25,0.19068007171154,0,0.316550532410474,-5.6843418860808e-14,0.000914285757711955
1982,8,26,0.00247661117464304,0,0.103027997464778,5.6843418860808e-14,0.000457142878855978
1982,8,27,0.00322490255348384,0,0.00278426517911612,-5.6843418860808e-14,0.000457142878855978
1982,8,28,0.183202132582665,0,0.0918966014853595,5.6843418860808e-14,0.000457142878855978
1982,8,29,0.0176487229764462,0,0.103463000117017,0,0.000457142878855978
1982,8,30,0.922485291957855,0,0.470827900295717,0,0.000457142878855978
1982,8,31,0.937191724777222,0,0.929220086170744,0,0.000457142878855978
1982,9,1,1.59816527366638,0,1.24718282288177,0,0.000457142878855978
1982,9,2,0.261785566806793,0,0.935602649511793,0,0
1982,9,3,0.0106816757470369,0,0.128104659135033,0,0
1982,9,4,0.00458192965015769,0,0.00694612680240425,0,0
1982,9,5,0.333502799272537,0,0.170664005947856,0,0
1982,9,6,2.054279088974,0,1.19285100081356,0,0
1982,9,7,0.316142410039902,0,1.20026367508399,0,0
1982,9,8,0.625394105911255,0,0.479759870848966,0,0
1982,9,9,0.0136552965268493,0,0.325869801779845,0,0
1982,9,10,0.0119174253195524,0,0.0127041286436906,0,0
1982,9,11,0.0456423088908196,0,0.0287698207498579,0,0
1982,9,12,0.610924005508423,0,0.32891944529797,0,0
1982,9,13,1.0601224899292,0,0.86084562655833,0,0
1982,9,14,0.00516279833391309,0,0.529061662886761,0,0
1982,9,15,0.00274934619665146,0,0.00420257982841576,0,0
1982,9,16,0.585134565830231,0,0.298207898543751,-5.6843418860808e-14,0
1982,9,17,0.268826842308044,0,0.438287808261748,5.6843418860808e-14,0
1982,9,18,0.693351626396179,0,0.418111456016732,5.6843418860808e-14,0
1982,9,19,0.163047850131989,0,0.423791183523917,-5.6843418860808e-14,0
1982,9,20,0.00545743526890874,0,0.0818193627574146,0,0
1982,9,21,0.0420619249343872,0,0.0269032126946058,0,0
1982,9,22,1.12435185909271,0,0.577283933604349,5.6843418860808e-14,0
1982,9,23,0.213053449988365,0,0.662200184927769,-5.6843418860808e-14,0
1982,9,24,0.0115472981706262,0,0.106243373648113,-5.6843418860808e-14,0
1982,9,25,0.036635547876358,0,0.0265074916485446,5.6843418860808e-14,0
1982,9,26,0.0260648876428604,0,0.0311390802012284,0,0
1982,9,27,21.2012424468994,0,10.6150594670898,0,0
1982,9,28,16.9342212677002,0,19.1246882498608,0,0
1982,9,29,2.40661406517029,0,9.5589797899413,-5.6843418860808e-14,0
1982,9,30,0.299570977687836,0,1.46010713440523,5.6843418860808e-14,0
1982,10,1,3.42560076713562,0,1.75352996235597,0,0
1982,10,2,3.23090720176697,0,3.37177494871526,0,0
1982,10,3,1.22104728221893,0,2.29805835518891,0,0
1982,10,4,1.03946828842163,0,1.17366987196078,0,0
1982,10,5,1.08540034294128,0,1.06326781659777,0,0.000457142878855978
1982,10,6,14.7000045776367,0,7.9135653464291,0,0.000457142878855978
1982,10,7,10.5964460372925,0,12.6482510155304,0,0.00457142846924918
1982,10,8,0.299027979373932,0,5.65257249248089,0,0.0150857142039708
1982,10,9,9.36613464355469,5.6843418860808e-14,4.79152843214092,0,0.0338285718645368
1982,10,10,11.0295457839966,-5.6843418860808e-14,10.0900905570177,0,0.0841142858777728
1982,10,11,3.16427373886108,0,7.20827321167053,0,0.167314284188407
1982,10,12,0.805510520935059,0,2.07529498079953,0,0.299885722569057
1982,10,13,0.0777627006173134,0,0.467700637725557,0,0.342857142857143
1982,10,14,0.158306732773781,0,0.118894032220851,0,0.255085727146694
1982,10,15,0.0876748934388161,0,0.119383419289761,0,0.165485709054129
1982,10,16,2.26707005500793,0,1.10818042667438,0,0.11794285093035
1982,10,17,1.30624997615814,0,1.80816788664015,0,0.0946285724639893
1982,10,18,1.00377416610718,0,1.16210668999065,0,0.0754285744258336
1982,10,19,0.617442786693573,0.00234846507436259,0.808172086947252,0.00234846507436259,0.0608000005994524
1982,10,20,0.00260324450209737,0.00310126130995059,0.363600747608643,0.00310126130995059,0.04708571434021
1982,10,21,0.00272592599503696,0.000485174297239155,0.00219121980762793,0.000485174297239155,0.0324571439198085
1982,10,22,0.00725505221635103,0.000126828320276218,0.00508104360346806,0.000126828320276218,0.0237714290618897
1982,10,23,0.00239586411044002,0,0.00490018706841511,0,0.0182857138769967
1982,10,24,0.00524846557527781,0,0.0035935991813858,0,0.0146285721233913
1982,10,25,0.0173365399241447,0,0.0120807498465183,0,0.0114285715988704
1982,10,26,0.00874920561909676,0,0.0130359322724871,0,0.00914285693849836
1982,10,27,0.451260805130005,0,0.211160765580871,0,0.00731428606169564
1982,10,28,0.608449757099152,0,0.546455379847885,0,0.005485714333398
1982,10,29,0.113508343696594,0,0.31905265512728,0,0.00502857140132359
1982,10,30,0.046006552875042,0,0.0766255011508292,0,0.00457142846924918
1982,10,31,0.00442880019545555,0,0.0251488275694101,0,0.00411428553717477
1982,11,1,0.290244162082672,0,0.131966230609351,0,
1982,11,2,1.31538724899292,0,0.704975716300396,0,
1982,11,3,0.40602245926857,0.170458027923132,0.69025314691612,0,
1982,11,4,0.0101821105927229,0.176791160545747,0.032794852622601,0,
1982,11,5,0.138777986168861,0.0731602925175139,0,0,
1982,11,6,0.000774005486164242,0.0677850469592727,6.4136851051444e-05,0,
1982,11,7,0.00930358935147524,0.00200710898400303,0.00281324490015322,0,
1982,11,8,0.000818852800875902,0.00183544331821395,0.00294291005184277,0,
1982,11,9,0.233032390475273,0.109506915106522,0.0091107820662728,0,
1982,11,10,2.03613948822021,0.854206550477898,0.277902384916388,0,
1982,11,11,1.66136837005615,1.20662791262657,0.643715589227895,0,
1982,11,12,0.00149748311378062,0.463038891327983,0.37997720067051,0,
1982,11,13,0.00913028232753277,0.00536176474867034,-2.27373675443232e-13,0,
1982,11,14,0.000878825434483588,0.0052898943930586,0,0,
1982,11,15,0.00116408162284642,0.00101829379906349,0,0,
1982,11,16,0.000968784675933421,0.0010825746138039,0,0,
1982,11,17,0.00042917687096633,0.000548078391659601,0.000121833438015528,0,
1982,11,18,0.119592122733593,0.016309274498326,0.0297506887939107,5.6843418860808e-14,
1982,11,19,3.45735239982605,0.0211269383264039,1.76734527691883,4.62656550950635,
1982,11,20,3.47348117828369,0.445524893936295,3.01989189195638,0.445524893936295,
1982,11,21,1.13788032531738,1.01446524553654,1.29121537228025,0.445525017602279,
1982,11,22,0.00872226804494858,0.575305781497832,0,0,
1982,11,23,0.000332998402882367,0.00344311520552765,0,0,
1982,11,24,6.30207250651438e-06,0.000120592647590456,0,0,
1982,11,25,1.15865514089819e-05,7.57645477733604e-06,0,0,
1982,11,26,0,3.14413551905091e-06,0,0,
1982,11,27,0.00276145804673433,0.00112669666373222,0,5.6843418860808e-14,
1982,11,28,0.0029193595983088,0.00279320306748332,0,-5.6843418860808e-14,
1982,11,29,0.00520496955141425,0.0042352794283147,0,0,
1982,11,30,0.130484491586685,0.0698606221333762,0,0,
1982,12,1,8.53288078308106,0.895303874759918,3.43637643546413,2.12724218332716,
1982,12,2,8.11698627471924,0.830063145180475,7.49487065742619,0.830063145180475,
1982,12,3,0.0555320344865322,0,4.08718261782747,0,
1982,12,4,0.00642318185418844,0.00122117003422773,0.0297761896183602,0,
1982,12,5,0.0645244121551514,0.0334754499479573,0.00199000881525535,0,
1982,12,6,0.105095997452736,0.084546478764878,0,0,
1982,12,7,0.0144825363531709,0.0600573244350926,0,0,
1982,12,8,0.000535865197889507,0.0068638842906239,0,0,
1982,12,9,0.000820804969407618,0.000661998449345447,0,0,
1982,12,10,0.0184281896799803,0.00975439535284295,0,0,
1982,12,11,0.00116681936196983,0.00959124560915825,0,0,
1982,12,12,0.00347177567891777,0.00241964188444399,0,0,
1982,12,13,1.02198719978333,0.512732132870156,-2.27373675443232e-13,0,
1982,12,14,0.817620277404785,0.921884478388108,2.27373675443232e-13,0,
1982,12,15,0.152838289737701,0.487850137873977,0,0,
1982,12,16,0.139912381768227,0.147564278407344,0,0,
1982,12,17,0.286704123020172,0.209180716586616,0,0,
1982,12,18,0.075814388692379,0.178933887484561,0.000900271544196585,0,
1982,12,19,0.0101726036518812,0.0467526825829054,0.00101754425872969,0,
1982,12,20,0.127232909202576,0.0696442810876192,0,0,
1982,12,21,0.614620983600617,0.364398884791456,0,0,
1982,12,22,1.61493384838104,1.11241325332549,0,0,
1982,12,23,0.213542878627777,0.931922595209414,0,0,
1982,12,24,0.000681232253555208,0.110666717837546,0,0,
1982,12,25,0.00469578662887216,0.00279459058123166,0,0,
1982,12,26,0.00398136535659432,0.00434390621342118,0,0,
1982,12,27,0.0646320134401321,0.0173009057629088,0,0,
1982,12,28,0.0538286082446575,0.0565039386710851,0,0,
1982,12,29,0.136848464608192,0.0924264946487483,0,0,
1982,12,30,0.387272328138351,0.268692851885874,0,0,
1982,12,31,0.116801396012306,0.259556505023738,0,0,
1983,1,1,0.0939053222537041,0.112254857692335,0,0,
1983,1,2,0.138674393296242,0.121790071954194,0,0,
1983,1,3,0.646598637104034,0.379365224363312,0,0,
1983,1,4,0.032082986086607,0.313817076387977,0,0,
1983,1,5,0.00604045344516635,0.0188743707541335,0,0,
1983,1,6,0.526990056037903,0.251178853940075,0,0,
1983,1,7,0.236468359827995,0.406448650682478,0,0,
1983,1,8,0.671362817287445,0.441936072784813,2.27373675443232e-13,0,
1983,1,9,7.17183208465576,2.93691555425028,0.97300940209584,0,
1983,1,10,1.19000136852264,3.22463379581973,0.986324855854036,0,
1983,1,11,0.254509031772614,0.664229382738881,0,0,
1983,1,12,0.10819461196661,0.148156922573833,0,0,
1983,1,13,0.101592391729355,0.10403801629252,0,0,
1983,1,14,0.176235362887383,0.121762984789598,0,0,
1983,1,15,0.251343697309494,0.184372794559351,0,0,
1983,1,16,0.0750477984547615,0.166352881803618,0,0,
1983,1,17,0.020310690626502,0.0436563761077196,0,0,
1983,1,18,0.304742872714996,0.201026873988894,0,0,
1983,1,19,0.960958659648895,0.59226736885671,0,0,
1983,1,20,1.48075592517853,1.16442259092889,0,0,
1983,1,21,0,0.689027408782351,0,0,
1983,1,22,0.252631336450577,0.0729951928270793,0,0,
1983,1,23,1.21871781349182,0.723928428223132,-2.27373675443232e-13,0,
1983,1,24,0.0452621839940548,0.625785243331677,2.27373675443232e-13,0,
1983,1,25,7.30088795535266e-05,0.0178628193347663,0,0,
1983,1,26,0.0266118589788675,0.0111260806051519,0,0,
1983,1,27,0.0153320590034127,0.0242328786955,0,0,
1983,1,28,0.0663783699274063,0.043444731554132,0,0,
1983,1,29,0.112107463181019,0.0908063026765262,0,0,
1983,1,30,0.0140916891396046,0.0803269876325885,0,0,
1983,1,31,0.00284310849383473,0.0138893153135768,0,0,
1983,2,1,0.0361234471201897,0.0193476008807352,0,0,
1983,2,2,0.0405423268675804,0.0378888421362831,0,0,
1983,2,3,0.00388414552435279,0.0348553221118095,0,0,
1983,2,4,0.0221058335155249,0.0157394554253187,0,0,
1983,2,5,0.0278219822794199,0.0237749813526875,0,0,
1983,2,6,0,0.0123873828340493,0,0,
1983,2,7,0.0391571260988712,0.013547248176792,0,0,
1983,2,8,0.00934710912406445,0.0331719021132244,0,0,
1983,2,9,0.113055527210236,0.0613925081089519,2.27373675443232e-13,5.6843418860808e-14,
1983,2,10,1.67305958271027,0.982476803451618,-2.27373675443232e-13,-5.6843418860808e-14,
1983,2,11,0.465863049030304,1.10294368472046,0,0,
1983,2,12,0.00536874961107969,0.304994876152364,0,0,
1983,2,13,0.00045220652827993,0.00273726184639145,0.000173220806345853,1.82817448303877,
1983,2,14,0.023023396730423,0.00616005430231326,0.00553616560819137,1.83491380343804,
1983,2,15,0.0825373753905296,0.0446315943189006,0.0080001232865925,0,
1983,2,16,0.0694101452827454,0.0611747468917088,0.0129175081224275,0,
1983,2,17,3.559326171875,1.74531934830497,0.00896916937335845,0,
1983,2,18,1.75635898113251,2.74333559281371,0,0,
1983,2,19,0.321546226739883,0.980198626971003,0,0,
1983,2,20,0.113423250615597,0.197414218554627,0,0,
1983,2,21,0.000144818783155642,0.0673825438574909,0,0,
1983,2,22,0.0202558916062117,0.0056429849727806,0,0,
1983,2,23,0.00388901610858738,0.0173015540221968,0,0,
1983,2,24,0.00168002105783671,0.005040635249145,0,0,
1983,2,25,0.000612706004176289,0.00146182041879683,0,0,
1983,2,26,0.112474203109741,0.0454389096347541,0.0155852291914016,0,
1983,2,27,0.538640677928925,0.125756446475691,0.19980211485904,0.301410623261575,
1983,2,28,0.139568209648132,0.153749859975619,0.185365289941728,0.30142520997407,
1983,3,1,0.101815573871136,0.13087269733046,0,0,0
1983,3,2,1.14439678192139,0.50120073761218,0.185645236141681,0,0
1983,3,3,0.374636977910996,0.446403291555896,0.313114009816218,2.20856773529067,0
1983,3,4,2.03340172767639,0.127555266874481,1.07427265639762,6.92789055159557,0
1983,3,5,9.48041534423828,0.0890662466035792,5.60136882055576,11.4252278834095,0
1983,3,6,16.827844619751,0,13.1501648236836,12.3269574630454,0.005485714333398
1983,3,7,9.85370540618896,4.9268487221683,8.41392910837681,0,0.137142862592425
1983,3,8,1.97387969493866,5.88656119170037,2.27373675443232e-13,0,0.305371420724051
1983,3,9,0.369641065597534,1.15260127625243,-2.27373675443232e-13,0,0.470857129778181
1983,3,10,3.19463251798879e-05,0.16746295997882,0,0,0.484571402413505
1983,3,11,0.0140806902199984,0.00647578515031455,0,0,0.516571426391602
1983,3,12,0.23815456032753,0.0326453298995943,0.093472207944842,2.19783399609236,1.14742856706892
1983,3,13,0.169523924589157,0.0376562626697705,0.166469108830597,5.83804953926546,1.80571430751256
1983,3,14,0.102068386971951,0.0629680564464366,0.0728310634656282,3.65266281838063,2.25371420724051
1983,3,15,0.0526949837803841,0.078012733884691,2.27373675443232e-13,0,1.1154285975865
1983,3,16,0.0120501108467579,0.0358985795971307,-2.27373675443232e-13,0,0.498285729544503
1983,3,17,0.465819537639618,0.192276971401157,0.0347860856745683,0,0.438857133047921
1983,3,18,0.078007809817791,0.248895319615087,0.0399030851256157,0,0.362057140895299
1983,3,19,0.00114280125126243,0.040000095919936,0,0,0.274285725184849
1983,3,20,5.4468444432132e-05,0.000531972663907254,0,-5.6843418860808e-14,0.268799999782017
1983,3,21,0,2.53793182878326e-05,0,5.6843418860808e-14,0.237714276994978
1983,3,22,3.02006355923368e-06,1.43829652188288e-06,0,0,0.232228578839983
1983,3,23,0.000233529732213356,9.70473671486616e-05,2.27373675443232e-13,5.6843418860808e-14,0.213942854745047
1983,3,24,0.0031993065495044,0.00186750231682709,-4.54747350886464e-13,-5.6843418860808e-14,0.217600005013602
1983,3,25,1.13749527931213,0.140432545706688,0.429913944393547,1.627859094766,0.226742853437151
1983,3,26,0.824636518955231,0.452007114075173,0.529131139547417,1.62861434639848,0.263314274379185
1983,3,27,0.000539006141480058,0.324982832609123,0.102690347418957,0,0.307199995858329
1983,3,28,5.99207814957481e-05,0.00027018141094004,1.28871988636092e-06,0,0.383999988010951
1983,3,29,0.794354617595673,0.137449276036193,0.259748260888728,0,1.08800005231585
1983,3,30,1.90570545196533,0.137428972933776,1.21258029237356,4.89233737903123,1.70514286586217
1983,3,31,5.73932647705078,0,3.79429893376278,-1.13686837721616e-13,1.40799996512277
1983,4,1,1.32145142555237,0.124443727247183,3.41190316502252,0.124443727247296,1.5817143031529
1983,4,2,0.612149477005005,0.294673351284416,0.67212952420482,0.124781137262175,1.81942858014788
1983,4,3,0.0783415660262108,0.175253658302722,0.16999184294491,0.617506257902562,2.31771436418806
1983,4,4,0.000771015009377152,0.00539842510556809,0.0344337584754157,0.00539842510556809,2.85714285714286
1983,4,5,0.00022910803090781,0,0.000518760747127089,0,3.09485713413784
1983,4,6,0,0,0.000113305886770831,0,3.81257149832589
1983,4,7,0.000533455575350672,0,0.000265095299710083,0,3.09485713413784
1983,4,8,2.31270746553491e-06,0,0.000271091947752211,0,2.05257132393973
1983,4,9,2.77956951322267e-06,0,2.54196720561595e-06,0,1.65485709054129
1983,4,10,0.00827244576066732,0,0.00473452906044258,5.6843418860808e-14,1.37142857142857
1983,4,11,0.146732345223427,0,0.0879238455565883,-5.6843418860808e-14,0.781714303152902
1983,4,12,0.102904997766018,0,0.120680855125102,-5.6843418860808e-14,0.539428547450474
1983,4,13,0.035878874361515,0.0167560049891904,0.052633419170661,5.6843418860808e-14,0.287085723876953
1983,4,14,0.000171643085195683,0.0168253949469772,0.00118360944338747,0,0.281599998474121
1983,4,15,0,9.68480218261902e-05,0,0,0.279771423339844
1983,4,16,0.00131619314197451,0.000618809747663818,4.90077818540158e-05,5.6843418860808e-14,0.276114273071289
1983,4,17,0.0110601605847478,0.00170643288021211,0.00448175059386813,0.0384688960170934,0.276114273071289
1983,4,18,0.0365854874253273,0.00121161010542892,0.0212730674311388,0.00121161010542892,0.26697142464774
1983,4,19,0.00012304974370636,0,0.0165033559051153,-5.6843418860808e-14,0.26651428767613
1983,4,20,0.000180900184204802,0,0.000155191334670235,5.6843418860808e-14,0.246399988446917
1983,4,21,0.000125230537378229,0,0.000151739221337266,0,0.209371430533273
1983,4,22,9.46049112826586e-06,0,7.19789109098201e-05,0,0.175999995640346
1983,4,23,7.05955826560967e-05,0,4.65118639567663e-05,0,0.152228573390416
1983,4,24,0.0692921206355095,0,0.0361516189261693,0,0.132571424756731
1983,4,25,1.9594908952713,0,0.960971403173289,0,0.123428576333182
1983,4,26,0.911575675010681,0,1.44757218934319,0,0.115200001852853
1983,4,27,0.0163943823426962,0,0.417967077774392,5.6843418860808e-14,0.103314283915928
1983,4,28,0.0625570118427277,0,0.0397743092155451,-5.6843418860808e-14,0.0955428600311279
1983,4,29,0.0267199855297804,0,0.0408401831450647,0,0.089599997656686
1983,4,30,0.000150129460962489,0,0.0158793903228798,0,0.0841142858777728
1983,5,1,0.000285798567347229,0,0.000209907880844185,0,0.0749714306422642
1983,5,2,2.61250897892751e-06,0,0.000162790124477397,-5.6843418860808e-14,0.0708571434020996
1983,5,3,0.00736931664869189,0,0.00301857666636352,5.6843418860808e-14,0.0676571437290737
1983,5,4,0.0185417179018259,5.6843418860808e-14,0.0116004258704834,5.6843418860808e-14,0.064914287839617
1983,5,5,0.00878556631505489,-5.6843418860808e-14,0.0149972212595912,-5.6843418860808e-14,0.0640000002724784
1983,5,6,8.11957579571754e-05,0,0.00453409889996692,0,0.0571428571428571
1983,5,7,7.38736998755485e-05,0,7.71052441450593e-05,0,0.0530285699026925
1983,5,8,0.00133574462961406,0,0.000547904104905683,0,0.0512000015803746
1983,5,9,0.750742733478546,0,0.365142570962462,0,0.0484571422849383
1983,5,10,3.46946811676025,0,2.11741254194953,0,0.044799998828343
1983,5,11,4.53384351730347,0,3.99130385251237,0,0.0443428584507534
1983,5,12,6.99878740310669,0,5.76353488057907,0,0.0525714295251029
1983,5,13,2.81580591201782,0,4.93955828431604,0,0.0589714254651751
1983,5,14,0.695495426654816,0.0142227589091135,1.78657412764665,0.0142227589091135,0.0576000009264265
1983,5,15,0.206385374069214,0.0248713009859785,0.485439099047426,0.0248713009859785,0.0589714254651751
1983,5,16,0.0106465602293611,0.00972876948355861,0.113406187927239,0.00972876948355861,0.0571428571428571
1983,5,17,0.835900008678436,0,0.380987395754346,0,0.0553142854145595
1983,5,18,0.305793136358261,0,0.573828154419061,0,0.0580571447099958
1983,5,19,0.0127413300797343,0,0.172305472570088,0,0.0544000012534005
1983,5,20,0.0298238042742014,0,0.0205967897222763,0,0.0525714295251029
1983,5,21,0.0369969345629215,0,0.0333366414040484,0,0.0516571419579642
1983,5,22,0.333056092262268,0,0.140242156874365,0,0.0452571426119123
1983,5,23,0.54772025346756,0,0.439998758519778,0,0.0411428587777274
1983,5,24,0.621833980083466,0,0.594911593894494,0,0.0347428560256958
1983,5,25,0.00075080303940922,0,0.324090920816616,0,0.0306285721915109
1983,5,26,0.235623449087143,0,0.12057196837327,0,0.0278857145990644
1983,5,27,1.4826797246933,0,0.852255357953254,0,0.0260571428707668
1983,5,28,0.754476606845856,0,1.1136178425952,0,0.0228571431977408
1983,5,29,0.145175993442535,0,0.465388885581433,0,0.0196571435247149
1983,5,30,0.241990432143211,0,0.192035531506917,0,0.0164571421486991
1983,5,31,0.0318596661090851,0,0.149835370289338,0,0.0132571424756731
1983,6,1,0.0722044557332993,0,0.053216725733364,0,0.0105142857347216
1983,6,2,3.88818454742432,0,1.98684373322249,0,0.00822857107434954
1983,6,3,1.45933282375336,0,2.65244249465786,-5.6843418860808e-14,0.00822857107434954
1983,6,4,0.104746609926224,5.6843418860808e-14,0.739855556570092,5.6843418860808e-14,0.00640000019754682
1983,6,5,0.00180328381247818,-5.6843418860808e-14,0.0553928639449168,0,0.005485714333398
1983,6,6,0,0,0.000951813192841655,0,0.00457142846924918
1983,6,7,0.443311005830765,0,0.21511280960317,0,0.00411428553717477
1983,6,8,0.142134115099907,0,0.301167531282545,0,0.00320000009877341
1983,6,9,0.182263597846031,0,0.164525268810621,0,0.002742857166699
1983,6,10,0.0113395489752293,0,0.0921095071525997,0,0.00228571423462459
1983,6,11,1.0870703458786,0,0.547107810850093,5.6843418860808e-14,0.0013714285833495
1983,6,12,8.06722831726074,0,4.56852467403542,-5.6843418860808e-14,0.0013714285833495
1983,6,13,6.43792009353638,0,7.29050652540536,0,0.0013714285833495
1983,6,14,5.43351221084595,0,5.91331166873624,0,0.000914285757711955
1983,6,15,4.4362645149231,0,4.92087237454666,0,0.0013714285833495
1983,6,16,0.952345013618469,0,2.73174314615858,0,0.0013714285833495
1983,6,17,0.0114291422069073,0,0.485867291026807,0,0.000914285757711955
1983,6,18,0.000108270083728712,0,0.00668214410529799,0,0.000914285757711955
1983,6,19,1.91722798347473,0,0.94306015959296,5.6843418860808e-14,0.000457142878855978
1983,6,20,5.35823678970337,0,3.63539056305422,-5.6843418860808e-14,0.000457142878855978
1983,6,21,16.1763362884522,0,10.7541523734619,0,0.000457142878855978
1983,6,22,7.58368539810181,0,11.7792358332297,0,0.000914285757711955
1983,6,23,0.0898367613554001,0,3.95069463677874,0,0.000914285757711955
1983,6,24,1.56054985523224,0,0.744885341581949,-5.6843418860808e-14,0.000914285757711955
1983,6,25,1.29733121395111,0,1.43863242208681,5.6843418860808e-14,0.000914285757711955
1983,6,26,0.00599100580438972,0,0.760369279866154,0,0.000457142878855978
1983,6,27,0.00235937326215208,0,0.00424776552927142,0,0.000457142878855978
1983,6,28,0.000614204851444811,0,0.00146327922084311,0,0.000457142878855978
1983,6,29,7.42473077774048,0,3.68285541568616,0,0.000457142878855978
1983,6,30,5.55945110321045,0,6.56147351232767,0,0.000457142878855978
1983,7,1,0.960362672805786,0,3.29960749559405,0,0.000457142878855978
1983,7,2,10.4723300933838,0,5.70717508104349,0,0.000914285757711955
1983,7,3,8.82316970825195,0,9.66456468049182,0,0.0013714285833495
1983,7,4,3.28747653961182,0,6.19658839811427,0,0.0013714285833495
1983,7,5,0.0270642824470997,0,1.61719895807096,0,0.0013714285833495
1983,7,6,0.0110488599166274,0,0.0199360034939673,0,0.000914285757711955
1983,7,7,0.0256653763353825,0,0.0166979666362295,0,0.000914285757711955
1983,7,8,0.00904856808483601,0,0.019217869379645,0,0.000914285757711955
1983,7,9,0.00845513679087162,0,0.00878003938169059,0,0.000457142878855978
1983,7,10,0.00372011214494705,0,0.00646319701422726,0,0.000457142878855978
1983,7,11,0.0551871247589588,0,0.0280563337087187,0,0.000457142878855978
1983,7,12,2.10702819458675e-06,0,0.0248506738064407,0,0
1983,7,13,0.00327822007238865,0,0.00148673734747717,0,0
1983,7,14,0.112086728215218,0,0.0543914420927649,0,0
1983,7,15,0.0175626594573259,0,0.0550884098283859,0,0
1983,7,16,0.0604130066931248,5.6843418860808e-14,0.0395059662344011,0,0
1983,7,17,0.275897443294525,-5.6843418860808e-14,0.164805273514048,0,0
1983,7,18,1.54028213024139,0,0.911759615677283,0,0
1983,7,19,2.42283749580383,0,1.98001662097067,5.6843418860808e-14,0
1983,7,20,1.65051972866058,0,2.04613726095749,-5.6843418860808e-14,0
1983,7,21,0.000795217405539006,0,0.827153741457551,0,0
1983,7,22,0.00744457030668855,0,0.00439924914439871,0,0
1983,7,23,0.000485228782054037,0,0.0038628581037301,0,0
1983,7,24,0.00995845161378384,0,0.00477752812139443,0,0
1983,7,25,0.000110035827674437,0,0.00659556367804726,0,0
1983,7,26,0.179767414927483,5.6843418860808e-14,0.112223393183513,5.6843418860808e-14,0
1983,7,27,4.68381357192993,-5.6843418860808e-14,2.42876543189163,-5.6843418860808e-14,0
1983,7,28,3.68144798278809,0,4.17438415442302,0,0
1983,7,29,3.88061714172363,0,3.77789418633006,0,0
1983,7,30,9.03684329986572,0,6.43536194812327,0,0
1983,7,31,6.80340576171875,0,7.99505630612293,-5.6843418860808e-14,0
1983,8,1,0.051197674125433,0,3.38993110987485,5.6843418860808e-14,0
1983,8,2,1.55393946170807,-5.6843418860808e-14,0.776602007509155,0,0
1983,8,3,1.93291282653809,5.6843418860808e-14,1.71840578123283,0,0
1983,8,4,0.471954077482224,0,1.22113866051723,0,0
1983,8,5,0.00108536146581173,0,0.264332282358737,0,0
1983,8,6,0.00338651845231652,0,0.00239050988488998,0,0
1983,8,7,0.00499748531728983,0,0.00418214824640017,0,0
1983,8,8,0.000407933926908299,0,0.00260547854418292,0,0
1983,8,9,0.847503423690796,0,0.418914928579852,0,0
1983,8,10,2.25585770606995,0,1.53031900406836,0,0
1983,8,11,0.118745408952236,0,1.18772177244614,0,0
1983,8,12,0.0265314225107431,5.6843418860808e-14,0.074308248504849,0,0
1983,8,13,0.0106214759871364,-5.6843418860808e-14,0.0176149233209344,0,0
1983,8,14,0.0139268701896071,0,0.0120188117919042,0,0
1983,8,15,0.0475514084100723,0,0.0348741234124645,0,0
1983,8,16,1.02649867534637,0,0.538494221263818,0,0
1983,8,17,0.563912451267242,0,0.801331617440383,0,0
1983,8,18,0.176102519035339,0,0.381516411728171,0,0
1983,8,19,0.188761472702026,5.6843418860808e-14,0.181986125952108,5.6843418860808e-14,0
1983,8,20,3.85586905479431,0,2.0274166411898,-5.6843418860808e-14,0
1983,8,21,2.16972064971924,0,3.03192686648868,0,0
1983,8,22,0.641454219818115,-5.6843418860808e-14,1.41314191018591,0,0
1983,8,23,8.31491088867188,0,4.48452705200612,0,0
1983,8,24,1.03946948051453,0,4.70696890549016,0,0
1983,8,25,0.283213198184967,0,0.680163614794083,0,0
1983,8,26,1.00907003879547,0,0.667471563471736,0,0
1983,8,27,5.53493785858154,0,3.24448457573681,0,0
1983,8,28,4.32096290588379,0,4.9212416050807,0,0
1983,8,29,4.49615955352783,0,4.42509395363527,0,0
1983,8,30,0.0260049290955067,5.6843418860808e-14,2.31944226323549,0,0
1983,8,31,0.303865224123001,-5.6843418860808e-14,0.184794993223477,5.6843418860808e-14,0
1983,9,1,0.146464377641678,0,0.227668304724148,-5.6843418860808e-14,0
1983,9,2,0.138025596737862,0,0.143055845184108,0,0
1983,9,3,0.225621312856674,0,0.183748041611125,0,0
1983,9,4,0.00359727907925844,0,0.118395448708725,0,0
1983,9,5,4.37721967697144,0,2.17296739989843,0,0
1983,9,6,2.57990622520447,0,3.44847331827896,0,0
1983,9,7,0.151347786188126,0,1.33301735454984,0,0
1983,9,8,9.78284645080566,0,4.93335545131868,0,0
1983,9,9,3.89723920822144,0,6.84053740273225,5.6843418860808e-14,0
1983,9,10,0.171065658330917,0,2.0816256746009,-5.6843418860808e-14,0
1983,9,11,0.0756383538246155,0,0.127486576424644,0,0
1983,9,12,0.283093243837357,0,0.137921917728136,0,0
1983,9,13,1.06384992599487,0,0.669309403906937,0,0
1983,9,14,4.3538236618042,0,2.70410803679283,0,0
1983,9,15,9.93555545806885,0,7.17736020469079,0,0
1983,9,16,3.70518016815186,0,6.88477038268275,0,0
1983,9,17,0.567818462848663,0,2.18902214602304,0,0
1983,9,18,0.656994581222534,0,0.611930349009072,0,0
1983,9,19,0.103423528373241,0,0.44327541139819,0,0
1983,9,20,0.758769333362579,0,0.363712454613278,5.6843418860808e-14,0
1983,9,21,0.284675300121307,0,0.581218568267786,-5.6843418860808e-14,0
1983,9,22,0.0488749779760838,0,0.105894849880769,0,0
1983,9,23,0.0102566257119179,0,0.0323128918082602,0,0
1983,9,24,0.0161085985600948,0,0.0132300377922547,0,0
1983,9,25,0.0254357345402241,0,0.0208709157398062,0,0
1983,9,26,1.60222803913257e-08,0,0.00748421928619791,0,0
1983,9,27,1.54998505115509,0,0.792836050658934,0,0
1983,9,28,0.497783809900284,0,0.948364089442521,0,0
1983,9,29,1.96998190879822,0,1.2434944518634,0,0
1983,9,30,7.2879056930542,0,4.64875544477513,0,0
1983,10,1,3.87942457199097,0,5.54972937351545,0,0
1983,10,2,4.14220428466797,0,3.99508213065792,0,0
1983,10,3,1.6363126039505,0,2.94916076810046,0,0
1983,10,4,0.645795941352844,0,1.16336674075274,0,0
1983,10,5,1.97997331619263,0,1.25466377652606,0,0
1983,10,6,0.274429440498352,0,1.19890123623532,-5.6843418860808e-14,0
1983,10,7,2.22339987754822,0,1.18781930241857,5.6843418860808e-14,0
1983,10,8,0.106681182980537,0,1.09625461023734,0,0
1983,10,9,1.62974953651428,0,0.787629820388247,0,0
1983,10,10,3.07270622253418,0,2.29272204462109,0,0
1983,10,11,0.630066931247711,0,1.89295290709038,0,0
1983,10,12,1.47856104373932,0,1.05423698609115,0,0
1983,10,13,0.0739023610949516,0.00516072066011475,0.826372167353156,0.00516072066005791,0
1983,10,14,0.0445474721491337,0.00422298126341047,0.0511440020241025,0.00422298126346732,0
1983,10,15,1.34349346160889,0,0.742545040706773,0,0
1983,10,16,1.45548641681671,0,1.37395708685563,0,0
1983,10,17,0.0301233176141977,0,0.670512755121081,0,0
1983,10,18,9.75761577137746e-06,1.36408732487325e-06,0.0108996556314196,1.36408726802983e-06,0
1983,10,19,0.134109154343605,1.3776274272459e-06,0.0476588438987164,1.37762748408932e-06,0
1983,10,20,0.022918188944459,0,0.0867033436545626,-5.6843418860808e-14,0
1983,10,21,0.00150099245365709,0,0.00583165350803938,5.6843418860808e-14,0
1983,10,22,0.00492781307548285,0,0.00410899125199649,0,0
1983,10,23,3.15090680122376,0,1.50771217881447,0,0
1983,10,24,2.20262002944946,5.6843418860808e-14,2.73346490418544,5.6843418860808e-14,0
1983,10,25,0.13983927667141,-5.6843418860808e-14,1.23067125550392,0,0
1983,10,26,0.0268376562744379,0,0.0758047520973832,-5.6843418860808e-14,0
1983,10,27,0.00126053777057678,0,0.0106755316242015,0,0
1983,10,28,0.00136365939397365,0,0.00132098706717443,-5.6843418860808e-14,0
1983,10,29,6.47088018013164e-06,0,0.00105205777640549,5.6843418860808e-14,0
1983,10,30,0.0210705175995827,0,0.010121641149226,0,0
1983,10,31,0.00249989726580679,0,0.0144058763471548,0,0
1983,11,1,0.0391934663057327,0,0.0230507851715629,0,
1983,11,2,0.0210661850869656,0,0.0294970064685458,0,
1983,11,3,0.0445211566984653,0,0.03656546966522,0,
1983,11,4,0.0252586491405964,0,0.0369202595165916,-5.6843418860808e-14,
1983,11,5,0.00281720026396215,0,0.0146739911688201,5.6843418860808e-14,
1983,11,6,0.0345628820359707,0,0.0120020836966432,5.6843418860808e-14,
1983,11,7,0.670730352401733,0,0.290781886913692,-5.6843418860808e-14,
1983,11,8,0.249345496296883,0,0.49456171399811,0,
1983,11,9,0.0816062390804291,0.0218133156403155,0.14365791062778,0,
1983,11,10,4.43826429545879e-05,0.0218470010253782,0.0190020807074234,0,
1983,11,11,0.00040064359200187,0.000207915929365754,0,0,
1983,11,12,1.17327511310577,0.586552681744252,0,0,
1983,11,13,1.13070356845856,0.951803157180677,0.205010880472855,0,
1983,11,14,0.0591131299734116,0.305842243657423,0.289066351194379,2.39617311483789,
1983,11,15,0.000411691755289212,0.00578472533999275,0.0244713679308006,0.00568335496762984,
1983,11,16,0.000288547395030037,0.000189562328728243,0.000160476256496622,0,
1983,11,17,0.0896102860569954,0.0233267332028504,0.0216219534479478,0,
1983,11,18,0.344230681657791,0.0600990196334124,0.156821439524037,0.12716320149849,
1983,11,19,3.69870376586914,0.284682824902461,1.78194191034208,0.284682824902461,
1983,11,20,6.76297235488892,1.28099013998536,3.94984640175494,0.633768752311312,
1983,11,21,1.12468457221985,1.60116672976312,2.34341255633558,0.391579808438053,
1983,11,22,0.761886358261108,0.94672195555296,0,0,
1983,11,23,0.781348526477814,0.765974483015214,0,0,
1983,11,24,0.154801353812218,0.456461954011559,0,0,
1983,11,25,0.0320183783769608,0.111217915647671,2.27373675443232e-13,5.6843418860808e-14,
1983,11,26,0.0355226024985313,0.0345833418489292,-2.27373675443232e-13,-5.6843418860808e-14,
1983,11,27,0.0496556647121906,0.0440840991290656,2.27373675443232e-13,0,
1983,11,28,1.87152945995331,0.945443280725783,-2.27373675443232e-13,0,
1983,11,29,1.09423196315765,1.49985633355243,0,0,
1983,11,30,0.649246692657471,0.884661759897938,0,0,
1983,12,1,0.0384766682982445,0.335707924993812,0,0,
1983,12,2,0.00710069574415684,0.0169703766464409,0,0,
1983,12,3,0.0066102440468967,0.00685213326454459,2.27373675443232e-13,0,
1983,12,4,0.000751348154153675,0.00479531845257952,-2.27373675443232e-13,0,
1983,12,5,0.00381203275173903,0.00139957904002586,0,0,
1983,12,6,0.0572647862136364,0.0280882076122566,0,5.6843418860808e-14,
1983,12,7,0.131213933229446,0.101128928432502,0,-5.6843418860808e-14,
1983,12,8,0.00340375560335815,0.0433557121035619,0,0,
1983,12,9,0.0257975906133652,0.02058290689871,0,0,
1983,12,10,0.920987129211426,0.454397123780666,0,0,
1983,12,11,0.995509147644043,0.95032805231881,-2.27373675443232e-13,0,
1983,12,12,0.418263167142868,0.737289276024228,2.27373675443232e-13,5.6843418860808e-14,
1983,12,13,0.201979279518127,0.345734551516671,0,0,
1983,12,14,0.231786772608757,0.22165215055611,-2.27373675443232e-13,-5.6843418860808e-14,
1983,12,15,0.0231073852628469,0.159693328380342,2.27373675443232e-13,0,
1983,12,16,0.0259304586797953,0.0245703686312027,0,0,
1983,12,17,0.00280423322692513,0.01818587029328,0,0,
1983,12,18,0.000188391568372026,0.00271478649341361,0,0,
1983,12,19,0.00393415102735162,0.00174986705337687,0,0,
1983,12,20,0.377430230379105,0.180012584527105,0,0,
1983,12,21,0.459058493375778,0.401236362063628,0,0,
1983,12,22,0.103000342845917,0.307313042398903,0,0,
1983,12,23,0.163391441106796,0.115464238663492,0,0,
1983,12,24,0.808625221252441,0.523074045079227,0,0,
1983,12,25,0.407408952713013,0.664481070771501,0,0,
1983,12,26,0.0602429285645485,0.256491767253124,0,0,
1983,12,27,0.0942843779921532,0.0646024704380466,0,0,
1983,12,28,0.0447657182812691,0.0722875197334929,0,0,
1983,12,29,0.00359992892481387,0.0342076398766267,0,0,
1983,12,30,0,0.00307530623723551,0,0,
1983,12,31,0.00179792160633951,0.000460142753127002,0,0,
1984,1,1,0.00356663973070681,0.00240431371048544,0,0,
1984,1,2,0.00745406048372388,0.00569089520882926,0,0,
1984,1,3,0.0204318258911371,0.0091105333874566,0.000563413460668016,0,
1984,1,4,0.687194049358368,0.353827238256145,0.00135085388978951,0,
1984,1,5,0.269427686929703,0.429689497688059,0.0264198971774476,0,
1984,1,6,0.000201841350644827,0.144010568879537,0.0310177920002843,0,
1984,1,7,0.115377627313137,0.0561125255447337,2.81211396213621e-06,0,
1984,1,8,0.159908831119537,0.129098309057952,5.86169335292652e-10,0,
1984,1,9,0.021438242867589,0.133351642188757,0,0,
1984,1,10,0.00103292183484882,0.0262976800488559,0,0,
1984,1,11,0.00782934762537479,0.00625541076669833,0,0,
1984,1,12,0.00182867969851941,0.00527829504676447,0,0,
1984,1,13,0.0735785067081451,0.0155376398090539,0,0,
1984,1,14,0.0046785268932581,0.0326633565435372,2.27373675443232e-13,0,
1984,1,15,1.21255803108215,0.575912002517555,-2.27373675443232e-13,0,
1984,1,16,0.48421248793602,0.911404006913472,0,0,
1984,1,17,0,0.287066524869374,-2.27373675443232e-13,0,
1984,1,18,0.107147477567196,0.0205891280600667,2.27373675443232e-13,0,
1984,1,19,0,0.044213576047639,2.27373675443232e-13,0,
1984,1,20,0.312579900026321,0.0918193468445452,-2.27373675443232e-13,0,
1984,1,21,0.254103094339371,0.28350131817416,0,0,
1984,1,22,0.363135427236557,0.292363291811171,0,0,
1984,1,23,1.18936693668365,0.816488237570866,0,0,
1984,1,24,0.527939200401306,0.811995494885366,0,0,
1984,1,25,0.348550707101822,0.491752118609952,0,0,
1984,1,26,1.1007707118988,0.767554484297477,0,0,
1984,1,27,2.04415655136108,1.59747029013164,0,0,
1984,1,28,2.80549454689026,2.35647917960495,0,0,
1984,1,29,0.513215482234955,1.67698527083968,0,0,
1984,1,30,0.415566265583038,0.484140495499901,0,0,
1984,1,31,0.0314220301806927,0.297247528467494,0,-5.6843418860808e-14,
1984,2,1,0.0734281316399574,0.0493755426325038,0,5.6843418860808e-14,
1984,2,2,0.402114540338516,0.183488421486686,0,0,
1984,2,3,0.48994705080986,0.434504345975483,0,0,
1984,2,4,2.59058904647827,1.48995065869804,0,0,
1984,2,5,0.504251599311829,1.66454977421256,0,0,
1984,2,6,0.0439081750810146,0.369160675304727,2.27373675443232e-13,0,
1984,2,7,0,0.0255321948862388,-2.27373675443232e-13,0,
1984,2,8,0.0037454878911376,0.0010392163128472,0,0,
1984,2,9,0.00159279373474419,0.00235553476403538,0,0,
1984,2,10,0.0338753685355186,0.0169968414787718,0,0,
1984,2,11,0.0198305137455463,0.0315198452372556,0,0,
1984,2,12,1.97770631313324,0.876451319129615,0.154695904215941,0,
1984,2,13,1.19264030456543,1.33623504661341,0.331667191238466,0,
1984,2,14,0.227298274636269,0.551413874632203,0.27269059066839,0,
1984,2,15,2.26359343528748,0.550773136189264,0.64133795748171,0,
1984,2,16,2.8037736415863,0.675009560684714,1.85867407879596,4.09889644985333,
1984,2,17,1.82742297649384,0.602982734600403,1.71468940872774,4.11630757177306,
1984,2,18,0.00465713115409017,0.442745181685439,0.476996773575138,0,
1984,2,19,0.00141452183015645,0.00286777898452328,0,0,
1984,2,20,0.00331612559966743,0.0024373590336495,0,0,
1984,2,21,0.00376368337310851,0.0026802901277847,0.000828889336844441,0,
1984,2,22,0.00106757250614464,0.000992222622983263,0.00142227207470569,3.93585476958776,
1984,2,23,0.152111887931824,0.0419929956539704,0.034460456764009,3.9429589120989,
1984,2,24,0.0682870745658875,0.0761599529557202,0.0341206400576084,0,
1984,2,25,0.000179482987732627,0.0485055552870222,0,0,
1984,2,26,0.0273222420364618,0.00571453407764011,0,0,
1984,2,27,0.108591929078102,0.0615088769193335,0,0,
1984,2,28,0.00026651649386622,0.0830573134625183,0,0,
1984,2,29,0.00960785429924726,0.00952478660479983,0,0,
1984,3,1,0.026480982080102,0.0217196299517468,0,0,0
1984,3,2,1.15030952656525e-05,0.0212438331907947,0,0,0
1984,3,3,0.18919076025486,0.0431087745889158,0,0,0
1984,3,4,0.606241345405579,0.332760000334645,0,0,0
1984,3,5,0.0199053771793842,0.170882079017929,0,0,0
1984,3,6,0.026657784357667,0.0232994293481283,0,0,0
1984,3,7,0.19439160823822,0.0613621971893394,0,0,0
1984,3,8,0.0442517548799515,0.107521565404966,0,0,0
1984,3,9,0.074133425951004,0.0574760210441241,0,0,0
1984,3,10,0.0619981475174427,0.0716854297394889,0,0,0
1984,3,11,0.00213650404475629,0.0349804110057335,0,0,0
1984,3,12,0.120682261884213,0.0536750494930516,0,0,0
1984,3,13,1.17385506629944,0.533684349739247,0,0,0
1984,3,14,1.57955539226532,1.47599979116183,0,5.6843418860808e-14,0
1984,3,15,0.407232642173767,1.01403328520865,0,-5.6843418860808e-14,0
1984,3,16,0.233019828796387,0.286734916206854,0,0,0
1984,3,17,0.0444134436547756,0.135987514474209,0,0,0
1984,3,18,0.000213791019632481,0.0327139876098386,0,0,0
1984,3,19,7.39142124075443e-05,0.00178125550598907,0,0,0
1984,3,20,0.0015939756995067,0.000315291181607336,0.000179660081812472,0,0
1984,3,21,5.58206920686644e-07,0.000444240877072843,0.000303331997656642,2.63653367193956,0
1984,3,22,0.000360890291631222,9.1593836998527e-05,8.98363127816992e-05,2.62620660462022,0
1984,3,23,0.00759115582332015,9.12131590666831e-05,0.00388361490740863,8.00539981474253,0
1984,3,24,0.0011178192216903,0,0.00437306221783729,24.1495540390279,0.00959999987057277
1984,3,25,0.330690532922745,0,0.169204430142145,12.7047355395892,0.0196571435247149
1984,3,26,1.95717322826386,0,1.0743222220035,0,0.0365714277539934
1984,3,27,1.68499529361725,0,1.78804687418187,0,0.087771429334368
1984,3,28,6.62943348288536e-05,0,0.988934458690892,0,0.370742852347238
1984,3,29,0.000348160188877955,9.92643492736534e-06,0.000199564794911566,9.92643498420875e-06,0.484571402413505
1984,3,30,0.0295737385749817,0.000508110247778859,0.0162096445756106,0.000508110247665172,0.5348571232387
1984,3,31,0.000663021055515856,0.000504988031877929,0.0165286855462909,0.000504988031934772,0.594285692487444
1984,4,1,0.0100860744714737,0,0.00590162025810059,0,0.594285692487444
1984,4,2,0.000790529535152018,0,0.0047841626387708,0,0.493714305332729
1984,4,3,6.58695989841363e-06,0,0.000352772623045894,-5.6843418860808e-14,0.390857151576451
1984,4,4,0.019103080034256,0,0.00581025598921769,5.6843418860808e-14,0.209828567504883
1984,4,5,0.00425482494756579,0,0.00960447903889872,0,0.157714285169329
1984,4,6,6.02982117925421e-06,0,0.00158720810668456,5.6843418860808e-14,0.146742861611503
1984,4,7,0.0514727421104908,5.6843418860808e-14,0.0144042222591452,-5.6843418860808e-14,0.122057138170515
1984,4,8,0.00375480204820633,-5.6843418860808e-14,0.0427911605470399,0,0.0973714283534459
1984,4,9,0.0148372016847134,0,0.0115053912641088,0,0.0653714316231864
1984,4,10,4.41707181930542,0,2.26771938467573,0,0.0434285708836147
1984,4,11,11.8806915283203,0,8.09415307701511,0,0.0338285718645368
1984,4,12,5.87859153747559,0,8.92426898422855,0,0.0283428566796439
1984,4,13,0.715038597583771,0,3.31940226194274,0,0.0201142856052944
1984,4,14,0.000212698898394592,0,0.464964528815472,0,0.0118857145309448
1984,4,15,0.00234013167209923,0,0.00153857764507848,0,0.00685714270387377
1984,4,16,5.83855253353249e-05,0,0.00124246864606903,0,0.00457142846924918
1984,4,17,2.45106148213381e-05,0,4.99342932016589e-05,0,0.00320000009877341
1984,4,18,8.9886152636609e-06,-5.6843418860808e-14,1.73367607203545e-05,0,0.00228571423462459
1984,4,19,2.66283605014905e-05,5.6843418860808e-14,1.72459604073083e-05,0,0.00182857151542391
1984,4,20,7.46852674637921e-06,0,1.97571816897835e-05,0,0.0013714285833495
1984,4,21,4.7458761400776e-05,-5.6843418860808e-14,2.88054907287005e-05,0,0.000914285757711955
1984,4,22,9.27154087548843e-06,5.6843418860808e-14,2.91687983917655e-05,0,0.000457142878855978
1984,4,23,0.0368023291230202,0,0.014529709670569,0,0.000457142878855978
1984,4,24,1.65396797657013,0,0.82894582932704,0,0.000457142878855978
1984,4,25,0.607341170310974,0,1.14410153479957,0,0
1984,4,26,8.14624118804932,0,4.40301894075446,0,0.00365714303084782
1984,4,27,18.9242210388184,0,13.4706577057173,0,0.0269714287349156
1984,4,28,5.27873039245606,0.247495824061332,11.8132440272102,0.247495824061332,0.00914285693849836
1984,4,29,0.278168678283691,0.300230763458387,2.47822722506317,0.246027728340493,0.00640000019754682
1984,4,30,0.0342379324138165,0.0542957565249367,0.101520158676976,0.278257903089184,0.00640000019754682
1984,5,1,0.00152017443906516,3.90197943715975e-05,0.00821740738092558,3.90197943715975e-05,0.005485714333398
1984,5,2,4.02547921112273e-05,0,0.000694583384756697,0,0.00502857140132359
1984,5,3,0.02393988519907,0,0.008270344394532,0,0.00457142846924918
1984,5,4,0.0320786163210869,5.6843418860808e-14,0.0292286565409086,0,0.00411428553717477
1984,5,5,0.0242224168032408,-5.6843418860808e-14,0.0281884582877865,0,0.00365714303084782
1984,5,6,1.71124422550201,0,0.829026497684936,0,0.00320000009877341
1984,5,7,0.827934861183167,0,1.27262446604664,0,0.002742857166699
1984,5,8,0.0150638520717621,0,0.457540422190505,0,0.00182857151542391
1984,5,9,0.311522573232651,0,0.132974844661931,0,0.0013714285833495
1984,5,10,0.180788189172745,0,0.238207199082353,0,0.0013714285833495
1984,5,11,0.173891201615334,0,0.177596073907807,5.6843418860808e-14,0.000914285757711955
1984,5,12,2.29694747924805,0,1.19561944492079,-1.13686837721616e-13,0.000914285757711955
1984,5,13,1.65296816825867,0,1.98135677621622,5.6843418860808e-14,0.002742857166699
1984,5,14,0.0221793483942747,5.6843418860808e-14,0.817296354031896,0,0.0013714285833495
1984,5,15,0.0123009374365211,-5.6843418860808e-14,0.0175705297951936,0,0.000914285757711955
1984,5,16,0.0695265606045723,0,0.038344334973317,0,0.000457142878855978
1984,5,17,0.0035673517268151,0,0.0393268754169185,0,0
1984,5,18,0.244620755314827,0,0.126823813147894,0,0
1984,5,19,0.638635098934174,0,0.440541576271244,-5.6843418860808e-14,0
1984,5,20,5.21647644042969,0,2.94251892254897,5.6843418860808e-14,0
1984,5,21,3.47030258178711,0,4.35597004308193,5.6843418860808e-14,0.000457142878855978
1984,5,22,0.311582088470459,0,1.90374362471903,-5.6843418860808e-14,0
1984,5,23,0.747348666191101,0,0.480921967762242,0,0
1984,5,24,0.184409826993942,0,0.492758541405692,0,0
1984,5,25,0.0470386557281017,0,0.108564493342783,0,0
1984,5,26,0.00173687085043639,0,0.0278823559683588,0,0
1984,5,27,2.76256214419846e-05,0,0.000665154858324968,0,0
1984,5,28,0.0409632064402103,0,0.0220021876239116,0,0
1984,5,29,6.93188267177902e-05,0,0.0252352293086915,0,0
1984,5,30,1.17961653813836e-05,0,3.75729036932171e-05,0,0
1984,5,31,0.77854859828949,0,0.388391122571193,0,0
1984,6,1,0.0141302589327097,0,0.407910013610945,0,0
1984,6,2,0.0340530015528202,0,0.0247860854201463,0,0
1984,6,3,0.00402177637442946,0,0.0195939627606094,0,0
1984,6,4,0.429970651865006,-5.6843418860808e-14,0.21367391794729,-5.6843418860808e-14,0
1984,6,5,0.905031681060791,5.6843418860808e-14,0.662659680835077,5.6843418860808e-14,0
1984,6,6,19.0189781188965,0,9.96991424253702,0,0.000457142878855978
1984,6,7,20.5689811706543,0,19.680937164208,0,0.000914285757711955
1984,6,8,25.0315914154053,0,22.7289337886082,0,0.0178285717964172
1984,6,9,5.67463064193726,0,15.3966908036341,0,0.241828564235142
1984,6,10,0.125104963779449,0,2.86095782315897,0,0.359314291817801
1984,6,11,2.72510099411011,0,1.39761930941086,0,0.225828565870013
1984,6,12,4.21105766296387,0,3.43520475426976,0,0.136228575025286
1984,6,13,1.1849102973938,0,2.71096847827675,0,0.101028571810041
1984,6,14,0.0842499434947968,0,0.568473490193355,0,0.0754285744258336
1984,6,15,0.84240448474884,0,0.486013341653234,0,0.0589714254651751
1984,6,16,12.7320575714111,0,6.74219296979527,0,0.0502857140132359
1984,6,17,0.652050673961639,0,6.70084866242451,0,0.0420571429388864
1984,6,18,0.0313506238162518,0,0.351193478977166,0,0.0320000001362392
1984,6,19,0.0306880827993155,0,0.0310236281743528,-5.6843418860808e-14,0.0228571431977408
1984,6,20,0.488238781690598,0,0.295189040747573,5.6843418860808e-14,0.0155428579875401
1984,6,21,6.83107995986939,0,3.59002438435073,0,0.0105142857347216
1984,6,22,1.92469453811646,0,4.2999060674133,0,0.00777142899377005
1984,6,23,0.711357593536377,0,1.38499652561268,0,0.00640000019754682
1984,6,24,0.117096275091171,0,0.402849575375512,0,0.00457142846924918
1984,6,25,1.62224137783051,0,0.809771220403945,0,0.00365714303084782
1984,6,26,9.74798393249512,0,5.62860343650436,0,0.00868571400642395
1984,6,27,3.84888648986816,0,6.75419204435639,-5.6843418860808e-14,0.00777142899377005
1984,6,28,0.0137388212606311,0,1.94154337804957,5.6843418860808e-14,0.00640000019754682
1984,6,29,0.0148929161950946,0,0.0144090421840701,0,0.00457142846924918
1984,6,30,3.43337535858154,0,1.75549516794217,0,0.00320000009877341
1984,7,1,7.62642335891724,0,5.56286192154585,0,0.00457142846924918
1984,7,2,0.553479850292206,0,4.15568556756307,0,0.00457142846924918
1984,7,3,0.431973457336426,0,0.484055890682157,0,0.002742857166699
1984,7,4,0.121242821216583,5.6843418860808e-14,0.277523526663117,5.6843418860808e-14,0.00182857151542391
1984,7,5,0.23249863088131,-1.13686837721616e-13,0.17779446040322,-5.6843418860808e-14,0.0013714285833495
1984,7,6,0.0248049553483725,5.6843418860808e-14,0.114102384049602,0,0.000914285757711955
1984,7,7,3.203697681427,0,1.5960761062297,0,0.000914285757711955
1984,7,8,7.49961471557617,0,5.34626349121527,0,0.000914285757711955
1984,7,9,1.1765627861023,0,4.36822513075549,0,0.000914285757711955
1984,7,10,0.16335092484951,0,0.696588536922718,-5.6843418860808e-14,0.000457142878855978
1984,7,11,0.734131455421448,0,0.486686026514235,5.6843418860808e-14,0.000457142878855978
1984,7,12,2.72986745834351,0,1.73720254691443,-5.6843418860808e-14,0.000457142878855978
1984,7,13,8.16502666473389,-5.6843418860808e-14,5.45254396073915,5.6843418860808e-14,0.000457142878855978
1984,7,14,2.36935114860535,0,5.2636931741099,0,0.000457142878855978
1984,7,15,0.0575131326913834,5.6843418860808e-14,1.19281963047979,0,0.000457142878855978
1984,7,16,1.50381398200989,0,0.773131533468586,0,0.000457142878855978
1984,7,17,1.17138159275055,0,1.34727529922839,5.6843418860808e-14,0
1984,7,18,0.0074731633067131,5.6843418860808e-14,0.607131450069574,-5.6843418860808e-14,0
1984,7,19,0.0637900233268738,-5.6843418860808e-14,0.0351091234292653,0,0
1984,7,20,0.103554055094719,0,0.0826616893627943,0,0
1984,7,21,0.0967571586370468,0,0.100512421333406,0,0
1984,7,22,1.10595035552979,0,0.617503491116622,0,0
1984,7,23,0.0191399976611137,0,0.577203361989177,0,0
1984,7,24,0.00122434576041996,0,0.00960686488042484,0,0
1984,7,25,0.473984241485596,0,0.227132078218801,0,0
1984,7,26,0.354733943939209,0,0.407599342694539,0,0
1984,7,27,0.111850216984749,0,0.234475024153653,0,0
1984,7,28,0.00350778875872493,0,0.0560180590537129,0,0
1984,7,29,1.20462477207184,0,0.595843642215186,0,0
1984,7,30,4.69867467880249,-5.6843418860808e-14,2.94481362412034,-5.6843418860808e-14,0
1984,7,31,3.13209557533264,5.6843418860808e-14,3.93431654261394,5.6843418860808e-14,0
1984,8,1,1.63773250579834,0,2.40248450245599,0,0
1984,8,2,0.345753341913223,0,1.00401517687078,0,0
1984,8,3,0.00566673697903752,0,0.183925842189637,0,0
1984,8,4,0.368232905864716,0,0.176687766130271,0,0
1984,8,5,13.8221025466919,0,7.07367373989837,0,0
1984,8,6,6.76809167861939,0,10.3362681605713,0,0
1984,8,7,3.04125356674194,0,4.99760407819531,0,0
1984,8,8,4.14497423171997,-5.6843418860808e-14,3.58784063087933,0,0
1984,8,9,4.80865716934204,5.6843418860808e-14,4.46145022605833,0,0
1984,8,10,0.0452166497707367,0,2.48588780655246,0,0
1984,8,11,2.54766405305418e-07,0,0.0223179633580912,0,0
1984,8,12,0.00742410263046622,0,0.00364851374524733,0,0
1984,8,13,0.17279814183712,0,0.0714543728536228,0,0
1984,8,14,0.540228724479675,0,0.342975328768716,0,0
1984,8,15,0.0749964788556099,0,0.263081070036606,0,0
1984,8,16,0.125223681330681,0,0.102310991163904,0,0
1984,8,17,0.00116654951125383,0,0.0597076540070702,0,0
1984,8,18,6.72464466333622e-07,0,0.000693912099450245,0,0
1984,8,19,3.46015405654907,0,1.71601744791178,0,0
1984,8,20,2.85924553871155,5.6843418860808e-14,3.13861116070484,0,0
1984,8,21,1.50915050506592,-5.6843418860808e-14,2.18162966102909,0,0
1984,8,22,0.0845544338226318,0,0.797216878749168,0,0
1984,8,23,0.0044582081027329,0,0.0460245570484403,0,0
1984,8,24,0.0846870094537735,0,0.0388415523657386,0,0
1984,8,25,0.0298164915293455,0,0.0565109137837681,0,0
1984,8,26,0.0139675717800856,0,0.0203551781669375,0,0
1984,8,27,0.00122403784189373,0,0.0081186587326556,0,0
1984,8,28,0.00394051196053624,0,0.00279804463798428,0,0
1984,8,29,0.0103148836642504,0,0.00700723706950157,0,0
1984,8,30,0,5.6843418860808e-14,0.00617125256076179,0,0
1984,8,31,0.00304947071708739,-5.6843418860808e-14,0.00155582330671677,0,0
1984,9,1,0.168663367629051,0,0.0830203497230286,0,0
1984,9,2,0.0158046465367079,0,0.0944448606278456,0,0
1984,9,3,1.26837766170502,0,0.637810938720122,0,0
1984,9,4,0.328174114227295,0,0.804724788902149,0,0
1984,9,5,0.00910186115652323,0,0.169428927798435,0,0
1984,9,6,0.918854176998138,0,0.469016880121217,0,0
1984,9,7,0.219753488898277,0,0.574524033142552,0,0
1984,9,8,0.856339871883392,0,0.539153294525022,0,0
1984,9,9,1.17747843265533,0,1.02924619040732,0,0
1984,9,10,0.849640905857086,0,1.00590569802625,0,0
1984,9,11,0.852635979652405,0,0.851510770505684,0,0
1984,9,12,4.4462890625,0,2.64267669288483,0,0
1984,9,13,0.0821922421455383,5.6843418860808e-14,2.25793510096446,0,0
1984,9,14,0.374001204967499,-5.6843418860808e-14,0.260266040049373,0,0
1984,9,15,0.0397667847573757,0,0.203177697705087,0,0
1984,9,16,0.00843069329857826,0,0.0257608077317855,0,0
1984,9,17,0.00513678835704923,0,0.0070482707010342,0,0
1984,9,18,3.68423206964508e-06,0,0.00332703409912938,0,0
1984,9,19,0.000278655323199928,5.6843418860808e-14,9.56225117079157e-05,5.6843418860808e-14,0
1984,9,20,1.53055191040039,-5.6843418860808e-14,0.758657839475291,-5.6843418860808e-14,0
1984,9,21,0.646494805812836,0,1.07341331214502,0,0
1984,9,22,0.25394332408905,0,0.448726989292936,0,0
1984,9,23,0.151350528001785,0,0.200456648759882,0,0
1984,9,24,1.8619292974472,-5.6843418860808e-14,1.00545268244014,0,0
1984,9,25,0.381498128175735,5.6843418860808e-14,1.12728186233471,-5.6843418860808e-14,0
1984,9,26,0.326329469680786,0,0.355135247761609,5.6843418860808e-14,0
1984,9,27,0.0908779501914978,0,0.202551342199968,0,0
1984,9,28,0.0151545498520136,0,0.056726233358404,0,0
1984,9,29,0.0250914432108402,0,0.0196505888447973,0,0
1984,9,30,0.000244753377046436,0,0.00695416294547613,0,0
1984,10,1,0.00335655873641372,0,0.00171561044635382,0,0
1984,10,2,0.00612325686961412,0,0.00480836706992704,0,0
1984,10,3,0.0349378101527691,0,0.0192146655731449,0,0
1984,10,4,0,0,0.023534496936918,0,0
1984,10,5,0.160220220685005,0,0.0718192062186063,0,0
1984,10,6,1.98197948932648,0,1.07579467192591,0,0
1984,10,7,2.15737867355347,0,2.06125582868617,0,0
1984,10,8,0.139754310250282,0,1.15423255399219,0,0
1984,10,9,0.0765331238508225,0,0.100719767989631,0,0
1984,10,10,1.8451966047287,0,0.946355261542521,0,0
1984,10,11,3.08816456794739,0,2.43453629618216,0,0
1984,10,12,0.234760090708733,0,1.66407903666322,0,0
1984,10,13,0.882801055908203,0,0.549402149721573,-5.6843418860808e-14,0
1984,10,14,4.91931295394898,0,2.90272136044314,5.6843418860808e-14,0
1984,10,15,23.416690826416,0,14.1966707246552,0,0
1984,10,16,10.8829832077026,0,17.0598840486259,0,0
1984,10,17,0.668342530727387,0,5.89634966865833,0,0
1984,10,18,7.64611721038818,0,4.03460118091562,0,0
1984,10,19,11.549916267395,0,9.48269347651467,0,0
1984,10,20,6.88921642303467,0,9.22572959481522,0,0
1984,10,21,3.57681107521057,0,5.22464514338708,0,0
1984,10,22,0.690159261226654,0,2.15271492457123,-5.6843418860808e-14,0
1984,10,23,0.0141074154525995,0,0.361744233009176,5.6843418860808e-14,0
1984,10,24,0.0648843422532082,0,0.0363845495326132,0,0
1984,10,25,0.0364214964210987,0.000872862953713138,0.0506302045591838,0.000872862953656295,0
1984,10,26,1.41290283203125,0.000931082649174186,0.721681615333182,0.00093108264923103,0
1984,10,27,3.70343852043152,0,2.54082047370275,0,0
1984,10,28,0.965817213058472,0.482908927632195,1.85171802894229,0,0
1984,10,29,0.00240651681087911,0.486927370759645,0,0,0
1984,10,30,0.00100086349993944,0.00166166634750198,0,0,0
1984,10,31,0.521726548671722,0.257782941548157,0,0,0
1984,11,1,0.109172508120537,0.316236430751133,0,0,
1984,11,2,0.0040258914232254,0.0594847932666198,0,0,
1984,11,3,0.00722833489999175,0.00581565339990675,0,0,
1984,11,4,0.00554956262931228,0.00544255408243544,0.000806467005986633,0,
1984,11,5,0.00125041196588427,0.0025798828150414,0.000630154188002052,0,
1984,11,6,0.00305641046725214,0.00212235596876553,0,0,
1984,11,7,0.343852460384369,0.101272862194776,0.0725480854493981,0,
1984,11,8,0.337312698364258,0.119009714331128,0.221572867231771,1.98762181729268,
1984,11,9,0.0326762646436691,0.0358137673118222,0.149172415030989,0.0194747447957297,
1984,11,10,0.000169894468854181,0.0163110642907327,-4.54747350886464e-13,0,
1984,11,11,1.16826072371623e-06,7.33289870709086e-05,0,0,
1984,11,12,0.000150924883200787,6.44737670540962e-05,5.52253823116189e-06,0,
1984,11,13,0.0387812480330467,0.00787444435991347,0.0115123567657065,0,
1984,11,14,1.34647405147553,0.00783687589938609,0.68479059846004,0.0715713258524602,
1984,11,15,1.52335786819458,0.761676462119226,0.673239210685097,0,
1984,11,16,0.245094150304794,0.888780744321764,0,0,
1984,11,17,0.000629037036560476,0.122564658303759,0,0,
1984,11,18,0.00477595208212733,0.00266644948720796,0,0,
1984,11,19,0,0.0025058306339929,0,0,
1984,11,20,1.18403968372149e-05,6.72893054343149e-06,0,0,
1984,11,21,0.38995623588562,0.194799147600975,0,0,
1984,11,22,0.0894513130187988,0.221221659297839,0.0248352702110424,0,
1984,11,23,0.000511681369971484,0.0188063239460234,0.0261751943826312,2.26379449145986,
1984,11,24,0.260284692049027,1.44672563919812e-05,0.108803318108585,1.44672563919812e-05,
1984,11,25,1.76008248329163,0,1.01007143394145,0,
1984,11,26,6.07945728302002,0,3.90997093436454,0,
1984,11,27,2.50931072235107,0.54363610768263,3.75075244431628,0,
1984,11,28,0.434525310993195,0.75955681634224,0.708091376246102,0,
1984,11,29,0.0534385740756989,0.25457034768732,0,0,
1984,11,30,0.121433407068253,0.0831953674504007,0,0,
1984,12,1,0.00319814519025385,0.0605735199241053,0,0,
1984,12,2,0.00255538686178625,0.00284631677868674,4.54747350886464e-13,0,
1984,12,3,0.00101797911338508,0.00178081218467696,-4.54747350886464e-13,0,
1984,12,4,0.0275747627019882,0.0126702480505969,0,0,
1984,12,5,0.049071978777647,0.0402287608443999,0,5.6843418860808e-14,
1984,12,6,0.000458364840596914,0.0238043499116998,0,-5.6843418860808e-14,
1984,12,7,0.000479551235912368,0.000468166648829538,0,0,
1984,12,8,0.00314684165641665,0.000951212551058234,0.00113631459771568,0,
1984,12,9,0.000920831575058401,0.000804280499437482,0.00117902102056178,0,
1984,12,10,0.0346949622035027,0.0120488469250404,0.00354689750338366,0,
1984,12,11,0.679235935211182,0.342656788031775,0.00385489376003534,0,
1984,12,12,0.0962196066975594,0.401967695186443,0,0,
1984,12,13,0.00458844378590584,0.043301508044749,0,0,
1984,12,14,0.00641169585287571,0.0054155653611474,0,0,
1984,12,15,4.32452440261841,2.16458603053019,0,0,
1984,12,16,7.78919458389282,6.03549298892227,0,0,
1984,12,17,0.955628573894501,4.427226017301,0,0,
1984,12,18,0.340184301137924,0.592585858389782,0,0,
1984,12,19,1.14236724376678,0.701905395439098,0,0,
1984,12,20,0.396865099668503,0.777294520507496,0,0,
1984,12,21,0.412934094667435,0.406819952863827,0,0,
1984,12,22,0.445730805397034,0.429296478426295,0,0,
1984,12,23,0.000406424020184204,0.204088312113981,0,0,
1984,12,24,0.000313462951453403,0.000354121551197295,4.54747350886464e-13,0,
1984,12,25,0.0364713408052921,0.0152725362927981,-4.54747350886464e-13,0,
1984,12,26,0.291594088077545,0.178598686355542,0,0,
1984,12,27,0.385906308889389,0.358025403266083,0,0,
1984,12,28,4.74733734130859,2.52136666623431,0,0,
1984,12,29,1.43513894081116,3.1222879927285,0,0,
1984,12,30,0.107928276062012,0.854732780505572,0,0,
1984,12,31,0.157496079802513,0.12052331197566,0,0,
1985,1,1,0.0212312750518322,0.130570535056336,0,0,
1985,1,2,0.000339443038683385,0.0130283803393354,0,0,
1985,1,3,0.00932547729462385,0.00788703104200295,0,0,
1985,1,4,0.0600926354527473,0.0180145063158648,0,0,
1985,1,5,0.122172825038433,0.0673050415287548,0,0,
1985,1,6,0.170656263828278,0.129245071825324,0,0,
1985,1,7,0.120828598737717,0.156871910692701,0,0,
1985,1,8,0,0.0966436608340473,0,0,
1985,1,9,0.0125280106440187,0.0100801481319763,0,0,
1985,1,10,0.0268610566854477,0.0175144170385693,0,0,
1985,1,11,0.002988699125126,0.0181001077629617,0,0,
1985,1,12,0.190262705087662,0.0724943524569426,0,0,
1985,1,13,1.53396046161652,0.752846220147546,0,0,
1985,1,14,0.34586688876152,1.0017798356904,0,0,
1985,1,15,0.0122475698590279,0.160028491592982,0,0,
1985,1,16,0.629170954227448,0.255887628815174,0,0,
1985,1,17,0.784832835197449,0.730591062119743,0,0,
1985,1,18,0.52719509601593,0.635625570438208,0,0,
1985,1,19,0.240214988589287,0.378355198230281,0,0,
1985,1,20,0.68394660949707,0.521577581024189,0,0,
1985,1,21,0.641881287097931,0.653554795157334,0,0,
1985,1,22,0.117537513375282,0.496923197712249,0,-5.6843418860808e-14,
1985,1,23,0.31664577126503,0.20312693918811,0,5.6843418860808e-14,
1985,1,24,2.20208334922791,1.17436394431019,0,0,
1985,1,25,0.378625631332397,1.25234025238973,0,0,
1985,1,26,0.532731175422669,0.471436845864162,0,0,
1985,1,27,0.0269993878901005,0.218578473397201,0,0,
1985,1,28,0.237298861145973,0.179047032471601,0,0,
1985,1,29,0.645530641078949,0.521532175191112,0,0,
1985,1,30,0.0959664136171341,0.45685145953837,0,0,
1985,1,31,0.00961767882108688,0.0549652719595315,0,0,
1985,2,1,0,0.00693113735479756,0,0,
1985,2,2,0.00511042540892959,0.00330081492359113,0,0,
1985,2,3,0,0.00424030113794061,0,0,
1985,2,4,0,0.000443154827053149,0,0,
1985,2,5,0.352495044469833,0.198865166174983,0,0,
1985,2,6,0.0749461725354195,0.269709756300529,0,0,
1985,2,7,0.494808793067932,0.178871161865914,0,0,
1985,2,8,2.78218269348145,1.53614369747652,0,0,
1985,2,9,5.32013368606567,3.90375491929484,0,0,
1985,2,10,0.43740901350975,2.92895623523748,0,0,
1985,2,11,0.0397660322487354,0.119703129745687,0,0,
1985,2,12,1.7357120513916,1.0277988067121,0,0,
1985,2,13,0.29133152961731,1.03234723145198,0,0,
1985,2,14,0.0440144091844559,0.221893819371644,0,0,
1985,2,15,0.303837150335312,0.090988792491089,0,0,
1985,2,16,0.127866417169571,0.198381505264877,0,0,
1985,2,17,0.167990744113922,0.146662318796587,0,0,
1985,2,18,0.0675997138023377,0.139568823988839,0,0,
1985,2,19,0.00917801726609468,0.0626692160296898,0,0,
1985,2,20,5.79052866669372e-05,0.0120546572782132,0,0,
1985,2,21,0.614656329154968,0.329064943895276,0,0,
1985,2,22,0.407315582036972,0.487231603517159,0,0,
1985,2,23,0.0608451664447784,0.2600479261489,0,0,
1985,2,24,0.801393508911133,0.399866842815868,0,0,
1985,2,25,3.2028980255127,2.01640362865362,0,0,
1985,2,26,0.83635413646698,2.10780570419757,0,0,
1985,2,27,0.0276287756860256,0.250264789361268,0.000449907363872626,5.6843418860808e-14,
1985,2,28,0.0159677863121033,0.0121393736681057,0.00486297123688928,-5.6843418860808e-14,
1985,3,1,0.00099419557955116,0.00272798766928872,0.00115489945710578,0,0
1985,3,2,0.00311433058232069,0.0025380157961763,0,0,0
1985,3,3,0.283993095159531,0.146734478131634,0,0,0
1985,3,4,1.64910531044006,1.17293164330613,0,0,0
1985,3,5,0.370300501585007,0.853840517754236,0,0,0
1985,3,6,1.4504075050354,0.952675559141483,0,0,0
1985,3,7,0.41745388507843,0.984568198573356,0,0,0
1985,3,8,0.000305583234876394,0.144829925456349,6.3848801801214e-08,0,0
1985,3,9,0.00212794402614236,0.000942781690127958,0.000300723462260066,0,0
1985,3,10,0.00020430852600839,0.000792480941527174,0.000373646813841333,2.44901432068366,0
1985,3,11,0.0248343590646982,0.00556022229875453,0.00698787979672488,2.44329710093865,0
1985,3,12,0.302386939525604,0.107698782081229,0.0556533261301411,0,0
1985,3,13,0.147353261709213,0.117663036446118,0.107207010805723,2.33937498111982,0
1985,3,14,0.0351184196770191,0.0289920041868186,0.062124733517976,2.33440831066753,0
1985,3,15,0.00205703638494015,0.0232860124235117,0.00660710391048269,0,0
1985,3,16,0.00491389399394393,0.00342360515782048,0.00322991530765648,4.96231456919838,0
1985,3,17,0.000725337653420866,0.000188592523159059,0.00257966582375957,10.8050852346651,0
1985,3,18,8.12123689684086e-05,1.08987716203046e-05,0.00039107900511226,21.9187018158459,0.00685714270387377
1985,3,19,7.73880092310719e-05,0,7.9300692959805e-05,22.8430190387892,0.0457142863954817
1985,3,20,4.53771608590614e-05,1.96307705095933e-05,4.17518031099462e-05,0,0.187428569793701
1985,3,21,0.239275634288788,1.96307585724753e-05,0.119640867357703,1.32271547438586,0.658285740443638
1985,3,22,0.516714572906494,0,0.378895664031461,0,1.48571428571429
1985,3,23,0.609152376651764,0,0.560053014160076,0,1.74628568376814
1985,3,24,0.86711311340332,0,0.730473046544375,0,2.13028564453125
1985,3,25,0.218480959534645,0,0.448886760312689,0,2.45485709054129
1985,3,26,0.842949867248535,0,0.539444292759526,0,2.07542855398996
1985,3,27,0.0573614612221718,0.000579350535701906,0.444164611407359,0.000579350535531376,1.70514286586217
1985,3,28,1.10626375675201,0.251692407752216,0.330120431353862,0.00057147678887759,0.918857138497489
1985,3,29,1.75260245800018,1.12933447338156,0.301087207351884,0,0.498285729544503
1985,3,30,0.0105620138347149,0.877134801093519,0,0,0.466285705566406
1985,3,31,0.000137192822876386,0.00552069455522997,2.53545549639966e-05,0,0.340114293779646
1985,4,1,0.130517572164536,4.22488642470853e-05,0.0652851396671395,2.86630244132959,0.271542848859515
1985,4,2,0.554478406906128,0,0.320849248750164,0,0.315428570338658
1985,4,3,0.127524077892303,0,0.342979227164051,0,0.371657153538295
1985,4,4,0.000180645161890425,5.4301330862927e-05,0.0653402021298462,0,0.222171429225377
1985,4,5,0.000273252633633092,0.000105794431874529,0.000119697695936338,0,0.174628571101597
1985,4,6,0.225006520748138,0.01145194024798,0.101187908026532,0.0118521681333732,0.170057146889823
1985,4,7,0.152713194489479,0.0419985347164129,0.146862860914553,0.0114024627912386,0.111542858396258
1985,4,8,0.0021012220531702,0.0316309858720842,0.0459890270531105,0,0.0982857159205846
1985,4,9,9.54248298512539e-06,0.00094983198277987,0.000105550198441051,0.155022882052663,0.103314283915928
1985,4,10,0.00185649620834738,0,0.00107993386382077,0,0.092342860358102
1985,4,11,5.78043818677543e-06,0,0.000953365596160438,0,0.0813714299883161
1985,4,12,1.16049206256866,-5.6843418860808e-14,0.611228774570463,0,0.0799999986376081
1985,4,13,5.17943620681763,5.6843418860808e-14,3.00521215080971,0,0.0717714309692383
1985,4,14,0.113010376691818,0,2.68165471462953,0,0.0603428568158831
1985,4,15,0.00371491652913392,0,0.061038506152272,0,0.0498285702296666
1985,4,16,0.00215076724998653,0,0.00284283058090296,0,0.0269714287349156
1985,4,17,0.000267467257799581,0,0.00120674356594463,0,0.0201142856052944
1985,4,18,0.0066966600716114,-5.6843418860808e-14,0.00356245557441071,0,0.0205714293888637
1985,4,19,0.182777747511864,5.6843418860808e-14,0.097813470096753,0,0.0150857142039708
1985,4,20,1.25299942493439,0,0.699883799880354,0,0.0265142849513463
1985,4,21,3.12552285194397,0,2.15530652198595,0,0.00777142899377005
1985,4,22,0.785158276557922,0,1.99612297901149,0,0.0114285715988704
1985,4,23,0.0541144721210003,0,0.423071728265768,0,0.00320000009877341
1985,4,24,3.45145893096924,0,1.78813854897999,0,0.00182857151542391
1985,4,25,7.48188018798828,-5.6843418860808e-14,5.42789408613044,0,0.0521142857415336
1985,4,26,0.428034067153931,5.6843418860808e-14,3.92684320471471,0,0.0406857149941581
1985,4,27,0.0216800887137651,0,0.246455568735655,0,0.0100571428026472
1985,4,28,0.954419910907745,0,0.401351037679433,0,0.00228571423462459
1985,4,29,0.21007527410984,0,0.636170164253144,0,0.000457142878855978
1985,4,30,0.06857680529356,5.6843418860808e-14,0.153578115718574,0,0
1985,5,1,0.0039856843650341,-5.6843418860808e-14,0.0413596780558692,0,0
1985,5,2,0.116510882973671,0,0.0550297506310926,0,0
1985,5,3,0.752107203006744,0,0.425147302355981,0,0
1985,5,4,1.97236955165863,0,1.38250239174295,0,0
1985,5,5,0.617159426212311,0,1.3214324476362,0,0
1985,5,6,0.0316616743803024,0,0.262742948245887,0,0
1985,5,7,0.0653114318847656,0,0.0471673808046944,0,0
1985,5,8,0.367183774709702,0,0.217199394374802,0,0
1985,5,9,0.167298093438149,-5.6843418860808e-14,0.263004696608277,0,0
1985,5,10,8.43575954437256,5.6843418860808e-14,4.28843366060164,0,0.0996571404593331
1985,5,11,10.1192007064819,0,9.26059787387385,0,0.316800008501325
1985,5,12,8.54096698760986,0,9.41368411565782,0,0.0479999985013689
1985,5,13,6.05303812026978,0,7.34156156327981,0,0.041599999155317
1985,5,14,0.0761821419000626,0,3.11542414262931,0,0.00777142899377005
1985,5,15,1.6427755355835,0,0.907125838647971,0,0.00228571423462459
1985,5,16,2.26476001739502,0,1.92771060774066,0,0.0013714285833495
1985,5,17,0.0255951192229986,0,1.19900706355156,0,0.000457142878855978
1985,5,18,0.472287237644196,0,0.235126023253088,0,0
1985,5,19,0.130998864769936,0,0.319612293367754,0,0
1985,5,20,0.0081575745716691,-5.6843418860808e-14,0.0734538371980307,0,0
1985,5,21,0.00211864989250898,5.6843418860808e-14,0.00454026264833374,0,0
1985,5,22,0.000389866094337776,0,0.00145590386546246,0,0
1985,5,23,0.142644628882408,0,0.0584715576987946,0,0
1985,5,24,2.31510901451111,0,1.23492500213342,0,0
1985,5,25,1.66231453418732,0,2.01012982408383,0,0
1985,5,26,0.10734885931015,0,0.873087870968448,0,0
1985,5,27,0.07197704911232,0,0.0898517239925241,0,0
1985,5,28,0.601147770881653,-5.6843418860808e-14,0.35361184025578,0,0
1985,5,29,3.97644376754761,5.6843418860808e-14,2.27309352861948,0,0
1985,5,30,7.66467905044556,0,5.82079242494001,0,0
1985,5,31,9.45911312103271,0,8.48903215289511,0,0
1985,6,1,3.08737993240356,0,6.28995603639442,0,0
1985,6,2,0.0283984821289778,0,1.60582623227492,0,0
1985,6,3,1.99717307090759,0,0.939122595573281,0,0
1985,6,4,1.26973593235016,0,1.70004437192029,0,0
1985,6,5,0.00701141729950905,0,0.652286618952985,0,0
1985,6,6,2.19740200042725,0,1.14372537289319,0,0
1985,6,7,2.08670163154602,0,2.14548624880945,0,0
1985,6,8,2.87749886512756,0,2.45151566757522,0,0
1985,6,9,0.635825037956238,0,1.73949146983978,0,0
1985,6,10,0.0244274139404297,0,0.294578103467757,0,0
1985,6,11,0.0730249956250191,0,0.0544607812244067,0,0
1985,6,12,0.0633329078555107,0,0.0696588619612157,0,0
1985,6,13,0.0486183129251003,0,0.0539596202029316,0,0
1985,6,14,3.06020379066467,0,1.5399789781377,0,0
1985,6,15,4.61301755905151,0,3.86807496295523,0,0
1985,6,16,4.92356634140015,0,4.75559840783217,0,0
1985,6,17,2.55235004425049,0,3.76985751405346,0,0
1985,6,18,0.828846991062164,0,1.65302117436477,0,0
1985,6,19,0.0978930443525314,0,0.491112202763361,0,0
1985,6,20,1.27914547920227,0,0.663362185986443,0,0
1985,6,21,7.88879632949829,0,4.56922302157273,0,0
1985,6,22,6.8103175163269,0,7.35325255165208,0,0
1985,6,23,0.211071640253067,0,3.55823732280942,0,0
1985,6,24,7.62643003463745,0,3.88566442621095,0,0
1985,6,25,15.2305459976196,5.6843418860808e-14,11.4990170540091,0,0
1985,6,26,3.4702844619751,-1.13686837721616e-13,9.32839497108807,0,0
1985,6,27,10.504581451416,5.6843418860808e-14,6.94916069154806,0,0
1985,6,28,6.32141733169556,5.6843418860808e-14,8.49309514710012,0,0
1985,6,29,0.272034972906113,-5.6843418860808e-14,3.2969444407313,0,0.000457142878855978
1985,6,30,3.29163479804993,0,1.78240954679268,0,0.000457142878855978
1985,7,1,3.5600380897522,0,3.42390891495188,0,0.000457142878855978
1985,7,2,0.0676514133810997,0,1.6920594252083,0,0.000457142878855978
1985,7,3,2.36835694313049,5.6843418860808e-14,1.07015730943795,0,0.00228571423462459
1985,7,4,0.814823925495148,-5.6843418860808e-14,1.66857573671678,0,0.002742857166699
1985,7,5,0.0539468452334404,0,0.4481045913667,0,0.00228571423462459
1985,7,6,0.0864271372556686,0,0.0693192710587027,0,0.0013714285833495
1985,7,7,0.296558707952499,0,0.188124746184258,0,0.000914285757711955
1985,7,8,0.0634205266833305,0,0.18532475466327,0,0.000457142878855978
1985,7,9,0.106608115136623,0,0.084028159974423,0,0
1985,7,10,0.180051162838936,0,0.139078834023167,0,0
1985,7,11,0.000391553156077862,0,0.103591329137998,0,0
1985,7,12,0.0832663550972939,0,0.0340977504033617,0,0
1985,7,13,2.66933417320251,0,1.35710616006463,0,0
1985,7,14,1.85149562358856,0,2.23272877584395,0,0
1985,7,15,0.112168058753014,0,0.95289193721328,0,0
1985,7,16,5.9271092414856,0,3.03224044851959,0,0
1985,7,17,5.01530408859253,0,5.44965807957806,0,0
1985,7,18,1.10467731952667,0,3.07993829477346,0,0
1985,7,19,5.71062135696411,0,3.39400151168229,0,0
1985,7,20,2.51344299316406,0,4.18973396247975,0,0
1985,7,21,0.119690619409084,0,1.33100586904129,0,0
1985,7,22,0.278647035360336,0,0.191916119022608,0,0
1985,7,23,0.359606951475143,0,0.314846834850414,0,0
1985,7,24,0.0316805504262447,0,0.198080452435079,0,0
1985,7,25,0.721051812171936,0,0.36515554717289,0,0
1985,7,26,0.715692341327667,0,0.717832528801409,0,0
1985,7,27,0.076810248196125,5.6843418860808e-14,0.382136510322653,0,0
1985,7,28,0.0476717539131641,-5.6843418860808e-14,0.0604643142205532,0,0
1985,7,29,0.0216704774647951,0,0.0380194523499995,0,0
1985,7,30,0.0793994888663292,0,0.0518713049041253,0,0
1985,7,31,0.00215712864883244,0,0.0384578298558154,0,0
1985,8,1,0.0317459776997566,0,0.0172047049436515,0,0
1985,8,2,0.552043080329895,5.6843418860808e-14,0.278039121308211,0,0
1985,8,3,16.0408687591553,-5.6843418860808e-14,8.2886249371586,0,0
1985,8,4,20.6946201324463,0,18.31942689064,0,0
1985,8,5,4.94762182235718,-5.6843418860808e-14,12.8796455297515,0,0
1985,8,6,0.594369053840637,5.6843418860808e-14,2.77558130771286,0,0
1985,8,7,0.00406552013009787,0,0.367402408008275,0,0
1985,8,8,1.10406100749969,0,0.44737950872468,0,0
1985,8,9,0.437920600175858,0,0.749857196607081,0,0
1985,8,10,0.151247665286064,0,0.294976316238262,0,0
1985,8,11,8.48214149475098,0,4.2834498579341,0,0
1985,8,12,19.8410739898682,-5.6843418860808e-14,14.1797762786546,0,0
1985,8,13,8.94435691833496,5.6843418860808e-14,14.3896505617686,0,0
1985,8,14,1.04350316524506,0,5.07977438122953,0,0
1985,8,15,0.234458014369011,0,0.649905640616908,0,0
1985,8,16,21.0128555297852,0,10.6936186718599,0,0
1985,8,17,15.8593378067017,0,18.4730527001352,0,0.000914285757711955
1985,8,18,0.801064908504486,0,8.2315490433657,-1.13686837721616e-13,0.00228571423462459
1985,8,19,0.0778318718075752,0,0.411441820102027,1.13686837721616e-13,0.0484571422849383
1985,8,20,0.0115328757092357,0,0.0422026508958879,0,0.0571428571428571
1985,8,21,0.25918847322464,0,0.125142109176522,0,0.0393142870494298
1985,8,22,14.9306507110596,0,7.60190596247094,0,0.0580571447099958
1985,8,23,19.2187232971191,0,17.0658041421743,0,0.0749714306422642
1985,8,24,2.12355661392212,0,10.6774906269361,0,0.195199993678502
1985,8,25,0.0671441480517387,0,1.18480408777214,0,0.45577141898019
1985,8,26,0.2736596763134,0,0.184826365097251,0,0.264685712541853
1985,8,27,0.145513191819191,0,0.218974799541684,0,0.176914283207485
1985,8,28,0.388934195041657,0,0.254124364409108,0,0.0914285727909633
1985,8,29,1.18093609809876,0,0.831571022555636,0,0.0310857159750802
1985,8,30,2.77343463897705,0,2.06529073204047,0,0.00777142899377005
1985,8,31,2.91290712356567,0,2.85086807288644,0,0.005485714333398
1985,9,1,3.84883689880371,0,3.42202637251057,0,0.00411428553717477
1985,9,2,5.67618989944458,0,4.84987986514398,0,0.00914285693849836
1985,9,3,6.60969734191895,0,6.1339790567954,0,0.0205714293888637
1985,9,4,1.27284300327301,0,4.09871519289436,0,0.0292571442467826
1985,9,5,0.845293045043945,0,1.05427049176978,0,0.0626285689217704
1985,9,6,0.844287753105164,0,0.844825870830391,0,0.0781714303152902
1985,9,7,0.00911495368927717,0,0.411153858428861,0,0.0626285689217704
1985,9,8,0.0195431206375361,0,0.0135692460767132,0,0.0466285705566406
1985,9,9,0.516505002975464,0,0.219519024981309,0,0.0370285715375628
1985,9,10,0.492713123559952,0,0.502812303635892,0,0.0292571442467826
1985,9,11,0.0114368824288249,0,0.240205078333929,0,0.0169142859322684
1985,9,12,0.0417641997337341,0,0.0262528064181424,0,0.0164571421486991
1985,9,13,0.830304622650147,0,0.45101553718132,0,0.00320000009877341
1985,9,14,0.117892391979694,0,0.434431924663386,0,0.00731428606169564
1985,9,15,0.524216592311859,0,0.321216466147689,0,0.00365714303084782
1985,9,16,0.256114989519119,0,0.393128081569557,0,0.00182857151542391
1985,9,17,0.0911337807774544,0,0.184501704987724,0,0.0013714285833495
1985,9,18,2.1182336807251,0,1.07416932243314,0,0.00320000009877341
1985,9,19,9.5369291305542,0,5.84926985517495,0,0.00228571423462459
1985,9,20,2.89219570159912,0,6.25924234527702,0,0.00182857151542391
1985,9,21,0.16781522333622,0,1.58714216287854,0,0.00228571423462459
1985,9,22,0.14399953186512,0,0.157511610215806,0,0.002742857166699
1985,9,23,0.0884597152471542,0,0.115386674684942,0,0.00365714303084782
1985,9,24,0.0130765018984675,0,0.0504056228269292,0,0.00411428553717477
1985,9,25,0.00437722774222493,0,0.00947576309727083,0,0.00320000009877341
1985,9,26,0.384876251220703,0,0.204207515338567,0,0.002742857166699
1985,9,27,1.12461590766907,0,0.735726606998924,0,0.002742857166699
1985,9,28,0.506459355354309,0,0.865099170864596,0,0.00228571423462459
1985,9,29,0.118242986500263,0,0.342446772434414,0,0.00228571423462459
1985,9,30,0.196658328175545,0,0.158035591899534,0,0.00182857151542391
1985,10,1,0.00593324564397335,0,0.116171842174026,0,0.0013714285833495
1985,10,2,1.11243844032288,0,0.51692652227257,0,0.000914285757711955
1985,10,3,0.509069502353668,0,0.773970453656148,0,0.000914285757711955
1985,10,4,0.419525802135468,0,0.453844242131709,0,0.000914285757711955
1985,10,5,0.124699056148529,0,0.292577861876907,0,0.000914285757711955
1985,10,6,0.112512089312077,0,0.119585002679287,0,0.000457142878855978
1985,10,7,7.46349763870239,0,3.75130964708706,0,0.000457142878855978
1985,10,8,10.6694536209106,1.58979461121203,7.47668216110742,0.571115092035598,0.000457142878855978
1985,10,9,1.86672174930573,2.52334971512511,3.74604787030739,0.571284655694058,0.000457142878855978
1985,10,10,0.176031470298767,1.00262469606508,0.023490032954669,0,0.000914285757711955
1985,10,11,1.18147420883179,0.0643933079072667,0.614359466566384,5.4855211485833,0.000914285757711955
1985,10,12,2.59793567657471,0,1.74483542673624,0,0.0013714285833495
1985,10,13,0.138877674937248,0,1.41813709292455,0,0.155428573063442
1985,10,14,0.223678112030029,0,0.184522788817503,0,0.435200010027204
1985,10,15,0.0651174560189247,0,0.159765187405355,0,0.270628574916295
1985,10,16,0.0469129644334316,0.0114930773280548,0.0445217419896835,0,0.16457143511091
1985,10,17,0.137552961707115,0.0114925864866109,0.0807403658441217,0.0469153398573781,0.115657138824463
1985,10,18,0.00327657139860094,-5.6843418860808e-14,0.0731877510347658,0,0.0932571411132812
1985,10,19,1.78045283973916e-05,0,0.00101152938577798,0,0.0767999989645822
1985,10,20,0.000131999375298619,0,9.40969721341389e-05,0,0.0653714316231864
1985,10,21,0.00233664107508957,0,0.00120850980374598,0,0.0576000009264265
1985,10,22,2.37953019142151,-5.6843418860808e-14,1.13339490604949,0,0.0534857136862619
1985,10,23,0.602008998394013,5.6843418860808e-14,1.53432033150148,0,0.0507428577968052
1985,10,24,0.0526932179927826,0,0.276357657494827,0,0.0443428584507534
1985,10,25,0.00649605225771666,0,0.0332766534979783,0,0.0370285715375628
1985,10,26,0.0149729484692216,0,0.0126421162835868,0,0.0324571439198085
1985,10,27,9.91159031400457e-05,0,0.00912262828978783,0,0.0278857145990644
1985,10,28,0.0335979275405407,0,0.0190598529784438,0,0.0246857149260385
1985,10,29,0.020766407251358,0,0.0269064210365286,0,0.021942857333592
1985,10,30,2.09000208997168e-05,0,0.0128126744971269,0,0.0150857142039708
1985,10,31,2.82091927528381,0,1.38290481419244,0,0.00594285726547241
1985,11,1,3.21758222579956,-5.6843418860808e-14,2.99608985876057,0,
1985,11,2,1.01027739048004,0.0224841511288219,2.14223598029139,0.0224841511286513,
1985,11,3,0.079077959060669,0.0269095689085361,0.58376490180126,0.0269095689086498,
1985,11,4,0.00294439308345318,0,0.062954513593013,0,
1985,11,5,0.297775328159332,0,0.0584603644019808,0,
1985,11,6,0.517694771289825,0.0279692568297492,0.346350484714549,0.027969256829806,
1985,11,7,0.111602380871773,0.0868295406406219,0.227830775798793,0.0310315766918166,
1985,11,8,0.000596329919062555,0.0556978013104299,0,0,
1985,11,9,0.00624999543651938,0.00354676966315992,0,0,
1985,11,10,0.00984251406043768,0.00765948005687278,0,0,
1985,11,11,2.38077187538147,1.19544073914591,0,0,
1985,11,12,0.316274046897888,1.35672985501753,0,0,
1985,11,13,0.00117559498175979,0.157416316702722,0,0,
1985,11,14,9.24458163353847e-06,0.000954533380991052,0,0,
1985,11,15,0.0304842777550221,0.0172771351532219,0,0,
1985,11,16,0.274379134178162,0.14492578753368,0,0,
1985,11,17,1.11490643024445,0.689101247336794,0,0,
1985,11,18,7.13155364990234,4.12287052684752,0,0,
1985,11,19,8.85298347473145,7.97996925341766,0,0,
1985,11,20,1.53913342952728,5.23638406173859,0,0,
1985,11,21,0.838567733764648,1.16860164931705,0,0,
1985,11,22,1.85087251663208,1.25694600031102,0,0,
1985,11,23,0.436649650335312,1.14118704900523,-4.54747350886464e-13,0,
1985,11,24,0.0811404436826706,0.345532716955404,4.54747350886464e-13,0,
1985,11,25,4.38569498062134,2.17254792339673,0,0,
1985,11,26,2.57186388969421,3.56295066630923,4.54747350886464e-13,0,
1985,11,27,0.00281627709046006,1.25465591523584,-4.54747350886464e-13,0,
1985,11,28,0.0420547835528851,0.0314290766986005,0,0,
1985,11,29,0.000103117439721245,0.0204579323753364,0,0,
1985,11,30,0.0352998003363609,0.0105776294605562,0,0,
1985,12,1,0.242207109928131,0.0675516819102882,0,0,
1985,12,2,0.0201900620013475,0.119228532200452,0,0,
1985,12,3,0.725996851921082,0.313935072747086,0,0,
1985,12,4,1.41260993480682,1.05845294894687,0,0,
1985,12,5,0.0157728623598814,0.833803088820446,0,0,
1985,12,6,0.00759341940283775,0.0123686391804654,0,0,
1985,12,7,0.074135810136795,0.0245081237630416,0,0,
1985,12,8,0.00619990285485983,0.0305940787316672,0,0,
1985,12,9,0.290026992559433,0.147606654799404,0,0,
1985,12,10,0.113900147378445,0.23430542124828,0,0,
1985,12,11,0.504590451717377,0.215643492136792,0,0,
1985,12,12,0.166973993182182,0.377563248037973,0,0,
1985,12,13,0.0149699132889509,0.114491135556932,0,0,
1985,12,14,0.355835825204849,0.107148085454867,0,0,
1985,12,15,0.00549305556342006,0.22857687828224,0,0,
1985,12,16,0.0641110241413117,0.0258584241598783,0,0,
1985,12,17,0.108010441064835,0.0707514886548779,0,0,
1985,12,18,1.7657516002655,0.92775526626491,0,0,
1985,12,19,0.813593924045563,1.25755642394,0,0,
1985,12,20,0.151324838399887,0.504191457718832,0,0,
1985,12,21,0.0945598408579826,0.116061277980407,0,0,
1985,12,22,2.56964254379272,1.20757440709525,0,0,
1985,12,23,1.10811710357666,1.74996661911717,0,0,
1985,12,24,0.201149895787239,0.565939402108313,0,0,
1985,12,25,2.79513883590698,1.62512887964516,0,0,
1985,12,26,1.20545256137848,1.9861901445924,0,0,
1985,12,27,0.217020243406296,0.605800781324717,0,0,
1985,12,28,0.0581852532923222,0.0964113436575644,0,0,
1985,12,29,0.00964247155934572,0.0291345187279717,0,0,
1985,12,30,0.434745490550995,0.236888135136269,0,0,
1985,12,31,0.178360611200333,0.25516058388672,0,0,
1986,1,1,0.0576851777732372,0.0973986194692884,0,0,
1986,1,2,2.60361003875732,1.17146414717217,0,0,
1986,1,3,0.855500996112824,1.63515597942416,0,0,
1986,1,4,0.211286097764969,0.476780750720536,0,0,
1986,1,5,0.0104037094861269,0.0788728922727842,0,0,
1986,1,6,0.00414299685508013,0.00743183050815333,0,0,
1986,1,7,0.0306448303163052,0.0120907118065361,0,0,
1986,1,8,0.0589988343417645,0.0359767109824247,0,0,
1986,1,9,0.0142142223194242,0.0473169919339398,0,0,
1986,1,10,0.0370334796607494,0.0236530949800908,0,0,
1986,1,11,0.142017409205437,0.068866833976017,0.0166836239477561,0,
1986,1,12,0.184637188911438,0.145999013376752,0.0155799222147834,0,
1986,1,13,0.0189201217144728,0.0671224560458654,0,0,
1986,1,14,0.000861831416841596,0.00997609917016007,0,0,
1986,1,15,0.00512291956692934,0.00191439239620195,0,0,
1986,1,16,0.0615622811019421,0.0384799772591009,0,-1.13686837721616e-13,
1986,1,17,0.637649297714233,0.473741299410165,0,2.27373675443232e-13,
1986,1,18,1.28276801109314,0.792519168750744,0,-1.13686837721616e-13,
1986,1,19,0.233747646212578,0.684442999327587,0,0,
1986,1,20,0.0801898241043091,0.194182032829588,0,0,
1986,1,21,0.0645090639591217,0.0774468435510585,0,0,
1986,1,22,0.0592039786279202,0.0629815148053581,-4.54747350886464e-13,0,
1986,1,23,2.80968308448792,1.42487440525503,4.54747350886464e-13,0,
1986,1,24,3.45902276039124,2.97414911624026,0,0,
1986,1,25,1.12091112136841,2.47531668260217,0,0,
1986,1,26,0.0750140100717545,0.445894286330372,0,0,
1986,1,27,0.050714522600174,0.057326152370365,0,0,
1986,1,28,0.18849840760231,0.135668766928973,0,0,
1986,1,29,0.0379102267324924,0.132653005311852,0,0,
1986,1,30,0.000340050231898204,0.0321718106415574,0,0,
1986,1,31,1.18850183486938,0.601915957933386,0,0,
1986,2,1,0.673867404460907,0.785017983667842,0,0,
1986,2,2,0.0526630356907845,0.19451269469721,0,0,
1986,2,3,0.287739247083664,0.231111546225407,0,0,
1986,2,4,0.165278106927872,0.213725270889938,0,0,
1986,2,5,0.201431348919868,0.17792379744543,0,0,
1986,2,6,1.74060273170471,0.746515570265444,0,0,
1986,2,7,0.564595222473145,1.26400747588536,0,0,
1986,2,8,0.0161872319877148,0.221389966219249,0,0,
1986,2,9,0.0332082882523537,0.0244398387468436,0,0,
1986,2,10,0.000177156762219965,0.0270242251953619,0,0,
1986,2,11,7.31264008209109e-05,0.00388380248159592,0,0,
1986,2,12,0.0217001903802156,0.0170237048681088,0,0,
1986,2,13,0.0157846510410309,0.0190812508461704,0,0,
1986,2,14,0.0302592907100916,0.0255633614596604,0,0,
1986,2,15,0.00566940847784281,0.0239754378701491,0,0,
1986,2,16,2.16303753852844,1.29758964837743,0,0,
1986,2,17,0.394731760025024,1.1021389313853,0,0,
1986,2,18,1.95061051845551,1.29586800544735,0,0,
1986,2,19,2.76008749008179,2.09983208055849,0,0,
1986,2,20,0.51549232006073,1.73598538176509,0,0,
1986,2,21,0.133647486567497,0.37637096185324,0,0,
1986,2,22,0.315038025379181,0.197495348072266,0,0,
1986,2,23,0.156497180461884,0.280331401902799,0,0,
1986,2,24,0.0141332931816578,0.0930187854696669,0,0,
1986,2,25,0.26150643825531,0.155603664440264,0,0,
1986,2,26,0.229863435029984,0.251246130463414,0,0,
1986,2,27,0.0400965809822083,0.110837238848944,0,0,
1986,2,28,0.00989071186631918,0.0273515074494526,0,0,
1986,3,1,0.010378735139966,0.0102993446909068,0,0,0.000457142878855978
1986,3,2,0.0769072026014328,0.0194489981524839,0,0,0.000457142878855978
1986,3,3,0.00413300096988678,0.0314489648206973,0.00147655174896499,0.816679554287589,0.000457142878855978
1986,3,4,0.251248270273209,0.126144968431163,0.00147736797953257,0.817131010545609,0.000457142878855978
1986,3,5,0.353656768798828,0.288748108361233,0,0,0.000457142878855978
1986,3,6,0.0855091586709023,0.292772757525427,0,0,0.000457142878855978
1986,3,7,0.822973906993866,0.467409156923509,0,0,0.000457142878855978
1986,3,8,2.07477784156799,1.168041518785,0,0,0.000457142878855978
1986,3,9,0.0760353729128838,1.19286265112964,0,0,0.000457142878855978
1986,3,10,0.159241378307343,0.142275946646123,0,0,0.000457142878855978
1986,3,11,0.417595684528351,0.322757286988349,0,0,0.000457142878855978
1986,3,12,0.0196754392236471,0.251078266928516,0,0,0.000457142878855978
1986,3,13,0.00891990121454001,0.0185596805933983,0.00019221397678848,0,0.000457142878855978
1986,3,14,0,0.00453980178338043,0.000371863744021539,0,0.000457142878855978
1986,3,15,0.000550427183043212,0.000132116830400264,0.000132784437937516,0,0.000457142878855978
1986,3,16,0.227138832211494,0.0150687999454249,0.0987758014202882,3.83579331038777,0.000457142878855978
1986,3,17,0.131098479032516,0.034782178427804,0.144740331558296,4.3281676096567,0.000457142878855978
1986,3,18,0.000151844782521948,0.0200549517325044,0.0458567014520668,0.466050158150438,0.000457142878855978
1986,3,19,0.00221373979002237,0.00109239908715608,0,0,0.000457142878855978
1986,3,20,0,0.0015832594638141,0,0,0.000457142878855978
1986,3,21,0.0379322580993176,0.0154273919558818,0.000679805203162687,0,0.0914285727909633
1986,3,22,0.00699062924832106,0.0181656632410068,0.00429578109969953,19.6122824869814,0.0937142848968506
1986,3,23,0.272948235273361,0.136347796821269,0.00349854989690357,19.6304365151701,0.228571428571429
1986,3,24,0.559871256351471,0.39228961355002,0.0248742849812516,0,0.411428560529436
1986,3,25,1.78239214420319,0.255628781688529,0.914455303673094,11.1462279542355,0.457142857142857
1986,3,26,0.252555578947067,0.0599706635027815,0.956711593481486,11.153808927646,1.6
1986,3,27,0.0342239737510681,0.0602994950070297,0.0838024537474666,8.95221500658886,3.55657152448382
1986,3,28,0.0380774922668934,0,0.0361529584192795,32.0229463297341,4.34285714285714
1986,3,29,0.261928200721741,0,0.146354737145884,0,4.98285696847098
1986,3,30,0.949978947639465,0,0.581847375973666,0,5.57714276994978
1986,3,31,0.207986384630203,0,0.557955340003446,0,7.86285749162946
1986,4,1,0.00120214011985809,0,0.110008502256733,0,4.0365713936942
1986,4,2,1.00251340866089,0,0.460386495431067,0,2.88914293561663
1986,4,3,0.446069031953812,0,0.690411013037647,0,2.14857134137835
1986,4,4,0.58036744594574,0,0.519539371463907,0,1.65942862374442
1986,4,5,0.124410808086395,0,0.344988619940978,0,1.2845714024135
1986,4,6,0.430440157651901,0,0.282827577167609,0,0.987428610665457
1986,4,7,0.0842313691973686,0,0.229619736415316,0,0.772571454729353
1986,4,8,0.000294466153718531,0,0.0365025172973219,0,0.580571419852121
1986,4,9,0.00671210698783398,0,0.00366476868839527,0,0.394057137625558
1986,4,10,0.00137017632368952,0,0.00424885871234437,0,0.316800008501325
1986,4,11,0.747708559036255,0,0.321658658554043,0,0.261485726492746
1986,4,12,0.364321798086166,0.100690906062368,0.455326848942605,0,0.209371430533273
1986,4,13,0.272020280361176,0.236486805771733,0.0819659552926169,0,0.157257148197719
1986,4,14,0.440976440906525,0.311970317359851,0.0423496483240342,0,0.105142859050206
1986,4,15,0.041898787021637,0.182536634191251,0.0589004543708143,1.08093738553464,0.0530285699026925
1986,4,16,0.107373394072056,0.00513197543466504,0.0718024320763107,0.00513197543466504,0.0502857140132359
1986,4,17,1.40236854553223,0,0.820532637792894,0,0.0525714295251029
1986,4,18,12.9595937728882,0,7.21713172220598,0,0.100571428026472
1986,4,19,9.35966491699219,0,11.156304950272,0,0.0210285714694432
1986,4,20,0.464166253805161,0,4.77012478439383,0,0.135314287458147
1986,4,21,0.00126656121574342,0.000280468545156509,0.231325995954649,0,0.0745142868586949
1986,4,22,2.15437340736389,0.000279129942668988,1.07754087128842,0.00126794281629827,0.0457142863954817
1986,4,23,1.08679962158203,0,1.53854524335975,0,0.0265142849513463
1986,4,24,0.0388980098068714,0,0.55387784200957,0,0.0205714293888637
1986,4,25,10.4845590591431,0,5.17484199096316,0,0.0164571421486991
1986,4,26,8.45057106018066,0,9.57777056378427,0,0.21120000566755
1986,4,27,8.1995964050293,0,8.30801934261353,0,1.12457144601004
1986,4,28,3.44345116615295,0,5.96228594923741,0,1.47657143729074
1986,4,29,2.71470785140991,0,3.07907316987394,0,1.23428573608398
1986,4,30,13.298487663269,0,8.00609170861344,0,1.88800005231585
1986,5,1,3.93308615684509,0,8.59059102162337,0,3.37828565325056
1986,5,2,0.0541839264333248,0,2.08123692515028,1.13686837721616e-13,2.19428580147879
1986,5,3,2.14250503631774e-05,0,0.0270734117088978,-1.13686837721616e-13,1.62742854527065
1986,5,4,5.07346248626709,0,2.50936628913041,0,1.29828567504883
1986,5,5,1.88846516609192,0,3.53784998278206,0,1.03771427699498
1986,5,6,0.365606635808945,0,1.11617865120979,0,0.813714272635324
1986,5,7,0.0300449002534151,0,0.197394103518036,0,0.795428575788225
1986,5,8,0.496248811483383,0,0.248613183765883,-1.13686837721616e-13,0.726857158115932
1986,5,9,2.26240062713623,0,1.53190443083031,1.13686837721616e-13,0.608000019618443
1986,5,10,1.80261158943176,0,1.98596771956363,0,0.461714281354632
1986,5,11,7.58501768112183,0,4.54016967891221,0,0.453485706874302
1986,5,12,6.59033107757568,0,7.10412986219899,0,2.06171439034598
1986,5,13,0.103233367204666,0,3.4011452671557,0,0.868571417672294
1986,5,14,0.866909801959992,0,0.432366458523575,0,0.438857133047921
1986,5,15,2.2791268825531,0,1.69163010767625,0,0.209371430533273
1986,5,16,0.103945955634117,0,1.313352926682,0,0.0914285727909633
1986,5,17,0.00136836350429803,0,0.0578234004283331,0,0.0534857136862619
1986,5,18,0.000374440744053572,0,0.000929179404010938,0,0.0315428563526699
1986,5,19,0.00406598672270775,0,0.00226603763076128,0,0.0182857138769967
1986,5,20,0.128799691796303,0,0.0707768868064704,0,0.00868571400642395
1986,5,21,4.53647917311173e-05,0,0.0627757252268566,0,0.00502857140132359
1986,5,22,0.0112682497128844,0,0.00551126228447174,0,0.00365714303084782
1986,5,23,0.916042625904083,0,0.45036232461689,0,0.00320000009877341
1986,5,24,2.44311428070068,0,1.6427959225407,0,0.00320000009877341
1986,5,25,0.254105687141418,0,1.3858221502569,0,0.002742857166699
1986,5,26,0,0,0.120784120440476,0,0.00228571423462459
1986,5,27,1.9666107618832e-05,0,9.53698281591642e-06,0,0.00182857151542391
1986,5,28,0.11410141736269,0,0.0568290105197775,0,0.0013714285833495
1986,5,29,2.32831894209085e-06,0,0.0586835719063856,0,0.000914285757711955
1986,5,30,8.69038849486969e-05,0,4.69139895358239e-05,0,0.000457142878855978
1986,5,31,0.00750596076250076,0,0.00357813110440475,0,0.000457142878855978
1986,6,1,0.875328779220581,0,0.434200089230671,0,0.000457142878855978
1986,6,2,4.59296274185181,0,2.72991725193833,0,0.000457142878855978
1986,6,3,2.59690022468567,0,3.573017301665,0,0.000457142878855978
1986,6,4,0.0127252293750644,0,1.27665251181679,0,0.000457142878855978
1986,6,5,0.0291507430374622,0,0.0220342655998138,0,0.000457142878855978
1986,6,6,4.06745719909668,0,2.03620786078272,0,0.000457142878855978
1986,6,7,4.13012027740479,0,4.10248538233827,0,0.000457142878855978
1986,6,8,0.0991409346461296,0,2.12722892749525,0,0.000457142878855978
1986,6,9,1.61142420768738,0,0.830528077833151,0,0.000457142878855978
1986,6,10,0.262137860059738,0,0.946558826893124,0,0.000457142878855978
1986,6,11,0.149567350745201,0,0.200133836941859,0,0.000457142878855978
1986,6,12,0.0254789516329765,0,0.0922240675304238,0,0.000457142878855978
1986,6,13,0.0148986428976059,0,0.0213043848398229,0,0.000457142878855978
1986,6,14,3.53804540634155,0,1.76045301472823,0,0
1986,6,15,6.0375542640686,0,4.78962630354909,0,0.000457142878855978
1986,6,16,1.53646683692932,0,3.77675544917383,0,0.000457142878855978
1986,6,17,0.0460770018398762,0,0.807191694035737,0,0.000457142878855978
1986,6,18,0.349091917276382,0,0.16829094300374,0,0.000457142878855978
1986,6,19,9.56276226043701,0,4.9292205187835,0,0.000457142878855978
1986,6,20,5.27741432189941,0,7.45241751461117,0,0.000457142878855978
1986,6,21,1.93084001541138,0,3.55153081015624,0,0.000457142878855978
1986,6,22,2.92427730560303,0,2.56249312325872,0,0.000457142878855978
1986,6,23,0.91648942232132,0,1.84662505326423,0,0.000457142878855978
1986,6,24,0.250655919313431,1.13686837721616e-13,0.558585809162196,0,0.000457142878855978
1986,6,25,3.43066763877869,-1.13686837721616e-13,1.79498957049464,0,0
1986,6,26,0.0350993983447552,0,1.68930970624069,0,0
1986,6,27,0.0153664974495769,0,0.0255432255407868,0,0
1986,6,28,0.0460976287722588,0,0.0286992725737036,0,0
1986,6,29,0.00889334175735712,0,0.0281265807184354,0,0
1986,6,30,0.148014396429062,0,0.0984002847180818,0,0
1986,7,1,1.16462814807892,0,0.643586989152482,0,0
1986,7,2,0.0162888243794441,0,0.573658097471252,0,0
1986,7,3,11.738205909729,0,5.85871298622942,0,0.000457142878855978
1986,7,4,7.28902864456177,0,9.5793514011134,0,0.000914285757711955
1986,7,5,9.62933158874512,0,8.39090900283964,0,0.000914285757711955
1986,7,6,0.00294961454346776,0,4.85808871523113,0,0.000457142878855978
1986,7,7,0.0113638304173946,0,0.00720175106926035,0,0.000457142878855978
1986,7,8,3.33494687080383,0,1.6840017178356,0,0.000457142878855978
1986,7,9,6.00686073303223,0,4.64437208945265,0,0.000457142878855978
1986,7,10,21.592887878418,0,13.7886879093239,-1.13686837721616e-13,0.00182857151542391
1986,7,11,4.66702365875244,0,13.2062154791656,1.13686837721616e-13,0.0137142854077475
1986,7,12,1.21033465862274,0,2.96658256468982,0,0.00959999987057277
1986,7,13,0.978422582149506,0,1.05271629241042,-1.13686837721616e-13,0.0301714284079415
1986,7,14,3.48101592063904,0,1.82378518811129,1.13686837721616e-13,0.0393142870494298
1986,7,15,0.30106994509697,0,1.92367550540439,0,0.0324571439198085
1986,7,16,0.778253972530365,0,0.502675961638943,0,0.0260571428707668
1986,7,17,2.6059091091156,0,1.6883988230411,0,0.0196571435247149
1986,7,18,1.29865288734436,0,1.94020670725467,0,0.0132571424756731
1986,7,19,1.07924342155457,0,1.19210040142661,0,0.00640000019754682
1986,7,20,0.749116599559784,0,0.904127145696293,0,0
1986,7,21,1.67842447757721,0,1.26442257129202,0,0
1986,7,22,1.76051259040833,-1.13686837721616e-13,1.7214707756284,-1.13686837721616e-13,0
1986,7,23,3.38229751586914,1.13686837721616e-13,2.44486058790699,1.13686837721616e-13,0
1986,7,24,0.245214834809303,0,1.7468807863188,0,0
1986,7,25,0.889222383499146,0,0.564598171723901,0,0
1986,7,26,12.0596733093262,0,6.45345211056974,0,0
1986,7,27,11.790075302124,0,11.9187417365151,0,0
1986,7,28,3.01474475860596,0,7.40049139211033,0,0
1986,7,29,3.56536841392517,0,3.2320307589589,0,0
1986,7,30,1.19080567359924,0,2.43175730135272,0,0
1986,7,31,0.776976525783539,0,0.995255605496368,0,0
1986,8,1,1.90459263324738,0,1.30631377133886,0,0
1986,8,2,0.182659834623337,0,1.00610010455875,0,0
1986,8,3,0.409209161996841,0,0.26062326405372,0,0
1986,8,4,0.722821414470673,0,0.573921037587752,0,0
1986,8,5,0.338683098554611,0,0.548088307410126,0,0
1986,8,6,3.48980450630188,0,1.86871364913623,0,0
1986,8,7,4.15546798706055,0,3.80830555823013,0,0
1986,8,8,2.15089559555054,0,3.15494106373581,0,0
1986,8,9,3.74024248123169,0,2.91785015714959,0,0
1986,8,10,1.32146954536438,0,2.53857222322904,0,0
1986,8,11,0.000492325925733894,0,0.67648855854668,0,0
1986,8,12,0.0191580094397068,0,0.0106633792565844,0,0
1986,8,13,0.0503187067806721,0,0.0323410413157035,0,0
1986,8,14,0.412513822317123,0,0.214755553297437,0,0
1986,8,15,0.411022990942001,0,0.411791949207782,0,0
1986,8,16,0.0258534122258425,0,0.204914587213807,0,0
1986,8,17,0.0458071120083332,0,0.0346675714145022,0,0
1986,8,18,0.0214867722243071,0,0.0356445341949438,0,0
1986,8,19,1.60838162899017,0,0.797903273984048,0,0
1986,8,20,1.66600239276886,0,1.63677970563094,0,0
1986,8,21,0.752202749252319,0,1.21093673757241,0,0
1986,8,22,2.30630207061768,0,1.5147237680867,0,0
1986,8,23,0.434559434652329,0,1.38183185511343,0,0
1986,8,24,0.415339320898056,0,0.425857899071616,0,0
1986,8,25,0.21098205447197,0,0.320157248518171,0,0
1986,8,26,0.203245356678963,0,0.206014699087064,0,0
1986,8,27,0.00746786501258612,0,0.111167475739876,0,0
1986,8,28,0.000859041640069336,0,0.00424084439646322,0,0
1986,8,29,5.89082105761918e-07,0,0.000350604067534732,0,0
1986,8,30,0.0202236659824848,0,0.00798318484476113,0,0
1986,8,31,0.367329329252243,0,0.191697951930109,0,0
1986,9,1,3.75004649162293,0,2.06524955335817,0,0
1986,9,2,9.85563087463379,0,6.79484827005763,0,0
1986,9,3,5.78820419311523,0,7.84075619594796,-1.13686837721616e-13,0
1986,9,4,1.24557340145111,0,3.46911184447163,1.13686837721616e-13,0
1986,9,5,0.310075640678406,0,0.779514831776396,0,0
1986,9,6,0.0329115577042103,0,0.153365160585054,0,0
1986,9,7,0.00501399021595717,0,0.0206993937636071,1.13686837721616e-13,0
1986,9,8,0.000260978791629896,0,0.00249025347011411,-1.13686837721616e-13,0
1986,9,9,0.0279721543192863,0,0.0145406238875694,0,0
1986,9,10,0.0504467859864235,0,0.0386194254360817,0,0
1986,9,11,1.38631153106689,0,0.742749083543913,0,0
1986,9,12,0.262758165597916,0,0.809924454796146,0,0
1986,9,13,0.000401213823352009,0,0.135026186349023,-1.13686837721616e-13,0
1986,9,14,0.000862718443386257,0,0.000598759847889596,1.13686837721616e-13,0
1986,9,15,0.00561121990904212,0,0.00295081037620548,0,0
1986,9,16,6.28396844863892,0,3.12063510459029,0,0
1986,9,17,4.00168609619141,0,5.20929641647172,0,0
1986,9,18,0.351754784584045,0,2.20376824010691,0,0
1986,9,19,0.288264542818069,0,0.340981851205925,0,0
1986,9,20,0.855981945991516,0,0.749997077002718,0,0
1986,9,21,4.6273136138916,0,2.69793427314562,0,0
1986,9,22,3.91641879081726,0,4.28232737342887,0,0
1986,9,23,0.298993736505508,0,2.18363902961619,0,0
1986,9,24,7.42127561569214,0,3.89669321000656,0,0
1986,9,25,4.81033802032471,0,6.06944572075554,0,0
1986,9,26,1.63797271251678,0,3.44238553330297,0,0
1986,9,27,0.479014366865158,0,1.02696283811565,0,0
1986,9,28,1.52518177032471,0,1.02377903436718,0,0
1986,9,29,5.49816179275513,0,3.5134775670781,0,0
1986,9,30,1.37081241607666,0,3.52590639388745,0,0
1986,10,1,4.68804216384888,0,2.96304155313783,1.13686837721616e-13,0
1986,10,2,3.89615058898926,0,4.45875757525437,-1.13686837721616e-13,0
1986,10,3,0.164439097046852,0,2.11272138948743,0,0
1986,10,4,0.0415677651762962,0,0.0858803024311783,0,0
1986,10,5,0.600501418113709,0,0.428491538442813,0,0
1986,10,6,1.11974859237671,0,1.00723533446308,0,0
1986,10,7,0.368637025356293,0,0.546975893206309,0,0
1986,10,8,0.121784687042236,0.000559415774205263,0.189010876342763,0.000559415774205263,0
1986,10,9,0.134484723210335,0.0161704080989011,0.1151743933533,0.0161704080989011,0
1986,10,10,0.808225214481354,0.00970649040948501,0.494085511893445,0.00970649040948501,0
1986,10,11,0.27937376499176,0,0.569539780638479,0,0
1986,10,12,0.000689958920702338,5.57258795197413e-05,0.209690268011855,5.57258795197413e-05,0
1986,10,13,0.0118689853698015,0.000122233915931247,0.0116771338794024,0.000122233915931247,0
1986,10,14,0.000246959389187396,0,0.00302913069890565,0,0
1986,10,15,0.000619258033111692,0,0.00033779201521611,0,0
1986,10,16,0.000623575120698661,-1.13686837721616e-13,0.000621197226791992,0,0
1986,10,17,0.00117754971142858,1.13686837721616e-13,0.00103888890771486,0,0
1986,10,18,0.00610780948773027,0,0.00244512015069631,0,0
1986,10,19,0.0445678643882275,0,0.0342420679198767,0,0
1986,10,20,0.0355843976140022,0,0.0378275617181316,0,0
1986,10,21,2.52304175774043e-07,0,0.0180553390846399,0,0
1986,10,22,0.000977512099780142,0,0.000393470625567716,0,0
1986,10,23,0.00243635172955692,0,0.00164296839329836,0,0
1986,10,24,0.00769070954993367,0,0.0068471134200081,0,0
1986,10,25,0.017380703240633,0,0.015727333167888,0,0
1986,10,26,0.00349319842644036,0,0.0120713804212755,0,0
1986,10,27,0.0264852419495583,0,0.0165834601561983,0,0
1986,10,28,0.180762261152267,0,0.0747467931719257,0,0
1986,10,29,0.0949979200959206,0.00651312439742924,0.12225257771388,0.00651312439742924,0
1986,10,30,0.350787669420242,0.0709872474174063,0.151905968312349,0.00574371125912876,0
1986,10,31,0.239032730460167,0.0652433118762019,0.229666879902652,0.350788510093707,0
1986,11,1,0.0334172509610653,0.0167110223292184,0.119499220633315,0,
1986,11,2,0.704380095005035,0.368857150099416,0,0,
1986,11,3,0.261011004447937,0.48346794606789,0,0,
1986,11,4,1.20593070983887,0.729910837801867,0,0,
1986,11,5,0.901320338249207,0.602965542498168,0.450660028928724,2.20191401835973,
1986,11,6,0.490390211343765,0,0.673841142477613,0,
1986,11,7,12.4876861572266,4.74551448928537,1.7435200416312,0,
1986,11,8,20.4961967468262,15.0467345071943,1.48386172401479,0,
1986,11,9,2.68459010124207,11.5939792765361,0,0,
1986,11,10,0.0450973957777023,1.3377088263876,0,0,
1986,11,11,0.0109180985018611,0.021306433750965,0,0,
1986,11,12,0.0273126866668463,0.0178372362202026,0,0,
1986,11,13,0.153452455997467,0.0563105273080282,0,0,
1986,11,14,0.0111750420182943,0.0676162879543654,0,-1.13686837721616e-13,
1986,11,15,0.374377578496933,0.276134210388705,0,1.13686837721616e-13,
1986,11,16,0.172897234559059,0.230075540558232,0,0,
1986,11,17,0.000202525698114187,0.0788799849709676,0,0,
1986,11,18,1.4328864812851,0.580929975503409,0,0,
1986,11,19,1.42622518539429,1.43028976595383,0,0,
1986,11,20,0.280509382486343,0.8014288469858,0,0,
1986,11,21,0.053098626434803,0.176332945640979,0,0,
1986,11,22,0.884507477283478,0.331074446219645,0,0,
1986,11,23,0.511629045009613,0.656214097668112,0,0,
1986,11,24,0.472320914268494,0.492285966169561,0,0,
1986,11,25,0.281099766492844,0.273463414370212,0.103248410409378,1.21046138810823,
1986,11,26,0.0024272904265672,0.0385712752949985,0.103410098595305,1.21235698441978,
1986,11,27,0.00392789533361793,0.00241065425632314,0.000623848005488981,0,
1986,11,28,0.0567747130990028,0.0356724703724467,0.000538161064014275,0,
1986,11,29,0.000488117337226868,0.0155769374910051,0,0,
1986,11,30,0.0970131233334541,0.0556533760711773,0,0,
1986,12,1,0.0213806349784136,0.0681083062745529,0,0,
1986,12,2,0.453379154205322,0.163089558077445,0,0,
1986,12,3,0.401585519313812,0.434742083118863,0,0,
1986,12,4,0.179574444890022,0.371170279263197,0,0,
1986,12,5,0.122364237904549,0.181294042385161,0,0,
1986,12,6,0.11550510674715,0.119988149752885,0,0,
1986,12,7,0.202720880508423,0.128989655055648,0,0,
1986,12,8,0.877602636814117,0.489447430911241,0,0,
1986,12,9,0.674199521541596,0.752688690826972,0,0,
1986,12,10,1.33000683784485,1.08805696258923,0,0,
1986,12,11,0.663468599319458,1.15214365468876,0,0,
1986,12,12,0.257642388343811,0.489149904068654,0,0,
1986,12,13,0.336472481489182,0.283911077667085,0,0,
1986,12,14,0.268155753612518,0.32217359625929,0,0,
1986,12,15,0.113617390394211,0.196118416418699,0,0,
1986,12,16,0.00281603774055839,0.0568859465257674,-4.54747350886464e-13,0,
1986,12,17,0.118790917098522,0.0406889921885067,4.54747350886464e-13,0,
1986,12,18,0.00111676950473338,0.094895407280319,0,0,
1986,12,19,0.00199944223277271,0.0111640615642727,0,0,
1986,12,20,0.00899395626038313,0.00774661391130849,0,0,
1986,12,21,0.00426973402500153,0.00722529213476264,0,0,
1986,12,22,0.0023409181740135,0.0031954750523937,0,0,
1986,12,23,0.00549257081001997,0.00280783009554852,0,0,
1986,12,24,0.000128773870528676,0.00417953506746471,0,0,
1986,12,25,0.00699771381914616,0.00222866494902974,0,0,
1986,12,26,0.000209351404919289,0.00407546406245274,0,0,
1986,12,27,0.00235411385074258,0.00151660950200494,0,0,
1986,12,28,0.0848248898983002,0.0484690013489626,0,0,
1986,12,29,0.318324118852615,0.253632907229871,0,0,
1986,12,30,1.86457419395447,0.951126665278935,0,0,
1986,12,31,1.06005609035492,1.48652968855845,0,0,
1987,1,1,0.254503816366196,0.82164609807603,0,0,
1987,1,2,0.0513225644826889,0.167747560313956,0,0,
1987,1,3,0.0194339770823717,0.0435475058096699,0,0,
1987,1,4,2.20818742491247e-06,0.0179787163175433,0,0,
1987,1,5,0.00734143937006593,0.00531521878235708,0,0,
1987,1,6,0.114983178675175,0.0590715945626243,0,0,
1987,1,7,0.0488717146217823,0.0948315193579674,0,0,
1987,1,8,0.0898655951023102,0.0571144503915093,0,0,
1987,1,9,0.183095678687096,0.126538642464311,0,0,
1987,1,10,0.00471217278391123,0.0964665357848844,0,0,
1987,1,11,0.00207534246146679,0.00406919604517952,0,0,
1987,1,12,0.00574497412890196,0.00307431725866536,0.000622849770934408,1.13686837721616e-13,
1987,1,13,0.0159040838479996,0.00444948164226844,0.00277269982825601,-1.13686837721616e-13,
1987,1,14,0.000318646896630526,0.0033433285357205,0.00506221197701962,0,
1987,1,15,0.00254471809603274,0.000749016722465967,0,0,
1987,1,16,0.0368589870631695,0.0178661476404614,0,0,
1987,1,17,0.0762351527810097,0.0450546355388042,0,0,
1987,1,18,4.70870208740234,2.29947503770461,0,0,
1987,1,19,2.83054614067078,3.6137769428608,0,0,
1987,1,20,1.13834702968597,2.20521887493783,0,0,
1987,1,21,0.576880574226379,0.996298457689477,0,0,
1987,1,22,0.0044344924390316,0.355729422456079,0,0,
1987,1,23,0.000145863479701802,0.00266273844806619,0,0,
1987,1,24,0.00127571390476078,0.000415218706280029,0,0,
1987,1,25,0,0.000721912572885231,0,0,
1987,1,26,0.122457236051559,0.0254391587479859,0,0,
1987,1,27,0.118124701082706,0.112417681471243,0,0,
1987,1,28,1.08031415939331,0.42141303814401,0,0,
1987,1,29,2.99794173240662,1.83148487755579,0,0,
1987,1,30,0.339523136615753,1.75646884048797,0,0,
1987,1,31,0.0298415292054415,0.226175225819588,0,0,
1987,2,1,3.35787343978882,1.56225029330949,0,0,
1987,2,2,3.43548321723938,3.41670825755114,0,0,
1987,2,3,0.876010477542877,1.95377001013594,0,0,
1987,2,4,0.00196845270693302,0.479284762539578,0,0,
1987,2,5,0.0301137622445822,0.0154089749065633,0,0,
1987,2,6,0.000223319395445287,0.0234154662091441,0,0,
1987,2,7,0.126060828566551,0.0491790430266974,0.0163383684212022,0,
1987,2,8,0.0104646282270551,0.0419837005640602,0.0122270997776468,0,
1987,2,9,0.000469874852569774,0.0061525340801154,0,0,
1987,2,10,0.00287291896529496,0.00084939214377755,0,0,
1987,2,11,0.0421247147023678,0.0171593559560961,0,0,
1987,2,12,0.029954232275486,0.0401640250449873,0,0,
1987,2,13,0.350621521472931,0.128248309746027,0,0,
1987,2,14,0.307040691375732,0.345145861429387,0,0,
1987,2,15,2.57775163650513,1.16865593926809,4.54747350886464e-13,0,
1987,2,16,1.48830580711365,2.24345343835751,-4.54747350886464e-13,0,
1987,2,17,0.214214980602264,0.695903668880646,0,0,
1987,2,18,0.0118783274665475,0.0651737062648863,0,0,
1987,2,19,0.0230870172381401,0.018285597968088,0,0,
1987,2,20,0.366495132446289,0.138085724257394,0,0,
1987,2,21,0.936292707920074,0.462513853828909,0,0,
1987,2,22,0.330752223730087,0.597993542794029,0,0,
1987,2,23,1.29183375835419,1.05847179922,0,0,
1987,2,24,5.07635974884033,2.98466168089135,0,0,
1987,2,25,6.4997501373291,5.50571060063976,0,0,
1987,2,26,3.75601983070374,5.28993399528292,0.0274858971515641,0,
1987,2,27,3.25290989875793,3.33558558911443,0.0133174652182788,0,
1987,2,28,5.46752643585205,4.36064901003886,-4.54747350886464e-13,0,
1987,3,1,3.63958930969238,4.90291298991497,0,0,0
1987,3,2,0.0451211147010326,2.02615138317469,0,0,0
1987,3,3,0.0651895403862,0.0534149984318901,0,1.13686837721616e-13,0
1987,3,4,0.000161853866302408,0.0406977443657297,2.02674982574536e-06,-1.13686837721616e-13,0
1987,3,5,0.00121181877329946,0.000812484505445354,0.000117725433028681,0,0
1987,3,6,0.00289080198854208,0.000275697356983073,0.00169917533321495,9.89815754912911,0
1987,3,7,0.0835260525345802,0.0140730443457642,0.0292301768304242,9.87488809681554,0
1987,3,8,0.0465174429118633,0.0372852000557486,0.0277637563344797,0,0
1987,3,9,0.0242060199379921,0.0362438722867182,0,0,0
1987,3,10,0.0630217790603638,0.0508087040357168,0,0,0
1987,3,11,0.0473124831914902,0.0550616521431948,0,0,0
1987,3,12,0.0853955149650574,0.0562717237127117,0,0,0
1987,3,13,0.0394703596830368,0.0612340445190966,0,0,0
1987,3,14,9.78654425125569e-05,0.0217055716439063,0,0,0
1987,3,15,0.83554083108902,0.159834375626474,0,0,0
1987,3,16,1.33195853233337,0.788851452489098,0.257552072610451,0,0
1987,3,17,1.80009973049164,0.637282514147955,0.928746767839584,1.58634954756201,0
1987,3,18,0.284398466348648,0.221828443705817,0.821164448060699,9.26455806127581,0.0114285715988704
1987,3,19,0.425277233123779,0,0.355126938918147,20.0087903513787,0.0228571431977408
1987,3,20,0.031273365020752,0,0.2270511438619,27.3372360113614,0.0457142863954817
1987,3,21,0.00399412587285042,0,0.0178819836987714,32.7791022189089,0.128000000544957
1987,3,22,0.0364137664437294,0,0.0201894158162759,21.0240151058759,0.210285718100412
1987,3,23,0.173213377594948,0,0.102064764596435,0,0.292571422031948
1987,3,24,1.5762540102005,0,0.923631199277224,0,0.374857139587402
1987,3,25,2.19598579406738,0.218871959680314,1.65441114955229,0.2188719596802,0.457142857142857
1987,3,26,0.211585626006126,0.218285893872462,0.854317469491434,0.218285893872576,0.548571450369699
1987,3,27,0.387455701828003,0.211516154218543,0.0880031024953496,0.0177914034829882,0.639999989100865
1987,3,28,0.0374633856117725,0.213447225278628,0,0,0.699428558349609
1987,3,29,0.00779418600723147,0.0223209816446115,0,0,0.754285703386579
1987,3,30,0.000321814877679572,0.00457583565241748,0,0,0.813714272635324
1987,3,31,0.94486540555954,0.396307733653771,0.0746327221581851,0,0.868571417672294
1987,4,1,0.0806564539670944,0.431241143845568,0.0804330441078491,0,0.927999986921038
1987,4,2,0.0100644547492266,0.0407686552445057,0.00592847370080563,0,1.33942860194615
1987,4,3,2.71810426966113e-06,0.00529124987519936,7.14488578523742e-07,0,1.74628568376814
1987,4,4,4.02370351366699e-05,6.05882064519392e-07,2.08716846827883e-05,1.46867451853529,2.15314287458147
1987,4,5,1.67340731422883e-05,0,2.85255673588836e-05,0,3.13600006103516
1987,4,6,0.00448814732953906,0,0.00236128462347551,0,4.11428571428572
1987,4,7,0.00902901776134968,0,0.00662259175078361,0,5.07428588867188
1987,4,8,0.00217546732164919,0,0.00517459986849644,0,6.08000008719308
1987,4,9,0.059087373316288,0,0.0318475550407129,0,5.43999982561384
1987,4,10,0.0307353194803,0,0.0449381907019415,1.13686837721616e-13,4.16000017438616
1987,4,11,0.00939908903092146,0,0.0200928280005428,-1.13686837721616e-13,3.07199990408761
1987,4,12,0.139514535665512,0,0.0685455696075223,0,2.31771436418806
1987,4,13,0.00945686548948288,0,0.0882739844596472,0,1.71428571428571
1987,4,14,0.00459037115797401,0,0.00677460320503087,0,0.992000034877232
1987,4,15,0.000263586262008175,0,0.00206356089211113,0,0.303542845589774
1987,4,16,0.0151670267805457,0,0.00862002726125866,0,0.24320000239781
1987,4,17,6.78655737829104e-07,0,0.0075362510128798,0,0.182399994986398
1987,4,18,0.00928784813731909,0,0.0042349062100584,0,0.121600001198905
1987,4,19,0.00871972739696503,0,0.00901771070266477,0,0.0608000005994524
1987,4,20,0.176941007375717,0,0.0889968277820117,1.13686837721616e-13,0.0457142863954817
1987,4,21,0.00251044705510139,0,0.0983969130907099,-1.13686837721616e-13,0.0274285708154951
1987,4,22,0.00012969809176866,0,0.00146752875934908,0,0.0137142854077475
1987,4,23,2.78300794889219e-05,0,8.61521002661903e-05,0,0.00457142846924918
1987,4,24,0.0103805083781481,0,0.00500196156917809,0,0.00228571423462459
1987,4,25,0.0728546157479286,0,0.0405138985665872,0,0
1987,4,26,0.0790582597255707,0,0.075710797816555,0,0
1987,4,27,0.0184817668050528,0,0.0535642691302201,0,0
1987,4,28,0.0099524762481451,0,0.0145679240768004,0,0
1987,4,29,0.275757044553757,0,0.142220266245658,1.13686837721616e-13,0
1987,4,30,2.15353107452393,0,1.20821961977936,-1.13686837721616e-13,0
1987,5,1,2.29294967651367,0,2.2296176444188,0,0
1987,5,2,0.0517474934458733,0,1.19444288190562,0,0
1987,5,3,0.0761329904198647,0,0.0618518985488663,0,0
1987,5,4,0.00758706871420145,0,0.0460046985790541,0,0
1987,5,5,0.0888645574450493,0,0.0561092908269529,0,0
1987,5,6,0.00140392663888633,0,0.0392437333698581,0,0
1987,5,7,0.000207772449357435,-1.13686837721616e-13,0.00094187731792772,-1.13686837721616e-13,0
1987,5,8,0.0246842931956053,1.13686837721616e-13,0.0116547029761023,1.13686837721616e-13,0
1987,5,9,0.233740150928497,0,0.125751299455715,0,0
1987,5,10,0.11415433883667,0,0.173037186261809,0,0
1987,5,11,0.00658124918118119,0,0.060899443236849,0,0
1987,5,12,0.00305882329121232,0,0.00485571942181196,0,0
1987,5,13,1.54083406925201,0,0.772072264019243,0,0
1987,5,14,0.00549737876281142,0,0.775474354642029,0,0
1987,5,15,1.5930517911911,0,0.796545690425319,1.13686837721616e-13,0
1987,5,16,3.14711618423462,0,2.36785647335591,-1.13686837721616e-13,0
1987,5,17,1.32987570762634,0,2.22139577729695,0,0
1987,5,18,0.0298104882240295,0,0.671328210402407,0,0
1987,5,19,0.0282537285238504,0,0.0290157076897231,0,0
1987,5,20,14.3360729217529,0,7.17462438440134,-1.13686837721616e-13,0
1987,5,21,16.5964126586914,0,15.412820388337,1.13686837721616e-13,0
1987,5,22,0.826412498950958,0,8.78529097759019,0,0
1987,5,23,0.00424211611971259,0,0.535527377730432,0,0
1987,5,24,0.149051696062088,0,0.0582472692799456,0,0
1987,5,25,3.1873095035553,0,1.66502424590271,0,0
1987,5,26,7.90948677062988,0,5.5103963317797,0,0
1987,5,27,6.43920850753784,0,7.21468150091823,0,0
1987,5,28,1.37501585483551,0,3.99308873245218,0,0
1987,5,29,0.348839163780212,0,0.868655332094932,0,0
1987,5,30,4.592946061166e-05,0,0.169901589352321,0,0
1987,5,31,1.9519966840744,0,0.874292689817594,0,0
1987,6,1,1.25286650657654,0,1.60366829554459,0,0
1987,6,2,1.70024847984314,0,1.49763176173474,0,0
1987,6,3,0.546611666679382,0,1.07802970775765,0,0
1987,6,4,0.0518692471086979,0,0.261469563225091,0,0
1987,6,5,2.09874129295349,0,1.08159169730425,0,0
1987,6,6,0.739451050758362,1.13686837721616e-13,1.44522384378979,1.13686837721616e-13,0
1987,6,7,0.0710540041327477,-1.13686837721616e-13,0.421737979812406,-1.13686837721616e-13,0
1987,6,8,0.00631690118461847,0,0.0389297029996669,0,0
1987,6,9,2.09495027547746e-07,0,0.00247685003705556,0,0
1987,6,10,8.76874256134033,0,4.36825570479459,0,0
1987,6,11,6.62123441696167,0,7.70117668521971,0,0
1987,6,12,0.137306809425354,0,3.39932389834212,0,0
1987,6,13,1.35006928303483e-06,0,0.0614817113200843,0,0
1987,6,14,1.19980707227046e-12,0,5.98564383835765e-07,1.13686837721616e-13,0
1987,6,15,2.09343088499736e-05,0,9.97956749415607e-06,-1.13686837721616e-13,0
1987,6,16,6.8321533203125,0,3.42448054883789,0,0
1987,6,17,4.45685482025147,0,5.6904980821073,0,0
1987,6,18,0.00375991454347968,1.13686837721616e-13,2.26408725182364,0,0
1987,6,19,0.014680746011436,-1.13686837721616e-13,0.00890514968978096,0,0
1987,6,20,5.08694791793823,0,2.52167834470492,0,0
1987,6,21,10.4375467300415,0,7.72854348539522,-1.13686837721616e-13,0
1987,6,22,1.75589323043823,0,6.10982646037064,0,0
1987,6,23,0.843037366867065,0,1.33823152208424,1.13686837721616e-13,0
1987,6,24,0.51175582408905,0,0.646921217946783,0,0
1987,6,25,2.86609244346619,0,1.65434239226488,0,0
1987,6,26,0.157494351267815,0,1.51661390159234,0,0
1987,6,27,0.251932233572006,0,0.20779311474098,0,0
1987,6,28,0.861550331115723,0,0.555221823588909,0,0
1987,6,29,0.285828441381454,0,0.587250179112743,0,0
1987,6,30,1.64055955410004,0,0.945894750206662,0,0
1987,7,1,6.3791184425354,0,4.02577238117101,0,0
1987,7,2,1.04959452152252,0,3.67081019845955,0,0
1987,7,3,0.00472546089440584,-1.13686837721616e-13,0.541971596444455,0,0
1987,7,4,1.67310547828674,1.13686837721616e-13,0.851499730209071,0,0
1987,7,5,0.447605222463608,0,1.02921337499629,0,0
1987,7,6,4.79564094543457,0,2.61078212685834,0,0
1987,7,7,0.299869537353516,0,2.57847004113546,0,0
1987,7,8,0.142329514026642,0,0.226657860317118,0,0
1987,7,9,9.38919067382812,0,4.7742726851493,0,0
1987,7,10,9.80650615692139,0,9.58697219182932,0,0
1987,7,11,8.73574638366699,0,9.21189529630647,0,0
1987,7,12,4.67929697036743,-1.13686837721616e-13,6.78027667467723,0,0
1987,7,13,0.822249293327332,1.13686837721616e-13,2.75908066757802,0,0
1987,7,14,1.52624106407166,0,1.15253043694838,0,0
1987,7,15,1.12396717071533,0,1.33156624878848,0,0
1987,7,16,0.556542873382568,0,0.862578636957551,0,0
1987,7,17,1.79173707962036,0,1.16102691488459,0,0
1987,7,18,23.9226741790772,0,12.8441730011759,0,0
1987,7,19,17.2007751464844,0,20.4933072843291,0,0
1987,7,20,0.045733742415905,0,8.78294470739593,0,0
1987,7,21,4.91658926010132,0,2.39983045067766,0,0
1987,7,22,8.18050384521484,0,6.51354701684704,0,0
1987,7,23,0.211985126137733,0,4.25639156750322,0,0
1987,7,24,0.147428080439568,0,0.178882569578036,0,0
1987,7,25,0.0289608892053366,0,0.0838816629720895,0,0
1987,7,26,0.000545254501048476,0,0.0172703401690342,0,0
1987,7,27,0.0104280076920986,0,0.00649178743924495,0,0
1987,7,28,0.00125742750242352,0,0.00528654648542215,0,0
1987,7,29,0.00566218746826053,0,0.0034955420278493,0,0
1987,7,30,5.49263906478882,0,2.68802096114814,0,0
1987,7,31,2.66791558265686,0,4.02476206104075,0,0
1987,8,1,0.281020522117615,0,1.49966689737448,0,0
1987,8,2,0.00471939612179995,0,0.142441782280457,-1.13686837721616e-13,0
1987,8,3,0.0535250045359135,0,0.0255156399080079,1.13686837721616e-13,0
1987,8,4,0.00309721007943153,1.13686837721616e-13,0.0246268987693838,1.13686837721616e-13,0
1987,8,5,0.252183377742767,-1.13686837721616e-13,0.151495692834942,-1.13686837721616e-13,0
1987,8,6,0.635712027549744,0,0.452499254727627,0,0
1987,8,7,0.297504782676697,0,0.484722349357071,0,0
1987,8,8,0.214891284704208,0,0.252865226585072,0,0
1987,8,9,0.0354832224547863,0,0.139270632178523,0,0
1987,8,10,1.40000069141388,0,0.731294138733119,-1.13686837721616e-13,0
1987,8,11,2.53442645072937,0,1.96412227782594,1.13686837721616e-13,0
1987,8,12,0.535014152526856,0,1.54453730348359,0,0
1987,8,13,0.113974966108799,0,0.337733540586669,0,0
1987,8,14,25.007963180542,0,12.5473546857443,0,0
1987,8,15,4.59191274642944,0,14.8680378522472,0,0
1987,8,16,0.0878598093986511,0,2.39544856066641,0,0
1987,8,17,0.171431317925453,0,0.12580367532837,0,0
1987,8,18,0.159853145480156,0,0.166496080999423,1.13686837721616e-13,0
1987,8,19,0.00675973296165466,0,0.0874184423209954,-1.13686837721616e-13,0
1987,8,20,3.12586522102356,0,1.59906749488209,0,0
1987,8,21,2.25483798980713,0,2.73842032469702,0,0
1987,8,22,0.186360388994217,0,1.18284012478853,0,0
1987,8,23,0.000741077528800815,0,0.106525421856531,0,0
1987,8,24,0.016406973823905,0,0.0101008603169248,0,0
1987,8,25,0.396809011697769,0,0.191471915737566,0,0
1987,8,26,0.597818911075592,0,0.476075941346153,0,0
1987,8,27,0.0466925166547298,0,0.303224748070534,0,0
1987,8,28,0.217984959483147,0,0.13707754241932,0,0
1987,8,29,2.61774873733521,0,1.38863572928403,1.13686837721616e-13,0
1987,8,30,0.373637020587921,0,1.48721482253313,-1.13686837721616e-13,0
1987,8,31,0.013930362649262,0,0.218929048831342,0,0
1987,9,1,0.0209699105471373,0,0.0184306265891792,1.13686837721616e-13,0
1987,9,2,0.0280925016850233,0,0.0242118723281237,-1.13686837721616e-13,0
1987,9,3,0.197307124733925,0,0.144529091668574,0,0
1987,9,4,0.128093466162682,0,0.165357295568811,0,0
1987,9,5,0.0141062363982201,0,0.0646479855477082,0,0
1987,9,6,0.0195331443101168,0,0.0165566269502051,0,0
1987,9,7,0.0609526932239533,0,0.0412953639433908,0,0
1987,9,8,0.162644073367119,0,0.113654325822154,0,0
1987,9,9,4.30236577987671,0,2.22424184020065,0,0
1987,9,10,1.94935142993927,0,3.11561519468523,0,0
1987,9,11,2.5221221446991,0,2.23684954457667,0,0
1987,9,12,1.24465644359589,-1.13686837721616e-13,1.92259150426025,-1.13686837721616e-13,0
1987,9,13,0.415252506732941,1.13686837721616e-13,0.84254908207231,1.13686837721616e-13,0
1987,9,14,0.00250760139897466,0,0.211362933336204,0,0
1987,9,15,0.000710631546098739,0,0.00157167388579182,0,0
1987,9,16,0.0380986295640469,0,0.019386807256069,0,0
1987,9,17,1.00037682056427,0,0.521539438737364,0,0
1987,9,18,5.23493099212647,0,3.13586731192754,0,0
1987,9,19,5.33285045623779,0,5.27785855162802,0,0
1987,9,20,0.0264341738075018,0,2.71931252359309,0,0
1987,9,21,2.0234581825207e-05,0,0.0100789078701382,-1.13686837721616e-13,0
1987,9,22,5.88905868426082e-06,0,1.41700757012586e-05,1.13686837721616e-13,0
1987,9,23,0.805568993091583,0,0.400596473340556,0,0
1987,9,24,0.100485302507877,0,0.387256819954473,-1.13686837721616e-13,0
1987,9,25,0.0501984879374504,0,0.0754055356310346,1.13686837721616e-13,0
1987,9,26,0.00315145775675774,0,0.0268122167540241,0,0
1987,9,27,1.9965295791626,0,0.982340454118457,0,0
1987,9,28,2.76145815849304,0,2.36102115721042,0,0
1987,9,29,0.616506397724152,0,1.71890849155534,0,0
1987,9,30,0.0315567068755627,0,0.394167393618773,0,0
1987,10,1,0.739701390266419,0,0.407448156938244,0,0
1987,10,2,0.11781994998455,0,0.522308822080049,0,0
1987,10,3,0.031610045582056,-1.13686837721616e-13,0.0760627220693095,-1.13686837721616e-13,0
1987,10,4,4.71073389053345,1.13686837721616e-13,2.34833559929757,1.13686837721616e-13,0
1987,10,5,2.07249760627747,-1.13686837721616e-13,3.33642399706014,0,0
1987,10,6,0.380968928337097,1.13686837721616e-13,1.23566407121598,0,0
1987,10,7,0.222825482487679,0,0.336958793518079,1.13686837721616e-13,0
1987,10,8,0.668929755687714,0,0.407526078710362,-1.13686837721616e-13,0
1987,10,9,0.0548409931361675,0,0.368063261937095,-1.13686837721616e-13,0
1987,10,10,0.0601407811045647,0.0167673966972188,0.0407232189063507,1.13686837721616e-13,0
1987,10,11,5.63772495354442e-09,0.0167691187148193,0.0133012814635549,0.0601370661116789,0
1987,10,12,0.000203088668058626,0,0.00010936150647467,0,0
1987,10,13,0.000866966613102704,0,0.000492513836888975,0,0
1987,10,14,0.00233026710338891,0,0.0015179098218141,0,0
1987,10,15,0.531590521335602,0,0.246392471232866,0,0
1987,10,16,0.458483785390854,0,0.492763917622597,0,0
1987,10,17,0.0543983541429043,0,0.266678143566878,0,0
1987,10,18,0.0190706141293049,0,0.042392741203912,0,0
1987,10,19,0.0806443840265274,0,0.0394820501314825,0,0
1987,10,20,0.0968672558665276,0.00331617035226373,0.0879849371908676,0.00331617035226373,0
1987,10,21,1.18290865421295,0.593974999513648,0.0459097719844976,0.00252413989801426,0
1987,10,22,1.23518574237823,1.18444501304236,0.0231412612652093,0,0
1987,10,23,2.0813455581665,1.09251885158085,0.559206444606389,0,0
1987,10,24,0.543019413948059,0.632591050091492,0.671669396152083,0,0
1987,10,25,0.989945888519287,0.138328354196346,0.628154251998694,5.02653471997019,0
1987,10,26,0.717707395553589,-1.13686837721616e-13,0.874012268651768,0,0
1987,10,27,0.0244783647358418,0,0.407493529891326,0,0
1987,10,28,0.0114097567275167,0,0.0189591560524605,0,0
1987,10,29,0.0363810993731022,0,0.0232943203077411,0,0
1987,10,30,0.00115248223301023,0,0.014371260050666,0,0
1987,10,31,0.027793163433671,0,0.0163086446800662,0,0
1987,11,1,0.0619984343647957,0,0.0451476899024783,0,
1987,11,2,0.285531312227249,0,0.173424918572891,0,
1987,11,3,0.187514454126358,0,0.23397100456441,0,
1987,11,4,0.0517887026071549,0,0.110673387555835,0,
1987,11,5,0.000161512769409455,4.48564527459894e-05,0.0271331439039386,0,
1987,11,6,0,4.57378315559254e-05,3.27682009810815e-05,0,
1987,11,7,1.44848308991641e-05,0,7.24241590432939e-06,0.000153991934780606,
1987,11,8,0.00130310689564794,0.000483340160030821,0.000175186092747026,0,
1987,11,9,0.000294385536108166,0.000635622880736264,0.000170452375641617,0,
1987,11,10,5.95281881032861e-06,0.000146724093838202,1.34601896206732e-06,1.13686837721616e-13,
1987,11,11,0,1.64970003879716e-06,1.32670902530663e-06,0.00160857043579199,
1987,11,12,0.000125908205518499,0,6.61834469610767e-05,0,
1987,11,13,0.00411697803065181,0,0.00186252091498318,0,
1987,11,14,0.65131026506424,0,0.317424605380893,0,
1987,11,15,4.37802457809448,0,2.51914473609259,0,
1987,11,16,2.42067575454712,0,3.43774905404689,0,
1987,11,17,0.212585270404816,0.10629568080833,1.21030319742795,0,
1987,11,18,0.0649058446288109,0.139369707511605,0,0,
1987,11,19,0.0541467666625977,0.0598690437650475,0,0,
1987,11,20,0.0355040654540062,0.0450726168937763,0,0,
1987,11,21,0.0019521932117641,0.0192383357994004,4.54747350886464e-13,1.13686837721616e-13,
1987,11,22,0.000655159761663526,0.00117012241253178,7.53013009671122e-05,-1.13686837721616e-13,
1987,11,23,0.0124146789312363,0.00629310631438784,7.11009693077358e-05,0,
1987,11,24,0.0299299471080303,0.0205045822821148,0,0,
1987,11,25,0.0547016449272633,0.0410594893879761,0,0,
1987,11,26,0.0184325892478228,0.0362810715890873,0.000647573965125048,0,
1987,11,27,0.214975237846375,0.0705482832308917,0.0467065009370344,0,
1987,11,28,0.103621400892735,0.0851150868276136,0.0733505103339667,0,
1987,11,29,0.0310639999806881,0.0344298633680182,0.0344525685745793,0,
1987,11,30,0.0358806103467941,0.0288209799632568,0.00495928949067093,0,
1987,12,1,5.38017884537112e-05,0.0207574736090237,0,0,
1987,12,2,0.817400753498077,0.40763602862387,0,0,
1987,12,3,0.375124752521515,0.589940987212913,0,1.13686837721616e-13,
1987,12,4,0.00118839694187045,0.189063187786473,0,-1.13686837721616e-13,
1987,12,5,0.0178409349173307,0.00956138955132246,0,0,
1987,12,6,0.128322213888168,0.0642756462277703,0.00416542375160134,0,
1987,12,7,1.0345356464386,0.25186838025877,0.324364561975926,0,
1987,12,8,0.241682812571526,0.203115982725308,0.434993520330409,3.24255426671118,
1987,12,9,0.0408626571297646,0.0137747444624665,0.1272959773205,0.0137747444623528,
1987,12,10,1.25080001354218,0.511671262296659,0.134156831758446,0.00446209884125892,
1987,12,11,3.11409044265747,1.67374045668453,0.510000116525134,0,
1987,12,12,1.83432972431183,2.08885071725888,0.400999675883213,0,
1987,12,13,0.345326870679855,1.07842820290205,0,0,
1987,12,14,0.131945312023163,0.258958992073076,0,0,
1987,12,15,0.0513773187994957,0.111632482299001,0,0,
1987,12,16,0.0707755610346794,0.0576744359954091,0,0,
1987,12,17,0.00354142929427326,0.0554646580495728,0,0,
1987,12,18,0.0470321513712406,0.0151251759143634,0,0,
1987,12,19,0.0333393141627312,0.0368777298181158,0,0,
1987,12,20,0.0446743331849575,0.0395576423433113,0,0,
1987,12,21,0.0195126552134752,0.0348672814312749,0,0,
1987,12,22,0.0124321319162846,0.0174560906344823,0,0,
1987,12,23,0.0132949287071824,0.0131671409052387,0,0,
1987,12,24,0.0100599899888039,0.0115844212449474,4.54747350886464e-13,0,
1987,12,25,0.000109623935713898,0.00795410605621783,-4.54747350886464e-13,0,
1987,12,26,8.13587485026801e-06,0.000667136670926993,0,0,
1987,12,27,0.000152740089106374,7.41366671945798e-05,0,0,
1987,12,28,0.0230979043990374,0.0052178307973918,0,0,
1987,12,29,0.126106575131416,0.0792204107239058,0,0,
1987,12,30,1.39795112609863,0.787476257361277,0,0,
1987,12,31,0.555637776851654,1.00714532023119,0,0,
1988,1,1,0.817208647727966,0.712105879682213,0,0,
1988,1,2,0.791999220848084,0.810663111304393,0,0,
1988,1,3,0.345343232154846,0.604641229959611,0,0,
1988,1,4,0.00636804150417447,0.20708972712805,0,0,
1988,1,5,0.000219356748857535,0.00524205672081735,0,0,
1988,1,6,0,0.000425978244606995,0,0,
1988,1,7,0.000102182224509306,3.28953632333651e-05,0,0,
1988,1,8,0,5.60939365641389e-05,0,0,
1988,1,9,0.000353493203874677,0.000241088968550685,0,0,
1988,1,10,0.172059491276741,0.0538462314759727,0,0,
1988,1,11,0.030582819133997,0.0835036541984664,0,0,
1988,1,12,0.263650119304657,0.11542883322295,4.54747350886464e-13,0,
1988,1,13,0.259174734354019,0.260520927669518,-4.54747350886464e-13,0,
1988,1,14,0.231512725353241,0.242876353144538,0,0,
1988,1,15,0.636510014533997,0.391631176472515,-4.54747350886464e-13,-1.13686837721616e-13,
1988,1,16,5.44594955444336,3.00547447962003,0,1.13686837721616e-13,
1988,1,17,0.0175070725381374,2.73947910103766,4.54747350886464e-13,0,
1988,1,18,0.839946448802948,0.437601742037941,0,0,
1988,1,19,0.12788400053978,0.478269774141495,0,0,
1988,1,20,0.0413886159658432,0.075732081969818,0,0,
1988,1,21,0.0915884077548981,0.0693374283061985,0,0,
1988,1,22,1.04889166355133,0.51872523453801,0,0,
1988,1,23,3.14660906791687,2.09572431649451,-4.54747350886464e-13,0,
1988,1,24,1.55807888507843,2.28602693945629,9.09494701772928e-13,1.13686837721616e-13,
1988,1,25,0.136903285980225,0.839490336001404,-4.54747350886464e-13,-1.13686837721616e-13,
1988,1,26,0.122577644884586,0.129223666205121,0,0,
1988,1,27,0.00443876627832651,0.091026972279451,0,0,
1988,1,28,0.0673981159925461,0.0175888701455733,0,0,
1988,1,29,0.192519515752792,0.114376544225024,0,0,
1988,1,30,2.13733410835266,1.1708559041208,0,0,
1988,1,31,1.25994896888733,1.80698199388701,-4.54747350886464e-13,0,
1988,2,1,0,0.525432268146346,4.54747350886464e-13,0,
1988,2,2,0.000411022629123181,0.000227962970029694,0,1.13686837721616e-13,
1988,2,3,0,0.000271396866423856,0,-1.13686837721616e-13,
1988,2,4,0.00363574596121907,0.00056722603903836,0,0,
1988,2,5,0.00197980157099664,0.00256781919449622,0,0,
1988,2,6,0.994198024272919,0.431646815369732,0,0,
1988,2,7,0.568986594676971,0.754139683838275,0,0,
1988,2,8,0,0.313908607460121,0,0,
1988,2,9,0.000216887958231382,0.000159862558575696,0,0,
1988,2,10,2.75972615781939e-05,0.000177478496539152,0,0,
1988,2,11,0.104312017560005,0.0480947627745536,0,0,
1988,2,12,0.337952941656113,0.192702902774045,0,0,
1988,2,13,1.53760123252869,1.02345375998596,0,0,
1988,2,14,0.823222398757935,1.24210872676349,0,0,
1988,2,15,1.24416649341583,0.926295400375125,0,0,
1988,2,16,0.416175305843353,0.755031920783267,0,0,
1988,2,17,0.0368287563323975,0.269500548350266,0,0,
1988,2,18,0.435922533273697,0.220752178491693,0.0193482136255625,0,
1988,2,19,0.57703024148941,0.49137168610855,0.0181780272077958,-1.13686837721616e-13,
1988,2,20,0.0674998611211777,0.289487523071102,0,1.13686837721616e-13,
1988,2,21,0.550679564476013,0.217411146601989,0,0,
1988,2,22,0.110553234815598,0.244522267649586,0,0,
1988,2,23,0.0749093145132065,0.0841441802296004,0,0,
1988,2,24,0.0129751050844789,0.0466622261849352,0,0,
1988,2,25,0.000532886711880565,0.0105601473269417,0,0,
1988,2,26,0,0.00111188355469949,0,0,
1988,2,27,0.156595528125763,0.042889515269394,0.00553367539441751,0,
1988,2,28,0.0447568856179714,0.0661864965362611,0.0309179216624216,6.56411380861141,
1988,2,29,0.000403676152927801,0.000202559205490616,0.0222984888791871,6.54066473760861,
1988,3,1,0.0223451890051365,0.0113612482257395,-4.54747350886464e-13,-1.13686837721616e-13,0
1988,3,2,0.000878825492691249,0.0083137840499603,4.54747350886464e-13,1.13686837721616e-13,0
1988,3,3,0.000352722912793979,0.0004865820779969,0,0,0
1988,3,4,2.31242884183303e-05,0.000116263670065564,0,0,0
1988,3,5,0.179508939385414,1.15621447775993e-05,0.0897544645044945,6.87294007544267,0
1988,3,6,0.471092760562897,0,0.325749182529307,20.3362381528473,0.00182857151542391
1988,3,7,9.48873043060303,0.91915858665368,4.06426636735569,10.3098907875907,0.00457142846924918
1988,3,8,5.3897066116333,2.63503541653415,4.80418193122569,0.918442392433235,0.00640000019754682
1988,3,9,0.898822247982025,2.12817790170686,1.0253164999217,0,0.00411428553717477
1988,3,10,0.452151507139206,0.45763947086698,0.217847798738603,1.95272047586832,0.00182857151542391
1988,3,11,1.27434623241425,0.604871147519589,0.258064102240496,1.9542136074997,0
1988,3,12,0.496317625045776,0.787778343107334,0.0794867504610011,0,0
1988,3,13,0.000215001389733516,0.266251168071108,0,0,0
1988,3,14,0.016600115224719,0.0108518314623325,0,0,0
1988,3,15,0.00114984263200313,0.00944563859104619,0,0,0
1988,3,16,0.000557977997232229,0.000997906227894418,0,0,0
1988,3,17,0.165150433778763,0.0508150801850889,0.0123021409199282,-1.13686837721616e-13,0
1988,3,18,0.23217311501503,0.149849086701238,0.0268150018996494,1.13686837721616e-13,0
1988,3,19,0.873064815998077,0.522365528786736,0.00123620822478188,0,0
1988,3,20,0.223088309168816,0.577640466213779,0,-1.13686837721616e-13,0
1988,3,21,0.113311477005482,0.190294448472173,0,1.13686837721616e-13,0
1988,3,22,1.29019773006439,0.276383198636154,0.425367579824524,0,0
1988,3,23,1.17415881156921,0.222717410623545,1.00946973787904,6.31354035962363,0
1988,3,24,3.89296722412109,0.00290287724726568,2.5549644642183,2.72918969537898,0
1988,3,25,3.87470269203186,0.668414337287913,3.21542058612567,0,0
1988,3,26,1.00176227092743,1.16933055956554,1.26922452464851,0,0
1988,3,27,0.496805101633072,0.742990142740155,0,0,0.00457142846924918
1988,3,28,1.43216145038605,0.459996209108795,0.504487771142067,0.620512867324464,0.00914285693849836
1988,3,29,0.128413408994675,0.269404696738093,0.510690549409446,0.620328995476484,0.00914285693849836
1988,3,30,0.000975193048361689,0.0683399447048032,0.0074556077561283,0,0.0114285715988704
1988,3,31,0.00150892720557749,0.00140696100856985,0,0,0.0228571431977408
1988,4,1,0.0256337337195873,0.00075446360767728,0.0128168667802129,5.74947443975589,0.0228571431977408
1988,4,2,0.000470890634460375,0,0.00893944424069559,0,0.0685714312962123
1988,4,3,0.19424594938755,0,0.0944471048924242,0,0.205714280264718
1988,4,4,0.0301458034664392,0,0.091333355050665,0,0.365714291163853
1988,4,5,0.00187695305794477,-1.13686837721616e-13,0.0195659998216797,0,0.566857147216797
1988,4,6,5.99258009970072e-06,1.13686837721616e-13,0.000485554317037895,0,0.457142857142857
1988,4,7,0,0,4.00626095142798e-06,0,0.383999988010951
1988,4,8,0.000384868821129203,0,0.000138310585498402,0,0.306285721915109
1988,4,9,0.00403733737766743,-1.13686837721616e-13,0.00232522382566458,0,0.228571428571429
1988,4,10,0.000180239949258976,1.13686837721616e-13,0.00172297228118623,0,0.150857148851667
1988,4,11,0.0321077741682529,0,0.0142799460304559,0,0.0740571430751256
1988,4,12,6.91389504936524e-05,0,0.0137483181952121,0,0.064914287839617
1988,4,13,0.000493425002787262,0,0.000300577337384311,0,0.0566857133592878
1988,4,14,0.000559905776754022,0.00014272851046826,0.000383570990834414,0,0.0493714298520769
1988,4,15,0.00525394873693585,0.000468369208192598,0.00243855904000156,0.000882048377206957,0.0411428587777274
1988,4,16,0.00098210631404072,0.000347722954302299,0.00292632619130018,0.000347722954188612,0.0333714280809675
1988,4,17,0.000868993811309338,-1.13686837721616e-13,0.000929581425680226,0,0.0246857149260385
1988,4,18,0.000279011175734922,0.00012514183526946,0.000457012627521181,0,0.0169142859322684
1988,4,19,0.000332082388922572,0.000178270378000889,0.000127276334751514,0.0003249099469258,0.00914285693849836
1988,4,20,1.56390433403431e-06,6.1278054658942e-05,0.000143759929869702,6.10348832879026e-05,0.0013714285833495
1988,4,21,0.00133789435494691,0.000333533074922343,0.000338363716309686,0,0.0013714285833495
1988,4,22,0.00020273776317481,0.000332792542053539,0.000437523557593522,0.00133896390525479,0.000914285757711955
1988,4,23,0.0126413339748979,6.05836930844816e-07,0.00686410942580551,6.05836930844816e-07,0.000457142878855978
1988,4,24,0.0181509703397751,0,0.0157266593787426,0,0
1988,4,25,0.0291187930852175,0,0.0233202097738285,0,0
1988,4,26,0.0120520824566484,0,0.0219469553621821,0,0
1988,4,27,0.000285400776192546,1.13686837721616e-13,0.00658017176965586,0,0
1988,4,28,0.00027511824737303,-1.13686837721616e-13,0.000280979724266217,0,0
1988,4,29,1.56252539795787e-07,0,0.000144641612223495,0,0
1988,4,30,0.00435225712135434,0,0.0018489940184736,0,0
1988,5,1,0.488758951425552,0,0.2459082078135,0,0
1988,5,2,0.00453641684725881,0,0.251011559748349,0,0
1988,5,3,0.00374929676763713,-1.13686837721616e-13,0.00415940830089312,-1.13686837721616e-13,0
1988,5,4,9.68872409430332e-05,1.13686837721616e-13,0.00229581914027222,1.13686837721616e-13,0
1988,5,5,2.05455853574676e-06,0,4.62599350612436e-05,0,0
1988,5,6,0.994460701942444,0,0.494552832930367,0,0
1988,5,7,4.32738590240479,0,2.65716144164753,-1.13686837721616e-13,0
1988,5,8,1.31774544715881,0,2.84027313133083,1.13686837721616e-13,0
1988,5,9,0.0109608862549067,0,0.66332153532494,0,0
1988,5,10,0.0606136023998261,0,0.0366816872046911,0,0
1988,5,11,0.637580871582031,0,0.3453606270009,0,0
1988,5,12,1.7738698720932,0,1.21667297065278,0,0
1988,5,13,0.42430454492569,0,1.09953622656258,0,0
1988,5,14,0.430840998888016,0,0.428336979234246,0,0
1988,5,15,0.779841959476471,0,0.599542941318759,0,0
1988,5,16,0.0656996667385101,0,0.428920518817904,0,0
1988,5,17,1.03114842886498e-07,0,0.0336516623929128,0,0
1988,5,18,10.6346483230591,0,5.30571748977309,0,0
1988,5,19,7.51106119155884,0,8.97229664431507,0,0
1988,5,20,0.0758385062217712,0,3.83219696163951,0,0
1988,5,21,0.025793144479394,0,0.0530106944779618,0,0
1988,5,22,0.000431208754889667,0,0.01370053788105,0,0
1988,5,23,0.000919910555239767,-1.13686837721616e-13,0.000715637278517534,0,0
1988,5,24,0.000389632274163887,1.13686837721616e-13,0.000667965056891262,0,0
1988,5,25,0.00217106635682285,0,0.00150779564455661,0,0
1988,5,26,0.0430116653442383,0,0.0218079449214201,0,0
1988,5,27,0.220892369747162,0,0.118229181255629,0,0
1988,5,28,2.75434398651123,0,1.48182991698741,1.13686837721616e-13,0
1988,5,29,6.67055225372315,0,4.73146547763327,-1.13686837721616e-13,0
1988,5,30,0.136202692985535,0,3.44243664222495,0,0
1988,5,31,0.0022934558801353,0,0.0794732937192748,0,0
1988,6,1,0.363722711801529,0,0.183049910670434,0,0
1988,6,2,0.256036102771759,0,0.316317792895006,0,0
1988,6,3,0.000729489896912128,0,0.135588679167086,0,0
1988,6,4,0.0115166213363409,0,0.007034955997824,0,0
1988,6,5,2.18237702215296e-11,0,0.00516912146440518,0,0
1988,6,6,9.97675745220228e-16,0,1.09139364212751e-11,0,0
1988,6,7,0.456836432218552,0,0.224546963661851,0,0
1988,6,8,0.269276559352875,0,0.367308072056858,0,0
1988,6,9,0.0340859480202198,0,0.151942625418542,0,0
1988,6,10,0.000147649014252238,0,0.0182089376835393,0,0
1988,6,11,0.900435090065002,0,0.448929738322022,0,0
1988,6,12,0.451412171125412,0,0.679729351507376,0,0
1988,6,13,0.220679253339767,0,0.336756242942101,0,0
1988,6,14,9.53719711303711,0,4.87403436294244,0,0
1988,6,15,4.20509815216064,0,6.86070460626615,1.13686837721616e-13,0
1988,6,16,0.737024962902069,0,2.5070055912197,-1.13686837721616e-13,0
1988,6,17,4.9841046333313,0,2.80915975866901,0,0
1988,6,18,1.54169631004334,0,3.29728048419338,0,0
1988,6,19,0.0942471772432327,0,0.796075970823495,0,0
1988,6,20,0.313038140535355,0,0.204551970117336,0,0
1988,6,21,0.473614782094955,0,0.385776756912492,0,0
1988,6,22,0.150590538978577,0,0.339074826805245,1.13686837721616e-13,0
1988,6,23,0.329739809036255,0,0.230177071330218,-1.13686837721616e-13,0
1988,6,24,1.08596873283386,0,0.71430328771703,0,0
1988,6,25,0.874852299690247,0,1.00300810485851,1.13686837721616e-13,0
1988,6,26,3.89326032745885e-06,0,0.451619122152351,-1.13686837721616e-13,0
1988,6,27,0.571292996406555,0,0.263981051935389,0,0
1988,6,28,0.212027579545975,-1.13686837721616e-13,0.41580991040837,0,0
1988,6,29,0.000142142569529824,1.13686837721616e-13,0.106010459064237,0,0
1988,6,30,0.016167439520359,0,0.00850606666290332,0,0
1988,7,1,0,0,0.00853384305492,0,0
1988,7,2,2.00745049028228e-07,0,1.03196725831367e-07,0,0
1988,7,3,0.00354286748915911,0,0.00168595932473181,0,0
1988,7,4,6.68103551864624,0,3.3435871557981,0,0
1988,7,5,12.0938653945923,0,9.36652616811443,0,0
1988,7,6,21.3827857971191,1.13686837721616e-13,16.6799220918883,1.13686837721616e-13,0
1988,7,7,4.47298336029053,-1.13686837721616e-13,13.0051201042634,-1.13686837721616e-13,0
1988,7,8,0.11582688242197,0,2.25132256569486,0,0
1988,7,9,0.00817741733044386,0,0.0479066808156858,-1.13686837721616e-13,0
1988,7,10,0.00111735623795539,0,0.00480317734673008,1.13686837721616e-13,0
1988,7,11,0.00222937553189695,0,0.0016780074693088,1.13686837721616e-13,0
1988,7,12,10.9748115539551,0,5.42964407493264,-1.13686837721616e-13,0
1988,7,13,3.64364528656006,0,7.38588727785827,0,0
1988,7,14,0.881778180599213,0,2.29008459149372,0,0
1988,7,15,3.01073694229126,0,1.81526923729643,0,0
1988,7,16,0.0543966703116894,0,1.58353599968996,0,0
1988,7,17,0.0799559578299522,0,0.0671939767353251,0,0
1988,7,18,0.336545079946518,0,0.206306463457167,0,0
1988,7,19,2.40820932388306,1.13686837721616e-13,1.36024135008893,0,0
1988,7,20,0.650241732597351,-1.13686837721616e-13,1.55834466327087,0,0
1988,7,21,0.00210750428959727,0,0.313121547295395,0,0
1988,7,22,3.78423260372074e-06,0,0.0011301929439469,-1.13686837721616e-13,0
1988,7,23,0.151839882135391,0,0.0616652249227627,1.13686837721616e-13,0
1988,7,24,0.00309934886172414,0,0.0874134198488719,0,0
1988,7,25,0.0230489857494831,0,0.0154970032995152,0,0
1988,7,26,0.000213228442589752,0,0.0134550464586027,0,0
1988,7,27,0.00319311325438321,0,0.00137745538222589,1.13686837721616e-13,0
1988,7,28,3.10677814483643,0,1.5481209961863,-1.13686837721616e-13,0
1988,7,29,0.0258228480815887,0,1.58200272495651,0,0
1988,7,30,2.47019863128662,0,1.24362004082013,-1.13686837721616e-13,0
1988,7,31,0.449167758226395,0,1.46013769675301,1.13686837721616e-13,0
1988,8,1,0.636862337589264,0,0.539714731771255,-1.13686837721616e-13,0
1988,8,2,1.72830450534821,0,1.17682482900091,1.13686837721616e-13,0
1988,8,3,0.0165788661688566,0,0.872541623642064,0,0
1988,8,4,0.00625717639923096,0,0.012253549194611,0,0
1988,8,5,0.00483633670955896,0,0.00553518520246144,0,0
1988,8,6,0.0451909713447094,0,0.0230463028360646,0,0
1988,8,7,0.417597204446793,0,0.234058249616282,1.13686837721616e-13,0
1988,8,8,0.0197350420057774,0,0.212429676671036,-1.13686837721616e-13,0
1988,8,9,0.0304582323879004,0,0.0247902150549635,0,0
1988,8,10,0.522655308246613,0,0.28273802100739,0,0
1988,8,11,0.484344452619553,0,0.507886112618053,0,0
1988,8,12,0.182779967784882,0,0.32439747976423,0,0
1988,8,13,15.2530364990234,0,7.71165185212522,-1.13686837721616e-13,0
1988,8,14,5.11798906326294,0,10.2161280237801,1.13686837721616e-13,0
1988,8,15,0.961668848991394,0,3.01507234992187,0,0
1988,8,16,2.08507251739502,0,1.49969540054371,0,0
1988,8,17,3.01741456985474,0,2.50639536655581,0,0
1988,8,18,0.380625993013382,0,1.73542560846818,0,0
1988,8,19,1.33915328979492,0,0.821471834989097,0,0
1988,8,20,0.69224089384079,0,1.03286312515365,0,0
1988,8,21,0.908258855342865,0,0.794234128503376,0,0
1988,8,22,0.448517829179764,0,0.688452886911364,0,0
1988,8,23,0.0859861373901367,0,0.239886159039088,0,0
1988,8,24,0.001214868738316,-1.13686837721616e-13,0.044124688527063,-1.13686837721616e-13,0
1988,8,25,0.0389493592083454,1.13686837721616e-13,0.0199125056260527,1.13686837721616e-13,0
1988,8,26,0.493861466646195,0,0.262779328542365,0,0
1988,8,27,0.323867619037628,0,0.409573989734781,0,0
1988,8,28,0.0312321651726961,0,0.222926002003078,0,0
1988,8,29,0.0196560807526112,0,0.0250800537546638,0,0
1988,8,30,0.00022214962518774,0,0.00939933066092635,0,0
1988,8,31,0.0517624393105507,0,0.0290888446143072,0,0
1988,9,1,0.0130821838974953,0,0.0327532762721603,0,0
1988,9,2,0.376917362213135,0,0.188207945671365,0,0
1988,9,3,0.114601343870163,0,0.249749207992863,0,0
1988,9,4,0.00093458330957219,0,0.0545502422664868,0,0
1988,9,5,0.000854560465086252,0,0.000899183465207898,0,0
1988,9,6,0.000476178043754771,0,0.000676560487136158,0,0
1988,9,7,0.00925904791802168,0,0.00447645594795176,0,0
1988,9,8,0.0016462147468701,0,0.00558687866123364,0,0
1988,9,9,0.261871159076691,0,0.131729828363859,0,0
1988,9,10,4.95046806335449,0,2.60673003271268,0,0
1988,9,11,13.5560216903687,-1.13686837721616e-13,9.24284624827123,0,0
1988,9,12,1.6692990064621,1.13686837721616e-13,7.59945660394578,0,0
1988,9,13,0.00285781780257821,0,0.844979648943536,0,0
1988,9,14,0.000107344741991255,0,0.00146131685596629,0,0
1988,9,15,0.710100948810577,0,0.366007360190906,0,0
1988,9,16,2.80798435211182,0,1.72654238831819,0,0
1988,9,17,3.70252299308777,0,3.41081376369311,0,0
1988,9,18,6.3156304359436,0,5.00754959238748,0,0
1988,9,19,5.50338935852051,0,5.91325658378491,0,0
1988,9,20,0.316997468471527,0,2.99774924181065,0,0
1988,9,21,0.161084786057472,0,0.258580375825204,0,0
1988,9,22,0.0450925193727016,-1.13686837721616e-13,0.108260191636418,0,0
1988,9,23,0.0532771125435829,1.13686837721616e-13,0.0490658888520557,0,0
1988,9,24,0.00478095328435302,-1.13686837721616e-13,0.0367821939521491,0,0
1988,9,25,0.201308459043503,1.13686837721616e-13,0.104202652668391,0,0
1988,9,26,0.0102248275652528,0,0.108333494108592,0,0
1988,9,27,0.0306784305721521,0,0.0187650013663188,0,0
1988,9,28,0.84521746635437,0,0.382676324185923,0,0
1988,9,29,0.322022676467896,0,0.576678871770582,0,0
1988,9,30,0.000417726027080789,0,0.169308184440979,0,0
1988,10,1,0.000287040020339191,0,0.000339320047260117,0,0
1988,10,2,0.94249951839447,0,0.473445370071659,0,0
1988,10,3,0.669855237007141,0,0.814610604666541,0,0
1988,10,4,0.0111644379794598,0.000746819691926248,0.260285840547567,0.000746819691926248,0
1988,10,5,9.56847657107573e-07,0.000639727588804817,0.00529638659872944,0.000639727588804817,0
1988,10,6,1.74322667589877e-05,1.13686837721616e-13,5.81215908823651e-06,0,0
1988,10,7,4.48074533778708e-05,-1.13686837721616e-13,3.16193304570334e-05,0,0
1988,10,8,0.00158248760271817,0,0.00101753768058188,1.13686837721616e-13,0
1988,10,9,3.51551789208315e-05,0,0.00088367876560369,-1.13686837721616e-13,0
1988,10,10,0.000186376040801406,0,0.0001193407865685,0,0
1988,10,11,0.000469428807264194,0,0.000304196895285713,0,0
1988,10,12,0.00010899859626079,0,0.000290509784463211,0,0
1988,10,13,0.0318374037742615,0,0.0108078835028209,0,0
1988,10,14,0.000237940039369278,0,0.0142683878625576,0,0
1988,10,15,1.82446992397308,0,0.89568855428297,0,0
1988,10,16,0.955891907215118,0,1.39731396389971,0,0
1988,10,17,0.0594649240374565,0,0.495907536415416,0,0
1988,10,18,0.787748694419861,1.13686837721616e-13,0.409591461914715,0,0
1988,10,19,0.132681488990784,-1.13686837721616e-13,0.439224269720853,0,0
1988,10,20,0.208797469735146,0,0.164004970031783,0,0
1988,10,21,0.0507506169378758,0,0.153061360924312,0,0
1988,10,22,3.74179196357727,0,1.90825219816406,1.13686837721616e-13,0
1988,10,23,0.905516445636749,0,2.35940583862293,-1.13686837721616e-13,0
1988,10,24,0.0565281137824059,0.0241729269039297,0.456817968229188,0,0
1988,10,25,0.022552777081728,0.0337651666537795,0.00566211359591762,0,0
1988,10,26,1.88718259334564,0.953569885176194,0.00158540808979524,0,0
1988,10,27,5.11319923400879,3.17206505350873,0.321837678829525,-1.13686837721616e-13,0
1988,10,28,0.466037094593048,2.47354439259789,0.324231605453861,1.13686837721616e-13,0
1988,10,29,7.18669980415143e-06,0.229680518299233,0,0,0
1988,10,30,0.000715958885848522,0.000301545348634136,0,0,0
1988,10,31,0.0432287193834782,0.00390639619570266,0.0180659223719886,3.19485823600212,0
1988,11,1,0.000871578406076878,0.00369648985576987,0.0183455650162614,3.19364031538771,
1988,11,2,2.77463368547615e-05,0.000149407362300735,0.000300363185942842,1.40260164578149,
1988,11,3,0.0475907921791077,0,0.0192871814147111,0,
1988,11,4,0.0359546281397343,0,0.0398043130239785,0,
1988,11,5,0.0825259685516357,0.0136750462402233,0.0455669379889514,0,
1988,11,6,0.464687317609787,0.173885158961298,0.0999698790328694,0,
1988,11,7,1.12760210037231,0.267190960474636,0.528953533557797,0.654637430924254,
1988,11,8,0.286198258399963,0.0988499593321421,0.575389186466055,0.0988499593321421,
1988,11,9,0.0227176249027252,0.00143295493239748,0.184580357056802,0.00143295493239748,
1988,11,10,0.00359075516462326,0.00278254142745027,0.0103885961075321,0.00188763361711608,
1988,11,11,0.0803376734256744,0.0317246777021865,0.0102266684457391,-1.13686837721616e-13,
1988,11,12,0.438309490680695,0.0954719290721187,0.163850851150073,0.148546193217499,
1988,11,13,0.36468380689621,0.186944546241534,0.214551542300342,0.064632874975473,
1988,11,14,9.72619533538818,4.98446710186681,0.0600440014654851,0,
1988,11,15,10.6319208145142,10.149018623432,0,0,
1988,11,16,2.19948410987854,6.48432639138775,0,0,
1988,11,17,0.201684668660164,1.14458342081787,0,0,
1988,11,18,0.0617182143032551,0.171248449073346,0,0,
1988,11,19,0.0698972195386887,0.073201885591061,0,0,
1988,11,20,0.0208678264170885,0.0529711750521074,0,0,
1988,11,21,0.00055064371554181,0.00819695820882771,0,0,
1988,11,22,0.216717377305031,0.0925687153606987,0,0,
1988,11,23,0.0929239168763161,0.174574373528912,0.000487797547521041,0,
1988,11,24,0.532212436199188,0.136327626172374,0.143656764519619,0,
1988,11,25,0.122497372329235,0.155647353366135,0.250743730000522,0,
1988,11,26,0.194174826145172,0.132860294277293,0.0256225636217096,0,
1988,11,27,0.00138011109083891,0.099705942222613,0,0,
1988,11,28,0.0773988217115402,0.0394882207351657,0,0,
1988,11,29,0.241636052727699,0.130125671163114,0,0,
1988,11,30,0.0255579352378845,0.192683241572581,0,0,
1988,12,1,0.000403097335947678,0.029497098784077,0,0,
1988,12,2,0.00493550766259432,0.00419173035163567,0.000631016694114805,0,
1988,12,3,0.00240504834800959,0.00298255187817631,0.000700336818681535,0,
1988,12,4,7.45962170185521e-05,0.00186432368423084,4.8854789838515e-05,0,
1988,12,5,0.00298927258700132,0.000913186449679415,0.000624811762463651,0,
1988,12,6,0.136446535587311,0.0207859749820045,0.0196717834000992,0,
1988,12,7,0.6487255692482,0.409419686970296,0.0252216284370661,1.13686837721616e-13,
1988,12,8,0.0490743219852448,0.427668934662051,0,-1.13686837721616e-13,
1988,12,9,1.74393935594708e-05,0.0196597690932094,0,-1.13686837721616e-13,
1988,12,10,0.000630299502518028,0.000258046246244703,0,1.13686837721616e-13,
1988,12,11,0.119439102709293,0.0298831333898306,0,0,
1988,12,12,0.446903765201569,0.225034832023312,0,-1.13686837721616e-13,
1988,12,13,0.335680037736893,0.384790103445539,0,0,
1988,12,14,0.635053157806397,0.562608370507974,0,0,
1988,12,15,0.8867027759552,0.831324918198334,0,1.13686837721616e-13,
1988,12,16,0.846111118793488,0.858518206422446,0,1.13686837721616e-13,
1988,12,17,0.0402690693736076,0.471627029748674,0,-1.13686837721616e-13,
1988,12,18,0.0599493347108364,0.0440137139553372,0,0,
1988,12,19,0.262467324733734,0.159596839257006,0,0,
1988,12,20,0.114760681986809,0.199189379095174,0,0,
1988,12,21,0.830465137958527,0.519582497934152,0,0,
1988,12,22,4.07116365432739,2.46136812858356,0,0,
1988,12,23,3.76966333389282,3.87720181058012,0,1.13686837721616e-13,
1988,12,24,0.527825951576233,2.02980990402466,0,-1.13686837721616e-13,
1988,12,25,0.268992781639099,0.438199455295035,0,0,
1988,12,26,5.65138721466065,3.02029532206234,0,0,
1988,12,27,4.2315468788147,5.03989460131629,0,0,
1988,12,28,0.126037791371346,2.14303119168392,0,0,
1988,12,29,0.466358006000519,0.375372314881702,0,0,
1988,12,30,0.114467158913612,0.265829097574965,0,0,
1988,12,31,6.00568819046021,2.93349777184153,0,0,
1989,1,1,2.12705326080322,4.09957572063013,4.54747350886464e-13,0,
1989,1,2,1.19677376747131,1.84139545631808,-4.54747350886464e-13,0,
1989,1,3,0.328807324171066,0.590738310232837,0,0,
1989,1,4,0.0711834877729416,0.131778611042819,0,-1.13686837721616e-13,
1989,1,5,1.59540975093842,0.612489715121569,0,1.13686837721616e-13,
1989,1,6,8.30356407165527,4.87060365932325,0,0,
1989,1,7,19.1208057403564,13.7134626261701,0,1.13686837721616e-13,
1989,1,8,4.65594434738159,11.7852880962795,0,-1.13686837721616e-13,
1989,1,9,0.0455829091370106,2.45618802956403,-4.54747350886464e-13,0,
1989,1,10,2.16105437278748,0.932978490390724,4.54747350886464e-13,0,
1989,1,11,2.44893646240234,2.1978079806164,0,0,
1989,1,12,0.230106234550476,1.51351643693351,0,0,
1989,1,13,0.108590878546238,0.150631327899077,0,0,
1989,1,14,0.408134043216705,0.330687943608496,0,0,
1989,1,15,0.491468399763107,0.458564403963351,0,0,
1989,1,16,1.83118009567261,1.47527752198278,0,0,
1989,1,17,2.19326949119568,2.11414592039853,0,0,
1989,1,18,1.87451958656311,1.98828139672457,0,0,
1989,1,19,1.77506303787231,1.83151401199257,0,0,
1989,1,20,0.132326230406761,1.1807402869656,0,0,
1989,1,21,0.151180222630501,0.141852564755141,4.54747350886464e-13,0,
1989,1,22,0.0747619122266769,0.129956953656119,-4.54747350886464e-13,0,
1989,1,23,0.0114849274978042,0.0389633285686841,0,0,
1989,1,24,2.3110830783844,1.24554380845018,0,0,
1989,1,25,1.17937552928925,2.10673660593784,0,0,
1989,1,26,0.0138229299336672,0.933623913196357,0,0,
1989,1,27,0.00385858188383281,0.0255863896970823,0,0,
1989,1,28,0.00120680138934404,0.00388919814304245,0,0,
1989,1,29,0.00192129821516573,0.00179618322863462,0,0,
1989,1,30,1.48050844669342,0.78699717156951,0,0,
1989,1,31,0.656150817871094,0.992656057798513,0,0,
1989,2,1,0.124959424138069,0.442712996995624,0,0,
1989,2,2,0.0432048887014389,0.107980292776915,0,0,
1989,2,3,2.81001848634332e-05,0.023076442188426,0,0,
1989,2,4,0.0496451891958714,0.0135701608884347,0,0,
1989,2,5,0.150816023349762,0.10415594889389,0,0,
1989,2,6,0.308029502630234,0.19063512111336,0,0,
1989,2,7,0.824540734291077,0.602610736078873,0,0,
1989,2,8,0.0944790914654732,0.409375561737079,0,0,
1989,2,9,0.216039314866066,0.13457241581466,0,0,
1989,2,10,0.121534593403339,0.196186517627439,0,0,
1989,2,11,0.0324210114777088,0.0865776219774261,0,0,
1989,2,12,0.0839032605290413,0.0458638199477264,0,0,
1989,2,13,0.129051089286804,0.0949572917558044,0,0,
1989,2,14,0.00493080075830221,0.0688064295372897,0,-1.13686837721616e-13,
1989,2,15,0,0.00145041239420607,0,1.13686837721616e-13,
1989,2,16,0.00531695084646344,0.00101879303861097,0,0,
1989,2,17,0,0.00278128021864177,0,0,
1989,2,18,0,0,0,0,
1989,2,19,0.000149043960846029,7.21346690397695e-05,0,0,
1989,2,20,0.0222081728279591,0.00345289985364161,0,0,
1989,2,21,0.00410201214253902,0.0160800836997623,0,0,
1989,2,22,0.0242879223078489,0.0155804573138312,0,0,
1989,2,23,1.75107312202454,0.774256122950646,0,1.13686837721616e-13,
1989,2,24,2.65096426010132,2.31863040557846,0,-1.13686837721616e-13,
1989,2,25,0.123981297016144,1.7816868560011,0,0,
1989,2,26,0.0173235181719065,0.0689692610405928,0,0,
1989,2,27,0.36875531077385,0.130195145723519,0,0,
1989,2,28,0.138896048069,0.328598904351679,0,0,
1989,3,1,0.00593145191669464,0.111782812875504,0,0,0
1989,3,2,0.00131619127932936,0.00458425522219841,0,0,0
1989,3,3,0.119597442448139,0.0688444393966847,0,0,0
1989,3,4,0.0933691635727882,0.106723398245776,0,0,0
1989,3,5,0.00160647951997817,0.0341966865919403,0,0,0
1989,3,6,0.0612781718373299,0.0465402960849133,0,0,0
1989,3,7,0.985702931880951,0.717323516391161,-4.54747350886464e-13,0,0
1989,3,8,1.4280196428299,1.10140793314929,0,0,0
1989,3,9,0.0178310684859753,0.808513006447925,4.54747350886464e-13,0,0
1989,3,10,0.0803115516901016,0.0124768424333297,0.0365944707368726,4.67459815946313,0
1989,3,11,0.0951620861887932,0.0203240364241992,0.0673936883449642,4.68661848596184,0
1989,3,12,0.759683430194855,0.370413558229643,0.0546972195288618,0,0
1989,3,13,1.11261558532715,0.9147132450762,0.0235754881505272,0,0
1989,3,14,0.0732864439487457,0.74576654730015,-4.54747350886464e-13,0,0
1989,3,15,1.30690062046051,0.554794822834651,4.54747350886464e-13,0,0
1989,3,16,0.0805395245552063,0.727545600115604,0,0,0
1989,3,17,0.0691980198025703,0.0755151185021532,0,0,0
1989,3,18,0.00883800163865089,0.0562247118376718,0,0,0
1989,3,19,0.0112521089613438,0.013600921701709,0,0,0
1989,3,20,0.00264587393030524,0.00761185825979283,0,0,0
1989,3,21,0.00295416521839798,0.00287991362415596,0,0,0
1989,3,22,1.01605582237244,0.239517598372117,0,0,0
1989,3,23,1.00696611404419,0.997478018189213,0,0,0
1989,3,24,0.098016269505024,0.682089725715628,0,0,0
1989,3,25,0.253443151712418,0.139110964210204,0,0,0
1989,3,26,0.623765110969544,0.172840245441307,0.259979780763842,3.15079225288275,0
1989,3,27,2.72454762458801,0.225877635754159,1.46250095923142,7.09447434093329,0
1989,3,28,5.40438652038574,2.20264654691846,1.86790512797052,3.91522892851481,0
1989,3,29,9.11298561096191,5.4968771923717,1.73106629661515,0,0
1989,3,30,4.5309419631958,5.77121153324674,1.06239334927432,0,0
1989,3,31,0.239906892180443,2.36586978069454,-4.54747350886464e-13,0,0
1989,4,1,2.26749324798584,0.776395578877441,0.0885053439083094,0,0
1989,4,2,0.554437279701233,1.03000002327724,0.380965773983917,3.59757924666189,0
1989,4,3,0.0822678282856941,0.0400031112247916,0.279459132452303,11.4102958068768,0
1989,4,4,0.0899402871727943,0.00669721049132477,0.0794177533402944,11.3222836192933,0
1989,4,5,0.0477140843868256,0.017369349957562,0.0519855743846165,3.58950927349349,0
1989,4,6,2.41790556907654,1.08882531971324,0.118781995688551,0,0
1989,4,7,2.91383075714111,2.53510136821797,0.114708885255368,0,0
1989,4,8,2.78445911407471,2.8490542251144,0,0,0
1989,4,9,0.0363199524581432,1.39574506591464,0,0,0
1989,4,10,0.396655529737473,0.279413349071433,0,0,0
1989,4,11,0.0658339560031891,0.289787281083591,0,0,0
1989,4,12,0.116001628339291,0.0988282475268534,0,0,0
1989,4,13,0.263422608375549,0.0699200328002689,0.119792118120131,4.63915903125337,0
1989,4,14,0.012272659689188,0.011928842251109,0.126019966828153,18.0111470095206,0
1989,4,15,7.63898860896006e-05,0,0.0061650916486542,32.4448087986076,0
1989,4,16,0.0712139829993248,0,0.0355364403949352,29.8685597122823,0
1989,4,17,0.00673416536301374,0.00274501131082161,0.0363957152981129,10.8420350964821,0
1989,4,18,6.19227512288489e-06,0.00280199263443137,0.000619792683210108,3.85446158287687,0.000457142878855978
1989,4,19,0.00342102278955281,3.97532062379469e-07,0.00170066522559864,20.2985652061193,0.0114285715988704
1989,4,20,0.105026893317699,0,0.0542239060800966,46.3615342052576,0.516571426391602
1989,4,21,0.00892267841845751,0,0.0570492271071998,5.58338086432718,2.55542864118304
1989,4,22,0.0398637428879738,0,0.0245121854145509,0,10.2857142857143
1989,4,23,0.124166794121265,0,0.0840817143712229,0,5.71428571428571
1989,4,24,3.36108660697937,0,1.6218925136186,0,2.1028570992606
1989,4,25,0.320439666509628,0,1.94007466105541,0,1.27085712977818
1989,4,26,0.00517261028289795,0,0.157498549967841,0,0.694857134137835
1989,4,27,0.0791919454932213,0,0.0446794465733547,0,0.270171437944685
1989,4,28,0.00954195111989975,0,0.0434399223845503,0,0.179199995313372
1989,4,29,0.0427211709320545,0,0.0252861335329726,0,0.100114284242903
1989,4,30,0.0371987335383892,0,0.0403962142827368,0,0.0745142868586949
1989,5,1,9.28025983739644e-05,0,0.0157991505166137,0,0.043885714667184
1989,5,2,1.58840994117782e-05,0,5.16920804329857e-05,0,0.0233142852783203
1989,5,3,1.5905032157898,0,0.7427907798251,0,0.0187428576605661
1989,5,4,4.08663177490234,0,2.79088732396349,0,0.0137142854077475
1989,5,5,0.652349948883057,0.0380908357425369,2.29973226595166,0.0380908357421959,0.0128000003950936
1989,5,6,0.00448579387739301,0.0346782604226519,0.270157177117198,0.0346782604228793,0.00640000019754682
1989,5,7,1.55144023895264,1.13686837721616e-13,0.689279240167252,0,0.00457142846924918
1989,5,8,3.37079334259033,0,2.49870636698506,0,0.00320000009877341
1989,5,9,0.0293476171791554,0,1.7514842208052,0,0.00228571423462459
1989,5,10,0.0001402835623594,-1.13686837721616e-13,0.0127569650871919,0,0.0013714285833495
1989,5,11,0.0740874782204628,1.13686837721616e-13,0.0420582127453599,0,0.000914285757711955
1989,5,12,0.00338649423792958,0,0.0430429477291909,0,0
1989,5,13,0.00147050735540688,0,0.00240730612040352,0,0
1989,5,14,0.0126529531553388,0,0.00744441271717733,0,0
1989,5,15,0.0350865498185158,0,0.0247046646027229,0,0
1989,5,16,0.0755558684468269,0,0.0529484769103874,0,0
1989,5,17,8.26585197448731,0,4.15976413715316,0,0
1989,5,18,4.16423225402832,0,6.22906425874453,0,0
1989,5,19,6.42217588424683,0,5.26321239183699,0,0
1989,5,20,2.31443309783936,0,4.39759487958463,0,0
1989,5,21,0.000771649298258126,0,1.15093769928399,0,0
1989,5,22,1.03211355209351,0,0.515014022717878,0,0
1989,5,23,1.22379100322723,-1.13686837721616e-13,1.13627514366181,0,0
1989,5,24,3.45247983932495,1.13686837721616e-13,2.32168475379876,0,0
1989,5,25,5.48603582382202,0,4.52457406285384,0,0
1989,5,26,1.03279042243958,0,3.22976424173157,0,0
1989,5,27,3.40578699111939,0,2.15341556684007,0,0
1989,5,28,1.64145815372467,0,2.39258363837553,0,0
1989,5,29,0.16931825876236,0,0.920850801223878,0,0
1989,5,30,0.0858441293239594,0,0.124600517186991,0,0
1989,5,31,0.260449707508087,0,0.157777970864117,-2.27373675443232e-13,0
1989,6,1,0.792781949043274,1.13686837721616e-13,0.54048640356541,2.27373675443232e-13,0
1989,6,2,0.253488004207611,-1.13686837721616e-13,0.558665264801675,0,0
1989,6,3,0.000624436303041875,0,0.13757789518877,0,0
1989,6,4,0.973936259746552,0,0.481385208299344,0,0
1989,6,5,0.306956738233566,0,0.681010239840362,0,0
1989,6,6,11.2376375198364,1.13686837721616e-13,5.79327637324332,0,0
1989,6,7,9.31613159179688,-1.13686837721616e-13,10.1810775583813,0,0
1989,6,8,0.151452213525772,0,4.7082477660897,0,0
1989,6,9,0.000169487408129498,0,0.0860858332707721,0,0
1989,6,10,0.0013042016653344,1.13686837721616e-13,0.000820794437913719,0,0
1989,6,11,9.43287372589111,-1.13686837721616e-13,4.69515388246919,0,0
1989,6,12,22.1459312438965,0,15.8088320872662,0,0
1989,6,13,4.52463483810425,0,13.4238072041085,0,0
1989,6,14,0.648210823535919,0,2.63644332981767,0,0
1989,6,15,0,1.13686837721616e-13,0.369143147129762,0,0
1989,6,16,0.00165643380023539,-1.13686837721616e-13,0.000773725475937681,0,0
1989,6,17,1.33127665519714,0,0.700184011638612,0,0
1989,6,18,0.485718369483948,0,0.922148895543614,0,0
1989,6,19,0.133360236883163,0,0.296856735880283,0,0
1989,6,20,2.22155380249023,0,1.18121782375783,0,0
1989,6,21,3.92512369155884,0,3.08059434305096,0,0
1989,6,22,1.4319521188736,0,2.71371735765888,0,0
1989,6,23,5.42319488525391,0,3.4307688952772,0,0
1989,6,24,6.12382364273071,0,5.71881260500777,0,0
1989,6,25,0.900812864303589,0,3.58995323235467,0,0
1989,6,26,0.944062471389771,0,0.91894647650588,0,0
1989,6,27,0.0433186888694763,0,0.414162083497104,0,0
1989,6,28,6.05197811126709,0,3.01740130653752,0,0
1989,6,29,8.83609580993652,0,7.41389826715658,0,0
1989,6,30,0.453430086374283,0,4.60873366592432,0,0
1989,7,1,0.02624805085361,0,0.256676132170924,0,0
1989,7,2,4.06167411804199,0,2.07931418498629,0,0
1989,7,3,1.97924315929413,0,2.98457416011206,0,0
1989,7,4,1.71238684654236,0,1.86720228904142,0,0
1989,7,5,2.00337481498718,0,1.84868564556837,0,0
1989,7,6,0.334510713815689,0,1.20635318949917,0,0
1989,7,7,0.0871841982007027,1.13686837721616e-13,0.222741140412836,0,0
1989,7,8,1.67177522182465,-1.13686837721616e-13,0.859705487880547,0,0
1989,7,9,1.10455000400543,0,1.39400417660727,0,0
1989,7,10,0.144893243908882,0,0.676407767411547,0,0
1989,7,11,3.54120802879334,0,1.82284339674243,0,0
1989,7,12,1.37796854972839,0,2.44685585284878,0,0
1989,7,13,0.555359840393066,0,0.948675932117112,0,0
1989,7,14,0.0376609228551388,0,0.298883362477682,0,0
1989,7,15,0.0141575364395976,0,0.0256864448174383,0,0
1989,7,16,0.173835664987564,0,0.117596000039157,0,0
1989,7,17,0.450642615556717,1.13686837721616e-13,0.310342037605551,0,0
1989,7,18,0.0288382917642593,-1.13686837721616e-13,0.252616893209961,0,0
1989,7,19,0.000217585795326158,0,0.0129989522929463,0,0
1989,7,20,5.54828261556395e-07,0,9.11401048142579e-05,0,0
1989,7,21,1.95029369933764e-05,0,9.80668755801162e-06,0,0
1989,7,22,0,0,1.15354869194562e-05,0,0
1989,7,23,0.000609720766078681,0,0.000322104108818166,0,0
1989,7,24,0.01422986574471,1.13686837721616e-13,0.00685155041446706,0,0
1989,7,25,0.568390190601349,-1.13686837721616e-13,0.293178079526115,0,0
1989,7,26,0.41697108745575,0,0.486472531609252,0,0
1989,7,27,0.0319218039512634,0,0.227502386276683,0,0
1989,7,28,0.415955305099487,0,0.227854629431022,0,0
1989,7,29,0.2025256305933,0,0.311415252213919,0,0
1989,7,30,0.0116739375516772,0,0.111090320265248,0,0
1989,7,31,0.0936490669846535,0,0.0505395265390689,0,0
1989,8,1,0.0302658677101135,0,0.0633168285758075,0,0
1989,8,2,8.41559314727783,0,4.22027419720416,0,0
1989,8,3,12.3968572616577,0,10.4065588092244,0,0
1989,8,4,2.62747359275818,1.13686837721616e-13,7.45401226762806,0,0
1989,8,5,0.233198150992394,-1.13686837721616e-13,1.40821121493627,0,0
1989,8,6,0.00026807127869688,0,0.13802484702228,0,0
1989,8,7,1.47097462104284e-05,-1.13686837721616e-13,0.000163422104378697,0,0
1989,8,8,0.000200322261662222,1.13686837721616e-13,8.74127490533283e-05,0,0
1989,8,9,0.00356745859608054,0,0.00173522355544264,0,0
1989,8,10,0.172531425952911,0,0.104676715277492,0,0
1989,8,11,3.83664679527283,0,1.98806904888443,0,0
1989,8,12,2.64116072654724,0,3.23725384162572,0,0
1989,8,13,1.47423231601715,0,2.08160662642149,0,0
1989,8,14,0.0174322109669447,0,0.754397333948873,-2.27373675443232e-13,0
1989,8,15,0.00321630830876529,0,0.0115727354004775,2.27373675443232e-13,0
1989,8,16,0.00048953655641526,0,0.00171842059717164,0,0
1989,8,17,2.6892626285553,0,1.36165233212159,0,0
1989,8,18,20.7946090698242,-1.13686837721616e-13,11.7253077679379,0,0
1989,8,19,22.4054679870605,1.13686837721616e-13,21.6297617419477,0,0.0164571421486991
1989,8,20,0.106270775198936,0,11.2572075914704,0,0.0630857127053397
1989,8,21,0.836488306522369,0,0.463213324259414,0,0.0731428555079869
1989,8,22,0.698741674423218,0,0.781664233354604,0,0.041599999155317
1989,8,23,0.0376992933452129,0,0.398749175559715,0,0.0191999997411455
1989,8,24,0.00439845956861973,0,0.0186987513334316,0,0.00594285726547241
1989,8,25,1.08149027824402,0,0.552757288270186,0,0.00365714303084782
1989,8,26,0.795626759529114,0,0.937899421564907,0,0.00228571423462459
1989,8,27,0.207755550742149,0,0.453379960377788,0,0.00182857151542391
1989,8,28,2.62062740325928,0,1.45849828387145,0,0.0013714285833495
1989,8,29,0.774034380912781,0,1.73046187742511,0,0.000914285757711955
1989,8,30,0.221536755561829,0,0.535464977468109,0,0.000914285757711955
1989,8,31,0.243146032094955,0,0.232956450883648,0,0.000457142878855978
1989,9,1,0.0565176047384739,0,0.136147165832881,0,0.000457142878855978
1989,9,2,2.28439903259277,0,1.2222300272133,0,0.000457142878855978
1989,9,3,1.09275817871094,0,1.71995682743909,0,0.000457142878855978
1989,9,4,1.66972315311432,0,1.29686071402193,0,0.000457142878855978
1989,9,5,0.131301030516624,0,0.889062727242163,0,0
1989,9,6,0.232132405042648,0,0.181065165850669,0,0
1989,9,7,0.0973205119371414,0,0.173287908867678,0,0
1989,9,8,0.000347692839568481,0,0.0482249404849426,0,0
1989,9,9,0.104029595851898,0,0.0543263058953016,0,0
1989,9,10,2.18553924560547,0,1.16413885304155,0,0
1989,9,11,9.30139064788818,0,5.77948846048003,0,0
1989,9,12,4.00366497039795,0,6.61592211219067,0,0
1989,9,13,0.00467774504795671,0,2.06085490061741,0,0
1989,9,14,2.33154678426217e-05,0,0.00260033064387244,0,0
1989,9,15,6.48054822249833e-07,1.13686837721616e-13,1.1975002962572e-05,0,0
1989,9,16,0.00148483598604798,-1.13686837721616e-13,0.000862480797877652,0,0
1989,9,17,0.118314757943153,0,0.0668736765474023,0,0
1989,9,18,0.0430464036762714,0,0.0793091098157674,0,0
1989,9,19,0.19420850276947,0,0.114565366789066,0,0
1989,9,20,0.481956213712692,0,0.371531107747614,0,0
1989,9,21,0.0399389676749706,0,0.222350838490456,0,0
1989,9,22,0.0872858911752701,0,0.0579137034455926,0,0
1989,9,23,0.0175798106938601,0,0.0646447424860526,0,0
1989,9,24,0.0437806621193886,0,0.0326138684977195,0,0
1989,9,25,0.0186207089573145,0,0.031047082889927,0,0
1989,9,26,0.02308314666152,0,0.0201510571214385,0,0
1989,9,27,0.000683379010297358,0,0.0130438940905151,-2.27373675443232e-13,0
1989,9,28,2.93040809395961e-08,1.13686837721616e-13,0.000376005815269309,2.27373675443232e-13,0
1989,9,29,5.40029418516497e-07,-1.13686837721616e-13,2.46576746576466e-07,0,0
1989,9,30,0.00773923052474856,0,0.00365649477771512,0,0
1989,10,1,0.0516684092581272,0,0.0285393192634729,0,0
1989,10,2,0.0791976228356361,0,0.0670947745593367,0,0
1989,10,3,0.0149464709684253,0.00269676009645536,0.0443848955374051,0,0
1989,10,4,1.77089238166809,0.00269756651903208,0.890221995744469,0.0149452222319724,0
1989,10,5,1.17420709133148,0,1.48533662640875,0,0
1989,10,6,0.0753157436847687,0,0.610654298661757,0,0
1989,10,7,4.60558430859237e-06,6.15754061072948e-08,0.0523269682453247,6.15755197941326e-08,0
1989,10,8,0.710327744483948,9.73624310063315e-08,0.367484477849757,9.73623173194937e-08,0
1989,10,9,1.3543826341629,0,1.03420635380917,0,0
1989,10,10,0.0646986290812492,0,0.722957617422253,0,0
1989,10,11,0.0132232718169689,0,0.0456314422845026,0,0
1989,10,12,0.00539603503420949,0,0.0102042091548356,0,0
1989,10,13,0.00149242579936981,0,0.00358138160845556,0,0
1989,10,14,0.86476993560791,0,0.432467328062558,0,0
1989,10,15,0.322388470172882,0,0.609749366830329,0,0
1989,10,16,0.324681550264359,0,0.324029507706655,0,0
1989,10,17,0.0284684300422668,0.000317212054937954,0.172209077514708,0.000317212054824267,0
1989,10,18,0.00091029261238873,0.000545186857038971,0.0141534257018066,0.00030897866486157,0
1989,10,19,0.0101108094677329,0.000236366944250221,0.00527418301044236,0.000909968829773788,0
1989,10,20,0.00605176528915763,-1.13686837721616e-13,0.00752903397642513,0,0
1989,10,21,2.25840376515407e-05,0,0.0029990242455824,0,0
1989,10,22,7.71262712078169e-05,0,6.44619822196546e-05,0,0
1989,10,23,0.000482888048281893,0,0.000235096382311895,0,0
1989,10,24,1.45578696901794e-05,0,0.000283846441561764,0,0
1989,10,25,5.6805447457009e-06,-1.13686837721616e-13,1.19636060844641e-05,0,0
1989,10,26,0.446112453937531,1.13686837721616e-13,0.227830859307687,0,0
1989,10,27,0.0223896615207195,0,0.224453270259801,0,0
1989,10,28,0.00106194231193513,-1.13686837721616e-13,0.00998530346896587,0,0
1989,10,29,0.0118951378390193,1.13686837721616e-13,0.0050514574859335,0,0
1989,10,30,2.84877787635196e-05,1.0432603062327e-05,0.00456246291105344,0,0
1989,10,31,0.0875179693102837,0.0437698454643396,5.78987419430632e-06,0,0
1989,11,1,0.303098559379578,0.194946217599409,0,0,
1989,11,2,0.672699391841888,0.486995397905162,0,0,
1989,11,3,2.07454109191895,1.37097243926553,0,0,
1989,11,4,2.92227602005005,2.21108030422056,0.279529956889746,0,
1989,11,5,2.93326020240784,1.58780729661623,1.34291856156233,0,
1989,11,6,0.248000368475914,0.705845381169752,0.884784791093807,1.99864997778809,
1989,11,7,0.998416543006897,0.0279126583279776,0.595441189223493,7.04185954671243,
1989,11,8,2.13226819038391,0,1.52553863160028,0,
1989,11,9,1.26645457744598,0.533502411376844,1.16586013349024,0,
1989,11,10,0.0462123081088066,0.549928319351011,0.11075724742841,0,
1989,11,11,0.0213586669415236,0.020282137428012,0.0157238520669125,0,
1989,11,12,0.680338323116303,0.342105372633569,0.00428153904613282,0,
1989,11,13,0.0699533298611641,0.377887661206842,0,0,
1989,11,14,0.890145003795624,0.472493276011505,0,0,
1989,11,15,0.426723539829254,0.669431482541768,0,0,
1989,11,16,0.820136606693268,0.617052998091026,0,0,
1989,11,17,0.333444863557816,0.583257943630656,0,0,
1989,11,18,0.297803044319153,0.310256838175519,0,0,
1989,11,19,0.0176219400018454,0.16958499900295,0.0016932760081545,0,
1989,11,20,0.165222123265266,0.0433703262553991,0.0340566794566257,0,
1989,11,21,1.4894163608551,0.769051941336898,0.0403375707965097,0,
1989,11,22,1.9597601890564,1.70524847038746,0,0,
1989,11,23,0.196756348013878,1.0984146345121,0,0,
1989,11,24,0.0215749684721231,0.138141133131398,0,0,
1989,11,25,0.112104535102844,0.0855889911597387,0,0,
1989,11,26,0.257925540208817,0.152382424887037,0,0,
1989,11,27,0.00134597276337445,0.155139451988703,0,0,
1989,11,28,2.6191719371127e-05,0.000349306196198995,0,0,
1989,11,29,0.000974035647232085,0.00037808804506767,0,0,
1989,11,30,0.00342044071294367,0.00154444515032992,0.000261318713455694,0,
1989,12,1,0.2547807097435,0.09453340364621,0.000488523604872171,0,
1989,12,2,0.0403332710266113,0.171323972140726,0,0,
1989,12,3,3.03704595565796,1.54695612824037,0,0,
1989,12,4,0.725175201892853,1.85854790805968,0.064970630805874,0,
1989,12,5,0.00483710132539272,0.337031238176337,0.0765390863125504,0,
1989,12,6,0.000186827572179027,0.00380883461616577,0,0,
1989,12,7,0.514650464057922,0.22369038047475,0,0,
1989,12,8,3.05756902694702,1.75037158032717,0,0,
1989,12,9,0.186392024159431,1.58567010983074,0,0,
1989,12,10,0.14122349023819,0.146565713408449,0,0,
1989,12,11,0.00735165225341916,0.0364096170585526,0,0,
1989,12,12,0.027588214725256,0.0211524053627272,0,0,
1989,12,13,0.0776069015264511,0.049169996974797,0,0,
1989,12,14,0.0131966657936573,0.0608807255006241,0,0,
1989,12,15,0.0233597159385681,0.0171219614902611,0,0,
1989,12,16,0.15183188021183,0.0677588710163946,0,0,
1989,12,17,0.124110080301762,0.140318097507588,0,0,
1989,12,18,0.000984492711722851,0.099992084912742,0,0,
1989,12,19,0.000173973792698234,0.00918658182195031,0,0,
1989,12,20,0.0010390515672043,0.000897194769322596,0,0,
1989,12,21,7.5316806032788e-05,0.000788497032431224,0,0,
1989,12,22,0.093610092997551,0.0469870392084886,0,0,
1989,12,23,0.110697545111179,0.100669972421315,0,0,
1989,12,24,1.31337201595306,0.68543215197451,0,0,
1989,12,25,0.781165957450867,1.00975778126792,0,0,
1989,12,26,1.15038669109344,0.934973467105124,0,0,
1989,12,27,3.43829417228699,2.31542848747574,0,0,
1989,12,28,1.05735766887665,2.32733727311108,0,0,
1989,12,29,0.251368761062622,0.631519549799009,0,0,
1989,12,30,0.368197858333588,0.283576354171942,0,0,
1989,12,31,0.202452749013901,0.339932430262707,0,0,
1990,1,1,0.0654449462890625,0.159164474527643,0,0,
1990,1,2,2.49663424491882,1.19559134714257,0,0,
1990,1,3,0.464377969503403,1.469879004468,0,0,
1990,1,4,0.603874564170837,0.558667016137065,0,0,
1990,1,5,0.444558143615723,0.525023517826298,0,0,
1990,1,6,0.125154763460159,0.298642138437231,0,0,
1990,1,7,0.133517265319824,0.129199506400596,0,0,
1990,1,8,0.612906515598297,0.373264465479338,0.0122824711270368,0,
1990,1,9,0.0660089626908302,0.423110899168591,0.0159355445193796,0,
1990,1,10,4.53740930557251,2.32099500242907,0,0,
1990,1,11,2.37700247764587,3.48397401267107,0,0,
1990,1,12,0.234367221593857,1.42495483355708,0,0,
1990,1,13,1.82463700184599e-05,0.0662587303139617,0,0,
1990,1,14,0.756023466587067,0.298703042725833,0,0,
1990,1,15,0.496728926897049,0.602979969690864,0,0,
1990,1,16,0.0836829394102097,0.277734250468257,0,0,
1990,1,17,0.0753461495041847,0.0793506619834261,0,2.27373675443232e-13,
1990,1,18,0.0702167376875877,0.0741881963557489,0,-2.27373675443232e-13,
1990,1,19,0.0356048308312893,0.0517779907429485,0,0,
1990,1,20,1.49246120452881,0.731606922146966,0,0,
1990,1,21,0.633746266365051,1.20693080346939,0,0,
1990,1,22,0.977820158004761,0.877183932203479,0,0,
1990,1,23,1.55937826633453,1.13857171825941,0,0,
1990,1,24,0.310161471366882,1.11118826183235,0,0,
1990,1,25,0.156572788953781,0.184570849945658,0,0,
1990,1,26,0.0936357006430626,0.108838564327925,0,0,
1990,1,27,0.246540784835815,0.190018082837014,0,0,
1990,1,28,0.470500111579895,0.337990532790514,0,0,
1990,1,29,1.56649029254913,1.04791766289134,0,0,
1990,1,30,0.760144233703613,1.22871675002523,0,0,
1990,1,31,0.161090955138206,0.325639654611791,0,0,
1990,2,1,0.0281756594777107,0.0650645647923511,0,0,
1990,2,2,0.00616608932614327,0.0160961432397926,0,0,
1990,2,3,0.000512542726937681,0.00444695424937436,0,0,
1990,2,4,0.0113318562507629,0.00682936970417813,0,0,
1990,2,5,0.0824825987219811,0.0476217316985412,0,2.27373675443232e-13,
1990,2,6,0.000335435383021832,0.061250502590724,0,-2.27373675443232e-13,
1990,2,7,0.0320679657161236,0.0228118961135806,0,0,
1990,2,8,0.0750782415270805,0.0481039580521383,0,0,
1990,2,9,0.147332414984703,0.114012419068331,0,0,
1990,2,10,0.742920160293579,0.40188931318869,0,0,
1990,2,11,0.14627131819725,0.352423207176457,0,0,
1990,2,12,0.0339818149805069,0.0714554892767865,0,0,
1990,2,13,0.00052192120347172,0.0158039491265072,0,0,
1990,2,14,0.045809380710125,0.0190715198807538,0,0,
1990,2,15,0.532107651233673,0.165955734804811,0,0,
1990,2,16,0.310891330242157,0.467852883796127,0,0,
1990,2,17,2.60111236572266,1.33478597913313,0,0,
1990,2,18,0.344706058502197,1.36431245815595,0,0,
1990,2,19,0.00297731696628034,0.101063121689208,0,0,
1990,2,20,0.398326545953751,0.11112616291291,0,0,
1990,2,21,0.247500166296959,0.279128845010632,0.0594974552868735,0,
1990,2,22,0.954821228981018,0.426259980595773,0.092045516991675,0,
1990,2,23,0.765319466590881,0.859250151312949,0,0,
1990,2,24,0.0327207781374455,0.382782239433141,0,0,
1990,2,25,0.425180852413178,0.309123023406301,0,0,
1990,2,26,6.00973653793335,3.40016740199144,0,0,
1990,2,27,1.24801671504974,3.83190118219932,0,0,
1990,2,28,0.00417041452601552,0.720484137037033,0,0,
1990,3,1,1.80379774974426e-05,0.00208768692573358,6.54479845252354e-06,1.03531327810106,0
1990,3,2,0.191650494933128,0.0958868919137785,6.54077484796289e-06,1.03467670285409,0
1990,3,3,2.10204482078552,1.3744393645535,0,0,0
1990,3,4,0.732091367244721,1.37953623225917,0,0,0
1990,3,5,0.000102299542049877,0.578347985691039,0,0,0
1990,3,6,0,0.0082821218331901,0,0,0
1990,3,7,0.0697218403220177,0.0340989612363956,0,0,0
1990,3,8,0.0759859457612038,0.0454749371975822,0.0276989486328603,0,0
1990,3,9,0.00264288578182459,0.0128616218652269,0.0264527938998072,11.4143534499412,0
1990,3,10,1.54177678268752e-06,1.40333895615186e-08,0.00134134893141891,17.5432023429285,0
1990,3,11,0.126402571797371,1.43135139296646e-08,0.0628756427022381,18.034903160298,0
1990,3,12,9.27286052703857,0,4.71226274293622,20.2168863817178,0.00457142846924918
1990,3,13,1.61670291423798,0,5.41374018892293,0,0.179199995313372
1990,3,14,4.73790884017944,0,3.09713655213182,0,0.859428569248744
1990,3,15,14.7970447540283,0.575542604032421,9.19192286384623,0.57554260403208,1.45828574044364
1990,3,16,13.9289197921753,6.05833335150714,8.30464895475598,0.575543944399215,0.708571406773159
1990,3,17,1.24504268169403,6.13679564512063,1.49126822528706,0,0.571428571428572
1990,3,18,0.0636794939637184,0.653816338037927,0,0,0.40091427394322
1990,3,19,0.101747386157513,0.0820941146492942,0,0,0.461714281354632
1990,3,20,0.0485319457948208,0.0745991496714851,0,0,0.331885719299316
1990,3,21,1.80059206485748,0.659967229820722,0.20356170078685,0,0.264685712541853
1990,3,22,0.287668615579605,0.828540094495338,0.220114586455566,0,0.261485726492746
1990,3,23,0.181890845298767,0.234287705546876,0,0,0.246857152666364
1990,3,24,0.0842731967568398,0.129038658203626,0,0,0.237714276994978
1990,3,25,0.00342015037313104,0.0430580687129805,0,0,0.228571428571429
1990,3,26,1.08523900053115e-05,0.00187799805871691,0,0,0.219428566523961
1990,3,27,0.00127079826779664,0.000764933623486286,9.09494701772928e-13,0,0.237714276994978
1990,3,28,4.66150879674387e-07,0.000595793870047601,8.6999534687493e-08,0,0.342857142857143
1990,3,29,0.000407949060900137,1.67589878401486e-05,0.000187448482392938,4.81704318259881,0.832000023978097
1990,3,30,0.00811091996729374,1.66122933933366e-05,0.00424177997774677,12.9123840310733,1.72342856270926
1990,3,31,1.27104187011719,0,0.620209337813321,0,2.34514290945871
1990,4,1,2.07221007347107,0,1.67665970633243,0,2.06171439034598
1990,4,2,0.0464227497577667,0.016747338853861,1.04258626394676,0,1.62742854527065
1990,4,3,0.0478640682995319,0.0167476189938043,0.0303957902106049,0.0464240818027975,2.56457148960658
1990,4,4,0.0797286331653595,0,0.0615124930318416,0,3.03542851039342
1990,4,5,0.0426457971334457,0.0213230977664125,0.0398639441664272,0,1.89257136753627
1990,4,6,0.0013940796488896,0.0220310972530342,0,0,2.03885716029576
1990,4,7,0.0522072203457356,0.0164301132275568,0.0102688385150032,0,1.97485722133092
1990,4,8,3.62360262870789,0.0157935059388592,1.82211097531672,0.0961564563272077,1.68228574480329
1990,4,9,1.4302442073822,0,2.42772069439707,0,1.21600003923689
1990,4,10,0.152885481715202,0.0563403999219645,0.735236628869643,0,0.873142841884068
1990,4,11,0.00953989662230015,0.0609630369232264,0.0200434289572513,0,0.484571402413505
1990,4,12,0.0103249102830887,0.00558156556974154,0.00435083782213042,0.163030795154782,0.357028579711914
1990,4,13,0.040193609893322,0.000864550485175641,0.0234206868681213,0.000864550484948268,0.328228569030762
1990,4,14,0.109001129865646,-1.13686837721616e-13,0.0776946687747113,0,0.329142870221819
1990,4,15,0.228917047381401,0,0.172165437004878,0,0.14125713620867
1990,4,16,0.0823955163359642,0.00263341898607905,0.154539289836066,0.00263341898607905,0.0991999966757638
1990,4,17,5.18067645316478e-06,0.003006609550539,0.0430565133583514,0.003006609550539,0.092342860358102
1990,4,18,1.34456486193812e-05,1.23446625366341e-07,8.98937651072629e-06,1.23446625366341e-07,0.0786285740988595
1990,4,19,0.0185610055923462,0,0.00857382750291436,0,0.071314287185669
1990,4,20,4.16054689367229e-07,0,0.0109754863578928,0,0.0553142854145595
1990,4,21,0.000239326691371389,0,0.000108707498839067,0,0.0365714277539934
1990,4,22,1.1064749956131,0,0.538783360505477,0,0.0210285714694432
1990,4,23,0.509891211986542,0,0.797829728201577,0,0.00959999987057277
1990,4,24,3.39837622642517,0,1.99680886116039,2.27373675443232e-13,0.00502857140132359
1990,4,25,3.71854567527771,-1.13686837721616e-13,3.5755124982079,-2.27373675443232e-13,0.00411428553717477
1990,4,26,0.501691818237305,1.13686837721616e-13,2.09395187149585,0,0.00320000009877341
1990,4,27,4.64497137069702,0.874362574876727,1.69897138731903,0,0.002742857166699
1990,4,28,10.1136837005615,3.42878059847624,3.94439512091321,0,0.00320000009877341
1990,4,29,1.85313951969147,3.18976149411424,2.80944699672546,0,0.00457142846924918
1990,4,30,0.213761165738106,0.673100394596986,0.344109123448106,0,0.00457142846924918
1990,5,1,0.0289830174297094,0.0642583420448091,0.0571136773623948,0.813365375445983,0.00411428553717477
1990,5,2,1.38242256641388,0.00414046715843597,0.701406726264395,14.2547309207878,0.00365714303084782
1990,5,3,2.63790655136108,0,2.01262810505796,1.27232916693356,0.00411428553717477
1990,5,4,2.30520510673523,0,2.49303986936411,0,0.00457142846924918
1990,5,5,0.00506406929343939,0,1.09620826101036,0,0.005485714333398
1990,5,6,0.00457327580079436,0,0.00479260461452213,0,0.00640000019754682
1990,5,7,0.389492064714432,0,0.187445914089949,0,0.005485714333398
1990,5,8,0.050917461514473,0,0.232231079725352,0,0.00457142846924918
1990,5,9,0.054321900010109,0,0.053049714786539,0,0.00365714303084782
1990,5,10,0.00397613178938627,0,0.0284746235383864,0,0.00320000009877341
1990,5,11,0.0420388653874397,0,0.0259037217829246,0,0.00320000009877341
1990,5,12,0.570629298686981,0,0.298631537069923,0,0.002742857166699
1990,5,13,1.51365160942078,0,1.02315467433255,0,0.002742857166699
1990,5,14,0.680106043815613,0,1.10801957083004,0,0.00228571423462459
1990,5,15,1.90885066986084,-1.13686837721616e-13,1.28925055834316,0,0.00228571423462459
1990,5,16,9.41934299468994,1.13686837721616e-13,5.64808096365596,0,0.00228571423462459
1990,5,17,4.32895994186401,0,6.90746390580716,0,0.002742857166699
1990,5,18,0.108807511627674,-1.13686837721616e-13,2.27670016918728,-2.27373675443232e-13,0.00228571423462459
1990,5,19,0.00107661844231188,1.13686837721616e-13,0.0477048884258693,2.27373675443232e-13,0.002742857166699
1990,5,20,2.54873611993389e-05,0,0.000434149279499252,0,0.002742857166699
1990,5,21,1.633469581604,0,0.790850823530491,0,0.002742857166699
1990,5,22,0.675110220909119,0,1.15914613585937,0,0.002742857166699
1990,5,23,0.398400723934174,0,0.562911111973335,0,0.00228571423462459
1990,5,24,0.000285711168544367,1.13686837721616e-13,0.19811741065314,2.27373675443232e-13,0.00182857151542391
1990,5,25,0.00380402058362961,-1.13686837721616e-13,0.00195701870416087,-2.27373675443232e-13,0.0013714285833495
1990,5,26,0.0426569059491158,0,0.0213336221722784,0,0.0013714285833495
1990,5,27,0.224197566509247,0,0.141774617400188,0,0.000914285757711955
1990,5,28,0.0579519420862198,0,0.135851521893528,0,0.000914285757711955
1990,5,29,0.000840032997075468,0,0.0296751724490605,0,0.000457142878855978
1990,5,30,0.00010506555554457,0,0.000394313493416121,0,0
1990,5,31,0.000344977539498359,0,0.000212062548598624,0,0
1990,6,1,19.7048168182373,0,9.84962294578963,0,0
1990,6,2,24.2632369995117,0,21.9538003947073,0,0.002742857166699
1990,6,3,7.28782463073731,1.13686837721616e-13,15.6613214275321,0,0.00594285726547241
1990,6,4,2.49097681045532,-1.13686837721616e-13,5.02760119175127,0,0.0329142842973982
1990,6,5,1.32213068008423,0,1.9349832663338,0,0.0187428576605661
1990,6,6,0.282888472080231,0,0.917024136467262,0,0.00594285726547241
1990,6,7,10.2580690383911,0,5.24198282145608,0,0.00411428553717477
1990,6,8,8.21243762969971,0,9.40396229785893,0,0.00502857140132359
1990,6,9,2.83690524101257,0,5.52044842613213,0,0.00457142846924918
1990,6,10,2.1255898475647,0,2.48190440450071,0,0.00640000019754682
1990,6,11,5.6525559425354,0,3.8860600820326,0,0.00731428606169564
1990,6,12,3.69471049308777,0,4.67878704693248,0,0.00594285726547241
1990,6,13,1.79896831512451,-1.13686837721616e-13,2.81390383930466,0,0.00502857140132359
1990,6,14,0.00449998769909143,1.13686837721616e-13,0.768922692995147,0,0.00457142846924918
1990,6,15,0.00361269619315863,0,0.00400586372052203,0,0.00411428553717477
1990,6,16,0.593137443065643,0,0.310828431026494,0,0.00365714303084782
1990,6,17,8.21965980529785,0,4.40022934246917,0,0.00320000009877341
1990,6,18,3.0604407787323,0,5.56769408091077,2.27373675443232e-13,0.00320000009877341
1990,6,19,11.7654857635498,0,7.33057961172926,-2.27373675443232e-13,0.00365714303084782
1990,6,20,7.55189657211304,1.13686837721616e-13,9.85649290130368,0,0.010971428666796
1990,6,21,3.34070444107056,-1.13686837721616e-13,5.44312074464779,0,0.0128000003950936
1990,6,22,1.31472992897034,0,2.32804697807205,0,0.0333714280809675
1990,6,23,0.66264933347702,0,0.950112733373317,0,0.0557714291981288
1990,6,24,0.00227439776062965,0,0.313576835583262,0,0.0571428571428571
1990,6,25,0.0127335013821721,0,0.00745834052213468,0,0.0489142860685076
1990,6,26,0.00714423647150397,0,0.0100180385970816,0,0.0452571426119123
1990,6,27,0.379814118146896,0,0.189534325765635,0,0.0370285715375628
1990,6,28,1.14127051830292,0,0.752616945002956,0,0.0214857135500227
1990,6,29,2.49291825294495,0,1.73718451575223,0,0.00959999987057277
1990,6,30,0.237385377287865,0,1.36205783811783,0,0.00502857140132359
1990,7,1,0.750765025615692,0,0.459271981397251,0,0.00411428553717477
1990,7,2,8.64430141448975,0,4.66416496190686,0,0.00640000019754682
1990,7,3,10.7979927062988,0,9.69129498909388,0,0.0479999985013689
1990,7,4,0.265656381845474,0,5.61429104653598,0,0.28982857295445
1990,7,5,0.0101381679996848,0,0.155533800580997,0,0.208457142966134
1990,7,6,12.76025390625,0,6.34145709934455,0,0.176914283207485
1990,7,7,5.5470986366272,1.13686837721616e-13,9.18636333336508,2.27373675443232e-13,0.516571426391602
1990,7,8,2.27192640304565,-1.13686837721616e-13,3.86287119180997,-2.27373675443232e-13,0.530285699026925
1990,7,9,0.0198532026261091,0,1.21127962004539,0,0.405485725402832
1990,7,10,0.233562245965004,1.13686837721616e-13,0.104263971306864,0,0.338742855616978
1990,7,11,0.23570916056633,-1.13686837721616e-13,0.234504348469272,0,0.259199987139021
1990,7,12,3.51939718257199e-07,0,0.0934426737094327,0,0.192914281572614
1990,7,13,4.94014454682743e-23,0,1.72866748471279e-07,0,0.139885711669922
1990,7,14,0.0267145577818155,0,0.0105539703163231,0,0.113828570502145
1990,7,15,0.162599295377731,0,0.0888134017213815,0,0.0914285727909633
1990,7,16,1.31844770908356,0,0.718243014300242,0,0.0731428555079869
1990,7,17,2.77235651016235,0,2.02240688300299,0,0.0553142854145595
1990,7,18,0.152158781886101,0,1.43597582704024,0,0.0406857149941581
1990,7,19,0.196818441152573,0,0.178138945930186,0,0.0242285711424691
1990,7,20,1.03917980194092,0,0.599896762868411,0,0.0118857145309448
1990,7,21,0.0855499431490898,0,0.561627429112377,0,0.00594285726547241
1990,7,22,0.295103937387466,0,0.177401201049179,0,0.00411428553717477
1990,7,23,0.00869106780737639,0,0.149101733216412,0,0.00320000009877341
1990,7,24,4.68525649921503e-05,0,0.00358056492677861,0,0.002742857166699
1990,7,25,0.418406993150711,0,0.217003442091482,0,0.00228571423462459
1990,7,26,1.30284118652344,0,0.855190883211435,0,0.00182857151542391
1990,7,27,0.0460014119744301,1.13686837721616e-13,0.673317028524252,0,0.0013714285833495
1990,7,28,0.606615900993347,-1.13686837721616e-13,0.335326131374131,0,0.0013714285833495
1990,7,29,0.018497571349144,0,0.315757016021962,0,0.000914285757711955
1990,7,30,0.000357870041625574,0,0.00753345541397721,0,0.000457142878855978
1990,7,31,0.00473242299631238,0,0.00249151303160033,0,0.000457142878855978
1990,8,1,1.81721186637878,0,0.915537979401961,0,0
1990,8,2,9.27996253967285,0,5.54329588970086,0,0
1990,8,3,0.131775513291359,0,4.71267154718044,0,0
1990,8,4,3.90120876545552e-05,0,0.0606017246891497,0,0
1990,8,5,0.00085799302905798,0,0.000512772649017279,0,0
1990,8,6,0.00926545634865761,-1.13686837721616e-13,0.00484257033895119,-2.27373675443232e-13,0
1990,8,7,0.00185442855581641,1.13686837721616e-13,0.00542856931315328,2.27373675443232e-13,0
1990,8,8,0.000153419285197742,0,0.00107653081340686,0,0
1990,8,9,0.0546651445329189,0,0.0284628703666385,0,0
1990,8,10,0.0864665284752846,0,0.0732472946265261,0,0
1990,8,11,2.90761566162109,1.13686837721616e-13,1.49132638218362,0,0
1990,8,12,1.39468097686768,-1.13686837721616e-13,2.16215811582424,0,0
1990,8,13,1.59963154792786,0,1.49753688679539,0,0
1990,8,14,0.171479672193527,0,0.913795320020654,0,0
1990,8,15,0.0410187058150768,0,0.111183525373235,0,0
1990,8,16,0.979668617248535,0,0.506315798189462,0,0
1990,8,17,0.624367296695709,0,0.81816164986958,0,0
1990,8,18,0.368796318769455,1.13686837721616e-13,0.474524362942248,0,0
1990,8,19,0.2438745200634,-1.13686837721616e-13,0.309478509671862,0,0
1990,8,20,0.0708257481455803,0,0.161642375989686,0,0
1990,8,21,0.000212268918403424,0,0.030514473387484,0,0
1990,8,22,0.405185073614121,0,0.207425255572161,0,0
1990,8,23,0.650490045547485,0,0.531237643904206,0,0
1990,8,24,1.92217087745667,0,1.27943040420087,0,0
1990,8,25,4.47766399383545,0,3.2004828077188,0,0
1990,8,26,2.32697010040283,0,3.39573353716332,0,0
1990,8,27,0.906343877315521,0,1.60851127333262,0,0
1990,8,28,1.90142345428467,0,1.4145338271228,0,0
1990,8,29,0.0121755478903651,0,0.954084576800597,0,0
1990,8,30,0.552441537380219,-1.13686837721616e-13,0.295343641761065,0,0
1990,8,31,0.334492892026901,1.13686837721616e-13,0.450995281635187,0,0
1990,9,1,0.000468111480586231,0,0.150503404384835,0,0
1990,9,2,0.170436277985573,0,0.0724609324552148,0,0
1990,9,3,1.32241714000702,0,0.73333665141945,0,0
1990,9,4,0.265290200710297,1.13686837721616e-13,0.801837991398315,0,0
1990,9,5,0.773239731788635,-1.13686837721616e-13,0.508005131470782,0,0
1990,9,6,0.113442696630955,0,0.459645611203996,0,0
1990,9,7,0.0429056286811829,0,0.0783321494227494,0,0
1990,9,8,0.373662948608398,0,0.200185392191997,0,0
1990,9,9,0.513782918453217,0,0.440801727838334,0,0
1990,9,10,0.398951828479767,0,0.4557006478326,0,0
1990,9,11,0.101356260478497,0,0.24874456343241,0,0
1990,9,12,0.0244982857257128,0,0.0703960284399727,0,0
1990,9,13,0.331209927797318,0,0.172656721852036,0,0
1990,9,14,0.167392209172249,0,0.247520743971108,0,0
1990,9,15,0.0336883030831814,-1.13686837721616e-13,0.0969926206907985,0,0
1990,9,16,0.00333841051906347,1.13686837721616e-13,0.0176524718299333,0,0
1990,9,17,8.49644947052002,0,4.24593200383333,0,0
1990,9,18,6.75118064880371,0,7.6245853221908,0,0
1990,9,19,0.104047566652298,0,3.3756638599998,0,0
1990,9,20,2.30134725570679,0,1.20077743166075,0,0
1990,9,21,1.70649659633636,0,1.97746409482534,0,0
1990,9,22,0.264187008142471,0,0.955139505851548,0,0
1990,9,23,0.0107394997030497,0,0.145771542889634,0,0
1990,9,24,0.000819258682895452,0,0.00561738616852381,0,0
1990,9,25,3.31032268263698e-08,0,0.000348711171682226,0,0
1990,9,26,1.02750118458061e-06,0,5.3506937547354e-07,0,0
1990,9,27,0.0044221505522728,0,0.00211001404932176,0,0
1990,9,28,0.13245764374733,0,0.0652524575116331,0,0
1990,9,29,0.256218582391739,-1.13686837721616e-13,0.185982410477664,0,0
1990,9,30,0.467749774456024,1.13686837721616e-13,0.344122355880245,0,0
1990,10,1,0.0591412261128426,0,0.258477226790092,0,0
1990,10,2,0.02074427716434,0,0.0387816802258385,0,0
1990,10,3,0.0146223101764917,0,0.0178390068376757,0,0
1990,10,4,0.0227226819843054,0,0.0180022464019203,0,0
1990,10,5,0.314855664968491,0,0.164125421858444,0,0
1990,10,6,0.171147063374519,0,0.222797050170811,0,0
1990,10,7,0.0420616157352924,0.00299097644403901,0.100208564075729,0.00299097644415269,0
1990,10,8,2.48462038143771e-05,0.00346049929021319,0.0221650238281654,0.00346049929021319,0
1990,10,9,0.0035625088494271,0,0.00244908382774156,0,0
1990,10,10,0.000721625576261431,0,0.00243928028339724,0,0
1990,10,11,0.344310492277145,0,0.168536208167097,0,0
1990,10,12,0.396189391613007,0,0.36420571439885,0,0
1990,10,13,0.535178899765015,0,0.490275655684854,0,0
1990,10,14,0.342643022537231,0,0.429896520688089,-2.27373675443232e-13,0
1990,10,15,0.203959107398987,0,0.274240590123554,2.27373675443232e-13,0
1990,10,16,0.201508864760399,0,0.203083478148073,0,0
1990,10,17,0.585067331790924,0,0.40402384320987,2.27373675443232e-13,0
1990,10,18,0.00336849736049771,0.00101334187263546,0.293793185638606,0,0
1990,10,19,0.00523628247901797,0.0010153969624298,0.00328699281362788,0.00336641987405528,0
1990,10,20,0.239889472723007,0,0.128697927184476,0,0
1990,10,21,0.00250338483601809,0,0.129309648382332,0,0
1990,10,22,0.0217172130942345,0,0.0144860711025103,0,0
1990,10,23,0.865125298500061,0,0.434356119107179,0,0
1990,10,24,0.0338863097131252,0,0.45586652291604,0,0
1990,10,25,4.43356111645699e-06,0,0.0192943783158626,0,0
1990,10,26,2.30924820899963,0,1.14161239323312,0,0
1990,10,27,0.517775416374207,0,1.3900636754488,0,0
1990,10,28,0.017459511756897,1.13686837721616e-13,0.278823254628151,0,0
1990,10,29,0.00789914932101965,-1.13686837721616e-13,0.0119625422221361,0,0
1990,10,30,0.00150214461609721,0,0.00557737278813875,0,0
1990,10,31,4.925421308144e-05,0,0.000855128676448658,0,0
1990,11,1,0.00125270010903478,0,0.00059356952260714,0,
1990,11,2,0.00130693765822798,0,0.00126946710952325,0,
1990,11,3,0.00528462696820498,0.00133981202600353,0.00195369190896599,0,
1990,11,4,0,0.00134879866345727,0.00130819055630127,0,
1990,11,5,0.00965833570808172,0.00165944004072571,0.00314917451487418,0,
1990,11,6,0.00219645630568266,0.00276619399960509,0.00317060915858747,0,
1990,11,7,0.000216686894418672,0.00114684479058269,0,0,
1990,11,8,0.0104823727160692,0.0036273559763913,0.00173767991327622,0,
1990,11,9,0.00269914185628295,0.00442311050824173,0.00227372109839052,0,
1990,11,10,0.0352802127599716,0.0183976562827866,0.000510440581820149,0,
1990,11,11,0.00841178745031357,0.0218567531856024,0,2.27373675443232e-13,
1990,11,12,0,0.00442189602347298,0,-2.27373675443232e-13,
1990,11,13,0.0724853798747063,0.0240206501430293,0.0119168013106901,0,
1990,11,14,2.84484176518163e-05,0.0242246737869891,0.0120322429847874,0.146617160721917,
1990,11,15,4.28517560067121e-05,0,3.46253928000806e-05,0,
1990,11,16,0.000532362551894039,6.12885935424856e-06,0.000204416829546972,6.12885924056172e-06,
1990,11,17,2.03724721359322e-06,3.95018423660076e-06,0.000115354869194562,3.95018446397444e-06,
1990,11,18,2.02395085580065e-06,3.90643295986592e-05,8.32152281873277e-05,3.90643294849724e-05,
1990,11,19,0.0131654813885689,0.0026758831842244,0.00556688077540457,0.00267588318433809,
1990,11,20,0.427130818367004,0.00212729724921701,0.218976682147513,0.00212729724944438,
1990,11,21,2.44778895378113,1.13686837721616e-13,1.44266093200076,0,
1990,11,22,0.690062701702118,0.294840298845884,1.27408516283231,0,
1990,11,23,1.71116054058075,1.14886744596572,0.0503301820153865,0,
1990,11,24,0.549597382545471,1.13246435899339,0,0,
1990,11,25,0.434207767248154,0.49071403412097,0,0,
1990,11,26,0.077932208776474,0.266566209085795,0,0,
1990,11,27,0.353817641735077,0.203065189779863,0,0,
1990,11,28,0.00413978798314929,0.180913526401127,0,0,
1990,11,29,0.00045482034329325,0.00182627815672731,1.15328948595561e-05,0,
1990,11,30,0.000984693062491715,0.000662913631686024,0.000196719345694873,0,
1990,12,1,0.0161844529211521,0.00582509512344132,0.000172569925780408,0,
1990,12,2,0.405079960823059,0.221406474538412,0,0,
1990,12,3,0.725902080535889,0.564689485076997,0,0,
1990,12,4,0.0175351742655039,0.364467496570455,0,0,
1990,12,5,0.00705781113356352,0.0126766584738789,0,0,
1990,12,6,0.00184583326335996,0.00447775189445565,0,0,
1990,12,7,0.00392488716170192,0.00189050027734083,0.000807169197287294,0,
1990,12,8,0.0011344546219334,0.000976936485017177,0.0015433994039995,4.99901435008815,
1990,12,9,0.353943884372711,-1.13686837721616e-13,0.141956821523308,0,
1990,12,10,2.35601758956909,1.15132636969111,0.20365179081,0,
1990,12,11,4.36471748352051,3.33538145956175,0.0266356428801373,0,
1990,12,12,1.12967300415039,2.76687553499255,0,0,
1990,12,13,0.0289022997021675,0.56596051432939,0,0,
1990,12,14,0.0936998873949051,0.075634087331423,0,0,
1990,12,15,7.76766100898385e-05,0.0689683519929076,0,0,
1990,12,16,0.0463912710547447,0.0123397328683268,0,0,
1990,12,17,0.023876866325736,0.0415204695370903,0,0,
1990,12,18,0.209026053547859,0.0985923110469002,0,0,
1990,12,19,2.2863609790802,1.22470368664392,0,0,
1990,12,20,2.38650584220886,2.35108947200627,0,0,
1990,12,21,0.971311807632446,1.72270101965103,0,0,
1990,12,22,0.887962937355042,0.960216695587405,0,0,
1990,12,23,0.0209332816302776,0.508465470539136,0,0,
1990,12,24,0.709418416023254,0.333196779833088,0,0,
1990,12,25,0.181005403399467,0.436608345607397,0,0,
1990,12,26,0.0628081634640694,0.131012709519155,0,0,
1990,12,27,0.871095299720764,0.409636157892578,0,2.27373675443232e-13,
1990,12,28,1.22492492198944,0.996505037837437,0,-2.27373675443232e-13,
1990,12,29,0.0852024033665657,0.706446863509541,0,0,
1990,12,30,0.0104080690070987,0.0376094010296129,0,0,
1990,12,31,0.383376002311707,0.148832806477799,0,0,
1991,1,1,0.219420090317726,0.261926543058848,0,0,
1991,1,2,0.00107450783252716,0.170600626798887,0,0,
1991,1,3,0.000139866606332362,0.00358434304655475,0,0,
1991,1,4,0.000183297088369727,0.000198254492829619,0,0,
1991,1,5,0,0.000129531158904683,0,0,
1991,1,6,0.0401191301643848,0.0234626815037018,0,0,
1991,1,7,4.31669759750366,2.12416398348648,0,0,
1991,1,8,1.17778468132019,2.78882187890076,0,0,
1991,1,9,0.0158773586153984,0.50718682349077,0,0,
1991,1,10,1.49284303188324,0.668531656881669,0,0,
1991,1,11,0.433182269334793,1.03160297396289,0,0,
1991,1,12,0.201274573802948,0.343541743920241,0,0,
1991,1,13,0.330709785223007,0.241746578443781,0,0,
1991,1,14,0.165646150708199,0.299225903816932,0,0,
1991,1,15,0.0252783559262753,0.111066578519285,0,0,
1991,1,16,0.0591060258448124,0.0436133578216413,0,0,
1991,1,17,0.0135029163211584,0.044149314575634,0,0,
1991,1,18,0.042168203741312,0.0186008411675402,0,0,
1991,1,19,0.126619458198547,0.0748519039194662,0,0,
1991,1,20,0.0342644937336445,0.0862170754677436,0,0,
1991,1,21,0.745089173316956,0.411554737274059,0,0,
1991,1,22,2.13944482803345,1.38665100916592,0,2.27373675443232e-13,
1991,1,23,0.715245008468628,1.32269170958648,0,-2.27373675443232e-13,
1991,1,24,0.0117134414613247,0.4351255497686,0,0,
1991,1,25,0.160922423005104,0.131603792696637,0,0,
1991,1,26,1.41871821880341,0.768671520349017,0,0,
1991,1,27,0.720845878124237,1.13593818197592,0,0,
1991,1,28,0.00715280137956142,0.425640896036612,0,0,
1991,1,29,0.133891314268112,0.110771680233484,0,0,
1991,1,30,0.386306434869766,0.312651986360606,0,2.27373675443232e-13,
1991,1,31,0.0116854626685381,0.126151509125179,0,-2.27373675443232e-13,
1991,2,1,0,0.00360875717001363,1.84971213457175e-07,0,
1991,2,2,0.0049752676859498,0.00160464364330437,0.000952781495470845,0,
1991,2,3,0.00293570524081588,0.00159624591208285,0.00235924042408442,5.94052138127404,
1991,2,4,0.0370544940233231,3.57162107320619e-05,0.0198034298491621,14.0347517552018,
1991,2,5,0.00663482490926981,0.00111527587102955,0.0207646559165369,8.1329185351874,
1991,2,6,0.000212280443520285,0.00111942912099039,0.0023086073979357,5.60060741810162,
1991,2,7,1.30332261960575e-06,1.13686837721616e-13,0.000161979705808335,2.27373675443232e-13,
1991,2,8,0.000846846611239016,0,0.000180007485141687,0,
1991,2,9,0.000248608586844057,0.000122103016451547,0.000376499382582551,0,
1991,2,10,0.000752788968384266,0.000502388807944953,0,0,
1991,2,11,0.00436110375449061,0.00255593481665528,0,0,
1991,2,12,1.79672467708588,0.900559897232824,0,0,
1991,2,13,4.06621026992798,2.93577047701513,0,0,
1991,2,14,0.492089360952377,2.28984946090861,0,0,
1991,2,15,0.0157757084816694,0.25911147368879,0,0,
1991,2,16,0.0117878522723913,0.0130881209549898,0,0,
1991,2,17,0.0198678374290466,0.015767184837955,0,0,
1991,2,18,0.0302696172147989,0.0231337640051379,0,0,
1991,2,19,0.745561957359314,0.373835128797055,0,0,
1991,2,20,1.29246926307678,0.995451701163574,0,0,
1991,2,21,0.833961725234985,1.09262657146348,0,0,
1991,2,22,0.496411889791489,0.641345540712109,0,0,
1991,2,23,0.735291182994843,0.589353173191739,0,0,
1991,2,24,0.0340731292963028,0.424981788803393,0,0,
1991,2,25,0.00263827224262059,0.0149808637970636,0,0,
1991,2,26,0.154459342360497,0.100617916588476,0,0,
1991,2,27,0.91464376449585,0.561080126161983,0,0,
1991,2,28,3.03655815124512,1.97950065089356,0,0,
1991,3,1,1.02126252651215,2.0138858292363,0,0,0
1991,3,2,0.278232514858246,0.66645579127794,-9.09494701772928e-13,0,0
1991,3,3,0.0444181933999062,0.212867473428219,9.09494701772928e-13,0,0
1991,3,4,0.127780601382256,0.0802500515469546,0,0,0
1991,3,5,1.83860445022583,0.972602870454466,0,0,0
1991,3,6,0.0520089603960514,0.930834799035324,0,0,0
1991,3,7,1.28437089920044,0.736382901924912,0,0,0
1991,3,8,2.05125021934509,1.600121190398,0,0,0
1991,3,9,0.193198040127754,1.17132212655361,0,2.27373675443232e-13,0
1991,3,10,0,0.139188047558491,0,-2.27373675443232e-13,0
1991,3,11,0.0426565371453762,0.00812350937087558,0.0106662055359266,0,0
1991,3,12,1.88098132610321,0.351218101917539,0.610532166204393,0,0
1991,3,13,1.4566285610199,0.975943578193096,0.692821509011083,0,0
1991,3,14,0.00426367949694395,0.717198793922535,0.1067280915222,0,0
1991,3,15,0.000353306502802297,0.00312005453690745,0.000237659493905085,0,0
1991,3,16,0.000983112142421305,0.000218073941937291,0.000458334494396695,2.41527799052892,0
1991,3,17,0.000946657673921436,0.000102736500934952,0.000862160112774291,8.72544287532105,0
1991,3,18,0.00342949968762696,2.42087457991147e-06,0.002189011086557,14.0743996523147,0
1991,3,19,0.0506964214146137,-1.13686837721616e-13,0.0226424347338252,0,0.00182857151542391
1991,3,20,1.26941504277056e-05,1.13686837721616e-13,0.0371811004997653,-2.27373675443232e-13,0.0315428563526699
1991,3,21,0,0,8.15742168924771e-06,2.27373675443232e-13,0.0237714290618897
1991,3,22,0.0107873678207397,0,0.00419483699988632,0,0.0160000000681196
1991,3,23,0.0772661939263344,0,0.0491127264131137,0,0.00594285726547241
1991,3,24,0.0803769081830978,0,0.0793851412536242,0,0.00868571400642395
1991,3,25,0.556827068328857,0,0.292273783723431,0,0.0123428574630192
1991,3,26,3.56498742103577,0.791869136433775,1.26903909091106,0,0.00411428553717477
1991,3,27,0.411773681640625,0.997752426461602,0.990619963290555,0,0.002742857166699
1991,3,28,0.0208430998027325,0.225561958216076,0,0,0.00228571423462459
1991,3,29,0.193191841244698,0.0979621558044528,0,0,0.0013714285833495
1991,3,30,0.33698445558548,0.197992228926069,0.0724778174144376,0,0.002742857166699
1991,3,31,0.047823142260313,0.101062021323173,0.0913418164518589,4.53335416672303,0.00365714303084782
1991,4,1,0.0066006756387651,-1.13686837721616e-13,0.029699918215556,-2.27373675443232e-13,0.10194285937718
1991,4,2,0.0193661879748106,1.13686837721616e-13,0.0135377174792666,2.27373675443232e-13,0.204800006321498
1991,4,3,0.376707971096039,0,0.221904861220537,0,0.845714296613421
1991,4,4,0.383445739746094,0,0.380395900424446,0,0.749714279174805
1991,4,5,0.175327450037003,0,0.282634528902236,0,0.277485711233956
1991,4,6,0.0298312194645405,0,0.107736502028274,0,0.122057138170515
1991,4,7,0.0242040492594242,0,0.0270804318579394,0,0.0767999989645822
1991,4,8,0.000228188277105801,0,0.00891311544546625,0,0.0434285708836147
1991,4,9,0.000337363220751286,0,0.000297257733109291,0,0.0191999997411455
1991,4,10,7.43997588870116e-05,0,0.000212775943509769,0,0.00685714270387377
1991,4,11,0.000242556139710359,0,0.000154975316036143,0,0.00411428553717477
1991,4,12,0.0399151705205441,0,0.0210761324224222,0,0.002742857166699
1991,4,13,4.08434104919434,0,2.06844347976585,0,0.00228571423462459
1991,4,14,16.1471481323242,0,10.1258890460003,0,0.00320000009877341
1991,4,15,4.63258171081543,0,10.4286769690016,0,0.00320000009877341
1991,4,16,0.0224860943853855,0,2.41188270430393,0,0.002742857166699
1991,4,17,0.0742120072245598,0,0.0540358082407693,0,0.002742857166699
1991,4,18,0.000716855574864894,0,0.0287463737258804,0,0.00228571423462459
1991,4,19,0.000311033363686875,7.01650822065858e-06,0.000479259323583392,7.01650810697174e-06,0.00182857151542391
1991,4,20,0.000100094075605739,3.90641923786461e-06,0.00016291450629069,3.90641935155145e-06,0.00182857151542391
1991,4,21,3.833899974823,0,1.88432267060034,0,0.0013714285833495
1991,4,22,2.39776659011841,0,3.06515107659106,0,0.0013714285833495
1991,4,23,0.393092662096024,0.0400578376885505,1.33234003923826,0.0400578376884369,0.0013714285833495
1991,4,24,0.0065249758772552,0.0375971125362184,0.154506874951949,0.0375971125363321,0.000914285757711955
1991,4,25,0.0245284903794527,0,0.0140939084531055,0,0.000457142878855978
1991,4,26,1.75621819496155,0,0.855960108222462,0,0.000457142878855978
1991,4,27,5.50844621658325,0,3.61240509004256,0,0.000457142878855978
1991,4,28,1.59123027324677,0,3.58846619106589,0,0.000457142878855978
1991,4,29,12.4119911193848,1.13686837721616e-13,6.96275091095413,2.27373675443232e-13,0.000457142878855978
1991,4,30,19.2107315063477,-1.13686837721616e-13,15.7374793428253,-2.27373675443232e-13,0.0013714285833495
1991,5,1,1.75524544715881,0.410854419468024,10.0721703529571,0,0.00228571423462459
1991,5,2,0.286701560020447,0.450903613427158,0.570068673310743,0.936473170508862,0.00228571423462459
1991,5,3,13.3546266555786,0.0400502773964035,6.78025855946271,0.898867205200077,0.00914285693849836
1991,5,4,7.58025074005127,0,10.5350231078728,0,0.256457138061523
1991,5,5,1.75546002388001,0,4.67707560815325,0,0.269257136753627
1991,5,6,2.09553551673889,0,1.92069668982549,0,0.145371423448835
1991,5,7,0.413230985403061,0,1.25681513626569,0,0.133942862919399
1991,5,8,0.000655813026241958,0,0.207134445022348,0,0.0836571420942034
1991,5,9,0.000263028254266828,0,0.000460240155007341,0,0.0489142860685076
1991,5,10,0.00094422500114888,0,0.000599461179263017,0,0.0155428579875401
1991,5,11,0.266661077737808,0,0.118074420631274,0,0.00502857140132359
1991,5,12,2.86707735061646,-1.13686837721616e-13,1.48287814570085,0,0.00365714303084782
1991,5,13,1.2308623790741,0,2.01073736090984,-2.27373675443232e-13,0.002742857166699
1991,5,14,0.220847949385643,1.13686837721616e-13,0.807873039901097,2.27373675443232e-13,0.00182857151542391
1991,5,15,2.11841249465942,-1.13686837721616e-13,1.16698409068158,0,0.0013714285833495
1991,5,16,0.237915754318237,1.13686837721616e-13,1.16434229755123,0,0.0013714285833495
1991,5,17,0.00296918861567974,-1.13686837721616e-13,0.125048810708904,0,0.000914285757711955
1991,5,18,0.000329447531839833,0,0.00142244373546419,0,0.000457142878855978
1991,5,19,0.00527380546554923,1.13686837721616e-13,0.00231249183161708,0,0.000457142878855978
1991,5,20,1.91516542434692,0,0.966977645749466,0,0.000457142878855978
1991,5,21,2.01085138320923,0,1.96313042172915,0,0
1991,5,22,10.8708171844482,0,6.44355335050841,0,0.000457142878855978
1991,5,23,10.9860363006592,1.13686837721616e-13,10.9257829591998,0,0.00365714303084782
1991,5,24,1.71994316577911,-1.13686837721616e-13,6.4138122132008,0,0.00868571400642395
1991,5,25,0.00100375164765865,1.13686837721616e-13,0.793942120350039,0,0.0118857145309448
1991,5,26,0.156033113598824,-1.13686837721616e-13,0.070886246914597,0,0.0201142856052944
1991,5,27,0.360007137060165,0,0.27042021663874,0,0.010971428666796
1991,5,28,0.00185884104575962,0,0.217403911405199,0,0.005485714333398
1991,5,29,0.0461904592812061,0,0.0286275649859817,0,0.00411428553717477
1991,5,30,2.98750615119934,0,1.53793641579432,0,0.002742857166699
1991,5,31,5.51058959960938,0,4.21699272772366,0,0.00228571423462459
1991,6,1,5.07472085952759,0,5.30444012396401,0,0.00228571423462459
1991,6,2,0.0666189342737198,0,2.57612636273643,0,0.00182857151542391
1991,6,3,0.000268500967649743,0,0.0338784488139936,0,0.0013714285833495
1991,6,4,0.022048108279705,-1.13686837721616e-13,0.0123329869074951,0,0.000914285757711955
1991,6,5,0.0689322054386139,1.13686837721616e-13,0.048261334363815,0,0.000457142878855978
1991,6,6,0.665971338748932,0,0.361805439815726,0,0.000457142878855978
1991,6,7,0.269147723913193,0,0.461472691440577,0,0
1991,6,8,5.44825649261475,0,2.87572689846456,0,0
1991,6,9,9.51295757293701,1.13686837721616e-13,7.48943649173179,0,0.0013714285833495
1991,6,10,2.50311899185181,-1.13686837721616e-13,6.00394689962377,0,0.00182857151542391
1991,6,11,0.135722860693932,0,1.38609368699599,0,0.00411428553717477
1991,6,12,4.5065507888794,0,2.3117286774268,0,0.00594285726547241
1991,6,13,9.88918209075928,-1.13686837721616e-13,7.16164764321547,-2.27373675443232e-13,0.005485714333398
1991,6,14,4.70436191558838,1.13686837721616e-13,7.35677170616145,2.27373675443232e-13,0.00365714303084782
1991,6,15,4.58941221237183,0,4.64804545055813,0,0.00228571423462459
1991,6,16,0.564332246780396,0,2.63591150402772,0,0.0013714285833495
1991,6,17,0.3369520008564,0,0.468954159854548,0,0.000914285757711955
1991,6,18,0.0147292958572507,0,0.199511074463771,0,0.000457142878855978
1991,6,19,0.045613307505846,0,0.0336233864518363,0,0.000457142878855978
1991,6,20,1.19678747653961,0,0.589499087504919,0,0
1991,6,21,2.14494609832764,0,1.73026779076281,0,0
1991,6,22,0.0738393813371658,0,1.11066033941916,0,0
1991,6,23,0.679922819137573,1.13686837721616e-13,0.357977955485694,0,0
1991,6,24,2.55846405029297,-1.13686837721616e-13,1.62028226886832,0,0
1991,6,25,31.1191635131836,0,16.8299500485809,0,0.00685714270387377
1991,6,26,6.85962247848511,0,18.9190444896321,0,0.138057136535645
1991,6,27,0.259413093328476,0,3.67223406542962,0,0.293942860194615
1991,6,28,1.44319093227386,0,0.862992199107794,2.27373675443232e-13,0.200685719081334
1991,6,29,5.74522924423218,0,3.68036843074151,-2.27373675443232e-13,0.128457137516567
1991,6,30,20.3779983520508,0,13.0099265152521,0,0.0969142845698765
1991,7,1,19.3959274291992,0,19.8939185118661,0,1.01942858014788
1991,7,2,10.8703727722168,0,14.8939371089809,0,1.70514286586217
1991,7,3,4.88920736312866,0,7.92281003745666,0,2.47771432059152
1991,7,4,0.273574829101563,0,2.72801257271385,0,1.60457142421177
1991,7,5,3.93327379226685,0,2.1249553291309,0,1.05599997384208
1991,7,6,5.4489688873291,0,4.56694977807456,0,0.740571430751256
1991,7,7,3.36575651168823,0,4.86969357086582,0,0.621714292253767
1991,7,8,3.30574560165405,0,3.32996046152948,0,0.859428569248744
1991,7,9,0.54571932554245,0,1.8831016176664,0,0.603428595406669
1991,7,10,1.23911046981812,0,0.852867663111283,0,0.415542847769601
1991,7,11,8.32483863830566,0,4.73886843311993,0,0.294399997166225
1991,7,12,3.47789430618286,-1.13686837721616e-13,5.84330725719519,0,0.219428566523961
1991,7,13,0.318200320005417,2.27373675443232e-13,1.83412064791992,0,0.175085708073207
1991,7,14,0.000116646791866515,-1.13686837721616e-13,0.155657698039249,0,0.130742863246373
1991,7,15,0.0022232283372432,0,0.00102972600416251,0,0.107885714939662
1991,7,16,0.985565304756165,1.13686837721616e-13,0.449221221188964,2.27373675443232e-13,0.0914285727909633
1991,7,17,3.47206473350525,-1.13686837721616e-13,2.16526995271215,-2.27373675443232e-13,0.0731428555079869
1991,7,18,3.25980806350708,0,3.37017848345113,0,0.0612571443830218
1991,7,19,4.91935539245606,0,3.94990700220114,0,0.0489142860685076
1991,7,20,1.87319695949554,0,3.35218240268841,0,0.046171430179051
1991,7,21,2.6595184803009,0,2.2528561099607,0,0.0342857156481062
1991,7,22,2.90401935577393,0,2.79947128283766,0,0.0223999994141715
1991,7,23,1.84139144420624,0,2.34017288679479,0,0.0132571424756731
1991,7,24,0.892545104026794,0,1.42765480576418,0,0.00959999987057277
1991,7,25,0.0123454732820392,0,0.453434725050101,0,0.00640000019754682
1991,7,26,9.84963407972828e-05,0,0.00648597975850862,0,0.00502857140132359
1991,7,27,0.000617569370660931,0,0.000354063246959413,0,0.00411428553717477
1991,7,28,0.37238746881485,-1.13686837721616e-13,0.179095639131447,0,0.00320000009877341
1991,7,29,0.323811769485474,1.13686837721616e-13,0.351799149132603,0,0.002742857166699
1991,7,30,0.153746962547302,0,0.242885144166394,0,0.00182857151542391
1991,7,31,0.0521254725754261,0,0.0971041901848366,0,0.000914285757711955
1991,8,1,2.28152493946254e-05,0,0.0274738283442275,0,0.000914285757711955
1991,8,2,0.314785838127136,0,0.153887616125758,0,0.000457142878855978
1991,8,3,0.722881615161896,0,0.511855225237014,0,0
1991,8,4,1.29855680465698,0,1.0042181506733,0,0
1991,8,5,4.20826768875122,0,2.74494369192507,0,0
1991,8,6,13.7958087921143,0,9.01538781379622,0,0.000457142878855978
1991,8,7,1.97205102443695,0,7.91144342415282,0,0.000457142878855978
1991,8,8,0.0106851104646921,0,1.04625106605272,0,0
1991,8,9,0,0,0.0055144912803371,0,0
1991,8,10,2.3280719574359e-08,0,1.31722117657773e-08,0,0
1991,8,11,2.16053340409417e-05,0,1.09005259218975e-05,0,0
1991,8,12,2.48948339276467e-07,0,7.98807104729349e-06,0,0
1991,8,13,1.41705752492415e-13,0,1.45398189488333e-07,0,0
1991,8,14,0.0596024990081787,0,0.0239206133055632,0,0
1991,8,15,0.0438007600605488,0,0.0508511834950696,0,0
1991,8,16,1.74594712257385,0,0.898950321562552,0,0
1991,8,17,0.0852705091238022,0,0.900757270107533,0,0
1991,8,18,0.000425348262069747,0,0.044545221034241,0,0
1991,8,19,3.30758484778926e-05,1.13686837721616e-13,0.000230489657951694,0,0
1991,8,20,0.0650286078453064,-1.13686837721616e-13,0.0388671733016963,0,0
1991,8,21,0.128632098436356,0,0.0979482419925262,0,0
1991,8,22,0.821489870548248,0,0.476227349117835,0,0
1991,8,23,0.715665221214294,0,0.766123972716741,0,0
1991,8,24,0.239604577422142,0,0.481852383053592,0,0
1991,8,25,2.25882244110107,0,1.24834001095223,0,0
1991,8,26,0.0331579931080341,-1.13686837721616e-13,1.13172643093003,-2.27373675443232e-13,0
1991,8,27,0.0378114208579063,1.13686837721616e-13,0.0358440466679895,2.27373675443232e-13,0
1991,8,28,0.000436600297689438,0,0.0199799637193792,0,0
1991,8,29,0.0186451077461243,0,0.00857063217245013,0,0
1991,8,30,0.00416804011911154,0,0.0122485252213664,0,0
1991,8,31,0.0434113629162312,0,0.026402782266814,0,0
1991,9,1,0.00320215942338109,0,0.0226942751214665,0,0
1991,9,2,0.182055741548538,0,0.0948135526869009,0,0
1991,9,3,0.125042602419853,0,0.155763397667215,0,0
1991,9,4,0.362334102392197,-1.13686837721616e-13,0.245706706296915,0,0
1991,9,5,0.402987867593765,1.13686837721616e-13,0.383935399868278,0,0
1991,9,6,0.0314299874007702,0,0.218087674101298,0,0
1991,9,7,0.318675458431244,0,0.171765976965617,0,0
1991,9,8,12.7909927368164,0,6.55268468103077,0,0
1991,9,9,16.8234481811523,0,14.7733886132673,0,0
1991,9,10,0.0562241114675999,0,8.416003106262,0,0
1991,9,11,0.245941892266274,1.13686837721616e-13,0.142281468291003,0,0
1991,9,12,0.143075689673424,-1.13686837721616e-13,0.210203720608661,0,0
1991,9,13,0.376772254705429,0,0.262353657029962,0,0
1991,9,14,1.19148600101471,0,0.763295195672072,0,0
1991,9,15,9.48961353302002,0,5.29691559178355,0,0
1991,9,16,17.9205703735352,0,13.6210483316754,0,0
1991,9,17,10.6667308807373,0,14.3483964981579,0,0
1991,9,18,4.17108917236328,0,7.41952592401322,0,0
1991,9,19,0.157008320093155,0,2.33488318101354,0,0
1991,9,20,0.00893657095730305,0,0.0830249807859218,0,0
1991,9,21,18.2482929229736,0,9.1297284861912,0,0
1991,9,22,13.0015830993652,0,15.6580570655269,0,0.000914285757711955
1991,9,23,0.592489838600159,0,6.82433287541426,2.27373675443232e-13,0.319085720607213
1991,9,24,1.75647854804993,0,1.14627265895433,-2.27373675443232e-13,0.457142857142857
1991,9,25,1.06681072711945,0,1.37077857169606,0,0.239542852129255
1991,9,26,0.0471470654010773,0,0.552267683926402,-2.27373675443232e-13,0.145371423448835
1991,9,27,0.00148561270907521,0,0.0248762167611858,2.27373675443232e-13,0.089599997656686
1991,9,28,0.00263779936358333,0,0.00213658908978687,0,0.064914287839617
1991,9,29,7.06588792800903,0,3.69502785524037,0,0.0466285705566406
1991,9,30,3.44364404678345,0,5.4309774657313,0,0.0310857159750802
1991,10,1,0.201449692249298,0,1.90697524370989,0,0.0233142852783203
1991,10,2,0.376803308725357,0,0.285103018510199,0,0.0155428579875401
1991,10,3,0.541223049163818,0,0.459216002763242,0,0.00777142899377005
1991,10,4,1.33573710918427,0,1.00542781781951,2.27373675443232e-13,0.00457142846924918
1991,10,5,0.562145829200745,1.13686837721616e-13,0.92556718906053,-2.27373675443232e-13,0.00320000009877341
1991,10,6,0.194579914212227,-1.13686837721616e-13,0.385309574624444,0,0.00228571423462459
1991,10,7,0.0434549823403358,0,0.131677737861537,0,0.00182857151542391
1991,10,8,4.56502402812475e-06,1.13686837721616e-13,0.0171012152259209,0,0.0013714285833495
1991,10,9,0.00256279110908508,0,0.00140626168922608,2.27373675443232e-13,0.000914285757711955
1991,10,10,0.00484928861260414,-1.13686837721616e-13,0.00366043191570498,-2.27373675443232e-13,0.000914285757711955
1991,10,11,0.00284609035588801,0,0.00403165931857075,0,0.000914285757711955
1991,10,12,0.225252076983452,0,0.128765808668504,2.27373675443232e-13,0.000457142878855978
1991,10,13,7.9333963394165,0,3.9809328930769,-2.27373675443232e-13,0.000914285757711955
1991,10,14,4.0383939743042,0,5.85478252125995,0,0.0013714285833495
1991,10,15,0.0865890309214592,0.0118418632307566,2.11406621284732,0.0118418632305293,0.0013714285833495
1991,10,16,0.0447083786129952,0.0122929920977413,0.0534557743267214,0.0122929920976276,0.00182857151542391
1991,10,17,0.00235142814926803,-1.13686837721616e-13,0.0221644000130254,0,0.00228571423462459
1991,10,18,0.00197065295651555,0.000440693739960807,0.00172074974580028,0,0.00228571423462459
1991,10,19,9.20086313271895e-06,0.000449174345021675,0.000549742498151318,0,0.002742857166699
1991,10,20,2.09792637825012,0.75390553103648,0.295051758778754,0,0.002742857166699
1991,10,21,2.38474774360657,1.93693930822167,0.301341528404919,0,0.002742857166699
1991,10,22,0.759633183479309,1.19237400706299,0.379816548655981,4.48159244699104,0.002742857166699
1991,10,23,3.53455781936646,0.192872077303718,1.85557462728866,0.192872077303718,0.002742857166699
1991,10,24,3.33498740196228,1.74399542655783,1.69077733902941,0.207635278908356,0.00228571423462459
1991,10,25,0.327851474285126,1.71020745957298,0.132078909203301,0,0.002742857166699
1991,10,26,0.238047808408737,0.203745749514383,0.0761892074970092,0,0.002742857166699
1991,10,27,7.60639667510986,0.0476281595899764,3.87459466874043,3.90873564536719,0.00320000009877341
1991,10,28,14.0806398391724,0,10.957908095701,0,0.138057136535645
1991,10,29,8.59471225738525,3.55016575397531,7.78751235120672,0,2.28114275251116
1991,10,30,0.206351295113564,3.63024200911423,0.74217999341181,0,1.75542853219169
1991,10,31,0.0674923285841942,0.127649338874107,0,0,1.26628570556641
1991,11,1,3.09007453918457,1.5563228051808,0,0,
1991,11,2,4.09240293502808,3.54587368496073,0,0,
1991,11,3,0.713316082954407,2.42452005850873,0,0,
1991,11,4,0.598307549953461,0.65482296466962,0,0,
1991,11,5,0.381857752799988,0.472059756042881,0,0,
1991,11,6,0.164057686924934,0.256684698579875,0,0,
1991,11,7,0.148547291755676,0.155774251434423,0,0,
1991,11,8,0.719616651535034,0.41509842051255,0,0,
1991,11,9,0.911254346370697,0.80386910427751,0,0,
1991,11,10,0.555970430374146,0.699486495442443,0,0,
1991,11,11,0.00241409288719296,0.254313383112958,0,0,
1991,11,12,0.00326618901453912,0.00195435554610413,0.000892617809768126,0,
1991,11,13,0.000823434791527689,0.000762229359679623,0.00128258211952925,6.04827744905538,
1991,11,14,0.00453811138868332,0.000308179128751362,0.00237201174877555,9.86505189719219,
1991,11,15,0.00421349657699466,0.00217262202431812,0.00220320361040649,3.81658595174281,
1991,11,16,0.283566206693649,0.114662811948165,0.013904556705711,0,
1991,11,17,4.73497200012207,1.2857295172555,1.23483204909189,0,
1991,11,18,1.51438701152802,1.27626937838363,1.84840964838986,3.24914507602352,
1991,11,19,0.0538682602345944,0.128628580802797,0.658790797650909,5.37839335671424,
1991,11,20,1.14171588420868,0.482917730143299,0.114874794374373,0.888717593028105,
1991,11,21,1.61880481243134,1.28939214139382,0.0929963030212093,0,
1991,11,22,0.128383606672287,0.885560898684844,0,-2.27373675443232e-13,
1991,11,23,0.000979222008027136,0.0620710152766151,0,2.27373675443232e-13,
1991,11,24,0.0155074410140514,0.00773653484702663,0,0,
1991,11,25,0.927869021892548,0.467710051062113,0,0,
1991,11,26,1.84374952316284,1.38993089283872,0,0,
1991,11,27,0.521555960178375,1.17834306055966,0,0,
1991,11,28,0.0926254466176033,0.324027335376968,0,0,
1991,11,29,0.233372926712036,0.166716828315202,0,0,
1991,11,30,0.220176100730896,0.225842482397411,0,0,
1991,12,1,0.143140465021133,0.179194422065621,0,0,
1991,12,2,1.24430978298187,0.684167513662032,0,0,
1991,12,3,0.465632557868958,0.855049483065386,0,0,
1991,12,4,1.08537101745605,0.748594551984297,0,0,
1991,12,5,2.8082230091095,1.92543427957116,0,0,
1991,12,6,7.15206575393677,5.01466482087858,0,0,
1991,12,7,2.23064208030701,4.66084008133703,0,0,
1991,12,8,0.503882110118866,1.45346532546114,0,0,
1991,12,9,0.105347976088524,0.330806363467673,0,0,
1991,12,10,0.00376997678540647,0.0604226051368642,0,0,
1991,12,11,1.22977289720438e-05,0.00167603486670487,5.58409738005139e-07,0,
1991,12,12,0.290571451187134,0.111781889979284,6.16779288975522e-07,0,
1991,12,13,7.15340042114258,3.68264232430101,0,0,
1991,12,14,1.54857766628265,4.37591843580549,0,0,
1991,12,15,0.0538029372692108,0.866387018123533,0,0,
1991,12,16,0.232996374368668,0.13762135453203,0,0,
1991,12,17,0.0939163491129875,0.17747054901406,0,0,
1991,12,18,0.188125431537628,0.138594370765986,0,0,
1991,12,19,2.13053798675537,1.27639523986522,0,0,
1991,12,20,1.28021395206451,1.78134807203219,0,0,
1991,12,21,4.35112560808193e-05,0.630717145072595,0,0,
1991,12,22,0.000733273744117469,0.000389382293178642,8.54388472362189e-05,0,
1991,12,23,0.00467514432966709,0.0019772910948177,9.03821546671679e-05,2.27373675443232e-13,
1991,12,24,0.0249067209661007,0.0101158232582748,-9.09494701772928e-13,-2.27373675443232e-13,
1991,12,25,0.00175208668224514,0.00959115776777253,0,0,
1991,12,26,0.00128663924988359,0.00161713499301186,0,0,
1991,12,27,0.0439937859773636,0.0233214028066868,0,0,
1991,12,28,0.250880897045136,0.173813409692457,0.000722054838661279,0,
1991,12,29,0.193876445293427,0.172861368052281,0.0222513527487536,0,
1991,12,30,0.112428069114685,0.0875840886096739,0.0358115534363606,0,
1991,12,31,0.116916254162788,0.0744281502052218,0.0386600457823079,0,
1992,1,1,0.0458526127040386,0.0676164768806302,0.0383776882645179,0,
1992,1,2,0.0252067130059004,0.0452922582899191,0.00482323058986367,0,
1992,1,3,0.0265626274049282,0.0250183010409728,0.00226506403487292,0,
1992,1,4,0.00297910626977682,0.0126229528366366,0.00976099044237344,0,
1992,1,5,0.0916047766804695,0.018141103923881,0.0021180465564612,0,
1992,1,6,0.0309151969850063,0.0677455734021351,0.00413217065397475,0,
1992,1,7,0.856136202812195,0.489909668799101,0.000249538627031143,0,
1992,1,8,1.61599922180176,1.19067332733675,0,0,
1992,1,9,0.00322095537558198,0.793542033421545,0,0,
1992,1,10,0.00173094100318849,0.00248445908528083,0,0,
1992,1,11,0.0114303110167384,0.00489272350137071,0,0,
1992,1,12,0.107784762978554,0.0680209913821273,0,0,
1992,1,13,0.357093572616577,0.20737249017111,0,0,
1992,1,14,0.207572638988495,0.322423644093306,0,0,
1992,1,15,0.521141231060028,0.39366775099893,0,0,
1992,1,16,1.01934921741486,0.620962185876579,0,0,
1992,1,17,0.406288772821426,0.738576467982966,0,0,
1992,1,18,0.414153307676315,0.410761098550211,0,-2.27373675443232e-13,
1992,1,19,0.119040466845036,0.325795591608085,0,2.27373675443232e-13,
1992,1,20,0.0334684774279594,0.112500282302108,0,0,
1992,1,21,0.0810875296592712,0.0630179455254165,0,0,
1992,1,22,1.88392090797424,0.945631782586588,0,0,
1992,1,23,0.597875237464905,1.32711005750662,0,0,
1992,1,24,0.728384554386139,0.627013851227048,0,0,
1992,1,25,1.79469096660614,1.32711381285185,0,0,
1992,1,26,3.67945337295532,2.62550206495894,0,0,
1992,1,27,0.663649380207062,2.36748040955786,0,0,
1992,1,28,0.218305796384811,0.386599041062937,4.67188328912016e-07,0,
1992,1,29,0.156804591417313,0.181324767202341,0.00566966100723221,0,
1992,1,30,0.0471150428056717,0.113464407921356,0.0137101114760299,0,
1992,1,31,0.0872358977794647,0.0393356406609655,0.01737252577459,0,
1992,2,1,0.0316977351903915,0.0525718537999182,0.00627614533277665,0,
1992,2,2,0.0380929931998253,0.0265317819810207,0.00753954836181947,0,
1992,2,3,0.000533723272383213,0.0290720895634422,0.0039441617727789,0,
1992,2,4,0.00269862497225404,0.00525500029175419,0.000525191404449288,0,
1992,2,5,0.00149107142351568,0.00253284218820227,0,0,
1992,2,6,0.212131336331368,0.0816941929851964,0,0,
1992,2,7,0.0336909033358097,0.139277057191748,0,0,
1992,2,8,0.0266145803034306,0.0327675380867731,0,0,
1992,2,9,0.407938271760941,0.242223898922703,0,0,
1992,2,10,0.0119379041716456,0.138521940657938,0,0,
1992,2,11,0.00108348857611418,0.00650603365807001,-9.09494701772928e-13,-2.27373675443232e-13,
1992,2,12,0.15726338326931,0.0479591792613974,9.09494701772928e-13,2.27373675443232e-13,
1992,2,13,0.212302714586258,0.162393819860881,0,0,
1992,2,14,5.67114305496216,3.1352130960845,0,0,
1992,2,15,2.15165233612061,3.70251585141887,0,0,
1992,2,16,0.262516230344772,1.22438087895694,0,0,
1992,2,17,1.47847890853882,0.96310860852418,0,0,
1992,2,18,0.913854956626892,1.38730963567537,0,0,
1992,2,19,4.46257829666138,2.47086759698095,0,2.27373675443232e-13,
1992,2,20,1.70009016990662,3.3028487229451,0,-2.27373675443232e-13,
1992,2,21,0.128015398979187,1.17331093136204,0,0,
1992,2,22,0.350874274969101,0.305330956865873,0,0,
1992,2,23,0.792662680149078,0.664668503143048,0,0,
1992,2,24,0.152220770716667,0.40515349398197,0,0,
1992,2,25,0.0313367582857609,0.0920695555437305,0,0,
1992,2,26,0.0513585582375526,0.0372741888279506,0.00034312333627895,0,
1992,2,27,0.0808175429701805,0.0334852069356657,0.0321698997731801,2.16237439490692,
1992,2,28,0.00316254189237952,0.0103507325518422,0.0316789913676985,2.16458770801773,
1992,2,29,0,0.00203179077129789,0,0,
1992,3,1,0.00234675989486277,0.000204820387125437,0.000169697989804263,0,0
1992,3,2,0.00184991688001901,0.00305202037452546,0.000608287228715199,0,0
1992,3,3,0.0439394488930702,0.0333499853841204,0.000124217184747977,0,0
1992,3,4,0.259416222572327,0.0797938472362603,0.0794903718633577,0,0
1992,3,5,3.56303000450134,0.0554597350692347,1.85576272238177,6.48646527095684,0
1992,3,6,6.89992380142212,0,5.17895715729992,13.0981110602315,0
1992,3,7,4.28269863128662,0.118498958269356,5.47231681075573,11.9439965175886,0.000457142878855978
1992,3,8,1.35366332530975,0.794541633918243,2.02559108062542,5.33587374188073,0.000457142878855978
1992,3,9,0.000111628934973851,0.675254552065326,0,0,0.000457142878855978
1992,3,10,1.24670362472534,0.687396612529938,0,0,0
1992,3,11,0.523221552371979,0.897952893566071,0,-2.27373675443232e-13,0
1992,3,12,1.50980770587921,1.02537841635422,0,2.27373675443232e-13,0
1992,3,13,0.937257885932922,1.2311460139274,0,0,0.002742857166699
1992,3,14,0.155620008707047,0.596069639804,0,0,0.010971428666796
1992,3,15,0.0275672860443592,0.0795162195302055,0,0,0.0452571426119123
1992,3,16,0.000543208559975028,0.0132903193341463,1.60692652571015e-05,0,0.148571423121861
1992,3,17,0,0.000279158834928239,1.65782730618957e-05,0,0.210285718100412
1992,3,18,0.00277431332506239,0.00165581634109913,0,0,0.174171434129987
1992,3,19,0.0320357643067837,0.0180506357469312,0,0,0.116114289419992
1992,3,20,7.16758368071169e-05,0.0178089736352831,0,0,0.0475428581237793
1992,3,21,0.000238974636886269,0.00016902056336221,0,2.27373675443232e-13,0.0361142873764038
1992,3,22,0.0336274281144142,0.0136264439256593,0.00332675217941869,-2.27373675443232e-13,0.0420571429388864
1992,3,23,0.000419682735810056,0.013514752977926,0.00350880652149499,4.18900578973398,0.0475428581237793
1992,3,24,0.0542867109179497,2.37729327636771e-05,0.0273692079626926,13.2748686580669,0.0740571430751256
1992,3,25,0.192629367113113,0.066665989114199,0.0563280465539719,9.13953904496498,0.964571380615234
1992,3,26,0.00181316502857953,0.0687492739491518,0.0295188570635219,0,1.01942858014788
1992,3,27,5.26195117345196e-06,0.000909287258537006,5.73789293412119e-07,2.27373675443232e-13,0.836571448189872
1992,3,28,0.233500212430954,2.05677656595071e-06,0.116750655605756,13.0242910471814,0.809142848423549
1992,3,29,0.0372658558189869,0,0.140216115623844,27.8048011930089,1.95199999128069
1992,3,30,0.0149790700525045,0,0.0261674499315632,26.6243873125948,4.66285705566406
1992,3,31,0.00383205548860133,0.0013355848664105,0.00806998398093128,5.79876401561114,4.34742867606027
1992,4,1,0.00650132587179542,0.00453482362945579,0.000596028037762153,0,4.17371433803013
1992,4,2,0.0006494231056422,0.00335134516149083,0.000224051267650793,0.336151148076169,5.62285723005022
1992,4,3,0.102406546473503,0.000100676120609933,0.0514184554231179,4.29148928967948,6.62857142857143
1992,4,4,0.0178143996745348,0,0.0613642545613402,0,6.44571446010045
1992,4,5,0.0615751706063747,0,0.0394636136024928,0,6.58285696847098
1992,4,6,0.0528629422187805,0,0.0576408485312641,0,6.35428553989955
1992,4,7,0.212789878249168,0,0.127663457042217,0,5.48571428571429
1992,4,8,0.386341631412506,0,0.292111249390473,0,4.55314287458147
1992,4,9,0.58021354675293,0.128920142101833,0.354357793674353,-2.27373675443232e-13,2.99885711669922
1992,4,10,3.90794968605042,2.08052516286352,0.161396352030351,2.27373675443232e-13,1.69600001743862
1992,4,11,0.766750454902649,2.32871774592786,-9.09494701772928e-13,0,1.0148571559361
1992,4,12,0.0274217892438173,0.405215036092159,9.09494701772928e-13,0,0.795428575788225
1992,4,13,0.0533525198698044,0.0343146343041099,0.00780069082702539,0,0.594285692487444
1992,4,14,0.0426357835531235,0.0197930373451527,0.0282011130429964,5.33475209565063,0.566857147216797
1992,4,15,0.0226994473487139,0,0.033077141521062,0,0.699428558349609
1992,4,16,0.0606692396104336,0,0.0385900161991231,0,0.74514285496303
1992,4,17,0.0909403935074806,0,0.0731734271130335,0,0.754285703386579
1992,4,18,7.1463189125061,0,3.53231930352467,0,1.31199994768415
1992,4,19,10.9375600814819,0,9.04092423360453,0,2.6971429007394
1992,4,20,2.29704999923706,0.452394619550887,6.16492404765631,0,3.20457153320313
1992,4,21,5.44038200378418,3.17205434790048,0.696292472419373,0,2.38628561837333
1992,4,22,1.76256144046783,3.59015053061262,0.0139555337318598,0,2.13028564453125
1992,4,23,0.0719838812947273,0.919370322701752,0.0344463912942956,0,0.740571430751256
1992,4,24,0.803716838359833,0.0676988403063206,0.370151276935758,3.85350738844704,1.67771432059152
1992,4,25,0.179157018661499,0.052449711585723,0.438858985224215,5.86219732571544,1.72799998692104
1992,4,26,0.0204792860895395,0,0.100294200333337,0,1.25257143293108
1992,4,27,0.016691604629159,0,0.0185900814631168,0,0.767999976021903
1992,4,28,1.04994821548462,0,0.529957032917992,0,0.489142881120954
1992,4,29,1.1976500749588,0,1.12138858971957,2.27373675443232e-13,0.337371417454311
1992,4,30,0.00513140298426151,0,0.629824247006582,-2.27373675443232e-13,0.258742850167411
1992,5,1,0.358005464076996,0,0.152656436229336,0,0.184228570120675
1992,5,2,0.674877405166626,0,0.521412627505015,0,0.110628570829119
1992,5,3,0.338499695062637,0,0.528605850805434,0,0.114742851257324
1992,5,4,0.089385062456131,0,0.236689463298717,0,0.0905142852238246
1992,5,5,5.74564239741449e-07,0,0.0355708812503508,0,0.069942855834961
1992,5,6,0.00478022499009967,0,0.00245120763975137,0,0.0502857140132359
1992,5,7,0.020954018458724,0,0.0129118247396036,0,0.0383999994822911
1992,5,8,0.0800324901938438,0,0.0476646011120465,0,0.0347428560256958
1992,5,9,1.75310075283051,0,1.00009101438718,-2.27373675443232e-13,0.0315428563526699
1992,5,10,3.24509406089783,-2.27373675443232e-13,2.48524993575029,2.27373675443232e-13,0.0223999994141715
1992,5,11,2.62727117538452,2.27373675443232e-13,2.93827640638756,0,0.0228571431977408
1992,5,12,0.122740142047405,0,1.45059448039501,-2.27373675443232e-13,0.0210285714694432
1992,5,13,0.160917073488235,0,0.140585893764182,2.27373675443232e-13,0.0210285714694432
1992,5,14,0.985183298587799,0,0.528274953715481,0,0.0191999997411455
1992,5,15,2.91666841506958,0,1.90978523535341,0,0.0178285717964172
1992,5,16,7.74371910095215,0,5.32048980665968,0,0.0214857135500227
1992,5,17,3.90598964691162,0,5.84297540784883,0,0.0429714271000453
1992,5,18,0.012325543910265,0,2.00007949451901,0,0.0671999999455043
1992,5,19,9.38697630772367e-05,0,0.0067828459714292,0,0.071314287185669
1992,5,20,0.265245646238327,0,0.108834975516402,0,0.0521142857415336
1992,5,21,2.03475284576416,0,1.12471069786534,0,0.0374857153211321
1992,5,22,4.75105714797974,0,3.38622002627017,0,0.0297142846243722
1992,5,23,0.473611384630203,0,2.62563199066517,0,0.0320000001362392
1992,5,24,0.697761476039887,0,0.575737027955256,0,0.0246857149260385
1992,5,25,0.977437615394592,0,0.820012705598856,0,0.0201142856052944
1992,5,26,0.00983862206339836,0,0.5141253368447,0,0.0187428576605661
1992,5,27,0.108803302049637,0,0.0541585293840399,0,0.0164571421486991
1992,5,28,0.000263042544247583,0,0.058449531923543,0,0.0137142854077475
1992,5,29,0.0923141464591026,0,0.0416160976592437,0,0.0114285715988704
1992,5,30,1.15063798427582,0,0.618444410697521,0,0.0100571428026472
1992,5,31,0.0613524727523327,0,0.605114449584107,0,0.00914285693849836
1992,6,1,0.00882615800946951,0,0.0307284809659905,0,0.00731428606169564
1992,6,2,0.015503877773881,0,0.0121200010680695,0,0.005485714333398
1992,6,3,12.874044418335,0,6.43567840389005,0,0.00502857140132359
1992,6,4,15.9947156906128,0,14.421466875523,0,0.213028567177909
1992,6,5,1.64147913455963,0,8.87964328447106,0,1.81028573172433
1992,6,6,0.672193944454193,0,1.14853552379918,0,0.575999995640346
1992,6,7,0.0494318716228008,0,0.406157156696281,0,0.325942856924875
1992,6,8,0.0168898049741983,0,0.0353779245233454,0,0.215771429879325
1992,6,9,5.33793991053244e-06,0,0.00851288457306509,0,0.130742863246373
1992,6,10,7.75880180299282e-05,0,4.81768038298469e-05,0,0.0690285682678223
1992,6,11,0.00279391556978226,0,0.0016663821243128,0,0.0425142867224557
1992,6,12,0.00716136954724789,0,0.00549429306192906,0,0.0278857145990644
1992,6,13,0.00032042249222286,0,0.00413045918958233,0,0.0205714293888637
1992,6,14,0.0143064446747303,0,0.00765960048192937,0,0.0155428579875401
1992,6,15,1.48025739192963,0,0.732862400865088,0,0.0114285715988704
1992,6,16,6.79330205917358,0,4.11609959776251,0,0.0100571428026472
1992,6,17,14.0431299209595,0,10.3923092567729,0,0.0100571428026472
1992,6,18,6.26655149459839,0,10.1400060680289,0,0.00959999987057277
1992,6,19,0.110730797052383,0,3.3056322407374,0,0.00731428606169564
1992,6,20,0.275198876857758,0,0.184561823726654,0,0.005485714333398
1992,6,21,4.61424398422241,0,2.40081547405134,0,0.00457142846924918
1992,6,22,8.74044704437256,0,6.58470192013829,0,0.00457142846924918
1992,6,23,2.85372591018677,0,5.83256328411699,0,0.00457142846924918
1992,6,24,7.34557819366455,0,5.00637663535599,0,0.00411428553717477
1992,6,25,4.34120416641235,0,5.9320974489392,0,0.00411428553717477
1992,6,26,0.0557649061083794,0,2.29910059674057,0,0.00411428553717477
1992,6,27,0.539894342422485,0,0.175472565041673,0,0.00411428553717477
1992,6,28,0.26469898223877,0,0.409661080086153,0,0.00320000009877341
1992,6,29,0.164080783724785,0,0.220916667856727,0,0.002742857166699
1992,6,30,3.45942425727844,0,1.82109370635226,0,0.00182857151542391
1992,7,1,9.38150882720947,0,6.37409187008689,0,0.00228571423462459
1992,7,2,10.2533388137817,0,9.75236452494937,0,0.00685714270387377
1992,7,3,7.14499378204346,0,8.77304435108636,0,0.0306285721915109
1992,7,4,0.823993563652039,0,4.1213558925665,0,0.228571428571429
1992,7,5,0.0114950267598033,0,0.483256249109218,0,0.324114281790597
1992,7,6,0.553554534912109,0,0.234633999722973,0,0.217600005013602
1992,7,7,0.677684724330902,0,0.610402135588629,2.27373675443232e-13,0.114285714285714
1992,7,8,1.01649558544159,0,0.839579451834652,-2.27373675443232e-13,0.0608000005994524
1992,7,9,2.49814987182617,0,1.65271060564828,0,0.0411428587777274
1992,7,10,0.620016396045685,0,1.61842109511417,0,0.0288000004632132
1992,7,11,0.128939867019653,0,0.403830850968916,-2.27373675443232e-13,0.0210285714694432
1992,7,12,0.0110802017152309,0,0.0355978957140906,2.27373675443232e-13,0.0169142859322684
1992,7,13,1.0440981388092,0,0.515662114338738,0,0.014171428339822
1992,7,14,4.64077234268189,0,2.80728441059091,0,0.0128000003950936
1992,7,15,2.62872385978699,0,3.74426231147118,0,0.0128000003950936
1992,7,16,0.867065489292145,0,1.80044151166749,0,0.0123428574630192
1992,7,17,0.269492715597153,0,0.581946375459665,0,0.0105142857347216
1992,7,18,4.3811149597168,0,2.34779779367454,0,0.00868571400642395
1992,7,19,2.00285315513611,0,3.2593364190443,0,0.00777142899377005
1992,7,20,0.391156196594238,0,1.25765593247434,0,0.00685714270387377
1992,7,21,0.133490532636642,0,0.25008437874385,0,0.005485714333398
1992,7,22,0,0,0.0624762661536806,0,0.00640000019754682
1992,7,23,0.057331245392561,0,0.0369180069910726,0,0.00868571400642395
1992,7,24,1.33607518672943,0,0.678582069038384,0,0.00731428606169564
1992,7,25,2.39423823356628,0,1.92448808182962,0,0.005485714333398
1992,7,26,1.76734173297882,0,2.08148853313742,0,0.002742857166699
1992,7,27,2.48593258857727,0,2.23754470472522,0,0.002742857166699
1992,7,28,0.25918185710907,0,1.41370607971749,0,0.00228571423462459
1992,7,29,0.0509970560669899,0,0.169911128198692,0,0.0013714285833495
1992,7,30,0.0370756946504116,0,0.0456174149603612,0,0.000914285757711955
1992,7,31,1.05393850803375,0,0.504258754398506,0,0.000457142878855978
1992,8,1,0.883155703544617,0,0.993010358537504,0,0.000457142878855978
1992,8,2,0.633100807666779,0,0.800973395361325,0,0.000457142878855978
1992,8,3,0.0232228580862284,0,0.290681380415663,0,0
1992,8,4,7.27565804936603e-07,0,0.0137678257297011,0,0
1992,8,5,0.0227428209036589,0,0.0116804691178913,0,0
1992,8,6,0.0187041573226452,0,0.0206281272894557,0,0
1992,8,7,1.21039390563965,0,0.621792144555002,0,0
1992,8,8,10.0819845199585,0,5.662353518077,0,0
1992,8,9,0.275138020515442,0,5.165505022449,0,0
1992,8,10,0.294407069683075,0,0.282919652788223,0,0
1992,8,11,0.664978563785553,0,0.483054691139842,0,0
1992,8,12,0.0249963458627462,0,0.350494193770828,0,0
1992,8,13,0.0489716902375221,0,0.0338703261058981,0,0
1992,8,14,0.0156360697001219,0,0.031813216764931,0,0
1992,8,15,0.102148346602917,0,0.0582623234713537,0,0
1992,8,16,1.57696068286896,0,0.845067478877354,0,0
1992,8,17,0.840694189071655,2.27373675443232e-13,1.22104907610083,0,0
1992,8,18,0.00850693788379431,-2.27373675443232e-13,0.439876849789471,0,0
1992,8,19,1.77092742919922,2.27373675443232e-13,0.876871566613772,2.27373675443232e-13,0
1992,8,20,0.545359611511231,-2.27373675443232e-13,1.13455123549829,-2.27373675443232e-13,0
1992,8,21,1.22829639911652,0,0.875451334124591,0,0
1992,8,22,6.27621030807495,0,3.73425267537186,0,0
1992,8,23,10.4368019104004,0,8.35418955324076,0,0
1992,8,24,3.28356289863586,0,6.92714455022633,0,0
1992,8,25,0.576170682907105,0,1.97003715535539,0,0
1992,8,26,0.082803949713707,0,0.303677229419918,0,0
1992,8,27,0.321599870920181,0,0.21589902407959,0,0
1992,8,28,0.534303367137909,0,0.423702849958318,0,0
1992,8,29,11.9163780212402,0,6.24198736760809,0,0
1992,8,30,6.4667763710022,0,9.1355612216812,0,0
1992,8,31,0.0500662103295326,0,3.34590172878507,0,0
1992,9,1,0.449295192956924,0,0.380604230449535,0,0
1992,9,2,1.2485259771347,0,1.05103722579315,0,0
1992,9,3,1.49016165733337,0,1.37996615237716,0,0
1992,9,4,6.38269138336182,0,3.8853509912351,0,0
1992,9,5,5.71069622039795,0,6.12099458544526,0,0
1992,9,6,4.32748317718506,0,5.02297890064074,0,0
1992,9,7,4.62331819534302,0,4.39601327055425,0,0
1992,9,8,3.05136466026306,2.27373675443232e-13,3.80602395095957,0,0
1992,9,9,5.38856649398804,0,4.24667476561081,0,0
1992,9,10,2.09760093688965,-2.27373675443232e-13,3.61280391537457,2.27373675443232e-13,0
1992,9,11,0.00281439162790775,0,1.07448046597438,-2.27373675443232e-13,0
1992,9,12,2.49737906455994,0,1.0991303935125,0,0
1992,9,13,2.13081407546997,0,2.39081923224694,-2.27373675443232e-13,0
1992,9,14,0.0244237035512924,0,1.03791110727434,4.54747350886464e-13,0
1992,9,15,0.630091309547424,0,0.304962449886261,-2.27373675443232e-13,0
1992,9,16,1.09318661689758,0,0.827217676970577,0,0
1992,9,17,5.6648383140564,0,3.35321961076625,0,0
1992,9,18,1.41634678840637,0,3.60039259251062,0,0
1992,9,19,1.89148504432524e-05,0,0.809384452933955,0,0
1992,9,20,4.78955589642283e-05,0,4.63521173514891e-05,0,0
1992,9,21,0.00021249134442769,0,0.000173229632309813,0,0
1992,9,22,8.93846154212952e-05,0,0.000157799815497128,0,0
1992,9,23,8.56149854371324e-05,0,8.76573003552039e-05,0,0
1992,9,24,7.46869554859586e-05,0,8.07005226306501e-05,0,0
1992,9,25,0.738691210746765,0,0.361976027494165,0,0
1992,9,26,0.444691121578217,0,0.592699778607312,0,0
1992,9,27,1.89322352409363,0,1.18618199034063,0,0
1992,9,28,0.635238230228424,0,1.26395985659838,0,0
1992,9,29,0.0216379649937153,0,0.321253717695981,0,0
1992,9,30,0.000267756084213033,0,0.00963308797145146,-2.27373675443232e-13,0
1992,10,1,7.56144729052721e-08,0,0.000162089451805514,2.27373675443232e-13,0
1992,10,2,0.000750483886804432,0,0.000557301731532789,0,0
1992,10,3,5.3533483423962e-07,0,0.000459992535979836,0,0
1992,10,4,0.000974996073637158,0,0.000433848256761848,0,0
1992,10,5,0.0015870655188337,0,0.00123256188817322,0,0
1992,10,6,0.013149012811482,0,0.00732148686802248,0,0
1992,10,7,0.000186538920388557,0,0.00772984624290984,0,0
1992,10,8,5.10070531163365e-05,0,0.000104824225672928,0,0
1992,10,9,0.0193444341421127,0,0.0119881597302083,0,0
1992,10,10,0.012902932241559,0,0.0163861373166583,0,0
1992,10,11,0.0198664702475071,0,0.0166791284427745,0,0
1992,10,12,0.0225479379296303,0,0.0212826007709737,0,0
1992,10,13,1.72987651824951,0.206472802989765,0.675319086868512,0.206472802989765,0
1992,10,14,1.07873213291168,0.744496059471658,0.659810253336218,0.205133285201555,0
1992,10,15,0.246546909213066,0.637515716700818,0.0255150620187123,0,0
1992,10,16,0.221213832497597,0.172676966362587,0.0562038670550464,0,0
1992,10,17,0.040236558765173,0.104654700893661,0.0307130478313411,0,0
1992,10,18,0.00199192925356328,0.0267625693084028,9.09494701772928e-13,0,0
1992,10,19,0.50953620672226,0.234960396056067,0.0227238649040373,0,0
1992,10,20,0.0634181573987007,0.232214939302366,0.0542622904386008,2.10585938272652,0
1992,10,21,0.000185720549779944,0,0.0331568330411756,0,0
1992,10,22,0.00807416159659624,0,0.00396823258961376,0,0
1992,10,23,0.00373434158973396,0,0.00452750563727022,2.27373675443232e-13,0
1992,10,24,0.00100711011327803,0,0.00162935267053399,-2.27373675443232e-13,0
1992,10,25,0.0036233717110008,0,0.00199298322331742,0,0
1992,10,26,0.0340223237872124,2.27373675443232e-13,0.0207389703637091,0,0
1992,10,27,0.0487162806093693,-2.27373675443232e-13,0.0385842524874533,0,0
1992,10,28,0.0505148768424988,0,0.0496609406955031,0,0
1992,10,29,0.0248171873390675,0,0.043883085426387,0,0
1992,10,30,0.00419358862563968,0.000714021798103204,0.0138100197873428,0,0
1992,10,31,0.0200229100883007,0.00133904264316698,0.0107692038400273,0.00481457717478406,0
1992,11,1,0.241771325469017,0.0390509815956648,0.107389237965435,0.0390509815958922,
1992,11,2,2.40169787406921,0.343785578587131,0.977937518599902,0.343785578587131,
1992,11,3,2.39937925338745,1.32107503988641,1.07946352448744,0.31000968999183,
1992,11,4,0.711229860782623,1.37142526770003,0.1899890462646,2.27373675443232e-13,
1992,11,5,0.107821635901928,0.400743290899982,0,-2.27373675443232e-13,
1992,11,6,0.0515171773731709,0.0791041139452773,0,0,
1992,11,7,0.0731489136815071,0.065882086311376,0,0,
1992,11,8,0.217083975672722,0.15367935430254,0,0,
1992,11,9,8.19988918304443,2.24931158766231,1.95918886209893,0,
1992,11,10,4.17716312408447,2.81298979521625,3.37244794545586,0.0825614981999934,
1992,11,11,0.0677439644932747,0.698082750094045,1.43114802196396,0.082706823102626,
1992,11,12,0.0816792547702789,0.0533913747174211,0.0210395202266227,0,
1992,11,13,0.159177154302597,0.0934042765466074,0.0117843560683468,0,
1992,11,14,0.0367805399000645,0.106820334623762,-9.09494701772928e-13,0,
1992,11,15,3.37101554870605,1.71627285460363,9.09494701772928e-13,0,
1992,11,16,0.798234343528748,2.04857830210062,-9.09494701772928e-13,0,
1992,11,17,0.0517126172780991,0.44700975192336,0,0,
1992,11,18,0.117183908820152,0.0706749475152719,0.00820160116381885,0,
1992,11,19,3.45729970932007,1.54645747939276,0.168363752462028,0,
1992,11,20,3.35902333259583,2.51817653056514,0.876604832961675,0,
1992,11,21,0.0976228043437004,1.1537035503377,0.625061871978687,0,
1992,11,22,0.00900214444845915,0.0539654210106164,0.019114238968541,0,
1992,11,23,0.0990614369511604,0.0187806916942463,0.00405666902133817,0,
1992,11,24,0.0441542901098728,0.0638754077767771,0.00324225034910342,0,
1992,11,25,0.00241186586208642,0.0323423106899554,0,0,
1992,11,26,0.000435122143244371,0.0025522243404339,0,0,
1992,11,27,0.000827757408842444,0.000766149577657416,0,0,
1992,11,28,0.0222193449735641,0.00701043975095672,0,0,
1992,11,29,0.00396271049976349,0.0111808862779981,0,0,
1992,11,30,0.0840008556842804,0.0353890482283532,0,0,
1992,12,1,1.65285575389862,0.808426237450703,-9.09494701772928e-13,0,
1992,12,2,0.382692664861679,1.01784665230593,9.09494701772928e-13,0,
1992,12,3,0.0695791393518448,0.221426888608221,0,0,
1992,12,4,0.0175827257335186,0.0433746957316998,0,0,
1992,12,5,0.00351388845592737,0.013357087252416,0,0,
1992,12,6,0.0233694966882467,0.00715283326758254,0,0,
1992,12,7,0.00335144670680165,0.0131918871602466,0,0,
1992,12,8,0.00449649943038821,0.00375692131729011,0,0,
1992,12,9,0.0221430659294128,0.00796886892112525,0,0,
1992,12,10,0.0309824775904417,0.0256054280291664,0,0,
1992,12,11,0.0652507543563843,0.0487755321355508,0,0,
1992,12,12,2.84348940849304,1.38086762598027,0,0,
1992,12,13,5.9762454032898,4.35115818744885,0,-2.27373675443232e-13,
1992,12,14,0.521587073802948,3.36872685498429,0,2.27373675443232e-13,
1992,12,15,0.260981827974319,0.417881370277883,0,0,
1992,12,16,0.2376908659935,0.254228825098835,0,0,
1992,12,17,0.452897280454636,0.270987698444742,0,0,
1992,12,18,2.282799243927,1.28016240873649,0,2.27373675443232e-13,
1992,12,19,0.431216418743134,1.51614326808613,0,-2.27373675443232e-13,
1992,12,20,1.38294839859009,0.7877292968451,0,0,
1992,12,21,0.511327564716339,1.01644911680887,0,0,
1992,12,22,0.132342129945755,0.233815020840893,0,0,
1992,12,23,0.384912103414536,0.309534579594583,-9.09494701772928e-13,0,
1992,12,24,3.14294624328613,1.79217766079864,9.09494701772928e-13,0,
1992,12,25,1.22417545318604,2.00904518939183,0,0,
1992,12,26,1.47774612903595,1.36427820303106,0,0,
1992,12,27,1.09091103076935,1.30425254016382,0,0,
1992,12,28,1.71309721469879,1.34307016482649,0,0,
1992,12,29,2.47879886627197,2.21193294061277,-9.09494701772928e-13,0,
1992,12,30,3.45607376098633,2.80431863925219,9.09494701772928e-13,0,
1992,12,31,1.05376696586609,2.14773684796342,0,0,
1993,1,1,0.353004902601242,0.595892211017599,0,0,
1993,1,2,0.67928558588028,0.569106595894482,0,0,
1993,1,3,0.36375829577446,0.528326962779374,0,0,
1993,1,4,0.0661783814430237,0.275409356998807,0,0,
1993,1,5,0.0135397911071777,0.0654097111012106,0,0,
1993,1,6,0.000411685323342681,0.0123870390764296,0,0,
1993,1,7,0.0076788472943008,0.00230927828306449,0,0,
1993,1,8,0.00230157445184886,0.00426959031847218,0,0,
1993,1,9,0.102209180593491,0.0256165743608108,0,0,
1993,1,10,0.293538987636566,0.205465793314261,9.09494701772928e-13,0,
1993,1,11,0.736767530441284,0.575143049730059,-9.09494701772928e-13,0,
1993,1,12,3.57937812805176,1.99568246539661,0,0,
1993,1,13,2.07042098045349,3.06373608776335,0,0,
1993,1,14,0.290838062763214,1.37000417342665,0,0,
1993,1,15,0.00677504576742649,0.0824804023693559,0,0,
1993,1,16,0.0544559955596924,0.0386963478440521,0,0,
1993,1,17,0.0052206595428288,0.0334020859631892,0,0,
1993,1,18,0.64671117067337,0.163942581771835,0,0,
1993,1,19,0.0110665122047067,0.490446896843196,0,0,
1993,1,20,0.105216883122921,0.0549084113799836,0,0,
1993,1,21,0.217002540826797,0.130175956337098,0,0,
1993,1,22,0.0419825986027718,0.110238626952196,0,0,
1993,1,23,0.000781072769314051,0.0180738119940997,0,0,
1993,1,24,0.06378473341465,0.0179335920497579,0,0,
1993,1,25,1.53615832328796,0.927144293776792,0,0,
1993,1,26,0.822222769260407,0.947890713471224,-9.09494701772928e-13,-2.27373675443232e-13,
1993,1,27,1.99473059177399,1.24351805504784,9.09494701772928e-13,2.27373675443232e-13,
1993,1,28,2.1157214641571,2.04843755447291,0,0,
1993,1,29,0.000583762011956424,0.955486826296692,0,0,
1993,1,30,5.4243851081992e-06,0.000296244010542068,0,0,
1993,1,31,0.0156472157686949,2.7121934635943e-06,0.00782360509765567,6.61960000269414,
1993,2,1,0.00205595185980201,0.000845365086661332,0.00802463686250121,6.63754340188325,
1993,2,2,0.00568530289456248,0.00240403210432305,0.00148070060731698,0,
1993,2,3,0.00535430479794741,0.00422787141837944,0.00129195951649308,0,
1993,2,4,0.00235359976068139,0.00485935874303323,0,0,
1993,2,5,0.000293756951577961,0.00300957147078407,0,-2.27373675443232e-13,
1993,2,6,0.025311691686511,0.0204786547367348,0,2.27373675443232e-13,
1993,2,7,0.0905697271227837,0.0453568821033059,0,0,
1993,2,8,0.0132971135899425,0.0465375228236553,0,0,
1993,2,9,0.0055334297940135,0.0119162285941457,0,0,
1993,2,10,0.00555041059851646,0.00617197132328329,-9.09494701772928e-13,0,
1993,2,11,0.0896637365221977,0.0188296144456217,9.09494701772928e-13,0,
1993,2,12,0.177663952112198,0.113379657643236,0,0,
1993,2,13,0.00190115987788886,0.149575808759892,0,0,
1993,2,14,0.0272566303610802,0.026986298131078,0,0,
1993,2,15,0.00175813282839954,0.00827713394369312,0,0,
1993,2,16,0,0.000298306291597328,0,0,
1993,2,17,0.000351962546119466,0.000307047507476455,0,0,
1993,2,18,0.00675896881148219,0.00185239160123274,0,0,
1993,2,19,0.020826917141676,0.0127799108847739,0,0,
1993,2,20,0.0176668222993612,0.0182435196711594,0,0,
1993,2,21,0.0839876979589462,0.0299612496760346,0,0,
1993,2,22,0.0821879580616951,0.0784682557391534,0,0,
1993,2,23,0.000152846114360727,0.0434918595326508,0,0,
1993,2,24,0.00619955640286207,0.00362831390157226,-9.09494701772928e-13,0,
1993,2,25,0.000188104590051807,0.00260026572618699,9.09494701772928e-13,0,
1993,2,26,0.00631632609292865,0.00406835236640291,0,0,
1993,2,27,0.00603779498487711,0.0059421474049941,0,0,
1993,2,28,0.00281397555954754,0.00339362998624893,0,0,
1993,3,1,0.0018439101986587,0.00224043086313941,0.000251060706432327,0,0
1993,3,2,0.0036172631662339,0.00170547430366241,0.00104939860375453,0,0
1993,3,3,0.00188699678983539,0.00117241570956139,0.00119011835431593,0,0
1993,3,4,0.0069267600774765,0.001255336406075,0.00142694752685202,0,0
1993,3,5,0.0010218609822914,0.00303396296885694,0.00233130698143214,0,0
1993,3,6,0.186071947216988,0.0379755286942327,0.0145331926951258,0,0
1993,3,7,0.276733487844467,0.126273392009125,0.0969766511043417,0,0
1993,3,8,0.0855622664093971,0.0813582123398646,0.0818491979734972,-2.27373675443232e-13,0
1993,3,9,1.28509843349457,0.328697247352011,0.106947155169109,2.27373675443232e-13,0
1993,3,10,0.728583633899689,0.900374993922924,0.184697604919165,0,0
1993,3,11,0.982134759426117,0.778020469441117,0.00333732463514025,0,0
1993,3,12,0.144627049565315,0.592593247117748,0,0,0
1993,3,13,0.0716347992420197,0.112543634838858,0,0,0
1993,3,14,0.18962961435318,0.154504745194572,0,0,0
1993,3,15,2.23144149780273,1.18276818664435,0,0,0
1993,3,16,1.25654411315918,1.86309391196619,0,0,0
1993,3,17,0.00416444102302194,0.442145150329452,0,0,0
1993,3,18,0.343485414981842,0.256189073387532,0,0,0
1993,3,19,0.388834118843079,0.369728464750324,0,0,0
1993,3,20,0.0116756921634078,0.277918238148459,0,0,0
1993,3,21,5.66994458495174e-05,0.0148545899203327,0,0,0
1993,3,22,7.72035400586901e-06,3.80043500172178e-05,0,-2.27373675443232e-13,0
1993,3,23,4.46270460088272e-05,1.775686291694e-05,3.96296491089743e-06,2.27373675443232e-13,0
1993,3,24,0.000691954686772078,1.68696121818357e-05,0.000351114049408352,8.57672163934217,0
1993,3,25,0.0539876148104668,0,0.0269515883555869,18.9816401402425,0.000457142878855978
1993,3,26,0.0250811409205198,0,0.0395280066268242,18.6691026905412,0.000457142878855978
1993,3,27,0.00193496432621032,0,0.0136376145028407,21.8106781948416,0.0013714285833495
1993,3,28,0.0233445726335049,0,0.0126560615499329,17.3015744539996,0.149485710689
1993,3,29,0.0194971468299627,0,0.0214931196724137,0,1.42171423775809
1993,3,30,0.00505317142233253,0,0.0125315121749736,-2.27373675443232e-13,3.4605715070452
1993,3,31,0.369642376899719,0,0.191007683572025,2.27373675443232e-13,2.82514277866909
1993,4,1,0.000261840876191855,7.57991913360456e-05,0.180003309033054,2.27373675443232e-13,1.75542853219169
1993,4,2,0.000321309373248369,0.00015804818349352,0.000134586402054993,-2.27373675443232e-13,1.58628572736468
1993,4,3,2.79254591672995e-10,8.38416315218638e-05,7.6813334999315e-05,0.000586287183296008,2.02514277866908
1993,4,4,3.21110405820946e-07,2.31921148952097e-11,1.4970100892242e-07,2.31921148952097e-11,1.34400002615792
1993,4,5,2.54920382758428e-06,0,1.53832115756813e-06,0,0.493714305332729
1993,4,6,8.3769868069794e-05,0,4.55063518529641e-05,0,0.425142860412598
1993,4,7,0.10216011852026,0,0.0505070028511909,0,0.365714291163853
1993,4,8,0.194220632314682,0,0.145300975207647,0,0.317257145472935
1993,4,9,0.108251966536045,0,0.158890538520609,0,0.20388571875436
1993,4,10,0.0589365512132645,-2.27373675443232e-13,0.0804952439384579,0,0.146742861611503
1993,4,11,0.145436033606529,2.27373675443232e-13,0.102162654339736,0,0.106971427372524
1993,4,12,1.80068647861481,0,0.867623825276496,0,0.0827428545270647
1993,4,13,0.0810615122318268,0,1.07910685676143,0,0.0626285689217704
1993,4,14,0.00739434035494924,0,0.0464022573323746,0,0.0671999999455043
1993,4,15,0.000146572216181085,0,0.00415795441404043,0,0.0703999996185303
1993,4,16,0.018736407160759,0,0.0114191711791136,0,0.0731428555079869
1993,4,17,0.0434818975627422,0,0.0319404275405759,0,0.0758857113974435
1993,4,18,0.0308667551726103,0,0.0376859015641458,0,0.0795428548540388
1993,4,19,0.108586810529232,0,0.0623337706929306,0,0.0845714296613421
1993,4,20,0.0182072650641203,0,0.0705109734026337,0,0.0927999973297119
1993,4,21,8.51882723509334e-05,0,0.00771348223224777,0,0.0937142848968506
1993,4,22,3.22386335938063e-06,0,4.14436472055968e-05,0,0.0726857117244175
1993,4,23,0.0605050586163998,0,0.0267544795897265,0,0.0717714309692383
1993,4,24,0.00487184105440974,0,0.0285630538901387,0,0.0690285682678223
1993,4,25,0.00828016269952059,0.00147717478967024,0.00509768988649739,0,0.0946285724639893
1993,4,26,0.276905536651611,0.00147816137746304,0.141114670522256,0.00827888319395242,0.0292571442467826
1993,4,27,6.04492044448853,0,3.13293575784155,0,0.00822857107434954
1993,4,28,5.68646430969238,0,5.89320426022277,0,0.00731428606169564
1993,4,29,1.46186757087708,0,3.64021115836476,0,0.00822857107434954
1993,4,30,0.258712202310562,0,0.943475949439744,0,0.00868571400642395
1993,5,1,0.000220496498513967,0,0.156120258194278,0,0.00914285693849836
1993,5,2,0.0046376776881516,0,0.00220675234231749,0,0.00777142899377005
1993,5,3,0.0152903506532311,0,0.00954060224557907,0,0.00731428606169564
1993,5,4,0.0340328589081764,0,0.0265383093856144,0,0.00685714270387377
1993,5,5,2.429090102396e-07,0,0.0205090399103938,0,0.00594285726547241
1993,5,6,0.231310039758682,0,0.113629215669789,0,0.00457142846924918
1993,5,7,6.86403512954712,0,3.52820107577554,0,0.00411428553717477
1993,5,8,12.1700372695923,0,9.53440350068104,0,0.00457142846924918
1993,5,9,6.58217620849609,0,9.46719425900574,0,0.00411428553717477
1993,5,10,1.10935819149017,0,3.85621607561552,0,0.00320000009877341
1993,5,11,0.00482869101688266,0,0.546018917258152,0,0.00320000009877341
1993,5,12,4.49907872734912e-07,0,0.00273254985495441,0,0.00228571423462459
1993,5,13,0.00434171734377742,0,0.00211773615592392,0,0.0013714285833495
1993,5,14,0.0104758478701115,0,0.00721318551222794,0,0.000914285757711955
1993,5,15,0.14287668466568,0,0.062044930787124,0,0.000914285757711955
1993,5,16,0.0321452729403973,0,0.0792411881511725,0,0.000457142878855978
1993,5,17,0.00985718704760075,0,0.0217677107293639,0,0.000457142878855978
1993,5,18,0.0405883714556694,-2.27373675443232e-13,0.0249046809840365,0,0.000914285757711955
1993,5,19,0.10802186280489,2.27373675443232e-13,0.0911962612235584,0,0.0013714285833495
1993,5,20,0.127465233206749,0,0.117184338145307,0,0.0013714285833495
1993,5,21,0.0207950510084629,0,0.0725874671406928,0,0.0013714285833495
1993,5,22,0.952524781227112,0,0.479953040715373,0,0.0013714285833495
1993,5,23,1.27071368694305,0,1.11355133727011,0,0.000914285757711955
1993,5,24,2.86394023895264,0,2.06360762330314,0,0.000914285757711955
1993,5,25,1.01755452156067,0,1.96990132303381,2.27373675443232e-13,0.000914285757711955
1993,5,26,0.712009787559509,0,0.880211448965383,-2.27373675443232e-13,0.0013714285833495
1993,5,27,4.07439661026001,0,2.37655551335865,0,0.00228571423462459
1993,5,28,0.694028854370117,0,2.37377228330388,0,0.00320000009877341
1993,5,29,2.20711803436279,0,1.42866378194594,0,0.00320000009877341
1993,5,30,1.19715595245361,0,1.72255388801932,0,0.00411428553717477
1993,5,31,0.515567660331726,0,0.862707323363793,0,0.00457142846924918
1993,6,1,0.00055596575839445,0,0.288404253584304,-2.27373675443232e-13,0.00411428553717477
1993,6,2,0.00360772060230374,0,0.00187128566085448,2.27373675443232e-13,0.00411428553717477
1993,6,3,0.00359341502189636,0,0.00359985579962085,0,0.00411428553717477
1993,6,4,0.82375693321228,0,0.380600222604699,0,0.00365714303084782
1993,6,5,1.52644395828247,0,1.17971511673113,-2.27373675443232e-13,0.00320000009877341
1993,6,6,2.84033036231995,0,2.17313998990721,2.27373675443232e-13,0.00365714303084782
1993,6,7,16.8856582641602,0,9.83672804689832,0,0.00320000009877341
1993,6,8,17.9185638427734,0,17.4403256125579,0,0.00228571423462459
1993,6,9,4.90379476547241,0,11.4773761929682,0,0.00365714303084782
1993,6,10,0.250332444906235,0,2.57015118299205,0,0.00365714303084782
1993,6,11,1.40894210338593,0,0.988163838994296,0,0.00320000009877341
1993,6,12,3.82907319068909,0,2.61256878504173,0,0.002742857166699
1993,6,13,0.962106823921204,0,2.75843497600636,0,0.00182857151542391
1993,6,14,0.37290033698082,0,0.702959990401723,0,0.00182857151542391
1993,6,15,3.38361954689026,0,1.90930566993757,0,0.000914285757711955
1993,6,16,5.18272733688355,0,4.29679508075606,0,0.000914285757711955
1993,6,17,0.138783246278763,0,2.70052543429756,0,0.0013714285833495
1993,6,18,1.30854168673977e-05,0,0.0798175611098486,0,0.00182857151542391
1993,6,19,0.0114112691953778,0,0.00603861166382558,0,0.00182857151542391
1993,6,20,2.50110387802124,-2.27373675443232e-13,1.20498723710352,0,0.000914285757711955
1993,6,21,1.15233445167542,2.27373675443232e-13,1.87090097627151,0,0.000914285757711955
1993,6,22,9.98391246795654,0,5.54838721613851,0,0.000457142878855978
1993,6,23,14.8433322906494,2.27373675443232e-13,12.4098332683425,0,0.000457142878855978
1993,6,24,5.51736640930176,-2.27373675443232e-13,10.0680690845848,0,0.000914285757711955
1993,6,25,1.23255026340485,0,3.52210498723707,0,0.000914285757711955
1993,6,26,0.303624093532562,0,0.643411632276184,0,0.000914285757711955
1993,6,27,0.243872657418251,0,0.269438817129412,0,0.000457142878855978
1993,6,28,0.231635868549347,0,0.235986950070583,0,0.000457142878855978
1993,6,29,2.73767781257629,0,1.52571844760132,0,0.000457142878855978
1993,6,30,8.47541618347168,0,5.56970994303174,0,0.0013714285833495
1993,7,1,2.65244007110596,0,5.64409519145283,0,0.000914285757711955
1993,7,2,0.21794693171978,0,1.48663994879553,0,0.000457142878855978
1993,7,3,4.12295532226563,0,2.10030683089917,0,0.000457142878855978
1993,7,4,3.0547788143158,0,3.58763185078897,0,0.000914285757711955
1993,7,5,3.37575483322144,0,3.20884099124032,0,0.000914285757711955
1993,7,6,3.62541103363037,0,3.49773061287669,0,0.0013714285833495
1993,7,7,0.707282185554504,0,2.22895713474827,0,0.00182857151542391
1993,7,8,1.05022394657135,0,0.862318067579508,0,0.00182857151542391
1993,7,9,1.04538559913635,0,1.04730649033536,0,0.00228571423462459
1993,7,10,0.865855693817139,0,0.947712476549896,0,0.002742857166699
1993,7,11,0.156125873327255,0,0.405416905301536,0,0.002742857166699
1993,7,12,0.030926676467061,0,0.0864563736886339,0,0.00228571423462459
1993,7,13,0.77136218547821,0,0.364018949354431,0,0.00182857151542391
1993,7,14,0.185547798871994,0,0.402030148713493,0,0.0013714285833495
1993,7,15,2.48502564430237,0,1.29697234994183,0,0.000914285757711955
1993,7,16,7.01626443862915,0,4.71390478535068,0,0.000457142878855978
1993,7,17,10.2379112243652,0,8.54265412309451,-2.27373675443232e-13,0.000457142878855978
1993,7,18,3.40758752822876,0,6.84974620778576,2.27373675443232e-13,0.000457142878855978
1993,7,19,2.49885225296021,0,2.84674754528351,0,0.000457142878855978
1993,7,20,0.0428915768861771,0,1.3467130767458,0,0.000457142878855978
1993,7,21,0.508596658706665,0,0.241356555394304,0,0.000457142878855978
1993,7,22,6.13824415206909,0,3.36300204360396,0,0.000457142878855978
1993,7,23,9.20059013366699,0,7.61151403100212,0,0.000914285757711955
1993,7,24,15.8947191238403,0,12.5708578742897,0,0.0013714285833495
1993,7,25,40.9087448120117,0,28.401412535537,0,0.0274285708154951
1993,7,26,26.8750839233398,0,33.9226657458512,0,0.218971429552351
1993,7,27,14.1715717315674,0,20.5483475116216,0,0.740571430751256
1993,7,28,5.96958208084106,0,10.0878006642879,0,0.863999993460519
1993,7,29,0.104746840894222,-2.27373675443232e-13,3.09071742569722,-2.27373675443232e-13,1.06514282226563
1993,7,30,0.0928596630692482,2.27373675443232e-13,0.0985662658940782,2.27373675443232e-13,0.937142835344587
1993,7,31,0.0458553992211819,0,0.0709916864771003,2.27373675443232e-13,0.795428575788225
1993,8,1,0.531960129737854,0,0.298009499720138,0,0.69028570992606
1993,8,2,3.13133859634399,0,1.72954953696899,-2.27373675443232e-13,0.644571413312639
1993,8,3,1.58067619800568,0,2.47717452250436,0,0.621714292253767
1993,8,4,3.95405840873718,0,2.82958935358874,0,0.580571419852121
1993,8,5,1.99314296245575,0,2.92793444969993,0,0.548571450369699
1993,8,6,0.09740249812603,0,1.10130696825399,0,0.530285699026925
1993,8,7,0.320221483707428,0,0.224382867805616,0,0.512000002179827
1993,8,8,19.770528793335,0,9.9934034720236,0,0.502857153756278
1993,8,9,24.1797981262207,0,21.9272346143171,0,1.0514285496303
1993,8,10,0.0823953822255135,0,12.1526748075166,0,2.18057141985212
1993,8,11,9.03830242156982,0,4.4374899555778,-2.27373675443232e-13,1.58628572736468
1993,8,12,5.61668586730957,0,7.40213069642687,2.27373675443232e-13,2.37714276994978
1993,8,13,2.16180896759033,0,3.78943502325274,0,2.44571424211775
1993,8,14,9.79003620147705,0,5.88560482045796,0,1.61371427263532
1993,8,15,3.5956015586853,0,6.81076952211151,0,1.15199999128069
1993,8,16,0.0871804058551788,0,1.93855594272372,0,0.886857169015067
1993,8,17,3.09072375297546,0,1.72110287877968,0,0.74514285496303
1993,8,18,2.1751070022583,0,2.68546521178814,0,0.639999989100865
1993,8,19,0.365431517362595,0,1.4604365411351,0,0.5348571232387
1993,8,20,0.000293023826088756,0,0.199686599320557,0,0.410971423557827
1993,8,21,0.0387493222951889,0,0.0229642771237195,0,0.276571437290737
1993,8,22,1.70569622516632,0,0.848362408383764,0,0.169599996294294
1993,8,23,1.8976081609726,0,1.81310077344824,0,0.112000002179827
1993,8,24,0.76354444026947,0,1.34678017936221,0,0.0978285721370152
1993,8,25,2.30372047424316,0,1.51775884949438,0,0.126628576006208
1993,8,26,7.60023880004883,0,4.84216457828916,0,0.0859428542000907
1993,8,27,1.91970705986023,0,4.88334624701747,0,0.0671999999455043
1993,8,28,6.28223419189453,0,4.13772494944715,0,0.0630857127053397
1993,8,29,9.00061225891113,0,7.61383610730718,0,0.063542856488909
1993,8,30,5.25412034988403,0,7.16823826703421,0,0.068114287512643
1993,8,31,0.153553038835526,0,2.70706414238703,0,0.0690285682678223
1993,9,1,1.56402707099915,0,0.891305784134602,0,0.069942855834961
1993,9,2,0.377230376005173,0,0.967791996552478,0,0.064914287839617
1993,9,3,0.880369305610657,0,0.63610054874971,0,0.0676571437290737
1993,9,4,1.58085441589355,0,1.24974918174939,0,0.064914287839617
1993,9,5,0.341327011585236,0,1.00687543285403,0,0.0594285692487444
1993,9,6,0.0574889145791531,0,0.20314857935864,0,0.0493714298520769
1993,9,7,0.108950771391392,0,0.0804526415768123,0,0.041599999155317
1993,9,8,3.74103927612305,0,2.03340844699233,-2.27373675443232e-13,0.0347428560256958
1993,9,9,2.65399169921875,0,3.27624730639673,2.27373675443232e-13,0.0292571442467826
1993,9,10,0.0775181651115418,0,1.25686271273662,2.27373675443232e-13,0.0260571428707668
1993,9,11,0.949818968772888,0,0.436330158393503,-2.27373675443232e-13,0.0233142852783203
1993,9,12,4.35677289962769,0,2.62497039111986,0,0.0214857135500227
1993,9,13,0.763946771621704,0,2.72378793078315,0,0.0191999997411455
1993,9,14,0.043243408203125,0,0.463794880385649,0,0.0173714280128479
1993,9,15,0.00536464527249336,0,0.0260290294118022,0,0.0146285721233913
1993,9,16,0.618869066238403,0,0.372414654256318,0,0.0128000003950936
1993,9,17,0.0203737672418356,0,0.331257771274977,0,0.0114285715988704
1993,9,18,0.0369255766272545,0,0.0270960594953067,0,0.0100571428026472
1993,9,19,0.042319230735302,0,0.0393959851789987,0,0.00868571400642395
1993,9,20,0.118506580591202,0,0.0826564420904106,0,0.00777142899377005
1993,9,21,1.23740720748901,0,0.633752225510762,0,0.00731428606169564
1993,9,22,0.355349868535996,0,0.790298468673427,0,0.00685714270387377
1993,9,23,0.00234118662774563,0,0.187377009265219,0,0.005485714333398
1993,9,24,0.0129158198833466,0,0.00664650242833886,0,0.00502857140132359
1993,9,25,0.193828985095024,0,0.114755602788136,0,0.00457142846924918
1993,9,26,0.410784184932709,0,0.328102361281708,0,0.00411428553717477
1993,9,27,0.943596422672272,0,0.672489925837908,0,0.00365714303084782
1993,9,28,0.76695442199707,0,0.852182999824436,0,0.00320000009877341
1993,9,29,0.0546161681413651,0,0.392987864421229,0,0.002742857166699
1993,9,30,0.298724174499512,0,0.188840647162579,2.27373675443232e-13,0.00228571423462459
1993,10,1,0.0192488692700863,0,0.183737214669236,-2.27373675443232e-13,0.00228571423462459
1993,10,2,0.00344929844141006,0.000372819605900077,0.0123545741607813,0.000372819605900077,0.00182857151542391
1993,10,3,0.199965178966522,0.000586984396250045,0.0716678600156229,0.000586984396250045,0.0013714285833495
1993,10,4,0.000970712571870536,0,0.0900090687682678,0,0.0013714285833495
1993,10,5,0.0170658174902201,0,0.00701596870294452,0,0.000914285757711955
1993,10,6,0.422928392887116,0,0.204569112226636,0,0.000914285757711955
1993,10,7,0.176571026444435,0,0.327896906938804,0,0.000457142878855978
1993,10,8,0.126193270087242,0.0275613229448481,0.123821474555371,0,0.000457142878855978
1993,10,9,0.00497825443744659,0.0279744299316462,0.0376113466491006,0.126604034816182,0
1993,10,10,4.10671491408721e-05,0.000386038183933124,0.00196587795926462,0.000386038183933124,0
1993,10,11,8.54068912303774e-06,0,2.87227103399346e-05,0,0.00182857151542391
1993,10,12,0.0120412837713957,0.00339476880390066,0.00262659486179473,0,0.00228571423462459
1993,10,13,0.0101081617176533,0.00339677329725419,0.00767794973944547,0.01203860355713,0.0013714285833495
1993,10,14,0.0334558263421059,0,0.0191470739446231,0,0.000914285757711955
1993,10,15,0.195192828774452,0,0.123649612921326,0,0.000457142878855978
1993,10,16,1.32019829750061,0,0.751256124666725,0,0
1993,10,17,0.812504708766937,0,1.07808630311501,0,0
1993,10,18,0.203899204730988,0,0.489865556838595,0,0
1993,10,19,1.53392291069031,0,0.844377253622042,0,0
1993,10,20,1.48126435279846,0,1.5044631318442,-2.27373675443232e-13,0
1993,10,21,0.0325115360319614,0,0.788518371947248,2.27373675443232e-13,0
1993,10,22,0.038261666893959,2.27373675443232e-13,0.0360557745807455,0,0
1993,10,23,9.20743877941277e-06,0,0.0187650154166477,0,0
1993,10,24,0.0386700518429279,-2.27373675443232e-13,0.0187509189236152,0,0
1993,10,25,2.45095777511597,0,1.25666937675305,0,0
1993,10,26,1.12555134296417,0,1.82029101686658,0,0
1993,10,27,4.75372791290283,0.0371356085659045,2.90122911144044,0.0371356085659045,0
1993,10,28,4.41302919387817,0.115320973678536,4.43272408900884,0.115320973678536,0.0013714285833495
1993,10,29,0.661023676395416,0.393273685763688,2.14377263304232,0.0711171904599723,0.00228571423462459
1993,10,30,0.0632418543100357,0.351707215010038,0.00829231932220864,0,0.000914285757711955
1993,10,31,0.180345252156258,0.112404604025187,0.0069222587699187,0,0.000457142878855978
1993,11,1,0.0412844382226467,0.0829458941548182,0.0278689314582152,0.900008549541553,
1993,11,2,0.407356739044189,0,0.2052120169501,0,
1993,11,3,0.920847833156586,0.0890803945635526,0.531727749233141,0.0890803945635526,
1993,11,4,1.14260804653168,0.455796134303228,0.5759315610876,0.107148721197291,
1993,11,5,0.0844981744885445,0.392086455979097,0.223520006686158,2.27373675443232e-13,
1993,11,6,0.0234031192958355,0.0573672490429544,0,0,
1993,11,7,0.0511134266853333,0.0327038436735165,0,0,
1993,11,8,0.479167222976685,0.267837579584239,0,-2.27373675443232e-13,
1993,11,9,0.238328263163567,0.36508271075968,-9.09494701772928e-13,2.27373675443232e-13,
1993,11,10,0.0362468659877777,0.136412950189879,1.81898940354586e-12,0,
1993,11,11,0.0266660936176777,0.0346038018833497,-9.09494701772928e-13,0,
1993,11,12,0.0020382241345942,0.0122072740171006,0.00030903259448678,-2.27373675443232e-13,
1993,11,13,0.0210076346993446,0.00649770103859737,0.000693230017532187,2.27373675443232e-13,
1993,11,14,0.00269349943846464,0.0120123447320566,0.000821885359073349,0,
1993,11,15,0.000655345327686518,0.00116188014430918,0.000334118869432132,0,
1993,11,16,0.0132765639573336,0.000190343968370144,0.00677560816347977,2.11527935641175,
1993,11,17,0.00577823305502534,0.00196954438251851,0.00756117370838183,0,
1993,11,18,0.00991926621645689,0.00422230984713679,0.00363643085893273,0,
1993,11,19,0.0694559887051582,0.0369569371041507,0.00271168641120312,0,
1993,11,20,0.0233352351933718,0.0452920971627009,0.000804350523139874,0,
1993,11,21,0.252881169319153,0.137236557403185,0.00079458240634267,0,
1993,11,22,0.405681818723679,0.328047068907608,0,0,
1993,11,23,0.587867856025696,0.496270010105718,0,0,
1993,11,24,0.623171091079712,0.601111311392742,0,0,
1993,11,25,2.77537441253662,1.69782513214068,0,0,
1993,11,26,6.34695482254028,4.5741045205782,0,0,
1993,11,27,1.57408702373505,3.95788571544335,0,0,
1993,11,28,0.0706564709544182,0.814334106459455,0,0,
1993,11,29,0.147360593080521,0.114301374190745,0,0,
1993,11,30,0.00200392096303403,0.0455760961472151,0,0,
1993,12,1,1.76026129722595,0.713013327494309,0.156589365833497,0,
1993,12,2,0.399371415376663,0.922369549715995,0.159042430849695,0,
1993,12,3,0.0276714991778135,0.204013071475629,0,0,
1993,12,4,0.34924778342247,0.144797342443326,0,0,
1993,12,5,2.55741906166077,1.42014945621531,0,0,
1993,12,6,2.25234389305115,2.35295805176179,0,0,
1993,12,7,0.0589512176811695,1.19654487210664,0,0,
1993,12,8,0.000447823607828468,0.015089454081135,9.09494701772928e-13,0,
1993,12,9,0.274329572916031,0.0700062352757414,-9.09494701772928e-13,0,
1993,12,10,0.220523372292519,0.254689854618846,0,0,
1993,12,11,0.0554997622966766,0.171503967700801,0,0,
1993,12,12,0.000237292420933954,0.0379269087873126,0,0,
1993,12,13,0.00820389203727245,0.00274506018126885,0,0,
1993,12,14,0.00157205481082201,0.00430326169066575,0,0,
1993,12,15,0.0293860789388418,0.0145152978216174,0,0,
1993,12,16,0.0105063375085592,0.0251370611699713,0,0,
1993,12,17,0.042444970458746,0.0284821853178983,0,0,
1993,12,18,0.0629299208521843,0.0520042494647441,0,0,
1993,12,19,0.319541454315186,0.138951696324284,0,0,
1993,12,20,0.361554980278015,0.335729766783743,0,0,
1993,12,21,0.973569869995117,0.678098544719205,0,0,
1993,12,22,0.38634979724884,0.62199885083669,0,0,
1993,12,23,0.00611726567149162,0.280615206407902,0,0,
1993,12,24,0.342589765787125,0.235419077024289,0,0,
1993,12,25,0.0753023624420166,0.284459696402564,0,0,
1993,12,26,0.0251868888735771,0.0663619542851848,0,0,
1993,12,27,0.0298338886350393,0.0301891571796205,0,0,
1993,12,28,1.5566600561142,0.788126010983433,0,0,
1993,12,29,0.416746377944946,0.975814290981589,0,0,
1993,12,30,0.129864037036896,0.248405229516493,0,0,
1993,12,31,0.16130356490612,0.148496849465346,0,0,
1994,1,1,0.108813069760799,0.143644048572241,0,0,
1994,1,2,0.24682679772377,0.134286186777672,0,0,
1994,1,3,1.3356853723526,0.788559537278843,0,0,
1994,1,4,0.663043022155762,1.00256420410096,0,0,
1994,1,5,1.77286779880524,1.1147773370767,0,0,
1994,1,6,2.97624850273132,2.30824068937932,0,0,
1994,1,7,0.779640913009644,1.90799375653023,0,0,
1994,1,8,0.559772968292236,0.637532528694464,0,0,
1994,1,9,0.786786079406738,0.664156491520544,0,0,
1994,1,10,0.248976409435272,0.515670722713367,-9.09494701772928e-13,-2.27373675443232e-13,
1994,1,11,1.44570899009705,0.82128674100818,9.09494701772928e-13,2.27373675443232e-13,
1994,1,12,0.93311333656311,1.20497215539945,0,0,
1994,1,13,0.000751728483010083,0.486558519947494,0,0,
1994,1,14,0.103697054088116,0.0211070651873797,0,0,
1994,1,15,0.580082714557648,0.343710864768809,0,0,
1994,1,16,1.17634499073029,0.786129718789425,0,0,
1994,1,17,0.111313417553902,0.718416096186729,0,0,
1994,1,18,0.000392028072383255,0.0872347103863831,0,0,
1994,1,19,4.32035221820115e-06,0.00667626255994946,9.09494701772928e-13,0,
1994,1,20,0.000449365848908201,0.00037858374184907,-9.09494701772928e-13,0,
1994,1,21,0.00720610562711954,0.00372658067840348,0,0,
1994,1,22,0.00421048142015934,0.00518413201211843,0,0,
1994,1,23,0.00709785800427198,0.00531594582867001,0,0,
1994,1,24,0.0202995110303164,0.00909378746791845,0,0,
1994,1,25,0.020105941221118,0.0189028657316612,0,0,
1994,1,26,0.159088641405106,0.074100277335674,0,0,
1994,1,27,0.054532777518034,0.142113975870416,0,0,
1994,1,28,0.055109690874815,0.0642461229806486,0,0,
1994,1,29,0.0243315380066633,0.0327961667428554,0,0,
1994,1,30,0.0115766590461135,0.0202453997521843,0,0,
1994,1,31,0.0851485878229141,0.0537806585853105,0,0,
1994,2,1,0.224936172366142,0.135914753312818,0,0,
1994,2,2,0.118440069258213,0.200756981451605,0,0,
1994,2,3,0.031902227550745,0.0777223159118421,0,0,
1994,2,4,0.0386858396232128,0.0355639634019553,0,0,
1994,2,5,0.0381881482899189,0.0385848538664959,0,0,
1994,2,6,0.0425711199641228,0.0403124797689998,0,0,
1994,2,7,0.295837998390198,0.0780737617399154,0,0,
1994,2,8,0.367430835962296,0.296948289168768,9.09494701772928e-13,0,
1994,2,9,1.12467575073242,0.749025656526783,-9.09494701772928e-13,0,
1994,2,10,0.329624176025391,0.770522103974372,-9.09494701772928e-13,0,
1994,2,11,0.287600308656693,0.29832266854919,9.09494701772928e-13,0,
1994,2,12,1.104984998703,0.599520390045427,0,0,
1994,2,13,0.00347097241319716,0.581792079513207,0,0,
1994,2,14,0.0528544746339321,0.0181140600875551,0,0,
1994,2,15,0.00644623208791018,0.0410342699724424,0,0,
1994,2,16,1.06169545688317e-06,0.00480095356419952,0,0,
1994,2,17,0.0545590110123158,0.0312736494513501,0,0,
1994,2,18,0.192009255290031,0.0653718916917114,0.00996231297449413,0,
1994,2,19,0.0757053568959236,0.0959312446470904,0.0284415340374835,0,
1994,2,20,0.00112454674672335,0.0397692962203564,0,0,
1994,2,21,0,0.000888060236320598,0,0,
1994,2,22,0.00553793599829078,0.00283174523792695,0,0,
1994,2,23,0.0134038375690579,0.00848804507927525,0,0,
1994,2,24,1.77129912376404,0.752895209077451,0,0,
1994,2,25,1.56203293800354,1.66440819650552,0,0,
1994,2,26,0.00226291036233306,0.708363545184966,0,0,
1994,2,27,0.01131771504879,0.00509058145712515,0,0,
1994,2,28,0.0277885552495718,0.0142733735820002,0,0,
1994,3,1,0.524647235870361,0.160148694322288,0,0,0
1994,3,2,0.212076872587204,0.469811005187012,0,0,0
1994,3,3,0.00392610998824239,0.143230995270415,0.00111979753091873,0,0
1994,3,4,0.00199378025718033,0.000739477843353598,0.00222046770340967,7.23140438755354,0
1994,3,5,0.00307308742776513,2.27373675443232e-13,0.00256452276698838,14.0107165549864,0
1994,3,6,0.210122987627983,0.0269609947065419,0.0789562573445437,8.18896720948396,0
1994,3,7,0.40412449836731,0.228686861553342,0.0781513776519205,1.35313207345598,0
1994,3,8,0.0410619042813778,0.24697843309059,9.09494701772928e-13,2.27373675443232e-13,0
1994,3,9,0.141913264989853,0.117363963970547,-9.09494701772928e-13,-2.27373675443232e-13,0
1994,3,10,0.0128044271841645,0.0574897260551097,0,0,0
1994,3,11,0.00493677845224738,0.00986706170851903,0,0,0
1994,3,12,0.00509607791900635,0.00498995848624873,4.48965502073406e-05,0,0
1994,3,13,0.0214260853827,0.00773607385372088,0.00313680192630272,0,0
1994,3,14,0.100887455046177,0.00650926464390977,0.0546474969360133,10.06260005882,0
1994,3,15,0.0961634069681168,0.0393183726421285,0.0592131608837008,10.0885999588575,0
1994,3,16,0.0542115606367588,0.0664265550290111,0.00859153998499096,2.27373675443232e-13,0
1994,3,17,2.30540466308594,0.637693400783974,0.592874561330973,0,0.000914285757711955
1994,3,18,2.28598761558533,1.09138719475345,1.20699028338368,0,0.00411428553717477
1994,3,19,0.348911195993423,0.475667817506064,0.841781854949659,13.1625189277809,0.00914285693849836
1994,3,20,0.412349820137024,0,0.380619788808872,16.382774823918,0.272914287022182
1994,3,21,0.0471834950149059,0,0.166135781852063,0,1.67314289637974
1994,3,22,0.0317967087030411,0.00424060876457588,0.0355378887970801,0.00424060876457588,1.04228570120675
1994,3,23,0.00211615604348481,0.00547019710575114,0.0115144077781224,0.00441412771988325,0.507428577968052
1994,3,24,0.0497745610773563,0.0259468604022004,0,0,0.484571402413505
1994,3,25,0.120417170226574,0.0543698096757908,0.0305958530134376,0,0.466285705566406
1994,3,26,0.681141912937164,0.111928969786732,0.2888500518211,0.254604759290032,0.448000008719308
1994,3,27,0.36995992064476,0.190687885610942,0.334864553625266,0.082430343500846,0.333714294433594
1994,3,28,0.00272104935720563,0.110036281506382,0.077026363747791,0,0.306285721915109
1994,3,29,0.00258067389950156,0.00260653298937541,0,0,0.278857149396624
1994,3,30,0.00732552073895931,0.00129033686539515,0.00366276060594828,0.375936025309329,0.388571439470564
1994,3,31,0.00239924131892622,0,0.00632991236489033,0,0.434285708836147
1994,4,1,0.608427882194519,0,0.346907192607432,0,0.411428560529436
1994,4,2,0.209646537899971,0.0853054672468261,0.323736716811254,0,0.342857142857143
1994,4,3,0.00844600237905979,0.0864963027772774,0.0225501715967766,0.210836466394085,0.274285725184849
1994,4,4,3.28835994878318e-06,0.00100825594222442,0.0025693468433019,0.00100635974513352,0.228571428571429
1994,4,5,0.0315289720892906,0.0157645741962824,0,0,0.182857145581927
1994,4,6,0.0276595000177622,0.0264616858107729,0.00325812362279976,0,0.137142862592425
1994,4,7,0.233439102768898,0.0103454819550279,0.120203811005013,0.059313511801065,0.0745142868586949
1994,4,8,6.2930850982666,0,3.23753910891446,0,0.0726857117244175
1994,4,9,3.63820552825928,0,4.96182001093985,2.27373675443232e-13,0.0827428545270647
1994,4,10,0.0368756391108036,0,1.89785340641538,-2.27373675443232e-13,0.11748571395874
1994,4,11,3.46394517691806e-06,0,0.0156305157915995,0,0.103771427699498
1994,4,12,3.14865906148043e-06,0,3.264719453e-06,-2.27373675443232e-13,0.0781714303152902
1994,4,13,0.0353365689516068,0,0.0174545418949492,2.27373675443232e-13,0.0557714291981288
1994,4,14,0.258723139762878,0,0.131781490838875,0,0.04708571434021
1994,4,15,0.179819360375404,0,0.204585842847337,0,0.0365714277539934
1994,4,16,0.0223270654678345,0,0.120002086815475,0,0.0301714284079415
1994,4,17,0.00292069930583239,0,0.0104319413685516,0,0.0265142849513463
1994,4,18,0.00973543804138899,0,0.00552932807568141,0,0.021942857333592
1994,4,19,0.00496069062501192,0,0.00784208826007671,-2.27373675443232e-13,0.0191999997411455
1994,4,20,0.00208046264015138,0,0.00372459954724036,2.27373675443232e-13,0.0164571421486991
1994,4,21,1.03281274732581e-06,0,0.00143019985443971,0,0.014171428339822
1994,4,22,0.0618948675692082,0,0.0272241838047194,0,0.0123428574630192
1994,4,23,0.0407554879784584,0,0.0506416031003028,0,0.010971428666796
1994,4,24,0.0217289328575134,0,0.0316642970647081,0,0.00914285693849836
1994,4,25,0.0671774744987488,2.27373675443232e-13,0.0422072060800929,0,0.00731428606169564
1994,4,26,0.491311609745026,-2.27373675443232e-13,0.269037796526391,0,0.00640000019754682
1994,4,27,0.158572778105736,0.0358381917208135,0.289103867967242,0,0.00502857140132359
1994,4,28,0.000477327906992286,0.0358702355911191,0.043654789460561,0.158605174329523,0.00502857140132359
1994,4,29,0.00346673117019236,3.403765413168e-05,0.00184704845105443,3.403765413168e-05,0.00457142846924918
1994,4,30,0.030038995668292,0,0.0156000428059997,0,0.00365714303084782
1994,5,1,0.0131764570251107,0,0.0250077223417975,0,0.00320000009877341
1994,5,2,0.0216087438166142,0,0.0181724105359535,0,0.00228571423462459
1994,5,3,5.68310785293579,0,2.84651796259004,2.27373675443232e-13,0.00228571423462459
1994,5,4,1.69395864009857,2.27373675443232e-13,3.70743157876132,-2.27373675443232e-13,0.00228571423462459
1994,5,5,0.00433854991570115,-2.27373675443232e-13,0.871029518577416,0,0.00182857151542391
1994,5,6,5.08842094859574e-05,0,0.00169550655391504,0,0.0013714285833495
1994,5,7,1.24565372061625e-06,0,2.8031284273311e-05,-2.27373675443232e-13,0.0013714285833495
1994,5,8,0.0479137115180492,0,0.0196036989464119,2.27373675443232e-13,0.0013714285833495
1994,5,9,0.00275154295377433,0,0.0214205935280916,0,0.000914285757711955
1994,5,10,0.0880942940711975,0,0.0417536366376226,0,0.000914285757711955
1994,5,11,0.0556394532322884,0,0.0703579273313153,0,0.000914285757711955
1994,5,12,0.939462661743164,0,0.487502828917968,0,0.000457142878855978
1994,5,13,0.709551870822907,-2.27373675443232e-13,0.849986053630346,-2.27373675443232e-13,0.000914285757711955
1994,5,14,0.0946594923734665,2.27373675443232e-13,0.41088931516515,2.27373675443232e-13,0.000457142878855978
1994,5,15,0.0276137664914131,0,0.0650524135653541,0,0
1994,5,16,0.506305754184723,0,0.266854963701917,2.27373675443232e-13,0
1994,5,17,0.490203410387039,0,0.498505730894976,-2.27373675443232e-13,0
1994,5,18,5.73172760009766,0,3.11101619275541,-2.27373675443232e-13,0
1994,5,19,12.8499507904053,0,9.29561805104004,2.27373675443232e-13,0
1994,5,20,6.8336296081543,0,9.82796525882532,0,0
1994,5,21,1.4197793006897,0,4.28496060539328,0,0
1994,5,22,2.29059219360352,0,1.73476600163576,0,0
1994,5,23,3.28518462181091,0,2.75156532936398,0,0
1994,5,24,2.57809615135193,0,2.9934302898173,2.27373675443232e-13,0
1994,5,25,2.33254218101501,0,2.45981186380232,-4.54747350886464e-13,0
1994,5,26,0.00475951796397567,0,1.22446382927956,2.27373675443232e-13,0
1994,5,27,0.00371252163313329,0,0.00420892413239926,0,0
1994,5,28,0.162596866488457,0,0.0961571812331385,0,0
1994,5,29,0.280989319086075,0,0.230732963354058,0,0
1994,5,30,0.841260194778442,0,0.585260518602809,0,0
1994,5,31,0.0827596113085747,-2.27373675443232e-13,0.471465677105698,-2.27373675443232e-13,0
1994,6,1,0.0213507879525423,2.27373675443232e-13,0.0540911745929407,2.27373675443232e-13,
1994,6,2,0.00636351853609085,0,0.0140978262779754,2.27373675443232e-13,
1994,6,3,0.0739022791385651,0,0.0430630938635659,0,
1994,6,4,0.525173902511597,0,0.303903625259409,-2.27373675443232e-13,
1994,6,5,2.07913637161255,0,1.30735247762186,0,
1994,6,6,1.46883118152618,0,1.78947070117465,0,
1994,6,7,0.246392071247101,0,0.869946683419585,0,
1994,6,8,2.04861187934876,0,1.13820760119415,0,
1994,6,9,5.3338828086853,2.27373675443232e-13,3.6730466962872,0,
1994,6,10,5.23950719833374,-2.27373675443232e-13,5.2875870695807,0,
1994,6,11,7.54234981536865,0,6.31452868659562,0,
1994,6,12,1.57296085357666,0,4.60032058095385,0,
1994,6,13,5.80755043029785,0,3.69271172599929,0,
1994,6,14,4.1478705406189,0,5.01110904567031,0,
1994,6,15,0.0888952985405922,0,2.14978739448907,0,
1994,6,16,0.0140777602791786,0,0.0543773058816441,0,
1994,6,17,0.00570561131462455,0,0.0100452485721689,0,
1994,6,18,0.672454059123993,0,0.346539951195155,0,
1994,6,19,2.6833074092865,0,1.66139773356008,0,
1994,6,20,1.98172211647034,0,2.33341394811032,0,
1994,6,21,1.34572076797485,0,1.62506940505864,-2.27373675443232e-13,
1994,6,22,1.69714105129242,0,1.49585635222593,2.27373675443232e-13,
1994,6,23,0.416368007659912,0,1.08618169710098,0,
1994,6,24,3.19210290908814,0,1.82375525435691,0,
1994,6,25,7.27850770950317,0,5.23683655161767,0,
1994,6,26,4.27082777023315,-2.27373675443232e-13,5.79455831677024,0,
1994,6,27,8.82248401641846,2.27373675443232e-13,6.50281086911946,0,
1994,6,28,3.25593733787537,0,6.09557531010614,0,
1994,6,29,1.29340243339539,0,2.30426909080961,0,
1994,6,30,0.799867033958435,0,1.06849689373939,0,
1994,7,1,0.302938342094421,0,0.601539803475134,0,
1994,7,2,0.000877632468473166,0,0.142192830263411,0,
1994,7,3,16.7746028900147,0,8.35738252264491,0,
1994,7,4,9.80111980438232,0,13.3609415846795,0,
1994,7,5,0.449472218751907,0,5.2339908335689,0,
1994,7,6,0.013440327718854,0,0.147964036642406,0,
1994,7,7,1.09022271633148,0,0.515224698877319,0,
1994,7,8,8.66584873199463,0,4.90353922203667,0,
1994,7,9,0.389148116111755,0,4.56231097483669,0,
1994,7,10,5.05979490280151,0,2.59580810404805,0,
1994,7,11,1.02727401256561,0,3.0741638154077,0,
1994,7,12,0.0785252153873444,0,0.67486996682328,-2.27373675443232e-13,
1994,7,13,10.1466827392578,0,5.06549603963958,2.27373675443232e-13,
1994,7,14,5.24553203582764,0,7.788934137865,0,
1994,7,15,5.6384916305542,0,5.37258921917146,0,
1994,7,16,8.83746910095215,0,7.20740974921955,0,
1994,7,17,1.47415459156036,0,5.03169015475396,0,
1994,7,18,4.63671016693115,0,2.92055281445118,0,
1994,7,19,5.36790132522583,0,4.91180945582073,0,
1994,7,20,4.97972917556763,0,5.20177964962477,0,
1994,7,21,5.95979118347168,0,5.47451217803609,0,
1994,7,22,1.40539121627808,0,3.70211286902577,0,
1994,7,23,3.61012053489685,0,2.58790404785304,0,
1994,7,24,0.050059087574482,0,1.94670340133325,0,
1994,7,25,0.0311796572059393,0,0.0404142800916816,0,
1994,7,26,0.0136884320527315,0,0.023740091430227,0,
1994,7,27,0.00870727468281984,0,0.0111453766940031,0,
1994,7,28,0.0164675712585449,0,0.0126927908531798,-2.27373675443232e-13,
1994,7,29,0.29296338558197,0,0.160602580373961,2.27373675443232e-13,
1994,7,30,1.54032492637634,0,0.902352227547453,0,
1994,7,31,0.0405351147055626,0,0.846545085839352,2.27373675443232e-13,
1994,8,1,0.00638317130506039,0,0.0243089228561075,0,
1994,8,2,5.4154691696167,0,2.72065969479263,-2.27373675443232e-13,
1994,8,3,3.26078820228577,0,4.29444201004935,0,
1994,8,4,0.0734837204217911,0,1.62245007027195,0,
1994,8,5,0.312665462493897,0,0.190972878707726,0,
1994,8,6,14.6782999038696,0,7.51682110720412,2.27373675443232e-13,
1994,8,7,8.69727230072022,0,11.8121738572936,-2.27373675443232e-13,
1994,8,8,0.268335849046707,2.27373675443232e-13,4.46089128580024,2.27373675443232e-13,
1994,8,9,0.000701187353115529,-2.27373675443232e-13,0.109828944752735,-2.27373675443232e-13,
1994,8,10,0.116552896797657,0,0.0525252208581151,0,
1994,8,11,2.48501324653626,0,1.23030914089577,0,
1994,8,12,2.18100428581238,0,2.30617571907442,0,
1994,8,13,0.625981450080872,0,1.55589878872979,0,
1994,8,14,0.0116596668958664,0,0.315328900902387,0,
1994,8,15,0.0296530518680811,0,0.0216582816747177,0,
1994,8,16,0.0503723062574863,0,0.0417999834726288,0,
1994,8,17,2.15545988082886,0,1.10451943414319,0,
1994,8,18,7.59326076507568,0,4.84853642098642,0,
1994,8,19,6.32457304000855,0,6.95159903764034,0,
1994,8,20,0.0681587979197502,0,3.12995235640756,0,
1994,8,21,0.0120108593255281,0,0.0416457723858912,0,
1994,8,22,2.6308765411377,0,1.22848891924241,0,
1994,8,23,3.38519263267517,0,3.00362677065459,0,
1994,8,24,5.01758527755737,0,3.97859117254029,0,
1994,8,25,3.09798407554626,0,4.01580926946554,0,
1994,8,26,4.40797805786133,2.27373675443232e-13,3.71249195268592,2.27373675443232e-13,
1994,8,27,2.63379454612732,-2.27373675443232e-13,3.718969294815,-2.27373675443232e-13,
1994,8,28,1.79723405838013,0,2.23774882859652,0,
1994,8,29,1.53163003921509,0,1.68933613965964,0,
1994,8,30,0.674339711666107,0,1.14111683645842,0,
1994,8,31,0.441401243209839,0,0.547004156852381,0,
1994,9,1,0.101859264075756,0,0.345267918416539,0,
1994,9,2,0.000234428967814893,0,0.0454161106463289,0,
1994,9,3,12.4160957336426,0,6.26123964339513,0,
1994,9,4,12.7660970687866,0,12.6238701915054,0,
1994,9,5,3.55090832710266,0,8.07279210884462,0,
1994,9,6,0.0854350626468658,0,1.89035150449035,0,
1994,9,7,0.228896334767342,0,0.166603088089687,0,
1994,9,8,0.118079952895641,0,0.197531885134595,0,
1994,9,9,0.0218117889016867,0,0.0795407793284539,0,
1994,9,10,0.4217669069767,0,0.205837908853937,0,
1994,9,11,11.7804956436157,0,6.04341421387653,0,
1994,9,12,6.40373134613037,0,9.06935145849729,0,
1994,9,13,0.287607640028,0,3.45809753156755,-2.27373675443232e-13,
1994,9,14,4.05261611938477,0,2.23174891414692,2.27373675443232e-13,
1994,9,15,7.97141742706299,0,5.95278920704368,0,
1994,9,16,7.56021928787231,0,7.7707585523267,0,
1994,9,17,0.000768831989262253,2.27373675443232e-13,3.77815589643797,0,
1994,9,18,0.0037676221691072,-2.27373675443232e-13,0.00225823874097841,0,
1994,9,19,0.073223203420639,0,0.0345057031026954,0,
1994,9,20,5.99691534042358,0,3.08303839631208,0,
1994,9,21,2.565758228302,0,4.1170710769793,0,
1994,9,22,0.019873408600688,0,1.38714475903635,0,
1994,9,23,0.00469471234828234,0,0.0128643519756224,0,
1994,9,24,0.00114178657531738,0,0.00299035109310353,0,
1994,9,25,0.000142514472827315,0,0.000740738613785652,0,
1994,9,26,0.0360090956091881,0,0.0190329977276633,0,
1994,9,27,0.3199223279953,0,0.147627176715105,0,
1994,9,28,0.0442327260971069,0,0.193489660674459,0,
1994,9,29,0.287268877029419,0,0.172340525890831,0,
1994,9,30,0.0631299316883087,0,0.164558745407703,0,
1994,10,1,0.000455094152130187,0,0.0295488415140426,0,
1994,10,2,0.0802710354328156,0,0.0408761391572625,0,
1994,10,3,6.24824476242065,0,3.190947247841,0,
1994,10,4,0.565207123756409,0,3.4938398656368,0,
1994,10,5,0.18157747387886,0,0.349899233205178,0,
1994,10,6,16.3470001220703,0,8.20221884168041,-2.27373675443232e-13,
1994,10,7,7.14553737640381,0,11.8067230696752,2.27373675443232e-13,
1994,10,8,1.5203709602356,0,4.42585046260137,0,
1994,10,9,0.0519498251378536,0,0.698691806332136,0,
1994,10,10,0.000309257389744744,0,0.0244907262385823,0,
1994,10,11,0.0295439008623362,0,0.0108697177565773,0,
1994,10,12,0.365673214197159,0,0.231663830184516,0,
1994,10,13,0.241172954440117,0,0.27749046765166,0,
1994,10,14,0.0563399009406567,0,0.162193100582044,0,
1994,10,15,2.49928331375122,0,1.26118040230722,0,
1994,10,16,9.15826320648193,0,5.81910178728504,0,
1994,10,17,7.27856636047363,0,8.20681818697995,0,
1994,10,18,6.60708236694336,0,6.93894000724049,0,
1994,10,19,2.07550764083862,0,4.35797695999372,0,
1994,10,20,0.0623414441943169,0,1.07732299093459,0,
1994,10,21,0.0687071830034256,0,0.0655940993428885,0,
1994,10,22,0.611504852771759,0,0.314035324396173,0,
1994,10,23,0.599640011787415,0,0.606614853358224,0,
1994,10,24,0.252639830112457,0,0.456945356304459,0,
1994,10,25,0.049775168299675,0.00164798743367101,0.133705013022336,0.00164798743367101,
1994,10,26,0.02095384337008,0.00137924189834848,0.033520398284054,0.00137924189834848,
1994,10,27,2.44592761993408,0,1.22832709828072,0,
1994,10,28,0.635241568088532,0,1.6266695857812,0,
1994,10,29,0.00016454778960906,0,0.316206123213306,0,
1994,10,30,0.014249368570745,0,0.00638338970748009,0,
1994,10,31,1.81644936674275e-05,6.23338337391033e-07,0.00793620237436699,6.23338337391033e-07,
1994,11,1,1.32451415061951,7.99568397269468e-07,0.570905839026636,7.99568397269468e-07,
1994,11,2,0.459410190582275,0,0.958955184827573,0,
1994,11,3,0.129514098167419,0.00328308709481462,0.324357873812005,0.00328308709481462,
1994,11,4,0.00280888611450791,0.00493158739550381,0.0613413011769808,0.00411697800154798,
1994,11,5,3.56555369762646e-06,0.000816044240764313,0.000590181505685905,0.00280523846231517,
1994,11,6,1.71020030975342,0.265220271950739,0.589886040110287,0.265220271950739,
1994,11,7,0.54848712682724,0.265219771344164,0.864125822043206,0.265219771344164,
1994,11,8,9.21721209579118e-07,0,0.238563394535049,0,
1994,11,9,2.90861657958885e-06,3.09380538965343e-08,1.75313834915869e-06,3.09382812702097e-08,
1994,11,10,0.0131299337372184,2.97536644211505e-08,0.00765064308779984,2.9753437047475e-08,
1994,11,11,0.459579467773438,0,0.224895968275632,0,
1994,11,12,10.932620048523,0,5.65749847863117,0,
1994,11,13,14.7127904891968,0,12.9148468271933,0,
1994,11,14,3.53957867622376,0,9.12986046854712,0,
1994,11,15,0.066903330385685,0,1.79806291825116,0,
1994,11,16,0.0466857179999352,0,0.0567724015609201,2.27373675443232e-13,
1994,11,17,9.69935321807861,0,4.73020719768647,-2.27373675443232e-13,
1994,11,18,7.42836904525757,2.69923116453538,5.86462890056191,0,
1994,11,19,0.0136699369177222,2.71350047879673,1.01775938637911,0,
1994,11,20,0.0324926115572453,0.0243130497055972,0,0,
1994,11,21,0.0244751460850239,0.0288141759779137,0,0,
1994,11,22,0.0412669591605663,0.0317371795340478,0,0,
1994,11,23,0.000530943390913308,0.017340464379231,0,0,
1994,11,24,0.0624650865793228,0.0328483476748715,0,0,
1994,11,25,0.00065898266620934,0.0343362016490119,0,0,
1994,11,26,0.470070332288742,0.227062992802985,0,0,
1994,11,27,0.847609519958496,0.675120768674333,0,0,
1994,11,28,0.0279751662164927,0.408414093069723,0,0,
1994,11,29,0.0032046134583652,0.0143307719542918,-9.09494701772928e-13,0,
1994,11,30,0.00387074379250407,0.00358457333777551,9.09494701772928e-13,0,
1994,12,1,0.152643740177155,0.0340910284594429,0.0456099983548484,0,
1994,12,2,2.03160786628723,0.551135355508677,0.513187271438255,0,
1994,12,3,6.46343231201172,3.75071400873412,0.484122516447314,0,
1994,12,4,3.19154524803162,4.84102585919118,0,0,
1994,12,5,0.00764401443302631,1.67805968327411,0,0,
1994,12,6,0.00252832914702594,0.00530790329321462,0,0,
1994,12,7,0.271523654460907,0.107729755024138,0,0,
1994,12,8,0.0937517508864403,0.192379369094169,0,0,
1994,12,9,0.185246229171753,0.13201001218863,-9.09494701772928e-13,0,
1994,12,10,0.020792942494154,0.0878081173398186,9.09494701772928e-13,0,
1994,12,11,0.0701848343014717,0.0417002969988971,0,0,
1994,12,12,0.0599213168025017,0.0654303518924735,0,0,
1994,12,13,0.228314861655235,0.130350121284437,0,0,
1994,12,14,0.163412466645241,0.183394081531333,0,0,
1994,12,15,1.29468846321106,0.653231125525508,0,0,
1994,12,16,0.214193239808083,0.831776532348385,0,0,
1994,12,17,0.166462972760201,0.192983404480174,0,0,
1994,12,18,0.000198061941773631,0.059073712529198,9.09494701772928e-13,0,
1994,12,19,0.00344016961753368,0.00252599901659778,-9.09494701772928e-13,0,
1994,12,20,0.00108860421460122,0.00225033125298069,2.93159064312931e-06,0,
1994,12,21,0.00167792814318091,0.00142126505829765,0.000129237555483996,0,
1994,12,22,0.00367382215335965,0.00199667023343864,0.000127984460959851,0,
1994,12,23,0.00525003951042891,0.00404846498031475,6.83708731230581e-06,0,
1994,12,24,0.0142622999846935,0.00835646775612986,0,0,
1994,12,25,0.0464430563151836,0.0238584090809582,0.00145892761611321,0,
1994,12,26,0.232119709253311,0.107820604571543,0.00268236045485537,0,
1994,12,27,0.224538624286652,0.224159534001501,5.81693911954062e-05,0,
1994,12,28,0.110683925449848,0.150395494352779,0,0,
1994,12,29,2.61059355735779,1.35122474914238,-9.09494701772928e-13,0,
1994,12,30,2.74381756782532,2.64059282459948,9.09494701772928e-13,0,
1994,12,31,0.216696813702583,1.43948722820505,0,0,
1995,1,1,0.383155524730682,0.301625512560804,0,0,
1995,1,2,0.305231511592865,0.349633545527695,0,0,
1995,1,3,0.228925496339798,0.290539253506267,0,0,
1995,1,4,0.035629503428936,0.144385770959616,0,0,
1995,1,5,0.0448217950761318,0.0395878390420421,0,0,
1995,1,6,0.0823479145765305,0.0671507247643604,0,0,
1995,1,7,1.08053052425385,0.573814256381638,0,0,
1995,1,8,0.433235049247742,0.743863961701209,0,0,
1995,1,9,0.242064878344536,0.287732364214207,0,0,
1995,1,10,0.403705418109894,0.355016538358541,0,0,
1995,1,11,0.253972947597504,0.325262011246878,0,0,
1995,1,12,0.622773051261902,0.427047881094495,0,0,
1995,1,13,1.36963605880737,0.922937100488525,0,0,
1995,1,14,0.108066827058792,0.840231406491512,0,0,
1995,1,15,0.869188606739044,0.623745037208437,0,0,
1995,1,16,2.09842324256897,1.61655275808039,0,0,
1995,1,17,5.17925500869751,3.50114412708717,0,0,
1995,1,18,5.60900115966797,5.50933057638349,0,0,
1995,1,19,0.472077935934067,3.19307843487195,0,0,
1995,1,20,0.749790906906128,0.676336667631404,0,0,
1995,1,21,0.563699722290039,0.643260787963982,0,0,
1995,1,22,0.00155237701255828,0.271737132886756,0,0,
1995,1,23,0.00125200336333364,0.00139592716141124,0,0,
1995,1,24,0.0347705148160458,0.0103232759322509,0,0,
1995,1,25,0.199334308505058,0.131440130294777,0,0,
1995,1,26,0.0322102271020412,0.101398486037169,0,0,
1995,1,27,0.0187665540724993,0.0268851155492484,0,0,
1995,1,28,0.51186615228653,0.129496875247469,0,0,
1995,1,29,0.544426918029785,0.501637383687921,0,0,
1995,1,30,0.00120269868057221,0.310521889505253,0,0,
1995,1,31,5.10166501998901,2.44057278654873,0.0272849834409499,0,
1995,2,1,0.0268533155322075,2.61373917272658,0.0290199374458098,0,
1995,2,2,0.196648925542831,0.15009640909193,0,0,
1995,2,3,0.424238950014114,0.322547745581005,0,0,
1995,2,4,0.0184549689292908,0.276031767302811,0,0,
1995,2,5,0.246006995439529,0.0715044508986011,0,0,
1995,2,6,0.440086603164673,0.339043903441734,0,0,
1995,2,7,0.248297691345215,0.32519807834592,0,0,
1995,2,8,0.475308924913406,0.341158120827458,0,0,
1995,2,9,6.28073596954346,3.51421941890021,0,2.27373675443232e-13,
1995,2,10,5.6921272277832,5.79697703374518,0,-2.27373675443232e-13,
1995,2,11,0.215758249163628,3.15602747741195,0,0,
1995,2,12,0.12183803319931,0.153997423883766,0,0,
1995,2,13,0.0261923503130674,0.0816824117500801,0,0,
1995,2,14,2.98224186897278,1.69168795323731,0,0,
1995,2,15,3.96306109428406,3.73376806366696,0,0,
1995,2,16,1.00461006164551,2.58888810082112,0,0,
1995,2,17,1.19723451137543,1.0854032322643,0,0,
1995,2,18,0.00265901628881693,0.679889191997972,0,0,
1995,2,19,0.35623437166214,0.201511962643281,0,0,
1995,2,20,0.199406296014786,0.297632829099257,0,0,
1995,2,21,0.0122314859181643,0.163625423084568,0,0,
1995,2,22,0.0344294421374798,0.0367782264574998,0,0,
1995,2,23,0.04421167075634,0.0373703046518585,0,0,
1995,2,24,0.0902502834796906,0.0702266227949622,0,0,
1995,2,25,2.0701003074646,0.829896719933458,0,0,
1995,2,26,3.15350723266602,2.36899810620434,0,0,
1995,2,27,0.02482501976192,1.8913448059177,0,0,
1995,2,28,0.0102015063166618,0.0197085907077508,0,0,
1995,3,1,0.0569388307631016,0.0172054009017302,0,0,0
1995,3,2,0.575029671192169,0.238688137332019,0,0,0
1995,3,3,0.465336203575134,0.530046090643964,0,0,0
1995,3,4,0.0485208667814732,0.37938364993056,0,0,0
1995,3,5,1.45179057121277,0.83834422953305,0,0,0
1995,3,6,2.89847946166992,2.01437970488928,0,-2.27373675443232e-13,0
1995,3,7,0.995301485061646,2.21749396003884,-9.09494701772928e-13,0,0
1995,3,8,0.0160164479166269,0.295302272666959,9.09494701772928e-13,2.27373675443232e-13,0
1995,3,9,0.0103444289416075,0.0121673461057981,0,0,0
1995,3,10,0.0626558065414429,0.0364095534507669,0,0,0
1995,3,11,0.070295974612236,0.0551873761041861,0.00953745355491264,0,0
1995,3,12,0.233516708016396,0.0185007281422713,0.133139292956912,13.1762479716895,0.00457142846924918
1995,3,13,0.0703280940651894,0,0.152171132782314,31.9821727812546,0.140342862265451
1995,3,14,0.00716222589835525,0,0.038837014805722,28.2978389852822,1.30742852347238
1995,3,15,0.293773651123047,0.075396531441811,0.0750322257435983,9.45001454543353,3.20914284842355
1995,3,16,1.94763493537903,0.355355502493921,0.765686071558775,0.779803670374577,3.81257149832589
1995,3,17,0.222545593976974,0.279855177024501,0.805235734996131,14.2913548889292,4.70857151576451
1995,3,18,0.418155372142792,2.27373675443232e-13,0.320343151268389,0,6.71999991280692
1995,3,19,0.953843772411346,-2.27373675443232e-13,0.678079970227373,0,6.62857142857143
1995,3,20,0.268942266702652,0.0189073052640651,0.617026531261217,0.0189073052640651,4.93714294433594
1995,3,21,0.114560730755329,0.0208678874651014,0.172782590580027,0.0208678874651014,5.66857125418527
1995,3,22,0.74309366941452,2.27373675443232e-13,0.390763024875923,0,5.53142874581473
1995,3,23,1.22613084316254,-2.27373675443232e-13,0.998132230624833,0,4.8
1995,3,24,0.273728221654892,0,0.736154479907782,0,3.58400006975446
1995,3,25,1.71539056301117,2.27373675443232e-13,1.03243074237071,0,3.00799996512277
1995,3,26,10.1924161911011,-2.27373675443232e-13,6.01667160700799,0,2.78857138497489
1995,3,27,7.01569032669067,0,8.43620642229053,0,3.2
1995,3,28,0.249190032482147,0.00508260737342425,3.67243569571565,0.00508260737342425,2.85714285714286
1995,3,29,0.0591440908610821,0.0219143279903165,0.132254655122779,0.00515134622560254,2.40457153320312
1995,3,30,0.681916117668152,0.307724496481342,0.0627425367529213,0,2.1394284929548
1995,3,31,0.971710860729218,0.480462103802893,0.344684392555791,0,1.85142865862165
1995,4,1,0.545365393161774,0.273037187937462,0.485499619993789,0.31856963529367,1.68685716901507
1995,4,2,0.889056384563446,0.0847967880849865,0.632369108396233,1.56203780791861,1.37142857142857
1995,4,3,1.21776628494263,0.60888082337101,0.444529885387965,0,0.914285714285714
1995,4,4,1.37091505527496,1.29113510479806,0,0,0.594285692487444
1995,4,5,2.16602730751038,1.76355427847352,0,0,0.291200011117118
1995,4,6,0.335721224546433,1.23593255633318,0,0,0.201600006648472
1995,4,7,0.0321266353130341,0.181565919133845,0,0,0.190628569466727
1995,4,8,0,0.0135370194218467,0,0,0.197485719408308
1995,4,9,1.2272498679522e-05,7.37453615329287e-06,0,-2.27373675443232e-13,0.186971432822091
1995,4,10,0.000673021713737398,0.000151250714225171,0.000236422697525995,2.27373675443232e-13,0.137599999564035
1995,4,11,0.093879222869873,0.000128445183918302,0.0471476650845943,5.09533875402553,0.0941714286804199
1995,4,12,0.0117950094863772,0,0.0529158082563299,2.27373675443232e-13,0.071314287185669
1995,4,13,0.000256135390372947,0,0.00603347144078725,-2.27373675443232e-13,0.0690285682678223
1995,4,14,0.00608516065403819,0,0.0031816749878999,0,0.0676571437290737
1995,4,15,0.11734326928854,0,0.0562217889537351,0,0.0662857123783657
1995,4,16,0.284281939268112,0,0.188258441291509,0,0.064914287839617
1995,4,17,0.135627791285515,0,0.217189714509914,0,0.0630857127053397
1995,4,18,0.0992782115936279,0,0.120549212933838,0,0.0612571443830218
1995,4,19,0.00466222362592816,0,0.0442803786372679,2.27373675443232e-13,0.0589714254651751
1995,4,20,6.31746879662387e-05,0,0.00224089135008398,-2.27373675443232e-13,0.0566857133592878
1995,4,21,2.48612741415855e-05,0,4.5838803089282e-05,0,0.0548571416309902
1995,4,22,0.409722477197647,0,0.242180491829458,0,0.0530285699026925
1995,4,23,0.807196259498596,0,0.623927802553226,0,0.0512000015803746
1995,4,24,0.00242382986471057,0,0.443165578417393,0,0.0493714298520769
1995,4,25,0.0149443112313747,2.27373675443232e-13,0.00959306838740304,2.27373675443232e-13,0.0443428584507534
1995,4,26,0.329265534877777,-2.27373675443232e-13,0.173916875393843,-2.27373675443232e-13,0.0406857149941581
1995,4,27,0.567088544368744,0,0.466988775435311,0,0.0370285715375628
1995,4,28,0.283642262220383,0,0.413332766690473,2.27373675443232e-13,0.0347428560256958
1995,4,29,0.0341590344905853,0,0.159967913592482,0,0.0324571439198085
1995,4,30,0.0382173284888268,0,0.0365175412098324,-2.27373675443232e-13,0.0297142846243722
1995,5,1,0.0312586463987827,0,0.0351320736108391,2.27373675443232e-13,0.0269714287349156
1995,5,2,2.25862884521484,0,1.14871151158513,-2.27373675443232e-13,0.0411428587777274
1995,5,3,1.66080749034882,0,1.99818120173404,-2.27373675443232e-13,0.041599999155317
1995,5,4,1.94896948337555,0,1.82473204629423,2.27373675443232e-13,0.0265142849513463
1995,5,5,0.697751343250275,0,1.31103315318614,0,0.0233142852783203
1995,5,6,1.55278408527374,0,1.06536072693962,0,0.025142857006618
1995,5,7,1.14147543907166,0,1.32381865922162,0,0.0507428577968052
1995,5,8,0.352437168359756,0,0.784753633783112,0,0.0525714295251029
1995,5,9,1.42054235935211,0,0.886298993646051,0,0.0525714295251029
1995,5,10,0.390233784914017,0,0.925536125642793,0,0.0452571426119123
1995,5,11,2.46983575820923,-2.27373675443232e-13,1.40569446660174,-2.27373675443232e-13,0.0315428563526699
1995,5,12,5.73584413528442,2.27373675443232e-13,4.09044483114485,2.27373675443232e-13,0.0283428566796439
1995,5,13,9.14996910095215,0,7.48003715053164,0,0.0301714284079415
1995,5,14,0.0735506117343903,0,4.55936662919521,0,0.0329142842973982
1995,5,15,1.0235847234726,2.27373675443232e-13,0.565685004305124,0,0.0306285721915109
1995,5,16,0.847560405731201,-2.27373675443232e-13,0.95801475818007,0,0.0329142842973982
1995,5,17,0.033064678311348,0,0.457023479557392,0,0.0301714284079415
1995,5,18,0.0434100143611431,0,0.0375793176763182,0,0.0283428566796439
1995,5,19,0.842573285102844,0,0.4386505182365,0,0.0256000007901873
1995,5,20,0.301259011030197,0,0.57916194583413,0,0.0242285711424691
1995,5,21,5.37566184997559,0,2.84302727938757,0,0.0233142852783203
1995,5,22,2.20260000228882,0,3.69717810324892,0,0.0242285711424691
1995,5,23,0.143022045493126,0,1.20791680401726,0,0.0237714290618897
1995,5,24,0.0675166547298431,2.27373675443232e-13,0.1097719306008,2.27373675443232e-13,0.0237714290618897
1995,5,25,0.0520958676934242,-2.27373675443232e-13,0.0615349972267723,-2.27373675443232e-13,0.0223999994141715
1995,5,26,0.162950068712235,0,0.132334286106925,0,0.0214857135500227
1995,5,27,0.290850251913071,0,0.229323234170806,0,0.0256000007901873
1995,5,28,0.103296980261803,0,0.202496849384261,0,0.0233142852783203
1995,5,29,2.41305599502084e-07,0,0.0572095364323104,0,0.0201142856052944
1995,5,30,0.00240063201636076,0,0.000996398284769384,0,0.0187428576605661
1995,5,31,0.000425229460233822,0,0.001289056584028,0,0.0173714280128479
1995,6,1,0.0796633511781693,0,0.0374845813830689,0,
1995,6,2,3.07873725891113,0,1.57246230988494,0,
1995,6,3,0.857322871685028,0,1.98609886919894,0,
1995,6,4,0.101346150040627,0,0.479532257530991,0,
1995,6,5,0.0324040614068508,0,0.0644443478258836,-2.27373675443232e-13,
1995,6,6,3.88562083244324,0,1.95233291085242,0,
1995,6,7,2.6393666267395,0,3.27775220820604,2.27373675443232e-13,
1995,6,8,0.00712404446676374,2.27373675443232e-13,1.34925149995343,0,
1995,6,9,0.00182656466495246,-2.27373675443232e-13,0.00429080939557025,0,
1995,6,10,8.32356527098455e-05,0,0.000894025808520382,0,
1995,6,11,0.00301838060840964,0,0.00167656290886953,0,
1995,6,12,4.43833370056268e-09,0,0.0017091588670155,0,
1995,6,13,0.0264098588377237,0,0.0126805351228541,0,
1995,6,14,0.537486374378204,0,0.283005395826876,0,
1995,6,15,0.0144353434443474,0,0.281059396455021,0,
1995,6,16,0,0,0.00803419810745254,0,
1995,6,17,0.00157482037320733,0,0.000795455440311343,0,
1995,6,18,0.424481570720673,0,0.215527807608851,0,
1995,6,19,0.0224180277436972,0,0.227189637564152,0,
1995,6,20,3.07868647575378,2.27373675443232e-13,1.55220900195309,0,
1995,6,21,3.51178669929504,-2.27373675443232e-13,3.29979801677837,0,
1995,6,22,1.23494434356689,0,2.38169609239412,0,
1995,6,23,2.15711665153503,0,1.6881559342919,0,
1995,6,24,5.55841445922852,0,3.86841914659726,0,
1995,6,25,0.116328150033951,0,2.86546951654145,0,
1995,6,26,0.396990180015564,0,0.250356748466402,0,
1995,6,27,4.3500714302063,0,2.33393505418826,0,
1995,6,28,1.62064683437347,0,2.94459736173576,0,
1995,6,29,3.00504779815674,0,2.28884232987912,0,
1995,6,30,1.42333030700684,0,2.21496049577127,0,
1995,7,1,0.116987876594067,0,0.82207625609135,0,
1995,7,2,0.711223304271698,0,0.402411049594775,0,
1995,7,3,0.359136492013931,0,0.545908173024145,0,
1995,7,4,2.78491520881653,0,1.53646522310191,0,
1995,7,5,21.9586429595947,0,12.3735595434919,0,
1995,7,6,8.88926887512207,0,15.497764877281,0,
1995,7,7,7.42625379562378,0,8.40526420292372,0,
1995,7,8,3.5131094455719,0,5.61794185541748,0,
1995,7,9,0.505181789398193,0,2.10719608107775,2.27373675443232e-13,
1995,7,10,1.36338412761688,0,0.721503750135526,-2.27373675443232e-13,
1995,7,11,0.567674517631531,0,1.16547930988418,0,
1995,7,12,1.44130408763886,0,1.09615860907707,0,
1995,7,13,3.1343367099762,0,2.31794478516167,0,
1995,7,14,0.372031986713409,0,1.69017146678834,0,
1995,7,15,3.74025058746338,0,2.0335919839381,0,
1995,7,16,14.9649925231934,0,9.42063454869731,0,
1995,7,17,9.76217746734619,0,12.4378376697696,0,
1995,7,18,2.37095046043396,0,5.98555841556299,0,
1995,7,19,5.44889354705811,0,3.84919358935258,0,
1995,7,20,0.744617164134979,0,2.99563567587302,0,
1995,7,21,2.0823986530304,0,1.37806677371191,0,
1995,7,22,1.95938861370087,-2.27373675443232e-13,2.02420429649374,0,
1995,7,23,1.62542903423309,2.27373675443232e-13,1.78898878178188,0,
1995,7,24,1.26387453079224,2.27373675443232e-13,1.34105809930134,0,
1995,7,25,0.00211118534207344,-2.27373675443232e-13,0.859249424653171,0,
1995,7,26,0.326664954423904,0,0.151624959326,0,
1995,7,27,0.113950937986374,0,0.207051405662241,-2.27373675443232e-13,
1995,7,28,0.0215983837842941,0,0.0642690467157081,2.27373675443232e-13,
1995,7,29,0.226874381303787,0,0.122956954465735,0,
1995,7,30,0.0060987533070147,0,0.126112329569878,0,
1995,7,31,0.0295577868819237,0,0.0172129539323578,0,
1995,8,1,0.0467236042022705,0,0.0396371061733589,0,
1995,8,2,1.61707496643066,0,0.811039192086355,0,
1995,8,3,11.030463218689,0,6.30805641384814,0,
1995,8,4,4.91897808387876e-05,0,5.49443314218934,0,
1995,8,5,2.40495301113697e-05,0,3.60325220754021e-05,0,
1995,8,6,0.0139537807554007,0,0.00620444361993577,0,
1995,8,7,0.14599721133709,0,0.096614296982807,0,
1995,8,8,0.759994864463806,0,0.437760455161879,0,
1995,8,9,0.0763972476124764,0,0.424902867819583,0,
1995,8,10,0.00080169748980552,0,0.0385908215703239,0,
1995,8,11,0.0112987840548158,0,0.00617824905384623,0,
1995,8,12,0.0571886338293552,0,0.0313054982252652,0,
1995,8,13,6.32860040664673,0,3.18433663604719,2.27373675443232e-13,
1995,8,14,2.55019593238831,0,4.46389581427502,-2.27373675443232e-13,
1995,8,15,0.017932491376996,0,1.3177813489292,0,
1995,8,16,0.00152832397725433,0,0.00920005094030785,0,
1995,8,17,5.04632377624512,0,2.51773812893953,0,
1995,8,18,37.7449760437012,0,21.4257356172338,0,
1995,8,19,17.3892765045166,0,27.5705620955705,0,
1995,8,20,0.143864721059799,0,8.90374837557647,0,
1995,8,21,0.872342348098755,0,0.50702753324731,0,
1995,8,22,6.00281000137329,0,3.54402956710965,0,
1995,8,23,0.156006544828415,0,3.1906982808805,-2.27373675443232e-13,
1995,8,24,0.817281126976013,0,0.457708974529851,2.27373675443232e-13,
1995,8,25,0.147868260741234,0,0.48345536272609,0,
1995,8,26,0.038702204823494,0,0.0858989737580487,0,
1995,8,27,3.33958697319031,0,1.67300382763733,0,
1995,8,28,2.08341598510742,2.27373675443232e-13,2.77106541723606,2.27373675443232e-13,
1995,8,29,2.35703730583191,-2.27373675443232e-13,2.19673654854432,-2.27373675443232e-13,
1995,8,30,2.17201495170593,0,2.27979281756961,0,
1995,8,31,0.0732688084244728,0,1.18576763324108,0,
1995,9,1,0.00517383217811585,-2.27373675443232e-13,0.0370971457805354,0,
1995,9,2,6.07027322985232e-05,2.27373675443232e-13,0.00236030620726524,0,
1995,9,3,1.05586969852448,0,0.56024763249934,0,
1995,9,4,0.682683765888214,0,0.90719872479076,0,
1995,9,5,25.2952499389648,0,12.9833339740462,0,
1995,9,6,23.3100166320801,0,24.404733434495,0,
1995,9,7,3.21469140052795,0,13.2627088734689,0,
1995,9,8,0,0,1.58423225144998,0,
1995,9,9,0,0,0,0,
1995,9,10,1.61451714575378e-06,0,8.43126144900452e-07,0,
1995,9,11,0.0368850640952587,0,0.0187842175664628,-2.27373675443232e-13,
1995,9,12,0.00906200241297483,0,0.0235928883721499,2.27373675443232e-13,
1995,9,13,0.06057258695364,0,0.037759679778901,-2.27373675443232e-13,
1995,9,14,0.00202312576584518,0,0.028206430723003,4.54747350886464e-13,
1995,9,15,0.0629342049360275,0,0.0340476473293165,-2.27373675443232e-13,
1995,9,16,0.0369898974895477,0,0.050856252291851,0,
1995,9,17,0.0284007713198662,0,0.0334636404195408,0,
1995,9,18,2.67699122428894,0,1.31379382689465,0,
1995,9,19,2.19877743721008,0,2.42882862821625,0,
1995,9,20,1.04713094234467,0,1.70692107637115,-2.27373675443232e-13,
1995,9,21,0.507357895374298,2.27373675443232e-13,0.752787522454128,4.54747350886464e-13,
1995,9,22,0.0455772653222084,-2.27373675443232e-13,0.311874442098997,-2.27373675443232e-13,
1995,9,23,8.32340901979478e-06,0,0.0189049231885292,0,
1995,9,24,0.00245938473381102,0,0.00145279490516259,0,
1995,9,25,0.00148480280768126,-2.27373675443232e-13,0.00193293483880552,0,
1995,9,26,0.000733182183466852,2.27373675443232e-13,0.00113209776918666,0,
1995,9,27,1.59354031085968,0,0.760100475317813,0,
1995,9,28,1.78106319904327,0,1.69215443078701,0,
1995,9,29,0.966012001037598,0,1.32989355345126,0,
1995,9,30,0.129695788025856,0,0.581693833098143,0,
1995,10,1,0.00146180798765272,0,0.062884013992516,0,
1995,10,2,8.28458118438721,0,4.16627041743504,0,
1995,10,3,7.44245624542236,0,7.86595885491443,0,
1995,10,4,0.949313223361969,0,4.16961373068807,-2.27373675443232e-13,
1995,10,5,1.34416913986206,0,1.13236315571066,2.27373675443232e-13,
1995,10,6,0.256356030702591,0,0.861029836138187,0,
1995,10,7,0.010998004116118,0,0.111076618264633,0,
1995,10,8,0.0125896716490388,0,0.0119860314289326,0,
1995,10,9,0.0198984257876873,0,0.0164405265286405,-2.27373675443232e-13,
1995,10,10,0.00860764086246491,2.27373675443232e-13,0.0145723358700707,4.54747350886464e-13,
1995,10,11,0.000966891413554549,-2.27373675443232e-13,0.00543243924312264,-2.27373675443232e-13,
1995,10,12,0.104100927710533,0,0.0560643215885648,0,
1995,10,13,3.10083103179932,0,1.58631501908712,0,
1995,10,14,1.51844084262848,2.27373675443232e-13,2.27915759129064,2.27373675443232e-13,
1995,10,15,0.0146472994238138,-2.27373675443232e-13,0.852191972029686,-2.27373675443232e-13,
1995,10,16,0.0151983294636011,0,0.0149620176871395,0,
1995,10,17,0.0586349703371525,0,0.0413883304099727,0,
1995,10,18,6.19109106063843,0,3.13644651458162,-2.27373675443232e-13,
1995,10,19,5.22321224212647,0,5.74996838344487,2.27373675443232e-13,
1995,10,20,1.12097024917603,0,3.10933580176788,0,
1995,10,21,0.0139022003859282,0.0028920649963311,0.564571940442875,0,
1995,10,22,0.000100811455922667,0.00289300822964833,0.00410850182379363,0.0139009052631991,
1995,10,23,0.00170709111262113,1.01165892374411e-06,0.000685792399053753,1.01165892374411e-06,
1995,10,24,3.8771890103817e-05,2.27373675443232e-13,0.000884023787875776,2.27373675443232e-13,
1995,10,25,0.0142409252002835,-2.27373675443232e-13,0.00436382931457047,-2.27373675443232e-13,
1995,10,26,0.166769564151764,0,0.113189615011834,0,
1995,10,27,0.213543340563774,0,0.201569736143938,0,
1995,10,28,3.3032648563385,0,1.71508565457589,0,
1995,10,29,0.472893416881561,0.0292323803430463,1.92613424253614,0.0292323803428189,
1995,10,30,0.0293552968651056,0.039290584836408,0.211828442396836,0.0306909319906481,
1995,10,31,1.31496489048004,0.276270024105543,0.395824912133321,0,
1995,11,1,10.040828704834,1.04373528282372,4.6341601363456,2.12029575508041,
1995,11,2,5.70459842681885,3.0273847844071,4.84533009422739,0.776039072185313,
1995,11,3,1.54639291763306,3.02074694788644,0.599408610149112,0,
1995,11,4,0.0497108474373817,0.823254810106391,0,0,
1995,11,5,0.139281585812569,0.102442491142028,0,0,
1995,11,6,0.024582264944911,0.103726287919017,0,0,
1995,11,7,0.0792549327015877,0.0492310141114558,0,0,
1995,11,8,1.25237786769867,0.660548797431829,0,0,
1995,11,9,5.43293428421021,3.36736430707742,0,-2.27373675443232e-13,
1995,11,10,2.29195666313171,3.8340083502012,0,2.27373675443232e-13,
1995,11,11,0.0341983623802662,1.22264487214125,0,0,
1995,11,12,0.06019127368927,0.0540145906434191,0,0,
1995,11,13,0.361325085163116,0.147225378668509,0,0,
1995,11,14,0.0788783431053162,0.28779932398561,9.09494701772928e-13,0,
1995,11,15,0.101040177047253,0.088692929720537,-9.09494701772928e-13,0,
1995,11,16,1.74735128879547,0.926566800793353,0,2.27373675443232e-13,
1995,11,17,1.4765317440033,1.67465175385883,0,-2.27373675443232e-13,
1995,11,18,0.00800878088921309,0.815327969561395,0.000414472815464251,0,
1995,11,19,0.27719259262085,0.0255867751147889,0.117013934644092,3.29533989343281,
1995,11,20,0.634606063365936,0.267210136498534,0.188168190172291,3.30494655711823,
1995,11,21,0.190909922122955,0.341261491193791,0.0714818289898176,0,
1995,11,22,0.16267229616642,0.176059625289327,9.09494701772928e-13,0,
1995,11,23,0.86453503370285,0.448607205396456,-9.09494701772928e-13,0,
1995,11,24,3.66547608375549,2.24102660139806,0,0,
1995,11,25,3.0281388759613,3.32018274194638,0,0,
1995,11,26,0.993779718875885,2.09720980685233,0,0,
1995,11,27,0.0532218441367149,0.579806333966417,0,0,
1995,11,28,0.749324798583984,0.440047378205009,-9.09494701772928e-13,0,
1995,11,29,4.45176458358765,2.54607765624883,9.09494701772928e-13,0,
1995,11,30,2.2508556842804,3.27613278734566,0,0,
1995,12,1,4.15003204345703,3.07831051219955,0,0,
1995,12,2,1.50711417198181,2.83031233101519,-9.09494701772928e-13,0,
1995,12,3,0.0759312063455582,0.799155636624391,9.09494701772928e-13,0,
1995,12,4,1.43080306053162,0.672167404903576,0,0,
1995,12,5,0.193206191062927,0.906605471399416,0,0,
1995,12,6,0.322273254394531,0.222007129828853,0,0,
1995,12,7,2.66148018836975,1.3091149706022,0,2.27373675443232e-13,
1995,12,8,4.31667995452881,3.54336128980572,0,-2.27373675443232e-13,
1995,12,9,1.13217091560364,2.84139579686917,0,0,
1995,12,10,0.000213339284528047,0.634420138712812,9.09494701772928e-13,2.27373675443232e-13,
1995,12,11,0.130386203527451,0.105232123093629,-9.09494701772928e-13,-4.54747350886464e-13,
1995,12,12,1.59174311161041,0.941155058896129,0,2.27373675443232e-13,
1995,12,13,5.47501945495606,3.35043698438835,9.09494701772928e-13,2.27373675443232e-13,
1995,12,14,2.89091992378235,4.07918226836091,0,-2.27373675443232e-13,
1995,12,15,0.125373989343643,1.61013199492209,-9.09494701772928e-13,0,
1995,12,16,0.0862894654273987,0.10629207704892,0,0,
1995,12,17,0.845719993114471,0.429138489431352,0,0,
1995,12,18,0.548850119113922,0.703142064334998,0,0,
1995,12,19,0.120083890855312,0.418454220283593,0,0,
1995,12,20,0.016435669735074,0.113015247862904,0,0,
1995,12,21,0.0153115252032876,0.025107523327506,0,0,
1995,12,22,0.057075746357441,0.0380368556798203,0,0,
1995,12,23,0.0326551906764507,0.048354137808019,0,0,
1995,12,24,0.165759339928627,0.060648457041907,0,0,
1995,12,25,0.0580082833766937,0.098880206938702,0,0,
1995,12,26,0.083488404750824,0.0719957690337196,0,0,
1995,12,27,0.0677904486656189,0.0778146129227935,0,0,
1995,12,28,0.00381971755996346,0.0544436678130751,0,0,
1995,12,29,0.0951553955674171,0.0578312734905921,0,0,
1995,12,30,0.373968601226807,0.255470388759022,0,0,
1995,12,31,0.974533259868622,0.672221132733057,0,0,
1996,1,1,1.43098759651184,1.18602533142848,0,0,
1996,1,2,0.133739486336708,0.68246455589906,0,0,
1996,1,3,0.523416519165039,0.197717840670748,0,0,
1996,1,4,0.0736724957823753,0.275092532355984,0,0,
1996,1,5,0.00498523004353046,0.0364907329428661,0,0,
1996,1,6,0.0414556711912155,0.0171159652973074,0,0,
1996,1,7,0.613252818584442,0.416010084931258,0,0,
1996,1,8,2.31747722625732,1.41524425500688,0,0,
1996,1,9,0.882800877094269,1.74748359326009,0,0,
1996,1,10,0.349247604608536,0.570388178639178,0,0,
1996,1,11,0.104012086987495,0.252222199721473,0,0,
1996,1,12,0.0398065261542797,0.0849993461040413,0.00524500661776983,0,
1996,1,13,0.239593684673309,0.149560314261407,0.00832352969064232,0,
1996,1,14,0.256682306528091,0.250540177603625,0,0,
1996,1,15,4.47185039520264,2.18015301719061,0,0,
1996,1,16,6.563148021698,5.46991963380197,0,2.27373675443232e-13,
1996,1,17,4.93470525741577,5.95024314943453,0,-2.27373675443232e-13,
1996,1,18,3.19449639320374,4.35174521317481,0,0,
1996,1,19,0.0216125659644604,1.45923610949239,0,0,
1996,1,20,0.214720115065575,0.0995278278955993,0,0,
1996,1,21,0.186695322394371,0.20702375242513,0,0,
1996,1,22,0.241483464837074,0.216055005084172,0,0,
1996,1,23,0.00561957992613316,0.173420685293877,0,0,
1996,1,24,0.00367229618132114,0.0112046697754522,0,0,
1996,1,25,0.0340226367115974,0.0142080668113067,0,0,
1996,1,26,0.0079946368932724,0.0175886800307126,0,0,
1996,1,27,0.0359132923185825,0.0118789900982392,0,0,
1996,1,28,1.21579885482788,0.479322775975334,0,0,
1996,1,29,1.5539687871933,1.37837287927346,0,0,
1996,1,30,0.000613612472079694,0.734915870829354,0,0,
1996,1,31,0.00116744241677225,0.000986511323390005,0,0,
1996,2,1,0.000226511256187223,0.000901524588471148,0,0,
1996,2,2,3.11986127599084e-06,0.000171270228292997,0,0,
1996,2,3,0.000541897199582309,0.000448888441724193,0,0,
1996,2,4,0,0.000398967114279003,0,0,
1996,2,5,0.039691761136055,0.00506851538352748,0,0,
1996,2,6,0.0445341132581234,0.0364699348367594,0,0,
1996,2,7,0.364322870969772,0.132282026067969,0.0464238795148049,0,
1996,2,8,0.163520529866219,0.234461719958972,0.0875820172923341,0,
1996,2,9,5.06960201263428,2.94644359034783,0.00716142151759414,0,
1996,2,10,3.86473250389099,4.54948151431927,0.219041645189463,0,
1996,2,11,0.965517580509186,1.96205057652128,0.421248927743363,-2.27373675443232e-13,
1996,2,12,0.158085703849792,0.653193785212807,9.09494701772928e-13,2.27373675443232e-13,
1996,2,13,0.187905132770538,0.170601473891793,0,0,
1996,2,14,0.438183516263962,0.248920984481174,0,0,
1996,2,15,0.134610801935196,0.26469917571535,0,0,
1996,2,16,1.06680023670197,0.565725517731835,0,0,
1996,2,17,0.236702993512154,0.781889099352839,0,0,
1996,2,18,0.463686406612396,0.300007420083603,0,0,
1996,2,19,0.437822461128235,0.45118643029582,0,0,
1996,2,20,0.00736167980358005,0.262677158030556,0,0,
1996,2,21,0.143423721194267,0.11012242146171,0,0,
1996,2,22,4.76575803756714,2.17516915727742,0,0,
1996,2,23,5.45442342758179,4.19257527313516,0.889203010999154,0,
1996,2,24,0.326757252216339,2.01315088020442,1.02440537274833,0,
1996,2,25,0.00030906341271475,0.181624549698881,0,0,
1996,2,26,0.0633560568094254,0.0239611907934432,0,0,
1996,2,27,1.04932057857513,0.689245829755464,0,0,
1996,2,28,0.239567682147026,0.618591141756724,0,0,
1996,2,29,0.0369372144341469,0.179648689231499,0,0,
1996,3,1,0.305743426084518,0.082880308826816,0,0,0
1996,3,2,0.0442957170307636,0.177828914408792,0,0,0
1996,3,3,0.00133859075140208,0.0321875905672187,0,0,0
1996,3,4,0.00231903023086488,0.00312223754644947,0,0,0
1996,3,5,0.000858544430229813,0.00295613209527801,0,0,0
1996,3,6,0.0362231321632862,0.0279271464328303,0,0,0
1996,3,7,0.000536631385330111,0.0296224347778207,0,0,0
1996,3,8,0.0018262155354023,0.00381922421274794,0,0,0
1996,3,9,0.00115152774378657,0.00159711566652732,0,0,0
1996,3,10,0.0497229620814323,0.0207432715897085,0,0,0
1996,3,11,0.0021442451979965,0.0150211369484623,0,0,0
1996,3,12,0.0148191871121526,0.00341302640845242,0.00506858583230496,0.21974936799279,0
1996,3,13,0.0379986725747585,0.00695236106798802,0.0194545643762467,1.8741608752066,0
1996,3,14,0.356674700975418,0.154021066415226,0.0434068521608424,1.65370866199191,0
1996,3,15,0.459008634090424,0.318581048984697,0.068612078901424,0,0
1996,3,16,1.2620792388916,0.380248017799886,0.480295980129995,0.277390515994739,0
1996,3,17,1.45681655406952,0.925646866910483,0.433751249915986,0.277532289218925,0
1996,3,18,2.60518789291382,2.01123444220366,0,0,0
1996,3,19,0.579981982707977,2.07162316045356,0,0,0
1996,3,20,0.0566010624170303,0.387112321576979,0,0,0
1996,3,21,0.0963588804006577,0.0692059108996546,0,0,0
1996,3,22,0.151635155081749,0.118416805159541,0,0,0
1996,3,23,2.43068289756775,1.43176242542677,0,0,0
1996,3,24,1.5455881357193,1.84419000719618,0,0,0
1996,3,25,0.127521857619286,0.693693891561679,0,0,0
1996,3,26,0.0242346841841936,0.0676165783652323,0,0,0
1996,3,27,0.0138003202155232,0.0216495417112128,0,0,0
1996,3,28,0.392485082149506,0.207635690525422,0,0,0
1996,3,29,13.1694173812866,6.8534550297486,0,0,0
1996,3,30,4.91579437255859,8.62039555067895,0,0,0
1996,3,31,0.930878221988678,2.81373818033353,0,0,0
1996,4,1,0.148552492260933,0.300959693219056,-9.09494701772928e-13,0,0
1996,4,2,2.22855997085571,0.769277070755152,1.81898940354586e-12,2.27373675443232e-13,0
1996,4,3,0.65564888715744,1.2672069666944,-9.09494701772928e-13,-2.27373675443232e-13,0
1996,4,4,0.599206924438477,0.617136368567572,0,0,0
1996,4,5,0.0535638332366943,0.334396786335674,0,0,0
1996,4,6,0.0317116528749466,0.0476052467190584,0,0,0
1996,4,7,0.0171295665204525,0.0250731260457542,0,0,0
1996,4,8,0.0041937711648643,0.0112277332414124,0.000551915685718996,0,0
1996,4,9,0.0131948925554752,0.00148810312521164,0.00725922813307989,9.0338286506385,0
1996,4,10,0.164181992411613,0,0.088700180404885,27.56260099563,0
1996,4,11,0.103574648499489,0,0.133467092548017,27.838988744332,0.000457142878855978
1996,4,12,0,0,0.0515389079173474,9.38981849110519,0.0013714285833495
1996,4,13,0.000461172341601923,0.000153828164229708,6.5283681578876e-05,0,0.002742857166699
1996,4,14,0.28590402007103,0.0272766575687911,0.119297839416504,2.84669807223872,0.114742851257324
1996,4,15,0.551698923110962,0.0470753533584229,0.380215929307269,7.84261568586271,0.973714338030134
1996,4,16,0.0226741805672646,0.0212631900137694,0.253686788624691,9.17433174678695,1.6365713936942
1996,4,17,0.0670179352164269,0.00124115737185093,0.0434785028983242,27.8232543755141,3.10399998256138
1996,4,18,0.148209303617477,0,0.107652099103689,49.2629002663298,11.4742858886719
1996,4,19,3.94288730621338,0,2.04364579880439,-2.27373675443232e-13,14.0799996512277
1996,4,20,0.416632235050201,0.0765876878560903,2.10317574775581,2.27373675443232e-13,13.3942853655134
1996,4,21,0.59510463476181,0.156223075655817,0.349645284128201,0.496267791567334,12.1142857142857
1996,4,22,0.411963880062103,0.13199038000289,0.364303473727887,0.13199038000289,10.4685712541853
1996,4,23,1.70928144454956,0.0554593253400526,0.991973748534292,0.0554593253400526,9.37142857142857
1996,4,24,11.7467937469482,0,6.54163756837352,0,8.04571446010045
1996,4,25,13.4253768920898,0,12.6161459742079,0,8.27428588867188
1996,4,26,2.38553833961487,0.637025855774482,7.2684311883977,0,7.40571463448661
1996,4,27,0.00162885047029704,0.637275277807021,0.556311912495403,0.4540879647152,6.4
1996,4,28,9.02411629795097e-05,0.000247561362357374,0.000611965970165329,1.93194598026412,4.70857151576451
1996,4,29,8.58117488178323e-09,2.27373675443232e-13,4.34750400017947e-05,2.27373675443232e-13,3.30971418108259
1996,4,30,0.0036077240947634,-2.27373675443232e-13,0.00189450095604116,-2.27373675443232e-13,2.31314283098493
1996,5,1,0,0,0.00177315548171464,0,1.62742854527065
1996,5,2,1.18687539725215e-05,0,5.66937615076313e-06,0,1.15657141549247
1996,5,3,3.79150733351707e-05,0,2.39164073718712e-05,0,0.836571448189872
1996,5,4,0.0105604398995638,0,0.00439445332722244,0,0.566857147216797
1996,5,5,0.00483039766550064,0,0.00731318340422149,0,0.374857139587402
1996,5,6,0.0390923619270325,0,0.0219825964077245,0,0.215771429879325
1996,5,7,0.00228267349302769,0,0.0232451056444916,0,0.0918857165745326
1996,5,8,0.498889952898026,0,0.30061181164092,0,0.0260571428707668
1996,5,9,0.0348065793514252,0,0.228024534342694,0,0.0210285714694432
1996,5,10,0.00596593413501978,0,0.0225631770435939,0,0.0123428574630192
1996,5,11,0.00949781481176615,-2.27373675443232e-13,0.00804761080871685,0,0.00777142899377005
1996,5,12,0.0502937063574791,4.54747350886464e-13,0.0314440445981745,0,0.00685714270387377
1996,5,13,0.194795653223991,-2.27373675443232e-13,0.124167424919506,0,0.00594285726547241
1996,5,14,2.10046339035034,0,1.11753100451824,0,0.00502857140132359
1996,5,15,1.04039704799652,2.27373675443232e-13,1.57718434388426,2.27373675443232e-13,0.00411428553717477
1996,5,16,19.0428104400635,-2.27373675443232e-13,10.0070290876565,-2.27373675443232e-13,0.00320000009877341
1996,5,17,21.9289608001709,2.27373675443232e-13,20.4105004848543,2.27373675443232e-13,0.00228571423462459
1996,5,18,13.1825618743897,-2.27373675443232e-13,17.5465267974723,-2.27373675443232e-13,0.0196571435247149
1996,5,19,2.17821860313416,0,7.82900129372956,0,0.0996571404593331
1996,5,20,0.541258811950684,0,1.35564604871706,0,0.251885713849749
1996,5,21,0.830241918563843,0,0.699703345719172,0,0.339199992588588
1996,5,22,0.68298751115799,0,0.766477089699947,0,0.304000009809222
1996,5,23,0.000516655389219523,0,0.29083078446638,0,0.221257141658238
1996,5,24,2.21386762859765e-05,2.27373675443232e-13,0.000267262328634388,0,0.142628574371338
1996,5,25,0,-2.27373675443232e-13,1.13431460704305e-05,0,0.0589714254651751
1996,5,26,0.000768897996749729,0,0.000354951079316379,0,0.021942857333592
1996,5,27,0.0134565560147166,0,0.00740633287296078,-2.27373675443232e-13,0.00731428606169564
1996,5,28,5.09498340761638e-06,0,0.00637732457744278,0,0.00640000019754682
1996,5,29,0.00174323876854032,0,0.000889567570084182,2.27373675443232e-13,0.005485714333398
1996,5,30,1.98132658004761,0,0.956624827839732,0,0.00457142846924918
1996,5,31,10.0058584213257,0,5.96176771000319,0,0.00365714303084782
1996,6,1,7.07312631607056,0,8.58610117024909,0,
1996,6,2,0.0338974036276341,0,3.54527420341219,0,
1996,6,3,0.156379640102386,0,0.0912512215154493,0,
1996,6,4,0.934165239334106,0,0.533294865755124,0,
1996,6,5,5.48314762115479,0,3.19289257834771,0,
1996,6,6,3.15988898277283,2.27373675443232e-13,4.3230234378716,2.27373675443232e-13,
1996,6,7,0.426540732383728,-2.27373675443232e-13,1.83074179263349,-2.27373675443232e-13,
1996,6,8,0,0,0.195192842897995,0,
1996,6,9,2.64606878772611e-05,0,1.41179552883841e-05,0,
1996,6,10,0.122417785227299,0,0.0706285205314998,0,
1996,6,11,0.16638757288456,0,0.142170270374663,0,
1996,6,12,0.455294877290726,0,0.315045806507442,-2.27373675443232e-13,
1996,6,13,0.248663008213043,0,0.360071420641361,2.27373675443232e-13,
1996,6,14,0.226423844695091,0,0.238189421550487,0,
1996,6,15,0.00159178976900876,2.27373675443232e-13,0.0993090018509974,0,
1996,6,16,0.0242565292865038,-2.27373675443232e-13,0.0143017512782535,0,
1996,6,17,0.195923820137978,0,0.120534253796905,0,
1996,6,18,0.812936544418335,0,0.513490315778654,0,
1996,6,19,2.69379067420959,0,1.74515192251693,0,
1996,6,20,0.444630950689316,2.27373675443232e-13,1.57164985650343,0,
1996,6,21,0.00958054792135954,-2.27373675443232e-13,0.263024036887146,0,
1996,6,22,0.372952550649643,0,0.186886312671049,0,
1996,6,23,6.77172183990479,0,3.56016958583132,-2.27373675443232e-13,
1996,6,24,4.40562295913696,0,5.55603150095067,2.27373675443232e-13,
1996,6,25,3.56770801544189,0,4.07701016577903,-2.27373675443232e-13,
1996,6,26,3.41820764541626,0,3.49791039635329,2.27373675443232e-13,
1996,6,27,0.0378475822508335,0,1.76325115552845,0,
1996,6,28,14.8081455230713,0,7.41070958693126,0,
1996,6,29,7.49398565292358,0,11.1326551882903,-2.27373675443232e-13,
1996,6,30,0.61524248123169,0,4.04358118421806,2.27373675443232e-13,
1996,7,1,1.45994877815247,0,1.03989512244789,0,
1996,7,2,0.533455669879913,-2.27373675443232e-13,0.997904514697439,0,
1996,7,3,0.00088856928050518,2.27373675443232e-13,0.295483429540582,0,
1996,7,4,0.00886029470711947,0,0.00437830206374201,0,
1996,7,5,0.965092122554779,-2.27373675443232e-13,0.502350363787627,0,
1996,7,6,0.603839576244354,2.27373675443232e-13,0.812127893995239,0,
1996,7,7,4.0258002281189,0,2.3024378822829,0,
1996,7,8,3.87745642662048,0,3.93948527956582,0,
1996,7,9,0.831208169460297,0,2.3948606394024,0,
1996,7,10,5.37652444839478,0,3.06218013789567,-2.27373675443232e-13,
1996,7,11,5.0533242225647,0,5.23353052722723,2.27373675443232e-13,
1996,7,12,0.709011435508728,0,2.89496034585773,0,
1996,7,13,4.94549036026001,0,2.80659437919894,0,
1996,7,14,1.78112971782684,0,3.4409353484898,0,
1996,7,15,0.149972423911095,0,0.946501915651424,0,
1996,7,16,1.41507613658905,0,0.729536500107315,0,
1996,7,17,6.8168420791626,0,4.07247618379097,0,
1996,7,18,11.6253204345703,0,9.22853587395639,0,
1996,7,19,8.0360221862793,0,9.82843705213691,0,
1996,7,20,5.07884120941162,0,6.6776949491059,-2.27373675443232e-13,
1996,7,21,2.99492812156677,0,4.07587679093103,2.27373675443232e-13,
1996,7,22,1.35366868972778,0,2.17650474019501,0,
1996,7,23,5.70838403701782,0,3.50349740522779,0,
1996,7,24,3.33622741699219,0,4.41604759470192,-2.27373675443232e-13,
1996,7,25,0.155067935585976,0,1.81568478547615,2.27373675443232e-13,
1996,7,26,2.59991955757141,0,1.32543966146568,0,
1996,7,27,2.77086758613586,0,2.70615056514998,0,
1996,7,28,0.620999813079834,0,1.74919369260533,0,
1996,7,29,1.46443378925323,0,0.974274776435777,0,
1996,7,30,0.966856002807617,0,1.23375802748615,0,
1996,7,31,0.207122296094894,0,0.633333413732544,0,
1996,8,1,0.0314028710126877,0,0.0942194854351328,0,
1996,8,2,0.00221887975931168,-2.27373675443232e-13,0.0165626407788295,-2.27373675443232e-13,
1996,8,3,0.925746023654938,0,0.45827494439709,0,
1996,8,4,14.3881731033325,2.27373675443232e-13,7.61244625284871,2.27373675443232e-13,
1996,8,5,1.60840976238251,0,8.02792778447838,0,
1996,8,6,0.00179797061719,0,0.884499810159468,0,
1996,8,7,1.78577816486359,0,0.845674995160152,0,
1996,8,8,0.0462935790419579,0,0.985088831745998,0,
1996,8,9,0.00956796668469906,-2.27373675443232e-13,0.0270533754119242,0,
1996,8,10,0.0297354757785797,2.27373675443232e-13,0.0222598036652926,2.27373675443232e-13,
1996,8,11,0.0153161818161607,0,0.0219620185662279,-2.27373675443232e-13,
1996,8,12,0.0144124999642372,0,0.0148102538596504,0,
1996,8,13,0.0414923653006554,0,0.0258800811734545,0,
1996,8,14,0.0973274782299995,2.27373675443232e-13,0.0646642494148182,0,
1996,8,15,0.000174462038557976,-2.27373675443232e-13,0.056421353555379,0,
1996,8,16,0.0083262762054801,0,0.00294556304834259,0,
1996,8,17,0.18138875067234,0,0.102214320462735,0,
1996,8,18,6.412757396698,0,3.28722375765938,0,
1996,8,19,2.81720089912415,0,4.63032317947091,0,
1996,8,20,5.38942193984985,0,4.0354393211428,0,
1996,8,21,7.66470909118652,0,6.52855052335508,0,
1996,8,22,0.601806044578552,0,4.16233701110923,0,
1996,8,23,0.00471489690244198,0,0.328736269265391,0,
1996,8,24,0.0271918326616287,2.27373675443232e-13,0.0131378569985827,2.27373675443232e-13,
1996,8,25,0.000987345934845507,-2.27373675443232e-13,0.0149262030927275,-2.27373675443232e-13,
1996,8,26,0.000377514166757464,0,0.000611681439295353,0,
1996,8,27,1.03402453532908e-06,0,0.000191157573681267,0,
1996,8,28,0,0,4.69324731966481e-07,0,
1996,8,29,0.00782622862607241,0,0.00502201217477705,0,
1996,8,30,3.06964684568811e-05,0,0.00309432781250507,0,
1996,8,31,0.169765591621399,0,0.0815196911198655,0,
1996,9,1,18.6922588348389,0,9.43173610675422,0,
1996,9,2,5.58195447921753,0,12.1320136406266,0,
1996,9,3,0.494140774011612,0,2.97645575828574,0,
1996,9,4,8.1689338684082,0,4.24241087663631,2.27373675443232e-13,
1996,9,5,7.39518976211548,0,7.74115299437017,-2.27373675443232e-13,
1996,9,6,1.67545330524445,0,4.66434912259774,0,
1996,9,7,0.302111804485321,0,1.03327801747128,2.27373675443232e-13,
1996,9,8,0.187779381871223,0,0.239650834520944,-2.27373675443232e-13,
1996,9,9,0.922126770019531,0,0.536585551753888,0,
1996,9,10,0.252431839704514,0,0.625046300520808,0,
1996,9,11,0.200417250394821,0,0.230322681711186,0,
1996,9,12,0.0219482965767384,0,0.113344190407588,0,
1996,9,13,0.000370817695511505,0,0.0123233760241419,0,
1996,9,14,0.0497476682066917,0,0.028657323871812,0,
1996,9,15,0.0723054558038712,0,0.0616728740824328,0,
1996,9,16,0.000354598130797967,2.27373675443232e-13,0.0376320140758253,0,
1996,9,17,0.0058711813762784,-2.27373675443232e-13,0.00326682720151439,-2.27373675443232e-13,
1996,9,18,0.000547439442016184,0,0.00297516686714516,2.27373675443232e-13,
1996,9,19,0.0552820302546024,0,0.0243391173571581,-2.27373675443232e-13,
1996,9,20,1.56797456741333,0,0.796453107957859,2.27373675443232e-13,
1996,9,21,2.98943495750427,-2.27373675443232e-13,2.27014354626135,0,
1996,9,22,1.91062223911285,0,2.48024089517185,0,
1996,9,23,0.693778872489929,2.27373675443232e-13,1.33457005109176,0,
1996,9,24,0.353377372026444,0,0.554129876040861,0,
1996,9,25,0.946945786476135,0,0.630595344770882,0,
1996,9,26,18.5451641082764,0,9.74973822981974,0,
1996,9,27,14.1392087936401,0,16.3090321446753,0,
1996,9,28,2.65040183067322,0,8.41523658243932,0,
1996,9,29,0.20224903523922,0,1.60882326252158,0,
1996,9,30,0.370540022850037,-2.27373675443232e-13,0.261121415976959,0,
1996,10,1,1.51003623008728,2.27373675443232e-13,0.920229854536046,0,
1996,10,2,0.411122709512711,0,1.03698767486458,0,
1996,10,3,3.66473250323907e-06,0,0.116070916371427,0,
1996,10,4,0.0263780225068331,0,0.00661580137057172,0,
1996,10,5,0.00331906788051128,0,0.0180477344183601,0,
1996,10,6,0.000560601241886616,0,0.00273445862148947,-2.27373675443232e-13,
1996,10,7,0.0584582611918449,0,0.0337739337146559,2.27373675443232e-13,
1996,10,8,0.24967922270298,0,0.170728356460131,0,
1996,10,9,0.0503306053578854,0,0.205711984168374,0,
1996,10,10,0.000130954358610325,0,0.0340953546947276,0,
1996,10,11,0.00998454168438911,2.27373675443232e-13,0.0042842074390137,0,
1996,10,12,0.000728829007130116,-2.27373675443232e-13,0.00483459050974489,0,
1996,10,13,0.0226245671510696,0,0.00846281310896302,0,
1996,10,14,0.0804285556077957,0,0.0475209020914917,0,
1996,10,15,0.129443943500519,-2.27373675443232e-13,0.0994691661853722,-2.27373675443232e-13,
1996,10,16,0.000589602743275464,2.27373675443232e-13,0.0803259991234882,2.27373675443232e-13,
1996,10,17,1.00999855995178,0,0.485405620014717,0,
1996,10,18,0.403107047080994,0,0.722838930574653,0,
1996,10,19,0.0187947079539299,0,0.205359953883089,0,
1996,10,20,1.05938637256622,0,0.56527953562545,0,
1996,10,21,0.650647222995758,0,0.789859580535449,2.27373675443232e-13,
1996,10,22,0.16463640332222,0,0.359932115226911,-2.27373675443232e-13,
1996,10,23,0.00868027843534946,0,0.105870709761803,0,
1996,10,24,0.0388769395649433,0,0.025941824084839,0,
1996,10,25,0.0774533301591873,0,0.047319177713689,0,
1996,10,26,14.7900953292847,0,7.43732522316077,0,
1996,10,27,6.63289308547974,0,10.6587933728078,0,
1996,10,28,0.00294039258733392,0,3.21466251328548,0,
1996,10,29,0.0348783098161221,0,0.0135836368817763,0,
1996,10,30,0.307405233383179,0.153703982103252,0.0172544099077641,0,
1996,10,31,0.0608808733522892,0.183717519711081,0,0,
1996,11,1,0.00311213126406074,0.0309981816724303,0,0,
1996,11,2,0.00334478099830449,0.00330092570288798,0,0,
1996,11,3,0.00699844909831882,0.00193859395608342,0.00321658086613752,0.373662151333974,
1996,11,4,0.00133386766538024,0.000359362706603861,0.00301054613919405,0.000359362706603861,
1996,11,5,8.83928775787354,1.63293588447618,2.78737337944494,0.000130688501485565,
1996,11,6,14.8344802856445,3.48076489229197,8.3628340928617,1.53374531084114,
1996,11,7,3.49876499176025,3.59699351183417,5.57730118339896,1.53238867210735,
1996,11,8,0.0996149703860283,1.82705148734885,0,0,
1996,11,9,0.0263570155948401,0.0677641578752173,0,0,
1996,11,10,0.0245602335780859,0.0260418822344946,0,0,
1996,11,11,0.0470606349408627,0.0359951668904159,0,0,
1996,11,12,0.0182691272348166,0.0354787905478133,0,0,
1996,11,13,0.427830100059509,0.255097578705545,0,2.27373675443232e-13,
1996,11,14,1.06129193305969,0.721264198826702,0,-2.27373675443232e-13,
1996,11,15,0.313626915216446,0.656833374677035,0,0,
1996,11,16,8.32075691223145,4.32582397706665,0,0,
1996,11,17,9.88128089904785,9.02131641880715,0,0,
1996,11,18,0.767360091209412,5.22611681290391,0,0,
1996,11,19,0.124684989452362,0.56016257490819,9.09494701772928e-13,0,
1996,11,20,3.61703419685364,1.94151069414966,-9.09494701772928e-13,0,
1996,11,21,0.758234858512878,2.27667944808309,0,0,
1996,11,22,0.036928229033947,0.499482617147351,0,0,
1996,11,23,0.0271993428468704,0.0301266073950046,0,0,
1996,11,24,0.0234964359551668,0.0252026927446423,9.09494701772928e-13,0,
1996,11,25,0.00273423874750733,0.0178942360855672,-9.09494701772928e-13,0,
1996,11,26,0.150400817394257,0.0849850798306306,0,0,
1996,11,27,0.200517728924751,0.17631931298115,0,0,
1996,11,28,0.0397078432142735,0.148340819223222,0,0,
1996,11,29,1.21553802490234,0.600782852991188,0,0,
1996,11,30,2.13721752166748,1.77096959984988,0,0,
1996,12,1,0.559013605117798,1.47626651843007,0,0,
1996,12,2,0.201423913240433,0.399491133874335,-9.09494701772928e-13,0,
1996,12,3,0.0594946518540382,0.1524580492719,9.09494701772928e-13,0,
1996,12,4,0.272763848304749,0.103942147407906,0,0,
1996,12,5,0.48956960439682,0.372804143347594,0,0,
1996,12,6,0.402355164289475,0.437421445214795,0,0,
1996,12,7,0.424089550971985,0.410659227243514,0,0,
1996,12,8,0.275065928697586,0.392176034456043,0,0,
1996,12,9,0.253027319908142,0.271874056586285,0,0,
1996,12,10,0.0574535913765431,0.162024927530183,0,0,
1996,12,11,6.35036611557007,3.18012831064266,0,0,
1996,12,12,3.64100003242493,4.92582003626944,0,0,
1996,12,13,0.139090597629547,2.06855297806874,0,0,
1996,12,14,0.113479010760784,0.123545240626072,0,0,
1996,12,15,0.206880986690521,0.150886271716672,0,0,
1996,12,16,3.82184457778931,1.83023967769373,0,0,
1996,12,17,3.1458625793457,3.30464729380196,0,0,
1996,12,18,0.647410929203033,2.05870191568783,0,0,
1996,12,19,0.264486819505692,0.481904545252064,0,0,
1996,12,20,5.48571491241455,2.67656838234825,0,0,
1996,12,21,2.49478793144226,4.1784339259832,0,0,
1996,12,22,0.00699852500110865,1.25955797817232,0,0,
1996,12,23,0.00248900847509503,0.0050633038235901,0,0,
1996,12,24,0.000900163897313178,0.00224601015634107,0,0,
1996,12,25,0.000305330962873995,0.000789791747138224,0,0,
1996,12,26,0.000289493502350524,0.000292768704184709,0,0,
1996,12,27,2.59445595741272,1.36028149005301,0,0,
1996,12,28,1.32325649261475,2.25199749288049,-9.09494701772928e-13,0,
1996,12,29,0.52281379699707,0.84937699456259,9.09494701772928e-13,0,
1996,12,30,0.271827161312103,0.372931956470893,0,0,
1996,12,31,1.46737003326416,1.06042347864991,9.09494701772928e-13,0,
1997,1,1,1.59630250930786,1.56585624311265,-9.09494701772928e-13,2.27373675443232e-13,
1997,1,2,0.580304145812988,1.36313044100507,0,-2.27373675443232e-13,
1997,1,3,0.00847351644188166,0.392758110725708,0,0,
1997,1,4,0.0341051183640957,0.0228434160176221,0,0,
1997,1,5,0.000659638608340174,0.0149114541645758,0,0,
1997,1,6,0.0276246406137943,0.0066948425899227,0,0,
1997,1,7,0.127169325947762,0.0851776819617953,-9.09494701772928e-13,0,
1997,1,8,1.11158692836761,0.836897598099768,1.81898940354586e-12,0,
1997,1,9,3.9305100440979,2.8088992036146,0,0,
1997,1,10,0.731222867965698,2.10203829425245,-9.09494701772928e-13,0,
1997,1,11,0.0489489510655403,0.370089542005417,0,0,
1997,1,12,0.00725830020383,0.0345972221248303,0,0,
1997,1,13,0.0371641106903553,0.027690000649045,0,0,
1997,1,14,0.176979705691338,0.107999417585916,0,0,
1997,1,15,0.327831357717514,0.222040578871201,0,0,
1997,1,16,0.0601591318845749,0.283627144397315,0,0,
1997,1,17,0.0796183869242668,0.0961347040272358,0,0,
1997,1,18,1.12706995010376,0.521968253663772,0,0,
1997,1,19,0.138765096664429,0.52964719987699,0,0,
1997,1,20,0,0.0543773458407486,0,0,
1997,1,21,1.85434114933014,0.643546140340732,0,0,
1997,1,22,0.898259222507477,1.12857407070373,0,0,
1997,1,23,0.842919588088989,0.857384785361319,0,0,
1997,1,24,0.962883234024048,0.910277233905845,9.09494701772928e-13,2.27373675443232e-13,
1997,1,25,0.0877933278679848,0.608085972048457,-9.09494701772928e-13,-2.27373675443232e-13,
1997,1,26,0.563113212585449,0.243691350252448,0,0,
1997,1,27,0.246180638670921,0.495633681553045,0,0,
1997,1,28,0.170390263199806,0.231757029370556,0,0,
1997,1,29,0.23158086836338,0.193925331197761,0,0,
1997,1,30,2.99175620079041,1.49115546979806,0,2.27373675443232e-13,
1997,1,31,1.63150525093079,2.37495286993135,0,-2.27373675443232e-13,
1997,2,1,0.191585287451744,1.2203717709333,0,0,
1997,2,2,0.0438702702522278,0.129673029839068,0,0,
1997,2,3,0.166563913226128,0.075808721501744,0,0,
1997,2,4,0.0814830437302589,0.150293163779452,0,0,
1997,2,5,0.00237644836306572,0.0612639369098815,0,0,
1997,2,6,0.0028618227224797,0.00252992171817823,0,0,
1997,2,7,0.0171036496758461,0.00505812994447297,0,0,
1997,2,8,0.106179505586624,0.0502602278606901,9.09494701772928e-13,2.27373675443232e-13,
1997,2,9,0.15156452357769,0.118586918868687,-9.09494701772928e-13,-2.27373675443232e-13,
1997,2,10,0.0448618158698082,0.084202223335069,0,0,
1997,2,11,0.285794168710709,0.154872212709506,0,0,
1997,2,12,0.12641154229641,0.242240949820143,0,0,
1997,2,13,1.45721209049225,0.492204507967472,-9.09494701772928e-13,-2.27373675443232e-13,
1997,2,14,1.55123782157898,1.50031616521846,9.09494701772928e-13,2.27373675443232e-13,
1997,2,15,0.665568947792053,1.2382313592484,0,0,
1997,2,16,1.30319905281067,0.840592880221038,0,0,
1997,2,17,0.096591018140316,1.0311255787135,0,0,
1997,2,18,0.215981379151344,0.147324865525206,0,0,
1997,2,19,0.0617897287011147,0.119983645577804,0,0,
1997,2,20,0.227430418133736,0.141971201576553,0,0,
1997,2,21,0.346832573413849,0.250061318641428,0,0,
1997,2,22,0.0203052740544081,0.183339701856767,0,0,
1997,2,23,0.0182087309658527,0.0196253022033943,0,0,
1997,2,24,0.0442652031779289,0.0315580240005602,0,0,
1997,2,25,0.210553869605064,0.0906406092674388,0,0,
1997,2,26,0.0607755221426487,0.162369788866727,0,0,
1997,2,27,0.312558323144913,0.0972877316580707,0,0,
1997,2,28,3.7824342250824,1.67230883261482,0,0,
1997,3,1,1.40416467189789,2.76824198024701,-9.09494701772928e-13,0,
1997,3,2,0.0946049392223358,1.13048057867309,9.09494701772928e-13,0,
1997,3,3,3.17968082427979,1.84409333472991,0,0,
1997,3,4,2.35248780250549,2.70562003670921,-9.09494701772928e-13,-2.27373675443232e-13,
1997,3,5,0.277161777019501,1.54289261370877,9.09494701772928e-13,2.27373675443232e-13,
1997,3,6,0.177541181445122,0.222001764391052,-9.09494701772928e-13,-2.27373675443232e-13,
1997,3,7,0.0997339636087418,0.150894164269175,9.09494701772928e-13,2.27373675443232e-13,
1997,3,8,0.0219491180032492,0.0855701790685544,0,0,
1997,3,9,0.40579953789711,0.212553474971628,0,0,
1997,3,10,0.277771919965744,0.354776680448822,0,0,
1997,3,11,0.306046783924103,0.297712684397766,0,0,
1997,3,12,0.158134132623672,0.246678619870863,0,0,
1997,3,13,0.656772553920746,0.234283403106701,0,0,
1997,3,14,0.151604399085045,0.398173446533519,0,0,
1997,3,15,0.180239468812943,0.163129670058652,0,0,
1997,3,16,0.22652941942215,0.187134705033259,0,0,
1997,3,17,0.00295343925245106,0.121390715459256,0,0,
1997,3,18,0.00173018150962889,0.00237675276935079,0,0,
1997,3,19,0.00972836650907993,0.0035654906957916,0,0,
1997,3,20,0.239996790885925,0.120767560461445,0,0,
1997,3,21,0.0146284895017743,0.147406967554616,0.000932498303882312,0,
1997,3,22,0.0693194046616554,0.0231688720969032,0.00189000011505414,0,
1997,3,23,1.44606423377991,0.640371888169739,0.000197818100787117,0,
1997,3,24,3.82501482963562,2.20502094119138,0.0670963927314006,0,
1997,3,25,0.264571040868759,1.9303318349755,0.166163745557242,0,
1997,3,26,0.000988007872365415,0.0635468788093476,0.0692326903435969,6.98430097513074,
1997,3,27,0.887359917163849,0,0.430673156580269,14.9415669865314,
1997,3,28,0.0977748259902,0,0.475320602361535,15.0683379366726,
1997,3,29,0.205098092556,0.0570840735272213,0.095292062948829,6.99382904460344,
1997,3,30,0.0351794920861721,0.0742243517124734,0.0470901276958102,-2.27373675443232e-13,
1997,3,31,0.0684358403086662,0.039135373575391,0.0131417689499358,0,
1997,4,1,0.00331177585758269,0.021497774608406,0.0144683405387696,13.1311604579157,
1997,4,2,0.00454503623768687,0,0.00393408811214613,23.5292738296275,
1997,4,3,0.0916052758693695,0.000313852706540274,0.0484567556341062,16.6018152095066,
1997,4,4,5.55546569824219,0.0343063193142825,2.78799449202143,12.4541954330307,
1997,4,5,22.0444221496582,11.0635428628011,2.74189264421784,6.16904897436643,
1997,4,6,19.0152473449707,20.5369119917075,0,0,
1997,4,7,2.53237676620483,10.6518384790818,0,0,
1997,4,8,4.64593601226807,3.48951123811298,0,0,
1997,4,9,0.648708045482636,2.44545891117809,0,0,
1997,4,10,0.0656438022851944,0.3961320415508,0,0,
1997,4,11,0.00939519889652729,0.0430693358337066,-9.09494701772928e-13,0,
1997,4,12,0.00174546684138477,0.00513747638888162,1.36939706862904e-05,0,
1997,4,13,0.00147073902189732,0.00144752194682951,0.000164075292559573,0,
1997,4,14,0.693438529968262,0.0221225193815826,0.325332069692195,5.19517252670812,
1997,4,15,0.0377265103161335,0.0355408395989798,0.328868963533751,5.17659045351047,
1997,4,16,7.29355160729028e-05,0.0140774827175392,0.00484351995328325,0,
1997,4,17,0.00617789616808295,0.00130074392632196,0.00160557776234782,0,
1997,4,18,0.121573328971863,0.00135921766695901,0.0625163906461239,20.4323120426775,
1997,4,19,0.011095610447228,2.27373675443232e-13,0.0666741427403395,45.2200052974767,
1997,4,20,0.0310925152152777,0,0.0210545955233101,39.2542592550799,
1997,4,21,0,0,0.0151807884631126,0,
1997,4,22,0.0111256055533886,0,0.00603043483351939,0,
1997,4,23,0.0344420820474625,0,0.0208098245811925,0,
1997,4,24,0.301573902368546,0,0.165900183885242,0,
1997,4,25,3.476402759552,0,1.736712322313,0,
1997,4,26,2.31348562240601,0,2.97726331329613,0,
1997,4,27,0.237865939736366,0,1.20330115394063,0,
1997,4,28,0.714456617832184,0,0.449591504003365,0,
1997,4,29,0.322237074375153,0,0.566364864675052,0,
1997,4,30,0.000556854123715311,1.50683117681183e-05,0.18932568782202,1.50683113133709e-05,
1997,5,1,0.0113632371649146,1.56386672642839e-05,0.0067141526069463,1.56386672642839e-05,
1997,5,2,0.000808037701062858,0,0.00610186064659501,0,
1997,5,3,0.0149056604132056,0,0.00692121067186236,0,
1997,5,4,0.983134210109711,-2.27373675443232e-13,0.574905094445967,0,
1997,5,5,0.381876856088638,0,0.65457746775337,0,
1997,5,6,1.95254528522491,2.27373675443232e-13,1.21706977400936,0,
1997,5,7,13.9462490081787,0,7.90316834016994,0,
1997,5,8,3.96907711029053,0,9.0264636610591,0,
1997,5,9,0.0295219905674458,0,2.01324795752862,0,
1997,5,10,0.443316221237183,0,0.259991662526772,0,
1997,5,11,0.18341401219368,0,0.332789717900596,0,
1997,5,12,0.242825448513031,0,0.208764607561534,0,
1997,5,13,1.33115434646606,0,0.814155774291066,0,
1997,5,14,0.598686993122101,0,0.910008061519875,0,
1997,5,15,0.0171354431658983,0,0.269445256109066,0,
1997,5,16,0.0225184131413698,0,0.0201585030208662,0,
1997,5,17,1.00380158424377,0,0.488620640445333,0,
1997,5,18,0.157222300767899,0,0.565724189791581,0,
1997,5,19,0.189490482211113,0,0.175138865450208,0,
1997,5,20,0.000788583362009376,0,0.0923468191404027,0,
1997,5,21,0.61022299528122,0,0.262609114624865,0,
1997,5,22,1.63029408454895,0,1.10884483583322,0,
1997,5,23,0.329437077045441,0,1.00787573431626,0,
1997,5,24,0.00277796341106296,0,0.180871146808386,0,
1997,5,25,0.00426268205046654,0,0.00348093242791947,0,
1997,5,26,0.00432917382568121,0,0.00428915181146294,0,
1997,5,27,0.00557266687974334,0,0.00497713451659365,0,
1997,5,28,0.00554402824491262,0,0.00555667941080174,0,
1997,5,29,0.00137872667983174,0,0.00309819414906087,0,
1997,5,30,0.0350730083882809,0,0.0158875165261634,0,
1997,5,31,1.44868338108063,0,0.733737884417678,0,
1997,6,1,2.00888299942017,0,1.71808341352335,0,
1997,6,2,1.64994275569916,0,1.84105749034734,0,
1997,6,3,1.37207210063934,0,1.52141588993345,0,
1997,6,4,0.155487656593323,0,0.759546686774229,0,
1997,6,5,0.000456974579719827,0,0.0623084188664507,0,
1997,6,6,5.24750394106377e-05,0,0.000205870279387455,0,
1997,6,7,0.00625067763030529,2.27373675443232e-13,0.00341914586169878,0,
1997,6,8,0.00118371995631605,-2.27373675443232e-13,0.00395972326350602,0,
1997,6,9,0.0118667399510741,0,0.00620891953985847,0,
1997,6,10,0,0,0.00671633472211397,0,
1997,6,11,0.0143732968717814,0,0.00687548230052926,0,
1997,6,12,0.0202592648565769,0,0.0179391863139244,0,
1997,6,13,0.0377284996211529,0,0.0285143492592397,0,
1997,6,14,0.876361608505249,0,0.458308056211536,0,
1997,6,15,1.34443390369415,0,1.10767626580582,0,
1997,6,16,3.47957682609558,0,2.40739097772985,0,
1997,6,17,5.95860719680786,-2.27373675443232e-13,4.71639280353247,0,
1997,6,18,3.49433374404907,2.27373675443232e-13,4.75076059152161,0,
1997,6,19,7.69599485397339,2.27373675443232e-13,5.5539699837982,0,
1997,6,20,3.62672138214111,-4.54747350886464e-13,5.69346619778935,0,
1997,6,21,1.14867866039276,2.27373675443232e-13,2.42958799776898,0,
1997,6,22,5.09857845306397,0,3.13495460561535,0,
1997,6,23,7.64775562286377,0,6.39823869885913,0,
1997,6,24,1.21878826618195,0,4.50748728431518,0,
1997,6,25,3.05010604858398,0,2.13306280211327,0,
1997,6,26,0.182210102677345,0,1.59725881590657,0,
1997,6,27,0.0766713842749596,0,0.12339244431405,0,
1997,6,28,0.0378503128886223,0,0.0561808510537958,0,
1997,6,29,0.00322681223042309,0,0.0210258932083889,0,
1997,6,30,0.10384176671505,0,0.047878736988423,0,
1997,7,1,36.6335830688477,0,18.3536457006321,0,
1997,7,2,35.0752410888672,0,35.7916321898365,0,
1997,7,3,6.90162038803101,-2.27373675443232e-13,21.0844160977922,0,
1997,7,4,0.487959027290344,2.27373675443232e-13,3.67012175603395,0,
1997,7,5,1.27437961101532,0,0.85040079511964,0,
1997,7,6,0.429463028907776,0,0.861797973511784,0,
1997,7,7,1.7467395067215,0,1.06207640581306,0,
1997,7,8,1.67272210121155,0,1.71370105040023,0,
1997,7,9,0.501348197460175,0,1.13149112339943,0,
1997,7,10,0.428255915641785,2.27373675443232e-13,0.46253194331257,4.54747350886464e-13,
1997,7,11,2.19211006164551,-2.27373675443232e-13,1.27134961055981,-4.54747350886464e-13,
1997,7,12,11.3345813751221,0,6.66399115250079,0,
1997,7,13,18.0352516174316,-2.27373675443232e-13,14.8457454948757,0,
1997,7,14,6.64926099777222,2.27373675443232e-13,12.5094704914281,0,
1997,7,15,0.250412106513977,-2.27373675443232e-13,3.57505818350455,0,
1997,7,16,0.139727532863617,2.27373675443232e-13,0.190837043672218,0,
1997,7,17,0.36644259095192,0,0.268010323837189,0,
1997,7,18,0.00338491681031883,0,0.208688334957515,0,
1997,7,19,1.19568061828613,0,0.530221744639675,0,
1997,7,20,0.728952884674072,0,0.966156711549047,0,
1997,7,21,0.0168072413653135,0,0.409564509129268,0,
1997,7,22,0.0063985800370574,0,0.0122722627429539,0,
1997,7,23,1.09153413772583,0,0.447285826218831,0,
1997,7,24,10.5536937713623,-2.27373675443232e-13,5.78040067767233,0,
1997,7,25,2.79324817657471,2.27373675443232e-13,6.75316713536085,0,
1997,7,26,0.691632211208344,0,1.78818175655215,0,
1997,7,27,0.431572467088699,0,0.579557513011423,0,
1997,7,28,0.0381716415286064,0,0.227317726359615,0,
1997,7,29,0.00884315464645624,0,0.0219368781054072,0,
1997,7,30,7.97047250671312e-05,0,0.00403851784722065,0,
1997,7,31,0.00203007669188082,-2.27373675443232e-13,0.000972620169704896,0,
1997,8,1,0.0275475941598415,2.27373675443232e-13,0.014618408546994,0,
1997,8,2,1.12527143955231,0,0.580534503070339,0,
1997,8,3,0.612980425357819,0,0.828594557091492,0,
1997,8,4,0.43405082821846,0,0.524857646493729,0,
1997,8,5,1.89387929439545,0,1.14396325770485,0,
1997,8,6,2.83890295028687,-2.27373675443232e-13,2.32078324096165,0,
1997,8,7,0,2.27373675443232e-13,1.40941824070615,0,
1997,8,8,0.360454440116882,0,0.180859374591819,0,
1997,8,9,0.58950811624527,0,0.468677592462882,0,
1997,8,10,0.0170575361698866,0,0.308609681595044,0,
1997,8,11,0.532756686210632,0,0.322155628254222,0,
1997,8,12,0.0918602123856544,0,0.33477727628815,0,
1997,8,13,0.623360812664032,0,0.352864344791669,0,
1997,8,14,1.82224202156067,0,1.20564599965201,0,
1997,8,15,16.3244361877441,0,9.05994272712724,0,
1997,8,16,4.14052295684814,0,10.2900326692597,0,
1997,8,17,0.0672587230801582,0,2.10897088937509,0,
1997,8,18,0.210255444049835,2.27373675443232e-13,0.144709639563189,0,
1997,8,19,0.864005923271179,-2.27373675443232e-13,0.555847318973065,0,
1997,8,20,0.89355593919754,0,0.879088675601452,0,
1997,8,21,0.108455061912537,0,0.489073969881247,0,
1997,8,22,1.24056220054626,0,0.756418620693694,0,
1997,8,23,0.199196517467499,0,0.72159584579822,0,
1997,8,24,0.230312705039978,2.27373675443232e-13,0.217917772033616,0,
1997,8,25,0.218171581625938,-2.27373675443232e-13,0.223483631400995,0,
1997,8,26,0.00225107464939356,-2.27373675443232e-13,0.0918672968418832,0,
1997,8,27,0.0057327663525939,4.54747350886464e-13,0.00425823521254642,0,
1997,8,28,0.351829767227173,-2.27373675443232e-13,0.197554089325422,0,
1997,8,29,1.77355360984802,0,1.06153965132125,0,
1997,8,30,0.558202862739563,0,1.18536326885351,0,
1997,8,31,0.201105758547783,0,0.385708762284594,0,
1997,9,1,0.424728661775589,0,0.324310023765975,0,
1997,9,2,0.0581844002008438,0,0.241148543343115,0,
1997,9,3,0.000117105795652606,0,0.0289381710726957,0,
1997,9,4,3.28673505783081,0,1.63437023145434,0,
1997,9,5,0.597210764884949,2.27373675443232e-13,1.94707002202085,0,
1997,9,6,0.0372668914496899,0,0.259049988669176,0,
1997,9,7,3.66190099716187,-2.27373675443232e-13,1.84248500886133,0,
1997,9,8,3.18553805351257,0,3.4415496697402,0,
1997,9,9,0.0620326809585095,0,1.66963585031226,0,
1997,9,10,9.18336663744412e-05,0,0.0292958647987689,0,
1997,9,11,0.000405266939196736,0,0.000247635697633086,0,
1997,9,12,2.15629816055298,0,1.06461861032312,0,
1997,9,13,1.38614726066589,0,1.77026539096732,0,
1997,9,14,0.236072063446045,0,0.786356266653456,0,
1997,9,15,8.23769950866699,2.27373675443232e-13,4.24292535433415,0,
1997,9,16,9.33266353607178,-2.27373675443232e-13,8.78959492724334,0,
1997,9,17,0.579681515693665,0,4.99122745066961,0,
1997,9,18,0.768035888671875,0,0.672455464052291,0,
1997,9,19,0.419638305902481,0,0.631469711926911,0,
1997,9,20,0.0531956106424332,0,0.261367194511877,0,
1997,9,21,0.0563864931464195,0,0.0545943211991471,4.54747350886464e-13,
1997,9,22,0.107437245547771,0,0.079054386153075,-4.54747350886464e-13,
1997,9,23,1.06566403701436e-06,-2.27373675443232e-13,0.0741537393123508,0,
1997,9,24,0.0923016965389252,2.27373675443232e-13,0.044776237798942,0,
1997,9,25,0.0942194908857346,0,0.0932292827428682,0,
1997,9,26,0.0761565789580345,0,0.0824903259835992,0,
1997,9,27,4.80509996414185,0,2.42440360405453,0,
1997,9,28,4.66519451141357,0,4.73117421014194,0,
1997,9,29,1.90930140018463,0,3.31644249741476,0,
1997,9,30,0.161997318267822,-2.27373675443232e-13,1.08857162957429,0,
1997,10,1,0.099063478410244,2.27373675443232e-13,0.134383729357978,0,
1997,10,2,0.0982434377074242,0,0.0985435256388882,0,
1997,10,3,0.602814316749573,0,0.367226439152546,0,
1997,10,4,1.42372763156891,0,0.87078044541704,0,
1997,10,5,0.37289896607399,0,0.912214935370685,0,
1997,10,6,0.0487124174833298,0,0.222303410938366,0,
1997,10,7,0.631833791732788,0,0.281935709791469,0,
1997,10,8,17.9422283172607,0,9.2515808287344,0,
1997,10,9,15.8361015319824,0,16.9594885297147,0,
1997,10,10,3.72839951515198,0,9.91524413428215,0,
1997,10,11,14.5263223648071,0,9.03507231448111,0,
1997,10,12,14.9605913162231,0,14.7415743395259,0,
1997,10,13,4.63475036621094,0,9.79908484856787,0,
1997,10,14,0.560012221336365,0,2.68673676312937,0,
1997,10,15,0.00280733918771148,0,0.283218588590898,0,
1997,10,16,0.0171118248254061,0,0.00989443363596365,0,
1997,10,17,0.00612681033089757,-2.27373675443232e-13,0.0116835007629561,0,
1997,10,18,0.0627177283167839,2.27373675443232e-13,0.0356030863931665,0,
1997,10,19,0.063745029270649,0,0.0632154359409469,0,
1997,10,20,0.162622973322868,0.0034993394688172,0.112392422232006,0.0034993394688172,
1997,10,21,0.0183055065572262,0.00907790167229905,0.0814004734393166,0.00331828338448759,
1997,10,22,0.286410629749298,0.0930958070946417,0.0592459962790599,0,
1997,10,23,0.563875734806061,0.191413896677886,0.232640062939026,0,
1997,10,24,0.236929625272751,0.210229747435733,0.192809506695085,0,
1997,10,25,0.0806546583771706,0.145150702259571,0.0121732845482256,0,
1997,10,26,4.61159506812692e-05,0.0448088917235054,0,0,
1997,10,27,0.0710132792592049,0.0282403233018158,0.00336361082008807,0,
1997,10,28,0.135583162307739,0.0317246023666939,0.0715736147121788,1.25782958781883,
1997,10,29,0.698964357376099,0.0664433749932414,0.331339616943296,0.0664433749934688,
1997,10,30,1.16366004943848,0.166418713483836,0.719650031397578,0.166418713483836,
1997,10,31,3.65462708473206,0.114225984453924,2.12840876822975,0.114225984453242,
1997,11,1,5.62124156951904,0.278687822281199,4.18613091568841,0.278687822281427,
1997,11,2,3.14091897010803,1.58710994781927,2.79397192310807,0.338236152785612,
1997,11,3,0.271881818771362,1.37803368561754,0.319624226293854,0,
1997,11,4,0.0847068876028061,0.190281065860972,0,0,
1997,11,5,0.902776002883911,0.504903699625629,0,0,
1997,11,6,3.21988882205915e-05,0.436875806206444,3.0511646400555e-06,0,
1997,11,7,0.30273100733757,0.0673551566674178,0.0700381531023595,0,
1997,11,8,0.86112779378891,0.185026553466059,0.396902509350184,1.36714834375562,
1997,11,9,0.215660914778709,0.202284930561973,0.335961014499844,1.36652131261189,
1997,11,10,0.46612161397934,0.305998899827955,0.0185060264948334,-4.54747350886464e-13,
1997,11,11,0.00138317246455699,0.238218775439009,0,0,
1997,11,12,0.732664585113525,0.352805703548938,0,0,
1997,11,13,0.707022428512573,0.719363043625663,0,0,
1997,11,14,0.333087235689163,0.516869838483217,0,0,
1997,11,15,0.105724304914474,0.239350932636398,0,0,
1997,11,16,0.000661936239339411,0.04955490782163,0,0,
1997,11,17,0.251671850681305,0.133831262476861,0,0,
1997,11,18,0.0894913077354431,0.15618563898397,0,0,
1997,11,19,0.0531529523432255,0.0740432001994122,0,0,
1997,11,20,0.0694722831249237,0.0592092572271667,0,0,
1997,11,21,0.261363178491592,0.138791137538419,-9.09494701772928e-13,0,
1997,11,22,0.0492441430687904,0.164308137411126,9.09494701772928e-13,0,
1997,11,23,0.00622051348909736,0.0306276288145,0,0,
1997,11,24,0.0406694263219833,0.0262163419258741,0,0,
1997,11,25,0.00684749381616712,0.0197551668961751,0.00237415707306354,0,
1997,11,26,0.0161983426660299,0.00305354518832246,0.0084693757498826,2.06765540234892,
1997,11,27,0.00330584426410496,0.0022377364307431,0.0075021880938948,3.20196144198553,
1997,11,28,0.0165578480809927,0.00513743879241702,0.00479630781592277,1.13574000328754,
1997,11,29,0.0109458835795522,0.00601486901405224,0.00773699806723016,1.67215384858491,
1997,11,30,0.000629625050351024,0.00156428788500307,0.0042234717948304,1.45342051333228,
1997,12,1,0.0430770665407181,0.0207362470519001,7.77522227508598e-05,0,
1997,12,2,0.249693050980568,0.133733902445783,0.00981368219345313,0,
1997,12,3,0.572111546993256,0.403735780949546,0.00991857474764402,0,
1997,12,4,0.917316198348999,0.738783126503449,0,0,
1997,12,5,0.130566582083702,0.518310379472496,0,0,
1997,12,6,0.0538042895495892,0.0925166859647106,0,0,
1997,12,7,0.0383638925850391,0.0410084384443508,0,0,
1997,12,8,0.27654168009758,0.153366782361672,0,0,
1997,12,9,0.169079095125198,0.226321550801003,0,0,
1997,12,10,0.0243052691221237,0.103855295865515,0,0,
1997,12,11,0.00524799060076475,0.0105987004772032,0,0,
1997,12,12,0.000188416903256439,0.00157907367793086,1.1624888429651e-07,0,
1997,12,13,0.00144283124245703,0.000634025891031342,0.000211346049582062,0,
1997,12,14,0.000124154117656872,0.000753173403381879,0.000310270787849731,0,
1997,12,15,9.92574059637263e-05,5.19377333603188e-05,9.82046567514772e-05,3.15276652599869,
1997,12,16,0.00146076327655464,0.000230614440624777,0.000529822686985426,0.000230614440170029,
1997,12,17,0.0610216446220875,0.0205984401786736,0.0106411518981986,0.000236885736285331,
1997,12,18,0.000788118573836982,0.0206531889962207,0.0104917214912348,0,
1997,12,19,0.0425153970718384,0.0214722393857301,0.000263717188317969,0,
1997,12,20,0.00460338173434138,0.0236027235607708,9.09494701772928e-13,0,
1997,12,21,3.74803530576173e-05,0.00269425830947512,0,0,
1997,12,22,0.000279135216260329,0.000139358166734382,0,0,
1997,12,23,7.82333881943487e-06,0.000212766800132158,0,0,
1997,12,24,0.000295145204290748,0.000189558636066067,0,0,
1997,12,25,0.291992574930191,0.145922813595462,0,0,
1997,12,26,0.0632046088576317,0.179085223366428,0,0,
1997,12,27,0.0026876050978899,0.031472860189524,0,0,
1997,12,28,0.264822959899902,0.13271989199302,0,0,
1997,12,29,0.959701597690582,0.614595378074455,-9.09494701772928e-13,0,
1997,12,30,0.483976453542709,0.726978723495904,9.09494701772928e-13,0,
1997,12,31,0.173428565263748,0.333437512240835,0,0,
1998,1,1,0.00127184751909226,0.0943739967553938,0,0,
1998,1,2,1.55655896663666,0.786767448278397,0,0,
1998,1,3,0.465728461742401,0.997567336418797,0,0,
1998,1,4,0.817138195037842,0.626095049274227,0,0,
1998,1,5,5.8457932472229,3.31997594791665,0,0,
1998,1,6,1.54863142967224,3.6749095761038,0,0,
1998,1,7,0.156408458948135,0.88226493121033,0,0,
1998,1,8,1.36351561546326,0.726975017469158,0,0,
1998,1,9,1.78688180446625,1.59148745175935,0,0,
1998,1,10,0.646267890930176,1.2290984632989,0,0,
1998,1,11,1.30240702629089,1.01284305805211,0,0,
1998,1,12,0.359850406646729,0.83945603304096,0,0,
1998,1,13,0.0437765046954155,0.26352225587334,0,0,
1998,1,14,0.0774813443422318,0.060748689412776,0,0,
1998,1,15,0.0826249569654465,0.0792052405809045,0,0,
1998,1,16,1.46308863162994,0.834141259290618,0,0,
1998,1,17,1.01979207992554,1.27204085523476,0,0,
1998,1,18,0.305672824382782,0.741135490122815,0,0,
1998,1,19,0.0159715078771114,0.157995533839767,0,0,
1998,1,20,0.021327780559659,0.0192359280970322,9.09494701772928e-13,0,
1998,1,21,0.310674369335175,0.123234750573829,-9.09494701772928e-13,0,
1998,1,22,0.351626187562943,0.329420259782864,0,0,
1998,1,23,0.115675039589405,0.264670407407721,0,0,
1998,1,24,2.0484254360199,1.05325871977539,0,0,
1998,1,25,2.54791498184204,2.2501584709878,9.09494701772928e-13,0,
1998,1,26,0.935678839683533,1.72841484365154,-1.81898940354586e-12,0,
1998,1,27,0.030632346868515,0.501285820387693,9.09494701772928e-13,0,
1998,1,28,2.19170051423134e-05,0.0191382451314439,0,0,
1998,1,29,0.00483645917847753,0.00116259804417496,0,0,
1998,1,30,0.00881440192461014,0.00630681735697181,0,0,
1998,1,31,0.133122250437737,0.0419464484652963,0,0,
1998,2,1,0.164564669132233,0.13301297302246,0,0,
1998,2,2,0.00124464149121195,0.0958741185786494,0,0,
1998,2,3,0.0175629574805498,0.00892771454641661,0,0,
1998,2,4,0.035587202757597,0.0215440787380885,0,0,
1998,2,5,0.000773272651713342,0.016514662628424,0,0,
1998,2,6,0.00385129661299288,0.0020137080805398,0,0,
1998,2,7,0,0.00314102697893759,0,0,
1998,2,8,0.153665438294411,0.0710260395051137,0,0,
1998,2,9,0,0.0750796666873157,0,0,
1998,2,10,0.0101306308060884,0.00333546037245469,0,0,
1998,2,11,0.32212096452713,0.195385763320701,0,0,
1998,2,12,0.00298495031893253,0.0700375254068604,0,0,
1998,2,13,0.0585603192448616,0.0460006851828894,0,0,
1998,2,14,2.45476770401001,1.23676068123859,0,0,
1998,2,15,1.64843058586121,1.92241146481751,0.131639162035754,0,
1998,2,16,1.83501958847046,1.27335631134088,0.417124704757043,0,
1998,2,17,2.10690879821777,0.473712514932458,1.48717560188743,6.76452187066798,
1998,2,18,0.0332096293568611,6.11371078775846e-05,1.08197849018961,13.1096083096627,
1998,2,19,0.010439932346344,0.00106977339714831,0.0207606855419726,8.96817854628807,
1998,2,20,0.00120254745706916,0.00120754534191292,0.00462064579915023,2.63009720761329,
1998,2,21,0.0680357366800308,0.0105736553687166,0.0235654588732359,0.343408677269508,
1998,2,22,0.28327339887619,0.0129385962943616,0.162688951872951,2.67543012424449,
1998,2,23,0.070197805762291,0.00240631054316509,0.174055875179874,0.00240631054293772,
1998,2,24,1.13147580623627,0,0.574313073580015,0,
1998,2,25,13.5018062591553,-2.27373675443232e-13,7.25962621005056,0,
1998,2,26,6.51843976974487,2.27373675443232e-13,10.2704952999848,0,
1998,2,27,5.92756319046021,0.238695649775536,5.98222223725497,0.238695649775309,
1998,2,28,4.52161359786987,1.26572486588543,3.95886276436704,0.237023768603649,
1998,3,1,0.326030015945435,1.16780981114403,1.25691851407919,0,
1998,3,2,0.0872879326343536,0.178624991407787,0.0233332502048143,0,
1998,3,3,0.0474152900278568,0.0661194035037624,0,0,
1998,3,4,0.0165633205324411,0.0307487262084578,0,0,
1998,3,5,0.99896502494812,0.521167672073716,0,0,
1998,3,6,0.350116223096848,0.694014953554188,0,0,
1998,3,7,0.324662029743195,0.338482199951841,0,0,
1998,3,8,0.0148423425853252,0.162215546476546,0,0,
1998,3,9,0.000690158922225237,0.00872757043248384,0,0,
1998,3,10,0.000624539738055319,0.000663699321648892,0,0,
1998,3,11,2.07309603865724e-05,0.000287809587234733,0,0,
1998,3,12,0.875334143638611,0.419630799155357,-9.09494701772928e-13,0,
1998,3,13,0.89140260219574,0.883582634044615,0,0,
1998,3,14,0.114523597061634,0.507014824695261,9.09494701772928e-13,0,
1998,3,15,0.0820753425359726,0.097201052968785,-9.09494701772928e-13,-4.54747350886464e-13,
1998,3,16,0.024438388645649,0.0488907220160399,9.09494701772928e-13,4.54747350886464e-13,
1998,3,17,0.119780912995338,0.057738443784956,0.0184641314999681,-4.54747350886464e-13,
1998,3,18,0.0243626534938812,0.0504471835540699,0.0226091164049649,4.54747350886464e-13,
1998,3,19,0.0437147431075573,0.0212816471271253,0.0114204175060877,0,
1998,3,20,0.0857508480548859,0.0340120800365185,0.0336604374142553,0,
1998,3,21,0.738327980041504,0.0736812369443669,0.338358289387543,3.45627184439627,
1998,3,22,0.277024805545807,0.13061272441405,0.377177295809815,3.45797334067584,
1998,3,23,0.0881382748484612,0.118199473012282,0.0645381788099257,0,
1998,3,24,0.0189890135079622,0.0551320582926564,0.00436638122027944,0,
1998,3,25,0.105548731982708,0.00544187231821525,0.0568269963141574,5.60262329209809,
1998,3,26,1.08540284633636,0,0.59284794510404,0,
1998,3,27,0.821309506893158,0,0.943242194802224,0,
1998,3,28,0.16024774312973,0,0.510391590783001,0,
1998,3,29,0.00311415432952344,0,0.0833000953398368,0,
1998,3,30,0.000356762378942221,0,0.00195297088794177,0,
1998,3,31,6.07374204264488e-05,0,0.000218781663534173,0,
1998,4,1,0.000128499566926621,0,9.06667173694586e-05,0,
1998,4,2,0.00195883889682591,-2.27373675443232e-13,0.00122148422451573,-4.54747350886464e-13,
1998,4,3,6.35960032013827e-06,2.27373675443232e-13,0.00091675139083236,4.54747350886464e-13,
1998,4,4,5.8056630223291e-06,0,6.10018560109893e-06,0,
1998,4,5,4.39736938476563,0,2.14147734084872,0,
1998,4,6,12.1868305206299,0,8.31235696898875,0,
1998,4,7,3.12562036514282,0,7.79542506688995,0,
1998,4,8,0.225713610649109,0,1.74314335579311,0,
1998,4,9,0.134502336382866,0,0.183958442076801,0,
1998,4,10,0.294448494911194,0,0.20833795456474,0,
1998,4,11,0.153747990727425,0,0.23451316014507,0,
1998,4,12,11.1432971954346,0,5.50184551486109,0,
1998,4,13,4.93762731552124,0,8.05802852065699,0,
1998,4,14,0.224858447909355,0,2.5677661224754,0,
1998,4,15,1.95623542822432e-05,0,0.124105886799953,0,
1998,4,16,0.0885320231318474,0,0.0487628469727497,0,
1998,4,17,0.012608889490366,0,0.0478435114755484,0,
1998,4,18,0.0631524994969368,0,0.0370966701775615,0,
1998,4,19,0.185516268014908,0,0.114685984942298,0,
1998,4,20,0.0215818230062723,0,0.0890030010723422,0,
1998,4,21,0.0360257849097252,0,0.029168310359637,0,
1998,4,22,0.0901351422071457,0,0.0611548099186621,0,
1998,4,23,0.0853215903043747,0,0.0881315470351183,0,
1998,4,24,0.07388985902071,0,0.0788280403348836,0,
1998,4,25,0.076744832098484,0,0.0753346079836774,0,
1998,4,26,0.0882672667503357,0,0.0821623383681072,0,
1998,4,27,0.0901395231485367,0,0.0890963514211762,0,
1998,4,28,0.0361243821680546,0,0.0685301993808025,0,
1998,4,29,4.72312223109839e-07,0,0.0160689905551408,0,
1998,4,30,0.341899394989014,0,0.185907711774234,0,
1998,5,1,0.121146313846111,2.27373675443232e-13,0.223649202211163,0,
1998,5,2,0.104998774826527,-2.27373675443232e-13,0.113302750474759,0,
1998,5,3,0.0791753828525543,-2.27373675443232e-13,0.0904438825509715,0,
1998,5,4,0.271349608898163,2.27373675443232e-13,0.17407144273875,0,
1998,5,5,0.941470265388489,0,0.597633846138706,0,
1998,5,6,4.89796161651611,0,2.93173664846563,0,
1998,5,7,2.26038002967834,2.27373675443232e-13,3.6044496686236,0,
1998,5,8,0.914363980293274,-2.27373675443232e-13,1.56997922424944,0,
1998,5,9,0.193180367350578,0,0.555830785211583,0,
1998,5,10,5.2653226852417,0,2.70234044223071,0,
1998,5,11,5.41362190246582,0,5.33859996830233,0,
1998,5,12,0.109512381255627,0,2.79162939398157,0,
1998,5,13,14.8232078552246,0,7.46807121153142,0,
1998,5,14,16.041597366333,0,15.4452166077554,0,
1998,5,15,10.4315156936646,0,13.3946977653477,0,
1998,5,16,6.0592622756958,0,8.24508934457481,0,
1998,5,17,2.50336074829102,0,4.23250034004013,0,
1998,5,18,0.888488054275513,0,1.70761285339449,0,
1998,5,19,0.101281508803368,0,0.519844356615067,0,
1998,5,20,0.0716276839375496,0,0.0881261459517191,0,
1998,5,21,0.000122802914120257,0,0.0383426089201748,0,
1998,5,22,5.67177585253376e-06,0,6.8803152316832e-05,0,
1998,5,23,2.52753343374934e-05,0,1.3671187844011e-05,0,
1998,5,24,0.00632081180810928,0,0.00370542728160217,0,
1998,5,25,0.0581700131297112,0,0.028763533037818,0,
1998,5,26,0.754140555858612,0,0.340289098505309,0,
1998,5,27,7.92776012420654,2.27373675443232e-13,4.37806873869704,0,
1998,5,28,12.5172634124756,-2.27373675443232e-13,10.1725483782921,0,
1998,5,29,2.09265971183777,0,7.3713930102258,0,
1998,5,30,0.159913569688797,0,1.12179821126756,0,
1998,5,31,0.174475207924843,0,0.168107477295962,0,
1998,6,1,1.17531275749207,0,0.660516158282007,0,
1998,6,2,1.06105434894562,0,1.12771984300616,0,
1998,6,3,0.0726120620965958,0,0.541932328471376,0,
1998,6,4,0.0158676747232676,0,0.049478370559882,0,
1998,6,5,0.0138631602749228,0,0.0146687023034247,0,
1998,6,6,0.00471150455996394,0,0.00943173150062648,0,
1998,6,7,0.0280533395707607,0,0.0176819036605593,0,
1998,6,8,0.000219293069676496,0,0.0112654796230345,0,
1998,6,9,0.00037738008541055,0,0.000317079236992868,0,
1998,6,10,8.51907157897949,0,4.25490090269341,0,
1998,6,11,2.5547730922699,0,5.59722258910915,0,
1998,6,12,0.0152666587382555,-2.27373675443232e-13,1.32820803054165,0,
1998,6,13,1.86267638206482,2.27373675443232e-13,0.840739958314771,0,
1998,6,14,2.03478693962097,0,1.94560729105797,4.54747350886464e-13,
1998,6,15,2.46022701263428,0,2.26314600842125,-4.54747350886464e-13,
1998,6,16,0.569799840450287,0,1.60798834259549,0,
1998,6,17,1.09356808662415,0,0.873017606308167,0,
1998,6,18,7.07091093063355,0,4.10444370422829,0,
1998,6,19,14.2740669250488,0,10.6795907297865,0,
1998,6,20,0.867384970188141,0,7.59839504826323,0,
1998,6,21,0.498025625944138,0,0.664335006056717,0,
1998,6,22,0.65537691116333,0,0.593197962411068,0,
1998,6,23,2.9276909828186,0,1.79621190474427,0,
1998,6,24,4.51779365539551,0,3.72605203420335,0,
1998,6,25,4.27179288864136,0,4.39859152028475,0,
1998,6,26,5.47277450561523,0,4.77929331635005,0,
1998,6,27,6.0068244934082,0,5.6713075918442,0,
1998,6,28,3.31105995178223,0,5.05310354369794,0,
1998,6,29,1.36847460269928,-2.27373675443232e-13,2.44715469056791,0,
1998,6,30,0.0648899674415588,4.54747350886464e-13,0.75987777195769,0,
1998,7,1,0.44786074757576,-2.27373675443232e-13,0.24178245834446,0,
1998,7,2,3.92948317527771,0,2.12958915222589,0,
1998,7,3,3.13791871070862,0,3.54012863708158,0,
1998,7,4,0.606912434101105,0,1.927700563283,0,
1998,7,5,0.498566180467606,0,0.554596597203272,0,
1998,7,6,1.96484375,0,1.18428794454212,0,
1998,7,7,6.27706289291382,0,4.07714745224075,0,
1998,7,8,0.363619774580002,0,3.38928607515481,0,
1998,7,9,0.192052975296974,0,0.296538432506168,0,
1998,7,10,2.67033100128174,0,1.39537430459313,0,
1998,7,11,0.375809460878372,0,1.52466387251934,0,
1998,7,12,0.34566006064415,0,0.359137497710435,0,
1998,7,13,1.31768155097961,0,0.84863096980007,0,
1998,7,14,2.7648196220398,0,2.01975128629238,0,
1998,7,15,1.93975007534027,2.27373675443232e-13,2.44043692024297,0,
1998,7,16,0.0409429147839546,-2.27373675443232e-13,1.01305891548236,0,
1998,7,17,1.36683666706085,0,0.733660495538061,0,
1998,7,18,3.53514313697815,0,2.42321258463198,0,
1998,7,19,0.945062220096588,-2.27373675443232e-13,2.24059500131716,0,
1998,7,20,8.62245559692383,2.27373675443232e-13,4.78997084424736,0,
1998,7,21,0.520410060882568,0,4.50546636633953,0,
1998,7,22,0.187825202941895,0,0.316581189455974,0,
1998,7,23,0.00757485581561923,0,0.0887194950710182,0,
1998,7,24,0.151817604899406,0,0.0830462613621421,4.54747350886464e-13,
1998,7,25,2.33566308021545,0,1.20477776771168,-4.54747350886464e-13,
1998,7,26,0.405234962701798,0,1.39396784295786,0,
1998,7,27,0.319330960512161,0,0.35814380183092,0,
1998,7,28,0.282901525497437,0,0.297294786264501,0,
1998,7,29,0.203870564699173,0,0.243738272403789,0,
1998,7,30,0.00225625862367451,0,0.0816857514528238,0,
1998,7,31,0.00658351741731167,0,0.00487569292090484,0,
1998,8,1,0.0421505123376846,0,0.0267533677952088,0,
1998,8,2,0.20432522892952,0,0.116967954792926,0,
1998,8,3,0.0599211044609547,0,0.136068565486312,0,
1998,8,4,1.43474113941193,0,0.736964405409708,0,
1998,8,5,0.606803476810455,-2.27373675443232e-13,1.02272543897743,0,
1998,8,6,0.0354030169546604,2.27373675443232e-13,0.323547183314986,0,
1998,8,7,0.000222900387598202,0,0.0187811663627144,0,
1998,8,8,0.00696723721921444,0,0.00376571765355038,0,
1998,8,9,0.0137487687170506,0,0.00985122747169953,0,
1998,8,10,0.170976310968399,0,0.0891790630385003,0,
1998,8,11,0.104206822812557,0,0.144131712915623,0,
1998,8,12,1.86439800262451,0,0.985184331860182,0,
1998,8,13,1.35321772098541,0,1.61459435713005,0,
1998,8,14,0.0421473681926727,0,0.71256098611957,0,
1998,8,15,0.514419317245483,0,0.29096510351792,0,
1998,8,16,0.405209928750992,0,0.44030717104215,0,
1998,8,17,0.0903623849153519,0,0.237917154336174,0,
1998,8,18,5.30714797973633,0,2.69931224779702,0,
1998,8,19,4.23848628997803,0,4.80290279806104,0,
1998,8,20,0.0285030789673328,0,2.15193209625068,0,
1998,8,21,0.0801025256514549,0,0.0582675425930574,0,
1998,8,22,4.2702579498291,0,2.15077670784285,-4.54747350886464e-13,
1998,8,23,1.88370954990387,0,3.05926997891402,4.54747350886464e-13,
1998,8,24,0.293343245983124,0,1.13226773197403,0,
1998,8,25,2.73626637458801,0,1.48568546119168,0,
1998,8,26,9.37025451660156,0,6.01382608623044,0,
1998,8,27,6.91642618179321,0,8.22382276694134,0,
1998,8,28,3.9803352355957,0,5.4473497943618,0,
1998,8,29,0.0598301589488983,0,2.10218721593265,0,
1998,8,30,0.182019516825676,-2.27373675443232e-13,0.116353551082284,0,
1998,8,31,1.25513052940369,2.27373675443232e-13,0.684629645155837,0,
1998,9,1,1.85209441184998,0,1.56916182086661,0,
1998,9,2,0.0172148104757071,0,1.13310496829581,0,
1998,9,3,0.00567157799378038,0,0.0116795018575431,0,
1998,9,4,0.00267732748761773,0,0.00424198514974705,0,
1998,9,5,0.0033735625911504,0,0.00308135596878856,-4.54747350886464e-13,
1998,9,6,0.342023551464081,0,0.157974641672809,4.54747350886464e-13,
1998,9,7,0.360774695873261,0,0.352689943473706,0,
1998,9,8,0.0014475533971563,0,0.184289831924616,0,
1998,9,9,0.0567465014755726,0,0.0343923492000613,0,
1998,9,10,0.00121732044499367,0,0.0318490331574139,0,
1998,9,11,0.00367787899449468,0,0.00248283056407672,0,
1998,9,12,0.026196114718914,0,0.0126679906461504,0,
1998,9,13,0.0366327427327633,0,0.0313807488601015,0,
1998,9,14,0,0,0.0202889396241517,0,
1998,9,15,0.00025267037563026,2.27373675443232e-13,0.000149590377077402,0,
1998,9,16,0.113463789224625,-2.27373675443232e-13,0.0556336202434977,0,
1998,9,17,0.0871963575482369,0,0.0982630468806747,0,
1998,9,18,1.04793214797974,0,0.571059355553189,0,
1998,9,19,1.63520121574402,0,1.34955361740776,0,
1998,9,20,0.29424861073494,0,0.981789971478065,0,
1998,9,21,0.0667502582073212,0,0.187463645461321,0,
1998,9,22,0.00174662878271192,0,0.0349773647330949,0,
1998,9,23,0.0482191555202007,0,0.0282888117162656,0,
1998,9,24,0.172318696975708,0,0.110523552851191,0,
1998,9,25,0.930132925510406,0,0.551066934544906,0,
1998,9,26,2.51996564865112,0,1.72458271557207,0,
1998,9,27,0.0403000637888908,2.27373675443232e-13,1.26510955599406,0,
1998,9,28,0.00357569311745465,-2.27373675443232e-13,0.0234096071135355,0,
1998,9,29,0.121169313788414,0,0.0585596249184164,0,
1998,9,30,0.719923913478851,0,0.424555807615434,0,
1998,10,1,0.0033494271337986,0,0.365063529310646,0,
1998,10,2,3.21493712363008e-06,0,0.00222120934722625,0,
1998,10,3,0.000195736953173764,0,7.593021109642e-05,0,
1998,10,4,7.79324674606323,0,3.88175301588126,0,
1998,10,5,19.8454475402832,0,13.7959312017774,0,
1998,10,6,6.04598045349121,0,12.8598844213939,0,
1998,10,7,0.441031485795975,0,3.35325910493339,0,
1998,10,8,8.98182770470157e-05,0,0.22235189015646,0,
1998,10,9,0.00664173765107989,0,0.00467012480112317,0,
1998,10,10,0.0578040219843388,0,0.02857342374773,0,
1998,10,11,9.75268173217773,0,4.89390243725848,0,
1998,10,12,3.15550208091736,0,6.43046973260152,0,
1998,10,13,0.0240785256028175,0,1.77283734953289,0,
1998,10,14,4.56335878372192,0,2.19948477422986,0,
1998,10,15,1.25764334201813,0,3.05715989832606,0,
1998,10,16,0.400441020727158,0,1.01860686291639,0,
1998,10,17,2.19120669364929,0,1.18245134023709,0,
1998,10,18,2.26966190338135,0,2.24550692757293,0,
1998,10,19,0.219124481081963,2.27373675443232e-13,1.30364243451277,0,
1998,10,20,0.0326792150735855,-2.27373675443232e-13,0.0909910413101898,0,
1998,10,21,0.014772498048842,0,0.0228352879912563,0,
1998,10,22,0.000698955322150141,0,0.00746389049254503,0,
1998,10,23,0.00375339644961059,0,0.00239161293666257,0,
1998,10,24,0.027135293930769,0,0.0176179900226998,0,
1998,10,25,0.801907420158386,0,0.484160649161822,0,
1998,10,26,0.548314809799194,0,0.707429218629841,0,
1998,10,27,0.0134187219664454,0,0.329338583362187,0,
1998,10,28,0.129538133740425,0,0.0845883075971869,0,
1998,10,29,3.81552028656006,0,1.88401858121415,0,
1998,10,30,1.25191450119019,0,2.58056286868123,0,
1998,10,31,0.239021927118301,0,0.767475688076047,0,
1998,11,1,0.000431009044405073,0,0.19278829612449,0,
1998,11,2,0.00013447790115606,3.63552817361779e-06,0.0130194238172408,3.63552817361779e-06,
1998,11,3,0.000181046591023915,6.31538061952597e-05,0.000129649097289075,1.08911776806053e-05,
1998,11,4,0.0113548925146461,0.00572645891179491,3.71975656889845e-05,0,
1998,11,5,0.000321866100421175,0.00583209433943921,0,0,
1998,11,6,0.00979422498494387,0.00506393915043191,0,0,
1998,11,7,0.0635141208767891,0.0353816221913803,0.00123869254184683,0,
1998,11,8,0.0150743527337909,0.0364258260483439,0.00317529006679251,0,
1998,11,9,0.9759561419487,0.226661842127669,0.268546327832155,0,
1998,11,10,2.25772929191589,0.735711897491683,0.880170457810891,0,
1998,11,11,0.290012419223785,0.663152002620791,0.619229710618129,0,
1998,11,12,0.000893465301487595,0.140776445436813,0,0,
1998,11,13,1.15359354019165,0.589588202943105,0,0,
1998,11,14,0.195099651813507,0.678191406989527,0.0121616208325577,0,
1998,11,15,0.139211639761925,0.160938479804145,0.0177946106177842,0,
1998,11,16,0.822565376758575,0.479218580665474,5.03387664139154e-05,0,
1998,11,17,0.26306015253067,0.526607888268472,0,0,
1998,11,18,5.56564378738403,2.90703304988074,0,0,
1998,11,19,2.11443662643433,3.87786715558218,0,0,
1998,11,20,0.138419955968857,1.08485260322436,0,0,
1998,11,21,0.00206373445689678,0.106205880012794,0,0,
1998,11,22,0.033956877887249,0.00248390133788234,0.0169784331910705,7.60325744949932,
1998,11,23,0.00281095411628485,0,0.018450407801538,6.46695330617285,
1998,11,24,0.349333226680756,0.0833699866307143,0.0926991585256474,0,
1998,11,25,0.0118401292711496,0.0840078353417084,0.0965787284067119,0.349967174405265,
1998,11,26,0.00215734075754881,0.00138301822903486,0.00561175613256637,0.000635966798199661,
1998,11,27,0,0.000749721807551396,0.000348887249856489,0.00216230107480442,
1998,11,28,0.00182675034739077,0.000191432874999009,0.000971903386016493,0.000191432874999009,
1998,11,29,0.0314951390028,0.00144047174103434,0.0104678465795587,0.00144047174126172,
1998,11,30,0.0019893734715879,0.00215190933317899,0.0141409320985986,0.00177680024262372,
1998,12,1,0,0.000377012966509938,0.000622176036813471,0,
1998,12,2,7.230512710521e-05,3.16889581881696e-05,1.40334395837272e-06,0,
1998,12,3,0.0105557655915618,0.00219954172598591,0.0031261466037904,0,
1998,12,4,0.938064396381378,0.44585819650797,0.028441640474739,0,
1998,12,5,0.128337040543556,0.509423012214711,0.0254276499745174,0,
1998,12,6,0.088482677936554,0.111409241807678,0,0,
1998,12,7,0.00215617357753217,0.0492187009720055,0,0,
1998,12,8,0.0113633945584297,0.00807531169130016,0,0,
1998,12,9,0.0320276655256748,0.0263110777493694,0,0,
1998,12,10,0.00272023770958185,0.0130310320473654,0,0,
1998,12,11,0.0039171576499939,0.00279938182620754,0.000273984133855265,0,
1998,12,12,0.00278779538348317,0.00281309235674598,0.000898955115189892,0,
1998,12,13,0.00242507224902511,0.00224221484222653,0.0004937385165249,0,
1998,12,14,0.00143522443249822,0.00122144408510394,0.000747278246308269,1.23529220459204,
1998,12,15,0.00590355321764946,0.000642619721475057,0.00357532591715426,0.00064261972102031,
1998,12,16,0.343080580234528,0.172055037769724,0.00243585326370521,0.000515943928803608,
1998,12,17,5.69719934463501,3.01938262687395,0,0,
1998,12,18,2.17084765434265,3.92175459801024,0,0,
1998,12,19,0.021564481779933,1.11797453832423,0,0,
1998,12,20,0.00142115750350058,0.0143988217944298,0,0,
1998,12,21,0.00049362558638677,0.00148446410821634,0,0,
1998,12,22,0.00879421830177307,0.00405463641232018,0,0,
1998,12,23,0.00720145693048835,0.00827225237230778,0,0,
1998,12,24,0.00219470262527466,0.00414250458516108,0,0,
1998,12,25,0.0249854139983654,0.0124347718895024,0,0,
1998,12,26,0.213355675339699,0.131988141430611,0,0,
1998,12,27,0.749168634414673,0.457270707478529,0,0,
1998,12,28,1.24918568134308,1.02856971086135,-9.09494701772928e-13,0,
1998,12,29,0.476243019104004,0.906096263624477,9.09494701772928e-13,0,
1998,12,30,0.256269514560699,0.378613866449996,-9.09494701772928e-13,-4.54747350886464e-13,
1998,12,31,0.0354236550629139,0.162297303465493,9.09494701772928e-13,4.54747350886464e-13,
1999,1,1,2.07377028465271,1.03412801984859,0,0,
1999,1,2,1.47923314571381,1.81832252021991,0,0,
1999,1,3,0.116831310093403,0.776692014928813,0,0,
1999,1,4,0.0882808864116669,0.095426140004065,0,0,
1999,1,5,0.429512143135071,0.234644459577339,0,0,
1999,1,6,0.00198477483354509,0.276949463469464,9.09494701772928e-13,0,
1999,1,7,5.95468045503367e-05,0.00167152136509685,-9.09494701772928e-13,0,
1999,1,8,0.000513251172378659,0.000365589938837729,0,0,
1999,1,9,0.163468688726425,0.103969783782304,0,0,
1999,1,10,0.220411613583565,0.187700213343078,0,0,
1999,1,11,0.576218247413635,0.415438060120323,9.09494701772928e-13,0,
1999,1,12,0.42684605717659,0.544654057373691,-9.09494701772928e-13,0,
1999,1,13,2.24452757835388,1.37672245587851,0,0,
1999,1,14,1.29781222343445,1.810490955143,9.09494701772928e-13,0,
1999,1,15,0.590226948261261,0.912050134528727,-9.09494701772928e-13,0,
1999,1,16,0.250861793756485,0.349141350616264,0,0,
1999,1,17,0.979917049407959,0.555381560142905,0,0,
1999,1,18,2.83038330078125,1.82887400756363,0,0,
1999,1,19,0.558911681175232,1.78372160542222,0,0,
1999,1,20,0.276259541511536,0.504764233307014,0,0,
1999,1,21,1.29326248168945,0.871942429633009,0,0,
1999,1,22,1.3117208480835,1.30344057970274,0,0,
1999,1,23,1.11600565910339,1.25849972994956,0,0,
1999,1,24,0.164853036403656,0.735036929901298,-9.09494701772928e-13,0,
1999,1,25,0.0514099299907684,0.136544419700613,9.09494701772928e-13,0,
1999,1,26,0.00344165833666921,0.0501456281883748,0,0,
1999,1,27,0.00649555260315538,0.0104550309804381,0,0,
1999,1,28,0.00873466115444899,0.00720406995128542,0,0,
1999,1,29,0.00295126950368285,0.00768090170845426,0,0,
1999,1,30,0,0.00205022518775877,0,0,
1999,1,31,0.0069157755933702,0.00359060719119952,0,0,
1999,2,1,0.165518224239349,0.0732419482367277,0.000513996460540511,0,
1999,2,2,0.40045577287674,0.245036889940366,0.000795846027358493,0,
1999,2,3,0.256795465946198,0.352118740953983,7.88765646575484e-07,0,
1999,2,4,0.0084534240886569,0.211565947646932,0,0,
1999,2,5,0.139460489153862,0.0944244269292085,0,0,
1999,2,6,0.0262676253914833,0.079631753660351,0,0,
1999,2,7,1.22179758548737,0.580203575766063,0,0,
1999,2,8,1.95358467102051,1.4295015258449,0.0611943949825218,0,
1999,2,9,0.11038576811552,0.979028379010515,0.0862787135611143,0,
1999,2,10,0.367238193750381,0.171614963964657,0,0,
1999,2,11,0.838372588157654,0.64132043774066,-9.09494701772928e-13,0,
1999,2,12,0.18849328160286,0.614744856995685,9.09494701772928e-13,0,
1999,2,13,0.0083300918340683,0.0704737363882941,0,0,
1999,2,14,0.101572118699551,0.0635540948148901,0,0,
1999,2,15,0.0909759551286697,0.0973337399245793,0,0,
1999,2,16,0.133596211671829,0.0971750013914061,0,0,
1999,2,17,0,0.0865858404904429,0,0,
1999,2,18,0.0664868280291557,0.0121954228006871,0,0,
1999,2,19,0.00276414700783789,0.0360692741519415,-9.09494701772928e-13,0,
1999,2,20,0.00124321645125747,0.00232538529212434,9.09494701772928e-13,0,
1999,2,21,0,0.00082078001219088,0,0,
1999,2,22,1.85032474994659,0.806643546758551,0,0,
1999,2,23,3.21133470535278,2.46782452968819,0,0,
1999,2,24,0.372232168912888,1.6382740798997,0.0253781451783652,0,
1999,2,25,0.00352274533361197,0.262949233111158,0.0374893800853897,0,
1999,2,26,0.965626955032349,0.0503779863649925,0.450523383015025,5.01841944731177,
1999,2,27,1.36892712116241,0.137469634809577,1.02938246760459,8.47734547024083,
1999,2,28,0.0925551131367683,0.144155190899028,0.581864771025721,3.43007008287123,
1999,3,1,0.151124686002731,0.110858675920099,0.0117759506338189,0,
1999,3,2,0.0983126908540726,0.117920842585363,0.00679755289365858,0,
1999,3,3,0.000230047924560495,0.0425817558386825,0,0,
1999,3,4,0.0409749522805214,0.0223091018190189,0,0,
1999,3,5,0.00584816327318549,0.0294561356486156,0,0,
1999,3,6,0.219163984060287,0.13492722943829,0,0,
1999,3,7,4.69087314605713,2.30733500634346,0,0,
1999,3,8,8.43600654602051,6.42648535065837,0,0,
1999,3,9,1.67113888263702,5.16389940474005,0,0,
1999,3,10,0.257072955369949,1.08320237565454,-9.09494701772928e-13,0,
1999,3,11,0.000116122726467438,0.0601371613781794,9.09494701772928e-13,0,
1999,3,12,0.000934861542191356,0.00069863402086412,0,0,
1999,3,13,0.00693977531045675,0.00394982986358627,-9.09494701772928e-13,0,
1999,3,14,0.102878376841545,0.0174016385419691,0.00174464850715594,0,
1999,3,15,0.143753603100777,0.0415522348650939,0.0699837043457592,4.48614698639767,
1999,3,16,0.394695460796356,0.0408866774769194,0.226469608486696,7.52144439942094,
1999,3,17,2.95117712020874,0.748354834279098,0.906777350563971,3.055336184726,
1999,3,18,0.2821264564991,0.861862797615004,0.748070094683499,0,
1999,3,19,0.00616862904280424,0.141826419609515,0.00123621040165745,0,
1999,3,20,0.00655349669978023,0.00230377202342424,0.00405729088379303,3.74478211618498,
1999,3,21,0.00551658356562257,0.0016722516597838,0.00436488301420468,3.75991020717265,
1999,3,22,3.73988450519391e-06,0.00123013833990626,0.00153169532950415,7.65624274012862,
1999,3,23,0.000559112464543432,0.000109196444782356,0.000170125274962629,7.71894784734468,
1999,3,24,0,0.000111509013322575,0.000171804183992208,0,
1999,3,25,0.00166341837029904,0.000450727468432888,0.000380845232939464,0,
1999,3,26,0.12687087059021,0.000450887060196692,0.0638043679382463,16.46328022328,
1999,3,27,0.136351674795151,-2.27373675443232e-13,0.131591736085284,38.6390695322252,
1999,3,28,0.526638984680176,0,0.325731861348686,0,
1999,3,29,0.078827790915966,-2.27373675443232e-13,0.317047478614768,0,
1999,3,30,1.13784008135553e-05,2.27373675443232e-13,0.0370272929167186,0,
1999,3,31,0.000432636530604214,0,0.000200333848624723,0,
1999,4,1,9.67108535766602,0,4.65829264233707,0,
1999,4,2,6.15626001358032,1.87434636165858,6.03932574811097,0,
1999,4,3,14.017578125,7.23411370914209,2.83100547312279,0,
1999,4,4,6.21232604980469,6.93310735240902,3.18184216247209,0,
1999,4,5,0.157301485538483,1.58984209785308,1.5969391835406,0,
1999,4,6,0.0504488795995712,0.0349514205252035,0.0689237756596413,9.51335247646421,
1999,4,7,0.041962556540966,0,0.046209114134399,17.0102782516947,
1999,4,8,5.94360199102084e-06,0,0.0212789926463302,0,
1999,4,9,3.97665053242235e-06,0,4.87470242660493e-06,0,
1999,4,10,0,2.27373675443232e-13,2.14270585274789e-06,0,
1999,4,11,0,-2.27373675443232e-13,0,0,
1999,4,12,0.000798142631538212,0,0.000377975422452437,0,
1999,4,13,1.13611924648285,0,0.492574350413634,0,
1999,4,14,0.697577714920044,-2.27373675443232e-13,0.877918195268649,0,
1999,4,15,0.023390106856823,0,0.340684576727654,0,
1999,4,16,0.0873171985149384,0.0107089863058718,0.0443672148649057,0.0107089863058718,
1999,4,17,0.113470919430256,0.0122029260346608,0.0864962122559518,0.0122029260346608,
1999,4,18,0.150061622262001,0,0.135142264985916,0,
1999,4,19,0.00995072536170483,0,0.0753846949828585,0,
1999,4,20,0.122636780142784,0,0.0643769618691295,0,
1999,4,21,0.00708855548873544,0,0.069052561708304,-4.54747350886464e-13,
1999,4,22,6.48233162792167e-06,0,0.00343946675820916,9.09494701772928e-13,
1999,4,23,0.00765583710744977,0,0.00393015521149209,-4.54747350886464e-13,
1999,4,24,1.86705437954515e-06,0,0.00413582068904361,0,
1999,4,25,0.00179150723852217,0,0.000785368009019294,0,
1999,4,26,0.0173523090779781,0,0.0111631520085211,0,
1999,4,27,0.0458837300539017,0,0.0313253944932512,0,
1999,4,28,0.000206706798053347,0,0.0243448676610569,0,
1999,4,29,1.88413014257094e-05,0,0.000100778310297756,0,
1999,4,30,0.00167572963982821,0,0.000731511629055603,0,
1999,5,1,0.000868945731781423,0,0.00134513409284409,0,
1999,5,2,0.000568029878195375,0,0.000740530529583339,0,
1999,5,3,0.849705457687378,0,0.433587739546056,0,
1999,5,4,9.81441211700439,-2.27373675443232e-13,5.34217935648121,0,
1999,5,5,8.51818084716797,2.27373675443232e-13,9.19920232457298,0,
1999,5,6,4.96674251556397,0,6.80876732893921,0,
1999,5,7,2.77903032302856,0,3.93111995762229,0,
1999,5,8,0.203591004014015,0,1.481303638604,0,
1999,5,9,1.07257950305939,0,0.601405259601961,0,
1999,5,10,14.922924041748,0,7.94238678465808,0,
1999,5,11,5.42909574508667,0,10.2323256604086,0,
1999,5,12,1.92205214500427,0,3.46804542318932,0,
1999,5,13,0.989350616931915,0,1.5087550985354,0,
1999,5,14,5.22846984863281,0,2.989489215297,0,
1999,5,15,3.0436065196991,0,4.01138067174907,0,
1999,5,16,0.0126668708398938,0,1.6481235998308,0,
1999,5,17,0.000281473534414545,0,0.0062988351983222,0,
1999,5,18,0.00764014478772879,0,0.00345795150133199,0,
1999,5,19,2.20786905288696,0,1.0217987529777,0,
1999,5,20,0.543006837368012,0,1.43008376383295,0,
1999,5,21,9.0640926361084,0,4.75613961123054,0,
1999,5,22,8.57123279571533,0,8.75406275844398,0,
1999,5,23,0.600995182991028,0,4.69524507272763,0,
1999,5,24,0.337941586971283,0,0.521635386699927,0,
1999,5,25,0.0161367859691381,0,0.195820162116434,0,
1999,5,26,0.175015300512314,0,0.0974098654769477,0,
1999,5,27,0.0352313704788685,0,0.0635040553752333,0,
1999,5,28,0.00311512476764619,0,0.0237200560586643,0,
1999,5,29,2.52207779884338,0,1.28081341228608,0,
1999,5,30,5.60752010345459,0,4.05302547666179,0,
1999,5,31,1.652991771698,-2.27373675443232e-13,3.60206276410099,0,
1999,6,1,0.181396350264549,2.27373675443232e-13,1.01533955085688,0,
1999,6,2,0.0536366850137711,0,0.129790513305124,0,
1999,6,3,4.56861782073975,0,2.24748275151433,0,
1999,6,4,3.03309369087219,2.27373675443232e-13,3.80383353132856,0,
1999,6,5,0.339138060808182,-2.27373675443232e-13,1.7980156900303,0,
1999,6,6,5.38739538192749,0,2.81093193898232,0,
1999,6,7,0.976400554180145,0,3.13001261740101,0,
1999,6,8,6.40902137756348,-2.27373675443232e-13,3.59456959907948,0,
1999,6,9,7.50594139099121,2.27373675443232e-13,6.95968986024673,0,
1999,6,10,0.60250198841095,0,4.13403594960619,0,
1999,6,11,0.556369066238403,0,0.579243171301641,0,
1999,6,12,0.0426050759851933,0,0.333128156344174,0,
1999,6,13,0.180634424090385,0,0.104743192767273,0,
1999,6,14,0.315780520439148,0,0.235799936970579,0,
1999,6,15,0.136915475130081,0,0.241353797815464,0,
1999,6,16,0.0124650299549103,2.27373675443232e-13,0.0676197402262915,4.54747350886464e-13,
1999,6,17,0.000577061029616743,-2.27373675443232e-13,0.00637475008625188,-4.54747350886464e-13,
1999,6,18,0.0254152063280344,0,0.0123249977168598,0,
1999,6,19,0.0700413435697556,2.27373675443232e-13,0.0477938444655592,4.54747350886464e-13,
1999,6,20,1.73170506954193,-2.27373675443232e-13,0.894426015844147,-4.54747350886464e-13,
1999,6,21,1.07076740264893,-2.27373675443232e-13,1.40045462834496,0,
1999,6,22,11.2789278030396,2.27373675443232e-13,6.14713924915122,0,
1999,6,23,11.8484878540039,0,11.5483705260922,0,
1999,6,24,0.683527708053589,0,6.3317715093981,0,
1999,6,25,15.1138982772827,0,7.91241569031081,0,
1999,6,26,10.5191583633423,0,12.893917097299,0,
1999,6,27,0.161112859845161,0,5.50349959870073,0,
1999,6,28,0.222096845507622,0,0.194321543964179,0,
1999,6,29,5.25186061859131,0,2.63914643019598,0,
1999,6,30,1.77100276947021,0,3.61762402646309,0,
1999,7,1,0.137286230921745,0,1.22867848261922,0,
1999,7,2,4.03529977798462,0,1.97150397859332,0,
1999,7,3,4.05766677856445,0,4.04569718081257,0,
1999,7,4,2.50385880470276,0,3.31323759830411,0,
1999,7,5,0.405280202627182,0,1.53564673196342,0,
1999,7,6,0.0314303226768971,0,0.23677717827195,0,
1999,7,7,2.6517961025238,2.27373675443232e-13,1.3004791964886,0,
1999,7,8,13.0368967056274,-2.27373675443232e-13,7.8364337571129,0,
1999,7,9,4.09465837478638,0,8.65384791231008,0,
1999,7,10,0.237547442317009,0,2.24331931484267,0,
1999,7,11,0.00667869346216321,0,0.194652574242355,0,
1999,7,12,1.3610372543335,0,0.653847573752501,0,
1999,7,13,7.67695808410645,0,4.52682555839965,0,
1999,7,14,14.1158714294434,0,10.8289605862592,0,
1999,7,15,10.0444793701172,0,12.1574474134959,0,
1999,7,16,3.54946494102478,0,6.89384397561298,0,
1999,7,17,0.0061373463831842,0,1.89385441218292,0,
1999,7,18,0.00719064055010676,0,0.00639676829086966,0,
1999,7,19,0.00916318502277136,0,0.00836884571617702,0,
1999,7,20,0.040488239377737,0,0.0213328413155978,0,
1999,7,21,2.72200560569763,0,1.47635446392997,0,
1999,7,22,3.30221629142761,0,3.03138378687436,0,
1999,7,23,0.0820965990424156,0,1.67463153444987,0,
1999,7,24,0.844902098178864,0,0.503316257436381,0,
1999,7,25,0.100094549357891,0,0.508340503894942,0,
1999,7,26,0.471221596002579,2.27373675443232e-13,0.26401381202777,0,
1999,7,27,0.481574773788452,-2.27373675443232e-13,0.475999205875269,0,
1999,7,28,0.0544759482145309,0,0.270739845958815,0,
1999,7,29,0.000976858660578728,0,0.0253326484180434,0,
1999,7,30,0.00291443895548582,-2.27373675443232e-13,0.00203620206957567,0,
1999,7,31,0.00155263429041952,2.27373675443232e-13,0.00225861129365512,0,
1999,8,1,8.5142077296041e-05,0,0.000627835508566932,0,
1999,8,2,0.120955795049667,0,0.0772008216936229,0,
1999,8,3,0.0744187831878662,0,0.0958766955936881,0,
1999,8,4,0.00101382227148861,0,0.0405091696720774,0,
1999,8,5,0.368229120969772,0,0.178159981795034,0,
1999,8,6,12.9361934661865,0,6.64602579243365,0,
1999,8,7,1.45261871814728,0,7.210251702405,0,
1999,8,8,1.08372616767883,0,1.31114950688425,0,
1999,8,9,1.89929211139679,0,1.49298977525905,0,
1999,8,10,2.31626343727112,2.27373675443232e-13,2.07217118625704,0,
1999,8,11,3.53873777389526,-2.27373675443232e-13,2.93089110354595,0,
1999,8,12,2.17992639541626,0,2.93368069364624,0,
1999,8,13,0.353430539369583,0,1.30500050039882,0,
1999,8,14,0.00419333297759295,0,0.194353400549517,0,
1999,8,15,4.35237598419189,0,2.21630776602251,0,
1999,8,16,1.5439590215683,0,2.9980572044351,0,
1999,8,17,3.81061601638794,0,2.62785683421498,0,
1999,8,18,0.0545592606067658,0,1.97463694245562,0,
1999,8,19,5.72530147735506e-08,0,0.0225245569490653,0,
1999,8,20,0.00026014752802439,0,0.000119044545499492,0,
1999,8,21,0.000312203948851675,0,0.00028920099066454,0,
1999,8,22,14.2303266525269,0,7.07669139544123,0,
1999,8,23,4.83974552154541,0,9.52980260961158,-4.54747350886464e-13,
1999,8,24,0.000877004989888519,0,2.40543072027867,4.54747350886464e-13,
1999,8,25,5.01795802847482e-05,0,0.000503077912071603,0,
1999,8,26,2.95899349112005e-06,0,3.08954731735867e-05,0,
1999,8,27,4.84188774407812e-07,0,1.70731982507277e-06,0,
1999,8,28,0,0,2.78640072792769e-07,0,
1999,8,29,0.0470565669238567,0,0.0307097935528873,0,
1999,8,30,0.00828365795314312,0,0.0265732206771645,0,
1999,8,31,0.423726469278336,2.27373675443232e-13,0.19317934648825,0,
1999,9,1,1.59756755828857,-2.27373675443232e-13,0.993331363015386,0,
1999,9,2,1.21958744525909,0,1.42515780443864,0,
1999,9,3,6.0429162979126,0,3.59995461684775,0,
1999,9,4,14.8882846832275,-2.27373675443232e-13,10.4502649363567,0,
1999,9,5,1.94851207733154,2.27373675443232e-13,8.39612817333546,0,
1999,9,6,0.140368342399597,0,0.994834902008733,0,
1999,9,7,2.31415462493897,0,1.24933850749221,0,
1999,9,8,3.39627957344055,0,2.85233742780838,0,
1999,9,9,1.08123302459717,2.27373675443232e-13,2.28108627245092,0,
1999,9,10,0.239219695329666,-2.27373675443232e-13,0.726237626955481,0,
1999,9,11,1.62165260314941,2.27373675443232e-13,0.874437114693137,0,
1999,9,12,3.49499702453613,-2.27373675443232e-13,2.56430393055962,0,
1999,9,13,4.5723147392273,0,3.94282956670759,0,
1999,9,14,0.496594667434692,0,2.57818567354479,0,
1999,9,15,0.155272826552391,2.27373675443232e-13,0.352985895302481,0,
1999,9,16,0.000120178403449245,-2.27373675443232e-13,0.0661258490581531,0,
1999,9,17,0.303116410970688,2.27373675443232e-13,0.124357702463385,4.54747350886464e-13,
1999,9,18,0.0473930761218071,-2.27373675443232e-13,0.183867743809969,-9.09494701772928e-13,
1999,9,19,0.0266556926071644,0,0.0390003639022325,4.54747350886464e-13,
1999,9,20,0.00559529243037105,0,0.0199941440532712,0,
1999,9,21,0.00708744907751679,0,0.00644066778477281,0,
1999,9,22,0.000903317588381469,0,0.0049427398807893,0,
1999,9,23,0.000285291636828333,0,0.000471322840894572,0,
1999,9,24,0.001545813633129,0,0.000849009949888568,0,
1999,9,25,1.73086881637573,0,0.864040572918384,0,
1999,9,26,2.75217771530151,0,2.22449892333862,0,
1999,9,27,3.73004603385925,0,3.22867337469324,0,
1999,9,28,0.389022767543793,0,2.05346505910347,0,
1999,9,29,0.00972106959670782,0,0.201013021685867,0,
1999,9,30,0.134151503443718,0,0.0502288184889039,0,
1999,10,1,0.0479202717542648,0,0.111361004574064,0,
1999,10,2,0.00419713510200381,0.000691174117719129,0.0201802474366559,0.000691174117491755,
1999,10,3,0.0344377234578133,0.000590858756822854,0.0177415802754695,0.000590858757277601,
1999,10,4,0.468378871679306,2.27373675443232e-13,0.260163298809857,0,
1999,10,5,0.0901119261980057,-2.27373675443232e-13,0.244084143680084,0,
1999,10,6,0.146379739046097,0.00631551360015692,0.107200071555781,0.00631551359992955,
1999,10,7,0.346411138772965,0.00819796335554202,0.230214308623545,0.00819796335554202,
1999,10,8,0.17357811331749,2.27373675443232e-13,0.282738585980042,0,
1999,10,9,0.148599773645401,-2.27373675443232e-13,0.156222933112076,0,
1999,10,10,0.0758855640888214,0,0.111421520514341,0,
1999,10,11,0.480282992124558,0,0.264379487396582,0,
1999,10,12,0.066988043487072,0,0.270873818088148,0,
1999,10,13,0.005493039265275,0,0.0430094983948948,0,
1999,10,14,0.174930900335312,0,0.0494856354616786,0,
1999,10,15,1.24668228626251,0,0.702315538039329,-4.54747350886464e-13,
1999,10,16,0.832673847675324,0,1.06334612563114,4.54747350886464e-13,
1999,10,17,1.12280297279358,0,0.960969352337997,0,
1999,10,18,1.00521421432495,0,1.03861213237178,0,
1999,10,19,0.155310794711113,0,0.622986718657558,0,
1999,10,20,0.00185625907033682,0,0.0874153445747652,0,
1999,10,21,0.00195461418479681,0,0.00190562136776862,0,
1999,10,22,0.0117219612002373,0,0.00615519185157609,0,
1999,10,23,0.000342162791639566,9.13915794171771e-05,0.00583188953896752,0,
1999,10,24,1.78647569555324e-05,8.96771223324322e-05,9.03366726561217e-05,0.00034464427471903,
1999,10,25,1.87205895230136e-08,0,7.99529152573086e-06,0,
1999,10,26,2.14105102713802e-06,0,1.02283775049727e-06,0,
1999,10,27,0.924155235290527,0,0.473215441390494,0,
1999,10,28,0.0453520826995373,0,0.505302357023538,0,
1999,10,29,0.00280899554491043,-2.27373675443232e-13,0.0286681871402834,0,
1999,10,30,0.00153485720511526,2.27373675443232e-13,0.00221285501902457,0,
1999,10,31,0.0661162659525871,0,0.041513348080116,0,
1999,11,1,0.405990570783615,0,0.234254188329942,0,
1999,11,2,0.00735588790848851,0.000806507601282647,0.241493463765437,0.000806507601282647,
1999,11,3,0.000215257430681959,0.00150400254324268,0.00417921480766381,0.00150400254233318,
1999,11,4,0.00185262819286436,5.45117018191377e-06,0.00102491975303565,5.45117063666112e-06,
1999,11,5,0.0018388400785625,0,0.001842315425165,0,
1999,11,6,0.00433156872168183,0,0.00256967050518142,0,
1999,11,7,3.03907285115201e-07,0,0.00308521014085272,0,
1999,11,8,0.000370120658772066,0,0.000325071176121128,0,
1999,11,9,0.00100935774389654,0,0.00125098089120002,0,
1999,11,10,0.0164804011583328,0,0.0120405856378056,0,
1999,11,11,0.000190206046681851,0,0.00770743777138705,0,
1999,11,12,0.00119633635040373,0,0.000919192718356499,0,
1999,11,13,7.09054656908847e-05,0,0.000565325470233802,0,
1999,11,14,0.00015903013991192,0,0.000102404344943352,0,
1999,11,15,6.53436529773899e-07,0,2.66308834397933e-05,0,
1999,11,16,9.38547600526363e-05,1.85353540018696e-05,2.59118078247411e-05,0,
1999,11,17,0,1.97233739527292e-05,2.72040215349989e-05,9.18730283956393e-05,
1999,11,18,0,0,0,4.54747350886464e-13,
1999,11,19,0.00106221239548177,0.000528376223883242,0,-4.54747350886464e-13,
1999,11,20,1.00719392299652,0.379569283211367,0.124561773645837,0,
1999,11,21,0.115656279027462,0.379035929173597,0.182389173238334,1.00825375771456,
1999,11,22,0.213183358311653,0.0168941422100488,0.16259654157875,0.0168941422098214,
1999,11,23,0.000292940676445141,0.0132466303730325,0.0956001366303099,0.0131612025538743,
1999,11,24,0.00660127634182572,0.00330035587899147,0.000144232715683756,0,
1999,11,25,1.64162111282349,0.803847502015742,0.0202536925426102,0,
1999,11,26,0.275689452886581,0.868817083985277,0.0915506896217266,0,
1999,11,27,0.0787331387400627,0.102468802800786,0.0804632010149362,0,
1999,11,28,0.00148196879308671,0.0350783007834252,0.00510453681454237,0,
1999,11,29,0.000308484130073339,0.000886545131834282,0,0,
1999,11,30,0.000148766979691572,0.000154411376342978,4.01277047785698e-05,0,
1999,12,1,0.0862296521663666,4.62599175534706e-05,0.0431429549353197,2.01233015755224,
1999,12,2,0.0315577834844589,1.74274121036433e-05,0.0526570739002636,1.74274118762696e-05,
1999,12,3,0.0198154337704182,0.00131437826803449,0.0229631131132919,0.00131437826803449,
1999,12,4,0.0334914922714233,0.00959864297897184,0.0170552282579592,0.00105991405916939,
1999,12,5,0.00162191968411207,0.00939175473740761,0.00825274879571225,0,
1999,12,6,0.00035978970117867,0.000926656200817888,0,0,
1999,12,7,0.000264626141870394,0.000282803668824272,3.66540261893533e-05,0,
1999,12,8,0.0167407989501953,0.00680347824641103,0.00165575034588983,0,
1999,12,9,0.000388251442927867,0.0070915362107371,0.00165738978103036,0,
1999,12,10,0.0474943406879902,0.024138129160292,0,0,
1999,12,11,0.0854912251234055,0.0642737975351793,0.00190147223838721,0,
1999,12,12,0.00458262721076608,0.0436271102516912,0.00196009526553098,0,
1999,12,13,1.93955159187317,0.882464967624401,0.0891187813249417,0,
1999,12,14,1.01045906543732,1.13080529996455,0.341916393788779,0,
1999,12,15,0.403576016426086,0.453710199483567,0.245324651523333,0,
1999,12,16,0.00177402899134904,0.207962323599759,0,0,
1999,12,17,0.0541788376867771,0.0240996732134136,0,0,
1999,12,18,1.68890273571014,0.882726789113349,0,0,
1999,12,19,3.41922736167908,2.56243470079858,0,0,
1999,12,20,0.474827885627747,1.94521497743153,0,0,
1999,12,21,0.00027692352887243,0.207153252010585,0,0,
1999,12,22,0.0920083448290825,0.0710153037236978,0,0,
1999,12,23,0.129511415958405,0.118757899261709,0,0,
1999,12,24,0.0295061692595482,0.0610582812360008,0,0,
1999,12,25,0.272748053073883,0.090005177809644,0.0636214756468689,0,
1999,12,26,2.00813484191895,1.04267482292516,0.0647148973785079,-4.54747350886464e-13,
1999,12,27,0.265572220087051,1.1601368395668,0,4.54747350886464e-13,
1999,12,28,0.083965465426445,0.130511361252275,0.00580038414409501,0,
1999,12,29,0.136553511023521,0.056454406947978,0.069498938812103,0,
1999,12,30,1.03948211669922,0.539209132674387,0.0439870578793489,0,
1999,12,31,0.350695759057999,0.690688938913127,0,4.54747350886464e-13,
2000,1,1,0.630528807640076,0.450127358632926,0,0,
2000,1,2,0.749808788299561,0.712442017298372,0,-4.54747350886464e-13,
2000,1,3,0.622189700603485,0.658335713974338,0,0,
2000,1,4,0.848788678646088,0.68000840157174,0,0,
2000,1,5,1.85136532783508,1.38437379050561,0,0,
2000,1,6,0.138184174895287,1.04761838846639,0,0,
2000,1,7,0.432220160961151,0.241413181329563,-1.81898940354586e-12,-4.54747350886464e-13,
2000,1,8,0.154181942343712,0.212822942355388,1.81898940354586e-12,4.54747350886464e-13,
2000,1,9,0.0116404052823782,0.0376340704347058,0,0,
2000,1,10,0.579999029636383,0.288321024152083,0,0,
2000,1,11,0.0171551369130611,0.231604622832037,0,0,
2000,1,12,0.00139279838185757,0.0112875419442844,0,0,
2000,1,13,0.105782516300678,0.0164012185152842,0,0,
2000,1,14,3.73152732849121,1.9556313759515,0,0,
2000,1,15,0.50941789150238,2.05138536607092,0,0,
2000,1,16,0.306659191846848,0.430603053450113,0,0,
2000,1,17,0.118976697325706,0.234287016138751,0,0,
2000,1,18,0.0592114739120007,0.0864887819727755,0,0,
2000,1,19,0.00770753109827638,0.0312020323835895,0,0,
2000,1,20,0.000549003889318556,0.00530689400784468,0,0,
2000,1,21,2.58061766624451,1.28181774652194,0,0,
2000,1,22,0.937381386756897,1.75822946232279,0,0,
2000,1,23,0.0574600882828236,0.480721308645343,0,0,
2000,1,24,0.0484229363501072,0.0554852973004927,0,0,
2000,1,25,0.0505569465458393,0.0499503801397623,0,0,
2000,1,26,0,0.0327747382607413,0,0,
2000,1,27,0.0733679011464119,0.0156232595779784,0,0,
2000,1,28,0,0.0290549988496878,0,0,
2000,1,29,1.9399625728056e-07,1.0203393685515e-07,0,0,
2000,1,30,0.00232388847507536,0.00061781787644577,0,0,
2000,1,31,0.0117027750238776,0.00769642194654807,0,0,
2000,2,1,0.00891324132680893,0.0100999462279106,0,0,
2000,2,2,0.724175691604614,0.412446200346949,0,0,
2000,2,3,1.4772013425827,1.14468070845101,0,0,
2000,2,4,0.249984815716743,0.952203958310292,0,0,
2000,2,5,0.00320467166602612,0.12659405886734,0,0,
2000,2,6,0.000298271683277562,0.00180366620611494,0,0,
2000,2,7,0.000260513421380892,0.000287232408936688,0,0,
2000,2,8,0.168823972344399,0.0327577321768331,0,0,
2000,2,9,0.0543527603149414,0.139908868922475,0,0,
2000,2,10,0.00703366985544562,0.0356147431832596,0,0,
2000,2,11,0.000782378949224949,0.0036582912916856,0,0,
2000,2,12,2.77254980574071e-06,0.00065742204765229,0,0,
2000,2,13,0.442928791046143,0.154571790736327,0,0,
2000,2,14,0.156052812933922,0.299606146666747,0,0,
2000,2,15,0.00669522909447551,0.0824742975310073,0,0,
2000,2,16,0.578597784042358,0.344487554004672,0,0,
2000,2,17,0.0730678662657738,0.450215988694026,0,0,
2000,2,18,0.00432087853550911,0.0455355714238976,0,0,
2000,2,19,0.00157028075773269,0.00407729161543102,0,0,
2000,2,20,0.00410463660955429,0.00296730555146496,0,0,
2000,2,21,0.00156645651441067,0.00224604453342181,0.000589499777561287,1.56426307028141,
2000,2,22,0.00438444456085563,0.000193782614132942,0.00278128184436355,15.4562039303883,
2000,2,23,0.0161426775157452,2.27373675443232e-13,0.0102639340930182,15.0756977623246,
2000,2,24,0.473123669624329,0,0.266467080802613,0,
2000,2,25,17.0156497955322,0,8.83798057864078,0,
2000,2,26,12.1064167022705,0,14.5083117019694,0,
2000,2,27,0.182722866535187,0.00519789945087723,6.14155997894341,0.0051978994520141,
2000,2,28,0.00268152076750994,0.00496968891593497,0.0837486147247546,0.00496968891593497,
2000,2,29,0.0107173956930637,-2.27373675443232e-13,0.00725329187662283,0,
2000,3,1,0.0166568085551262,0.00530172193634826,0.00838469938207709,0,0.161371421813965
2000,3,2,4.11817127314862e-05,0.00535425492648756,0.00305768508769688,0,0.124342863900321
2000,3,3,0.0012689494760707,1.1224158697587e-05,0.000643841309283744,0.0167605237274984,0.0959999970027379
2000,3,4,0.168038204312325,0,0.0900709942052345,0,0.200685719081334
2000,3,5,0.0905866026878357,0,0.138815290783896,0,0.339657129560198
2000,3,6,0.637873232364655,0,0.390461723880435,0,0.415542847769601
2000,3,7,0.178129434585571,0,0.480886019771788,0,0.419657135009766
2000,3,8,0.101841583848,0.0165812911116063,0.123408997646038,0.0165812911118337,0.281142861502511
2000,3,9,0.00481828022748232,0.018992512324985,0.034337430517553,0.01658337274921,0.139885711669922
2000,3,10,6.77452408126555e-06,0.00237640895625191,0,0,0.0740571430751256
2000,3,11,0.000340173515724018,0.000166186752267095,0,0,0.0457142863954817
2000,3,12,0.579036831855774,0.289634314753357,0,0,0.0269714287349156
2000,3,13,0.0353352129459381,0.308871154316421,0,0,0.0173714280128479
2000,3,14,0.0106693170964718,0.0248396462891378,0,0,0.0128000003950936
2000,3,15,0.00196200888603926,0.00616211637475317,0,0,0.010971428666796
2000,3,16,0.0980563759803772,0.0518378387444045,0,0,0.00914285693849836
2000,3,17,0.79210489988327,0.442250379566985,0,0,0.00868571400642395
2000,3,18,0.0502236559987068,0.396052558438669,0.0251118211217545,1.53418144358466,0.0100571428026472
2000,3,19,0.00260040652938187,0,0.0293445466668345,0,0.0160000000681196
2000,3,20,0.269389480352402,0,0.13347798680843,0,0.0233142852783203
2000,3,21,0.0294189173728228,0,0.167979450352505,0,0.0246857149260385
2000,3,22,0.00218997220508754,0,0.0179074601164757,0,0.0242285711424691
2000,3,23,8.3470458984375,0,4.21559214151057,0,0.0457142863954817
2000,3,24,6.83968687057495,0,8.03429849638451,0,0.124342863900321
2000,3,25,1.17557871341705,0,4.06488368386817,0,0.0790857110704695
2000,3,26,0.365862846374512,0,0.836298924101357,0,0.0434285708836147
2000,3,27,0.159144073724747,0.0143189824159435,0.265874935397733,0.0143189824161709,0.0223999994141715
2000,3,28,0.00129008758813143,0.0176571019155745,0.0630479585997819,0.0173336322445721,0.0132571424756731
2000,3,29,0.0841342955827713,0.000324956125723475,0.0423872378032684,0.0012867089676547,0.0114285715988704
2000,3,30,0.781929433345795,0,0.367811755219009,0,0.00868571400642395
2000,3,31,0.697799623012543,0,0.73514118149069,0,0.00685714270387377
2000,4,1,0.0443132445216179,0,0.349464473678381,0,0.00594285726547241
2000,4,2,0.769116938114166,0,0.438073049697778,0,0.00502857140132359
2000,4,3,0.446012496948242,0,0.629112701841223,0,0.002742857166699
2000,4,4,0.396088391542435,0.0363484177171358,0.391719002307582,0.0363484177169084,0.00228571423462459
2000,4,5,3.82599306106567,0.051528338030721,2.02672117654038,0.0515283380309484,0.00228571423462459
2000,4,6,0.569969713687897,0.230428099598839,1.96757113823878,0,0.0013714285833495
2000,4,7,0.0103194806724787,0.234759737641753,0.0557886195656465,0,0.000914285757711955
2000,4,8,0.0879145637154579,0.00400239767009225,0.0451146265641,0.580689170667938,0.0013714285833495
2000,4,9,0.00653642462566495,0.00130642574549711,0.0459436322089459,0,0.000914285757711955
2000,4,10,0.156719416379929,0.0614119179949739,0.0202141878307884,0,0.000914285757711955
2000,4,11,0.0361226499080658,0.0762793081080417,0.0201997861877317,0,0.000914285757711955
2000,4,12,0.485599011182785,0.0984102550435182,0.162445954505529,0,0.000914285757711955
2000,4,13,0.173192650079727,0.0822799367701919,0.247114302912451,0.54354629041336,0.000914285757711955
2000,4,14,0.396408081054688,0.198201108484909,0.086597606063151,-4.54747350886464e-13,0.000914285757711955
2000,4,15,0.122769497334957,0.260809101892619,0,0,0.000457142878855978
2000,4,16,0.0353546887636185,0.0685508594820021,0.00916411346224777,0,0.000457142878855978
2000,4,17,0.00195430614985526,0.00878723790515323,0.00986726347582589,0.554404482049449,0.000457142878855978
2000,4,18,0.202307090163231,0,0.121917817072244,0,0.000457142878855978
2000,4,19,4.85882301290985e-05,0,0.0728967253289738,0,0
2000,4,20,2.88981482299278e-05,0,3.78044369426789e-05,0,0
2000,4,21,0.262363195419312,0,0.0772652999639831,0,0
2000,4,22,0.00296742166392505,0,0.153765064000254,0,0
2000,4,23,0.000110138942545746,0,0.0020382493694342,0,0
2000,4,24,1.51945314428303e-05,0,7.53127551433863e-05,0,0
2000,4,25,0.00121470913290977,0,0.000533324631760479,0,0
2000,4,26,0.0432420000433922,0,0.0223704017971613,0,0
2000,4,27,0.0427976027131081,0,0.0431048404134344,0,0
2000,4,28,0.0810017809271812,0,0.0590349812009663,0,0
2000,4,29,0.670795381069183,0,0.381359838131175,0,0
2000,4,30,0.59015417098999,0,0.620666299011646,0,0
2000,5,1,0.0987249463796616,0,0.351382337104951,0,0
2000,5,2,1.14762087832787e-05,0,0.048363955489549,0,0
2000,5,3,0.0275971554219723,0,0.0122826132046612,0,0
2000,5,4,0.00225126254372299,0,0.0157364470233006,0,0
2000,5,5,6.09294748306274,0,3.04519714721209,0,0
2000,5,6,5.73930883407593,0,5.90540537133893,0,0.0745142868586949
2000,5,7,2.93781709671021,0,4.37809735233532,0,0.0521142857415336
2000,5,8,0.662100493907929,0,1.82948012814632,0,0.010971428666796
2000,5,9,1.91888689994812,2.27373675443232e-13,1.24637733482086,0,0.00502857140132359
2000,5,10,0.522712707519531,-2.27373675443232e-13,1.25578903484529,0,0.002742857166699
2000,5,11,9.71462917327881,0,5.12920772399411,0,0.0013714285833495
2000,5,12,6.79582500457764,0,8.31902243471086,0,0.005485714333398
2000,5,13,1.90661752223969,0,4.30578134954521,0,0.00777142899377005
2000,5,14,0.129004716873169,0,1.03340037226189,0,0.00594285726547241
2000,5,15,0.00455556903034449,0,0.0564385745401523,0,0.00457142846924918
2000,5,16,0.031604215502739,0,0.0166662645733595,0,0.002742857166699
2000,5,17,0.00390792265534401,0,0.0215298409548268,0,0.00182857151542391
2000,5,18,0.000158979441039264,0,0.00156135901488597,0,0.000914285757711955
2000,5,19,0.0594979748129845,-2.27373675443232e-13,0.0236049787072261,0,0.000457142878855978
2000,5,20,0.173870176076889,2.27373675443232e-13,0.113812799419975,-4.54747350886464e-13,0.000457142878855978
2000,5,21,1.27351939678192,0,0.714680868044525,4.54747350886464e-13,0.000457142878855978
2000,5,22,2.40037751197815,0,1.83516878410228,0,0.000457142878855978
2000,5,23,2.72285079956055,0,2.58907384316808,0,0.000914285757711955
2000,5,24,0.0972619503736496,-2.27373675443232e-13,1.46906962965295,0,0.000914285757711955
2000,5,25,0.000343257153872401,2.27373675443232e-13,0.0538425330760219,0,0.000457142878855978
2000,5,26,0.00989764463156462,0,0.00451434076967416,0,0
2000,5,27,0.043699573725462,0,0.0266431561885838,0,0
2000,5,28,0.0322060734033585,0,0.0377564515674749,0,0
2000,5,29,0.0427646562457085,0,0.0366642062490428,0,0
2000,5,30,0.171773120760918,0,0.0876409852098732,0,0
2000,5,31,0.0578977726399899,0,0.106565233345464,0,0
2000,6,1,3.61445379257202,0,1.82631524355929,0,0
2000,6,2,0.773485124111176,0,2.20628089024831,0,0
2000,6,3,0.0209741685539484,0,0.400916884280377,0,0
2000,6,4,0.016597980633378,0,0.0189367925704573,0,0
2000,6,5,3.40226761181839e-05,0,0.00873334070092824,0,0
2000,6,6,1.24469923973084,0,0.623418938936084,0,0
2000,6,7,0.433674663305283,0,0.843703591228405,0,0
2000,6,8,1.55666708946228,-2.27373675443232e-13,0.987394662812221,0,0
2000,6,9,4.19508838653564,2.27373675443232e-13,2.862761735194,0,0
2000,6,10,4.79922151565552,0,4.49372538024545,0,0
2000,6,11,7.24817371368408,0,5.96230446926893,0,0
2000,6,12,18.6382217407227,0,12.9086198384994,0,0
2000,6,13,24.6562061309814,0,21.5485285131854,0,0
2000,6,14,15.031717300415,0,19.8295015509757,0,0.00685714270387377
2000,6,15,3.83806896209717,0,9.48898602591544,0,0.0388571432658604
2000,6,16,0.434748351573944,0,2.16785576862276,0,0.195199993678502
2000,6,17,0.176939427852631,0,0.318336879296112,0,0.127542863573347
2000,6,18,0.0946580693125725,0,0.13471166034833,0,0.0813714299883161
2000,6,19,7.47664213180542,0,3.69625763896511,0,0.0703999996185303
2000,6,20,17.606201171875,2.27373675443232e-13,12.5770580519402,0,0.0676571437290737
2000,6,21,8.65733909606934,-2.27373675443232e-13,13.254228095695,0,0.0653714316231864
2000,6,22,7.40710639953613,-2.27373675443232e-13,8.07934595064035,0,0.337371417454311
2000,6,23,3.64798855781555,2.27373675443232e-13,5.51962906254448,0,0.373485701424735
2000,6,24,1.52063202857971,0,2.50690274295812,0,0.366628565107073
2000,6,25,1.43643534183502,0,1.47918702577772,0,0.304000009809222
2000,6,26,1.16504549980164,2.27373675443232e-13,1.30913921395768,0,0.244571440560477
2000,6,27,0.270407795906067,-2.27373675443232e-13,0.788908735949008,0,0.208000005994524
2000,6,28,0.392495661973953,0,0.334330204677826,0,0.163199996948242
2000,6,29,0.0317035764455795,2.27373675443232e-13,0.224700645478151,0,0.124342863900321
2000,6,30,0.685574233531952,-2.27373675443232e-13,0.406389403346111,0,0.0868571417672294
2000,7,1,0.0281887669116259,0,0.310069395914979,0,
2000,7,2,0.174562275409698,0,0.10697747555605,0,
2000,7,3,0.0212960578501225,0,0.108409230295365,0,
2000,7,4,10.9502811431885,0,5.42984863320635,0,
2000,7,5,1.93430960178375,0,6.52863648478524,0,
2000,7,6,9.56228446960449,0,5.83436617551342,0,
2000,7,7,7.5431432723999,0,8.58923092934856,0,
2000,7,8,0.448376715183258,0,4.0980561469969,0,
2000,7,9,0.0866660624742508,-2.27373675443232e-13,0.268941897858895,0,
2000,7,10,0.35507920384407,2.27373675443232e-13,0.246881593358921,0,
2000,7,11,8.81648063659668,0,4.64229231623722,0,
2000,7,12,6.51655530929565,0,7.64715689584955,0,
2000,7,13,0.0116437179967761,0,3.36381708142108,0,
2000,7,14,8.07833348517306e-05,0,0.00515207322314382,0,
2000,7,15,6.68816423416138,0,3.2454687493082,0,
2000,7,16,2.79223895072937,2.27373675443232e-13,4.77480399850174,0,
2000,7,17,0.000467382778879255,-2.27373675443232e-13,1.39150733053611,0,
2000,7,18,0.00271041831001639,0,0.00174862317180668,0,
2000,7,19,0.166709199547768,0,0.079420113708693,0,
2000,7,20,0.0231570843607187,0,0.102953569259626,0,
2000,7,21,0.00811332371085882,0,0.0164311053849815,0,
2000,7,22,0.00258973869495094,0,0.00488354457047535,0,
2000,7,23,3.33124709129334,0,1.62817314111089,0,
2000,7,24,7.02630996704102,0,5.14264582308533,0,
2000,7,25,1.83512783050537,0,4.44164315166017,0,
2000,7,26,0.639781951904297,0,1.21801102748759,0,
2000,7,27,8.71655938681215e-05,-2.27373675443232e-13,0.329315062766909,0,
2000,7,28,0.00226207915693522,2.27373675443232e-13,0.00115519543942355,0,
2000,7,29,0.0861782655119896,0,0.0500124341724586,0,
2000,7,30,0.396480917930603,0,0.219730008571787,0,
2000,7,31,1.06363999843597,0,0.739970082684522,0,
2000,8,1,0.0218864418566227,0,0.552750261796973,0,
2000,8,2,0.286412447690964,0,0.152987304847557,0,
2000,8,3,0.234249114990234,0,0.258657923350256,0,
2000,8,4,0.911973595619202,0,0.600614823846627,0,
2000,8,5,18.9662704467773,0,9.92342636017383,0,
2000,8,6,8.36178684234619,0,13.7448847965352,0,
2000,8,7,4.3185396194458,0,6.30563231415545,0,
2000,8,8,0.670762479305267,0,2.4976202967282,0,
2000,8,9,0.0864835157990456,0,0.360364833666608,0,
2000,8,10,1.74538552761078,0,0.813600370003769,0,
2000,8,11,28.2011833190918,0,14.9041270534926,0,
2000,8,12,13.4042596817017,0,20.8030326133758,0,
2000,8,13,0.504876554012299,0,6.9859182589189,0,
2000,8,14,0.541366517543793,0,0.52316427169535,0,
2000,8,15,0.0843336954712868,2.27373675443232e-13,0.330759211459736,0,
2000,8,16,4.02510499954224,-2.27373675443232e-13,2.02540711015718,0,
2000,8,17,0.688717603683472,2.27373675443232e-13,2.28734915055247,0,
2000,8,18,0.0241584219038487,-2.27373675443232e-13,0.388113005043124,0,
2000,8,19,3.08127975463867,0,1.74254005209514,0,
2000,8,20,9.43838214874268,0,6.22211025535944,0,
2000,8,21,10.7031364440918,0,10.1635550072842,0,
2000,8,22,0.0544088706374168,0,5.38940111071133,0,
2000,8,23,0.00363674061372876,0,0.0274616263468488,0,
2000,8,24,0.00191060942597687,0,0.00285067632103164,0,
2000,8,25,0.181252211332321,0,0.0801949574124592,0,
2000,8,26,0.041831336915493,2.27373675443232e-13,0.097472878112967,0,
2000,8,27,12.6976871490479,-2.27373675443232e-13,6.37355211242539,0,
2000,8,28,13.876914024353,0,13.2880558043544,0,
2000,8,29,5.48983860015869,0,9.6872498571156,0,
2000,8,30,13.5732383728027,0,9.54941657528616,0,
2000,8,31,5.35115671157837,0,9.48860293848338,0,
2000,9,1,0.110371597111225,0,2.82924259750871,0,
2000,9,2,4.23636913299561,0,2.094217793192,0,
2000,9,3,1.71089327335358,0,3.08331707069556,0,
2000,9,4,1.63092184066772,0,1.66674569569295,0,
2000,9,5,6.54040765762329,0,3.94037047523125,0,
2000,9,6,7.32447719573975,0,6.94392508098827,0,
2000,9,7,0.0286335051059723,0,3.77947657655204,0,
2000,9,8,0.151769071817398,0,0.0893235618714243,0,
2000,9,9,0.616685092449188,0,0.385786185715915,0,
2000,9,10,0.0525489710271359,0,0.297490953398665,0,
2000,9,11,0.0211932342499495,0,0.0391855212510563,0,
2000,9,12,0.000466032244730741,0,0.0123648852968472,0,
2000,9,13,0.00102141452953219,0,0.000791539570855093,-4.54747350886464e-13,
2000,9,14,0.0586841404438019,0,0.0326953486273851,4.54747350886464e-13,
2000,9,15,0.0294358674436808,0,0.0441939525571797,0,
2000,9,16,0.00062559440266341,0,0.0168818807233038,0,
2000,9,17,1.12402108243259e-06,0,0.000361832411726937,0,
2000,9,18,4.62617778778076,0,2.34683206103909,0,
2000,9,19,6.81484746932983,0,5.66452982277224,0,
2000,9,20,1.54188096523285,2.27373675443232e-13,4.29202504286877,4.54747350886464e-13,
2000,9,21,2.227215051651,-2.27373675443232e-13,1.87331017184442,-4.54747350886464e-13,
2000,9,22,3.51665043830872,0,2.88616066666145,0,
2000,9,23,1.2115740776062,2.27373675443232e-13,2.32997519503078,0,
2000,9,24,0.00226826965808868,-2.27373675443232e-13,0.67212847735027,0,
2000,9,25,0.149264931678772,0,0.0774433056885755,0,
2000,9,26,0.208273559808731,0,0.180785267903048,0,
2000,9,27,0.794148564338684,0,0.463156884554337,0,
2000,9,28,0.354426711797714,0,0.585333948554762,0,
2000,9,29,6.58727876725607e-05,0,0.197631821292816,0,
2000,9,30,0.0713802054524422,0,0.0340087836939347,0,
2000,10,1,0.926325619220734,0,0.475270407911012,0,
2000,10,2,0.848345220088959,0,0.890766458138387,0,
2000,10,3,0.000228780292673036,0,0.449520586358631,0,
2000,10,4,0.528071582317352,0,0.227277553332897,0,
2000,10,5,0.824246108531952,0,0.697461277866751,0,
2000,10,6,0.211322233080864,0.043960462537143,0.473831072964458,0,
2000,10,7,0.00852229353040457,0.0452429377278349,0.064679696031817,0.212601267734954,
2000,10,8,5.86460810154676e-05,0.00125237151451074,0.00294267456411035,0.00125237151496549,
2000,10,9,2.65766211668961e-05,2.27373675443232e-13,4.42578802903881e-05,0,
2000,10,10,8.76359172252705e-06,-2.27373675443232e-13,2.0179193597869e-05,0,
2000,10,11,4.19573609633517e-07,0,5.77233004150912e-06,0,
2000,10,12,0.413571059703827,0,0.187876447582312,0,
2000,10,13,1.1292986869812,0,0.794736836847733,0,
2000,10,14,0.037536546587944,0,0.55476038094821,0,
2000,10,15,0.00574893690645695,0,0.0247652346533869,0,
2000,10,16,0.00264039472676814,0,0.00469278027412656,0,
2000,10,17,0.000107213920273352,-2.27373675443232e-13,0.00126232745242305,0,
2000,10,18,0.000691513996571302,2.27373675443232e-13,0.00041075481021835,0,
2000,10,19,0.022000988945365,0,0.0142736666330165,0,
2000,10,20,2.60057299783512e-06,0,0.0099991036549909,0,
2000,10,21,1.93647956621135e-05,0,8.50041396915913e-06,0,
2000,10,22,0.0323784947395325,0,0.0114375285265851,0,
2000,10,23,1.27630191855133e-05,0,0.0107039283557242,0,
2000,10,24,1.43276822566986,-2.27373675443232e-13,0.703730771740084,0,
2000,10,25,5.28470373153687,2.27373675443232e-13,3.356393371183,0,
2000,10,26,7.24142599105835,0,6.2619103568104,0,
2000,10,27,3.64883828163147,0,5.50797320284255,0,
2000,10,28,0.249175235629082,0,1.90346221032269,0,
2000,10,29,1.73886215686798,0,1.07204172513048,0,
2000,10,30,0.871192574501038,0,1.32117839946295,0,
2000,10,31,2.18247675895691,0,1.48109408062919,0,
2000,11,1,19.9197940826416,0,11.0433515582845,0,
2000,11,2,10.2291555404663,0,15.0468478319835,0,
2000,11,3,0.785635650157929,0,5.50952661955307,0,
2000,11,4,0.0987207517027855,0,0.402650956100842,0,
2000,11,5,8.52939510345459,0,4.13499365488497,0,
2000,11,6,19.9672088623047,0,14.2510712169733,0,
2000,11,7,17.0897464752197,0,18.5337125005171,0,
2000,11,8,5.07905149459839,1.47598600000129,9.60840809262299,0,
2000,11,9,0.339526891708374,1.65499757475595,1.07107186519715,0,
2000,11,10,0.0760622471570969,0.196538556917631,0,0,
2000,11,11,1.6002699136734,0.818011176159644,0,0,
2000,11,12,2.64691114425659,2.09865703862397,0,0,
2000,11,13,0.256590515375137,1.48647283456216,0,0,
2000,11,14,0.0039110048674047,0.119915553075998,0,0,
2000,11,15,0.375264078378677,0.177022606773107,0,0,
2000,11,16,0.0268410965800285,0.201106123264935,1.81898940354586e-12,0,
2000,11,17,0.0905731096863747,0.0593935189729109,-1.81898940354586e-12,0,
2000,11,18,2.75462079048157,1.40992348032955,0,0,
2000,11,19,1.28149497509003,2.01053473352113,0,-4.54747350886464e-13,
2000,11,20,0.0022856320720166,0.648912474244071,0,4.54747350886464e-13,
2000,11,21,0.00283273193053901,0.00255764015423665,0,0,
2000,11,22,0.101855434477329,0.0549090464817255,0,0,
2000,11,23,0.00151800457388163,0.0525804544840867,0,0,
2000,11,24,0.00119048089254648,0.00137625581351131,0,0,
2000,11,25,0.052786935120821,0.0308717008806525,0,0,
2000,11,26,0.00106151832733303,0.0269585613414165,0,0,
2000,11,27,0.0532560162246227,0.0229540476218517,0,0,
2000,11,28,0.434450566768646,0.26393367212836,0,0,
2000,11,29,0.0728557631373406,0.252512244520631,0,0,
2000,11,30,0.0448241196572781,0.0601410310543997,0,0,
2000,12,1,0,0.0188283339869031,0,0,
2000,12,2,0.0890735015273094,0.0418154737969871,0,0,
2000,12,3,0.105578005313873,0.0984896741949797,0,0,
2000,12,4,0.10031708329916,0.103363426026817,0,0,
2000,12,5,0.853269159793854,0.489649876755493,0,0,
2000,12,6,2.139404296875,1.45967191169484,0,0,
2000,12,7,1.13728046417236,1.70484882545384,0,0,
2000,12,8,2.31122255325317,1.66877501486056,0,0,
2000,12,9,1.0799754858017,1.72912670419123,0,0,
2000,12,10,0.119336687028408,0.51694767749882,0,0,
2000,12,11,0.00134897057432681,0.0693481997461731,0,0,
2000,12,12,0.000479990005260333,0.000900044426998647,1.81898940354586e-12,0,
2000,12,13,0.0026755309663713,0.00149836634273015,-1.81898940354586e-12,0,
2000,12,14,3.45031094551086,1.76919810248387,0,0,
2000,12,15,2.76066637039185,3.1288049337943,0,0,
2000,12,16,0.72832179069519,1.83408187778036,0,0,
2000,12,17,3.81886577606201,2.18302638941668,0,0,
2000,12,18,0.885318696498871,2.35077948912226,0,0,
2000,12,19,3.59287071228027,2.14163211194636,0,0,
2000,12,20,1.29022800922394,2.50653529338024,0,0,
2000,12,21,0.0380241535604,0.758541387978085,0,0,
2000,12,22,0.174461022019386,0.0789273152615806,0,0,
2000,12,23,0.0351396165788174,0.140880189927884,0,0,
2000,12,24,0.0223300494253635,0.0331618536390579,0,0,
2000,12,25,0.0300214774906635,0.0275557763643519,0,0,
2000,12,26,0.465764492750168,0.10643041393223,0,0,
2000,12,27,1.00235843658447,0.779475850136123,0,0,
2000,12,28,1.43127369880676,1.29480844283762,0,0,
2000,12,29,0.187681585550308,0.774971736914495,0,0,
2000,12,30,0.00224665435962379,0.0350829029216584,0,0,
2000,12,31,0.00180266401730478,0.00192299111267857,0,0,
2001,1,1,0.00980862509459257,0.00308083503500711,0,0,
2001,1,2,1.48279500007629,0.675836538352087,0,0,
2001,1,3,0.140257686376572,0.815054452049026,0,0,
2001,1,4,0.00868555717170239,0.111164090234297,0,0,
2001,1,5,1.00855851173401,0.377032029619841,0,0,
2001,1,6,0.216040566563606,0.728620633221681,0,0,
2001,1,7,0.272430896759033,0.245500419395739,0,0,
2001,1,8,0.0506436228752136,0.200147542486548,0,0,
2001,1,9,0.00301070138812065,0.0459735272136186,0,0,
2001,1,10,0.0042434367351234,0.00729370582189404,0,0,
2001,1,11,0,0.0022576752387522,0,0,
2001,1,12,1.23424470075406e-05,1.10321427655435e-05,0,0,
2001,1,13,0,9.92340437733219e-06,0,0,
2001,1,14,0.00485422275960445,0.00211616089586641,0,0,
2001,1,15,0.133385196328163,0.0223087113402016,0,0,
2001,1,16,0.0582112297415733,0.0876599366827122,0,0,
2001,1,17,1.32324647903442,0.516399813652242,0,0,
2001,1,18,0.352495044469833,0.949191220282955,0,0,
2001,1,19,0.000998118543066084,0.0932841738379011,0,0,
2001,1,20,0.00305863819085062,0.00243956074837115,0,0,
2001,1,21,0.0475608333945274,0.0190483047597354,0,0,
2001,1,22,0.108641572296619,0.0560271128301793,0,0,
2001,1,23,0.0907661989331245,0.0945538003290949,0,0,
2001,1,24,0.0096879368647933,0.0650434281544676,0,0,
2001,1,25,0.17870369553566,0.0380747481033268,0,0,
2001,1,26,0.00873849634081125,0.0839494931283298,0,0,
2001,1,27,0.011355621740222,0.0100483111286849,0,0,
2001,1,28,0.00569253880530596,0.0103465629865696,0,0,
2001,1,29,0.00257221376523376,0.00484352848729941,0,0,
2001,1,30,0.0108985072001815,0.00503082841646574,0,0,
2001,1,31,0.487026751041412,0.26428886312965,0,0,
2001,2,1,0.0224801450967789,0.189096651771251,0,0,
2001,2,2,0.622285008430481,0.488007319579765,0,0,
2001,2,3,0.0896993204951286,0.52995919848513,0,0,
2001,2,4,0.115962319076061,0.113160800302239,0,0,
2001,2,5,0.683740496635437,0.399394406666715,0,0,
2001,2,6,0.249521598219872,0.379608428403571,0,0,
2001,2,7,0.00161091017071158,0.104233124531902,0,0,
2001,2,8,0.00214349757879972,0.00182189438032765,0,0,
2001,2,9,0.00202838820405304,0.00211892743732278,0,0,
2001,2,10,0.000377159391064197,0.00128111750291282,0,0,
2001,2,11,0.424964278936386,0.151627325162281,0,0,
2001,2,12,0.146724283695221,0.348601353683534,0,0,
2001,2,13,0.0111182853579521,0.137666712650116,0,0,
2001,2,14,0.00156456232070923,0.0219603731095503,0,0,
2001,2,15,0.3474962413311,0.115745570599302,0,0,
2001,2,16,0.00592647073790431,0.277346176842684,0,0,
2001,2,17,0.000508979195728898,0.0288361146301668,0,0,
2001,2,18,0.000979028991423547,0.000897905267947863,0,0,
2001,2,19,0.000350299524143338,0.00084661565119859,0,0,
2001,2,20,0.0335859581828117,0.0159890363718205,1.81898940354586e-12,0,
2001,2,21,0.905574023723602,0.418062244549446,-3.63797880709171e-12,0,
2001,2,22,0.124884635210037,0.708415530331877,1.81898940354586e-12,0,
2001,2,23,3.60987019538879,1.6637991017119,0,0,
2001,2,24,3.46366333961487,3.52178588932861,0,0,
2001,2,25,0.957385540008545,2.25891380117673,0,0,
2001,2,26,0.0330481082201004,0.282416244024034,0,0,
2001,2,27,0.00196642032824457,0.00815928950896705,0,0,
2001,2,28,0.061640489846468,0.0324440290289658,0,0,
2001,3,1,0.0012609203113243,0.0417941799234995,0,0,0
2001,3,2,0.000205540171009488,0.00220130218735903,0,0,0
2001,3,3,0.000453296263003722,0.000432098349392618,0,0,0
2001,3,4,3.93442023778334e-05,0.000270832638307184,0,0,0
2001,3,5,7.59708927944303e-05,4.88149951252126e-05,0,0,0
2001,3,6,0.000516056781634688,0.000294435626301492,0,0,0
2001,3,7,0.0266253855079412,0.00999269669432579,0,0,0
2001,3,8,0.00408284738659859,0.0224909236640087,0,0,0
2001,3,9,0.214409425854683,0.0845710537212199,0,0,0
2001,3,10,0.0726711302995682,0.170113724419252,0,0,0
2001,3,11,0.00155242625623941,0.0641321880993928,0,0,0
2001,3,12,0.636397778987885,0.283862921440459,0.000112043771878234,0,0
2001,3,13,0.190107703208923,0.345352830340971,0.0451811642687972,0,0
2001,3,14,0.0103051159530878,0.0721700232763851,0.0526363020162535,0,0
2001,3,15,0.00233179680071771,0.00882431263698891,0.00177392899786355,0,0
2001,3,16,0.327415138483048,0.169156512376276,7.95466294221114e-05,0,0
2001,3,17,0.0165175125002861,0.148717482228449,0.00213462062492908,0,0
2001,3,18,1.22211027145386,0.20340314426312,0.41590661925693,0.0922773636357306,0
2001,3,19,0.563080668449402,0.245085268735693,0.647499703820358,3.15879268100252,0
2001,3,20,0.0305456537753344,0.0482543427951896,0.249607907866448,12.4655227789362,0
2001,3,21,0.50500899553299,0.165439651374527,0.100817634694977,9.4845365281908,0
2001,3,22,0.507065355777741,0.419545234852876,0.0864861047557497,0,0
2001,3,23,0.13247250020504,0.303171297065319,0,0,0
2001,3,24,0.0138790942728519,0.0506323350678031,0,0,0
2001,3,25,0.000967619533184916,0.00762272065662728,0,0,0
2001,3,26,0.00167755444999784,0.00110745855567984,0,0,0
2001,3,27,0,0.000883164951801518,0,0,0
2001,3,28,0.00261696428060532,0.000772559820916285,0.000513335378855118,0,0
2001,3,29,0.034423116594553,0.0012533132196495,0.0172666279668192,5.88101995282432,0.00502857140132359
2001,3,30,4.05524873733521,0.000466498458990827,2.04757006860018,15.2622033430803,0.0155428579875401
2001,3,31,3.56380581855774,0.536563873361956,3.27351116193131,9.89236920263056,0.0365714277539934
2001,4,1,0.159950494766235,0.589872121796361,1.33539026616745,0.515465526200842,0.128457137516567
2001,4,2,0.222371906042099,0.0777435794384473,0.115632602593905,-4.54747350886464e-13,0.331428582327706
2001,4,3,0.068691611289978,0.0438362273982875,0.101960928637709,10.1969273911582,1.75999995640346
2001,4,4,6.3390679359436,0,3.200829801086,24.3919550831934,3.46971435546875
2001,4,5,2.75371384620667,0,4.54477933347334,2.17775022926025,5.85142865862165
2001,4,6,0.0390917398035526,0,1.28391883234144,0,9.73714250837054
2001,4,7,6.36053991317749,0,3.07175805073894,0,9.69142892020089
2001,4,8,2.46231698989868,-2.27373675443232e-13,4.45373790359372,0,9.96571393694196
2001,4,9,1.60181224346161,2.27373675443232e-13,2.14656775554249,0,10.1942853655134
2001,4,10,0.317767471075058,0,1.02322440125317,0,9.32571411132812
2001,4,11,0.346532702445984,0,0.331320980050805,0,7.86285749162946
2001,4,12,0.490988731384277,0,0.412719233388998,0,6.30857151576451
2001,4,13,10.2441730499268,0,5.26112467406165,0,5.07428588867188
2001,4,14,6.18590402603149,2.27373675443232e-13,8.34542466323546,0,3.86742858886719
2001,4,15,1.09903478622437,0.450581119573371,3.19189800636923,0,3.14514290945871
2001,4,16,0.0609645918011665,0.477578327818037,0.0981134007215587,0,2.53257141113281
2001,4,17,0.000911757524590939,0.0306208513138699,0.000317554466164438,0.46506161495563,1.67771432059152
2001,4,18,0.034653801470995,0.000138324466661288,0.0176441359453747,0.690906440003346,1.22057146344866
2001,4,19,1.13563048839569,0,0.595624174899058,0,0.886857169015067
2001,4,20,4.12771844863892,0,2.56658624977899,0,0.612571443830218
2001,4,21,0.406100898981094,0,2.28078257691232,0,0.498285729544503
2001,4,22,0.00112663535401225,0.000192857143247238,0.204608995987655,4.54747350886464e-13,0.282514272417341
2001,4,23,0.00612923502922058,0.0001939954070167,0.00343393974981154,0.00112187962167809,0.153142860957554
2001,4,24,0.0605410188436508,0,0.0302966683357226,0,0.0566857133592878
2001,4,25,0.00434209778904915,0,0.0363991229951353,-4.54747350886464e-13,0.0388571432658604
2001,4,26,0.00127445068210363,0,0.003053327473026,4.54747350886464e-13,0.0383999994822911
2001,4,27,0.022088784724474,0,0.0104799699547584,0,0.0265142849513463
2001,4,28,0.0238396301865578,0,0.0229274249559239,0,0.0329142842973982
2001,4,29,0.287704586982727,0,0.14878671718543,0,0.0530285699026925
2001,4,30,0.389982104301453,0,0.340209473364666,0,0.111085714612688
2001,5,1,2.03485727310181,0,1.19411001921981,0,0.163657147543771
2001,5,2,0.259637802839279,0,1.12081960862088,0,0.301714297703334
2001,5,3,0.0219437554478645,0,0.133607595771537,0,0.413714272635324
2001,5,4,0.0125269815325737,0,0.0181492591254937,0,0.544000026157924
2001,5,5,5.36197280883789,0,2.6667894596776,0,0.681142861502511
2001,5,6,19.0808563232422,0,12.2192668122279,0,0.932571411132812
2001,5,7,15.0539197921753,0,17.0713416784711,0,4.39771423339844
2001,5,8,1.41555094718933,0,8.13700807721943,0,6.49142848423549
2001,5,9,1.8178004026413,0,1.59546547054924,0,6.4
2001,5,10,0.631369590759277,0,1.22085775024607,0,6.21714303152902
2001,5,11,0.0228689312934876,0,0.347305101426173,0,5.76000017438616
2001,5,12,0.0636500045657158,0,0.0405024539904844,0,5.21142839704241
2001,5,13,0.142343416810036,-2.27373675443232e-13,0.108435180723973,0,4.61714303152902
2001,5,14,0.747766673564911,2.27373675443232e-13,0.449268115820814,0,3.86285705566406
2001,5,15,3.90294647216797,0,2.28296889530975,4.54747350886464e-13,3.01257149832589
2001,5,16,6.12342405319214,0,4.87817669405922,-4.54747350886464e-13,2.09371425083705
2001,5,17,1.67801451683044,0,3.86761183104682,0,1.08800005231585
2001,5,18,0.00537044927477837,0,0.898827031116525,0,0.475428553989955
2001,5,19,1.00923371315002,0,0.466991339137167,0,0.180571433476039
2001,5,20,4.67501735687256,0,2.88338144721456,0,0.106057139805385
2001,5,21,1.63467144966126,0,3.18655887147361,0,0.0763428551810128
2001,5,22,8.57414054870606,0,5.10728206321437,0,0.0722285747528076
2001,5,23,5.32673358917236,0,6.91867837408427,0,0.142171423775809
2001,5,24,0.83421790599823,0,3.00452978435897,0,0.230857140677316
2001,5,25,0.0880075767636299,0,0.508560948597733,0,0.319085720607213
2001,5,26,4.83189821243286,0,2.46245929308861,0,0.26605715070452
2001,5,27,5.66744899749756,0,5.22467298590163,0,0.229485702514648
2001,5,28,1.68468618392944,0,3.75498592171971,0,0.282971436636788
2001,5,29,0.0157736875116825,0,0.784224719900521,0,0.291657148088728
2001,5,30,0.0929218307137489,2.27373675443232e-13,0.0565227079423494,0,0.245942851475307
2001,5,31,4.00739049911499,-2.27373675443232e-13,1.9866535865076,0,0.214400005340576
2001,6,1,2.46756219863892,-2.27373675443232e-13,3.26360220328752,0,0.202057143620082
2001,6,2,0.19451105594635,0,1.28416693096005,0,0.20434285572597
2001,6,3,0.0657511949539185,2.27373675443232e-13,0.124471586910659,0,0.185142857687814
2001,6,4,0.00543187838047743,0,0.0387573942680319,0,0.162285709381104
2001,6,5,0.296010941267014,2.27373675443232e-13,0.147050169500289,0,0.140342862265451
2001,6,6,0.113659210503101,-2.27373675443232e-13,0.188958632601498,0,0.113371426718576
2001,6,7,1.64676690101624,0,0.804171313546249,0,0.0941714286804199
2001,6,8,3.00723624229431,-2.27373675443232e-13,2.32002656156874,0,0.0804571424211775
2001,6,9,0.234014347195625,2.27373675443232e-13,1.61345350375632,0,0.0717714309692383
2001,6,10,2.77970695495605,0,1.51684153017231,0,0.063542856488909
2001,6,11,3.56399011611939,0,3.18236543601597,0,0.0708571434020996
2001,6,12,3.77781629562378,0,3.63949594226142,0,0.103314283915928
2001,6,13,3.07043528556824,0,3.55492530309857,0,0.123885713304792
2001,6,14,16.0178279876709,0,9.50736333074929,0,0.132114287785121
2001,6,15,5.56960248947144,0,10.8434556740976,0,0.470857129778181
2001,6,16,0.366425961256027,0,3.073029780051,0,1.24800000871931
2001,6,17,0.0710754990577698,0,0.227009044267106,0,1.24342858450753
2001,6,18,15.2565937042236,0,7.60846367204249,0,1.21142861502511
2001,6,19,7.53942012786865,0,11.3025006808111,0,2.9760001046317
2001,6,20,2.13172125816345,0,4.96225861047969,0,2.84800000871931
2001,6,21,0.11866320669651,2.27373675443232e-13,1.21142951360525,0,2.18057141985212
2001,6,22,0.000968494627159089,-2.27373675443232e-13,0.0608756287401775,0,1.60914284842355
2001,6,23,0.0621288567781448,0,0.0382643352459127,0,1.17028568812779
2001,6,24,0.0155566530302167,0,0.0404219615247712,0,0.813714272635324
2001,6,25,0.924778461456299,0,0.354261544298424,0,0.562285723005022
2001,6,26,0.228765487670898,0,0.636904381375643,0,0.387657138279506
2001,6,27,3.37794208526611,0,1.76919615239785,0,0.298971421377999
2001,6,28,0.13277493417263,0,1.7615793896548,0,0.234057153974261
2001,6,29,0.27808290719986,0,0.214745024164586,0,0.185599994659424
2001,6,30,0.00596234109252691,0,0.163881692764335,0,0.150399998256138
2001,7,1,0.175950467586517,0,0.0625957694246608,0,
2001,7,2,1.51674544811249,-2.27373675443232e-13,0.816503393021776,0,
2001,7,3,2.32720375061035,2.27373675443232e-13,1.89654613414496,0,
2001,7,4,0.155760481953621,0,1.27942302170959,0,
2001,7,5,1.25347578525543,0,0.677327772684293,0,
2001,7,6,0.224817842245102,2.27373675443232e-13,0.755182088685615,0,
2001,7,7,0.0148219037801027,-2.27373675443232e-13,0.100826437064825,0,
2001,7,8,0.993502080440521,0,0.478088799789475,0,
2001,7,9,0.3995660841465,0,0.715966071618823,0,
2001,7,10,0,0,0.193017813762708,0,
2001,7,11,0.0508952289819717,0,0.0254088210622285,0,
2001,7,12,0.18366976082325,0,0.110074946547684,0,
2001,7,13,3.5762140750885,0,1.87894224828051,0,
2001,7,14,0.392606884241104,0,2.00541887398504,0,
2001,7,15,5.88257503509522,0,3.13773266672069,0,
2001,7,16,20.6222400665283,-2.27373675443232e-13,13.2263599687358,0,
2001,7,17,8.983473777771,2.27373675443232e-13,14.8584123195633,0,
2001,7,18,8.69430065155029,0,8.78199399691766,0,
2001,7,19,6.21078872680664,0,7.48789548847526,0,
2001,7,20,0.571553587913513,0,3.44690973298748,0,
2001,7,21,0.765710771083832,2.27373675443232e-13,0.648348558093858,0,
2001,7,22,0.0314643494784832,-2.27373675443232e-13,0.441293193931415,0,
2001,7,23,0.242850095033646,0,0.0947620013139385,0,
2001,7,24,0.00881204847246409,0,0.0840900800776581,0,
2001,7,25,4.1607551574707,0,1.9744463532661,0,
2001,7,26,17.6737308502197,0,10.9724488443189,0,
2001,7,27,25.7051315307617,0,21.751960087433,0,
2001,7,28,19.9771881103516,0,22.8598349844197,0,
2001,7,29,0.00632328866049647,0,10.0101680631651,0,
2001,7,30,0.954618871212006,0,0.497039005456827,0,
2001,7,31,11.4304714202881,0,6.21620931050165,0,
2001,8,1,4.77389717102051,0,8.23755535797318,0,
2001,8,2,0.0173138026148081,0,2.56004958761696,0,
2001,8,3,0.0431200005114079,0,0.0298878868561587,0,
2001,8,4,7.18142223358154,0,3.79370759274752,0,
2001,8,5,0.233022332191467,2.27373675443232e-13,3.80608838541775,0,
2001,8,6,0.059104710817337,-2.27373675443232e-13,0.14920533638724,0,
2001,8,7,0.363160103559494,0,0.227159289815972,0,
2001,8,8,3.97482800483704,0,2.21040540729518,0,
2001,8,9,1.98832595348358,-2.27373675443232e-13,2.96433370515479,0,
2001,8,10,0.00340647250413895,4.54747350886464e-13,1.11723085371341,0,
2001,8,11,0.834082841873169,-2.27373675443232e-13,0.390555975674943,0,
2001,8,12,1.06501519680023,0,0.950305551776182,0,
2001,8,13,0.00577305303886533,0,0.587611051976637,0,
2001,8,14,3.52525091171265,2.27373675443232e-13,1.74433745661372,0,
2001,8,15,2.81117463111877,-2.27373675443232e-13,3.14323204994798,0,
2001,8,16,0.164030030369759,0,1.50945587998831,0,
2001,8,17,0.465389758348465,0,0.331965911058433,0,
2001,8,18,0.417220830917358,0,0.442533237102907,0,
2001,8,19,0.00948931369930506,0,0.214863861509002,0,
2001,8,20,0.000977589632384479,0,0.00461059777990158,0,
2001,8,21,5.35069942474365,-2.27373675443232e-13,2.65607883388657,0,
2001,8,22,2.26852035522461,4.54747350886464e-13,3.81005214981451,0,
2001,8,23,0.00193531485274434,-4.54747350886464e-13,1.11000527542456,0,
2001,8,24,4.15160512924194,2.27373675443232e-13,2.07080315738313,0,
2001,8,25,1.38643407821655,0,2.80962417788214,0,
2001,8,26,0.00345812109299004,2.27373675443232e-13,0.658187826909852,0,
2001,8,27,0.00188340933527797,-2.27373675443232e-13,0.00275255591805035,0,
2001,8,28,9.59151147981174e-05,0,0.00105505132523831,0,
2001,8,29,0.00449187168851495,0,0.00184885971793847,0,
2001,8,30,0.00452419836074114,0,0.0045060719439789,0,
2001,8,31,0.000211425780435093,0,0.00244833767828823,0,
2001,9,1,0.200555503368378,0,0.0838816353589209,0,
2001,9,2,0.000455419241916388,0,0.110720637838313,4.54747350886464e-13,
2001,9,3,0.169808611273766,0,0.0798241745414998,-4.54747350886464e-13,
2001,9,4,0.223135992884636,0,0.198368472136281,0,
2001,9,5,0.268869251012802,0,0.249575469884803,0,
2001,9,6,1.40531086921692,0,0.843807587107222,0,
2001,9,7,1.32615888118744,0,1.36090539761972,-4.54747350886464e-13,
2001,9,8,0.488621681928635,0,0.90174539977852,4.54747350886464e-13,
2001,9,9,0.177854165434837,0,0.352515632339419,0,
2001,9,10,0.269307911396027,0,0.21056894045978,0,
2001,9,11,0.0799768418073654,-2.27373675443232e-13,0.205859434310696,0,
2001,9,12,0.00966676138341427,0,0.0533661835343082,-4.54747350886464e-13,
2001,9,13,0.0930537357926369,2.27373675443232e-13,0.0438349392152304,4.54747350886464e-13,
2001,9,14,0.00270611583255231,0,0.0606041058035771,0,
2001,9,15,0.0012470840010792,0,0.00174768074612075,0,
2001,9,16,0.00472912564873695,0,0.00253050958417589,0,
2001,9,17,0.00287713273428381,0,0.00353401278698584,0,
2001,9,18,0.00303346058353782,0,0.00299929359425732,0,
2001,9,19,0.260364234447479,2.27373675443232e-13,0.125999765446977,0,
2001,9,20,3.61289358139038,-2.27373675443232e-13,1.92773810199105,0,
2001,9,21,4.36720037460327,0,3.94112839951958,0,
2001,9,22,8.98629379272461,0,6.68667190443557,0,
2001,9,23,2.35020446777344,0,5.67910307723105,0,
2001,9,24,0.0385682806372643,0,1.2236116828517,0,
2001,9,25,0.00150257116183639,0,0.0150914554596966,0,
2001,9,26,4.0345926208829e-06,0,0.000560710739591741,0,
2001,9,27,0.082896500825882,0,0.0312198857373005,0,
2001,9,28,3.64824591088109e-05,0,0.0587507514919707,0,
2001,9,29,0.0825248062610626,0,0.032236984168776,0,
2001,9,30,0.0934679210186005,0,0.0884262234139897,0,
2001,10,1,0.174950078129768,0,0.144823340830044,0,
2001,10,2,0.552854895591736,0,0.366015087029155,0,
2001,10,3,0.131365790963173,2.27373675443232e-13,0.359158351380756,0,
2001,10,4,0.474868416786194,0,0.298957205954139,0,
2001,10,5,0.0626847594976425,-2.27373675443232e-13,0.263134792026904,0,
2001,10,6,0.00245213252492249,-2.27373675443232e-13,0.0457269910730247,0,
2001,10,7,0.0195490829646587,2.27373675443232e-13,0.0118655490405217,0,
2001,10,8,0.901190161705017,0,0.445872681752007,4.54747350886464e-13,
2001,10,9,3.15572285652161,0,2.00574850534758,-4.54747350886464e-13,
2001,10,10,4.77005052566528,-2.27373675443232e-13,3.94009068178093,0,
2001,10,11,0.079962246119976,2.27373675443232e-13,2.47022365052362,0,
2001,10,12,0.110313780605793,2.27373675443232e-13,0.0950605120360706,0,
2001,10,13,0.122146479785442,-2.27373675443232e-13,0.115585024248503,0,
2001,10,14,2.19613122940063,0,1.12814652423913,0,
2001,10,15,0.895197093486786,0,1.53299126544516,0,
2001,10,16,0.0409589111804962,0,0.417129206140089,0,
2001,10,17,0.145477786660194,0,0.101703400179758,0,
2001,10,18,0.00755794579163194,0,0.0849081078085874,0,
2001,10,19,0.912271916866302,0,0.433606670943846,0,
2001,10,20,0.271981537342072,-2.27373675443232e-13,0.538397699814595,0,
2001,10,21,0.0150415096431971,2.27373675443232e-13,0.126598542872671,0,
2001,10,22,1.0546909570694,0,0.546768701882684,0,
2001,10,23,3.56787061691284,0,2.3497911175109,0,
2001,10,24,11.929723739624,2.02683503178741,5.72195855148311,0,
2001,10,25,3.4361035823822,2.73549354251895,4.9271833642506,0,
2001,10,26,0.00817525293678045,0.712391041487081,0.998591604151443,0,
2001,10,27,0.0719662234187126,0.0381188167798427,0.0019643780979095,4.54747350886464e-13,
2001,10,28,0.000542002206202596,0.0359954266009481,0.000258700476479135,5.52340237850831,
2001,10,29,0.000703754485584796,0.000147011143099007,0.00047586692016921,5.07005805777089,
2001,10,30,0.486311137676239,0.032622262510813,0.21075106245371,0.884637870512051,
2001,10,31,1.19300019741058,0.0292495192240949,0.845798975842627,0.0292495192234128,
2001,11,1,0.334073930978775,0,0.759018611403008,0,
2001,11,2,0.0518365614116192,0,0.15278893107461,0,
2001,11,3,0.00102321349550039,0,0.0287036858971987,0,
2001,11,4,0.00127394963055849,0,0.00114556421067391,0,
2001,11,5,0,0,0.00138230591983302,0,
2001,11,6,0.137148022651672,0,0.0922586728811439,0,
2001,11,7,1.34307718276978,-2.27373675443232e-13,0.797613409949918,0,
2001,11,8,0.439351469278336,0.00793582814731053,0.939724741789178,0.00793582814685578,
2001,11,9,0.0298064481467009,0.010949587608593,0.266100672652101,0.010949587608593,
2001,11,10,0.000941313861403614,0,0.0131527794364956,0,
2001,11,11,0,0,0.000219947842197143,0,
2001,11,12,0.00187411438673735,0,0.00110352225237875,0,
2001,11,13,0.0174337793141603,0,0.00503437194674916,0,
2001,11,14,0.000900705636013299,0,0.0111056062269199,0,
2001,11,15,0.00194323260802776,0,0.00104156417910417,0,
2001,11,16,0,0,0.00140341846963565,0,
2001,11,17,0.0127580193802714,-2.27373675443232e-13,0.00600705337819818,-4.54747350886464e-13,
2001,11,18,0.00220251409336925,2.27373675443232e-13,0.00857074589112017,4.54747350886464e-13,
2001,11,19,0.000548516341950744,0.000107653945633501,0.00127845278257155,0,
2001,11,20,1.12060081391974e-06,0.000109050586615922,0.000165767913131276,0.000546208926607505,
2001,11,21,0.000804585055448115,0,0.000515577932674205,0,
2001,11,22,0.386440366506577,0.0148614582622031,0.203691214543142,0.0148614582622031,
2001,11,23,0.20738996565342,0.00665639509861649,0.244022659051552,0.00665639509816174,
2001,11,24,0.591516673564911,0,0.335315954116595,0,
2001,11,25,0.687528014183044,0.258863161860972,0.380659146516337,0,
2001,11,26,0.0597077198326588,0.288233202297988,0.0847212165554083,0,
2001,11,27,0.522686660289764,0.290268630782521,0,0,
2001,11,28,1.45849871635437,0.986322120592604,0,0,
2001,11,29,0.258917450904846,0.868087487976709,0,0,
2001,11,30,2.15755367279053,1.1991459237388,0,0,
2001,12,1,0.522495985031128,1.3317620201276,0,0,
2001,12,2,0.113846801221371,0.311887187179536,0,0,
2001,12,3,0.0334210433065891,0.0857766429410276,0,0,
2001,12,4,0.0601326748728752,0.0451741847211906,0,0,
2001,12,5,7.92821455001831,3.98699911406266,0,0,
2001,12,6,2.35266709327698,5.17089676402111,0,0,
2001,12,7,0.0912775322794914,1.19380626623911,0,0,
2001,12,8,0.00575543334707618,0.0790877344416003,0,0,
2001,12,9,0.0311386790126562,0.0254829145674194,0,0,
2001,12,10,0.07661122828722,0.048793634869071,0,0,
2001,12,11,0.0840856656432152,0.0778555161634813,0,0,
2001,12,12,0.0730592980980873,0.0775872497117689,0,0,
2001,12,13,0.00750352395698428,0.052877916458101,0,0,
2001,12,14,0.10204204916954,0.0213317260916028,0,0,
2001,12,15,0.515067279338837,0.181988965816799,0.0781736204553454,0,
2001,12,16,0.58027184009552,0.259852611666929,0.287816630014277,0,
2001,12,17,0.0582336820662022,0.12579720560916,0.192535813008362,0,
2001,12,18,0.0259522534906864,0.035346497576711,-1.81898940354586e-12,0,
2001,12,19,0.000180698756594211,0.0104649008819706,1.81898940354586e-12,0,
2001,12,20,0.0222599748522043,0.0110722113190604,0,0,
2001,12,21,0.24249255657196,0.136295878902274,0,0,
2001,12,22,0.885795712471008,0.571577252768066,0,0,
2001,12,23,0.384126484394074,0.619174264314097,0,0,
2001,12,24,0.205924704670906,0.233872518117551,0,0,
2001,12,25,0.0910581946372986,0.120154513946773,0,0,
2001,12,26,0.664380550384522,0.304225223579806,0,-4.54747350886464e-13,
2001,12,27,0.373075276613235,0.591220119027867,0,4.54747350886464e-13,
2001,12,28,0.846578717231751,0.684434348060904,0,0,
2001,12,29,0.262379556894302,0.49503337265719,0,0,
2001,12,30,0.0563857778906822,0.210035860037124,0,0,
2001,12,31,0.155970588326454,0.0791190783597813,0,0,
2002,1,1,0.0159724596887827,0.0758372357095141,0,0,
2002,1,2,0.00707880407571793,0.0106092285245722,0,0,
2002,1,3,0.00030734742176719,0.0056495116411952,0,0,
2002,1,4,0.0658986493945122,0.029713243744709,0,0,
2002,1,5,0.250127702951431,0.132472665988416,0,0,
2002,1,6,0.082201361656189,0.196729519489281,0,0,
2002,1,7,0.066217415034771,0.08057654292179,0,0,
2002,1,8,0.000364669598639011,0.0339942772395716,0.000146162788951187,2.52416621293014,
2002,1,9,0.0280867293477058,3.61845957286278e-05,0.0141846699680173,12.6438798546446,
2002,1,10,0.0390596725046635,0.00524510230184205,0.0283320109992928,7.20086654830766,
2002,1,11,0.00304518011398613,0.00655571113611586,0.0144600397288741,0.00523068959773809,
2002,1,12,0.0142472805455327,0.00768982671934282,0.000941567663176102,0,
2002,1,13,0.0155491502955556,0.0139903797964962,0.000830726956337458,0,
2002,1,14,0.529285669326782,0.27252240089706,0,0,
2002,1,15,0.485004335641861,0.509597533981832,0,0,
2002,1,16,0.414193838834763,0.453386011743078,1.81898940354586e-12,4.54747350886464e-13,
2002,1,17,0.0693751871585846,0.242073333807639,-1.81898940354586e-12,-4.54747350886464e-13,
2002,1,18,0.766781210899353,0.422766730072908,0,-4.54747350886464e-13,
2002,1,19,0.494499981403351,0.638707249309846,0,4.54747350886464e-13,
2002,1,20,0.512793302536011,0.508296535469526,0,0,
2002,1,21,0.803817927837372,0.657148087274891,0,0,
2002,1,22,0.67827844619751,0.733778513831112,0,0,
2002,1,23,0.277380436658859,0.490579737682765,0,0,
2002,1,24,0.22817251086235,0.239747311773272,0,0,
2002,1,25,1.65940499305725,0.948374448374352,0,0,
2002,1,26,1.81624376773834,1.75792018072389,0,0,
2002,1,27,2.36335968971252,2.05389482399278,0,0,
2002,1,28,0.187363862991333,1.30164897780901,0,0,
2002,1,29,0.00202517979778349,0.119175669469996,0,0,
2002,1,30,0.0203526969999075,0.0117895435203081,0,0,
2002,1,31,0.000859454390592873,0.0141555700074605,0,0,
2002,2,1,0.517608165740967,0.24327284992296,0,0,
2002,2,2,0.0995314046740532,0.292866796263297,0,0,
2002,2,3,0.00306573137640953,0.0548165588108986,0,0,
2002,2,4,0.00109776540193707,0.00255972640957225,0,0,
2002,2,5,0.0322889015078545,0.00555992548197537,0,0,
2002,2,6,0.0058451141230762,0.0176298491564921,0,0,
2002,2,7,0.000666868989355862,0.00325349697732236,0,0,
2002,2,8,0.00263819983229041,0.0012984550096462,0,0,
2002,2,9,0.0470756776630878,0.0100422500258901,0,0,
2002,2,10,0.000326993205817416,0.0207508117307498,0,0,
2002,2,11,0.822824776172638,0.390419278632862,0.0564896881696768,0,
2002,2,12,0.162418529391289,0.458092332532488,0.0553239997625497,0,
2002,2,13,0.065799318253994,0.108454275575014,0,0,
2002,2,14,0.000148370309034362,0.0414895571109355,1.25068472698331e-05,0,
2002,2,15,0.305677086114883,0.116731679301893,0.0345844314033457,0,
2002,2,16,0.042687114328146,0.15681274440567,0.0447500744066929,0,
2002,2,17,0,0.0100153307350865,0.00159236129366036,0,
2002,2,18,0.000991920824162662,0.00013504885941984,0.000360910897143185,1.07513404285601,
2002,2,19,0,0.000146177157830607,0.000361119247827446,1.07575470880238,
2002,2,20,0.000675041985232383,0.000449848230118732,0,4.54747350886464e-13,
2002,2,21,0.000728793500456959,0.000718131821258794,0,-4.54747350886464e-13,
2002,2,22,0.0953298062086105,0.0127805156812428,0.0139129456965748,0,
2002,2,23,0.0417912006378174,0.0290358956219734,0.0298275145160005,0,
2002,2,24,0.046174731105566,0.0424895734479378,0.00436603104753885,0,
2002,2,25,0.163026660680771,0.127915303315604,0,0,
2002,2,26,0.118151135742664,0.138473458081535,0,0,
2002,2,27,0.186249330639839,0.137762943046027,0,0,
2002,2,28,0.0127826072275639,0.141239650025227,0,0,
2002,3,1,9.13321346160956e-05,0.00838436290428035,0,0,0
2002,3,2,0,0.000241870493027818,0,0,0
2002,3,3,1.00370168685913,0.517538276444611,0,0,0
2002,3,4,0.238409370183945,0.597190843981707,0,0,0
2002,3,5,0.0165578052401543,0.108912121586172,0,0,0
2002,3,6,0.201868161559105,0.0566364152230108,0,0,0
2002,3,7,0.867004990577698,0.586372182982586,0,0,0
2002,3,8,5.17787599563599,2.97624884621564,-1.81898940354586e-12,0,0
2002,3,9,2.87786245346069,4.0406703897811,1.81898940354586e-12,0,0
2002,3,10,0.184944033622742,1.61830342306166,0,0,0
2002,3,11,0.73247504234314,0.381346655485004,0,0,0
2002,3,12,0.248580023646355,0.543088931178772,0.0133760702756263,0,0
2002,3,13,0.023497523739934,0.0719746794000002,0.00988064425655466,0,0
2002,3,14,1.68093665706692e-05,0.00641913807498895,0,0,0
2002,3,15,0.0689255595207214,0.0293523387188088,0,0,0
2002,3,16,0.104061111807823,0.0737051699411495,0,0,0
2002,3,17,1.64539539813995,0.482239148259396,0.335940468630724,0,0
2002,3,18,0.977748870849609,0.954741490854758,0.309781231155284,0,0
2002,3,19,0.199110567569733,0.537546008079062,0,0,0
2002,3,20,0.0176657233387232,0.0543979448575556,0,0,0
2002,3,21,0.0130034424364567,0.0144892095622708,0,0,0
2002,3,22,0.00457736570388079,0.00943884042135323,0,0,0
2002,3,23,0.000609820475801826,0.00393119872205716,0,0,0
2002,3,24,1.92578554560896e-05,0.000753554671746315,0,0,0
2002,3,25,3.48153225786518e-05,2.19424491660902e-05,0,0,0
2002,3,26,0.000113523616164457,6.5799575395431e-05,0,0,0
2002,3,27,0.14213889837265,0.00058966025699192,0.070536514151172,6.26620627340162,0
2002,3,28,0.141167148947716,0.000532586522922429,0.141120152511576,22.2852345118313,0.0274285708154951
2002,3,29,0.0633569583296776,0,0.0974008318371489,0,0.0525714295251029
2002,3,30,0.279096096754074,0.0788075692535131,0.0924195850493561,0,0.0653714316231864
2002,3,31,0.111672282218933,0.134378056867035,0.0600396941463259,0,0.0854857172284808
2002,4,1,0.105122275650501,0.109145177779283,0,0,0.0854857172284808
2002,4,2,0.157025620341301,0.130367253073928,0,0,0.0841142858777728
2002,4,3,0.00404066545888782,0.0822060567029439,0,0,0.0818285737718855
2002,4,4,0.0119855245575309,0.00791513458375448,0,0,0.0676571437290737
2002,4,5,0.0140705425292254,0.0132128057957743,0,0,0.0553142854145595
2002,4,6,0.175451591610909,0.0539195398032462,0.0428663676957513,0,0.0466285705566406
2002,4,7,0.567501127719879,0.119843280877149,0.251633450694499,0.935260029241363,0.0530285699026925
2002,4,8,0.0121702449396253,0.0766335061532573,0.213371384117636,0.0739795015661002,0.0594285692487444
2002,4,9,0.0232412312179804,0.00265562326399049,0.0150501139960397,0.0121680963738982,0.0722285747528076
2002,4,10,0.00100140715949237,0,0.0184130463494512,0,0.126628576006208
2002,4,11,0.112182855606079,0,0.0546140715778165,0,0.234057153974261
2002,4,12,0.00520060816779733,0,0.0643495267704566,0,0.361142866952079
2002,4,13,0.4500432908535,0,0.211739586124168,0,0.295771435328892
2002,4,14,1.04586410522461,0,0.696150693036543,0,0.202514280591692
2002,4,15,0.303591698408127,0,0.683262164089683,4.54747350886464e-13,0.0932571411132812
2002,4,16,3.7603485584259,0,2.08960422236851,-4.54747350886464e-13,0.0795428548540388
2002,4,17,1.93707668781281,0,2.85707787611318,0,0.0735999992915562
2002,4,18,0.444303631782532,0,1.20367422713025,0,0.064914287839617
2002,4,19,0.00651643332093954,0.00116011663453719,0.224525158886536,0,0.046171430179051
2002,4,20,0.00333365029655397,0.00168149946330232,0.00324355733391712,0.0070308734630089,0.0383999994822911
2002,4,21,0.00167443894315511,0.00058399109138918,0.00202229482238181,0.00058399109138918,0.0301714284079415
2002,4,22,0.00180387264117599,0,0.00175991188007174,0,0.0246857149260385
2002,4,23,5.11684513092041,0,2.54809835916058,0,0.0201142856052944
2002,4,24,4.58386945724487,0,4.80132481154942,0,0.0178285717964172
2002,4,25,0.238341733813286,0.0729146702792605,2.33825352754684,0,0.0146285721233913
2002,4,26,0.138446882367134,0.116391284376959,0.0717547422282223,0,0.0191999997411455
2002,4,27,0.445688247680664,0.0447553905798941,0.247312103576405,0.37767033735463,0.0173714280128479
2002,4,28,2.79159188270569,0.0011671280799419,1.58451328227784,0.00116712808039665,0.0173714280128479
2002,4,29,1.11144852638245,0,1.94367270493785,0,0.0160000000681196
2002,4,30,0.332883596420288,0,0.755503010670509,0,0.0169142859322684
2002,5,1,0.61201399564743,0,0.447046877532557,0,0.0150857142039708
2002,5,2,0.0719273313879967,0.000253776433055464,0.347137537166418,0.000253776433055464,0.0155428579875401
2002,5,3,0.910969853401184,0.000287940808902931,0.444237907613569,0.000287940808902931,0.021942857333592
2002,5,4,1.37414014339447,0,1.12904049528697,0,0.0228571431977408
2002,5,5,3.74066472053528,0,2.53184584162773,0,0.0265142849513463
2002,5,6,1.62983083724976,0,2.69925644171599,0,0.0306285721915109
2002,5,7,0.588135480880737,-2.27373675443232e-13,1.07580682244043,-4.54747350886464e-13,0.0301714284079415
2002,5,8,14.2439031600952,2.27373675443232e-13,7.4347096253041,4.54747350886464e-13,0.0351999998092651
2002,5,9,9.77710437774658,0,12.0912969957426,0,0.105142859050206
2002,5,10,0.539878070354462,0,5.25000736770198,0,0.575999995640346
2002,5,11,0.472791731357575,0,0.512653079391384,0,0.502857153756278
2002,5,12,1.01869583129883,0,0.615836109513111,0,0.340114293779646
2002,5,13,0.772900521755219,0,0.94275007682154,0,0.247314289637974
2002,5,14,0.0402667820453644,0,0.390731091272755,0,0.202971431187221
2002,5,15,0.0830732882022858,0,0.0615763506702933,0,0.163199996948242
2002,5,16,0.180375561118126,0,0.115468628469898,0,0.139428574698312
2002,5,17,0.145608872175217,0,0.157265200023176,0,0.11017142704555
2002,5,18,2.78118022833951e-06,0,0.0814271666640707,0,0.0937142848968506
2002,5,19,2.16310880318815e-07,0,1.76496541826054e-06,0,0.0781714303152902
2002,5,20,3.03938213619404e-06,-2.27373675443232e-13,1.14906288217753e-06,0,0.0585142884935651
2002,5,21,0.00045205868082121,2.27373675443232e-13,0.000191177885426441,0,0.0608000005994524
2002,5,22,1.32901477813721,-2.27373675443232e-13,0.647456878754383,0,0.0466285705566406
2002,5,23,0.746355175971985,0,1.12048302753647,0,0.0324571439198085
2002,5,24,0.0821423456072807,2.27373675443232e-13,0.434868034593819,0,0.0356571435928345
2002,5,25,0.0851742252707481,0,0.0837057139160606,0,0.0342857156481062
2002,5,26,0.146859750151634,0,0.112524791100441,0,0.0315428563526699
2002,5,27,1.37507176399231,0,0.74904046411757,0,0.0292571442467826
2002,5,28,2.37359881401062,0,1.86449165718841,0,0.0283428566796439
2002,5,29,4.1144757270813,0,3.23982035094195,0,0.0283428566796439
2002,5,30,1.51088309288025,2.27373675443232e-13,2.80458486580937,0,0.0324571439198085
2002,5,31,0.232818394899368,-4.54747350886464e-13,0.849078022745744,-4.54747350886464e-13,0.0361142873764038
2002,6,1,0.247266709804535,2.27373675443232e-13,0.239303658494464,9.09494701772928e-13,0.0351999998092651
2002,6,2,0.0709771886467934,0,0.155222295628846,-4.54747350886464e-13,0.0342857156481062
2002,6,3,0.0207019355148077,0,0.0502241337435407,0,0.0379428556987218
2002,6,4,0.000691086519509554,0,0.0118997774661693,0,0.0379428556987218
2002,6,5,0.553965628147125,0,0.266206045867875,0,0.0324571439198085
2002,6,6,0.615274965763092,-2.27373675443232e-13,0.585345648840303,0,0.0306285721915109
2002,6,7,0.0210494268685579,2.27373675443232e-13,0.303373091655885,0,0.0260571428707668
2002,6,8,21.547212600708,0,10.7887149343915,0,0.021942857333592
2002,6,9,28.7601432800293,0,25.109233317402,0,0.932571411132812
2002,6,10,54.3391342163086,0,41.5288704707091,0,8.04571446010045
2002,6,11,19.9305038452148,0,37.0238474746238,0,19.4285714285714
2002,6,12,1.17062509059906,0,10.5713223177736,0,18.6971435546875
2002,6,13,0.775483369827271,0,0.97814860899598,0,15.1314278738839
2002,6,14,0.0376996174454689,-2.27373675443232e-13,0.409231622164953,0,11.9771432059152
2002,6,15,0.841156601905823,4.54747350886464e-13,0.425931616380694,0,9.05142822265625
2002,6,16,0.190841495990753,-2.27373675443232e-13,0.43695847768322,0,5.85142865862165
2002,6,17,0.131674960255623,0,0.163488877993586,0,3.4971429007394
2002,6,18,2.92477035522461,0,1.47889743752239,0,1.97028568812779
2002,6,19,5.69726037979126,0,4.37473039190991,0,1.20228576660156
2002,6,20,0.660620093345642,-2.27373675443232e-13,3.21371401151009,0,0.873142841884068
2002,6,21,0.572996735572815,2.27373675443232e-13,0.620565848639672,0,0.699428558349609
2002,6,22,7.14486169815064,0,3.81411366653083,0,0.630857140677316
2002,6,23,12.1011772155762,2.27373675443232e-13,9.7407779453406,0,0.598857116699219
2002,6,24,2.54740977287293,-2.27373675443232e-13,7.45922207237891,0,0.662857164655413
2002,6,25,0.212845399975777,0,1.57180225137927,0,0.836571448189872
2002,6,26,0.0996973812580109,0,0.152279750824164,0,1.01028573172433
2002,6,27,0.00137236597947776,-2.27373675443232e-13,0.0434410140387627,0,1.09257147652762
2002,6,28,0.00073695630999282,2.27373675443232e-13,0.000999284851786797,0,0.964571380615234
2002,6,29,0.0640086904168129,0,0.0272077303761762,0,0.740571430751256
2002,6,30,0.0264775697141886,0,0.0461270219184371,0,0.521142850603376
2002,7,1,0.338942438364029,0,0.184550156578553,0,
2002,7,2,0.00851071812212467,0,0.18317594155269,0,
2002,7,3,0,2.27373675443232e-13,0.00482844962971285,0,
2002,7,4,23.8981018066406,-2.27373675443232e-13,11.9285386196043,0,
2002,7,5,5.91554594039917,0,14.9476874475022,0,
2002,7,6,0.626754283905029,0,3.23950800466082,0,
2002,7,7,2.98999619483948,0,1.85599051354802,0,
2002,7,8,0.782974362373352,2.27373675443232e-13,1.94896288500058,0,
2002,7,9,0.151104763150215,-2.27373675443232e-13,0.476456747812335,0,
2002,7,10,5.86831712722778,0,2.99352555985206,0,
2002,7,11,0.0702327266335487,0,2.9511513905054,0,
2002,7,12,0.0907805263996124,0,0.0798272495849233,0,
2002,7,13,0.0849182680249214,0,0.0876758484737366,0,
2002,7,14,0.0850743129849434,0,0.0850018403034483,0,
2002,7,15,3.03509250443312e-06,0,0.0428493025319767,0,
2002,7,16,0.0993278995156288,0,0.0426622617578687,0,
2002,7,17,0.188464879989624,0,0.141892144740268,0,
2002,7,18,0.405606091022491,0,0.281986287596737,0,
2002,7,19,0.0144464680925012,0,0.206591301512162,0,
2002,7,20,6.11880159378052,0,3.05544365162859,0,
2002,7,21,0.440445780754089,0,3.30320502032555,0,
2002,7,22,0.0503528267145157,2.27373675443232e-13,0.283566003028682,0,
2002,7,23,0.654181063175201,-2.27373675443232e-13,0.337754038140702,0,
2002,7,24,0.324902206659317,2.27373675443232e-13,0.513326704041901,0,
2002,7,25,0.472286611795425,-2.27373675443232e-13,0.40060220615851,0,
2002,7,26,0.0448911525309086,0,0.265704022811406,0,
2002,7,27,1.56097674369812,0,0.813790830959988,0,
2002,7,28,1.17550027370453,0,1.38159167882623,0,
2002,7,29,1.39540481567383,2.27373675443232e-13,1.27790663145788,4.54747350886464e-13,
2002,7,30,5.61725234985352,-2.27373675443232e-13,3.48923216620096,-9.09494701772928e-13,
2002,7,31,6.54941320419312,0,6.11235544597548,4.54747350886464e-13,
2002,8,1,3.02406311035156,0,4.85233721090117,0,
2002,8,2,0.095948301255703,0,1.59210391689521,0,
2002,8,3,0,0,0.0597923097448074,-4.54747350886464e-13,
2002,8,4,0.0459279865026474,0,0.0252560087756137,4.54747350886464e-13,
2002,8,5,0.00143994740210474,0,0.025691755265143,0,
2002,8,6,6.71544027328491,0,3.34794277851506,0,
2002,8,7,3.28697395324707,0,5.01389452823423,0,
2002,8,8,7.61996841430664,0,5.4918569393376,0,
2002,8,9,6.85808944702148,-2.27373675443232e-13,7.27633048016287,0,
2002,8,10,2.42655062675476,2.27373675443232e-13,4.54336692552533,0,
2002,8,11,2.32006549835205,0,2.38147670245235,0,
2002,8,12,2.35089731216431,0,2.33293435118321,0,
2002,8,13,0.699047923088074,0,1.49637180988429,0,
2002,8,14,1.46142041683197,0,1.03682668273359,0,
2002,8,15,5.0184473991394,0,3.21053921746898,0,
2002,8,16,21.4253921508789,0,13.2082609906902,0,
2002,8,17,10.8013439178467,0,15.9772433659346,0,
2002,8,18,0.00641788588836789,0,5.40719398010515,0,
2002,8,19,0.0846749991178513,0,0.0495290141334408,0,
2002,8,20,0.147720977663994,0,0.11372310405568,0,
2002,8,21,0.857272267341614,0,0.495564014918273,0,
2002,8,22,0.0386872626841068,0,0.463056043356119,0,
2002,8,23,2.71736526489258,0,1.26471713746105,0,
2002,8,24,0.875463247299194,0,1.7066652057274,0,
2002,8,25,0.00191926979459822,0,0.495426192192099,0,
2002,8,26,1.54847872257233,2.27373675443232e-13,0.752787485278532,0,
2002,8,27,12.0342121124268,-2.27373675443232e-13,6.71686525079167,0,
2002,8,28,12.2717475891113,0,12.1589048391979,0,
2002,8,29,0.569689512252808,-2.27373675443232e-13,6.30035356117878,0,
2002,8,30,4.36473178863525,2.27373675443232e-13,2.322830857398,0,
2002,8,31,19.0622367858887,2.27373675443232e-13,11.7131385044377,0,
2002,9,1,10.0957956314087,-2.27373675443232e-13,14.6090798832174,0,
2002,9,2,0.981043875217438,0,5.60042998728204,0,
2002,9,3,0.000583003566134721,0,0.461048891333121,0,
2002,9,4,0.18040905892849,0,0.0771889548177569,0,
2002,9,5,0.0886911749839783,0,0.134419300240552,0,
2002,9,6,0.0117383943870664,0,0.0487760116284335,-4.54747350886464e-13,
2002,9,7,2.8154730796814,0,1.50233782773648,4.54747350886464e-13,
2002,9,8,3.9327290058136,-2.27373675443232e-13,3.32143331170482,0,
2002,9,9,0.267141699790955,2.27373675443232e-13,2.10247984137459,0,
2002,9,10,0.283149361610413,0,0.275278246765083,0,
2002,9,11,0.165150344371796,0,0.228650020622808,0,
2002,9,12,0.265406548976898,0,0.212320947137414,0,
2002,9,13,0.0822723060846329,0,0.188025574510903,0,
2002,9,14,0.155558720231056,0,0.125217945518671,0,
2002,9,15,4.02550131184398e-06,0,0.0889285432349425,0,
2002,9,16,0.00296977488324046,0,0.00144843527596095,0,
2002,9,17,0,0,0.00154908362128481,-4.54747350886464e-13,
2002,9,18,20.6812553405762,0,10.3136159466612,4.54747350886464e-13,
2002,9,19,11.1912136077881,0,16.0123272238925,0,
2002,9,20,0.119771271944046,0,5.77634407413279,0,
2002,9,21,1.39800524711609,0,0.741098468510245,0,
2002,9,22,0.38442987203598,0,0.826507665658937,0,
2002,9,23,0.211696729063988,0,0.28241394233919,0,
2002,9,24,0.630472600460053,0,0.435375870194548,0,
2002,9,25,0.150906354188919,0,0.39933062430282,0,
2002,9,26,0.0564968585968018,-2.27373675443232e-13,0.109772978095862,0,
2002,9,27,0.251971453428268,2.27373675443232e-13,0.167094665031982,0,
2002,9,28,0.00419655628502369,0,0.108413511321487,0,
2002,9,29,0.0664018988609314,0,0.0400379445218277,0,
2002,9,30,3.76348143618088e-05,0,0.0382012676545855,0,
2002,10,1,0.0875256359577179,0,0.0391676698982337,0,
2002,10,2,0.00119353283662349,-2.27373675443232e-13,0.0504242644055921,0,
2002,10,3,0.157833591103554,2.27373675443232e-13,0.0985853479141952,0,
2002,10,4,0.614897072315216,0,0.402581623327933,0,
2002,10,5,0.0615949705243111,2.27373675443232e-13,0.367937951930799,4.54747350886464e-13,
2002,10,6,0.0377215184271336,-2.27373675443232e-13,0.0490125809701567,-4.54747350886464e-13,
2002,10,7,0.723841965198517,0,0.347429985047711,0,
2002,10,8,0.375272244215012,0,0.528605279174371,0,
2002,10,9,0.0280986148864031,0,0.225742333099333,0,
2002,10,10,0.0217999834567308,0,0.0254080366994458,0,
2002,10,11,0.376552104949951,0,0.172090446954826,0,
2002,10,12,0.438724756240845,0,0.401576014919556,0,
2002,10,13,0.0579097345471382,0.0124432450631957,0.235896342548585,0,
2002,10,14,0.229698807001114,0.0124447073326337,0.131359549497574,0.0579095508755927,
2002,10,15,0.0802054032683373,0.0142215692749232,0.132655121869902,0.0142215692749232,
2002,10,16,0.0135357668623328,0.0196057726384424,0.0272811153736257,0.0128411991527173,
2002,10,17,1.49334454536438,0.310649855847032,0.442756681490209,-4.54747350886464e-13,
2002,10,18,1.25884389877319,0.3385835122142,1.03751069058308,1.5415308206625,
2002,10,19,0.0438770540058613,0.0507312035697396,0.600734272578848,0.0346940791960151,
2002,10,20,0.0131141832098365,0.0226822332049323,0.00595165543927578,0,
2002,10,21,0.00313427741639316,0.00815138086250045,0,0,
2002,10,22,0.163130328059196,0.067681544851439,0.0153129359568993,0,
2002,10,23,0.000259576918324456,0.0668334611814316,0.0154937950374006,0,
2002,10,24,0.000796594482380897,0.000360150728511144,5.10996742377756e-05,0,
2002,10,25,0.00154750037472695,0.000937973831241834,0,0,
2002,10,26,0.0162080079317093,0.00274691367712876,0.00608972324153001,0.228138253100951,
2002,10,27,1.51224756240845,0.484841176889631,0.279386067697487,0.00201426969488239,
2002,10,28,1.46826028823853,0.683683001344434,0.806570903916509,1.04966620576761,
2002,10,29,0.688134372234345,0.507604078511122,0.570593391092189,0.864289530697079,
2002,10,30,0.0698671489953995,0.338367336076544,0.0368640246615541,-4.54747350886464e-13,
2002,10,31,0.000640343874692917,0.0366520435231905,1.81898940354586e-12,0,
2002,11,1,0.00345605099573731,0.00199541009169479,-1.81898940354586e-12,0,
2002,11,2,0.00364031875506043,0.00352376755836303,0.000125425272926805,0,
2002,11,3,0.0159594789147377,0.0126807315807582,5.33268739673076e-05,0,
2002,11,4,0.0870223268866539,0.0346259326065592,0.0189686206795159,0,
2002,11,5,0.00192060158587992,0.0258124026843234,0.0186590629236889,1.1948168763638,
2002,11,6,0.0469186305999756,0.0209123249483127,0.00350507935218047,0.000209609549983725,
2002,11,7,0.34083878993988,0.0344520983312577,0.15942659182474,0.0606605716179729,
2002,11,8,0.0760967880487442,0.0221613409278234,0.150703969848109,0.0221613409285055,
2002,11,9,0.426604568958282,0.10130911555575,0.150044052199519,0.00954427864553509,
2002,11,10,0.306071639060974,0.243194296240972,0.124722516622569,0,
2002,11,11,1.39000535011292,0.84607947144832,0,0,
2002,11,12,0.689158618450165,1.03950631295379,0,0,
2002,11,13,0.305283665657043,0.503028510544709,0,0,
2002,11,14,0.155662164092064,0.242319253994992,0,0,
2002,11,15,0.0376258082687855,0.100994371699016,0,0,
2002,11,16,0.175170868635178,0.101640134889067,0,0,
2002,11,17,0.0587063133716583,0.115978413725543,0.00396039188490249,0,
2002,11,18,0.00741400476545095,0.0298401428972284,0.00661566210874298,0,
2002,11,19,0.0341478623449802,0.00713093642616514,0.0136364207883162,0,
2002,11,20,0.421736389398575,0.0493191485995794,0.178621306757123,2.34903104081786,
2002,11,21,0.384242624044418,0.106038167801216,0.296949559318819,1.39455508875699,
2002,11,22,1.23821043968201,0.455953392405036,0.355281096859471,0.0541323108313918,
2002,11,23,0.527901828289032,0.613546315862777,0.272322107313812,0,
2002,11,24,0.0391706265509129,0.239317746715869,0.045691838444327,0,
2002,11,25,0.00145448185503483,0.0259731759288115,1.81898940354586e-12,4.54747350886464e-13,
2002,11,26,0.0872205495834351,0.0409160132956004,-1.81898940354586e-12,-4.54747350886464e-13,
2002,11,27,0.0101891132071614,0.0548471008287379,0,0,
2002,11,28,0.10013447701931,0.0540149366217975,0,0,
2002,11,29,0.13427297770977,0.0943006996692475,0.0189798440860613,0,
2002,11,30,0.155345097184181,0.118539960949875,0.0257823840838682,0,
2002,12,1,0.125650957226753,0.147001871124758,0,0,
2002,12,2,0.092262826859951,0.109282180163973,0,0,
2002,12,3,0.0110640684142709,0.0590013563189586,0,0,
2002,12,4,0.0912052318453789,0.0442122043116342,0,0,
2002,12,5,0.0563931055366993,0.0803540177014384,0,0,
2002,12,6,0.026052363216877,0.0402086240076187,0,0,
2002,12,7,0.020607216283679,0.023066789798122,0,0,
2002,12,8,0.000644554966129363,0.0147529014693646,0,0,
2002,12,9,0.0187617894262075,0.0037580684763725,0,0,
2002,12,10,0.115796439349651,0.0542432119634668,0.00547319072393293,0,
2002,12,11,0.00350121827796102,0.0527593855390478,0.00681399854693154,0,
2002,12,12,0.0970140472054482,0.0545347267766374,0.000547304518477176,0,
2002,12,13,0.0288704298436642,0.0499103279853443,0.00410295033179864,0,
2002,12,14,0.0102489581331611,0.0137054928354701,0.00451869272183103,0,
2002,12,15,0.0214032214134932,0.0125177326792709,0.00475936216753325,0,
2002,12,16,0.011311681009829,0.0140350121591837,0.00365035398317559,0,
2002,12,17,0.260792553424835,0.130832999137738,0,0,
2002,12,18,3.70949745178223,1.14557684472857,0.846551033646392,0,
2002,12,19,4.19831943511963,2.84903585140773,1.10907101140037,0,
2002,12,20,1.94964146614075,2.79336068025782,0.274077837000732,0,
2002,12,21,1.22299265861511,1.5772329873123,1.81898940354586e-12,0,
2002,12,22,0.341614246368408,0.8284621142991,0,0,
2002,12,23,0.094660222530365,0.254750124784096,0,0,
2002,12,24,0.0930579230189323,0.0937746301951847,0,0,
2002,12,25,0.00355944642797112,0.0538466815680749,0,0,
2002,12,26,0.00191754789557308,0.00329748712238143,0,0,
2002,12,27,0.000785971409641206,0.00131523345044116,0,0,
2002,12,28,0.0111147770658135,0.00502737515398621,0,0,
2002,12,29,0.0204114392399788,0.0128755730872854,0,0,
2002,12,30,0.199051931500435,0.113243915422117,0,0,
2002,12,31,0.00596128776669502,0.145889346970762,0,0,
2003,1,1,0.00756140239536762,0.00654205319528955,0,0,
2003,1,2,0.0225019212812185,0.010719519676968,0,0,
2003,1,3,0.0569618120789528,0.0386537527563178,0,0,
2003,1,4,0.0288758985698223,0.0456378196884089,0,0,
2003,1,5,0.000190794555237517,0.0243032390148983,0,0,
2003,1,6,0.0126263210549951,0.00807492206331517,0,0,
2003,1,7,0.0182594358921051,0.0121319443026096,0.00146838578802999,0,
2003,1,8,0.550134062767029,0.0523355750945029,0.231383061993256,3.04862885193052,
2003,1,9,0.756196796894074,0.425126576458979,0.22798241151213,3.05030075789318,
2003,1,10,0.0594216026365757,0.367092773779632,0,0,
2003,1,11,0.00189835263881832,0.0245670898152639,0,0,
2003,1,12,0.00153682578820735,0.00167967593688445,0,0,
2003,1,13,0.00687966635450721,0.00278279627104894,0,0,
2003,1,14,0.000680496625136584,0.00353418874124145,0,0,
2003,1,15,0.00125102885067463,0.000820053126062703,0,0,
2003,1,16,0,0.000690686017833286,0,0,
2003,1,17,1.87422001361847,0.962140419669595,0,0,
2003,1,18,0.327293515205383,1.12320433188211,0,0,
2003,1,19,0.00679857889190316,0.169281264040819,0,0,
2003,1,20,0.00295327254571021,0.00433601209306289,0,0,
2003,1,21,0.0434981770813465,0.020649833267953,0,0,
2003,1,22,0,0.032733658110601,0,0,
2003,1,23,0.0354293547570705,0.0226959007120513,0,0,
2003,1,24,0.698651969432831,0.388591608681509,0,0,
2003,1,25,0.0543146729469299,0.429532653924753,0,0,
2003,1,26,0.624004542827606,0.376997711750391,0,0,
2003,1,27,0.998240947723389,0.795017641963113,0,0,
2003,1,28,0.00319194095209241,0.458726410378176,0,0,
2003,1,29,0.0420274995267391,0.0228895776576792,0,0,
2003,1,30,0.113615214824677,0.0619934286035004,0,0,
2003,1,31,1.15780913829803,0.597889171624502,0,0,
2003,2,1,0.500154197216034,0.868543126792474,1.81898940354586e-12,0,
2003,2,2,0.279869973659515,0.446470969391385,-1.81898940354586e-12,0,
2003,2,3,0.0193468537181616,0.208207286226525,0,0,
2003,2,4,0.118984505534172,0.0512273607096176,0,0,
2003,2,5,0.157505124807358,0.123433035164453,0,0,
2003,2,6,0.000892227573785931,0.0789657063787672,0,0,
2003,2,7,0.468657493591309,0.198137062671776,0,0,
2003,2,8,0.0269357580691576,0.282653851897521,0,0,
2003,2,9,0.0024235094897449,0.0124092540727361,0,0,
2003,2,10,0.609882831573486,0.218167770517994,0,0,
2003,2,11,0.489682853221893,0.593375259695222,0,0,
2003,2,12,0.0898914039134979,0.340170879008156,0,0,
2003,2,13,0.457969576120377,0.357742627040807,0,0,
2003,2,14,0.00463010277599096,0.263960888651809,0,0,
2003,2,15,0.00187749438919127,0.00301546575224165,0,0,
2003,2,16,0.0068872575648129,0.00486139480403836,0,0,
2003,2,17,2.01699042320251,0.955019965659403,0,0,
2003,2,18,2.63014435768127,2.37953324390264,0,0,
2003,2,19,0.0571096614003182,1.4591964540648,0,0,
2003,2,20,0.311358451843262,0.0962289013093596,0,0,
2003,2,21,0.0285645239055157,0.139969900846609,0,0,
2003,2,22,0.000356426258804277,0.0110887235553037,0,4.54747350886464e-13,
2003,2,23,0.0014294843422249,0.000749236793581076,0,-4.54747350886464e-13,
2003,2,24,0.000432802829891443,0.000784527604082541,0,0,
2003,2,25,0.00148455530870706,0.000743573114277751,0,0,
2003,2,26,0.0167291089892387,0.00343809363721448,0,0,
2003,2,27,0.0016786977648735,0.0104435567823202,-1.81898940354586e-12,0,
2003,2,28,0.62848025560379,0.214995904558918,1.81898940354586e-12,0,
2003,3,1,0.115696638822556,0.486981144799529,0,0,
2003,3,2,0.35733237862587,0.227436838589256,0,0,
2003,3,3,0.3449986577034,0.353016818918377,0,0,
2003,3,4,0.0616979375481606,0.267264091784227,0,0,
2003,3,5,0.619862616062164,0.352546882765637,-1.81898940354586e-12,0,
2003,3,6,2.48062181472778,1.43332932670819,0,0,
2003,3,7,0.275812357664108,1.45368049526155,1.81898940354586e-12,0,
2003,3,8,0.000160038907779381,0.0602981777635705,0,0,
2003,3,9,0.00601779064163566,0.00742694949008182,-1.81898940354586e-12,0,
2003,3,10,0.33235564827919,0.226424253119376,1.81898940354586e-12,0,
2003,3,11,0.15977044403553,0.233575074675173,0,0,
2003,3,12,0.000527517462614924,0.0991179877867125,0,0,
2003,3,13,0.110965542495251,0.0278634704091019,0,0,
2003,3,14,0.000152082182466984,0.0887761921171659,9.87122439255472e-06,0,
2003,3,15,0.0326310209929943,0.00992011464268217,0.0163398000731831,16.3648671758324,
2003,3,16,0.00109047361183912,2.27373675443232e-13,0.0168496603455424,20.4551381251276,
2003,3,17,8.27207259135321e-05,-2.27373675443232e-13,0.000561297172680497,0,
2003,3,18,0.0955721363425255,0.000599397668793245,0.0164550995523314,0.000599397668793245,
2003,3,19,0.103616952896118,0.00155002438827978,0.0899290604702401,0.00155002438805241,
2003,3,20,0.172629430890083,0,0.128132521174848,0,0.461714281354632
2003,3,21,0.0615376718342304,0,0.126272157063795,0,
2003,3,22,0.00478244246914983,0,0.0338982614357519,0,
2003,3,23,0.22246141731739,0,0.116271271495862,0,
2003,3,24,0.222264483571053,0,0.222421786522318,0,
2003,3,25,0.266162723302841,0,0.242237324910093,0,0.571428571428572
2003,3,26,1.11896753311157,0,0.578592809237307,0,
2003,3,27,6.08854293823242,0.417438729579089,3.09953667847185,0.417438729578862,
2003,3,28,0.0253642071038485,0.436942222038851,2.6198342586431,0.432519860059983,
2003,3,29,0.272261887788773,0.0889562379700237,0.0598020476081729,0,
2003,3,30,1.12638771533966,0.150144903736873,0.549179590445419,0.363146645483539,
2003,3,31,0.356412798166275,0.0760254272497605,0.726727374340044,0.0760254272499878,0.194742856706892
2003,4,1,0.0576608516275883,0,0.150383340331246,0,
2003,4,2,0.619177460670471,0.213678827815102,0.124738081645774,0,0.134399999891009
2003,4,3,10.6943073272705,5.55871568010389,0.0959477727392368,0,
2003,4,4,2.05886292457581,6.40434697637102,0,0,
2003,4,5,0.0292467642575502,1.0920864462305,0,0,
2003,4,6,0.000299420498777181,0.0162879452677771,5.42377638339531e-05,0,
2003,4,7,0.00270065804943442,8.88776248757495e-05,0.00141116158738441,10.6572571400902,
2003,4,8,0.000191879065823741,0,0.00125690769709763,2.81991583847366,
2003,4,9,0.0697321221232414,0,0.0332726454325893,0,
2003,4,10,0.000562782108318061,0,0.0437509649855201,0,
2003,4,11,0.103778153657913,0,0.0479911807142344,0,
2003,4,12,0.0700428411364555,0,0.0932086766515567,0,
2003,4,13,0.105714045464993,0,0.0939925734510325,0,
2003,4,14,0.0223120953887701,0,0.0681026868296613,0,0.0223999994141715
2003,4,15,0.00387590704485774,0,0.010101831958309,0,0.0214857135500227
2003,4,16,8.0486421585083,0,3.98762483449355,0,0.0182857138769967
2003,4,17,5.82834911346436,0.185096560366219,6.79860218792601,0.185096560366219,0.0160000000681196
2003,4,18,0.106122151017189,0.19642397006055,2.82227539521045,0.19642397006055,0.0210285714694432
2003,4,19,1.59212410449982,0,0.849626441115106,0,0.0242285711424691
2003,4,20,0.42539569735527,0,1.00168244189263,0,0.0269714287349156
2003,4,21,0.0179091207683086,0,0.235145720256696,0,0.0269714287349156
2003,4,22,0.00199637655168772,0,0.00817927858588519,0,0.0256000007901873
2003,4,23,0.0117386877536774,0,0.00808630643768993,0,0.021942857333592
2003,4,24,0.118612468242645,0,0.0623873695603834,0,0.0191999997411455
2003,4,25,0.0995731502771378,0,0.112310244507171,0,0.0173714280128479
2003,4,26,2.24532508850098,0,1.18137815926639,0,0.0155428579875401
2003,4,27,5.2665057182312,0,3.74797529227544,0,0.0137142854077475
2003,4,28,0.21336418390274,0,2.76316166875768,0,0.0150857142039708
2003,4,29,0.00132226978894323,0,0.105031277556918,0,0.0146285721233913
2003,4,30,0.103881247341633,0,0.0437609467317088,0,0.0155428579875401
2003,5,1,0.021822240203619,0,0.0704285111478384,0,0.0169142859322684
2003,5,2,0.0270377472043037,0,0.0249811707653862,0,0.0191999997411455
2003,5,3,1.01874399185181,0,0.514607579885706,0,0.0187428576605661
2003,5,4,2.65515995025635,0,1.83293703073286,0,0.0187428576605661
2003,5,5,1.20796096324921,0,1.95361898480587,0,0.0150857142039708
2003,5,6,0.920059084892273,0,1.08016260117802,0,0.0118857145309448
2003,5,7,0.523642361164093,0,0.725920948341809,0,0.0105142857347216
2003,5,8,0.0118454014882445,0,0.306619308737936,0,0.00822857107434954
2003,5,9,4.16662740707397,0,2.07627808601319,0,0.00868571400642395
2003,5,10,4.67886352539063,0,4.39411338707578,0,0.00822857107434954
2003,5,11,0.169605284929276,0,2.39332775933872,0,0.00685714270387377
2003,5,12,0.000359786296030507,0,0.0874458802954905,0,0.00640000019754682
2003,5,13,0.000299246516078711,0,0.000329396969391382,0,0.005485714333398
2003,5,14,0.00174278556369245,0,0.00112294536847912,0,0.00502857140132359
2003,5,15,0.172842085361481,0,0.0694285636036511,0,0.00594285726547241
2003,5,16,6.88901090621948,0,3.5117181460846,0,0.0173714280128479
2003,5,17,11.3780174255371,0,9.12643853440568,0,0.0658285685947963
2003,5,18,25.639310836792,0,18.5799967034109,0,0.15634286063058
2003,5,19,5.16235399246216,0,15.4938696465724,0,0.335085705348424
2003,5,20,0.174942523241043,0,2.79506055183447,0,0.221257141658238
2003,5,21,1.27744650840759,0,0.526547363393547,0,0.176457146235875
2003,5,22,0.42789900302887,0,0.737552517282893,0,0.152228573390416
2003,5,23,2.88005304336548,0,1.65243048763114,0,0.153142860957554
2003,5,24,2.61550426483154,0,2.7535451949625,0,0.142628574371338
2003,5,25,0.397510439157486,0,1.44835499769579,0,0.124342863900321
2003,5,26,0.154008597135544,0,0.252937174496765,0,0.106971427372524
2003,5,27,0.225894629955292,0,0.189863080671785,0,0.0959999970027379
2003,5,28,0.0853415876626968,0,0.169420017929951,0,0.0822857175554548
2003,5,29,6.64931774139404,0,3.37670395849091,0,0.069942855834961
2003,5,30,9.56700706481934,0,8.05404357044245,0,0.0662857123783657
2003,5,31,2.81879925727844,0,6.24894465012767,0,0.0644571440560477
2003,6,1,0.0259378924965858,0,1.47793444527451,4.54747350886464e-13,0.0603428568158831
2003,6,2,0.292276412248611,0,0.145842840769546,-4.54747350886464e-13,0.0621714319501604
2003,6,3,0,0,0.185693084740706,0,0.0603428568158831
2003,6,4,0.0134416772052646,0,0.0044340479762468,0,0.0804571424211775
2003,6,5,0.617880344390869,0,0.319668724994699,0,0.0932571411132812
2003,6,6,4.86051464080811,0,2.74466117963493,0,0.0576000009264265
2003,6,7,5.15670585632324,0,5.03512566016252,0,0.0388571432658604
2003,6,8,1.81947898864746,0,3.55047740091504,4.54747350886464e-13,0.0269714287349156
2003,6,9,10.2362775802612,0,5.96513061337464,-4.54747350886464e-13,0.0237714290618897
2003,6,10,4.85940456390381,0,7.57624373907675,0,0.0374857153211321
2003,6,11,2.77393007278442,0,3.78942221058969,0,0.0361142873764038
2003,6,12,5.77094888687134,0,4.26329383281336,0,0.0388571432658604
2003,6,13,0.231248065829277,0,2.93476508133062,0,0.0388571432658604
2003,6,14,0.224192470312119,0,0.228181315453185,0,0.0475428581237793
2003,6,15,13.3971786499023,0,6.84737587917698,0,0.102400003160749
2003,6,16,2.02624702453613,0,7.78252474753936,0,0.193828569139753
2003,6,17,0.859531462192535,0,1.50713786358938,0,0.173714283534459
2003,6,18,0.800340175628662,0,0.830990479667889,0,0.135771424429757
2003,6,19,3.44424483955663e-06,0,0.399235905360911,-4.54747350886464e-13,0.0950857162475586
2003,6,20,0.00228350190445781,0,0.00107623074109142,4.54747350886464e-13,0.0726857117244175
2003,6,21,6.49620532989502,0,3.28038348486552,0,0.0598857130323138
2003,6,22,6.95050525665283,0,6.70898581505935,0,0.0562285729816982
2003,6,23,0.954193413257599,0,4.00487878326749,0,0.0484571422849383
2003,6,24,1.67155921459198,0,1.35202386072888,0,0.0425142867224557
2003,6,25,9.74759674072266,0,5.71447020161395,0,0.041599999155317
2003,6,26,2.84392738342285,0,6.23983051455434,0,0.0539428574698312
2003,6,27,2.74374604225159,0,2.80962996826565,0,0.0512000015803746
2003,6,28,5.32080507278442,0,4.01286004605754,0,0.0521142857415336
2003,6,29,0.512127995491028,0,2.95149507439055,0,0.0731428555079869
2003,6,30,0.144946500658989,0,0.322469433043807,0,0.132114287785121
2003,7,1,0.127890467643738,0,0.137695161391093,0,
2003,7,2,6.26957178115845,0,3.19273250693368,0,
2003,7,3,7.58069038391113,0,6.82279447422116,0,
2003,7,4,0.562593996524811,0,4.06628525988162,0,
2003,7,5,0.384266346693039,0,0.465931329643354,0,
2003,7,6,1.10796689987183,0,0.735838254913688,0,
2003,7,7,0.179971531033516,0,0.676516400619221,0,
2003,7,8,0.00685393856838346,0,0.0971634282141167,0,
2003,7,9,0.620391547679901,0,0.33214468708502,0,
2003,7,10,2.2065441608429,0,1.42721557772893,-4.54747350886464e-13,
2003,7,11,2.78054308891296,0,2.40025730992784,4.54747350886464e-13,
2003,7,12,0.382573693990707,0,1.5662211534891,0,
2003,7,13,0.129747197031975,0,0.257581327530716,0,
2003,7,14,4.98799562454224,0,2.57405721879877,0,
2003,7,15,3.86324596405029,0,4.46177711853125,0,
2003,7,16,0.318150252103806,0,2.06823782222818,0,
2003,7,17,0.000683856545947492,0,0.132625588485098,0,
2003,7,18,0.027714591473341,0,0.0131252847186261,0,
2003,7,19,1.15980195999146,0,0.603500193266882,0,
2003,7,20,0.383097678422928,0,0.768924120848169,0,
2003,7,21,0.0800666734576225,0,0.268210811005702,0,
2003,7,22,0.0529897883534432,0,0.0673172785409406,0,
2003,7,23,0.0166876595467329,0,0.035758860034548,0,
2003,7,24,0.00760961463674903,0,0.0130108536723128,0,
2003,7,25,0.0519717670977116,0,0.0286383553884662,0,
2003,7,26,0.00725132739171386,0,0.0275214512421371,0,
2003,7,27,0.0398143269121647,0,0.0231738860074984,0,
2003,7,28,0.0569151639938355,0,0.0495682185974147,0,
2003,7,29,1.31083977222443,0,0.679494730735314,0,
2003,7,30,3.77047634124756,0,2.53326768674015,0,
2003,7,31,2.22530221939087,0,3.0200818358644,0,
2003,8,1,3.95313882827759,0,3.08921468099288,0,
2003,8,2,2.6162588596344,0,3.27444855403883,0,
2003,8,3,0.00952909979969263,0,1.35388666117251,0,
2003,8,4,3.32271957397461,0,1.63890671871559,0,
2003,8,5,5.44177532196045,0,4.34617610145506,0,
2003,8,6,0.182823285460472,0,2.80188546435056,0,
2003,8,7,0.0137459589168429,0,0.0840684984323161,0,
2003,8,8,0.380395442247391,0,0.183404415087352,0,
2003,8,9,0.185600325465202,0,0.285217137947257,0,
2003,8,10,1.19951224327087,0,0.670484057420254,0,
2003,8,11,0.0222712401300669,0,0.641300329800288,0,
2003,8,12,7.3644341682666e-06,0,0.00883873123530066,0,
2003,8,13,2.76668797596358e-05,0,2.0384479284985e-05,0,
2003,8,14,1.01212372101145e-05,0,1.89908241736703e-05,0,
2003,8,15,0,0,6.35008836979978e-06,0,
2003,8,16,0,0,0,0,
2003,8,17,0,0,-1.81898940354586e-12,-4.54747350886464e-13,
2003,8,18,0.0949483215808868,0,0.0442935788960313,4.54747350886464e-13,
2003,8,19,0.165420159697533,0,0.12751969332021,0,
2003,8,20,7.05904483795166,0,3.61661152517809,0,
2003,8,21,4.27667999267578,0,5.69153978061149,0,
2003,8,22,0.0152011774480343,0,2.16687189802542,0,
2003,8,23,1.19166970252991,0,0.647555628360351,0,
2003,8,24,0.190278112888336,0,0.701022010916859,0,
2003,8,25,6.97166919708252,0,3.56049773344785,0,
2003,8,26,3.67506623268127,0,5.35459509114116,0,
2003,8,27,20.4402313232422,0,12.0062583455747,0,
2003,8,28,5.53517770767212,0,13.0963899061899,0,
2003,8,29,0.245868489146233,0,2.96197794671025,0,
2003,8,30,1.0847259759903,0,0.37421654910213,0,
2003,8,31,0.158303618431091,0,0.563548903293849,0,
2003,9,1,1.12233829498291,0,0.61940604344818,0,
2003,9,2,1.66697883605957,0,1.33786884101391,0,
2003,9,3,0.146646022796631,0,0.764221592246031,0,
2003,9,4,0.000212845829082653,0,0.0923476372099685,0,
2003,9,5,0.00443218089640141,0,0.00289425978917279,0,
2003,9,6,0.0014066023286432,0,0.00273538817054941,0,
2003,9,7,0.000138318835524842,0,0.000669406132146833,0,
2003,9,8,0.0924873277544975,0,0.0438867535522149,0,
2003,9,9,0.98396635055542,0,0.5310532198273,0,
2003,9,10,4.75278949737549,0,2.84945486739707,0,
2003,9,11,0.649855375289917,0,2.73925758972473,0,
2003,9,12,1.84480094909668,0,1.20367701840223,0,
2003,9,13,5.15683603286743,0,3.48995588337675,0,
2003,9,14,0.355041652917862,0,2.81495894605905,0,
2003,9,15,0.041911069303751,0,0.200018321558673,0,
2003,9,16,3.54551911354065,0,1.74028948335763,4.54747350886464e-13,
2003,9,17,13.2953681945801,0,8.3920176707652,-4.54747350886464e-13,
2003,9,18,7.36468982696533,0,10.3352044262447,4.54747350886464e-13,
2003,9,19,0.195046529173851,0,3.716092816725,-4.54747350886464e-13,
2003,9,20,0.451331973075867,0,0.380743675266785,0,
2003,9,21,0.600308179855347,0,0.529203765570856,0,
2003,9,22,0.831452488899231,0,0.726397459717191,0,
2003,9,23,0.491292297840118,0,0.685239963040658,0,
2003,9,24,0.452039122581482,0,0.472598584767184,0,
2003,9,25,0.444684147834778,0,0.448114166232699,-4.54747350886464e-13,
2003,9,26,1.07528877258301,0,0.76011626205036,4.54747350886464e-13,
2003,9,27,0.614320993423462,0,0.839910840348239,0,
2003,9,28,0.437038779258728,0,0.538349670569005,0,
2003,9,29,0.207091331481934,0,0.306717630621279,0,
2003,9,30,0.0835374817252159,0,0.15420594342504,0,
2003,10,1,0.00826588738709688,0.00157826631993885,0.0345203732340451,0.00157826631993885,
2003,10,2,0.000733003835193813,0.00129143167760049,0.00332995223652688,0.00129143167760049,
2003,10,3,0.0154762966558337,0,0.00742548804191756,0,
2003,10,4,0.00210964656434953,0,0.00678255813545547,0,
2003,10,5,0.00140299636404961,0,0.00166194119447027,0,
2003,10,6,0.00168679712805897,0,0.00160668213902682,0,
2003,10,7,0.000374065159121528,0,0.00077740804226778,0,
2003,10,8,0.000184505435754545,0,0.000227912847549305,0,
2003,10,9,0.00107959622982889,0,0.000654862211376894,0,
2003,10,10,2.18951725959778,0,1.09103355854859,0,
2003,10,11,3.52630281448364,0,2.8338934782023,0,
2003,10,12,0.174337297677994,0,1.85924733239881,0,
2003,10,13,0.107602067291737,0,0.148940244143887,0,
2003,10,14,0.213052913546562,0,0.141796707468529,0,
2003,10,15,0.000720612588338554,0,0.136880182908499,0,
2003,10,16,0.000995151582174003,0,0.00104769740210031,0,
2003,10,17,0.00480657676234841,0,0.00387638001120649,0,
2003,10,18,0.00156138651072979,0,0.00422584337866283,0,
2003,10,19,0.00140479160472751,0,0.00165380668113357,0,
2003,10,20,0.0328668616712093,0,0.0156422290710907,0,
2003,10,21,0.109870471060276,0,0.0662776309218316,0,
2003,10,22,0.106841579079628,0,0.108394825618234,0,
2003,10,23,0.0237699020653963,0,0.0710158765687083,0,
2003,10,24,0.150818645954132,0,0.102334282391894,0,
2003,10,25,0.645083248615265,0,0.378379568166565,0,
2003,10,26,0.640336334705353,0.0626482668340032,0.580586692633005,0.0626482668340032,
2003,10,27,8.20688343048096,0.945734335231919,3.47788025893351,0.945734335231919,
2003,10,28,4.50626802444458,1.07445030708914,5.28214659605146,1.07445030708914,
2003,10,29,0.214630216360092,0.25836561770484,2.10215083584262,0.209164976854481,
2003,10,30,0.279671102762222,0.0878448264616054,0.159305832736209,0.253271912098626,
2003,10,31,0.0929686054587364,0.0748265734687266,0.111490057086485,0.0386413072064897,
2003,11,1,0.0194131322205067,0.0458973106628946,0.0103029032015911,0,
2003,11,2,0.949928164482117,0.484987075680692,0,0,
2003,11,3,0.777792870998383,0.863017077720542,0,0,
2003,11,4,2.77590847015381,1.78163355027436,0,0,
2003,11,5,0.585730075836182,1.68791825634617,0,0,
2003,11,6,0.0776642188429833,0.330268758744296,0,0,
2003,11,7,0.00596669502556324,0.0485853820364355,0,0,
2003,11,8,0.00038951903115958,0.00335426430820007,0,0,
2003,11,9,0.000981827266514301,0.000567025570489932,0,0,
2003,11,10,0.0135077582672238,0.00864267868792013,2.70709278993309e-06,0,
2003,11,11,0.00363324745558202,0.007317653219161,0.000515513807840762,0,
2003,11,12,0.517484188079834,0.250098597976375,0.0110450011688954,0,
2003,11,13,0.00523560447618365,0.26535825897372,0.0112008835985762,0,
2003,11,14,0.0018568733939901,0.00376633055202547,0,0,
2003,11,15,0.00307139661163092,0.0021530612098104,9.28940626181429e-05,0,
2003,11,16,0.00968524720519781,0.00480533080417445,0.00161019894221681,0,
2003,11,17,0.0211252626031637,0.00339580269701401,0.0120094533376687,5.87446999583472,
2003,11,18,0.00407051248475909,0,0.014105776870565,0,
2003,11,19,0.00845521409064531,0.00143663821882001,0.00482457557336602,0,
2003,11,20,0.00955432746559381,0.00339535353032261,0.00558236582764948,0,
2003,11,21,0.0128006562590599,0.00823134736583597,0.00288970889596385,0,
2003,11,22,0,0.00634135864265772,0,0,
2003,11,23,0.000556761224288493,0.000174781528585299,0,0,
2003,11,24,1.59665513038635,0.79863792504193,0,0,
2003,11,25,1.86216151714325,1.72709880658658,0,0,
2003,11,26,0.27868315577507,1.07489082923121,0,0,
2003,11,27,0.102713920176029,0.19845123802952,0,-4.54747350886464e-13,
2003,11,28,0.0197906158864498,0.0729597509998712,0,4.54747350886464e-13,
2003,11,29,0.639210641384125,0.320149391204268,0,0,
2003,11,30,0.0606483817100525,0.364720806645437,0.00239911561766348,4.54747350886464e-13,
2003,12,1,0.00747155118733645,0.0449598374125344,0.00397795403478085,-4.54747350886464e-13,
2003,12,2,0.000232568185310811,0.00656392545761264,6.67895237711491e-05,0,
2003,12,3,0.0138859637081623,0.00739479864432724,0,0,
2003,12,4,1.0931738615036,0.430214509239704,0.106968990128735,-4.54747350886464e-13,
2003,12,5,0.378812402486801,0.640017062500192,0.116715508886045,4.54747350886464e-13,
2003,12,6,0.00755209289491177,0.217187309338442,0,0,
2003,12,7,0.852586686611176,0.414985021592202,0,0,
2003,12,8,0.90451842546463,0.872026974859182,0,0,
2003,12,9,0.142401844263077,0.538759267476962,0,0,
2003,12,10,0.144928529858589,0.143222158558729,0,0,
2003,12,11,0.198803976178169,0.155306921055853,0,0,
2003,12,12,0.158509194850922,0.173940679294446,0,0,
2003,12,13,0.0298671051859856,0.120538177010985,0,0,
2003,12,14,2.48393726348877,1.25249073127225,0,0,
2003,12,15,1.06480896472931,1.8165421720214,0,0,
2003,12,16,0.221091285347939,0.625615486259449,0,0,
2003,12,17,0.0370913222432137,0.162634866926965,0,0,
2003,12,18,0.0819074809551239,0.0565827067480313,0,0,
2003,12,19,0.00499934004619718,0.0583582388758259,0,0,
2003,12,20,0.000769628211855888,0.00498459278742303,0,0,
2003,12,21,0.134310990571976,0.0461657881928659,0.0280825664212898,0,
2003,12,22,0.0258972812443972,0.0375596615112954,0.0141708507089788,0,
2003,12,23,0.00242668786086142,0.00972856590306037,0.000794990184658673,0,
2003,12,24,0.00137776613701135,0.00193387098124731,0,0,
2003,12,25,0.0221436377614737,0.00712594685865042,0,0,
2003,12,26,0.20334954559803,0.0680184139155244,0.00387708166636003,0,
2003,12,27,2.62770962715149,0.649083280467039,0.740127454133472,0,
2003,12,28,4.15377473831177,2.38672737714433,0.966448241082617,0,
2003,12,29,5.58061742782593,4.62466100895563,0.200726779610704,0,
2003,12,30,1.49681186676025,3.54126774959286,0,0,
2003,12,31,0.413775593042374,0.99979222264983,0,0,
2004,1,1,0.0943835452198982,0.223533078481069,0,0,
2004,1,2,7.64683485031128,3.80610951889003,0,0,
2004,1,3,2.30271458625793,5.01287499364389,0,0,
2004,1,4,0.00031528651015833,1.14894673785693,0,0,
2004,1,5,0.050564106553793,0.0325508019050176,0,0,
2004,1,6,0.0216063223779202,0.0388334485091946,0,0,
2004,1,7,0.00445410516113043,0.0175780029626367,0,0,
2004,1,8,0.227724477648735,0.136036760567094,0,0,
2004,1,9,0.0792451798915863,0.128234271506244,0,0,
2004,1,10,0.745894491672516,0.278843224872162,0,0,
2004,1,11,0.574342727661133,0.655712269993728,0,0,
2004,1,12,0.677939891815186,0.615065817247796,0,0,
2004,1,13,3.04928159713745,1.73419815919397,0,0,
2004,1,14,0.696934580802918,1.96253349359768,0,0,
2004,1,15,0.376515805721283,0.481352563779183,0,0,
2004,1,16,1.17896091938019,0.678499520419337,0,-4.54747350886464e-13,
2004,1,17,0.100472621619701,0.693887946811174,0,4.54747350886464e-13,
2004,1,18,2.47163879976142e-05,0.0262425254845766,0,0,
2004,1,19,0.100956000387669,0.0679209241834542,0,0,
2004,1,20,1.13476800918579,0.45476687289829,0,0,
2004,1,21,0.301702111959457,0.826128719278131,-1.81898940354586e-12,0,
2004,1,22,1.17174327373505,0.574261282285534,1.81898940354586e-12,0,
2004,1,23,0.479929894208908,0.654843342608274,0,0,
2004,1,24,0.271066039800644,0.313738733295395,0,0,
2004,1,25,4.39720153808594,2.32455071406685,0,0,
2004,1,26,4.0694580078125,4.23374709448808,0,0,
2004,1,27,1.31057405471802,2.49691054305868,0,0,
2004,1,28,0.512554049491882,1.10253549472691,0,0,
2004,1,29,0.00142367801163346,0.290256035653783,0,0,
2004,1,30,0.138727128505707,0.047731450835272,0,0,
2004,1,31,3.51584529876709,1.9398422328477,0,0,
2004,2,1,0.286661237478256,2.06684790144982,0,0,
2004,2,2,0.00142709084320813,0.132181337246038,0,0,
2004,2,3,0.00114781328011304,0.0013279761051308,0,0,
2004,2,4,0.0235197450965643,0.00439119643806407,0,0,
2004,2,5,1.06632816791534,0.478075438657925,0,0,
2004,2,6,0.121445082128048,0.816859550092886,0,0,
2004,2,7,0.165770962834358,0.136804043010216,0,0,
2004,2,8,0.583581149578095,0.435372000767984,0,0,
2004,2,9,0.239698737859726,0.352063360253396,0,0,
2004,2,10,0.800668954849243,0.507178676798048,1.81898940354586e-12,0,
2004,2,11,0.558132946491242,0.715019820923772,-1.81898940354586e-12,0,
2004,2,12,0.024436155334115,0.461749727430743,0,0,
2004,2,13,0.00161810824647546,0.0532134248419425,-1.81898940354586e-12,-4.54747350886464e-13,
2004,2,14,0.000825473223812878,0.000947577097576868,1.81898940354586e-12,4.54747350886464e-13,
2004,2,15,1.18359065055847,0.454714386386968,0,0,
2004,2,16,0.23486003279686,0.928936726736538,0,0,
2004,2,17,0.0178914368152618,0.159754921487092,0,0,
2004,2,18,0.0418729186058044,0.0252310890896297,0,0,
2004,2,19,0.123573362827301,0.0691055598572348,0,0,
2004,2,20,0.0773778408765793,0.112643227254921,0.00140114983878448,0,
2004,2,21,0.33402681350708,0.188935732709979,0.00339390663975792,0,
2004,2,22,0.159007236361504,0.287972567477937,0,0,
2004,2,23,0.00975327380001545,0.0806441703566634,0,0,
2004,2,24,0.0119468299672008,0.0105954113896587,0,0,
2004,2,25,0.00328873959369957,0.00585532635568598,0.000255647637459333,0,
2004,2,26,0.00190449832007289,0.00175522253812233,0.000744924011087278,0,
2004,2,27,0.000924221239984035,0.000502916404002463,0.000911443859877181,3.79728573249395,
2004,2,28,0.0327835977077484,0.00292588877255184,0.0134180262739392,6.70363499910536,
2004,2,29,0.733547806739807,0.195416818330159,0.189397870391986,2.86333893424853,
2004,3,1,4.79197645187378,1.65228961100411,1.00917985030537,0,0
2004,3,2,1.07786858081818,2.07138663916476,0.8730315328703,0,0
2004,3,3,0.300780117511749,0.617082197413765,0,0,0
2004,3,4,2.75429201126099,1.57986779046314,0,0,0
2004,3,5,1.95703160762787,2.52069904629752,0,0,0
2004,3,6,0.270724594593048,0.975993489129451,0,0,0
2004,3,7,0.0424907803535461,0.187553618341099,0,4.54747350886464e-13,0
2004,3,8,0.0157167036086321,0.0343399693610991,0,-4.54747350886464e-13,0
2004,3,9,0.00635579833760858,0.0102697524375799,0.000554566482605878,0,0
2004,3,10,1.12365627288818,0.811377505744076,0.000261746397882234,0,0.00228571423462459
2004,3,11,0.350724697113037,0.730015362081304,0,0,0.00502857140132359
2004,3,12,0.0776268988847733,0.178630124338724,0,0,0.00594285726547241
2004,3,13,0.571035265922546,0.373516327174002,0,0,0.00640000019754682
2004,3,14,0.142325416207314,0.233135841127478,0,0,0.00685714270387377
2004,3,15,0.0170484874397516,0.0542031521931676,0,0,0.00731428606169564
2004,3,16,3.37228274345398,1.78563314713483,0,0,0.00822857107434954
2004,3,17,0.714715540409088,2.21193090334646,0,0,0.00914285693849836
2004,3,18,0.0260112956166267,0.565691251999397,0,0,0.0118857145309448
2004,3,19,0.219824314117432,0.0829090599127085,0.0499057212837215,0,0.0182857138769967
2004,3,20,0.0730956494808197,0.0933128778078753,0.044142162458229,0,0.0329142842973982
2004,3,21,0.000727133185137063,0.0139085757778048,0,0,0.0365714277539934
2004,3,22,0.00322400778532028,0.0012967707621101,0,0,0.0397714274270194
2004,3,23,0.000606323126703501,0.00269536845280527,0,0,0.0434285708836147
2004,3,24,0.00146964413579553,0.000729426763882657,0.000506554448293173,0.323504425766259,0.0571428571428571
2004,3,25,0.0193588584661484,0.00022826161739431,0.0101861000166537,16.5464043239222,0.0982857159205846
2004,3,26,1.07382667064667,0.355544191739682,0.189953465967847,16.2563975897156,0.177371433803013
2004,3,27,31.4999942779541,4.97265889589608,11.3577317931104,0.684337261151086,0.308571434020996
2004,3,28,14.6793956756592,4.62644660718888,18.5038234729564,15.8087459397234,0.457142857142857
2004,3,29,0.335603207349777,0.0561654664979869,7.45299031533614,15.1998906795016,1.37142857142857
2004,3,30,0.00162369455210865,0.0562129922063832,0.11107036811336,0,6.49142848423549
2004,3,31,0.001508510671556,0.000480132351185603,0.00108620184255415,12.5414443184122,10.2399998256138
2004,4,1,0.00800069980323315,0,0.00475461727364746,29.5311107838015,11.4285714285714
2004,4,2,0.253048300743103,0,0.130297897174387,0,12.5714285714286
2004,4,3,0.13049627840519,0,0.1892926689452,0,13.1200003487723
2004,4,4,1.45737215007102e-06,0,0.0640309789159801,0,12.9371425083705
2004,4,5,0.174753233790398,0,0.0852914588467684,0,12.434286063058
2004,4,6,0.920650720596313,0,0.502730224994593,0,11.2914289202009
2004,4,7,10.7676916122437,4.54747350886464e-13,5.65938810981606,4.54747350886464e-13,10.6514282226563
2004,4,8,3.68226099014282,0.031628679345431,7.23431268916829,0.031628679345431,9.69142892020089
2004,4,9,0.00474096834659576,0.033396700495814,1.8124297615941,0.0320391548161751,8.91428571428572
2004,4,10,0.00194260245189071,0.00233208082818237,0.00101516787799483,0,8.13714250837054
2004,4,11,0.00515448255464435,0.00258669346021634,0.000958437380177202,0,7.31428571428571
2004,4,12,0.000174552158568986,0.00161676430661828,0.00104775435829652,0.011836194379157,6.53714294433594
2004,4,13,0.00773662561550736,0,0.0037754278491775,-4.54747350886464e-13,5.76000017438616
2004,4,14,0.0552222914993763,0,0.0309207488426182,4.54747350886464e-13,4.93714294433594
2004,4,15,10.2589874267578,0,5.03207157391626,0,4.16914280482701
2004,4,16,3.4591977596283,0,6.87728616500135,0,3.37371433803013
2004,4,17,0.600692331790924,0,2.0902875702559,0,2.46857147216797
2004,4,18,0.89803957939148,0,0.747892075503842,0,1.78285718645368
2004,4,19,0.080697275698185,0,0.496977383258127,0,1.23428573608398
2004,4,20,1.24665462970734,0,0.658375807399352,0,0.754285703386579
2004,4,21,0.83024275302887,0,1.03890709059124,0,0.415085710797991
2004,4,22,0.0687412619590759,0,0.464482835815943,0,0.303085708618164
2004,4,23,0.0924180448055267,0,0.0783928968085093,0,0.208000005994524
2004,4,24,0.0266053229570389,0,0.0530036227428354,0,0.15679999760219
2004,4,25,0.025409746915102,0,0.0259070684423932,0,0.124342863900321
2004,4,26,0.0322252064943314,0,0.0291425073810387,0,0.10971428326198
2004,4,27,0.152096152305603,0,0.0936622553872439,0,0.100114284242903
2004,4,28,0.0150819448754191,0,0.0847732494548836,0,0.0813714299883161
2004,4,29,0.0332887396216393,0,0.0234345635635691,0,0.0745142868586949
2004,4,30,0.00847890600562096,0,0.0234842223817395,0,0.0626285689217704
2004,5,1,0.195548519492149,0,0.109937084251214,0,0.0576000009264265
2004,5,2,0.0124347014352679,0,0.105943891971037,0,0.0479999985013689
2004,5,3,0.544871032238007,0,0.240690738584817,0,0.0383999994822911
2004,5,4,0.586916387081146,0,0.570198826084379,0,0.0315428563526699
2004,5,5,1.78112459182739,0,1.24850261264692,0,0.0269714287349156
2004,5,6,0.439671725034714,0,1.1947737596256,0,0.0223999994141715
2004,5,7,0.264535367488861,4.54747350886464e-13,0.343195572660989,0,0.0214857135500227
2004,5,8,0.974390745162964,-4.54747350886464e-13,0.65153320214813,0,0.0187428576605661
2004,5,9,1.50729644298553,0,1.23123872363976,0,0.014171428339822
2004,5,10,4.33617448806763,0,2.88396211924373,0,0.00731428606169564
2004,5,11,26.1473331451416,0,15.2506801568816,0,0.0191999997411455
2004,5,12,22.2992553710938,0.218940039186236,24.0043537770889,0.218940039186236,0.201600006648472
2004,5,13,0.575214445590973,0.348833341218779,11.0883996562861,0.218939950472759,0.639999989100865
2004,5,14,0.115661382675171,0.129893414277376,0.215544581886206,0.581114102725223,0.436571420942034
2004,5,15,4.66420650482178,0,2.38990606259904,0,0.346514293125698
2004,5,16,2.03504300117493,0,3.36434002856367,0,0.283885710580008
2004,5,17,0.0803483575582504,0,1.06015155940986,4.54747350886464e-13,0.228571428571429
2004,5,18,0.327408492565155,0,0.203135900677808,-4.54747350886464e-13,0.190171432495117
2004,5,19,9.18653392791748,0,4.63698168466908,0,0.16457143511091
2004,5,20,6.40967082977295,0,7.81134062673846,0,0.207085718427386
2004,5,21,0.245007708668709,0,3.3949564887098,0,0.274285725184849
2004,5,22,0.0119125237688422,0,0.131531874776556,0,0.241371427263532
2004,5,23,0.124267235398293,0,0.0654962090084155,0,0.199314280918666
2004,5,24,7.06843566894531,0,3.47670880618534,0,0.168685708727155
2004,5,25,5.83461427688599,0,6.45087062447783,-4.54747350886464e-13,0.152228573390416
2004,5,26,1.10747396945953,0,3.33919841022362,4.54747350886464e-13,0.155428573063442
2004,5,27,0.014604713767767,0,0.522737687544577,0,0.218971429552351
2004,5,28,0.319302469491959,0,0.143872195785661,0,0.282514272417341
2004,5,29,12.9496240615845,0,6.65586198187521,0,0.309942844935826
2004,5,30,21.510950088501,0,17.3745278474944,0,1.61371427263532
2004,5,31,5.89607810974121,0,13.8372406392591,0,6.03428562709263
2004,6,1,0.115609481930733,0,3.1725543192897,0,6.71999991280692
2004,6,2,0.00146131846122444,0,0.0553451929699804,0,6.81142839704241
2004,6,3,0.188071191310883,0,0.107636084032492,0,6.35428553989955
2004,6,4,3.40223717689514,0,1.81899079184041,0,5.71428571428571
2004,6,5,1.12778782844543,0,2.39621425026053,0,5.21142839704241
2004,6,6,13.8464431762695,0,7.59926065649597,0,4.89142848423549
2004,6,7,6.56186532974243,0,10.2363277258428,-4.54747350886464e-13,5.57714276994978
2004,6,8,0.0877975970506668,0,3.36262200769306,4.54747350886464e-13,6.85714285714286
2004,6,9,0.0135060073807836,0,0.0566026368051098,0,6.81142839704241
2004,6,10,0.165879368782043,0,0.0903104199496738,0,6.12571411132813
2004,6,11,2.23686194419861,0,1.16655521783105,0,5.02857142857143
2004,6,12,0.184316486120224,0,1.17658563694022,0,3.86742858886719
2004,6,13,0.201274916529655,0,0.191864469652501,0,2.77485722133092
2004,6,14,0.325972348451614,0,0.269333433190695,0,1.87428567068917
2004,6,15,2.86250233650208,0,1.52617976331931,0,1.20685719081334
2004,6,16,1.61079955101013,0,2.19752726925435,0,0.754285703386579
2004,6,17,1.96064269542694,0,1.81942251902728,0,0.470857129778181
2004,6,18,0.21412318944931,0,1.1881309438686,0,0.325485719953265
2004,6,19,0.00294087175279856,0,0.108488306230356,0,0.232228578839983
2004,6,20,2.37395524978638,0,1.25413195409055,0,0.171428571428571
2004,6,21,1.85062623023987,0,2.12072650656773,0,0.114742851257324
2004,6,22,0.410161882638931,0,1.17986039953394,0,0.068114287512643
2004,6,23,2.12853765487671,0,1.21807091302799,0,0.0393142870494298
2004,6,24,2.24027800559998,0,2.17939036569624,0,0.0242285711424691
2004,6,25,0.73882782459259,0,1.39676403822159,0,0.04708571434021
2004,6,26,0.189458921551704,0,0.498895194472425,0,0.0479999985013689
2004,6,27,0.0522745549678803,0,0.128688871514896,0,0.0489142860685076
2004,6,28,0.169665098190308,0,0.103670880369464,4.54747350886464e-13,0.0466285705566406
2004,6,29,0.00512490468099713,0,0.0822332638563239,-4.54747350886464e-13,0.0457142863954817
2004,6,30,0.00412662979215384,0,0.00459164220774255,0,0.0429714271000453
2004,7,1,0.245378345251083,0,0.129048137388963,0,
2004,7,2,5.07085704803467,0,2.65629887859905,0,
2004,7,3,2.66857862472534,0,3.90577195888363,0,
2004,7,4,0.811664998531342,0,1.79837473401312,0,
2004,7,5,0.249445751309395,0,0.560170303180712,4.54747350886464e-13,
2004,7,6,1.11313843727112,0,0.766804184077046,-4.54747350886464e-13,
2004,7,7,0.168598517775536,0,0.676378437723542,0,
2004,7,8,9.42331218719482,0,4.76228105560585,0,
2004,7,9,9.90660190582275,0,9.69169624964161,0,
2004,7,10,0.571496367454529,0,5.22722139965299,0,
2004,7,11,0.507759094238281,0,0.543076314655991,0,
2004,7,12,2.08994507789612,0,1.26154182755636,0,
2004,7,13,0.0236707460135222,0,1.08606795299602,0,
2004,7,14,0.00760877970606089,0,0.0145552189460432,0,
2004,7,15,0.753234803676605,0,0.386808415860287,0,
2004,7,16,0.144972786307335,0,0.424143790976814,0,
2004,7,17,1.01142287254334,0,0.539020333830194,0,
2004,7,18,0.288326919078827,0,0.618344627180704,0,
2004,7,19,1.30451858043671,0,0.775301687330284,-4.54747350886464e-13,
2004,7,20,2.07206439971924,0,1.70498994033551,4.54747350886464e-13,
2004,7,21,3.27808952331543,0,2.6586526993633,0,
2004,7,22,1.98530578613281,0,2.68720024470349,0,
2004,7,23,0.42183518409729,0,1.24170379827956,-4.54747350886464e-13,
2004,7,24,0.0149208065122366,0,0.223205687092559,4.54747350886464e-13,
2004,7,25,0.181173399090767,0,0.0908850039249955,0,
2004,7,26,0.0598505437374115,0,0.135547234784099,-4.54747350886464e-13,
2004,7,27,5.96225118637085,0,2.99628907675833,4.54747350886464e-13,
2004,7,28,8.93519401550293,0,7.41252284879192,0,
2004,7,29,0.829482197761536,0,4.95533464567052,4.54747350886464e-13,
2004,7,30,0.306079298257828,0,0.592277293479128,-4.54747350886464e-13,
2004,7,31,3.62244915962219,0,2.00073991117279,0,
2004,8,1,1.61509871482849,0,2.64848133841406,0,
2004,8,2,1.01938700675964,0,1.27369437437483,0,
2004,8,3,0.000235714891459793,0,0.536972871090256,0,
2004,8,4,0.0465931370854378,0,0.0202160694334452,0,
2004,8,5,0.0625003278255463,0,0.0549324770599924,0,
2004,8,6,7.26360750198364,0,3.68117792245721,0,
2004,8,7,10.7926626205444,0,9.02226827744198,0,
2004,8,8,17.9274654388428,0,14.2863875142466,0,
2004,8,9,9.00346660614014,0,13.5101497447649,0,
2004,8,10,1.21883809566498,0,5.1113523665299,0,
2004,8,11,0.110601082444191,0,0.612769812165425,0,
2004,8,12,0.651186287403107,0,0.37164862084137,0,
2004,8,13,0.188571393489838,0,0.441213126407092,0,
2004,8,14,0.00484723970293999,0,0.114619304082225,0,
2004,8,15,0.0608693659305573,0,0.0359082187060267,4.54747350886464e-13,
2004,8,16,0.0571360029280186,0,0.0591356038858066,-4.54747350886464e-13,
2004,8,17,3.69401049613953,0,1.88583520934299,0,
2004,8,18,1.60891318321228,0,2.77168088823055,0,
2004,8,19,0.0396114885807037,0,0.698317927774042,0,
2004,8,20,0.0840708315372467,0,0.0630322284541762,0,
2004,8,21,1.22460973262787,0,0.594494892467992,4.54747350886464e-13,
2004,8,22,1.36249995231628,0,1.30454442706832,0,
2004,8,23,7.12014579772949,0,4.16647588471824,-4.54747350886464e-13,
2004,8,24,5.50897550582886,0,6.34863628860694,0,
2004,8,25,11.4179830551147,0,8.35810149678946,0,
2004,8,26,18.8098068237305,0,15.2287551512345,0,
2004,8,27,0.629089415073395,0,9.80790835536573,0,
2004,8,28,0.306687533855438,0,0.471556200216583,0,
2004,8,29,5.9933648109436,0,3.0571449917843,0,
2004,8,30,2.80733203887939,0,4.45563541153751,-4.54747350886464e-13,
2004,8,31,0.655787944793701,0,1.85191857366954,9.09494701772928e-13,
2004,9,1,0.207926616072655,0,0.42463998722269,-9.09494701772928e-13,
2004,9,2,0.00145187717862427,0,0.107465378965571,4.54747350886464e-13,
2004,9,3,8.1039628982544,0,4.02300728534101,0,
2004,9,4,5.57357597351074,0,6.83171919352026,0,
2004,9,5,3.45282554626465,0,4.52420012872062,0,
2004,9,6,7.29645156860352,0,5.170243367289,0,
2004,9,7,0.173391193151474,0,3.82975476604406,0,
2004,9,8,0.0837997645139694,0,0.133198299397918,0,
2004,9,9,0.0147859780117869,0,0.0497841141204845,4.54747350886464e-13,
2004,9,10,0.806329131126404,0,0.411272480027037,-4.54747350886464e-13,
2004,9,11,1.24820458889008,0,1.01500075113108,0,
2004,9,12,0.987590551376343,0,1.11872220400619,0,
2004,9,13,8.21240139007568,0,4.50488945203142,0,
2004,9,14,3.50311946868897,0,5.85792088598282,0,
2004,9,15,0.0862783938646317,0,1.81420444358628,0,
2004,9,16,2.01179933547974,0,1.11418897625663,0,
2004,9,17,0.103003703057766,0,1.06696968365395,0,
2004,9,18,0.00327652483247221,0,0.0551912919709139,0,
2004,9,19,4.0036792755127,0,1.83887179374142,0,
2004,9,20,11.3027830123901,0,7.61492472859209,0,
2004,9,21,4.02403354644775,0,7.67511203038339,0,
2004,9,22,1.10719442367554,0,2.55193765293552,4.54747350886464e-13,
2004,9,23,14.1679439544678,0,7.57667767541716,-4.54747350886464e-13,
2004,9,24,5.38065624237061,0,9.78653749447403,0,
2004,9,25,0.109430551528931,0,2.7249472962194,0,
2004,9,26,0.000366783991921693,0,0.0564804696077772,0,
2004,9,27,0.000400295684812591,0,0.000383841796065099,-4.54747350886464e-13,
2004,9,28,0.32476681470871,0,0.152827329646243,4.54747350886464e-13,
2004,9,29,0.464766174554825,0,0.397476014850326,-4.54747350886464e-13,
2004,9,30,1.32299268245697,0,0.896881433782255,4.54747350886464e-13,
2004,10,1,1.33852136135101,0,1.33186600659428,0,
2004,10,2,0.0815709605813026,0,0.611714088676308,0,
2004,10,3,0.0844678580760956,0,0.0828040769702056,0,
2004,10,4,0.335050165653229,0,0.235735103984553,0,
2004,10,5,0.014411885291338,0,0.154883709459682,0,
2004,10,6,0.0714961737394333,0,0.0451514695050719,0,
2004,10,7,1.40588974952698,0,0.729109793326643,0,
2004,10,8,0.619598150253296,0,1.03185092325839,0,
2004,10,9,0.00405924255028367,0,0.340940418065657,0,
2004,10,10,4.76594008702591e-09,0,0.00232566068370943,0,
2004,10,11,0.0738458260893822,0,0.0322584902842209,0,
2004,10,12,0.67670875787735,0,0.332908957938344,0,
2004,10,13,0.380415678024292,0,0.557232798248151,0,
2004,10,14,6.4529242515564,0,3.44997140161649,0,
2004,10,15,4.91175842285156,0,5.62735891619741,0,
2004,10,16,0.817525029182434,0.0722680161302378,2.85242821799329,0.0722680161302378,
2004,10,17,0.0207949467003346,0.080562768730033,0.33874138252213,0.0744790985013424,
2004,10,18,2.95323181152344,0.725804264307044,0.761258442415056,0,
2004,10,19,3.10511541366577,0.719694451872783,2.30947915354591,2.97407227427129,
2004,10,20,0.0947413891553879,0,1.63649094368157,0,
2004,10,21,0.0875380635261536,0,0.0908969573465583,0,
2004,10,22,4.54491853713989,0,2.20817965058632,-4.54747350886464e-13,
2004,10,23,3.98652768135071,0,4.30189369804612,4.54747350886464e-13,
2004,10,24,3.08709764480591,0,3.62326600509186,0,
2004,10,25,1.28157472610474,0,2.1240311913989,0,
2004,10,26,0.150130078196526,0,0.818631882268164,0,
2004,10,27,0.439121127128601,0,0.27818245915114,0,
2004,10,28,1.71364402770996,0,1.01477729332328,0,
2004,10,29,0.698629975318909,0,1.30510881469854,4.54747350886464e-13,
2004,10,30,1.31975066661835,0,1.0596304553892,-4.54747350886464e-13,
2004,10,31,0.0218554306775332,0,0.796734803441723,0,
2004,11,1,0.00469708768650889,0,0.0112379335823789,0,
2004,11,2,0.0154098812490702,0,0.0106696156217367,0,
2004,11,3,0.0566334277391434,0,0.0471303953399911,0,
2004,11,4,0.107062414288521,0,0.0959299206278956,4.54747350886464e-13,
2004,11,5,0.00451519619673491,0,0.0290827039661963,-4.54747350886464e-13,
2004,11,6,0.0409994944930077,0,0.0126570928860019,0,
2004,11,7,0.00168140942696482,0,0.0341525063922745,0,
2004,11,8,0.000476550776511431,0.000150486773691227,0.00373529508397041,0,
2004,11,9,3.06886090584158e-06,0.000151532742165728,8.82771146279993e-05,0.000472874974548176,
2004,11,10,2.8152200684417e-05,3.83719861929421e-06,1.33224675664678e-05,3.83451151719783e-06,
2004,11,11,2.16723879020719e-06,4.05769560529734e-06,8.92805473995395e-06,2.84164207187132e-06,
2004,11,12,0.00181684026028961,0.000240305451825407,0.000669198363539181,0.000241981621911691,
2004,11,13,6.93746414981433e-06,0.000132607473915414,0.000375726680431399,0.000132607473915414,
2004,11,14,3.00757415061526e-06,0,4.02152545575518e-06,0,
2004,11,15,1.36913931783056e-05,0,2.69170814135578e-05,0,
2004,11,16,0.000430118176154792,0,0.00032193363767874,0,
2004,11,17,0.000222158778342418,0,0.000314408980557346,-4.54747350886464e-13,
2004,11,18,0.00019921905186493,0,0.000209628231459646,4.54747350886464e-13,
2004,11,19,0.127298846840858,0.00502822384305546,0.0353084956441307,0.0050282238435102,
2004,11,20,0.0361019782721996,0.0142925473733158,0.0674169835565408,0.00796279253336252,
2004,11,21,0.000293059041723609,0.0063957771258174,0.0116604114755319,4.54747350886464e-13,
2004,11,22,4.9750542640686,0.45757099119237,2.03010112052834,0.493707017834367,
2004,11,23,1.21605205535889,1.036006238558,2.05954583701714,0.457457180211804,
2004,11,24,0.0485067628324032,0.599302112969781,0.0292911742526485,0,
2004,11,25,0.436413139104843,0.242663473886751,0,0,
2004,11,26,0.173293054103851,0.306412780458686,0,0,
2004,11,27,0.0216660983860493,0.104340577832772,0,0,
2004,11,28,0.267602324485779,0.138417997575289,0,0,
2004,11,29,0.0431690737605095,0.162037288072042,0,0,
2004,11,30,0.224308580160141,0.130553069954203,0,0,
2004,12,1,1.34755277633667,0.777822299165109,0,0,
2004,12,2,0.996050477027893,1.17208088085954,0,0,
2004,12,3,0.498001486063004,0.755464135734201,1.81898940354586e-12,0,
2004,12,4,0.0798893421888351,0.286537669378049,-1.81898940354586e-12,0,
2004,12,5,2.1248950958252,1.09039428383903,0,4.54747350886464e-13,
2004,12,6,3.82317852973938,2.94830866676193,0,-4.54747350886464e-13,
2004,12,7,1.24548768997192,2.56390110532175,0,0,
2004,12,8,0.0788850784301758,0.642545957434322,0,0,
2004,12,9,0.0549579560756683,0.0680925323467818,1.81898940354586e-12,4.54747350886464e-13,
2004,12,10,0.0783651694655418,0.0614217884794925,-1.81898940354586e-12,-4.54747350886464e-13,
2004,12,11,0.894557416439056,0.460057784191122,0,0,
2004,12,12,1.87775802612305,1.39129400142747,0,0,
2004,12,13,0.158888295292854,1.06879638465216,0,0,
2004,12,14,0.0913954973220825,0.125464728352654,0,0,
2004,12,15,0.0318402387201786,0.0633707638030501,0,0,
2004,12,16,0.00830418430268765,0.0256800882716561,0,0,
2004,12,17,0.068862684071064,0.0416671397624668,0,0,
2004,12,18,0.00818551797419787,0.0265644462729142,0,0,
2004,12,19,1.49144220352173,0.777884172708127,0,0,
2004,12,20,1.25039494037628,1.32898643740828,0,0,
2004,12,21,0.111388154327869,0.641615608357824,0,0,
2004,12,22,0.000193892716197297,0.024827408321471,0,0,
2004,12,23,0.0007682538125664,0.000642567152226548,0,0,
2004,12,24,0.0798340439796448,0.0382060197011924,0,0,
2004,12,25,0.0152723472565413,0.0605097569323334,0,0,
2004,12,26,1.22868514060974,0.633970267192126,0,0,
2004,12,27,0.401719838380814,0.873811651892993,0,0,
2004,12,28,0.0360302999615669,0.192014739136084,0,0,
2004,12,29,0.167762473225594,0.135989815993071,0,0,
2004,12,30,12.4524040222168,6.23350087412746,0,0,
2004,12,31,5.81369781494141,9.05086495825708,0,0,
2005,1,1,12.7493190765381,9.31894889466685,0,0,
2005,1,2,5.17891263961792,9.16351067896176,0,0,
2005,1,3,0.10148774087429,2.59475004559727,0,0,
2005,1,4,0.00421404326334596,0.0293385233326262,0,0,
2005,1,5,0.000162595824804157,0.00202924406403326,0,-4.54747350886464e-13,
2005,1,6,0.109802030026913,0.0153937934078385,0,4.54747350886464e-13,
2005,1,7,0.01245057862252,0.0559633399539052,0,0,
2005,1,8,1.18304789066315,0.81171364784359,0,0,
2005,1,9,0.180606305599213,0.738190846478119,0,0,
2005,1,10,0.249535843729973,0.221551006189202,0,0,
2005,1,11,0.920344352722168,0.562641314820667,0,0,
2005,1,12,1.38716375827789,1.17077563050179,0,0,
2005,1,13,0.119406133890152,0.984874098135606,1.81898940354586e-12,0,
2005,1,14,0.0733901858329773,0.0913416865064391,-1.81898940354586e-12,0,
2005,1,15,0.000431015767389908,0.0385240831215015,0,0,
2005,1,16,0.000239353961660527,0.000402483887683047,0,0,
2005,1,17,0.0946006774902344,0.0530872571894179,1.81898940354586e-12,0,
2005,1,18,3.23147344589233,1.50532591339925,-1.81898940354586e-12,0,
2005,1,19,2.08743977546692,2.76198765420031,0,-4.54747350886464e-13,
2005,1,20,0.858582198619843,1.67038618323204,0,4.54747350886464e-13,
2005,1,21,3.93073415756226,2.20934913007068,0,0,
2005,1,22,1.19454956054688,2.60168632917248,0,0,
2005,1,23,0.0475481152534485,0.448610678057321,0,0,
2005,1,24,0.732157349586487,0.179610499716546,0,0,
2005,1,25,0.261552661657333,0.631786896131871,0,0,
2005,1,26,0.00114055117592216,0.163231737354636,0,0,
2005,1,27,0.0948332101106644,0.0563211125163434,0,0,
2005,1,28,0.174424365162849,0.126589897248778,0,0,
2005,1,29,0.0317319110035896,0.139677139338801,0,0,
2005,1,30,0.0815528184175491,0.0665788508217702,0,0,
2005,1,31,0.029214832931757,0.0609428129673688,0,0,
2005,2,1,0.0118324803188443,0.0266883142080587,0.000403598336561117,0,
2005,2,2,0.0057763596996665,0.00991057367446047,0.00149737718129472,0,
2005,2,3,0.00133943022228777,0.00226207604100637,5.09096716996282e-05,0,
2005,2,4,0.000420225347625092,0.00980231455514513,1.29290692711947e-05,0,
2005,2,5,0.104804962873459,0.0872847521291078,0,0,
2005,2,6,0.0223925895988941,0.0879788944075699,0,0,
2005,2,7,0.00062939478084445,0.0204202953618733,0,0,
2005,2,8,0.000418014155002311,0.000489761585868109,0,0,
2005,2,9,0.000586037640459836,0.000560173116809892,0,0,
2005,2,10,0.253620147705078,0.123971022467231,0,0,
2005,2,11,0.110027939081192,0.214462004451889,0,0,
2005,2,12,0.00245761382393539,0.0514297947493105,3.8258294807747e-06,0,
2005,2,13,0.0310166906565428,0.0128754394240787,0.00468848446871562,0,
2005,2,14,0.110268354415894,0.0483614662202854,0.00622737853518629,0,
2005,2,15,0.0739047378301621,0.103347306777778,0.00023185023383121,0,
2005,2,16,0.158998414874077,0.10998130961616,0,0,
2005,2,17,0.773170113563538,0.399636549680054,0,0,
2005,2,18,0.56745457649231,0.716237649652612,0,0,
2005,2,19,0.684297800064087,0.591443763176812,0,0,
2005,2,20,1.17382395267487,0.863485199551178,0,0,
2005,2,21,0.0675381049513817,0.486140921012066,0,0,
2005,2,22,0.0120126651600003,0.028984629435854,0,0,
2005,2,23,0.000182322488399223,0.00714602512744023,0,0,
2005,2,24,0.255711317062378,0.0419827039086158,0,0,
2005,2,25,0.10090996325016,0.162377666018529,0,0,
2005,2,26,0.463475346565247,0.247181948519938,0,0,
2005,2,27,0.457450807094574,0.461630704980962,0,0,
2005,2,28,0.0395434387028217,0.221961759249098,0,0,
2005,3,1,0.00234223995357752,0.0216478075608393,0,0,0
2005,3,2,0,0.00199629729104345,0,0,0
2005,3,3,0.00120136025361717,0.000735456855181838,0,0,0
2005,3,4,0.00533652910962701,0.00277072164954006,0,0,0
2005,3,5,0.0704288706183434,0.0387993673207347,0.00906636562467611,0,0
2005,3,6,1.61558258533478,0.307117978095903,0.23051094055154,0,0
2005,3,7,0.144252106547356,0.649581908028722,0.498106887765971,0,0
2005,3,8,0.00119436741806567,0.0755408242603153,0,0,0
2005,3,9,1.69813358783722,0.912951316126055,0,0,0
2005,3,10,3.14848446846008,2.41087734720441,0,0,0
2005,3,11,0.267306059598923,1.88956752278,0,0,0
2005,3,12,0.0881205797195435,0.128112321471235,0,0,0
2005,3,13,0.0708731859922409,0.0772517545315168,0,-4.54747350886464e-13,0
2005,3,14,0.0965390875935555,0.0900702623957841,0,4.54747350886464e-13,0
2005,3,15,0.0432354062795639,0.0672231420157914,0,0,0
2005,3,16,0.204209893941879,0.165756437452728,0,0,0
2005,3,17,0.0964509546756744,0.143493528336421,0,0,0
2005,3,18,0.000196546112420037,0.0681291195637641,0,0,0
2005,3,19,0.000347182125551626,0.00287555216391411,1.81898940354586e-12,0,0
2005,3,20,0.000696022936608642,0.00060121931392132,-1.81898940354586e-12,0,0
2005,3,21,0.0522770918905735,0.013486182356246,0,0,0
2005,3,22,0.629853069782257,0.2578695287757,0.0373996608868765,0,0
2005,3,23,1.54769933223724,0.524941962929461,0.563830965240413,0,0
2005,3,24,0.671944737434387,0.590011275819961,0.519894777893569,0,0
2005,3,25,0.00289722136221826,0.271880908177991,0,0,0
2005,3,26,0.00334727810695767,0.00302036275888895,0,4.54747350886464e-13,0
2005,3,27,0.0526084452867508,0.00708217908368169,0.0208956825917994,2.38237625550028,0
2005,3,28,0.0148882698267698,0.00613786779103975,0.0276071483058331,6.87312125533208,0
2005,3,29,0.0393664240837097,0.000727423629086843,0.0264457346274867,21.9546080302525,0
2005,3,30,0.0137744415551424,0,0.0262634046393941,33.4763596682724,0.00228571423462459
2005,3,31,0.00732276774942875,0,0.0105595357763377,25.4127778678103,0.681142861502511
2005,4,1,0.00866119284182787,0,0.0079829866754153,0,3.67542855398996
2005,4,2,0.104229889810085,0,0.0562020422348724,0,7.26857125418527
2005,4,3,0.0539771318435669,0,0.0809613319670461,4.54747350886464e-13,8.32000034877232
2005,4,4,0.211113229393959,0,0.13940088252275,-4.54747350886464e-13,8.86857125418527
2005,4,5,0.0145193859934807,0,0.114308049192914,0,8
2005,4,6,0.00034830771619454,0,0.00697265152302862,0,7.31428571428571
2005,4,7,3.23505846608896e-05,0,0.000194430971532711,0,6.99428580147879
2005,4,8,0.00179343251511455,0,0.00109888925362611,0,6.53714294433594
2005,4,9,0.10246067494154,0,0.0582403365970095,0,5.98857160295759
2005,4,10,0.566535532474518,0,0.354143039650808,0,5.3028573172433
2005,4,11,8.3917932510376,0,4.37197304296205,0,4.61714303152902
2005,4,12,11.0455627441406,0,9.85651704525117,0,4.20114266531808
2005,4,13,2.06546521186829,0,6.53055400791891,0,3.85828552246094
2005,4,14,0.207309871912003,0,1.16126026837992,0,2.75199999128069
2005,4,15,0.113872542977333,0,0.165047081205557,0,1.50399998256138
2005,4,16,0.00171305460389704,0,0.0495129015180282,0,1.00571430751256
2005,4,17,0.520577192306519,0,0.306010766820691,-4.54747350886464e-13,0.777142878941127
2005,4,18,2.26075768470764,0,1.28633672250362,4.54747350886464e-13,0.548571450369699
2005,4,19,0.498912811279297,0,1.37661374120762,0,0.411428560529436
2005,4,20,0.00291384127922356,0,0.216845317918342,4.54747350886464e-13,0.306285721915109
2005,4,21,0.00421394128352404,0,0.00361385094038269,-9.09494701772928e-13,0.199314280918666
2005,4,22,0.102676637470722,0,0.0583348686795944,4.54747350886464e-13,0.14902857371739
2005,4,23,4.6967626985861e-05,0,0.058889578715025,0,0.119771426064628
2005,4,24,0.133077576756477,0,0.0798649624430254,0,0.0955428600311279
2005,4,25,0.325881779193878,0,0.216233106537402,0,0.0749714306422642
2005,4,26,0.261647015810013,0,0.290346753436097,0,0.0617142881665911
2005,4,27,0.224657669663429,0,0.240334407477349,0,0.0525714295251029
2005,4,28,0.0626032501459122,0.00238107885206773,0.136601336253079,0.00238107885206773,0.0484571422849383
2005,4,29,0.0905756875872612,0.00247652459120218,0.0727178396409727,0.00247652459120218,0.043885714667184
2005,4,30,1.5972273349762,0,0.88432443712918,0,0.0342857156481062
2005,5,1,0.325020313262939,0.0518906829138359,0.879146097728153,0.0518906829138359,0.0265142849513463
2005,5,2,0.029691718518734,0.0557549807322175,0.121628588654858,0.049556398668301,0.0260571428707668
2005,5,3,0.077013410627842,0.0061997391044315,0.0471528247107926,0.0296887401168533,0.0223999994141715
2005,5,4,0.0223384909331799,0,0.0478224701691943,0,0.014171428339822
2005,5,5,0.0468621030449867,0,0.0327769518080459,0,0.0100571428026472
2005,5,6,1.29803502559662,0,0.649807211522784,0,0.00914285693849836
2005,5,7,12.8360080718994,0,7.04237582435235,0,0.010971428666796
2005,5,8,9.97450542449951,0,11.4763347154112,0,0.0210285714694432
2005,5,9,12.9021511077881,0,11.4230099559518,0,0.201600006648472
2005,5,10,3.54018807411194,0,8.30808572527712,0,2.02971431187221
2005,5,11,0.00257505616173148,0,1.65871693500958,0,1.27085712977818
2005,5,12,0.931549251079559,0,0.54532034278418,-4.54747350886464e-13,0.662857164655413
2005,5,13,1.82345318794251,0,1.3338418849271,4.54747350886464e-13,0.337371417454311
2005,5,14,0.472234696149826,0,1.22626285236402,0,0.224914291926793
2005,5,15,0.0384319163858891,0,0.279011972830631,0,0.173257146562849
2005,5,16,0.000602181069552898,0,0.0221940291867213,0,0.124342863900321
2005,5,17,1.47778582572937,0,0.72662301395394,0,0.100571428026472
2005,5,18,3.56677055358887,0,2.48006749767956,0,0.0831999983106341
2005,5,19,0.0168324057012796,0,1.81062073131943,0,0.0585142884935651
2005,5,20,4.73828172683716,-4.54747350886464e-13,2.41060734656639,0,0.0676571437290737
2005,5,21,14.9674987792969,4.54747350886464e-13,9.78375042340849,0,0.0836571420942034
2005,5,22,2.97631096839905,0,9.02243154959251,0,0.215771429879325
2005,5,23,0.0571736320853233,0,1.52366880534828,0,0.449371419634138
2005,5,24,1.03672587871552,0,0.494525891559533,0,0.355200004577637
2005,5,25,1.0225328207016,0,1.02851453421863,0,0.262400000435965
2005,5,26,1.56126344203949,0,1.27630739458982,0,0.214857142312186
2005,5,27,4.15322399139404,0,2.8467434365466,0,0.213942854745047
2005,5,28,2.50834178924561,0,3.32145667280565,0,0.221257141658238
2005,5,29,0.493643552064896,0,1.46732572667861,0,0.346971430097308
2005,5,30,0.581726491451263,0,0.523034053914671,0,0.42422855922154
2005,5,31,1.11136734485626,0,0.851389619961992,0,0.336914280482701
2005,6,1,1.47628009319305,0,1.2862916470549,0,0.259199987139021
2005,6,2,1.31939792633057,0,1.39871677334122,0,0.200685719081334
2005,6,3,9.22635650634766,0,5.21977076649637,-4.54747350886464e-13,0.173714283534459
2005,6,4,5.53830194473267,0,7.41641835939299,4.54747350886464e-13,0.229028565543039
2005,6,5,5.83718347549439,0,5.67912413206977,0,0.562285723005022
2005,6,6,3.46429038047791,0,4.72063549259292,0,0.672000013078962
2005,6,7,7.90462350845337,0,5.64961452656644,0,1.24800000871931
2005,6,8,6.74785804748535,0,7.38934019450608,0,4.66285705566406
2005,6,9,1.4967075586319,0,4.15903335261464,4.54747350886464e-13,5.71428571428571
2005,6,10,0.380064636468887,0,0.939988659305527,-4.54747350886464e-13,4.14171447753906
2005,6,11,12.2345342636108,0,6.23671607065262,0,2.64685712541853
2005,6,12,13.1492414474487,0,12.6763861069467,0,7.72571411132812
2005,6,13,4.22472763061523,0,8.54569357003129,0,8.27428588867188
2005,6,14,13.9585018157959,0,8.94088470288079,0,9.50857107979911
2005,6,15,2.86204481124878,0,8.35851464677035,0,14.034286063058
2005,6,16,1.62429845333099,0,2.2618601720078,0,13.3942853655134
2005,6,17,1.32435488922056e-05,0,0.843550806594067,0,11.6571428571429
2005,6,18,3.87494158744812,0,1.80895518248508,0,10.5600001743862
2005,6,19,3.43357229232788,0,3.62670439215253,0,9.82857142857143
2005,6,20,0.287564814090729,0,1.90265434111097,0,9.55428553989955
2005,6,21,6.76642084727064e-05,0,0.160451614729027,0,9.05142822265625
2005,6,22,0.0466474369168282,0,0.0239279218440061,0,8.68571428571429
2005,6,23,11.1855010986328,-4.54747350886464e-13,5.6674779924997,-4.54747350886464e-13,8.27428588867188
2005,6,24,3.57775664329529,4.54747350886464e-13,7.4448429976419,4.54747350886464e-13,8.22857142857143
2005,6,25,2.98951411247253,0,3.32792782895376,-4.54747350886464e-13,8.27428588867188
2005,6,26,18.418384552002,0,10.6622283819634,4.54747350886464e-13,8.5028573172433
2005,6,27,8.58742713928223,0,13.6384964010122,0,8.73142874581473
2005,6,28,2.23201870918274,0,5.38442234513968,0,8.91428571428572
2005,6,29,30.1039180755615,0,16.0510091330307,0,9.23428606305804
2005,6,30,17.4037952423096,0,23.8095292787402,0,9.87428588867187
2005,7,1,1.98895621299744,0,9.77538103356528,0,11.6114283970424
2005,7,2,10.0139980316162,0,6.120712797343,0,12.1142857142857
2005,7,3,8.27487659454346,0,8.98113003527578,0,12.8457144601004
2005,7,4,0.564285814762116,0,4.61788180948133,0,13.1200003487723
2005,7,5,0.140292465686798,0,0.356516710993674,0,13.2571428571429
2005,7,6,0.0171312913298607,0,0.0747519514898158,0,13.3485717773438
2005,7,7,9.7213716506958,0,4.75996281231892,0,13.1200003487723
2005,7,8,15.9629440307617,0,12.6999411555844,0,13.5771432059152
2005,7,9,0.090383417904377,0,8.11402071450357,0,13.3942853655134
2005,7,10,3.42555570602417,0,1.57954024610808,4.54747350886464e-13,13.0285714285714
2005,7,11,3.34133815765381,0,3.38449322736051,-4.54747350886464e-13,12.4799996512277
2005,7,12,0.777594447135925,0,2.1326018091786,0,11.7485717773437
2005,7,13,0,0,0.429125472997839,0,10.6971426827567
2005,7,14,0.0498714447021484,0,0.0204788521332375,0,9.50857107979911
2005,7,15,1.06483817100525,0,0.508052934030275,0,8.22857142857143
2005,7,16,2.71505093574524,0,1.78906369394099,0,6.67428588867188
2005,7,17,3.39607191085815,0,3.03754127159664,0,4.8
2005,7,18,0.226097926497459,0,1.98937035735798,0,3.02628566196987
2005,7,19,0.138307139277458,0,0.184146383253392,0,1.66400004795619
2005,7,20,1.48152554035187,0,0.769540440616765,0,0.790857151576451
2005,7,21,0.447931319475174,0,1.02332521636163,0,0.314057132175991
2005,7,22,0.0803815126419067,0,0.263996783685798,0,0.205714280264718
2005,7,23,0.0201029293239117,0,0.0456563555708272,0,0.162285709381104
2005,7,24,0.800854742527008,0,0.347041981702205,0,0.11702857698713
2005,7,25,0.00176557234954089,0,0.350232063199655,0,0.0882285731179374
2005,7,26,0.15955713391304,0,0.0909002096650511,0,0.0630857127053397
2005,7,27,0.32415559887886,0,0.252673553964996,0,0.0443428584507534
2005,7,28,0.570667743682861,0,0.45723580709091,0,0.0269714287349156
2005,7,29,0.0277516003698111,0,0.2969020643759,0,0.0105142857347216
2005,7,30,1.9030590057373,0,0.961938108464892,0,0.00228571423462459
2005,7,31,2.15532755851746,0,2.03299752207931,0,0
2005,8,1,0.00669759744778276,0,1.06720763169506,0,
2005,8,2,0.14644730091095,0,0.0857243514419679,0,
2005,8,3,0.477379262447357,0,0.314303667351851,0,
2005,8,4,0.207937106490135,4.54747350886464e-13,0.342397536753197,0,
2005,8,5,0,-4.54747350886464e-13,0.115518069187601,0,
2005,8,6,0.00486267497763038,0,0.00228762350525358,0,
2005,8,7,0.000863179913721979,0,0.00310771430667955,0,
2005,8,8,0.00412319926545024,0,0.00228373995923903,0,
2005,8,9,0.00672564888373017,0,0.00560700463393005,0,
2005,8,10,0.419591933488846,0,0.209547595068216,0,
2005,8,11,2.39350819587708,0,1.40645091650913,4.54747350886464e-13,
2005,8,12,0.698704898357391,0,1.55367624441715,-4.54747350886464e-13,
2005,8,13,0.0203053932636976,0,0.377803831101119,0,
2005,8,14,0.00205530435778201,0,0.0122926747353631,0,
2005,8,15,0.0010797317372635,0,0.00162138375344512,0,
2005,8,16,2.88332176208496,0,1.43684423090963,0,
2005,8,17,6.27309846878052,0,4.5776103879416,0,
2005,8,18,12.8099565505981,0,9.50389722548061,0,
2005,8,19,1.62194311618805,0,7.18196687439377,0,
2005,8,20,0.63628762960434,0,1.02311237037793,0,
2005,8,21,0.00185810483526438,0,0.453073145417875,-4.54747350886464e-13,
2005,8,22,0.0333738513290882,0,0.0139592837967939,4.54747350886464e-13,
2005,8,23,0.0964318513870239,0,0.073066268751063,0,
2005,8,24,6.85262727737427,0,3.50618276666137,4.54747350886464e-13,
2005,8,25,2.68938994407654,0,4.8197260147299,-4.54747350886464e-13,
2005,8,26,0.248353525996208,0,1.55040358732185,4.54747350886464e-13,
2005,8,27,0.380399286746979,0,0.325785582310346,-4.54747350886464e-13,
2005,8,28,0.190851643681526,0,0.282090168495415,0,
2005,8,29,0.00436592474579811,0,0.104588968573808,0,
2005,8,30,0.0509324856102467,0,0.0226630010547524,0,
2005,8,31,1.08320415019989,0,0.543705055597457,0,
2005,9,1,0.50825434923172,0,0.847926525320872,0,
2005,9,2,0.00344283506274223,0,0.277566391181608,0,
2005,9,3,1.8034508228302,0,0.863528169265919,0,
2005,9,4,1.52677869796753,0,1.66199683962077,0,
2005,9,5,1.9765088558197,0,1.73681261758793,0,
2005,9,6,1.19077861309052,0,1.59722022377355,0,
2005,9,7,0.000283817120362073,0,0.560116358172309,0,
2005,9,8,0.0361827313899994,0,0.0187735522522416,0,
2005,9,9,0.559640347957611,0,0.287271726298059,0,
2005,9,10,0.392254203557968,0,0.481093293792583,0,
2005,9,11,0.507316529750824,0,0.446732686570613,0,
2005,9,12,2.1515154838562,0,1.31237334643993,0,
2005,9,13,0.599374353885651,0,1.39767581725027,0,
2005,9,14,0.595870494842529,0,0.597143245828192,0,
2005,9,15,0.235946372151375,0,0.398219177261126,0,
2005,9,16,5.4591326713562,0,2.84777948623014,0,
2005,9,17,3.54225754737854,0,4.51678950221867,0,
2005,9,18,0.282008022069931,0,1.95423088313692,0,
2005,9,19,0.0616947486996651,0,0.195082474823721,0,
2005,9,20,0.00148663704749197,0,0.035924743169744,0,
2005,9,21,0.0827395468950272,0,0.0435381724691979,0,
2005,9,22,0.000846497830934823,0,0.0600782196797809,0,
2005,9,23,3.23517203330994,0,1.61830762806676,0,
2005,9,24,2.63884592056274,0,2.94782115849739,0,
2005,9,25,0.0238423775881529,0,1.36325984490213,4.54747350886464e-13,
2005,9,26,0.0113602010533214,0,0.0183630579504097,-4.54747350886464e-13,
2005,9,27,0.205490335822105,-4.54747350886464e-13,0.0947673994141951,-4.54747350886464e-13,
2005,9,28,0.0807973295450211,4.54747350886464e-13,0.14881882314512,4.54747350886464e-13,
2005,9,29,0.188627734780312,0,0.12882468202406,0,
2005,9,30,0.00416999449953437,0,0.0937915568047174,0,
2005,10,1,2.42271685600281,0,1.19959040266804,0,
2005,10,2,2.09474635124207,0,2.25023969320682,4.54747350886464e-13,
2005,10,3,0.0478362366557121,0,1.11415813212261,-4.54747350886464e-13,
2005,10,4,8.39597415924072,0,4.23138039729201,0,
2005,10,5,23.0410842895508,0,15.7214067349451,0,
2005,10,6,2.80496621131897,0.0807520575817762,12.8147106538963,0.0807520575817762,
2005,10,7,0.015076270326972,0.0783185548862093,1.28650893876329,0.0783185548866641,
2005,10,8,0.0714141800999641,0.000494123340104125,0.0342885121208383,0.000494123339649377,
2005,10,9,4.43505159637425e-05,0,0.0237247835466405,0,
2005,10,10,0.0294243860989809,0,0.0213189261558,0,
2005,10,11,0.000316774123348296,0,0.00703557860833826,4.54747350886464e-13,
2005,10,12,0.0129557745531201,0,0.00547447095050302,-9.09494701772928e-13,
2005,10,13,0.0524770133197308,4.54747350886464e-13,0.0361057280933892,4.54747350886464e-13,
2005,10,14,0.00636976677924395,-4.54747350886464e-13,0.0285585047677159,0,
2005,10,15,4.64374134026002e-05,0,0.00354425626755983,0,
2005,10,16,0.0784301310777664,0,0.0470662295283546,0,
2005,10,17,0.347546249628067,0,0.197120230159271,0,
2005,10,18,7.89193058013916,0,4.16180722645549,0,
2005,10,19,2.42902207374573,0,5.23029568271522,0,
2005,10,20,0.882202088832855,0,1.76407045500309,0,
2005,10,21,0.417756527662277,0,0.740273193527173,0,
2005,10,22,0.190960362553597,4.54747350886464e-13,0.307673146400703,0,
2005,10,23,0.0471257604658604,-4.54747350886464e-13,0.143784360621794,0,
2005,10,24,0.000522214453667402,0,0.037931530519927,0,
2005,10,25,0.00390253961086273,0,0.00191407890997652,0,
2005,10,26,0.00649011926725507,0,0.00524488248993293,0,
2005,10,27,0.000317111174808815,0,0.00370217014096852,0,
2005,10,28,0.161434665322304,0,0.0851616786021623,0,
2005,10,29,0.154533073306084,0,0.158386806800991,0,
2005,10,30,1.46763932704926,0,0.807576878940381,0,
2005,10,31,0.945485234260559,0,1.17431942275107,0,
2005,11,1,0.720270097255707,0,0.888046624240815,0,
2005,11,2,0.055499080568552,0,0.416314494937978,0,
2005,11,3,2.05144262313843,0,1.00790892373698,0,
2005,11,4,2.79895234107971,-4.54747350886464e-13,2.48011210129152,0,
2005,11,5,0.219254866242409,4.54747350886464e-13,1.58438332140577,0,
2005,11,6,0.113439530134201,0,0.141589861337707,0,
2005,11,7,0.00310852215625346,0,0.0681981409961736,0,
2005,11,8,4.80171060562134,0,2.36668597057906,0,
2005,11,9,2.69275140762329,0,3.69646599165935,0,
2005,11,10,0.0120983133092523,0,1.41187345557228,0,
2005,11,11,0.00347467605024576,0,0.0060383016079868,0,
2005,11,12,6.91712331771851,0,3.40670475504521,0,
2005,11,13,3.47530603408814,0.417263244907645,4.77893322270029,0.417263244907645,
2005,11,14,10.4531583786011,4.57612531231735,2.38810539815131,0.417259008941528,
2005,11,15,8.08037948608398,8.20288473977007,1.1021405904321,0,
2005,11,16,0.0776972621679306,4.11587798851087,0,0,
2005,11,17,0.221680194139481,0.162883253316522,0,0,
2005,11,18,0.405650496482849,0.316123471164246,0,0,
2005,11,19,0.0586143024265766,0.295968197186539,0.00820147873673705,0,
2005,11,20,0.000996078597381711,0.0153822035458688,0.014423003025513,2.53871328632977,
2005,11,21,0.000764231197535992,0.000174434996097261,0.00069435090154002,4.9374655359693,
2005,11,22,0.00530489115044475,0.00160755256774792,0.00140957048097334,2.42977207498871,
2005,11,23,0.0677766427397728,0.0309321368126803,0.0056049525464914,0,
2005,11,24,0.0797432214021683,0.0658651629842098,0.0059524476473598,0,
2005,11,25,0.0218200664967299,0.0682125552571051,0.000142678236443317,0,
2005,11,26,0,0.0145763391278706,0,0,
2005,11,27,0.0166964661329985,0.00748236268327673,0,0,
2005,11,28,0.545924842357636,0.340705077903294,0,0,
2005,11,29,0.0320735536515713,0.331116232823661,0,0,
2005,11,30,0.056643683463335,0.0373097904921451,0,0,
2005,12,1,0.0638421401381493,0.0591430161398421,0,0,
2005,12,2,0.0386413261294365,0.057252839425928,0,0,
2005,12,3,0.0550735406577587,0.0496096398192094,0,0,
2005,12,4,0.121471911668777,0.0845144358650032,0,0,
2005,12,5,1.02106964588165,0.515536409027391,1.81898940354586e-12,0,
2005,12,6,0.504095077514648,0.80029885050044,-1.81898940354586e-12,0,
2005,12,7,0.0930044054985046,0.32646106068978,0,0,
2005,12,8,0.0309057720005512,0.044314459466932,0,0,
2005,12,9,0.956705331802368,0.471343875528874,-1.81898940354586e-12,0,
2005,12,10,0.525799572467804,0.812525987102617,1.81898940354586e-12,0,
2005,12,11,0.603504240512848,0.579718181792487,0,0,
2005,12,12,0.206052601337433,0.428594192404034,0,0,
2005,12,13,0.598680198192596,0.348049979740154,0,0,
2005,12,14,4.13592100143433,2.40265364168135,0,0,
2005,12,15,3.700270652771,3.96287882202887,0,-4.54747350886464e-13,
2005,12,16,2.26178097724915,3.05198631020221,0,4.54747350886464e-13,
2005,12,17,0.4931580722332,1.46961819994613,-1.81898940354586e-12,0,
2005,12,18,0.0138960210606456,0.378414287177293,1.81898940354586e-12,0,
2005,12,19,0.0314036495983601,0.0208190818689218,0,0,
2005,12,20,0.087334968149662,0.0434252770974126,0,0,
2005,12,21,0.00392918940633535,0.0374888371629822,1.81898940354586e-12,4.54747350886464e-13,
2005,12,22,0.624007999897003,0.220338612164142,0.00095215338296839,-4.54747350886464e-13,
2005,12,23,0.738735258579254,0.498193875137986,0.20255609249034,0,
2005,12,24,0.113047234714031,0.313682602821245,0.213611585100807,0,
2005,12,25,0.0750489756464958,0.0685529485740517,0.02364357618535,0,
2005,12,26,0.030122296884656,0.0491017051404015,0.011145782775202,0,
2005,12,27,0.215781003236771,0.0492494693316985,0.0140920046051178,0,
2005,12,28,0.543765783309937,0.292568656033382,0.071204169673365,-4.54747350886464e-13,
2005,12,29,0.887001574039459,0.654877883570862,0.120097493570938,4.54747350886464e-13,
2005,12,30,1.67146170139313,1.12922570783803,0.0722996421027347,0,
2005,12,31,0.189343333244324,1.05340888905494,0,0,
2006,1,1,0.302403539419174,0.232970902527995,0,0,
2006,1,2,0.179411709308624,0.273258791703938,0,0,
2006,1,3,0.00220875814557076,0.083422559968767,2.87835209746845e-05,0,
2006,1,4,0.0132451299577951,0.00812744082259087,0.00120777847223508,0,
2006,1,5,0.0078864861279726,0.00994004417407268,0.0010963841323246,0,
2006,1,6,0.0155181968584657,0.0129443401160643,7.90402009442914e-06,0,
2006,1,7,1.58343183994293,0.654965001454912,0,0,
2006,1,8,0.948140501976013,1.18245698133796,0,0,
2006,1,9,0.208875581622124,0.689671139413349,0,0,
2006,1,10,0.12533001601696,0.162446172466844,0,0,
2006,1,11,0.991547763347626,0.419962632789975,0,0,
2006,1,12,0.266538679599762,0.791180169119343,0,-4.54747350886464e-13,
2006,1,13,0.0507953427731991,0.167307529498885,0,4.54747350886464e-13,
2006,1,14,0.149545654654503,0.081440439425478,0,0,
2006,1,15,4.83636617660523,2.15525743761873,0.180777429470254,0,
2006,1,16,4.43146848678589,4.42751756393272,0.0867138736084598,0,
2006,1,17,0.501251995563507,2.38650810997297,0,0,
2006,1,18,0.00399545719847083,0.125967431385106,0,0,
2006,1,19,0.165496632456779,0.111865218256753,0,0,
2006,1,20,0.261794030666351,0.212215411798297,0,0,
2006,1,21,5.05424737930298,2.78729332295143,0,0,
2006,1,22,3.5192129611969,4.2165472562906,0,0,
2006,1,23,1.17361438274384,2.57440067888683,0,0,
2006,1,24,3.16822695732117,2.03849789759806,1.81898940354586e-12,0,
2006,1,25,0.0792275667190552,1.77830202334599,-1.81898940354586e-12,0,
2006,1,26,0.0357891842722893,0.0575966708893247,0,0,
2006,1,27,0.452058970928192,0.157305286169958,0.054616011258986,0,
2006,1,28,2.19115710258484,1.05332582591473,0.0786169689836243,-4.54747350886464e-13,
2006,1,29,3.92162418365479,2.88220216171339,1.81898940354586e-12,4.54747350886464e-13,
2006,1,30,0.658009707927704,2.45859050825129,-1.81898940354586e-12,0,
2006,1,31,0.231052845716476,0.402674012114403,0,0,
2006,2,1,0.294152319431305,0.266475417672609,-1.81898940354586e-12,0,
2006,2,2,0.508302867412567,0.370190780502981,1.81898940354586e-12,0,
2006,2,3,0.220392003655434,0.450509627401516,0,0,
2006,2,4,0.00822862423956394,0.134830433791649,0,0,
2006,2,5,0.076647013425827,0.042965450689735,0,0,
2006,2,6,0.702089786529541,0.252638928656324,0,0,
2006,2,7,1.43278658390045,0.874873783546718,0,0,
2006,2,8,0.0855702608823776,0.882701818683927,0,0,
2006,2,9,2.51531481742859,1.12188047315522,0,0,
2006,2,10,0.982720792293549,1.5632473371279,0,0,
2006,2,11,0.0541651658713818,0.769465224882879,0,0,
2006,2,12,0.0149461729452014,0.0491143726953851,0,0,
2006,2,13,0.192829966545105,0.118679536356012,0,0,
2006,2,14,0.118096873164177,0.152487658428072,0,4.54747350886464e-13,
2006,2,15,0.00181097176391631,0.0894662436294311,0,-4.54747350886464e-13,
2006,2,16,0.0435793064534664,0.0310000039389706,0,0,
2006,2,17,0.0857807397842407,0.059355258584219,0,0,
2006,2,18,0.105255909264088,0.0981353846991624,0,0,
2006,2,19,0.566954612731934,0.296373167451748,0,0,
2006,2,20,0.442823559045792,0.53901045453631,0,0,
2006,2,21,1.18292689323425,0.792494539284235,0,0,
2006,2,22,0.369935870170593,0.719812099928731,0,0,
2006,2,23,0.549041152000427,0.464927706004346,0,4.54747350886464e-13,
2006,2,24,0.281718105077744,0.462160655892603,0,-4.54747350886464e-13,
2006,2,25,0.703142404556274,0.364176123055586,0,0,
2006,2,26,0.167761400341988,0.399226460341197,0,0,
2006,2,27,0.121182344853878,0.140176112287008,0,0,
2006,2,28,0.0825285539031029,0.107315698816365,0,0,
2006,3,1,11.9362764358521,6.30981397924325,1.81898940354586e-12,0,0
2006,3,2,6.68537950515747,9.35519828760516,-1.81898940354586e-12,0,0
2006,3,3,0.00288385315798223,3.28880619436632,0,0,0
2006,3,4,0.589002370834351,0.174881363707755,0,0,0
2006,3,5,6.15355539321899,3.04649151022431,0.622562997805289,0,0
2006,3,6,1.58791828155518,3.44363739549954,0.801827987526849,-4.54747350886464e-13,0
2006,3,7,0.0539036579430103,0.647987298144926,0.197089080576916,4.54747350886464e-13,0
2006,3,8,0.00666741048917174,0.0117783007381149,0.0126847220290074,0,0
2006,3,9,0.00849415361881256,0.00518605800289151,0.00221258236342692,0,0
2006,3,10,0.0664640590548515,0.0244562681255047,0.0221318331023213,0,0
2006,3,11,2.12939429283142,0.603787970774192,0.224553718824609,0,0
2006,3,12,1.92992782592773,1.79073269362289,0.216803332454219,0,0
2006,3,13,0.0832023322582245,0.567642719816377,0,0,0
2006,3,14,0.00586313521489501,0.0208281601385352,0,0,0
2006,3,15,0.000327345653204247,0.00239111685687021,0,0,0
2006,3,16,2.81869347418251e-06,0.000230658346481505,0,0,0
2006,3,17,0.0916602984070778,0.0453909059597208,0,0,0
2006,3,18,0.000501196132972837,0.071105881163021,0,0,0
2006,3,19,0.000717834802344441,0.00552257826348068,0,0,0
2006,3,20,4.52729655080475e-05,0.000613062350112159,0,0,0
2006,3,21,8.28753582027275e-06,0.000115232493044459,0,0,0
2006,3,22,0.0903377458453178,0.0649108477837217,0,0,0
2006,3,23,0.00441962713375688,0.064366532522854,0,0,0
2006,3,24,0.00293198344297707,0.00597314019296391,0,0,0
2006,3,25,7.83983996370807e-05,0.00150663216527391,2.07894736377057e-05,0,0
2006,3,26,0.164915725588799,0.00488134481020097,0.0776158000280702,5.2570183129792,0
2006,3,27,0.171374291181564,0.00487786681560465,0.163257386055193,12.6173591629586,0
2006,3,28,0.120327174663544,0.0139206685907993,0.132287054582775,9.2573275744885,0
2006,3,29,0.153746321797371,0.0142316958126685,0.122670646656843,10.5406040425542,0
2006,3,30,6.77921104431152,0,3.42697127606334,23.5010596094289,0
2006,3,31,6.71643018722534,0,6.7478266693106,22.5478983798175,0.00457142846924918
2006,4,1,0.0968909189105034,0.0160533699363441,3.40076476738795,7.78141311331046,0.548571450369699
2006,4,2,0.0887908935546875,0.0160728756304707,0.0767605071105209,8.560539452184,4.43428562709263
2006,4,3,0.00365860038436949,0.000397296610117337,0.0458311169131775,10.7004081641298,6.85714285714286
2006,4,4,0.00154941040091217,0.000397824852370832,0.00220749175605306,6.79015921128985,10.0571428571429
2006,4,5,0.00226592877879739,0,0.00190766979903856,-4.54747350886464e-13,13.165713936942
2006,4,6,0.0903004333376884,0,0.042690736698205,0,15.5428571428571
2006,4,7,0.00224844482727349,0,0.0445930958521785,4.54747350886464e-13,16.9142857142857
2006,4,8,3.03604683722369e-05,0,0.00129211126841255,-4.54747350886464e-13,13.7142857142857
2006,4,9,0.484589487314224,0,0.242169881177688,0,9.6
2006,4,10,0.9161776304245,0,0.700423213000249,0,6.85714285714286
2006,4,11,1.12493240833282,0,1.01937103305863,0,5.02857142857143
2006,4,12,0.165720954537392,0,0.691672606539214,0,3.2
2006,4,13,0.105429463088512,4.54747350886464e-13,0.134878849006782,4.54747350886464e-13,2.54171425955636
2006,4,14,0.0809630155563355,-4.54747350886464e-13,0.0929686979870894,0,1.78285718645368
2006,4,15,0.0565508604049683,0,0.0687377946760535,-4.54747350886464e-13,1.32571432931083
2006,4,16,0.00420020613819361,0,0.0331295111664076,0,0.95999995640346
2006,4,17,0.00101526197977364,0,0.00294100143764808,0,0.639999989100865
2006,4,18,0.824910342693329,0,0.447515661249781,0,0.457142857142857
2006,4,19,4.21836519241333,0,2.48302383637929,0,0.342857142857143
2006,4,20,3.72829794883728,0,3.94592457859108,0,0.274285725184849
2006,4,21,0.793035447597504,0,2.17834012915773,0,0.228571428571429
2006,4,22,0.00401875795796514,0,0.431074854510371,0,0.191999994005476
2006,4,23,0.0959808081388474,0,0.052511178462737,0,0.159999997275216
2006,4,24,0.507762134075165,0,0.283887306093675,0,0.140799999237061
2006,4,25,0.0571799352765083,0,0.308191766613163,0,0.123428576333182
2006,4,26,0.0130119500681758,0,0.0327121304089815,0,0.10971428326198
2006,4,27,0.0913868620991707,0,0.0447667259159061,0,0.0959999970027379
2006,4,28,0.527319550514221,0,0.323182164012906,4.54747350886464e-13,0.0868571417672294
2006,4,29,1.54040539264679,0,1.00932673806892,-4.54747350886464e-13,0.0777142865317208
2006,4,30,3.61056089401245,0,2.55242170829843,0,0.0731428555079869
2006,5,1,5.36438751220703,0,4.53683460923458,0,0.0777142865317208
2006,5,2,3.11346793174744,0,4.23692837577073,0,0.0822857175554548
2006,5,3,2.18794131278992,0,2.64557055065598,0,0.0868571417672294
2006,5,4,0.435361623764038,0,1.38063070138014,0,0.0959999970027379
2006,5,5,0.0241856630891562,0,0.259806067901081,4.54747350886464e-13,0.114285714285714
2006,5,6,0.013316260650754,0,0.0190829122220748,-4.54747350886464e-13,0.0777142865317208
2006,5,7,2.24373531341553,0,1.18847724668922,0,0.0594285692487444
2006,5,8,2.15496230125427,0,2.20284954445742,0,0.0571428571428571
2006,5,9,4.70525169372559,-4.54747350886464e-13,3.39751252641508,0,0.0594285692487444
2006,5,10,8.19037342071533,4.54747350886464e-13,6.4545297231125,0,0.04708571434021
2006,5,11,0.381329536437988,0,4.30060186935407,0,0.0429714271000453
2006,5,12,1.83577930927277,0,1.09539644740289,0,0.0379428556987218
2006,5,13,1.68432796001434,0,1.76905029703448,0,0.0370285715375628
2006,5,14,0.176816463470459,0,0.841888500923233,0,0.0329142842973982
2006,5,15,0.113166362047195,0,0.140380587739855,0,0.0310857159750802
2006,5,16,0.0769641101360321,0,0.0954550868809747,0,0.0301714284079415
2006,5,17,0.0836501196026802,0,0.0796999884023535,0,0.0274285708154951
2006,5,18,0.530188858509064,0,0.318420714580498,0,0.0265142849513463
2006,5,19,0.149256959557533,0,0.361088102992653,0,0.0233142852783203
2006,5,20,0.0886990949511528,0,0.113535447388131,0,0.0196571435247149
2006,5,21,0.0792635977268219,0,0.0849812095730158,4.54747350886464e-13,0.0173714280128479
2006,5,22,0.0778368413448334,0,0.0784697561430221,-4.54747350886464e-13,0.0150857142039708
2006,5,23,1.95644044876099,0,1.02139603962678,0,0.0132571424756731
2006,5,24,4.16255760192871,0,3.0398165382212,0,0.014171428339822
2006,5,25,3.02435111999512,0,3.63293303740466,0,0.014171428339822
2006,5,26,1.76535558700562,0,2.36790226077028,-4.54747350886464e-13,0.0114285715988704
2006,5,27,4.30241680145264,0,3.02040129089983,4.54747350886464e-13,0.0123428574630192
2006,5,28,1.37226247787476,-4.54747350886464e-13,2.80040932845623,0,0.010971428666796
2006,5,29,0.0164971742779017,4.54747350886464e-13,0.699411581099412,0,0.00685714270387377
2006,5,30,0.0738448575139046,0,0.0424287134246697,0,0.00411428553717477
2006,5,31,0.00574011728167534,0,0.0431868312771258,0,0.00228571423462459
2006,6,1,0.193969801068306,0,0.116698602501856,0,0.000914285757711955
2006,6,2,0.0382574796676636,-4.54747350886464e-13,0.129384277397548,0,0.000457142878855978
2006,6,3,0.082255981862545,0,0.0568718618214916,0,0
2006,6,4,0.259330481290817,4.54747350886464e-13,0.169179377980981,0,0
2006,6,5,5.04829502105713,0,2.64295565509019,0,0.00182857151542391
2006,6,6,1.01450157165527,0,3.04689167448669,0,0.00228571423462459
2006,6,7,0.00289105018600822,0,0.509215299041898,0,0.000457142878855978
2006,6,8,1.14763414859772,0,0.566388105775332,0,0.000457142878855978
2006,6,9,1.24710977077484,0,1.19570735568232,0,0.000457142878855978
2006,6,10,0.36104154586792,0,0.79290401693288,0,0
2006,6,11,0.0812778621912003,0,0.215440212150497,0,0
2006,6,12,3.58462619781494,0,1.81255804905777,0,0
2006,6,13,2.89389371871948,0,3.1933651999625,0,0
2006,6,14,0.00534274335950613,0,1.45561295323205,0,0
2006,6,15,0.659303069114685,0,0.322563546440506,0,0
2006,6,16,0.444710671901703,0,0.581470656465172,0,0
2006,6,17,0.400956392288208,0,0.420797810143995,0,0
2006,6,18,4.32257604598999,0,2.36531222548547,0,0
2006,6,19,2.71708083152771,0,3.52570099013974,0,0
2006,6,20,0.185298293828964,0,1.44084355305313,0,0
2006,6,21,0.685422301292419,0,0.399140486277247,0,0
2006,6,22,0.295442938804626,0,0.494862473209651,0,0
2006,6,23,2.36596465110779,0,1.33544878965586,0,0
2006,6,24,2.96199011802673,0,2.66472088758019,0,0
2006,6,25,0.14578640460968,0,1.583714610264,0,0
2006,6,26,0.0156661178916693,0,0.0924616659540334,-4.54747350886464e-13,0
2006,6,27,0.00742033356800675,0,0.0125692928904755,4.54747350886464e-13,0
2006,6,28,0.00377456727437675,0,0.00494861994047824,0,0
2006,6,29,0.136856988072395,0,0.089030405784797,4.54747350886464e-13,0
2006,6,30,1.08928656578064,0,0.6031819131058,-4.54747350886464e-13,0
2006,7,1,0.755430459976196,0,0.931889380686698,0,
2006,7,2,0.897608280181885,0,0.823071502043604,0,
2006,7,3,0.910458862781525,0,0.903696234767267,0,
2006,7,4,0.000907135661691427,0,0.459226263325036,0,
2006,7,5,0.00119814986828715,0,0.0010735198866314,0,
2006,7,6,0.000167448233696632,0,0.000647967006443651,0,
2006,7,7,0.0167017430067062,0,0.00704911118555174,0,
2006,7,8,1.68325674533844,0,0.844417489524858,0,
2006,7,9,2.40399551391602,0,2.04926162357697,0,
2006,7,10,0.00930395908653736,4.54747350886464e-13,1.21874216217475,0,
2006,7,11,0.013071178458631,-4.54747350886464e-13,0.0111189233521145,0,
2006,7,12,0.759844303131104,0,0.381881937713843,0,
2006,7,13,2.64634895324707,0,1.71518399715387,0,
2006,7,14,1.55117094516754,0,2.11007381607305,-4.54747350886464e-13,
2006,7,15,0.00343985552899539,0,0.799690270368956,4.54747350886464e-13,
2006,7,16,0.00911447592079639,0,0.00588853727640526,0,
2006,7,17,0.00486076483502984,0,0.00679001262324164,0,
2006,7,18,0.138022109866142,0,0.0800818137977331,0,
2006,7,19,0.183103784918785,0,0.156855607056059,4.54747350886464e-13,
2006,7,20,0.00112800637725741,0,0.0681704781236476,-4.54747350886464e-13,
2006,7,21,0.117968626320362,0,0.0558299685180828,0,
2006,7,22,0.127456352114677,0,0.122841060760038,4.54747350886464e-13,
2006,7,23,0.00775029230862856,0,0.0687332484849321,-9.09494701772928e-13,
2006,7,24,0.207272469997406,0,0.107456888601519,4.54747350886464e-13,
2006,7,25,1.94309222698212,0,1.07261164898773,0,
2006,7,26,0.681835055351257,0,1.30821120472865,0,
2006,7,27,0.513316690921783,0,0.60266102256719,-4.54747350886464e-13,
2006,7,28,0.0888159722089768,0,0.302885440649334,4.54747350886464e-13,
2006,7,29,0.469733595848084,0,0.27814703860895,0,
2006,7,30,5.62842798233032,0,3.04525524956625,0,
2006,7,31,17.4064273834229,0,11.4885078279076,0,
2006,8,1,0,0,8.75605989278483,0,
2006,8,2,0.358643859624863,0,0.171143628611389,0,
2006,8,3,1.27804183959961,0,0.769107766964225,0,
2006,8,4,10.3383903503418,0,5.76766347284502,0,
2006,8,5,6.02448558807373,0,8.19753561491962,0,
2006,8,6,0.526919960975647,0,3.20078383019609,0,
2006,8,7,0.858458459377289,0,0.662765423696328,0,
2006,8,8,0.179392382502556,0,0.514492506312308,0,
2006,8,9,0.0910252332687378,0,0.135238492564895,0,
2006,8,10,0.909767150878906,0,0.491917213166744,0,
2006,8,11,5.56783771514893,0,3.22023302528032,0,
2006,8,12,18.312780380249,0,11.8925639594199,4.54747350886464e-13,
2006,8,13,7.67396211624146,0,13.0856885070443,-4.54747350886464e-13,
2006,8,14,0.148374706506729,0,3.80008303491559,0,
2006,8,15,0.000181093695573509,0,0.0539441012570023,0,
2006,8,16,8.79221630096436,0,4.3322275921837,-4.54747350886464e-13,
2006,8,17,7.19929218292236,0,8.00183685606316,4.54747350886464e-13,
2006,8,18,0.0421893559396267,0,3.52621761575938,-4.54747350886464e-13,
2006,8,19,0.186821669340134,0,0.114201769252759,4.54747350886464e-13,
2006,8,20,1.0811949968338,0,0.649985652351461,0,
2006,8,21,0.330959290266037,0,0.846138130418694,0,
2006,8,22,0.00307337823323905,0,0.219190174961113,0,
2006,8,23,0.138663470745087,0,0.0517149670176877,0,
2006,8,24,2.17850947380066,0,1.152095915053,0,
2006,8,25,5.71906518936157,0,3.94151504845286,0,
2006,8,26,0.0796106234192848,0,2.95494792472891,0,
2006,8,27,0.0863014087080956,0,0.0836926949941699,0,
2006,8,28,0.263922035694122,0,0.160903084206439,0,
2006,8,29,7.71376704733484e-08,0,0.160745320488786,0,
2006,8,30,0.00103246094658971,0,0.000592783624597359,-4.54747350886464e-13,
2006,8,31,0.00563041400164366,0,0.00342858181465999,4.54747350886464e-13,
2006,9,1,0.0603328496217728,0,0.0316315231757471,0,
2006,9,2,0.0652600973844528,0,0.0627431802713545,0,
2006,9,3,0.0893980637192726,0,0.0747481821144902,0,
2006,9,4,2.66632960155278e-09,0,0.0483274477483064,0,
2006,9,5,0.0505224280059338,0,0.0332263625041378,-4.54747350886464e-13,
2006,9,6,0.00306801334954798,0,0.0303907054149022,4.54747350886464e-13,
2006,9,7,4.53712818853091e-05,0,0.00172842111714999,0,
2006,9,8,5.11575308337342e-05,0,4.78222245874349e-05,-4.54747350886464e-13,
2006,9,9,1.21115099318558e-05,0,2.73168552666903e-05,4.54747350886464e-13,
2006,9,10,9.55151153902989e-06,0,1.06861443782691e-05,0,
2006,9,11,0.0222809240221977,0,0.00971492975622823,0,
2006,9,12,0.00135771301575005,0,0.0117743337959837,0,
2006,9,13,0.0029973890632391,0,0.00242980695657025,0,
2006,9,14,0.0873755812644959,0,0.0439005475709564,0,
2006,9,15,2.45357823371887,0,1.26516160584833,0,
2006,9,16,13.394118309021,0,7.92877023215624,0,
2006,9,17,8.73241138458252,0,11.0185245325411,0,
2006,9,18,2.42031383514404,0,5.53175911474682,0,
2006,9,19,0.416730582714081,0,1.38979721133001,0,
2006,9,20,0.0380836203694344,0,0.247366174326089,0,
2006,9,21,0.835586369037628,0,0.371073090429491,0,
2006,9,22,2.75859022140503,0,1.76916988659104,0,
2006,9,23,1.97897219657898,0,2.375874833946,0,
2006,9,24,0.60523396730423,0,1.22275813258966,0,
2006,9,25,2.48000836372376,0,1.48337171208004,0,
2006,9,26,3.38521790504456,0,2.86020056020061,0,
2006,9,27,1.0262234210968,0,2.13279638777567,0,
2006,9,28,1.07492697238922,0,1.04982466658839,0,
2006,9,29,1.17863714694977,0,1.12702585728584,-4.54747350886464e-13,
2006,9,30,0.619659602642059,-4.54747350886464e-13,0.912250756318826,0,
2006,10,1,0.147488757967949,4.54747350886464e-13,0.401795071713423,4.54747350886464e-13,
2006,10,2,0.00692055560648441,0,0.0774833223695168,-4.54747350886464e-13,
2006,10,3,0.137333512306213,0,0.0769365148262295,4.54747350886464e-13,
2006,10,4,0.0620949603617191,0,0.114867642423633,4.54747350886464e-13,
2006,10,5,0.0718900337815285,0,0.0657556593050686,-4.54747350886464e-13,
2006,10,6,0.0131534105166793,0,0.0462374962025933,0,
2006,10,7,0.119828626513481,0,0.0860211301933305,0,
2006,10,8,0.0292194485664368,0,0.0939153907002037,0,
2006,10,9,0.0122082065790892,0,0.0209697306254384,0,
2006,10,10,1.47312569618225,0,0.712586487223234,0,
2006,10,11,1.83645009994507,0.499725266895439,1.15506202676443,0,
2006,10,12,0.611899435520172,0.719015611621217,0.509087221040318,0,
2006,10,13,0.276265531778336,0.217477970004438,0.226604561714339,2.45227351194626,
2006,10,14,0.00298400991596282,1.84388600246166e-05,0.183494423827142,1.84388600246166e-05,
2006,10,15,0.178029850125313,3.37759461217502e-05,0.0691678867660812,3.37759461217502e-05,
2006,10,16,4.03604602813721,0,2.10778396273054,0,
2006,10,17,8.98738288879395,0,6.53471986608929,0,
2006,10,18,1.78316593170166,0.0513381312807724,5.37947798254209,0.0513381312807724,
2006,10,19,0.00352843198925257,0.0525752268035831,0.839375875852056,0.0519139358693792,
2006,10,20,0.0855534747242928,0.00873714720046337,0.0358037770802184,0.0116084840365147,
2006,10,21,0.00741652306169272,0.0106996304994027,0.0358231811605947,0.00808471472646488,
2006,10,22,0.0917707979679108,0.0290890093456255,0.0204849871151964,0,
2006,10,23,0.104253344237804,0.0380962390618151,0.0599158208533481,0.11078026326868,
2006,10,24,0.0813723281025887,0.0111259312261609,0.081024650578911,0.0111259312261609,
2006,10,25,0.0027136392891407,0,0.0368751569894812,-4.54747350886464e-13,
2006,10,26,0.0166991390287876,0,0.00555455528956372,4.54747350886464e-13,
2006,10,27,0.0757951512932777,0,0.0466152338231041,-4.54747350886464e-13,
2006,10,28,0,0,0.0435866347870615,4.54747350886464e-13,
2006,10,29,0.0272390507161617,0.003865544175369,0.0101981360057835,0.003865544175369,
2006,10,30,5.92926549911499,1.26410141177803,1.71414566756721,0.00374347033857703,
2006,10,31,1.4151291847229,1.96822382809114,1.70519464034624,0,
2006,11,1,0.0382605567574501,0.712854449641327,0,0,
2006,11,2,0.00650517828762531,0.0237516706165479,0,0,
2006,11,3,3.96847935917322e-05,0.00395337359213954,0,0,
2006,11,4,0.00600257283076644,0.00107664836150434,0,0,
2006,11,5,0.00282029574736953,0.00258413452638706,0.0012968582323083,4.83826941441703,
2006,11,6,0.0703724473714829,0.000118820076750126,0.0348284147203231,2.5441133455306,
2006,11,7,3.64069318771362,0,1.78211619429749,0,
2006,11,8,4.09879779815674,0,3.75429161939246,0,
2006,11,9,0.0990701541304588,0,1.9937098647988,0,
2006,11,10,0.00750327110290527,0.00374818009277078,0.0495807015449827,0,
2006,11,11,4.28772837040015e-05,0.00377597429178422,0,0,
2006,11,12,0.000692901841830462,0.000216347321838839,0.000128070772916544,0,
2006,11,13,0.0056177293881774,0.000831825847399159,0.00232348935242044,0.00883582142705564,
2006,11,14,0.0759528055787087,0.000586186145937973,0.0422991814848501,0.00058618614639272,
2006,11,15,0.000576842168811709,0.000233338711950637,0.0383713603787328,-9.09494701772928e-13,
2006,11,16,0.125103548169136,0.062781472262941,5.29638400621479e-05,4.54747350886464e-13,
2006,11,17,0.0555433928966522,0.0798032821144261,0.0103133410320879,4.54747350886464e-13,
2006,11,18,0.00288665131665766,0.0192732550876826,0.0104504504161014,-4.54747350886464e-13,
2006,11,19,0,0.00112379001529916,0,0,
2006,11,20,0,0,0,4.54747350886464e-13,
2006,11,21,0.052862111479044,0,0.0264310523743916,0.184087070299483,
2006,11,22,0.0452653989195824,0,0.0495399439132598,0,
2006,11,23,0.444674640893936,0.13246244316224,0.112506426798063,0,
2006,11,24,0.103545397520065,0.14911205786666,0.125002174052497,0.110183551824775,
2006,11,25,0.214947462081909,0.124123722692275,0.0351251602933189,0.110181420463505,
2006,11,26,0.245558723807335,0.230448884940415,0,-4.54747350886464e-13,
2006,11,27,2.14872813224792,1.19562718163206,0,0,
2006,11,28,7.86672830581665,5.01180752235132,0,0,
2006,11,29,2.4521381855011,5.14550234544186,0,0,
2006,11,30,0.0535679720342159,1.27096908416252,0,0,
2006,12,1,1.76317167282105,0.859486690127596,0,0,
2006,12,2,0.545657217502594,1.17070934382173,0,0,
2006,12,3,0.84534764289856,0.667439614210252,1.81898940354586e-12,0,
2006,12,4,0.660695374011993,0.705983738370378,-1.81898940354586e-12,0,
2006,12,5,0.296820610761642,0.497229947804954,0,0,
2006,12,6,0.718135118484497,0.487523871242047,0,0,
2006,12,7,0.0152981840074062,0.432208756832097,0,0,
2006,12,8,0.00520827854052186,0.0102980622114046,0,0,
2006,12,9,0.0897310972213745,0.0298148465217309,0,0,
2006,12,10,0.000842811248730868,0.0740568719720613,0,0,
2006,12,11,0.0216226074844599,0.0192503651860534,0,0,
2006,12,12,0.0961551442742348,0.0344160181898587,0.0117947214548622,0,
2006,12,13,0.328930884599686,0.116816406899488,0.0421472108173475,0,
2006,12,14,0.363179922103882,0.290702530993258,0.0510652117591235,0,
2006,12,15,0.493836939334869,0.361759326282481,0.0275218370716175,0,
2006,12,16,0.510594546794891,0.377837048383299,0.11630812061594,0,
2006,12,17,0.0137447863817215,0.169638477836997,0.117076168495259,0,
2006,12,18,0.000515191233716905,0.00432045701018069,1.81898940354586e-12,0,
2006,12,19,0.0835538655519486,0.0259086966493669,-1.81898940354586e-12,0,
2006,12,20,0.000235277519095689,0.0244891061101953,0,0,
2006,12,21,0.000365057203453034,0.000343376813816576,0,0,
2006,12,22,0.00203630118630826,0.00135365877349614,0,0,
2006,12,23,0.000445968325948343,0.00149063395292615,0,0,
2006,12,24,0.0013177195796743,0.000976554732005752,0,0,
2006,12,25,0.00352029409259558,0.00239649023478705,0,0,
2006,12,26,0.0780148953199387,0.0223057173084271,0,0,
2006,12,27,0.000425685109803453,0.0647888018188496,0,0,
2006,12,28,0.00083689100574702,0.00990234223945663,0,0,
2006,12,29,0.029479356482625,0.0114015094841307,0,0,
2006,12,30,10.1104774475098,5.08191320314791,-1.81898940354586e-12,0,
2006,12,31,7.40209341049194,8.8737722957103,1.81898940354586e-12,0,
2007,1,1,0.301137298345566,3.81570101200759,0,0,
2007,1,2,0.173370242118835,0.281085729159258,0,0,
2007,1,3,0.178748607635498,0.175559762296416,0.0125865079735377,0,
2007,1,4,0.0345558188855648,0.079842645656754,0.0268095845767675,1.37223385151174,
2007,1,5,0.0144857075065374,0.00921807942131636,0.0152922697270697,1.37081011571354,
2007,1,6,0.0774390622973442,0.0230146177482311,0.00395702710193291,0,
2007,1,7,0.181401059031487,0.13349258316066,0.000273252560873516,0,
2007,1,8,0.00840529426932335,0.0755756545900113,-1.81898940354586e-12,0,
2007,1,9,0.784212410449982,0.538919794275898,1.81898940354586e-12,0,
2007,1,10,0.692966878414154,0.764379270097379,0,0,
2007,1,11,0.135468676686287,0.393049571435313,0,0,
2007,1,12,0.00766042293980718,0.0534896256358479,0,0,
2007,1,13,0.00178547250106931,0.00504738961762996,0,0,
2007,1,14,0.0963469445705414,0.0279074877366838,0,0,
2007,1,15,0.000282436172710732,0.0795607644777192,0,0,
2007,1,16,0.000597388483583927,0.0108808393201798,0,0,
2007,1,17,0.00513923820108175,0.00341489474294576,1.81898940354586e-12,0,
2007,1,18,0.193127825856209,0.124649389901151,-1.81898940354586e-12,0,
2007,1,19,0.049525011330843,0.148446703925856,0,0,
2007,1,20,0.115375801920891,0.0614244368898653,0,0,
2007,1,21,0.000457936461316422,0.0600241524698504,0,0,
2007,1,22,0.0494001768529415,0.0247206252820433,0,0,
2007,1,23,0.0217279046773911,0.0406761350432134,0,0,
2007,1,24,0.155407786369324,0.107542578719858,0,0,
2007,1,25,0.191553846001625,0.175972400681076,0,0,
2007,1,26,0.544374048709869,0.267719462047353,0,0,
2007,1,27,0.401316285133362,0.511705335385159,0,0,
2007,1,28,1.24690580368042,0.737291300766628,0,0,
2007,1,29,0.616609036922455,0.776834378726107,0,0,
2007,1,30,0.0923547297716141,0.475432565865958,0,0,
2007,1,31,0.227517127990723,0.131015907166329,0,0,
2007,2,1,0.481434494256973,0.2574760855573,0,0,
2007,2,2,0.115712940692902,0.29856425044045,0,0,
2007,2,3,0.0051540145650506,0.0577617921881029,0,-4.54747350886464e-13,
2007,2,4,0.00132700754329562,0.00396992108744598,0,4.54747350886464e-13,
2007,2,5,0.00443752249702811,0.00788952569109824,0,0,
2007,2,6,0.0470423884689808,0.0408273138286859,0,0,
2007,2,7,0.00141604000236839,0.022484304365662,0,0,
2007,2,8,0.00201000855304301,0.00153596552354429,0,0,
2007,2,9,0.000621587038040161,0.00146618503777063,0,0,
2007,2,10,7.87472017691471e-05,0.000220406725929934,0,0,
2007,2,11,1.19355199785787e-05,6.50880469947879e-05,0,0,
2007,2,12,0.000498548848554492,0.000115762865789293,0,0,
2007,2,13,8.07589312898926e-05,0.000330753031448694,0,0,
2007,2,14,0.000101308447483461,0.000107814008515561,0,0,
2007,2,15,0.184797495603561,0.107696271067653,0,0,
2007,2,16,0.193894386291504,0.186611530412847,0,0,
2007,2,17,0.11443255096674,0.174807253008112,0,0,
2007,2,18,0.0252091735601425,0.075342471206568,0,0,
2007,2,19,0.0918622091412544,0.0351193231031175,0,0,
2007,2,20,0.342147946357727,0.169057759388579,0,0,
2007,2,21,1.58249402046204,0.884693020414034,-1.81898940354586e-12,0,
2007,2,22,0.250555723905563,0.889629382145358,1.81898940354586e-12,0,
2007,2,23,0.238559976220131,0.247515483066309,0,0,
2007,2,24,6.644615650177,3.41560804046139,0,0,
2007,2,25,7.96509265899658,7.19384151611394,0,0,
2007,2,26,1.55819535255432,4.76869707754668,0,0,
2007,2,27,0.670988261699677,1.02101425768706,0,0,
2007,2,28,1.85287761688232,1.03496909829164,0,0,
2007,3,1,6.74735164642334,4.37309182866647,0,0,0
2007,3,2,2.13730120658875,4.49467254571027,0,-4.54747350886464e-13,0
2007,3,3,0.00117042614147067,1.22032154811859,0,4.54747350886464e-13,0
2007,3,4,0.10080399364233,0.0178319583023949,0,0,0
2007,3,5,0.073685310781002,0.0801890387679123,0,0,0
2007,3,6,0.260170161724091,0.179103577760543,0,0,0
2007,3,7,0.074298158288002,0.190218584178183,0,0,0
2007,3,8,0.041178360581398,0.0703751217597528,0,0,0
2007,3,9,0.0219297558069229,0.0306306425773073,0.00558829382316617,0,0
2007,3,10,0.00221163686364889,0.00682277239820905,0.0103162085397344,0,0
2007,3,11,0.00369132799096406,0.00272213925063625,0.00102639220312994,0,0
2007,3,12,0.000920443388167769,0.00224944013052664,0.000869541101565119,0,0
2007,3,13,0.0950115844607353,0.000851684652843687,0.0471750402084581,6.14926648406345,0
2007,3,14,0.193084269762039,0.0974134490711549,0.0467529531651962,6.13440631481672,0
2007,3,15,0.528393685817719,0.376177362938051,0,0,0
2007,3,16,0.3784419298172,0.412905567689904,0,0,0
2007,3,17,0.408660680055618,0.394829572127492,0,4.54747350886464e-13,0
2007,3,18,7.99591636657715,4.01173359038103,0,-4.54747350886464e-13,0
2007,3,19,3.20964670181274,5.92071028771625,0,0,0
2007,3,20,0.0932951346039772,1.59105152750817,0,0,0
2007,3,21,0.0202322956174612,0.047495119969426,0.00926862412234186,4.77082434247723,0
2007,3,22,0.0799217224121094,0.0285297022269333,0.0215153039152938,4.77594394824064,0
2007,3,23,2.01747560501099,0.204330380187457,0.844574305858259,2.98203872518252,0
2007,3,24,1.17346441745758,0.176688244200705,1.41902197905983,12.6708802638268,0
2007,3,25,0.0903680473566055,0,0.629726955074148,29.4157501662239,0.000457142878855978
2007,3,26,0.308767914772034,0,0.202639767770961,39.2670696464356,0.101028571810041
2007,3,27,0.232767820358276,0,0.270788741487195,1.05208831650589,0.987428610665457
2007,3,28,14.6904754638672,0,7.54993171434762,0,1.92914276123047
2007,3,29,10.3287801742554,0,12.5753857161126,0,2.66514282226563
2007,3,30,3.42726945877075,0.268540097278219,6.64925601997311,0.268540097278219,5.66857125418527
2007,3,31,6.3170952796936,0.273174608942099,4.59101179036588,0.273174608942099,8.18285696847098
2007,4,1,14.1234588623047,0,10.1116408501766,0,8.32000034877232
2007,4,2,1.57829892635345,0.652909779998481,7.19797227974232,0,6.94857134137835
2007,4,3,0.0341625586152077,0.666215240146357,0.135430236477987,0,4.84571446010045
2007,4,4,0.0207519773393869,0.0281536833895188,0,0,4.09142848423549
2007,4,5,0.00129541533533484,0.010495939194243,0,0,3.10399998256138
2007,4,6,0.000756052380893379,0.00101473332188107,0,0,2.68342851911272
2007,4,7,0.00221551745198667,0.00143983731595654,0,0,2.50514286586217
2007,4,8,0.000251475226832554,0.00141980855732982,0,0,2.44571424211775
2007,4,9,0.000240611203480512,0.000245501665631309,0,0,2.3634286063058
2007,4,10,0.00300593441352248,0.000849643126457522,0.000721989272278734,0,1.80571430751256
2007,4,11,0.00209431583061814,0.000752966850996018,0.00179715847480111,1.63663942549647,1.1154285975865
2007,4,12,9.81909615802579e-05,0,0.00110727235551167,0,0.932571411132812
2007,4,13,0.0186462756246328,0,0.00947452757827705,0,0.598857116699219
2007,4,14,0.0232253838330507,0,0.0209274980734335,0,0.310857146126883
2007,4,15,0.0386874750256538,0,0.0308156278224487,0,0.269714273725237
2007,4,16,0.523176074028015,0,0.269237182616052,0,0.273371423993792
2007,4,17,0.00691115157678723,0,0.271570416760369,0,0.201142856052944
2007,4,18,0.00371567043475807,0,0.00521498855050595,-4.54747350886464e-13,0.217142854418073
2007,4,19,0.108187176287174,0,0.0455154182145634,4.54747350886464e-13,0.232228578839983
2007,4,20,0.18967767059803,0,0.155148806159559,-4.54747350886464e-13,0.11748571395874
2007,4,21,2.28251314163208,0,1.18182526788769,4.54747350886464e-13,0.071314287185669
2007,4,22,0.12560673058033,0,1.19066759315319,0,0.0571428571428571
2007,4,23,0.000603614782448858,0,0.0739399933918321,0,0.0393142870494298
2007,4,24,0.115772411227226,0,0.0538008675594028,0,0.0233142852783203
2007,4,25,0.248771607875824,0,0.176810481540088,0,0.0150857142039708
2007,4,26,0.283707201480866,0,0.26835873773598,0,0.00914285693849836
2007,4,27,0.0481452979147434,0,0.185294854687527,0,0.00594285726547241
2007,4,28,0.00243979715742171,0,0.0272105450239906,0,0.0013714285833495
2007,4,29,0.0053812088444829,0,0.00402897657295398,0,0
2007,4,30,0.696629822254181,0,0.360752730814056,0,0
2007,5,1,0.168647661805153,0,0.472980185228153,0,0.00822857107434954
2007,5,2,0.000160137700731866,0,0.0719734802551102,0,0.00685714270387377
2007,5,3,0.30042576789856,0,0.127031630654528,0,0
2007,5,4,7.78298091888428,0,4.03567243688849,0,0
2007,5,5,11.6183586120605,0,9.65973454408231,0,0
2007,5,6,6.8765721321106,0,9.27631734009265,4.54747350886464e-13,0
2007,5,7,0.0627379715442658,0,3.53687866609289,-4.54747350886464e-13,0
2007,5,8,0.000109306805825327,0,0.0304530861358217,0,0.0013714285833495
2007,5,9,0.0784769877791405,0,0.0346166541712591,0,0.0214857135500227
2007,5,10,0.0347410254180431,0,0.0568215320527088,0,0.0365714277539934
2007,5,11,0.0185750592499971,0,0.0271109759742103,0,0.0320000001362392
2007,5,12,0.00394282257184386,0,0.0117439936875599,0,0.0169142859322684
2007,5,13,1.33082735538483,0,0.635971280684316,0,0.00640000019754682
2007,5,14,3.90788674354553,0,2.62575666661178,0,0.00228571423462459
2007,5,15,1.61087739467621,4.54747350886464e-13,2.7886119964005,4.54747350886464e-13,0
2007,5,16,0.00458216341212392,-4.54747350886464e-13,0.819328188934378,-4.54747350886464e-13,0
2007,5,17,0.641531646251679,0,0.319808511267183,0,0
2007,5,18,0.0622134655714035,0,0.328474936090061,0,0
2007,5,19,0.17050763964653,0,0.112726941264555,0,0
2007,5,20,0.089046873152256,0,0.141632632436085,0,0
2007,5,21,10.8996839523315,0,5.48559848408149,0,0
2007,5,22,22.1430625915527,0,16.5368900093981,0,0
2007,5,23,7.18145751953125,0,14.7449666664324,0,0.0882285731179374
2007,5,24,1.21165525913239,0,4.40576969369249,0,0.22720000403268
2007,5,25,6.20369052886963,0,3.6619082080997,0,0.147657149178641
2007,5,26,22.7005748748779,0,14.4459991818821,0,1.85142865862165
2007,5,27,8.59147071838379,0,15.5967154808441,0,6.30857151576451
2007,5,28,1.80499839782715,0,5.24192209358807,0,3.86285705566406
2007,5,29,3.82682204246521,0,2.82928395953968,0,1.81942858014788
2007,5,30,0.377046495676041,0,2.20779544799007,0,1.64114281790597
2007,5,31,0.371778666973114,0,0.374542519575698,4.54747350886464e-13,1.48114286150251
2007,6,1,0.193167999386787,0,0.27619156295259,-4.54747350886464e-13,1.17942853655134
2007,6,2,0.192174836993217,0,0.192604695603222,0,0.845714296613421
2007,6,3,0.118131279945374,0,0.149859226050467,-4.54747350886464e-13,0.557714298793248
2007,6,4,0.0719454661011696,0,0.0931169071100157,4.54747350886464e-13,0.37577144077846
2007,6,5,0.0566587150096893,0,0.0640214379545796,0,0.274742862156459
2007,6,6,10.4562253952026,0,5.26775535918023,0,0.20388571875436
2007,6,7,17.7325191497803,0,14.0992974884757,0,0.16502857208252
2007,6,8,2.9760217666626,0,10.2146198288738,0,0.153599997929164
2007,6,9,1.95291566848755,0,2.46487245332537,0,0.128457137516567
2007,6,10,5.15536403656006,0,3.49284993577749,0,0.11748571395874
2007,6,11,1.00741422176361,0,3.07075148830154,0,0.135771424429757
2007,6,12,5.37356042861939,0,3.36676894986886,0,0.153142860957554
2007,6,13,9.41848182678223,0,7.37916841414517,0,0.184685720716204
2007,6,14,1.45106053352356,0,5.41216547026488,0,0.178742858341762
2007,6,15,0.404132425785065,0,0.907303094318195,0,0.146742861611503
2007,6,16,0.30504497885704,0,0.347557417135249,0,0.11702857698713
2007,6,17,14.0945892333984,0,7.16515281260399,4.54747350886464e-13,0.0959999970027379
2007,6,18,17.985481262207,0,16.0296398004957,-4.54747350886464e-13,0.407314273289272
2007,6,19,2.05471277236938,0,10.1567301364612,0,1.08800005231585
2007,6,20,0.327795386314392,0,1.24765262073925,0,1.10628574916295
2007,6,21,1.90006566047668,0,1.16167539672279,0,0.809142848423549
2007,6,22,4.34627294540405,0,3.03728218670221,0,0.5348571232387
2007,6,23,9.1819372177124,0,6.63547832362747,0,0.717714309692383
2007,6,24,7.62482976913452,0,8.36855105832365,0,0.566857147216797
2007,6,25,17.5223731994629,-4.54747350886464e-13,12.4746179917784,0,0.439314297267369
2007,6,26,9.2515697479248,4.54747350886464e-13,13.2826691975606,0,1.45371431623186
2007,6,27,0.0912724435329437,0,4.70177323825556,0,1.39428569248744
2007,6,28,0.0596384294331074,0,0.0754925646597258,0,1.38514284406389
2007,6,29,0.0154311209917068,0,0.034410425414535,0,1.90628574916295
2007,6,30,0.261806935071945,0,0.144000952714123,-4.54747350886464e-13,1.95199999128069
2007,7,1,3.02634310722351,0,1.75838780053709,4.54747350886464e-13,
2007,7,2,0.751518309116364,0,1.90215910055304,0,
2007,7,3,0.59381228685379,0,0.672808419321882,0,
2007,7,4,0.415187537670136,0,0.503639047641627,0,
2007,7,5,0.433803141117096,0,0.424459111440228,0,
2007,7,6,1.63998138305033e-05,0,0.216821156043807,0,
2007,7,7,0.0551043190062046,0,0.0231924988875107,0,
2007,7,8,0.0144885219633579,0,0.033837904502434,0,
2007,7,9,14.4604587554932,0,7.20163028114075,0,
2007,7,10,33.9016838073731,0,24.2197334214616,0,
2007,7,11,1.83108651638031,0,17.9305068900212,0,
2007,7,12,0.189020916819572,0,0.954967102145019,0,
2007,7,13,0.966040074825287,0,0.593679158529994,0,
2007,7,14,0.312136501073837,0,0.663417864514486,0,
2007,7,15,1.66158390045166,0,0.950594508987706,0,
2007,7,16,0.492429435253143,0,1.04308289360597,0,
2007,7,17,0.0056137703359127,0,0.226044290122445,0,
2007,7,18,0.00230994983576238,0,0.00368785494356416,0,
2007,7,19,0.0851869061589241,0,0.0500145627702295,0,
2007,7,20,7.60687089496059e-06,-4.54747350886464e-13,0.040273603201058,0,
2007,7,21,0.0183746460825205,0,0.00940401743537223,-4.54747350886464e-13,
2007,7,22,0.0191654395312071,4.54747350886464e-13,0.018771687440676,4.54747350886464e-13,
2007,7,23,0.00382053409703076,0,0.0116648744005943,0,
2007,7,24,1.19488441944122,0,0.637410634581102,0,
2007,7,25,7.77952289581299,0,4.4928467724676,0,
2007,7,26,11.4253358840942,0,9.59977803674701,0,
2007,7,27,0.0842768773436546,0,5.8403861669849,0,
2007,7,28,0.00029053192702122,4.54747350886464e-13,0.0461846367197722,0,
2007,7,29,0.000124019978102297,-4.54747350886464e-13,0.000199390511625097,0,
2007,7,30,0.0852880850434303,0,0.0490875985433377,0,
2007,7,31,0.657528579235077,0,0.330923604618874,4.54747350886464e-13,
2007,8,1,2.64619708061218,0,1.6337080307585,-4.54747350886464e-13,
2007,8,2,0.00232949270866811,0,1.34412125730887,0,
2007,8,3,0.00984452944248915,-4.54747350886464e-13,0.00605916160566267,-4.54747350886464e-13,
2007,8,4,0.162954851984978,4.54747350886464e-13,0.100464227571138,4.54747350886464e-13,
2007,8,5,0.000896082434337586,0,0.0735334072269325,0,
2007,8,6,4.58240652084351,0,2.27921023072304,0,
2007,8,7,0.281114131212235,0,2.45183626375001,0,
2007,8,8,0.668562293052673,0,0.466349662307039,0,
2007,8,9,2.54029226303101,0,1.62545977334776,0,
2007,8,10,7.38940572738648,0,4.9472918126321,0,
2007,8,11,4.44593334197998,0,5.96179094724539,0,
2007,8,12,0.00388497998937964,0,2.26268851393979,0,
2007,8,13,0.00972879678010941,0,0.00744293053503498,4.54747350886464e-13,
2007,8,14,5.6212043762207,0,2.7680722383775,-9.09494701772928e-13,
2007,8,15,1.10573720932007,0,3.37228779322868,4.54747350886464e-13,
2007,8,16,0.00116940482985228,0,0.596604803920855,0,
2007,8,17,0.0011461719404906,0,0.00115772522440238,0,
2007,8,18,0,0,0.00042237912202836,0,
2007,8,19,0.1433025598526,0,0.0620296494817012,0,
2007,8,20,1.46556317806244,0,0.810631090651441,0,
2007,8,21,0.575337469577789,0,1.01631011764403,0,
2007,8,22,0.067590095102787,0,0.309886401073527,0,
2007,8,23,0.0392842218279839,0,0.054643048413709,0,
2007,8,24,0.352302104234695,0,0.174195153116671,-4.54747350886464e-13,
2007,8,25,0.000708135368768126,0,0.173117339532837,4.54747350886464e-13,
2007,8,26,0.773626208305359,0,0.412989970896888,0,
2007,8,27,0.57482784986496,0,0.708114067982024,0,
2007,8,28,1.79482066631317,0,1.19903943080681,0,
2007,8,29,0.216941609978676,0,1.02170290701724,0,
2007,8,30,0.459356606006622,0,0.340219115272703,0,
2007,8,31,1.61253845691681,0,1.02063320352863,0,
2007,9,1,0.234732672572136,0,0.918263584753731,0,
2007,9,2,0.0472604222595692,0,0.127632172465383,0,
2007,9,3,0.38379231095314,0,0.205978094936654,0,
2007,9,4,0.00658900244161487,0,0.206015289202696,0,
2007,9,5,0.151983395218849,0,0.0831837300520419,0,
2007,9,6,0.231442555785179,0,0.188968491445848,0,
2007,9,7,0.0216930545866489,0,0.131155056196803,0,
2007,9,8,0.104232683777809,0,0.0644217247936467,0,
2007,9,9,0.0378688611090183,0,0.0709200688452256,0,
2007,9,10,1.01032531261444,0,0.521397309037639,0,
2007,9,11,0.205087929964066,0,0.607220036656145,0,
2007,9,12,0.118525683879852,0,0.162449805247888,0,
2007,9,13,0.42378905415535,0,0.267741747797118,0,
2007,9,14,0.113795377314091,0,0.278789641897674,0,
2007,9,15,5.35574072273448e-05,0,0.0577109057012422,0,
2007,9,16,0.00238309847190976,0,0.00137002639166894,0,
2007,9,17,0.00750090787187219,0,0.00507844871026464,0,
2007,9,18,0.0418883301317692,0,0.0273743938905682,0,
2007,9,19,0.0288135595619679,0,0.0344893276833318,0,
2007,9,20,1.50560128688812,0,0.771118102191394,0,
2007,9,21,1.05626213550568,0,1.2741383293851,0,
2007,9,22,0.134571507573128,0,0.607425143765795,0,
2007,9,23,6.07486057281494,0,3.11036084450461,0,
2007,9,24,11.5435953140259,0,8.80500688780558,0,
2007,9,25,1.01809072494507,0,6.29096290618145,0,
2007,9,26,0.270567953586578,0,0.669549180678587,0,
2007,9,27,0.052371833473444,0,0.184162065457713,0,
2007,9,28,0.000894509605132043,0,0.0315146470875334,0,
2007,9,29,0.479382514953613,0,0.153201127293869,4.54747350886464e-13,
2007,9,30,0.018525704741478,0,0.25305456928254,-4.54747350886464e-13,
2007,10,1,0.0675727277994156,0,0.0363237139808916,4.54747350886464e-13,
2007,10,2,0.301318347454071,0,0.167049424751895,-4.54747350886464e-13,
2007,10,3,0.0132774207741022,0,0.170861857799537,0,
2007,10,4,0.0345106050372124,0,0.0246299467034987,0,
2007,10,5,3.24178433418274,0,1.63552164280736,0,
2007,10,6,3.70984435081482,0,3.46313978784383,0,
2007,10,7,3.48849725723267,0,3.59644979687982,0,
2007,10,8,19.3982944488525,0,11.4493404429086,-4.54747350886464e-13,
2007,10,9,10.2707262039185,0,14.8782563328823,4.54747350886464e-13,
2007,10,10,0.13058403134346,0,5.3729398519572,0,
2007,10,11,0.00486017670482397,0,0.0549499539483804,0,
2007,10,12,0.0982688292860985,0,0.0630212815740379,0,
2007,10,13,0.00739189330488443,0,0.0821490323905891,0,
2007,10,14,0.0248399879783392,0,0.0134850406575424,0,
2007,10,15,0.00127108092419803,0,0.01198389856836,0,
2007,10,16,0.376895248889923,0,0.175590270306202,0,
2007,10,17,1.03875458240509,0,0.715416328894207,0,
2007,10,18,10.3612470626831,0,5.5648249643491,0,
2007,10,19,6.44424343109131,0,8.40242881585982,-4.54747350886464e-13,
2007,10,20,0.128984346985817,0,3.2875603195389,4.54747350886464e-13,
2007,10,21,0.00476363534107804,0,0.0681668453344173,0,
2007,10,22,0.00204167072661221,0,0.00352931715860905,0,
2007,10,23,0.133392959833145,0,0.071151734859086,0,
2007,10,24,0.0743542537093163,0,0.103528183029994,0,
2007,10,25,0.00823886971920729,0,0.0445623103350954,0,
2007,10,26,0.0724310800433159,0,0.0341200582242891,0,
2007,10,27,0.0069215870462358,1.97121494238672e-05,0.0339835725135345,1.97121489691199e-05,
2007,10,28,0,1.59772930601321e-05,0.0032749335950939,1.59772935148794e-05,
2007,10,29,5.78930303163361e-05,0,2.65591206698446e-05,0,
2007,10,30,0.445045739412308,0,0.266786038217106,0,
2007,10,31,0.456313937902451,0,0.450895078140093,0,
2007,11,1,0.0152615839615464,0,0.264766784790481,0,
2007,11,2,0.0308093205094337,0,0.0239969156136795,-4.54747350886464e-13,
2007,11,3,0.00369717413559556,1.51749281940283e-06,0.0181544886563643,1.51749327415018e-06,
2007,11,4,0.70455676317215,0.0708540307655312,0.351242067918065,0.0708540307655312,
2007,11,5,1.35352373123169,0.200124276515453,0.849694449816525,0.200124276515453,
2007,11,6,0.00700714671984315,0.138731101506437,0.542123014720346,0.135999287014329,
2007,11,7,0.000121701967145782,0.00275978830541135,0.000803207309218124,4.54747350886464e-13,
2007,11,8,0.119658820331097,0.0208997418476429,0.0389786984706007,0,
2007,11,9,0.0608127005398274,0.0231283465927845,0.0671074127112661,0.129022072849239,
2007,11,10,0.0815848782658577,0.00207184381361003,0.0699543704249663,0.00207184381361003,
2007,11,11,0.0783503204584122,0,0.0800711414267425,4.54747350886464e-13,
2007,11,12,7.93551516835578e-05,0,0.0408867088226543,0,
2007,11,13,0.146029591560364,0,0.0650511303083476,0,
2007,11,14,0.194779932498932,0,0.17149298145705,0,
2007,11,15,0.0301605500280857,0.0075863340266551,0.104899654912515,0,
2007,11,16,0.000891451956704259,0.00772266867170401,0.00780344433587743,0.0302940233568734,
2007,11,17,0.00214697583578527,0.0011840207912428,0.000335951945089619,0.000134662908294558,
2007,11,18,0.61518144607544,0.22542971757548,0.0832300457441306,0,
2007,11,19,0.0433908179402351,0.224384941861445,0.104901285156302,0.617325460255415,
2007,11,20,0.169664308428764,0.0555673610874692,0.0509621457404137,0,
2007,11,21,0.000668813823722303,0.0557941165802731,0.0292103666579351,0,
2007,11,22,0.011852459050715,0.00660488755602273,-1.81898940354586e-12,0,
2007,11,23,0.296020090579987,0.154129473306966,0,0,
2007,11,24,0.147892728447914,0.222726238087034,0,0,
2007,11,25,0.445170670747757,0.28976110855092,0.00558522169012576,0,
2007,11,26,1.19944620132446,0.819466449126139,0.00558911032567266,0,
2007,11,27,3.10788798332214,2.15114519729377,0,0,
2007,11,28,0.993792414665222,2.04813360584967,0,0,
2007,11,29,0.0690514817833901,0.555883750166686,0,0,
2007,11,30,0.101802133023739,0.0868484454863392,0,0,
2007,12,1,3.53574562072754,1.79936070857457,0,0,
2007,12,2,3.00763630867004,3.27475471888511,0,0,
2007,12,3,2.33072400093079,2.66922276381001,0,0,
2007,12,4,5.81782007217407,4.07423478704868,0,0,
2007,12,5,2.56360650062561,4.23695352092636,0,0,
2007,12,6,0.384481430053711,1.46527609217628,0,0,
2007,12,7,0.234687000513077,0.315654285769597,0,0,
2007,12,8,0.000509091652929783,0.119374376354699,0,0,
2007,12,9,0.00392620731145144,0.00207273149271714,0,0,
2007,12,10,0.0248326510190964,0.00897258544046053,0,0,
2007,12,11,0.00333179626613855,0.0128447821271038,0,0,
2007,12,12,1.38060069084167,0.643611491461343,0,0,
2007,12,13,1.61088454723358,1.56105126758075,0,0,
2007,12,14,0.0276873279362917,0.840471630066986,0,0,
2007,12,15,0.143002405762672,0.0951075367534031,0,0,
2007,12,16,0.00892696436494589,0.0900706090428685,0,0,
2007,12,17,0.272612661123276,0.0925634035111216,0,0,
2007,12,18,0.00367964268662035,0.175217786699704,0,0,
2007,12,19,0.00914697349071503,0.00602543873492323,0,0,
2007,12,20,0.0689485222101212,0.01835762935616,0,0,
2007,12,21,2.27163934707642,1.19042953938242,0,0,
2007,12,22,2.17049503326416,2.24599086193075,0,0,
2007,12,23,0.295757979154587,1.28931300415161,0,0,
2007,12,24,0.107256487011909,0.263544232516324,0,0,
2007,12,25,0.0547438897192478,0.0948315564314726,0,0,
2007,12,26,0.0395003296434879,0.0486896057477679,0,0,
2007,12,27,0.00531424209475517,0.0345362213297449,0,0,
2007,12,28,0.0754741951823235,0.0369304004852893,0,0,
2007,12,29,0.194880709052086,0.117915216954771,0,0,
2007,12,30,0.655733823776245,0.34855334496342,0,0,
2007,12,31,0.106817401945591,0.27320026036432,0,0,
2008,1,1,0.142258420586586,0.134068573153399,0,0,
2008,1,2,0.0322163365781307,0.0730461772909621,0,0,
2008,1,3,0.208387106657028,0.109810496338014,0,0,
2008,1,4,0.00456887437030673,0.152465975548239,0,0,
2008,1,5,0.10005322098732,0.0253819173904049,0,0,
2008,1,6,0.0563154593110085,0.0623053194999557,0.00839948397879198,0,
2008,1,7,0.0384475439786911,0.0378186535394889,0.00935752724944905,0,
2008,1,8,0.0171296130865812,0.031898340691896,0,0,
2008,1,9,0.000158770955749787,0.0154429793064992,0,0,
2008,1,10,0.0126923089846969,0.00625167091675394,0,0,
2008,1,11,0.123505510389805,0.0319209723465974,0,0,
2008,1,12,0.798564851284027,0.406626903183678,0,0,
2008,1,13,0.114677585661411,0.587054693119171,0,-4.54747350886464e-13,
2008,1,14,0.0014989081537351,0.0453163409292756,0,4.54747350886464e-13,
2008,1,15,0.356558710336685,0.273077193620793,0,0,
2008,1,16,0.0821223109960556,0.303545632886653,0,0,
2008,1,17,0.0487761311233044,0.0814665781940676,0,0,
2008,1,18,0.0842432975769043,0.0660222478104515,-1.81898940354586e-12,-4.54747350886464e-13,
2008,1,19,0.00151496299076825,0.0652584568238126,1.81898940354586e-12,4.54747350886464e-13,
2008,1,20,9.76108276518062e-05,0.00676948410182376,0,0,
2008,1,21,0.0250784158706665,0.0200913882435998,0,0,
2008,1,22,0.152167469263077,0.0635001719447246,0,0,
2008,1,23,0.0936327204108238,0.111589411798832,0,0,
2008,1,24,0.00322221661917865,0.0443556597801944,1.81898940354586e-12,0,
2008,1,25,0,0.002078648128645,-1.81898940354586e-12,0,
2008,1,26,0.00196918030269444,0.000300164192140073,0,0,
2008,1,27,0.00994671974331141,0.00435097376021076,0,0,
2008,1,28,0.607459008693695,0.317877127725751,0,0,
2008,1,29,0.630134522914887,0.621895107330147,0,0,
2008,1,30,0.000231405749218538,0.193308753101519,-1.81898940354586e-12,-4.54747350886464e-13,
2008,1,31,0.0242839250713587,0.0196648996379736,1.81898940354586e-12,4.54747350886464e-13,
2008,2,1,0.00852070748806,0.0130456163333292,0,0,
2008,2,2,0.0239299200475216,0.0190689302562532,0,0,
2008,2,3,0.768395066261292,0.375800629578862,1.81898940354586e-12,0,
2008,2,4,1.0046843290329,0.949152686157049,-1.81898940354586e-12,0,
2008,2,5,0.946307003498077,0.963076455811461,0,0,
2008,2,6,0.507501363754273,0.638268357830839,0,0,
2008,2,7,0.358248114585876,0.403614323079182,0,0,
2008,2,8,0.522224962711334,0.452562100429077,0,0,
2008,2,9,0.710339307785034,0.603237313770478,0,0,
2008,2,10,0.098519891500473,0.424234432411595,0,0,
2008,2,11,0.00419890601187944,0.0424597418882513,0,0,
2008,2,12,0.605989634990692,0.390650894443297,0,0,
2008,2,13,0.908122718334198,0.82154639042983,0,0,
2008,2,14,0.454305469989777,0.595057473494762,0,0,
2008,2,15,0.0912843942642212,0.198322539555647,0,0,
2008,2,16,2.55366683006287,1.46971865115893,0,0,
2008,2,17,1.76567625999451,2.26407761197515,0,0,
2008,2,18,0.0882323309779167,0.911935638669092,0,0,
2008,2,19,0.467280507087708,0.23795524074967,1.81898940354586e-12,0,
2008,2,20,0.000599875929765403,0.296017044111068,-1.81898940354586e-12,0,
2008,2,21,0.0323705933988094,0.0110000067161309,0,0,
2008,2,22,2.84186558019428e-06,0.0263496705701982,0,0,
2008,2,23,0.0861997902393341,0.0368590564989972,-1.81898940354586e-12,-4.54747350886464e-13,
2008,2,24,0.0667251572012901,0.0811249605885678,1.81898940354586e-12,4.54747350886464e-13,
2008,2,25,0.151783555746079,0.105883897799686,-1.81898940354586e-12,-4.54747350886464e-13,
2008,2,26,0.0309113562107086,0.125545060781405,1.81898940354586e-12,4.54747350886464e-13,
2008,2,27,0.0598252043128014,0.0496686454794144,0,0,
2008,2,28,2.84477066993713,1.50787717634876,0,0,
2008,2,29,0.827944159507752,1.92756787382768,0,0,
2008,3,1,0.0917398408055305,0.451894725081274,0,4.54747350886464e-13,0
2008,3,2,0.0851981118321419,0.0867995354574305,1.81898940354586e-12,-4.54747350886464e-13,0
2008,3,3,1.02033090591431,0.486811093539927,0,4.54747350886464e-13,0
2008,3,4,2.08486914634705,1.39994153234056,-1.81898940354586e-12,-4.54747350886464e-13,0
2008,3,5,0.0417454801499844,1.25996697505479,1.81898940354586e-12,4.54747350886464e-13,0
2008,3,6,0.00101834500674158,0.0345306219769554,-1.81898940354586e-12,-4.54747350886464e-13,0
2008,3,7,1.56133675575256,0.934365619314121,0,0,0
2008,3,8,1.61188125610352,1.59961735221668,0,0,0
2008,3,9,0.118878185749054,1.02718123836348,-1.81898940354586e-12,0,0
2008,3,10,0.108340226113796,0.109536327487149,2.50537941610673e-05,0,0
2008,3,11,0.0362529531121254,0.058454337080093,0.00084962860273663,0,0
2008,3,12,0.00640923622995615,0.0162281845614416,0.00241117540826963,0,0
2008,3,13,0.165980026125908,0.0215221808343813,0.0646724873240601,1.70617018983512,0
2008,3,14,0.0841348171234131,0.0620180482219439,0.0629949714148097,1.70431816518703,0
2008,3,15,0.00253039342351258,0.051109314059886,0,0,0
2008,3,16,0.108749821782112,0.0662484155859602,0.00055033447824826,0,0
2008,3,17,0.0968166217207909,0.08266288665709,0.0179254702907201,0,0
2008,3,18,0.0692229494452477,0.0376928174864588,0.0453269671070302,5.05992885039268,0
2008,3,19,0.00118899007793516,0.00298603558394461,0.032262816455841,5.06630710339869,0
2008,3,20,0,0.000597275510244799,0,0,0
2008,3,21,0.220992386341095,0.0900622489775742,0.0412463927386852,0,0
2008,3,22,0.176736071705818,0.149079447658551,0.0624865430181671,0,0
2008,3,23,0.00036537047708407,0.117911996849671,0.0313435943644436,0,0
2008,3,24,0.747055590152741,0.284938680553296,0.00353203219492571,0,0
2008,3,25,0.547338664531708,0.686258089685907,0,0,0
2008,3,26,0.0128172002732754,0.265343306508839,0,0,0
2008,3,27,0.00591651489958167,0.0103862705473148,0,0,0
2008,3,28,0.114002704620361,0.0434708067550673,0.0079644802990515,0,0
2008,3,29,3.99865651130676,0.0475268466907437,2.00880209273782,6.60509827075566,0
2008,3,30,2.15955424308777,0,3.04937562524719,15.1085819641544,0.00411428553717477
2008,3,31,0.245666354894638,0.0583154799960539,1.1398169526783,8.40451510322691,0.0160000000681196
2008,4,1,0.92901736497879,0.452306154354119,0.141051334239819,0,0.0342857156481062
2008,4,2,0.560710489749908,0.388508686767182,0.356385362123547,6.59247237001728,0.0717714309692383
2008,4,3,0.0412093065679073,0,0.302492709086437,23.333512973878,0.183771433149065
2008,4,4,0.219284757971764,0,0.130114650539326,14.6212413586272,2.69257136753627
2008,4,5,0.0177381876856089,0.008872200881342,0.109603968854572,-4.54747350886464e-13,4.19200003487723
2008,4,6,0.0031550123821944,0.0101295196486717,0.000267581459411304,0,3.35542864118304
2008,4,7,0.0740091279149056,0.00996464561785615,0.0286173637305183,0.02950017758576,2.1577141898019
2008,4,8,0.00136129825841635,0.00738120444975721,0.0249654669441952,0.00738120444975721,1.22971431187221
2008,4,9,6.59648503642529e-05,0,0.000751999088606681,0,0.832000023978097
2008,4,10,2.86605813926144e-06,0,3.79418743250426e-05,0,0.685714285714286
2008,4,11,0.0786705687642098,0,0.0471363400392875,0,0.703999982561384
2008,4,12,0.00459916004911065,0,0.0388684451536392,0,0.941714259556362
2008,4,13,0.00381305906921625,0,0.00422571652961778,0,1.65028566632952
2008,4,14,0.0785695761442184,0,0.033940586825338,0,1.00114288330078
2008,4,15,0.10699237883091,0,0.0951019412332244,0,0.731428582327706
2008,4,16,0.0805765464901924,0,0.0933849134889897,0,0.521142850603376
2008,4,17,0.0197072252631187,0,0.0521557428837696,0,0.374857139587402
2008,4,18,0.00405740877613425,0,0.0127295816546393,-4.54747350886464e-13,0.238628578186035
2008,4,19,0.00287780514918268,0,0.00340039669936232,4.54747350886464e-13,0.148114286150251
2008,4,20,0.0221796371042728,0,0.0138714174081542,0,0.102857140132359
2008,4,21,6.49090719223023,0,3.27314464480514,-4.54747350886464e-13,0.0763428551810128
2008,4,22,1.72471308708191,0,4.06533677360312,4.54747350886464e-13,0.0740571430751256
2008,4,23,5.15263080596924,0,3.34949336554564,0,0.0617142881665911
2008,4,24,11.4470596313477,0,8.30699107325017,0,0.0612571443830218
2008,4,25,1.89970207214355,0.514884894869283,6.15849849893675,0,0.100114284242903
2008,4,26,2.78708148002625,1.06088665310699,1.28250263389418,0,0.0594285692487444
2008,4,27,0.173528864979744,0.564457680526175,0.91729052026858,2.37235008950074,0.0708571434020996
2008,4,28,0.000306532747345045,0.0178646729891625,0.0690110470386571,1.64508645916249,0.0489142860685076
2008,4,29,3.59742421096598e-06,5.2911855163984e-07,0.000160823936312227,5.2911855163984e-07,0.0315428563526699
2008,4,30,0.0193495620042086,4.54747350886464e-13,0.00820432695581985,0,0.0324571439198085
2008,5,1,0.0829290002584457,-4.54747350886464e-13,0.0474843203464843,0,0.0187428576605661
2008,5,2,0,0,0.0349473680944357,0,0.0118857145309448
2008,5,3,0.0584406815469265,0,0.035329886517502,0,0.00868571400642395
2008,5,4,0.154381737112999,0,0.111779244994977,0,0.00685714270387377
2008,5,5,0.00611222581937909,0,0.0822354238825938,0,0.00594285726547241
2008,5,6,0.0576230026781559,0,0.0373275541205658,0,0.00457142846924918
2008,5,7,0.0338822118937969,0,0.0424440682145359,0,0.00411428553717477
2008,5,8,0.209589496254921,0,0.131632516953687,0,0.00365714303084782
2008,5,9,0.0210107453167439,0,0.13484612769571,0,0.00320000009877341
2008,5,10,0.0450216680765152,0,0.0374196513894276,0,0.00320000009877341
2008,5,11,0.826715528964996,0,0.40856469247592,0,0.002742857166699
2008,5,12,10.8259286880493,0,5.80302811706133,0,0.00320000009877341
2008,5,13,5.9423303604126,0,8.34191223516427,0,0.00411428553717477
2008,5,14,0.572363257408142,0,3.26986233262141,0,0.00457142846924918
2008,5,15,0.0707039460539818,0,0.344550463119958,0,0.00411428553717477
2008,5,16,0.618644595146179,0,0.3344361267973,0,0.00411428553717477
2008,5,17,0.240101680159569,0,0.414185374884255,0,0.00365714303084782
2008,5,18,0.850870013237,4.54747350886464e-13,0.518736199139312,0,0.00411428553717477
2008,5,19,1.12850654125214,-4.54747350886464e-13,0.980298341481102,0,0.00411428553717477
2008,5,20,0.399174302816391,0,0.782639781262333,0,0.00411428553717477
2008,5,21,0.0823462605476379,0,0.214310474837475,0,0.00365714303084782
2008,5,22,0.0612025745213032,0,0.0653603251666937,0,0.00320000009877341
2008,5,23,0.0277629923075438,0,0.0324575455997547,0,0.00320000009877341
2008,5,24,1.12232136726379,0,0.566256623276786,4.54747350886464e-13,0.002742857166699
2008,5,25,2.0896577835083,0,1.6017195838831,-4.54747350886464e-13,0.00228571423462459
2008,5,26,0.575692057609558,0,1.30140554467835,0,0.00228571423462459
2008,5,27,0.0600457787513733,0,0.30649128235018,0,0.00228571423462459
2008,5,28,0.00042796425987035,0,0.0303274473790225,0,0.00182857151542391
2008,5,29,0.547569155693054,0,0.271553275821134,0,0.00228571423462459
2008,5,30,1.84281289577484,0,1.18424761744245,4.54747350886464e-13,0.00411428553717477
2008,5,31,0.252600938081741,0,1.03615626877036,-9.09494701772928e-13,0.00411428553717477
2008,6,1,0.0983853936195374,0,0.179579359215495,4.54747350886464e-13,0.00320000009877341
2008,6,2,0.0716236233711243,0,0.0849622946680029,0,0.00228571423462459
2008,6,3,0.636203587055206,0,0.357295936340961,0,0.00182857151542391
2008,6,4,0.98917019367218,0,0.805680014720565,4.54747350886464e-13,0.0013714285833495
2008,6,5,8.87882709503174,0,4.92111084793214,-4.54747350886464e-13,0.000914285757711955
2008,6,6,20.2627773284912,0,14.60631465187,0,0.00502857140132359
2008,6,7,4.42000102996826,4.54747350886464e-13,12.3911675566906,0,0.00868571400642395
2008,6,8,3.15169644355774,-4.54747350886464e-13,3.65540312397934,0,0.00959999987057277
2008,6,9,7.20370817184448,0,5.12597640649256,0,0.0114285715988704
2008,6,10,0.789025008678436,0,4.05611404043702,0,0.0105142857347216
2008,6,11,7.58473825454712,0,4.06071620757029,4.54747350886464e-13,0.00685714270387377
2008,6,12,6.54376602172852,0,7.10956429703219,-4.54747350886464e-13,0.00685714270387377
2008,6,13,1.54848515987396,0,4.00465706481555,0,0.00777142899377005
2008,6,14,3.60459637641907,0,2.43442386652532,0,0.010971428666796
2008,6,15,0.0191676616668701,-4.54747350886464e-13,2.02836196029784,-4.54747350886464e-13,0.0132571424756731
2008,6,16,0.135213449597359,4.54747350886464e-13,0.079260849608545,4.54747350886464e-13,0.0123428574630192
2008,6,17,0.0328231640160084,0,0.109941515678656,0,0.0105142857347216
2008,6,18,1.214320063591,0,0.481140299645631,4.54747350886464e-13,0.00777142899377005
2008,6,19,1.88104999065399,0,1.52246137601651,-4.54747350886464e-13,0.00411428553717477
2008,6,20,0.197084382176399,0,1.11543138482739,0,0.00411428553717477
2008,6,21,0.206396266818047,0,0.200974259816576,0,0.00731428606169564
2008,6,22,0.0362985841929913,0,0.101257282576626,0,0.00411428553717477
2008,6,23,0.167836964130402,0,0.0838456753008359,0,0.00320000009877341
2008,6,24,2.27602648735046,0,1.19168358567731,0,0.002742857166699
2008,6,25,0.373453736305237,0,1.36101895496904,0,0.00228571423462459
2008,6,26,3.56242299079895,0,1.93436090284558,0,0.0013714285833495
2008,6,27,10.9417219161987,0,7.21280902337094,0,0.0178285717964172
2008,6,28,7.2181921005249,-4.54747350886464e-13,9.19010856031309,0,0.0169142859322684
2008,6,29,0.570853412151337,4.54747350886464e-13,3.96337650654459,0,0.00640000019754682
2008,6,30,0.0386996604502201,0,0.297520186632028,0,0.002742857166699
2008,7,1,0.154179975390434,0,0.0887470678935642,0,
2008,7,2,0.0482971481978893,0,0.094827285662177,0,
2008,7,3,0.0636454597115517,0,0.054895189277886,0,
2008,7,4,0.00015298803918995,0,0.0296925055881729,0,
2008,7,5,0.490648925304413,0,0.223810655752459,0,
2008,7,6,0.723233163356781,0,0.615932233080457,0,
2008,7,7,14.1448335647583,0,7.44843421275436,0,
2008,7,8,10.09996509552,0,12.1186001648766,0,
2008,7,9,0.162635698914528,0,5.0834162493793,4.54747350886464e-13,
2008,7,10,1.83549225330353,0,0.926578175260147,-9.09494701772928e-13,
2008,7,11,2.2965669631958,0,2.04929786954744,4.54747350886464e-13,
2008,7,12,2.81166124343872,0,2.59404929168522,0,
2008,7,13,0.722931742668152,0,1.79948410753605,0,
2008,7,14,0.0903386026620865,0,0.368785404429218,0,
2008,7,15,0.0525622852146626,0,0.0742163287686708,0,
2008,7,16,1.35476231575012,0,0.703186432643634,0,
2008,7,17,0.392049908638001,0,0.877824171346219,0,
2008,7,18,0.0416638627648354,0,0.191254017650863,0,
2008,7,19,0.260864466428757,0,0.147307530482067,0,
2008,7,20,0.220381230115891,0,0.242322606696689,0,
2008,7,21,0.011636353097856,0,0.109924299951672,0,
2008,7,22,0.00119724706746638,0,0.00687346140148293,0,
2008,7,23,1.87846863269806,0,0.933703196969873,0,
2008,7,24,3.59819507598877,0,2.71669443739302,0,
2008,7,25,0.0270240660756826,0,1.83765943102117,0,
2008,7,26,0.000574085803236812,0,0.0140144621218496,0,
2008,7,27,1.46593970384856e-06,0,0.000274788051683572,0,
2008,7,28,4.73333692550659,0,2.35178555280618,0,
2008,7,29,7.62454795837402,0,6.17155486110096,0,
2008,7,30,0.389020144939423,0,4.01926926883061,0,
2008,7,31,0.00775614473968744,0,0.218866692930533,0,
2008,8,1,0.521465301513672,0,0.288474108501759,0,
2008,8,2,1.52140009403229,0,1.0140078537861,0,
2008,8,3,1.37066662311554,0,1.43611149297249,0,
2008,8,4,0.664161324501038,0,1.004197375476,0,
2008,8,5,1.0622923374176,0,0.885406974450234,0,
2008,8,6,0.120470367372036,0,0.560936117659367,0,
2008,8,7,0.0950567573308945,0,0.10638715517598,0,
2008,8,8,0.0883068591356278,-4.54747350886464e-13,0.090662381002403,-4.54747350886464e-13,
2008,8,9,1.7592699805391e-05,4.54747350886464e-13,0.0418746026807639,4.54747350886464e-13,
2008,8,10,2.28020143508911,0,1.12413657215075,0,
2008,8,11,17.6315078735352,0,9.96819742462503,0,
2008,8,12,17.7811412811279,0,17.6959218148495,0,
2008,8,13,0.955840349197388,0,9.36668860218924,0,
2008,8,14,0.754617512226105,-4.54747350886464e-13,0.83702942673699,-4.54747350886464e-13,
2008,8,15,0.0382519997656345,4.54747350886464e-13,0.470232258430769,4.54747350886464e-13,
2008,8,16,0.419879257678986,0,0.264662121899164,0,
2008,8,17,0.237464442849159,0,0.329326998142278,0,
2008,8,18,0.0896372199058533,0,0.152015256302548,0,
2008,8,19,4.63996663313537e-08,0,0.0382726738898782,0,
2008,8,20,5.72505678064772e-06,0,2.75857564702164e-06,0,
2008,8,21,5.62476634979248,0,2.80246051133145,0,
2008,8,22,11.6664533615112,0,8.62267854717902,0,
2008,8,23,0.509791493415833,0,6.00457304407246,0,
2008,8,24,0.000891224655788392,0,0.302372335569089,0,
2008,8,25,9.28894769458566e-06,0,0.000460469917015871,0,
2008,8,26,3.26269006729126,0,1.58294228759223,0,
2008,8,27,2.6889808177948,0,3.00659645275118,0,
2008,8,28,0.920446217060089,0,1.87518963657203,0,
2008,8,29,0.215046018362045,0,0.570618703730361,0,
2008,8,30,0.00770725589245558,0,0.110846236968428,0,
2008,8,31,0.00393945397809148,0,0.0057536809326848,0,
2008,9,1,16.4719676971436,0,8.21906104004665,0,
2008,9,2,9.27819061279297,0,12.7783128658339,0,
2008,9,3,0.0622549392282963,0,4.66418536355559,4.54747350886464e-13,
2008,9,4,1.57207405567169,0,0.782728232425143,-4.54747350886464e-13,
2008,9,5,4.23559808731079,0,2.9742812026434,-4.54747350886464e-13,
2008,9,6,2.22717666625977,0,3.20411331318246,4.54747350886464e-13,
2008,9,7,1.65839767456055,0,1.84292707031273,0,
2008,9,8,0.640622973442078,0,1.21494069004802,0,
2008,9,9,0.0565323010087013,4.54747350886464e-13,0.367527477821568,0,
2008,9,10,0.185616508126259,-4.54747350886464e-13,0.148161111426816,0,
2008,9,11,0.124313727021217,0,0.157793185335322,0,
2008,9,12,0.0747884288430214,4.54747350886464e-13,0.1017484935619,4.54747350886464e-13,
2008,9,13,1.98875975608826,-4.54747350886464e-13,1.00687906226449,-4.54747350886464e-13,
2008,9,14,1.04325866699219,0,1.49534601087726,0,
2008,9,15,0.073792427778244,0,0.594970762907906,0,
2008,9,16,0.000117537303594872,0,0.0323657394164911,0,
2008,9,17,0.23373506963253,0,0.0986119132357999,0,
2008,9,18,0.366731941699982,0,0.308509038673947,0,
2008,9,19,0.0747792720794678,0,0.210696783198728,0,
2008,9,20,0.000185919983778149,0,0.0442855089368095,0,
2008,9,21,2.11598682403564,4.54747350886464e-13,1.01697994398455,0,
2008,9,22,19.8158187866211,-4.54747350886464e-13,10.9401525950962,0,
2008,9,23,33.9064712524414,0,26.9012889161822,0,
2008,9,24,4.52452373504639,0,19.258714817679,0,
2008,9,25,0.010268141515553,0,2.39498102779544,0,
2008,9,26,0.056913286447525,0,0.0358836687737494,0,
2008,9,27,0.000464878714410588,0,0.0295799623927451,0,
2008,9,28,0.0679569467902184,0,0.0314906445073575,0,
2008,9,29,0.0954761356115341,0,0.0828598969637824,0,
2008,9,30,0.00396795617416501,0,0.0468546066822455,0,
2008,10,1,0.0035248389467597,0,0.00374997461403837,0,
2008,10,2,0.000264235335635021,0,0.00211875268541917,0,
2008,10,3,0.000100042874692008,0,0.000167839416462812,0,
2008,10,4,0.000249782868195325,0,0.000177843923665932,0,
2008,10,5,3.59962129592896,0,1.69520904107412,0,
2008,10,6,10.9615907669067,0,7.17313883374482,0,
2008,10,7,5.78495073318481,0,8.45332370872347,0,
2008,10,8,0.225790843367577,0,2.93783755840013,0,
2008,10,9,0.15181727707386,0,0.189207271470877,0,
2008,10,10,0.00594910886138678,0,0.0840743852968444,0,
2008,10,11,4.12508916854858,0,1.9178627148267,0,
2008,10,12,16.779878616333,0,10.6096772737474,0,
2008,10,13,6.55597114562988,0,11.6857171987358,0,
2008,10,14,0.135390609502792,0,3.35136417913418,0,
2008,10,15,0.0102440351620317,0,0.0786882542415697,0,
2008,10,16,0.0046123587526381,0,0.00724422390703694,0,
2008,10,17,0.242589607834816,4.54747350886464e-13,0.0980534216214437,0,
2008,10,18,0.133721888065338,-4.54747350886464e-13,0.188839002246823,0,
2008,10,19,0.18025578558445,0,0.155222713910916,0,
2008,10,20,0.00127885106485337,0,0.102207749818263,0,
2008,10,21,1.66089200973511,0,0.668430022102257,0,
2008,10,22,1.87952971458435,0,1.78864489200532,4.54747350886464e-13,
2008,10,23,0.328511923551559,0,0.980357134185397,-4.54747350886464e-13,
2008,10,24,0.0739041790366173,0,0.218514621816212,0,
2008,10,25,0.513394713401794,0,0.247661524845171,0,
2008,10,26,2.67305541038513,0,1.50239247762147,0,
2008,10,27,0.0576542988419533,0.0103351662123714,1.20484228884379,0.0103351662128262,
2008,10,28,0.000639324949588627,0.00796603952721853,0.0171693764059455,0.00796603952676378,
2008,10,29,0.0709810927510262,0,0.0408192997929291,0,
2008,10,30,0.0721422657370567,0,0.0715874647085002,0,
2008,10,31,0.000915053067728877,0,0.0392201454942551,0,
2008,11,1,0.000123753721709363,0,0.000583736695261905,0,
2008,11,2,0.0132025666534901,0,0.007640064242878,0,
2008,11,3,0.00323950895108283,0,0.00815052067082434,0,
2008,11,4,1.26097130775452,0,0.559522277293581,0,
2008,11,5,11.2532091140747,0,6.20285322700693,0,
2008,11,6,23.2053871154785,0,17.3150939943189,0,
2008,11,7,14.468505859375,3.10367775027135,15.7332651903198,0,
2008,11,8,0.124882735311985,3.1717351098373,4.13820871418102,0,
2008,11,9,0.0874216258525848,0.105079226997532,0,0,
2008,11,10,0,0.0418527544243261,0,4.54747350886464e-13,
2008,11,11,0.0313018262386322,0.0165706663074161,0,-4.54747350886464e-13,
2008,11,12,0.845905542373657,0.218143431909994,0.245323324134006,0,
2008,11,13,2.06308054924011,0.322962128340805,1.13153135293396,3.91947396058094,
2008,11,14,0.0845788642764092,0.16203087671056,0.911400247685378,3.91789194881994,
2008,11,15,0.234586596488953,0.146569268193616,0.0116456139785441,0,
2008,11,16,0.193733185529709,0.215473121725609,0,0,
2008,11,17,0.0390357226133347,0.110988932464352,1.81898940354586e-12,0,
2008,11,18,0.0954632610082626,0.0685735294064216,-1.81898940354586e-12,0,
2008,11,19,0.0516185201704502,0.0747443022819425,0,0,
2008,11,20,0.000694482470862567,0.030982710905846,1.81898940354586e-12,0,
2008,11,21,0.000215053194551729,0.000432070844908594,-1.81898940354586e-12,0,
2008,11,22,0.000496953842230141,0.000347486280588782,0,0,
2008,11,23,0.00959345046430826,0.00537010982543507,0.000634774844002095,0,
2008,11,24,0.0166717357933521,0.012779107957158,0.000502154805872124,0,
2008,11,25,0.000118252421088982,0.00953292766644154,0,0,
2008,11,26,0.409443318843842,0.227218854730836,-1.81898940354586e-12,-4.54747350886464e-13,
2008,11,27,0.397435575723648,0.351900877379649,0.0515213669768855,4.54747350886464e-13,
2008,11,28,0.000665720377583057,0.176795848255097,0.0615501743905043,0,
2008,11,29,0.0584807209670544,0.0323667814350301,0,0,
2008,11,30,0.0209859739989042,0.042833864743443,0,0,
2008,12,1,0.104974500834942,0.0617007659789124,0,0,
2008,12,2,0.0955603718757629,0.0999929606268779,0,0,
2008,12,3,0.0600359290838242,0.0764027395398443,0,0,
2008,12,4,0.0150565030053258,0.0370988975350883,1.81898940354586e-12,0,
2008,12,5,0.810854494571686,0.405040251595437,-1.81898940354586e-12,0,
2008,12,6,0.519838035106659,0.667613839097157,0,0,
2008,12,7,0.741839706897736,0.620465686759417,0,-4.54747350886464e-13,
2008,12,8,0.280164182186127,0.475997263351928,0,4.54747350886464e-13,
2008,12,9,0.568756341934204,0.388791803016375,0,0,
2008,12,10,2.35160732269287,1.46048611688821,0,0,
2008,12,11,0.944120109081268,1.64999599272505,0,0,
2008,12,12,0.281404107809067,0.651362257892288,0,0,
2008,12,13,0.0763452649116516,0.170630650722615,-1.81898940354586e-12,0,
2008,12,14,0.984776854515076,0.470935126182667,1.81898940354586e-12,0,
2008,12,15,0.833946287631989,0.907333804007521,0,0,
2008,12,16,0.00123435782734305,0.417524458382104,0,0,
2008,12,17,0.0533167719841003,0.0255239579714726,0,0,
2008,12,18,0.0134324012324214,0.0368874343084826,0,0,
2008,12,19,1.69328355789185,0.865596250303497,0,0,
2008,12,20,3.54749321937561,2.69040530684151,0,0,
2008,12,21,1.09687423706055,2.26227444429014,0,0,
2008,12,22,0.572890520095825,0.73578030737599,0,0,
2008,12,23,1.79325616359711,1.13405583821623,0,0,
2008,12,24,0.345345407724381,1.16893676124209,0,0,
2008,12,25,0.0762906521558762,0.29810238281425,0,0,
2008,12,26,1.19043338298798,0.533161618860049,0,0,
2008,12,27,4.38885164260864,2.88445037853899,0,0,
2008,12,28,0.422520369291306,2.52981754477605,0,0,
2008,12,29,1.80885624885559,1.07630133527209,0,0,
2008,12,30,0.0635034441947937,1.0030206067263,0,0,
2008,12,31,1.64759469032288,0.872816861645333,0,0,
2009,1,1,0.650822401046753,1.26455022590835,0,0,
2009,1,2,3.00903153419495,1.73494036327111,0,0,
2009,1,3,4.66875982284546,3.85828520893665,0,0,
2009,1,4,1.65928375720978,3.2877754202018,0,0,
2009,1,5,0.00474601658061147,0.926014904117892,0,0,
2009,1,6,0.183950930833817,0.0548967347303915,0,0,
2009,1,7,0.0358481667935848,0.158421051683945,0,0,
2009,1,8,0.004219108261168,0.0398944573685185,0,0,
2009,1,9,0.00813830550760031,0.00544105732342359,0,0,
2009,1,10,0.307338863611221,0.194992239903968,0,0,
2009,1,11,0.351793885231018,0.335439995738398,-1.81898940354586e-12,0,
2009,1,12,0.183571442961693,0.291415384410357,1.81898940354586e-12,0,
2009,1,13,0.0132865952327847,0.149864345816241,0,0,
2009,1,14,0.000108457512396853,0.0166689755183143,0,0,
2009,1,15,0.00249726674519479,0.000489748681502533,0,0,
2009,1,16,0.0497818663716316,0.0111663382399456,0,0,
2009,1,17,0.130053877830505,0.0861064058658485,0,0,
2009,1,18,0.0862684175372124,0.122271781062409,0,0,
2009,1,19,0.0202776808291674,0.0591733095161544,0,0,
2009,1,20,0.00450007896870375,0.0149588897156718,0,0,
2009,1,21,0.0156892128288746,0.0064884092266766,0,0,
2009,1,22,0.407946348190308,0.154323684158953,0,0,
2009,1,23,0.0646319314837456,0.278287650894526,0,0,
2009,1,24,0.000262840505456552,0.0531643815884308,0,0,
2009,1,25,0.000497028522659093,0.00391370980469219,0,0,
2009,1,26,0.000737733149435371,0.000565366330647521,0,0,
2009,1,27,0.00176371994893998,0.00102170750733421,0,0,
2009,1,28,0.682850539684296,0.340603936038406,0,0,
2009,1,29,0.0122394058853388,0.282075040550808,0,0,
2009,1,30,0.0114342560991645,0.0117023587463336,0,0,
2009,1,31,0.42103585600853,0.212476230269658,0,0,
2009,2,1,0.404069423675537,0.414409897347014,0,0,
2009,2,2,0.0330470949411392,0.334469162979076,0,0,
2009,2,3,0.00645310059189796,0.0471840823583989,0,0,
2009,2,4,0.100857771933079,0.0370434184155783,0,0,
2009,2,5,0.0657352954149246,0.0926349751889575,0,0,
2009,2,6,0.011527462862432,0.0425279765986488,0,0,
2009,2,7,0.0237455181777477,0.0161810563708968,0,0,
2009,2,8,1.99390113353729,0.915061714292278,0,0,
2009,2,9,12.3972930908203,7.08427580597618,0,0,
2009,2,10,5.35891008377075,6.41747010444169,2.46063309011333,4.81223683715598,
2009,2,11,1.12445342540741,0.44575102329236,2.8019937058998,4.82601954353868,
2009,2,12,0.814126014709473,0.633236473840952,0.336725228766227,0,
2009,2,13,0.00718857254832983,0.555032042190305,0,0,
2009,2,14,0.00334260147064924,0.00650944647941287,0,0,
2009,2,15,0.402274787425995,0.0608308957362169,0,0,
2009,2,16,1.75610291957855,0.942765066030461,0,0,
2009,2,17,0.924332916736603,1.1325544035094,0,0,
2009,2,18,0.0850628912448883,0.74520856686604,0,0,
2009,2,19,0.0912853628396988,0.101798958784002,0,0,
2009,2,20,0.12581393122673,0.107400370741743,0,0,
2009,2,21,0.00615708762779832,0.0912020387709163,0,0,
2009,2,22,0.000540044566150755,0.00888049465947916,0,0,
2009,2,23,0.0018598863389343,0.00145873552355624,0,0,
2009,2,24,2.74491882324219,1.12923466610164,0,0,
2009,2,25,0.596642076969147,1.97340050556386,0,0,
2009,2,26,0.0870020911097527,0.525282930362209,0,0,
2009,2,27,0.202764183282852,0.193170484897564,0,0,
2009,2,28,0.0626933053135872,0.149052456124537,0,0,
2009,3,1,0.00212212116457522,0.0499570270603726,0,0,0
2009,3,2,0.00265233824029565,0.0059842926316378,0,0,0
2009,3,3,0.0737784802913666,0.0452162509718619,0,0,0
2009,3,4,0.256036013364792,0.148220313061302,0,0,0
2009,3,5,4.91106224060059,1.78463494696325,0.639814015152297,0,0
2009,3,6,2.67925810813904,3.12978531634008,0.720249964117102,0,0
2009,3,7,0.00718632852658629,1.39498122381156,0,0,0
2009,3,8,0.0631522834300995,0.022133066402148,0,0,0
2009,3,9,0.125331565737724,0.0698342617051821,0,0,0
2009,3,10,0.828626394271851,0.383823980417219,0,0,0
2009,3,11,0.849581003189087,0.83812684854729,0,0,0
2009,3,12,0.0923434719443321,0.711526781835346,0,0,0
2009,3,13,0.0942362323403358,0.152677233860231,0,0,0
2009,3,14,0.00150798703543842,0.0447013266179965,0,0,0
2009,3,15,0.00222438690252602,0.00150708019145895,0.000225540514293243,0,0
2009,3,16,0.0948974192142487,0.00664211012372107,0.041903268895112,3.97991335142024,0.00320000009877341
2009,3,17,0.261098265647888,0.0125301855055113,0.165077151275909,9.38864865737514,0.010971428666796
2009,3,18,0.0101473405957222,0.0117231837684813,0.124321676881664,5.43369605514135,0.0210285714694432
2009,3,19,0.00353365950286388,0.00893590327950733,0,0,0.025142857006618
2009,3,20,0.141041964292526,0.0702051997809576,0.0182956835342338,0,0.0178285717964172
2009,3,21,0.0236938241869211,0.0556789877414303,0.0266889287595404,9.86796799227704,0.0123428574630192
2009,3,22,4.37551355361939,0,2.19393885378668,25.5965232292138,0.0351999998092651
2009,3,23,8.89106464385986,0,6.63391919314745,33.264846597584,0.0854857172284808
2009,3,24,10.5785675048828,0.612650561510236,9.12168440870482,21.6693607988218,0.0850285734449114
2009,3,25,10.7679929733276,5.99539660976052,4.67785186718174,4.1426189304434,0.0374857153211321
2009,3,26,2.18083667755127,6.55878689447354,-1.81898940354586e-12,0,0.0338285718645368
2009,3,27,0.0596444457769394,1.07941323064915,0,0,0.0315428563526699
2009,3,28,0.0553917922079563,0.0574020131775797,0,0,0.0228571431977408
2009,3,29,0.062333770096302,0.0592770037455921,0,-4.54747350886464e-13,0.0210285714694432
2009,3,30,0.0589828044176102,0.0605813099691659,0,4.54747350886464e-13,0.0351999998092651
2009,3,31,6.20448017120361,2.42544068052166,0.659621883965883,0,0.0388571432658604
2009,4,1,3.59690284729004,3.51421961580627,1.46544030687255,0,0.069942855834961
2009,4,2,0.395365059375763,1.16629960849741,0.95138415702786,0,0.106971427372524
2009,4,3,0.138352945446968,0.134522726095838,0.115572105169122,0,0.205257143293108
2009,4,4,0.0497595444321632,0.0625284538191409,0.0374791773720062,0,0.28982857295445
2009,4,5,0.00405554799363017,0.0269531422381988,0.0045407238540065,0,0.389942850385393
2009,4,6,0.00270131858997047,0.00330648438330172,-1.81898940354586e-12,0,0.397257150922503
2009,4,7,0.0754882842302322,0.0259417027209565,0.0121598205550981,0,0.603428595406669
2009,4,8,0.0453286431729794,0.029051842564968,0.031356623465399,3.1188195311679,1.11085717337472
2009,4,9,0.0108926212415099,0.00559116002295923,0.0224223557161167,3.10122862020808,1.49942855834961
2009,4,10,0.00547402957454324,0.00238241479792123,0.00581140519170731,2.22234222252291,1.88342851911272
2009,4,11,0.00689608789980412,0.000582937891522306,0.00560330202461046,19.5766837830856,2.96685703822545
2009,4,12,2.15228843688965,0,1.07955100008439,7.91265495737343,4.93714294433594
2009,4,13,4.19969415664673,0,3.22183903544828,4.54747350886464e-13,5.76000017438616
2009,4,14,1.15694928169251,0,2.73879197923088,-4.54747350886464e-13,5.80571419852121
2009,4,15,0.0503875911235809,0,0.562413121966529,0,5.8971426827567
2009,4,16,0.0115186190232635,4.54747350886464e-13,0.0306648922323802,4.54747350886464e-13,5.85142865862165
2009,4,17,0.00153975409921259,-4.54747350886464e-13,0.0070110260603542,-4.54747350886464e-13,4.84571446010045
2009,4,18,0.0132822943851352,0,0.00646428454820125,0,3.65714285714286
2009,4,19,0.048410676419735,0,0.028826951436713,0,2.39542846679688
2009,4,20,0.271909713745117,0,0.140156837993345,4.54747350886464e-13,1.65485709054129
2009,4,21,0.073169969022274,0,0.154354097003306,-4.54747350886464e-13,0.850285720825195
2009,4,22,0.0651212260127068,0,0.0696219547935471,0,0.708571406773159
2009,4,23,0.00753488671034575,0,0.0415594010028144,0,0.608000019618443
2009,4,24,0.255970686674118,0,0.123163315218335,0,0.731428582327706
2009,4,25,0.0343519635498524,0,0.143710826752795,0,0.544000026157924
2009,4,26,2.53168344497681,0,1.32483676872835,0,0.484571402413505
2009,4,27,3.85516762733459,0,3.1848122322499,4.54747350886464e-13,0.516571426391602
2009,4,28,0.24278324842453,0,2.05347005500516,-4.54747350886464e-13,0.446171433585031
2009,4,29,6.21643495559692,0,3.30151119068432,0,0.405942862374442
2009,4,30,7.6330304145813,0,6.85019935431046,0,0.47999997820173
2009,5,1,0.120806641876698,0,3.90268132822894,0,0.47999997820173
2009,5,2,0.0243167392909527,0,0.0724303560200497,4.54747350886464e-13,0.475428553989955
2009,5,3,0.0222664121538401,0,0.0231167220372299,-4.54747350886464e-13,0.45577141898019
2009,5,4,0.0113862650468946,0,0.0161065342126676,-4.54747350886464e-13,0.405485725402832
2009,5,5,0.0779416412115097,0,0.0404782643217914,4.54747350886464e-13,0.353828566414969
2009,5,6,0.173514157533646,0,0.12366315338295,0,0.331428582327706
2009,5,7,0.135357692837715,0,0.153305273761362,0,0.357028579711914
2009,5,8,0.0609953515231609,0,0.0993662105847761,0,0.347885704040527
2009,5,9,0.195242717862129,0,0.123394946369444,0,0.286628559657506
2009,5,10,0.0212969183921814,0,0.112993279519287,0,0.241828564235142
2009,5,11,0.0286939367651939,0,0.0255698520086298,0,0.207542855398996
2009,5,12,5.79511308670044,0,2.91944008354221,0,0.193371432168143
2009,5,13,15.5606994628906,0,10.6649295796196,0,0.208000005994524
2009,5,14,3.75406885147095,0,9.76741340979243,0,0.208914279937744
2009,5,15,0.615050315856934,0,2.28757939891875,0,0.219428566523961
2009,5,16,0.266490072011948,0,0.449246748217774,0,0.353828566414969
2009,5,17,0.00381066859699786,0,0.140818957519514,0,0.767999976021903
2009,5,18,0.016501322388649,0,0.0100842559586454,4.54747350886464e-13,1.50857140677316
2009,5,19,0.0368015989661217,0,0.0264341697420605,-4.54747350886464e-13,2.06628570556641
2009,5,20,0.898176610469818,0,0.434159925318454,0,2.04800000871931
2009,5,21,0.33955591917038,0,0.607433868482985,0,1.60457142421177
2009,5,22,1.38519322872162,0,0.845616417433121,0,1.23428573608398
2009,5,23,0.893923938274384,0,1.09511638072581,0,0.973714338030134
2009,5,24,2.37805700302124,0,1.67102522276582,0,0.809142848423549
2009,5,25,17.0977802276611,0,9.69818365270294,0,1.92457144601004
2009,5,26,16.2057418823242,0,16.6490027236177,0,7.54285714285714
2009,5,27,0.0341665334999561,0,8.11632236483638,-4.54747350886464e-13,7.31428571428571
2009,5,28,0.0238319505006075,0,0.0306205584620329,4.54747350886464e-13,5.8971426827567
2009,5,29,0.132038816809654,0,0.0737406784937775,0,4.14171447753906
2009,5,30,0.885782182216644,0,0.487226046101569,0,2.64685712541853
2009,5,31,2.02069544792175,0,1.39703227519021,0,1.51314283098493
2009,6,1,1.16782093048096,0,1.6270969507932,0,0.772571454729353
2009,6,2,0.247795313596725,0,0.674404238627176,0,0.440228571210589
2009,6,3,0.0522918254137039,0,0.162475126609934,0,0.239085715157645
2009,6,4,1.81634616851807,0,0.946202701128641,0,0.124800000871931
2009,6,5,0.710181593894959,0,1.18720392095565,-4.54747350886464e-13,0.0850285734449114
2009,6,6,0.00215802108868957,0,0.39981320667539,4.54747350886464e-13,0.071314287185669
2009,6,7,0.169850945472717,0,0.0584441093542409,0,0.0658285685947963
2009,6,8,10.1002235412598,0,5.10287818346114,4.54747350886464e-13,0.0630857127053397
2009,6,9,5.88492107391357,0,8.04231757035814,-4.54747350886464e-13,0.0617142881665911
2009,6,10,0.390709906816483,0,3.1854693998157,0,0.0585142884935651
2009,6,11,3.27314019203186,0,1.75305767472491,0,0.0576000009264265
2009,6,12,0.289518296718597,0,1.85054916316403,0,0.0557714291981288
2009,6,13,0.184856444597244,0,0.240790273130187,0,0.0507428577968052
2009,6,14,0.00407435931265354,0,0.0989410914644395,0,0.04708571434021
2009,6,15,0.117268748581409,0,0.0463775978696503,-4.54747350886464e-13,0.046171430179051
2009,6,16,0.0353892706334591,0,0.0699482115378487,4.54747350886464e-13,0.0411428587777274
2009,6,17,0.27818301320076,0,0.15690879065005,0,0.0388571432658604
2009,6,18,0.44852489233017,0,0.380721852974602,0,0.0347428560256958
2009,6,19,2.0606369972229,0,1.22778599146841,4.54747350886464e-13,0.0315428563526699
2009,6,20,0.190410792827606,0,1.13852200883775,-4.54747350886464e-13,0.0301714284079415
2009,6,21,0.930296361446381,0,0.584437975701803,0,0.0265142849513463
2009,6,22,1.94690155982971,0,1.42130986533266,0,0.0269714287349156
2009,6,23,0.220309272408485,0,1.10807888658746,4.54747350886464e-13,0.025142857006618
2009,6,24,0.815224289894104,0,0.562708751502214,-4.54747350886464e-13,0.0256000007901873
2009,6,25,0.0145486574620008,0,0.414929144282723,0,0.0256000007901873
2009,6,26,17.57958984375,0,8.79111408890458,0,0.0233142852783203
2009,6,27,37.0452842712402,0,27.2396246811622,0,4.20114266531808
2009,6,28,8.87342548370361,0,22.9120262656415,0,7.95428553989955
2009,6,29,0.0521398298442364,0,4.42510258012044,0,5.62285723005022
2009,6,30,0.0155452406033874,0,0.0322960111388966,0,5.02857142857143
2009,7,1,0.000629672431387007,0,0.00935634071174718,0,
2009,7,2,0,0,0.000320975808790536,0,
2009,7,3,0.00194963708054274,0,0.000972035284576123,0,
2009,7,4,0.0657123774290085,0,0.0320516387309908,0,
2009,7,5,0.0094897486269474,0,0.0414919568484038,0,
2009,7,6,0.045307882130146,0,0.0307882452543709,0,
2009,7,7,0.0124368397518992,0,0.0269375271582248,0,
2009,7,8,4.22799062728882,0,2.12552458130449,0,
2009,7,9,14.6594352722168,0,9.40369171387647,0,
2009,7,10,0.0120127713307738,0,7.32904259633142,0,
2009,7,11,0.164632439613342,0,0.0919622896126384,0,
2009,7,12,0.796000480651856,0,0.457690594967062,0,
2009,7,13,0.00612171739339829,0,0.463394682083163,-4.54747350886464e-13,
2009,7,14,11.4398880004883,0,5.68581248853116,4.54747350886464e-13,
2009,7,15,7.94818115234375,0,9.75437797416816,0,
2009,7,16,0.350232094526291,0,4.14268548189648,0,
2009,7,17,0.0780962184071541,0,0.202727710262479,0,
2009,7,18,0.0539144426584244,0,0.066646661314735,0,
2009,7,19,0.493840724229813,4.54747350886464e-13,0.272716723917256,0,
2009,7,20,0.649388015270233,-4.54747350886464e-13,0.570818719299496,0,
2009,7,21,0.100941479206085,0,0.387612803862794,0,
2009,7,22,0.20453967154026,0,0.163978725066045,0,
2009,7,23,0.817639827728272,0,0.500925398706386,0,
2009,7,24,0.34264925122261,0,0.569152075375314,0,
2009,7,25,0.0134864877909422,0,0.214114578984663,4.54747350886464e-13,
2009,7,26,0.10134582221508,0,0.0582062758930988,-4.54747350886464e-13,
2009,7,27,1.30314338207245,0,0.679743936954765,0,
2009,7,28,2.53459334373474,4.54747350886464e-13,1.8895055586745,0,
2009,7,29,1.47354662418365,-4.54747350886464e-13,2.02475675442111,0,
2009,7,30,5.24858999252319,0,3.34434409108508,0,
2009,7,31,7.31467819213867,0,6.24581271017269,0,
2009,8,1,4.24347639083862,0,5.82153750840735,0,
2009,8,2,1.17148816585541,0,2.78154082765104,0,
2009,8,3,1.16531932353973,0,1.16840650301128,-4.54747350886464e-13,
2009,8,4,0.340508222579956,0,0.798440344595292,4.54747350886464e-13,
2009,8,5,0.00661556562408805,0,0.162971420439135,0,
2009,8,6,0.0294927712529898,0,0.0202801578270737,0,
2009,8,7,1.38875019550323,0,0.687013035230848,0,
2009,8,8,4.46718263626099,0,2.92873956585936,0,
2009,8,9,0.537950158119202,0,2.4777858694797,0,
2009,8,10,0.0647890940308571,0,0.284235574288687,0,
2009,8,11,0,0,0.0334345244209544,0,
2009,8,12,1.3151308298111,0,0.636461408166724,4.54747350886464e-13,
2009,8,13,5.16461706161499,0,3.23827541247556,-4.54747350886464e-13,
2009,8,14,4.48829174041748,0,4.76488810163392,0,
2009,8,15,17.1935768127441,0,10.8268170672272,0,
2009,8,16,4.13566303253174,0,10.7582669676722,0,
2009,8,17,2.3445987701416,0,3.31925543119542,0,
2009,8,18,1.08813107013702,0,1.66958283334679,0,
2009,8,19,2.37491703033447,0,1.68988493029065,0,
2009,8,20,8.32847118377686,0,5.33909758224763,0,
2009,8,21,1.23690736293793,0,4.82701274623287,4.54747350886464e-13,
2009,8,22,0.0289213266223669,0,0.643625476794114,-4.54747350886464e-13,
2009,8,23,1.61753022670746,0,0.974349771156994,0,
2009,8,24,1.24686217308044,0,1.46761136372334,0,
2009,8,25,0.00197072234004736,0,0.596618868055884,0,
2009,8,26,0.238734930753708,0,0.131385100747139,0,
2009,8,27,0.389011323451996,0,0.319550452097246,0,
2009,8,28,1.10125136375427,0,0.673078913796417,0,
2009,8,29,0.090617261826992,4.54747350886464e-13,0.660543888707252,4.54747350886464e-13,
2009,8,30,0.109752707183361,-4.54747350886464e-13,0.0987355367560667,-9.09494701772928e-13,
2009,8,31,0,0,0.0527933505254623,4.54747350886464e-13,
2009,9,1,0.00794084556400776,0,0.00492717600354808,0,
2009,9,2,0.000114894981379621,0,0.00304410629360063,0,
2009,9,3,0.00285949045792222,0,0.0015569525603496,0,
2009,9,4,0.0464742034673691,0,0.0173042257247289,0,
2009,9,5,3.28281498696015e-06,0,0.0279003829782596,4.54747350886464e-13,
2009,9,6,0.000144494726555422,0,5.46116825717036e-05,-4.54747350886464e-13,
2009,9,7,0.378421187400818,0,0.194599776303221,0,
2009,9,8,9.61240863800049,0,5.00592768780007,0,
2009,9,9,17.248851776123,0,13.4004585251678,0,
2009,9,10,7.69491147994995,0,12.5651431775768,-4.54747350886464e-13,
2009,9,11,11.8960390090942,0,9.72273892837984,4.54747350886464e-13,
2009,9,12,0.335713386535645,-4.54747350886464e-13,5.98841634699966,0,
2009,9,13,0.0310795232653618,4.54747350886464e-13,0.192036712694971,0,
2009,9,14,7.87959652370773e-05,0,0.0102434730306413,0,
2009,9,15,0,0,2.93307930405717e-05,0,
2009,9,16,0.0015208397526294,0,0.0010431802347739,0,
2009,9,17,0.0079166516661644,0,0.00502310592855793,0,
2009,9,18,0.00103850103914738,0,0.0055608541933907,0,
2009,9,19,0.000850025971885771,0,0.00104821365130192,0,
2009,9,20,0,0,0.000468957199700526,0,
2009,9,21,0.24029053747654,0,0.114199770019695,0,
2009,9,22,0.188331618905067,0,0.214864498158931,0,
2009,9,23,0.000427879713242874,0,0.0993582508381223,0,
2009,9,24,0.00334663968533278,0,0.00134211193835654,-4.54747350886464e-13,
2009,9,25,0.000749265833292157,0,0.00204563673651137,4.54747350886464e-13,
2009,9,26,0.895440101623535,0,0.421843597805491,0,
2009,9,27,3.5386323928833,0,2.19907458548732,0,
2009,9,28,0.0493394583463669,0,1.83708489191304,0,
2009,9,29,0.00947944819927216,0,0.0317677356815693,0,
2009,9,30,0.0270864386111498,-4.54747350886464e-13,0.0180434246121877,0,
2009,10,1,4.92269372940064,4.54747350886464e-13,2.45519872053046,0,
2009,10,2,5.082688331604,0,5.014104457754,0,
2009,10,3,0.335276186466217,0,2.75276863277941,0,
2009,10,4,0.427083194255829,0,0.374816068864675,0,
2009,10,5,0.0850064232945442,0,0.300949489257619,0,
2009,10,6,0.0087735066190362,0,0.0323240121833805,0,
2009,10,7,0.958123087882996,0,0.412234789910144,-4.54747350886464e-13,
2009,10,8,0.680453598499298,0,0.856240419043388,4.54747350886464e-13,
2009,10,9,0.761594831943512,0.148563188916341,0.584972001321148,0.148563188915887,
2009,10,10,0.301611989736557,0.174131388685964,0.357477737925365,0.113550663990281,
2009,10,11,0.0432904176414013,0.0652280897979836,0.107223294098731,0.306255144059378,
2009,10,12,0.141306534409523,0.0213543694462714,0.0641363937611459,0.0213543694462714,
2009,10,13,0.0212503653019667,0.0253375511479135,0.0559455767543113,0.0186560002812257,
2009,10,14,2.36947917938232,0.572800615606411,0.622615600841527,0,
2009,10,15,3.52399468421936,0.566094240204166,2.3806424805498,2.39078097476477,
2009,10,16,0.341713517904282,-4.54747350886464e-13,1.94951445395964,0,
2009,10,17,0.162365391850472,0,0.262218489137013,0,
2009,10,18,0.000144753605127335,0,0.0981450406779913,0,
2009,10,19,0.0107572348788381,-4.54747350886464e-13,0.00501722109947878,0,
2009,10,20,0.57960057258606,4.54747350886464e-13,0.326841502743264,0,
2009,10,21,0.626136422157288,0,0.618072730692802,0,
2009,10,22,0.0033942295704037,0,0.365827371982959,0,
2009,10,23,0.0466494224965572,0,0.0212652858281217,0,
2009,10,24,0.0706774070858955,0,0.0654761484765913,0,
2009,10,25,0.189489394426346,0,0.159498607343266,0,
2009,10,26,0.0248663742095232,0,0.110987931577256,0,
2009,10,27,0.00800396967679262,0,0.0154173820210417,0,
2009,10,28,0.899624764919281,0,0.47963140115462,0,
2009,10,29,4.46618795394897,0,2.70207192607631,4.54747350886464e-13,
2009,10,30,2.76425433158875,0,3.65420555003038,-4.54747350886464e-13,
2009,10,31,0.121194273233414,0,1.50769424166356,0,
2009,11,1,0.120288863778114,0,0.120654483449471,0,
2009,11,2,0.00661681825295091,0.00107525970452116,0.0495218411779206,0.00107525970452116,
2009,11,3,0.13571260869503,0.0337266105648268,0.0374351681093685,0.000876951036843821,
2009,11,4,0.876095056533814,0.0328511653860915,0.473052529601773,0.135708659933698,
2009,11,5,0.0113863572478294,0.0024967518656922,0.44151976545254,0,
2009,11,6,0.00294367433525622,0.00249834561554962,0.00466667016189604,0.0113815956829058,
2009,11,7,0.000316102610668167,0,0.0014775887993892,0,
2009,11,8,0.00337859522551298,0,0.00206213209276029,0,
2009,11,9,0.00822338461875916,0,0.00505334608715202,0,
2009,11,10,0,0,0.00343507254547149,4.54747350886464e-13,
2009,11,11,0.0125666949898005,0,0.00372534144298697,-4.54747350886464e-13,
2009,11,12,0.821171164512634,0,0.407417836146124,0,
2009,11,13,0.145198523998261,0,0.527359431538571,0,
2009,11,14,0.000198362351511605,7.06185801391257e-06,0.117718153727765,7.06185801391257e-06,
2009,11,15,4.43133421867969e-06,1.46749994200945e-05,0.00612392244693183,1.33434959934675e-05,
2009,11,16,2.9219918360468e-06,1.10917653728393e-06,2.56748535321094e-06,3.29648537444882e-06,
2009,11,17,1.51144568008021e-05,0,9.3232374638319e-06,4.54747350886464e-13,
2009,11,18,0,0,3.52356619259808e-06,-4.54747350886464e-13,
2009,11,19,0.00129392754752189,5.36004927198519e-06,0.000555024524146575,5.36004927198519e-06,
2009,11,20,6.02934160269797e-05,1.52889861055883e-05,0.000333563189997221,1.52889861055883e-05,
2009,11,21,6.42835075268522e-05,7.75378157413798e-06,5.46380797459278e-05,7.75378157413798e-06,
2009,11,22,0,0,3.48133271472761e-05,0,
2009,11,23,0.516113877296448,0.115721981860588,0.142331593766357,0,
2009,11,24,1.09465992450714,0.303905307304376,0.501477067697124,0,
2009,11,25,0.154184520244598,0.228441816669601,0.396378915474998,0,
2009,11,26,0.000543717120308429,0.0408896804692631,0.037408008982311,0,
2009,11,27,0.00173787283711135,0.000982318283149652,0.000400016413550475,0,
2009,11,28,0.0716953575611115,0.0282140479134796,0.00294921293425432,0,
2009,11,29,0.0250249654054642,0.035657464131873,0.00920081741787726,0,
2009,11,30,3.1832959651947,0.608717621862979,0.995441702243625,0,
2009,12,1,3.8066668510437,1.46599800490139,2.02821674517327,0,
2009,12,2,2.0485315322876,1.88907343274013,1.03815103470697,0,
2009,12,3,0.312961965799332,1.2105506012208,0,0,
2009,12,4,0.28720024228096,0.296896214195385,0,0,
2009,12,5,0.373716324567795,0.341284619142698,0,0,
2009,12,6,0.168222293257713,0.229997497508066,0,0,
2009,12,7,0.058323111385107,0.147024535812761,0,0,
2009,12,8,0.000473753432743251,0.0540855560675482,0,0,
2009,12,9,0.00101520959287882,0.00705970616900231,0,0,
2009,12,10,0.000877258484251797,0.000962838091254525,0,0,
2009,12,11,0.0715843737125397,0.048036959806268,0,0,
2009,12,12,0.149723187088966,0.117092802859588,0,0,
2009,12,13,0.0599402971565723,0.114474624087507,0,0,
2009,12,14,0.00597117701545358,0.0478195589357711,0,0,
2009,12,15,0.0100799687206745,0.0110380533751595,0,0,
2009,12,16,0.0319268330931664,0.0160898989593079,0,0,
2009,12,17,0.0405716821551323,0.0363630176748302,0,0,
2009,12,18,0.0236008744686842,0.0345727308531423,0,0,
2009,12,19,0.0269463751465082,0.0259309840812421,0,0,
2009,12,20,0.304680317640305,0.170236783244036,-1.81898940354586e-12,-4.54747350886464e-13,
2009,12,21,0.12636587023735,0.253096540478509,1.81898940354586e-12,4.54747350886464e-13,
2009,12,22,0.0590507015585899,0.0997925334481806,0,0,
2009,12,23,1.65714550018311,0.82019965627569,0,0,
2009,12,24,6.13337993621826,3.90375962687222,-1.81898940354586e-12,0,
2009,12,25,8.16558170318604,7.08973628479453,1.81898940354586e-12,0,
2009,12,26,6.14187145233154,7.24102726186356,1.81898940354586e-12,0,
2009,12,27,0.185340225696564,3.11957659890186,0,4.54747350886464e-13,
2009,12,28,0.00851280055940151,0.0608194296792135,-1.81898940354586e-12,-4.54747350886464e-13,
2009,12,29,0.0635996535420418,0.0473046409983908,0,0,
2009,12,30,0.120753020048141,0.0898401141489558,0,0,
2009,12,31,0.0122969914227724,0.0956689828803974,0,0,
2010,1,1,0.016639644280076,0.0203478126777554,0,0,
2010,1,2,0,0.00829597480014854,0,0,
2010,1,3,0.00914491713047028,0.00171323528638823,0,0,
2010,1,4,0.0800109952688217,0.0401006606298324,0,0,
2010,1,5,0.890498220920563,0.61824834395793,0,0,
2010,1,6,0.470599919557571,0.720397623114877,0,0,
2010,1,7,0.0779900327324867,0.244156352175196,0,0,
2010,1,8,0.000201137809199281,0.0333549702008895,0,0,
2010,1,9,0.0037593909073621,0.00156871073158982,0,0,
2010,1,10,0.026886822655797,0.00902830946461108,0,0,
2010,1,11,0.0009306242573075,0.013055090265425,0,0,
2010,1,12,0.0514619573950768,0.0213663819677095,0,0,
2010,1,13,0.00250234571285546,0.0395015838334984,0,0,
2010,1,14,0.011556901037693,0.009697864325517,0,0,
2010,1,15,0.00265300390310586,0.00863577350173728,0,0,
2010,1,16,0.00646260380744934,0.00370483584174508,0.00114888534335478,0,
2010,1,17,0.00362809817306697,0.00358456872572788,0.000634132000413956,0,
2010,1,18,0.00594304036349058,0.00400257292903916,0.000172639107404393,0,
2010,1,19,0.00435044430196285,0.00503458857838268,1.10372402559733e-05,0,
2010,1,20,0.00780499586835504,0.00549973501119894,0,0,
2010,1,21,0.362129509449005,0.0668310282026141,0,0,
2010,1,22,4.38621854782105,2.40123509743898,0.000737627928174334,0,
2010,1,23,11.5449142456055,4.38280902266206,3.58275956694706,0,
2010,1,24,4.43169164657593,3.81096228782462,4.18787807787703,0,
2010,1,25,3.65756487846375,3.44758860178399,0.597118820967808,0,
2010,1,26,0.740242123603821,2.29738748719183,0,0,
2010,1,27,0.082593135535717,0.349194869239909,0,0,
2010,1,28,0.00380473327822983,0.0380814193918013,0,0,
2010,1,29,0.00198986963368952,0.00312866185731764,0,0,
2010,1,30,2.12838604056742e-05,0.000667222668198519,0,0,
2010,1,31,0.00699730822816491,0.00114772470669777,0,0,
2010,2,1,0.181098014116287,0.0396833424561009,0,0,
2010,2,2,0.592530429363251,0.358500397326679,1.81898940354586e-12,0,
2010,2,3,0.657901525497437,0.606852584605804,-1.81898940354586e-12,0,
2010,2,4,0.0371804349124432,0.315147572866408,-1.81898940354586e-12,0,
2010,2,5,0.544739127159119,0.403359060022467,1.81898940354586e-12,0,
2010,2,6,4.02585983276367,2.50806666308108,0,-4.54747350886464e-13,
2010,2,7,4.93089771270752,4.68188716977966,0,4.54747350886464e-13,
2010,2,8,0.743957579135895,2.78307525020682,0,0,
2010,2,9,0.0167137011885643,0.495589664952149,0,0,
2010,2,10,0,0.0106471920062177,0,0,
2010,2,11,0.106197692453861,0.0165433112078972,0,0,
2010,2,12,0.165617004036903,0.122726781902202,0,0,
2010,2,13,0.104241199791431,0.148328215423589,0,0,
2010,2,14,0.000253210426308215,0.0463549736600726,0,0,
2010,2,15,0.000328513386193663,0.000273317592927924,0,0,
2010,2,16,0.0091836741194129,0.00336002235781052,0,0,
2010,2,17,0.00250311591662467,0.00442148748970794,-1.81898940354586e-12,0,
2010,2,18,0.00069171650102362,0.0209964464957011,1.81898940354586e-12,0,
2010,2,19,0.188024058938026,0.160958309325906,0,0,
2010,2,20,0.143750801682472,0.174724829123988,0,0,
2010,2,21,7.6208591053728e-05,0.0881448832078604,0,0,
2010,2,22,0.776414752006531,0.60382085325864,0,0,
2010,2,23,0.120824053883553,0.39642544265098,0,0,
2010,2,24,0.0143330786377192,0.0776980123464455,0,0,
2010,2,25,0.0154486363753676,0.0150523172846988,0,0,
2010,2,26,0.0172753948718309,0.0163767926474065,0,0,
2010,2,27,9.90596436167834e-06,0.00833544609713499,0,0,
2010,2,28,0.00244776904582977,0.000525371105140948,0,0,
2010,3,1,0.00436460273340344,0.00270399896135132,0,0,0
2010,3,2,0.0272720195353031,0.0131327375975161,0,0,0
2010,3,3,0.00147269666194916,0.00841277080098735,1.81898940354586e-12,0,0
2010,3,4,0.000350529357092455,0.00127580630032753,-1.81898940354586e-12,0,0
2010,3,5,0.00367302005179226,0.00191544558947498,0,0,0
2010,3,6,0.00349621241912246,0.00360731246610158,3.83588067052187e-05,0,0
2010,3,7,0.00298615172505379,0.00324952076562113,0.000185206592504983,0,0
2010,3,8,0.313411116600037,0.0542404621387504,0.104002878322717,0,0
2010,3,9,4.13293838500977,0.174445277857558,2.04869199366294,5.25836090298208,0
2010,3,10,1.34603881835938,0.125446501358056,2.65666494277684,13.1485011417326,0
2010,3,11,3.5415210723877,0,2.45794984471104,16.8021952727772,0.0013714285833495
2010,3,12,0.490298599004746,4.54747350886464e-13,2.07054971604157,18.313635472618,0.00182857151542391
2010,3,13,0.0473882518708706,-4.54747350886464e-13,0.268851812947105,18.4194030922681,0.00228571423462459
2010,3,14,0.00550280883908272,0,0.0262338463635388,5.27746925223255,0.439771434238979
2010,3,15,0.0203755907714367,0,0.0134501335178356,0,1.12000002179827
2010,3,16,0.000782936927862465,0,0.0107608157049981,0,3.7211430140904
2010,3,17,0.0286242216825485,0,0.015970350108546,0,3.79885733468192
2010,3,18,0.0196529347449541,0,0.0238741330358607,0,3.30057133265904
2010,3,19,0.00776020530611277,0.00387665977814322,0.00983518654720683,0,0.950857107979911
2010,3,20,0.000359205732820556,0.00406230500448146,0,0,0.845714296613421
2010,3,21,4.26865772169549e-05,0.000180112812813604,2.08333476621192e-05,0.00812045281736573,0.777142878941127
2010,3,22,0.0447614081203938,5.72721091884887e-07,0.0196485184278572,5.72720637137536e-07,0.694857134137835
2010,3,23,0.150744244456291,0.0233302972019374,0.0765660662564187,0.0233302972023921,0.662857164655413
2010,3,24,0.0105265602469444,0.0265008884316558,0.0541808160523942,0.0224380707900309,0.649142837524414
2010,3,25,0.00206062383949757,0.00510546864506978,0.00120158729077957,0,0.63542856488909
2010,3,26,0.00607896875590086,0.00406768049970196,0,0,0.63542856488909
2010,3,27,0.000883403175976127,0.00313063702651561,0.000350552598320064,0.0187654243891302,0.630857140677316
2010,3,28,0.0004519235517364,0.000103924370250752,0.000593978269535,0.000103924370250752,0.63542856488909
2010,3,29,0.00137563655152917,0,0.000918320736673195,0,0.662857164655413
2010,3,30,0.350186556577683,0,0.172521916161713,0,0.813714272635324
2010,3,31,2.45264077186584,0,1.33027203820166,0,0.873142841884068
2010,4,1,1.56453263759613,0,2.06269238389541,0,0.822857121058873
2010,4,2,12.0683126449585,0,6.67415812116451,0,0.772571454729353
2010,4,3,1.7456591129303,0,6.90165263251947,0,0.722285733904157
2010,4,4,0.0619555115699768,0,0.905143081383358,4.54747350886464e-13,0.672000013078962
2010,4,5,0.0216337144374847,-4.54747350886464e-13,0.0437417687553534,-4.54747350886464e-13,0.516571426391602
2010,4,6,0,4.54747350886464e-13,0.0126045573197189,0,0.45531428200858
2010,4,7,3.67333950634929e-06,-4.54747350886464e-13,1.50949381350074e-06,0,0.407771437508719
2010,4,8,2.53202069870895e-05,4.54747350886464e-13,1.61308526003268e-05,0,0.359771428789411
2010,4,9,0.0254952199757099,0,0.0129312531880714,0,0.313142858232771
2010,4,10,0.00110858865082264,0,0.0150313032117992,0,0.26697142464774
2010,4,11,0.0149495089426637,0,0.00900659970648121,4.54747350886464e-13,0.220342854091099
2010,4,12,1.31353151798248,0,0.717793716245069,-4.54747350886464e-13,0.189714281899588
2010,4,13,0.479286104440689,0,0.875945570847762,0,0.158628572736468
2010,4,14,0.725895881652832,0,0.608252185345918,0,0.11794285093035
2010,4,15,0.0124442828819156,0,0.361483529775796,0,0.106971427372524
2010,4,16,0.00181098596658558,0,0.00623027919209562,0,0.0959999970027379
2010,4,17,0.0391676723957062,0,0.0182497928344674,0,0.0557714291981288
2010,4,18,1.13029955173261e-06,0,0.0186446426541806,0,0.041599999155317
2010,4,19,9.91853639220608e-08,0,5.67390088690445e-07,0,0.0310857159750802
2010,4,20,0.00162615207955241,0,0.000857008064485854,0,0.0191999997411455
2010,4,21,2.23192491830559e-05,0,0.000874026271048933,-4.54747350886464e-13,0.0164571421486991
2010,4,22,0.00621440866962075,0,0.00277032525264076,4.54747350886464e-13,0.0146285721233913
2010,4,23,0.000937606382649392,0,0.00309956374621834,0,0.014171428339822
2010,4,24,0.00253275665454567,0,0.0017411915869161,0,0.0132571424756731
2010,4,25,0.0462514720857143,0,0.0231680715314724,-4.54747350886464e-13,0.0128000003950936
2010,4,26,0.00701309042051435,0,0.0274648661634274,4.54747350886464e-13,0.0123428574630192
2010,4,27,0,0,0.00261240147483477,0,0.0123428574630192
2010,4,28,0,0,0,0,0.0123428574630192
2010,4,29,12.2373313903809,0,6.11527452191331,4.54747350886464e-13,0.0132571424756731
2010,4,30,13.3794574737549,0,12.758197211806,-4.54747350886464e-13,0.0169142859322684
2010,5,1,2.96513533592224,0,8.11143066746627,0,0.0187428576605661
2010,5,2,3.65441083908081,0,3.2629920903546,-4.54747350886464e-13,0.0223999994141715
2010,5,3,2.03723096847534,0,2.83836899488779,4.54747350886464e-13,0.0306285721915109
2010,5,4,11.4781684875488,0,6.72815544666628,0,0.0406857149941581
2010,5,5,6.76094913482666,0,9.21749121443099,-4.54747350886464e-13,0.0516571419579642
2010,5,6,1.60445892810822,0,4.30233598593622,4.54747350886464e-13,0.0662857123783657
2010,5,7,0.525798678398132,0,1.15773387464651,0,0.0658285685947963
2010,5,8,0.105365209281445,0,0.327072576750652,0,0.0726857117244175
2010,5,9,0.402939558029175,0,0.292771432450536,0,0.0640000002724784
2010,5,10,2.61809039115906,0,1.45417925667425,0,0.0589714254651751
2010,5,11,1.04388344287872,4.54747350886464e-13,1.90441017152989,0,0.0548571416309902
2010,5,12,0.230603292584419,-4.54747350886464e-13,0.713616231521883,0,0.0484571422849383
2010,5,13,1.55746936798096,0,0.822512608730904,0,0.04708571434021
2010,5,14,0.497754722833633,0,1.00649817892372,0,0.043885714667184
2010,5,15,0.780214905738831,0,0.597442835853144,0,0.0425142867224557
2010,5,16,0.0631109923124313,0,0.41215672088947,0,0.043885714667184
2010,5,17,0.00259019690565765,0,0.0236675055912201,0,0.0397714274270194
2010,5,18,0.00762767996639013,0,0.0049931109224417,0,0.0347428560256958
2010,5,19,0.00870008394122124,0,0.00825571915811452,0,0.0297142846243722
2010,5,20,3.57408935087733e-05,0,0.00523720874662104,0,0.0260571428707668
2010,5,21,0.0120018925517797,-4.54747350886464e-13,0.00686907384442748,0,0.0223999994141715
2010,5,22,4.52008533477783,4.54747350886464e-13,2.24276419144007,0,0.0205714293888637
2010,5,23,5.4713282585144,0,4.96210796251762,0,0.0182857138769967
2010,5,24,19.7491817474365,0,12.6152012707516,0,0.0191999997411455
2010,5,25,19.7345314025879,0,19.7422546917314,0,0.043885714667184
2010,5,26,0.000704976671840996,0,9.86715493169504,0,0.128457137516567
2010,5,27,5.16849994659424,0,2.66474980364364,0,0.119771426064628
2010,5,28,7.37451696395874,0,6.1360776686779,0,0.139428574698312
2010,5,29,13.6827182769775,0,10.5285053450534,0,1.22971431187221
2010,5,30,37.4399681091309,0,25.4221962250358,0,12.8
2010,5,31,0.336797952651978,0,18.8721938955714,0,14.1714285714286
2010,6,1,0.543197691440582,0,0.430860821619717,0,15.5885707310268
2010,6,2,0.0172849372029305,0,0.288283045552816,0,14.4914289202009
2010,6,3,3.9033625125885,0,2.01075274946197,0,12.0228567940848
2010,6,4,2.06132984161377,0,2.92110557547676,0,9.05142822265625
2010,6,5,2.58553791046143,0,2.36841368115893,0,5.98857160295759
2010,6,6,0.953393220901489,0,1.72966531481325,0,3.60685708182199
2010,6,7,1.12282609939575,0,1.03760889984187,0,1.68685716901507
2010,6,8,3.5182478427887,0,2.29183406368247,0,0.603428595406669
2010,6,9,4.60721921920776,0,4.12294136515993,0,0.287542860848563
2010,6,10,1.31321477890015,0,3.13050315047076,0,0.127085712977818
2010,6,11,3.42215776443481,0,2.4995719437411,0,0.08639999798366
2010,6,12,0.664900481700897,0,2.05366870140278,0,0.064914287839617
2010,6,13,0.146660149097443,0,0.39244201978363,0,0.0576000009264265
2010,6,14,0.00180199439637363,0,0.0855653936469025,0,0.0502857140132359
2010,6,15,0.23069840669632,0,0.106932516740926,0,0.0443428584507534
2010,6,16,0.213789835572243,0,0.222646757190887,0,0.0402285712105887
2010,6,17,7.60671806335449,0,3.92722729472735,0,0.0393142870494298
2010,6,18,15.5178899765015,0,11.6974788760072,0,0.0374857153211321
2010,6,19,3.80129909515381,0,9.71581107409111,0,0.0598857130323138
2010,6,20,0.663544714450836,-4.54747350886464e-13,2.24326384229789,0,0.119314289093018
2010,6,21,6.37312412261963,4.54747350886464e-13,3.44128156506304,0,0.119314289093018
2010,6,22,10.8676156997681,0,8.74748955227733,4.54747350886464e-13,0.181028570447649
2010,6,23,0.0544805899262428,0,5.62821728572453,-4.54747350886464e-13,1.15199999128069
2010,6,24,1.10590291023254,0,0.565365181080779,-4.54747350886464e-13,1.04685712541853
2010,6,25,4.25594854354858,0,2.53253005317856,4.54747350886464e-13,0.644571413312639
2010,6,26,7.60935497283936,0,5.83403022028688,0,0.43154285975865
2010,6,27,4.61119318008423,0,6.05088266125495,0,0.342400005885533
2010,6,28,0.589459955692291,-4.54747350886464e-13,2.62659596845879,0,0.314057132175991
2010,6,29,0.00781284831464291,4.54747350886464e-13,0.278938755842319,0,0.275657136099679
2010,6,30,0.277030438184738,0,0.129101137908947,0,0.217600005013602
2010,7,1,0.329826354980469,0,0.301659415596077,0,0.166857147216797
2010,7,2,1.30140101909637,0,0.779368182687904,0,0.13302857535226
2010,7,3,3.16988396644592,0,2.28706491466255,0,0.111542858396258
2010,7,4,0.482099682092667,0,1.75446083566385,0,0.0969142845698765
2010,7,5,2.55369400978088,0,1.46689336426789,0,0.08639999798366
2010,7,6,1.31213343143463,0,1.98034604819622,0,0.0745142868586949
2010,7,7,0.455674827098846,0,0.896924961740297,0,0.0653714316231864
2010,7,8,0.00404734956100583,0,0.191224641364897,0,0.0566857133592878
2010,7,9,0.0314823724329472,0,0.0155495560557029,0,0.0489142860685076
2010,7,10,0.643281638622284,0,0.29989240717623,0,0.044799998828343
2010,7,11,0.737446904182434,0,0.684570255320068,0,0.041599999155317
2010,7,12,0.00536892656236887,0,0.391724155677366,0,0.0393142870494298
2010,7,13,10.2713136672974,0,5.12840311276159,0,0.0361142873764038
2010,7,14,17.494686126709,0,13.8927870274983,0,0.0320000001362392
2010,7,15,0.140905678272247,0,8.82451418120945,0,0.0278857145990644
2010,7,16,0.0155268050730228,0,0.0779301083548489,0,0.0246857149260385
2010,7,17,0.875643253326416,0,0.411138380122793,0,0.021942857333592
2010,7,18,0.408436834812164,0,0.633450243689367,0,0.0187428576605661
2010,7,19,0.0309728235006332,0,0.202907398635944,0,0.0164571421486991
2010,7,20,2.43093419075012,0,1.22103047848213,0,0.0155428579875401
2010,7,21,0.045563131570816,0,1.26608874992962,0,0.0214857135500227
2010,7,22,11.8096857070923,0,5.92489044149988,0,0.0228571431977408
2010,7,23,24.1915168762207,0,17.9745335514272,0,0.021942857333592
2010,7,24,6.66783094406128,0,15.5543831765572,0,0.0210285714694432
2010,7,25,1.68204307556152,0,4.16642509485428,0,0.0178285717964172
2010,7,26,2.04988622665405,0,1.86976142847016,0,0.014171428339822
2010,7,27,4.3919620513916,0,3.22283577726012,0,0.0137142854077475
2010,7,28,0.268768340349197,0,2.2898994087991,0,0.0571428571428571
2010,7,29,1.32820379734039,0,0.843529553754706,-4.54747350886464e-13,0.0598857130323138
2010,7,30,2.72275352478027,0,1.96419614359547,4.54747350886464e-13,0.0562285729816982
2010,7,31,1.06409633159637,0,1.95681331502419,0,0.0544000012534005
2010,8,1,5.98833703994751,0,3.4795803319048,0,0.0580571447099958
2010,8,2,1.06970798969269,0,3.47941076287498,0,0.0539428574698312
2010,8,3,0.0212306212633848,0,0.493962969612767,0,0.0685714312962123
2010,8,4,2.16240835189819,0,1.09081568561669,0,0.0662857123783657
2010,8,5,0.560149669647217,0,1.45977294991098,0,0.0521142857415336
2010,8,6,0.0451815463602543,0,0.26008307448501,4.54747350886464e-13,0.0406857149941581
2010,8,7,0.00178543431684375,0,0.023113834869946,-4.54747350886464e-13,0.0370285715375628
2010,8,8,0.073442704975605,0,0.041506285288051,0,0.0351999998092651
2010,8,9,0.351807802915573,0,0.220179850397471,0,0.0274285708154951
2010,8,10,2.41353631019592,0,1.4098371009477,0,0.021942857333592
2010,8,11,9.43504524230957,0,5.88213895694025,0,0.0196571435247149
2010,8,12,4.70662307739258,0,7.13951157110932,0,0.0164571421486991
2010,8,13,8.65715980529785,0,6.67223303821993,-4.54747350886464e-13,0.0123428574630192
2010,8,14,2.05246710777283,0,5.4197428519492,0,0.00914285693849836
2010,8,15,2.75003457069397,0,2.36878736111976,4.54747350886464e-13,0.00731428606169564
2010,8,16,0.222977325320244,-4.54747350886464e-13,1.50522642634678,-4.54747350886464e-13,0.00502857140132359
2010,8,17,0.405098110437393,4.54747350886464e-13,0.306379643290711,4.54747350886464e-13,0.00320000009877341
2010,8,18,0.00462058000266552,0,0.235797392169843,0,0.0105142857347216
2010,8,19,0.00178500427864492,0,0.00319280001531297,0,0.0114285715988704
2010,8,20,0.823609352111816,0,0.382080045015755,0,0.00777142899377005
2010,8,21,0.00842123292386532,0,0.424927586002013,0,0.00594285726547241
2010,8,22,0.000212404993362725,0,0.00375442910990387,0,0.00320000009877341
2010,8,23,0.236458912491798,0,0.0967939366910286,0,0.000914285757711955
2010,8,24,0.196195513010025,0,0.218278194841332,4.54747350886464e-13,0.000457142878855978
2010,8,25,0.00127979135140777,0,0.105578635371785,-4.54747350886464e-13,0.000457142878855978
2010,8,26,3.71814223854017e-07,0,0.000571069540455937,0,0
2010,8,27,0.000636155833490193,0,0.000351493217749521,0,0
2010,8,28,2.18163537979126,0,1.07745976847946,0,0
2010,8,29,0.121042400598526,4.54747350886464e-13,1.1742448426503,4.54747350886464e-13,0
2010,8,30,21.3133697509766,-4.54747350886464e-13,10.7006723412978,-4.54747350886464e-13,0.000457142878855978
2010,8,31,8.68953609466553,0,14.9602577554324,0,0.000914285757711955
2010,9,1,10.7878379821777,0,9.83552126560789,0,0.000457142878855978
2010,9,2,7.1109938621521,0,9.09764367067692,4.54747350886464e-13,0.0013714285833495
2010,9,3,1.80785191059113,0,4.42310018141325,-4.54747350886464e-13,0.000914285757711955
2010,9,4,0.00241786427795887,0,1.09352202885566,4.54747350886464e-13,0.000914285757711955
2010,9,5,2.23248219490051,0,1.21118839958217,-4.54747350886464e-13,0.000457142878855978
2010,9,6,0.310514062643051,0,1.35981545959476,-4.54747350886464e-13,0.000457142878855978
2010,9,7,0.982037603855133,0,0.607381681995321,4.54747350886464e-13,0.000457142878855978
2010,9,8,0.00901249144226313,0,0.557069494141615,0,0.000457142878855978
2010,9,9,8.76827239990234,0,4.3579428571793,0,0
2010,9,10,22.846263885498,0,15.6757013532024,0,0.00182857151542391
2010,9,11,1.09065139293671,0,12.063902103233,0,0.000914285757711955
2010,9,12,0.00112573313526809,0,0.526487668346817,0,0.00640000019754682
2010,9,13,0.569565415382385,0,0.273533215715361,0,0.0123428574630192
2010,9,14,0.774198055267334,0,0.691179314329929,0,0.0114285715988704
2010,9,15,0.257776975631714,0,0.545396395085845,0,0.00914285693849836
2010,9,16,1.60772824287415,0,0.808992843125452,0,0.00640000019754682
2010,9,17,1.24333453178406,0,1.38798876616784,0,0.00365714303084782
2010,9,18,0.239198446273804,0,0.685097545177996,0,0.00182857151542391
2010,9,19,0.0762446373701096,0,0.152211938966502,0,0.000914285757711955
2010,9,20,0.907566130161285,-4.54747350886464e-13,0.481872549404216,0,0.000914285757711955
2010,9,21,0.353560447692871,4.54747350886464e-13,0.615198022554978,0,0.000457142878855978
2010,9,22,7.06327295303345,0,3.796121860727,0,0.000457142878855978
2010,9,23,17.606653213501,0,12.2935468309115,0,0.00502857140132359
2010,9,24,23.8853855133057,0,20.7389676854109,0,0.521142850603376
2010,9,25,1.34939324855804,0,12.7964600223786,0,1.02857142857143
2010,9,26,0.021304851397872,0,0.717752170823587,0,0.484571402413505
2010,9,27,0.133484348654747,0,0.0803760125199915,4.54747350886464e-13,0.291200011117118
2010,9,28,0.0238437987864018,0,0.0834210455868742,-4.54747350886464e-13,0.17279999596732
2010,9,29,0.084206260740757,0,0.0501759313065122,0,0.103771427699498
2010,9,30,0.573241651058197,0,0.380405514431914,0,0.0735999992915562
2010,10,1,0.442769438028336,0,0.512534455452624,0,0.0516571419579642
2010,10,2,0.0399372577667236,0,0.267047221150278,0,0.0466285705566406
2010,10,3,0.000705352576915175,0,0.0164460841406253,0,0.0365714277539934
2010,10,4,0.0034343742299825,0,0.00222122783088707,0,0.0260571428707668
2010,10,5,0.00949974823743105,0,0.00643348501580476,0,0.0191999997411455
2010,10,6,0.000141728698508814,0,0.0054791875754745,0,0.0164571421486991
2010,10,7,0.000227678407100029,0,0.000191092503882828,0,0.0160000000681196
2010,10,8,1.09307427464955e-06,0,0.000113282401798642,0,0.0146285721233913
2010,10,9,0.00452394504100084,0,0.00203194265486673,0,0.0146285721233913
2010,10,10,0.0161426477134228,0,0.0114398105488363,4.54747350886464e-13,0.0137142854077475
2010,10,11,0.0310604255646467,4.54747350886464e-13,0.0242892249352735,0,0.0123428574630192
2010,10,12,0.0286074038594961,-4.54747350886464e-13,0.0297977334721509,-4.54747350886464e-13,0.0105142857347216
2010,10,13,8.25742754386738e-05,0,0.012163049341325,0,0.0100571428026472
2010,10,14,1.20336244435748e-05,0,4.32587621617131e-05,0,0.00868571400642395
2010,10,15,0.00906396843492985,0,0.00454868392080243,0,0.00822857107434954
2010,10,16,0.00227953679859638,0,0.00605166383320466,0,0.00640000019754682
2010,10,17,8.00584384705871e-05,0,0.000966109240835067,0,0.005485714333398
2010,10,18,0,-4.54747350886464e-13,3.53179348167032e-05,-4.54747350886464e-13,0.00411428553717477
2010,10,19,0.000332000287016854,4.54747350886464e-13,0.000161104519065702,4.54747350886464e-13,0.00365714303084782
2010,10,20,0.0102984849363565,0,0.00433826509288338,0,0.002742857166699
2010,10,21,0.00146567088086158,0,0.00564565761851554,0,0.00228571423462459
2010,10,22,7.41293024475453e-06,-4.54747350886464e-13,0.000844050109662931,-4.54747350886464e-13,0.00182857151542391
2010,10,23,2.85053265542956e-05,4.54747350886464e-13,1.87470268429024e-05,4.54747350886464e-13,0.0013714285833495
2010,10,24,0.226017743349075,0,0.0957152852188301,0,0.000914285757711955
2010,10,25,9.34618949890137,0,4.74518830675152,0,0.00228571423462459
2010,10,26,29.7819004058838,0,19.5614516832575,4.54747350886464e-13,0.0137142854077475
2010,10,27,12.5989408493042,0,21.1905261392421,-4.54747350886464e-13,0.125257137843541
2010,10,28,1.32021498680115,0.114447783038031,6.8416664593824,0.114447783038031,0.43154285975865
2010,10,29,0.176537111401558,0.158596139219299,0.589802602624332,0.114382071722048,0.29028570992606
2010,10,30,0.0161231644451618,0.0451356373923773,0.0511945253801969,0.177454772427154,0.203428568158831
2010,10,31,0.0065879262983799,0.00130422309439382,0.0108523804938159,0.00130422309439382,0.136685711996896
2010,11,1,0.000243464339291677,0.000276589709756081,0.00314243593129504,0.000276589709756081,
2010,11,2,0.0239006895571947,0,0.012078969310096,0,
2010,11,3,0.0220945961773396,0,0.0229507121130155,0,
2010,11,4,0.000315656769089401,0,0.0114305195365887,0,
2010,11,5,1.90539049071958e-05,0,0.000158042881594156,4.54747350886464e-13,
2010,11,6,0.000116537426947616,0,5.88132024859078e-05,-4.54747350886464e-13,
2010,11,7,1.89741294889245e-05,0,5.89324390602997e-05,0,
2010,11,8,0,0,8.72762393555604e-06,0,
2010,11,9,0.00157782540190965,0,0.000747252037399449,0,
2010,11,10,0.848300457000732,0,0.342157022658284,0,
2010,11,11,0.761884987354279,0,0.798478412447366,4.54747350886464e-13,
2010,11,12,0.0263998676091433,0,0.384900701148581,-4.54747350886464e-13,
2010,11,13,3.78364638891071e-05,7.72373050494934e-06,0.0140128082512092,0,
2010,11,14,0.00106833642348647,0.00039781295663488,0.000154888677570852,0,
2010,11,15,0.00595926446840167,0.00266254704911262,0.000843966150569031,0,
2010,11,16,0.017177065834403,0.00723504799407237,0.00433899327799736,0,
2010,11,17,0.00448051234707236,0.00717002745295758,0.00360221176379127,4.54747350886464e-13,
2010,11,18,3.51002311706543,1.75716995089215,-1.81898940354586e-12,-4.54747350886464e-13,
2010,11,19,0.863671064376831,2.17825628376704,0,0,
2010,11,20,3.01929306983948,1.93183690584192,0,-4.54747350886464e-13,
2010,11,21,4.22435808181763,3.61363708572299,0,4.54747350886464e-13,
2010,11,22,0.113005474209785,2.19194532390975,0,0,
2010,11,23,0.759865343570709,0.404490162251932,0,0,
2010,11,24,5.9074296951294,3.31829216705046,1.81898940354586e-12,4.54747350886464e-13,
2010,11,25,3.00247502326965,4.51765229300781,-1.81898940354586e-12,-4.54747350886464e-13,
2010,11,26,0.81758463382721,1.86402770293398,0,0,
2010,11,27,0.0401999726891518,0.474563253625092,0,0,
2010,11,28,0.00282988208346069,0.019462139346615,0,0,
2010,11,29,1.37713646888733,0.739949256461841,0,0,
2010,11,30,0.805224776268005,1.08198878757366,0,0,
2010,12,1,0.062628485262394,0.469072692470036,1.81898940354586e-12,0,
2010,12,2,0.00187468039803207,0.0426735037267463,-1.81898940354586e-12,4.54747350886464e-13,
2010,12,3,0.314308345317841,0.189104190963462,0,-4.54747350886464e-13,
2010,12,4,0.168148785829544,0.256787974113195,1.81898940354586e-12,0,
2010,12,5,0.206238329410553,0.18652466961521,-1.81898940354586e-12,0,
2010,12,6,0.0196977835148573,0.131322067499241,0,0,
2010,12,7,0.0216707494109869,0.0202162445948488,0,0,
2010,12,8,0.127982705831528,0.0812989586661388,1.81898940354586e-12,4.54747350886464e-13,
2010,12,9,0.355203062295914,0.175870654222308,-1.81898940354586e-12,-4.54747350886464e-13,
2010,12,10,0.0176755264401436,0.166041459731332,0,0,
2010,12,11,0.0181726664304733,0.0178358123948783,0,0,
2010,12,12,0.0136442165821791,0.016469606755436,0,0,
2010,12,13,0.03053143247962,0.0213224085227921,0,0,
2010,12,14,0.00102379627060145,0.0167462985109523,0,0,
2010,12,15,0.540620446205139,0.176172682225115,0,0,
2010,12,16,0.252503156661987,0.35849119645809,0,0,
2010,12,17,0.55183607339859,0.481451122534054,0,0,
2010,12,18,0.245841890573502,0.480517292974582,0,0,
2010,12,19,0.0210353937000036,0.200755436701002,0,0,
2010,12,20,2.23206567764282,1.17484555141073,0,0,
2010,12,21,4.09782552719116,3.13158269364158,1.81898940354586e-12,0,
2010,12,22,0.0602988004684448,2.21253127074988,-1.81898940354586e-12,0,
2010,12,23,0.0117769343778491,0.0349609573549969,0,0,
2010,12,24,0.142006382346153,0.065969894337286,0,0,
2010,12,25,0.0192448645830154,0.11425289281533,0,0,
2010,12,26,0.101174019277096,0.0712673148918839,0,0,
2010,12,27,0.0083400858566165,0.0470696717338797,0,0,
2010,12,28,0.0731089562177658,0.0308249156159945,0,0,
2010,12,29,0.83822238445282,0.414758788987001,0,-4.54747350886464e-13,
2010,12,30,2.85322213172913,1.71760938847729,0,4.54747350886464e-13,
2010,12,31,1.24624609947205,2.12028436485843,0,0,
2011,1,1,3.00568890571594,2.22167820290724,0,0,
2011,1,2,0.297889441251755,1.82103574069743,0,0,
2011,1,3,0.00409993203356862,0.12427291624499,0,0,
2011,1,4,0.335256606340408,0.136885675034591,0,0,
2011,1,5,0.163817033171654,0.291982591267697,0,0,
2011,1,6,0.321825504302979,0.266777904823357,0,0,
2011,1,7,0.433105200529099,0.390834523293506,0,0,
2011,1,8,0.202199429273605,0.333597341963468,0,0,
2011,1,9,0.0200784988701344,0.154480486211014,0,0,
2011,1,10,0.405896484851837,0.0881162218747704,0,0,
2011,1,11,0.145771473646164,0.232749255149429,0,0,
2011,1,12,1.31654334068298,0.606633919489468,0,0,
2011,1,13,2.28434181213379,1.69727627891962,0,4.54747350886464e-13,
2011,1,14,2.82175278663635,2.68796484012228,0,-4.54747350886464e-13,
2011,1,15,1.28316426277161,1.99071834691404,0,0,
2011,1,16,2.5105082988739,2.06743589278403,0,0,
2011,1,17,2.17198395729065,2.41842141413599,0,0,
2011,1,18,0.0200371537357569,1.2432954945516,0,0,
2011,1,19,0.0116272093728185,0.0166793457074164,0,0,
2011,1,20,0.160671845078468,0.0432948126886004,0,0,
2011,1,21,0.127790167927742,0.133656238092954,0,0,
2011,1,22,0.112191177904606,0.122778550630301,0,0,
2011,1,23,1.89626407623291,0.829563929733922,0,0,
2011,1,24,2.51864862442017,2.09839216837509,0,0,
2011,1,25,0.020107252523303,1.3803302457959,0,0,
2011,1,26,0.0030508975032717,0.0125028266616027,0,0,
2011,1,27,0.470406949520111,0.123627408699576,0,0,
2011,1,28,3.66067290306091,1.85970303341765,1.81898940354586e-12,0,
2011,1,29,0.113681726157665,1.93715502470286,-1.81898940354586e-12,0,
2011,1,30,0.0111778425052762,0.05362074701452,0,0,
2011,1,31,0.0670673251152039,0.0312228919237896,0,0,
2011,2,1,0.0156906768679619,0.0590396381917344,0,0,
2011,2,2,0.00234786910004914,0.0157019233811297,0,0,
2011,2,3,0.451820343732834,0.216370265886781,0,0,
2011,2,4,0.805386960506439,0.558109189791139,0,0,
2011,2,5,0.320771127939224,0.716150224846388,0,0,
2011,2,6,0.0102393310517073,0.216588006805068,0,0,
2011,2,7,0.0279865581542254,0.0194387628071127,0,0,
2011,2,8,0.0341172926127911,0.0300403302908308,0,0,
2011,2,9,0.00323569891043007,0.028109006476825,0,0,
2011,2,10,0.282892644405365,0.146620198111577,0,0,
2011,2,11,0.0159115176647902,0.131540620578562,0,0,
2011,2,12,0.0265920292586088,0.0199470836910223,0,0,
2011,2,13,0.327297896146774,0.0713074432396752,0.0420067901959555,0,
2011,2,14,0.00416422635316849,0.10690405041214,0.0854182324801514,0,
2011,2,15,0.00574448797851801,0.00205358200810224,0.00290077138743072,0.601289912491666,
2011,2,16,0.0253203548491001,0.00622950465913164,0.00928283170833311,0.602526644142017,
2011,2,17,1.66218900680542,0.690875037927526,0.00855541276177974,0,
2011,2,18,0.327269047498703,1.19580090944646,-1.81898940354586e-12,0,
2011,2,19,0.851176738739014,0.675198087103581,0,0,
2011,2,20,0.102787189185619,0.276137469109472,0,0,
2011,2,21,0.00206477730534971,0.0291102703286015,0,0,
2011,2,22,0.0399577021598816,0.0225573149605225,0,0,
2011,2,23,0.1661636531353,0.0846603076251995,0,0,
2011,2,24,0.00526168802753091,0.134177329327031,0,0,
2011,2,25,0.0315822251141071,0.0305772414508283,0,0,
2011,2,26,0.108026340603828,0.0702749235533702,0,0,
2011,2,27,0.0139260422438383,0.0787443473332132,0,0,
2011,2,28,0.390596956014633,0.0813373037849487,0,0,
2011,3,1,0.0723350197076798,0.203319280427877,0,0,0
2011,3,2,0.291671276092529,0.189945276957587,0,0,0
2011,3,3,0.0885242968797684,0.220530693198725,0,0,0
2011,3,4,0.0678127333521843,0.0870260295960179,0,0,0
2011,3,5,0.119807496666908,0.0939196197732599,0,0,0
2011,3,6,0.146289363503456,0.130733479616538,0,0,0
2011,3,7,0.170382171869278,0.152150825665558,0,0,0
2011,3,8,0.73868328332901,0.250834524693801,0,0,0
2011,3,9,1.28356921672821,0.980440457469285,0,0,0
2011,3,10,0.0690048113465309,0.875092623545697,0,0,0
2011,3,11,1.73911547660828,0.767003360962008,1.81898940354586e-12,0,0
2011,3,12,1.44792902469635,1.63795295266846,-1.81898940354586e-12,0,0
2011,3,13,0.0244339667260647,1.04663385849108,0,0,0
2011,3,14,0.00307715777307749,0.0152621412685221,0,0,0
2011,3,15,0.00928507279604673,0.00257752863080896,0.00366084322376992,2.26785864634712,0
2011,3,16,0.16718028485775,0.0267577454847014,0.0615515412519017,2.63979570396305,0
2011,3,17,0.0534905828535557,0.0408589082549042,0.0691967611746804,0.371936438526973,0
2011,3,18,0.0265607461333275,0.028440347002288,0.0115921000870003,0,0
2011,3,19,0.437772035598755,0.265941595800086,0,0,0
2011,3,20,2.23999547958374,0.424055136877996,0.91482815911877,2.82204471768455,0.00594285726547241
2011,3,21,0.136291593313217,0.20693322229863,0.990254476657356,9.58124763575506,0.0164571421486991
2011,3,22,0.00591007247567177,0.000421190452925657,0.0699140647648164,10.4079013941155,0.0233142852783203
2011,3,23,0.03631691634655,0.0185368011220817,0.00254416620191478,3.65926286463082,0.025142857006618
2011,3,24,0,0.018330717207391,0,0,0.0246857149260385
2011,3,25,0.00504185259342194,0.00144771856957959,0,0,0.0246857149260385
2011,3,26,0.000231163561693393,0.00330771776498295,0,0,0.0283428566796439
2011,3,27,0.00139166775625199,0.0010625554264152,0,0,0.0388571432658604
2011,3,28,0.0136701855808496,0.00733280863460095,0,0,0.0621714319501604
2011,3,29,0.0008239108719863,0.00682770027560764,4.7515073674731e-05,-4.54747350886464e-13,0.10971428326198
2011,3,30,0.000505613745190203,0.000407895155149163,0.000195953494767309,4.54747350886464e-13,0.197485719408308
2011,3,31,0.0414803512394428,0.00193784635257543,0.0190551287159906,4.70527833533333,0.317714282444545
2011,4,1,0.349362432956696,0.00182151478747983,0.192357323858232,13.0399182701303,0.47999997820173
2011,4,2,3.20137143135071,0,1.77886797153224,21.5405905111847,0.658285740443638
2011,4,3,13.9263229370117,0,8.5543882710881,26.3225150552898,0.626285716465541
2011,4,4,2.40177702903748,0.144125030637497,8.02145397248387,16.3903480921131,0.667428588867188
2011,4,5,0.0114273875951767,0.14416299747063,1.06243683217508,0.14416299747063,1.43542861938477
2011,4,6,0.0919783562421799,0,0.055185224269735,0,3.09028581891741
2011,4,7,0.0641916692256928,0,0.0773953775387781,0,5.43999982561384
2011,4,8,6.98490810394287,0,3.63129561944697,0,6.76571437290737
2011,4,9,2.36695885658264,0,4.62336902979041,0,8.45714285714286
2011,4,10,2.83200192451477,0,2.58635704967855,0,9.82857142857143
2011,4,11,1.59059226512909,0,2.19151520311789,0,10.1485717773438
2011,4,12,0.0136026479303837,0,0.763265165336634,0,8.04571446010045
2011,4,13,0.00952511001378298,0,0.0116055381477054,0,5.57714276994978
2011,4,14,6.80414887028746e-05,1.24508756016439e-05,0.00509718146349769,0,3.30057133265904
2011,4,15,4.66876316070557,1.3333637980395e-05,2.33440257814254,6.41192032162508e-05,
2011,4,16,5.73920297622681,0.58597377948945,4.61800729815514,0.58597377948945,
2011,4,17,0.0575801841914654,0.597477062201506,2.30092278026132,0.585977663328322,
2011,4,18,0.0273251608014107,0.0147216234222469,0.0277310717483488,0.0652202994765503,
2011,4,19,0.0134732006117702,0.00338016718387735,0.0160453798980598,0.00338016718387735,
2011,4,20,0.429364144802094,0.000568228031170293,0.208204245822344,0.000568228031170293,
2011,4,21,0.221974939107895,0,0.336532388537307,0,
2011,4,22,0.769861996173859,0,0.55299054223542,0,
2011,4,23,0.701994955539703,0,0.741235619034342,0,
2011,4,24,0.0834220871329308,0,0.381028896308635,4.54747350886464e-13,
2011,4,25,1.03516292572021,0,0.599474265198296,-4.54747350886464e-13,
2011,4,26,0.00523761566728354,-4.54747350886464e-13,0.484970473837166,0,
2011,4,27,0.0013202594127506,4.54747350886464e-13,0.0033649670331215,0,
2011,4,28,1.64029006555211e-05,0,0.000766439081417047,0,
2011,4,29,1.22220695018768,0,0.723287094984698,0,
2011,4,30,10.1089696884155,0,5.64639922326751,0,
2011,5,1,3.78430438041687,0.716671006575325,6.22997351315826,0,
2011,5,2,0.108505837619305,0.716716435387298,1.22980082499817,2.22274714980813,
2011,5,3,9.7777603969007e-07,0,0.0596244869557268,0,0.129828575679234
2011,5,4,1.00784409046173,-4.54747350886464e-13,0.491702829849601,0,
2011,5,5,0.89344197511673,4.54747350886464e-13,0.953127540969945,0,
2011,5,6,0.0288047548383474,0,0.379942077146552,0,
2011,5,7,0.835239291191101,0,0.367655630105219,0,
2011,5,8,3.99577689170837,0,2.36997735705336,0,
2011,5,9,2.20096683502197,0,3.02257211863616,0,
2011,5,10,2.05565023422241,0,2.11777504811653,-4.54747350886464e-13,
2011,5,11,0.0260533541440964,0,1.0307593803318,4.54747350886464e-13,
2011,5,12,0.131427854299545,0,0.0742291183796624,0,
2011,5,13,1.42303597927094,0,0.714069726378511,0,
2011,5,14,0.829615831375122,0,1.1303664940242,-4.54747350886464e-13,
2011,5,15,0.00101768667809665,0,0.465760657145438,4.54747350886464e-13,
2011,5,16,3.88828175346134e-06,0,0.000600203122303356,0,
2011,5,17,0.00752864684909582,0,0.00305878127619508,0,0.0671999999455043
2011,5,18,8.38861305965111e-05,0,0.00341343854415754,0,
2011,5,19,0.0088321678340435,0,0.00430147873157694,0,
2011,5,20,2.06623220443726,-4.54747350886464e-13,1.01677841248056,-4.54747350886464e-13,
2011,5,21,18.7135772705078,4.54747350886464e-13,10.3937823780834,4.54747350886464e-13,
2011,5,22,10.4930534362793,-4.54747350886464e-13,14.5518144990165,-4.54747350886464e-13,
2011,5,23,0.247367352247238,4.54747350886464e-13,5.34558187462244,4.54747350886464e-13,
2011,5,24,0.000114964583190158,0,0.106129617759507,0,
2011,5,25,0.000218653178308159,0,0.000177808435182669,0,
2011,5,26,0.000663131941109896,0,0.000342439929227112,0,
2011,5,27,3.03016757965088,0,1.47046449809568,-4.54747350886464e-13,
2011,5,28,4.75698184967041,4.54747350886464e-13,3.75197086172193,9.09494701772928e-13,
2011,5,29,4.64493227005005,-4.54747350886464e-13,4.69342098922607,-4.54747350886464e-13,
2011,5,30,7.25100660324097,0,5.88315819841409,0,
2011,5,31,11.2803907394409,0,9.28633696103861,4.54747350886464e-13,0.0813714299883161
2011,6,1,0.31731852889061,0,5.70096997270048,-4.54747350886464e-13,0.0946285724639893
2011,6,2,3.43671202659607,0,1.69966214278429,0,0.140342862265451
2011,6,3,2.03353786468506,0,2.78094032258741,0,0.722285733904157
2011,6,4,0.0242702160030603,0,1.25940269931562,0,0.502857153756278
2011,6,5,0.726930856704712,0,0.407704668232327,0,0.164114284515381
2011,6,6,3.09304594993591,0,1.87300963219604,0,0.08639999798366
2011,6,7,5.02465724945068,0,4.04818656289717,0,0.0662857123783657
2011,6,8,1.35883820056915,0,3.13948356605033,0,0.0544000012534005
2011,6,9,0.015142091549933,0,0.646622704478432,0,0.04708571434021
2011,6,10,0.0213336851447821,0,0.0180270446435316,0,0.0411428587777274
2011,6,11,0.00105212116613984,0,0.012165426303909,0,0.0370285715375628
2011,6,12,0.219868913292885,0,0.117971993695392,0,0.0329142842973982
2011,6,13,1.84248745441437,0,1.01466585512753,0,0.0283428566796439
2011,6,14,4.16255283355713,0,2.88452064202284,0,0.0233142852783203
2011,6,15,3.92798447608948,0,4.03679399872271,0,0.0196571435247149
2011,6,16,0.297211408615112,0,2.15503605539561,0,0.0164571421486991
2011,6,17,3.20242691040039,0,1.8010340972487,0,0.0164571421486991
2011,6,18,3.68307185173035,0,3.40794990520953,0,0.0160000000681196
2011,6,19,0.0256920196115971,0,1.77217732746976,0,0.0150857142039708
2011,6,20,7.57872476242483e-05,0,0.0112897974613588,0,0.0132571424756731
2011,6,21,11.2309560775757,0,5.57748454574903,0,0.0118857145309448
2011,6,22,21.2623081207275,0,16.2218790780771,0,0.0735999992915562
2011,6,23,4.87202978134155,0,13.1160839552194,0,0.502857153756278
2011,6,24,0.00138830405194312,4.54747350886464e-13,2.34040085900415,0,0.409142848423549
2011,6,25,3.44329881668091,-4.54747350886464e-13,1.66400452662674,0,0.287999997820173
2011,6,26,7.91759824752808,0,5.61131289808509,4.54747350886464e-13,0.191999994005476
2011,6,27,4.23114824295044,0,6.05489964036497,-4.54747350886464e-13,0.13348571232387
2011,6,28,0.440426796674728,0,2.39010221164972,0,0.0996571404593331
2011,6,29,0.00471336860209703,0,0.204229232351281,4.54747350886464e-13,0.0813714299883161
2011,6,30,0.0653220340609551,0,0.0283749716927559,0,0.08639999798366
2011,7,1,0.214726075530052,0,0.142134380625066,-4.54747350886464e-13,0.0882285731179374
2011,7,2,1.20791387557983,0,0.532536189281018,0,0.0722285747528076
2011,7,3,1.01662731170654,0,1.11920653375273,0,0.0630857127053397
2011,7,4,3.23507118225098,0,2.06235265378382,0,0.0598857130323138
2011,7,5,3.47419261932373,0,3.32668143120281,0,0.0653714316231864
2011,7,6,0.00127133156638592,0,1.73459672294484,0,0.0831999983106341
2011,7,7,0.0899955108761787,0,0.0368477645552048,0,0.115200001852853
2011,7,8,4.86035823822022,0,2.42593730395492,0,0.114742851257324
2011,7,9,9.32309627532959,0,7.07288429750042,0,0.0882285731179374
2011,7,10,0.120017774403095,0,4.76506922872795,0,0.0576000009264265
2011,7,11,0.0120985964313149,0,0.0676279425406392,0,0.041599999155317
2011,7,12,0.00230677449144423,0,0.00722338392370148,0,0.0333714280809675
2011,7,13,1.91133358384832e-06,0,0.00116509715371649,4.54747350886464e-13,0.0283428566796439
2011,7,14,0.0331423394382,0,0.0192493968988856,-4.54747350886464e-13,0.0246857149260385
2011,7,15,0.049896914511919,0,0.0427001074895088,0,0.0223999994141715
2011,7,16,0.101836144924164,0,0.0738001416375482,0,0.0182857138769967
2011,7,17,2.80830359458923,0,1.4396896620874,0,0.0150857142039708
2011,7,18,0.396680444478989,0,1.62449159440075,0,0.0128000003950936
2011,7,19,0.100930146872997,0,0.244352936368159,0,0.00959999987057277
2011,7,20,1.73800241947174,0,0.926349806113649,4.54747350886464e-13,0.00731428606169564
2011,7,21,1.5545027256012,0,1.64071382240763,-4.54747350886464e-13,0.00502857140132359
2011,7,22,0.25366285443306,0,0.939871142676566,0,0.00320000009877341
2011,7,23,6.10919761657715,0,3.18519067168199,0,0.00182857151542391
2011,7,24,0.785880506038666,0,3.46910226379623,0,0.000914285757711955
2011,7,25,1.23716533184052,0,0.964116982862834,0,0.000457142878855978
2011,7,26,3.41618514060974,0,2.31026875179123,0,0.000457142878855978
2011,7,27,4.33327674865723,0,3.79304245454659,0,0.000457142878855978
2011,7,28,0.00701090460643172,0,2.20315277542068,-4.54747350886464e-13,0
2011,7,29,0.583471059799194,0,0.259939426354322,9.09494701772928e-13,0
2011,7,30,0.166591554880142,0,0.411816121337324,-4.54747350886464e-13,0
2011,7,31,0.429985582828522,0,0.273918957502247,0,0
2011,8,1,2.91853141784668,-4.54747350886464e-13,1.69958271099313,0,0
2011,8,2,0.643945753574371,4.54747350886464e-13,1.76516734711549,0,0
2011,8,3,0.898741245269775,0,0.758648311753859,0,0
2011,8,4,0.250950008630753,0,0.560868324901094,0,0
2011,8,5,0.149826630949974,0,0.193584842107157,0,0
2011,8,6,4.09348821640015,0,2.10255069799859,0,0
2011,8,7,2.04236674308777,0,3.09224620979694,0,0
2011,8,8,4.39268064498901,0,3.19977875719633,0,0
2011,8,9,0.276548087596893,0,2.36051436303569,0,0
2011,8,10,0.00395074114203453,0,0.13816356717507,0,0
2011,8,11,0.572602868080139,0,0.301053806528216,0,0
2011,8,12,10.0083627700806,0,5.28456691729843,0,0
2011,8,13,0.729305624961853,4.54747350886464e-13,5.42250693405185,0,0
2011,8,14,0.00062078790506348,-4.54747350886464e-13,0.331708346577216,0,0
2011,8,15,0.276211321353912,0,0.137205958493723,0,0
2011,8,16,6.31399059295654,0,3.25905261493972,0,0
2011,8,17,1.82987689971924,0,4.06070373299735,0,0
2011,8,18,1.1604346036911,0,1.4578413922045,0,0
2011,8,19,0.143983721733093,0,0.663886538532097,0,0
2011,8,20,0.0946308001875877,-4.54747350886464e-13,0.124067867087433,0,0
2011,8,21,0.0698011666536331,4.54747350886464e-13,0.0802926736632799,0,0
2011,8,22,0.00151560816448182,0,0.0353029701091145,0,0
2011,8,23,0.0260234400629997,0,0.0126612226395082,0,0
2011,8,24,0.0054131243377924,0,0.0154346690978855,0,0
2011,8,25,0.0360741503536701,0,0.0207189489483426,0,0
2011,8,26,0.0112939905375242,0,0.0242763496426051,0,0
2011,8,27,0.00522689148783684,0,0.00833712435269263,0,0
2011,8,28,0.00574472825974226,0,0.0054633888466924,0,0
2011,8,29,0.00269138836301863,0,0.00463201226921228,0,0
2011,8,30,0.876145541667938,0,0.438221843929568,0,0
2011,8,31,7.00842142105103,0,3.93239769733555,0,0
2011,9,1,9.93787574768066,0,8.45008597390552,0,0
2011,9,2,2.16847920417786,0,6.10946828752094,0,0
2011,9,3,1.6702584028244,0,1.92383782256184,0,0
2011,9,4,0.104876480996609,0,0.870248975232244,0,0
2011,9,5,0.000357052049366757,0,0.0543790776991955,0,0
2011,9,6,0.0015561431646347,0,0.000987359879218275,0,0
2011,9,7,0,0,0.000912162053282373,0,0
2011,9,8,0.00110816338565201,0,0.000555229813471669,4.54747350886464e-13,0
2011,9,9,0.00110816338565201,0,0.00110816338565201,-4.54747350886464e-13,0
2011,9,10,3.23638391819259e-06,0,0.000399594795453595,0,0
2011,9,11,0.0269027426838875,0,0.010105908553669,0,0
2011,9,12,0.00583208631724119,0,0.0193581274706958,0,0
2011,9,13,0.280965268611908,0,0.157609784577289,0,0
2011,9,14,0.505923330783844,0,0.395806895006899,0,0
2011,9,15,0.0123400781303644,0,0.274539620984797,0,0
2011,9,16,0.0050388197414577,0,0.00956694309206796,0,0
2011,9,17,0.243515610694885,0,0.135957190597765,0,0
2011,9,18,1.32429277896881,0,0.776422538605402,0,0
2011,9,19,2.01827836036682,0,1.68157254104699,0,0
2011,9,20,30.9525718688965,0,16.4717752286742,-4.54747350886464e-13,0
2011,9,21,16.8873481750488,0,23.8694200679529,9.09494701772928e-13,0
2011,9,22,0.0212998408824205,0,8.45549460173788,-4.54747350886464e-13,0
2011,9,23,3.56827945324767e-06,0,0.00974535807290522,0,0
2011,9,24,2.06230743060587e-06,0,2.91135802399367e-06,0,0
2011,9,25,0,0,8.36354956845753e-07,0,0
2011,9,26,2.84281395579455e-05,0,1.40845440910198e-05,0,0
2011,9,27,0.000392282410757616,0,0.000245695082412567,0,0
2011,9,28,0.288331389427185,-4.54747350886464e-13,0.1277701667168,-4.54747350886464e-13,0
2011,9,29,0.0849392339587212,4.54747350886464e-13,0.18809054859048,4.54747350886464e-13,0
2011,9,30,0.0521412529051304,0,0.0673903848783084,0,0
2011,10,1,0.0625526681542397,0,0.0580362167529529,0,0
2011,10,2,0.000956074625719339,0,0.0300348947421298,0,0
2011,10,3,0.000593761040363461,0,0.000756337527491269,0,0
2011,10,4,0.0290786474943161,0,0.0141802829875815,0,0
2011,10,5,0.0076654739677906,0,0.0180545350158354,0,0
2011,10,6,0.0895954966545105,4.54747350886464e-13,0.0425682574623352,0,0
2011,10,7,0.291997611522675,-4.54747350886464e-13,0.173721981705967,0,0
2011,10,8,0.0416109561920166,0,0.160592484542576,0,0
2011,10,9,1.14409613609314,0,0.61154535804053,0,0
2011,10,10,1.89158749580383,0,1.48674418016162,0,0
2011,10,11,1.27306473255157,0,1.58215482751984,0,0
2011,10,12,1.60520398616791,0,1.42697257320469,0,0
2011,10,13,1.11742866039276,0,1.32121958367497,0,0
2011,10,14,0.0127292312681675,0,0.60422506721261,0,0
2011,10,15,0.0322545580565929,0,0.023331723326919,0,0
2011,10,16,0.0968237519264221,0,0.0723515160643728,-4.54747350886464e-13,0
2011,10,17,0.0213757678866386,0,0.0720830188456603,9.09494701772928e-13,0
2011,10,18,0.00684337830170989,0,0.0151749627275422,-4.54747350886464e-13,0
2011,10,19,0.00780419679358602,0.000363174168796832,0.00689191077799478,0.000363174168796832,0
2011,10,20,0.0306235086172819,0.000385637738872902,0.0211563366210612,0.000385637738418154,0
2011,10,21,0.00040308793541044,0,0.0201755435136874,4.54747350886464e-13,0
2011,10,22,0.406684905290604,0,0.21239510563646,0,0
2011,10,23,0.111889645457268,0,0.27346534539538,0,0
2011,10,24,0.00826666224747896,-4.54747350886464e-13,0.0750607025711361,-4.54747350886464e-13,0
2011,10,25,0.000995491398498416,4.54747350886464e-13,0.0058785232831724,4.54747350886464e-13,0
2011,10,26,0.18131411075592,0,0.0744480035082233,-4.54747350886464e-13,0
2011,10,27,0.164755418896675,0,0.170139356139771,4.54747350886464e-13,0
2011,10,28,0.0534283705055714,0,0.126806679836591,0,0
2011,10,29,0.00875627715140581,0,0.0378563620870409,0,0
2011,10,30,0.0583220347762108,0,0.0329788631534029,0,0
2011,10,31,0.00753040984272957,0,0.0378841600013402,0,0
2011,11,1,0.000514159444719553,0,0.00375702269047906,0,
2011,11,2,0.000652924121823162,0,0.000618411868344992,0,
2011,11,3,3.63431126970681e-06,0,0.000251361583650578,0,
2011,11,4,0.00324825057759881,0,0.001908857955641,0,
2011,11,5,0.0689051076769829,0,0.0325782122981764,0,
2011,11,6,0.913170397281647,0,0.476736824562977,0,
2011,11,7,0.212855890393257,0.00638777512767774,0.551085608394715,0.00638777512767774,
2011,11,8,0.00477930484339595,0.0074829914028669,0.101367269362527,0.00629026372052977,
2011,11,9,0.0841798931360245,0.0252765026239103,0.0191870932940219,0,
2011,11,10,0.0282577853649855,0.0326094352390101,0.0234977787149546,0,
2011,11,11,0.00544296251609922,0.00862396161528523,0.00822640774276806,0.117136058993765,
2011,11,12,0,5.59742488803749e-05,0.0033122260174423,5.59742488803749e-05,
2011,11,13,0.29959312081337,0.00217165241156181,0.148581502089655,0.00217165241156181,
2011,11,14,0.00328597938641906,0.00264963196696044,0.157029692989454,0.00264963196696044,
2011,11,15,0.119992457330227,0.051167277942568,0.0104755575357558,0.000393614858694491,
2011,11,16,0.509979903697968,0.305616382232984,0.00923222181336314,0,
2011,11,17,1.45022892951965,0.978341342630301,0,0,
2011,11,18,1.42599654197693,1.43352316896608,0,0,
2011,11,19,0.0130585487931967,0.721923563002292,0,0,
2011,11,20,0.00295551563613117,0.0105430774256092,0,0,
2011,11,21,0.0109195085242391,0.00412844912261789,0,0,
2011,11,22,0.000503135728649795,0.00705980563952835,0,4.54747350886464e-13,
2011,11,23,0.0228680334985256,0.000251567943450937,0.0114340131276549,3.53061920409573,
2011,11,24,0.00257768086157739,-4.54747350886464e-13,0.010879219364142,-4.54747350886464e-13,
2011,11,25,1.67866492271423,4.54747350886464e-13,0.819206002310239,9.09494701772928e-13,
2011,11,26,2.16256761550903,0.296519981442543,1.62409154154011,0.296519981442088,
2011,11,27,0.0426774322986603,0.317864447310058,0.784757818777507,0.296525725970696,
2011,11,28,0.000859296764247119,0.0216844737019528,0.000202552146220114,-4.54747350886464e-13,
2011,11,29,7.13662229827605e-05,0.000202468016595958,0.000140370681037894,4.54747350886464e-13,
2011,11,30,0.00922726467251778,0.00458825754640202,0,4.54747350886464e-13,
2011,12,1,0.00139811902772635,0.00532262853994325,0,-4.54747350886464e-13,
2011,12,2,6.7809502070304e-05,0.000588666734984145,0,0,
2011,12,3,0.0319316200911999,0.0161226469617759,0,0,
2011,12,4,0.122960194945335,0.0774119270322444,0,0,
2011,12,5,0.0147234536707401,0.0693777325864176,0,0,
2011,12,6,0.00366655527614057,0.00969167757466494,0,0,
2011,12,7,0.033556405454874,0.0180984142125453,-1.81898940354586e-12,0,
2011,12,8,0.00923579186201096,0.0207064513992918,1.81898940354586e-12,0,
2011,12,9,0.000296036509098485,0.00505531237467949,-1.81898940354586e-12,0,
2011,12,10,0.0031831415835768,0.000982183835276373,1.81898940354586e-12,0,
2011,12,11,0.00207411358132958,0.00283687727642246,0,0,
2011,12,12,0.00231770589016378,0.00213339267838819,0,0,
2011,12,13,0.00427860952913761,0.00324435907350562,0,0,
2011,12,14,0.069425106048584,0.0358205749339504,0,0,
2011,12,15,0.167635694146156,0.117615819854564,0,0,
2011,12,16,0.112107194960117,0.137920927119012,0,0,
2011,12,17,0.0111047849059105,0.0624916812967058,-1.81898940354586e-12,0,
2011,12,18,0.286518573760986,0.140582026007451,0.00930912077274115,-4.54747350886464e-13,
2011,12,19,0.0111674973741174,0.136960115623879,0.00904641271699802,4.54747350886464e-13,
2011,12,20,0.00167746597435325,0.0080309136633332,0,0,
2011,12,21,0.103285491466522,0.0540629927149894,0.00137069438642357,0,
2011,12,22,0.160635858774185,0.130068997754279,0.00132119006593712,0,
2011,12,23,0.0945986434817314,0.130158381637102,0,0,
2011,12,24,0.00162450422067195,0.050465003161662,1.81898940354586e-12,0,
2011,12,25,0.0183432456105948,0.00476210737042493,0.0054398396077886,0,
2011,12,26,0.186439588665962,0.0148430825420292,0.0875482701649162,1.33904279705894,
2011,12,27,0.170033991336823,0.095989368546725,0.0822474912438338,0.0109730962003596,
2011,12,28,0.0926608592271805,0.13156288765822,0,0,
2011,12,29,0.397970348596573,0.244405488140728,0,0,
2011,12,30,0.535983324050903,0.467872900138445,0,-4.54747350886464e-13,
2011,12,31,1.53292465209961,1.03114523030899,0,4.54747350886464e-13,
2012,1,1,2.7364616394043,2.13105853757816,0,-4.54747350886464e-13,
2012,1,2,0.317667424678803,1.51502113590186,-1.81898940354586e-12,4.54747350886464e-13,
2012,1,3,0.00332027045078576,0.171582231514549,1.81898940354586e-12,0,
2012,1,4,0.00488497270271182,0.00406087350120288,0,0,
2012,1,5,0.0333108939230442,0.00749438119191836,0.0116035646824457,0.467032276869759,
2012,1,6,0.468624025583267,0.0558821711638302,0.194672613219154,2.61703541897077,
2012,1,7,0.0971335992217064,0.0994833840782121,0.18334370249795,2.15260090157835,
2012,1,8,0.00237556104548275,0.046883820162293,0,0,
2012,1,9,0.0236860774457455,0.00327341075444565,0.00975741910588113,2.6078642700636,
2012,1,10,0.00140946486499161,0.0023373459071081,0.0115547179302666,0.0023373459071081,
2012,1,11,0.851495683193207,0.425744359607506,0.000704738196873223,0,
2012,1,12,0.151410639286041,0.502843721620593,0,4.54747350886464e-13,
2012,1,13,0.535667717456818,0.343183996405969,0,-4.54747350886464e-13,
2012,1,14,0.140259236097336,0.342157777531156,0,0,
2012,1,15,0.148236989974976,0.143993433388459,0,0,
2012,1,16,0.0186184495687485,0.0880981040872939,1.81898940354586e-12,0,
2012,1,17,0.195360213518143,0.110609094148003,0,0,
2012,1,18,0.539881408214569,0.366738936399543,-1.81898940354586e-12,0,
2012,1,19,0.273538142442703,0.401231997774175,0,0,
2012,1,20,0.000161984280566685,0.143246775294301,0,0,
2012,1,21,0.227024093270302,0.110632114336568,0,0,
2012,1,22,0.00699649145826697,0.125917022742215,0,0,
2012,1,23,0.00112252670805901,0.00451376601040465,0,-4.54747350886464e-13,
2012,1,24,0.000260269793216139,0.000894339228125318,0,4.54747350886464e-13,
2012,1,25,0.0530780851840973,0.0264665186541606,1.81898940354586e-12,0,
2012,1,26,0.0159474108368158,0.0422073990366698,-1.81898940354586e-12,0,
2012,1,27,0.417927443981171,0.219355528121469,0,0,
2012,1,28,0.321024537086487,0.37486462319248,1.81898940354586e-12,4.54747350886464e-13,
2012,1,29,0.237214177846909,0.291324918789087,-1.81898940354586e-12,-4.54747350886464e-13,
2012,1,30,1.19113337993622,0.698917214630455,0,0,
2012,1,31,0.395105302333832,0.811587797878474,0,0,
2012,2,1,0.0369674749672413,0.232378169793719,0,0,
2012,2,2,0.00336576579138637,0.0107806126229661,0,0,
2012,2,3,0.0059931124560535,0.00538838103784656,0,0,
2012,2,4,0.000906999339349568,0.00345498676915668,0,0,
2012,2,5,0.00435994286090136,0.00300515573599114,0.000128773468532017,-4.54747350886464e-13,
2012,2,6,0.0297911129891872,0.02317182833076,5.56589438929223e-05,4.54747350886464e-13,
2012,2,7,0.00332943443208933,0.00986615969304694,0,0,
2012,2,8,3.50574487129052e-06,0.00128168145965901,0,0,
2012,2,9,2.45085198002926e-06,3.01376667266595e-06,0,0,
2012,2,10,0.000813907594420016,0.000181469159997505,0,0,
2012,2,11,1.64360710641631e-06,0.000371957236438902,0,0,
2012,2,12,3.32633908328717e-06,2.92793811240699e-06,0,0,
2012,2,13,0.000618233403656632,0.000360369735972199,1.81898940354586e-12,0,
2012,2,14,0.0354945100843906,0.0244238309760476,-1.81898940354586e-12,0,
2012,2,15,0.780797362327576,0.393765625794913,0,0,
2012,2,16,0.107061393558979,0.456089575989608,0,0,
2012,2,17,0.0045367400161922,0.0748378017815412,0,0,
2012,2,18,0.00100463861599565,0.00245578172416572,0,0,
2012,2,19,0.000228426186367869,0.000480538555166277,0,0,
2012,2,20,3.10539889335632,0.811155950616012,0.716628290334484,0,
2012,2,21,3.56965851783752,1.98260063830776,1.3247116761504,0,
2012,2,22,1.82322585582733,2.13240018348915,0.600959749865069,0,
2012,2,23,0.604201912879944,1.21767665544257,0,0,
2012,2,24,0.115643389523029,0.31191773942237,0,0,
2012,2,25,1.05203711986542,0.522690986468206,-1.81898940354586e-12,0,
2012,2,26,3.5352578163147,2.32020786073963,1.81898940354586e-12,0,
2012,2,27,0.995527386665344,2.27021221920995,0,0,
2012,2,28,0.00021462413133122,0.515188787438547,0,0,
2012,2,29,0.000774314627051354,0.000294548466172273,0,0,
2012,3,1,4.16545248031616,2.00491815588975,1.81898940354586e-12,0,0
2012,3,2,4.75123453140259,4.45407996860013,-1.81898940354586e-12,0,0
2012,3,3,0.673312902450562,2.69970370376814,0,0,0
2012,3,4,0.270090788602829,0.410078585047813,0,0,0
2012,3,5,0.215852811932564,0.232870336093583,5.14428393216804e-08,0,0
2012,3,6,0.0254031233489513,0.118286568936128,0.000878740640473552,0,0
2012,3,7,0.0855400785803795,0.0427703277637193,0.00119658163748682,0,0
2012,3,8,0.297803789377213,0.212453917083622,3.97312687709928e-05,4.54747350886464e-13,0
2012,3,9,0.0126305324956775,0.10342720284234,1.18927346193232e-06,-4.54747350886464e-13,0
2012,3,10,0.0013572652824223,0.00585543317902193,0.000173419897691929,0,0
2012,3,11,0,0.000530563680513296,0.000148069080751156,13.5311168169364,0
2012,3,12,2.53846192359924,0,1.26766675034378,18.2999525922151,0.000457142878855978
2012,3,13,0.513859570026398,0,1.59332878779605,4.54747350886464e-13,0.005485714333398
2012,3,14,0.0120888259261847,0,0.290643545522471,0,0.433828571864537
2012,3,15,0.0023515266366303,0,0.00665000935987337,0,0.85485714503697
2012,3,16,1.25258447951637e-05,4.54747350886464e-13,0.00134347940547741,0,0.795428575788225
2012,3,17,0.000224276736844331,-4.54747350886464e-13,0.000118750556794112,0,0.621714292253767
2012,3,18,0.00111543491948396,0,0.000636643073448795,0,0.295314298357282
2012,3,19,2.78400230407715,0,1.31780881143277,0,0.132114287785121
2012,3,20,4.49888563156128,0,3.59462529558004,0,0.064914287839617
2012,3,21,0.0175069272518158,0,2.2392923780244,0,0.0388571432658604
2012,3,22,0.134709000587463,0,0.0731623107712949,0,0.0260571428707668
2012,3,23,3.22976088523865,0,1.65669537717804,0,0.0182857138769967
2012,3,24,0.905354142189026,0,2.13258049775141,0,0.0118857145309448
2012,3,25,0.0431083142757416,0.00874824799575436,0.465466954674412,0,0.00868571400642395
2012,3,26,1.74665629863739,0.00874792573995364,0.886134096577735,0.0431123573443983,0.00594285726547241
2012,3,27,3.52049946784973,0,2.66520317360119,0,0.00320000009877341
2012,3,28,0.66667628288269,0,2.06333341130085,0,0.00228571423462459
2012,3,29,6.09995555877686,0,3.36184579180008,-4.54747350886464e-13,0.00228571423462459
2012,3,30,4.46991586685181,0,5.25454472572346,4.54747350886464e-13,0.00365714303084782
2012,3,31,0.107456035912037,0,2.28782996103109,0,0.00182857151542391
2012,4,1,0.188374653458595,0,0.157037554710769,4.54747350886464e-13,0.000914285757711955
2012,4,2,0.737019896507263,0,0.480753786516289,-4.54747350886464e-13,0.000457142878855978
2012,4,3,0.33665457367897,0,0.552179558259013,0,0.000457142878855978
2012,4,4,0.0271553266793489,0,0.162948691557176,0,0
2012,4,5,2.40263052546652e-05,0,0.0171976050169178,0,0
2012,4,6,0.00582307111471891,0,0.00376328300808382,0,0
2012,4,7,0.0815398693084717,0,0.0382887648975157,0,0
2012,4,8,0.0716323107481003,0,0.0768079713579937,0,0
2012,4,9,0.0440908186137676,0.00176835268666764,0.0569956599774741,0.00176835268666764,0
2012,4,10,0.00247779698111117,0.00305892307551403,0.0202102461025788,0.00189098960163392,0
2012,4,11,0.00180844333954155,0.00159564165778647,0.000555084201550926,0,0
2012,4,12,0.461264282464981,0.000411383689424838,0.2311249645918,0.00429290287320328,0
2012,4,13,4.75872898101807,0,2.62616953906218,0,0
2012,4,14,5.81235837936401,0,5.40277615233572,0,0
2012,4,15,0.0112610775977373,0,2.97412094799438,0,0
2012,4,16,0.00973025243729353,0.00136896588401214,0.00912257955678797,0.00136896588401214,0
2012,4,17,2.76153945922852,0.00133606283498011,1.41014125074071,0.00133606283498011,0
2012,4,18,1.76885807514191,0,2.29874551741341,0,0
2012,4,19,0.0253545381128788,0,0.909856871105148,0,0
2012,4,20,0.947807908058167,0,0.514721179582921,0,0
2012,4,21,3.49376440048218,0,2.22773739472359,0,0
2012,4,22,1.98434627056122,0,2.71358048235925,0,0
2012,4,23,0.0904340147972107,0,1.07959320298141,0,0
2012,4,24,0.0744552910327911,0,0.0831740477715357,0,0
2012,4,25,1.4697756767273,0,0.744618391465338,0,0
2012,4,26,0.00512279523536563,0,0.729130502335465,0,0
2012,4,27,0.0242065563797951,0,0.0146307753657311,0,0
2012,4,28,0.0195167437195778,0,0.0220289572989714,0,0
2012,4,29,1.18395137786865,0,0.595613121222414,0,0
2012,4,30,1.45240068435669,0,1.30917527455858,0,0
2012,5,1,3.06522464752197,0,2.22962117387942,0,0
2012,5,2,2.72215890884399,0,2.87050732646458,0,0
2012,5,3,0.377706915140152,0,1.57459575290341,0,0
2012,5,4,0.361639320850372,0,0.369504748163308,0,0
2012,5,5,0.252265959978104,0,0.310724022370778,0,0
2012,5,6,1.2457240819931,0,0.713314709206316,0,0
2012,5,7,1.75243306159973,4.54747350886464e-13,1.48014716476246,4.54747350886464e-13,0
2012,5,8,1.042475938797,-4.54747350886464e-13,1.38137741317223,-4.54747350886464e-13,0
2012,5,9,0.0598705820739269,0,0.541078783458943,0,0
2012,5,10,2.15390682220459,4.54747350886464e-13,1.13716215056047,4.54747350886464e-13,0
2012,5,11,0.708290338516235,-4.54747350886464e-13,1.43604833895188,-4.54747350886464e-13,0
2012,5,12,0.0104163214564323,0,0.346336936601801,0,0
2012,5,13,0.00300552905537188,0,0.0068785591647611,0,0
2012,5,14,0.0032990463078022,-4.54747350886464e-13,0.00318167910518241,0,0
2012,5,15,0.0591557733714581,4.54747350886464e-13,0.0292624357298337,0,0
2012,5,16,0.00776536809280515,0,0.0358391895424575,0,0
2012,5,17,0.0360564664006233,0,0.0214084784729494,-4.54747350886464e-13,0
2012,5,18,1.52744686603546,0,0.787496943634324,4.54747350886464e-13,0
2012,5,19,8.36371612548828,0,4.93628577635172,0,0
2012,5,20,5.04755830764771,4.54747350886464e-13,6.69104580057319,4.54747350886464e-13,0
2012,5,21,1.62424623966217,-4.54747350886464e-13,3.2874974588558,-4.54747350886464e-13,0
2012,5,22,3.18431115150452,0,2.33535197982746,0,0
2012,5,23,1.9201180934906,0,2.55459631293888,0,0
2012,5,24,0.0416577309370041,0,1.05941026300025,-4.54747350886464e-13,0
2012,5,25,0.0251168757677078,0,0.0328373210195423,4.54747350886464e-13,0
2012,5,26,2.16626858711243,0,1.13703411778261,0,0
2012,5,27,11.3585081100464,0,6.7504629160012,0,0
2012,5,28,9.51652240753174,0,10.440009123482,0,0
2012,5,29,1.56864428520203,0,5.63340557286392,0,0
2012,5,30,0.134131774306297,0,0.883908331772545,0,0
2012,5,31,0.000854593701660633,0,0.0773457140239771,0,0
2012,6,1,0.0111546935513616,0,0.0053022305964987,0,0
2012,6,2,0.164333388209343,0,0.0827889524352941,0,0
2012,6,3,0.0735241398215294,0,0.116562806746515,0,0.014171428339822
2012,6,4,2.94881772994995,0,1.55132029454944,0,0.129828575679234
2012,6,5,0.00109130190685391,0,1.50079998610636,4.54747350886464e-13,0.0594285692487444
2012,6,6,0.000246175506617874,0,0.000709819376425003,-4.54747350886464e-13,0.0292571442467826
2012,6,7,2.72160625457764,0,1.33578850759477,0,0.0164571421486991
2012,6,8,2.98230290412903,0,2.86185165984716,0,0.00959999987057277
2012,6,9,6.06898832321167,-4.54747350886464e-13,4.51379387102315,0,0.0105142857347216
2012,6,10,11.4618053436279,9.09494701772928e-13,8.79239192511523,4.54747350886464e-13,0.0182857138769967
2012,6,11,5.49655437469482,0,8.52149313063455,-4.54747350886464e-13,0.0223999994141715
2012,6,12,1.10783541202545,-4.54747350886464e-13,3.33175593094711,0,0.0214857135500227
2012,6,13,0.0850904136896133,0,0.627617758247652,0,0.0146285721233913
2012,6,14,1.9275484085083,0,1.04249070629703,0,0.00868571400642395
2012,6,15,4.32433414459229,0,3.05587803591334,0,0.00457142846924918
2012,6,16,8.40426826477051,0,6.3974614714698,0,0.00502857140132359
2012,6,17,4.54039001464844,0,6.47215712707657,0,0.00502857140132359
2012,6,18,0.360697716474533,0,2.55580166169784,0,0.00320000009877341
2012,6,19,2.03324246406555,0,1.28138804292757,0,0.00182857151542391
2012,6,20,3.38755965232849,0,2.71279632352525,0,0.00182857151542391
2012,6,21,4.46161842346191,0,3.95666781577165,0,0.00228571423462459
2012,6,22,2.57948422431946,0,3.58592880752985,0,0.000914285757711955
2012,6,23,0.00228512636385858,0,1.3321788195135,-4.54747350886464e-13,0.000457142878855978
2012,6,24,0.0117497025057673,0,0.00733617041078105,4.54747350886464e-13,0
2012,6,25,0.00165428966283798,0,0.00684369661939854,0,0
2012,6,26,0.0289992317557335,0,0.0147960568410781,0,0
2012,6,27,0.0873690322041512,0,0.0551334454903554,0,0
2012,6,28,0.025660203769803,0,0.0628859402931994,0,0
2012,6,29,0.00206861761398613,0,0.0151991382172127,0,0
2012,6,30,0.00236874772235751,0,0.00219403187657008,0,0
2012,7,1,0.0198611821979284,0,0.012417026437106,0,0
2012,7,2,1.89591872692108,0,0.949910836799972,0,0
2012,7,3,0.258747965097427,0,1.09074912362848,0,0
2012,7,4,13.2074785232544,0,6.73326702837767,0,0
2012,7,5,9.57532691955566,0,11.386225779388,0,0
2012,7,6,4.55574989318848,0,7.1962556069102,0,0
2012,7,7,1.61742579936981,0,3.14050750762726,0,0
2012,7,8,0.0460038669407368,0,0.859917826970559,0,0
2012,7,9,6.66973792249337e-05,0,0.0274094683245494,4.54747350886464e-13,0
2012,7,10,0.000204196796403267,-4.54747350886464e-13,0.000127766028526821,-4.54747350886464e-13,0
2012,7,11,0.0284629184752703,4.54747350886464e-13,0.0136990488736046,0,0
2012,7,12,7.64271020889282,0,3.8184159886514,4.54747350886464e-13,0
2012,7,13,4.11980867385864,0,5.89267173903136,-4.54747350886464e-13,0
2012,7,14,0.183421671390533,0,2.12771836971478,0,0
2012,7,15,4.77705907821655,0,2.44931876510054,0,0
2012,7,16,4.29696273803711,0,4.55407599126011,0,0
2012,7,17,0.0036561731249094,0,2.20894203489843,0,0
2012,7,18,0,0,0.00217325658923073,4.54747350886464e-13,0
2012,7,19,2.17248940467834,0,1.043654802128,-4.54747350886464e-13,0
2012,7,20,0.530677080154419,0,1.37886414912646,0,0
2012,7,21,0.000113799163955264,0,0.229031769153153,0,0
2012,7,22,0.134566813707352,0,0.0552184823318385,0,0
2012,7,23,0.00527856592088938,0,0.0625168200313055,0,0
2012,7,24,0.276757299900055,0,0.119893937378947,0,0
2012,7,25,3.08998441696167,0,1.68678623490632,0,0
2012,7,26,2.22886204719543,0,2.63590457424289,0,0
2012,7,27,2.66659092903137,0,2.42264809517292,0,0
2012,7,28,0.00254543428309262,0,1.35228501441998,0,0
2012,7,29,0.875241458415985,0,0.464115964397934,0,0
2012,7,30,0.512561917304993,0,0.716835312503463,0,0
2012,7,31,0.0124614089727402,0,0.264021521279574,0,0
2012,8,1,0.585107803344727,0,0.292876413201157,0,0
2012,8,2,0.321127265691757,0,0.432931770212235,0,0
2012,8,3,8.18869304656982,0,4.26496275134377,0,0
2012,8,4,9.28734302520752,0,8.70167517672417,0,0
2012,8,5,0.163690313696861,0,4.71707165207408,0,0
2012,8,6,0.000482926116092131,0,0.0667525025801297,-4.54747350886464e-13,0
2012,8,7,0.040036752820015,0,0.0185230813203816,4.54747350886464e-13,0
2012,8,8,0.436096519231796,0,0.273000778504866,0,0
2012,8,9,0.639115452766419,0,0.523834665342292,0,0
2012,8,10,0.254437804222107,0,0.449415133900402,4.54747350886464e-13,0
2012,8,11,0.205778256058693,0,0.232522215141216,-4.54747350886464e-13,0
2012,8,12,3.44357538223267,0,1.82771007931296,0,0
2012,8,13,1.52078568935394,0,2.50302912253574,0,0
2012,8,14,0.640911459922791,0,1.06990537724596,0,0
2012,8,15,5.08624935150147,0,2.87438255531561,0,0
2012,8,16,1.6171966791153,0,3.36445015808022,0,0
2012,8,17,0.0252623353153467,0,0.870022383158357,0,0
2012,8,18,0.368895441293716,0,0.182243218134317,0,0
2012,8,19,0.150881245732307,0,0.281101328135264,0,0
2012,8,20,0.00386962620541453,0,0.0827617246104637,0,0
2012,8,21,0.0150548983365297,0,0.0099634056477953,0,0
2012,8,22,0.000801490969024599,0,0.00734020867275831,0,0
2012,8,23,0.0536102764308453,0,0.0291793849755777,0,0
2012,8,24,3.65610003471375,0,1.84558417646804,0,0
2012,8,25,5.38241577148438,0,4.54651163075323,0,0
2012,8,26,0.0036224159412086,0,2.65991105222929,0,0
2012,8,27,0.286766082048416,0,0.15155344469531,0,0
2012,8,28,0.00163626857101917,0,0.141524851524082,0,0
2012,8,29,0.0283137671649456,0,0.0133148398472258,0,0
2012,8,30,0.0386517308652401,0,0.0328607315514091,0,0
2012,8,31,0.00264196144416928,0,0.0180727807673975,0,0
2012,9,1,0.00663089845329523,0,0.00497828357401886,0,0
2012,9,2,0.334678679704666,4.54747350886464e-13,0.162782974550282,0,0
2012,9,3,0.129234120249748,-4.54747350886464e-13,0.245161016131533,0,0
2012,9,4,0.0622004345059395,0,0.0940960520329099,0,0
2012,9,5,0.0104413582012057,0,0.0426247511932161,0,0
2012,9,6,0.394266426563263,0,0.201265391633569,0,0
2012,9,7,0.323556452989578,-4.54747350886464e-13,0.364750421356803,0,0
2012,9,8,0.0691356360912323,4.54747350886464e-13,0.20235325124122,0,0
2012,9,9,0.00186579336877912,0,0.0357469762839173,0,0
2012,9,10,0.00109868636354804,0,0.00146737729119195,0,0
2012,9,11,0.1314787119627,0,0.0639678111383546,0,0
2012,9,12,0.00961693841964006,0,0.0677166876630508,0,0
2012,9,13,0.00234619528055191,0,0.00598639844247373,0,0
2012,9,14,0.0125063555315137,0,0.00719777133053867,0,0
2012,9,15,3.49236825059052e-06,0,0.00673989855931723,0,0
2012,9,16,0.00951704382896423,0,0.00471033559006173,0,0
2012,9,17,0.192798882722855,0,0.100029727444053,0,0
2012,9,18,0.13504333794117,0,0.165801510456731,0,0
2012,9,19,1.00105714797974,0,0.565717771036361,0,0
2012,9,20,0.275792151689529,0,0.635671723628548,0,0
2012,9,21,0.318537503480911,0,0.294938550730876,0,0
2012,9,22,0.0312501452863216,0,0.182733101435588,-4.54747350886464e-13,0
2012,9,23,0.00194771494716406,0,0.020882748236545,9.09494701772928e-13,0
2012,9,24,7.27287556401279e-07,0,0.000863181683598668,-4.54747350886464e-13,0
2012,9,25,0.0048913499340415,0,0.00233422229030111,0,0
2012,9,26,5.42662346560974e-05,0,0.00298592837680189,0,0
2012,9,27,0.00163498136680573,0,0.000830303546536015,0,0
2012,9,28,0.00805803202092648,0,0.00532608845242066,0,0
2012,9,29,0.00332184415310621,0,0.00589783509531117,0,0
2012,9,30,0.00709534855559468,0,0.00505245263593679,0,0
2012,10,1,0.0177090242505074,-4.54747350886464e-13,0.0118339390355686,0,0
2012,10,2,7.0321730163414e-05,4.54747350886464e-13,0.009493136582023,4.54747350886464e-13,0
2012,10,3,3.87208890914917,0,1.93495871847153,-4.54747350886464e-13,0
2012,10,4,21.4581089019775,0,12.6613272773029,0,0
2012,10,5,5.61108303070068,0.597791609669912,12.9367802935358,0.597791609669912,0
2012,10,6,0.923819541931152,0.653080514619433,2.61438216286115,0.653080514619433,0
2012,10,7,0.680379033088684,0.0619454737930028,0.75481048432448,0.0619454737930028,0
2012,10,8,3.87023973464966,-4.54747350886464e-13,2.20699544400668,-4.54747350886464e-13,0
2012,10,9,1.6615926027298,0,2.78134208771553,0,0
2012,10,10,0.229014277458191,0,0.811841100579841,0,0
2012,10,11,0.0186326913535595,4.50112738690223e-05,0.155075388805926,4.50112738690223e-05,0
2012,10,12,0.000745431811083108,8.71100846779882e-05,0.0128150386826746,8.71100846779882e-05,0
2012,10,13,1.37120559884352e-05,0,0.00023531109218311,0,0
2012,10,14,0.0313559919595718,0,0.011475397988761,0,0
2012,10,15,0.262667298316956,0,0.112116051906924,-4.54747350886464e-13,0
2012,10,16,0.293600976467133,0,0.273274632394532,0,0
2012,10,17,9.69922256469727,0,5.03856382682352,4.54747350886464e-13,0
2012,10,18,11.8909254074097,0,10.7481937275443,0,0
2012,10,19,2.95180988311768,0,7.54356020950763,0,0
2012,10,20,0.438366264104843,0,1.70976840618641,0,0
2012,10,21,0.74734103679657,0,0.593816494219936,0,0
2012,10,22,1.16667068004608,0,0.819046721930135,0,0
2012,10,23,7.51891756057739,0,4.17519393558905,0,0
2012,10,24,1.53645205497742,0,4.53005583675804,0,0
2012,10,25,0.0847967639565468,0,0.749345741236539,0,0
2012,10,26,0.218781068921089,0.021057251606635,0.126302002179727,0.021057251606635,0
2012,10,27,0.000848904193844646,0.0229897082294883,0.0869725274933444,0.0225786552964564,0
2012,10,28,0.00652703084051609,0.00366780266040223,1.28759220388019e-05,0,0
2012,10,29,0.0128602460026741,0.00451947587862378,0.00517416478214727,0.00862496112222289,0
2012,10,30,0.0222093928605318,0.00110356972982117,0.0169984391195612,0.00110356972982117,0
2012,10,31,0.065576896071434,0,0.0482175872784865,0,0
2012,11,1,0.014716874808073,0.00203758621091765,0.0381295800634689,0.00203758621091765,
2012,11,2,0.830493450164795,0.287717532147326,0.134884187302305,0.00203922972923465,
2012,11,3,1.68412888050079,0.706943623305051,0.548059851173093,0,
2012,11,4,0.029749171808362,0.431013331671693,0.433815331713049,0,
2012,11,5,2.95327258110046,0.0548767537766253,1.4366344800801,2.59978997962071,
2012,11,6,2.3494758605957,0.054754133505412,2.62638465067903,0.054754133505412,
2012,11,7,1.3083016872406,0,1.74608303912282,0,
2012,11,8,0.17828343808651,0,0.734897623615325,0,
2012,11,9,0.776279270648956,0.335645168578139,0.141638076749587,0,
2012,11,10,5.79411172866821,3.23155038117784,0.0525201287528034,4.54747350886464e-13,
2012,11,11,5.47808694839478,5.63967412239163,0,-4.54747350886464e-13,
2012,11,12,0.127469345927238,2.80233194171024,0,0,
2012,11,13,0.00662706512957811,0.063070082917875,1.81898940354586e-12,4.54747350886464e-13,
2012,11,14,0.0312821865081787,0.0183138030074588,-1.81898940354586e-12,-4.54747350886464e-13,
2012,11,15,0.00484426692128182,0.0184048141532003,0,0,
2012,11,16,0.0023092485498637,0.00417352592330644,0,0,
2012,11,17,0.0174005422741175,0.0120370337199347,0,0,
2012,11,18,0.0762641131877899,0.0391294789251333,0,0,
2012,11,19,0.00628345552831888,0.0357320013345088,0.00151382236617792,-4.54747350886464e-13,
2012,11,20,0.00162882602307946,0.0031773292039361,0.00244242645385384,4.54747350886464e-13,
2012,11,21,1.93433897948125e-05,0.000787761008723464,0.000541669309313875,3.37907367660409,
2012,11,22,0.413772940635681,0.206839288558513,8.17670661490411e-06,3.37987177038167,
2012,11,23,0.216500297188759,0.294661492906926,0,0,
2012,11,24,0.94669234752655,0.538750671724756,-1.81898940354586e-12,0,
2012,11,25,0.390473514795303,0.717233093527284,1.81898940354586e-12,0,
2012,11,26,0.518765807151794,0.469169178055381,0,0,
2012,11,27,0.0183769520372152,0.320357457555474,1.81898940354586e-12,0,
2012,11,28,0.0184846371412277,0.0184326757757844,-1.81898940354586e-12,0,
2012,11,29,0.384522408246994,0.162819758791557,-1.81898940354586e-12,0,
2012,11,30,0.0516695231199265,0.266056771955846,8.51271579449531e-06,0,
2012,12,1,0.0351179651916027,0.0405869308960973,0.00106547223731468,0,
2012,12,2,0.079070158302784,0.0490561324222654,0.00458371831155091,0,
2012,12,3,0.924676895141602,0.346683473975645,0.105672549070732,0,
2012,12,4,0.451571226119995,0.562797516135106,0.104026106315359,0,
2012,12,5,0.0203245375305414,0.281690846446963,0,0,
2012,12,6,0.0159272085875273,0.0193196634759261,0,0,
2012,12,7,0.509492754936218,0.294560374784851,0,0,
2012,12,8,2.10186457633972,1.24782586272158,0,0,
2012,12,9,1.11100542545319,1.65334706786825,0,0,
2012,12,10,0.183144852519035,0.638623887207359,0,0,
2012,12,11,1.33707749843597,0.685890647966971,0,-4.54747350886464e-13,
2012,12,12,1.66275107860565,1.41903746929393,0,4.54747350886464e-13,
2012,12,13,1.26782286167145,1.38990054249643,0,0,
2012,12,14,0.196587458252907,0.728508409931237,0,0,
2012,12,15,0.00949123781174421,0.0829446190400631,0,0,
2012,12,16,0.0562142580747604,0.0321306011101115,0,0,
2012,12,17,0.466928511857987,0.275659190141141,0,0,
2012,12,18,0.547480285167694,0.524993644244205,0,0,
2012,12,19,1.00935220718384,0.72167153267992,0,0,
2012,12,20,0.308701902627945,0.694304121008827,0,-4.54747350886464e-13,
2012,12,21,0.0277560986578465,0.220378752575016,0,4.54747350886464e-13,
2012,12,22,0.0206178203225136,0.0257496870472096,0,0,
2012,12,23,0.0390639752149582,0.0235680728692387,0,0,
2012,12,24,0.0181997362524271,0.0283292376989266,0,0,
2012,12,25,0.000840367109049112,0.0135902419401646,0,0,
2012,12,26,0.0365161299705505,0.0223500471338411,0,0,
2012,12,27,0.37246435880661,0.256142220623588,0,0,
2012,12,28,0.680774688720703,0.444001804436084,0,0,
2012,12,29,0.356884241104126,0.547717026219743,0,0,
2012,12,30,0.575952649116516,0.450960961107285,0,0,
2012,12,31,0.273299872875214,0.462321960741974,0,0,
2013,1,1,0.146395415067673,0.22427883645878,0,0,
2013,1,2,0.126792654395103,0.142806803579333,0,0,
2013,1,3,0.0298373624682426,0.0747956755390078,0,0,
2013,1,4,0.00924479216337204,0.0184872188401641,-1.81898940354586e-12,0,
2013,1,5,0.195219859480858,0.0737649369325482,1.81898940354586e-12,0,
2013,1,6,0.00499742617830634,0.154518174080749,0,0,
2013,1,7,0.0291307717561722,0.0306717838407167,0,0,
2013,1,8,0.618198037147522,0.221728470653943,-1.81898940354586e-12,0,
2013,1,9,0.228347763419151,0.527093781239728,1.81898940354586e-12,0,
2013,1,10,0.267429709434509,0.226598871589886,0.0162925066633761,0,
2013,1,11,3.83499383926392,1.97543826787023,0.0234289730451565,0,
2013,1,12,2.21275496482849,3.11965974721807,0,0,
2013,1,13,0.0360966585576534,1.15290545867038,0,0,
2013,1,14,0.014217839576304,0.0224546888543955,0,0,
2013,1,15,0.13724772632122,0.0516454905969113,0,0,
2013,1,16,1.06666147708893,0.530536033153567,0,0,
2013,1,17,0.459812551736832,0.852621212659415,0,0,
2013,1,18,3.61601257324219,1.93871818094885,0,0,
2013,1,19,0.662694156169891,2.10852524094071,0,0,
2013,1,20,0.00539684249088168,0.414185759753309,0,0,
2013,1,21,0.00526565546169877,0.0053277856927707,0,0,
2013,1,22,0.0211614817380905,0.00892992992703512,0,0,
2013,1,23,7.5717871368397e-06,0.0102733072326373,0,0,
2013,1,24,1.7261381149292,0.994934899193595,1.81898940354586e-12,0,
2013,1,25,0.860966920852661,1.39757196386563,-1.81898940354586e-12,0,
2013,1,26,0.000154733599629253,0.553571926929635,-1.81898940354586e-12,0,
2013,1,27,0.0606204457581043,0.0420473998010493,1.81898940354586e-12,0,
2013,1,28,0.0682833269238472,0.0650503166580165,1.81898940354586e-12,0,
2013,1,29,0.0207763332873583,0.0517878667765217,-1.81898940354586e-12,0,
2013,1,30,0.061479963362217,0.029030153156782,0,0,
2013,1,31,0.0975577235221863,0.0748922200732523,0,0,
2013,2,1,0.0206164922565222,0.0709190324355404,0,0,
2013,2,2,0.116756640374661,0.0394441616931545,0,0,
2013,2,3,0.0848793387413025,0.0935465881830169,0,0,
2013,2,4,2.17354726791382,1.01905659499653,0,0,
2013,2,5,1.48620998859406,1.66301923149649,0,0,
2013,2,6,1.34026002883911,1.36688151001272,0,0,
2013,2,7,1.0679988861084,1.16441366127492,0,0,
2013,2,8,0.0147625543177128,0.676058954326436,0,0,
2013,2,9,0.0111595205962658,0.0127204949280895,0,0,
2013,2,10,0.0635322481393814,0.0449490815904028,0,0,
2013,2,11,0.286672711372376,0.152781481319835,0,0,
2013,2,12,0.00305830244906247,0.217051667872965,0,0,
2013,2,13,0.00580907380208373,0.017937570036338,0,0,
2013,2,14,0.00756713794544339,0.00629199782770229,0,0,
2013,2,15,0.0245503298938274,0.0176926324306805,0,0,
2013,2,16,0.0103984037414193,0.0171986430041216,1.81898940354586e-12,0,
2013,2,17,2.4857325553894,1.05226805420762,-1.81898940354586e-12,0,
2013,2,18,4.21511936187744,3.31119518009655,0,0,
2013,2,19,0.0869728401303291,1.95698196051171,0,0,
2013,2,20,0,0.0252176500671339,0,0,
2013,2,21,0.000374089169781655,0.000186862402642873,0,0,
2013,2,22,0.0310708545148373,0.0101850952432869,0,0,
2013,2,23,0.0185966864228249,0.0282122190792506,0,0,
2013,2,24,0.00114684330765158,0.0113081078502546,0,0,
2013,2,25,0.0169687140733004,0.00812428110293695,0,0,
2013,2,26,0.0459240153431892,0.0213485623671659,0,0,
2013,2,27,0.00722759263589978,0.0281530953029687,0,0,
2013,2,28,0.001380295609124,0.00524515948791304,0,0,
2013,3,1,0.0372551158070564,0.00682691526480994,0,0,0
2013,3,2,0.0120625402778387,0.0223183739003616,0,0,0
2013,3,3,2.83710360527039,1.24730862456863,1.81898940354586e-12,0,0
2013,3,4,12.2619619369507,7.43148029716895,-1.81898940354586e-12,0,0
2013,3,5,5.5222339630127,8.65931901620161,0,0,0
2013,3,6,0.053155068308115,3.0270529696927,0,0,0
2013,3,7,0.00284240115433931,0.0213552507725581,0,0,0
2013,3,8,0.018340066075325,0.00972057972194307,0,0,0
2013,3,9,0.132786333560944,0.0498315974923571,0,0,0
2013,3,10,0.094794750213623,0.105602681410346,0,0,0
2013,3,11,0.0917615443468094,0.0930948110881218,0,0,0
2013,3,12,0.00633871136233211,0.0599964137409188,0,0,0
2013,3,13,0.0257374811917543,0.0114032228912038,0,0,0
2013,3,14,0.0364709421992302,0.030427833183694,0,0,0
2013,3,15,0.820740461349487,0.439212235918149,0,0,0
2013,3,16,0.441422045230866,0.636808088526777,0,0,0
2013,3,17,5.21766757965088,2.58151048956097,1.81898940354586e-12,4.54747350886464e-13,0
2013,3,18,6.19934797286987,5.93416084542832,-1.81898940354586e-12,-4.54747350886464e-13,0
2013,3,19,0.48771059513092,3.46414454058686,0,0,0
2013,3,20,9.94524380075745e-05,0.184314923480997,0,0,0
2013,3,21,0.0218552965670824,0.00952308835439908,0,0,0
2013,3,22,0.0335907787084579,0.0244454513726851,0,0,0
2013,3,23,0.012896734289825,0.0215124919245682,0,0,0
2013,3,24,0.0206358954310417,0.0167119216839637,0,0,0
2013,3,25,0.0030156965367496,0.0180417207625396,0,0,0
2013,3,26,0.052484929561615,0.0221268550617424,0,4.54747350886464e-13,0
2013,3,27,0.0216874852776527,0.0443858556532177,0,-4.54747350886464e-13,0
2013,3,28,0.0242853686213493,0.0242333316255099,0,0,0
2013,3,29,0.00256110075861216,0.0123499236938187,0,0,0
2013,3,30,0.123369619250298,0.0462741499791264,0,0,0
2013,3,31,0.0419341996312141,0.104783192519335,0,0,0
2013,4,1,0.0104197580367327,0.029655341954367,0,0,0
2013,4,2,0,0.00533590731402001,0,0,0
2013,4,3,0.0799679309129715,0.0126183558804769,0,0,0
2013,4,4,0.0027795301284641,0.0366466297627994,0,0,0
2013,4,5,0.253924638032913,0.111961853416688,0,0,0
2013,4,6,0.0817856937646866,0.201111946237688,0.00606413393325056,0,0
2013,4,7,0.252904295921326,0.076420318025157,0.0357831200180954,0,0
2013,4,8,0.085890531539917,0.107741739679113,0.0681339590373682,-4.54747350886464e-13,0
2013,4,9,0.00733878742903471,0.0625767353094489,1.81898940354586e-12,4.54747350886464e-13,0
2013,4,10,0.00801484100520611,0.00968392154572939,0,0,0
2013,4,11,0.49910306930542,0.0985603482731676,0,0,0
2013,4,12,1.29522693157196,0.545708284861576,0.192780009076159,-4.54747350886464e-13,0
2013,4,13,0.437671452760696,0.67331025753856,0.429057034214566,4.54747350886464e-13,0
2013,4,14,2.26834034919739,0.99463367558883,0.201492610944115,0,0
2013,4,15,7.01094055175781,1.94071166101276,2.69892768354475,0.62193522390362,0
2013,4,16,1.18238008022308,1.31845981736069,2.78862559072331,0.6241603291719,0
2013,4,17,0.134184136986732,0.320927990138898,0.348977910840404,0,0.0013714285833495
2013,4,18,0.0893149226903915,0.0548348375200476,0.0569581227991876,0,0.00320000009877341
2013,4,19,0.000106092193163931,0.0194016870937048,0.0250074236864748,0,0.00777142899377005
2013,4,20,0.00736799091100693,0.00345895722421119,1.36047310661525e-05,0,0.0155428579875401
2013,4,21,1.00648939609528,0.119387041183927,0.159866857766247,0,0.0205714293888637
2013,4,22,0.285146534442902,0.326333716746376,0.435997129101452,0,0.0274285708154951
2013,4,23,0.00363766588270664,0.0562750497620073,0.0551378724576352,0,0.0914285727909633
2013,4,24,0.082228034734726,0.024421437752153,0.0207626987685217,0,0.375314276559012
2013,4,25,0.00630417885258794,0.0280598676363297,0.0257788029302901,4.54747350886464e-13,1.02857142857143
2013,4,26,0.0114020733162761,0.00137669754258241,0.00747642827082018,20.8608249636727,3.39200003487723
2013,4,27,0.000916457793209702,0,0.00617583675557398,64.2605098687068,6.08000008719308
2013,4,28,0.0010739213321358,0,0.000995001526462147,21.9522629707521,8.5028573172433
2013,4,29,2.75135397911072,0,1.34492894683353,0,7.54285714285714
2013,4,30,13.3479022979736,0,7.98917898812942,0,5.8971426827567
2013,5,1,0.405905961990356,0.0373843883003246,6.95949254242078,0.0373843883003246,3.95885707310268
2013,5,2,0.00510035967454314,0.0391494157761372,0.166651774383354,0.0381472372450844,2.50057133265904
2013,5,3,0.000911562005057931,0.00100367124196055,0.00200228980065731,0.0050997402554458,1.6
2013,5,4,0.000764062453527004,0,0.000836293660540832,0,1.05599997384208
2013,5,5,0.00500514404848218,-4.54747350886464e-13,0.00281343673668744,-4.54747350886464e-13,0.809142848423549
2013,5,6,0.000301963824313134,4.54747350886464e-13,0.00273155897230026,4.54747350886464e-13,0.722285733904157
2013,5,7,1.70026050909655e-05,0,0.000156098758452572,0,0.681142861502511
2013,5,8,0.00407430296763778,0,0.00228966905160632,0,0.754285703386579
2013,5,9,0.019698852673173,0,0.0109494078242278,0,0.685714285714286
2013,5,10,0.146423488855362,0,0.0755743760437326,0,0.639999989100865
2013,5,11,0.0621458478271961,0,0.105022699190158,0,0.639999989100865
2013,5,12,0.00237782835029066,0,0.0343554283244885,0,0.425599997384208
2013,5,13,0.213534638285637,0,0.100172399736039,0,0.414171436854771
2013,5,14,0.447255253791809,0,0.313930298168998,0,0.512000002179827
2013,5,15,0.292273491621017,0,0.37096172915335,0,0.363885716029576
2013,5,16,0.0810785889625549,0,0.188590906707759,0,0.307657132829939
2013,5,17,0.989961624145508,0,0.527985417531454,0,0.284342847551618
2013,5,18,2.6425507068634,0,1.84595449241897,0,0.16457143511091
2013,5,19,11.9456348419189,0,7.3196319896997,0,0.141714286804199
2013,5,20,30.4126701354981,0,21.17530437592,0,0.144457149505615
2013,5,21,12.1219396591187,0,21.2631783552606,0,0.22720000403268
2013,5,22,0.0982601195573807,0,6.28281231895562,0,0.365714291163853
2013,5,23,0.000201103146537207,0,0.046696523528226,0,0.475428553989955
2013,5,24,0.175595641136169,0,0.0901110950817383,0,0.450742857796805
2013,5,25,0.402586847543716,0,0.292724439432277,0,0.434285708836147
2013,5,26,0.0561831407248974,0,0.259296064019509,0,0.475428553989955
2013,5,27,0.0248306263238192,0,0.0416640668390755,0,0.489142881120954
2013,5,28,0.915397822856903,0,0.407140977986273,0,0.40091427394322
2013,5,29,0.17961597442627,0,0.612916571468304,0,0.241828564235142
2013,5,30,16.293270111084,0,8.20766614344757,0,0.107428571156093
2013,5,31,24.3541145324707,0,20.2818606350338,0,0.260571425301688
2013,6,1,4.86905908584595,-4.54747350886464e-13,14.6725487095955,0,1.29828567504883
2013,6,2,0.00608731992542744,4.54747350886464e-13,2.5157808975182,0,1.5634286063058
2013,6,3,0.0154082644730806,0,0.0111655800392327,0,1.76914280482701
2013,6,4,1.18345677852631,4.54747350886464e-13,0.546710666914805,4.54747350886464e-13,1.5634286063058
2013,6,5,1.45776009559631,-4.54747350886464e-13,1.30640657715048,-4.54747350886464e-13,1.0514285496303
2013,6,6,0.300508767366409,0,0.94562630080145,0,0.598857116699219
2013,6,7,1.70300197601318,-4.54747350886464e-13,0.968936289164049,0,0.347885704040527
2013,6,8,1.17295277118683,4.54747350886464e-13,1.40386800657689,0,0.158171422140939
2013,6,9,0.278738558292389,0,0.749842229599381,0,0.0758857113974435
2013,6,10,3.83071374893189,0,2.1156996813861,0,0.0571428571428571
2013,6,11,1.18374586105347,0,2.52097963946289,0,0.0484571422849383
2013,6,12,0.000289135292405263,0,0.514798696660364,0,0.0429714271000453
2013,6,13,0.0639212056994438,0,0.0299385444304789,0,0.0374857153211321
2013,6,14,1.27718770503998,0,0.763925397030107,0,0.0338285718645368
2013,6,15,0.744652986526489,0,1.04354095960844,0,0.0301714284079415
2013,6,16,0.154761806130409,0,0.497453260204566,0,0.0278857145990644
2013,6,17,0.00333410291932523,0,0.065249699717242,0,0.025142857006618
2013,6,18,0.0074449023231864,0,0.00562330612046935,0,0.0223999994141715
2013,6,19,0.0109147801995277,0,0.00904019990230154,0,0.0187428576605661
2013,6,20,0.202207878232002,0,0.100932557816122,0,0.0150857142039708
2013,6,21,0.145138263702393,0,0.1706898074317,0,0.0123428574630192
2013,6,22,0.0458173118531704,0,0.0976453890380071,0,0.00959999987057277
2013,6,23,7.30282115936279,0,3.66049647695036,0,0.00914285693849836
2013,6,24,6.96503162384033,0,7.13125537586529,0,0.00868571400642395
2013,6,25,9.12561702728271,0,8.02010331427846,0,0.00640000019754682
2013,6,26,12.4439506530762,0,10.7293216931739,0,0.00868571400642395
2013,6,27,0.268510520458221,0,6.40027210514563,0,0.014171428339822
2013,6,28,2.07203936576843,0,1.1869710280389,4.54747350886464e-13,0.0603428568158831
2013,6,29,0.0333977080881596,0,1.08483480732866,-4.54747350886464e-13,0.0690285682678223
2013,6,30,0.000487808778416365,0,0.0148856026880821,0,0.0603428568158831
2013,7,1,0.0248352959752083,0,0.0110674898787693,0,0.0576000009264265
2013,7,2,0.000405558006605133,0,0.0109212662118807,0,0.0484571422849383
2013,7,3,0.00427303742617369,0,0.00227767095020681,0,0.0374857153211321
2013,7,4,1.84210312366486,0,0.930403020392987,0,0.0278857145990644
2013,7,5,0.00671692797914147,0,0.945451407062137,0,0.0214857135500227
2013,7,6,2.08420968055725,0,1.05469971334242,0,0.0169142859322684
2013,7,7,0.104741908609867,0,1.07687683366566,0,0.0137142854077475
2013,7,8,1.88757610321045,0,0.976796924913288,0,0.0105142857347216
2013,7,9,9.31893062591553,0,5.58278020589569,0,0.00914285693849836
2013,7,10,0.460350394248962,0,4.89566771133468,0,0.00685714270387377
2013,7,11,0.0350273214280605,0,0.249459721555468,0,0.00502857140132359
2013,7,12,5.66919040679932,0,2.8461571919288,0,0.00365714303084782
2013,7,13,7.36295557022095,0,6.64584631961407,0,0.00228571423462459
2013,7,14,0.042109552770853,0,3.75940809853273,4.54747350886464e-13,0.000914285757711955
2013,7,15,0.643796920776367,0,0.286088735616431,-4.54747350886464e-13,0.000457142878855978
2013,7,16,2.31577658653259,0,1.43401960115443,0,0.000457142878855978
2013,7,17,3.27769136428833,0,2.79164961117931,0,0
2013,7,18,22.2809085845947,0,12.8107749906176,0,0.000457142878855978
2013,7,19,3.68678021430969,0,12.9175219781646,0,0.000914285757711955
2013,7,20,0.01093789935112,0,1.96435580855541,0,0.000457142878855978
2013,7,21,3.11761426925659,0,1.46256153975992,4.54747350886464e-13,0.000457142878855978
2013,7,22,3.49057292938232,0,3.2882375395784,-4.54747350886464e-13,0.000457142878855978
2013,7,23,0.0682181045413017,0,1.79875022746455,0,0
2013,7,24,3.4171724319458,0,1.66257306014995,0,0
2013,7,25,6.03482675552368,0,4.72321016655769,0,0
2013,7,26,1.71809589862823,0,3.87554601186639,0,0.000457142878855978
2013,7,27,0.0944593176245689,-4.54747350886464e-13,0.880517123896425,0,0
2013,7,28,0.000110346547444351,4.54747350886464e-13,0.0609213572643057,0,0
2013,7,29,2.3019654750824,0,1.15941009482776,0,0
2013,7,30,1.0591733455658,0,1.60050866326492,0,0
2013,7,31,0.0459864437580109,0,0.595636035794087,0,0
2013,8,1,0.141767859458923,0,0.0950344972516177,0,0
2013,8,2,0.202296406030655,4.54747350886464e-13,0.161214716479662,0,0
2013,8,3,0.00351621094159782,0,0.0761032180289476,0,0
2013,8,4,5.85668325424194,-4.54747350886464e-13,2.90780241152788,0,0
2013,8,5,8.51753330230713,0,7.23705581269132,0,0
2013,8,6,3.16419959068298,0,5.93134274235854,0,0
2013,8,7,0.604154467582703,0,1.90698362046351,0,0
2013,8,8,0.123606517910957,0,0.362594412894396,0,0
2013,8,9,0.0602584294974804,0,0.0872703220156836,0,0
2013,8,10,1.80693089962006,0,0.873412087197721,0,0
2013,8,11,0.315387070178986,0,1.09781064992058,0,0
2013,8,12,0.0158923026174307,0,0.151004344159446,0,0
2013,8,13,0.000224064729991369,0,0.00850748704579019,4.54747350886464e-13,0
2013,8,14,0.000326929643051699,0,0.000285413387246081,-4.54747350886464e-13,0
2013,8,15,0.0322235114872456,0,0.0183528240850137,0,0
2013,8,16,0.0103637287393212,0,0.0225855424287147,0,0
2013,8,17,0.00067019322887063,0,0.00616757344505459,0,0
2013,8,18,1.63283944129944,0,0.805360519607348,0,0
2013,8,19,0.317890524864197,0,0.979513236532512,0,0
2013,8,20,0.141220346093178,0,0.228812589031804,0,0
2013,8,21,0.0558484084904194,0,0.0964041984734649,0,0
2013,8,22,8.33131562103517e-05,0,0.0243306533884606,0,0
2013,8,23,0.00733888987451792,0,0.00314833271113457,0,0
2013,8,24,2.99821448326111,0,1.50071052583189,0,0
2013,8,25,6.54231071472168,0,4.76828263571042,0,0
2013,8,26,0.0169134084135294,0,3.28009492814454,0,0
2013,8,27,0.00210219318978488,0,0.00888323721483175,0,0
2013,8,28,0.124041184782982,0,0.0557074055759586,0,0
2013,8,29,4.59002590179443,0,2.36968303737012,-4.54747350886464e-13,0
2013,8,30,3.59477496147156,0,4.09282421294483,4.54747350886464e-13,0
2013,8,31,10.8799142837524,0,7.20985575018858,0,0
2013,9,1,3.80745697021484,0,7.27505463056332,0,0
2013,9,2,0.473834574222565,0,2.19926914017924,0,0
2013,9,3,0.000173079301021062,0,0.245010208718668,0,0
2013,9,4,5.86048226978164e-05,0,0.000121083368867403,0,0
2013,9,5,6.90517772454768e-05,0,6.48678214929532e-05,0,0
2013,9,6,0.111824065446854,4.54747350886464e-13,0.0593727920859237,0,0
2013,9,7,0.0121399499475956,-4.54747350886464e-13,0.0578209131035692,0,0
2013,9,8,0.946537613868713,0,0.463779083303962,0,0
2013,9,9,7.10342884063721,0,4.04893302865639,0,0
2013,9,10,1.8769862651825,0,4.48044040298555,0,0
2013,9,11,0.351707458496094,0,1.1184077380276,0,0
2013,9,12,0.077600933611393,0,0.187460281991662,0,0
2013,9,13,3.04126333503518e-05,0,0.0398568944401632,-4.54747350886464e-13,0
2013,9,14,0.996551632881165,0,0.457390351315553,4.54747350886464e-13,0
2013,9,15,0.045361153781414,0,0.537705988506787,0,0
2013,9,16,3.57761236955412e-05,0,0.0190779655422375,0,0
2013,9,17,0.00572273693978787,0,0.00285458721918985,0,0
2013,9,18,0.18828621506691,0,0.103639005177683,0,0
2013,9,19,0.357125818729401,0,0.268147485952795,0,0
2013,9,20,0.209332525730133,0,0.294246255598409,-4.54747350886464e-13,0
2013,9,21,0.386769115924835,4.54747350886464e-13,0.309505305405764,4.54747350886464e-13,0
2013,9,22,0.298346608877182,-4.54747350886464e-13,0.347229200246147,0,0
2013,9,23,0.771452248096466,0,0.595786361422142,0,0
2013,9,24,0.00411398475989699,0,0.386509744337673,0,0
2013,9,25,0.000316054181894287,0,0.00199816266467678,0,0
2013,9,26,0.115131683647633,0,0.0516356092757633,0,0
2013,9,27,4.75650405883789,0,2.41964495477259,0,0
2013,9,28,14.1708192825317,0,9.49374488389731,0,0
2013,9,29,1.91475021839142,0,8.10988863494094,0,0
2013,9,30,3.84427833557129,0,2.89470906251518,0,0
2013,10,1,0.65013587474823,0,2.27418167862197,0,0
2013,10,2,0.0346810966730118,0,0.352590543408951,0,0
2013,10,3,0.0761483162641525,0,0.0531178287455987,0,0
2013,10,4,0.118838645517826,0,0.101953433473682,0,0
2013,10,5,1.59985196590424,0,0.807120349665638,0,0
2013,10,6,0.326064676046371,0,1.00912399160006,0,0
2013,10,7,0.0220056753605604,0,0.21400152708884,0,0
2013,10,8,1.08281437860569e-05,0,0.00913601391766861,-4.54747350886464e-13,0
2013,10,9,0.000659048673696816,0,0.000552252124180086,4.54747350886464e-13,0
2013,10,10,0.012520058080554,0,0.0035480658589222,0,0
2013,10,11,4.25130462646484,0,2.16327592536254,-4.54747350886464e-13,0
2013,10,12,3.23319506645203,0,3.80839617044512,4.54747350886464e-13,0
2013,10,13,0.0423503257334232,0,1.69512531005785,0,0
2013,10,14,2.16329789161682,0,1.10881788923507,0,0
2013,10,15,5.68647623062134,0,4.00473115960813,0,0
2013,10,16,0.00864811893552542,0,2.9320899312861,0,0
2013,10,17,0.00392525922507048,0,0.00714517905180401,0,0
2013,10,18,0.243918731808662,0,0.157814786041854,0,0
2013,10,19,0.681133568286896,0,0.518900462191596,0,0
2013,10,20,0.368957579135895,0,0.487017787327204,0,0
2013,10,21,0.694444119930267,0.107012709764149,0.424672204901071,0.107012709763694,0
2013,10,22,0.032507847994566,0.109936575789106,0.253541999993104,0.109936575789561,0
2013,10,23,0.0137651823461056,0.0062065249776424,0.0169342516455799,0.00291389608719328,0
2013,10,24,0.0406908839941025,0.00448733586608796,0.0227406933627208,0.0149522383217118,0
2013,10,25,0.0234929993748665,0.00145864884370894,0.0325462084256287,0.00145864884370894,0
2013,10,26,0.01205640938133,0,0.0197455299421563,0,0
2013,10,27,0.00294394814409316,0.000110341345589404,0.00826749689440476,0.000110341345589404,0
2013,10,28,0.000119369025924243,0.000198824334802339,0.00144193977757823,0.000142012966989569,0
2013,10,29,0.000391063163988292,0.000251078518431314,0,0,0
2013,10,30,0.000204457479412667,0.000237834175550233,5.91626667301171e-05,0,0
2013,10,31,0.0130158774554729,4.35462429777544e-05,0.00656662342771597,0.000707221132415725,0
2013,11,1,0.0102031975984573,0,0.0112625721994846,0,
2013,11,2,0.00248234113678336,0,0.00587320906561217,0,
2013,11,3,0.0023548724129796,0,0.00244160224610823,0,
2013,11,4,0.00228261249139905,0,0.0023133039521781,0,
2013,11,5,0.000724429846741259,0.000249185518441664,0.00126116161663958,-4.54747350886464e-13,
2013,11,6,0.00115597771946341,0.000819593725736922,0.000114146650957991,4.54747350886464e-13,
2013,11,7,0.00169657391961664,0.00141715721156288,0,0,
2013,11,8,0.936216950416565,0.468939470353234,1.10714354377706e-05,4.54747350886464e-13,
2013,11,9,0.874562442302704,0.584580618191012,0.32080904185932,1.05625421970262,
2013,11,10,0.0562825500965118,0.144634307589968,0.32083174111358,0.116496028150323,
2013,11,11,0.00510212033987045,0.0308729408975523,0,0,
2013,11,12,0.000561067368835211,0.00263131464043909,0,0,
2013,11,13,0.172890797257423,0.000280533756722434,0.0864453764643258,0.0619211719763371,
2013,11,14,0.180582389235497,-4.54747350886464e-13,0.176638137314512,-4.54747350886464e-13,
2013,11,15,0.0737130269408226,4.54747350886464e-13,0.130538413479371,4.54747350886464e-13,
2013,11,16,1.95381736755371,0.0750596594316448,0.919842573861388,0.0750596594316448,
2013,11,17,3.81769394874573,1.34223148149704,1.54352382285288,0.0765966666249369,
2013,11,18,0.0247889440506697,1.26988188617588,0.63902987115398,0,
2013,11,19,0.0027065637987107,0.0110416142333634,0,0,
2013,11,20,1.45707023143768,0.735406240594784,0,0,
2013,11,21,0.958548128604889,1.20242988270911,0,0,
2013,11,22,0.0526592172682285,0.488689634705224,0,0,
2013,11,23,0.00371478218585253,0.0432544904888346,0,0,
2013,11,24,0.0193282011896372,0.00938231726559025,0,0,
2013,11,25,0.588276863098145,0.279913915623638,0,0,
2013,11,26,0.615644216537476,0.606912579414257,0,0,
2013,11,27,1.95839369297028,1.26591994639375,0,0,
2013,11,28,0.262213587760925,1.13570762219615,0,0,
2013,11,29,0.0021013889927417,0.15540281090307,1.81898940354586e-12,4.54747350886464e-13,
2013,11,30,0.0471204221248627,0.0189088171282492,-1.81898940354586e-12,-4.54747350886464e-13,
2013,12,1,0.337694346904755,0.161883287531055,0,0,
2013,12,2,1.48971450328827,0.9112833277145,0,0,
2013,12,3,2.45271301269531,1.96523289549532,0,0,
2013,12,4,5.51832246780396,4.03322138723934,-1.81898940354586e-12,0,
2013,12,5,2.5284640789032,3.95390703433304,1.81898940354586e-12,0,
2013,12,6,0.0181989204138517,1.34447178323126,0,0,
2013,12,7,0.00876375287771225,0.0112299389020336,0,0,
2013,12,8,0.0622880682349205,0.0326702759007276,0,0,
2013,12,9,0.222430393099785,0.106306424280319,0,0,
2013,12,10,0.054392471909523,0.192412678203254,0,0,
2013,12,11,0.0312958769500256,0.0617956461073845,0,0,
2013,12,12,0.0497299656271935,0.0357979818218155,0,0,
2013,12,13,0.255291014909744,0.159656441362586,0,0,
2013,12,14,0.303624778985977,0.283633697399182,-1.81898940354586e-12,0,
2013,12,15,0.131465584039688,0.2391962007041,1.81898940354586e-12,0,
2013,12,16,0.847612857818604,0.515713420044449,0,0,
2013,12,17,0.23547774553299,0.615719340472424,-1.81898940354586e-12,0,
2013,12,18,0.0763465985655785,0.109162109844419,1.81898940354586e-12,0,
2013,12,19,0.013769468292594,0.0293955902238849,0,0,
2013,12,20,0.0059548132121563,0.00917238107422236,0,0,
2013,12,21,0.0446707084774971,0.0149637345807605,0,0,
2013,12,22,0.0206953044980764,0.0296076048393843,0,0,
2013,12,23,0.113599576056004,0.0615009203702357,0,0,
2013,12,24,0.808742642402649,0.501874981209767,0,0,
2013,12,25,0.696349561214447,0.760572592677363,0,0,
2013,12,26,0.0737344026565552,0.476767583095352,1.81898940354586e-12,0,
2013,12,27,1.43058121204376,0.718133582516657,-1.81898940354586e-12,0,
2013,12,28,1.2613832950592,1.40647930115574,0,0,
2013,12,29,0.265989929437637,0.824228022693205,0,0,
2013,12,30,0.0444986633956432,0.123458196947013,0,0,
2013,12,31,0.00154707825277001,0.0248868471044261,0,0,
2014,1,1,0.0341437682509422,0.00945319279708201,0,0,
2014,1,2,0.302099376916885,0.180214972611793,1.81898940354586e-12,0,
2014,1,3,5.12058544158936,2.64845987214085,-1.81898940354586e-12,0,
2014,1,4,2.36703014373779,3.86774621275117,0,0,
2014,1,5,0.0556934960186482,1.34208179108055,0,0,
2014,1,6,0.0705737397074699,0.0645058417544533,0,0,
2014,1,7,0.0377099327743053,0.0626282054154217,0,0,
2014,1,8,0.0185748301446438,0.0288544107033886,0,0,
2014,1,9,0.0170054771006107,0.0181960702334436,0,0,
2014,1,10,0.0654557943344116,0.0252354094127441,0,0,
2014,1,11,0.14129950106144,0.0971134157621236,0,0,
2014,1,12,0.0367709584534168,0.100194079772791,0,0,
2014,1,13,1.56740605831146,0.942622038402988,0,0,
2014,1,14,0.660446286201477,1.26582379242836,-1.81898940354586e-12,0,
2014,1,15,0.942693471908569,0.85483944808766,1.81898940354586e-12,0,
2014,1,16,0.656687438488007,0.752277529622006,0,0,
2014,1,17,2.11793184280396,1.3866027684353,0,0,
2014,1,18,2.35319471359253,2.19323241643679,0,0,
2014,1,19,0.571936011314392,1.3457813452178,1.81898940354586e-12,4.54747350886464e-13,
2014,1,20,0.235074281692505,0.326269912844964,-1.81898940354586e-12,-4.54747350886464e-13,
2014,1,21,2.03659629821777,1.01000122903861,0,0,
2014,1,22,0.64969664812088,1.50989026824027,0,0,
2014,1,23,0.493754059076309,0.618564322123348,0,0,
2014,1,24,2.60605549812317,1.74455380264089,0,0,
2014,1,25,1.23381209373474,1.77721023594222,0,0,
2014,1,26,0.921661853790283,0.990707021341223,0,-4.54747350886464e-13,
2014,1,27,0.0821001902222633,0.660595581907273,0,4.54747350886464e-13,
2014,1,28,0.0429087691009045,0.0648530178600595,0,0,
2014,1,29,0.000578695849981159,0.035160663680017,0,0,
2014,1,30,0.000158377370098606,0.00361810689173581,0,0,
2014,1,31,0.000216793632716872,0.000199870796222967,0,0,
2014,2,1,0.0281537547707558,0.0149474841864503,0,0,
2014,2,2,0.00147353368811309,0.0205507701116403,0,0,
2014,2,3,0.115502007305622,0.0165813354565216,0,0,
2014,2,4,0.00465424126014113,0.0590944046361983,0,0,
2014,2,5,0.00255975383333862,0.00386656604359814,0,0,
2014,2,6,0.0466028787195683,0.0102594590830449,0,0,
2014,2,7,5.91243770031724e-05,0.0203695542909372,0,0,
2014,2,8,0.00125994998961687,0.000449778912752663,0,0,
2014,2,9,0.000250078097451478,0.000612216496392648,0,0,
2014,2,10,0.000393452937714756,0.000372704977053218,0,0,
2014,2,11,0.554472208023071,0.169153103705867,0,0,
2014,2,12,3.47567057609558,1.79165090432571,0,0,
2014,2,13,1.5252982378006,2.60408430808275,0,0,
2014,2,14,0.224502339959145,0.762862450749253,0,0,
2014,2,15,0.0537050887942314,0.0920980460377905,0,0,
2014,2,16,1.7766627073288,0.781880356754755,0,0,
2014,2,17,4.74147653579712,3.26134412423335,0,-4.54747350886464e-13,
2014,2,18,0.0121912164613605,2.33420829761099,0,4.54747350886464e-13,
2014,2,19,0.473351091146469,0.0947424814521582,0,0,
2014,2,20,0.336444914340973,0.373130262108134,0,0,
2014,2,21,0.107390604913235,0.272457991366082,0,0,
2014,2,22,0.0404746271669865,0.0770672028056652,0,0,
2014,2,23,0.0204036124050617,0.0234033873880435,0,0,
2014,2,24,0.0194604024291039,0.019584775626754,0,0,
2014,2,25,0.0354063622653484,0.0253864372966746,0,0,
2014,2,26,0.043329831212759,0.039276032620819,0,0,
2014,2,27,0.100002244114876,0.0580972178881893,0,0,
2014,2,28,0.0848558992147446,0.0891664318869516,0,0,
2014,3,1,0.0136863440275192,0.0592352099738491,0,0,0
2014,3,2,0.00255260732956231,0.0130809923898596,0,0,0
2014,3,3,0.177708089351654,0.058367421344883,0,4.54747350886464e-13,0
2014,3,4,0.235893324017525,0.191883251168747,0,-4.54747350886464e-13,0
2014,3,5,2.08727717399597,1.27492040286324,0,0,0
2014,3,6,3.29644560813904,2.487650948191,0,0,0
2014,3,7,1.7699990272522,2.79287909426421,1.81898940354586e-12,4.54747350886464e-13,0
2014,3,8,0.0217856951057911,1.05093538385017,-1.81898940354586e-12,-4.54747350886464e-13,0
2014,3,9,0.000192274164874107,0.00732644988966058,1.5397927199956e-07,0,0
2014,3,10,0.00117985345423222,0.000406161368573521,0.000302426207781537,0,0
2014,3,11,0.00485585629940033,0.00178737590749734,0.000417211211242829,0,0
2014,3,12,0.00656249979510903,0.00567222226027297,1.85608714673435e-05,-4.54747350886464e-13,0
2014,3,13,0.00202403240837157,0.00578596938339615,1.81898940354586e-12,4.54747350886464e-13,0
2014,3,14,0.0214526262134314,0.0102466398229808,0,0,0
2014,3,15,0.00584613252431154,0.0187931236896475,0,0,0
2014,3,16,1.59855651855469,0.658954271611037,0,0,0
2014,3,17,0.227079465985298,0.645001511899864,1.5902913219179e-05,0,0
2014,3,18,0.00813728850334883,0.0585146911689662,0.000238521733990638,0,0
2014,3,19,0.000463084637885913,0.00379275581190086,0.000155616391566582,0,0
2014,3,20,0.304069221019745,0.0551964347187095,2.18102268263465e-05,0,0
2014,3,21,0.587050020694733,0.392738571654263,2.12254235520959e-06,0,0
2014,3,22,0.0562413595616818,0.479355408611809,1.81898940354586e-12,0,0
2014,3,23,0.000642728700768203,0.0667911582013403,-1.81898940354586e-12,0,0
2014,3,24,0.0105924839153886,0.00877818697881594,1.81898940354586e-12,0,0
2014,3,25,0.0087980143725872,0.0098938322335016,0,0,0
2014,3,26,0.00983426440507174,0.00925654327329539,0,0,0
2014,3,27,0.00963130593299866,0.00968753996176019,0,0,0
2014,3,28,8.1371319538448e-05,0.00590040597126063,0,0,0
2014,3,29,0.00473730452358723,0.00386135976805235,0.000754425451304996,0,0
2014,3,30,0.0631170943379402,0.0239410171616328,0.0267138469298516,0,0
2014,3,31,6.97671699523926,3.56330701924935,0.016686915208993,0,0
2014,4,1,6.42936372756958,6.70286654749452,0,0,0
2014,4,2,0.48788520693779,3.69092017344383,-1.81898940354586e-12,0,0
2014,4,3,1.80457448959351,1.05739825407909,8.06884672783781e-05,-4.54747350886464e-13,0
2014,4,4,0.965184509754181,1.17964820306361,0.127871818040148,4.54747350886464e-13,0
2014,4,5,0.0287752691656351,0.289962043158539,0.0936316204260947,0,0
2014,4,6,0.0142917772755027,0.00518268752193762,0.0163508346686285,5.58599998725777,0
2014,4,7,0.00154805881902576,0.000408163407428219,0.00914457604449126,11.0434891265131,0
2014,4,8,0.0416417010128498,0.00241597759759316,0.0182116626801871,9.54238469913616,0
2014,4,9,0.0112805850803852,0.00250316980054777,0.0240078705683118,29.4945663344356,0
2014,4,10,0.017436683177948,0,0.0143620486396685,39.9444734282065,0
2014,4,11,0.056770633906126,0,0.0370591757491638,0,0.13348571232387
2014,4,12,2.66614842414856,0.296990977068162,1.05393290670145,0.296990977068162,0.612571443830218
2014,4,13,0.600542426109314,0.58603459662163,1.04731279842599,0.299409338756959,0.594285692487444
2014,4,14,0.00597184244543314,0.289824401006626,0.0136556399211258,0,0.493714305332729
2014,4,15,0.00548026850447059,0.00575630951561834,0,0,0.918857138497489
2014,4,16,0.0124001679942012,0.00898130152427257,0,0,1.60457142421177
2014,4,17,5.23148719366873e-06,0.00622740672588407,2.718334144447e-07,0,2.24457135881696
2014,4,18,0.801731586456299,0.0228535882956749,0.378014966161572,0.647571062269435,4.2971426827567
2014,4,19,0.728385329246521,0.0228548400455111,0.742209399886633,0.0228548400455111,5.76000017438616
2014,4,20,0.0530522875487804,0,0.371597566296259,0,6.17142857142857
2014,4,21,0.00974314007908106,0,0.0314183174214122,-4.54747350886464e-13,6.30857151576451
2014,4,22,0.0172680523246527,0,0.0135064100468298,4.54747350886464e-13,4.93714294433594
2014,4,23,4.39222097396851,0,2.04660205677465,0,3.06285705566406
2014,4,24,8.93087482452393,0,6.57821668409088,0,1.51314283098493
2014,4,25,1.75745415687561,0,5.27911214437154,0,0.905142865862165
2014,4,26,0.107020601630211,0,0.93574362160507,0,0.630857140677316
2014,4,27,1.60426783561707,0,0.930805687083193,0,0.585142844063895
2014,4,28,11.6101579666138,0,6.53665237330279,0,0.941714259556362
2014,4,29,6.98619222640991,0,9.26108503438809,0,1.83314296177455
2014,4,30,0.838783800601959,0,3.86316237394385,0,1.0331428527832
2014,5,1,1.15574431419373,0,0.994594433870589,0,0.658285740443638
2014,5,2,0.673827886581421,0,0.917937947902828,0,0.466285705566406
2014,5,3,0.18545725941658,0,0.43903101896467,0,0.389942850385393
2014,5,4,0.324085742235184,0,0.245933704049094,0,0.299885722569057
2014,5,5,0.487704455852509,0,0.405411413596084,0,0.222628566196987
2014,5,6,0.247614800930023,0,0.373454891552683,0,0.180114282880511
2014,5,7,3.76256608963013,-4.54747350886464e-13,1.93362590347897,0,0.157714285169329
2014,5,8,3.14004850387573,4.54747350886464e-13,3.46021025355549,0,0.152228573390416
2014,5,9,2.17866277694702,0,2.6854889805345,0,0.155885710035052
2014,5,10,0.0230277702212334,0,1.10617536561585,0,0.160457147870745
2014,5,11,1.13409328460693,0,0.581294283201714,4.54747350886464e-13,0.151314285823277
2014,5,12,4.71971893310547,0,3.02307614157508,-4.54747350886464e-13,0.147657149178641
2014,5,13,6.84893989562988,0,5.64884979071394,0,0.15634286063058
2014,5,14,0.135683134198189,0,3.52383898207881,0,0.184228570120675
2014,5,15,0.0051272688433528,0,0.0651166315146838,0,0.356571415492467
2014,5,16,0.000117077142931521,0,0.00293780331776361,0,0.262400000435965
2014,5,17,0.0122096007689834,0,0.00555254101891478,0,0.165942859649658
2014,5,18,0.484872072935104,0,0.206610530050966,0,0.126171425410679
2014,5,19,7.61232614517212,0,4.04050845626807,0,0.119314289093018
2014,5,20,3.25631999969482,0,5.60196317188638,0,0.111542858396258
2014,5,21,0.103811234235764,0,1.79499233264505,0,0.0978285721370152
2014,5,22,0.0210779532790184,0,0.0623574801211362,0,0.0969142845698765
2014,5,23,0.00301332399249077,0,0.0114673940697685,4.54747350886464e-13,0.0941714286804199
2014,5,24,3.51359605789185,0,1.76947804986048,-4.54747350886464e-13,0.0891428538731166
2014,5,25,12.164589881897,0,7.74944895558292,-4.54747350886464e-13,0.0950857162475586
2014,5,26,3.86913251876831,4.54747350886464e-13,8.01951514801658,9.09494701772928e-13,0.108342858723232
2014,5,27,0.174590945243835,-4.54747350886464e-13,1.9177160915151,-4.54747350886464e-13,0.40045713697161
2014,5,28,0.309753715991974,0,0.249469331613,0,0.3775999886649
2014,5,29,0.0139566091820598,0,0.180255103601667,4.54747350886464e-13,0.265599986485073
2014,5,30,1.47640228271484,0,0.745624000504904,-4.54747350886464e-13,0.166857147216797
2014,5,31,2.97573351860046,0,2.18021110003974,0,0.132571424756731
2014,6,1,0.775259792804718,0,1.93660186691704,0,0.109257139478411
2014,6,2,3.59174227714539,0,2.14104983471771,0,0.101028571810041
2014,6,3,1.28827679157257,0,2.47720137406759,0,0.0946285724639893
2014,6,4,3.93207836151123,0,2.52675350474055,-4.54747350886464e-13,0.0882285731179374
2014,6,5,7.85672187805176,0,5.84672876666264,4.54747350886464e-13,0.0873142855507987
2014,6,6,0.0795179530978203,0,4.04578261452843,0,0.08639999798366
2014,6,7,0.0031501327175647,0,0.0362595264887204,0,0.0841142858777728
2014,6,8,1.1712554693222,0,0.588287448284973,0,0.0809142862047468
2014,6,9,1.27417576313019,0,1.2340467285685,0,0.0781714303152902
2014,6,10,0.0851155817508698,0,0.666773135098993,-4.54747350886464e-13,0.0781714303152902
2014,6,11,1.45555150508881,0,0.769541822195606,9.09494701772928e-13,0.0735999992915562
2014,6,12,1.03773534297943,0,1.25919406814137,0,0.068114287512643
2014,6,13,0.594622313976288,0,0.828047232191238,-4.54747350886464e-13,0.0644571440560477
2014,6,14,8.73814010620117,0,4.67540660110899,0,0.0608000005994524
2014,6,15,19.286563873291,0,13.9882672825515,0,0.0827428545270647
2014,6,16,8.04143905639648,0,13.5867646494644,0,0.268342862810407
2014,6,17,0.0210458897054195,0,3.88293708982383,0,0.498285729544503
2014,6,18,0.014636374078691,0,0.0176510542078177,0,0.566857147216797
2014,6,19,12.5478887557983,0,6.24622895807443,0,0.457142857142857
2014,6,20,11.3676300048828,0,11.9564479985565,0,0.507428577968052
2014,6,21,2.37598657608032,0,6.88736369774779,0,0.69028570992606
2014,6,22,0.0654165521264076,0,1.17530105727201,0,0.42285714830671
2014,6,23,3.37909555435181,0,1.84896487991136,0,0.306285721915109
2014,6,24,5.81328535079956,0,4.60276211243036,0,0.256914275033133
2014,6,25,0.926750302314758,0,3.45086066620024,0,0.229028565543039
2014,6,26,2.3416600227356,0,1.65236223268221,-4.54747350886464e-13,0.202057143620082
2014,6,27,2.29719495773315,0,2.31946213205083,4.54747350886464e-13,0.182399994986398
2014,6,28,9.34343814849854,0,5.90185846300119,0,0.175999995640346
2014,6,29,10.1141166687012,0,9.72630085578385,0,0.489142881120954
2014,6,30,11.0019636154175,0,10.5389936787378,0,1.32571432931083
2014,7,1,5.18703413009644,0,8.03080536276684,0,2.34057137625558
2014,7,2,0.070663332939148,0,2.70086569079285,0,3.03085719517299
2014,7,3,0.00154372630640864,0,0.0366078823772114,0,3.02628566196987
2014,7,4,1.86729621887207,0,0.811365270566967,0,2.68342851911272
2014,7,5,6.59541034698486,0,4.25298844567078,0,2.16228572300502
2014,7,6,2.94960618019104,0,4.93169050849429,0,1.55885718209403
2014,7,7,1.13706934452057,0,2.03047034428892,0,0.982857186453683
2014,7,8,3.89019083976746,0,2.41746374849026,0,0.58971426827567
2014,7,9,0.0318107232451439,0,2.01458426018326,0,0.393600000653948
2014,7,10,1.74684942066961e-06,0,0.0180340494571283,0,0.288457134791783
2014,7,11,0.0247838981449604,0,0.0123032186256751,0,0.23542856488909
2014,7,12,1.92532157897949,0,0.905145167700539,0,0.198857143947056
2014,7,13,3.46127247810364,0,2.65784518158216,0,0.169599996294294
2014,7,14,0.244047328829765,4.54747350886464e-13,1.89334979307023,0,0.144457149505615
2014,7,15,0.0103782499209046,0,0.135205783599304,0,0.124800000871931
2014,7,16,0.000444721808889881,-4.54747350886464e-13,0.00525285291223554,0,0.106971427372524
2014,7,17,0.00810594577342272,4.54747350886464e-13,0.00482537431525998,0,0.0937142848968506
2014,7,18,0.424467116594315,-4.54747350886464e-13,0.247000711506189,0,0.0868571417672294
2014,7,19,0.8932746052742,4.54747350886464e-13,0.681867677214541,0,0.0795428548540388
2014,7,20,0.369722157716751,-4.54747350886464e-13,0.630952528592388,0,0.0722285747528076
2014,7,21,7.32476139068604,0,3.83110919938736,0,0.0658285685947963
2014,7,22,17.8759078979492,0,12.5697761594838,0,0.063542856488909
2014,7,23,0.00762201333418489,0,8.89718071641255,0,0.0603428568158831
2014,7,24,0.0298161841928959,0,0.0176259278068756,0,0.0690285682678223
2014,7,25,0.0221540667116642,0,0.0255498708938831,-4.54747350886464e-13,0.106514283588954
2014,7,26,2.01845598220825,0,0.983506063183086,4.54747350886464e-13,0.111085714612688
2014,7,27,3.20104646682739,0,2.60378394658073,0,0.0978285721370152
2014,7,28,0.0101618552580476,-4.54747350886464e-13,1.58616404378517,0,0.0873142855507987
2014,7,29,0.0161593016237021,4.54747350886464e-13,0.0128048504466278,0,0.0795428548540388
2014,7,30,0.271755188703537,0,0.135646360435203,0,0.0740571430751256
2014,7,31,0.00275030150078237,0,0.113112900007764,0,0.0694857120513916
2014,8,1,0.00636119255796075,0,0.00433988227450755,0,0.0626285689217704
2014,8,2,0.192971855401993,0,0.0983323633026885,0,0.0539428574698312
2014,8,3,0.12638595700264,0,0.153427799348719,0,0.0466285705566406
2014,8,4,0.0131589453667402,0,0.0587919038589462,0,0.0397714274270194
2014,8,5,0.000612991338130087,0,0.00654093389857735,0,0.0347428560256958
2014,8,6,0.0381365977227688,0,0.0161555442900863,0,0.0297142846243722
2014,8,7,0.0264406371861696,0,0.0329918478491891,0,0.0265142849513463
2014,8,8,0.0596182830631733,0,0.0438273810468672,0,0.0233142852783203
2014,8,9,0.562211394309998,0,0.319791156720385,0,0.0201142856052944
2014,8,10,0.0428967587649822,0,0.296309246770761,0,0.0178285717964172
2014,8,11,0.0467442087829113,0,0.0445508644206711,0,0.0146285721233913
2014,8,12,0.00425205938518047,0,0.0242470080356725,0,0.0114285715988704
2014,8,13,0.00215138215571642,0,0.00338860579176981,0,0.00868571400642395
2014,8,14,0.00719839753583074,0,0.00476242290278606,0,0.00685714270387377
2014,8,15,0.00287389825098217,0,0.00537079286186781,0,0.00502857140132359
2014,8,16,0.00171244540251791,0,0.00233543803369685,0,0.00320000009877341
2014,8,17,2.68172860145569,0,1.33780486599608,0,0.00182857151542391
2014,8,18,3.03427767753601,0,2.85169073225006,0,0.0013714285833495
2014,8,19,1.11201548576355,0,2.0858771316889,4.54747350886464e-13,0.000914285757711955
2014,8,20,3.20086073875427,0,2.12825759884436,-9.09494701772928e-13,0.000457142878855978
2014,8,21,0.88677304983139,0,2.07927215490417,4.54747350886464e-13,0
2014,8,22,1.10377860069275,0,0.996270389223355,0,0
2014,8,23,8.71251583099365,0,4.88076211494627,-4.54747350886464e-13,0
2014,8,24,23.5347194671631,0,16.1326446753719,4.54747350886464e-13,0
2014,8,25,1.44145929813385,0,12.4690333985945,0,0
2014,8,26,0.226434022188187,0,0.901104350823516,0,0
2014,8,27,0.000611106283031404,0,0.117588270592023,0,0
2014,8,28,0.0230766590684652,0,0.00984459323080955,0,0
2014,8,29,4.33652114868164,0,2.19168447966877,0,0
2014,8,30,1.5658243894577,0,2.9668527533413,0,0
2014,8,31,11.0228958129883,0,6.38950579261655,0,0
2014,9,1,4.04295778274536,0,7.57770726866511,0,0
2014,9,2,2.14881443977356,0,3.16371136848466,4.54747350886464e-13,0
2014,9,3,3.41945362091064,0,2.69797715051391,-4.54747350886464e-13,0
2014,9,4,3.98980903625488,0,3.66161370278314,0,0
2014,9,5,0.882462203502655,0,2.54875978575365,0,0
2014,9,6,0.0388348959386349,0,0.317560806679467,0,0
2014,9,7,0.00202655093744397,0,0.00714164736018574,-4.54747350886464e-13,0
2014,9,8,0.00828216969966888,0,0.00549620948368101,4.54747350886464e-13,0
2014,9,9,0.132643222808838,0,0.0677364296170708,0,0
2014,9,10,0.0431646704673767,0,0.0896763167002064,0,0
2014,9,11,0.142740502953529,0,0.0913483276726765,0,0
2014,9,12,0.134145617485046,0,0.139911337968442,0,0
2014,9,13,0.437431484460831,0,0.24869254386067,0,0
2014,9,14,2.02147316932678,0,1.1925816198127,4.54747350886464e-13,0
2014,9,15,0.0267661083489656,0,1.04605399330103,-4.54747350886464e-13,0
2014,9,16,0.0461451336741447,0,0.0389473493287369,0,0
2014,9,17,0.00137531745713204,0,0.0266411808152043,0,0
2014,9,18,0.0479809418320656,0,0.0213196894110297,0,0
2014,9,19,4.31576919555664,0,2.14201207879887,0,0
2014,9,20,12.6115655899048,0,8.473768734857,0,0
2014,9,21,5.86085510253906,0,9.28505054274501,0,0
2014,9,22,0.00723811984062195,4.54747350886464e-13,2.93621402573626,4.54747350886464e-13,0
2014,9,23,0.0108277248218656,-4.54747350886464e-13,0.0100167466553103,-4.54747350886464e-13,0
2014,9,24,0.00771831581369042,0,0.0093298883184616,0,0
2014,9,25,0.0110646085813642,0,0.00910478751757182,0,0
2014,9,26,0.0183510426431894,4.54747350886464e-13,0.0147891631931998,4.54747350886464e-13,0
2014,9,27,0.398249477148056,-4.54747350886464e-13,0.171526493631973,-4.54747350886464e-13,0
2014,9,28,4.05927610397339,0,2.22404783091224,0,0
2014,9,29,4.85331249237061,0,4.52326972394258,-4.54747350886464e-13,0
2014,9,30,0.679904699325562,0,2.79779106244496,4.54747350886464e-13,0
2014,10,1,0.306219071149826,0,0.529995578641319,0,0
2014,10,2,1.58551669120789,0,1.01995851102038,0,0
2014,10,3,4.39016437530518,0,2.98494786418269,0,0
2014,10,4,0.120113216340542,0,2.17957242278681,0,0
2014,10,5,0.0105906929820776,-4.54747350886464e-13,0.0759714187679492,0,0
2014,10,6,0.235658407211304,4.54747350886464e-13,0.0893441764146701,0,0
2014,10,7,0.0473865382373333,0,0.126790082256775,0,0
2014,10,8,0.0117782596498728,0,0.0292564901737933,0,0
2014,10,9,0.00774393789470196,0,0.0111860124980012,0,0
2014,10,10,0.000577529950533062,0,0.00566351538145682,0,0
2014,10,11,0.0528638735413551,0,0.0301570158972027,0,0
2014,10,12,1.67879867553711,0,0.840514791687383,0,0
2014,10,13,0.363670140504837,0,1.06066266075686,0,0
2014,10,14,0.000241707530221902,0,0.1921931376055,0,0
2014,10,15,0,0,0.000137419730890542,0,0
2014,10,16,0.0549956262111664,0,0.0316282930907619,0,0
2014,10,17,0.840908169746399,0,0.421167324566341,0,0
2014,10,18,0.00276514305733144,0,0.469650199402167,0,0
2014,10,19,0.0275054257363081,0,0.0182213045827666,0,0
2014,10,20,0.00136282073799521,-4.54747350886464e-13,0.0180155426896818,0,0
2014,10,21,0.000119633878057357,4.54747350886464e-13,0.000801784695795504,0,0
2014,10,22,0.450401544570923,0,0.198484656868459,0,0
2014,10,23,0.388839036226273,0,0.41857247968801,0,0
2014,10,24,0.00113793695345521,0,0.208706223049376,0,0
2014,10,25,0.000173653985257261,0,0.000734443077817559,-4.54747350886464e-13,0
2014,10,26,0.050634752959013,0,0.021833014634467,4.54747350886464e-13,0
2014,10,27,0.0562053248286247,0,0.052884202432324,4.54747350886464e-13,0
2014,10,28,0.934013664722443,0,0.470934247001424,-4.54747350886464e-13,0
2014,10,29,0.540282249450684,0,0.757942938940687,0,0
2014,10,30,0.0196947399526835,0.0015348256897596,0.295751577554256,0.0015348256897596,0
2014,10,31,0.000900254584848881,0.00209646101984617,0.00821874444955029,0.0016471819490107,0
2014,11,1,0.00131670676637441,0.000450127234671527,0.000658353465041728,0.000897092969808,
2014,11,2,2.37799008573347e-06,0,0.000482442079373868,0,
2014,11,3,0.00938065070658922,0,0.00519214034284232,0,
2014,11,4,0.0261397827416658,0,0.0217977802694804,0,
2014,11,5,0.0280549917370081,0.00787039839451609,0.0192271627875016,0,
2014,11,6,0.26354905962944,0.0318872886796271,0.113914896775896,0.0520762565606674,
2014,11,7,0.661993622779846,0.0264280997412243,0.416354886941917,0.0264280997412243,
2014,11,8,0.554551243782044,0.134927112045716,0.47334538028008,0,
2014,11,9,0.102828539907932,0.186654046603053,0.142881047333503,0,
2014,11,10,0.190042644739151,0.145186519075651,-1.81898940354586e-12,0,
2014,11,11,0.674512147903442,0.431108699146535,1.81898940354586e-12,0,
2014,11,12,0.854490041732788,0.767309197683062,0,-4.54747350886464e-13,
2014,11,13,0.0985335409641266,0.473086806613537,0,4.54747350886464e-13,
2014,11,14,0.00368453632108867,0.0520991957050683,-1.81898940354586e-12,-4.54747350886464e-13,
2014,11,15,0.254957407712936,0.135146308457479,1.81898940354586e-12,4.54747350886464e-13,
2014,11,16,0.965116083621979,0.604340459798095,0,0,
2014,11,17,0.0852117389440537,0.527555614250105,0,0,
2014,11,18,0.25573405623436,0.15997207811688,0,0,
2014,11,19,0.288844347000122,0.268428419931297,0,0,
2014,11,20,0.0255932006984949,0.170545432320068,0,0,
2014,11,21,0.0104283196851611,0.0161035461323991,0,0,
2014,11,22,0.0060872589237988,0.00764044320840185,0.0010698765017878,0,
2014,11,23,0.122790820896626,0.0466628271806258,0.00902358869279851,4.54747350886464e-13,
2014,11,24,0.0624654963612557,0.0910838302338561,0.01176468025551,-4.54747350886464e-13,
2014,11,25,0.212623551487923,0.125456680309071,0,0,
2014,11,26,0.104026526212692,0.156771917622336,0,0,
2014,11,27,0.0804291144013405,0.0875063122070969,0,0,
2014,11,28,1.87376821041107,0.987576994304618,0,0,
2014,11,29,0.700212061405182,1.27447293869773,0,0,
2014,11,30,0.0840752720832825,0.408570096971744,0,0,
2014,12,1,0.0421594642102718,0.0646572085415755,0,0,
2014,12,2,8.29755736049265e-05,0.0256227671607121,0,0,
2014,12,3,0.0057897069491446,0.00155233622899686,0,0,
2014,12,4,0.000129851585370488,0.00298695788660552,0,0,
2014,12,5,3.44495274475776e-05,0.000109131444787636,0,0,
2014,12,6,0.0219560228288174,0.0105749874346657,0,0,
2014,12,7,0.181317344307899,0.126175067563509,0,0,
2014,12,8,0.630340218544006,0.422287143690028,0,0,
2014,12,9,0.0453559644520283,0.36920481117977,0,0,
2014,12,10,0.0334424823522568,0.0421287532371935,0,0,
2014,12,11,0.0173293612897396,0.031235070925959,0.000312389767714194,0,
2014,12,12,0.00361060141585767,0.0102787897567396,0.00216483559597691,0.27625816137288,
2014,12,13,0.21796789765358,0.0262144125599662,0.0844880944132456,2.07084740391565,
2014,12,14,0.125880137085915,0.0352470870889192,0.136419534874221,5.20706228444851,
2014,12,15,0.0217803549021482,0.0205574278338645,0.0532605948155833,1.19030364950731,
2014,12,16,0.00645961193367839,0.0141175593948901,-1.81898940354586e-12,0,
2014,12,17,0.00238382699899375,0.00453037024635705,1.81898940354586e-12,0,
2014,12,18,0.00124045729171485,0.00190210751907216,0,0,
2014,12,19,0.0449992530047894,0.023129221025556,0,0,
2014,12,20,0.505392670631409,0.275064296596611,0,0,
2014,12,21,0.961007595062256,0.58508848372685,0.146096688196849,0,
2014,12,22,0.338921070098877,0.387945305848007,0.262022473843899,0.0692553393869275,
2014,12,23,0.846085727214813,0.191466293232224,0.399128202030624,0.122530250831915,
2014,12,24,0.246699690818787,0.234015503717274,0.312124243184371,0.0531080584141819,
2014,12,25,0.267398208379746,0.204057458734951,0.0455743831862492,0,
2014,12,26,0.0381546281278133,0.137601236787759,0.00476533914115862,0,
2014,12,27,0.113886222243309,0.0833154370075135,0,0,
2014,12,28,0.128532990813255,0.125109144368253,0,0,
2014,12,29,0.00913249142467976,0.0750347997395693,-1.81898940354586e-12,0,
2014,12,30,0.0112547185271978,0.00970384826996451,1.81898940354586e-12,0,
2014,12,31,0.112502887845039,0.048615651176533,-1.81898940354586e-12,0,
2015,1,1,1.92535829544067,1.01279359833961,1.81898940354586e-12,0,
2015,1,2,4.97247266769409,3.46251721770614,0,0,
2015,1,3,5.02200078964233,4.98867607714465,0,0,
2015,1,4,0.0248210653662682,2.51574787091249,0,0,
2015,1,5,0.0225403811782599,0.0238205200612356,0,0,
2015,1,6,0.0114281168207526,0.0210522354973364,0,0,
2015,1,7,0.960041880607605,0.446140181266856,0,0,
2015,1,8,0.528103232383728,0.714261271464693,0,0,
2015,1,9,0.492791563272476,0.5154369066031,0,0,
2015,1,10,0.000742035103030503,0.208457987229394,0,0,
2015,1,11,0.00149058701936156,0.000987316807822936,0,0,
2015,1,12,0.0183423478156328,0.0121812158427019,0,0,
2015,1,13,0.00488417176529765,0.0127178605521294,0,0,
2015,1,14,0.577369570732117,0.325491898774544,0,0,
2015,1,15,0.209708258509636,0.442472133376214,0,0,
2015,1,16,0.168711453676224,0.180628262544815,0,0,
2015,1,17,0.725285351276398,0.419553762068063,0,0,
2015,1,18,0.154655292630196,0.371530093175807,0,0,
2015,1,19,0.026537399739027,0.123307842301074,0,0,
2015,1,20,0.0106675252318382,0.0205477550343858,0,0,
2015,1,21,0.00736047327518463,0.0098808947454927,0,0,
2015,1,22,0.0231025721877813,0.0136798132080003,0,-4.54747350886464e-13,
2015,1,23,0.39131361246109,0.053674369408327,0.153533819415316,2.19269751349384,
2015,1,24,0.0128388619050384,0.0477889044973381,0.153932029381394,2.18857945934451,
2015,1,25,0.00423143617808819,0.00862018350244398,0.000655030853522476,0,
2015,1,26,0.100736401975155,0.0649515677046111,0,0,
2015,1,27,0.0236751642078161,0.0672698815405965,0,0,
2015,1,28,0.0836602449417114,0.0360719899290416,0.00191008165347739,0,
2015,1,29,0.218254685401917,0.150700582853915,0.00328994257324666,0,
2015,1,30,0.186361744999886,0.200007711771377,0,0,
2015,1,31,0.0291038192808628,0.154973029916619,0,0,
2015,2,1,0.00138885318301618,0.0263486440067027,0,0,
2015,2,2,2.81895700027235e-05,0.000858157673974347,0,0,
2015,2,3,0.00375839881598949,0.000676030757404078,0,0,
2015,2,4,0.00417086808010936,0.00355277544394994,0,0,
2015,2,5,1.03771793842316,0.579069524761508,0,0,
2015,2,6,1.5643082857132,1.37441583276905,0,0,
2015,2,7,0.49876406788826,1.03748201388726,0,0,
2015,2,8,0.112430647015572,0.237604639276924,1.81898940354586e-12,0,
2015,2,9,0.411395490169525,0.176199589460794,-1.81898940354586e-12,0,
2015,2,10,3.13821959495544,1.78569376396445,0,0,
2015,2,11,1.53902053833008,2.26193754679616,0,0,
2015,2,12,0.210564061999321,0.896016049399805,0,0,
2015,2,13,0.131511136889458,0.166182304949416,0,0,
2015,2,14,0.657557189464569,0.30534606241099,0,0,
2015,2,15,0.821180760860443,0.740515015486835,0,0,
2015,2,16,0.478522628545761,0.665424736009754,0,0,
2015,2,17,0.0595977790653706,0.19225968092087,0,0,
2015,2,18,0.0304457545280457,0.0378440669010161,0,4.54747350886464e-13,
2015,2,19,0.515989005565643,0.157582287856258,1.81898940354586e-12,-4.54747350886464e-13,
2015,2,20,0.417892247438431,0.475604314729026,-1.81898940354586e-12,0,
2015,2,21,0.0364379622042179,0.259640404510265,0,0,
2015,2,22,0.000252207915764302,0.0182783774112067,-1.81898940354586e-12,0,
2015,2,23,0.369300335645676,0.194753558260345,1.81898940354586e-12,0,
2015,2,24,0.22785484790802,0.275051631110273,0,0,
2015,2,25,0.00107663020025939,0.107749079549649,0,4.54747350886464e-13,
2015,2,26,0.000357864220859483,0.000797097079157538,0,-4.54747350886464e-13,
2015,2,27,0.000982647878117859,0.000465629551399616,0,0,
2015,2,28,0.252261251211166,0.0915944791140646,0,-4.54747350886464e-13,
2015,3,1,0.0463808663189411,0.181738262337149,0,4.54747350886464e-13,0
2015,3,2,0.127256706357002,0.061818573821256,0,0,0
2015,3,3,0.0285937432199717,0.0791154784551509,0,0,0
2015,3,4,0.0346589535474777,0.0303681992468228,0,0,0
2015,3,5,0.000436640199040994,0.0142198921225827,0,0,0
2015,3,6,0.0576766207814217,0.0206137516679519,0,0,0
2015,3,7,0.584329128265381,0.405748690410746,0,0,0
2015,3,8,0.0947709977626801,0.416485534894946,0.0108389672768681,0,0
2015,3,9,0.204650342464447,0.04418127011877,0.105529364387621,3.78960109527816,0.0013714285833495
2015,3,10,0.0261930767446756,0.0136882770079865,0.101694048102217,21.4373601417269,0.066742856161935
2015,3,11,0.000158624083269387,0,0.0138522760589694,8.65825012855748,0.309028570992606
2015,3,12,0.0505610033869743,0,0.0389076839364861,0,0.256457138061523
2015,3,13,0.0806084126234055,0,0.0718735578211636,0,0.32228570665632
2015,3,14,0.0104266228154302,0,0.0534873272772529,0,0.699428558349609
2015,3,15,0.028116038069129,-4.54747350886464e-13,0.0202598098749149,0,1.41257138933454
2015,3,16,0.00161125871818513,4.54747350886464e-13,0.0157572823172814,0,1.26628570556641
2015,3,17,0.0160472337156534,0.00142184236119647,0.00477635514107533,0.00142184236074172,0.781714303152902
2015,3,18,0.0358650609850884,0.00284819313674234,0.022998492615443,0.00284819313719709,0.598857116699219
2015,3,19,0.0402462482452393,0.000729020827748173,0.0368799379084521,0.000729020827748173,0.391314288548061
2015,3,20,0.0629794374108315,0.0100640195187225,0.0451654040243739,0.0100640195187225,0.123428576333182
2015,3,21,0.0221176985651255,0.0186940194971612,0.0238523725201958,0.00763399239940554,0.0827428545270647
2015,3,22,1.54355382919312,0.782899654133871,0,0,0.0836571420942034
2015,3,23,1.50588655471802,1.24353682175206,0.284478244730053,0,0.0831999983106341
2015,3,24,5.41045522689819,0.408143717008898,3.05002670846989,3.07491819018196,0.0886857169015067
2015,3,25,2.29414367675781,0.199081417370053,3.73402072780664,0.199081417369598,0.0356571435928345
2015,3,26,0.223429247736931,0.32168731318643,0.93712724773286,0.209975721153114,0.0237714290618897
2015,3,27,0.899998307228088,0.561847822007621,-1.81898940354586e-12,0,0.0320000001362392
2015,3,28,0.972959339618683,0.639639291490767,0.29572000913322,0,0.0594285692487444
2015,3,29,3.72047972679138,0.181397240405204,2.1653221190536,2.09539697269611,0.143542861938477
2015,3,30,0.457769572734833,0,2.19084589250087,0,0.29028570992606
2015,3,31,0.327173948287964,0,0.382061226082442,0,0.309028570992606
2015,4,1,0.0396956540644169,0,0.166893799363606,0,0.268342862810407
2015,4,2,0.228649005293846,0,0.131191094436872,0,0.136228575025286
2015,4,3,0.346085280179977,0.173039214344499,0.114326765940859,-4.54747350886464e-13,0.0365714277539934
2015,4,4,0.0950538441538811,0.220623678904303,1.81898940354586e-12,4.54747350886464e-13,0.0246857149260385
2015,4,5,0.00157287740148604,0.0470859761749125,0,0,0.0169142859322684
2015,4,6,0.0379691310226917,0.0126976344417926,0.00532461335751577,0,0.0484571422849383
2015,4,7,0.515450239181519,0.0454934492740904,0.231216104777559,0.510155252319237,0.0370285715375628
2015,4,8,1.88204824924469,0.032236769332485,1.16994600772705,0.0322367693320302,0.0288000004632132
2015,4,9,0.0330240689218044,0,0.923931218369034,0,0.0201142856052944
2015,4,10,0.0331491380929947,0,0.0330812314405193,0,0.0237714290618897
2015,4,11,0.000713265093509108,0,0.0161317258953204,0,0.0187428576605661
2015,4,12,0.0349797531962395,0,0.0205303380771511,0,0.0137142854077475
2015,4,13,0.057629082351923,0,0.0479688101604552,0,0.00777142899377005
2015,4,14,4.73786967631895e-05,0,0.0345166453716956,0,0.0123428574630192
2015,4,15,0.0209585875272751,0,0.0101608194599976,0,0.00685714270387377
2015,4,16,0.000106386542029213,0,0.0107863286593783,0,0.0013714285833495
2015,4,17,7.97339438918243e-08,0,4.64705753984163e-05,0,0.00457142846924918
2015,4,18,0.697402119636536,0,0.348026884093997,0,0.00457142846924918
2015,4,19,8.28303909301758,0,4.47733188087477,0,0.00182857151542391
2015,4,20,6.74215126037598,0,7.52972597183361,0,0.000457142878855978
2015,4,21,0.360758066177368,0,3.58062769321441,0,0.00594285726547241
2015,4,22,0.00994479935616255,0.000844445525672199,0.209495080009219,0.000844445525672199,0.00914285693849836
2015,4,23,0.000229945537284948,0.00117696588904437,0.00476194620387105,0.00117696588904437,0.00731428606169564
2015,4,24,0.00188295310363173,2.14797237276798e-05,0.00135695408789616,2.14797237276798e-05,0.00731428606169564
2015,4,25,0.00172882166225463,0,0.0017932296213985,0,0.00868571400642395
2015,4,26,0.000143107798066922,0,0.00104782294874894,0,0.00731428606169564
2015,4,27,0.11177172511816,0,0.0610672517905186,-4.54747350886464e-13,0.00457142846924918
2015,4,28,0.247060522437096,0,0.198507279246769,0,0.00640000019754682
2015,4,29,0.00164416362531483,0,0.126451401232771,4.54747350886464e-13,0.00502857140132359
2015,4,30,0.960848152637482,0,0.466705042617832,0,0.00457142846924918
2015,5,1,1.5436384677887,0,1.24554849696506,4.54747350886464e-13,0.00594285726547241
2015,5,2,0.166379362344742,0,0.864414068184487,-4.54747350886464e-13,0.00594285726547241
2015,5,3,0.204189360141754,0,0.184750073638497,0,0.005485714333398
2015,5,4,0.0114160636439919,0,0.0851483082387858,0,0.0100571428026472
2015,5,5,5.92794931435492e-05,0,0.0054017538568587,-4.54747350886464e-13,0.0274285708154951
2015,5,6,3.84023427963257,0,1.92637216868752,4.54747350886464e-13,0.0306285721915109
2015,5,7,5.99909543991089,0,4.91798173619281,0,0.0288000004632132
2015,5,8,1.90829646587372,0,3.92505080858609,0,0.0283428566796439
2015,5,9,0.000332052644807845,0,0.986869425192708,-4.54747350886464e-13,0.0342857156481062
2015,5,10,0.790722608566284,0,0.396512478637305,4.54747350886464e-13,0.0365714277539934
2015,5,11,5.01655292510986,0,2.893154388732,0,0.0457142863954817
2015,5,12,1.31030797958374,0,3.16490830882685,0,0.0544000012534005
2015,5,13,2.93308854103088,-4.54747350886464e-13,2.09246852023898,0,0.0777142865317208
2015,5,14,13.0379180908203,4.54747350886464e-13,7.92834358604705,0,0.127085712977818
2015,5,15,9.84150695800781,0,11.4888253962145,-4.54747350886464e-13,0.233599989754813
2015,5,16,5.50305414199829,0,7.76144930432747,4.54747350886464e-13,0.225828565870013
2015,5,17,24.3400783538818,0,15.0499515378269,0,0.795428575788225
2015,5,18,16.7385406494141,0,20.5489605093335,0,1.97028568812779
2015,5,19,0.00174842483829707,0,8.39504168800704,0,1.27085712977818
2015,5,20,0.00371559173800051,0,0.00273589768949023,0,0.813714272635324
2015,5,21,5.16128557137563e-06,0,0.00178878433325735,0,0.571428571428572
2015,5,22,0.0165771823376417,0,0.00760432847346237,0,0.40091427394322
2015,5,23,0.00564273074269295,4.54747350886464e-13,0.0113366993045929,0,0.296228572300502
2015,5,24,0,-4.54747350886464e-13,0.00263251310752821,0,0.229028565543039
2015,5,25,0.00228309794329107,0,0.00128724744172359,0,0.160457147870745
2015,5,26,0.0223251711577177,0,0.0121169200301665,0,0.130285712650844
2015,5,27,0.544754922389984,4.54747350886464e-13,0.247255102389317,4.54747350886464e-13,0.108800002506801
2015,5,28,3.76616525650024,-4.54747350886464e-13,2.18969894949623,-4.54747350886464e-13,0.0946285724639893
2015,5,29,4.03891181945801,0,3.91978036842738,0,0.0758857113974435
2015,5,30,0.0269230864942074,4.54747350886464e-13,2.05098596857169,4.54747350886464e-13,0.0804571424211775
2015,5,31,0.041149016469717,-4.54747350886464e-13,0.0342039237566496,-4.54747350886464e-13,0.0630857127053397
2015,6,1,1.91832900047302,-4.54747350886464e-13,1.02522242005398,0,0.0544000012534005
2015,6,2,9.35953044891357,4.54747350886464e-13,5.68376842790713,0,0.0845714296613421
2015,6,3,8.35220050811768,0,8.81240600188539,0,0.0955428600311279
2015,6,4,1.18732213973999,0,4.80269813295672,0,0.0836571420942034
2015,6,5,0.0241219252347946,0,0.619063005129647,0,0.069942855834961
2015,6,6,15.1433696746826,0,7.62997886158337,0,0.19565714427403
2015,6,7,11.4787425994873,0,13.3799861496882,0,0.676571437290737
2015,6,8,3.39367985725403,0,7.37673783452192,0,0.557714298793248
2015,6,9,1.65466582775116,0,2.63643541780948,0,0.381257138933454
2015,6,10,1.62201142311096,0,1.63547357165407,0,0.336457143511091
2015,6,11,0.023760499432683,0,0.89148763281446,0,0.265142849513463
2015,6,12,0.573180735111237,0,0.307592910487074,0,0.20388571875436
2015,6,13,0.704250276088715,0,0.645556102183036,0,0.155885710035052
2015,6,14,3.38100671768189,0,2.01180095040218,0,0.126171425410679
2015,6,15,0.789342641830444,0,2.0685121786737,0,0.100571428026472
2015,6,16,0.00868213456124067,0,0.381673134499579,0,0.0841142858777728
2015,6,17,0.693199992179871,0,0.305436253560401,0,0.064914287839617
2015,6,18,0.342838615179062,0,0.482075713080121,0,0.0562285729816982
2015,6,19,7.19002676010132,0,3.76793097425252,0,0.0539428574698312
2015,6,20,1.48240482807159,0,4.3623455149791,4.54747350886464e-13,0.0493714298520769
2015,6,21,1.69264757633209,0,1.57508865626187,-4.54747350886464e-13,0.043885714667184
2015,6,22,5.37370729446411,0,3.50548776237156,0,0.0434285708836147
2015,6,23,2.66965436935425,4.54747350886464e-13,4.05540363562614,4.54747350886464e-13,0.0429714271000453
2015,6,24,1.8361337184906,-4.54747350886464e-13,2.22178287943461,-4.54747350886464e-13,0.0425142867224557
2015,6,25,0.645763874053955,0,1.28088240658326,0,0.0379428556987218
2015,6,26,0.000549411925021559,0,0.359760419656595,0,0.0356571435928345
2015,6,27,6.3852391242981,0,3.23685707211735,0,0.0347428560256958
2015,6,28,2.3732635974884,0,4.42519754772547,0,0.0288000004632132
2015,6,29,0.00469274306669831,0,1.14917439344026,0,0.0288000004632132
2015,6,30,0.0109173376113176,0,0.00755418383596407,0,0.0297142846243722
2015,7,1,0.0091597568243742,0,0.00998194945168507,0,0.0365714277539934
2015,7,2,0.00763865606859326,0,0.00835522012675938,0,0.0374857153211321
2015,7,3,0.0838016793131828,0,0.0407447266898089,0,0.0576000009264265
2015,7,4,7.61013746261597,0,3.82833500293418,0,0.0484571422849383
2015,7,5,18.7362155914307,0,13.1463901881252,0,1.14742856706892
2015,7,6,8.0380392074585,0,13.4680878914514,0,1.59085715157645
2015,7,7,0.0495668724179268,0,4.13575363397649,0,1.24800000871931
2015,7,8,1.89728760719299,0,0.945211847765677,0,1.00114288330078
2015,7,9,3.98346495628357,-4.54747350886464e-13,2.61583385903214,0,0.777142878941127
2015,7,10,2.40108624893765e-06,4.54747350886464e-13,1.92382631612782,0,0.557714298793248
2015,7,11,2.20816159248352,0,1.0701347684153,0,0.401371438162667
2015,7,12,3.88602805137634,0,3.05836878459559,0,0.299885722569057
2015,7,13,1.90948498249054,4.54747350886464e-13,2.95956474627019,0,0.221714292253767
2015,7,14,1.39787256717682,-4.54747350886464e-13,1.68814715874396,0,0.175999995640346
2015,7,15,3.99109196662903,0,2.58243198529635,0,0.329142870221819
2015,7,16,8.85270118713379,0,6.44853221444464,0,0.694857134137835
2015,7,17,4.44444561004639,0,6.62937155363761,0,0.74514285496303
2015,7,18,6.03065299987793,0,5.11788696703661,0,0.653714261736189
2015,7,19,1.41457450389862,-4.54747350886464e-13,3.76728599074886,0,0.413714272635324
2015,7,20,0.0705148130655289,4.54747350886464e-13,0.824098011358728,0,0.274285725184849
2015,7,21,0.000167507881997153,-4.54747350886464e-13,0.0289708137952402,0,0.207542855398996
2015,7,22,0.000137887269374914,4.54747350886464e-13,0.000148940069266246,0,0.163657147543771
2015,7,23,11.2489414215088,0,5.56510390354015,0,0.129371425083705
2015,7,24,11.7426748275757,0,11.5340305254867,0,0.157714285169329
2015,7,25,0.076479583978653,0,5.95047142798831,0,0.100114284242903
2015,7,26,0.799590229988098,0,0.519258835483925,0,0.0786285740988595
2015,7,27,1.09720683097839,0,0.944067988777533,0,0.0640000002724784
2015,7,28,2.16117119789124,0,1.65554401171539,0,0.113828570502145
2015,7,29,1.72927629947662,0,1.97501226425447,0,0.0539428574698312
2015,7,30,0.31307864189148,0,1.01132179636625,0,0.0466285705566406
2015,7,31,0.0244842972606421,0,0.172014648387631,0,0.0379428556987218
2015,8,1,0.462692648172379,4.54747350886464e-13,0.264284771736129,4.54747350886464e-13,0.0342857156481062
2015,8,2,0.601153194904327,-4.54747350886464e-13,0.524069245277133,-4.54747350886464e-13,0.041599999155317
2015,8,3,0.15118396282196,0,0.390459533247849,0,0.0306285721915109
2015,8,4,0.00136947340797633,0,0.0820418311650428,-4.54747350886464e-13,0.0278857145990644
2015,8,5,6.5666708946228,0,3.27498241124522,4.54747350886464e-13,0.0246857149260385
2015,8,6,2.64579200744629,0,4.64858702789024,0,0.0256000007901873
2015,8,7,2.44120764732361,0,2.54061776294475,0,0.0223999994141715
2015,8,8,0.0273787807673216,0,1.25531038015833,0,0.0187428576605661
2015,8,9,0.00168158439919353,0,0.0155514474918164,0,0.0150857142039708
2015,8,10,5.81502717977855e-05,0,0.000990469867247157,0,0.0118857145309448
2015,8,11,0.000763872056268156,0,0.000428002593253041,0,0.00822857107434954
2015,8,12,1.26778101921082,0,0.609072907114751,0,0.00502857140132359
2015,8,13,0.297847539186478,0,0.787191702904238,-4.54747350886464e-13,0.00228571423462459
2015,8,14,0.0148129006847739,0,0.148940876841152,4.54747350886464e-13,0.000457142878855978
2015,8,15,0.0421321466565132,0,0.0279298948225915,0,0
2015,8,16,0.356001228094101,0,0.20474302792536,0,0
2015,8,17,0.00999804679304361,0,0.198759480677836,0,0
2015,8,18,0.00590877933427692,0,0.00767890375936986,0,0
2015,8,19,0.0302348546683788,0,0.0198480754115735,0,0
2015,8,20,0.6639244556427,0,0.339950360759758,0,0
2015,8,21,2.12452077865601,0,1.40148211629821,0,0
2015,8,22,17.6276931762695,4.54747350886464e-13,9.88594348695551,0,0.000457142878855978
2015,8,23,17.0044746398926,-4.54747350886464e-13,17.3456378017381,0,0.0525714295251029
2015,8,24,7.75480651855469,0,12.3696168773567,0,0.0996571404593331
2015,8,25,0.00600052252411842,0,4.02816012976473,4.54747350886464e-13,0.124800000871931
2015,8,26,3.86670819807478e-07,0,0.00363171227945713,-4.54747350886464e-13,0.10971428326198
2015,8,27,0.768363833427429,0,0.281988927341445,0,0.0937142848968506
2015,8,28,2.29125618934631,0,1.54707789593886,0,0.0676571437290737
2015,8,29,2.19959139823914,0,2.25073346717181,0,0.0521142857415336
2015,8,30,0.12678074836731,0,1.21524443568524,0,0.0411428587777274
2015,8,31,0.157257288694382,0,0.142406742324965,4.54747350886464e-13,0.0310857159750802
2015,9,1,0.0392991155385971,0,0.0829125734799163,-4.54747350886464e-13,0.0265142849513463
2015,9,2,0.029017262160778,0,0.0339249580847536,0,0.0223999994141715
2015,9,3,0.390596270561218,0,0.203003805232584,0,0.0191999997411455
2015,9,4,10.0708866119385,0,5.24191631424219,0,0.116114289419992
2015,9,5,23.0804538726807,0,16.6402065601087,0,1.0514285496303
2015,9,6,10.1609945297241,0,16.6064522178767,0,6.35428553989955
2015,9,7,0.682625770568848,0,5.45006230239414,0,3.67085702078683
2015,9,8,0.0781828165054321,0,0.379654822429075,4.54747350886464e-13,2.19428580147879
2015,9,9,0.00855324324220419,0,0.0443438178481301,-4.54747350886464e-13,1.59542857578823
2015,9,10,0.0216911006718874,0,0.0157634349143336,0,1.17485711233956
2015,9,11,0.00175487413071096,0,0.0106093951872026,0,0.859428569248744
2015,9,12,2.72030083579011e-05,0,0.00084216035065765,0,0.621714292253767
2015,9,13,0.00154575787018985,0,0.000782350387453334,0,0.404114287240165
2015,9,14,0.0189531464129686,0,0.0101467178265011,0,0.273828560965402
2015,9,15,0.0464780144393444,0,0.0305443045454012,0,0.21165714263916
2015,9,16,2.06842637062073,0,1.01204890371628,0,0.160457147870745
2015,9,17,2.61785316467285,0,2.35036660704827,4.54747350886464e-13,0.135314287458147
2015,9,18,0.332067787647247,0,1.49307256399516,-4.54747350886464e-13,0.107885714939662
2015,9,19,0.00167909322772175,0,0.189671347900003,0,0.092342860358102
2015,9,20,2.13094426726457e-06,0,0.00096951421983249,0,0.0854857172284808
2015,9,21,1.10529720132035e-06,0,1.67556390806567e-06,0,0.0822857175554548
2015,9,22,0.000633676128927618,0,0.000313147404085612,0,0.0717714309692383
2015,9,23,4.10176706314087,0,2.10334291304207,4.54747350886464e-13,0.0571428571428571
2015,9,24,10.5909376144409,4.54747350886464e-13,7.35074915537189,0,0.0553142854145595
2015,9,25,0.726302742958069,-4.54747350886464e-13,5.7327531254341,-4.54747350886464e-13,0.046171430179051
2015,9,26,0.0964988395571709,0,0.432859986905896,0,0.0420571429388864
2015,9,27,0.0954328402876854,0,0.0959711013001652,0,0.0351999998092651
2015,9,28,0.0622657686471939,0,0.0785390439104958,0,0.0320000001362392
2015,9,29,0.0201634876430035,-4.54747350886464e-13,0.0444261876255041,0,0.0315428563526699
2015,9,30,0.845919609069824,4.54747350886464e-13,0.438691024754007,0,0.0301714284079415
2015,10,1,1.84973096847534,0,1.28172362488658,-4.54747350886464e-13,0.0278857145990644
2015,10,2,0.0120382579043508,0,0.995099992169344,4.54747350886464e-13,0.0246857149260385
2015,10,3,8.46728744363645e-06,0,0.0050429873426765,0,0.0228571431977408
2015,10,4,0.033317856490612,0,0.020748201155584,0,0.0214857135500227
2015,10,5,0.0849251300096512,0,0.0596341160526208,0,0.0191999997411455
2015,10,6,0.0727657005190849,0,0.0797378950446728,0,0.0173714280128479
2015,10,7,3.11692762374878,0,1.60646096841811,0,0.0182857138769967
2015,10,8,1.72252082824707,-4.54747350886464e-13,2.38988032292764,0,0.0164571421486991
2015,10,9,0.0293782670050859,0,0.89933233593365,0,0.0182857138769967
2015,10,10,0.000266552524408326,4.54747350886464e-13,0.0147796341461799,0,0.0187428576605661
2015,10,11,1.8365650177002,0,0.885921126175163,0,0.0173714280128479
2015,10,12,4.49775886535645,0,3.19068738455644,0,0.014171428339822
2015,10,13,1.65297698974609,0,3.06536966870954,0,0.0201142856052944
2015,10,14,7.85513734058441e-08,0,0.860921251723994,0,0.0132571424756731
2015,10,15,0.0571580715477467,0,0.0227471735379368,0,0.0114285715988704
2015,10,16,0.00255660410039127,0,0.0349017271819321,0,0.00959999987057277
2015,10,17,0.0361349396407604,0,0.0237735618065926,4.54747350886464e-13,0.0105142857347216
2015,10,18,0.000335418502800167,0,0.0163766395162384,-4.54747350886464e-13,0.010971428666796
2015,10,19,0.000676834373734891,0,0.000480818966025254,0,0.00868571400642395
2015,10,20,0.386285364627838,0,0.188799132052736,0,0.00959999987057277
2015,10,21,0.353438019752502,0,0.360978943403097,0,0.00777142899377005
2015,10,22,0.132851585745811,0,0.280644828277218,0,0.0100571428026472
2015,10,23,8.08376407623291,0,4.10712818715001,0,0.0105142857347216
2015,10,24,0.812699556350708,0,4.50901602187332,0,0.0114285715988704
2015,10,25,0.171079844236374,0,0.582681138665066,0,0.0123428574630192
2015,10,26,0.12852731347084,0,0.156983725773898,0,0.0128000003950936
2015,10,27,0.940784871578217,0,0.556773318017804,0,0.0150857142039708
2015,10,28,0.753292739391327,0,0.859783604209952,0,0.0132571424756731
2015,10,29,1.07648098468781,0,0.989136787055031,0,0.0182857138769967
2015,10,30,0.0758286267518997,-4.54747350886464e-13,0.62549283023327,0,0.0178285717964172
2015,10,31,1.29856562614441,4.54747350886464e-13,0.68659964177823,0,0.0187428576605661
2015,11,1,3.76480507850647,0,2.52084317043409,0,
2015,11,2,0.881157398223877,0,2.30731824868781,0,
2015,11,3,0.541894435882568,0,0.796295307758555,0,
2015,11,4,0.619674384593964,0,0.564434879455803,0,
2015,11,5,10.0213642120361,0,5.24291988646473,0,
2015,11,6,4.8373818397522,0,7.47322958049699,0,
2015,11,7,0.188758507370949,0.0134105536149036,2.58942367762938,0.0134105536149036,
2015,11,8,0.000814936181996018,0.0156630994683837,0.0906691509026132,0.0156630994683837,
2015,11,9,0.0135113438591361,0,0.00663501213784912,0,
2015,11,10,0.0513574443757534,0.000515926987191051,0.0466654671927245,0.000515926987191051,
2015,11,11,0.11412025988102,0.00705965773204298,0.0933000460699986,0.00705965773158823,
2015,11,12,0.589350163936615,0.122459964284189,0.229272369326282,0.00452111155937018,
2015,11,13,0.243528172373772,0.168660972587531,0.249548035659245,0,
2015,11,14,0.0047044949606061,0.0500255384599768,0.0740907767831232,0.834646185583097,
2015,11,15,0.00270019611343741,0,0.00438873521852656,0,
2015,11,16,0.0557715706527233,4.54747350886464e-13,0.0266179831978661,0,
2015,11,17,1.33352780342102,-4.54747350886464e-13,0.686554975358376,0,
2015,11,18,4.95128870010376,0.206298371230332,2.90351408161041,0.206298371230332,
2015,11,19,2.29445242881775,1.26339724427589,2.35947676481374,0.210084604404074,
2015,11,20,1.06827628612518,1.59395483211074,0.0950868275158427,0,
2015,11,21,0.0772900581359863,0.581947187596597,0,0,
2015,11,22,0.606391727924347,0.32963497639048,0,4.54747350886464e-13,
2015,11,23,1.49738895893097,0.794413885941594,0.272049219869587,-4.54747350886464e-13,
2015,11,24,0.00571559835225344,0.49147362632084,0.266419161132944,0,
2015,11,25,0.661864578723908,0.320913047494742,0.00522773957345635,0,
2015,11,26,0.000910113507416099,0.34763739458549,0.00484509501438879,0,
2015,11,27,0.0195410065352917,0.0143976984154506,0,0,
2015,11,28,2.1775827917736e-05,0.00865559795147419,0,0,
2015,11,29,0.00117684132419527,0.000448365760803426,0,0,
2015,11,30,0.00933597050607204,0.00267479393824033,0,0,
2015,12,1,0.0460542105138302,0.0264522999154906,0.00101904649091011,0,
2015,12,2,0.0655422508716583,0.0568446139513981,0.000818774580693571,0,
2015,12,3,0.00246837385930121,0.0252257646920953,0.000685161174260429,0,
2015,12,4,0.00475582201033831,0.00150829315225565,0.00145771207462531,0,
2015,12,5,0.000941882550250739,0.00100786946359221,0.00180681708116026,5.23788624552481,
2015,12,6,0.00229319138452411,0.000339623184572702,0.0014107338975009,1.15583987299033,
2015,12,7,0.0269989781081677,0.000662760272916785,0.0168507290800335,0.000662760272916785,
2015,12,8,0.00429380685091019,0.000599218880779517,0.0167131779635383,0.000599218880779517,
2015,12,9,0.266746789216995,0.000386913497550268,0.0727045414660097,0.000386913497550268,
2015,12,10,2.20741128921509,1.99867740775517e-05,1.20489098639882,1.99867740775517e-05,
2015,12,11,1.43546187877655,0.646956362699712,1.17448111279191,0,
2015,12,12,1.34467113018036,1.31620831444479,0.0793767977866082,0,
2015,12,13,0.0529028587043285,0.70011946222985,0.00539419757296855,0,
2015,12,14,0.0161266326904297,0.0346785024421479,0.00865487829833,0,
2015,12,15,1.03636908531189,0.516271649648843,0.00115826467663283,0,
2015,12,16,7.84505844116211,4.43899672804218,0,0,
2015,12,17,3.01711750030518,5.43248976848417,1.81898940354586e-12,4.54747350886464e-13,
2015,12,18,0.0372921489179134,1.56195340138493,-1.81898940354586e-12,-9.09494701772928e-13,
2015,12,19,0.949930012226105,0.512576000352055,0,4.54747350886464e-13,
2015,12,20,0.027351401746273,0.532019419340031,0,0,
2015,12,21,0.0444414094090462,0.037272246878274,0,0,
2015,12,22,7.08308362960815,3.51538836480495,0,0,
2015,12,23,4.00840997695923,5.60814889656012,0,4.54747350886464e-13,
2015,12,24,0.0894913002848625,2.11042016254714,0,-4.54747350886464e-13,
2015,12,25,0.0323851965367794,0.0448991322982693,0,0,
2015,12,26,2.28083944320679,1.06653797686067,0,0,
2015,12,27,0.0155283873900771,1.09870276432957,0,0,
2015,12,28,2.22859358787537,1.17043920600418,0,0,
2015,12,29,0.012681320309639,1.11835287723034,0,0,
2015,12,30,0.0325603596866131,0.0260022538286648,0,0,
2015,12,31,0.0788603201508522,0.050394008848798,0,0,
2016,1,1,3.16641736030579,1.54072466791058,0,0,
2016,1,2,0.0400952510535717,1.66356899668335,0,0,
2016,1,3,2.91683459281921,1.35642828987648,0,0,
2016,1,4,0.00427124463021755,1.40005957458743,0,0,
2016,1,5,0.00138981128111482,0.0022347942608576,0,0,
2016,1,6,4.89900636672974,2.34824804701248,0,0,
2016,1,7,0.0550797693431377,2.57127061734627,0,0,
2016,1,8,4.42121458053589,2.26011615587959,0,0,
2016,1,9,0.0127192074432969,2.23221551337247,0,0,
2016,1,10,0.234571233391762,0.178547815338789,0,0,
2016,1,11,0.598460018634796,0.445021942010044,0,0,
2016,1,12,0.519663870334625,0.567834015544577,0,0,
2016,1,13,0.321080654859543,0.478358738004772,0,0,
2016,1,14,4.13925170898438,2.05857432476796,0,0,
2016,1,15,0.530242264270783,2.32059921913879,0,0,
2016,1,16,3.69408249855042,1.99844963722535,0,-4.54747350886464e-13,
2016,1,17,0.00370389921590686,2.01028639167453,0,4.54747350886464e-13,
2016,1,18,0.0203488636761904,0.0138989368970215,-1.81898940354586e-12,-4.54747350886464e-13,
2016,1,19,0.0492786839604378,0.0283095296335887,1.81898940354586e-12,4.54747350886464e-13,
2016,1,20,0.0665875822305679,0.0508557013340578,0,0,
2016,1,21,0.0241322871297598,0.0503812670062871,0,0,
2016,1,22,0.0760881081223488,0.0347308548948604,0,0,
2016,1,23,0.520967543125153,0.310287732873348,0,0,
2016,1,24,0.674586892127991,0.620977562587086,0,0,
2016,1,25,0.221193462610245,0.463671153900123,0,0,
2016,1,26,5.09545469284058,2.63035929216585,0,0,
2016,1,27,1.78594481945038,3.46551888885506,0,0,
2016,1,28,0.214482814073563,1.04331781219526,0,4.54747350886464e-13,
2016,1,29,0.250412046909332,0.220955658687217,0,-4.54747350886464e-13,
2016,1,30,0.02561997435987,0.129312054189541,0.00576086950241006,0,
2016,1,31,0.0115026189014316,0.0126784466096979,0.00526243635613355,0,
2016,2,1,0.0205616913735867,0.0147364953986653,0,0,
2016,2,2,0.0465893372893333,0.0244541489255425,0,0,
2016,2,3,0.777826309204102,0.31551200352078,0,0,
2016,2,4,0.387009501457214,0.604770792559975,0,0,
2016,2,5,0.0222661569714546,0.287532888125043,0,0,
2016,2,6,0.634157180786133,0.154517284545364,0,0,
2016,2,7,1.76713001728058,1.0724488355977,0,0,
2016,2,8,1.05681276321411,1.27031645839497,0,0,
2016,2,9,0.173609375953674,0.777085645516308,0,-4.54747350886464e-13,
2016,2,10,0.0188556294888258,0.105163293707847,0,4.54747350886464e-13,
2016,2,11,1.18058669567108,0.563730603980275,0,0,
2016,2,12,1.19420325756073,1.1891266659286,0,0,
2016,2,13,0.58863377571106,0.977572982257698,0,0,
2016,2,14,2.00463223457336,1.36673369263144,0,0,
2016,2,15,0.192054584622383,0.913808825855085,0,0,
2016,2,16,0.00255612470209599,0.0448839849868818,0,0,
2016,2,17,0.00217870157212019,0.00232326491413915,0,0,
2016,2,18,0.0418239608407021,0.0135115875827978,0.00561885372553661,0,
2016,2,19,0.232231229543686,0.0142665044327259,0.122648856737214,6.55878448555268,
2016,2,20,0.0798686593770981,0.0399145611322638,0.116173095089835,6.56203131984512,
2016,2,21,0.146687656641006,0.113266465279139,0,0,
2016,2,22,1.41579174995422,0.539446861180295,0,0,
2016,2,23,0.462441861629486,0.76323270573721,0,0,
2016,2,24,0.00821685045957565,0.12987658246584,0,0,
2016,2,25,0.0094366604462266,0.00890700346963058,0,0,
2016,2,26,0.00864044576883316,0.00882868044891438,0.000397783216612879,0,
2016,2,27,0.487365752458572,0.145763959166288,0.113567801350655,-4.54747350886464e-13,
2016,2,28,1.08948385715485,0.58939768155642,0.132110010750694,9.09494701772928e-13,
2016,2,29,0.617977678775787,0.925022999640078,-1.81898940354586e-12,-4.54747350886464e-13,
2016,3,1,0.000853665464092046,0.474258332518275,0,0,0.000457142878855978
2016,3,2,0.0144771570339799,0.0389436200161981,0,0,0.000457142878855978
2016,3,3,0.030569801107049,0.0232435232283024,0,0,0.000457142878855978
2016,3,4,1.13229465484619,0.411510127693418,0,0,0.000914285757711955
2016,3,5,0.191062271595001,0.579418014196108,0,0,0.000914285757711955
2016,3,6,0,0.0955311673715187,0,10.1734797337399,0.00182857151542391
2016,3,7,0.0132841132581234,-4.54747350886464e-13,0.00612162505603919,21.0472416241269,0.0105142857347216
2016,3,8,0.861345529556274,0,0.419859472089229,19.31718217362,0.00594285726547241
2016,3,9,0.0341728962957859,0.0166773816440582,0.432580256965593,8.30441530054759,0.00365714303084782
2016,3,10,0.000498077482916415,0.0172365553635245,0.000425146508860053,0,0.00365714303084782
2016,3,11,3.50909067492466e-05,0.000177726594756678,8.89119692146778e-05,25.4033841792248,0.0914285727909633
2016,3,12,0.0253986176103354,0,0.0127155794325518,13.0079678347233,0.804571424211775
2016,3,13,3.43166995048523,0,1.72989026233699,0,2.39542846679688
2016,3,14,1.26073694229126,0,2.49302962909314,4.54747350886464e-13,4.45257132393973
2016,3,15,12.343282699585,0,6.64762604373573,-4.54747350886464e-13,9.27999965122768
2016,3,16,7.47489643096924,0,9.96246877613703,0,10.6514282226563
2016,3,17,2.19291067123413,0.502495151983567,4.33141519663695,0,7.58857160295759
2016,3,18,0.113827332854271,0.562792438739507,0.59846750971883,0,5.48571428571429
2016,3,19,0,0.058883166567739,0,0,4.75428553989955
2016,3,20,0.00199554348364472,0.00035918054436479,0.000597440481215017,0,3.80799996512277
2016,3,21,0.695840358734131,0.08175639006231,0.267161186095109,1.82769267500044,2.91199994768415
2016,3,22,0.0249665901064873,0.0848331458473695,0.273201758500363,0.657074251530503,2.00685708182199
2016,3,23,0.0159664489328861,0.0115743353699145,0.00889409760748094,0.00399942030298917,1.25257143293108
2016,3,24,1.29616487026215,0.0166900068820723,0.639375903014297,0.025074254192532,0.955428532191685
2016,3,25,0.650377154350281,0.0576960956441326,0.889377096273165,0.0576960956441326,0.754285703386579
2016,3,26,0.0112711107358336,0.0509259274849683,0.279890317156969,0.0456208708478698,0.818285696847098
2016,3,27,0.0187876988202333,0.0053049272842145,0.0097244763692288,0.0112718294385559,0.521142850603376
2016,3,28,0.0211873967200518,4.54747350886464e-13,0.0199163653287542,0,0.461714281354632
2016,3,29,0.0374392345547676,-4.54747350886464e-13,0.0294137128985312,0,0.380800001961844
2016,3,30,0.132226407527924,-4.54747350886464e-13,0.0846954745848052,-4.54747350886464e-13,0.330514281136649
2016,3,31,0.0168612152338028,4.54747350886464e-13,0.0698471904179314,9.09494701772928e-13,0.302628571646554
2016,4,1,0.864306151866913,0.317941428286304,0.122641064230265,-4.54747350886464e-13,0.269714273725237
2016,4,2,0.0908343866467476,0.36483217844625,0.114827922599943,0,0.223085716792515
2016,4,3,0.0479811541736126,0.0716252747874933,0,0,0.247314289637974
2016,4,4,0.0301228370517492,0.0376358094413263,0,0,0.230857140677316
2016,4,5,1.84707474708557,0.501971621775738,0.432941119806856,0,0.209371430533273
2016,4,6,2.19473934173584,0.488832532109427,1.53207449448382,2.87952375290024,0.155428573063442
2016,4,7,1.02868854999542,0.0328166200415581,1.63017135568771,0.0328166200415581,0.141714286804199
2016,4,8,0.0301330741494894,0.0510431378261274,0.47826368654205,0.0359734627495527,0.139428574698312
2016,4,9,0.0651143044233322,0.0462631538930509,0.00129795533575816,0,0.176914283207485
2016,4,10,0.146347492933273,0.0587423228962507,0.046657611592309,0,0.120685713631766
2016,4,11,0.0368588156998158,0.0459786248670753,0.0461847168680833,0,0.159085709708078
2016,4,12,0.0015701677184552,0.0186731401286124,0.000541334349691169,0.278866047625797,0.135314287458147
2016,4,13,0.437640219926834,0.000221786842757865,0.239029536687667,0.000221786843212612,0.145371423448835
2016,4,14,2.10106325149536,4.54747350886464e-13,1.22676254012913,0,0.166399996621268
2016,4,15,8.09208202362061,0,5.06273778058312,0,0.181485721043178
2016,4,16,17.7905464172363,0,12.8239949046783,0,0.270628574916295
2016,4,17,12.436541557312,0,15.1243906172367,0,1.11085717337472
2016,4,18,9.8867244720459,0,11.1781892707731,0,5.34857134137835
2016,4,19,0.182131186127663,0,5.15258500711752,0,4.48457162039621
2016,4,20,0.293527185916901,0,0.238791037118062,0,2.74742867606027
2016,4,21,0.0425846427679062,0,0.170472006993805,0,1.63199996948242
2016,4,22,0.00262558576650918,0,0.0279551621333667,0,1.03771427699498
2016,4,23,1.08522868156433,0,0.508328904676091,0,0.694857134137835
2016,4,24,4.78230237960815,0,2.86873767436919,0,0.575999995640346
2016,4,25,1.04903304576874,0,3.10719562620034,0,0.525714274815151
2016,4,26,0.248165190219879,0,0.627389869036051,0,0.470857129778181
2016,4,27,0.000185414930456318,0,0.108088686916744,0,0.37668571472168
2016,4,28,0.0393656492233276,4.54747350886464e-13,0.0228635826806567,0,0.311314283098493
2016,4,29,0.000270141812507063,-4.54747350886464e-13,0.0184091427672684,0,0.261485726492746
2016,4,30,0.000225284253247082,0,0.000248912272581947,0,0.213485717773438
2016,5,1,0.000604405766353011,0,0.000378759486920899,0,0.187428569793701
2016,5,2,0.000757527886889875,-4.54747350886464e-13,0.000688305040966952,0,0.168685708727155
2016,5,3,0.0399498753249645,4.54747350886464e-13,0.0199396620828338,0,0.146742861611503
2016,5,4,0.000275619706371799,0,0.0227543445671472,0,0.141714286804199
2016,5,5,0.000173055246705189,0,0.000229142218813649,0,0.122057138170515
2016,5,6,0.115921258926392,0,0.057324948376845,0,0.103771427699498
2016,5,7,0.0237377434968948,0,0.071152162987346,0,0.10971428326198
2016,5,8,0.000777394394390285,0,0.0116277358119987,0,0.115657138824463
2016,5,9,0.0968261510133743,4.54747350886464e-13,0.0542322467172198,4.54747350886464e-13,0.121142850603376
2016,5,10,1.8557687997818,-4.54747350886464e-13,0.96631642342436,-4.54747350886464e-13,0.128457137516567
2016,5,11,1.13283288478851,0,1.51764400143111,0,0.13302857535226
2016,5,12,0.0862747952342033,0,0.636643835863652,0,0.118400001525879
2016,5,13,0.138943731784821,0,0.10974412221185,0,0.126171425410679
2016,5,14,0.0634275302290916,0,0.10151711243816,4.54747350886464e-13,0.128914288112095
2016,5,15,0.315762311220169,0,0.18865810123134,-4.54747350886464e-13,0.158171422140939
2016,5,16,0.0191871747374535,0,0.17369911289461,0,0.175542858668736
2016,5,17,0.00787803065031767,0,0.0136350677184964,0,0.19611428124564
2016,5,18,0.00107832869980484,0,0.00457300273774308,0,0.198399993351528
2016,5,19,0.117008313536644,0,0.0549758156739699,0,0.198399993351528
2016,5,20,0.047502838075161,0,0.0751924163359945,0,0.174171434129987
2016,5,21,0.00853310711681843,0,0.0285791811365925,0,0.195199993678502
2016,5,22,5.09512758255005,0,2.548467939494,0,0.194742856706892
2016,5,23,11.6484460830688,0,8.3493681375312,0,0.210285718100412
2016,5,24,0.571422219276428,0,6.16278676151887,0,0.209828567504883
2016,5,25,11.8123388290405,0,6.19285719242544,0,0.234057153974261
2016,5,26,16.9513854980469,0,14.3597825609231,0,0.338742855616978
2016,5,27,1.78690600395203,0,9.33250935737669,0,0.356114278520857
2016,5,28,1.34980964660645,0,1.61166227044487,0,0.356114278520857
2016,5,29,2.27735805511475,0,1.77960720040392,0,0.366628565107073
2016,5,30,4.98693895339966,0,3.53897111952574,0,0.389028576442174
2016,5,31,9.60000419616699,0,7.2768144894053,0,0.397257150922503
2016,6,1,12.1883935928345,0,10.851583384916,0,3.09028581891741
2016,6,2,1.19170391559601,0,6.70615953315792,0,3.08571428571429
2016,6,3,2.07590270042419,0,1.63126258666671,0,1.8971429007394
2016,6,4,2.02130746841431,0,2.04880533849246,0,1.40799996512277
2016,6,5,0.417341351509094,0,1.24421650897602,0,0.927999986921038
2016,6,6,0.080171212553978,-4.54747350886464e-13,0.265332201583078,0,0.653714261736189
2016,6,7,0.00868962518870831,4.54747350886464e-13,0.0402482963090733,4.54747350886464e-13,0.484571402413505
2016,6,8,0.194035902619362,0,0.110767195636072,-4.54747350886464e-13,0.384914289202009
2016,6,9,3.2981858253479,0,1.56664533864205,0,0.310400009155273
2016,6,10,4.71877717971802,0,4.09666800945706,0,0.32228570665632
2016,6,11,1.46373462677002,0,3.20207301937262,0,0.310857146126883
2016,6,12,9.78447246551514,0,5.5428414602975,0,0.311771420070103
2016,6,13,3.3347499370575,0,6.59260536644251,0,0.343771416800363
2016,6,14,2.92521858215332,0,3.16163244307609,0,0.339657129560198
2016,6,15,12.4026823043823,0,7.67112567778349,0,1.92914276123047
2016,6,16,4.04615640640259,4.54747350886464e-13,8.16254426831074,0,1.90171421595982
2016,6,17,15.9242525100708,-4.54747350886464e-13,9.89541127082703,0,6.53714294433594
2016,6,18,9.69262409210205,0,12.8009324050508,4.54747350886464e-13,8.45714285714286
2016,6,19,4.36557149887085,0,7.01614755832634,-4.54747350886464e-13,5.76000017438616
2016,6,20,0.00195037270896137,0,2.1721821977153,0,3.79428580147879
2016,6,21,0.00713373860344291,0,0.00459048175252974,0,2.73371429443359
2016,6,22,0.857408225536346,0,0.41394420722645,0,2.01142861502511
2016,6,23,3.89202427864075,0,2.53220530368344,0,1.52685710362026
2016,6,24,2.92611742019653,0,3.48635360570916,0,1.19314280918666
2016,6,25,5.12366724014282,0,3.95732987985684,0,1.07428567068917
2016,6,26,1.76376438140869,0,3.62436835223343,0,0.955428532191685
2016,6,27,0.455740332603455,0,1.15378736302591,0,0.736000006539481
2016,6,28,0.0122187519446015,0,0.21709047303375,0,0.498285729544503
2016,6,29,0.689609229564667,0,0.295323972455662,0,0.653714261736189
2016,6,30,2.15587329864502,-4.54747350886464e-13,1.3921248393126,-4.54747350886464e-13,1.65942862374442
2016,7,1,0.00713918870314956,4.54747350886464e-13,1.11752645775778,4.54747350886464e-13,0.863999993460519
2016,7,2,0.102917291224003,0,0.0486572530971898,0,0.5348571232387
2016,7,3,0.589930474758148,0,0.377102783968439,0,0.385828563145229
2016,7,4,2.84280228614807,0,1.78437160129761,4.54747350886464e-13,0.447542844499861
2016,7,5,2.17299556732178,0,2.55617391184205,-4.54747350886464e-13,1.59542857578823
2016,7,6,0.586925208568573,0,1.35292206919985,0,1.01942858014788
2016,7,7,3.08934283256531,0,1.83769708882392,0,0.585142844063895
2016,7,8,15.7507209777832,0,9.38372843862453,0,4.28342851911272
2016,7,9,0.98952728509903,0,8.42739478583098,0,2.61942858014788
2016,7,10,2.28073501586914,0,1.61275751436551,0,1.22971431187221
2016,7,11,16.7533683776855,0,9.47699618503611,0,2.66514282226563
2016,7,12,13.3435745239258,0,15.097043699494,0,4.66285705566406
2016,7,13,5.43304443359375,0,9.37644635219476,0,4
2016,7,14,4.95182228088379,0,5.18941609777176,0,3.5154285975865
2016,7,15,0.193645924329758,0,2.68812035861993,0,2.66971435546875
2016,7,16,2.22571873664856,0,1.14999412480393,0,1.84685712541853
2016,7,17,18.6133518218994,0,10.2542081817337,0,1.55885718209403
2016,7,18,0.590407729148865,0,9.74382995999986,0,1.32571432931083
2016,7,19,1.14918720722198,0,0.877367942106503,0,1.02857142857143
2016,7,20,6.61450004577637,0,3.76228368830562,0,0.795428575788225
2016,7,21,5.68571043014526,0,6.08061632854879,0,2.08000008719308
2016,7,22,0.0125666093081236,0,2.75460467693847,0,1.54971433367048
2016,7,23,12.4164886474609,0,6.2267885284964,0,2.05257132393973
2016,7,24,5.35128116607666,0,8.96304889894964,0,3.09485713413784
2016,7,25,0.0204721242189407,0,2.72278822058797,0,1.76914280482701
2016,7,26,0,0,0.00920446711461409,0,1.1154285975865
2016,7,27,0.00227900664322078,0,0.00131070498173358,0,0.736000006539481
2016,7,28,0.00309184589423239,0,0.00276793755983817,0,0.498285729544503
2016,7,29,0.00196175090968609,0,0.00245797208481235,0,0.341485704694475
2016,7,30,0.266404151916504,0,0.134564717554895,0,0.24365713936942
2016,7,31,2.2430624961853,0,1.21941681262251,0,0.170514283861433
2016,8,1,10.4063539505005,0,6.30914238471814,0,0.294857134137835
2016,8,2,4.77026462554932,0,7.60475569803384,0,0.240457153320313
2016,8,3,14.2140741348267,0,9.55682595521284,0,0.26605715070452
2016,8,4,15.5122756958008,0,14.8323643538315,0,1.55428575788225
2016,8,5,0.0674109980463982,0,7.78458442384363,0,0.795428575788225
2016,8,6,0.00165628641843796,0,0.0327426480143913,4.54747350886464e-13,0.502857153756278
2016,8,7,0.128196313977242,0,0.0570568480834481,-4.54747350886464e-13,0.28937143598284
2016,8,8,0.229080304503441,0,0.175329056532064,0,0.213485717773438
2016,8,9,0.0644886791706085,0,0.157288179932948,0,0.121142850603376
2016,8,10,0.766658067703247,0,0.356386693423701,0,0.0845714296613421
2016,8,11,2.91157341003418,0,1.92343169825108,0,0.0735999992915562
2016,8,12,0.0492616035044193,0,1.50153242905435,4.54747350886464e-13,0.0553142854145595
2016,8,13,0.0136865628883243,-4.54747350886464e-13,0.0303655083916965,-4.54747350886464e-13,0.043885714667184
2016,8,14,0.432922124862671,4.54747350886464e-13,0.185186461101694,0,0.0361142873764038
2016,8,15,3.2184579372406,0,1.7738532188414,0,0.0329142842973982
2016,8,16,3.0934042930603,0,3.14851021478898,0,0.101028571810041
2016,8,17,1.47837591171265,0,2.26263954684691,0,0.0653714316231864
2016,8,18,3.95649552345276,0,2.7395511642826,0,0.0676571437290737
2016,8,19,1.36527836322784,0,2.73126044968012,0,0.0484571422849383
2016,8,20,0.0182353369891644,0,0.771251252357615,0,0.0383999994822911
2016,8,21,0.0779257565736771,0,0.0503721706700162,0,0.0301714284079415
2016,8,22,0.0801743865013123,0,0.0792659989638196,0,0.0205714293888637
2016,8,23,0.166611850261688,0,0.131471937263996,0,0.0146285721233913
2016,8,24,1.05008697509766,0,0.611214426167862,-4.54747350886464e-13,0.00959999987057277
2016,8,25,0.192610114812851,0,0.661075429314224,4.54747350886464e-13,0.0105142857347216
2016,8,26,0.598185777664185,0,0.379443755973625,0,0.0160000000681196
2016,8,27,1.95372354984283,0,1.27585903639556,0,0.0155428579875401
2016,8,28,3.91744923591614,-4.54747350886464e-13,2.90254475045731,-4.54747350886464e-13,0.014171428339822
2016,8,29,1.14464569091797,4.54747350886464e-13,2.49741083601475,0,0.010971428666796
2016,8,30,3.3831331620604e-06,0,0.598357839520759,0,0.0196571435247149
2016,8,31,0.000343373569194227,0,0.00018795304276864,4.54747350886464e-13,0.0114285715988704
2016,9,1,0.00158003706019372,0,0.000983570207608864,0,
2016,9,2,6.21949802734889e-05,0,0.000896352325071348,0,
2016,9,3,1.34659910202026,0,0.655323863738886,0,
2016,9,4,19.3875255584717,0,10.345771200693,0,
2016,9,5,27.0539627075195,-4.54747350886464e-13,23.1632033853493,0,
2016,9,6,0.463441878557205,4.54747350886464e-13,13.7498949517176,0,
2016,9,7,2.34052848815918,0,1.39107235568008,0,
2016,9,8,4.09842681884766,0,3.212130818265,0,
2016,9,9,0.809496760368347,0,2.44617404534438,0,
2016,9,10,0.00184824410825968,0,0.424738146994059,0,
2016,9,11,0.0234507992863655,0,0.0115933867418789,0,
2016,9,12,0.811077237129211,4.54747350886464e-13,0.433716878025734,0,
2016,9,13,0.370714485645294,-4.54747350886464e-13,0.555781621784263,0,
2016,9,14,4.46063904746552e-06,0,0.22117192701262,0,
2016,9,15,1.00417244434357,0,0.448367170061829,0,
2016,9,16,4.64535236358643,0,2.72877137513569,0,0.330057144165039
2016,9,17,3.92361807823181,4.54747350886464e-13,4.31914517223049,4.54747350886464e-13,3.50628574916295
2016,9,18,4.59711933135986,-4.54747350886464e-13,4.22340741516018,-4.54747350886464e-13,1.75542853219169
2016,9,19,0.164429306983948,0,2.47281096990264,0,0.891428593226842
2016,9,20,3.73706364631653,0,1.85562214512174,0,0.498285729544503
2016,9,21,0.0962553322315216,0,1.93757173101039,0,0.356571415492467
2016,9,22,0.0381181836128235,0,0.0653169437027827,0,0.173714283534459
2016,9,23,1.3288209438324,0,0.594789242662955,0,0.118857138497489
2016,9,24,11.864896774292,-4.54747350886464e-13,6.50779882292045,0,0.152228573390416
2016,9,25,6.4302248954773,4.54747350886464e-13,9.34592070359577,0,0.3213714327131
2016,9,26,5.4635157585144,0,5.94643947386066,0,1.65942862374442
2016,9,27,0.0511257685720921,0,2.75402154961557,0,1.19771423339844
2016,9,28,0.00434666033834219,0,0.0293985628632072,0,0.740571430751256
2016,9,29,0.00136063061654568,0,0.00276138876142795,0,0.45531428200858
2016,9,30,8.26012692414224e-05,0,0.000717104732757434,0,0.306285721915109
2016,10,1,0.0277958381921053,0,0.0122548812068999,0,0.226742853437151
2016,10,2,0.0725429058074951,0,0.0534336675555096,0,0.191085720062256
2016,10,3,0.630237579345703,0,0.337970351447439,0,0.164114284515381
2016,10,4,2.83735179901123,0,1.80572092702641,0,0.153599997929164
2016,10,5,6.22403478622437,0,4.46307144901584,0,0.626285716465541
2016,10,6,0.99250727891922,0,3.6398572382459,0,0.681142861502511
2016,10,7,0.630030810832977,0,0.810614781879849,-4.54747350886464e-13,0.466285705566406
2016,10,8,0.506223678588867,0,0.569335824566224,4.54747350886464e-13,0.354285703386579
2016,10,9,0.161779999732971,0,0.31342072391999,0,0.279314286368234
2016,10,10,0.0115457130596042,0,0.067966422149766,0,0.218971429552351
2016,10,11,0.785821437835693,0,0.359887532897119,0,0.209371430533273
2016,10,12,0.907542049884796,0,0.847584773422568,0,0.171885708400181
2016,10,13,1.40217089653015,0,1.13162427760108,0,0.157714285169329
2016,10,14,0.000324516848195344,0,0.783037405144569,0,0.155885710035052
2016,10,15,0.123030208051205,0,0.0465390034114535,0,0.137599999564035
2016,10,16,4.12090444564819,0,2.09210674394126,0,0.140342862265451
2016,10,17,1.3748379945755,0,2.81003310322558,0,0.126171425410679
2016,10,18,0.0181980524212122,0,0.748973047255277,0,0.122514288766044
2016,10,19,0.0194996688514948,0,0.0189758673041069,0,0.115200001852853
2016,10,20,0.0142607353627682,0,0.0174113741450128,0,0.103771427699498
2016,10,21,0.0977513343095779,0,0.0618831257124839,0,0.10194285937718
2016,10,22,2.13789439201355,0,1.01594795045094,0,0.0941714286804199
2016,10,23,1.82885122299194,4.54747350886464e-13,2.02090541832149,0,0.143999998910087
2016,10,24,0.14784574508667,-4.54747350886464e-13,1.03131424439198,0,0.104228571483067
2016,10,25,0.53416109085083,0,0.283316418150207,0,0.0950857162475586
2016,10,26,3.56391882896423,4.54747350886464e-13,2.10228842706783,0,0.0886857169015067
2016,10,27,0.485878527164459,-4.54747350886464e-13,1.98586644112947,0,0.0804571424211775
2016,10,28,0.0274938326328993,0,0.302521575395076,0,0.0781714303152902
2016,10,29,0.0444383583962917,0,0.0327577693969943,0,0.0754285744258336
2016,10,30,0.0508709289133549,0,0.0470848239383486,0,0.069942855834961
2016,10,31,4.46813440322876,4.54747350886464e-13,2.16905719563511,4.54747350886464e-13,0.066742856161935
2016,11,1,3.0930335521698,-4.54747350886464e-13,3.69963344201096,-4.54747350886464e-13,
2016,11,2,0.0380475558340549,0,1.71036837863358,0,
2016,11,3,0.0396935157477856,0,0.0388154187130567,0,
2016,11,4,0.000852206430863589,0,0.024417646938673,0,
2016,11,5,0.0243268944323063,0,0.00573851784793078,0,
2016,11,6,0.00734590366482735,0,0.0142265801368922,0,
2016,11,7,0.0463756918907166,0,0.0323515053314623,0,
2016,11,8,0.0278372652828693,0,0.0395359899666801,0,
2016,11,9,0.0235801320523024,0,0.0258365977751964,-4.54747350886464e-13,
2016,11,10,0.0552862621843815,0,0.0288321571133565,4.54747350886464e-13,
2016,11,11,0.031471349298954,0,0.0417665497006965,0,
2016,11,12,0.0079155582934618,0,0.0227698807975685,4.54747350886464e-13,
2016,11,13,0.00889248680323362,0,0.00814070644992171,-4.54747350886464e-13,
2016,11,14,0.358388870954514,0,0.159710509855358,0,
2016,11,15,0.603904068470001,0,0.468123754493718,0,
2016,11,16,0.0156912729144096,0,0.300693055105512,0,
2016,11,17,0.0278510674834251,0,0.0235916903002362,4.54747350886464e-13,
2016,11,18,0.0180519688874483,0.00336576055906335,0.0195866644971829,-4.54747350886464e-13,
2016,11,19,0.0378217659890652,0.0221680714998911,0.00569935767998686,0,
2016,11,20,0.0122710941359401,0.0247140748879247,0.000552914611034794,0,
2016,11,21,0.78178858757019,0.290509699173072,0.10666848135952,0,
2016,11,22,4.09815645217896,1.31056980820858,1.12818837232408,0,
2016,11,23,0.787404298782349,1.1035571502257,1.33922419181908,2.56552056777991,
2016,11,24,0.297463327646256,0.0998196905684381,0.442720330203883,2.55874523779585,
2016,11,25,0.0172476340085268,0.0328367652095949,0.188676744419354,0.0328367652095949,
2016,11,26,0.026702718809247,1.1952729892073e-05,0.020865328671789,1.1952729892073e-05,
2016,11,27,1.63223564624786,0.345625696214029,0.483757634821814,0,
2016,11,28,9.77035331726074,0.34562684395587,5.35566669194668,1.63223426364766,
2016,11,29,7.15615224838257,0,8.3619774025392,0,
2016,11,30,0.677004814147949,0.0812045518123341,3.88982153192046,0.0812045518123341,
2016,12,1,0.0943339467048645,0.112593041366381,0.273080480124918,0.0825938620455418,
2016,12,2,0.00657470477744937,0.0327941727837242,0.0174480905698147,0,
2016,12,3,0.0480888336896896,0.0236791193219688,0.00387331049569184,0,
2016,12,4,1.59924590587616,0.501547184547235,0.321771311737393,0,
2016,12,5,3.63306546211243,1.59957033822639,1.01929769192429,0,
2016,12,6,10.5110158920288,6.07616578727448,0.97793411125167,0,
2016,12,7,3.63402223587036,6.82469078763461,0.27832335155108,0,
2016,12,8,0.88182258605957,2.2796563985703,0,0,
2016,12,9,0.0766351670026779,0.500097839802947,0,0,
2016,12,10,0.0406473502516747,0.0602457946438335,0,0,
2016,12,11,0.106181524693966,0.0571876198100654,0,0,
2016,12,12,0.0908445939421654,0.10142761574707,0,0,
2016,12,13,0.040054552257061,0.0745971825795095,0,0,
2016,12,14,0.0218065716326237,0.0338029063937029,0,0,
2016,12,15,0.0425939783453941,0.0250099001596027,0,0,
2016,12,16,0.0204605385661125,0.0311148438549935,0,0,
2016,12,17,0.00401480728760362,0.0156691574275101,0,0,
2016,12,18,0.198042273521423,0.123617416687921,0,0,
2016,12,19,1.2816778421402,0.671783006740498,0,0,
2016,12,20,0.770822465419769,1.08383603608263,0,0,
2016,12,21,1.80088198184967,1.21637905990656,0,0,
2016,12,22,0.0701293796300888,0.973231093478717,0,0,
2016,12,23,0.00821008160710335,0.0299752298979001,0,0,
2016,12,24,0.0496867671608925,0.0269437030879089,0,0,
2016,12,25,9.26258945465088,4.65201418187326,0,0,
2016,12,26,11.1321477890015,10.1385373958965,0,0,
2016,12,27,3.49502325057983,7.33613882461168,0,0,
2016,12,28,0.145218834280968,1.87024773988378,0,0,
2016,12,29,0.0812975168228149,0.103597842055478,0,0,
2016,12,30,1.24560868740082,0.548477488021035,0,0,
2016,12,31,1.32790899276733,1.25665382245916,0,0,
2017,1,1,0.269956260919571,0.902708907955457,0,0,
2017,1,2,2.90376305580139,1.63202659142826,0,0,
2017,1,3,4.36365461349487,3.65785843743697,-3.63797880709171e-12,0,
2017,1,4,0.114858709275723,2.3600405934817,3.63797880709171e-12,0,
2017,1,5,0.0348631590604782,0.0628302700497443,0,0,
2017,1,6,0.0378931425511837,0.0360856977331423,0,0,
2017,1,7,0.00403384910896421,0.0165433941601805,0,0,
2017,1,8,0.00156748993322253,0.00348612976631557,0,0,
2017,1,9,3.07093834877014,1.31809535134607,0,0,
2017,1,10,1.00549590587616,1.98217960954707,0,0,
2017,1,11,0.0530968457460403,0.375844378588681,0,0,
2017,1,12,0.0266141667962074,0.03309928770841,0,0,
2017,1,13,0.0185672864317894,0.0218546837404574,0,0,
2017,1,14,0.0163955613970757,0.0177890363684128,0,0,
2017,1,15,0.0019109807908535,0.00691237188539162,0,0,
2017,1,16,0.0109718320891261,0.00759651113912696,0,0,
2017,1,17,0.0114252902567387,0.0111708279828235,0,0,
2017,1,18,0.0159715786576271,0.0126585731886735,0,0,
2017,1,19,0,0.00687956067940831,0,0,
2017,1,20,0.279947072267532,0.0338782388789696,0.0527368724433472,0,
2017,1,21,0.173700675368309,0.0522562471023775,0.168195470723731,7.21418468582669,
2017,1,22,1.01470589637756,0.0451275664117929,0.55508876634849,11.8722393867274,
2017,1,23,0.227996021509171,0.098980687555013,0.527511619297002,4.75544247121798,
2017,1,24,0.00144013937097043,0.0559968547477183,0.0601484281942248,0,
2017,1,25,0.000454928347608075,0.000927509119264869,2.46043455263134e-05,0,
2017,1,26,0.0161886438727379,0.00587913227536774,0,0,
2017,1,27,0.0395699739456177,0.0205012427522888,0,0,
2017,1,28,0.000513027887791395,0.0186859324908255,0,0,
2017,1,29,0.325999557971954,0.123299588839927,0,0,
2017,1,30,3.12793374061584,1.94545747395796,0,0,
2017,1,31,3.26731514930725,3.21006018750359,0,0,
2017,2,1,0.0579422153532505,1.79793815923995,0,0,
2017,2,2,0.000420232798205689,0.0296918792400902,0,0,
2017,2,3,0.00162874220404774,0.000722160953500861,0,0,
2017,2,4,0.0206163786351681,0.0118543219773528,0,0,
2017,2,5,2.14274287223816,0.82627083550824,0,0,
2017,2,6,3.24578666687012,2.5511504861156,0,0,
2017,2,7,2.38443946838379,2.68642356959117,0,0,
2017,2,8,0.0665502846240997,1.36235317028104,0,0,
2017,2,9,0.798550248146057,0.295753550748941,0,0,
2017,2,10,0.127849578857422,0.56023347282553,0,0,
2017,2,11,0.000541906454600394,0.0942939247629511,0,0,
2017,2,12,0.0012429776834324,0.00457773548441764,0,0,
2017,2,13,0.0108023155480623,0.00503342735964907,0.000455571651400533,0,
2017,2,14,0.00140814017504454,0.00793211103609792,0.00078495744310203,0,
2017,2,15,0.0121483476832509,0.00690119172577397,5.61765446036588e-05,0,
2017,2,16,0.0103282062336802,0.0105283466064066,0.000876354872161755,0,
2017,2,17,0.012298739515245,0.00410991444823594,0.00721195368168992,6.52029007315923,
2017,2,18,0.00732140056788921,4.54747350886464e-13,0.00977011963914265,15.2518618333734,
2017,2,19,0.011034308001399,0,0.00907990536143188,16.8647574170727,
2017,2,20,2.89019346237183,0,1.42914807188208,21.492166684382,
2017,2,21,0.791114807128906,0.0103940356102612,1.83309300879046,19.3494397527693,
2017,2,22,0.198383316397667,0.0338800041349714,0.460630851259339,1.19929186259651,
2017,2,23,0.0739172995090485,0.0604059714542018,0.0757445496092259,0.0234474482622318,
2017,2,24,0.0254985019564629,0.0498977551201278,0,0,
2017,2,25,0.122893810272217,0.0743876608389655,0,0,
2017,2,26,0.0626422911882401,0.0925362834814223,0,0,
2017,2,27,0.0282818339765072,0.046630821058443,0,0,
2017,2,28,0.112829588353634,0.0700942295252389,0,0,
2017,3,1,0.0858898609876633,0.100571193115229,0,0,0
2017,3,2,0.0903068780899048,0.0882078508248014,0,0,0
2017,3,3,0.00611248333007097,0.0477089188575519,0,0,0
2017,3,4,0.00150513625703752,0.00369581669156105,0,0,0
2017,3,5,0.0398245416581631,0.00336555284684437,0.0172993007945479,0.614055262123657,0
2017,3,6,1.75269913673401,0.00259969095850465,0.898018873303954,0.00259969095804991,0
2017,3,7,1.25981867313385,0.629905831132419,0.876354445244942,0,0
2017,3,8,0.278298944234848,0.772693336977682,0,0,0.00640000019754682
2017,3,9,0.000525672803632915,0.143960059069741,0,0,0.102857140132359
2017,3,10,0.0460463799536228,0.0221716312616991,0,0,0.152228573390416
2017,3,11,0.00216482137329876,0.0203030220786786,0,0,0.120685713631766
2017,3,12,0.0172957591712475,0.00840858727360683,0,0,0.0982857159205846
2017,3,13,0.0274709481745958,0.0232435302436897,0,0,0.0964571407863072
2017,3,14,0.00566457211971283,0.0159449287866664,0,0,0.0941714286804199
2017,3,15,0.0238758455961943,0.0143643073015483,0,0,0.0754285744258336
2017,3,16,2.80185294151306,0.956730143235745,0.450613578246703,0,0.0740571430751256
2017,3,17,2.83505535125732,1.81457946934552,1.00625081063845,0,0.108800002506801
2017,3,18,0.141730427742004,0.959864775438291,0.549611593127338,0,0.182399994986398
2017,3,19,0.0108561478555202,0.0717052007885286,0.00458813539444236,3.37973184717794,0.327314295087542
2017,3,20,0.0112624345347285,0.000840402362427994,0.010218775816611,4.08146041747023,0.516571426391602
2017,3,21,0.0292000323534012,0.0145968863203052,0.00563242445423384,0,0.672000013078962
2017,3,22,0.024333618581295,0.0268745909856989,0,0,0.708571406773159
2017,3,23,0.401076078414917,0.0995903761418049,0.112936772973626,0,0.626285716465541
2017,3,24,0.134895130991936,0.116864404601529,0.150589755226974,0,0.571428571428572
2017,3,25,0.00500671844929457,0.0303522231151874,0.0395990949400584,0.531385112758471,0.722285733904157
2017,3,26,0.0319588556885719,0.000751084152398107,0.0177318990317872,0.0590184166467225,1.22057146344866
2017,3,27,0.00524386577308178,4.54747350886464e-13,0.0186285749514354,0,2.00685708182199
2017,3,28,0.0266230348497629,-4.54747350886464e-13,0.0159056943593896,0,2.96228572300502
2017,3,29,1.69669115543365,4.54747350886464e-13,0.857803714108741,0,4.2605712890625
2017,3,30,0.608154237270355,0,1.16802446862857,0,7.4971426827567
2017,3,31,0.109635546803474,0,0.357817844513193,0,14.6285714285714
2017,4,1,0.0386356376111507,0,0.075428666004882,0,17.0057146344866
2017,4,2,0.0323312841355801,0,0.0355366961011896,0,16.6400006975446
2017,4,3,0.0093339653685689,0,0.0222276059466822,0,12.5714285714286
2017,4,4,0.0240113530308008,0,0.0166339170500578,0,8.41142839704241
2017,4,5,0.00812419410794973,0,0.0158393787714886,0,5.71428571428571
2017,4,6,0.0150655303150415,0,0.0114599424923654,0,3.63885716029576
2017,4,7,0.00993464048951864,0,0.0128131502824544,0,2.26285705566406
2017,4,8,0.00506130279973149,0,0.00699429230371607,0,1.3485714503697
2017,4,9,0.00765012810006738,-4.54747350886464e-13,0.00645386159885675,0,1.3028570992606
2017,4,10,0.0164710581302643,0.00143855814485505,0.0107200411221129,0.0014385581444003,1.17028568812779
2017,4,11,0.0167108941823244,0.00151727419233794,0.0150643296656199,0.00151727419233794,0.950857107979911
2017,4,12,0.0161775071173906,0,0.0164991727433517,0,0.74514285496303
2017,4,13,0.145182266831398,0,0.0866188856052759,0,0.544000026157924
2017,4,14,0.317412614822388,0,0.229125514539192,0,0.334628568376814
2017,4,15,5.0024790763855,0,2.62339161798445,0,0.201600006648472
2017,4,16,0.942997097969055,0,3.06486688122459,0,0.118857138497489
2017,4,17,0.0481885261833668,0.00121587974444992,0.499943965256534,0.00121587974354043,0.0763428551810128
2017,4,18,0.69304633140564,0.00100524614936148,0.428785284308105,0.00100524614936148,0.0818285737718855
2017,4,19,0.032099187374115,0,0.414478575035901,0,0.137599999564035
2017,4,20,1.99113583564758,0,0.948258443349914,0,0.178742858341762
2017,4,21,0.103921473026276,0,0.996948067950143,0,0.152228573390416
2017,4,22,1.28071045875549,0,0.696503398066852,0,0.129828575679234
2017,4,23,0.362309664487839,0.00124408269630294,0.839183747437346,0.00124408269766718,0.122514288766044
2017,4,24,7.1643853187561,0.626430668711237,3.1368977043021,0.626430668709872,0.112914282935006
2017,4,25,1.2670031785965,0.689657145561796,3.52605393985505,0.689657145564524,0.113371426718576
2017,4,26,0.118877880275249,0.069706520710497,0.55480052342682,0.069706520710497,0.118400001525879
2017,4,27,0.799880504608154,0.0559179966271586,0.351621023430198,0.0559179966276133,0.124342863900321
2017,4,28,0.0202561262995005,0.0528408589743776,0.376769381073245,0.0528408589743776,0.131657137189593
2017,4,29,0.000110825298179407,0,0.0121451873892511,0,0.124342863900321
2017,4,30,4.84626725665294e-05,0,7.99525259935763e-05,0,0.102857140132359
2017,5,1,0.0152761908248067,0,0.00711950479308143,0,0.0763428551810128
2017,5,2,0.00281432340852916,0,0.0100735919622821,0,0.0598857130323138
2017,5,3,0.00845137052237988,0,0.00555570903088665,0,0.0521142857415336
2017,5,4,0.00946322176605463,0,0.00888260598730994,0,0.0466285705566406
2017,5,5,2.5069812181755e-05,0,0.00452369874619762,0,0.0383999994822911
2017,5,6,0.000679123331792653,0,0.000349523936165497,0,0.0351999998092651
2017,5,7,0.333207070827484,0,0.13972253695465,0,0.0320000001362392
2017,5,8,0.683357834815979,0,0.502356396045798,0,0.0242285711424691
2017,5,9,1.21440505981445,0,0.940409135870141,0,0.0187428576605661
2017,5,10,0.00155626062769443,0,0.623478838966548,0,0.0191999997411455
2017,5,11,0.0227189380675554,0,0.0144266895367764,0,0.021942857333592
2017,5,12,6.84680708218366e-05,0,0.0114412071052357,0,0.0182857138769967
2017,5,13,9.67435516940895e-06,0,3.65986561519094e-05,0,0.0150857142039708
2017,5,14,0.020673144608736,0,0.00953308532916708,0,0.0105142857347216
2017,5,15,0.11824607104063,0,0.0712141157273436,0,0.00914285693849836
2017,5,16,1.34884250164032,0,0.731253774494689,0,0.0100571428026472
2017,5,17,1.44675374031067,0,1.39424751536353,0,0.00822857107434954
2017,5,18,0.000691188091877848,-4.54747350886464e-13,0.727715329943749,0,0.00777142899377005
2017,5,19,1.52226020873059e-05,4.54747350886464e-13,0.000305105972074671,0,0.00502857140132359
2017,5,20,1.12411749362946,0,0.566868337875349,0,0.00594285726547241
2017,5,21,7.43547058105469,0,4.26903141690855,0,0.00685714270387377
2017,5,22,2.79237079620361,0,5.1254318894571,0,0.00868571400642395
2017,5,23,0.527360022068024,0,1.65235590752127,0,0.0100571428026472
2017,5,24,2.27133437058491e-10,0,0.268738360657153,0,0.010971428666796
2017,5,25,0.0097721554338932,0,0.00455300975590944,0,0.00914285693849836
2017,5,26,0.00754765421152115,0,0.00864749179163482,0,0.0118857145309448
2017,5,27,0.0670731142163277,0,0.0431003866615356,0,0.0137142854077475
2017,5,28,1.39539110660553,0,0.729382084620738,0,0.00731428606169564
2017,5,29,1.12705171108246,0,1.22471204284011,0,0.00731428606169564
2017,5,30,0.814815819263458,0,0.974402448900946,0,0.00457142846924918
2017,5,31,0.00110215623863041,0,0.388714694705413,0,0.00457142846924918
2017,6,1,1.38461002663348e-08,0,0.000553520119865425,0,0.00457142846924918
2017,6,2,0.983687877655029,0,0.471259469053621,0,0.00320000009877341
2017,6,3,3.33961987495422,0,2.15855400255896,0,0.00228571423462459
2017,6,4,0.00858153589069843,0,1.69452158499189,0,0.000914285757711955
2017,6,5,0.00832742266356945,0,0.00844141139168642,0,0.000914285757711955
2017,6,6,0.0174551699310541,0,0.0123426787031349,0,0.000457142878855978
2017,6,7,0.988401234149933,0,0.500967810039583,0,0
2017,6,8,0.535500466823578,0,0.767974822309043,0,0
2017,6,9,3.67213177680969,0,2.10457824865807,0,0.000914285757711955
2017,6,10,4.72972106933594,0,4.18979981323355,0,0.00640000019754682
2017,6,11,0.217395141720772,0,2.48462872855089,0,0.00228571423462459
2017,6,12,0.0329789593815804,0,0.124240923516481,0,0.000914285757711955
2017,6,13,8.31407833099365,4.54747350886464e-13,4.15188661972206,0,0.000914285757711955
2017,6,14,10.2534494400024,-4.54747350886464e-13,9.24491609419783,0,0.00594285726547241
2017,6,15,0.544610679149628,0,5.47967077578869,0,0.00228571423462459
2017,6,16,0.318238824605942,0,0.428007189406344,0,0.002742857166699
2017,6,17,1.22190117835999,0,0.774109191665048,0,0.00228571423462459
2017,6,18,0.0959457010030746,0,0.660623380877951,0,0.00182857151542391
2017,6,19,0.458974748849869,0,0.289138101023127,0,0.00182857151542391
2017,6,20,0.646922409534454,0,0.544286973989074,0,0.0013714285833495
2017,6,21,2.93867254257202,0,1.81126245457199,0,0.000914285757711955
2017,6,22,0.949856579303741,0,1.96277979933802,0,0.000914285757711955
2017,6,23,0.34353244304657,0,0.624726231682871,0,0.000457142878855978
2017,6,24,1.04146301746368,0,0.688468254011241,0,0.000914285757711955
2017,6,25,1.3036173582077,0,1.1636540514628,0,0.000914285757711955
2017,6,26,0.0233417395502329,0,0.655394673060073,0,0.000457142878855978
2017,6,27,0.00564398150891066,0,0.0146921966188529,0,0.000914285757711955
2017,6,28,3.39362120628357,0,1.68069667556483,0,0.005485714333398
2017,6,29,4.35085010528564,0,3.75225521867833,0,0.002742857166699
2017,6,30,1.2214115858078,0,2.8265014908211,0,0.00411428553717477
2017,7,1,0.535441517829895,0,0.886155183157825,0,0.0013714285833495
2017,7,2,9.58253574371338,0,5.0188017221044,0,0.000457142878855978
2017,7,3,0.0753277689218521,0,4.88842264572668,0,0
2017,7,4,2.77512693405151,0,1.35002345831163,0,0
2017,7,5,0.176967829465866,0,1.52977340506914,0,0
2017,7,6,0.0351833663880825,0,0.117617289593909,0,0
2017,7,7,0.7308149933815,0,0.359963487760979,0,0
2017,7,8,0.0871943533420563,0,0.425834178731748,0,0
2017,7,9,0.829099833965302,0,0.471080608080229,0,0
2017,7,10,0.802934646606445,0,0.814992508094292,0,0
2017,7,11,10.3017377853394,0,5.55723940918688,0,0
2017,7,12,10.5415048599243,0,10.4163677949909,-9.09494701772928e-13,0.0484571422849383
2017,7,13,0.133424907922745,0,5.36837823073438,9.09494701772928e-13,0.0306285721915109
2017,7,14,0.00300748692825437,0,0.0663956490752753,0,0.0210285714694432
2017,7,15,0.075174130499363,0,0.0342977851214528,0,0.0105142857347216
2017,7,16,0.275725036859512,0,0.183269058641599,0,0.0223999994141715
2017,7,17,1.60009479522705,0,0.922807263839786,0,0.0242285711424691
2017,7,18,0.0201100017875433,0,0.839860760941519,0,0.0269714287349156
2017,7,19,2.08630847930908,0,1.03849103691391,0,0.0223999994141715
2017,7,20,1.65744304656982,0,1.88590559301883,0,0.0201142856052944
2017,7,21,2.90605449676514,0,2.30561571399812,0,0.0173714280128479
2017,7,22,3.99603414535522,4.54747350886464e-13,3.44118814653484,0,0.0123428574630192
2017,7,23,2.61171913146973,-4.54747350886464e-13,3.37131409219728,0,0.00959999987057277
2017,7,24,0.264924019575119,0,1.46229621515886,0,0.00640000019754682
2017,7,25,0.594843864440918,0,0.454255603028287,0,0.00411428553717477
2017,7,26,0.000520812463946641,0,0.343090322123317,0,0.002742857166699
2017,7,27,0.0153312524780631,0,0.00886806210473878,0,0.00182857151542391
2017,7,28,0.0440743118524551,0,0.0336883625823248,0,0.0013714285833495
2017,7,29,0.15231129527092,0,0.0922617609357985,0,0.000914285757711955
2017,7,30,0.00964382383972406,4.54747350886464e-13,0.0934545317832089,0,0.000457142878855978
2017,7,31,0.920834243297577,-4.54747350886464e-13,0.466636446151824,0,0
2017,8,1,1.331094622612,0,1.11499034332519,0,0
2017,8,2,1.45778393745422,0,1.39670014824151,0,0
2017,8,3,2.72586369514465,0,2.0834882218951,0,0
2017,8,4,0.35736683011055,0,1.56759862203762,0,0
2017,8,5,0.288039326667786,0,0.331491162745806,0,0
2017,8,6,0.00385398743674159,0,0.145318661358033,0,0
2017,8,7,0.0448020622134209,0,0.0215905240947905,0,0
2017,8,8,0.695012450218201,-4.54747350886464e-13,0.35961820954617,0,0
2017,8,9,3.87007570266724,4.54747350886464e-13,2.29762497016054,0,0
2017,8,10,1.83778703212738,-4.54747350886464e-13,2.87317041310598,0,0
2017,8,11,0.0114866932854056,4.54747350886464e-13,0.927261143817304,0,0
2017,8,12,0.010287250392139,0,0.0107527100881271,0,0
2017,8,13,0.0823584645986557,0,0.0418848678345967,0,0
2017,8,14,0.0142915537580848,0,0.0442632372760272,0,0
2017,8,15,1.38804864883423,0,0.68987988765366,0,0
2017,8,16,3.41084337234497,0,2.41061446702952,0,0
2017,8,17,0.411156564950943,0,1.93136032626353,0,0
2017,8,18,0.363383084535599,0,0.394323039672599,0,0
2017,8,19,0.0316791161894798,0,0.207895970121172,0,0
2017,8,20,0.0510004833340645,0,0.0407886442990275,0,0
2017,8,21,0.819172024726868,0,0.441323512895906,0,0
2017,8,22,0.878698945045471,0,0.848210247459065,0,0
2017,8,23,1.16637778282166,0,1.02229815024475,0,0
2017,8,24,1.51145839691162,0,1.30697477994181,0,0
2017,8,25,0.00381393753923476,0,0.735967440086824,0,0
2017,8,26,0.122904449701309,0,0.061005600317003,0,0
2017,8,27,0.146399646997452,0,0.133789787618298,0,0
2017,8,28,0.004680962767452,-4.54747350886464e-13,0.0840123833513644,0,0
2017,8,29,0.000302375759929419,4.54747350886464e-13,0.00283266270344029,0,0
2017,8,30,0.0102607645094395,-4.54747350886464e-13,0.00427089626464294,0,0
2017,8,31,0.0238100122660399,4.54747350886464e-13,0.0182472290834994,0,0
2017,9,1,1.35757994651794,0,0.68918317522548,0,0
2017,9,2,0.82340008020401,0,1.08679314732581,0,0
2017,9,3,0.00890301913022995,0,0.415483583587047,0,0
2017,9,4,0.877002537250519,0,0.435265168078331,0,0
2017,9,5,0.0516024641692638,0,0.47531740121849,0,0
2017,9,6,0.00229859817773104,0,0.0309465992286277,0,0
2017,9,7,0.000402737816330045,0,0.00134511512078461,0,0
2017,9,8,1.70392127074592e-06,0,0.000189426071301568,0,0
2017,9,9,0.0198654308915138,0,0.00748672930058092,0,0
2017,9,10,0.000773818814195693,0,0.0134020846562635,0,0
2017,9,11,0.00489003118127585,0,0.00224897184307338,0,0
2017,9,12,4.03775084123481e-06,0,0.00325489346141694,0,0
2017,9,13,0.0212752036750317,0,0.00972553324390901,0,0
2017,9,14,0.0688040256500244,-4.54747350886464e-13,0.0444959412925527,0,0
2017,9,15,8.18669891357422,4.54747350886464e-13,4.12666277312019,0,0
2017,9,16,19.6801586151123,0,13.9028308447814,0,0
2017,9,17,0.826283037662506,0,10.32753817103,0,0
2017,9,18,0.00243337266147137,0,0.469249775291246,0,0
2017,9,19,9.73559379577637,0,4.94533005932317,0,0
2017,9,20,5.38434410095215,0,7.60137269470215,0,0
2017,9,21,0.00697089964523912,4.54747350886464e-13,2.81021075508397,0,0
2017,9,22,5.89570093154907,-4.54747350886464e-13,3.02000833050624,0,0
2017,9,23,8.10744857788086,0,7.01207606719254,0,0
2017,9,24,24.6264152526856,0,16.3770280870012,0,0
2017,9,25,6.15093755722046,0,15.3635711460229,0,0
2017,9,26,9.07763004302979,0,7.54254187670449,0,0
2017,9,27,5.85122108459473,0,7.55115747010859,0,0
2017,9,28,0.0773418992757797,0,3.08106764846889,0,0.0013714285833495
2017,9,29,0.110022500157356,0,0.0931864713493269,0,0.0100571428026472
2017,9,30,0.0533657297492027,0,0.0813507600651064,0,0.00914285693849836
2017,10,1,1.50859045982361,-4.54747350886464e-13,0.711723225238529,0,0.00731428606169564
2017,10,2,1.63350808620453,4.54747350886464e-13,1.55703750492467,0,0.00685714270387377
2017,10,3,0.192624568939209,0,0.968758452905604,0,0.00502857140132359
2017,10,4,0.127527564764023,0,0.163501643372001,0,0.00365714303084782
2017,10,5,0.00699937622994185,0,0.0688735786898178,0,0.00228571423462459
2017,10,6,0.00347686186432838,0,0.00539687615673756,0,0.0013714285833495
2017,10,7,0.0572855174541473,0,0.0253417319763685,0,0.000914285757711955
2017,10,8,0.0188368633389473,4.54747350886464e-13,0.0353473772847792,0,0.000457142878855978
2017,10,9,0.0303773824125528,-4.54747350886464e-13,0.0247303572868987,0,0.000457142878855978
2017,10,10,0.0141666484996676,0,0.0227202179994492,0,0
2017,10,11,0.000382171157980338,0,0.0082185299579578,0,0
2017,10,12,0.0637258216738701,-4.54747350886464e-13,0.0373054554838745,0,0
2017,10,13,0.0519850961863995,4.54747350886464e-13,0.0575448673589563,0,0
2017,10,14,0.0136559493839741,0,0.0339367929846048,0,0
2017,10,15,0.00735727231949568,0,0.0108747314152424,0,0
2017,10,16,0.000487961951876059,0,0.00459944362592069,0,0
2017,10,17,0.000449047685833648,0,0.000465230888949009,0,0
2017,10,18,8.26248742669122e-06,0,0.000243515223701252,0,0
2017,10,19,0.0163863804191351,0,0.00847892129968386,0,0
2017,10,20,0.000660664460156113,0,0.00915214207270765,0,0
2017,10,21,0.0550193786621094,0,0.0260986022803991,0,0
2017,10,22,0.0704947412014008,0,0.0613791114046762,0,0
2017,10,23,0.469180583953857,0,0.260232789441943,0,0
2017,10,24,0.0077622807584703,0,0.267118429539551,0,0
2017,10,25,1.58142614364624,0,0.756131129055575,0,0
2017,10,26,4.91739749908447,0,3.24617060249147,0,0
2017,10,27,1.11529421806335,0.427477887809346,2.58887536151087,0,0
2017,10,28,0.017534751445055,0.436477344039758,0.130239190912107,0,0
2017,10,29,0.524083554744721,0.03346761440298,0.237341578198539,1.15782895892789,0
2017,10,30,0.520346522331238,0.115162451721062,0.407052564947662,0.0246999470882656,0
2017,10,31,0.0452137850224972,0.113069036854085,0.169713562416291,0,0
2017,11,1,0.892126202583313,0.385318520120109,0.0820056294214737,0,
2017,11,2,2.74309849739075,1.50021611278135,0.311880543067673,0,
2017,11,3,0.274575859308243,1.28548935200797,0.23213851755645,0,
2017,11,4,3.88790917396545,1.93012975216061,0.146337169295293,0,
2017,11,5,1.9837943315506,2.81016077493268,0.150557239707268,0,
2017,11,6,0.0334161445498467,1.02533440583875,0,0,
2017,11,7,0.030535439029336,0.0320768213714473,0,0,
2017,11,8,0.220006182789803,0.104033018838891,0,0,
2017,11,9,0.214547425508499,0.216698284527411,0,0,
2017,11,10,1.08697259426117,0.670272040070358,0,0,
2017,11,11,0.0371266640722752,0.544580481843696,0,0,
2017,11,12,0.0041055167093873,0.018451401870152,0,0,
2017,11,13,0.00100657134316862,0.00195509405421035,0,0,
2017,11,14,0.0146079268306494,0.0049255105877819,0.00114024110371247,0,
2017,11,15,0.0177395585924387,0.015759069446176,0.000970229284575908,0,
2017,11,16,0.0296155214309692,0.0227002842457296,0,0,
2017,11,17,0.489007323980331,0.246298333423511,0,0,
2017,11,18,1.20816469192505,0.818683232437707,0,0,
2017,11,19,0.00289560295641422,0.658395806393855,0,0,
2017,11,20,0.113524883985519,0.0410302011350723,0,0,
2017,11,21,0.024739071726799,0.0625792631776676,0,0,
2017,11,22,0.0787501484155655,0.0547327839985883,0,0,
2017,11,23,0.116912648081779,0.0985244626217536,0,0,
2017,11,24,0.15075047314167,0.0704024696992747,0.0634290948073613,3.30621969534059,
2017,11,25,0.00621953420341015,0.0150619375745009,0.0634722504619276,3.30846916868813,
2017,11,26,0.00507573271170259,0.00546274518092105,0,0,
2017,11,27,0.768029987812042,0.183032335339703,0.170331400640862,0,
2017,11,28,0.279966771602631,0.293556864343827,0.257686965902394,0,
2017,11,29,0.285902112722397,0.190782784306521,0.0911129855267063,0,
2017,11,30,0.377253085374832,0.161271450258937,0.170306173575227,2.16177073852941,
2017,12,1,0.0140424892306328,0.0449834428968643,0.150459362354013,2.15932952609455,
2017,12,2,0.000996763817965984,0.00455381548954392,0.00297157776003587,0,
2017,12,3,0.00890581961721182,0.00567632992397193,0.000596378133195685,0,
2017,12,4,1.94110560417175,0.96581451481461,0.00041798186066444,0,
2017,12,5,2.69619750976563,2.27322678427481,0,0,
2017,12,6,0.0240481533110142,1.4371282612824,0,0,
2017,12,7,0.00118105777073652,0.0178769656617988,0,0,
2017,12,8,0.0395181737840176,0.00838145894476838,0,0,
2017,12,9,0.0126657094806433,0.0235131636040933,0,0,
2017,12,10,0.840915143489838,0.428883709078491,0,0,
2017,12,11,1.3892537355423,1.03956362682493,0,0,
2017,12,12,1.16169500350952,1.21364251207569,0,0,
2017,12,13,0.249840274453163,0.765585684287089,0,0,
2017,12,14,0.267654120922089,0.262255458086656,0,0,
2017,12,15,0.941882729530334,0.634655577301146,0,0,
2017,12,16,1.16476929187775,0.989605993871919,0,0,
2017,12,17,1.6307784318924,1.33454242381595,0,0,
2017,12,18,0.193968296051025,1.00906172232362,0,0,
2017,12,19,0.029736215248704,0.0776777991300151,0,0,
2017,12,20,0.140919864177704,0.0578607807951812,0,0,
2017,12,21,0.545489132404327,0.317214012090517,0,0,
2017,12,22,0.165935471653938,0.434612404640575,0,0,
2017,12,23,0.296350687742233,0.22196910640514,0,0,
2017,12,24,0.0205950532108545,0.198931430209996,0,0,
2017,12,25,0.00248225033283234,0.0145167563414361,0,0,
2017,12,26,0.000146587641211227,0.0023527285570708,0,0,
2017,12,27,0.098226435482502,0.045596397688314,0,0,
2017,12,28,0.353392690420151,0.22826507065929,0,0,
2017,12,29,0.0390135198831558,0.183137663134403,0,0,
2017,12,30,0.00310891703702509,0.0196545252656506,0,0,
2017,12,31,0.000220390240428969,0.0021955461388643,0,0,
2018,1,1,1.16225814819336,0.505144687378106,0,0,
2018,1,2,1.21960628032684,1.18923727285755,0,0,
2018,1,3,0.00698031857609749,0.634458107034789,0,0,
2018,1,4,0.00186707568354905,0.00496289636885194,0,0,
2018,1,5,0.00583361135795713,0.00450198895123322,0,0,
2018,1,6,0.0288190506398678,0.0102134011817725,0,0,
2018,1,7,1.30586397647858,0.576636418781618,0,0,
2018,1,8,0.0123232854530215,0.679830472041886,0,0,
2018,1,9,0,0.005442620649319,0,0,
2018,1,10,0.702481806278229,0.281240683881606,0,0,
2018,1,11,3.41214466094971,2.02316174643374,0,0,
2018,1,12,0.0033814727794379,1.74233621121948,0,0,
2018,1,13,1.82294845581055,0.844489225070447,0,0,
2018,1,14,0.715218245983124,1.26790649141913,0,0,
2018,1,15,0.260969072580338,0.511837103937523,0,0,
2018,1,16,0.0393601544201374,0.157368147459238,0,0,
2018,1,17,0.0330966264009476,0.0376390664300743,0,0,
2018,1,18,0.0416984558105469,0.0346135628528828,0,0,
2018,1,19,0.139432638883591,0.0502753795281024,0.0334796831230051,0,
2018,1,20,0.000795274332631379,0.0407167280000067,0.0488946446203045,0,
2018,1,21,0.00249567162245512,0.00171657204464282,0.000932955168536864,0,
2018,1,22,0.00367484265007079,0.00275176917466524,6.16043689660728e-06,0,
2018,1,23,0.0514055751264095,0.0198513929244655,0,0,
2018,1,24,0.0468744784593582,0.0479377920460138,0,0,
2018,1,25,0.00125195574946702,0.0410484687981807,0,0,
2018,1,26,0.563018500804901,0.197351381146291,0,0,
2018,1,27,0.422145754098892,0.514986815414886,0,0,
2018,1,28,0.10113999247551,0.215987530919847,0,0,
2018,1,29,1.83503568172455,1.01576746275623,0,0,
2018,1,30,0.524858951568604,1.22975373198369,0,0,
2018,1,31,0.171490371227264,0.289627045490306,0,0,
2018,2,1,0.00144924409687519,0.0468732601966622,0,0,
2018,2,2,0.383398324251175,0.237702851894483,0,0,
2018,2,3,1.04733788967133,0.550865852801508,0,0,
2018,2,4,0.0252481680363417,0.7030895971061,0,0,
2018,2,5,0.00331320730037987,0.00994543722435992,0,0,
2018,2,6,0.0154249919578433,0.0107122983499721,0,0,
2018,2,7,0.0501880384981632,0.0234485800042421,0,0,
2018,2,8,2.21959835471353e-05,0.0240594408287507,0,0,
2018,2,9,0,1.8679165350477e-05,0,0,
2018,2,10,0.024976808577776,0.0100933758349129,0,0,
2018,2,11,0.0354484729468823,0.033509856838009,0,0,
2018,2,12,0.000899377919267863,0.023859646764322,0,0,
2018,2,13,1.47779646795243e-05,0.000923286000670487,0,0,
2018,2,14,0.481684863567352,0.296872717717179,0,0,
2018,2,15,1.58001351356506,0.945538922606829,0,0,
2018,2,16,0.00625599920749664,0.815282942561225,0,0,
2018,2,17,0.000870086951181293,0.00487365332264744,0,0,
2018,2,18,0.174526527523994,0.0292436430677299,0,0,
2018,2,19,0.401687651872635,0.247304350898958,0,0,
2018,2,20,0.430230736732483,0.408747409604075,0,0,
2018,2,21,0.347067683935165,0.397278494460807,0,0,
2018,2,22,0.0144396154209971,0.105753687670585,0,0,
2018,2,23,0.0349227227270603,0.0223869556157297,0,0,
2018,2,24,1.51683938503265,0.689366889748726,0,0,
2018,2,25,0.964055716991425,1.32997516511568,0,0,
2018,2,26,0.0456170216202736,0.34364628889125,0,0,
2018,2,27,0.00348012614995241,0.0126747965036884,0,0,
2018,2,28,0,0.0015078922228895,0,0,
2018,3,1,0.00314562302082777,0.000690969062816293,0,0,0
2018,3,2,0.0268062241375446,0.00949438686575377,0,0,0
2018,3,3,0.00548767950385809,0.0185572909949769,0.000124773832794745,0,0
2018,3,4,6.48572111129761,0.00257462488161764,3.24302860568059,7.11940284883622,0
2018,3,5,16.3610534667969,0.940203196837501,10.6294830764382,11.2585871059773,0
2018,3,6,3.25958442687988,2.54086934199995,7.28837354212374,4.23714738446688,0
2018,3,7,0.0167182069271803,1.63852494830508,0,0,0
2018,3,8,0.0135308606550097,0.014253089131671,0,0,0
2018,3,9,0.00884336046874523,0.0103951148498709,0,0,0
2018,3,10,0.0518135502934456,0.0296441369805507,0,0,0
2018,3,11,0.0121887540444732,0.0404810899663062,0,0,0
2018,3,12,0.000928634312003851,0.00638377697259784,0,0,0
2018,3,13,0.00274035590700805,0.00161009988369187,0,0,0
2018,3,14,0.000449723505880684,0.00215519522043905,0,0,0
2018,3,15,0.0100338459014893,0.00852464660465557,0,0,0
2018,3,16,0.00178712035994977,0.00557685122203111,0,0,0
2018,3,17,0.0148521941155195,0.00382355948659097,0,0,0
2018,3,18,0.00479512149468064,0.0117390363570848,0.000271283308393322,0,0
2018,3,19,0.121431745588779,0.0115296273193053,0.0124264272963046,0,0
2018,3,20,0.469979345798492,0.107910200480092,0.0662694069033023,0,0
2018,3,21,0.415797114372253,0.332224833755845,0.099451211579435,0,0
2018,3,22,0.0160394478589296,0.144114314693525,0.0718040350548108,3.14493635884719,0
2018,3,23,0.0384585522115231,0.00905750238598557,0.0181423361500492,3.15873012548309,0
2018,3,24,0.383843064308167,0.0753971452686528,0.114000011391909,0,0
2018,3,25,0.201841548085213,0.121259993066815,0.183051470397913,0,0
2018,3,26,0.511611938476563,0.107808069536532,0.248604817410524,1.24558534678181,0
2018,3,27,0.495140373706818,0.0816666247947069,0.421740909172513,6.53213908978796,0
2018,3,28,0.269559234380722,0.0639728260180164,0.319147955200606,5.33568432063203,0
2018,3,29,0.00952333491295576,0.0550673977600127,0.0849074211473635,0,0
2018,3,30,0.0096960635855794,0.00960914254301315,0,0,0
2018,3,31,0.0651886835694313,0.0280883754812749,0,0,0
2018,4,1,0.00764412665739656,0.047014464336371,0,0,0
2018,4,2,0,0.00389825150841716,0,0,0
2018,4,3,0.000336550583597273,0.00028793057981602,0,0,0
2018,4,4,0.0386590734124184,0.0304738545860346,0,0,0
2018,4,5,0.504184424877167,0.331337912725758,0,0,0
2018,4,6,0.0822305753827095,0.319686230589923,0,0,0
2018,4,7,0.000829281052574515,0.0529933268726381,0,0,0
2018,4,8,0.000520469213370234,0.00122292161540827,0,0,0
2018,4,9,0.00130563834682107,0.000647636230496573,0,0,0
2018,4,10,0.00720768887549639,0.00260126237753866,0.00167856346524786,0,0
2018,4,11,1.28843998908997,0.213980466512567,0.433841238853347,0,0
2018,4,12,2.49150633811951,0.776716541186488,1.11370870300379,0,0
2018,4,13,0.0418526269495487,0.58546176277514,0.681444896403264,0,0.00320000009877341
2018,4,14,0.000259326916420832,0.0155204360503376,4.5301621867111e-05,0,0.0173714280128479
2018,4,15,0.000130374086438678,0.000113431697627675,7.39491479180288e-05,0,0.0320000001362392
2018,4,16,0.000149359359056689,3.81889585696626e-05,0.000101677771453979,3.55833851551233,0.0694857120513916
2018,4,17,6.29901769571006e-05,1.0888275483012e-05,9.53372509684414e-05,17.5088654709161,0.184685720716204
2018,4,18,0.00010432430281071,0,8.3716178778559e-05,37.970118560037,0.5348571232387
2018,4,19,4.50104344054125e-05,0,7.49144128349144e-05,5.33078639085488,0.95999995640346
2018,4,20,0.000102401085314341,0,7.39235947548877e-05,0,0.681142861502511
2018,4,21,3.17009980790317e-05,0,6.63926657580305e-05,0,0.827428545270647
2018,4,22,0.000135227455757558,-4.54747350886464e-13,8.31000070320442e-05,0,1.1154285975865
2018,4,23,0.000185117023647763,4.54747350886464e-13,0.000156069079821464,0,0.270171437944685
2018,4,24,6.43266321276315e-05,0,0.000133638477564091,0,0.0342857156481062
2018,4,25,4.16430011682678e-05,0,5.47758245375007e-05,0,0.000914285757711955
2018,4,26,0.0383913703262806,0,0.0187893674847146,0,0
2018,4,27,0.0665079206228256,0,0.0522132001824502,0,0
2018,4,28,4.08428604714572e-06,0,0.0307693530121469,0,0.0246857149260385
2018,4,29,0.00118045706767589,0,0.000531347839569207,0,0.087771429334368
2018,4,30,0.0421239882707596,0,0.0194066839576408,0,0.0822857175554548
2018,5,1,0.375036388635635,0,0.204073342640186,0,0.00182857151542391
2018,5,2,0.125448033213615,0,0.243061393233802,0,0
2018,5,3,1.12518763542175,0,0.689870307607635,0,0
2018,5,4,0.134512543678284,0,0.639009989798069,0,0
2018,5,5,0.0247330646961927,0,0.0784569747738715,0,0
2018,5,6,0.00129411823581904,0,0.0117736207175767,0,0
2018,5,7,0.00249132700264454,0,0.00193015885815839,0,0
2018,5,8,0.814287483692169,0,0.403228860635863,0,0
2018,5,9,0.172499343752861,0,0.491043104699202,0,0
2018,5,10,1.22812639347103e-06,0,0.088039438091073,0,0
2018,5,11,0.00395712163299322,0,0.00162140008615097,0,0
2018,5,12,0.000255921127973124,-4.54747350886464e-13,0.00191037964759744,0,0
2018,5,13,0.00563731184229255,4.54747350886464e-13,0.00278818756123656,0,0
2018,5,14,0.00659050233662128,0,0.00618015485815704,0,0
2018,5,15,0.0583096779882908,0,0.0334614078128652,0,0
2018,5,16,0.0266999732702971,0,0.0445615914686641,0,0
2018,5,17,3.90135788917542,4.54747350886464e-13,1.95928142096454,0,0
2018,5,18,16.1763229370117,-4.54747350886464e-13,10.0340235528674,0,0
2018,5,19,9.22015380859375,0,12.7363133617764,0,0
2018,5,20,0.00279585015960038,0,4.62138586354558,0,0
2018,5,21,0.00286719249561429,0,0.00283062950984458,0,0
2018,5,22,0.00104150443803519,0,0.00199809610421653,0,0
2018,5,23,0.916476726531982,0,0.480416318994685,0,0
2018,5,24,1.78019750118256,0,1.37298635195111,0,0
2018,5,25,0.43901053071022,0,1.12299585804794,0,0
2018,5,26,0.0732830390334129,0,0.265486146054172,0,0
2018,5,27,0.806442141532898,0,0.421216482900491,0,0
2018,5,28,0.348768651485443,0,0.581289997411659,0,0
2018,5,29,0.645108044147492,0,0.492124339998554,0,0
2018,5,30,2.37797403335571,4.54747350886464e-13,1.49506535581168,0,0
2018,5,31,6.41299819946289,-4.54747350886464e-13,4.39203307849311,0,0
2018,6,1,1.15929162502289,0,3.81928700400385,0,0.000457142878855978
2018,6,2,4.75276327133179,0,2.93407923048289,0,0.00365714303084782
2018,6,3,1.82341802120209,0,3.29565035564519,0,0.00228571423462459
2018,6,4,0.0113456510007381,0,0.961006766403443,0,0.000914285757711955
2018,6,5,0.0581266768276691,0,0.0330685134576925,0,0.000457142878855978
2018,6,6,0.277305275201798,0,0.162727319995611,0,0.00365714303084782
2018,6,7,0.00977953523397446,4.54747350886464e-13,0.162794723331899,0,0.00914285693849836
2018,6,8,0.262670248746872,-4.54747350886464e-13,0.135731004749687,0,0.00685714270387377
2018,6,9,1.46841955184937,0,0.846009165066789,0,0.00685714270387377
2018,6,10,0.722494900226593,4.54747350886464e-13,1.08337822657268,0,0.00457142846924918
2018,6,11,6.50348615646362,-9.09494701772928e-13,3.59452364451499,0,0.00320000009877341
2018,6,12,9.26746082305908,4.54747350886464e-13,7.84016234312003,0,0.00685714270387377
2018,6,13,0.30894535779953,-4.54747350886464e-13,4.83404763676299,0,0.00320000009877341
2018,6,14,9.23860263824463,4.54747350886464e-13,4.79380691814367,0,0
2018,6,15,7.91425514221191,0,8.45951883239104,0,0.000914285757711955
2018,6,16,0.0244344417005777,0,3.87856686943633,0,0.0013714285833495
2018,6,17,0.41814050078392,0,0.237654836357251,0,0
2018,6,18,0.00643633771687746,0,0.239763216468418,0,0.0132571424756731
2018,6,19,0.00691050058230758,0,0.00665979579207487,0,0.0342857156481062
2018,6,20,0.0163490753620863,0,0.0106816705410893,0,0.0479999985013689
2018,6,21,0.00382931530475616,0,0.0107862799522991,0,0.0342857156481062
2018,6,22,1.14968252182007,0,0.536660448196926,0,0.0187428576605661
2018,6,23,0.466452747583389,0,0.820777185381303,0,0.00822857107434954
2018,6,24,0.0499587059020996,0,0.314671126154281,0,0.002742857166699
2018,6,25,2.30918622016907,0,1.177636649958,0,0.000914285757711955
2018,6,26,1.8908771276474,0,2.08711464456792,0,0
2018,6,27,0.661996066570282,0,1.29488074811889,0,0
2018,6,28,3.23589110374451,0,1.92708630297784,0,0
2018,6,29,9.17925357818604,0,6.19314741061317,0,0
2018,6,30,0.0447830073535442,0,4.64323489425806,0,0.00365714303084782
2018,7,1,0.432736724615097,0,0.198891679305234,0,0.000914285757711955
2018,7,2,2.62345123291016,0,1.52670106134974,0,0
2018,7,3,2.73388957977295,0,2.67995151693322,0,0
2018,7,4,11.8768901824951,0,7.26733916562444,0,0
2018,7,5,0.0323040671646595,0,6.02545314749659,0,0
2018,7,6,0.00219457200728357,0,0.0200374775376986,0,0
2018,7,7,0.0324542373418808,0,0.0182847460710036,0,0
2018,7,8,0.457878470420837,0,0.232132329845626,0,0
2018,7,9,0.0603045225143433,0,0.245282226391282,0,0
2018,7,10,2.60556101799011,0,1.30274388684848,0,0
2018,7,11,6.47911882400513,0,4.51953650621363,0,0
2018,7,12,0.027091559022665,0,3.30118077469524,0,0
2018,7,13,0.000339424528647214,0,0.0155791000361205,0,0
2018,7,14,0.99558824300766,0,0.439212495304673,0,0
2018,7,15,0.318487405776978,0,0.670449812983861,0,0
2018,7,16,0.0225587915629149,0,0.170578039898828,0,0
2018,7,17,0.0107772117480636,0,0.0166515390483255,0,0
2018,7,18,0.00162071269005537,0,0.00677137165257591,0,0
2018,7,19,7.41522550582886,0,3.71128335408866,0,0
2018,7,20,1.47030508518219,0,4.41377690760783,0,0
2018,7,21,0.280218094587326,0,0.894112636717182,0,0
2018,7,22,0.744170367717743,-4.54747350886464e-13,0.504014343368908,0,0
2018,7,23,3.01126646995544,4.54747350886464e-13,1.85612749561187,0,0
2018,7,24,0.0304327812045813,0,1.55771879283566,0,0
2018,7,25,0.575440585613251,0,0.304294322308124,0,0
2018,7,26,0.0556512288749218,0,0.332904564293131,0,0
2018,7,27,0.0734024122357369,0,0.0639334146108013,0,0
2018,7,28,0.187784418463707,0,0.142550534143084,0,0
2018,7,29,0.361041069030762,0,0.265839131927351,0,0
2018,7,30,0.629394292831421,0,0.477597177086864,0,0
2018,7,31,0.0206687338650227,0,0.315158545501618,0,0
2018,8,1,0.00241563539020717,0,0.0119589192181593,0,0
2018,8,2,0.0209115371108055,0,0.0109438359177148,0,0
2018,8,3,1.09368324279785,0,0.563980775779783,0,0
2018,8,4,9.30089092254639,0,5.19201971710936,0,0
2018,8,5,7.36179542541504,0,8.34062095389527,9.09494701772928e-13,0
2018,8,6,0.0111758969724178,4.54747350886464e-13,3.74604209739118,-9.09494701772928e-13,0
2018,8,7,0.0235043615102768,-4.54747350886464e-13,0.0180725688078383,0,0
2018,8,8,0.00615190016105771,0,0.0131892503159179,0,0
2018,8,9,0.000403379613999277,0,0.00333167496864917,0,0
2018,8,10,0.00230644573457539,0,0.00118959794781404,0,0
2018,8,11,0.00960617139935493,0,0.00617600140321883,0,0
2018,8,12,0.00798031967133284,0,0.00876716381753795,0,0
2018,8,13,0.00989489629864693,0,0.00889965842361562,0,0
2018,8,14,0.0678269192576408,0,0.038182387350389,0,0
2018,8,15,0.00811738148331642,0,0.038759819126426,0,0
2018,8,16,0.000919756363146007,0,0.00509310967026977,0,0
2018,8,17,0.00321185169741511,0,0.00209007855301024,0,0
2018,8,18,0.104740209877491,0,0.0482145322166616,0,0
2018,8,19,0.069740854203701,0,0.0864858978675329,0,0
2018,8,20,0.0183212254196405,0,0.0442402766711894,0,0
2018,8,21,0.00986038334667683,0,0.0151314118993469,0,0
2018,8,22,0.000187230500159785,0,0.00502346434950596,0,0
2018,8,23,0.00179296266287565,0,0.00100593358365586,0,0
2018,8,24,0.033175352960825,0,0.0170432901213644,0,0
2018,8,25,0.0639517530798912,0,0.0443420865958615,0,0
2018,8,26,5.4232497215271,0,2.74581910653069,0,0
2018,8,27,9.88829898834229,0,7.65594692890954,0,0
2018,8,28,4.70783138275147,0,7.35141658814246,0,0
2018,8,29,0.143466591835022,-4.54747350886464e-13,2.38193148585196,0,0
2018,8,30,0.00960884988307953,4.54747350886464e-13,0.0805071342947485,0,0
2018,8,31,0.0780225172638893,0,0.0417827302662772,0,0
2018,9,1,0.0249133296310902,0,0.0551948266256659,0,0
2018,9,2,0.0827053114771843,0,0.0604453930500313,0,0
2018,9,3,0.686322033405304,0,0.4048268274164,0,0
2018,9,4,0.436463892459869,0,0.533825217691629,0,0
2018,9,5,0.00024525957996957,0,0.23276306819389,0,0
2018,9,6,0.259108811616898,0,0.121796373932739,0,0
2018,9,7,1.21336352825165,0,0.725580693768279,0,0
2018,9,8,3.16146206855774,0,2.16198301321492,0,0
2018,9,9,3.04716324806213,0,3.09803170383384,0,0
2018,9,10,5.04896354675293,0,4.02553066702967,0,0
2018,9,11,0.461723834276199,0,2.7353928375851,0,0
2018,9,12,6.93812370300293,0,3.67444126844202,0,0
2018,9,13,5.56795120239258,0,6.18166011210997,0,0
2018,9,14,0.19703908264637,0,2.95430363373453,0,0
2018,9,15,0.946626842021942,0,0.47217352853113,0,0
2018,9,16,2.35715508460999,0,1.56925929605495,0,0
2018,9,17,0.00457002362236381,0,1.32651637891104,0,0
2018,9,18,0.00974655337631702,0,0.00778491799064796,0,0
2018,9,19,0.000556085084099323,0,0.00368926145529258,0,0
2018,9,20,6.11498737335205,0,3.03748383187485,0,0
2018,9,21,9.75669956207275,0,7.93548642160022,0,0
2018,9,22,2.10825228691101,0,5.99641320497904,0,0
2018,9,23,0.628771781921387,0,1.4546773014772,0,0
2018,9,24,0.434678763151169,0,0.549880100006703,0,0
2018,9,25,0.254852592945099,0,0.335610985734093,0,0
2018,9,26,2.45679998397827,0,1.43457579130336,0,0
2018,9,27,4.76682806015015,0,3.51685553290736,0,0
2018,9,28,0.491303563117981,0,2.64725135566187,0,0
2018,9,29,0.0679582208395004,0,0.290679147034098,0,0
2018,9,30,0.578145027160645,0,0.350610332578071,0,0
2018,10,1,0.0236362293362618,0,0.305853510697489,0,0
2018,10,2,0.173149466514587,0,0.103440849412436,0,0
2018,10,3,3.05317068099976,0,1.62482218826699,0,0
2018,10,4,3.84178757667542,0.055614745679577,3.2385862547053,0.0556147456791223,0
2018,10,5,6.19303941726685,0.0854148985290522,4.99167616461273,0.0854148985290522,0
2018,10,6,3.66394734382629,0,4.9073421867688,0,0
2018,10,7,0.336976021528244,0,2.05891308255377,0,0
2018,10,8,1.22744750976563,0,0.748230429901014,0,0
2018,10,9,0.48972275853157,0,0.838539454041893,0,0
2018,10,10,3.40472149848938,0,1.98176863583285,0,0
2018,10,11,2.5495285987854,0.820507486289444,2.15661821456524,0,0
2018,10,12,0.79412168264389,1.21649938575365,0.453107506964443,0,0
2018,10,13,1.92991077899933,0.666827653555629,0.695187369849009,0.932697838217791,0
2018,10,14,0.291924744844437,0.324512676513223,0.787887682203291,0.934388257821411,0
2018,10,15,1.40398550033569,0.502264712158649,0.344978157496371,0,0
2018,10,16,0.0152029311284423,0.448413161827375,0.261180841040186,5.35797133965662,0
2018,10,17,0.0219355430454016,0.0041341807527715,0.0144339947655681,0,0
2018,10,18,0.00113227253314108,0.00413548507685846,0.0073984231967188,0.0219342435657381,0
2018,10,19,0.0447324477136135,0,0.0160446087102173,0,0
2018,10,20,0.0546529069542885,0,0.049149546699482,0,0
2018,10,21,0.000561846303753555,0,0.0169384754044586,0,0
2018,10,22,0.000561113934963942,0,0.000561364911845885,0,0
2018,10,23,0.015022398903966,0.00128586492883187,0.00330560308066197,0.00128586492883187,0
2018,10,24,0.0228284820914269,0.00141469253640025,0.0190202742815018,0.00141469253594551,0
2018,10,25,0.424294739961624,0,0.25691348354303,0,0
2018,10,26,0.701353311538696,0,0.52594236224104,0,0
2018,10,27,4.19621706008911,0,2.34976351265505,0,0
2018,10,28,2.09213304519653,0,3.26654360971588,0,0
2018,10,29,2.15765976905823,0,2.13464202185423,0,0
2018,10,30,2.85205817222595,0,2.41858608439361,0,0
2018,10,31,0.0185701698064804,1.61246548486815e-05,1.53000060438353,1.61246543939342e-05,0
2018,11,1,0.00786211900413036,0.000949982350448408,0.0108081838516227,0.000949982349993661,
2018,11,2,0.261750161647797,0.0307340185008798,0.0909618461337232,0.0307340185017893,
2018,11,3,0.00127541029360145,0.048037299567568,0.140690780302975,0.0480372995680227,
2018,11,4,7.60176772018895e-05,0.00222447630858369,0.00721085227996809,0.00222447630858369,
2018,11,5,0.433403521776199,0.0861947147086539,0.130669084846886,1.90320897672791e-05,
2018,11,6,1.94010078907013,0.560133389555176,0.628112258909823,0,
2018,11,7,0.677829563617706,0.813823826802491,0.503217429322831,0,
2018,11,8,0.721459031105042,0.690375273868085,0,0,
2018,11,9,0.0836016908288002,0.415060867510874,0,0,
2018,11,10,0.170694023370743,0.133641310370876,0,0,
2018,11,11,0.327830284833908,0.256118189040535,0,-9.09494701772928e-13,
2018,11,12,0.00235072476789355,0.153539255719807,0,9.09494701772928e-13,
2018,11,13,0.039239052683115,0.0306256468584252,-3.63797880709171e-12,0,
2018,11,14,0.000173495063791052,0.0282281862159834,3.63797880709171e-12,0,
2018,11,15,0.46170511841774,0.22333750222333,0,0,
2018,11,16,0.0242779608815908,0.256913885238646,0,0,
2018,11,17,0.000303036562399939,0.00722053101026177,0,0,
2018,11,18,0.224612459540367,0.10287694402632,0,0,
2018,11,19,0.231587678194046,0.228092830223432,0,0,
2018,11,20,1.04209852218628,0.622333792431164,0,0,
2018,11,21,0.000975569186266512,0.537546827388724,0,0,
2018,11,22,0.00652753235772252,0.00557429672835497,0,0,
2018,11,23,0.152247935533524,0.0446157432816108,0.0172959176270524,0,
2018,11,24,0.0420305319130421,0.0738579089997984,0.0223823506894405,0,
2018,11,25,0.00014056840154808,0.0344076201845382,0,0,
2018,11,26,0.379251748323441,0.205918258312522,0,0,
2018,11,27,0.0386563949286938,0.213976693997665,0,0,
2018,11,28,2.37526750564575,1.18938046804033,0,0,
2018,11,29,1.42615985870361,1.9334987903685,0,0,
2018,11,30,0.057990837842226,0.779606261913159,0,0,
2018,12,1,0.0203384030610323,0.0292064166114869,0,0,
2018,12,2,0.00529721146449447,0.0112522654412714,0,0,
2018,12,3,0.0130505934357643,0.00846801377383599,0,0,
2018,12,4,0.083593025803566,0.0303266072896804,0,0,
2018,12,5,0.0872261822223663,0.0808860342126536,0,0,
2018,12,6,0.0529808439314365,0.0768916940432973,0,0,
2018,12,7,1.83517909049988,0.958952497310747,0,0,
2018,12,8,0.00211860612034798,0.911649874976774,0,0,
2018,12,9,0.0184360276907682,0.0089627627066875,0,0,
2018,12,10,0.00157430511899292,0.0149654234619447,0,0,
2018,12,11,1.12792205810547,0.520129794308559,0,0,
2018,12,12,0.45928019285202,0.846699343194814,0,0,
2018,12,13,1.45434677600861,1.01353936941314,0,0,
2018,12,14,0.0428712628781796,0.752199892409408,0,0,
2018,12,15,0.00272465776652098,0.0307234096499087,0.000259557760728057,0,
2018,12,16,0.00299393176101148,0.0023015553656478,0.000726071386452531,0,
2018,12,17,0.735439896583557,0.322984712835023,0.000194522777746897,0,
2018,12,18,0.12738373875618,0.45013007307216,0,0,
2018,12,19,0.499563038349152,0.301277486932577,0.0682212304709537,0,
2018,12,20,0.26401761174202,0.347197619999406,0.0667535248176137,0,
2018,12,21,1.39133775234222,0.761973790073625,0,0,
2018,12,22,5.84562540054321,3.64095573346367,0,0,
2018,12,23,1.37502229213715,3.69329360661959,0,0,
2018,12,24,2.26620316505432,1.75313412256355,0,0,
2018,12,25,0.0186668820679188,1.06835226490512,0,0,
2018,12,26,2.23237824440002,1.22235844734405,0,0,
2018,12,27,4.48319530487061,3.27545382260496,0,0,
2018,12,28,0.0983383879065514,2.39112195086364,0,0,
2018,12,29,0.00301626604050398,0.0844525453767346,0,0,
2018,12,30,1.54483795166016,0.699925940468802,0,0,
2018,12,31,0.241598725318909,0.8253332110462,0,0,
