Year,Month,Day,Forcing_Precipitation_mm/d,HBV_Snowfall_mm/d,HBV_Rainfall_mm/d,HBV_Snowmelt_mm/d,Observed_Streamflow_mm/d
1979,1,1,34.6027755737305,0,34.6027755737305,5.46490728738933e-08,
1979,1,2,6.85560703277588,3.39957670995512,17.4438588829312,0,
1979,1,3,0.0247576422989368,3.541015429914,0,0,
1979,1,4,0.000908198300749063,0.0129300723136812,0,0,
1979,1,5,1.80388391017914,0.836639836107286,0,0,
1979,1,6,2.16741871833801,1.95739610754699,0,0,
1979,1,7,7.78613662719727,4.91377500860692,0,0,
1979,1,8,3.44828104972839,5.63623535918135,0,0,
1979,1,9,0.0038732229731977,1.82620614608357,7.105427357601e-15,0,
1979,1,10,0.0200907401740551,0.0115245372087465,-7.105427357601e-15,0,
1979,1,11,0.0525499135255814,0.0391830018955623,0,0,
1979,1,12,0.42772775888443,0.203746753659352,0,0,
1979,1,13,1.16778063774109,0.448865628100336,0.32143727220717,0,
1979,1,14,3.47939205169678,1.55855851804588,0.659754937430208,0,
1979,1,15,0.14810112118721,1.5923253221373,0.329064586675251,0,
1979,1,16,0.025418920442462,0.096104359707482,0,0,
1979,1,17,1.65318477153778,0.192123403302691,0.603669326833973,0,
1979,1,18,0.0285632591694593,0.206674407673933,0.650784446353839,0,
1979,1,19,1.66586852073669,0.791286262857216,0,0,
1979,1,20,2.09317779541016,0.845897429938088,1.03030056620487,0,
1979,1,21,9.02878570556641,0,5.39843937193893,0,
1979,1,22,0.431198537349701,0.147244501360959,4.64501443858641,0,
1979,1,23,0.307726472616196,0.219464906523744,0.144670590015608,0,
1979,1,24,14.5579614639282,0.442243680993307,5.47862272116267,0,
1979,1,25,1.28135633468628,1.08327189012052,6.87949578865735,6.61744490042422e-24,
1979,1,26,0.0207773074507713,0.713152683362104,-1.4210854715202e-14,-6.61744490042422e-24,
1979,1,27,2.48969340324402,1.19575022477103,0,0,
1979,1,28,8.60890007019043,4.37734404198867,1.13848973741823,0,
1979,1,29,0.234122797846794,3.78762577201815,1.34714957279495,0,
1979,1,30,0.0802594572305679,0.142863435430122,0,0,
1979,1,31,2.38284397125244,1.21692905969412,0,0,
1979,2,1,0.226048931479454,1.43304382739414,0,0,
1979,2,2,0.0454786010086536,0.141175353246894,0,0,
1979,2,3,1.63510191440582,0.69797907180201,0,0,
1979,2,4,0.103643894195557,0.958658931921683,0,6.61744490042422e-24,
1979,2,5,0.101300649344921,0.102510741008174,0,-6.61744490042422e-24,
1979,2,6,0.00324220024049282,0.0551575336843442,0,0,
1979,2,7,0.229553505778313,0.0967195477136968,0,0,
1979,2,8,0.744892537593842,0.425324008629715,0,0,
1979,2,9,1.91313016414642,1.23046298859679,0,-6.61744490042422e-24,
1979,2,10,0.0209179259836674,1.10290857103286,0,6.61744490042422e-24,
1979,2,11,0.0996145084500313,0.050221799573329,0,0,
1979,2,12,1.44171833992004,0.650123184556755,0,0,
1979,2,13,1.58546340465546,1.50574499546567,0,-6.61744490042422e-24,
1979,2,14,0.151915833353996,1.05086166069147,0,6.61744490042422e-24,
1979,2,15,2.00984978675842,0.0813364684180655,0.933766536602405,0,
1979,2,16,1.29067695140839,0.488942003900043,1.18447035590454,6.61744490042422e-24,
1979,2,17,0.0357623733580112,0.497289668492073,0.112252974909595,-6.61744490042422e-24,
1979,2,18,3.39019751548767,1.55853713103924,0,0,
1979,2,19,3.06451916694641,3.237014495125,0,-6.61744490042422e-24,
1979,2,20,5.91140451433603e-05,1.67404815069172,0,6.61744490042422e-24,
1979,2,21,5.74879121780396,3.26347195809262e-05,2.57509216210447,0,
1979,2,22,1.66153311729431,0,3.84397295583251,0.557413222931919,
1979,2,23,18.8380298614502,7.105427357601e-15,10.1862974286716,3.43570322974889,
1979,2,24,3.14230847358704,-7.105427357601e-15,11.45767546712,4.86408441032181,
1979,2,25,18.7925300598145,-7.105427357601e-15,10.9474595682589,1.96122461545014,
1979,2,26,20.1183052062988,6.91798496531246,12.534127968377,0,
1979,2,27,0.0296441838145256,8.08418681954889,3.60873417465911,0,
1979,2,28,0.0518228448927403,0.0135498603339101,0.0267229231609747,0,
1979,3,1,2.41139936447144,0,1.22679901209617,0.474845534091273,
1979,3,2,0.0592772588133812,0,1.2685555820602,2.00903732601719,
1979,3,3,0.952052175998688,0,0.500987148140126,4.60164143161151,
1979,3,4,7.73518991470337,0,4.2931400524165,7.58934593245476,
1979,3,5,0.146786734461784,-4.2632564145606e-14,3.94783987471058,6.83366764256449,
1979,3,6,0.000253111502388492,0,0.0739614810081264,3.02244846837424,
1979,3,7,0.321153342723846,0,0.158207646378116,2.44193236556429,
1979,3,8,0.728407025337219,0,0.524643339043138,3.95468137256805,
1979,3,9,0.338141322135925,0,0.562089020020665,4.00429016578629,
1979,3,10,0.916649103164673,0,0.626039726613413,1.69112358213422,
1979,3,11,0.16221496462822,0.0794163179911891,0.467881032782969,0,
1979,3,12,0.0324547626078129,0.0777856467622655,0.00748795644841493,0,
1979,3,13,0.261996328830719,0.0112604593122114,0.120367494319396,1.35295342779435,
1979,3,14,1.26252448558807,0,0.753508514291866,4.26505668769821,
1979,3,15,0.244151800870895,0.0226966061373162,0.745976343442663,2.80140152562984,
1979,3,16,0.00112296768929809,0.0243778275643649,0.103329936759678,0,
1979,3,17,0.0210836995393038,0,0.0102474495603531,1.83643485153164,
1979,3,18,0.26358225941658,0,0.141876350369415,7.74737766945197,
1979,3,19,0.524677813053131,0,0.39396805691041,8.89786889430711,
1979,3,20,1.86479222774506,0,1.09232002834656,0,
1979,3,21,0.390701800584793,0,1.21919343240776,0,
1979,3,22,0.186201468110085,0,0.285532821133046,0,
1979,3,23,5.19429349899292,0,2.59304669728004,0,
1979,3,24,5.91527605056763,0,5.5419938457577,0,
1979,3,25,0.731996953487396,0,3.7078243198747,0,
1979,3,26,0.0740276649594307,0,0.404240002789607,0,
1979,3,27,0.000537877494934946,0,0.0374385645373536,0,
1979,3,28,0.0654885917901993,0,0.0363700856595131,0,
1979,3,29,2.29262399673462,0,1.173038682342,0,
1979,3,30,4.08425188064575,0,3.1501999726724,0,
1979,3,31,7.7225489616394,0,5.73365998139752,0,
1979,4,1,4.01173257827759,0,5.86823629036121,0,
1979,4,2,10.5998868942261,0,7.30313690585913,-8.5265128291212e-14,
1979,4,3,0.430239766836166,-2.8421709430404e-14,5.52070305263487,4.2632564145606e-14,
1979,4,4,7.40858030319214,2.8421709430404e-14,3.88871712666148,-2.8421709430404e-14,
1979,4,5,4.56029605865479,-1.4210854715202e-14,5.98812904429352,-1.4210854715202e-14,
1979,4,6,0.792144596576691,1.4210854715202e-14,2.70254829488596,0,
1979,4,7,0.0465722270309925,0,0.445817307457133,0,
1979,4,8,1.95224440097809,0,0.995253773351891,0,
1979,4,9,12.3397846221924,0,7.05115460575865,1.4210854715202e-14,
1979,4,10,0.0696764662861824,0,6.23417953770132,-5.6843418860808e-14,
1979,4,11,5.07651615142822,0,2.37126271504846,0,
1979,4,12,19.8800029754639,-2.8421709430404e-14,12.4775641582307,-9.9475983006414e-14,
1979,4,13,4.96292686462402,-5.6843418860808e-14,12.775930394014,0,
1979,4,14,10.6775617599487,1.4210854715202e-14,7.7958884028244,-7.105427357601e-14,
1979,4,15,0.31619194149971,5.6843418860808e-14,5.67008785957268,1.4210854715202e-14,
1979,4,16,0.0268364269286394,0,0.173163730276826,0,
1979,4,17,0.00566619448363781,0,0.0170276167403358,0,
1979,4,18,5.2756422519451e-06,0,0.00338660577114069,0,
1979,4,19,0.000610077753663063,0,0.000300100041044971,0,
1979,4,20,0.000134291491121985,0,0.000378153032841055,0,
1979,4,21,0.844453930854797,0,0.413266014868498,0,
1979,4,22,1.55331146717072,0,1.19151183491397,0,
1979,4,23,0.00930961780250072,0,0.894812079561575,0,
1979,4,24,0.250917434692383,0,0.108324142338176,0,
1979,4,25,3.46051406860352,0,1.77400072021584,0,
1979,4,26,0.626984119415283,0,2.0870814317866,0,
1979,4,27,1.7719566822052,0,1.13391282633103,0,
1979,4,28,5.30252122879028,0,3.3971777120392,0,
1979,4,29,0.14222851395607,0,2.81412436075885,0,
1979,4,30,0.249509200453758,0,0.199958344663571,0,
1979,5,1,0.000811059842817485,0,0.129134607899289,0,
1979,5,2,0.0494651198387146,0,0.027413318132119,0,
1979,5,3,16.2807903289795,2.8421709430404e-14,8.16373023297922,0,
1979,5,4,6.46270656585693,0,11.3954102132964,5.6843418860808e-14,
1979,5,5,1.59439814090729,0,4.04445434523359,0,
1979,5,6,0.00232300627976656,0,0.812467838409361,0,
1979,5,7,0.00891642645001411,0,0.00559207904888126,0,
1979,5,8,0.000436861097114161,0,0.0047243612505099,0,
1979,5,9,0.0171057470142841,0,0.0083083933677699,0,
1979,5,10,0.149945557117462,0,0.0809340439314497,0,
1979,5,11,0.00207169726490974,0,0.0793213764580401,0,
1979,5,12,3.00254249572754,0,1.48822455158563,0,
1979,5,13,9.82704162597656,-1.4210854715202e-14,6.08886221338963,-2.8421709430404e-14,
1979,5,14,0.089640237390995,-1.4210854715202e-14,4.96092380098088,-1.4210854715202e-14,
1979,5,15,2.90688443183899,0,1.40585182121481,0,
1979,5,16,2.08640394703252e-05,0,1.52791527929003,1.4210854715202e-14,
1979,5,17,5.91811804042663e-05,0,4.57224722367755e-05,-1.4210854715202e-14,
1979,5,18,0.000503583054523915,0,0.0003109065550575,0,
1979,5,19,0.0392928011715412,0,0.01930615399624,0,
1979,5,20,0.462224304676056,0,0.239147104794142,0,
1979,5,21,0.257817357778549,0,0.382164402357034,1.4210854715202e-14,
1979,5,22,0,0,0.0981695266640941,-1.4210854715202e-14,
1979,5,23,0.136419594287872,1.4210854715202e-14,0.0754535985441862,0,
1979,5,24,2.06402587890625,-1.4210854715202e-14,1.01023056421701,0,
1979,5,25,7.07185792922974,0,4.45341620451558,0,
1979,5,26,2.3687596321106,0,4.88116609492818,0,
1979,5,27,15.2833232879639,1.4210854715202e-14,8.6578580597656,1.4210854715202e-14,
1979,5,28,0.724527776241303,0,8.02826790175146,0,
1979,5,29,0.00337798334658146,0,0.367229294680953,-1.4210854715202e-14,
1979,5,30,0.000914980832021683,0,0.00220924345973117,0,
1979,5,31,9.71320819854736,0,4.84680439340019,0,
1979,6,1,1.79291868209839,0,5.77463968432687,0,
1979,6,2,0.0504827350378037,0,1.06708545547343,0,
1979,6,3,0.00216219574213028,0,0.0284185829718808,0,
1979,6,4,0.000711630098521709,0,0.00152868847914078,0,
1979,6,5,0.0526135973632336,0,0.0232115795930667,0,
1979,6,6,5.54434204101563,0,2.72326497856659,0,
1979,6,7,1.86552953720093,0,3.7097085424432,0,
1979,6,8,13.6180248260498,0,6.92107863627848,0,
1979,6,9,4.54176187515259,0,9.17703032302734,0,
1979,6,10,0.431026369333267,0,2.6754895453119,0,
1979,6,11,1.63142776489258,0,1.0277412342702,0,
1979,6,12,0.478420078754425,0,1.05492529923464,0,
1979,6,13,1.39942836761475,0,0.936905326442684,0,
1979,6,14,1.18279182910919,0,1.28487949445952,0,
1979,6,15,3.0720680115337e-06,0,0.677669231235541,0,
1979,6,16,6.66403866489418e-06,0,4.65097070900811e-06,0,
1979,6,17,0.900221407413483,0,0.369826076519018,0,
1979,6,18,3.40177345275879,0,1.78850673626539,0,
1979,6,19,4.1913948059082,0,3.86996094561954,0,
1979,6,20,5.88917303085327,0,5.19025242297596,0,
1979,6,21,11.935772895813,0,8.78818154177196,0,
1979,6,22,0.75003045797348,0,6.57170515869473,0,
1979,6,23,0.448914110660553,0,0.605558643336735,0,
1979,6,24,2.81361556053162,0,1.48565017612424,0,
1979,6,25,0.104574367403984,0,1.62885228454491,0,
1979,6,26,0.000784815812949091,0,0.0595081331310894,0,
1979,6,27,0.000591496413107961,0,0.000695407915372925,0,
1979,6,28,0.00183854252099991,0,0.00117473908721877,0,
1979,6,29,6.27379751205444,0,3.0984873018653,0,
1979,6,30,21.2208271026611,0,12.7824772965303,0,
1979,7,1,0.0892207622528076,-7.105427357601e-14,10.9047047309876,-1.4210854715202e-14,
1979,7,2,0.00504648638889194,0,0.0510707919785887,0,
1979,7,3,0.677452385425568,0,0.321830601730937,0,
1979,7,4,25.3256969451904,2.8421709430404e-14,12.9915946652755,5.6843418860808e-14,
1979,7,5,4.59139585494995,2.8421709430404e-14,15.2709170848747,0,
1979,7,6,0.000995170674286783,0,2.31581892104555,0,
1979,7,7,0,0,0.000549570619170936,0,
1979,7,8,0.305105626583099,0,0.140112214988051,0,
1979,7,9,6.27547311782837,0,3.07011332160084,0,
1979,7,10,5.66684246063232,0,6.00716699932173,0,
1979,7,11,0.597154796123505,0,3.15321656688917,0,
1979,7,12,5.28218269348145,0,2.86033862855567,0,
1979,7,13,37.1173210144043,0,18.8279158640092,-4.2632564145606e-14,
1979,7,14,16.281587600708,-7.105427357601e-14,27.5960565800701,5.6843418860808e-14,
1979,7,15,5.3557391166687,1.4210854715202e-14,11.5458245598026,0,
1979,7,16,0.0161668062210083,0,2.70030273561883,0,
1979,7,17,0.0323227718472481,0,0.0229965194738497,0,
1979,7,18,1.02535796031589e-05,0,0.0177568087306099,0,
1979,7,19,1.5318202713388e-05,0,1.26558994679726e-05,0,
1979,7,20,1.0100135114044e-05,0,1.31673461964965e-05,0,
1979,7,21,0.149890571832657,0,0.0720433379711949,0,
1979,7,22,1.05996644496918,0,0.597839830251814,0,
1979,7,23,2.49890685081482,0,1.7771784102581,0,
1979,7,24,12.3093557357788,0,7.40327216023798,0,
1979,7,25,27.4805736541748,1.13686837721616e-13,19.5679941633664,-1.4210854715202e-14,
1979,7,26,19.9175643920898,2.8421709430404e-14,23.7371417771349,-2.8421709430404e-14,
1979,7,27,9.42619609832764,-2.8421709430404e-14,14.6813584084741,0,
1979,7,28,21.4630680084229,-1.4210854715202e-14,15.2214482799986,0,
1979,7,29,35.613395690918,0,28.3941163953554,9.9475983006414e-14,
1979,7,30,2.59834814071655,-4.2632564145606e-14,19.5181501171099,1.4210854715202e-13,
1979,7,31,2.81615495681763,0,2.70176273224968,-2.8421709430404e-14,
1979,8,1,15.6850261688232,0,8.03671572495819,0,
1979,8,2,32.2430152893066,1.4210854715202e-14,23.8052869229924,1.4210854715202e-14,
1979,8,3,0.000252568599535152,1.4210854715202e-14,16.310897667102,1.4210854715202e-13,
1979,8,4,7.02510624250863e-06,0,0.000137745141955747,-1.4210854715202e-14,
1979,8,5,0.199788704514503,0,0.0976451083714664,0,
1979,8,6,0.325576335191727,0,0.252791232526192,0,
1979,8,7,0.466177314519882,0,0.384770773814353,0,
1979,8,8,0.00161562929861248,0,0.240717822850797,0,
1979,8,9,0.268683880567551,0,0.113847411232996,0,
1979,8,10,2.37347769737244,0,1.21491610788166,0,
1979,8,11,18.5539093017578,0,9.7893098236018,0,
1979,8,12,2.36055421829224,0,10.4914127936038,0,
1979,8,13,0.000658385688439012,0,1.25693691753281,0,
1979,8,14,0.0385038666427135,0,0.0142636427597154,1.4210854715202e-14,
1979,8,15,0.00527865765616298,0,0.0241766376262831,-1.4210854715202e-14,
1979,8,16,0.000656329386401922,0,0.00302867490302106,0,
1979,8,17,0,0,0.000369775457102151,0,
1979,8,18,0.133950188755989,0,0.0761175537913914,0,
1979,8,19,24.2170600891113,-5.6843418860808e-14,11.6840422695776,-5.6843418860808e-14,
1979,8,20,14.6797952651978,-8.5265128291212e-14,19.5661813548902,-7.105427357601e-14,
1979,8,21,14.3664751052856,0,14.528040493158,0,
1979,8,22,5.46184396743774,0,10.0067562567915,-1.4210854715202e-14,
1979,8,23,1.3666615486145,0,3.41823246539263,-1.4210854715202e-14,
1979,8,24,2.45024585723877,0,1.98586960785019,0,
1979,8,25,0.00249562505632639,0,1.23980164951513,0,
1979,8,26,4.50774145126343,0,2.22242883965714,0,
1979,8,27,11.0537986755371,0,7.72725468282022,0,
1979,8,28,2.46231722831726,0,6.83553782914464,0,
1979,8,29,7.58658790588379,0,4.43752218670807,0,
1979,8,30,0.812918484210968,0,4.23072635295887,0,
1979,8,31,0,0,0.424646907993065,0,
1979,9,1,0.140627086162567,0,0.0651312382105971,0,
1979,9,2,0.43999645113945,0,0.265100959882034,0,
1979,9,3,0.45279386639595,0,0.446273948085718,0,
1979,9,4,0.107648089528084,0,0.283221049155031,0,
1979,9,5,0.149470210075378,-1.4210854715202e-14,0.12627797378093,0,
1979,9,6,0.449728190898895,1.4210854715202e-14,0.295577530162745,0,
1979,9,7,0.0380163826048374,0,0.206925333244271,0,
1979,9,8,5.94755183556117e-05,0,0.0168245562131233,0,
1979,9,9,5.13896748088882e-06,0,3.93315841620279e-05,0,
1979,9,10,0.000744907651096582,0,0.000488212245500108,0,
1979,9,11,0.000428284547524527,0,0.000547395949979546,0,
1979,9,12,3.58881043212023e-05,0,0.000204783373078499,0,
1979,9,13,2.42831540107727,0,1.18259391551044,0,
1979,9,14,39.2272071838379,7.105427357601e-14,19.9011729215463,-8.5265128291212e-14,
1979,9,15,0.0756243467330933,2.8421709430404e-14,20.4365425280861,-1.13686837721616e-13,
1979,9,16,0.000212946542887948,0,0.040592581477199,0,
1979,9,17,0.000587923568673432,0,0.000400370387751536,0,
1979,9,18,0.0881016328930855,0,0.0387334619027797,0,
1979,9,19,0.0582838803529739,0,0.0740552955509202,0,
1979,9,20,0.000117882576887496,0,0.0308003537544437,0,
1979,9,21,9.69383811950684,0,4.78797913940059,0,
1979,9,22,11.1757221221924,0,10.3971453917285,0,
1979,9,23,0.404210895299912,0,6.50048708266434,0,
1979,9,24,0.0126966945827007,0,0.21835947929128,0,
1979,9,25,0.00162521156016737,0,0.00739373938256449,0,
1979,9,26,0.00053702766308561,0,0.00114943414791924,0,
1979,9,27,0.00202320190146565,0,0.00124661907364043,0,
1979,9,28,3.40507984161377,0,1.66960681606008,0,
1979,9,29,0.416310727596283,0,1.95345568600271,0,
1979,9,30,8.77054844750091e-05,0,0.232040697320599,0,
1979,10,1,0.478362023830414,0,0.229874534552778,0,
1979,10,2,13.9532976150513,0,6.47948421573676,0,
1979,10,3,0.0324506498873234,0,7.02635198751659,0,
1979,10,4,4.15650796890259,0,1.97394583649304,0,
1979,10,5,0.0138819795101881,0,2.11275979872926,-1.4210854715202e-14,
1979,10,6,0.178562998771667,0,0.0876605269040738,1.4210854715202e-14,
1979,10,7,0.0399018675088882,0,0.105720251448702,0,
1979,10,8,0.525135040283203,0,0.222911669813811,0,
1979,10,9,2.92821073532105,0,1.45054176313397,0,
1979,10,10,1.14943194389343,0,2.05205051719156,0,
1979,10,11,0.9824059009552,0,1.07058101844734,0,
1979,10,12,1.63758838176727,0,1.34653172475771,0,
1979,10,13,0.434094458818436,0,0.935813809099727,0,
1979,10,14,0.000122446799650788,0,0.209667457157593,0,
1979,10,15,0.0432404056191444,0,0.0236330148836714,0,
1979,10,16,1.568399310112,0,0.874264792644112,0,
1979,10,17,1.82603085041046,0,1.67438164494376,0,
1979,10,18,0.496946424245834,0,1.17693690426904,0,
1979,10,19,0.00520655605942011,0,0.254333636609204,0,
1979,10,20,0.00560840871185064,0,0.00540265549545893,0,
1979,10,21,0.0102190021425486,0,0.00783597038389416,0,
1979,10,22,0.490221649408341,0,0.255021026403824,0,
1979,10,23,10.1379985809326,0,4.22790365901369,0,
1979,10,24,1.10573315620422,0,5.62285441199822,0,
1979,10,25,0.344559043645859,0,0.71260319870953,0,
1979,10,26,0.00314306258223951,0,0.18700339700456,0,
1979,10,27,0.380259782075882,0,0.204506800246577,0,
1979,10,28,2.87993121147156,0,1.78340556311593,-1.4210854715202e-14,
1979,10,29,0.00993879418820143,0,1.58461304199989,1.4210854715202e-14,
1979,10,30,0.00187553442083299,0,0.00538230505082993,0,
1979,10,31,0.0263757165521383,0,0.0159894919054295,0,
1979,11,1,20.904167175293,2.8421709430404e-14,10.4642482692143,0,
1979,11,2,7.14364433288574,1.4210854715202e-14,14.0345950006459,-4.2632564145606e-14,
1979,11,3,0.00239598960615695,0,3.57527974958919,-2.8421709430404e-14,
1979,11,4,0.00245814397931099,-1.4210854715202e-14,0.00242937338305183,0,
1979,11,5,0.000115129347250331,0,0.00113896422863036,0,
1979,11,6,0.502154588699341,0,0.241634154520625,0,
1979,11,7,0.407710194587708,0,0.460465469094288,0,
1979,11,8,0.24466934800148,0,0.331337389064856,0,
1979,11,9,9.81616306304932,2.8421709430404e-14,4.93753197320768,1.4210854715202e-14,
1979,11,10,10.082935333252,-1.4210854715202e-14,9.94676625337399,5.6843418860808e-14,
1979,11,11,0.000377538875909522,-2.8421709430404e-14,5.04666603954638,-1.4210854715202e-14,
1979,11,12,4.29128303949256e-05,0,0.000211221914810267,0,
1979,11,13,1.26354871099466e-06,0,2.21138441247604e-05,0,
1979,11,14,0.0243116039782763,0,0.0115070359139509,0,
1979,11,15,0.0643269270658493,0,0.0400797983641041,0,
1979,11,16,5.76667007408105e-05,0,0.0357122495299791,0,
1979,11,17,0.00287756510078907,0,0.00127755012863418,0,
1979,11,18,0.00204918649978936,0,0.00255854785757492,0,
1979,11,19,0.308881968259811,0,0.152229628059672,0,
1979,11,20,1.11053097248077,0,0.700471232209225,0,
1979,11,21,0.19456522166729,0,0.658541836192399,-1.4210854715202e-14,
1979,11,22,7.63150358200073,0,3.85328917665299,1.4210854715202e-14,
1979,11,23,29.1756038665772,1.4210854715202e-14,18.4005527045043,-1.4210854715202e-14,
1979,11,24,17.0836410522461,-4.2632564145606e-14,23.1747562313017,4.2632564145606e-14,
1979,11,25,7.04728317260742,0,12.8130027610871,0,
1979,11,26,18.1409130096436,-2.8421709430404e-14,12.3392916950202,5.6843418860808e-14,
1979,11,27,0.441228657960892,-2.8421709430404e-14,9.29143118817979,-4.2632564145606e-14,
1979,11,28,13.7719278335571,2.8421709430404e-14,7.10647598691412,1.4210854715202e-14,
1979,11,29,0.77395236492157,0.143512433143925,7.39841274577407,-5.6843418860808e-14,
1979,11,30,0.12418007850647,0.195212882384311,0.256067027202334,0,
1979,12,1,0.0985622256994247,0.063622873606576,0.0477727280642739,0,
1979,12,2,0.0753151923418045,0.0556771628142343,0.0316281202215123,0,
1979,12,3,0.000262069865129888,0.0401536037302463,0.000186756224366036,0,
1979,12,4,0.000492454739287496,0.00010920058649333,0.000287078201154145,0,
1979,12,5,0.00103590963408351,1.4210854715202e-14,0.000749910510194241,0.581575053235753,
1979,12,6,0.363750725984573,0,0.180175393617219,0,
1979,12,7,0.116788007318974,0,0.242267304701045,0,
1979,12,8,0.013199751265347,0,0.07030257101178,0,
1979,12,9,0.000212981336517259,0,0.00715096666453974,0,
1979,12,10,0.000750530627556145,0,0.000462076458461525,0,
1979,12,11,0.00136472540907562,0,0.00103869366489562,0,
1979,12,12,2.50450992584229,0,1.23321741055202,0,
1979,12,13,3.62408566474915,0,3.04133755736711,0,
1979,12,14,0.0154624041169882,0,1.83598669237381,2.8421709430404e-14,
1979,12,15,0.00231447187252343,0,0.00903410493538104,0,
1979,12,16,0.000650656002108008,0,0.00152101770004265,0,
1979,12,17,0.018459290266037,0.00910879917877594,0.000329587598344006,0,
1979,12,18,0.000441596290329471,0.0100051579069316,0,0,
1979,12,19,0.007242226973176,0.000233034785765085,0.00342043125579039,0,
1979,12,20,0.00123444152995944,-1.4210854715202e-14,0.0045109670909369,0,
1979,12,21,0.0409911386668682,1.4210854715202e-14,0.0202984958145862,0,
1979,12,22,14.4938411712646,1.4210854715202e-14,7.24987302293175,-1.4210854715202e-14,
1979,12,23,14.6883420944214,-4.2632564145606e-14,14.5885946285719,-1.4210854715202e-13,
1979,12,24,19.6791248321533,-1.56319401867222e-13,17.1835234793425,2.8421709430404e-14,
1979,12,25,5.58805656433106,2.8421709430404e-14,13.3050749182962,-2.8421709430404e-14,
1979,12,26,0.0694131106138229,0,2.95934335888001,-2.8421709430404e-14,
1979,12,27,0.00476923072710633,0,0.0410764128632763,0,
1979,12,28,4.78568144899327e-05,0,0.00246030309926937,0,
1979,12,29,0.000723946141079068,0,0.000332700767330607,0,
1979,12,30,0.00106176291592419,0,0.0008554232208553,0,
1979,12,31,0.000915901095140725,0,0.000994644269439959,0,
1980,1,1,0.00783420354127884,0,0.00409051711835673,0,1.07164052821559
1980,1,2,0.0154095282778144,0.000975504219340451,0.0106093651211268,0,0.940212916264621
1980,1,3,0.0473646111786366,0.000994234410740091,0.0302451177278726,0,0.808785304313653
1980,1,4,1.72120451927185,0.0343623193544289,0.849419780170138,0,0.738016590186208
1980,1,5,1.12834632396698,0.550769723128141,0.894515518788012,0,0.677357692362684
1980,1,6,0.0579519867897034,0.603383984510259,0.0124649398421752,0,0.596479161931319
1980,1,7,0.37137970328331,0.0294430226743572,0.182696939666812,0,0.60658897823524
1980,1,8,0.00341619038954377,0.00163752891040758,0.193361229041329,0,0.495380998892112
1980,1,9,0.0646809041500092,0.0319505434003133,0,0,0.475161366284271
1980,1,10,0.0271587558090687,0.0363895829702727,0.0102154528501615,0,0.434722101068588
1980,1,11,24.3519954681397,0.00358985155638436,9.68065726262626,1.3124625747412,2.59822279010761
1980,1,12,3.20389676094055,2.8421709430404e-14,14.023528371056,0.0900145524657745,2.7397602183625
1980,1,13,0.0263605751097202,0.000592380408505733,1.62601095381228,0,1.61757060862731
1980,1,14,2.03980588912964,0.000603216338632251,1.02146878330677,0,1.33449575211753
1980,1,15,0.0564057268202305,1.4210854715202e-14,1.0488094069467,1.4210854715202e-14,1.2232877727744
1980,1,16,0.366648554801941,0,0.210011377089359,1.4210854715202e-14,1.24350740538224
1980,1,17,0.818051099777222,0,0.589396197288579,-1.4210854715202e-14,1.30416630320577
1980,1,18,0,0,0.413315259665978,1.4210854715202e-14,1.15251905864696
1980,1,19,0.0132877929136157,0,0.00662468100017577,0,0.980652181480304
1980,1,20,0.429344832897186,0,0.220916277509104,0,0.869444202137177
1980,1,21,0,0,0.221381307726006,0,0.808785304313653
1980,1,22,0.22726272046566,0,0.113404741309751,0,0.778455855401891
1980,1,23,0.0118903992697597,0.00499823222098428,0.11473157520868,0,0.717796957578367
1980,1,24,1.27712059020996,0.640969181432112,0.000943696042440934,0,0.576259529323478
1980,1,25,3.50306153297424,0.695064302502829,1.5965438245405,0,0.727906773882288
1980,1,26,0.0224971678107977,0,1.76794525636637,0,0.576259529323478
1980,1,27,0,0,0.0105775787078528,0,0.505490815196033
1980,1,28,0.0043633570894599,0.00207105913902694,0,0,0.475161366284271
1980,1,29,0.00904712360352278,0.00659760832481027,0,0,0.363953386941144
1980,1,30,1.48461949825287,0.71240050362097,0,0,0.353843570637223
1980,1,31,3.18463468551636,2.28279894857278,0,0,0.353843570637223
1980,2,1,0.0204385183751583,1.61456264992641,0,0,0.343733754333302
1980,2,2,0.00334436935372651,0.013374345837434,0,0,0.333623938029382
1980,2,3,0.00141226523555815,0.00248845230846939,0,0,0.333623938029382
1980,2,4,0.0589850023388863,0.0254035678613462,0,0,0.333623938029382
1980,2,5,0.363033205270767,0.168224603358382,0,0,0.333623938029382
1980,2,6,2.95878076553345,1.57867889458647,0,0,0.323514121725461
1980,2,7,0.322898656129837,1.67792937815547,0,0,0.30329448911762
1980,2,8,0.0101331528276205,0.158625882451162,0,0,0.30329448911762
1980,2,9,1.24991059303284,0.571484451834024,0,0,0.30329448911762
1980,2,10,0.101636111736298,0.712947265706163,0,0,0.293184672813699
1980,2,11,0.172592267394066,0.13598453834031,0,0,0.283074856509778
1980,2,12,0.121922485530376,0.152826564464846,0,0,0.252745407598017
1980,2,13,0.000435041292803362,0.0506187944939995,0,0,0.242635591294096
1980,2,14,0.00261640804819763,0.00111836463300108,0.000299146572388054,0,0.283074856509778
1980,2,15,4.90832138061523,0.00127285558674828,1.7085023836471,0.118961024608964,0.353843570637223
1980,2,16,7.39002561569214,2.29014192775571,3.83802628684066,0.173817080424115,0.60658897823524
1980,2,17,0.000729292863979936,2.37003280619895,1.38893769270771,0,0.45494173367643
1980,2,18,0.00345717184245586,0.00220437708871657,0,0,0.384173019548985
1980,2,19,0.00862122606486082,0.00253878029275256,0.00331780185979369,0,0.343733754333302
1980,2,20,0.409913182258606,0.000743547975389447,0.207642387741316,1.01915742451642,0.879554018441097
1980,2,21,0.760748386383057,0,0.582743796854629,3.01733787721204,2.62855223901937
1980,2,22,6.09945726394653,0,3.3082386805338,5.32411313181527,3.43733754333302
1980,2,23,0.0733008831739426,0,3.16173690550318,5.21092816842143,1.95119454665669
1980,2,24,0.0353390239179134,0,0.0548748681949292,1.08758543648104,1.43559391515673
1980,2,25,0.584646761417389,-1.4210854715202e-14,0.264357739831894,0,1.15251905864696
1980,2,26,2.62335252761841,1.3059074916019,0.293609023394311,0,0.818895120617574
1980,2,27,0.250208586454392,1.44407209317554,0,0,0.707687141274446
1980,2,28,7.05937814712524,2.05780487636828,1.54222045577353,0,0.60658897823524
1980,2,29,0.229751080274582,2.08121333649444,1.57090004892029,0,0.505490815196033
1980,3,1,4.86825180053711,2.5211382750109,0,0,0.404392652156826
1980,3,2,1.20286929607391,3.04198124171647,0,0,0.353843570637223
1980,3,3,0.0825278460979462,0.693243943102914,0,0,0.45494173367643
1980,3,4,0.509995877742767,0.29570002789329,0,0,0.545930080411716
1980,3,5,10.7199802398682,0.256189107284953,5.33495207077863,0.429460671792199,2.22415958686255
1980,3,6,0.311307907104492,0,5.52570491990559,0.432310336027911,2.74987003466642
1980,3,7,1.95026159286499,0,1.13078122477555,0,2.17361050534294
1980,3,8,11.6387948989868,0,6.0379729058086,1.46667482970683,9.05839540831291
1980,3,9,0.138440355658531,0,5.91146252384942,2.91490381589092,4.47864862263685
1980,3,10,0.157786026597023,0,0.147209109625464,3.09960419190278,2.71954058575466
1980,3,11,0.64018326997757,0,0.387085649202618,2.10123506903476,2.03207307708805
1980,3,12,0.360526233911514,0.0393395283531532,0.465058864341245,0,1.49625281298026
1980,3,13,4.77673053741455,0.041137153108977,2.49336474919073,0,1.29405648690184
1980,3,14,1.45032155513763,0,3.12653777506807,0,1.2232877727744
1980,3,15,0.00380429183132947,0,0.738486162791787,1.22169821775722,1.28394667059792
1980,3,16,0.00722079630941153,0,0.00549519674450494,2.27674100507754,1.24350740538224
1980,3,17,8.67617988586426,0,4.33907991841625,0,1.30416630320577
1980,3,18,3.83677244186401,0,6.72774501362665,-7.105427357601e-14,1.5164724455881
1980,3,19,0.000654184084851295,0,1.92446560079588,-1.4210854715202e-14,1.26372703799008
1980,3,20,1.10901689529419,0,0.518196481320501,-1.4210854715202e-14,1.273836854294
1980,3,21,28.2876605987549,0,14.4833174245675,-5.6843418860808e-14,15.8724115971554
1980,3,22,0.360075771808624,0,14.3514260450756,-4.2632564145606e-14,4.27645229655844
1980,3,23,0.00218210509046912,0,0.185944537397518,0,2.3960264640292
1980,3,24,7.23215436935425,0,3.53638637223025,0,2.54767370858801
1980,3,25,3.88816905021668,0,5.56208197461388,0,2.48701481076448
1980,3,26,3.27682355418801e-05,-1.4210854715202e-14,1.94732799221106,0,1.76921785318612
1980,3,27,0.0114591754972935,1.4210854715202e-14,0.00532015698013311,0,1.39515464994105
1980,3,28,2.75451850891113,0,1.35859060471307,0,1.273836854294
1980,3,29,7.39167261123657,0,5.02761697024653,0,1.57713134341162
1980,3,30,3.75235891342163,0,5.72759116649013,0,2.23426940316647
1980,3,31,11.8708925247192,0,7.32510275655591,0,3.83162037918593
1980,4,1,0.515336930751801,-7.105427357601e-14,6.24254087211966,-7.105427357601e-14,2.36569701511743
1980,4,2,0,0,0.263592978434644,0,1.81976693470572
1980,4,3,1.76779103279114,0,0.823006822059142,0,3.49799644115655
1980,4,4,6.70718193054199,0,4.2117643788913,0,10.3120126299991
1980,4,5,0.0450457446277142,0,3.39783380457584,-1.4210854715202e-14,2.96217617704875
1980,4,6,0.0285101365298033,0,0.0372355921113012,1.4210854715202e-14,1.99163381187237
1980,4,7,1.95668005943298,0,0.955956509225643,0,1.54680189449986
1980,4,8,2.16860294342041,0,2.0484610856804,0,1.41537428254889
1980,4,9,4.32605028152466,0,3.09685132709842,0,2.29492830098999
1980,4,10,3.8629744052887,0,4.09684362515463,0,1.82987675100964
1980,4,11,0.684691786766052,0,2.4384311257113,0,1.54680189449986
1980,4,12,7.85993194580078,0,4.25324086614319,0,1.60746079232339
1980,4,13,0.0921924263238907,0,3.98403347678072,0,1.50636262928418
1980,4,14,18.160961151123,-5.6843418860808e-14,9.11734186231797,2.8421709430404e-14,5.21666521282306
1980,4,15,1.34027242660522,-5.6843418860808e-14,10.1254463066566,-8.5265128291212e-14,2.78019948357818
1980,4,16,0.393335103988647,1.4210854715202e-14,0.868474186219601,0,2.03207307708805
1980,4,17,5.16225463798037e-06,1.4210854715202e-14,0.196755857254402,0,1.55691171080378
1980,4,18,0.0237987618893385,-1.4210854715202e-14,0.011376387989003,0,1.273836854294
1980,4,19,1.21672210298129e-05,0,0.0121152501380948,1.4210854715202e-14,1.10196997712735
1980,4,20,0.0891984775662422,0,0.0409754915942813,0,0.980652181480304
1980,4,21,0.947142541408539,0,0.50486569119289,-1.4210854715202e-14,0.859334385833256
1980,4,22,0.0056332410313189,0,0.512282366028103,0,0.748126406490129
1980,4,23,0.000271260098088533,0,0.00306950644926474,0,0.697577324970526
1980,4,24,0.000168983053299598,0,0.00022038116208023,0,0.626808610843081
1980,4,25,0.00697573460638523,0,0.00356109498943624,0,0.566149713019557
1980,4,26,0.0227738805115223,0,0.0143589823810544,0,0.525710447803874
1980,4,27,0.265813142061234,0,0.134186502326656,0,0.505490815196033
1980,4,28,1.75065779685974,0,0.923008097779075,0,0.495380998892112
1980,4,29,2.07263445854187,0,1.89807192876287,0,0.485271182588192
1980,4,30,0.0842061638832092,0,1.29124164779364,0,0.444831917372509
1980,5,1,0.00138873362448066,0,0.0322716644684533,0,0.404392652156826
1980,5,2,0.0268976408988237,0,0.0153881106361951,0,0.374063203245064
1980,5,3,0,0,0.0147174452558829,0,0.363953386941144
1980,5,4,0,0,0,0,0.343733754333302
1980,5,5,0.00948663614690304,0,0.00624915040361884,1.4210854715202e-14,0.323514121725461
1980,5,6,0.0101138846948743,0,0.00985540696910903,-1.4210854715202e-14,0.323514121725461
1980,5,7,0.0577707141637802,0,0.0349139297400143,0,0.31340430542154
1980,5,8,0.00978382956236601,0,0.0355466682333372,0,0.283074856509778
1980,5,9,0,0,0.00531736520019877,0,0.272965040205858
1980,5,10,0.0494029074907303,0,0.0179967151177607,0,0.262855223901937
1980,5,11,2.92071580886841,-1.4210854715202e-14,1.28485304426499,-1.4210854715202e-14,0.272965040205858
1980,5,12,11.4047803878784,1.4210854715202e-14,6.95825758505407,1.4210854715202e-14,1.45581354776458
1980,5,13,16.0752391815186,0,13.737822533745,0,1.78943748579396
1980,5,14,0.117407873272896,0,8.16400586604323,0,0.829004936921494
1980,5,15,1.61164916789858e-05,0,0.059239506943868,0,0.525710447803874
1980,5,16,1.61434757709503,0,0.80635832264602,0,0.444831917372509
1980,5,17,23.1670761108398,8.5265128291212e-14,12.362011166821,-1.4210854715202e-14,0.829004936921494
1980,5,18,26.8947906494141,-1.84741111297626e-13,24.8768474901567,0,2.32525774990175
1980,5,19,11.0700883865356,-2.8421709430404e-14,18.9862299651859,0,4.41798972481333
1980,5,20,0.885634958744049,-1.4210854715202e-14,6.90342922401237,0,2.70943076945074
1980,5,21,0.05809111520648,0,0.495724761002066,0,1.70855895536259
1980,5,22,0.0926639810204506,0,0.0750586880553783,0,1.24350740538224
1980,5,23,5.37368202209473,0,2.17517702014743,0,1.05142089560775
1980,5,24,5.93303060531616,0,5.63167349612377,0,1.13229942603911
1980,5,25,1.54760849475861,0,3.74773031454288,-1.4210854715202e-14,0.960432548872463
1980,5,26,0.000723049917723984,0,0.864746243072204,1.4210854715202e-14,0.738016590186208
1980,5,27,0.0546323396265507,0,0.0258991909861379,-1.4210854715202e-14,0.586369345627398
1980,5,28,0.00251483777537942,0,0.0297373106880059,1.4210854715202e-14,0.515600631499954
1980,5,29,0,0,0.00133992739733912,0,0.46505154998035
1980,5,30,3.26740789413452,0,1.60855447289055,0,0.434722101068588
1980,5,31,1.9255713224411,0,2.60155752158198,0,0.434722101068588
1980,6,1,4.81357908248901,0,3.1890895391432,0,0.727906773882288
1980,6,2,20.6853160858154,0,12.7313993046059,0,1.60746079232339
1980,6,3,12.3281478881836,0,16.5331701716689,0,3.62942405310752
1980,6,4,2.47816478804452e-05,0,6.19503770646293,0,1.37493501733321
1980,6,5,0,0,1.35673735712771e-05,0,0.91999328365678
1980,6,6,0.218829184770584,0,0.108107108483182,0,0.707687141274446
1980,6,7,0.727397799491882,0,0.464838006202854,-1.4210854715202e-14,0.626808610843081
1980,6,8,16.3912792205811,0,8.54822399863178,1.4210854715202e-14,1.36482520102929
1980,6,9,0.211907759308815,0,8.42088958030331,0,0.869444202137177
1980,6,10,5.44241189956665,0,2.68874269094363,0,0.636918427147002
1980,6,11,1.8832072019577,0,3.67230143972392,0,0.535820264107795
1980,6,12,4.30427235187381e-06,0,0.991138080708197,0,0.404392652156826
1980,6,13,8.06624722571314e-09,0,2.15371915146534e-06,0,0.343733754333302
1980,6,14,0.00162700586952269,0,0.00078804785880493,0,0.323514121725461
1980,6,15,0.976269364356995,0,0.440013699097563,0,0.31340430542154
1980,6,16,13.1795740127563,0,6.89449777014283,0,0.980652181480304
1980,6,17,0.05429532751441,0,6.6582937224473,0,0.738016590186208
1980,6,18,0.00428756140172482,0,0.0297465874052705,0,0.404392652156826
1980,6,19,1.66821539402008,0,0.78385459470087,0,0.323514121725461
1980,6,20,4.69065666198731,0,3.14717340411926,0,0.363953386941144
1980,6,21,0.00216803210787475,0,2.56938585488206,0,0.293184672813699
1980,6,22,1.16997426857779e-07,0,0.0012332856674675,-1.4210854715202e-14,0.232525774990175
1980,6,23,4.29404211044312,0,2.14620784311342,1.4210854715202e-14,0.212306142382334
1980,6,24,7.41440963745117,0,5.82822084130385,0,0.232525774990175
1980,6,25,0.0404975228011608,0,3.73692752324087,0,0.252745407598017
1980,6,26,8.4523308032658e-05,0,0.0223654402796001,0,0.192086509774493
1980,6,27,0.00415845634415746,0,0.00207828732209236,0,0.171866877166651
1980,6,28,1.54761910438538,0,0.714977116502269,0,0.15164724455881
1980,6,29,14.4746294021606,-1.4210854715202e-14,7.77757837328522,0,0.161757060862731
1980,6,30,0.0020233835093677,1.4210854715202e-14,7.40434312774346,0,0.181976693470572
1980,7,1,0.013148813508451,0,0.00711421168944071,0,0.141537428254889
1980,7,2,1.91460692882538,0,0.953993602741093,0,0.242635591294096
1980,7,3,10.077486038208,0,5.9870325456418,0,1.36482520102929
1980,7,4,5.17372608184815,0,7.65111337896497,0,0.647028243450922
1980,7,5,4.74919891357422,0,4.97920978976958,-1.4210854715202e-14,0.424612284764668
1980,7,6,0.330505728721619,1.4210854715202e-14,2.58974959864054,1.4210854715202e-14,0.30329448911762
1980,7,7,0.0693084299564362,-1.4210854715202e-14,0.216617308420837,0,0.212306142382334
1980,7,8,0.85026890039444,0,0.395548661772864,0,0.15164724455881
1980,7,9,3.90372967720032,0,2.33625877775921,0,0.121317795647048
1980,7,10,17.6600894927979,0,10.6167129599989,0,0.181976693470572
1980,7,11,0.856803596019745,0,10.1496649244923,0,0.515600631499954
1980,7,12,0.413600653409958,0,0.680301731646068,0,0.212306142382334
1980,7,13,0.234554395079613,0,0.324175795334213,0,0.131427611950969
1980,7,14,1.10128867163439e-05,0,0.130793705361612,0,0.091999328365678
1980,7,15,0,0,5.51719881514146e-06,1.4210854715202e-14,0.0697577324970526
1980,7,16,0,0,2.27373675443232e-13,-1.4210854715202e-14,0.0525710447803874
1980,7,17,0.103454858064651,0,0.0469747171907784,0,0.0424612284764668
1980,7,18,1.32784616653225e-05,0,0.0412486802320018,0,0.0333623938029382
1980,7,19,0.00293010496534407,0,0.00124078305930198,0,0.0262855223901937
1980,7,20,0.000198497335077263,0,0.001813124285718,0,0.0212306142382334
1980,7,21,2.40480089187622,0,0.879293616435234,-1.4210854715202e-14,0.0293184672813699
1980,7,22,32.5536804199219,5.6843418860808e-14,17.4787251140911,1.70530256582424e-13,0.717796957578367
1980,7,23,6.74069356918335,-3.69482222595252e-13,20.0197410931155,-1.98951966012828e-13,2.09273197491158
1980,7,24,0.000923648418392986,0,3.50832437881672,1.4210854715202e-14,0.738016590186208
1980,7,25,0.000689031032379717,0,0.000813716525954078,-1.4210854715202e-14,0.30329448911762
1980,7,26,0.000194678024854511,0,0.00047805250210331,0,0.181976693470572
1980,7,27,3.41725015640259,0,1.52336758527099,0,0.131427611950969
1980,7,28,8.66196346282959,0,5.81048253546487,0,0.111207979343127
1980,7,29,0.230787590146065,0,4.50747990805417,0,0.101098163039207
1980,7,30,0.0273307245224714,0,0.150260292285338,0,0.0788565671705811
1980,7,31,0.0111183281987906,0,0.0201302194986965,-1.4210854715202e-14,0.0596479161931319
1980,8,1,3.79348015785217,0,1.89269952035625,1.4210854715202e-14,0.0596479161931319
1980,8,2,1.19934785366058,0,2.50348952665877,0,0.0545930080411716
1980,8,3,17.0238609313965,0,8.77118904645522,0,0.0586369345627398
1980,8,4,2.50114893913269,0,9.8137601159242,0,0.161757060862731
1980,8,5,0.173920214176178,0,1.37041696678284,0,0.131427611950969
1980,8,6,3.06748223304749,1.4210854715202e-14,1.27565180876354,0,0.0657138059754843
1980,8,7,21.1842422485352,-1.4210854715202e-14,12.0073985761662,0,0.222415958686255
1980,8,8,0.918165862560272,0,11.0827193567575,0,0.272965040205858
1980,8,9,0.20666715502739,0,0.575715861732988,0,0.121317795647048
1980,8,10,2.68877792358398,0,1.41198354970925,0,0.0626808610843081
1980,8,11,10.3530368804932,0,5.943839566218,0,0.0374063203245064
1980,8,12,6.02228784561157,0,8.23524506319086,0,0.262855223901937
1980,8,13,0,0,3.09844590718353,0,0.30329448911762
1980,8,14,1.02276849746704,0,0.407381953866889,-1.4210854715202e-14,0.121317795647048
1980,8,15,36.5516510009766,1.13686837721616e-13,18.1692404922601,5.6843418860808e-14,4.62018605089174
1980,8,16,1.75042045116425,-4.2632564145606e-14,19.6242154368229,-2.8421709430404e-14,2.46679517815664
1980,8,17,7.61537504196167,0,4.66144482519167,-1.4210854715202e-14,1.13229942603911
1980,8,18,10.0151872634888,0,8.76435689576533,0,0.636918427147002
1980,8,19,20.2465801239014,0,15.0712383119726,-1.4210854715202e-14,9.41223897895013
1980,8,20,3.36883640289307,0,13.4075868135687,-4.2632564145606e-14,2.7903092998821
1980,8,21,0.331381380558014,0,1.88032318286218,0,1.42548409885281
1980,8,22,5.20650719408877e-05,-1.4210854715202e-14,0.166708501267294,0,0.798675488009732
1980,8,23,0.00432973867282271,1.4210854715202e-14,0.00166569945554329,0,0.485271182588192
1980,8,24,0.000440954143414274,0,0.00215065858310481,0,0.333623938029382
1980,8,25,0.00277334311977029,0,0.00146666454543265,0,0.262855223901937
1980,8,26,0.00278881820850074,-1.4210854715202e-14,0.00278095567000491,0,0.212306142382334
1980,8,27,0.000808953132946044,1.4210854715202e-14,0.00187792083397653,0,0.171866877166651
1980,8,28,0.0170704033225775,0,0.00884398001494446,0,0.141537428254889
1980,8,29,0.679721593856812,0,0.327539981780546,0,0.121317795647048
1980,8,30,0.912941813468933,0,0.824081434525397,0,0.101098163039207
1980,8,31,2.17656254768372,-1.4210854715202e-14,1.4080283120577,-1.4210854715202e-14,0.0899773651048939
1980,9,1,0.888974368572235,1.4210854715202e-14,1.70667134602058,1.4210854715202e-14,0.0818895120617573
1980,9,2,10.6123189926147,0,5.73443292938441,0,0.0889663834745018
1980,9,3,0.265290915966034,0,5.53081844651138,0,0.0738016590186208
1980,9,4,0.114731043577194,0,0.19245931899286,0,0.0626808610843081
1980,9,5,0.346758872270584,0,0.243286668290239,0,0.0545930080411716
1980,9,6,0.0892153531312943,0,0.208594041254401,0,0.045494173367643
1980,9,7,0.329011678695679,0,0.180394366927203,0,0.0394282835852906
1980,9,8,5.0412917137146,0,2.08934342693033,0,0.0404392652156826
1980,9,9,3.21510767936707,0,4.14435744162029,0,0.101098163039207
1980,9,10,2.11249732971191,0,2.67055121308294,0,0.45494173367643
1980,9,11,0.0595891363918781,0,1.29088273604953,0,0.131427611950969
1980,9,12,0,0,0.0299638481471902,0,0.0687467508666605
1980,9,13,0.142319217324257,0,0.0640146017910865,0,0.0485271182588192
1980,9,14,0.0411743707954884,0,0.094091015954973,1.4210854715202e-14,0.0363953386941144
1980,9,15,0.0669098645448685,0,0.0518932380400656,-1.4210854715202e-14,0.031340430542154
1980,9,16,1.09761679172516,0,0.483227259421255,0,0.030329448911762
1980,9,17,13.7570676803589,0,6.04454972216627,0,0.0687467508666605
1980,9,18,0.0210499484091997,1.4210854715202e-14,6.90936236864786,0,0.0818895120617573
1980,9,19,2.24359746425762e-06,-1.4210854715202e-14,0.0112149902020064,0,0.0626808610843081
1980,9,20,1.45422256991878e-06,0,1.89136358130781e-06,1.4210854715202e-14,0.0556039896715636
1980,9,21,0.00939046125859022,0,0.00417622047325494,-1.4210854715202e-14,0.0434722101068588
1980,9,22,0.270546168088913,1.4210854715202e-14,0.138573427173242,0,0.030329448911762
1980,9,23,3.55720353126526,-1.4210854715202e-14,1.74303985317738,0,0.0222415958686255
1980,9,24,0.00683658849447966,0,2.20489686693691,1.4210854715202e-14,0.0192086509774493
1980,9,25,0.0614126659929752,0,0.0402360457733266,-1.4210854715202e-14,0.0171866877166651
1980,9,26,0.00687359319999814,0,0.0317716655058575,0,0.0161757060862731
1980,9,27,1.41163400257938e-05,0,0.00360252742348166,0,0.0161757060862731
1980,9,28,4.06374340400362e-07,0,7.763540452288e-06,0,0.0131427611950969
1980,9,29,0.000374276773072779,0,0.000137497798959885,0,0.0085933438583325
1980,9,30,0.00201608939096332,0,0.00132227270160001,0,0.0077845585540189
1980,10,1,0.00176305533386767,-1.4210854715202e-14,0.00190184599682652,0,0.0057625952932347
1980,10,2,3.41916728019714,1.4210854715202e-14,1.33465935797085,0,0.0080878530431365
1980,10,3,0.763606667518616,0,2.21948570413883,0,0.0161757060862731
1980,10,4,0.53047639131546,0,0.642365402963151,0,0.0232525774990175
1980,10,5,0.000254793558269739,0,0.268780119024768,0,0.0293184672813699
1980,10,6,0.00792096741497517,0,0.00352038346386507,0,0.0252745407598017
1980,10,7,5.49583746760618e-05,0,0.00356348523973793,0,0.0232525774990175
1980,10,8,0.000421763252234086,0,0.000180298892018982,0,0.0212306142382334
1980,10,9,0.000677057600114495,0,0.000530707536427144,0,0.0202196326078413
1980,10,10,0.0531756989657879,0,0.0240504848886758,0,0.0192086509774493
1980,10,11,0.0980867370963097,0,0.0705176142955679,0,0.0181976693470572
1980,10,12,9.03721229406074e-05,0,0.0256682530200578,0,0.0171866877166651
1980,10,13,1.18964571811375e-05,0,4.60631390524213e-05,0,0.0171866877166651
1980,10,14,0.000231095036724582,0,0.000121046354024656,0,0.0161757060862731
1980,10,15,0.0379883386194706,0,0.022230432737615,0,0.0161757060862731
1980,10,16,0.000124001191579737,0,-0.138958246640414,0,0.015164724455881
1980,10,17,4.37948799133301,0,0.510654852047992,0,0.0202196326078413
1980,10,18,19.3825016021729,2.8421709430404e-14,10.6115651830157,4.2632564145606e-14,0.0545930080411716
1980,10,19,0.300421535968781,-2.8421709430404e-14,9.84237581423713,7.105427357601e-14,0.045494173367643
1980,10,20,0.00661677261814475,0,0.155439303818184,0,0.0374063203245064
1980,10,21,4.40256030742603e-07,0,0.00345145804340064,0,0.0323514121725461
1980,10,22,0.00308687053620815,0,0.00147078106647314,0,0.0293184672813699
1980,10,23,3.51503840647638e-05,0,0.00168001462566281,0,0.0272965040205858
1980,10,24,3.40701913833618,1.4210854715202e-14,1.60523335470134,0,0.0252745407598017
1980,10,25,9.34465217590332,1.4210854715202e-14,5.7566423365281,2.8421709430404e-14,0.045494173367643
1980,10,26,0.184053272008896,-1.27897692436818e-13,5.14661511367967,-1.27897692436818e-13,0.0404392652156826
1980,10,27,1.44088530540466,0,0.807747235804527,-1.4210854715202e-14,0.0505490815196033
1980,10,28,5.97924661636353,0,3.70573250352777,-8.5265128291212e-14,0.045494173367643
1980,10,29,0.0709663331508637,-1.4210854715202e-14,3.42927697356981,5.6843418860808e-14,0.0424612284764668
1980,10,30,2.61212403529498e-06,0,0.0264006345423695,0,0.0404392652156826
1980,10,31,0.000564929388929158,0,0.000223432147549829,0,0.0384173019548985
1980,11,1,0.000203458577743731,0,0.000339543689506172,0,0.0363953386941144
1980,11,2,0.000409897183999419,1.4210854715202e-14,0.000298403627766675,0,0.0353843570637223
1980,11,3,0.0239909682422876,-1.4210854715202e-14,0.016139137645041,0,0.0343733754333302
1980,11,4,1.31985807418823,0,0.600400919088088,0,0.0323514121725461
1980,11,5,1.13476526166778e-05,0,0.516348729039919,0,0.031340430542154
1980,11,6,0.000519744120538235,0,0.000293591182298769,0,0.030329448911762
1980,11,7,0.116021908819675,0,0.0819918096472065,0,0.0283074856509778
1980,11,8,0.0101667968556285,0,0.0827222642235483,0,0.0293184672813699
1980,11,9,0.118604280054569,0,0.0855453252886491,-1.4210854715202e-14,0.0283074856509778
1980,11,10,0.00062200624961406,0,0.0445767355656699,1.4210854715202e-14,0.0343733754333302
1980,11,11,0.000288520503090695,0,0.000467709964595997,0,0.0323514121725461
1980,11,12,0.000118761330668349,0,0.000198833843114699,0,0.0242635591294096
1980,11,13,4.32893830293324e-05,0,-0.0031791383169093,-1.4210854715202e-14,0.0222415958686255
1980,11,14,0.067261129617691,1.4210854715202e-14,-0.0471983423449274,2.8421709430404e-14,0.0222415958686255
1980,11,15,0.935129761695862,-1.4210854715202e-14,0.602887629501538,-1.4210854715202e-14,0.0232525774990175
1980,11,16,0.341047316789627,0,0.0969596396637371,0,0.0252745407598017
1980,11,17,4.79683113098145,-1.4210854715202e-14,2.8658379015535,-1.4210854715202e-14,0.0394282835852906
1980,11,18,9.49935722351074,1.4210854715202e-14,7.14291773764785,-1.4210854715202e-14,0.0556039896715636
1980,11,19,0.0143359182402492,0.000538531644622253,4.779225808099,0,0.0657138059754843
1980,11,20,0.0577285960316658,0.000550708685793211,0.0350981767460326,0,0.0404392652156826
1980,11,21,0.000330722570652142,0,0.0297075262312774,0,0.0343733754333302
1980,11,22,0.00458139600232244,0,0.00214320308464266,0,0.030329448911762
1980,11,23,0.813506662845612,0,0.503100921035184,0,0.030329448911762
1980,11,24,1.98831593990326,0,1.38146997117133,-1.4210854715202e-14,0.031340430542154
1980,11,25,0.571397840976715,0,1.31141015278854,1.4210854715202e-14,0.0323514121725461
1980,11,26,0.188684299588203,0.0189457200782925,0.366466468333556,0,0.031340430542154
1980,11,27,17.034460067749,0.0195055052670341,8.58660153973528,0,0.0859334385833256
1980,11,28,1.49804651737213,0,9.33872002171915,0.0145217556554655,0.353843570637223
1980,11,29,0.705196738243103,-1.4210854715202e-14,1.1158311828849,-1.4210854715202e-14,0.353843570637223
1980,11,30,0.0386159829795361,0,0.414533779439807,0,0.212306142382334
1980,12,1,0.00600011181086302,0,0.0261612177989719,0,0.141537428254889
1980,12,2,2.10352897644043,0,0.983711810000841,0,0.111207979343127
1980,12,3,0.245750471949577,1.4210854715202e-14,1.19150944079365,1.4210854715202e-14,0.0930103099960701
1980,12,4,0.0129920905455947,1.4210854715202e-14,0.13321034491355,2.8421709430404e-14,0.0829004936921494
1980,12,5,0.195327252149582,0,0.104159527962565,0.00553678045491779,0.0748126406490129
1980,12,6,0.0260580219328403,-1.4210854715202e-14,0.111946696155428,-1.4210854715202e-14,0.0707687141274446
1980,12,7,0.220979154109955,2.8421709430404e-14,0.123493556602398,2.8421709430404e-14,0.0657138059754843
1980,12,8,0.903375625610352,-1.4210854715202e-14,0.567655316203172,-1.4210854715202e-14,0.0687467508666605
1980,12,9,8.1415605545044,-4.2632564145606e-14,4.4370684770654,1.4210854715202e-14,0.101098163039207
1980,12,10,1.26694238185883,-7.105427357601e-14,4.70906221443784,0,0.131427611950969
1980,12,11,0.016719039529562,0,0.654903340074498,0,0.192086509774493
1980,12,12,0.0194648765027523,0,0.0180913496878929,0.00460228042098265,0.171866877166651
1980,12,13,0.000880769628565759,-1.4210854715202e-14,0.00904038735529866,0,0.141537428254889
1980,12,14,0.00245039025321603,1.4210854715202e-14,0.00163835557054881,0,0.121317795647048
1980,12,15,1.61527562141418,-2.8421709430404e-14,0.80845172449699,0,0.101098163039207
1980,12,16,1.34005200862885,0,1.48046861344278,-4.2632564145606e-14,0.111207979343127
1980,12,17,4.59652947029099e-05,1.03796649426613e-05,0.688392248234322,-7.105427357601e-14,0.0970542365176383
1980,12,18,0.0497012324631214,1.26523926411437e-05,0.020253726672081,1.4210854715202e-14,0.0889663834745018
1980,12,19,0.10135355591774,0.0174310675532467,0.0573824755929309,-1.4210854715202e-14,0.0788565671705811
1980,12,20,0.00203218101523817,0.0189667282574959,0.0327968225103632,1.4210854715202e-14,0.0515600631499954
1980,12,21,0.0277198497205973,0.0143563766294648,0,0,0.045494173367643
1980,12,22,0.0161652117967606,0.0226633280439472,0,0,0.0404392652156826
1980,12,23,0.127926021814346,0.0146718750286823,0.0566218996311818,0,0.0424612284764668
1980,12,24,1.90852832794189,0.22438354716644,0.792465409140732,2.8421709430404e-14,0.045494173367643
1980,12,25,0.626565217971802,0.530953944735785,0.739764920909011,-5.6843418860808e-14,0.0404392652156826
1980,12,26,0.0525753200054169,0.342425465585293,0,0,0.0384173019548985
1980,12,27,0.00206460151821375,0.0251267510956836,0,0,0.0374063203245064
1980,12,28,0.0172924790531397,0.0113521610277587,0,1.4210854715202e-14,0.0353843570637223
1980,12,29,0.826992273330689,0.00984688287942959,0.356076794256751,-1.4210854715202e-14,0.0363953386941144
1980,12,30,0.856689691543579,-4.2632564145606e-14,0.841604502953942,0,0.0384173019548985
1980,12,31,0.133893638849258,-1.4210854715202e-14,0.510213901606676,1.4210854715202e-14,0.045494173367643
1981,1,1,0.266865134239197,0,0.190562823567461,-1.4210854715202e-14,0.0485271182588192
1981,1,2,0.0761210024356842,0.0164223480503125,0.156317886420311,0,0.0515600631499954
1981,1,3,0.0069871093146503,0.0193740954152872,0.0230655098816897,0,0.0515600631499954
1981,1,4,5.72394055780023e-05,0.00251979627144294,0.00118397909955092,0,0.0333623938029382
1981,1,5,0.0852895081043243,0.0353793720054227,0,0,0.030329448911762
1981,1,6,1.89875590801239,0.989627423891008,0,0,0.0272965040205858
1981,1,7,3.16913390159607,2.50388189952436,0,0,0.0252745407598017
1981,1,8,0.00900672283023596,1.72171369007889,2.27373675443232e-13,0,0.0232525774990175
1981,1,9,0.0348999425768852,0.0238296366468802,-2.27373675443232e-13,0,0.0222415958686255
1981,1,10,0.000350548332789913,0.0183397020627467,0,0,0.0212306142382334
1981,1,11,0.0350016504526138,0.00995719120352589,0,0,0.0202196326078413
1981,1,12,0.0101218586787581,0.0225020890854495,0,0,0.0192086509774493
1981,1,13,0.417542010545731,0.168186741236738,0,0,0.0202196326078413
1981,1,14,0.00944648683071136,0.260527419432179,0.000404909811095422,0,0.0212306142382334
1981,1,15,0.036728959530592,0.00589320883553057,0.00217830869542013,0,0.0222415958686255
1981,1,16,0.25299260020256,0.124942013393863,0.00231301375220028,0,0.0232525774990175
1981,1,17,0.0935741290450096,0.193728788408578,-0.000118195289360301,0,0.0242635591294096
1981,1,18,0.00121882848907262,0.050320744855398,0,0,0.0262855223901937
1981,1,19,0.00245104567147791,-0.00215801559370732,0.00101637261423093,0,0.0283074856509778
1981,1,20,0.212034925818443,-3.78947953691977e-05,0.0916468098887435,0.292470656646515,0.030329448911762
1981,1,21,2.34329557418823,1.4210854715202e-14,1.15609347533359,1.02916439251808,0.0434722101068588
1981,1,22,0.0509500540792942,0,1.22742364651276,0.748496880644794,0.0515600631499954
1981,1,23,0.000220152287511155,0,0.0265915516240511,0,0.0515600631499954
1981,1,24,0.000944221625104547,0,0.00065397194794059,-0.000455841395037737,0.0515600631499954
1981,1,25,4.11166074627545e-05,0,0.000548863074527617,1.69003134723191,0.0556039896715636
1981,1,26,0.00203079357743263,0,0.000942860911209209,3.80655630200832,0.0687467508666605
1981,1,27,6.2778293795418e-05,0,0.000892229636292541,0,0.0738016590186208
1981,1,28,3.22992855217308e-05,0,4.76111042644334e-05,0,0.0738016590186208
1981,1,29,0.00301069277338684,0.000680287246581202,0.000622109750793243,0,0.0515600631499954
1981,1,30,0.0109402071684599,0.00573915144069304,0.000787768050713567,0,0.0434722101068588
1981,1,31,0.000940838945098221,0.00612728716421884,0,0,0.0363953386941144
1981,2,1,12.0853595733643,0.000470449238449078,6.0422974352532,0,0.111207979343127
1981,2,2,7.6657190322876,3.33949305599698,6.54018638454841,4.2632564145606e-14,0.202196326078413
1981,2,3,0.189850121736527,3.49861868833835,0.495778553146465,2.8421709430404e-14,0.121317795647048
1981,2,4,0.0121513111516833,0.108975252502475,0,0,0.101098163039207
1981,2,5,0,0.00497582396387486,0,1.4210854715202e-14,0.0808785304313653
1981,2,6,0.123435087502003,0.045361403182099,0,-1.4210854715202e-14,0.075823622279405
1981,2,7,0.00519999815151095,0.0676271429110216,0.00235104308308109,0,0.0707687141274446
1981,2,8,4.66192032035906e-05,5.58162092545445e-06,0.0028952104887594,0,0.0657138059754843
1981,2,9,1.41897953653825e-06,7.61801231874415e-06,1.90633084002911e-05,0,0.060658897823524
1981,2,10,9.35054779052734,8.45867077714502e-07,3.77659789698373,0,0.404392652156826
1981,2,11,23.3201713562012,7.8409338677087,8.42070750118637,1.4210854715202e-14,3.0329448911762
1981,2,12,0.488339185714722,8.31239415469024,3.80538440260807,-1.4210854715202e-14,1.01098163039207
1981,2,13,0.000795815023593605,0.216573349792213,0,0,0.707687141274446
1981,2,14,0.000663518905639648,0.000655984977100843,8.76159933795861e-05,0,0.60658897823524
1981,2,15,0.000107212392322253,0.000230193118227362,0.000167055472275024,0.242225354191618,0.738016590186208
1981,2,16,4.98677825927734,0,2.48157816327603,2.90876607865225,2.38591664772528
1981,2,17,6.84607410430908,0,5.87801294869109,6.47571126102798,3.87205964440161
1981,2,18,0.279636383056641,-2.8421709430404e-14,3.57114420645212,8.29270806069177,2.1533908727351
1981,2,19,1.10383951663971,2.8421709430404e-14,0.687101623718718,5.74203741508708,1.79954730209788
1981,2,20,2.83881402015686,0,1.92078068735464,0,1.96130436296061
1981,2,21,0.0263691525906324,0,1.44738264538228,0,1.39515464994105
1981,2,22,1.46867609024048,0,0.736457710775994,0,1.12218960973519
1981,2,23,2.38917183876038,0,1.91864141089627,0,1.06153071191167
1981,2,24,2.52028036117554,0,2.44858811965378,0,0.950322732568542
1981,2,25,0.00212764972820878,0,1.28072894852176,0,0.76834603909797
1981,2,26,8.86717680259608e-05,0,0.00113733919260994,0,0.61669879453916
1981,2,27,0,0,3.64074735443865e-05,0,0.515600631499954
1981,2,28,0.622911751270294,0,0.310515798282268,0,0.485271182588192
1981,3,1,0.140215560793877,0,0.38605254029153,0,0.444831917372509
1981,3,2,0.0028410623781383,0,0.0662198305076345,0,0.394282835852906
1981,3,3,2.17759425140684e-05,0,0.0016143238535733,0,0.343733754333302
1981,3,4,3.49663090705872,0,1.60920876174578,0,0.343733754333302
1981,3,5,16.6595497131348,0,9.86260621685915,0,1.85009638361748
1981,3,6,0.100258223712444,0,8.82043461836884,-5.6843418860808e-14,2.06240252599981
1981,3,7,0.216790214180946,0,0.158292893745511,0,1.29405648690184
1981,3,8,0.00867521576583386,0,0.115778310246242,0,0.940212916264621
1981,3,9,0.00308107980526984,0,0.00578634348403284,0,0.738016590186208
1981,3,10,0.0150311132892966,0,0.00905522712628226,0,0.647028243450922
1981,3,11,0.0678704604506493,0,0.0437060168178505,0,0.566149713019557
1981,3,12,0.00081340380711481,0,0.0352080018883498,0,0.485271182588192
1981,3,13,0.000111175810161512,0,0.00041941553581637,0,0.45494173367643
1981,3,14,0.000559596403036267,0,0.00036058230944036,0,0.394282835852906
1981,3,15,0.298979789018631,0,0.15892881092168,0,0.343733754333302
1981,3,16,1.80984604358673,0,1.00742163727864,2.8421709430404e-14,0.363953386941144
1981,3,17,0.147227987647057,0,1.04119263638495,-2.8421709430404e-14,0.323514121725461
1981,3,18,0.866176426410675,0,0.420167187571678,0,0.293184672813699
1981,3,19,0.193862318992615,0.010447981635906,0.520382652869557,-5.6843418860808e-14,0.272965040205858
1981,3,20,0.261512249708176,0.028321994621308,0.197871878854585,0,0.252745407598017
1981,3,21,0.0153725473210216,0.0204439092314033,0.133252433629423,0,0.242635591294096
1981,3,22,0.0574115924537182,0,0.0359749081258087,0,0.222415958686255
1981,3,23,0.000781147798988968,0,0.0330685227536378,0,0.202196326078413
1981,3,24,0.0030788816511631,0,0.00183643389527788,0,0.192086509774493
1981,3,25,0.000521939364261925,0,0.00206645213984302,0,0.181976693470572
1981,3,26,0.0253760926425457,0,0.0153350627069813,0,0.171866877166651
1981,3,27,4.06142473220825,0,1.85385517553095,0,0.212306142382334
1981,3,28,0.00192812795285136,0,2.20245247702724,0,0.222415958686255
1981,3,29,0.998147785663605,0,0.44139478815805,0,0.202196326078413
1981,3,30,15.2477922439575,0,5.78130379835511,0,0.45494173367643
1981,3,31,0.0928997620940208,0,7.67338578974659,5.6843418860808e-14,0.61669879453916
1981,4,1,0.256140202283859,0,0.171521913679044,0,0.414502468460747
1981,4,2,0.000243074056925252,0,0.138807083244046,0,0.323514121725461
1981,4,3,0.703281581401825,0,0.280018465279227,0,0.283074856509778
1981,4,4,11.4803504943848,0,5.43192297499491,0,0.384173019548985
1981,4,5,10.112982749939,0,10.8042783027681,-2.55795384873636e-13,0.414502468460747
1981,4,6,0.0601201094686985,0,5.09010051166297,-8.5265128291212e-14,0.333623938029382
1981,4,7,0.000247236137511209,0,0.0320110372731506,0,0.283074856509778
1981,4,8,0,0,0.000117380939627765,0,0.272965040205858
1981,4,9,2.33386039733887,0,0.971833876334586,0,0.262855223901937
1981,4,10,2.54173374176025,0,2.4241940061188,0,0.293184672813699
1981,4,11,10.0919198989868,0,6.23773564947987,0,0.879554018441097
1981,4,12,15.9143133163452,0,12.9836773446627,0,3.43733754333302
1981,4,13,5.77578449249268,0,10.8634673964716,0,2.46679517815664
1981,4,14,1.41963005065918,0,3.6151382654698,0,1.52658226189202
1981,4,15,0.0751116201281548,0,0.814310669196857,0,1.03120126299991
1981,4,16,0.0552742369472981,0,0.0654190408931754,0,0.829004936921494
1981,4,17,9.82536029815674,0,4.90113953819719,0,1.04131107930383
1981,4,18,10.9933042526245,0,10.3994346367408,0,0.950322732568542
1981,4,19,2.22568655014038,0,7.3604827612071,0,0.687467508666605
1981,4,20,6.10226202011108,0,4.13981928239946,0,0.75823622279405
1981,4,21,0.0229888614267111,0,3.07484148928188,0,0.636918427147002
1981,4,22,2.25719952583313,0,1.13277779134978,0,0.636918427147002
1981,4,23,28.8257560729981,-2.8421709430404e-14,13.6027964792047,8.5265128291212e-14,7.60258186054834
1981,4,24,1.93861031532288,-1.13686837721616e-13,15.5989871252118,-2.8421709430404e-14,3.45755717594087
1981,4,25,0.196121901273727,0,1.08488173497926,0,1.90064546513708
1981,4,26,1.76297986507416,0,0.973983972519363,0,1.26372703799008
1981,4,27,0.137912139296532,0,0.989194779945137,0,0.940212916264621
1981,4,28,0.863850712776184,0,0.49092669299398,0,0.707687141274446
1981,4,29,14.0786533355713,2.8421709430404e-14,7.45301566224453,2.8421709430404e-14,0.778455855401891
1981,4,30,4.50316715240479,-2.8421709430404e-14,9.35691745144413,-2.8421709430404e-14,0.869444202137177
1981,5,1,6.11532926559448,0,5.1742597972634,0,1.14240924234303
1981,5,2,0.928075790405273,0,3.52846643724888,0,0.778455855401891
1981,5,3,0.000670906854793429,0,0.474332468847479,0,0.586369345627398
1981,5,4,0.0035042290110141,0,0.00207307382015642,0,0.495380998892112
1981,5,5,2.53222346305847,0,1.25018066627672,0,0.46505154998035
1981,5,6,20.0310859680176,1.4210854715202e-13,11.2267266716972,5.6843418860808e-14,1.81976693470572
1981,5,7,0.600159764289856,-1.70530256582424e-13,10.329417077799,-1.13686837721616e-13,1.53669207819594
1981,5,8,0.000639830541331321,0,0.308229921104157,0,0.970542365176383
1981,5,9,2.81978750228882,0,1.3863477687355,0,0.738016590186208
1981,5,10,3.78315877914429,0,3.29250980155302,0,0.647028243450922
1981,5,11,7.71476602554321,0,5.63481131308981,0,0.808785304313653
1981,5,12,2.13510680198669,0,4.95774850780526,0,0.626808610843081
1981,5,13,0.0359331667423248,0,1.16976671880957,-2.8421709430404e-14,0.535820264107795
1981,5,14,13.320369720459,0,6.53351341952202,2.8421709430404e-14,2.92173691183307
1981,5,15,10.9517402648926,0,12.1403700808937,0,7.64302112576402
1981,5,16,0.170265510678291,0,5.62744102877741,0,3.09360378899972
1981,5,17,0.0204449575394392,0,0.108016736311583,0,1.90064546513708
1981,5,18,12.2151432037354,0,6.01047496603769,0,5.91424253779359
1981,5,19,18.6676006317139,2.8421709430404e-14,14.9247874481212,2.8421709430404e-14,5.32787319216619
1981,5,20,0.559806644916534,0,10.2465980952516,-2.8421709430404e-14,2.51734425967624
1981,5,21,1.63181794050615e-05,0,0.303136034857289,0,1.62768042493123
1981,5,22,0.00686278706416488,0,0.00312389850432737,0,1.20306814016656
1981,5,23,0.047259546816349,0,0.0269457840499854,0,0.970542365176383
1981,5,24,0.41102546453476,0,0.226122084920917,0,0.960432548872463
1981,5,25,24.780632019043,-5.6843418860808e-14,12.0865880174183,5.6843418860808e-14,2.50723444337232
1981,5,26,2.71841144561768,-1.13686837721616e-13,13.8200321243025,-2.8421709430404e-14,1.72877858797043
1981,5,27,31.1831378936768,-1.98951966012828e-13,14.4144341454889,0,9.33136044851877
1981,5,28,4.41311979293823,0,17.9048954289751,5.6843418860808e-14,5.2874339269505
1981,5,29,3.27445413859095e-05,0,2.22664435946672,0,2.61844242271545
1981,5,30,7.88902902603149,0,3.20478607940731,0,2.33536756620567
1981,5,31,5.83292388916016,0,7.07394038357779,0,2.13317124012726
1981,6,1,0.702450454235077,0,3.2890331529461,0,1.44570373146065
1981,6,2,1.46193945407867,0,1.02333515579585,0,1.1727386912548
1981,6,3,0.885909855365753,0,1.17837317872727,0,1.00087181408815
1981,6,4,2.24060082435608,0,1.5242369369148,0,0.879554018441097
1981,6,5,2.75291109085083,0,2.45034857963765,0,0.727906773882288
1981,6,6,10.2632141113281,0,5.66926652336679,0,0.647028243450922
1981,6,7,1.98549616336823,0,6.18312798652323,0,0.535820264107795
1981,6,8,0.0417470224201679,0,0.961391504306903,0,0.434722101068588
1981,6,9,0.13259519636631,0,0.0866700491601478,0,2.6892111368429
1981,6,10,14.4979438781738,0,7.24462443729317,0,1.61757060862731
1981,6,11,0.116717755794525,0,7.45627534381811,0,0.808785304313653
1981,6,12,4.24551200866699,0,2.07080662994485,0,5.19644558021522
1981,6,13,11.6361980438232,0,7.87590430375985,0,2.50723444337232
1981,6,14,2.27414679527283,0,7.37705843193498,0,1.36482520102929
1981,6,15,0,0,1.18614541731313,0,0.869444202137177
1981,6,16,0.999959826469421,0,0.415368367864176,0,0.636918427147002
1981,6,17,0.54119747877121,0,0.818737954858079,0,0.45494173367643
1981,6,18,1.32805653265677e-05,0,0.248460024023643,0,0.363953386941144
1981,6,19,5.65747086511692e-06,0,9.8180162240169e-06,0,0.333623938029382
1981,6,20,0,0,2.12183795156307e-06,0,0.323514121725461
1981,6,21,1.83562242984772,0,0.834591320061918,0,0.30329448911762
1981,6,22,8.36159610748291,0,4.71491022575037,0,0.232525774990175
1981,6,23,0.0102823190391064,0,4.290737271745,0,0.272965040205858
1981,6,24,0.0937624052166939,0,0.0483564827191003,0,0.232525774990175
1981,6,25,3.68253540992737,0,1.80653471311143,0,0.222415958686255
1981,6,26,0.0792423039674759,0,2.26923630242982,0,0.212306142382334
1981,6,27,0.000697843264788389,0,0.0441872108026473,0,0.192086509774493
1981,6,28,0.00110055191908032,0,0.000873395830240042,0,0.161757060862731
1981,6,29,0.00368508533574641,0,0.00210621440555769,0,0.161757060862731
1981,6,30,0.0334872268140316,0,0.0224356509088466,0,0.161757060862731
1981,7,1,7.9172158241272,0,3.60692924374825,0,0.161757060862731
1981,7,2,0.758003354072571,0,4.60110460557189,0,0.181976693470572
1981,7,3,2.50709700584412,0,1.5893276692841,0,0.161757060862731
1981,7,4,6.06714391708374,0,4.14921810664509,0,0.161757060862731
1981,7,5,31.6618061065674,2.8421709430404e-14,17.9258652258022,0,7.38016590186208
1981,7,6,1.82716703414917,-2.8421709430404e-14,16.7563057111292,-5.6843418860808e-14,2.65888168793113
1981,7,7,0.0739501491189003,0,1.03662725692266,0,1.53669207819594
1981,7,8,0.00819540955126286,0,0.0415943733842141,0,0.930103099960701
1981,7,9,0.0121231768280268,0,0.00986650497497976,0,0.626808610843081
1981,7,10,1.17827486991882,0,0.681677726855924,0,0.46505154998035
1981,7,11,0.000492923834826797,0,0.60742800318576,0,0.353843570637223
1981,7,12,0,0,0.000225376456910453,0,0.283074856509778
1981,7,13,0.183632776141167,0,0.111382801785567,0,0.252745407598017
1981,7,14,1.93840551376343,0,0.973544859831691,0,0.242635591294096
1981,7,15,2.24032187461853,0,2.07535402037001,0,0.252745407598017
1981,7,16,4.71207237243652,0,3.26936470530336,0,0.242635591294096
1981,7,17,0.00213172798976302,2.8421709430404e-14,3.03265995987567,0,0.212306142382334
1981,7,18,0.000534885213710368,-2.8421709430404e-14,0.00118483190681218,0,0.161757060862731
1981,7,19,1.66993403434753,0,0.784808217244063,0,0.141537428254889
1981,7,20,21.907543182373,0,11.6379610060158,0,0.15164724455881
1981,7,21,5.51561689376831,0,13.7912657951265,0,0.161757060862731
1981,7,22,0.488743811845779,0,3.04768947774392,0,0.131427611950969
1981,7,23,0.0148423174396157,0,0.270232356434917,0,0.101098163039207
1981,7,24,0.508609056472778,2.8421709430404e-14,0.258125098057462,0,0.0879554018441097
1981,7,25,0,-2.8421709430404e-14,0.27768956794489,0,0.0808785304313653
1981,7,26,3.43821692466736,0,1.37904354496641,0,0.0738016590186208
1981,7,27,10.7928199768066,0,7.11459792436835,0,0.0717796957578367
1981,7,28,9.6918420791626,0,10.2537493934688,0,0.384173019548985
1981,7,29,1.01072585582733,0,5.72310245231438,0,0.242635591294096
1981,7,30,0.0982435122132301,0,0.556479765890344,0,0.131427611950969
1981,7,31,0,0,0.0511985548673692,0,0.0859334385833256
1981,8,1,0.0654559209942818,0,0.0294063531459869,0,0.0647028243450922
1981,8,2,0.910814523696899,0,0.473004230307197,0,0.0535820264107795
1981,8,3,0.37609338760376,0,0.668196056005854,0,0.0444831917372509
1981,8,4,1.00748598575592,0,0.681910228500328,0,0.0475161366284271
1981,8,5,3.64835238456726,0,2.27274748299669,0,0.192086509774493
1981,8,6,31.3407402038574,0,17.4505608809313,5.6843418860808e-14,1.19295832386264
1981,8,7,1.5257967710495,-1.13686837721616e-13,16.4607049527021,-1.4210854715202e-13,1.35471538472537
1981,8,8,2.0402045249939,0,1.76897581117646,0,0.76834603909797
1981,8,9,0.0724246725440025,0,1.10653354739952,0,0.293184672813699
1981,8,10,0.267931371927261,0,0.164012183069644,0,0.181976693470572
1981,8,11,3.17203664779663,0,1.68248699907645,0,1.87031601622532
1981,8,12,0.000895682722330093,0,1.62432431521484,0,0.738016590186208
1981,8,13,0.00254013319499791,0,0.00171091443917248,0,0.293184672813699
1981,8,14,0.000134683636133559,0,0.00144654949781398,0,0.181976693470572
1981,8,15,5.11552476882935,0,2.26559952687467,0,0.161757060862731
1981,8,16,0.402314603328705,0,2.90534426175418,0,0.131427611950969
1981,8,17,0.00428877212107182,0,0.189974952518241,0,0.121317795647048
1981,8,18,0.000124691883684136,0,0.00231061992690229,0,0.0889663834745018
1981,8,19,0.00154723878949881,0,0.000834226443657826,0,0.0697577324970526
1981,8,20,0.214392110705376,0,0.103286901586216,0,0.0566149713019557
1981,8,21,0.00989071000367403,0,0.127236952848762,0,0.0495380998892112
1981,8,22,0.0129382023587823,0,0.0109819397353021,0,0.0424612284764668
1981,8,23,0.0844688042998314,0,0.0551602368309432,0,0.0404392652156826
1981,8,24,0.00376781681552529,0,0.042853820540131,0,0.0374063203245064
1981,8,25,0.257724404335022,0,0.127683810104827,0,0.0353843570637223
1981,8,26,0.0137417390942574,0,0.15959994988998,0,0.0333623938029382
1981,8,27,3.66472673416138,0,1.70859341868527,0,0.0323514121725461
1981,8,28,5.02159070968628,0,4.21206199170638,0,0.0404392652156826
1981,8,29,1.91828083992004,0,3.65521084366537,0,0.0505490815196033
1981,8,30,8.38731479644775,0,4.55438566257681,0,0.045494173367643
1981,8,31,7.1534948348999,0,7.83006959473778,0,0.060658897823524
1981,9,1,1.56750726699829,0,4.3646560541406,0,0.0505490815196033
1981,9,2,10.0699510574341,0,5.63400413162162,0,0.045494173367643
1981,9,3,6.41426181793213,0,8.25811008373285,0,0.0707687141274446
1981,9,4,1.80434596538544,0,4.13415253295716,0,0.0505490815196033
1981,9,5,6.66972919134423e-05,0,0.933355346296139,0,0.0444831917372509
1981,9,6,0,0,3.03421124954184e-05,0,0.0394282835852906
1981,9,7,0.018212890252471,0,0.00910220075002144,0,0.0353843570637223
1981,9,8,3.38142156600952,0,1.60476972564402,0,0.031340430542154
1981,9,9,0.000271852943114936,0,1.77483218972293,0,0.0283074856509778
1981,9,10,0.000645712891127914,0,0.000502188578138885,0,0.0262855223901937
1981,9,11,0.000199798290850595,0,0.000424037367338315,0,0.0242635591294096
1981,9,12,8.93776541488478e-06,0,9.66684087870817e-05,0,0.0222415958686255
1981,9,13,0.00226642726920545,0,0.00118180406934698,0,0.0202196326078413
1981,9,14,4.62997245788574,0,2.10680402526759,0,0.0202196326078413
1981,9,15,7.0958194732666,0,5.74236340979542,0,0.0505490815196033
1981,9,16,0.935662984848022,0,4.04494618777017,0,0.0353843570637223
1981,9,17,3.99746370315552,0,2.37776499877964,0,0.0283074856509778
1981,9,18,1.05414235591888,0,2.64300793123175,0,0.0242635591294096
1981,9,19,0.00694276671856642,0,0.588849836106874,0,0.0222415958686255
1981,9,20,0.00602793786674738,0,0.00640096566212378,0,0.0202196326078413
1981,9,21,0,0,0.0037345386654124,0,0.0181976693470572
1981,9,22,0.128479555249214,0,0.0839079770730677,0,0.0161757060862731
1981,9,23,0.0752065032720566,0,0.0944312850856477,0,0.015164724455881
1981,9,24,0.096016138792038,0,0.087333773305545,0,0.0141537428254889
1981,9,25,0.0768455043435097,0,0.086980460454015,0,0.0131427611950969
1981,9,26,0.0260178297758102,0,0.0556423395378261,0,0.0121317795647048
1981,9,27,0.141897156834602,0,0.095837581026899,0,0.0111207979343127
1981,9,28,0.0194968115538359,0,0.0881241228325962,0,0.0101098163039207
1981,9,29,0.804826974868774,0,0.363794581046932,0,0.015164724455881
1981,9,30,7.16866445541382,0,3.86970954813114,0,0.0202196326078413
1981,10,1,0.00175225560087711,0,3.71840730427266,0,0.0262855223901937
1981,10,2,0.00548223778605461,0,0.00338135546326157,0,0.0252745407598017
1981,10,3,0.00100898777600378,0,0.00257330148315305,0,0.0202196326078413
1981,10,4,0.0184881500899792,0,0.00845874290052961,0,0.0141537428254889
1981,10,5,0.595786094665527,0,0.272392959584522,0,0.0101098163039207
1981,10,6,11.3308486938477,0,4.20432277000782,0,0.0161757060862731
1981,10,7,0.00900362152606249,0,5.92155710042425,0,0.0096043254887246
1981,10,8,0.000299652194371447,0,0.00331577351516899,0,0.0087955401844109
1981,10,9,0.000611296505667269,0,0.000235163345223555,0,0.0087955401844109
1981,10,10,0.0799863561987877,0,0.0397945922163672,0,0.0087955401844109
1981,10,11,0.00103388959541917,0,0.0420740087038212,0,0.0087955401844109
1981,10,12,0.187187626957893,0,0.13061455946081,0,0.0087955401844109
1981,10,13,1.40948568514432e-05,0,0.0802257829736846,0,0.0087955401844109
1981,10,14,0.32297894358635,0,0.10654302052626,0,0.0121317795647048
1981,10,15,0.881432592868805,0,0.739155209249475,0,0.0161757060862731
1981,10,16,0.0592371001839638,0,0.377071982326015,0,0.0131427611950969
1981,10,17,0.220497623085976,0,-0.977755176575101,0,0.0121317795647048
1981,10,18,9.83314228057861,0,6.98671137010297,0,0.0131427611950969
1981,10,19,0.565320551395416,0,4.36206367400473,0,0.0131427611950969
1981,10,20,0.0061515886336565,0,0.378327038054067,0,0.0171866877166651
1981,10,21,9.67006635619327e-05,0,0.00352075005184815,0,0.0202196326078413
1981,10,22,1.22967398166657,0,0.523543138478999,0,0.0212306142382334
1981,10,23,5.03176355361939,8.5265128291212e-14,2.92257886773587,2.8421709430404e-14,0.0242635591294096
1981,10,24,0.0186175610870123,2.8421709430404e-14,2.55531182404411,-1.70530256582424e-13,0.0262855223901937
1981,10,25,0.457486480474472,0,-0.35454773564652,0,0.0333623938029382
1981,10,26,9.74234294891357,-2.8421709430404e-14,4.53617777083719,-2.8421709430404e-14,0.0778455855401891
1981,10,27,8.62700080871582,1.4210854715202e-13,9.19831248336777,0,0.0980652181480304
1981,10,28,3.36377692222595,0,6.02727106818475,0,0.0738016590186208
1981,10,29,8.96400069905212e-06,0,1.8857105350753,0,0.0566149713019557
1981,10,30,0.000454662280390039,-2.8421709430404e-14,0.000267586686277355,0,0.0475161366284271
1981,10,31,0.000120524782687426,2.8421709430404e-14,0.00024244021915365,0,0.0404392652156826
1981,11,1,0.00104583101347089,0,0.000700208648595435,0,0.0404392652156826
1981,11,2,0.0399189852178097,0,0.0235396328121169,0,0.0444831917372509
1981,11,3,0.0125390412285924,0,0.026683740577937,0,0.0384173019548985
1981,11,4,0.0585161037743092,0,0.0330125047321417,0,0.0363953386941144
1981,11,5,0.98491632938385,0,0.432617314473191,0,0.0343733754333302
1981,11,6,0.727620482444763,0,0.89355766799963,0,0.0363953386941144
1981,11,7,0.000433779379818589,0,0.313292255450961,0,0.0323514121725461
1981,11,8,0.00100798474159092,0,0.000716062431365572,0,0.030329448911762
1981,11,9,4.13883829116821,0,2.05193174393708,0,0.031340430542154
1981,11,10,2.72328352928162,-5.6843418860808e-14,3.43144990210249,0,0.0363953386941144
1981,11,11,2.92882723442744e-05,0,1.36773453413298,0,0.0384173019548985
1981,11,12,0.0012261166702956,0,0.000606122423050692,0,0.0374063203245064
1981,11,13,3.34491924149916e-05,0,0.000656201927540678,0,0.0374063203245064
1981,11,14,2.39947785303229e-05,0,2.81160546364845e-05,0,0.0374063203245064
1981,11,15,0.000862319371663034,0,0.000504417829688464,0,0.0374063203245064
1981,11,16,0.0289243068546057,0,0.012719886557079,0,0.0374063203245064
1981,11,17,0.0498401932418346,0,0.0344282094579285,0,0.0363953386941144
1981,11,18,0.000666197622194886,0,0.0307005915728951,0,0.0363953386941144
1981,11,19,4.59029197692871,0,2.01996024271011,0,0.0444831917372509
1981,11,20,14.9411306381226,2.8421709430404e-14,9.58270077165071,0,0.111207979343127
1981,11,21,0.40019491314888,0,7.73955486492059,-8.5265128291212e-14,0.171866877166651
1981,11,22,0.000757079862523824,6.61300269939602e-05,0.204597372158787,0,0.0738016590186208
1981,11,23,1.29726362228394,6.76071887824037e-05,0.648358089772501,0,0.0475161366284271
1981,11,24,6.2766580581665,0,3.6756613553739,0,0.0475161366284271
1981,11,25,0.0160261988639832,0,3.2124406331709,0,0.0475161366284271
1981,11,26,0.727069318294525,0,0.37644260478919,0,0.0647028243450922
1981,11,27,3.506023645401,0,2.04276324859529,0,0.0839114753225415
1981,11,28,0.00278407288715243,0,1.75829505884349,0,0.161757060862731
1981,11,29,0.00322120264172554,0,0.00297251097163098,0,0.0950322732568542
1981,11,30,0.517350792884827,0,0.260242573747746,0,0.0647028243450922
1981,12,1,11.7204055786133,-5.6843418860808e-14,5.90973191642934,5.6843418860808e-14,0.0839114753225415
1981,12,2,0.251259565353394,0,6.05817475034701,-8.5265128291212e-14,0.232525774990175
1981,12,3,0.0859021097421646,0,0.169640470768172,0,0.131427611950969
1981,12,4,2.11475086212158,0,1.00000849233084,0,0.0839114753225415
1981,12,5,0.121140785515308,0,1.11860443578553,0,0.060658897823524
1981,12,6,0.000115328773972578,0,0.0610267981555808,0,0.0475161366284271
1981,12,7,0.0128795728087425,0,0.00649720320916458,0,0.0384173019548985
1981,12,8,0.000126872313558124,0,0.0067736114588115,0,0.0384173019548985
1981,12,9,0.0402492061257362,0,0.0184437294674353,0,0.0363953386941144
1981,12,10,0.0930126011371613,0.0169445880540877,0.0489067771572991,0,0.030329448911762
1981,12,11,0.0259873233735561,0.0302504510648873,0.0292580045620525,2.8421709430404e-14,0.0272965040205858
1981,12,12,0.00477046146988869,0.0149709497517563,0.000838625257529202,-2.8421709430404e-14,0.0262855223901937
1981,12,13,0.00519420206546783,0.00223136903224486,0.00271182132155445,0,0.0242635591294096
1981,12,14,0.17194864153862,0.000219418982112529,0.087828495775284,0,0.0262855223901937
1981,12,15,0.00911572109907866,0,0.0909425397849191,0,0.0222415958686255
1981,12,16,0.0210636015981436,0.00940794131665257,0.00553375806339318,0,0.0202196326078413
1981,12,17,9.82815647125244,4.68934111475946,0.161512939228032,0,0.0242635591294096
1981,12,18,2.27394556999207,6.14061500825423,0.174466332638985,0,0.0202196326078413
1981,12,19,0.00614993926137686,1.33983090937116,0,0,0.0161757060862731
1981,12,20,0.0145120015367866,0.00972855771922809,-4.54747350886464e-13,0,0.0141537428254889
1981,12,21,5.84332466125488,2.10607777431713,4.54747350886464e-13,0,0.015164724455881
1981,12,22,10.6783504486084,2.99671568127442,5.20201940514426,0,0.030329448911762
1981,12,23,27.1414394378662,0,18.861589321551,0.500400645619635,4.34722101068588
1981,12,24,0.0475040338933468,0.0203725739869753,14.9503028105978,0.55448907411801,2.72965040205858
1981,12,25,0.00777622731402516,0.0261002891338649,0.00214514657818654,0,1.83998656731356
1981,12,26,0.0722552686929703,0.00311114635471199,0.0335634006050896,0,1.36482520102929
1981,12,27,6.12740278244019,0,3.09559649106586,0,1.69844913905867
1981,12,28,0.946318387985229,0,3.60303718148134,0,1.98152399556845
1981,12,29,2.57351636886597,0.906941838277675,0.761230670764689,0,1.40526446624497
1981,12,30,0.000429427396738902,1.16344202682919,0.301050246387149,0,1.11207979343127
1981,12,31,0.47204577922821,0.10554652665067,0.085449965769385,0,1.04131107930383
1982,1,1,4.60146570205689,0.490382502215311,1.93236873942669,0,1.45581354776458
1982,1,2,0.990833818912506,0.607685552515534,2.29470038987711,0,1.41537428254889
1982,1,3,7.9817214012146,0.246320479852983,3.91629486451347,1.21739897801467,2.58811297380369
1982,1,4,15.3073539733887,-2.8421709430404e-14,11.6243017319439,3.83365263414461,12.0306814016656
1982,1,5,0.120990261435509,-8.5265128291212e-14,8.73184802862079,2.8332660199996,3.90238909331338
1982,1,6,0.249979585409164,0,0.179760239736424,0.256778626514972,2.50723444337232
1982,1,7,0.694009244441986,0,0.46215359450116,0.294281398568785,2.28481848468607
1982,1,8,0.019331207498908,0.00844815493272222,0.390712224734216,0,1.61757060862731
1982,1,9,1.35225868225098,0.642477682746858,0,0,1.31427611950969
1982,1,10,0.406180530786514,0.969071014112643,0,0,0.707687141274446
1982,1,11,0.20051383972168,0.309673924420963,-4.54747350886464e-13,0,0.808785304313653
1982,1,12,0.63646525144577,0.403350265827527,4.54747350886464e-13,0,0.60658897823524
1982,1,13,4.53167057037354,2.2832983820237,-4.54747350886464e-13,0,0.505490815196033
1982,1,14,0.169457644224167,2.96227894930365,4.54747350886464e-13,0,0.45494173367643
1982,1,15,0.249326094985008,0.216916576295858,0,0,0.404392652156826
1982,1,16,1.27103710174561,0.691621639421072,0,0,0.353843570637223
1982,1,17,0.0961745232343674,0.721797554405072,0,0,0.323514121725461
1982,1,18,0.117781087756157,0.106689108820177,0,0,0.30329448911762
1982,1,19,0.0170128624886274,0.0687017400281889,0,0,0.30329448911762
1982,1,20,0.330883115530014,0.0703101816600054,0.0974153470497185,0,0.333623938029382
1982,1,21,2.96676278114319,0.201333614729094,1.34701242534948,0,0.404392652156826
1982,1,22,5.56677007675171,0.147079822824196,4.08614916854731,0,3.0329448911762
1982,1,23,39.6517448425293,-5.6843418860808e-14,21.4664000535036,0.320578779639902,23.7580683142136
1982,1,24,1.55666768550873,0.777138535485989,19.8563195226179,0.344149529941717,3.09360378899972
1982,1,25,2.35433983802795,2.02116387916567,0,0,1.5164724455881
1982,1,26,2.22950649261475,2.2931003365083,0,0,1.01098163039207
1982,1,27,0.463487893342972,1.4104611917721,0,0,0.707687141274446
1982,1,28,0.00614756485447288,0.196639171006979,0.00353940167633482,0,0.657138059754843
1982,1,29,0.387445449829102,0.0361470104219279,0.153110227862726,0,0.60658897823524
1982,1,30,14.8561601638794,0.0376355230271486,7.58412632197269,1.05048572194275,13.6482520102929
1982,1,31,46.9806900024414,2.8421709430404e-14,30.7484884703999,1.54644690789556,38.4173019548985
1982,2,1,10.0905408859253,2.9587348789089,28.1928555225804,0.559523519865167,9.51333714198934
1982,2,2,1.15680038928986,3.75288327878326,1.88949705857476,2.8421709430404e-14,2.27470866838215
1982,2,3,3.20665645599365,0.493459917750585,1.68450312900268,-2.8421709430404e-14,2.78019948357818
1982,2,4,6.41751146316528,3.39539303380371,1.40893491158567,0,2.30503811729391
1982,2,5,0.903964340686798,3.93642347599609,4.54747350886464e-13,0,1.35471538472537
1982,2,6,0.296847820281982,0.580353465921377,0,0,0.909883467352859
1982,2,7,0.397290736436844,0.344418751005293,0,0,0.808785304313653
1982,2,8,0.362730532884598,0.38189566197039,0,0,0.707687141274446
1982,2,9,9.6544246673584,4.88840747178702,0,0,0.657138059754843
1982,2,10,0.525336861610413,5.66711245393992,0,0,0.60658897823524
1982,2,11,0.000611868454143405,0.331170266920083,0,0,0.566149713019557
1982,2,12,0.156366214156151,0.0945714515050327,0,0,0.525710447803874
1982,2,13,0.32354074716568,0.247913200420555,0,0,0.485271182588192
1982,2,14,0.00304042571224272,0.170606791187367,0.00109248007584029,0,0.46505154998035
1982,2,15,0.0309899803251028,0.000394953708166668,0.0155653733927466,0.917481318483027,0.889663834745018
1982,2,16,3.17857789993286,0,1.59531692901965,3.31111777542944,10.7164052821559
1982,2,17,16.9199333190918,0,9.21684717496919,3.64908111857787,14.9625281298026
1982,2,18,0.237210258841515,-8.5265128291212e-14,8.61369018207142,1.31911767657257,2.89140746292131
1982,2,19,0.525566577911377,0,0.377255883623093,0.177571651169473,2.22415958686255
1982,2,20,0.0523956790566444,0,0.291048987026443,1.48214834593628,1.89053564883316
1982,2,21,0.0471694581210613,0,0.0496543327403742,2.85141782249741,2.02196326078413
1982,2,22,0.00200802180916071,0,0.0249704538628066,2.25168087014345,1.58724115971554
1982,2,23,0.0015602505300194,0,0.00178698534955402,3.18753506533952,1.47603318037242
1982,2,24,0.000161554082296789,0,0.000883638105278806,4.96377236865084,1.53669207819594
1982,2,25,0.00269724102690816,0.000468837067302275,0.000950857943280425,2.62290717617242,1.2232877727744
1982,2,26,0.000344084633979946,0.000587462910601744,0.000840666416934255,0,0.990761997784225
1982,2,27,0,0.000142398296247848,3.12613533424155e-05,0,0.909883467352859
1982,2,28,0.000209991791052744,2.8421709430404e-14,9.71375748122227e-05,0.436688511502894,0.778455855401891
1982,3,1,3.65649111699895e-06,0,0.000136618445139902,1.55081101668321,0.738016590186208
1982,3,2,0.141744762659073,-2.8421709430404e-14,0.0698124637756337,3.7520119193529,0.738016590186208
1982,3,3,4.2713565826416,2.8421709430404e-14,2.01612813774273,2.66893527230087,0.808785304313653
1982,3,4,8.19138431549072,0,6.21426972577865,0.315501538259866,1.10196997712735
1982,3,5,2.54734635353088,-2.8421709430404e-14,5.55314005310265,0.766284341286195,2.22415958686255
1982,3,6,1.49793875217438,0.0190727524136776,2.00493442285187,0.458231089085814,1.50636262928418
1982,3,7,0.327752202749252,0.178910618883123,0.750458400132175,0,1.19295832386264
1982,3,8,0.211970791220665,0.261502344931074,0.00245738203102519,0,0.940212916264621
1982,3,9,2.15635895729065,0.853675047018612,0.320127003822563,0,0.879554018441097
1982,3,10,0.691380918025971,0.774138181388082,0.66643229731153,0,0.859334385833256
1982,3,11,9.52060890197754,-2.8421709430404e-14,5.10186221164986,3.40599695417177,2.59822279010761
1982,3,12,7.019700050354,0,8.2998335806501,7.27922846772646,3.9630479911369
1982,3,13,10.2243251800537,0,8.59281527253688,6.95335690660133,5.1863357639113
1982,3,14,2.58269214630127,5.6843418860808e-14,6.41253546883127,8.5265128291212e-14,3.02283507487228
1982,3,15,10.4519472122192,-2.8421709430404e-14,6.48950110699025,-8.5265128291212e-14,3.26547066616637
1982,3,16,12.2828025817871,-8.5265128291212e-14,11.3456477922141,-2.8421709430404e-14,4.57974678567606
1982,3,17,1.46258163452148,-8.5265128291212e-14,6.88069820702003,-1.13686837721616e-13,3.33623938029382
1982,3,18,0.270929336547852,0,0.97088182374091,-2.8421709430404e-14,2.35558719881351
1982,3,19,9.14668941497803,0,4.09194540155841,0,5.27732411064658
1982,3,20,14.5529718399048,-2.8421709430404e-14,11.5831883745286,-2.27373675443232e-13,5.90413272148967
1982,3,21,3.05472564697266,-1.70530256582424e-13,8.81450065269155,-2.55795384873636e-13,3.02283507487228
1982,3,22,0.0551591105759144,0,1.55601778342361,0,2.04218289339197
1982,3,23,0.0336444415152073,0,0.0449760269143553,0,1.52658226189202
1982,3,24,0.136605903506279,0,0.0845072822235125,0,1.37493501733321
1982,3,25,4.66514921188355,0,2.34137176411286,0,1.34460556842145
1982,3,26,3.59165477752686,0,4.21900473905362,0,1.8602061999214
1982,3,27,0.173301860690117,0.0195768453026233,1.87599392487891,0,1.49625281298026
1982,3,28,0.00838908832520247,0.0198445206669362,0.0714881250532926,0,1.2232877727744
1982,3,29,0.00111964414827526,0,0.00476282363797509,0.0373496611823612,1.10196997712735
1982,3,30,0.803436577320099,0,0.398561179954868,0,1.03120126299991
1982,3,31,16.0341968536377,0,8.418277053358,-1.13686837721616e-13,1.69844913905867
1982,4,1,0.447579503059387,-5.6843418860808e-14,8.38467489021468,-8.5265128291212e-14,1.44570373146065
1982,4,2,1.49366176128387,0,0.94001911078476,0,1.16262887495088
1982,4,3,16.1000900268555,5.6843418860808e-14,8.75936722132565,-1.4210854715202e-13,3.16437250312717
1982,4,4,0.365353226661682,-2.8421709430404e-13,8.40856490983106,-1.4210854715202e-13,2.09273197491158
1982,4,5,1.36161124706268,0,0.863439811873377,-2.8421709430404e-14,1.50636262928418
1982,4,6,5.58035326004028,0,3.46596557621933,2.8421709430404e-14,1.4659233640685
1982,4,7,0.0848704501986504,0.0247752323728321,2.82228115228827,0,1.2232877727744
1982,4,8,0.581286370754242,0.0249760281190561,0.30740610499015,0,1.11207979343127
1982,4,9,4.92165660858154,-2.8421709430404e-14,2.7368283191222,1.98951966012828e-13,1.10196997712735
1982,4,10,0.0868007466197014,2.8421709430404e-13,2.50486925513042,0.0461870041007728,0.970542365176383
1982,4,11,0.165466859936714,2.8421709430404e-14,0.124547532844645,0,0.909883467352859
1982,4,12,0,0,0.0884624674376937,2.8421709430404e-14,0.829004936921494
1982,4,13,1.28423369005759e-06,-2.8421709430404e-14,6.32192495686468e-07,-2.8421709430404e-14,0.788565671705811
1982,4,14,0.000508925062604249,0,0.000254474087796552,0,0.657138059754843
1982,4,15,1.0344361726311e-05,0,0.000266790410478279,-2.8421709430404e-14,0.596479161931319
1982,4,16,0.631495833396912,0,0.305456581269027,2.8421709430404e-14,0.626808610843081
1982,4,17,12.2277173995972,0,6.37568742806798,0,0.818895120617574
1982,4,18,0.166108131408691,0,6.29467811383029,0,0.687467508666605
1982,4,19,0.0725618600845337,2.8421709430404e-14,0.123905958312662,0,0.596479161931319
1982,4,20,0.19170705974102,-2.8421709430404e-14,0.130596170441095,0,0.545930080411716
1982,4,21,0.583848595619202,0,0.405569496922908,0,0.485271182588192
1982,4,22,0.008291220292449,0,0.281777434277956,-2.8421709430404e-14,0.434722101068588
1982,4,23,0.000610763789154589,0,0.00345867874693795,2.8421709430404e-14,0.404392652156826
1982,4,24,0.000979365315288305,0,0.000749412403365568,0,0.394282835852906
1982,4,25,0.467900007963181,2.8421709430404e-14,0.179681193843862,0,0.394282835852906
1982,4,26,0.74300879240036,-2.8421709430404e-14,0.570400564867668,0,0.404392652156826
1982,4,27,0.271418154239655,0,0.444994722330193,0,0.384173019548985
1982,4,28,0.00121005461551249,0,0.105437568329762,0,0.333623938029382
1982,4,29,0.23505736887455,0,0.11032589248407,0,0.31340430542154
1982,4,30,0.336159825325012,0,0.280173708592429,2.8421709430404e-14,0.31340430542154
1982,5,1,0.149365961551666,0,0.26175013691136,-2.8421709430404e-14,0.31340430542154
1982,5,2,0.03592199832201,0,0.106880458569321,0,0.283074856509778
1982,5,3,0.000415201036958024,0,0.0130632673221953,0,0.262855223901937
1982,5,4,4.75449014629703e-05,0,0.000189772353678563,0,0.262855223901937
1982,5,5,1.95840239030076e-05,0,3.12818287966365e-05,0,0.252745407598017
1982,5,6,0.275942236185074,0,0.148170854760338,0,0.252745407598017
1982,5,7,9.49497890472412,0,4.87536049575238,0,0.505490815196033
1982,5,8,22.5574016571045,-2.8421709430404e-13,15.8843407566292,8.5265128291212e-14,2.38591664772528
1982,5,9,0.466369539499283,-5.6843418860808e-14,11.6154799026313,-1.4210854715202e-13,1.57713134341162
1982,5,10,0.000168423153809272,0,0.234297150419025,-2.8421709430404e-14,0.990761997784225
1982,5,11,2.15975906030508e-05,0,0.000101934963367967,2.8421709430404e-14,0.727906773882288
1982,5,12,0,0,1.18244342957041e-05,0,0.586369345627398
1982,5,13,1.70503255958465e-06,0,8.13288352219388e-07,0,0.505490815196033
1982,5,14,0.0715786591172218,0,0.0343228148667549,0,0.444831917372509
1982,5,15,0.925863087177277,0,0.44844305941524,0,0.414502468460747
1982,5,16,0.466973662376404,0,0.722000710366956,0,0.374063203245064
1982,5,17,1.67766451835632,0,0.916938794297494,-2.8421709430404e-14,0.353843570637223
1982,5,18,0.484875380992889,-2.8421709430404e-14,0.951263066383945,0,0.333623938029382
1982,5,19,3.76823329925537,2.8421709430404e-14,1.86417282748107,2.8421709430404e-14,0.31340430542154
1982,5,20,3.72101020812988,0,3.75004696932274,0,0.31340430542154
1982,5,21,22.63063621521,0,12.5543415556381,0,4.81227256066623
1982,5,22,7.6269679069519,-2.8421709430404e-14,15.1385929526609,-2.8421709430404e-14,2.74987003466642
1982,5,23,1.10551071166992,0,4.77979739858074,0,1.19295832386264
1982,5,24,0.1620924025774,2.8421709430404e-14,0.653179883223402,0,0.778455855401891
1982,5,25,0.00871698744595051,-2.8421709430404e-14,0.0874132868302695,2.8421709430404e-14,0.576259529323478
1982,5,26,1.88473761081696,-2.8421709430404e-14,0.916705436731718,-2.8421709430404e-14,0.485271182588192
1982,5,27,6.71995306015015,2.8421709430404e-14,4.30153165993488,0,0.697577324970526
1982,5,28,6.22450876235962,0,6.48376800043616,0,0.576259529323478
1982,5,29,8.44329357147217,0,7.32119405873982,0,3.3766786455095
1982,5,30,22.0045852661133,8.5265128291212e-14,14.8490225394512,5.6843418860808e-14,4.5999664182839
1982,5,31,1.89199113845825,-5.6843418860808e-14,11.9482982275126,-2.8421709430404e-14,1.53669207819594
1982,6,1,12.5279064178467,0,7.09172254239138,0,4.39777009220549
1982,6,2,0.162944376468658,0,6.36338618550008,0,1.50636262928418
1982,6,3,0.0160021707415581,0,0.0933448536470678,0,0.950322732568542
1982,6,4,0.243205592036247,0,0.116951873011203,0,0.707687141274446
1982,6,5,0.935339570045471,0,0.585932764673544,0,0.576259529323478
1982,6,6,0.000271831784630194,0,0.473067617807374,0,0.45494173367643
1982,6,7,1.5055947303772,0,0.746445811902504,-2.8421709430404e-14,0.394282835852906
1982,6,8,9.1705493927002,0,5.32125438167941,2.8421709430404e-14,0.414502468460747
1982,6,9,4.75100517272949,0,6.96340744355848,0,0.353843570637223
1982,6,10,1.4040013551712,0,3.34777753774233,0,0.31340430542154
1982,6,11,0.0128900874406099,0,0.718963630262806,0,0.262855223901937
1982,6,12,0.966627359390259,0,0.462768577330735,0,0.232525774990175
1982,6,13,0.417150348424912,0,0.708236141670568,2.8421709430404e-14,0.222415958686255
1982,6,14,0.00612991815432906,0,0.221987187281684,-2.8421709430404e-14,0.202196326078413
1982,6,15,1.54895162582397,0,0.754659695975988,0,0.192086509774493
1982,6,16,24.1803379058838,5.6843418860808e-14,12.2587561709493,5.6843418860808e-14,0.363953386941144
1982,6,17,8.95151138305664,-3.12638803734444e-13,16.5705213574943,0,0.404392652156826
1982,6,18,0.0479267872869968,0,5.19244551723114,0,0.272965040205858
1982,6,19,2.05716633796692,0,1.04233608952973,0,0.212306142382334
1982,6,20,1.37154841423035,0,1.72093986096706,0,0.202196326078413
1982,6,21,5.12389516830444,0,3.20030053041592,0,0.232525774990175
1982,6,22,0.319839775562286,0,2.77703168021708,0,0.202196326078413
1982,6,23,0.476373255252838,0,0.39601262272754,0,0.15164724455881
1982,6,24,1.92423431144562e-05,0,0.221883984149372,-2.8421709430404e-14,0.131427611950969
1982,6,25,7.58472424422507e-06,0,1.25100373224996e-05,2.8421709430404e-14,0.101098163039207
1982,6,26,0.037934809923172,0,0.0183668192498772,0,0.0950322732568542
1982,6,27,0.763979554176331,0,0.435548102287157,0,0.0899773651048939
1982,6,28,10.761568069458,0,5.41002223997202,0,0.111207979343127
1982,6,29,11.9295597076416,0,11.3449085966663,0,0.727906773882288
1982,6,30,0.747382462024689,0,6.40742729018439,0,0.535820264107795
1982,7,1,0.000216248474316672,0,0.404271119709392,0,0.222415958686255
1982,7,2,0.345959693193436,0,0.17016362944878,0,0.141537428254889
1982,7,3,9.22880172729492,0,4.78499533736158,2.8421709430404e-14,0.141537428254889
1982,7,4,0.618963897228241,0,4.93886851426851,0,0.242635591294096
1982,7,5,0.136658325791359,0,0.410469756951443,-2.8421709430404e-14,0.15164724455881
1982,7,6,0.164928570389748,0,0.150477326364125,0,0.0980652181480304
1982,7,7,0.726763367652893,0,0.45511454868938,-2.8421709430404e-14,0.0727906773882288
1982,7,8,5.30330514907837,0,2.94789420160032,2.8421709430404e-14,0.0657138059754843
1982,7,9,4.5330491065979,0,4.9233862676092,0,0.0647028243450922
1982,7,10,3.96979308128357,0,4.25535483555541,0,0.0879554018441097
1982,7,11,8.95369815826416,0,6.45901285899436,0,0.0829004936921494
1982,7,12,0.0155317857861519,0,4.54580167763288,0,0.0849224569529335
1982,7,13,0.118828274309635,0,0.0635666740413399,0,0.0667247876058764
1982,7,14,0.00953732710331678,0,0.0721898650949697,0,0.046505154998035
1982,7,15,7.52750274841674e-05,0,0.00390755321359393,0,0.0363953386941144
1982,7,16,0.0154244918376207,0,0.00774317699824678,0,0.0323514121725461
1982,7,17,0.185767456889153,0,0.0954061961551815,0,0.030329448911762
1982,7,18,1.32477498054504,0,0.691974941491935,0,0.0283074856509778
1982,7,19,16.5734386444092,0,8.25797889390651,0,2.16350068903902
1982,7,20,5.32831859588623,0,11.0634642575142,0,2.16350068903902
1982,7,21,0.0481816492974758,0,2.96720047331883,0,0.697577324970526
1982,7,22,4.09786939620972,-2.8421709430404e-14,2.02411822669637,0,0.31340430542154
1982,7,23,4.40302848815918,2.8421709430404e-14,4.23745696291144,0,0.272965040205858
1982,7,24,0.00122037704568356,0,2.29695721490725,0,0.192086509774493
1982,7,25,0.000604870147071779,0,0.000914813343570131,0,0.131427611950969
1982,7,26,0.263799726963043,0,0.142368767327753,0,0.0930103099960701
1982,7,27,1.20736014842987,0,0.658457486249063,0,0.0839114753225415
1982,7,28,8.86255836486816,2.8421709430404e-14,4.69664406105221,0,0.101098163039207
1982,7,29,0.0787995681166649,-2.8421709430404e-14,4.47198404989285,0,0.0889663834745018
1982,7,30,0.000201118949917145,0,0.040684156847874,0,0.0687467508666605
1982,7,31,0.0147832026705146,0,0.00620438771738918,0,0.0475161366284271
1982,8,1,0.000389846245525405,0,0.00807427000336247,0,0.0384173019548985
1982,8,2,0.00586904818192124,0,0.00288661713693728,0,0.0323514121725461
1982,8,3,0.0163575019687414,0,0.0101685357185488,0,0.0272965040205858
1982,8,4,1.59966742992401,0,0.761660749937619,0,0.0242635591294096
1982,8,5,5.49520969390869,0,3.5125128706627,0,0.0222415958686255
1982,8,6,3.17189788818359,2.8421709430404e-14,4.42867692300888,0,0.0202196326078413
1982,8,7,5.35297632217407,-2.8421709430404e-14,4.18554481313959,0,0.0181976693470572
1982,8,8,4.38680696487427,0,4.77429527114236,0,0.0161757060862731
1982,8,9,3.59444522857666,0,3.92995096949471,-2.8421709430404e-14,0.0141537428254889
1982,8,10,0.634624838829041,0,2.34773738627882,2.8421709430404e-14,0.0131427611950969
1982,8,11,5.61399269104004,0,2.61906269594647,0,0.0171866877166651
1982,8,12,0.314366579055786,0,3.1348350585049,0,0.0171866877166651
1982,8,13,0.000659625336993486,2.8421709430404e-14,0.117597740515066,0,0.0141537428254889
1982,8,14,1.80919687409187e-05,-5.6843418860808e-14,0.000396450665903103,0,0.0121317795647048
1982,8,15,0.593191385269165,2.8421709430404e-14,0.389029482405022,0,0.0101098163039207
1982,8,16,0.312921166419983,0,0.427641943553226,0,0.0101098163039207
1982,8,17,0.070420652627945,-2.8421709430404e-14,0.205500857897732,-2.8421709430404e-14,0.0074812640649012
1982,8,18,0,2.8421709430404e-14,0.0236391054449996,2.8421709430404e-14,0.0074812640649012
1982,8,19,0.00703516649082303,0,0.00344438235833877,0,0.0062680861084308
1982,8,20,1.26757407188416,0,0.546159704626916,0,0.0056614971301955
1982,8,21,9.81223106384277,0,4.45274594013608,0,0.0087955401844109
1982,8,22,0.823418378829956,-2.8421709430404e-14,5.36761349480685,0,0.0080878530431365
1982,8,23,0.262427181005478,2.8421709430404e-14,0.492692091624576,0,0.0074812640649012
1982,8,24,0.587664008140564,0,0.455361468787487,2.8421709430404e-14,0.006874675086666
1982,8,25,12.0461683273315,0,5.72665965948681,-2.8421709430404e-14,0.006874675086666
1982,8,26,0.210885882377625,0,6.13057904120069,0,0.0080878530431365
1982,8,27,5.91893243789673,0,2.82863899266749,0,0.0121317795647048
1982,8,28,0.63885897397995,0,3.29690614334095,0,0.0111207979343127
1982,8,29,0.0426775626838207,0,0.341765143694829,0,0.0095032273256854
1982,8,30,2.47366070747376,2.8421709430404e-14,1.25423707186656,0,0.0242635591294096
1982,8,31,11.764744758606,-2.8421709430404e-14,5.67144165176205,0,0.0181976693470572
1982,9,1,2.07983541488647,0,6.93084395268625,2.8421709430404e-14,0.0212306142382334
1982,9,2,7.78562164306641,0,4.85870284352359,-2.8421709430404e-14,0.0171866877166651
1982,9,3,0.764987349510193,0,4.28354124966381,0,0.0161757060862731
1982,9,4,1.57616104843328e-05,2.8421709430404e-14,0.396791109299556,2.8421709430404e-14,0.0111207979343127
1982,9,5,0.000209408739465289,-2.8421709430404e-14,0.000106645502910396,-2.8421709430404e-14,0.0074812640649012
1982,9,6,0.00488713290542364,0,0.00240996620595979,0,0.0062680861084308
1982,9,7,0.0321148261427879,0,0.0207046909913515,0,0.0051560063149995
1982,9,8,0.00875331182032824,-2.8421709430404e-14,0.0234261667264946,0,0.0046505154998035
1982,9,9,0.000790504273027182,2.8421709430404e-14,0.00360949168180014,0,0.0036395338694114
1982,9,10,0.00161408679559827,0,0.00131272024600548,0,0.0021230614238233
1982,9,11,0.000769740261603147,0,0.00111207748886955,0,0.0019208650977449
1982,9,12,0.13593877851963,0,0.072333063174483,0,0.0019208650977449
1982,9,13,1.95176005363464,0,0.954804861235971,0,0.0019208650977449
1982,9,14,0.325635552406311,0,1.23701865231442,0,0.0016175706086273
1982,9,15,0.00169060076586902,0,0.210399043686721,0,0.0013142761195096
1982,9,16,0.00501659885048866,0,0.00361968455808892,0,0.001010981630392
1982,9,17,0.0954461321234703,0,0.0480021170278633,0,0.000505490815196
1982,9,18,1.19008481502533,2.8421709430404e-14,0.583822800252165,2.8421709430404e-14,0.000505490815196
1982,9,19,0.114300400018692,-2.8421709430404e-14,0.734258928325289,0,0.0002021963260784
1982,9,20,0.14385299384594,0,0.126311111964696,-2.8421709430404e-14,0.0002021963260784
1982,9,21,0.5984326004982,0,0.441214536477673,2.8421709430404e-14,0.0002021963260784
1982,9,22,0.294535994529724,0,0.415990077836796,-2.8421709430404e-14,0.0002021963260784
1982,9,23,0.444931089878082,0,0.36903419070677,0,0.0002021963260784
1982,9,24,3.79202127456665,0,1.87795449470514,0,0.0002021963260784
1982,9,25,5.24092245101929,2.8421709430404e-14,4.42776000648064,2.8421709430404e-14,0.0002021963260784
1982,9,26,0.792973816394806,-2.8421709430404e-14,3.16668066897819,-2.8421709430404e-14,0.0002021963260784
1982,9,27,4.20237636566162,0,2.04472080357482,0,0.0002021963260784
1982,9,28,1.05484139919281,0,2.67795725482301,0,0.0002021963260784
1982,9,29,3.52882416336797e-05,0,0.664985228257137,0,0.0002021963260784
1982,9,30,0.00060600828146562,2.8421709430404e-14,0.000294663454042166,0,0.0001010981630392
1982,10,1,1.88565099961124e-05,-2.8421709430404e-14,0.000286818876247708,0,0.0001010981630392
1982,10,2,0.00036329883732833,0,0.000189606962976541,0,0
1982,10,3,0.000196753069758415,0,0.000285983797766676,0,0
1982,10,4,0.227571532130241,0,0.171806330482468,0,0
1982,10,5,0.00705561460927129,0,0.101234009192922,0,0
1982,10,6,0.109896764159203,0,0.0751960452430467,0,0
1982,10,7,3.23591542243958,2.8421709430404e-14,1.26903691893676,0,0
1982,10,8,2.17768096923828,-2.8421709430404e-14,2.65111045852109,0,0
1982,10,9,5.06871891021729,0,3.2777735606378,0,0
1982,10,10,1.69521570205688,0,3.88111789712139,0,0
1982,10,11,0.00859947502613068,0,0.941315251800461,0,0
1982,10,12,1.4466572793026e-05,0,-0.0507189066929641,0,0
1982,10,13,0.000655979732982814,0,-2.67331615759758e-05,0,0.0001010981630392
1982,10,14,0.0444536842405796,0,0.0173431235170938,0,0.0002021963260784
1982,10,15,0.0139009580016136,0,0.0342833526765389,0,0.0002021963260784
1982,10,16,0.0415561199188232,0,0.0234088863849138,0,0.0002021963260784
1982,10,17,0,0,0.0266623285438072,0,0.0002021963260784
1982,10,18,4.10990869568195e-05,0,-0.00136540328367119,0,0.0002021963260784
1982,10,19,0.106099590659142,0,0.0403996526406445,0,0.0001010981630392
1982,10,20,3.11938095092773,0,1.25623269103926,0,0.0001010981630392
1982,10,21,0.466640710830689,0,2.21010591273989,0,0.0002021963260784
1982,10,22,4.41627571490244e-06,0,0.200918093829387,0,0.0001010981630392
1982,10,23,3.61878221610823e-07,0,-0.0155049369518565,0,0.0001010981630392
1982,10,24,9.17078432394192e-05,0,3.49859410562203e-05,0,0.0001010981630392
1982,10,25,0.0189582277089357,0,0.0072737979876365,0,0.0001010981630392
1982,10,26,0.000463395233964548,0,0.01254760165466,0,0.0001010981630392
1982,10,27,0.000199775357032195,0,-0.000251559124990308,0,0.0002021963260784
1982,10,28,0.000490613572765142,0,0.000301683667203179,0,0.0002021963260784
1982,10,29,0.289056956768036,0,0.110305028335915,0,0.001010981630392
1982,10,30,0.511707425117493,0,0.383369493898954,0,0.0019208650977449
1982,10,31,0.0252620968967676,0,0.334005502313175,0,0.0024263559129409
1982,11,1,2.17099237442017,0,0.825585420221159,0,0.0041450246846074
1982,11,2,4.92468357086182,0,3.34559266521092,0,0.0062680861084308
1982,11,3,6.7346682548523,0,5.76340219720532,0,0.0080878530431365
1982,11,4,0.00135859043803066,0,3.71199482906604,0,0.0080878530431365
1982,11,5,0.00845246575772762,0,0.00490223325368788,0,0.0095032273256854
1982,11,6,0.000317741301842034,-2.8421709430404e-14,0.00441884785141156,-2.8421709430404e-14,0.0101098163039207
1982,11,7,0.000531728903297335,2.8421709430404e-14,0.000421134403040924,0.00239108873489613,0.0121317795647048
1982,11,8,0.000942142680287361,0,0.000649605158741906,0,0.0121317795647048
1982,11,9,0,0,0.000654980054605403,0,0.0121317795647048
1982,11,10,0.0954523757100105,0,0.0290602277200378,0,0.0121317795647048
1982,11,11,1.53172516822815,0,0.536609145427974,0,0.0141537428254889
1982,11,12,9.26778602600098,0,3.94058407303919,0,0.0293184672813699
1982,11,13,6.77794170379639,-2.8421709430404e-14,8.31074334244977,-5.6843418860808e-14,0.0444831917372509
1982,11,14,0.193480655550957,2.8421709430404e-14,3.50598189370885,0,0.060658897823524
1982,11,15,0.00914769060909748,0.000480684678564103,0.102036217434033,0,0.0444831917372509
1982,11,16,0.00105689617339522,0.000488719295020701,0.00462751976556319,2.8421709430404e-14,0.0475161366284271
1982,11,17,0.0464317575097084,0,0.0206718303261368,0.0148996441588452,0.0505490815196033
1982,11,18,0.0994068831205368,0,0.0904346485795031,0,0.0384173019548985
1982,11,19,0.482209324836731,0,0.453282910847975,0,0.0343733754333302
1982,11,20,9.35671138763428,0,3.57933792257472,0,0.0384173019548985
1982,11,21,16.8477916717529,2.27373675443232e-13,13.4066175988173,1.4210854715202e-13,0.131427611950969
1982,11,22,10.1280298233032,5.6843418860808e-14,13.5834757615285,-5.6843418860808e-14,0.374063203245064
1982,11,23,5.88786840438843,2.8421709430404e-14,8.05729480028231,5.6843418860808e-14,0.414502468460747
1982,11,24,6.12613821029663,-1.13686837721616e-13,6.005081484524,-1.13686837721616e-13,0.212306142382334
1982,11,25,0.197254836559296,0.0804248379821502,3.12293163349568,2.8421709430404e-14,0.141537428254889
1982,11,26,3.88603138923645,0.0817381154727457,1.95613035526867,2.8421709430404e-14,0.121317795647048
1982,11,27,3.48586893081665,7.95807864051312e-13,3.70328811420677,0.168578960848606,0.0899773651048939
1982,11,28,15.1846952438355,-8.5265128291212e-14,9.33472486240998,0.00382327165820584,0.192086509774493
1982,11,29,1.60505425930023,2.8421709430404e-14,9.21240790377988,1.4210854715202e-13,0.808785304313653
1982,11,30,0.25871929526329,0,0.954030402237549,0,0.424612284764668
1982,12,1,0.780003547668457,0,0.484358626511039,0,0.293184672813699
1982,12,2,2.02174949645996,0,1.37002033153021,0,0.171866877166651
1982,12,3,6.5278787612915,0,3.87515176551915,0,0.242635591294096
1982,12,4,8.83821868896484,0,7.59836405553051,-5.6843418860808e-14,0.717796957578367
1982,12,5,4.88671112060547,0,7.05670038778089,-5.6843418860808e-14,0.808785304313653
1982,12,6,3.58136367797852,0,4.23752433298432,0,0.808785304313653
1982,12,7,0.0463990606367588,0,1.84095374852268,2.8421709430404e-14,0.515600631499954
1982,12,8,0.000206008233362809,0,0.0240300192558607,-2.8421709430404e-14,0.333623938029382
1982,12,9,4.4386677473085e-05,0,0.000118782269055373,0,0.252745407598017
1982,12,10,0.456544727087021,0.0351225207448351,0.166536774619999,0,0.212306142382334
1982,12,11,1.5313800573349,0.039832797316933,0.953180050998071,-2.55795384873636e-13,0.192086509774493
1982,12,12,0.00856581702828407,0.00428096896487773,0.766036777476984,1.4210854715202e-13,0.161757060862731
1982,12,13,0.00065950071439147,0.00491746719816888,0,0,0.111207979343127
1982,12,14,0.163983583450317,0.00034282784753259,0.078740098920207,5.6843418860808e-14,0.121317795647048
1982,12,15,8.31854057312012,-2.8421709430404e-14,4.23687599109007,0.0924976949560516,0.161757060862731
1982,12,16,12.5757541656494,5.6843418860808e-14,10.4449249470872,8.5265128291212e-14,1.31427611950969
1982,12,17,0.0879533514380455,-8.5265128291212e-14,6.33959276284941,-8.5265128291212e-14,1.29405648690184
1982,12,18,0.226485922932625,0,0.154349484330396,0,0.879554018441097
1982,12,19,3.46452975273132,-2.8421709430404e-14,1.83830874282694,0.00221127023277745,0.687467508666605
1982,12,20,0.494164884090424,0,2.08492618888477,2.8421709430404e-14,0.60658897823524
1982,12,21,0.000640455167740583,0,0.272970888262535,0,0.495380998892112
1982,12,22,0.314080476760864,0,0.15651985487284,0.000900145173744704,0.414502468460747
1982,12,23,1.8795610666275,0,1.07529108801464,0,0.394282835852906
1982,12,24,5.89254379272461,0,3.86592154474192,0,0.384173019548985
1982,12,25,11.1450490951538,0,8.26637487036714,0,1.2232877727744
1982,12,26,8.86328792572022,-2.8421709430404e-14,10.2288023994997,-2.8421709430404e-14,3.51821607376439
1982,12,27,18.8405780792236,2.8421709430404e-14,13.8477078403716,-1.4210854715202e-13,6.00523088452887
1982,12,28,8.0418701171875,-8.5265128291212e-14,14.366023709194,-1.98951966012828e-13,6.13665849647984
1982,12,29,0.0782881528139114,0,4.06776623830137,0,3.15426268682325
1982,12,30,0.000479931011795998,0.00013038228928508,0.0397214395807168,0,2.12306142382334
1982,12,31,0.00266791298054159,0.00060159368538848,0.000841328692331445,0,1.61757060862731
1983,1,1,0,0.000547267503719695,0.000868736291067762,0,1.29405648690184
1983,1,2,0.00685909111052752,0,0.00340082656566665,0,1.08175034451951
1983,1,3,0.000675259507261217,6.11690905714113e-05,0.00371165371052484,0,0.879554018441097
1983,1,4,6.67796557536349e-05,7.13323685204159e-05,0.000306159640331316,0,0.717796957578367
1983,1,5,0.00265508447773755,9.45624654491439e-06,0.00127640584605615,0,0.647028243450922
1983,1,6,0.0115072326734662,0,0.00708108426442777,0.0081985686281314,0.60658897823524
1983,1,7,0.0309120621532202,0,0.0207689448661768,0,0.545930080411716
1983,1,8,0.00409884192049503,0,0.0175356186059616,2.8421709430404e-14,0.475161366284271
1983,1,9,0.0250036250799894,0,0.014273832118306,-2.8421709430404e-14,0.414502468460747
1983,1,10,0.776474595069885,0,0.400734738511346,0.00133613000747346,0.424612284764668
1983,1,11,0.32777014374733,2.8421709430404e-14,0.552863554681153,0,0.414502468460747
1983,1,12,0.0830475315451622,-5.6843418860808e-14,0.205504920265867,-5.6843418860808e-14,0.374063203245064
1983,1,13,0.055814053863287,0.00313561361056713,0.0662981655787007,2.8421709430404e-14,0.30329448911762
1983,1,14,0.0152429407462478,0.00312765634799916,0.0323449243442155,0,0.30329448911762
1983,1,15,0.953125834465027,-3.41060513164848e-13,0.476392307701644,-1.98951966012828e-13,0.30329448911762
1983,1,16,0.0687146708369255,0.0341277862056018,0.479746943031842,-1.13686837721616e-13,0.262855223901937
1983,1,17,0.0856272131204605,0.0766358623263841,0,0,0.262855223901937
1983,1,18,0.0636932477355003,0.0757276173709442,0,0,0.192086509774493
1983,1,19,0.00131588114891201,0.0356400404661486,0,0,0.181976693470572
1983,1,20,0.00240286206826568,0.00185757462608649,0,0,0.192086509774493
1983,1,21,3.83207488059998,1.07327861074279,0.649506336994818,2.8421709430404e-14,0.262855223901937
1983,1,22,18.7439575195313,1.19315770154867,10.0946086991835,-8.5265128291212e-14,1.1727386912548
1983,1,23,2.94277215003967,0,11.5971280790136,0.332049504514373,2.07251234230374
1983,1,24,1.06971037387848,0,2.0235179139795,0.37384169474106,1.50636262928418
1983,1,25,0.0676833391189575,0,0.575316346181353,0,1.12218960973519
1983,1,26,0,0,0.0301505950319552,0,0.909883467352859
1983,1,27,0,0,0,0,0.717796957578367
1983,1,28,0.000322391657391563,3.31180929720176e-05,0.000142676406994724,0,0.626808610843081
1983,1,29,0.326915144920349,3.05823983808295e-05,0.162434419876263,0,0.545930080411716
1983,1,30,3.39091944694519,0,1.84865474228127,1.0541051441478,0.687467508666605
1983,1,31,0.037231583148241,0,1.71478917190734,0.826333729581762,1.12218960973519
1983,2,1,1.92527759075165,0,0.980424675861741,2.8421709430404e-14,1.01098163039207
1983,2,2,16.1628189086914,-2.27373675443232e-13,8.62427482003704,-2.27373675443232e-13,2.62855223901937
1983,2,3,1.1428530216217,-5.6843418860808e-14,8.72141064184098,1.13686837721616e-13,2.6892111368429
1983,2,4,1.33651673793793,0.668167690523177,0.571504049783925,0,1.73888840427435
1983,2,5,0.00402118777856231,0.67554618017823,0,0,1.24350740538224
1983,2,6,0.837457060813904,0.317750522998949,0.0615808679176553,0,1.08175034451951
1983,2,7,1.2835773229599,0.689332578959551,0.356166196253071,0,0.909883467352859
1983,2,8,0.0103874290362,0.376756708812962,0.334092764627258,0,0.687467508666605
1983,2,9,0.025734905153513,0.00596004434808606,0.0113188056948275,0,0.626808610843081
1983,2,10,0.00645072245970368,0.000270977214796631,0.0160867518520718,0.195800139753885,0.60658897823524
1983,2,11,0.464819580316544,-2.8421709430404e-14,0.230295538982773,0.206022393934859,0.586369345627398
1983,2,12,0.0523266494274139,0.00576809843332171,0.218635022448325,0,0.535820264107795
1983,2,13,0.00175897893495858,0.00579909352367736,0.024097477538362,0,0.46505154998035
1983,2,14,0.00158383150119334,0.000304456093289218,0.00136029628856704,0,0.46505154998035
1983,2,15,0,0,0.000889015901520907,0.558353795846159,0.46505154998035
1983,2,16,0,0,0,1.88498119345806,0.444831917372509
1983,2,17,0.00257086264900863,0,0.00127506287617507,0,0.424612284764668
1983,2,18,0.00520674651488662,0,0.00360601740430866,0,0.394282835852906
1983,2,19,0.000137553201057017,0,0.00268220566704258,0,0.394282835852906
1983,2,20,0.00309577258303762,0,0.00160574569008531,0,0.384173019548985
1983,2,21,0,0,0.001591557298525,0,0.343733754333302
1983,2,22,3.10160903609358e-05,0,1.51835147335078e-05,0,0.343733754333302
1983,2,23,0,0,1.62771243594761e-05,0,0.353843570637223
1983,2,24,0.039337232708931,0,0.0195498160628631,0,0.343733754333302
1983,2,25,0.112106062471867,0,0.0728714589668016,0,0.31340430542154
1983,2,26,0.00907516106963158,0.00264584114736977,0.0591722129920527,0,0.262855223901937
1983,2,27,0.00108516227919608,0.0028167895003719,0.00242015224603165,0,0.242635591294096
1983,2,28,0.00101247965358198,1.13686837721616e-13,0.00105040913558696,-5.6843418860808e-14,0.252745407598017
1983,3,1,6.24785752734169e-05,0,0.000450701010777266,0,0.262855223901937
1983,3,2,3.6545821785694e-05,0,5.01778804391506e-05,0,0.252745407598017
1983,3,3,0.000160881420015357,0,9.78398170445871e-05,0,0.232525774990175
1983,3,4,0.000988014158792794,2.8421709430404e-14,0.000543164418104425,0,0.222415958686255
1983,3,5,0.428287953138351,-2.8421709430404e-14,0.174145052269523,0,0.222415958686255
1983,3,6,9.82774925231934,0,5.09960583905786,0,0.293184672813699
1983,3,7,3.32368421554565,0,6.69219224174549,-2.8421709430404e-14,0.343733754333302
1983,3,8,2.72978019714355,0,3.04783923907371,2.8421709430404e-14,0.293184672813699
1983,3,9,0.464808702468872,0,1.72154309846337,0,0.262855223901937
1983,3,10,0.307286828756332,0,0.395866971199212,0,0.242635591294096
1983,3,11,0.0258636847138405,0,0.17017013543591,0,0.222415958686255
1983,3,12,0.00548537960276008,0,0.0157399945201178,0,0.202196326078413
1983,3,13,0.0349505953490734,0,0.0200653303209037,-2.8421709430404e-14,0.192086509774493
1983,3,14,0.00710949581116438,0,0.0214852133772183,2.8421709430404e-14,0.192086509774493
1983,3,15,0.000482933275634423,0,0.00388912697053456,0,0.192086509774493
1983,3,16,0.0012603000504896,0,0.000853001573432266,0,0.171866877166651
1983,3,17,0.329738050699234,0,0.163227531057601,0,0.161757060862731
1983,3,18,6.48189878463745,0,2.95974147525476,0,0.181976693470572
1983,3,19,1.21451234817505,0,3.98569001441865,0,0.192086509774493
1983,3,20,3.84241318702698,0,2.47946140478325,8.5265128291212e-14,0.202196326078413
1983,3,21,16.3276920318604,-2.8421709430404e-14,10.0810409847486,-8.5265128291212e-14,0.444831917372509
1983,3,22,0.214360147714615,0.0407132883047723,8.24582369612108,0,0.626808610843081
1983,3,23,0.00697555625811219,0.0451007948819324,0.0724867423978139,0,0.384173019548985
1983,3,24,0.00299190799705684,0.00172117394103566,0.00328703215018322,0,0.293184672813699
1983,3,25,0.000537088082637638,-2.8421709430404e-14,0.00177051892296731,0,0.272965040205858
1983,3,26,0.294138640165329,0,0.119230036358204,0.0235938958415147,0.242635591294096
1983,3,27,3.93538689613342,-2.8421709430404e-14,1.91295659717571,0,0.252745407598017
1983,3,28,3.6585545539856,2.8421709430404e-14,3.79934300471723,0,0.272965040205858
1983,3,29,0.084298737347126,-2.8421709430404e-14,2.18317536134418,-2.8421709430404e-14,0.222415958686255
1983,3,30,0.00140643585473299,5.6843418860808e-14,0.0473954200128901,2.8421709430404e-14,0.181976693470572
1983,3,31,0.015949560329318,-2.8421709430404e-14,0.00751554170619784,0,0.181976693470572
1983,4,1,1.42664551734924,0,0.526714617758898,-2.8421709430404e-14,0.202196326078413
1983,4,2,9.86051464080811,5.6843418860808e-14,5.60602614587879,1.13686837721616e-13,0.323514121725461
1983,4,3,6.88232851028442,0,8.37289778936201,1.4210854715202e-13,0.707687141274446
1983,4,4,0.417054951190949,0,3.65536619885097,0,0.61669879453916
1983,4,5,0.79081004858017,0,0.602521437514952,0,0.515600631499954
1983,4,6,5.76437139511108,0,3.21597513965935,0,0.525710447803874
1983,4,7,7.49943780899048,0,6.57576373377333,0,1.30416630320577
1983,4,8,7.84687185287476,-5.6843418860808e-14,7.67242990029354,0,2.21404977055862
1983,4,9,10.409008026123,0,9.04072516716133,-2.8421709430404e-14,3.62942405310752
1983,4,10,2.29930806159973,2.8421709430404e-14,6.85092857509608,-8.5265128291212e-14,2.58811297380369
1983,4,11,2.77609038352966,0,2.52038399111189,0,2.11295160751942
1983,4,12,0.141008958220482,0,1.48222075689228,0,1.69844913905867
1983,4,13,6.7964825630188,0,3.31125256064615,0,1.64790005753907
1983,4,14,19.1059341430664,-5.6843418860808e-14,12.9498761080672,5.6843418860808e-14,7.07687141274446
1983,4,15,2.46249389648438,-8.5265128291212e-14,10.8016276363292,1.4210854715202e-13,4.15513450091139
1983,4,16,0.46775159239769,0,1.48859240645288,0,2.4465755455488
1983,4,17,1.15152335166931,0,0.750638126160538,0,1.89053564883316
1983,4,18,0.0117173288017511,0,0.5832357035938,0,1.48614299667634
1983,4,19,0.0375695526599884,0,0.0244432901213258,0,1.09186016082343
1983,4,20,0.00262977252714336,0,0.0201066021113547,0,0.980652181480304
1983,4,21,0.000457594607723877,0,0.00148575209777846,0,0.586369345627398
1983,4,22,0.00419990578666329,0,0.00224321481437073,0,0.657138059754843
1983,4,23,0.462862282991409,0,0.233267850436278,0,0.60658897823524
1983,4,24,0.65303385257721,0,0.557884855114935,0,0.586369345627398
1983,4,25,0.115774042904377,0,0.344478647223241,0,0.485271182588192
1983,4,26,0.000571575597859919,0,0.0468552474794706,2.8421709430404e-14,0.414502468460747
1983,4,27,1.06955647468567,0,0.478097414629247,-2.8421709430404e-14,0.384173019548985
1983,4,28,3.83081650733948,0,2.38126391357491,0,0.414502468460747
1983,4,29,5.20853471755981,0,4.51757373948476,0,0.424612284764668
1983,4,30,25.388391494751,1.13686837721616e-13,15.2964775996147,5.6843418860808e-14,1.38504483363713
1983,5,1,48.510139465332,-5.6843418860808e-14,36.2935704769729,-7.67386154620908e-13,25.5778352489193
1983,5,2,24.6129398345947,6.25277607468888e-13,37.0221037815991,-2.27373675443232e-13,25.8811297380369
1983,5,3,28.0000133514404,5.96855898038484e-13,26.2584546584758,5.6843418860808e-13,26.5888168793113
1983,5,4,2.04758286476135,-5.6843418860808e-14,15.9243252844444,-2.8421709430404e-14,5.62105786497989
1983,5,5,0.489915281534195,0,1.3070551583387,0,3.02283507487228
1983,5,6,0.00980482343584299,0,0.2859388133229,0,2.19383013795078
1983,5,7,5.02988719940186,0,2.50882325691873,0,1.87031601622532
1983,5,8,12.8672037124634,-8.5265128291212e-14,8.93930388480112,-2.8421709430404e-14,2.35558719881351
1983,5,9,0.0747340694069862,-1.4210854715202e-13,6.49221153287544,0,1.73888840427435
1983,5,10,2.77414746960858e-05,0,0.0377272589139466,-2.8421709430404e-14,1.24350740538224
1983,5,11,0.000235021871048957,2.8421709430404e-14,0.0001289307465413,0,1.14240924234303
1983,5,12,0.473298102617264,-2.8421709430404e-14,0.233372788774432,0,0.879554018441097
1983,5,13,3.36766219139099,0,1.87795791529607,0,0.899773651048939
1983,5,14,6.06498146057129,0,4.66671215286169,0,1.11207979343127
1983,5,15,21.82155418396,2.8421709430404e-14,13.9400452642321,-8.5265128291212e-14,2.4971246270684
1983,5,16,3.29165530204773,-2.8421709430404e-14,13.7834959621096,-1.13686837721616e-13,1.87031601622532
1983,5,17,0.00561010930687189,0,1.92192781690483,0,1.32438593581361
1983,5,18,0.00682977354153991,0,0.0062129522457326,0,1.07164052821559
1983,5,19,4.68787956237793,0,2.30382353918048,0,0.990761997784225
1983,5,20,1.41101634502411,0,3.06725588104655,0,0.869444202137177
1983,5,21,0.61961442232132,0,1.09515569823725,0,0.727906773882288
1983,5,22,14.3411617279053,0,5.80248670827132,0,1.44570373146065
1983,5,23,3.40250110626221,0,9.55894139653265,0,1.15251905864696
1983,5,24,0.0125705888494849,0,1.72451024765905,0,0.829004936921494
1983,5,25,0.624852955341339,0,0.317884229921219,0,0.727906773882288
1983,5,26,0.924502670764923,0,0.766954378881565,0,0.667247876058764
1983,5,27,0.0487582869827747,0,0.497081673041066,0,0.576259529323478
1983,5,28,1.06485998630524,0,0.51136340200901,0,0.566149713019557
1983,5,29,3.7980968952179,0,2.35564371886449,0,0.576259529323478
1983,5,30,0.952311933040619,0,2.45531939393004,0,0.515600631499954
1983,5,31,0.336537331342697,-2.8421709430404e-14,0.572622555931957,0,0.444831917372509
1983,6,1,0.0494440793991089,2.8421709430404e-14,0.210400997594661,2.8421709430404e-14,0.404392652156826
1983,6,2,0.0881826803088188,2.8421709430404e-14,0.0658908607529156,-2.8421709430404e-14,0.374063203245064
1983,6,3,14.2281808853149,-2.8421709430404e-14,5.46074966033302,0,0.485271182588192
1983,6,4,7.41604089736939,0,10.937383845554,2.8421709430404e-14,2.09273197491158
1983,6,5,0.0128402756527066,0,3.74370247279694,-2.8421709430404e-14,1.05142089560775
1983,6,6,1.2755081653595,0,0.545227472354782,0,0.738016590186208
1983,6,7,0.334509074687958,0,0.822310435914005,0,0.596479161931319
1983,6,8,2.91088090307312e-05,0,0.15415910568845,0,0.475161366284271
1983,6,9,0.00364686804823577,0,0.00157521803339478,0,0.394282835852906
1983,6,10,0,0,0.00173907040789345,0,0.343733754333302
1983,6,11,0.0070264432579279,0,0.00394028228038223,0,0.30329448911762
1983,6,12,0.000864362169522792,0,0.00368950421670888,0,0.272965040205858
1983,6,13,0.000176083805854432,0,0.000533387465111446,0,0.252745407598017
1983,6,14,0.00650716898962855,0,0.00321739730770787,0,0.232525774990175
1983,6,15,0.16259777545929,0,0.0699873888843285,0,0.222415958686255
1983,6,16,0.0997042432427406,0,0.122542571389204,0,0.202196326078413
1983,6,17,0.082778662443161,0,0.0895934482978191,0,0.181976693470572
1983,6,18,4.75967025756836,0,2.24749362939747,0,0.161757060862731
1983,6,19,5.2723445892334,0,5.05505764439022,0,0.15164724455881
1983,6,20,2.90178823471069,0,4.15895064084907,0,0.141537428254889
1983,6,21,0.0020571940112859,0,1.47334949660217,0,0.202196326078413
1983,6,22,0.00208981055766344,0,0.00207220793981833,0,0.141537428254889
1983,6,23,0.0133650731295347,0,0.00721669001904957,0,0.111207979343127
1983,6,24,0.019718125462532,0,0.0156557726259052,0,0.0909883467352859
1983,6,25,0,0,0.00852591320108331,0,0.0788565671705811
1983,6,26,1.14005797513528e-05,-2.8421709430404e-14,5.63101275474764e-06,0,0.0687467508666605
1983,6,27,1.03526163101196,2.8421709430404e-14,0.357515943082035,0,0.061669879453916
1983,6,28,8.55793571472168,0,4.73353808378943,0,0.0778455855401891
1983,6,29,16.6785202026367,0,11.5241366948794,0,0.424612284764668
1983,6,30,1.88763725757599,0,9.36166815735214,0,0.839114753225415
1983,7,1,11.224139213562,0,6.55584340494897,0,0.31340430542154
1983,7,2,0,0,5.8729219717552,2.8421709430404e-14,0.242635591294096
1983,7,3,0.422509253025055,0,0.203637655033162,-2.8421709430404e-14,0.141537428254889
1983,7,4,6.85246658325195,0,3.63224164222356,0,0.161757060862731
1983,7,5,12.065333366394,0,9.39300604334221,0,1.99163381187237
1983,7,6,0.000264393020188436,0,6.27559702444887,0,0.808785304313653
1983,7,7,1.58761540660635e-05,0,0.000142470709761255,0,0.31340430542154
1983,7,8,0.000935425341594964,0,0.000449969115834392,0,0.171866877166651
1983,7,9,2.31820249609882e-05,0,0.000408021088333044,0,0.111207979343127
1983,7,10,0,0,1.18842490337556e-05,0,0.0839114753225415
1983,7,11,0.205187857151032,0,0.092753524309046,0,0.0677357692362684
1983,7,12,0.0117870457470417,-2.8421709430404e-14,0.110726641964902,0,0.0535820264107795
1983,7,13,0.0387928262352943,2.8421709430404e-14,0.0235600440009875,0,0.0434722101068588
1983,7,14,0.0289310086518526,0,0.035152478018972,0,0.0353843570637223
1983,7,15,0.021235067397356,0,0.0242925046459277,0,0.0323514121725461
1983,7,16,0.430000066757202,0,0.235927444909976,0,0.353843570637223
1983,7,17,0.454518437385559,0,0.44119427228452,0,0.15164724455881
1983,7,18,1.85622811317444,0,1.08523120637255,0,0.0677357692362684
1983,7,19,4.38351583480835,2.8421709430404e-14,2.78213998970568,0,0.0596479161931319
1983,7,20,6.74707841873169,-2.8421709430404e-14,5.3950369641243,2.8421709430404e-14,0.242635591294096
1983,7,21,0.0114670777693391,0,3.59246173835163,-2.8421709430404e-14,0.283074856509778
1983,7,22,0.00345019740052521,0,0.00756229829767108,0,0.0849224569529335
1983,7,23,0.486939609050751,0,0.218641488326284,0,0.0424612284764668
1983,7,24,5.75832891464233,0,2.76568704851798,0,0.0293184672813699
1983,7,25,0.241421774029732,0,3.05181422006717,0,0.0232525774990175
1983,7,26,0.176111474633217,0,0.214861525228116,0,0.0171866877166651
1983,7,27,2.29174711421365e-05,0,0.104893356412504,0,0.0141537428254889
1983,7,28,0.00389644550159574,0,0.00247576047877374,0,0.0121317795647048
1983,7,29,0,0,0.00181881916614657,0,0.0101098163039207
1983,7,30,0.204469591379166,0,0.0895159365009022,0,0.009806521814803
1983,7,31,9.23831367492676,0,4.64627563944578,0,0.0090988346735285
1983,8,1,4.32966232299805,0,6.96397854088173,0,0.0091999328365678
1983,8,2,0.0127013651654124,0,2.17260430993338,0,0.009301030999607
1983,8,3,0.00102865719236434,-2.8421709430404e-14,0.00700590477481455,0,0.0076834603909797
1983,8,4,0.189874067902565,2.8421709430404e-14,0.0715101091755059,0,0.0055603989671563
1983,8,5,2.00454902648926,0,0.952328325810413,0,0.0048527118258819
1983,8,6,0.276037365198135,0,1.4813338829108,0,0.0038417301954898
1983,8,7,0.302222788333893,2.8421709430404e-14,0.291325595678245,0,0.0026285522390193
1983,8,8,3.21956795232836e-05,-2.8421709430404e-14,0.167588685424562,0,0.0016175706086273
1983,8,9,2.13078637898434e-05,0,2.6493362383917e-05,0,0.0008087853043136
1983,8,10,1.34665858745575,0,0.556503663232434,0,0.0002021963260784
1983,8,11,15.4107494354248,0,7.79261965479418,0,0.0002021963260784
1983,8,12,2.57056784629822,0,9.19916783952158,0,0.0002021963260784
1983,8,13,0.000728265149518848,0,1.38673305837256,0,0.0002021963260784
1983,8,14,1.40130523504922e-05,0,0.000235552742196887,0,0
1983,8,15,0,0,6.84998394717695e-06,0,0
1983,8,16,4.98565395901096e-06,0,2.10916550713591e-06,0,0
1983,8,17,1.81615221500397,0,0.688471600571575,0,0
1983,8,18,3.44399380683899,0,2.54380663982829,0,0.0027296504020585
1983,8,19,0.189132228493691,0,1.90164238039779,0,0.0070768714127444
1983,8,20,0.0450146310031414,0,0.151503603878155,0,0.007380165901862
1983,8,21,0.313034236431122,0,0.0916919184219296,0,0.0041450246846074
1983,8,22,0.983665645122528,0,0.356998252029371,0,0.0024263559129409
1983,8,23,3.79127931594849,0,2.86137223656169,0,0.0049538099889211
1983,8,24,0.64861273765564,0,2.07023686450975,0,0.0095032273256854
1983,8,25,0.700398564338684,0,0.669188493858201,0,0.0046505154998035
1983,8,26,0,0,0.423783371594254,0,0.0029318467281369
1983,8,27,3.021488904953,0,1.17792336617458,0,0.0025274540759801
1983,8,28,14.6953830718994,0,7.88295225776164,0,0.596479161931319
1983,8,29,1.44060611724854,0,8.807295814594,0,0.046505154998035
1983,8,30,0,0,0.824534824513648,0,0.0272965040205858
1983,8,31,1.19933903217316,0,0.559409198317553,0,0.0171866877166651
1983,9,1,0.66414487361908,0,1.06754915646525,0,0.0131427611950969
1983,9,2,0.000613358744885773,0,0.375179259421202,0,0.0101098163039207
1983,9,3,0.000304616638459265,0,0.000473263664389378,0,0.0079867548800973
1983,9,4,0.00771670090034604,0,0.00444814858201426,0,0.0064702824345092
1983,9,5,0.0388444922864437,0,0.0266366197765819,0,0.0049538099889211
1983,9,6,0.134576752781868,0,0.0169991945986112,0,0.0041450246846074
1983,9,7,3.97502398490906,-2.8421709430404e-14,1.00298414403642,0,0.0038417301954898
1983,9,8,0.110180705785751,2.8421709430404e-14,3.04939878551431,0,0.0028307485650977
1983,9,9,9.20705645057751e-07,0,0.0799611154925515,0,0.0025274540759801
1983,9,10,0.000452510837931186,0,-0.0166112899478321,0,0.0018197669347057
1983,9,11,0.378366857767105,0,-0.149447042134852,0,0.0012131779564704
1983,9,12,5.17834520339966,0,2.29561660776108,0,0.0024263559129409
1983,9,13,0.00425415206700563,0,3.42895237640914,0,0.0022241595868625
1983,9,14,0.00162888155318797,0,-0.00155037097465538,0,0.0011120797934312
1983,9,15,0.0880986005067825,0,-0.068121627425171,0,0.0003032944891176
1983,9,16,1.82896685600281,0,0.780262494880844,0,0.0001010981630392
1983,9,17,0.00849920976907015,0,1.21388216099058,0,0
1983,9,18,6.78330907248892e-05,0,0.00565212198216614,0,0
1983,9,19,0,-2.8421709430404e-14,-0.16970513517299,0,0
1983,9,20,2.78544807434082,2.8421709430404e-14,0.280955933748373,0,0
1983,9,21,13.2622785568237,0,9.15124825271687,0,0
1983,9,22,0.169500917196274,0,6.85224969820229,0,0
1983,9,23,0.221953809261322,0,0.201491858932059,0,0
1983,9,24,0.000642912811599672,0,0.162495477637094,0,0
1983,9,25,0,0,0.000410819381613692,0,0
1983,9,26,0.0129966679960489,0,0.00864115560398204,0,0
1983,9,27,0.000449636776465923,0,0.0100677154550795,0,0
1983,9,28,6.03771059104474e-06,0,0.000220009362237761,0,0
1983,9,29,3.4623470128281e-05,0,-5.24126617165166e-05,0,0
1983,9,30,0.000652835296932608,0,0.000235008871641185,0,0
1983,10,1,0.0021095247939229,0,0.00176068986274913,0,0
1983,10,2,0.00035423252847977,0,0.00107716143702419,0,0
1983,10,3,0,0,0.000137133176394855,0,0
1983,10,4,7.20387125015259,0,2.19658513011109,0,0
1983,10,5,25.8726558685303,-4.2632564145606e-13,16.7754180930351,-6.82121026329696e-13,0
1983,10,6,0.205317854881287,0,13.2015006442234,2.8421709430404e-14,0
1983,10,7,0.000459744682302699,0,0.100432588402327,0,0
1983,10,8,0.0169016513973475,0,0.00961971295146213,0,0
1983,10,9,0.163926169276238,0,0.0760979824726746,0,0
1983,10,10,0.00350737408734858,0,0.0983071630998893,0,0
1983,10,11,8.34375969134271e-05,0,0.00223245190591115,0,0
1983,10,12,3.87543225288391,0,1.89039945193417,0,0
1983,10,13,27.9854736328125,0,15.9149216745282,8.5265128291212e-14,0
1983,10,14,2.11186337471008,-3.41060513164848e-13,15.0503873996195,2.8421709430404e-14,0.0011120797934312
1983,10,15,0.00131253956351429,0,1.07878989098299,0,0.0022241595868625
1983,10,16,0.00227923667989671,0,0.001751922769472,0,0.0020219632607841
1983,10,17,0.79374098777771,0,0.39495182725841,0,0.0018197669347057
1983,10,18,9.15956974029541,0,4.97362865424202,0,0.0025274540759801
1983,10,19,2.10694885253906,0,5.6444046355773,0,0.0022241595868625
1983,10,20,21.7406253814697,-2.8421709430404e-14,10.8780971463802,-2.8421709430404e-14,0.181976693470572
1983,10,21,30.485767364502,-2.55795384873636e-13,26.0915157380505,-2.55795384873636e-13,0.46505154998035
1983,10,22,9.66389179229736,1.98951966012828e-13,21.4061517660612,-5.6843418860808e-14,0.697577324970526
1983,10,23,11.0907115936279,0,10.3641392088794,0,1.55691171080378
1983,10,24,1.54068171977997,0,6.3395641436482,-5.6843418860808e-14,0.829004936921494
1983,10,25,0.212313085794449,0,0.880834559288815,0,0.374063203245064
1983,10,26,0.00175340415444225,0,0.10763268412029,0,0.192086509774493
1983,10,27,0.000620518228970468,0,0.00124615105687553,0,0.121317795647048
1983,10,28,0.000481838476844132,2.8421709430404e-14,0.000554219596779149,0,0.0788565671705811
1983,10,29,3.35922862859661e-07,-2.8421709430404e-14,0.000220745574551984,0,0.0667247876058764
1983,10,30,0,0,1.73360604094341e-07,0,0.0596479161931319
1983,10,31,0.173728346824646,0,0.0717017158785893,0,0.0475161366284271
1983,11,1,0.253038167953491,0,0.212709878886017,0,0.0424612284764668
1983,11,2,2.18457913398743,0,1.14360379188838,0,0.0505490815196033
1983,11,3,5.16230964660645,0,3.55407841556189,-2.8421709430404e-14,0.0505490815196033
1983,11,4,1.16834366321564,0,3.53623742119908,2.8421709430404e-14,0.0475161366284271
1983,11,5,0.0706057921051979,0,0.623705568200421,0,0.0384173019548985
1983,11,6,0.00027696046163328,0,0.0295504336772865,0,0.0353843570637223
1983,11,7,2.96890411846107e-05,0,0.00013695074358111,-2.8421709430404e-14,0.0394282835852906
1983,11,8,0.000370052439393476,0,0.000154663113789866,2.8421709430404e-14,0.0424612284764668
1983,11,9,0.146609276533127,0,0.0715690269216793,0,0.0444831917372509
1983,11,10,11.3573379516602,0,5.51581404930494,0,0.0636918427147002
1983,11,11,28.1345157623291,-2.8421709430404e-14,19.735134108596,8.5265128291212e-14,2.7397602183625
1983,11,12,0.540077686309815,-2.8421709430404e-14,14.3738087926849,-1.4210854715202e-13,1.64790005753907
1983,11,13,0.00282272766344249,0,0.277697232301762,0,0.798675488009732
1983,11,14,0.286207020282745,0,0.132247977419866,0.00161501791862406,0.495380998892112
1983,11,15,6.30469799041748,1.13686837721616e-13,3.26768244116738,-2.8421709430404e-14,0.515600631499954
1983,11,16,6.75503730773926,-5.6843418860808e-14,6.52943084673916,1.4210854715202e-13,1.99163381187237
1983,11,17,0.117442458868027,-2.8421709430404e-14,3.7907936450847,-5.6843418860808e-14,1.57713134341162
1983,11,18,0.190415740013123,0,0.153322540773843,0,1.00087181408815
1983,11,19,0.477293729782105,0,0.333546235013273,0,0.687467508666605
1983,11,20,5.00890159606934,0,2.66823094348456,2.8421709430404e-14,0.61669879453916
1983,11,21,1.72943866252899,0,3.60902676217575,-2.8421709430404e-14,0.707687141274446
1983,11,22,0.714004874229431,0,1.25537467442064,0,0.626808610843081
1983,11,23,14.9219570159912,-2.8421709430404e-14,7.80251892683009,-3.41060513164848e-13,2.84085838140171
1983,11,24,8.37977313995361,-1.13686837721616e-13,11.6892064997528,2.8421709430404e-14,6.19731739430337
1983,11,25,0.0169393662363291,5.6843418860808e-14,4.19845090495528,8.5265128291212e-14,3.00261544226444
1983,11,26,0.000685376406181604,0,0.00898698705259449,0,1.8602061999214
1983,11,27,5.80639505386353,0,2.68025916914121,0,2.19383013795078
1983,11,28,18.076940536499,-8.5265128291212e-14,11.8580873662831,-1.4210854715202e-13,6.50061188342098
1983,11,29,0.0174080543220043,2.8421709430404e-14,9.29530725690438,-2.8421709430404e-14,3.4272277270291
1983,11,30,0.00523463450372219,0,0.0114241215678703,0,1.99163381187237
1983,12,1,0.00533629627898336,0.000176964498251664,0.00510814424160344,0,1.36482520102929
1983,12,2,1.81450748443604,0.446138559405,0.459576997845943,0,1.09186016082343
1983,12,3,4.76791000366211,0.448200404674964,2.84248928802026,-5.6843418860808e-14,1.04131107930383
1983,12,4,10.4520311355591,0,7.59716770397517,0.213816790711206,2.45668536185272
1983,12,5,0.723493993282318,-2.8421709430404e-14,5.63461726730566,0.694258442045225,2.59822279010761
1983,12,6,3.15362071990967,2.8421709430404e-14,1.93816485100251,0,2.1028417912155
1983,12,7,0.701319813728333,0.0240452546720462,1.90360686032,0,1.5670215271077
1983,12,8,0.774905383586884,0.0704755709526523,0.667399101672345,0,1.24350740538224
1983,12,9,0.0375788658857346,0.0462602693934002,0.357511041652288,-2.8421709430404e-14,1.02109144669599
1983,12,10,0.771579623222351,5.6843418860808e-14,0.389235830833059,0.16026314126978,0.889663834745018
1983,12,11,11.9684762954712,-3.97903932025656e-13,6.36987368359405,-3.41060513164848e-13,3.62942405310752
1983,12,12,16.7022876739502,-8.5265128291212e-14,14.2779674467647,1.13686837721616e-13,13.7493501733321
1983,12,13,0.213995739817619,-1.13686837721616e-13,8.48510723329946,0,5.54017933454852
1983,12,14,2.20845580101013,0,1.13136750872854,0,3.70019276723496
1983,12,15,2.7909369468689,0,2.47943015623787,0,3.14415287051933
1983,12,16,0.543064773082733,0.237905391671035,1.54823766271147,0,2.03207307708805
1983,12,17,0.000473450723802671,0.270435773268986,0.0055008809949868,0,1.40526446624497
1983,12,18,0.0610613860189915,0.0266898303837877,0,0,1.08175034451951
1983,12,19,0.0667876899242401,0.0641271854723016,0,0,0.839114753225415
1983,12,20,0.06903275847435,0.0681317493066729,0,0,0.707687141274446
1983,12,21,4.90247392654419,2.469363536797,0,0,0.788565671705811
1983,12,22,9.56473541259766,6.6826181964058,0.185505439215376,0,1.36482520102929
1983,12,23,0.133775994181633,4.69884280341185,0.223402474424802,0,0.960432548872463
1983,12,24,0.0413640514016151,0.089266843766751,-9.09494701772928e-13,0,0.808785304313653
1983,12,25,0.00381544325500727,0.0270970916279794,0,0,0.60658897823524
1983,12,26,0.0154504422098398,0.00871667178057578,0,0,0.647028243450922
1983,12,27,0.618436753749847,0.257744228060119,0,0,0.687467508666605
1983,12,28,5.90183210372925,3.04624912875346,0,0,0.727906773882288
1983,12,29,2.90990543365479,4.70023193750907,0,0,0.505490815196033
1983,12,30,0.179843932390213,1.62223318110657,0,0,0.353843570637223
1983,12,31,0.213849246501923,0.196537031365011,0,0,0.31340430542154
1984,1,1,0.0959609672427177,0.160591299589981,0,0,0.323514121725461
1984,1,2,0.00708186533302069,0.0534783987933167,0.00313518962411763,0,0.333623938029382
1984,1,3,0.00507585192099214,-2.8421709430404e-14,0.00575340272462199,0,0.333623938029382
1984,1,4,0.00337843364104629,2.8421709430404e-14,0.00406980772550014,0,0.31340430542154
1984,1,5,0.103150598704815,0,0.0506823990153862,0,0.323514121725461
1984,1,6,0.0027808821760118,2.8421709430404e-14,0.0629819085506824,2.8421709430404e-14,0.353843570637223
1984,1,7,0.00120777601841837,0.000237969482128619,0.00163911355139135,-2.8421709430404e-14,0.404392652156826
1984,1,8,0.00576617429032922,0.000177747070125633,0.00363225383262034,0,0.363953386941144
1984,1,9,0.0226611662656069,0,0.0133014680768611,0.0195355159690678,0.30329448911762
1984,1,10,3.32841873168945,0,1.65816971122149,0.0221305859051881,0.333623938029382
1984,1,11,0.000879374390933663,0.000435604625039332,1.67966183280078,0,0.252745407598017
1984,1,12,9.22281760722399e-05,0.000504768137517431,0,0,0.242635591294096
1984,1,13,0.427677482366562,0.212484153996314,0,0,0.222415958686255
1984,1,14,0.624611020088196,0.467110626107655,0.0649490039613738,0,0.202196326078413
1984,1,15,0.0702944919466972,0.315644129847414,0.0696288073349933,0,0.181976693470572
1984,1,16,0.557798147201538,0.282445398885358,0,0,0.181976693470572
1984,1,17,0.101648561656475,0.374664861474031,9.09494701772928e-13,0,0.181976693470572
1984,1,18,1.99510157108307,0.995945492531462,-9.09494701772928e-13,0,0.15164724455881
1984,1,19,1.03316116333008,1.48676656523944,0,0,0.131427611950969
1984,1,20,0.00429558334872127,0.46236044798232,0,0,0.111207979343127
1984,1,21,0.00795481260865927,0.00637375317629108,0,0,0.0909883467352859
1984,1,22,0,0.00500067918403602,0,0,0.111207979343127
1984,1,23,2.22939610481262,1.07261960137691,0,0,0.121317795647048
1984,1,24,6.19636487960815,1.12019008500545,3.08291793035369,0,0.404392652156826
1984,1,25,0.276291489601135,-2.8421709430404e-14,3.26328154515159,0,2.2039399542547
1984,1,26,0.0474161207675934,0,0.166872177288496,0.0753730942206801,1.11207979343127
1984,1,27,0,-2.8421709430404e-14,0.022174979942065,0.0737324450489041,1.24350740538224
1984,1,28,0.132938235998154,0.0524931923926886,0.010195187645877,2.8421709430404e-14,0.515600631499954
1984,1,29,0.867267966270447,0.26039827586618,0.203228981708889,0,0.30329448911762
1984,1,30,3.53444600105286,0.532985800452224,1.65148440651956,0,0.222415958686255
1984,1,31,0.217971295118332,0.43320342575268,1.53478407358853,0,0.171866877166651
1984,2,1,0.00478333747014403,0.0889615900300953,0.00168562264661887,0,0.181976693470572
1984,2,2,0.186404570937157,0.000990221382551226,0.0937022981643167,1.315697884673,0.404392652156826
1984,2,3,3.24669361114502,0,1.60386055621075,3.28695465135769,3.0329448911762
1984,2,4,0.259951263666153,0,1.75363146409563,2.00850090962234,2.25448903577431
1984,2,5,0.549915015697479,0.039667710392024,0.375076931235526,-2.8421709430404e-14,0.677357692362684
1984,2,6,0.183877974748611,0.13654735802325,0.20544479632008,2.8421709430404e-14,0.444831917372509
1984,2,7,0.0279396381229162,0.109883486701136,0,0,0.222415958686255
1984,2,8,0.00532387988641858,0.0160340532684984,0,0,0.202196326078413
1984,2,9,0.00527064176276326,0.00248921093282206,0.00280632262274594,0,0.222415958686255
1984,2,10,2.05965089797974,0,1.01435279168618,2.1934687028531,0.262855223901937
1984,2,11,5.18390274047852,0,3.61593004229053,5.32406871401622,1.1727386912548
1984,2,12,0.435935258865356,0,2.8583324521469,8.05998251221422,1.12218960973519
1984,2,13,4.80686187744141,-2.8421709430404e-14,2.34507818556813,10.4814940751839,1.4659233640685
1984,2,14,1.49961912631989,2.8421709430404e-14,3.2659258849817,1.10744420683321,1.55691171080378
1984,2,15,8.26856557978317e-06,-2.8421709430404e-14,0.757563001445305,0,1.06153071191167
1984,2,16,0.0476064756512642,2.8421709430404e-14,0.0219427582342178,0,0.849224569529335
1984,2,17,0.718159258365631,2.8421709430404e-14,0.361946423297923,0,0.778455855401891
1984,2,18,0.31993892788887,-2.8421709430404e-14,0.519688838814545,0,0.717796957578367
1984,2,19,1.17122507095337,0,0.733074812984341,0,0.738016590186208
1984,2,20,0.0519518814980984,-2.8421709430404e-14,0.624657489752281,0,0.60658897823524
1984,2,21,4.17492046835832e-05,2.8421709430404e-14,0.0267007235270285,0,0.485271182588192
1984,2,22,5.15250721946359e-05,0,4.69515498480178e-05,0,0.414502468460747
1984,2,23,0.00223175575956702,0,0.00104754611584212,0,0.363953386941144
1984,2,24,2.83124089241028,0,1.27536872384007,0,0.363953386941144
1984,2,25,9.94630241394043,0,6.01359398841669,-2.55795384873636e-13,0.687467508666605
1984,2,26,0.0438883937895298,1.13686837721616e-13,5.00897811209143,-8.5265128291212e-14,1.40526446624497
1984,2,27,3.94403529167175,0,1.98564166921915,0,1.37493501733321
1984,2,28,14.0584716796875,4.30074597684541,4.69121296291178,8.5265128291212e-14,1.09186016082343
1984,2,29,2.70101952552795,5.66266950500511,2.72378533696974,-5.6843418860808e-14,0.687467508666605
1984,3,1,0.29843071103096,1.52065632997511,0,0,0.545930080411716
1984,3,2,0.0238647256046534,0.165323773871449,0.00502336586941965,0,0.556039896715636
1984,3,3,0.00299295736476779,0.00854131224403432,0.0059134768353033,0,0.505490815196033
1984,3,4,2.38296961784363,0.557607419915883,0.408958872616495,0,0.495380998892112
1984,3,5,6.69428014755249,0.686935428971907,3.8501056710893,0,2.12306142382334
1984,3,6,0.187751188874245,0,3.60931056717527,0,3.81140074657809
1984,3,7,0.142995178699493,0.063671017068657,0.102328774971284,0,2.37580683142136
1984,3,8,3.15131759643555,1.61072748487791,0.0061131286993259,0,1.75910803688219
1984,3,9,0.788305521011353,2.03308783348143,0,0,1.13229942603911
1984,3,10,0.0288247913122177,0.353187285070362,0,0,0.980652181480304
1984,3,11,0.0333757400512695,0.0309580161709846,0,0,0.778455855401891
1984,3,12,1.45821261405945,0.677953592066501,0,2.8421709430404e-14,0.576259529323478
1984,3,13,8.12411689758301,0.753457587350738,3.92639054548272,-2.8421709430404e-14,0.707687141274446
1984,3,14,0.4874207675457,0,4.33451570261423,0.0186690583235247,1.30416630320577
1984,3,15,1.6775141954422,0,1.07995429673792,2.91841111343155,1.83998656731356
1984,3,16,8.75652980804443,0,5.19904233658144,7.31862251055239,9.57399603981287
1984,3,17,0.501246690750122,-5.6843418860808e-14,4.64510591723683,4.88689963723743,4.23601303134276
1984,3,18,0.802549123764038,0,0.647019886519047,0.471708769393445,2.82063874879386
1984,3,19,0.788538575172424,0,0.795898210060841,1.00456581264939,2.09273197491158
1984,3,20,15.3900661468506,-3.41060513164848e-13,8.07366798414296,1.74294802637667,5.36831245738187
1984,3,21,5.28457498550415,0,10.5554178814764,0,5.50984988563676
1984,3,22,3.84401750564575,1.13686837721616e-13,4.56976334619412,-5.6843418860808e-14,4.08436578678395
1984,3,23,0.13205660879612,0,1.99033160715771,0,3.54854552267615
1984,3,24,0.482461810112,0,0.298182223536969,0,2.53756389228409
1984,3,25,5.35072994232178,0,2.88154982126798,0,2.08262215860766
1984,3,26,0.742225229740143,0,3.0485411876989,5.6843418860808e-14,1.8096571184018
1984,3,27,2.24844908714294,0,1.48615885868094,0,1.52658226189202
1984,3,28,4.00375556945801,0,3.12497170969527,0,1.61757060862731
1984,3,29,4.57481527328491,5.6843418860808e-14,4.22335560575721,0,2.4971246270684
1984,3,30,0.0134843960404396,-1.70530256582424e-13,2.30783902335406,-2.8421709430404e-13,1.63779024123515
1984,3,31,0.00027349148876965,0,0.00728527621686226,0,1.16262887495088
1984,4,1,0.000228217933909036,0,0.000251556762123073,0,0.930103099960701
1984,4,2,0.000339798454660922,0,0.000283512288660859,0,0.76834603909797
1984,4,3,2.80191373825073,0,1.39653919975353,0,0.727906773882288
1984,4,4,8.87088108062744,0,5.83556500259783,0,2.7397602183625
1984,4,5,19.9800128936768,-1.13686837721616e-13,14.4214894256584,-5.6843418860808e-13,18.9053564883316
1984,4,6,1.672403216362,-3.41060513164848e-13,10.9327799268876,-2.27373675443232e-13,6.116438863872
1984,4,7,0.00106640602461994,0,0.846860553327133,0,3.21492158464677
1984,4,8,0.0836679413914681,0,0.0402536474302906,0,2.12306142382334
1984,4,9,0.794305443763733,0,0.43897375812594,0,1.60746079232339
1984,4,10,0.00824594311416149,0,0.442621082675942,0,1.25361722168616
1984,4,11,0.00221684016287327,0,0.00574177666112519,0,0.980652181480304
1984,4,12,0.955806612968445,0,0.429146990175468,0,0.808785304313653
1984,4,13,9.52748203277588,0,4.90318284628756,0,0.970542365176383
1984,4,14,1.66807019710541,0,5.7313492115627,0,0.909883467352859
1984,4,15,3.94077730178833,0,2.74211284216017,0,0.808785304313653
1984,4,16,7.07512855529785,0,5.50763326126616,0,1.33449575211753
1984,4,17,6.28532075881958,0,6.6838883016444,5.6843418860808e-14,3.78107129766633
1984,4,18,2.99955892562866,0,4.64279403940691,0,2.99250562596052
1984,4,19,0.355020105838776,0,1.80426849421929,0,2.17361050534294
1984,4,20,0.576924383640289,0,0.465522535411765,0,1.61757060862731
1984,4,21,13.2031660079956,5.6843418860808e-14,6.87545495310678,1.70530256582424e-13,3.38678846181342
1984,4,22,28.8464221954346,-2.27373675443232e-13,21.0204089450881,-5.6843418860808e-14,13.8504483363713
1984,4,23,14.8538398742676,0,21.9518683675933,3.41060513164848e-13,8.31026900182278
1984,4,24,3.06016445159912,1.13686837721616e-13,8.96735350481049,-5.6843418860808e-14,5.04479833565641
1984,4,25,0.0127153033390641,0,1.54174704456455,0,3.15426268682325
1984,4,26,0.0324988923966885,0,0.0225659178804563,0,2.16350068903902
1984,4,27,3.01880621910095,0,1.5159123549065,0,1.58724115971554
1984,4,28,1.74320089817047,0,2.43139669499396,0,1.23339758907832
1984,4,29,0.97886711359024,0,1.39617996857123,0,0.970542365176383
1984,4,30,4.58069610595703,0,2.75486840940539,0,1.01098163039207
1984,5,1,0.398848235607147,0,2.51177717667451,0,0.788565671705811
1984,5,2,0.0575249157845974,0,0.228318205281539,0,0.636918427147002
1984,5,3,4.23225784301758,0,2.14178077435463,0,0.727906773882288
1984,5,4,11.1700773239136,0,7.70098188984139,0,1.4659233640685
1984,5,5,1.65126597881317,0,6.41108066800553,0,1.30416630320577
1984,5,6,6.84419012069702,0,4.23460495274321,0,1.54680189449986
1984,5,7,1.36083161830902,0,4.40893269107983,0,1.81976693470572
1984,5,8,5.87074089050293,0,3.53358494139229,0,1.40526446624497
1984,5,9,0.174733266234398,0,3.03080540192877,0,1.1727386912548
1984,5,10,0.010571327060461,0,0.0937457967120281,0,0.859334385833256
1984,5,11,0.84214448928833,0,0.42514784843479,0,0.707687141274446
1984,5,12,5.01507759094238,0,2.91725391180626,0,0.647028243450922
1984,5,13,0.70321124792099,0,2.90710140165811,0,0.576259529323478
1984,5,14,2.30820488929749,0,1.50179250571273,0,0.60658897823524
1984,5,15,2.48508126787783e-06,0,1.20376747917817,0,0.495380998892112
1984,5,16,5.32338053744752e-05,0,2.40096196648665e-05,0,0.424612284764668
1984,5,17,1.17500540000037e-05,0,2.99442963296315e-05,0,0.384173019548985
1984,5,18,0.00100865995045751,0,0.000633488187304465,0,0.353843570637223
1984,5,19,0.0266325194388628,0,0.0105481740383766,0,0.353843570637223
1984,5,20,3.74891328811646,0,1.74845580924284,0,0.353843570637223
1984,5,21,15.1421213150024,0,8.34729757888363,0,1.62768042493123
1984,5,22,3.37565422058105,0,9.34058311421177,0,1.21317795647048
1984,5,23,20.6749114990234,0,11.9918187168933,-1.13686837721616e-13,4.42809954111725
1984,5,24,0.519911170005798,0,10.6295694345554,-2.8421709430404e-13,2.50723444337232
1984,5,25,0.699298560619354,0,0.606147879267155,0,1.49625281298026
1984,5,26,6.76421022415161,0,3.58305945996744,0,1.07164052821559
1984,5,27,0.564024448394775,0,4.07080478767875,0,0.778455855401891
1984,5,28,4.827308177948,0,2.61273053760033,0,0.727906773882288
1984,5,29,3.90127301216126,0,4.40112414322357,0,0.707687141274446
1984,5,30,0.0349674858152866,0,2.01458875428943,0,0.566149713019557
1984,5,31,0.106342382729054,0,0.0727427133515448,0,0.495380998892112
1984,6,1,5.23482558492106e-05,0,0.0572646468908715,0,0.444831917372509
1984,6,2,0,0,2.48321648541605e-05,0,0.414502468460747
1984,6,3,0.115553699433804,0,0.0644248642156526,0,0.384173019548985
1984,6,4,0,0,0.0498474353280471,0,0.343733754333302
1984,6,5,0.0669494718313217,0,0.037020079764261,0,0.323514121725461
1984,6,6,0.211601689457893,0,0.141653289546412,0,0.293184672813699
1984,6,7,0,0,0.114511155057699,0,0.262855223901937
1984,6,8,0,0,0,0,0.232525774990175
1984,6,9,0,0,0,0,0.212306142382334
1984,6,10,0.105563201010227,0,0.0649514628948964,0,0.202196326078413
1984,6,11,0.320675700902939,0,0.226491996085315,0,0.192086509774493
1984,6,12,0.000263064168393612,0,0.150083168016863,0,0.181976693470572
1984,6,13,1.70570027828217,0,0.819262385109141,0,0.181976693470572
1984,6,14,6.72948360443115,0,4.07896000959136,0,0.242635591294096
1984,6,15,0.00042569320066832,0,4.1134142737028,0,0.202196326078413
1984,6,16,0.00600669579580426,0,0.00381805357665144,0,0.181976693470572
1984,6,17,1.51075506210327,0,0.75375613403412,0,1.48614299667634
1984,6,18,1.10542583465576,0,1.32990463058832,0,0.535820264107795
1984,6,19,2.58229684829712,0,1.7969749951335,0,0.31340430542154
1984,6,20,0.340073168277741,0,1.57078154807095,0,0.212306142382334
1984,6,21,3.27179884910584,0,1.67171640357719,0,0.171866877166651
1984,6,22,0.42244365811348,0,1.98037110188398,0,0.141537428254889
1984,6,23,3.7564685344696,0,2.00426025268825,0,1.78943748579396
1984,6,24,6.46601963043213,0,4.94190770948353,0,1.1727386912548
1984,6,25,0.151242271065712,0,4.16280883566469,0,0.505490815196033
1984,6,26,0.311276406049728,0,0.222022829904745,0,0.222415958686255
1984,6,27,4.87279319763184,0,2.56344241932402,0,0.161757060862731
1984,6,28,0.94071763753891,0,3.10833606135748,0,0.141537428254889
1984,6,29,0.000102664773294237,0,0.570797593321004,0,0.111207979343127
1984,6,30,0,0,3.39207908837125e-05,0,0.0940212916264622
1984,7,1,0.0299636609852314,0,0.0113593517971822,0,0.0879554018441097
1984,7,2,0.0518551170825958,0,0.0444321534787377,0,0.0839114753225415
1984,7,3,1.62691307067871,0,-1.6960433271388,0,0.0808785304313653
1984,7,4,29.5320510864258,0,14.1493234883446,2.27373675443232e-13,1.64790005753907
1984,7,5,24.0918407440186,1.70530256582424e-13,26.8282121045531,0,3.3766786455095
1984,7,6,5.09097480773926,0,14.6040562756762,-1.70530256582424e-13,1.8602061999214
1984,7,7,1.66516923904419,0,3.37888672595454,0,0.950322732568542
1984,7,8,4.58860267826822e-05,0,0.840752863691705,0,0.404392652156826
1984,7,9,0,0,2.31209814955946e-05,0,0.242635591294096
1984,7,10,0,0,0,0,0.171866877166651
1984,7,11,0.595518589019775,0,0.303410900716699,0,0.131427611950969
1984,7,12,0.747164845466614,0,0.664798762936698,0,0.111207979343127
1984,7,13,0.00418120576068759,0,0.402771280094385,0,0.0879554018441097
1984,7,14,0.0074763735756278,0,0.00610603297263879,0,0.0748126406490129
1984,7,15,0.503867030143738,0,0.228753044842961,0,0.0667247876058764
1984,7,16,0.317970126867294,0,0.417560462858091,0,0.0667247876058764
1984,7,17,0,0,0.16726309403839,0,0.0636918427147002
1984,7,18,1.78051292896271,0,0.781233313227858,0,0.0505490815196033
1984,7,19,0.000581453496124595,0,0.991032468142294,0,0.0424612284764668
1984,7,20,0.953150153160095,0,0.355224992680633,0,0.0374063203245064
1984,7,21,2.60043716430664,0,1.64578203197925,0,0.0394282835852906
1984,7,22,0.0569823607802391,0,1.35125732791948,0,0.0343733754333302
1984,7,23,1.02957784520186e-07,0,0.0319624975909392,0,0.0283074856509778
1984,7,24,0.0921931341290474,0,0.0424514603337229,0,0.0232525774990175
1984,7,25,2.67521333694458,0,1.10921653113019,0,0.0232525774990175
1984,7,26,17.2121639251709,0,9.66997666638326,0,0.0879554018441097
1984,7,27,13.129114151001,0,15.1733321434931,0,1.48614299667634
1984,7,28,1.79732847213745,0,7.67755111391671,0,0.515600631499954
1984,7,29,0.776155173778534,0,1.30266478716749,0,0.404392652156826
1984,7,30,0.00109140446875244,0,0.379573993530357,0,0.192086509774493
1984,7,31,0.0481512621045113,0,0.028782252406927,-5.6843418860808e-14,0.101098163039207
1984,8,1,1.37880647182465,0,0.704607138553911,5.6843418860808e-14,0.0707687141274446
1984,8,2,2.16168808937073,0,1.82058706490625,0,0.0596479161931319
1984,8,3,3.46668982505798,0,2.79096774345635,0,0.0475161366284271
1984,8,4,7.43552112579346,0,5.3831746830665,0,0.121317795647048
1984,8,5,12.1281595230103,0,9.73299846204463,0,0.0596479161931319
1984,8,6,0.409850031137466,0,6.51069230476969,0,0.0505490815196033
1984,8,7,0.150063797831535,0,0.283906924273651,0,0.0596479161931319
1984,8,8,2.79628038406372,0,1.46468114501022,0,0.0394282835852906
1984,8,9,1.59406137466431,0,2.28032800104211,0,0.101098163039207
1984,8,10,1.20664405822754,0,1.40479751083967,0,0.101098163039207
1984,8,11,7.53060531616211,0,4.36465637869969,0,0.76834603909797
1984,8,12,0.583231627941132,0,4.09263658632153,0,0.717796957578367
1984,8,13,0.0179318990558386,0,0.303663455292735,0,0.181976693470572
1984,8,14,0.000768883794080466,0,0.00987487034308288,0,0.0970542365176383
1984,8,15,0.000803782837465406,0,0.000784844896770665,5.6843418860808e-14,0.0596479161931319
1984,8,16,0.0440815053880215,0,0.0207651191603873,-5.6843418860808e-14,0.0343733754333302
1984,8,17,0.812921702861786,0,0.392790691345908,0,0.015164724455881
1984,8,18,6.79104948043823,0,3.63931071519801,0,0.0202196326078413
1984,8,19,0.335611432790756,0,4.13789847502903,0,0.015164724455881
1984,8,20,0.00617965077981353,0,0.122594794277575,0,0.015164724455881
1984,8,21,0.00253484467975795,0,0.00396216905119218,0,0.0161757060862731
1984,8,22,3.11979818344116,0,1.53278106333528,0,0.0161757060862731
1984,8,23,6.07531118392944,0,4.51374859919542,0,0.0161757060862731
1984,8,24,0.00103411031886935,0,3.16019379591035,0,0.0111207979343127
1984,8,25,0.00250441138632596,0,0.00166373217689397,0,0.0087955401844109
1984,8,26,0.00251499726437032,0,0.00250963664348092,0,0.0056614971301955
1984,8,27,1.15994143486023,0,0.563340829837216,0,0.0050549081519603
1984,8,28,8.75995635986328,0,4.43219076409696,0,0.0097054236517638
1984,8,29,1.37830233573914,0,5.20752482409807,0,0.0097054236517638
1984,8,30,0.00547020602971315,0,0.717222770981607,0,0.0087955401844109
1984,8,31,0.00111781479790807,0,0.00298035266496299,0,0.0161757060862731
1984,9,1,0.13682721555233,0,0.0793318583564542,0,0.0161757060862731
1984,9,2,0.825276255607605,0,0.497154421870619,0,0.0121317795647048
1984,9,3,10.61865234375,0,5.30087505132815,0,0.0252745407598017
1984,9,4,5.20022249221802,0,8.20208407086466,0,0.0262855223901937
1984,9,5,1.46652901172638,0,3.56588554095106,0,0.0202196326078413
1984,9,6,1.42069315910339,0,1.44204779276606,0,0.0192086509774493
1984,9,7,0.424647003412247,0,1.0046350541661,0,0.0202196326078413
1984,9,8,0.0249159056693316,0,0.25596471638346,0,0.015164724455881
1984,9,9,1.61725401878357,0,0.790339771982872,0,0.0131427611950969
1984,9,10,5.66819477081299,0,3.58719833226314,0,0.0192086509774493
1984,9,11,0.391218364238739,0,3.15356708319905,0,0.0192086509774493
1984,9,12,0.00204764003865421,0,0.216972247670128,0,0.015164724455881
1984,9,13,0.763425886631012,0,0.496272710251105,0,0.0141537428254889
1984,9,14,7.87340116500855,0,3.49947065189645,0,0.0097054236517638
1984,9,15,2.54797625541687,0,5.27281132148255,0,0.0070768714127444
1984,9,16,0.0351560451090336,0,1.466603519415,0,0.00636918427147
1984,9,17,0.0016906134551391,0,0.0141731725161662,0,0.0056614971301955
1984,9,18,3.53452583112812e-06,0,0.000871893373187049,0,0.0046505154998035
1984,9,19,8.10058281786041e-07,0,2.2220165192266e-06,0,0.003942828358529
1984,9,20,0.000575792277231813,0,0.000250953302384005,0,0.0033362393802938
1984,9,21,0.000381577701773495,0,0.000505849597175256,0,0.0025274540759801
1984,9,22,0.649931848049164,0,0.37812862071678,0,0.0020219632607841
1984,9,23,14.0187826156616,0,6.98380842392362,0,0.0232525774990175
1984,9,24,15.1789512634277,0,14.5951183709813,0,0.0475161366284271
1984,9,25,9.68850517272949,0,12.5524047960389,0,0.0667247876058764
1984,9,26,18.7812995910645,-5.6843418860808e-14,14.2241805476006,3.41060513164848e-13,0.60658897823524
1984,9,27,0.0203409604728222,-2.27373675443232e-13,9.72168669853636,-5.6843418860808e-14,0.515600631499954
1984,9,28,0.1756611764431,0,0.0928131973378186,0,0.202196326078413
1984,9,29,0,0,0.107042202352204,0,0.121317795647048
1984,9,30,0.675580620765686,0,0.296030768217861,0,0.091999328365678
1984,10,1,0.0629301518201828,0,0.369954530424366,0,0.0707687141274446
1984,10,2,0.000556720711756498,0,0.0322450743997251,0,0.0707687141274446
1984,10,3,0,0,0.000322914504977234,0,0.0667247876058764
1984,10,4,4.59607981611043e-05,0,1.88704207175761e-05,0,0.0535820264107795
1984,10,5,0.00196763081476092,0,0.000936469653424865,0,0.0414502468460747
1984,10,6,0.453220158815384,0,0.21299893631749,0,0.0333623938029382
1984,10,7,11.5066471099854,0,5.9797577201025,0,0.0424612284764668
1984,10,8,18.5637073516846,0,14.9887489507755,-5.6843418860808e-14,0.272965040205858
1984,10,9,2.37600588798523,0,10.4955096805479,0,0.495380998892112
1984,10,10,0.0614496432244778,0,1.26120196042939,0,0.252745407598017
1984,10,11,0.00560922687873244,0,0.0336998367984052,0,0.141537428254889
1984,10,12,0.0279507432132959,0,0.0167305315135309,0,0.0970542365176383
1984,10,13,0.0413904525339603,0,0.0344207470279798,0,0.0748126406490129
1984,10,14,2.44337773323059,0,1.10520728755182,0,0.0667247876058764
1984,10,15,3.64131712913513,0,2.961467017205,0,0.060658897823524
1984,10,16,2.36133909225464,0,3.0110592361716,0,0.181976693470572
1984,10,17,0.135438293218613,0,1.30444561985587,0,0.262855223901937
1984,10,18,0.0266749765723944,0,0.081945693351372,0,0.192086509774493
1984,10,19,2.14903140068054,0,1.07281948679611,0,0.141537428254889
1984,10,20,2.83263182640076,0,2.49011914268249,0,0.141537428254889
1984,10,21,11.867654800415,0,6.71103162867257,0,0.283074856509778
1984,10,22,5.63102722167969,0,8.80115370130261,0,0.60658897823524
1984,10,23,0.587546706199646,0,3.35261908454959,0,0.374063203245064
1984,10,24,0.100974313914776,0,0.351320217434477,0,0.272965040205858
1984,10,25,0.990676999092102,0,0.520844033705544,0,0.232525774990175
1984,10,26,3.35606145858765,0,2.16417759351043,0,0.212306142382334
1984,10,27,0.0303900130093098,0,1.69630506077283,0,0.202196326078413
1984,10,28,5.2165060043335,0,2.61566360807683,0,0.363953386941144
1984,10,29,9.7958345413208,0,7.25809907947678,0,5.20655539651914
1984,10,30,0.0693546608090401,0,5.71658638376721,0,2.88129764661739
1984,10,31,0.0401615127921104,0,0.0549601939583226,0,1.71866877166651
1984,11,1,9.44760990142822,0,4.35607402246569,0,5.25710447803874
1984,11,2,21.531623840332,1.13686837721616e-13,15.4895664802989,1.13686837721616e-13,11.1207979343127
1984,11,3,0.154629051685333,-1.13686837721616e-13,10.8442181691798,5.6843418860808e-14,4.18546394982315
1984,11,4,5.10344982147217,0,2.58784016087975,0,2.92173691183307
1984,11,5,1.18474662303925,0,3.19428917754703,0,3.33623938029382
1984,11,6,0.0168967843055725,0,0.617797972002336,0,2.16350068903902
1984,11,7,0.000628412584774196,0,0.00832477293079137,0,1.59735097601946
1984,11,8,0.721606850624085,0,0.345282590743409,0,1.20306814016656
1984,11,9,8.83980560302734,0,4.36183521677958,0,1.04131107930383
1984,11,10,14.6575012207031,1.13686837721616e-13,11.6276278228461,-3.41060513164848e-13,2.6892111368429
1984,11,11,5.74668312072754,5.6843418860808e-14,10.202104298317,-5.6843418860808e-14,3.63953386941144
1984,11,12,0.128032103180885,0,2.93753296587784,0,2.7903092998821
1984,11,13,0.00043379346607253,0,0.056884617045398,0,1.93097491404885
1984,11,14,0.0360084809362888,0,0.0221683350837338,0,1.44570373146065
1984,11,15,2.80388498306274,0,1.35335466606921,0,1.23339758907832
1984,11,16,0.152969747781754,0,1.55416501396121,0,1.01098163039207
1984,11,17,0.196138054132462,0,0.174540757015166,0,0.798675488009732
1984,11,18,5.29495525360107,0,2.74360680396512,0,0.76834603909797
1984,11,19,2.40607929229736,0,3.92197663610841,0,0.829004936921494
1984,11,20,0.0227373205125332,0.0047957881576508,1.21493912544338,0,0.980652181480304
1984,11,21,0,0.00481968319053294,0.0065545518991712,0,0.829004936921494
1984,11,22,0.000495775137096643,9.98847284563453e-05,0.000181644567419426,0,0.667247876058764
1984,11,23,0.00729945348575711,9.38387253199835e-05,0.00357595737295924,0.00213210518046481,0.647028243450922
1984,11,24,0.000342292041750625,0,0.00383745876479225,0.0162376842946514,0.576259529323478
1984,11,25,0.000420635042246431,0,0.00038827651860629,0,0.515600631499954
1984,11,26,0.027308652177453,0,0.0137091763872377,0,0.46505154998035
1984,11,27,5.99420404434204,0,2.85072760094135,0,0.515600631499954
1984,11,28,22.6045703887939,-4.54747350886464e-13,13.5041710503028,-1.13686837721616e-13,5.95468180300927
1984,11,29,0.584550857543945,-2.27373675443232e-13,11.6097117926283,0,4.50897807154861
1984,11,30,0.149227932095528,0,0.368577748887219,0,2.81052893248994
1984,12,1,0.0170549005270004,0,0.08610915522695,0,1.94108473035277
1984,12,2,0.659226179122925,0,0.33196742074324,0,1.49625281298026
1984,12,3,4.34515380859375,-5.6843418860808e-14,1.7959789756469,0,1.38504483363713
1984,12,4,0.00589040014892817,0.00239943319354552,2.20002762640888,0,1.11207979343127
1984,12,5,1.82199883460999,0.903377663927415,0.00052134301768092,0,0.980652181480304
1984,12,6,5.39050626754761,3.4842843908001,0,0,0.808785304313653
1984,12,7,0.0968493670225143,3.27614326155742,0,0,0.677357692362684
1984,12,8,0.00508773326873779,0.0562414650840992,0.000431085732998326,0,0.697577324970526
1984,12,9,0.714233636856079,0.00238562380809526,0.299542254032531,0,0.738016590186208
1984,12,10,2.58655619621277,0,1.48704776861905,1.08618086177103,2.57800315749977
1984,12,11,0.175971388816834,0,1.40568278322371,3.06949603520826,3.4272277270291
1984,12,12,0.962364077568054,0,0.523947540867084,3.58792706994649,2.41624609663704
1984,12,13,7.47814702987671,0,4.2057255809932,0,2.70943076945074
1984,12,14,11.0248689651489,0,9.25087113945574,0,5.32787319216619
1984,12,15,0.177225738763809,0,5.60208695880556,0,3.88216946070553
1984,12,16,0.0645793378353119,0,0.130213361304413,0,2.72965040205858
1984,12,17,0.103651203215122,0,0.0829438162209044,0,2.08262215860766
1984,12,18,0.391644477844238,0,0.246553149332613,0,1.64790005753907
1984,12,19,3.08712863922119,0,1.73891572790217,0,1.49625281298026
1984,12,20,1.51186501979828,0,2.2999488445912,0,1.4659233640685
1984,12,21,15.7325372695923,-6.82121026329696e-13,8.56532732935557,-5.6843418860808e-13,7.9766450637934
1984,12,22,9.00660514831543,-1.70530256582424e-13,12.4441848970264,-1.70530256582424e-13,11.8284850755872
1984,12,23,0.0293938387185335,-5.6843418860808e-14,4.52074900941989,-1.70530256582424e-13,4.3067817454702
1984,12,24,0.197392076253891,0,0.107932722568876,0,2.91162709552915
1984,12,25,0.0928457900881767,0.0344041324134992,0.124248176864967,0,1.99163381187237
1984,12,26,0,0.0583112952393208,9.09494701772928e-13,0,1.50636262928418
1984,12,27,0.0363822281360626,0,0.0176401044009253,0.109133226453537,1.32438593581361
1984,12,28,1.17134547233582,0,0.582280812559475,0,1.21317795647048
1984,12,29,5.31260251998901,0,3.24148999574209,0,1.29405648690184
1984,12,30,26.685884475708,-7.38964445190504e-13,15.9987314509453,1.13686837721616e-13,16.7822950645083
1984,12,31,2.3835940361023,-1.13686837721616e-13,14.5353136603417,-5.6843418860808e-14,7.01621251492094
1985,1,1,13.4091424942017,-2.27373675443232e-13,7.23441491244194,-2.27373675443232e-13,10.2109144669599
1985,1,2,2.03044939041138,-3.41060513164848e-13,8.31975589650483,-4.54747350886464e-13,6.15687812908768
1985,1,3,0.00347021222114563,0.000652939015083121,1.01929100008692,0,3.3766786455095
1985,1,4,3.51749086380005,0.577949391718619,1.13691972450852,0,2.46679517815664
1985,1,5,0.256667733192444,0.597963461077939,1.30369775213876,0,1.81976693470572
1985,1,6,0.00124050315935165,0,0.143347229075516,0,1.49625281298026
1985,1,7,0.447455942630768,0,0.224257131249942,0,1.36482520102929
1985,1,8,0.0212035868316889,6.16946853710942e-05,0.265541105852208,0,1.13229942603911
1985,1,9,0.368462562561035,0.170094572014193,0.0113419049330332,0,0.909883467352859
1985,1,10,3.53927063941956,1.90822048126921,0,0,0.859334385833256
1985,1,11,1.27901375293732,2.48434154182172,0,0,0.707687141274446
1985,1,12,0.0686616823077202,0.786903747625047,0,0,0.556039896715636
1985,1,13,0.0108353160321713,0.0428089820014179,-9.09494701772928e-13,0,0.485271182588192
1985,1,14,0.30994987487793,0.138893723556407,0,0,0.404392652156826
1985,1,15,0.157255128026009,0.252443298133699,9.09494701772928e-13,0,0.384173019548985
1985,1,16,0.49935194849968,0.29705847571114,-9.09494701772928e-13,0,0.363953386941144
1985,1,17,4.47194194793701,2.28421417834011,9.09494701772928e-13,0,0.343733754333302
1985,1,18,2.4509768486023,3.53445815669147,0.0532426594381832,0,0.323514121725461
1985,1,19,0.406494408845902,1.59049142301427,0.0749317017643989,0,0.31340430542154
1985,1,20,0.0179736874997616,0.22973086624819,0,0,0.252745407598017
1985,1,21,0.177399158477783,0.079814548481238,0,0,0.272965040205858
1985,1,22,0.252792149782181,0.208864779392854,0,0,0.283074856509778
1985,1,23,0.0510265789926052,0.177021506401729,0,0,0.283074856509778
1985,1,24,0.34912297129631,0.199711393639461,0,0,0.272965040205858
1985,1,25,1.15133213996887,0.689763739137675,0,0,0.262855223901937
1985,1,26,0.332174032926559,0.746284302461106,0,0,0.252745407598017
1985,1,27,0.00274493941105902,0.176922875883463,0,0,0.242635591294096
1985,1,28,0.00139000650960952,0.00218998025820838,0,5.6843418860808e-14,0.242635591294096
1985,1,29,0.154428392648697,0.0855025225097847,0,-5.6843418860808e-14,0.252745407598017
1985,1,30,0.22668319940567,0.17390396926146,0.00677455320146692,0,0.262855223901937
1985,1,31,3.35059547424316,1.35852588962149,0.346630948740312,0,0.262855223901937
1985,2,1,0.95682430267334,1.8257773605352,0.367628330440311,0,0.262855223901937
1985,2,2,1.14818632602692,1.03276427807037,0,0,0.252745407598017
1985,2,3,0.344408512115479,0.670542091604204,9.09494701772928e-13,0,0.242635591294096
1985,2,4,0.120437823235989,0.255967493139224,-9.09494701772928e-13,0,0.222415958686255
1985,2,5,1.9028137922287,0.795344171659508,0,0,0.232525774990175
1985,2,6,0.138214111328125,1.10256661543389,0,0,0.232525774990175
1985,2,7,0.0148446373641491,0.098628120725607,0,0,0.242635591294096
1985,2,8,0.00267846742644906,0.00908101065607525,0,0,0.232525774990175
1985,2,9,0.14353708922863,0.106497302917944,0,0,0.222415958686255
1985,2,10,6.36139440536499,2.98778427800016,-1.78653253365246,0,0.242635591294096
1985,2,11,20.762357711792,3.46416987114276,9.45597903821181,0,1.01098163039207
1985,2,12,15.7946138381958,-5.6843418860808e-14,18.2911404431461,0,4.04392652156826
1985,2,13,3.05826902389526,1.52431049942078,7.92222082117951,0,2.52745407598017
1985,2,14,0.32104504108429,1.65126688150019,-9.09494701772928e-13,0,1.5164724455881
1985,2,15,0.0834291502833366,0.211755299575714,0,0,1.11207979343127
1985,2,16,0.000276162580121309,0.0320390988406416,0,0,0.909883467352859
1985,2,17,0.0310714766383171,0.00121998542942947,0.0123600736378648,0,0.75823622279405
1985,2,18,0,0.00142731806386109,0.0165941984623714,0,0.707687141274446
1985,2,19,0.00602642446756363,0,0.00225692266030819,0,0.626808610843081
1985,2,20,0.10065969824791,0,0.0504438582138391,0,1.01098163039207
1985,2,21,0.476835757493973,0,0.288174429861101,1.30574639419143,2.52745407598017
1985,2,22,7.75518703460693,0,4.07043795639129,4.74651805285492,19.2086509774493
1985,2,23,11.5062437057495,0,9.62234953722782,9.35193237872221,22.3426940316647
1985,2,24,2.54974555969238,0,7.02911282918558,12.4447323108185,7.53181314642089
1985,2,25,0.28992223739624,0,1.42363456844669,7.17853750248207,4.07425597048003
1985,2,26,0.0340983234345913,0,0.166098191735728,0,2.71954058575466
1985,2,27,0.112688779830933,0,0.0733577432238235,0,1.93097491404885
1985,2,28,2.08883502637036e-05,0,0.0607887620990368,5.6843418860808e-14,1.39515464994105
1985,3,1,0.670204758644104,0,0.332043373489796,-5.6843418860808e-14,1.21317795647048
1985,3,2,1.61621916294098,0,1.13290055504331,0,1.04131107930383
1985,3,3,0.137789264321327,0,0.919970073981858,0,0.859334385833256
1985,3,4,5.00713014602661,0,2.55596107742349,0,1.16262887495088
1985,3,5,6.16943645477295,2.8421709430404e-13,5.58695183730924,5.6843418860808e-14,3.00261544226444
1985,3,6,0.00402955571189523,5.6843418860808e-14,3.0981914979775,5.6843418860808e-14,1.67822950645083
1985,3,7,2.02285194396973,5.6843418860808e-14,1.01311718309807,1.13686837721616e-13,1.29405648690184
1985,3,8,11.9013338088989,2.8421709430404e-13,5.97806260480502,1.13686837721616e-13,4.52919770415646
1985,3,9,0.220684587955475,1.13686837721616e-13,6.19102543639292,1.13686837721616e-13,3.00261544226444
1985,3,10,0.534132838249207,0,0.376728858398565,0,1.89053564883316
1985,3,11,15.251895904541,1.70530256582424e-13,7.87008747037089,0,4.31689156177412
1985,3,12,6.24152612686157,1.13686837721616e-13,10.7873197077515,0,8.69444202137177
1985,3,13,0.59283322095871,0,3.45695336686185,0,3.3766786455095
1985,3,14,0.429608821868897,0,0.516168605086023,0,2.11295160751942
1985,3,15,0.000594770128373057,0,0.218729254771461,0,1.54680189449986
1985,3,16,0.000947570253629237,0,0.000752225183532573,0,1.26372703799008
1985,3,17,0.0595672726631165,0,0.0311382109366605,0,1.11207979343127
1985,3,18,0.0377626642584801,0,0.0492204302972823,0,0.91999328365678
1985,3,19,0.00321290525607765,0,0.0205871842636043,0,0.829004936921494
1985,3,20,0.17713874578476,0,0.0896777489060696,0,0.788565671705811
1985,3,21,0.0293290093541145,0,0.104524146596304,0,0.687467508666605
1985,3,22,0.323556572198868,0,0.16241013511717,0,0.657138059754843
1985,3,23,1.11331903934479,0,0.627580997666883,0,0.657138059754843
1985,3,24,2.61082816123962,0,1.77118396607148,0,0.626808610843081
1985,3,25,0.588690161705017,0,1.74473202398804,0,0.556039896715636
1985,3,26,0.00540165090933442,0,0.365764308136932,0,0.475161366284271
1985,3,27,0.202241480350494,0,0.101998292848293,-5.6843418860808e-14,0.485271182588192
1985,3,28,0.269481122493744,0,0.233406234950053,5.6843418860808e-14,0.505490815196033
1985,3,29,12.7277269363403,0,6.46390487274402,0,0.596479161931319
1985,3,30,42.6635208129883,-3.41060513164848e-13,26.1733983318591,5.6843418860808e-14,9.16960338765604
1985,3,31,32.5546836853027,-2.27373675443232e-13,37.6178452117592,-3.41060513164848e-13,15.0636262928418
1985,4,1,0.736622989177704,5.6843418860808e-14,17.5511139597975,0,5.35820264107795
1985,4,2,0.0346783064305782,5.6843418860808e-14,0.387181032117041,0,2.96217617704875
1985,4,3,0.409173458814621,-5.6843418860808e-14,0.210360890384436,0,2.05229270969589
1985,4,4,4.11304759979248,0,2.23620227124047,0,1.74899822057827
1985,4,5,4.34130716323853,0,4.2235515381617,0,2.1533908727351
1985,4,6,12.01198387146,1.13686837721616e-13,8.16237506367816,-1.70530256582424e-13,4.32700137807804
1985,4,7,3.38168525695801,-1.70530256582424e-13,7.74993223290494,-2.8421709430404e-13,2.41624609663704
1985,4,8,0.953835964202881,0,2.30912705716673,0,2.09273197491158
1985,4,9,0.410909980535507,0,0.686322607501097,0,1.59735097601946
1985,4,10,0.0621126107871532,5.6843418860808e-14,0.251586475810655,0,1.23339758907832
1985,4,11,1.73574912548065,-5.6843418860808e-14,0.89340032043765,0,1.08175034451951
1985,4,12,0.0656797364354134,0,0.926326261886061,0,0.859334385833256
1985,4,13,0.11844278126955,0,0.0917846036481933,0,0.748126406490129
1985,4,14,0.280188858509064,0,0.197824068759473,0,0.717796957578367
1985,4,15,4.4143180847168,0,2.33317223393624,0,0.950322732568542
1985,4,16,1.94358336925507,0,3.23630452751513,0,0.798675488009732
1985,4,17,0.014170584268868,0,1.18686527269983,0,0.626808610843081
1985,4,18,0,0,0.00719768094040774,0,0.556039896715636
1985,4,19,0,0,0,0,0.495380998892112
1985,4,20,0,0,0,0,0.444831917372509
1985,4,21,0,0,0,0,0.404392652156826
1985,4,22,0,0,0,0,0.374063203245064
1985,4,23,0,0,0,0,0.363953386941144
1985,4,24,0.763805985450745,0,0.349710941070043,0,0.343733754333302
1985,4,25,0.853873610496521,0,0.816545226059134,-5.6843418860808e-14,0.333623938029382
1985,4,26,0.0108213853091002,0,0.453505273127121,5.6843418860808e-14,0.30329448911762
1985,4,27,6.17072629928589,0,2.94397812375337,0,0.30329448911762
1985,4,28,4.16499710083008,0,5.28347633167959,0,0.374063203245064
1985,4,29,0.0643591657280922,0,2.59869693615292,0,0.424612284764668
1985,4,30,0.0466165132820606,0,0.0534211929161756,0,0.333623938029382
1985,5,1,15.9186000823975,0,7.56956377147162,0,0.404392652156826
1985,5,2,46.173957824707,2.8421709430404e-13,30.9792594353112,-1.13686837721616e-13,18.1976693470572
1985,5,3,4.76235055923462,-2.8421709430404e-13,27.4474851740351,-3.97903932025656e-13,7.9260959822738
1985,5,4,0.00187084136996418,0,2.39964446235899,0,3.33623938029382
1985,5,5,0.000163360658916645,0,0.00104768548499123,0,2.01185344448021
1985,5,6,0.143624827265739,0,0.0706583872170086,0,1.40526446624497
1985,5,7,0.00500600226223469,0,0.0763145160763088,0,1.08175034451951
1985,5,8,0.000651095295324922,0,0.00290606894122902,0,0.829004936921494
1985,5,9,0.00119299837388098,0,0.000914196395569888,0,0.677357692362684
1985,5,10,0.00324748991988599,0,0.00221324848916993,0,0.60658897823524
1985,5,11,0.30044811964035,0,0.147546670214979,0,0.566149713019557
1985,5,12,2.9772732257843,0,1.53051619700636,0,0.576259529323478
1985,5,13,1.3883239030838,0,2.28885188742061,0,0.515600631499954
1985,5,14,5.64940404891968,0,3.51828198788917,0,0.576259529323478
1985,5,15,23.0279693603516,0,14.3099250631312,0,8.47202606268551
1985,5,16,1.54374074935913,0,12.3172091196384,0,4.21579339873491
1985,5,17,7.38605165481567,0,4.35321448009563,0,3.76085166505849
1985,5,18,0.38528710603714,0,4.04004773670022,0,2.07251234230374
1985,5,19,0.090490497648716,0,0.243282079770324,0,1.40526446624497
1985,5,20,0.285363733768463,0,0.182385963710658,0,1.04131107930383
1985,5,21,2.45471405982971,0,1.29334310845297,0,0.839114753225415
1985,5,22,1.02842772006989,0,1.76228151796659,0,0.727906773882288
1985,5,23,2.91503000259399,0,1.96791603254587,0,0.839114753225415
1985,5,24,0.0263145454227924,0,1.52106817576077,0,0.61669879453916
1985,5,25,0.000714806083124131,0,0.0166817463677944,0,0.515600631499954
1985,5,26,0.00797768030315638,0,0.00361147275452822,0,0.46505154998035
1985,5,27,1.8861266374588,0,0.706473616759467,5.6843418860808e-14,0.475161366284271
1985,5,28,17.1258697509766,0,9.31939324990799,-5.6843418860808e-14,1.07164052821559
1985,5,29,0.0235849358141422,0,9.02992032652037,0,0.657138059754843
1985,5,30,0.22833713889122,0,0.12493496739171,0,0.45494173367643
1985,5,31,1.85545802116394,0,1.03954909285949,0,0.394282835852906
1985,6,1,0.456380099058151,0,1.19062557738289,0,0.353843570637223
1985,6,2,7.81658029556274,0,4.07871191423419,0,0.444831917372509
1985,6,3,3.51569604873657,0,5.66644521913531,0,0.434722101068588
1985,6,4,2.13723659515381,0,2.86924750380967,0,1.39515464994105
1985,6,5,1.40831470489502,0,1.82666904407233,0,0.859334385833256
1985,6,6,1.67920219898224,-5.6843418860808e-14,1.51771797917445,0,0.495380998892112
1985,6,7,7.41227769851685,5.6843418860808e-14,4.02925706461974,0,1.48614299667634
1985,6,8,2.50457668304443,0,5.02847746946372,0,2.62855223901937
1985,6,9,0,0,1.25571952082373,0,1.19295832386264
1985,6,10,0.435586482286453,0,0.20638117096405,0,0.697577324970526
1985,6,11,8.10316467285156,0,4.25617020276513,0,0.525710447803874
1985,6,12,16.0133647918701,0,12.0548348747079,0,0.687467508666605
1985,6,13,6.14108753204346,0,11.087693643778,0,0.667247876058764
1985,6,14,1.41943335533142,0,3.9461807601383,0,0.545930080411716
1985,6,15,2.30955171585083,0,1.82847943051547,0,0.444831917372509
1985,6,16,4.74961662292481,0,3.51338118960575,0,0.434722101068588
1985,6,17,1.06564807891846,0,2.95613998841782,0,0.353843570637223
1985,6,18,2.49119329452515,0,1.68483488168476,0,0.343733754333302
1985,6,19,0.714471161365509,0,1.62267642647748,0,0.293184672813699
1985,6,20,0.570014834403992,0,0.648761414028741,0,0.242635591294096
1985,6,21,0.341680407524109,0,0.458055764685014,0,0.222415958686255
1985,6,22,3.31049227714539,0,1.73612840890837,0,0.272965040205858
1985,6,23,0.696475207805634,0,2.1515798624996,0,0.353843570637223
1985,6,24,1.29212522506714,0,1.06980492834373,0,0.272965040205858
1985,6,25,2.35171699523926,0,1.78635875369582,0,0.222415958686255
1985,6,26,0.0221363939344883,0,1.25857330611416,0,0.202196326078413
1985,6,27,0,0,0.0110945103133417,0,0.181976693470572
1985,6,28,0,0,0,0,0.171866877166651
1985,6,29,0.000251281104283407,0,9.3872784418636e-05,0,0.15164724455881
1985,6,30,0.000855832302477211,0,0.000617714189502294,0,0.141537428254889
1985,7,1,8.0986795425415,0,3.65660067802764,0,0.171866877166651
1985,7,2,19.719144821167,0,12.9060624274553,0,2.50723444337232
1985,7,3,3.89883875846863,0,11.8222518524253,0,0.980652181480304
1985,7,4,0.287753283977509,0,2.17967480469815,0,0.374063203245064
1985,7,5,4.88450288772583,0,2.42375808692032,0,0.222415958686255
1985,7,6,2.16716623306274,0,3.54574304387916,0,0.171866877166651
1985,7,7,0.336308926343918,0,1.35163485704015,0,0.141537428254889
1985,7,8,0.0219062175601721,0,0.180461046591518,0,0.121317795647048
1985,7,9,0.07386264950037,0,0.0446414799880586,0,0.111207979343127
1985,7,10,2.82504534721375,0,1.1710769365427,0,0.374063203245064
1985,7,11,0.0791395604610443,0,1.54326318643143,0,0.121317795647048
1985,7,12,0.0109458286315203,0,0.047492860242528,0,0.0930103099960701
1985,7,13,1.83098995685577,0,0.781106125434235,0,0.0879554018441097
1985,7,14,5.90086555480957,0,3.30164516483455,0,0.424612284764668
1985,7,15,6.17432689666748,0,6.06752416826294,0,0.242635591294096
1985,7,16,0.178110659122467,0,3.21453413519157,0,0.121317795647048
1985,7,17,3.07008167510503e-06,0,0.072616690614268,0,0.0849224569529335
1985,7,18,0.000743946642614901,0,0.000404417541176372,0,0.0667247876058764
1985,7,19,0.0016727257752791,0,0.00129907912469207,0,0.0556039896715636
1985,7,20,0.0570950247347355,0,0.0259510993537333,0,0.0535820264107795
1985,7,21,3.45076990127564,0,1.66353909450027,0,0.0576259529323478
1985,7,22,9.66327381134033,0,6.4870128824723,0,0.0657138059754843
1985,7,23,0.517417371273041,0,5.10072080944246,0,0.061669879453916
1985,7,24,0.00644304091110826,0,0.251570003718371,0,0.0556039896715636
1985,7,25,1.46828174591064,0,0.722292808585735,0,0.0535820264107795
1985,7,26,18.0340175628662,0,9.63284285751433,0,0.0990761997784225
1985,7,27,3.15018534660339,0,10.6021936892921,0,0.131427611950969
1985,7,28,0.0086280107498169,-5.6843418860808e-14,1.59506831611634,0,0.0990761997784225
1985,7,29,0.0306601393967867,5.6843418860808e-14,0.0198329534405275,0,0.0647028243450922
1985,7,30,0.240622386336327,0,0.158343498877912,0,0.0475161366284271
1985,7,31,5.90864038467407,0,2.92444933346087,0,0.0687467508666605
1985,8,1,20.7997875213623,0,12.8963965668954,0,0.0818895120617573
1985,8,2,0.0500797145068646,0,10.5047802831505,0,0.0909883467352859
1985,8,3,2.07617608793953e-06,0,0.0261628017369731,0,0.101098163039207
1985,8,4,0.00724440533667803,0,0.00356416216527578,0,0.061669879453916
1985,8,5,3.95113444328308,0,1.97184920537438,-5.6843418860808e-14,0.0505490815196033
1985,8,6,4.45813369750977,0,4.20977024552394,5.6843418860808e-14,0.045494173367643
1985,8,7,6.6095757484436,0,5.53238785919803,0,0.045494173367643
1985,8,8,1.84820652008057,0,4.33885242598262,0,0.0808785304313653
1985,8,9,0.136696770787239,0,1.07170299040263,0,0.0798675488009732
1985,8,10,0.362117052078247,0,0.244944565688456,0,0.060658897823524
1985,8,11,0.289735168218613,0,0.32320277873805,0,0.0444831917372509
1985,8,12,0.0237453076988459,0,0.136315340225337,0,0.0343733754333302
1985,8,13,0.00586712267249823,0,0.0143417922108711,-5.6843418860808e-14,0.0262855223901937
1985,8,14,0.308212161064148,0,0.124242849839902,5.6843418860808e-14,0.0202196326078413
1985,8,15,14.8766870498657,0,6.21169555789402,0,0.100087181408815
1985,8,16,22.1361522674561,0,18.4996906607512,0,0.0889663834745018
1985,8,17,0.425182044506073,0,11.9648384195943,0,0.060658897823524
1985,8,18,0.341125696897507,0,0.384722369305564,0,0.046505154998035
1985,8,19,0.114569738507271,0,0.233416843164378,0,0.0495380998892112
1985,8,20,2.63242816925049,0,1.3024712583092,0,0.0363953386941144
1985,8,21,0.01194834895432,0,1.41906155738798,0,0.0252745407598017
1985,8,22,0.00251665525138378,0,0.00723992850362265,0,0.0202196326078413
1985,8,23,0.0046150479465723,0,0.00341720236883702,0,0.0161757060862731
1985,8,24,4.58197546005249,0,2.21015958717999,0,0.0141537428254889
1985,8,25,4.07122182846069,0,4.3366551642157,0,0.0131427611950969
1985,8,26,0.697729706764221,0,2.41281954096939,0,0.0121317795647048
1985,8,27,0.321454286575317,0,0.515902797551462,0,0.0111207979343127
1985,8,28,0.0005213464028202,0,0.161044872938874,0,0.0083911475322541
1985,8,29,1.78164207935333,0,0.885251826335662,0,0.0060658897823524
1985,8,30,17.3326091766357,0,9.54912485861769,0,0.060658897823524
1985,8,31,0.46196448802948,0,9.28380072433447,0,0.0556039896715636
1985,9,1,5.8367477322463e-05,0,0.234285584660938,0,0.0272965040205858
1985,9,2,0.0248277243226767,0,0.0106970544602518,-5.6843418860808e-14,0.0181976693470572
1985,9,3,0,0,0.0128494033260722,5.6843418860808e-14,0.0121317795647048
1985,9,4,0.031422421336174,0,0.016580458505814,0,0.0083911475322541
1985,9,5,1.43386685848236,0,0.648695088213572,0,0.0059647916193131
1985,9,6,0.0331397615373135,0,0.74890240309287,0,0.0043472210106858
1985,9,7,0,0,0.0160302952954225,0,0.003437337543333
1985,9,8,0.724857091903687,0,0.350483391481248,0,0.0027296504020585
1985,9,9,0.423256725072861,0,0.575127808131583,0,0.0021230614238233
1985,9,10,5.8914909362793,0,2.76691372157438,0,0.0018197669347057
1985,9,11,0.0328690409660339,0,3.82344234675657,0,0.0017186687716665
1985,9,12,2.25717212742893e-05,0,0.0137407845077178,0,0.0015164724455881
1985,9,13,2.18388748862708e-07,0,1.10378887256957e-05,0,0.0013142761195096
1985,9,14,0.000627045868895948,0,0.000311642073029361,0,0.0011120797934312
1985,9,15,0.000610914314165711,0,0.000620351717770973,0,0.0009098834673528
1985,9,16,0.000219872876186855,0,0.000361329230145202,0,0.0008087853043136
1985,9,17,0.000122287980047986,0,0.000166584445651097,0,0.0006065889782352
1985,9,18,0.000417590519646183,0,0.000269934395873861,0,0.000505490815196
1985,9,19,1.0602989277686e-05,0,0.000257005738603766,0,0.0003032944891176
1985,9,20,5.76934439777688e-07,0,4.5884889914305e-06,0,0.0006065889782352
1985,9,21,2.74346371043066e-06,5.6843418860808e-14,1.57672911882401e-06,0,0.0015164724455881
1985,9,22,0,-5.6843418860808e-14,1.67413872986799e-06,0,0.0016175706086273
1985,9,23,3.74148082733154,0,1.73605361899081,0,0.0019208650977449
1985,9,24,15.2187967300415,0,9.47142063297269,-3.41060513164848e-13,0.0017186687716665
1985,9,25,1.88468194007874,5.6843418860808e-14,8.56999686710606,-5.6843418860808e-14,0.0018197669347057
1985,9,26,2.93921971321106,0,2.47397371988882,5.6843418860808e-14,0.0018197669347057
1985,9,27,0.0249320976436138,0,1.82116929739186,5.6843418860808e-14,0.0015164724455881
1985,9,28,6.39953654513192e-08,0,0.00925823159013817,0,0.0014153742825488
1985,9,29,0.00623950408771634,0,0.00277935389658524,-5.6843418860808e-14,0.0013142761195096
1985,9,30,1.72408616542816,0,0.789778910279892,0,0.0013142761195096
1985,10,1,4.95698022842407,0,2.81168823427197,0,0.0008087853043136
1985,10,2,0.075220488011837,0,3.01278377132348,0,0.0004043926521568
1985,10,3,3.47718741977587e-06,0,0.0554062205283117,0,0.0003032944891176
1985,10,4,0.901761829853058,0,0.440436289279205,0,0.0004043926521568
1985,10,5,1.0235903263092,0,1.02425875582776,0,0.0008087853043136
1985,10,6,0.0238405559211969,0,0.702409003655703,0,0.0007076871412744
1985,10,7,0.00057099194964394,0,0.0136822755621324,0,0.0009098834673528
1985,10,8,0.000261477805906907,0,0.000441908357970533,0,0.0008087853043136
1985,10,9,0.000114712842332665,0,-0.00992852911349473,0,0.000505490815196
1985,10,10,0.116837948560715,0,-0.0186631614560611,0,0.0004043926521568
1985,10,11,0.950023233890533,0,0.530747893465559,0,0.000505490815196
1985,10,12,0.579134881496429,0,0.668849140161001,0,0.0006065889782352
1985,10,13,1.86184346675873,0,0.646800763514875,0,0.0006065889782352
1985,10,14,7.85829734802246,0,5.09180167055729,0,0.0015164724455881
1985,10,15,2.29433608055115,0,5.50256765423364,0,0.0016175706086273
1985,10,16,0.0626777708530426,0,1.27727716706431,0,0.0014153742825488
1985,10,17,4.72535648441408e-05,0,-0.0461662555508156,0,0.0012131779564704
1985,10,18,0.924218475818634,0,-0.142058529962924,0,0.0012131779564704
1985,10,19,7.44530773162842,0,1.88497006442594,0,0.0017186687716665
1985,10,20,30.8187503814697,6.82121026329696e-13,18.15443970871,-1.13686837721616e-13,3.47777680854871
1985,10,21,4.21395397186279,-5.6843418860808e-13,18.4723832106156,-1.13686837721616e-13,2.90151727922523
1985,10,22,0.0295974984765053,0,2.16077640092135,0,1.16262887495088
1985,10,23,0.211262181401253,0,0.116991543200129,0,0.657138059754843
1985,10,24,3.05066061019897,0,1.53638246689388,0,0.46505154998035
1985,10,25,0.349707722663879,0,1.74657633134029,0,0.343733754333302
1985,10,26,0.00054726644884795,0,0.186457655569939,0,0.262855223901937
1985,10,27,0.00487065268680453,0,0.00255274544088024,0,0.212306142382334
1985,10,28,0.000661762489471585,0,0.00299532254393853,0,0.181976693470572
1985,10,29,0.147636145353317,0,0.0606417351073105,0,0.171866877166651
1985,10,30,3.81669640541077,0,1.89774001303249,0,0.15164724455881
1985,10,31,1.46487247943878,0,2.70021706349962,0,0.131427611950969
1985,11,1,2.55033469200134,0,1.93543533885531,0,0.121317795647048
1985,11,2,3.44560766220093,0,2.99774902194258,0,0.131427611950969
1985,11,3,2.83204507827759,-5.6843418860808e-14,3.1411335076773,0,0.121317795647048
1985,11,4,2.08051538467407,5.6843418860808e-14,2.46688403929875,0,0.111207979343127
1985,11,5,0.0340067557990551,0,1.08012437921934,0,0.0960432548872463
1985,11,6,0.26202729344368,0,0.123733023401655,0,0.0869444202137177
1985,11,7,1.70873832702637,0,0.869345742332371,0,0.0818895120617573
1985,11,8,0.138728752732277,0,1.09056810679249,0,0.0717796957578367
1985,11,9,2.37586522102356,0,1.2365494624346,0,0.293184672813699
1985,11,10,16.6975440979004,5.6843418860808e-13,7.98962047754412,2.8421709430404e-13,4.5494173367643
1985,11,11,25.4070415496826,3.97903932025656e-13,20.9719386573515,-5.6843418860808e-14,7.24873828991111
1985,11,12,14.5519504547119,0,19.9813413615884,5.6843418860808e-14,10.4131107930383
1985,11,13,11.3103628158569,-3.41060513164848e-13,12.9357391560097,0,7.35994626925424
1985,11,14,2.96804404258728,0,7.1625155019201,-5.6843418860808e-14,4.16524431721531
1985,11,15,5.08676624298096,0,3.81122907878125,0,3.51821607376439
1985,11,16,21.2733383178711,-5.6843418860808e-14,11.2491015435098,-5.6843418860808e-14,12.5361722168616
1985,11,17,1.13874876499176,2.27373675443232e-13,11.7097936398359,5.6843418860808e-14,6.10632904756808
1985,11,18,0.816724300384522,0,0.978596246199231,0,3.44744735963695
1985,11,19,6.69214916229248,0,3.68800997171729,0,5.44919098781324
1985,11,20,9.28034973144531,-5.6843418860808e-14,7.98553435050053,0,6.73313765841116
1985,11,21,0.273901611566544,0,4.81731736104666,0,3.65975350201928
1985,11,22,0.122042290866375,0,0.198277480018078,0,2.53756389228409
1985,11,23,0.0129771269857883,0,0.0622505370038198,0,1.87031601622532
1985,11,24,0.612552583217621,0,0.323831863376654,0,1.49625281298026
1985,11,25,3.10839009284973,-5.6843418860808e-14,1.86032642216469,0,1.34460556842145
1985,11,26,11.1090803146362,5.6843418860808e-14,6.98243557608021,0,7.40038553446992
1985,11,27,29.226396560669,0,20.145751180833,2.27373675443232e-13,16.8833932275475
1985,11,28,15.4818124771118,2.27373675443232e-13,22.4928722134428,-5.6843418860808e-14,13.5471538472537
1985,11,29,0.218287900090218,-5.6843418860808e-14,7.94184871111975,-1.70530256582424e-13,5.81314437475438
1985,11,30,0.134236305952072,0,0.176669399312232,-5.6843418860808e-14,3.65975350201928
1985,12,1,2.81436848640442,0,1.46977979076382,5.6843418860808e-14,3.02283507487228
1985,12,2,3.8049852848053,0.240712327809035,3.00801267379393,0,2.85096819770563
1985,12,3,0.0123805021867156,0.281745319661923,1.63446012540135,1.13686837721616e-13,1.83998656731356
1985,12,4,0.00105258403345943,0.00675846338702968,0,0,1.44570373146065
1985,12,5,0.503904819488525,0.000533808017507909,0.248354265652779,-5.6843418860808e-14,1.26372703799008
1985,12,6,0.913555681705475,0.136196118920054,0.566204505023961,-5.6843418860808e-14,1.11207979343127
1985,12,7,0.0206018779426813,0.150810790465698,0.337684117673234,0,0.91999328365678
1985,12,8,6.83411053614691e-06,0.00392060195167687,0.00697329472131969,0,0.879554018441097
1985,12,9,0.242518469691277,0,0.0952501140172899,0.290258368578122,0.788565671705811
1985,12,10,5.44046258926392,0,2.84108538716555,0.570564617663649,1.25361722168616
1985,12,11,26.0135326385498,-1.13686837721616e-13,15.724337766067,0,10.5142089560775
1985,12,12,10.222544670105,5.6843418860808e-14,18.25214184982,-3.97903932025656e-13,9.73575310067559
1985,12,13,1.52276408672333,0.223598366644239,5.65373267801078,0,4.17535413351923
1985,12,14,1.08105421066284,0.758831826049402,0.546936885482865,-5.6843418860808e-14,2.56789334119585
1985,12,15,0.0115777868777514,0.577716804712566,0,0,1.87031601622532
1985,12,16,0.0190898962318897,0.0113995554419262,0.00326235066495428,0,1.43559391515673
1985,12,17,0.36939799785614,0.177927185475312,0.00424690461932187,5.6843418860808e-14,1.20306814016656
1985,12,18,0.643709123134613,0.491006261203552,0,-5.6843418860808e-14,0.849224569529335
1985,12,19,0.123865768313408,0.397857327281031,0,0,0.707687141274446
1985,12,20,1.14142179489136,0.584013064458304,0,0,0.667247876058764
1985,12,21,0.157303705811501,0.674800310416003,0,0,0.647028243450922
1985,12,22,0.0114689851179719,0.077933682475134,0,0,0.60658897823524
1985,12,23,0.0919506326317787,0.00584867418882595,0.045059884566399,0,0.667247876058764
1985,12,24,0.343835800886154,0.0509391077135888,0.166515760020957,0,0.60658897823524
1985,12,25,0.137931153178215,0.119992574153059,0.121410178369842,0,0.394282835852906
1985,12,26,0.320507526397705,0.245319405503267,0,0,0.45494173367643
1985,12,27,0.783720076084137,0.490601660334221,0.0363554425348411,0,0.505490815196033
1985,12,28,0.0150281870737672,0.379290061382164,0.043243050115052,0,0.495380998892112
1985,12,29,0.00341601576656103,0.00968362225063402,9.09494701772928e-13,0,0.444831917372509
1985,12,30,2.3045420221024e-06,0.00181621121214448,-9.09494701772928e-13,0,0.404392652156826
1985,12,31,0.0311074238270521,1.41829389121995e-06,0.0119628520742481,0,0.414502468460747
1986,1,1,0.000710562511812896,0.000244406623096438,0.0170825881332348,0,0.353843570637223
1986,1,2,0,0.000322239311230987,0.000102479834822589,0,0.343733754333302
1986,1,3,0.0893399864435196,0,0.0373394271791767,0.772477213907507,0.333623938029382
1986,1,4,0.16325432062149,0,0.125289793007141,0.949321332199986,0.323514121725461
1986,1,5,0.303383231163025,0.00521000106687097,0.226718303902999,0,0.30329448911762
1986,1,6,0.0734011232852936,0.0463126712494955,0.126337219049674,0,0.262855223901937
1986,1,7,0.000131545588374138,0.0414924928062419,0,0,0.242635591294096
1986,1,8,3.55547635990661e-05,8.69020011577959e-05,0,0,0.232525774990175
1986,1,9,4.68154976260848e-05,4.07877008683499e-05,0,0,0.252745407598017
1986,1,10,0.00013838782615494,2.40667519619819e-05,6.72458818371524e-05,0,0.272965040205858
1986,1,11,0.0136054549366236,0,0.00580946059653797,0,0.262855223901937
1986,1,12,0.000616839446593076,0,0.00730393842604826,0.490470737539283,0.252745407598017
1986,1,13,0.0969284400343895,0,0.0473653602375634,0.520248178476095,0.242635591294096
1986,1,14,0.00265286630019546,0.00122990458845607,0.051991108232869,5.6843418860808e-14,0.222415958686255
1986,1,15,0.000782566901762039,0.00166358558107049,0.000111505050881533,-5.6843418860808e-14,0.222415958686255
1986,1,16,0.160488337278366,0.00027578024213426,0.0793954993769148,0.0116658452523097,0.222415958686255
1986,1,17,2.78475666046143,-5.6843418860808e-14,1.47222050720393,2.88340377470439,0.242635591294096
1986,1,18,5.7162823677063,0,4.23182746008479,0,0.333623938029382
1986,1,19,21.928352355957,2.27373675443232e-13,12.5800577083837,-5.6843418860808e-14,3.3766786455095
1986,1,20,1.6022572517395,5.6843418860808e-14,12.0504173320924,-3.41060513164848e-13,2.56789334119585
1986,1,21,0.00910977646708488,0,0.863151732465667,0,1.4659233640685
1986,1,22,0.010535292327404,0,0.00971687305354862,0,1.79954730209788
1986,1,23,0.0499777346849442,0,0.0302262644472648,0,1.49625281298026
1986,1,24,0.0289846546947956,0,0.0403181667588797,0,1.14240924234303
1986,1,25,0.92575877904892,0,0.476920906790838,0,1.02109144669599
1986,1,26,0.19166998565197,0.0101432308588301,0.572717883612313,0,0.960432548872463
1986,1,27,0.442558944225311,0.23032732247691,0.0857082994480152,0,0.636918427147002
1986,1,28,0.0378665998578072,0.251136592002013,0,5.6843418860808e-14,0.60658897823524
1986,1,29,0.42408213019371,0.227076006453274,0,-5.6843418860808e-14,0.586369345627398
1986,1,30,0.0327737480401993,0.241554949697445,0,0,0.545930080411716
1986,1,31,0.0201206207275391,0.0218756873730968,0.0050766040048984,0,0.505490815196033
1986,2,1,2.02178525924683,0.00454972911273899,1.01497097941865,0.970674255964639,0.505490815196033
1986,2,2,6.8661584854126,0,4.15778235590915,0,0.879554018441097
1986,2,3,3.94469857215881,0,5.41457832411288,0,1.47603318037242
1986,2,4,27.686450958252,-1.13686837721616e-13,15.4942270716037,-2.27373675443232e-13,17.6921785318612
1986,2,5,5.21356678009033,-1.70530256582424e-13,16.563674093145,-1.70530256582424e-13,10.6153071191167
1986,2,6,2.57941389083862,0,3.89701986593991,0,5.29754374325443
1986,2,7,14.5009527206421,0,8.30682637979044,0,10.9186016082343
1986,2,8,0.0647238194942474,0.00196622805287916,7.30817182911051,0,4.33711119438196
1986,2,9,0.0313930884003639,0.0102453165171141,0.0380586317614871,0,2.91162709552915
1986,2,10,0.304489731788635,0.160097899696211,0.00735688486656727,5.6843418860808e-14,2.00174362817629
1986,2,11,0.94695121049881,0.619880238774897,-9.09494701772928e-13,-5.6843418860808e-14,1.43559391515673
1986,2,12,0.0260939728468657,0.560579041520953,0,0,1.06153071191167
1986,2,13,0.0453833788633347,0.0352410585396683,-9.09494701772928e-13,0,0.859334385833256
1986,2,14,2.81478691101074,1.32996420203671,9.09494701772928e-13,0,0.76834603909797
1986,2,15,3.02678680419922,2.90342933863758,0,0,0.697577324970526
1986,2,16,0.89115434885025,2.0391398145286,0,0,0.647028243450922
1986,2,17,7.3442530632019,0.537311144284843,2.91612114375039,1.94923658058821,4.44831917372509
1986,2,18,0.0471248999238014,0,3.76784101117937,6.27812988134639,5.55028915085244
1986,2,19,0.0422194562852383,0,0.0447620426484718,0,4.44831917372509
1986,2,20,0.111288465559483,0,0.0722116685101355,0,3.00261544226444
1986,2,21,2.77180600166321,0,1.27632621147404,0,2.30503811729391
1986,2,22,0.0051329773850739,0,1.40303072944153,0,1.83998656731356
1986,2,23,0.331039667129517,0,0.149908129163123,0,1.49625281298026
1986,2,24,4.95727252960205,0,2.55866145882283,0,1.40526446624497
1986,2,25,0.00449869921430945,0.00179734524306241,2.48892029447143,0,1.29405648690184
1986,2,26,2.7796630859375,0.00182724313162908,1.37277272653046,0,1.48614299667634
1986,2,27,0.782572627067566,-1.70530256582424e-13,1.79067694843707,-1.13686837721616e-13,1.77932766949004
1986,2,28,0.0660690367221832,0.0330003769728933,0.391690710470357,0,1.33449575211753
1986,3,1,6.11374780419283e-05,0.0347660135195724,9.09494701772928e-13,0,1.02109144669599
1986,3,2,0.252127796411514,0.0201800632430036,0.091761054401104,0,0.879554018441097
1986,3,3,1.5754177570343,0.022759563218699,0.88912025816353,0.12655496672636,0.818895120617574
1986,3,4,0.334519803524017,-1.13686837721616e-13,0.955138925784013,5.6843418860808e-14,0.707687141274446
1986,3,5,0.084200881421566,0,0.218808203822846,0,0.697577324970526
1986,3,6,1.77305042743683,-5.6843418860808e-14,0.928438327496224,-5.6843418860808e-14,0.798675488009732
1986,3,7,0.308022171258926,0.102722413044489,0.973051538010623,5.6843418860808e-14,0.778455855401891
1986,3,8,0.00110909936483949,0.110532733802074,0.0469839616689569,0,0.596479161931319
1986,3,9,0.0117020448669791,0.000557693686687344,0.00581785022495751,0.227848295718729,0.687467508666605
1986,3,10,3.04873919487,0,1.48599672979071,0,0.75823622279405
1986,3,11,7.29595851898193,-5.6843418860808e-14,5.16259856063516,0,2.43646572924488
1986,3,12,9.84241485595703,-1.70530256582424e-13,8.50422750058351,0,3.40700809442126
1986,3,13,18.5426216125488,-5.11590769747272e-13,14.0565486995329,-3.97903932025656e-13,7.70368002358754
1986,3,14,0.133949354290962,-5.6843418860808e-13,9.34013493832208,-1.13686837721616e-13,3.80129093027417
1986,3,15,0.0193944033235312,0,0.0784293513106604,0,2.36569701511743
1986,3,16,0.0104143843054771,0,0.0151833199488465,0,1.65800987384299
1986,3,17,0.00202499097213149,0,0.00630267578253552,0,1.273836854294
1986,3,18,4.15704298019409,0,2.07597200726104,0,1.25361722168616
1986,3,19,29.1511497497559,-1.13686837721616e-13,15.9914947969201,-5.6843418860808e-14,9.64476475394031
1986,3,20,0.686314046382904,2.27373675443232e-13,14.9347097675427,0,4.02370688896042
1986,3,21,0.0171985235065222,0.00855020182672206,0.345114779436699,0,2.25448903577431
1986,3,22,0.000524995266459882,0.0087959923487233,0.00021761053812952,0,1.60746079232339
1986,3,23,0.000504966243170202,4.12115987842299e-05,0.000473857787255838,0.0355279926131402,1.32438593581361
1986,3,24,0.00302189611829817,0,0.00167894545847958,0,1.05142089560775
1986,3,25,0.000541243469342589,0,0.00178365483498055,0,0.899773651048939
1986,3,26,1.19175314903259,0,0.582595999272598,0,0.839114753225415
1986,3,27,1.92295062541962,0,1.55551423005636,5.6843418860808e-14,0.778455855401891
1986,3,28,0.122118882834911,0,1.09677346722856,-5.6843418860808e-14,0.657138059754843
1986,3,29,0,0,0.0611010639349843,0,0.626808610843081
1986,3,30,0.00410857377573848,0,0.00204564240084437,0,0.566149713019557
1986,3,31,0.00928008835762739,0,0.00661315780871519,0,0.515600631499954
1986,4,1,0.398878931999207,0,0.189793490121701,0,0.495380998892112
1986,4,2,3.74947285652161,0,1.99073644192686,0,0.505490815196033
1986,4,3,0.0422266349196434,0,2.1291085554285,0,0.45494173367643
1986,4,4,0.090394414961338,5.6843418860808e-14,0.0684495138175407,5.6843418860808e-14,0.434722101068588
1986,4,5,1.42231738567352,-5.6843418860808e-14,0.605356688638494,-5.6843418860808e-14,0.424612284764668
1986,4,6,2.46053504943848,0,1.81148293795195,0,0.404392652156826
1986,4,7,0.194596379995346,0,1.40145239888989,0,0.384173019548985
1986,4,8,0.20924337208271,0,0.202332717922218,0,0.374063203245064
1986,4,9,0.023587541654706,0,0.104930024463101,0,0.353843570637223
1986,4,10,0.000333656294969842,0,0.00993529051174846,0,0.333623938029382
1986,4,11,5.05403249917436e-06,0,0.000134875347612251,0,0.323514121725461
1986,4,12,0.000951574766077101,0,0.000544078431630624,0,0.31340430542154
1986,4,13,0.016546668484807,0,0.00867877792734362,0,0.293184672813699
1986,4,14,1.39834570884705,0,0.682868355641404,0,0.293184672813699
1986,4,15,6.17890119552612,0,3.26878698444762,0,0.353843570637223
1986,4,16,2.85105514526367,0,4.66422314724059,0,0.363953386941144
1986,4,17,0.951376020908356,0,1.90556716540232,0,0.31340430542154
1986,4,18,0.000890109746251255,0,0.435989507876002,0,0.283074856509778
1986,4,19,0.78790271282196,0,0.318772513188378,0,0.262855223901937
1986,4,20,16.547664642334,-5.6843418860808e-14,7.85365297724275,1.70530256582424e-13,0.384173019548985
1986,4,21,20.392972946167,-5.11590769747272e-13,18.4703048634128,5.11590769747272e-13,1.26372703799008
1986,4,22,0.578293859958649,-3.41060513164848e-13,10.6542834383235,-1.70530256582424e-13,0.788565671705811
1986,4,23,0.000495085492730141,-5.6843418860808e-14,0.258242413903645,0,0.495380998892112
1986,4,24,0.000515136343892664,0,0.000503970831232437,0,0.394282835852906
1986,4,25,0.0165611319243908,0,0.00851939631502319,-5.6843418860808e-14,0.353843570637223
1986,4,26,0,0,0.00831262026349577,5.6843418860808e-14,0.333623938029382
1986,4,27,0.000333990930812433,-5.6843418860808e-14,0.000169855733474833,0,0.30329448911762
1986,4,28,0.200340464711189,5.6843418860808e-14,0.0887406319052388,0,0.293184672813699
1986,4,29,1.10474240779877,0,0.761041473028854,0,0.30329448911762
1986,4,30,2.87604761123657,0,1.8962284963809,0,0.293184672813699
1986,5,1,11.2847719192505,-5.6843418860808e-14,6.60440771882895,-5.6843418860808e-14,0.323514121725461
1986,5,2,0.0688158273696899,5.6843418860808e-14,5.69372529818429,5.6843418860808e-14,0.323514121725461
1986,5,3,0.0121197365224361,0,0.0445685686736397,0,0.272965040205858
1986,5,4,0.000663898419588804,0,0.0077416835092663,0,0.262855223901937
1986,5,5,6.67815547785722e-05,0,0.000396569002987235,0,0.262855223901937
1986,5,6,1.09029018878937,0,0.484719081922776,0,0.293184672813699
1986,5,7,9.08058929443359,0,4.30916071560296,0,0.333623938029382
1986,5,8,16.9766025543213,0,12.9099762699898,0,0.61669879453916
1986,5,9,0.849572062492371,0,8.9411807408178,0,0.687467508666605
1986,5,10,0.00580807402729988,0,0.444763134629284,0,0.404392652156826
1986,5,11,0.288745641708374,0,0.146676358765035,0,0.363953386941144
1986,5,12,2.99986052513123,0,1.5608531211592,0,0.353843570637223
1986,5,13,2.97793221473694,0,2.99013081172598,0,0.333623938029382
1986,5,14,13.5866317749023,0,7.97754761182841,0,0.60658897823524
1986,5,15,4.43248891830444,0,9.042361074572,0,0.687467508666605
1986,5,16,19.8629760742188,0,12.1307338888391,0,1.96130436296061
1986,5,17,0.619017422199249,0,10.2668825090823,0,1.37493501733321
1986,5,18,1.52213501930237,0,1.06451773959361,0,0.818895120617574
1986,5,19,2.04571390151978,5.6843418860808e-14,1.74920122608819,0,0.525710447803874
1986,5,20,0.20202174782753,-5.6843418860808e-14,1.13745409873445,0,0.374063203245064
1986,5,21,0.0550816655158997,0,0.124133602827897,0,0.323514121725461
1986,5,22,0.065391331911087,0,0.0607588744987879,0,0.283074856509778
1986,5,23,0.159400671720505,0,0.108283941282025,0,0.252745407598017
1986,5,24,0.100813299417496,0,0.131102622480284,0,0.222415958686255
1986,5,25,4.95783853530884,0,2.1750297071867,0,0.232525774990175
1986,5,26,7.18949270248413,0,6.0638238006668,0,0.283074856509778
1986,5,27,15.0484457015991,0,11.0444659704235,0,0.31340430542154
1986,5,28,0.10333027690649,0,7.63163065047138,0,0.333623938029382
1986,5,29,0.191587582230568,0,0.14274064249912,0,0.252745407598017
1986,5,30,1.07643795013428,0,0.605411814854961,0,0.343733754333302
1986,5,31,0.0727402046322823,0,0.614460353587674,0,0.293184672813699
1986,6,1,0.150824710726738,0,0.109821577107141,0,0.202196326078413
1986,6,2,0.175369471311569,0,0.162965176737998,0,0.171866877166651
1986,6,3,0.000377098214812577,0,0.0720885109194569,0,0.15164724455881
1986,6,4,0,0,0.000171921074979764,0,0.131427611950969
1986,6,5,3.07514214515686,0,1.39093034051439,0,0.121317795647048
1986,6,6,18.8773536682129,0,10.8315713372813,0,0.535820264107795
1986,6,7,5.78370141983032,0,12.348067058685,0,1.67822950645083
1986,6,8,5.20642614364624,0,5.46207630979916,0,0.475161366284271
1986,6,9,0.760494410991669,0,3.17169524060955,0,0.323514121725461
1986,6,10,1.26258528232574,0,1.05894490353057,0,0.212306142382334
1986,6,11,2.48776578903198,0,1.85746890404516,0,0.61669879453916
1986,6,12,7.53787660598755,0,4.83850791870646,0,2.45668536185272
1986,6,13,0.245141834020615,0,4.60352875672925,0,0.808785304313653
1986,6,14,0.041930302977562,0,0.145189934212794,0,0.293184672813699
1986,6,15,0.000454057037131861,0,0.0214681422712602,0,0.202196326078413
1986,6,16,0.433732181787491,0,0.183644261419431,0,0.31340430542154
1986,6,17,5.26420497894287,0,2.82595730900175,0,0.414502468460747
1986,6,18,0.0023457775823772,0,2.81939919301931,0,0.131427611950969
1986,6,19,0,0,0.00121020647111436,0,0.121317795647048
1986,6,20,1.08474338054657,0,0.527008021374058,0,0.111207979343127
1986,6,21,0.00516611523926258,0,0.602021100988168,0,0.0980652181480304
1986,6,22,0.170573011040688,0,0.079791423723691,0,0.0899773651048939
1986,6,23,1.93426370620728,0,0.842664892656103,0,0.0818895120617573
1986,6,24,3.94265498471214e-06,0,1.07449211063886,0,0.0778455855401891
1986,6,25,1.02289476444639e-07,0,2.09725385502679e-06,0,0.0687467508666605
1986,6,26,3.70674570149276e-06,0,1.95350639842218e-06,0,0.060658897823524
1986,6,27,0.855694890022278,0,0.407807203439916,0,0.0515600631499954
1986,6,28,7.79262447357178,0,4.21130639692274,-5.6843418860808e-14,0.0485271182588192
1986,6,29,0.0301492474973202,0,4.614057732736,1.13686837721616e-13,0.046505154998035
1986,6,30,5.1620659828186,0,2.52201584920476,-5.6843418860808e-14,0.045494173367643
1986,7,1,18.5661582946777,0,11.1022792537678,0,0.879554018441097
1986,7,2,27.1373901367188,-5.6843418860808e-14,22.8497810538593,1.13686837721616e-13,1.74899822057827
1986,7,3,0.287502288818359,0,13.7192471859107,-5.6843418860808e-14,0.76834603909797
1986,7,4,0.0123932119458914,5.6843418860808e-14,0.157028012808951,1.13686837721616e-13,0.181976693470572
1986,7,5,4.05882673248925e-07,-5.6843418860808e-14,0.0063728119021107,-5.6843418860808e-14,0.111207979343127
1986,7,6,0.000125626553199254,5.6843418860808e-14,6.17431014688918e-05,0,0.0778455855401891
1986,7,7,0.147630035877228,-5.6843418860808e-14,0.0717069607771919,0,0.060658897823524
1986,7,8,0.467118889093399,0,0.329511422374708,0,0.0505490815196033
1986,7,9,1.96396970748901,0,1.16138516372757,0,0.0475161366284271
1986,7,10,1.73116028308868,0,1.86763943247024,0,0.0505490815196033
1986,7,11,18.0534496307373,0,9.57454158762084,0,0.101098163039207
1986,7,12,18.2126274108887,0,18.1317923893394,0,0.434722101068588
1986,7,13,13.6455545425415,0,15.9724565352763,0,1.12218960973519
1986,7,14,1.82213485240936,0,7.78455996071443,0,0.394282835852906
1986,7,15,2.57063841819763,0,2.23195355728149,0,0.262855223901937
1986,7,16,0.0172622334212065,0,1.37459663264963,0,0.131427611950969
1986,7,17,0.00904732756316662,0,0.0132804356317138,0,0.0889663834745018
1986,7,18,0.0376104936003685,0,0.0231859464292938,0,0.0687467508666605
1986,7,19,0.000345656648278236,0,0.0164479422592194,0,0.0626808610843081
1986,7,20,0.0981984809041023,0,0.0493389058292451,0,0.0525710447803874
1986,7,21,0.00459901243448257,0,0.0540553792343417,0,0.0424612284764668
1986,7,22,0.0401020981371403,0,0.0268849320173104,0,0.0384173019548985
1986,7,23,0.000204640440642834,0,0.0235529229603344,0,0.0293184672813699
1986,7,24,0,-5.6843418860808e-14,0.000122871683743142,0,0.0262855223901937
1986,7,25,0.379765301942825,5.6843418860808e-14,0.248655838478953,0,0.0232525774990175
1986,7,26,2.64817237854004,0,1.40389647505526,0,0.0222415958686255
1986,7,27,0.0579624250531197,0,1.40076033510741,0,0.0212306142382334
1986,7,28,0.780749320983887,0,0.352178179990915,0,0.0202196326078413
1986,7,29,0.673000514507294,0,0.730587178876704,0,0.0192086509774493
1986,7,30,0.00712559511885047,5.6843418860808e-14,0.368805101377802,0,0.0171866877166651
1986,7,31,1.77498340606689,-5.6843418860808e-14,0.731922444231714,-5.6843418860808e-14,0.0181976693470572
1986,8,1,3.21405577659607,0,2.42662493154876,5.6843418860808e-14,0.0181976693470572
1986,8,2,0.0145947346463799,0,1.78460651331989,0,0.0171866877166651
1986,8,3,0.292303532361984,0,0.153169026772957,0,0.015164724455881
1986,8,4,5.88819602853619e-06,0,0.162301476268112,0,0.0131427611950969
1986,8,5,0.000546330644283444,0,0.000202087456273148,0,0.0111207979343127
1986,8,6,0.00657131755724549,0,0.00403499935782747,0,0.0084922456952933
1986,8,7,1.45570969581604,0,0.672806088564357,0,0.0062680861084308
1986,8,8,0.502105116844177,0,1.0393803900015,0,0.0050549081519603
1986,8,9,0.0224255565553904,0,0.270166941836578,0,0.0050549081519603
1986,8,10,8.52064323425293,0,3.57205989702561,0,0.0056614971301955
1986,8,11,10.5592031478882,0,9.3711300056184,0,0.00636918427147
1986,8,12,0.00368145783431828,0,6.36449481678937,0,0.009806521814803
1986,8,13,0.000246961979428306,0,0.00166769129373279,0,0.0141537428254889
1986,8,14,2.05311953322962e-05,0,0.000153250548464712,0,0.0161757060862731
1986,8,15,0.169736534357071,0,0.0724045930182911,-5.6843418860808e-14,0.015164724455881
1986,8,16,3.37126708030701,5.6843418860808e-14,1.58966316857368,5.6843418860808e-14,0.0131427611950969
1986,8,17,1.33530509471893,-5.6843418860808e-14,2.40116952188873,0,0.0121317795647048
1986,8,18,0.031348180025816,0,0.929433298491858,0,0.0077845585540189
1986,8,19,0.0697538778185844,0,0.0539798105164664,-5.6843418860808e-14,0.0056614971301955
1986,8,20,0.0114970030263066,0,0.050724458717923,5.6843418860808e-14,0.003942828358529
1986,8,21,0.37721312046051,0,0.163564768063225,0,0.0037406320324506
1986,8,22,0.160992115736008,0,0.237451243908254,0,0.0032351412172546
1986,8,23,0.146909475326538,0,0.0946223997152629,0,0.0028307485650977
1986,8,24,0.630079805850983,0,0.444091369436137,0,0.0024263559129409
1986,8,25,0.00464583048596978,0,0.345992984925033,0,0.0018197669347057
1986,8,26,1.83481597900391,0,0.846286429126849,0,0.0016175706086273
1986,8,27,19.4633026123047,0,7.99361978115394,0,0.0015164724455881
1986,8,28,0.448107868432999,0,11.095993107373,0,0.0015164724455881
1986,8,29,4.14286614613957e-06,0,0.0964909257654654,0,0.0019208650977449
1986,8,30,0.000647825305350125,0,0.000476713466014189,0,0.0064702824345092
1986,8,31,0.000136603513965383,0,-0.0119684552964827,0,0.0066724787605876
1986,9,1,0.191065475344658,-5.6843418860808e-14,-0.150850030757283,0,0.0058636934562739
1986,9,2,3.38475203514099,5.6843418860808e-14,2.09856489077993,0,0.0667247876058764
1986,9,3,0.108097113668919,0,1.5960998224291,0,0.0262855223901937
1986,9,4,0.770235896110535,0,0.522313129618851,0,0.0161757060862731
1986,9,5,0.123935416340828,0,0.442283891678017,0,0.0101098163039207
1986,9,6,0.0132053848356009,0,0.0657943388177955,0,0.0056614971301955
1986,9,7,0.0426293201744556,0,0.0238272603437508,0,0.0038417301954898
1986,9,8,0.0273791924118996,0,0.0365327587960564,0,0.003437337543333
1986,9,9,0.0108298156410456,0,0.0199100182908296,0,0.0027296504020585
1986,9,10,0.0290093123912811,0,0.0198958972259788,0,0.0021230614238233
1986,9,11,6.35725164413452,0,2.9825492482978,0,0.0818895120617573
1986,9,12,34.186149597168,3.41060513164848e-13,19.7918760840603,-1.13686837721616e-13,0.15164724455881
1986,9,13,0.491637647151947,-1.70530256582424e-13,17.3685260275424,5.6843418860808e-14,0.0657138059754843
1986,9,14,0.0157498978078365,0,0.283732168501047,5.6843418860808e-14,0.0363953386941144
1986,9,15,0.0158570297062397,0,0.0158032404578989,-5.6843418860808e-14,0.0252745407598017
1986,9,16,0.0464480556547642,0,0.0315043612918089,0,0.0202196326078413
1986,9,17,0.488864332437515,0,0.259654396291808,0,0.0161757060862731
1986,9,18,13.4713172912598,0,6.65387834015382,0,0.0161757060862731
1986,9,19,5.90712070465088,0,9.75492709583796,0,0.0181976693470572
1986,9,20,13.4033374786377,0,9.61387101206856,-5.6843418860808e-14,0.0192086509774493
1986,9,21,0.542874753475189,0,7.0244489361603,5.6843418860808e-14,0.0293184672813699
1986,9,22,0.0278975907713175,0,0.307396204136239,0,0.0262855223901937
1986,9,23,0.893229901790619,0,0.430841814274572,0,0.0222415958686255
1986,9,24,13.6305923461914,0,6.25383191977653,0,0.0586369345627398
1986,9,25,0.905136704444885,0,7.46630199166248,0,0.111207979343127
1986,9,26,1.90666580200195,0,1.42198901856864,0,0.111207979343127
1986,9,27,10.7487020492554,0,5.19731677013078,0,0.0829004936921494
1986,9,28,4.34684181213379,0,7.58193327055051,0,0.076834603909797
1986,9,29,0.00253813876770437,0,2.17779401436383,0,0.0545930080411716
1986,9,30,5.38381433486939,0,2.31057796224559,0,0.0384173019548985
1986,10,1,18.9991989135742,-5.6843418860808e-14,11.1769853931983,0,0.0343733754333302
1986,10,2,13.8762044906616,5.6843418860808e-14,16.5063706166893,0,0.738016590186208
1986,10,3,4.32345008850098,0,9.15969644616325,0,0.687467508666605
1986,10,4,29.7261981964111,0,15.203776006425,0,1.8602061999214
1986,10,5,3.42746806144714,0,16.5945222844339,0,1.52658226189202
1986,10,6,0.0014466067077592,0,1.74985114705123,0,0.677357692362684
1986,10,7,0.000513972190674394,0,0.00100240977371868,0,0.374063203245064
1986,10,8,5.57088715140708e-05,0,0.0003044997147299,0,0.242635591294096
1986,10,9,0.134164571762085,0,0.0589315698425708,0,0.181976693470572
1986,10,10,0.0351130217313767,0,0.0849942363984155,0,0.15164724455881
1986,10,11,0.0643259137868881,5.6843418860808e-14,0.0493224723404637,0,0.131427611950969
1986,10,12,1.57219076156616,-5.6843418860808e-14,0.807017778524823,0,0.121317795647048
1986,10,13,6.60888671875,0,3.79168559397476,0,0.141537428254889
1986,10,14,3.24719762802124,0,4.93603887738664,0,0.171866877166651
1986,10,15,0.148033320903778,0,1.82346442797552,0,0.141537428254889
1986,10,16,0.0532248876988888,0,0.104282206730204,0,0.121317795647048
1986,10,17,0.0118702063336968,0,0.0374075457602885,0,0.111207979343127
1986,10,18,0.755560874938965,0,0.319004512282845,0,0.101098163039207
1986,10,19,0.000114094487798866,0,0.462024024312996,0,0.0869444202137177
1986,10,20,0.000642704893834889,0,0.000452089781902032,0,0.0778455855401891
1986,10,21,0.00604757154360414,0,0.00375403780890338,0,0.0707687141274446
1986,10,22,6.50912770652212e-05,0,0.00319949040840584,0,0.0657138059754843
1986,10,23,0.107436783611774,0,0.0536350679522002,0,0.0657138059754843
1986,10,24,1.26776540279388,0,0.654523225776757,0,0.0707687141274446
1986,10,25,11.8000984191895,0,6.51353030640348,0,0.0697577324970526
1986,10,26,4.3653359413147,0,8.1892625411956,0,0.0798675488009732
1986,10,27,1.61135685443878,0,3.04666490016007,0,0.0889663834745018
1986,10,28,0.107648476958275,0,0.884247013610548,0,0.141537428254889
1986,10,29,0.0229533594101667,0,0.0654600081179524,0,0.192086509774493
1986,10,30,0.00198345049284399,0,0.0130240808175586,0,0.202196326078413
1986,10,31,0.000583684828598052,0,0.00122485995689203,0,0.171866877166651
1986,11,1,1.24771577247884e-06,0,0.000319498766657489,0,0.161757060862731
1986,11,2,0.0046486621722579,0,0.00222411638242193,0,0.15164724455881
1986,11,3,0.48724690079689,0,0.296054554049988,0,0.141537428254889
1986,11,4,3.97206997871399,0,1.80757406028533,0,0.161757060862731
1986,11,5,4.56433010101318,0,4.35468577068878,0,0.171866877166651
1986,11,6,1.60938251018524,0,3.12507203343193,0,0.161757060862731
1986,11,7,0.179428547620773,0,0.962415339243307,0,0.161757060862731
1986,11,8,2.08477711677551,0,1.12736949599548,0,0.171866877166651
1986,11,9,0.547544360160828,0,1.39149341400116,0,0.161757060862731
1986,11,10,0.27369350194931,-5.6843418860808e-14,0.416870180974911,-5.6843418860808e-14,0.141537428254889
1986,11,11,4.5168981552124,1.13686837721616e-13,2.15489853042891,1.13686837721616e-13,0.15164724455881
1986,11,12,0.0905118584632874,1.13686837721616e-13,2.34986249070971,-5.6843418860808e-14,0.161757060862731
1986,11,13,0.00233212881721556,0.00113877795575945,0.0463149391525803,0,0.141537428254889
1986,11,14,0.00186600117012858,0.00210188522930821,0,0,0.121317795647048
1986,11,15,0.104599721729755,0.00093384915317074,0.0522522939054397,0,0.131427611950969
1986,11,16,0.0352448411285877,-5.6843418860808e-14,0.0699238684201191,0.0146730485118383,0.131427611950969
1986,11,17,0.0119749689474702,0,0.0226408012986212,0,0.121317795647048
1986,11,18,0.0929462611675262,0,0.0499408306559417,0,0.141537428254889
1986,11,19,0.186136782169342,0,0.142995462987528,0,0.141537428254889
1986,11,20,2.26464629173279,0,1.18282195231677,0,0.111207979343127
1986,11,21,2.05688071250916,0,2.16118820644351,0,0.111207979343127
1986,11,22,0.444597691297531,0,1.27343738459786,0,0.111207979343127
1986,11,23,1.2076188325882,0,0.866768486502224,0,0.121317795647048
1986,11,24,0.276879876852036,0,0.640810437829714,0,0.121317795647048
1986,11,25,4.17236232757568,0,2.17585406482067,0,0.141537428254889
1986,11,26,32.7170829772949,-4.54747350886464e-13,18.4435571720451,-6.25277607468888e-13,6.32874500625433
1986,11,27,0.752776682376862,5.6843418860808e-14,17.6497114581289,0,4.20568358243099
1986,11,28,0.00788657180964947,0,0.380677706912138,0,2.23426940316647
1986,11,29,0.00632602907717228,0,0.00711796246741869,0,1.25361722168616
1986,11,30,0.00372428144328296,0,0.00520424570004252,0,0.778455855401891
1986,12,1,6.27594566345215,-5.6843418860808e-14,2.82045126077355,-5.6843418860808e-14,0.778455855401891
1986,12,2,17.9720249176025,1.13686837721616e-13,12.0999025299834,1.70530256582424e-13,4.47864862263685
1986,12,3,2.38875365257263,-5.6843418860808e-14,10.4442793559992,-1.13686837721616e-13,3.99337744004866
1986,12,4,0.00154608080629259,0,1.25244411131098,0,2.43646572924488
1986,12,5,0.00446380395442247,0.000180704486467675,0.00277345119866368,0,1.28394667059792
1986,12,6,8.88045997271547e-06,0.000192866206646158,0.00211062552625663,0,0.829004936921494
1986,12,7,0.00138180167414248,0,0.00061577578617289,0.00588510636725914,0.61669879453916
1986,12,8,1.27243971824646,0,0.63050436528647,0,0.515600631499954
1986,12,9,7.7280421257019,0,4.49930492941712,0,0.61669879453916
1986,12,10,2.23663258552551,0,4.98944509669036,0,1.1727386912548
1986,12,11,2.13108087336877e-05,1.02187705692813e-05,1.16414232916395,0,0.899773651048939
1986,12,12,0.00205820752307773,0.00084099547899541,0.000172377483977471,0,0.636918427147002
1986,12,13,4.0222246752819e-05,0.00089224690282208,0.00018121479297406,0,0.404392652156826
1986,12,14,0.000109167398477439,7.78083622776649e-05,4.02103250962682e-06,0,0.323514121725461
1986,12,15,0.0896336361765862,6.32820587611604e-05,0.0343015488060701,0.0132688438743003,0.343733754333302
1986,12,16,0.432912439107895,-5.6843418860808e-14,0.249682021368244,0,0.262855223901937
1986,12,17,0.437273174524307,5.6843418860808e-14,0.435019950516107,0,0.252745407598017
1986,12,18,0.552249014377594,0,0.490860380260529,0,0.242635591294096
1986,12,19,0.0294784139841795,0,0.291374987815289,0,0.222415958686255
1986,12,20,0.00339707196690142,0,0.0163869749112564,0,0.202196326078413
1986,12,21,0.0262492522597313,0,0.0146420411192594,0,0.181976693470572
1986,12,22,5.25472023582552e-05,0,0.0131696392509184,0,0.171866877166651
1986,12,23,0.984507381916046,0.0874270284767249,0.393067908343255,0,0.161757060862731
1986,12,24,4.02297782897949,0.0896355073724067,2.41302269383141,1.70530256582424e-13,0.232525774990175
1986,12,25,2.24275207519531,-3.41060513164848e-13,3.13801105518724,-5.6843418860808e-14,0.343733754333302
1986,12,26,0.0326671935617924,0,1.18910716293976,0,0.31340430542154
1986,12,27,0.00649404153227806,0.000223006400176473,0.0196546643983311,0,0.283074856509778
1986,12,28,0.00319407344795764,0.000396574563239938,0.00452427810978406,0,0.252745407598017
1986,12,29,0.214761391282082,0.0277899081452802,0.0741934789411971,0,0.242635591294096
1986,12,30,2.88311743736267,0.0295859466403385,1.51856854157722,-2.27373675443232e-13,0.262855223901937
1986,12,31,0.0273726917803288,0,1.6519579197311,0,0.232525774990175
1987,1,1,0.0324180647730827,0,0.0300147817943071,0,0.222415958686255
1987,1,2,0.415206074714661,0,0.215402301944778,0,0.242635591294096
1987,1,3,0.24426943063736,0,0.333536507754616,2.27373675443232e-13,0.232525774990175
1987,1,4,0.00522868940606713,0,0.130938915270235,0,0.202196326078413
1987,1,5,0.010096943937242,0,0.0075957123981425,0,0.212306142382334
1987,1,6,5.63690846320242e-05,0,0.00507670910428715,0.279077002281269,0.222415958686255
1987,1,7,0.0196293350309134,0,0.0098045492240999,0,0.242635591294096
1987,1,8,0.00364907388575375,0,0.0124177263824095,0,0.222415958686255
1987,1,9,1.68144643306732,0,0.818329862376231,0,0.192086509774493
1987,1,10,6.07513284683228,0,3.83236367999325,0,0.252745407598017
1987,1,11,1.08124029636383,0,3.67270281412129,0,0.272965040205858
1987,1,12,0.0387451238930225,0,0.568488901400997,0,0.222415958686255
1987,1,13,0.000223163529881276,0,0.0200577602636258,0,0.202196326078413
1987,1,14,0.150127664208412,5.6843418860808e-14,0.0733034018076069,0.0186570012211291,0.202196326078413
1987,1,15,0.54772013425827,0,0.345905191056772,0,0.212306142382334
1987,1,16,0.0393196567893028,0,0.311810702814,0,0.212306142382334
1987,1,17,0.128051027655602,0.00914980263320331,0.0742899617553121,0,0.192086509774493
1987,1,18,3.11124134063721,0.00921165077204478,1.60866433951378,5.6843418860808e-14,0.212306142382334
1987,1,19,8.0977668762207,-7.38964445190504e-13,5.43035162108663,-5.6843418860808e-14,0.333623938029382
1987,1,20,4.52474689483643,1.93039778688495,4.3809831878807,-3.41060513164848e-13,0.394282835852906
1987,1,21,0.0239878073334694,1.95382934775768,0.333796698395418,0,0.283074856509778
1987,1,22,0.120700255036354,0.0797575115565792,0,0,0.374063203245064
1987,1,23,0.790738463401794,0.373796185187132,-9.09494701772928e-13,0,0.222415958686255
1987,1,24,0.0028206727001816,0.434397006356676,9.09494701772928e-13,0,0.212306142382334
1987,1,25,0.00492974603548646,0.00376863548814299,0,0,0.202196326078413
1987,1,26,0.000937418837565929,0.00329987022075784,0,0,0.181976693470572
1987,1,27,0.258971840143204,0.123116905446295,0,0,0.181976693470572
1987,1,28,0.5198894739151,0.360916698963308,0,0,0.202196326078413
1987,1,29,0.754254460334778,0.298345792498424,0.321415066570808,0,0.232525774990175
1987,1,30,2.59960412979126,0,1.54320630204438,0.574105731216889,0.31340430542154
1987,1,31,0.0893289521336556,0,1.43492207213694,0.719801066336629,0.414502468460747
1987,2,1,0.23562915623188,0,0.161790525057768,1.19575606779932,0.30329448911762
1987,2,2,0.713705241680145,0,0.47297533055189,3.22203928870476,0.363953386941144
1987,2,3,0.0249541215598583,0,0.373801540637032,0,0.535820264107795
1987,2,4,0.000523014168720692,0,0.014365028310749,0,0.424612284764668
1987,2,5,0.00563354697078466,0,0.00303900844937743,0,0.293184672813699
1987,2,6,0.0138077214360237,1.13686837721616e-13,0.00942424435470457,-5.6843418860808e-14,0.272965040205858
1987,2,7,0.00171458395197988,0,0.00755525071781449,0,0.272965040205858
1987,2,8,0.0549076683819294,0,0.0355796000485498,0,0.31340430542154
1987,2,9,0.154271826148033,0.0460305230627114,0.0461484581956029,0,0.242635591294096
1987,2,10,0.00322547601535916,0.0619141902512297,0.0173696795891374,0,0.222415958686255
1987,2,11,0.00140958558768034,0.000128279623652361,0.00223399712012906,0.113440584961324,0.262855223901937
1987,2,12,0.0240887869149447,0,0.0138091515655105,0,0.232525774990175
1987,2,13,0.00143529032357037,0,0.0123604221980713,0,0.222415958686255
1987,2,14,0.0132425343617797,0,0.00840294849240308,0,0.202196326078413
1987,2,15,0.0205908175557852,0,0.0168608962358121,0,0.202196326078413
1987,2,16,0.245887026190758,0.12278300822652,0.0103088496307464,0,0.15164724455881
1987,2,17,1.1733410358429,0.510998446061876,0.198442726596113,0,0.171866877166651
1987,2,18,4.33489561080933,1.16050702595919,1.58921924709284,-2.27373675443232e-13,0.171866877166651
1987,2,19,0.016318554058671,0.796896443898277,1.44324762846554,0,0.171866877166651
1987,2,20,0.00358515186235309,0.000394267618503363,0.0100192732015785,0,0.171866877166651
1987,2,21,0.0884086191654205,0,0.0459383312427235,0.303408602542277,0.171866877166651
1987,2,22,0.00458864215761423,0,0.0514213428505173,1.12079285547196,0.171866877166651
1987,2,23,0.00999043602496386,0,0.00715899404349329,1.21501108177119,0.171866877166651
1987,2,24,0.00766021339222789,-5.6843418860808e-14,0.00887046333991748,0,0.171866877166651
1987,2,25,0.000187897312571295,5.6843418860808e-14,0.00409786249838362,0,0.141537428254889
1987,2,26,0.337174832820892,0,0.160318526483934,0,0.131427611950969
1987,2,27,3.43291759490967,0,1.55679111302925,5.6843418860808e-14,0.15164724455881
1987,2,28,10.0446348190308,1.70530256582424e-13,6.73851817484683,1.13686837721616e-13,0.414502468460747
1987,3,1,19.7509918212891,-1.70530256582424e-13,14.8922539486839,0,3.71030258353888
1987,3,2,1.15870940685272,-3.41060513164848e-13,10.455199850604,5.6843418860808e-14,3.21492158464677
1987,3,3,0.58402556180954,0,0.875624236690783,0,2.03207307708805
1987,3,4,0.00302585843019187,0,0.278833801306973,0,1.32438593581361
1987,3,5,0.544879376888275,0,0.250694605172612,0,1.06153071191167
1987,3,6,0.20740233361721,0,0.37693224483337,0,0.869444202137177
1987,3,7,2.43646354647353e-05,0,0.105202839451522,0,0.697577324970526
1987,3,8,5.63632202101871e-05,0,3.98566598960315e-05,0,0.647028243450922
1987,3,9,0.000113814407086466,0,8.50026381158386e-05,0,0.626808610843081
1987,3,10,0.00128955231048167,0.00018791101399529,0.000597928945353488,0,0.495380998892112
1987,3,11,7.85075026215054e-05,0.000153730408612773,0.000461385164271633,0,0.404392652156826
1987,3,12,4.43813296442386e-05,7.97901071791785e-06,5.52184310436132e-05,0,0.384173019548985
1987,3,13,0.000365088111720979,0,0.000201335426936566,0,0.353843570637223
1987,3,14,0.0777977257966995,0,0.038793987741883,0,0.333623938029382
1987,3,15,2.54883718490601,5.6843418860808e-14,1.2150833775504,0,0.363953386941144
1987,3,16,6.40186405181885,-2.27373675443232e-13,4.3385397093416,-1.13686837721616e-13,0.404392652156826
1987,3,17,0.0939674451947212,5.6843418860808e-14,3.37603881050109,1.13686837721616e-13,0.353843570637223
1987,3,18,2.25427269935608,0,1.11242481583122,0,0.333623938029382
1987,3,19,15.0502767562866,-1.13686837721616e-13,8.4097058943571,-2.27373675443232e-13,2.70943076945074
1987,3,20,0.175003781914711,0,7.61753615935322,-1.70530256582424e-13,2.26459885207823
1987,3,21,0.00292221014387906,0,0.0899831442911818,0,1.38504483363713
1987,3,22,0.000568512012250722,0,0.00197940895486681,0,0.990761997784225
1987,3,23,0.000447249825811014,0,0.000504331154843385,0,0.75823622279405
1987,3,24,0.736772060394287,0,0.45097035350409,0,0.667247876058764
1987,3,25,5.96724128723145,0,3.29114954398392,-5.6843418860808e-14,0.647028243450922
1987,3,26,0.518960058689117,0,3.27020003847701,5.6843418860808e-14,0.566149713019557
1987,3,27,0.146755278110504,0,0.334317658705004,0,0.475161366284271
1987,3,28,0.0516668409109116,0,0.101604602089537,0,0.434722101068588
1987,3,29,2.32064294815064,0,1.12402783264042,0,0.394282835852906
1987,3,30,19.5289325714111,1.13686837721616e-13,10.8900643395564,4.54747350886464e-13,0.626808610843081
1987,3,31,6.10344552993774,0,12.8446147610402,-1.70530256582424e-13,0.909883467352859
1987,4,1,0.468505918979645,0,3.3010528046716,0,1.28394667059792
1987,4,2,4.34646940231323,0,2.4062306241176,0,2.86107801400955
1987,4,3,0.00207623443566263,0,2.20559063371456,1.13686837721616e-13,2.00174362817629
1987,4,4,0.0684828907251358,0,0.0341549673321424,0,1.32438593581361
1987,4,5,0.383176356554031,0,0.214438722323393,0,1.05142089560775
1987,4,6,0.292026549577713,0,0.343597922969821,0,0.839114753225415
1987,4,7,0.346329987049103,0,0.317793956691276,0,0.727906773882288
1987,4,8,0.000123193181934766,0,0.180585703251381,0,0.647028243450922
1987,4,9,9.74686263361946e-05,0,0.000110509884507337,0,0.576259529323478
1987,4,10,0.249418377876282,0,0.124462532709913,0,0.505490815196033
1987,4,11,4.46197938919067,0,2.35377077269277,0,0.535820264107795
1987,4,12,10.3653202056885,0,7.37706842894204,0,1.61757060862731
1987,4,13,0.687808692455292,0,5.54367798425119,0,1.77932766949004
1987,4,14,10.1621522903442,0,5.13484401730148,0,1.92086509774493
1987,4,15,18.2143993377686,0,14.0104254871139,0,6.91511435188173
1987,4,16,3.57087349891663,0,10.9774038900978,5.6843418860808e-14,4.67073513241134
1987,4,17,1.14011299610138,0,2.44465525687247,-5.6843418860808e-14,3.47777680854871
1987,4,18,0.0112240258604288,0,0.464019898248807,0,2.43646572924488
1987,4,19,0.00436448166146874,0,0.00850895958410547,0,1.75910803688219
1987,4,20,2.21156960833468e-06,0,0.00221064916786418,0,1.32438593581361
1987,4,21,0.000677278265357018,0,0.000328154349517718,0,1.05142089560775
1987,4,22,0.495790004730225,0,0.211690615311454,0,0.869444202137177
1987,4,23,5.82234907150269,0,3.03126815364158,0,0.808785304313653
1987,4,24,0.278986036777496,0,3.19551212422448,0,0.626808610843081
1987,4,25,0.0244730357080698,0,0.147402236981179,0,0.495380998892112
1987,4,26,0.145115807652473,0,0.0869180528579818,0,0.404392652156826
1987,4,27,2.3922061920166,0,1.17961114781792,0,0.343733754333302
1987,4,28,0.0824759677052498,0,1.32440324225172,0,0.333623938029382
1987,4,29,0.0289465598762035,0,0.0507866862717492,0,0.283074856509778
1987,4,30,0.442326933145523,0,0.220334954905411,0,0.252745407598017
1987,5,1,0.000620767183136195,0,0.239134298715726,0,0.212306142382334
1987,5,2,0.885901868343353,0,0.375394368794332,0,0.192086509774493
1987,5,3,1.67909204959869,5.6843418860808e-14,1.17343001824611,5.6843418860808e-14,0.202196326078413
1987,5,4,0.0674314126372337,-5.6843418860808e-14,0.96716325291618,-5.6843418860808e-14,0.181976693470572
1987,5,5,0.00720402039587498,0,0.037449850730809,0,0.15164724455881
1987,5,6,6.55248913972173e-06,0,0.0033043539206119,0,0.141537428254889
1987,5,7,0,0,3.11743497150019e-06,0,0.131427611950969
1987,5,8,0.000378464697860181,-5.6843418860808e-14,0.000176586640918686,0,0.131427611950969
1987,5,9,0.00108093779999763,5.6843418860808e-14,0.00070088433494675,0,0.121317795647048
1987,5,10,0,0,0.000681053177686408,0,0.111207979343127
1987,5,11,2.18449950218201,0,0.981728196489712,0,0.111207979343127
1987,5,12,4.9956169128418,0,3.52446863993191,0,0.111207979343127
1987,5,13,0.0162003803998232,0,2.60540081540694,0,0.101098163039207
1987,5,14,0.188533216714859,0,0.122010217787647,0,0.0980652181480304
1987,5,15,1.78842353820801,0,0.930575932685315,0,0.0889663834745018
1987,5,16,1.22851697597071e-05,0,1.05796599022779,5.6843418860808e-14,0.0859334385833256
1987,5,17,4.4509881263366e-05,0,3.14366125166998e-05,-5.6843418860808e-14,0.0798675488009732
1987,5,18,0.285999357700348,0,0.127382497233157,0,0.0748126406490129
1987,5,19,8.81013584136963,0,4.16213199059803,0,0.0829004936921494
1987,5,20,2.76565384864807,0,5.88774537607515,0,1.05142089560775
1987,5,21,5.13438034057617,0,3.71415329122647,0,0.283074856509778
1987,5,22,8.3063850402832,0,6.67586226727326,0,3.18459213573501
1987,5,23,0.0178591627627611,0,4.39984228768572,0,1.68833932275475
1987,5,24,0.00194935384206474,0,0.0126136672333814,0,0.46505154998035
1987,5,25,3.65961313247681,0,1.60700974565589,0,0.31340430542154
1987,5,26,8.3111572265625,0,5.63680844356168,0,0.626808610843081
1987,5,27,1.67905175685883,0,5.00540336853464,0,0.283074856509778
1987,5,28,0.00725583219900727,0,0.89459742834606,0,0.141537428254889
1987,5,29,0.0838311985135078,0,0.0389976866727011,0,0.100087181408815
1987,5,30,2.13306975364685,0,1.0006301229696,0,0.232525774990175
1987,5,31,8.99607276916504,0,4.94840444476631,0,0.444831917372509
1987,6,1,2.94384765625,0,5.97025687185305,0,0.222415958686255
1987,6,2,3.67106676101685,0,3.25604164906781,0,0.15164724455881
1987,6,3,23.5529365539551,0,13.492718820813,0,6.22764684321513
1987,6,4,1.14432966709137,0,12.3486887568397,0,1.93097491404885
1987,6,5,2.20731781155337e-05,0,0.58065198993063,0,0.566149713019557
1987,6,6,0.000460804672911763,0,0.000240708303863357,0,0.262855223901937
1987,6,7,2.4935236069723e-05,0,0.000245742703555152,0,0.161757060862731
1987,6,8,4.94506566610653e-05,0,3.66147678505513e-05,0,0.121317795647048
1987,6,9,0.000550039287190884,0,0.00031099389980227,0,0.0950322732568542
1987,6,10,0.0203040111809969,0,0.00961768313845823,0,0.0798675488009732
1987,6,11,0.169969171285629,0,0.0971558604114762,0,0.0687467508666605
1987,6,12,8.75351238250732,0,4.37600398509403,0,0.0818895120617573
1987,6,13,3.0558819770813,0,6.21622085763192,0,0.121317795647048
1987,6,14,0.464231312274933,0,1.90188445277272,0,0.0930103099960701
1987,6,15,0.193352892994881,-5.6843418860808e-14,0.363679169311581,0,0.0687467508666605
1987,6,16,2.62535047531128,5.6843418860808e-14,1.27674919272704,0,0.0556039896715636
1987,6,17,0.50389039516449,0,1.56565558431703,0,0.0505490815196033
1987,6,18,0.0129173481836915,0,0.237269935714721,0,0.0424612284764668
1987,6,19,1.49373233318329,0,0.700881274724452,0,0.0414502468460747
1987,6,20,4.77624750137329,0,3.00337821828089,0,0.485271182588192
1987,6,21,4.63698482513428,0,4.708437557445,0,0.394282835852906
1987,6,22,9.39779567718506,0,6.9309508093047,0,2.87118783031347
1987,6,23,0.152349546551704,0,4.7998296544838,0,0.717796957578367
1987,6,24,0.00559528777375817,0,0.0803499849998843,0,0.222415958686255
1987,6,25,0.775447964668274,0,0.365739777432282,0,0.131427611950969
1987,6,26,0.723836779594421,0,0.75149121249342,0,0.101098163039207
1987,6,27,0.00171345542185009,0,0.398870086432908,0,0.0798675488009732
1987,6,28,0,0,0.000919527618862048,0,0.0647028243450922
1987,6,29,3.0428900718689,0,1.19798026224817,0,0.0545930080411716
1987,6,30,9.96949672698975,0,6.35131449268283,0,0.0596479161931319
1987,7,1,35.1075897216797,0,21.4330486452509,-2.27373675443232e-13,2.19383013795078
1987,7,2,27.2686977386475,-5.11590769747272e-13,31.1938668048406,2.27373675443232e-13,3.53843570637223
1987,7,3,0.361424177885056,-6.82121026329696e-13,13.8151419702563,0,0.950322732568542
1987,7,4,0.0595740973949432,0,0.229293663637691,0,0.343733754333302
1987,7,5,2.9915816783905,5.6843418860808e-14,1.5073426936724,0,0.232525774990175
1987,7,6,14.3432016372681,-5.6843418860808e-14,8.645921917122,0,0.566149713019557
1987,7,7,4.53958511352539,0,9.95206002396117,0,2.28481848468607
1987,7,8,0.000467464560642839,0,2.53985585193732,0,0.556039896715636
1987,7,9,1.54215753078461,0,0.702260706583729,0,1.88042583252924
1987,7,10,4.92604637145996,0,3.18139232740214,0,2.50723444337232
1987,7,11,2.40730357170105,0,3.69317180552844,0,1.66811969014691
1987,7,12,5.74558401107788,0,3.97238799254956,0,4.96391980522504
1987,7,13,9.06269550323486,0,7.35237915873677,0,1.88042583252924
1987,7,14,8.74994850158691,0,8.91617675796533,0,1.5670215271077
1987,7,15,0.447857707738876,0,5.53356343281575,0,0.970542365176383
1987,7,16,2.33844065666199,0,1.38687350219425,0,0.576259529323478
1987,7,17,0,0,1.24179840305078,0,0.363953386941144
1987,7,18,0.000846828857902437,0,0.000414692193771771,0,0.252745407598017
1987,7,19,0,0,0.000436487615843362,0,0.192086509774493
1987,7,20,0,0,0,0,0.161757060862731
1987,7,21,0.00590994535014033,0,0.00276767588457005,0,0.121317795647048
1987,7,22,0.00788438133895397,0,0.00706240675117442,0,0.111207979343127
1987,7,23,0.000432041735621169,0,0.00313265837576182,0,0.0879554018441097
1987,7,24,0,0,0.000157051959831733,0,0.075823622279405
1987,7,25,0.00680104270577431,0,0.00407295961485943,0,0.0647028243450922
1987,7,26,3.23267483711243,5.6843418860808e-14,1.57327570100006,0,0.0576259529323478
1987,7,27,16.5199584960938,-5.6843418860808e-14,9.47133515229598,0,4.81227256066623
1987,7,28,4.69268941879273,0,10.6112492457414,0,4.842602009578
1987,7,29,1.26246023178101,0,3.00730068003031,0,1.23339758907832
1987,7,30,11.9364566802979,0,5.53922987614533,0,1.30416630320577
1987,7,31,4.71797609329224,0,8.33347461884114,0,1.30416630320577
1987,8,1,2.30143809318543,0,3.57443337936093,0,0.46505154998035
1987,8,2,2.90960931777954,0,2.59703403412641,0,0.262855223901937
1987,8,3,10.4763717651367,0,6.03380153575017,0,20.8262215860766
1987,8,4,0.681005001068115,0,5.71704697799214,0,6.57138059754843
1987,8,5,3.47781920433044,0,1.83584255684036,0,3.19470195203893
1987,8,6,0.0619066469371319,0,1.88807943829488,0,1.71866877166651
1987,8,7,0.000359527999535203,0,0.0342567496209085,0,0.879554018441097
1987,8,8,0.0290768817067146,0,0.0143545638911746,0,0.495380998892112
1987,8,9,1.30814111232758,0,0.777461560628581,0,0.343733754333302
1987,8,10,0.190674632787704,0,0.790548125887653,0,0.262855223901937
1987,8,11,1.09690892696381,0,0.656037437176565,0,0.192086509774493
1987,8,12,0,0,0.511014752064511,0,0.161757060862731
1987,8,13,0.0378093682229519,0,0.0182613619672338,0,0.131427611950969
1987,8,14,0.00420185970142484,0,0.0198620568444312,0,0.111207979343127
1987,8,15,0,0,0.00191888516565086,0,0.0879554018441097
1987,8,16,0.298439204692841,0,0.147994886852757,0,0.0738016590186208
1987,8,17,2.46574258804321,0,1.37966210832201,0,0.0596479161931319
1987,8,18,0.408846944570541,5.6843418860808e-14,1.59090335362635,0,0.0525710447803874
1987,8,19,0.000287218048470095,-5.6843418860808e-14,0.246763865856337,0,0.045494173367643
1987,8,20,0,0,0.000180988694410189,0,0.0374063203245064
1987,8,21,0.00820511300116777,0,0.00513578776008217,0,0.0343733754333302
1987,8,22,2.0330855846405,0,0.874334297119276,5.6843418860808e-14,0.031340430542154
1987,8,23,0.866742253303528,-5.6843418860808e-14,1.5881226739275,-5.6843418860808e-14,0.0293184672813699
1987,8,24,0,0,0.527925189942835,0,0.0242635591294096
1987,8,25,0.293847680091858,5.6843418860808e-14,0.114241285045864,-5.6843418860808e-14,0.0232525774990175
1987,8,26,3.74145579338074,0,1.8761029675843,5.6843418860808e-14,0.0242635591294096
1987,8,27,4.27365303039551,0,3.97390393045498,0,0.0242635591294096
1987,8,28,7.89672517776489,0,6.00868997461839,0,0.0272965040205858
1987,8,29,0.117779247462749,0,4.44176629876893,0,0.0323514121725461
1987,8,30,0.00111998582724482,0,0.0744200530571106,0,0.0323514121725461
1987,8,31,0.00527566624805331,0,0.00314009153589723,0,0.0283074856509778
1987,9,1,0.211125835776329,0,0.138916376359703,0,0.0262855223901937
1987,9,2,0.00661042891442776,0,0.13500624833614,0,0.0242635591294096
1987,9,3,0.000232213104027323,0,0.00401063394383527,0,0.0202196326078413
1987,9,4,0,0,0.000146314676385373,0,0.015164724455881
1987,9,5,0,0,0,0,0.0131427611950969
1987,9,6,0.000126951796119101,0,7.84485728217987e-05,0,0.0101098163039207
1987,9,7,0.0217202622443438,0,0.0170094120003341,0,0.0079867548800973
1987,9,8,0.0756097733974457,0,0.0479638846190937,0,0.0058636934562739
1987,9,9,1.74676775932312,0,0.855195778151028,0,0.0037406320324506
1987,9,10,0.125310495495796,0,1.16426226873591,-5.6843418860808e-14,0.0036395338694114
1987,9,11,1.52453505992889,0,0.723936425078136,5.6843418860808e-14,0.0033362393802938
1987,9,12,2.87106943130493,0,2.05641733033917,0,0.0033362393802938
1987,9,13,2.25306177139282,0,2.51656078049018,0,0.0028307485650977
1987,9,14,0.00437410082668066,0,1.3185171990317,0,0.0022241595868625
1987,9,15,0.0504741445183754,0,0.0310248627083638,0,0.0023252577499017
1987,9,16,0.746556043624878,0,0.257563632940219,-5.6843418860808e-14,0.0022241595868625
1987,9,17,4.18515396118164,0,2.25893992031342,5.6843418860808e-14,0.0021230614238233
1987,9,18,1.69606518745422,0,3.06971334031732,0,0.0020219632607841
1987,9,19,0.296074777841568,0,1.19373305401678,0,0.0022241595868625
1987,9,20,0.0016433191485703,0,0.0798058266664157,5.6843418860808e-14,0.0024263559129409
1987,9,21,0.026936262845993,0,0.0121380799355393,-5.6843418860808e-14,0.0023252577499017
1987,9,22,0.229834407567978,0,0.115774185347618,0,0.0029318467281369
1987,9,23,0.0681216195225716,0,0.134524688788588,0,0.0033362393802938
1987,9,24,0.00235744938254356,0,0.0438705508931889,0,0.0027296504020585
1987,9,25,0.00206028926186264,0,0.00216852280391322,0,0.0024263559129409
1987,9,26,0.000731898180674762,0,0.001539026188766,0,0.0018197669347057
1987,9,27,7.42244901630329e-06,0,0.000375584730136325,0,0.0015164724455881
1987,9,28,0.000991019769571722,0,0.000605279585215612,0,0.0011120797934312
1987,9,29,2.61311960220337,0,0.645747891416249,0,0.001010981630392
1987,9,30,5.69192838668823,0,4.30609052123327,0,0.0019208650977449
1987,10,1,5.95240599068347e-05,0,3.10816171943407,0,0.0028307485650977
1987,10,2,0.0299792867153883,0,0.0135682200725569,0,0.0017186687716665
1987,10,3,0.0105602499097586,0,0.0219921474563307,0,0.0013142761195096
1987,10,4,9.51082074607257e-06,0,0.00512734322728647,0,0.0011120797934312
1987,10,5,0.113295890390873,0,0.0524003354403249,0,0.0008087853043136
1987,10,6,1.3251371383667,0,0.67985363819389,0,0.0007076871412744
1987,10,7,1.61543107032776,0,1.49294280273716,0,0.001010981630392
1987,10,8,0.147610947489738,0,0.940777770107161,0,0.0016175706086273
1987,10,9,0.36326140165329,0,0.208129149368688,0,0.0019208650977449
1987,10,10,2.30956482887268,0,1.27410642355972,0,0.0024263559129409
1987,10,11,7.48368501663208,0,4.80204754848819,0,0.0042461228476466
1987,10,12,0.0722717717289925,0,3.7789652562351,-5.6843418860808e-14,0.0046505154998035
1987,10,13,1.16599894681713e-05,0,0.037897768232142,5.6843418860808e-14,0.0051560063149995
1987,10,14,3.34151081915479e-05,0,-0.000241240961258882,0,0.0046505154998035
1987,10,15,0.00310040987096727,0,-0.0122782306534646,0,0.0052571044780387
1987,10,16,0.118010625243187,0,-0.006469573612776,0,0.0083911475322541
1987,10,17,0.772673964500427,0,0.602483396778553,0,0.0083911475322541
1987,10,18,0.0238695908337832,0,0.324464056609941,0,0.0101098163039207
1987,10,19,0.000171494189999066,0,0.00959441964187135,0,0.015164724455881
1987,10,20,0.292293012142181,0,0.114886452662176,0,0.0181976693470572
1987,10,21,0.212525844573975,0,0.270472657701248,0,0.0171866877166651
1987,10,22,0.0236273687332869,0,0.135751015524875,0,0.0161757060862731
1987,10,23,0.224812567234039,0,0.0964863643584977,0,0.015164724455881
1987,10,24,2.09732627868652,0,0.966686624253271,0,0.0171866877166651
1987,10,25,2.70512223243713,0,2.39692578107679,0,0.0192086509774493
1987,10,26,1.01746559143066,0,2.06216024236528,0,0.0232525774990175
1987,10,27,9.46569633483887,0,5.05734373991982,0,0.0343733754333302
1987,10,28,0.0159538518637419,5.6843418860808e-14,4.74087189167403,0,0.0374063203245064
1987,10,29,0.0961375460028648,-5.6843418860808e-14,0.048148252424653,0,0.0374063203245064
1987,10,30,0.0209306329488754,0,0.0443156337114488,0,0.0232525774990175
1987,10,31,3.08732851408422e-05,0,0.00332601609261474,0,0.0171866877166651
1987,11,1,0.00981051009148359,0,0.00370924697017472,0,0.0171866877166651
1987,11,2,0.069847047328949,0,0.0327406309916114,0,0.0161757060862731
1987,11,3,0.0092671811580658,0,0.049047525435526,0,0.0171866877166651
1987,11,4,0.0104887904599309,0,0.00770087504315598,0,0.0171866877166651
1987,11,5,0.00035292687243782,0,0.00671362163484446,0,0.0141537428254889
1987,11,6,0.00218416634015739,0,0.000703349776813411,0,0.0131427611950969
1987,11,7,0.160347983241081,0,0.0617921520151867,0,0.0131427611950969
1987,11,8,1.19108700752258,0,0.553698712243204,0,0.0131427611950969
1987,11,9,4.04926347732544,0,2.30163070499839,0,0.0141537428254889
1987,11,10,0.091097816824913,0,2.49133232586428,0,0.0141537428254889
1987,11,11,0.0336169637739658,0,-0.0185941607396671,0,0.0141537428254889
1987,11,12,0.0449682362377644,5.6843418860808e-14,0.0392924901116203,5.6843418860808e-14,0.0131427611950969
1987,11,13,0.000161783682415262,-5.6843418860808e-14,0.0230240935761685,-5.6843418860808e-14,0.0121317795647048
1987,11,14,4.40656076534651e-05,0,-0.000109684891867801,0,0.0121317795647048
1987,11,15,0.00108736346010119,0,0.000507899947479018,0,0.0121317795647048
1987,11,16,0.111139476299286,0,0.0541541867623891,0,0.0121317795647048
1987,11,17,6.62196254730225,0,2.223841014149,0,0.0131427611950969
1987,11,18,0.294557332992554,0,3.79325141746267,0,0.0141537428254889
1987,11,19,0.00141937891021371,0,0.0806130863456929,0,0.015164724455881
1987,11,20,0.0300388056784868,0,0.0082693023578031,0,0.015164724455881
1987,11,21,0.056972548365593,0.017675273329985,0.0266036533557781,0,0.0980652181480304
1987,11,22,0.0322882756590843,0.0180156332400543,0.0266279849711282,0,0.121317795647048
1987,11,23,0.754532039165497,0,0.393352581400904,0.0283090178122052,0.0798675488009732
1987,11,24,2.45931959152222,0,0.411455006023971,0,0.0697577324970526
1987,11,25,13.78733253479,0,7.60422801496497,-1.13686837721616e-13,0.0818895120617573
1987,11,26,10.2737722396851,2.8421709430404e-13,12.0995184698077,5.6843418860808e-14,0.111207979343127
1987,11,27,4.94531774520874,0,7.61631834589753,0,0.141537428254889
1987,11,28,7.21524333953857,0,6.07983204527409,0,0.141537428254889
1987,11,29,9.69059944152832,1.70530256582424e-13,8.45087290771335,1.13686837721616e-13,0.192086509774493
1987,11,30,1.79312980175018,5.6843418860808e-14,5.78896048181377,2.8421709430404e-13,0.293184672813699
1987,12,1,2.06655812263489,5.6843418860808e-14,1.92935256870442,-5.6843418860808e-14,0.283074856509778
1987,12,2,0.59000438451767,0,1.33160896021218,-1.13686837721616e-13,0.212306142382334
1987,12,3,2.5835132598877,0,1.58566177616922,0.00144330690579864,0.181976693470572
1987,12,4,2.58813190460205,0,2.58576755061767,0,0.171866877166651
1987,12,5,0.0263121798634529,0.00049890613485104,1.36900563881864,0,0.171866877166651
1987,12,6,0.451685130596161,0.0200994140230364,0.206042956064266,0,0.222415958686255
1987,12,7,3.66367936134338,0.0208705327077041,2.03141614754168,0.0500104016658725,0.212306142382334
1987,12,8,0.113254576921463,0,1.98129514601169,0,0.181976693470572
1987,12,9,4.20153474807739,0,2.09350276520854,0,0.181976693470572
1987,12,10,0.0468727871775627,0,2.14684741421661,0,0.171866877166651
1987,12,11,0.515450894832611,0,0.272460094325652,0,0.181976693470572
1987,12,12,0.983491003513336,0,0.739519494456545,0,0.192086509774493
1987,12,13,0.0792471840977669,0,0.572612107425812,0,0.181976693470572
1987,12,14,3.02227473258972,5.6843418860808e-14,1.54467099974681,0,0.181976693470572
1987,12,15,21.1377143859863,0,11.8761403999688,-5.6843418860808e-14,0.232525774990175
1987,12,16,0.274477303028107,-1.70530256582424e-13,10.7613191134315,-1.13686837721616e-13,1.37493501733321
1987,12,17,0.0218946617096663,0.00831300306492722,0.143511679700168,-5.6843418860808e-14,0.717796957578367
1987,12,18,0.0786521956324577,0.0367268362927575,0.0121952079971379,0,0.45494173367643
1987,12,19,2.99251222610474,0.0293047839218161,1.49842087602519,0,0.363953386941144
1987,12,20,7.71785068511963,-4.54747350886464e-13,5.12732656310982,0.123532715312706,0.394282835852906
1987,12,21,0.273772776126862,0,4.15206808369294,2.27373675443232e-13,0.879554018441097
1987,12,22,0.127934619784355,0,0.208471913769245,0,0.75823622279405
1987,12,23,0.0433137305080891,0,0.0856440936986473,0,0.576259529323478
1987,12,24,2.46079111099243,0,1.24745464091393,0,0.46505154998035
1987,12,25,13.0002069473267,1.13686837721616e-13,7.6352977615079,-5.6843418860808e-14,1.25361722168616
1987,12,26,12.1397104263306,0,12.5739467517797,2.27373675443232e-13,4.71117439762703
1987,12,27,0.961142361164093,-1.13686837721616e-13,6.55703591673046,-1.70530256582424e-13,3.22503140095069
1987,12,28,6.74003505706787,-1.13686837721616e-13,3.5911490222843,0,2.53756389228409
1987,12,29,0.707370758056641,1.13686837721616e-13,3.80120737672769,0,2.4971246270684
1987,12,30,0.00140634796116501,0.000451477160083869,0.363851255599002,0,1.61757060862731
1987,12,31,1.21502935886383,0.000490166751319521,0.574230640131646,0,1.273836854294
1988,1,1,0.43815416097641,0.094792159722715,0.747222270430939,0,1.02109144669599
1988,1,2,0.000201344329980202,0.100594882666883,0.122541725444535,0,0.748126406490129
1988,1,3,0.590029776096344,0.290681531800658,0,0,0.626808610843081
1988,1,4,0.187796503305435,0.398863586781545,0,0,0.535820264107795
1988,1,5,0.000557386956643313,0.0972383811450186,0,0,0.252745407598017
1988,1,6,0.126309767365456,0.0601577868937397,0,0,0.232525774990175
1988,1,7,0.155190527439117,0.143722283283694,0,0,0.283074856509778
1988,1,8,0.315700858831406,0.231767743183525,0,0,0.30329448911762
1988,1,9,0.000770018494222313,0.160848288177363,0,0,0.283074856509778
1988,1,10,0.000295117904897779,0.000477081456381256,0,0,0.262855223901937
1988,1,11,0.0136366216465831,0.00882202656566733,0,5.6843418860808e-14,0.242635591294096
1988,1,12,0.0564753897488117,0.00720610384820475,0.0266316693632689,-5.6843418860808e-14,0.232525774990175
1988,1,13,0.289727568626404,0.0554554781906518,0.109603241895456,0,0.222415958686255
1988,1,14,0.0128018502146006,0.0720217784216857,0.0950206868474197,0,0.222415958686255
1988,1,15,0.00053466489771381,0.00686447427500525,0,0,0.202196326078413
1988,1,16,0.00314394803717732,0.000298239795313293,0.00139023197516508,0.171688627871561,0.181976693470572
1988,1,17,6.44797658920288,0,2.66220402155341,1.59300900972443,0.212306142382334
1988,1,18,4.61890649795532,2.8421709430404e-13,5.56491998686579,-3.41060513164848e-13,0.283074856509778
1988,1,19,9.26503276824951,2.27373675443232e-13,6.93024389773746,1.13686837721616e-13,0.404392652156826
1988,1,20,16.1362133026123,-3.41060513164848e-13,12.6924610574515,-6.82121026329696e-13,1.45581354776458
1988,1,21,0.618544936180115,1.13686837721616e-13,8.38085400284763,3.97903932025656e-13,1.12218960973519
1988,1,22,0.0801210477948189,0,0.349521249549071,-5.6843418860808e-14,0.626808610843081
1988,1,23,0.52725076675415,0,0.298326689871828,0,0.485271182588192
1988,1,24,0.201865702867508,5.6843418860808e-14,0.36635764067978,5.6843418860808e-14,0.323514121725461
1988,1,25,0.476247936487198,0.212721383975804,0.123730919700392,0,0.232525774990175
1988,1,26,1.82490980625153,1.12453169098575,0.0214316990222869,-5.6843418860808e-14,0.252745407598017
1988,1,27,1.14351582527161,1.49083845455306,0,0,0.222415958686255
1988,1,28,0.000820107001345605,0.615482591443765,0,0,0.202196326078413
1988,1,29,0.0025981820654124,0.000426433690051908,0.00124719692939834,0.376343583099981,0.212306142382334
1988,1,30,0.000110127424704842,0,0.00138362140205572,3.09669424884436,0.30329448911762
1988,1,31,1.91920983791351,0,0.945620407288516,5.6843418860808e-14,0.353843570637223
1988,2,1,29.9323921203613,2.27373675443232e-13,15.9183278357468,0,6.66236894428372
1988,2,2,35.2472953796387,-5.6843418860808e-14,32.5846133541163,-5.11590769747272e-13,26.1844242271545
1988,2,3,3.6489315032959,1.13686837721616e-13,19.852280567271,0,8.76521073549921
1988,2,4,8.57764911651611,2.49114929580981,3.50060236424361,0,6.8039063725386
1988,2,5,0.0186000037938356,2.6407623840206,1.67552139626969,0,4.11469523569571
1988,2,6,0.00215166085399687,0.0116646671598346,0,0,2.4971246270684
1988,2,7,0.0753390118479729,0.0433422139533946,0,-5.6843418860808e-14,1.49625281298026
1988,2,8,0.0706752315163612,0.0730280198430933,0,5.6843418860808e-14,1.12218960973519
1988,2,9,0.00450639659538865,0.0414281327929302,7.70715832913993e-05,0,0.869444202137177
1988,2,10,0,0.00221461667632639,8.93849282874726e-05,0,0.727906773882288
1988,2,11,1.90138232707977,0.675263580095304,0.209653616946525,0,0.636918427147002
1988,2,12,5.01478004455566,3.20611770463745,0.22861497764643,0,0.576259529323478
1988,2,13,0.0190287958830595,2.7287670592026,0,0,0.556039896715636
1988,2,14,0.208694145083427,0.105609355308616,0,0,0.535820264107795
1988,2,15,4.19401597976685,0.106723080352594,2.04925861616721,0,0.788565671705811
1988,2,16,0.211435973644257,0.0257982008515114,2.19199379100428,0,1.87031601622532
1988,2,17,1.72872169059701e-05,0.0260601781162109,0.079932002341593,0.228357251990985,1.39515464994105
1988,2,18,0.204020947217941,-5.6843418860808e-14,0.0832476875020802,1.12501876646502,1.41537428254889
1988,2,19,7.42821168899536,0,3.71608427504179,2.01518150593785,2.84085838140171
1988,2,20,8.6243257522583,0,8.01770341361407,0.980249291397797,5.88391308888182
1988,2,21,0.0520117543637753,0.0253752243322083,4.41673453841577,0,3.23514121725461
1988,2,22,0.157045528292656,0.0261442252668758,0.078105032651365,0.560052162504917,2.1028417912155
1988,2,23,3.00597739219666,0,1.49655917697237,3.20118703666003,1.78943748579396
1988,2,24,0.00208932138048112,0.000258602429823895,1.50409718243463,2.77033696524671,1.5164724455881
1988,2,25,0.000246670679189265,0.000365623234301893,0.000826222512841923,0,1.18284850755872
1988,2,26,3.57057397195604e-05,0.000116030015590241,3.50221980625065e-05,0,0.930103099960701
1988,2,27,0.000249579752562568,3.8672031337228e-06,0.000137683886350715,0.377219025755153,0.839114753225415
1988,2,28,5.79979787289631e-05,0,0.000155886422362528,0.389454780263634,0.687467508666605
1988,2,29,0.00227884971536696,-5.6843418860808e-14,0.00115494615420175,0.498740245523038,0.636918427147002
1988,3,1,1.0397883670521e-05,0,0.00105287034784851,0.278217824582043,0.576259529323478
1988,3,2,2.05564880371094,0,1.01415502545024,0,0.545930080411716
1988,3,3,16.0783634185791,1.13686837721616e-13,9.0506950816125,1.13686837721616e-13,1.29405648690184
1988,3,4,18.0092353820801,1.55066844195824,15.4868122780481,5.6843418860808e-14,4.29667192916628
1988,3,5,0.55059939622879,1.79680871837053,7.72298613823841,0,2.64877187162721
1988,3,6,0.000651341339107603,0.230276337338069,0.0893893506563472,0,2.16350068903902
1988,3,7,0,-5.6843418860808e-14,0.000325895787682384,1.74976609622922,1.89053564883316
1988,3,8,0.0654741451144218,0,0.0321606503621297,1.84494836160212,1.61757060862731
1988,3,9,1.55460572242737,-5.6843418860808e-14,0.778360258293105,-5.6843418860808e-14,1.45581354776458
1988,3,10,0.034999456256628,5.6843418860808e-14,0.82096408189318,5.6843418860808e-14,1.25361722168616
1988,3,11,0.464491337537766,0,0.245049239436412,0,1.01098163039207
1988,3,12,6.5653862953186,0,3.48196216415818,-5.6843418860808e-14,1.05142089560775
1988,3,13,2.08296275138855,-5.6843418860808e-14,4.3246035365155,5.6843418860808e-14,2.1533908727351
1988,3,14,1.01545214653015,0.483919321811186,1.06535408507443,0,1.73888840427435
1988,3,15,0.921954989433289,0.936664508920103,0.037040551620521,0,1.28394667059792
1988,3,16,0.00195381045341492,0.456823571503321,0.0126982172878343,0,0.980652181480304
1988,3,17,0.298149794340134,0.000566930879074334,0.133065871159488,0,0.818895120617574
1988,3,18,1.61493158340454,0,0.933889016221656,0.127275597539892,0.76834603909797
1988,3,19,0.0562543086707592,0,0.907883858955756,0.144037133291135,0.76834603909797
1988,3,20,0.0817806944251061,-5.6843418860808e-14,0.0679553842855967,0.484427425340243,0.697577324970526
1988,3,21,9.46830368775409e-06,0,0.0410338404417416,0.778459712918618,0.596479161931319
1988,3,22,0.000624768668785691,0,0.000284061770798871,0.381254388770287,0.535820264107795
1988,3,23,0.00308591569773853,0,0.00177853806235362,0,0.515600631499954
1988,3,24,0.0170891080051661,0,0.00989954142278293,0,0.495380998892112
1988,3,25,15.3889303207397,0,7.64010387921735,0,0.647028243450922
1988,3,26,2.87325501441956,0,9.35356878472339,0,1.40526446624497
1988,3,27,0.403895616531372,0,1.65975327476917,0,1.00087181408815
1988,3,28,6.15580429439433e-05,0,0.221351889427751,0,0.748126406490129
1988,3,29,0.534272193908691,0,0.252792614201098,0,0.667247876058764
1988,3,30,1.94923412799835,0,1.24047124037497,0,0.626808610843081
1988,3,31,1.8666912317276,0,1.90275822995682,0,0.535820264107795
1988,4,1,8.21491718292236,0,5.03413403627201,0,0.545930080411716
1988,4,2,3.45683789253235,0,5.74053493758584,0,0.636918427147002
1988,4,3,3.07832217216492,0,3.26964388820306,0,0.647028243450922
1988,4,4,4.55647087097168,0,3.7667996441287,0,0.657138059754843
1988,4,5,0.285742938518524,0,2.50120622481882,0,0.576259529323478
1988,4,6,12.5914812088013,0,5.58812790310913,0,1.73888840427435
1988,4,7,30.1753158569336,-3.41060513164848e-13,21.3635170991402,-3.41060513164848e-13,11.727386912548
1988,4,8,0.26368460059166,-5.6843418860808e-14,15.66713879483,-4.54747350886464e-13,4.55952715306822
1988,4,9,0.000624343694653362,0,0.142251637218578,0,2.60833260641153
1988,4,10,0,0,0.000349403564541717,0,1.77932766949004
1988,4,11,1.10514056359534e-05,0,5.1151273510186e-06,0,1.30416630320577
1988,4,12,0.000615455093793571,0,0.000326182107528439,0,0.980652181480304
1988,4,13,0.00185410433914512,0,0.00122677969557117,0,0.75823622279405
1988,4,14,0.0502270944416523,5.6843418860808e-14,0.0256902479359269,0,0.626808610843081
1988,4,15,0.000701668031979352,-5.6843418860808e-14,0.0279610497800604,0,0.535820264107795
1988,4,16,2.26417637350096e-06,0,0.000322057865560055,0,0.45494173367643
1988,4,17,0.0650962442159653,0,0.0356441761814494,0,0.414502468460747
1988,4,18,6.26184892654419,0,2.93959110505057,0,0.46505154998035
1988,4,19,0.444434940814972,5.6843418860808e-14,3.57518505563894,5.6843418860808e-14,0.394282835852906
1988,4,20,0.000929515226744115,-5.6843418860808e-14,0.234134731723316,-5.6843418860808e-14,0.343733754333302
1988,4,21,2.05044889450073,0,1.00925505130908,0,0.343733754333302
1988,4,22,12.0038461685181,0,6.86631767940708,-5.6843418860808e-14,0.414502468460747
1988,4,23,0.775194227695465,0,6.38974767622131,-5.6843418860808e-14,0.434722101068588
1988,4,24,0.0506428256630898,0,0.370227075722141,0,0.353843570637223
1988,4,25,0.000593011325690895,-5.6843418860808e-14,0.0211369491080404,0,0.293184672813699
1988,4,26,0,5.6843418860808e-14,0.000316573255986441,0,0.283074856509778
1988,4,27,0.169346392154694,0,0.0839648741948622,0,0.272965040205858
1988,4,28,1.41362404823303,0,0.757635027990546,0,0.262855223901937
1988,4,29,0.0358909256756306,0,0.74805051070507,0,0.242635591294096
1988,4,30,0.000477184803457931,0,0.0212143473763717,0,0.222415958686255
1988,5,1,0.000563019537366927,0,0.000532637657670421,0,0.212306142382334
1988,5,2,0.00294075254350901,0,0.00190428661517217,0,0.202196326078413
1988,5,3,0.00664174696430564,0,0.00468572988575033,0,0.202196326078413
1988,5,4,0.13094137609005,5.6843418860808e-14,0.0625501188278577,0,0.202196326078413
1988,5,5,0.0607544854283333,-5.6843418860808e-14,0.106016809266293,0,0.202196326078413
1988,5,6,0.000826297560706735,0,0.0265781362995767,0,0.202196326078413
1988,5,7,0.000703013734892011,0,0.000766113869758556,0,0.192086509774493
1988,5,8,0.433666676282883,0,0.199711661221954,0,0.192086509774493
1988,5,9,5.21457147598267,0,2.76424144007797,0,0.202196326078413
1988,5,10,2.40556979179382,0,3.83701592662692,0,0.202196326078413
1988,5,11,1.51123535633087,0,1.89460820210115,0,0.202196326078413
1988,5,12,3.54178769157443e-06,0,0.779392592781733,0,0.181976693470572
1988,5,13,0.531916260719299,0,0.262484502898587,0,0.171866877166651
1988,5,14,1.93592882156372,0,1.21209450832794,0,0.192086509774493
1988,5,15,0.0238464120775461,0,1.14351727725625,-5.6843418860808e-14,0.181976693470572
1988,5,16,0.593187928199768,0,0.347066904963867,5.6843418860808e-14,0.161757060862731
1988,5,17,0.0797539874911308,0,0.299348243297573,0,0.15164724455881
1988,5,18,0.000232300604693592,0,0.0508558825567889,0,0.141537428254889
1988,5,19,0.0835991576313973,0,0.0287394694187242,0,0.141537428254889
1988,5,20,0.785078227519989,0,0.348142931728944,0,0.131427611950969
1988,5,21,0.0805202946066856,0,0.439013130691819,0,0.131427611950969
1988,5,22,1.41791462898254,0,0.66030892685194,0,0.131427611950969
1988,5,23,17.219123840332,0,8.74388305367211,0,0.141537428254889
1988,5,24,4.30123281478882,0,11.2288369325561,0,0.222415958686255
1988,5,25,1.55895709991455,0,3.05575287343527,0,0.202196326078413
1988,5,26,1.99953447008738e-05,0,1.04497941882255,0,0.131427611950969
1988,5,27,1.15799048217013e-05,0,1.64263947226573e-05,0,0.101098163039207
1988,5,28,0.00296997651457787,-5.6843418860808e-14,0.00224411844828865,0,0.0808785304313653
1988,5,29,0.00285477377474308,5.6843418860808e-14,0.00314064638951095,0,0.0687467508666605
1988,5,30,0.000259886379353702,0,0.00172618078795495,0,0.0586369345627398
1988,5,31,4.84748125018086e-05,0,0.000129139179989579,0,0.0515600631499954
1988,6,1,0.000137364491820335,0,-3.5343397030374e-05,0,0.0444831917372509
1988,6,2,0.00128061615396291,0,-0.00420143931114581,0,0.0374063203245064
1988,6,3,0.0431170500814915,0,0.032256505708574,0,0.031340430542154
1988,6,4,1.41796617754153e-05,0,0.0164632380801777,0,0.0222415958686255
1988,6,5,0.00065503257792443,0,0.000486952605569968,0,0.0192086509774493
1988,6,6,2.51463752647396e-05,0,0.000266680242930306,0,0.0192086509774493
1988,6,7,8.1197009421885e-05,0,4.46698959422065e-05,0,0.0161757060862731
1988,6,8,0.364548206329346,0,0.152242694035522,0,0.015164724455881
1988,6,9,4.76424980163574,0,2.38186909043725,0,0.0161757060862731
1988,6,10,0.10671416670084,0,2.56902712651208,0,0.0161757060862731
1988,6,11,0.000588283641263843,0,0.0200400107260066,0,0.015164724455881
1988,6,12,5.72201042814413e-06,0,0.000313434620693442,0,0.0141537428254889
1988,6,13,1.73104363057064e-05,0,-2.48451942752581e-06,0,0.0121317795647048
1988,6,14,3.86929241358303e-06,0,-0.0184495965168026,0,0.0101098163039207
1988,6,15,0.95003867149353,0,0.0179312325508363,0,0.0082900493692149
1988,6,16,5.76625299453735,0,2.98241272596715,0,0.0082900493692149
1988,6,17,3.97733163833618,0,5.01004195491987,0,0.0121317795647048
1988,6,18,0.0023375409655273,0,2.14634999774353,0,0.0090988346735285
1988,6,19,0.00151700188871473,0,0.00200963900897477,0,0.0075823622279405
1988,6,20,0.0905690714716911,0,0.0709848437982146,0,0.0058636934562739
1988,6,21,0.957249402999878,0,0.483854601381609,0,0.0041450246846074
1988,6,22,0.108426578342915,0,0.553816018456928,0,0.0028307485650977
1988,6,23,0.0922402441501617,0,0.0969604197980516,0,0.0020219632607841
1988,6,24,0.0269118342548609,0,0.0699742960587173,0,0.0015164724455881
1988,6,25,0.107283309102058,0,0.0652258104073553,0,0.0012131779564704
1988,6,26,0.00131062790751457,0,0.0211767668988614,0,0.0006065889782352
1988,6,27,0.00216059479862452,0,0.00169441013895266,0,0.0003032944891176
1988,6,28,0.000631020753644407,0,0.00117711089842487,0,0.0001010981630392
1988,6,29,0.857273638248444,0,0.379510590892096,0,0
1988,6,30,0.750807046890259,0,0.808652405741668,0,0
1988,7,1,2.66189890680835e-05,0,0.417183602934529,0,0
1988,7,2,0.00156697048805654,0,-0.00570411754051747,0,0
1988,7,3,0.00194644939620048,0,0.0017913978517754,0,0
1988,7,4,1.67903309034045e-07,0,0.00141640727815684,0,0
1988,7,5,1.01025335652594e-07,0,1.36964445118792e-07,0,0
1988,7,6,0.000277607439784333,0,0.000106257248262409,0,0
1988,7,7,3.57800360006877e-07,0,0.000157347194544855,0,0
1988,7,8,0,0,-6.35244941804558e-06,0,0
1988,7,9,0.0737274438142777,0,0.0480901026148786,0,0
1988,7,10,1.02055108547211,0,0.544406868099031,0,0
1988,7,11,5.7796688079834,0,3.13475718007612,0,0
1988,7,12,2.80263590812683,0,4.65830542840922,0,0
1988,7,13,1.7709721326828,0,2.51645212242875,0,0
1988,7,14,0.0809350311756134,0,1.07423847755308,0,0
1988,7,15,1.2374279499054,0,0.5681462543198,0,0
1988,7,16,0.496176540851593,0,0.895767720037838,0,0
1988,7,17,2.58997654914856,0,1.42264033693027,0,0
1988,7,18,2.65353798866272,0,2.61950923273434,0,0
1988,7,19,14.576491355896,0,8.43645935905624,0,0
1988,7,20,22.7173824310303,0,18.1376289962536,0,0
1988,7,21,33.2226257324219,-1.13686837721616e-13,27.9687781917382,1.70530256582424e-13,0
1988,7,22,0.194313675165176,-4.54747350886464e-13,16.7239987329904,-6.82121026329696e-13,0
1988,7,23,0.0413192585110664,0,0.118592118922606,5.6843418860808e-14,0
1988,7,24,1.01060020923615,0,0.433804856373172,0,0.0031340430542154
1988,7,25,0,0,0.591189697743175,0,0.0041450246846074
1988,7,26,0.701172590255737,0,0.322726500129647,0,0.004448319173725
1988,7,27,0.0340277478098869,0,0.382244548680319,0,0.0036395338694114
1988,7,28,2.6849124878936e-06,0,0.0168014913906518,0,0.0025274540759801
1988,7,29,0.14844885468483,0,0.0819014807239,0,0.0018197669347057
1988,7,30,2.17009854316711,0,1.11902981632011,0,0.0016175706086273
1988,7,31,5.74618864059448,0,3.81823160721251,0,0.0016175706086273
1988,8,1,0.0427343808114529,0,3.02742341230078,0,0.0015164724455881
1988,8,2,0.165897578001022,0,0.100756747337073,0,0.0011120797934312
1988,8,3,0.567984759807587,0,0.419525603425427,0,0.0006065889782352
1988,8,4,2.74982309341431,0,1.49747301904063,0,0.0001010981630392
1988,8,5,0.302095025777817,5.6843418860808e-14,1.76207837360198,0,0
1988,8,6,9.95065307617188,-5.6843418860808e-14,4.71490044670827,0,0.0013142761195096
1988,8,7,0.141493290662766,0,5.04679881922493,0,0.0012131779564704
1988,8,8,3.5010664305446e-06,0,0.0649340573163499,0,0.0007076871412744
1988,8,9,0.0161001104861498,0,0.00782015812728787,0,0.0003032944891176
1988,8,10,0.000168307989952154,0,0.00860830176134186,0,0
1988,8,11,0.677711844444275,0,0.304366910391764,0,0
1988,8,12,1.3168820142746,0,0.969727337524091,0,0
1988,8,13,2.7090163230896,0,1.84721810668452,5.6843418860808e-14,0
1988,8,14,0.536319315433502,0,1.74533724745015,-5.6843418860808e-14,0
1988,8,15,0.128896147012711,0,0.341541449939541,0,0
1988,8,16,0.0935536921024323,0,0.111774073429842,0,0
1988,8,17,0.00020846507686656,0,0.0478429170834716,0,0
1988,8,18,0.0127523010596633,0,0.00510582495735434,0,0
1988,8,19,2.46063804626465,0,1.15833701847259,0,0
1988,8,20,11.6352777481079,0,6.84765804350172,0,0
1988,8,21,0.0325078368186951,0,6.15999077233573,0,0
1988,8,22,0.0245570633560419,0,0.0286943492883438,0,0
1988,8,23,2.65529155731201,0,1.27028669092215,0,0
1988,8,24,7.07503366470337,0,4.74399077658018,5.6843418860808e-14,0
1988,8,25,0.0875349342823029,0,4.62510532718807,-5.6843418860808e-14,0
1988,8,26,0.29119199514389,0,0.176619789674078,0,0
1988,8,27,0.190015375614166,0,0.248132336486378,0,0
1988,8,28,10.1548929214478,0,3.19353378730375,5.6843418860808e-14,0
1988,8,29,3.94505667686462,0,7.22593832327766,-5.6843418860808e-14,0
1988,8,30,0.158064395189285,0,2.21567942263937,0,0
1988,8,31,2.44069742620923e-05,0,0.0937771019634965,0,0
1988,9,1,0.000610288756433874,0,0.000384290755391703,0,0
1988,9,2,1.78670847415924,0,0.860585450245708,0,0
1988,9,3,21.2631015777588,0,6.07998718005729,0,0
1988,9,4,7.31007719039917,0,14.286665202344,0,0
1988,9,5,0.34369820356369,0,3.88223654878311,0,0
1988,9,6,0.00788996741175652,0,0.180700270395391,0,0
1988,9,7,0.000135693320771679,0,0.00341187279082078,0,0
1988,9,8,1.85967437573709e-05,0,6.96420138410758e-05,0,0
1988,9,9,0.000462841417174786,0,0.000187744870345341,0,0
1988,9,10,0.000636423239484429,0,0.000527276983120828,0,0
1988,9,11,0.0319638885557652,0,0.0203509108705475,0,0
1988,9,12,4.93026208877564,0,2.26378488224145,0,0
1988,9,13,7.92345762252808,0,6.40123541291723,0,0
1988,9,14,0.000487872224766761,0,3.96397880332552,0,0
1988,9,15,0.0006326426519081,0,0.000551200120753492,0,0
1988,9,16,1.04999959468842,0,0.425362092395517,0,0
1988,9,17,6.6657567024231,0,3.69591791704443,0,0
1988,9,18,0,0,3.3481407353047,0,0
1988,9,19,3.62906336784363,0,1.78765325987297,0,0
1988,9,20,8.81941032409668,5.6843418860808e-14,6.18878266772663,0,0
1988,9,21,0.0108785694465041,-5.6843418860808e-14,4.45109445612616,0,0
1988,9,22,0.0691733956336975,0,0.0364357641610695,0,0
1988,9,23,1.27466797828674,0,0.631370129993229,0,0
1988,9,24,0.269127547740936,0,0.79160555483395,0,0
1988,9,25,1.9427148103714,0,0.956358885374357,0,0
1988,9,26,0.0605677105486393,0,1.00801159760704,0,0
1988,9,27,0.000108033127617091,0,0.0336020513404947,0,0
1988,9,28,0,0,5.70455795241287e-05,0,0
1988,9,29,0.0219681914895773,-5.6843418860808e-14,0.00905544192210073,-5.6843418860808e-14,0
1988,9,30,0.404670983552933,5.6843418860808e-14,0.269751734385864,5.6843418860808e-14,0
1988,10,1,3.05332350730896,0,1.64436775416834,0,0
1988,10,2,4.42249202728272,0,3.79410754879973,0,0
1988,10,3,0.472394853830338,0,2.65211309709957,0,0
1988,10,4,0.0078945392742753,0,0.186905378370284,0,0
1988,10,5,0.00342572922818363,0,0.00598820042978332,-5.6843418860808e-14,0
1988,10,6,0.000418921292293817,0,0.0022357585694408,5.6843418860808e-14,0
1988,10,7,0.00933186244219542,0,0.00607493460120168,0,0
1988,10,8,0.000459016679087654,0,0.00450220033962978,0,0
1988,10,9,0.0141017157584429,0,0.0070608525093121,0,0
1988,10,10,0.0246016792953014,0,0.0177028957314178,0,0
1988,10,11,0.0313088223338127,0,0.0279160643076466,0,0
1988,10,12,1.98809611902107e-05,0,0.0197997202722036,0,0
1988,10,13,2.91702417598572e-05,-5.6843418860808e-14,2.42382775468286e-05,0,0
1988,10,14,0.000949832145124674,5.6843418860808e-14,0.000621305673121242,0,0
1988,10,15,0.85334986448288,0,0.421657295109981,0,0
1988,10,16,6.61543989181519,0,3.62265984828082,0,0
1988,10,17,8.92366600036621,0,7.75991908610922,5.6843418860808e-14,0
1988,10,18,18.1674766540527,0,13.4680377058048,-5.6843418860808e-14,0
1988,10,19,0.458006143569946,0,9.3130721822381,0,0
1988,10,20,0.00198747985996306,0,0.197416604052705,0,0
1988,10,21,3.8763325214386,0,1.65342442455949,0,0
1988,10,22,2.58439683914185,0,3.1851246512033,0,0
1988,10,23,3.09180450439453,0,2.87133694254408,0,0
1988,10,24,2.28407454490662,0,2.73935513614742,0,0
1988,10,25,6.08080663369037e-05,0,1.28606668958673,0,0
1988,10,26,0.0001685265742708,0,0.000104076187199098,0,0
1988,10,27,0.383086353540421,0,0.247618087496448,5.6843418860808e-14,0
1988,10,28,3.33293747901917,0,1.5864896480125,-5.6843418860808e-14,0
1988,10,29,0.021329877898097,0,1.74902465416017,0,0
1988,10,30,0.00492745079100132,0,0.0133644006655231,0,0
1988,10,31,0.000102850572147872,0,0.00280036540425499,0,0
1988,11,1,0.0161971021443605,0,0.0060169332082296,0,0
1988,11,2,0.00483587849885225,0,0.00949920951461536,0,0.0001010981630392
1988,11,3,1.18510735034943,0,0.619833498885782,0,0.0004043926521568
1988,11,4,16.7554607391357,0,8.95199227714147,-5.6843418860808e-14,0.0033362393802938
1988,11,5,27.6361103057861,-5.6843418860808e-14,22.1849824856945,-1.70530256582424e-13,0.0242635591294096
1988,11,6,2.79108738899231,-5.11590769747272e-13,15.2907365335486,1.13686837721616e-13,0.232525774990175
1988,11,7,1.38372337818146,0,2.08841901860251,-5.6843418860808e-14,0.222415958686255
1988,11,8,1.96666038036346,5.6843418860808e-14,1.67223314855437,0,0.131427611950969
1988,11,9,2.57834792137146,-5.6843418860808e-14,2.25269073455274,0,0.0788565671705811
1988,11,10,17.7191143035889,-6.25277607468888e-13,9.87338233413539,5.6843418860808e-14,0.0930103099960701
1988,11,11,0.0814875215291977,-5.11590769747272e-13,8.91530797902851,5.6843418860808e-14,0.424612284764668
1988,11,12,0.973728716373444,0,0.512255740264664,-5.6843418860808e-14,0.293184672813699
1988,11,13,6.01948595046997,0,3.49540853514372,5.6843418860808e-14,0.192086509774493
1988,11,14,0.034258283674717,0,3.21025361329703,0,0.15164724455881
1988,11,15,0.0639434009790421,0,0.0490051724227669,0,0.15164724455881
1988,11,16,3.47105288505554,5.6843418860808e-14,1.76135686935777,0,0.141537428254889
1988,11,17,2.12363719940186,-5.6843418860808e-14,2.8167863809449,0,0.111207979343127
1988,11,18,0.114573061466217,0,1.15498180355462,0,0.121317795647048
1988,11,19,3.83182382583618,0,1.90940856951238,0,0.111207979343127
1988,11,20,17.8861236572266,0,10.7839929036763,2.8421709430404e-13,0.161757060862731
1988,11,21,3.34105849266052,-5.6843418860808e-14,10.7611575275423,-1.70530256582424e-13,0.566149713019557
1988,11,22,0.000329152680933476,0,1.70773710356298,0,0.46505154998035
1988,11,23,0.000290770985884592,0,0.000310263867504546,-5.6843418860808e-14,0.272965040205858
1988,11,24,0.00063778628828004,0,0.000458485717899748,5.6843418860808e-14,0.192086509774493
1988,11,25,0.00228656572289765,0,0.00131489529849205,0,0.141537428254889
1988,11,26,3.42309761047363,0,1.66944359365334,0,0.121317795647048
1988,11,27,11.4161911010742,0,7.36968599220199,0,0.242635591294096
1988,11,28,0.157807692885399,0,5.78881252395331,0,0.525710447803874
1988,11,29,0.0350047424435616,0,0.0978533433826669,0,0.333623938029382
1988,11,30,0.0643536746501923,0,0.0496724544045719,5.6843418860808e-14,0.222415958686255
1988,12,1,0.286304384469986,0.00770556030585112,0.152885931116543,-5.6843418860808e-14,0.171866877166651
1988,12,2,0.000730820407625288,0.00914189690865896,0.135723820387284,0,0.131427611950969
1988,12,3,0.000165083576575853,0.000174682641727486,0.000274242460363894,0.0163446338508493,0.101098163039207
1988,12,4,0.000162446391186677,0,0.000163688137035933,0,0.0839114753225415
1988,12,5,0,0,8.94545955816284e-05,0,0.0717796957578367
1988,12,6,0.000342997576808557,0,0.000176823805304593,0,0.061669879453916
1988,12,7,0.0195104032754898,0,0.00984821365273092,0,0.0556039896715636
1988,12,8,0.103382602334023,0,0.057514633577739,0,0.0525710447803874
1988,12,9,0.00900418218225241,0.00111975233699013,0.056478504988263,0,0.046505154998035
1988,12,10,0.000284202949842438,0.00126590632538637,0.00340141842571029,0,0.0384173019548985
1988,12,11,0.025380089879036,0.0126954247152753,3.61534330295399e-05,0,0.0283074856509778
1988,12,12,0.120462723076344,0.0714248241603741,0,-5.6843418860808e-14,0.0242635591294096
1988,12,13,1.38209319114685,0.473106078744024,0.275702809447466,5.6843418860808e-14,0.0222415958686255
1988,12,14,0.125703498721123,0.420005090814811,0.342604617109828,1.0107358963171,0.0232525774990175
1988,12,15,0.03233303129673,-5.6843418860808e-14,0.0801691289761948,0,0.0333623938029382
1988,12,16,0.00226512853987515,0.00111516166089132,0.0164149249994807,0,0.0212306142382334
1988,12,17,0.313683420419693,0.157702080816591,0,0,0.0202196326078413
1988,12,18,0.0754620954394341,0.20478932498321,0,0,0.0202196326078413
1988,12,19,0.0207052920013666,0.0455606306709342,0.00820436479625641,0.406202410545745,0.0222415958686255
1988,12,20,0.598186731338501,0,0.305376341777446,0.0612911761314194,0.0252745407598017
1988,12,21,1.47502720355988,0,1.02768935254426,0,0.0323514121725461
1988,12,22,1.85846328735352,0,1.65579985254954,0,0.0333623938029382
1988,12,23,8.15603160858154,0,4.72773178347416,0,0.0414502468460747
1988,12,24,9.55861186981201,0,8.85109735215337,1.70530256582424e-13,0.0879554018441097
1988,12,25,0.534645915031433,0,5.07430984157145,0,0.515600631499954
1988,12,26,0.693386197090149,5.6843418860808e-14,0.613995535346476,0,0.353843570637223
1988,12,27,3.30382180213928,-5.6843418860808e-14,1.9577540704413,0,0.242635591294096
1988,12,28,31.4642391204834,0,16.6642937590295,0,2.63866205532329
1988,12,29,1.36405169963837,0.583270472335016,18.0100851332554,0,2.36569701511743
1988,12,30,0.00131608522497118,0.694732860450586,0,0,1.04131107930383
1988,12,31,0.0691120848059654,0.0255119933672745,0.00909773515923007,0,0.677357692362684
1989,1,1,2.31646013259888,0.482273294016636,0.709346744677532,0,0.495380998892112
1989,1,2,0.166261270642281,0.528568634194187,0.799287528378045,0,0.384173019548985
1989,1,3,0.0662862434983254,0.0445502339173913,0.0751685243922111,0,0.323514121725461
1989,1,4,0.0755680128931999,0.0290105096278808,0.0414693667989923,0,0.283074856509778
1989,1,5,1.52914345264435,0.166385642319312,0.631846501843029,0,0.232525774990175
1989,1,6,13.7652950286865,0.148660019680619,7.16488964017663,0.799116523891655,2.47690499446056
1989,1,7,1.65951097011566,0,7.84180892823497,1.89516078722971,4.39777009220549
1989,1,8,14.1730966567993,2.27373675443232e-13,7.79824513331005,-3.41060513164848e-13,8.30015918551886
1989,1,9,0.0204812698066235,0.00695178639836058,7.09304432476347,0,3.6193142368036
1989,1,10,1.76173653017031e-05,0.00703195404724966,0.0033285636400251,0,2.00174362817629
1989,1,11,1.16078424453735,1.5315628161261e-06,0.580219302353726,0,1.39515464994105
1989,1,12,10.7112636566162,1.13686837721616e-13,5.80103340310234,0.0299484989164398,2.78019948357818
1989,1,13,0.284823536872864,0,5.94800711775861,-5.6843418860808e-14,3.35645901290166
1989,1,14,2.93645143508911,0.196187151123183,1.33646880109518,0,2.09273197491158
1989,1,15,6.60791206359863,0.208512705403109,4.56309560707268,0,2.25448903577431
1989,1,16,0.00955008156597614,0,3.55047693874803,0,2.23426940316647
1989,1,17,0.000235933082876727,0,0.00502469621278578,0.406276709511246,1.88042583252924
1989,1,18,0.00618071155622602,0,0.00298536251830228,5.6843418860808e-14,1.55691171080378
1989,1,19,0.000133565627038479,0,0.00317597472712805,-5.6843418860808e-14,1.30416630320577
1989,1,20,0.0237917602062225,0,0.0117974602781032,0,1.13229942603911
1989,1,21,0.0415906421840191,0.0112786305913346,0.0213911232240207,0,0.889663834745018
1989,1,22,0.000209350298973732,0.0113545367816528,0.00963450985909731,0,0.798675488009732
1989,1,23,0.00202580122277141,0,0.00110842305912229,0.0298122796348252,0.717796957578367
1989,1,24,0.00636930204927921,0,0.00391269964529783,0,0.647028243450922
1989,1,25,0.63042014837265,0,0.303944669769408,0,0.61669879453916
1989,1,26,10.4892120361328,0,5.50257182688256,0,0.748126406490129
1989,1,27,2.07216167449951,0,6.28584569931991,0,1.11207979343127
1989,1,28,0.00202437560074031,0,1.08394063888409,0,1.00087181408815
1989,1,29,0.605262398719788,0,0.251465795359763,0,0.869444202137177
1989,1,30,0.0338953472673893,0,0.323217414446845,0,0.818895120617574
1989,1,31,0.00382067286409438,0,0.0202425707957445,0,0.738016590186208
1989,2,1,0.0122488392516971,0,0.00793236269782938,5.6843418860808e-14,0.687467508666605
1989,2,2,1.41376006603241,0,0.701305080741804,-1.13686837721616e-13,0.60658897823524
1989,2,3,12.2089624404907,0,6.81132424601128,5.6843418860808e-14,0.950322732568542
1989,2,4,0.0627586618065834,0.0308143309919728,6.21439533407647,0,1.19295832386264
1989,2,5,0.768664360046387,0.396920932654211,0,0,0.950322732568542
1989,2,6,0.122878387570381,0.461230573609953,0,0,0.75823622279405
1989,2,7,0.0231148265302181,0.0777747652617791,0,0,0.61669879453916
1989,2,8,0.00309095368720591,0.0110128967560854,0,0,0.475161366284271
1989,2,9,0.00105918059125543,0.00211091998806978,0,0,0.414502468460747
1989,2,10,0.0102234408259392,0.0054936651049502,0,0,0.394282835852906
1989,2,11,0.00214254902675748,0.0061171038454404,0.000477991527077393,0,0.394282835852906
1989,2,12,0.121262103319168,0.00620006088269065,0.0423313525861886,0,0.404392652156826
1989,2,13,5.2848596572876,0.00716093990149602,2.6793565715634,-5.6843418860808e-14,0.45494173367643
1989,2,14,14.0456428527832,0,9.63786152977445,1.04294432327424,1.36482520102929
1989,2,15,8.25399875640869,1.13686837721616e-13,11.16160657205,-2.27373675443232e-13,2.35558719881351
1989,2,16,6.77411699295044,-5.6843418860808e-14,7.60200170615099,0,4.43820935742117
1989,2,17,0.0710593685507774,0,3.44226599046669,0,2.31514793359783
1989,2,18,0.000497903150971979,4.43398267861994e-05,0.0363682184415666,5.6843418860808e-14,1.54680189449986
1989,2,19,1.00698789538001e-05,4.60925955394487e-05,0.000212980099604465,-5.6843418860808e-14,1.23339758907832
1989,2,20,3.73132991790772,0,1.86549280202053,0,1.2232877727744
1989,2,21,13.1528224945068,0,8.43991636680948,0,4.97402962152896
1989,2,22,0.660700619220734,0.00499476942582078,7.00600510111508,0,3.99337744004866
1989,2,23,1.07055234909058,0.529530907705578,0.331911689230765,0,2.04218289339197
1989,2,24,0.0129000041633844,0.548595593670086,0,0,1.34460556842145
1989,2,25,0.244840502738953,0.109952815207862,0.0150591017845727,0,1.14240924234303
1989,2,26,2.38613963127136,0.131594755286585,0.935862205547892,0,0.990761997784225
1989,2,27,0.141986772418022,0.0115878978634214,1.26209018917507,-5.6843418860808e-14,0.909883467352859
1989,2,28,0.00123156246263534,0.0115567855773406,0.0583428709924192,5.6843418860808e-14,0.889663834745018
1989,3,1,1.80871211341582e-05,0.000158498650421279,0.000490489881485701,0,0.727906773882288
1989,3,2,1.38973764478578e-05,4.857186809204e-06,1.06629868241725e-05,0,0.657138059754843
1989,3,3,0.00178065395448357,1.81168189783421e-06,0.000799062898295233,1.39804036054261,0.647028243450922
1989,3,4,2.86643815040588,0,1.21123372296097,0,0.636918427147002
1989,3,5,22.7705688476563,-1.70530256582424e-13,12.2760454005092,-2.27373675443232e-13,6.47028243450922
1989,3,6,20.1453399658203,4.59009321159141,16.8705643704561,-3.97903932025656e-13,6.36918427147002
1989,3,7,2.41335272789001,5.94465609324323,5.69638196874439,0,2.97228599335267
1989,3,8,0.00869950093328953,1.24171735170711,0,0,1.85009638361748
1989,3,9,0.000357849727151915,0.0046036463830319,0.000164379900525091,0,1.910755281441
1989,3,10,0.00186793995089829,5.36129294914645e-06,0.000970433145994321,0.698783357695618,4.16524431721531
1989,3,11,0.000437111331848428,0,0.00115414575884643,4.038349466017,5.41886153890147
1989,3,12,0.00173770519904792,0,0.00104629839916015,6.57097991995016,3.39689827811734
1989,3,13,0.184253036975861,-5.6843418860808e-14,0.0912883034179686,0.547588579623152,2.21404977055862
1989,3,14,0.559681296348572,5.6843418860808e-14,0.371175384161688,0,1.73888840427435
1989,3,15,4.96859741210938,0,2.57542421971993,0,2.74987003466642
1989,3,16,0.00105772726237774,-5.6843418860808e-14,2.57673291770152,0,1.82987675100964
1989,3,17,0.0101500879973173,5.6843418860808e-14,0.00551594210446638,0,1.38504483363713
1989,3,18,0.389792740345001,0,0.198637685401991,0,1.1727386912548
1989,3,19,0.578494310379028,0,0.484030958770745,0,0.889663834745018
1989,3,20,10.7110614776611,-4.54747350886464e-13,5.2448219213511,0,6.04567014974455
1989,3,21,20.3547878265381,-5.6843418860808e-14,15.5301874567776,5.6843418860808e-14,10.7164052821559
1989,3,22,0.133117094635963,0,12.0402145476528,-5.6843418860808e-14,4.26634248025452
1989,3,23,5.17280022904743e-05,0,0.0697550036675239,0,2.56789334119585
1989,3,24,0.00160819932352752,0,0.000821577028546017,0,1.81976693470572
1989,3,25,0.0010267278412357,5.6843418860808e-14,0.00132289903376659,0,1.40526446624497
1989,3,26,0,-5.6843418860808e-14,0.000524002100064536,0,1.11207979343127
1989,3,27,0.963173925876617,-5.6843418860808e-14,0.463819706194045,-5.6843418860808e-14,0.950322732568542
1989,3,28,1.38919293880463,5.6843418860808e-14,1.16585785817188,5.6843418860808e-14,0.899773651048939
1989,3,29,19.3110046386719,0,10.3208223606962,0,5.97490143561711
1989,3,30,40.5121841430664,1.13686837721616e-13,29.9114963298871,-6.25277607468888e-13,25.9822279010761
1989,3,31,13.3597106933594,-7.95807864051312e-13,28.2050825036149,-5.11590769747272e-13,15.3669207819594
1989,4,1,1.1657007932663,1.13686837721616e-13,7.92872927165627,-3.41060513164848e-13,7.23862847360719
1989,4,2,1.86169743537903,-5.6843418860808e-14,1.50718407041313,0,4.33711119438196
1989,4,3,15.3441104888916,0,8.33685253968542,-5.6843418860808e-14,7.64302112576402
1989,4,4,19.0441951751709,0,17.1879836452645,0,14.4570373146065
1989,4,5,0.327100247144699,0,9.68589546585099,5.6843418860808e-14,5.15600631499954
1989,4,6,0.708394467830658,0,0.517049359361408,0,3.09360378899972
1989,4,7,2.43845248222351,0,1.53509509993819,0,2.38591664772528
1989,4,8,5.32894897460938,0,3.80967760338899,-5.6843418860808e-14,2.29492830098999
1989,4,9,2.52223038673401,0,3.95577501927255,5.6843418860808e-14,2.46679517815664
1989,4,10,0.107400842010975,0,1.32482614989567,0,1.76921785318612
1989,4,11,0,0,0.0540776178131637,0,1.38504483363713
1989,4,12,0.054631382226944,0,0.0250766214612668,-5.6843418860808e-14,1.16262887495088
1989,4,13,1.21758162975311,0,0.607149547035078,5.6843418860808e-14,0.980652181480304
1989,4,14,0.00590155506506562,0,0.622230460718129,0,0.849224569529335
1989,4,15,0.590754568576813,-5.6843418860808e-14,0.297998782862123,0,0.778455855401891
1989,4,16,0.23110719025135,5.6843418860808e-14,0.413637042125629,0,0.687467508666605
1989,4,17,0.858060002326965,0,0.540282172705702,0,0.626808610843081
1989,4,18,5.72404193878174,0,3.21321208962399,0,0.738016590186208
1989,4,19,11.5312967300415,0,8.62445463239419,-5.6843418860808e-14,1.75910803688219
1989,4,20,0.184797585010529,0,5.87969404553223,0,1.26372703799008
1989,4,21,0,-5.6843418860808e-14,0.0931851401328458,0,0.960432548872463
1989,4,22,0.0200651455670595,5.6843418860808e-14,0.00963717252489005,0,0.788565671705811
1989,4,23,0,0,0.0108549096039496,0,0.677357692362684
1989,4,24,0.0717031806707382,0,0.035730429848627,0,0.596479161931319
1989,4,25,6.24626627541147e-05,0,0.032845195291884,5.6843418860808e-14,0.535820264107795
1989,4,26,2.05644655227661,0,1.013951585217,-5.6843418860808e-14,0.495380998892112
1989,4,27,12.7178678512573,-5.6843418860808e-14,7.38274965539858,0,0.576259529323478
1989,4,28,11.1043128967285,5.6843418860808e-14,11.9480648018271,0,4.29667192916628
1989,4,29,19.0139236450195,0,15.044465705505,0,14.3559391515673
1989,4,30,5.2638087272644,0,12.1392377490047,0,9.8874003452344
1989,5,1,0.146317154169083,0,2.81822333906894,0,3.7204123998428
1989,5,2,0.228147938847542,0,0.185609503390879,5.6843418860808e-14,2.28481848468607
1989,5,3,0.171042785048485,0,0.201329621932018,-1.13686837721616e-13,1.55691171080378
1989,5,4,1.48682820796967,0,0.791048369035707,5.6843418860808e-14,1.26372703799008
1989,5,5,13.4290180206299,5.6843418860808e-14,7.10036056511672,0,1.65800987384299
1989,5,6,3.46486234664917,-5.6843418860808e-14,8.45537475057608,0,1.5670215271077
1989,5,7,0.981953978538513,5.6843418860808e-14,2.23063148782239,0,1.40526446624497
1989,5,8,0.464400321245194,-5.6843418860808e-14,0.706210887014095,0,1.07164052821559
1989,5,9,14.5009775161743,-5.6843418860808e-14,6.31461572077205,0,1.60746079232339
1989,5,10,5.46370553970337,5.6843418860808e-14,9.98732105006457,0,2.29492830098999
1989,5,11,0.0116751585155725,-5.6843418860808e-14,2.7596036580544,0,1.43559391515673
1989,5,12,0.302216708660126,5.6843418860808e-14,0.130209553220993,0,1.07164052821559
1989,5,13,2.72514152526855,0,1.38455835837885,0,0.930103099960701
1989,5,14,0.387649983167648,0,1.56604470544517,0,0.788565671705811
1989,5,15,1.43892884254456,0,0.880798968533782,0,0.677357692362684
1989,5,16,1.6062263250351,0,1.52220873421356,0,0.61669879453916
1989,5,17,3.38014942826703e-05,0,0.830813810714972,0,0.545930080411716
1989,5,18,0,0,1.69226386788068e-05,0,0.505490815196033
1989,5,19,0.81409502029419,0,0.393752048656097,0,0.505490815196033
1989,5,20,10.2875652313232,0,4.9428757581336,0,0.576259529323478
1989,5,21,0.320902794599533,0,5.51657213436738,0,0.535820264107795
1989,5,22,5.41760587692261,0,2.81670647135252,0,0.505490815196033
1989,5,23,39.9924850463867,-1.13686837721616e-13,22.2382683357537,2.27373675443232e-13,5.01446888674465
1989,5,24,0.338020890951157,-9.66338120633736e-13,22.392832114414,-3.41060513164848e-13,3.57887497158791
1989,5,25,5.72644805908203,0,2.89899330381013,0,1.95119454665669
1989,5,26,34.3925132751465,-2.27373675443232e-13,18.0888489965637,1.13686837721616e-13,20.5229270969589
1989,5,27,0.36627933382988,-7.38964445190504e-13,17.3908818016844,0,5.69182657910733
1989,5,28,1.12928155431291e-05,0,0.186752748408253,0,2.69932095314682
1989,5,29,0.25912019610405,0,0.128011804697962,0,1.81976693470572
1989,5,30,0.992406785488129,0,0.609464752218628,0,1.38504483363713
1989,5,31,0.0796514675021172,0,0.546358808249352,0,1.09186016082343
1989,6,1,0.372713565826416,0,0.239099131284092,0,0.960432548872463
1989,6,2,2.75401449203491,-5.6843418860808e-14,1.44417394313859,0,1.41537428254889
1989,6,3,3.75688457489014,5.6843418860808e-14,3.22320785995908,0,1.41537428254889
1989,6,4,9.48423671722412,0,6.60333674988397,0,2.47690499446056
1989,6,5,20.3060569763184,0,14.8163837943594,0,1.44570373146065
1989,6,6,1.92463386058807,0,11.1318318162957,0,1.33449575211753
1989,6,7,0.00509716803207994,5.6843418860808e-14,1.01132758266976,0,0.849224569529335
1989,6,8,0.163157105445862,-5.6843418860808e-14,0.0794440034169384,5.6843418860808e-14,0.626808610843081
1989,6,9,1.19574785232544,0,0.635504706822758,-5.6843418860808e-14,0.525710447803874
1989,6,10,0.213911682367325,0,0.717984178954794,0,0.434722101068588
1989,6,11,0.172888055443764,0,0.194962388532076,0,0.353843570637223
1989,6,12,10.2521944046021,0,5.19488073582579,0,0.394282835852906
1989,6,13,5.56772613525391,0,7.99616771516594,0,0.495380998892112
1989,6,14,11.9971227645874,0,8.74240871229449,0,9.03817577570507
1989,6,15,2.36054229736328,0,7.30083435877714,0,3.6193142368036
1989,6,16,0.512425363063812,0,1.56713571352702,0,1.96130436296061
1989,6,17,0.00509572494775057,0,0.27652194392067,0,1.19295832386264
1989,6,18,0.178750649094582,0,0.0844052190186631,0,0.808785304313653
1989,6,19,3.03886532783508,0,1.58145088258789,0,0.636918427147002
1989,6,20,4.47030925750732,0,3.69333983850265,0,0.596479161931319
1989,6,21,0.529035925865173,0,2.51007885181389,0,0.46505154998035
1989,6,22,0.321385145187378,0,0.429645658521622,0,0.384173019548985
1989,6,23,0,0,0.170688634285398,0,0.31340430542154
1989,6,24,0.113270603120327,-5.6843418860808e-14,0.0542076214969711,0,0.272965040205858
1989,6,25,0.0785510018467903,5.6843418860808e-14,0.092441846994916,0,0.232525774990175
1989,6,26,0,0,0.0402842074508953,0,0.212306142382334
1989,6,27,1.1803525686264,0,0.5320863599718,0,0.192086509774493
1989,6,28,4.07109212875366,0,2.58192794936804,0,0.181976693470572
1989,6,29,0.00415459042415023,-5.6843418860808e-14,2.31885806443279,-5.6843418860808e-14,0.161757060862731
1989,6,30,0.000534850754775107,0,0.00284170997838373,5.6843418860808e-14,0.121317795647048
1989,7,1,0.160207167267799,5.6843418860808e-14,0.0956690881266695,0,0.101098163039207
1989,7,2,3.53033185005188,0,1.66826532854611,0,0.131427611950969
1989,7,3,30.4846992492676,5.6843418860808e-14,16.9231869729429,5.6843418860808e-14,4.56963696937214
1989,7,4,3.50275373458862,-5.6843418860808e-14,16.9942666052066,0,2.75997985097034
1989,7,5,1.64369380474091,0,2.60997569166284,0,0.930103099960701
1989,7,6,0.011593553237617,0,0.906650051843826,0,0.45494173367643
1989,7,7,0.00825757067650557,0,0.0101101358231972,0,0.30329448911762
1989,7,8,0.0835040509700775,0,0.0420511864722357,0,0.222415958686255
1989,7,9,0.490595191717148,0,0.283008038260959,0,0.181976693470572
1989,7,10,0.0146277090534568,0,0.221128597395364,0,0.15164724455881
1989,7,11,0.904928147792816,0,0.428058305980812,0,0.121317795647048
1989,7,12,12.6859951019287,0,6.45725878971825,0,0.45494173367643
1989,7,13,8.39390659332275,0,10.5594620307729,0,0.849224569529335
1989,7,14,0.0221607629209757,0,4.35020921945215,0,0.252745407598017
1989,7,15,0.0104696918278933,0,0.0164838531563873,0,0.161757060862731
1989,7,16,0.0761811584234238,0,0.0404374786339758,0,0.111207979343127
1989,7,17,0.000104131737316493,0,0.0392512792077469,0,0.0829004936921494
1989,7,18,0.738495409488678,0,0.39663453473986,0,0.0657138059754843
1989,7,19,14.3724298477173,0,7.31075044868339,0,0.0566149713019557
1989,7,20,9.1925163269043,0,11.7998340031754,0,0.060658897823524
1989,7,21,0.783003926277161,0,5.07513551604097,0,0.0677357692362684
1989,7,22,1.69351780414581,0,1.18371354258306,0,0.0667247876058764
1989,7,23,3.25372385978699,0,2.44776380969961,0,0.0687467508666605
1989,7,24,6.69014739990234,0,4.89676806171883,0,0.0626808610843081
1989,7,25,4.37556552886963,0,5.57844222176755,0,0.0647028243450922
1989,7,26,0.998458087444305,0,3.08700356182271,0,0.0788565671705811
1989,7,27,2.06093001365662,0,1.49369454421321,0,0.076834603909797
1989,7,28,2.84945178031921,0,2.42764365915173,0,0.0576259529323478
1989,7,29,0.0998049676418304,0,1.78382311159658,0,0.060658897823524
1989,7,30,2.37569046020508,0,1.16913637638936,0,0.0576259529323478
1989,7,31,8.90895748138428,0,5.60119492886588,0,0.272965040205858
1989,8,1,0.445423901081085,0,4.71424862064123,0,0.232525774990175
1989,8,2,0.0445920266211033,0,0.25266110463599,0,0.0829004936921494
1989,8,3,0,0,0.0189140406982915,0,0.0424612284764668
1989,8,4,0.0622385926544666,0,0.0289211527615407,0,0.031340430542154
1989,8,5,3.92312026023865,5.6843418860808e-14,1.85596378653827,0,1.41537428254889
1989,8,6,22.5189437866211,-5.6843418860808e-14,12.9100948462765,0,9.56388622350894
1989,8,7,0.13905955851078,0,11.391288328583,0,2.30503811729391
1989,8,8,1.30697696931747e-06,0,0.0719753320372547,0,0.717796957578367
1989,8,9,0,0,7.24237906979397e-07,0,0.333623938029382
1989,8,10,0.00116540130693465,0,0.000540971581358463,0,0.192086509774493
1989,8,11,0.208898708224297,-5.6843418860808e-14,0.121496795556595,-5.6843418860808e-14,0.131427611950969
1989,8,12,0.691558480262756,0,0.508193014447897,0,0.101098163039207
1989,8,13,1.58355939388275,5.6843418860808e-14,1.05554774164011,5.6843418860808e-14,0.30329448911762
1989,8,14,0.000313031603582203,0,0.929188296535358,0,0.262855223901937
1989,8,15,0,5.6843418860808e-14,0.00019304212401039,5.6843418860808e-14,0.111207979343127
1989,8,16,1.38011384010315,-5.6843418860808e-14,0.611944049111116,-5.6843418860808e-14,0.0778455855401891
1989,8,17,0.524503350257874,0,0.989705519214112,0,0.060658897823524
1989,8,18,1.90206789970398,0,1.15959562649368,0,0.060658897823524
1989,8,19,0.597536861896515,0,1.27230082783171,0,0.0576259529323478
1989,8,20,7.14200401306152,0,3.32976646706811,0,0.46505154998035
1989,8,21,8.26546001434326,0,7.58502354250595,0,0.343733754333302
1989,8,22,3.52772569656372,0,5.89984048370206,0,0.727906773882288
1989,8,23,15.0096664428711,0,9.24452616871713,0,1.85009638361748
1989,8,24,16.2337265014648,0,15.6458905818581,0,4.44831917372509
1989,8,25,5.1488242149353,0,11.4522697678749,0,6.01534070083279
1989,8,26,0.504451811313629,0,2.84654266841244,0,1.85009638361748
1989,8,27,0.026920884847641,0,0.279546544526966,0,0.798675488009732
1989,8,28,1.97406053543091,0,0.962370109387848,0,0.475161366284271
1989,8,29,11.6737766265869,0,6.61129261599854,0,0.525710447803874
1989,8,30,6.05395698547363,0,8.95668267070323,0,0.738016590186208
1989,8,31,0,5.6843418860808e-14,3.03176745797828,5.6843418860808e-14,0.424612284764668
1989,9,1,9.48694896697998,-5.6843418860808e-14,4.69830571792772,-5.6843418860808e-14,3.18459213573501
1989,9,2,19.6161403656006,0,14.5429014889942,0,5.22677502912698
1989,9,3,1.42256631079363e-05,0,9.81554771596893,0,2.12306142382334
1989,9,4,0.00146559288259596,0,0.00069819504278712,0,1.00087181408815
1989,9,5,0.0579975545406342,0,0.0283087774769228,0,0.60658897823524
1989,9,6,0.00975354667752981,0,0.0344658078902285,0,0.384173019548985
1989,9,7,0,0,0.00561211115746119,0,0.262855223901937
1989,9,8,1.1259697675705,0,0.466387245647638,0,0.212306142382334
1989,9,9,9.40011882781982,0,5.22323458437131,0,0.748126406490129
1989,9,10,26.1091499328613,0,17.5875430738088,0,6.49050206711706
1989,9,11,0.315209120512009,0,13.2123044159835,0,3.40700809442126
1989,9,12,0.00435919174924493,0,0.180165087274872,0,1.4659233640685
1989,9,13,0.136256217956543,0,0.0702369206646836,0,0.76834603909797
1989,9,14,16.270824432373,0,6.40243415681653,0,1.67822950645083
1989,9,15,22.507209777832,0,19.3037506015935,0,3.60920442049968
1989,9,16,2.63656735420227,0,12.572345112043,-5.6843418860808e-14,2.16350068903902
1989,9,17,5.08102560043335,0,3.83875805232856,0,1.52658226189202
1989,9,18,0.00055626779794693,0,3.0006030277109,0,1.04131107930383
1989,9,19,8.34684105939232e-05,0,0.000346435579558602,0,0.626808610843081
1989,9,20,5.22536174685229e-05,0,7.00618675182341e-05,0,0.46505154998035
1989,9,21,0.0210781749337912,0,0.00998418774724996,0,0.404392652156826
1989,9,22,0.091552734375,0,0.0560612712943112,0,0.444831917372509
1989,9,23,1.34406316280365,0,0.70813263308446,0,0.586369345627398
1989,9,24,0.0387365594506264,0,0.694571722144247,0,0.363953386941144
1989,9,25,0.00202613510191441,0,0.0216840205230255,0,0.272965040205858
1989,9,26,0.000771955528762192,0,0.00126101773093978,0,0.242635591294096
1989,9,27,0.00304259033873677,0,0.00184833035018528,0,0.212306142382334
1989,9,28,5.67182250961196e-05,0,0.00164004557700537,0,0.192086509774493
1989,9,29,0.00383687647990882,5.6843418860808e-14,0.00169209474915988,0,0.181976693470572
1989,9,30,0.0350054875016212,-1.13686837721616e-13,0.0154375780584815,0,0.171866877166651
1989,10,1,0.040665939450264,5.6843418860808e-14,0.0384474650873017,0,0.161757060862731
1989,10,2,0.14995014667511,0,0.102151353332374,0,0.15164724455881
1989,10,3,0.035829946398735,0,0.0892344532221614,0,0.141537428254889
1989,10,4,1.1916650692001e-05,0,0.0190867799447005,0,0.131427611950969
1989,10,5,0.0183648709207773,0,0.00844232762392494,0,0.121317795647048
1989,10,6,0.753959894180298,-5.6843418860808e-14,0.295892518484834,0,0.121317795647048
1989,10,7,1.7602219581604,5.6843418860808e-14,1.35923990463562,0,0.111207979343127
1989,10,8,0.298153787851334,0,1.1269463537501,0,0.111207979343127
1989,10,9,0.160764664411545,0,0.224535955296233,0,0.111207979343127
1989,10,10,1.68501484394073,0,0.821699458123476,0,0.111207979343127
1989,10,11,0.235584080219269,0,0.963286674648771,0,0.101098163039207
1989,10,12,0.00028780655702576,0,0.11163541930182,0,0.0980652181480304
1989,10,13,0,0,0.000149108725963742,0,0.0889663834745018
1989,10,14,5.01529575558379e-06,0,2.27245800488163e-06,0,0.0879554018441097
1989,10,15,0.00168873288203031,0,0.0010803171498992,0,0.111207979343127
1989,10,16,1.24451613426209,0,0.557568468684622,0,0.131427611950969
1989,10,17,12.5904817581177,0,6.56600498913394,0,0.15164724455881
1989,10,18,1.49974036216736,0,7.29121254564234,0,0.131427611950969
1989,10,19,7.90412282943726,-5.6843418860808e-14,4.12581052049973,1.13686837721616e-13,0.131427611950969
1989,10,20,2.90133857727051,-1.70530256582424e-13,5.51351022510789,5.6843418860808e-14,0.171866877166651
1989,10,21,1.49997222423553,0,2.20809470679524,0,0.161757060862731
1989,10,22,4.10539405493182e-06,0,0.88772316550785,5.6843418860808e-14,0.131427611950969
1989,10,23,0.00405961135402322,0,0.002387824579273,-5.6843418860808e-14,0.121317795647048
1989,10,24,0.00861644838005304,0,0.00692698275452131,0,0.111207979343127
1989,10,25,5.63987268833444e-05,0,0.0049323789698974,0,0.111207979343127
1989,10,26,0.000490063684992492,-5.6843418860808e-14,0.000355722493623034,0,0.111207979343127
1989,10,27,0.000209974430617876,0,0.000363729637683718,-5.6843418860808e-14,0.101098163039207
1989,10,28,0.000462894327938557,5.6843418860808e-14,0.000296955313388025,5.6843418860808e-14,0.111207979343127
1989,10,29,6.57415102978121e-06,0,0.00029239448485896,0,0.101098163039207
1989,10,30,0.105372279882431,0,0.0412294328489224,0,0.101098163039207
1989,10,31,2.30298686027527,0,0.968904982604727,0,0.101098163039207
1989,11,1,0.697743117809296,0,1.7464027130427,0,0.0990761997784225
1989,11,2,0.178663536906242,0,0.442234674033898,0,0.0970542365176383
1989,11,3,0.0212295819073915,0,0.100118502894475,0,0.0940212916264622
1989,11,4,0.0331903137266636,0,0.0207762793452275,0,0.0909883467352859
1989,11,5,0.713931620121002,0,0.30000705924067,0,0.101098163039207
1989,11,6,6.1377215385437,0,2.85888094718939,0,0.121317795647048
1989,11,7,8.80817222595215,0,7.6248218984947,0,0.15164724455881
1989,11,8,13.1115036010742,0,10.9530949063919,-5.6843418860808e-14,0.353843570637223
1989,11,9,0.229140743613243,0,6.67626865647799,-1.13686837721616e-13,0.778455855401891
1989,11,10,0.96888655424118,0,0.598613092899541,0,0.667247876058764
1989,11,11,0.00165575952269137,0,0.488308702479117,0,0.424612284764668
1989,11,12,0,0,0.000606586110734497,0,0.31340430542154
1989,11,13,0.00103979813866317,-5.6843418860808e-14,0.000431310569183552,0,0.252745407598017
1989,11,14,1.97833395004272,5.6843418860808e-14,0.779609905363031,0,0.222415958686255
1989,11,15,17.937707901001,0,9.93107023272387,0,3.21492158464677
1989,11,16,22.9827995300293,-1.13686837721616e-13,20.4501944686199,1.70530256582424e-13,10.2109144669599
1989,11,17,0.347206741571426,0.0604023779309841,12.2720627337167,-1.13686837721616e-13,3.70019276723496
1989,11,18,0.0308466982096434,0.0715543404012919,0.11813694128432,0,2.04218289339197
1989,11,19,0.000682365207467228,0.00718404726433164,0.00870166962886287,5.6843418860808e-14,1.36482520102929
1989,11,20,0.000243420217884704,0,0.000486867256768164,0.119606126715382,1.16262887495088
1989,11,21,2.23290885514871e-06,0,0.000124561856864602,0,0.940212916264621
1989,11,22,0.0260509625077248,0,0.0115623596011574,0,0.75823622279405
1989,11,23,0.0201574228703976,0.00703792637762035,0.0160705861471797,0,0.657138059754843
1989,11,24,0.0124496752396226,0.00930522836694081,0.00722667262925825,0,0.556039896715636
1989,11,25,0.408055126667023,0.00195539033973091,0.208276972793101,0.0241293866872638,0.505490815196033
1989,11,26,2.37714385986328,0,1.30337755133769,0,0.515600631499954
1989,11,27,0.278134405612946,0,1.34197675030737,0,0.475161366284271
1989,11,28,1.46028256416321,0,0.861230936745415,0,0.485271182588192
1989,11,29,0.00368623388931155,0,0.755643506352499,0,0.414502468460747
1989,11,30,0.00281279091723263,0,0.00324810644633544,0,0.363953386941144
1989,12,1,0.000650158908683807,0,0.0017817896532506,0.00564780674022813,0.363953386941144
1989,12,2,0.0309661757200956,0,0.015083665100974,0,0.343733754333302
1989,12,3,0.0103270038962364,0.00399438593956347,0.0174026104341465,0,0.323514121725461
1989,12,4,0.0127616003155708,0.00823785676891475,0.00322271160621312,0,0.283074856509778
1989,12,5,0.0292940102517605,0.00391299704506309,0.0170922717734356,0.0257038248510639,0.323514121725461
1989,12,6,0.770816564559937,0,0.384769107109605,0,0.333623938029382
1989,12,7,1.21446120738983,-5.6843418860808e-14,0.97779368859301,0,0.31340430542154
1989,12,8,1.23364639282227,0.59603561349337,0.627694906264878,0,0.262855223901937
1989,12,9,0.019611768424511,0.639834263640921,0,0,0.222415958686255
1989,12,10,0.00100803119130433,0.0101999383275029,0.000186967123227078,0,0.262855223901937
1989,12,11,0.173554688692093,0.0232929548085394,0.0630206162313698,0,0.262855223901937
1989,12,12,0.000770139449741691,0.0240583260360836,0.0647627418220509,0,0.212306142382334
1989,12,13,0.0488474927842617,0.0239751384399938,0,0,0.181976693470572
1989,12,14,0.525521576404572,0.268838274509278,0,0,0.181976693470572
1989,12,15,5.37236166000366,2.92611676895154,0,0,0.161757060862731
1989,12,16,0.714994132518768,3.27315903277133,0,0,0.15164724455881
1989,12,17,0.0290310978889465,0.395768601401926,0,0,0.131427611950969
1989,12,18,0.0440973713994026,0.0350670979384518,0,0,0.121317795647048
1989,12,19,0.605191171169281,0.274229245255071,0,0,0.111207979343127
1989,12,20,0.0669555142521858,0.369782261364037,0,0,0.101098163039207
1989,12,21,0.292879700660706,0.159724962920109,0,0,0.0970542365176383
1989,12,22,0.0156963728368282,0.123759452496358,1.81898940354586e-12,0,0.0930103099960701
1989,12,23,0.0429183878004551,0.0263818137246403,-1.81898940354586e-12,0,0.0909883467352859
1989,12,24,0,0.0223188975876383,0,0,0.0909883467352859
1989,12,25,0.362819790840149,0.148860361251423,0,0,0.0909883467352859
1989,12,26,2.13214778900146,1.13071112368442,-1.81898940354586e-12,0,0.0930103099960701
1989,12,27,0.236682429909706,1.24316972982922,1.81898940354586e-12,0,0.0990761997784225
1989,12,28,0.0386167764663696,0.154256512141728,0.00977787898955285,0,0.111207979343127
1989,12,29,2.83394145965576,0.00832900640563139,0.878710893175594,0,0.15164724455881
1989,12,30,9.64950180053711,0,5.87821424134017,0.919586138605837,1.12218960973519
1989,12,31,8.32410049438477,0,8.96357726901442,2.71994323636432,6.58149041385235
1990,1,1,0.325593501329422,0,4.50300579026043,1.74248017233629,2.67910132053898
1990,1,2,0.0353064499795437,0.00105226836632255,0.170943199151225,0,1.37493501733321
1990,1,3,0.393635362386704,0.00106401875609663,0.200853465928958,0.77926551768411,0.859334385833256
1990,1,4,6.67883777618408,0,3.53078578779605,3.65930248663233,1.2232877727744
1990,1,5,0.363787561655045,-5.6843418860808e-14,3.53699640195373,2.36563447903649,1.98152399556845
1990,1,6,0.00109084276482463,5.6843418860808e-14,0.204858792814775,0,1.19295832386264
1990,1,7,0.000826696865260601,0,0.000964093027505442,0,0.859334385833256
1990,1,8,3.06973220176587e-06,0,0.000387026288080961,0,0.727906773882288
1990,1,9,0.417533040046692,0,0.229149144644907,0,0.657138059754843
1990,1,10,1.90758228302002,0,1.20086570998137,0,0.626808610843081
1990,1,11,0.0535491332411766,0,1.05491120889565,0,0.647028243450922
1990,1,12,0.00492164911702275,0,0.0317181478858402,0,0.566149713019557
1990,1,13,0.023229107260704,0.0104101682559872,0.00271600277847028,0,0.404392652156826
1990,1,14,0.0788402855396271,0.0120003343587314,0.0381107914236054,0,0.404392652156826
1990,1,15,0.17546820640564,0,0.125893960783287,0,0.384173019548985
1990,1,16,0.0963042974472046,0,0.136630586539468,0,0.353843570637223
1990,1,17,2.95554327964783,0,1.51438275872715,0,0.353843570637223
1990,1,18,7.06973838806152,0,4.84602358777374,0,0.505490815196033
1990,1,19,0.839106619358063,0,3.97870636533298,0,0.545930080411716
1990,1,20,23.539421081543,-2.8421709430404e-13,12.1328996715747,-2.8421709430404e-13,2.14328105643118
1990,1,21,2.23285102844238,0,14.0634451609949,-1.13686837721616e-13,3.02283507487228
1990,1,22,0.015347870066762,0,1.14292615428167,5.6843418860808e-14,1.79954730209788
1990,1,23,0.115935683250427,0,0.0634456687639613,0,1.24350740538224
1990,1,24,0.119806677103043,0,0.117835917459161,0,1.02109144669599
1990,1,25,0.579303205013275,0,0.33273057851693,0,0.849224569529335
1990,1,26,1.16491043567657,0,0.841975770215868,0,0.717796957578367
1990,1,27,0.0534378252923489,0,0.609302985230897,0,0.596479161931319
1990,1,28,0.118020877242088,0,0.083188813068773,0,0.535820264107795
1990,1,29,8.39259243011475,0,3.62682142495942,0,0.545930080411716
1990,1,30,4.60740375518799,0.869131883273212,5.63977602734667,0,0.545930080411716
1990,1,31,0.00104759936220944,0.880812760003153,1.44337849543081,0,0.505490815196033
1990,2,1,2.7106204032898,-1.70530256582424e-13,1.17168456387117,1.06786821984241,0.980652181480304
1990,2,2,11.3614873886108,-1.70530256582424e-13,7.01108954877418,0.498377537295994,4.14502468460747
1990,2,3,2.72516679763794,-3.41060513164848e-13,7.11155691285239,-2.8421709430404e-13,3.49799644115655
1990,2,4,19.3891086578369,-1.13686837721616e-13,11.0104898777827,0,14.9625281298026
1990,2,5,0.504841387271881,0,10.1814501016779,-1.13686837721616e-13,6.7028082094994
1990,2,6,0.214140549302101,0,0.36407011220399,0,3.40700809442126
1990,2,7,2.63470149040222,0,1.24199523035895,0,2.7397602183625
1990,2,8,0.0383294969797134,0,1.41304505706648,0,2.29492830098999
1990,2,9,5.80747413635254,0,2.90314119448522,0,1.98152399556845
1990,2,10,4.68129825592041,0,5.24718327639675,0,2.6892111368429
1990,2,11,0.684601008892059,0,2.68653413527863,0,1.98152399556845
1990,2,12,0.150816947221756,0,0.430699025855574,0,1.44570373146065
1990,2,13,0.112307131290436,0,0.13156524416263,0,1.2232877727744
1990,2,14,3.29072260856628,0,1.67275917704501,0,1.03120126299991
1990,2,15,26.6128425598145,1.13686837721616e-13,14.517271643439,2.27373675443232e-13,9.00784632679331
1990,2,16,22.6972770690918,-2.8421709430404e-13,24.6555139143802,1.13686837721616e-13,10.9186016082343
1990,2,17,0.0280928947031498,2.27373675443232e-13,11.3704065221809,-2.27373675443232e-13,3.79118111397025
1990,2,18,0.0101309781894088,-5.6843418860808e-14,0.0193780006138695,0,2.28481848468607
1990,2,19,0.00343455234542489,0,0.0067828904484486,0,1.74899822057827
1990,2,20,0.0032158843241632,0,0.00332547787002113,0,1.35471538472537
1990,2,21,1.0937614440918,0,0.54847219462863,0.00563950964027526,1.16262887495088
1990,2,22,9.18466949462891,0,4.98576165858503,0,1.23339758907832
1990,2,23,2.61132383346558,0,5.89810625494465,0,1.29405648690184
1990,2,24,2.44395756721497,0,2.53328151455207,0,1.14240924234303
1990,2,25,0.280527055263519,0.130880390723007,1.3037248684177,0,0.889663834745018
1990,2,26,0.336297988891602,0.307456464652489,1.81898940354586e-12,5.6843418860808e-14,0.839114753225415
1990,2,27,3.69614362716675,0.168175809746742,1.8477770951813,-1.13686837721616e-13,0.990761997784225
1990,2,28,0.825031816959381,0,2.28887429760289,0.359849754570746,1.4659233640685
1990,3,1,0.000120793869427871,0,0.413214996422539,0.258956451285656,1.23339758907832
1990,3,2,0.00245522009208798,0,0.00127232134764199,0.00104828335059892,1.13229942603911
1990,3,3,5.8397745306138e-05,0,0.00105424795947329,0,1.01098163039207
1990,3,4,0.0032926662825048,0,0.00164685241907137,0,0.859334385833256
1990,3,5,0.00406666658818722,0,0.00367966558769695,0.00215872645162563,0.788565671705811
1990,3,6,0.0135850962251425,-5.6843418860808e-14,0.00821367801472661,0,0.697577324970526
1990,3,7,6.53842944302596e-05,5.6843418860808e-14,0.00793035843526013,0,0.626808610843081
1990,3,8,0.76450389623642,0,0.465673189013614,0,0.60658897823524
1990,3,9,2.54513025283814,0,1.65000269056873,-5.6843418860808e-14,0.636918427147002
1990,3,10,7.0073299407959,0,4.74186454757364,5.6843418860808e-14,0.647028243450922
1990,3,11,23.7455596923828,-1.70530256582424e-13,15.3610698555694,-5.6843418860808e-14,4.98413943783289
1990,3,12,0.113898977637291,-1.70530256582424e-13,11.9300864731504,5.6843418860808e-14,2.81052893248994
1990,3,13,0.0824059918522835,0,0.0969477166308934,0,1.76921785318612
1990,3,14,2.52374902629526e-05,0,0.0494437579873193,0,1.37493501733321
1990,3,15,2.54033994674683,0,1.21381285379357,0,1.1727386912548
1990,3,16,16.6207237243652,0,7.7466659382626,0,1.71866877166651
1990,3,17,0.0010494610760361,5.6843418860808e-14,8.31105056638444,0,1.89053564883316
1990,3,18,0.202730759978294,-5.6843418860808e-14,0.0927861020209093,0,1.32438593581361
1990,3,19,1.16199600696564,0,0.673500775696084,0,1.06153071191167
1990,3,20,0.225531354546547,0.0181519189453638,0.676223262777057,0,0.899773651048939
1990,3,21,0.00311495666392148,0.0181805992064596,0.0961728018573922,0.0412914567629059,0.818895120617574
1990,3,22,0.440781652927399,0,0.209045627623709,-5.6843418860808e-14,0.778455855401891
1990,3,23,0.425816595554352,0,0.434706422225645,0,0.707687141274446
1990,3,24,5.81283140182495,-5.6843418860808e-14,2.92115975068555,0,0.667247876058764
1990,3,25,0.121450647711754,5.6843418860808e-14,2.99055354033226,0,0.707687141274446
1990,3,26,0.000335384625941515,0,0.0610010091968434,0.0048087598870552,0.667247876058764
1990,3,27,0.000562887114938349,0,0.000469484819404897,0,0.60658897823524
1990,3,28,0.142318785190582,0,0.0798315328429453,0,0.566149713019557
1990,3,29,3.56568908691406,0,1.82113229924471,0,0.586369345627398
1990,3,30,6.53304576873779,0,5.04555619923485,0,0.707687141274446
1990,3,31,8.10215091705322,5.6843418860808e-14,7.31666538967147,5.6843418860808e-14,1.68833932275475
1990,4,1,3.80010581016541,0,5.97765092558075,-5.6843418860808e-14,1.96130436296061
1990,4,2,5.32198143005371,-5.6843418860808e-14,4.54493567444297,0,2.6892111368429
1990,4,3,0.133211135864258,0,2.73396195813621,0,1.63779024123515
1990,4,4,0.057451568543911,0,0.0907267345337459,0,1.28394667059792
1990,4,5,0.277680546045303,5.6843418860808e-14,0.175581062780111,0,1.09186016082343
1990,4,6,0.0137522676959634,-5.6843418860808e-14,0.169223255801626,0,0.91999328365678
1990,4,7,9.43833874771371e-05,5.6843418860808e-14,0.00790243769915833,0,0.788565671705811
1990,4,8,0.0259239170700312,-5.6843418860808e-14,0.010364794448833,0,0.697577324970526
1990,4,9,0.328673303127289,0,0.221396929991897,0,0.647028243450922
1990,4,10,13.0896453857422,0,6.66339246884672,0,2.08262215860766
1990,4,11,19.8472461700439,-1.13686837721616e-13,16.467877858915,1.70530256582424e-13,4.88304127479368
1990,4,12,0.31942081451416,1.70530256582424e-13,10.9930259437697,0,2.33536756620567
1990,4,13,0.0446085631847382,0,0.201082911009507,5.6843418860808e-14,1.53669207819594
1990,4,14,1.40335083007813,0,0.713153581764345,-5.6843418860808e-14,1.25361722168616
1990,4,15,0.390224903821945,5.6843418860808e-14,0.900915818105204,0,1.03120126299991
1990,4,16,0.0549908541142941,-5.6843418860808e-14,0.233239819439405,0,0.889663834745018
1990,4,17,0.666151821613312,0,0.321496716560432,0,0.788565671705811
1990,4,18,0.065789058804512,0,0.414107887980208,0,0.647028243450922
1990,4,19,0.0678534135222435,0,0.0669995013213338,0,0.586369345627398
1990,4,20,2.5255126953125,0,1.25628818741643,0,0.60658897823524
1990,4,21,13.3713932037354,0,7.94304370546706,0,0.889663834745018
1990,4,22,0.0592567808926106,0,7.26251298983516,0,1.04131107930383
1990,4,23,0.000531792233232409,0,0.0342308080053044,0,0.798675488009732
1990,4,24,0.0149561492726207,0,0.00700718927691924,0,0.687467508666605
1990,4,25,0.00807223189622164,0,0.011538929074959,5.6843418860808e-14,0.60658897823524
1990,4,26,0.00355856399983168,0,0.00596756859704328,-5.6843418860808e-14,0.556039896715636
1990,4,27,0,0,0.00183995156839956,0,0.535820264107795
1990,4,28,2.41855931282043,0,1.18627180808835,0,0.525710447803874
1990,4,29,3.88164854049683,0,3.14488771418655,0,0.586369345627398
1990,4,30,0.186577960848808,0,2.21996429850697,0,0.576259529323478
1990,5,1,4.68561887741089,0,2.1660218082834,0,0.566149713019557
1990,5,2,1.06047439575195,0,2.97932115624099,0,0.667247876058764
1990,5,3,1.71363878250122,0,1.37229040058992,0,0.61669879453916
1990,5,4,20.8290958404541,0,11.2706175540152,0,12.232877727744
1990,5,5,20.4203510284424,5.6843418860808e-14,20.6247451825948,0,14.7603318037242
1990,5,6,7.8552737236023,-5.6843418860808e-14,14.1568106736959,0,5.35820264107795
1990,5,7,0.294981062412262,0,4.08745066981828,0,3.20481176834285
1990,5,8,0.000506305019371212,0,0.151821695078979,0,1.96130436296061
1990,5,9,0.702026307582855,0,0.342666616930728,0,1.39515464994105
1990,5,10,6.01597547531128,5.6843418860808e-14,3.34572453753026,0,1.18284850755872
1990,5,11,0.588992416858673,-5.6843418860808e-14,3.34071389444034,0,0.879554018441097
1990,5,12,12.6122369766235,0,6.53961079632245,0,0.970542365176383
1990,5,13,32.6931076049805,-3.97903932025656e-13,22.651125642873,-2.27373675443232e-13,5.70193639541125
1990,5,14,0.346106976270676,-3.41060513164848e-13,16.5422102773227,-2.8421709430404e-13,3.05316452378404
1990,5,15,4.32182359695435,0,2.21614535533445,0,1.98152399556845
1990,5,16,35.3890914916992,-9.09494701772928e-13,16.9077224441644,0,17.9954730209788
1990,5,17,30.7733783721924,-2.8421709430404e-13,33.0980610650295,3.41060513164848e-13,19.0064546513708
1990,5,18,0.0901960432529449,5.6843418860808e-14,15.4347344594353,0,4.79205292805839
1990,5,19,0,0,0.0468244310122827,0,2.35558719881351
1990,5,20,3.44528126716614,5.6843418860808e-14,1.69203239971648,5.6843418860808e-14,1.59735097601946
1990,5,21,0.216047883033752,-5.6843418860808e-14,1.90397656859022,0,1.1727386912548
1990,5,22,1.61456084251404,0,0.889240178821638,0,0.940212916264621
1990,5,23,0.0064182560890913,0,0.819483388255321,0,0.778455855401891
1990,5,24,0.0879627242684364,0,0.0442190172616392,0,0.677357692362684
1990,5,25,2.68821811676025,0,1.35152061212284,0,0.636918427147002
1990,5,26,11.3374710083008,0,6.93354680678567,0,0.667247876058764
1990,5,27,2.05070209503174,0,6.69435061980585,0,0.626808610843081
1990,5,28,4.34850645065308,0,3.19330056109902,0,0.566149713019557
1990,5,29,4.03192758560181,0,4.19604485698619,0,0.545930080411716
1990,5,30,0.0161225832998753,5.6843418860808e-14,2.13743946701834,0,0.46505154998035
1990,5,31,0.000229988596402109,-5.6843418860808e-14,0.00770544100123516,0,0.404392652156826
1990,6,1,0.00111080054193735,0,0.000661189933452988,0,0.384173019548985
1990,6,2,2.3763222694397,0,1.18834543103731,0,0.374063203245064
1990,6,3,8.6980504989624,0,5.46543299287441,0,0.404392652156826
1990,6,4,1.00648176670074,0,4.92875412742797,0,0.374063203245064
1990,6,5,0,0,0.514861086838209,0,0.333623938029382
1990,6,6,7.65043354034424,0,3.25093488915081,0,0.333623938029382
1990,6,7,13.1267356872559,0,10.3820767164125,0,0.424612284764668
1990,6,8,3.44024276733398,0,8.71907456443842,0,0.374063203245064
1990,6,9,4.05194568634033,0,3.73858823003502,-5.6843418860808e-14,0.31340430542154
1990,6,10,0.000368703273124993,0,2.42348168525132,5.6843418860808e-14,0.262855223901937
1990,6,11,0.047632560133934,0,0.0235306854247028,0,0.232525774990175
1990,6,12,0.000445664540166035,0,0.0251159808212833,0,0.202196326078413
1990,6,13,0,0,0.000255147613643203,0,0.192086509774493
1990,6,14,3.61755156517029,0,1.5432190799711,0,0.181976693470572
1990,6,15,3.89637422561646,0,3.7624857384144,0,0.171866877166651
1990,6,16,9.47675507632084e-05,0,2.39087797880711,0,0.161757060862731
1990,6,17,0.010332421399653,0,0.00490396928944392,0,0.141537428254889
1990,6,18,2.56006979942322,5.6843418860808e-14,1.22003088132078,0,0.141537428254889
1990,6,19,3.98187232017517,-5.6843418860808e-14,3.18206205037313,0,0.121317795647048
1990,6,20,18.619535446167,0,9.51035331350613,0,0.252745407598017
1990,6,21,5.82657766342163,0,12.292906866498,0,0.556039896715636
1990,6,22,4.90172815322876,0,5.29448457761464,0,0.384173019548985
1990,6,23,4.63947772979736,0,4.77559599334563,0,0.363953386941144
1990,6,24,4.64119243621826,0,4.640298150729,0,0.363953386941144
1990,6,25,5.55459337192588e-05,5.6843418860808e-14,2.4083761459824,0,0.252745407598017
1990,6,26,0.0107729528099298,-5.6843418860808e-14,0.00524434814178676,0,0.192086509774493
1990,6,27,0.912890374660492,0,0.457895581981575,0,0.15164724455881
1990,6,28,0.0399569943547249,0,0.535568666138715,0,0.131427611950969
1990,6,29,0.26275622844696,0,0.145505802742264,0,0.121317795647048
1990,6,30,0.668108284473419,0,0.475536496349378,0,0.101098163039207
1990,7,1,2.77451300621033,0,1.58771226738827,0,0.0930103099960701
1990,7,2,0.03067378513515,0,1.54531039318317,0,0.0829004936921494
1990,7,3,0.00156084296759218,0,0.0180345993994706,0,0.0738016590186208
1990,7,4,0.00779646961018443,0,0.00444580926887284,0,0.060658897823524
1990,7,5,2.15092515945435,0,1.01381614640741,0,0.0505490815196033
1990,7,6,0.705710113048554,0,1.43531955136859,-5.6843418860808e-14,0.0444831917372509
1990,7,7,1.59003193402896e-05,0,0.398980705691429,5.6843418860808e-14,0.0374063203245064
1990,7,8,0.0175832789391279,5.6843418860808e-14,0.00635674118711904,0,0.031340430542154
1990,7,9,0,-5.6843418860808e-14,0.00720692149297975,0,0.0283074856509778
1990,7,10,3.53125405311584,0,1.73619454673826,0,0.0262855223901937
1990,7,11,16.3401145935059,0,9.51174031799383,0,0.0283074856509778
1990,7,12,43.0912857055664,7.38964445190504e-13,29.6299363560647,0,1.2232877727744
1990,7,13,3.43937492370605,-7.38964445190504e-13,23.2833242835586,0,2.53756389228409
1990,7,14,10.0838642120361,0,6.58186376310914,0,1.08175034451951
1990,7,15,0.30600905418396,0,5.23580609346573,0,0.677357692362684
1990,7,16,0.311407268047333,0,0.308650871367718,0,0.45494173367643
1990,7,17,3.01568179565948e-05,0,0.156965701522495,0,0.31340430542154
1990,7,18,0,0,1.34998717840062e-05,0,0.222415958686255
1990,7,19,0.000933539879042655,0,0.000460129522252828,0,0.192086509774493
1990,7,20,5.00114154815674,0,2.48048596198532,0,0.161757060862731
1990,7,21,17.8461589813232,0,11.3378040778134,0,0.30329448911762
1990,7,22,7.34727096557617,0,12.6548555482441,0,0.596479161931319
1990,7,23,6.38764667510986,0,6.87177258606062,0,0.505490815196033
1990,7,24,0.104954443871975,0,3.29197771916188,0,0.374063203245064
1990,7,25,0.0157959125936031,0,0.0653330036147963,0,0.232525774990175
1990,7,26,0.000710382068064064,0,0.00884442831375054,0,0.171866877166651
1990,7,27,9.52357368078083e-06,0,0.000371579126294819,0,0.141537428254889
1990,7,28,0.000183288240805268,0,9.57423271756852e-05,0,0.121317795647048
1990,7,29,0.00298046669922769,5.6843418860808e-14,0.00169618868494581,5.6843418860808e-14,0.101098163039207
1990,7,30,2.05943846702576,-5.6843418860808e-14,0.940196591052882,-5.6843418860808e-14,0.0990761997784225
1990,7,31,0.190428838133812,0,1.19987330361619,0,0.0950322732568542
1990,8,1,0.00165870075579733,0,0.0970199973689887,0,0.0879554018441097
1990,8,2,0.00248338445089757,0,0.00208547127112979,0,0.0798675488009732
1990,8,3,0.0171663239598274,0,0.00937569182133302,0,0.0667247876058764
1990,8,4,5.07801294326782,0,2.42050045697033,0,0.0626808610843081
1990,8,5,22.2336349487305,0,12.0165722494712,0,0.0849224569529335
1990,8,6,0.0120078576728702,0,11.2082022429349,0,0.262855223901937
1990,8,7,0.0150036802515388,0,0.0134794479527045,0,0.181976693470572
1990,8,8,5.77527207497042e-05,0,0.0078557775104855,0,0.131427611950969
1990,8,9,0,0,3.25353867083322e-05,0,0.091999328365678
1990,8,10,0.00179795047733933,0,0.000807236687251134,0,0.0707687141274446
1990,8,11,0.0194649584591389,0,0.00967445815331303,0,0.0566149713019557
1990,8,12,0.199433624744415,-5.6843418860808e-14,0.10355049881764,0,0.0485271182588192
1990,8,13,15.0239391326904,5.6843418860808e-14,6.21362144261548,0,0.0495380998892112
1990,8,14,1.90968406200409,0,8.47730109126496,0,0.0515600631499954
1990,8,15,2.42649136339423e-08,0,0.843559183083926,0,0.0444831917372509
1990,8,16,0.0170030165463686,0,0.00770404492322996,0,0.0414502468460747
1990,8,17,0.00431639514863491,0,0.0104339335339319,5.6843418860808e-14,0.0374063203245064
1990,8,18,3.29358625411987,0,1.40522667254481,-5.6843418860808e-14,0.0343733754333302
1990,8,19,0.000960859644692391,0,1.74231549704382,0,0.030329448911762
1990,8,20,5.77586460113525,0,2.87284286557042,0,0.0262855223901937
1990,8,21,18.005350112915,0,11.8435964147247,0,0.0242635591294096
1990,8,22,5.18690633773804,0,11.8362055341622,0,0.0283074856509778
1990,8,23,0.30899178981781,0,2.77102425366684,0,0.0414502468460747
1990,8,24,0.0300275664776564,0,0.183534336827506,0,0.0566149713019557
1990,8,25,0.000402203586418182,0,0.0162690678898798,0,0.0687467508666605
1990,8,26,0.00279708695597947,0,0.00157296194447554,0,0.060658897823524
1990,8,27,0.00247675343416631,0,0.00263738474495767,0,0.0444831917372509
1990,8,28,4.98057746887207,0,2.34494347584041,0,0.031340430542154
1990,8,29,32.9336700439453,5.6843418860808e-14,17.1051018726466,0,0.171866877166651
1990,8,30,1.14453446865082,-5.6843418860808e-14,17.0503649660641,0,0.636918427147002
1990,8,31,0.000382169557269663,0,0.68436572954306,0,0.343733754333302
1990,9,1,2.60662727669114e-06,0,0.000200191258045379,0,0.181976693470572
1990,9,2,0.075606644153595,0,0.0322138443298172,0,0.121317795647048
1990,9,3,0,0,0.0388937297448138,0,0.0788565671705811
1990,9,4,8.10379133326933e-05,0,3.9573718822794e-05,0,0.0495380998892112
1990,9,5,0.00816027726978064,0,0.00384515383666439,0,0.0343733754333302
1990,9,6,0.044247779995203,0,0.0307871476725268,0,0.0272965040205858
1990,9,7,0.0464824102818966,0,0.0452156864157587,0,0.0262855223901937
1990,9,8,4.32578325271606,0,1.85101729795133,0,0.0232525774990175
1990,9,9,16.8274059295654,0,9.02969262633269,0,0.076834603909797
1990,9,10,1.98886930942535,0,9.41655416371032,0,0.778455855401891
1990,9,11,0.0248703975230455,0,1.09172196266809,0,0.283074856509778
1990,9,12,4.37864589691162,0,2.08898449537264,0,0.222415958686255
1990,9,13,0.880876481533051,0,2.67267765966972,0,0.141537428254889
1990,9,14,2.71086525917053,0,1.62815325886186,0,0.283074856509778
1990,9,15,7.18304491043091,0,4.64626941381357,0,0.161757060862731
1990,9,16,0.0694481432437897,0,3.65061744155719,0,0.0839114753225415
1990,9,17,0.000562921748496592,0,0.0356036079447222,0,0.0707687141274446
1990,9,18,0.923664212226868,0,0.531843705892243,0,0.0697577324970526
1990,9,19,18.3193645477295,0,8.99988773268706,0,1.37493501733321
1990,9,20,0.286699205636978,0,9.30332185252882,0,1.14240924234303
1990,9,21,2.21358060836792,0,1.19327830636939,0,0.31340430542154
1990,9,22,5.20819473266602,0,3.61787290351276,0,0.15164724455881
1990,9,23,1.1234757900238,0,3.40218415362324,0,0.0899773651048939
1990,9,24,0.0265991110354662,0,0.587290978719466,0,0.0576259529323478
1990,9,25,0.00325321708805859,0,0.0142075576750358,0,0.0505490815196033
1990,9,26,4.12422923545819e-05,0,0.0018492354429327,-5.6843418860808e-14,0.0525710447803874
1990,9,27,0.00100069108884782,0,0.000579793419092312,5.6843418860808e-14,0.0424612284764668
1990,9,28,0.00112459424417466,0,0.0010600201167108,0,0.0404392652156826
1990,9,29,1.20315611362457,0,0.536901143799696,0,0.0434722101068588
1990,9,30,0.426366537809372,0,0.825670745551179,0,0.0404392652156826
1990,10,1,1.38413201966614e-06,0,0.241132129105608,0,0.0384173019548985
1990,10,2,0.000542516936548054,-5.6843418860808e-14,0.000199874537429423,-5.6843418860808e-14,0.0434722101068588
1990,10,3,1.83155488967896,5.6843418860808e-14,0.796074465439233,5.6843418860808e-14,0.0374063203245064
1990,10,4,30.3769111633301,0,15.9485503853794,0,1.57713134341162
1990,10,5,0.541879892349243,0,15.4857435227023,0,1.33449575211753
1990,10,6,7.6846030424349e-05,0,0.280430651344432,0,0.384173019548985
1990,10,7,0.590442419052124,0,0.271372623006755,0,0.212306142382334
1990,10,8,1.17705011367798,0,0.833892327278591,0,0.141537428254889
1990,10,9,7.98372554779053,0,4.42493922802532,0,2.64877187162721
1990,10,10,24.985315322876,5.6843418860808e-14,15.7358017470197,0,6.12654868017592
1990,10,11,1.05955326557159,-2.8421709430404e-13,13.0230702570316,-1.70530256582424e-13,3.05316452378404
1990,10,12,0.00171646382659674,5.6843418860808e-14,0.54940654866914,0,1.38504483363713
1990,10,13,0.0350995473563671,0,0.017921367805684,0,0.829004936921494
1990,10,14,0.000217701410292648,0,0.0184633870085236,0,0.586369345627398
1990,10,15,0,0,0.000112064379209187,0,0.444831917372509
1990,10,16,0.0528266467154026,0,0.025593692831535,0,0.343733754333302
1990,10,17,1.5044721364975,0,0.77855862155775,0,0.283074856509778
1990,10,18,15.8728628158569,0,8.68053473054897,0,1.76921785318612
1990,10,19,0.096620038151741,0,8.00598628849912,0,1.74899822057827
1990,10,20,0.0142797520384192,0,0.0508939781284425,0,0.869444202137177
1990,10,21,1.49087882041931,0,0.747615014073745,0,0.626808610843081
1990,10,22,8.3845386505127,0,4.89961384219168,0,0.636918427147002
1990,10,23,0.610428094863892,0,4.50463692893209,0,0.798675488009732
1990,10,24,0.000827805837616324,0,0.333185411762315,0,0.667247876058764
1990,10,25,0.00882573705166578,0,0.0047643830148445,0,0.545930080411716
1990,10,26,0.000975423085037619,0,0.00505319851072272,0,0.444831917372509
1990,10,27,0.000338919518981129,0,0.00069968990101188,0,0.374063203245064
1990,10,28,0.000555453589186072,0,0.000442980286607053,0,0.343733754333302
1990,10,29,2.37193034990924e-05,0,0.000307329522911459,0,0.30329448911762
1990,10,30,0.000472259853268042,0,0.000211736749406555,-5.6843418860808e-14,0.272965040205858
1990,10,31,9.06473578652367e-05,0,0.000337208750352147,5.6843418860808e-14,0.262855223901937
1990,11,1,0.0223141647875309,0,0.0131520434460981,0,0.242635591294096
1990,11,2,0.521277129650116,0,0.270378408056786,0,0.242635591294096
1990,11,3,0.000411076151067391,0,0.271002431498346,0,0.242635591294096
1990,11,4,0,0,0.000248422387812752,0,0.232525774990175
1990,11,5,4.07798147201538,0,1.9518132717003,0,0.272965040205858
1990,11,6,7.62823581695557,-5.6843418860808e-14,5.85272202992201,-5.6843418860808e-14,0.353843570637223
1990,11,7,0.00155892071779817,5.6843418860808e-14,3.81626404543567,5.6843418860808e-14,0.353843570637223
1990,11,8,0.000458144611911848,0,0.0010473588390596,0,0.272965040205858
1990,11,9,2.38542413711548,0,1.19270407720614,0,0.262855223901937
1990,11,10,6.76665019989014,0,4.54954692658066,0,0.353843570637223
1990,11,11,0.00126938009634614,0,3.39260031375488,0,0.505490815196033
1990,11,12,0.000370756664779037,0,0.000800515550508862,0,0.384173019548985
1990,11,13,1.91509261640022e-05,0,0.000202140670808149,0,0.323514121725461
1990,11,14,0.000152655309648253,0,8.18868375063175e-05,0,0.272965040205858
1990,11,15,0.00156766572035849,0,0.000794900204709848,0,0.252745407598017
1990,11,16,0.688923537731171,0,0.322712119997959,0,0.242635591294096
1990,11,17,0.569664120674133,0,0.641355286186808,0,0.242635591294096
1990,11,18,0.00163282954599708,0,0.212118909996207,0,0.222415958686255
1990,11,19,0.0468113422393799,0,0.0268867285140004,0,0.212306142382334
1990,11,20,0.0239175036549568,0,0.035926283318986,0,0.212306142382334
1990,11,21,0.534266591072083,0,0.25528020495949,-5.6843418860808e-14,0.192086509774493
1990,11,22,12.1579713821411,-5.6843418860808e-14,4.64315435110984,0,0.485271182588192
1990,11,23,2.4159243106842,5.6843418860808e-14,7.34322531537327,5.6843418860808e-14,1.41537428254889
1990,11,24,0.000940091442316771,0,1.20857282511497,0,0.869444202137177
1990,11,25,0.00169122277293354,0,0.00138467730721459,0,0.636918427147002
1990,11,26,0.44266539812088,0,0.212045308478992,0,0.505490815196033
1990,11,27,7.36845684051514,0,3.50691780339912,0,0.515600631499954
1990,11,28,14.2582721710205,0,10.8131833082462,0,1.75910803688219
1990,11,29,0.107180558145046,0,7.22999119971064,0,2.26459885207823
1990,11,30,0.00257317419163883,0,0.0572495009510021,0,1.35471538472537
1990,12,1,0.0712533593177795,0,0.03330278816793,1.13686837721616e-13,1.07164052821559
1990,12,2,1.35248816013336,0,0.678569681977024,0,0.879554018441097
1990,12,3,20.5159740447998,2.8421709430404e-13,10.8756946942722,5.6843418860808e-14,3.45755717594087
1990,12,4,1.97869145870209,-2.8421709430404e-13,11.624110988485,-4.54747350886464e-13,3.62942405310752
1990,12,5,0.456656515598297,0.0848721854561063,1.20428585806258,0,1.97141417926453
1990,12,6,0.0097635593265295,0.0942151015249237,0.140293095606467,0,1.48614299667634
1990,12,7,0.0172034054994583,0,0.0128376772336196,0,1.1727386912548
1990,12,8,0.00057547795586288,5.6843418860808e-14,0.00973575874013477,0,0.990761997784225
1990,12,9,0.000103321595815942,0,0.000342738576364354,0.193304836025561,0.879554018441097
1990,12,10,0.00665050838142633,-5.6843418860808e-14,0.00318178772977262,0,0.76834603909797
1990,12,11,0.0012710370356217,0,0.0039972850936465,0,0.697577324970526
1990,12,12,0.0730185732245445,0,0.0361958978173789,0,0.667247876058764
1990,12,13,0.0639240369200707,0,0.0684901247295784,0,0.61669879453916
1990,12,14,1.35845506191254,0,0.70752827790966,0,0.535820264107795
1990,12,15,18.7701110839844,1.13686837721616e-13,10.0616827565336,-4.54747350886464e-13,0.899773651048939
1990,12,16,0.325701236724854,-2.8421709430404e-13,9.76011900000049,-3.41060513164848e-13,1.53669207819594
1990,12,17,3.35115742683411,5.6843418860808e-14,1.83742300648919,5.6843418860808e-14,1.29405648690184
1990,12,18,25.7956428527832,-3.41060513164848e-13,14.5587330953313,3.97903932025656e-13,16.5800987384299
1990,12,19,12.5045328140259,-3.41060513164848e-13,19.1719994045543,-2.8421709430404e-13,13.3449575211753
1990,12,20,0.79408198595047,-1.13686837721616e-13,6.65303630952803,0,4.6505154998035
1990,12,21,8.04719638824463,0,4.41176140180323,-5.6843418860808e-14,5.15600631499954
1990,12,22,13.8126382827759,0,10.9262757467277,1.70530256582424e-13,9.51333714198934
1990,12,23,12.1164855957031,2.97728148232847,9.98792776808295,0,5.05490815196033
1990,12,24,1.73330235481262,3.85444623314316,3.09069259181342,0,2.52745407598017
1990,12,25,0.00485766585916281,0.922815953475094,0,0,1.71866877166651
1990,12,26,0.10339643061161,0.0525115190358179,0,0,1.31427611950969
1990,12,27,1.90562570095062,0.783649883830719,0,0,1.21317795647048
1990,12,28,7.05606889724731,1.54906034735797,2.5124499285339,0,1.16262887495088
1990,12,29,8.31302738189697,0.530440680857055,7.1498753509095,2.59315458752218,10.5142089560775
1990,12,30,43.7989158630371,0,25.6502988514367,5.66528511892716,48.8304127479368
1990,12,31,8.89118480682373,4.44230429668875,21.9156554924557,2.50291095142256,17.1866877166651
1991,1,1,0.298146963119507,4.70051243630263,0,0,3.60920442049968
1991,1,2,0.357049465179443,0.238400215229433,0.0864157737942151,0,2.36569701511743
1991,1,3,1.48629176616669,0.710589130557764,0.168294738205077,0,1.71866877166651
1991,1,4,0.00801222026348114,0.711062922416886,0.074725351511006,0,1.33449575211753
1991,1,5,1.44359064102173,0.531933488729351,0.187408219277131,0,1.24350740538224
1991,1,6,6.89810991287231,0.532777125889027,3.63760255918533,0,1.61757060862731
1991,1,7,1.93447756767273,0,4.42232402552509,0,1.73888840427435
1991,1,8,0.0592535994946957,0,1.01006934454017,0,1.34460556842145
1991,1,9,0.784055292606354,0,0.387256351939868,0,1.16262887495088
1991,1,10,1.11098027229309,0,0.944847672548349,0,1.03120126299991
1991,1,11,7.88314056396484,-5.6843418860808e-14,3.82879904789479,0.499181219831939,2.62855223901937
1991,1,12,6.54916572570801,0,7.21889293187996,1.14972194642945,5.1863357639113
1991,1,13,1.07707571983337,-5.6843418860808e-14,4.24640540716428,0.610935110900755,2.67910132053898
1991,1,14,0.361340999603272,0,0.721069178478501,0,1.88042583252924
1991,1,15,0.475132286548615,0,0.416577132629755,1.47617158471456,1.85009638361748
1991,1,16,4.78604698181152,5.6843418860808e-14,2.61376089301302,3.28728770368701,2.57800315749977
1991,1,17,1.87386322021484,-5.6843418860808e-14,3.34446016803122,1.95762951179029,2.52745407598017
1991,1,18,0.0617637261748314,5.6843418860808e-14,0.97613080103838,0.174618549455261,1.89053564883316
1991,1,19,0.0582378245890141,-5.6843418860808e-14,0.060016140459993,0.262994375274843,1.50636262928418
1991,1,20,0.469079524278641,0,0.255177724829991,0.716950415034489,1.36482520102929
1991,1,21,2.35955142974854,1.12273825273292,0.245878826532135,0.48189122499997,1.01098163039207
1991,1,22,0.187026485800743,1.41459258830781,0,0,0.76834603909797
1991,1,23,0.495546132326126,0.339336876129835,0,-5.6843418860808e-14,0.738016590186208
1991,1,24,0.00180349627044052,0.27054670767393,0.000150621275679441,5.6843418860808e-14,0.677357692362684
1991,1,25,0.362020969390869,0.170375769408452,0.000175804896571208,0,0.60658897823524
1991,1,26,1.9039797782898,1.08156497412187,0,0,0.566149713019557
1991,1,27,1.06977391242981,1.51185751980586,0,0,0.556039896715636
1991,1,28,3.54788875579834,2.28490841274999,0,0,0.545930080411716
1991,1,29,1.51870596408844,2.4321717138223,0.116635848749866,0,0.545930080411716
1991,1,30,10.2579078674316,1.33420906264666,4.51870527229039,0,0.707687141274446
1991,1,31,0.207174405455589,0.801406348898183,4.46595166978477,0,0.687467508666605
1991,2,1,0.00315211596898735,0.0968603118203646,0.00099322124151513,0,0.667247876058764
1991,2,2,0.00183707592077553,0.000716916410624435,0.0018462096904841,1.13222284398802,0.707687141274446
1991,2,3,0.00314213428646326,0,0.00246049861743813,3.76578590522161,0.748126406490129
1991,2,4,0.0109122106805444,0,0.00696580934345548,6.32339692129176,0.859334385833256
1991,2,5,3.75377917289734,5.6843418860808e-14,1.87380487116207,3.38752029472948,1.01098163039207
1991,2,6,23.7793445587158,-1.13686837721616e-13,13.7639122707533,-3.97903932025656e-13,13.2438593581361
1991,2,7,9.035569190979,-6.82121026329696e-13,16.4093032755118,-7.38964445190504e-13,9.32125063221485
1991,2,8,0.154644280672073,0,4.60123099660814,-3.97903932025656e-13,4.05403633787219
1991,2,9,0.00735083781182766,5.6843418860808e-14,0.0819426231319085,0,2.59822279010761
1991,2,10,0.0134687162935734,-5.6843418860808e-14,0.0103841244908836,0,1.92086509774493
1991,2,11,0.000390726083423942,0,0.00741321281930141,0,1.4659233640685
1991,2,12,0.00467580603435636,0.00113693618362731,0.00132508300157497,0,1.18284850755872
1991,2,13,1.86842024326324,0.00124336390030066,0.881961564453377,0,1.1727386912548
1991,2,14,8.39137840270996,-2.27373675443232e-13,5.1271790421888,-2.27373675443232e-13,1.69844913905867
1991,2,15,1.60147130489349,0.797865071589229,4.2107304513429,-5.6843418860808e-14,1.45581354776458
1991,2,16,0.0412277951836586,0.848569727340532,0,0,0.909883467352859
1991,2,17,0.287116944789886,0.140712902810492,0.0214756110126473,0,0.950322732568542
1991,2,18,7.56871318817139,0.126436217120329,3.66074153816044,1.54529061794875,1.73888840427435
1991,2,19,9.02653121948242,-1.70530256582424e-13,8.2605732473894,0.0462408497184583,4.14502468460747
1991,2,20,1.29294121265411,-1.13686837721616e-13,5.16045920277065,0,2.96217617704875
1991,2,21,0.00230753119103611,0,0.660829850961818,0,1.97141417926453
1991,2,22,0.00100290158297867,0,0.0016671771700203,0,1.49625281298026
1991,2,23,0.0032773616258055,0,0.00207841010160337,0,1.18284850755872
1991,2,24,0.00282779452390969,0,0.0030526095724781,0.000474054996118412,1.06153071191167
1991,2,25,0.0453613176941872,0,0.0240582840979187,0,0.899773651048939
1991,2,26,0.0588469989597797,0.023030281652666,0.028834588256359,0,0.798675488009732
1991,2,27,0.41566601395607,0.117460538405567,0.119476784049766,0,0.748126406490129
1991,2,28,0.0263657066971064,0.0938879779692456,0.127502102706785,0.248608265046187,0.677357692362684
1991,3,1,1.82027530670166,0,0.918933310775174,0,0.667247876058764
1991,3,2,5.36509513854981,0,3.51603730644274,0,0.76834603909797
1991,3,3,0.0576858855783939,0,2.7171101850945,0,0.667247876058764
1991,3,4,0.00257978611625731,0,0.0309535074338783,0,0.586369345627398
1991,3,5,0.000439208874013275,0,0.00150949945418688,0.000511735986549411,0.535820264107795
1991,3,6,3.61980748176575,0,1.78627425655577,0,0.566149713019557
1991,3,7,4.13647842407227,0,3.87789772134602,-5.6843418860808e-14,0.556039896715636
1991,3,8,0.000547393516171724,0,2.11261785899114,-3.97903932025656e-13,0.444831917372509
1991,3,9,0.125334903597832,0,0.061201639178762,0.00333870880439235,0.424612284764668
1991,3,10,0.00358076044358313,0,0.0572940581550938,0,0.404392652156826
1991,3,11,0.00106229458469898,0,0.00222732182919572,0,0.384173019548985
1991,3,12,5.02935838699341,0,2.39800964534516,0,0.495380998892112
1991,3,13,31.8117179870606,0,18.4120057188775,0,8.13840212465613
1991,3,14,5.91214036941528,0,20.4131792433855,5.6843418860808e-14,5.63116768128381
1991,3,15,0.00310031417757273,5.6843418860808e-14,2.95852402092896,0,2.66899150423505
1991,3,16,0.0268680043518543,-5.6843418860808e-14,0.0149209435094235,0,1.71866877166651
1991,3,17,2.20781660079956,0,1.11517384736544,0,1.74899822057827
1991,3,18,14.3339128494263,0,8.26363597792624,1.13686837721616e-13,4.20568358243099
1991,3,19,0.199137911200523,1.70530256582424e-13,7.27102915838077,3.41060513164848e-13,2.48701481076448
1991,3,20,0.026151129975915,5.6843418860808e-14,0.117881369051247,5.6843418860808e-14,1.68833932275475
1991,3,21,0.471506834030151,-5.6843418860808e-14,0.240133672279626,-5.6843418860808e-14,1.36482520102929
1991,3,22,23.4815311431885,0,11.9539327355305,0,8.37092789964631
1991,3,23,17.7790126800537,0,20.6332596321899,0,12.6372703799008
1991,3,24,0.216912880539894,0,8.99827452389218,0,3.57887497158791
1991,3,25,0.048070888966322,0,0.143283965879164,0,2.04218289339197
1991,3,26,9.3521728515625,0,4.49287407249176,0,4.56963696937214
1991,3,27,13.1470003128052,0,11.2482140112934,0,4.34722101068588
1991,3,28,2.02351498603821,0,7.82123577191851,0,2.4465755455488
1991,3,29,0.0482352189719677,0,1.11078572762381,0,1.67822950645083
1991,3,30,1.50854612002149e-05,0,0.026560421951217,0,1.25361722168616
1991,3,31,0.150925606489182,0,0.0727495052069571,0,1.01098163039207
1991,4,1,0.223736196756363,0,0.186214872230266,0,0.909883467352859
1991,4,2,0.000250872253673151,0,0.0901083176431712,0,0.778455855401891
1991,4,3,2.80371004919289e-05,0,0.0001403163150826,0,0.697577324970526
1991,4,4,0.459805697202683,0,0.229618353860133,0,0.667247876058764
1991,4,5,6.62132072448731,0,3.52583653794864,-5.6843418860808e-14,0.727906773882288
1991,4,6,0.00577296642586589,0,3.35140381581368,5.6843418860808e-14,0.657138059754843
1991,4,7,0.059475801885128,0,0.0303453582200746,0,0.596479161931319
1991,4,8,1.47715711593628,0,0.699504153879389,0,0.586369345627398
1991,4,9,5.39411878585815,0,3.26885543790377,0,0.778455855401891
1991,4,10,3.23885893821716,0,4.48065645021052,0,0.697577324970526
1991,4,11,0,0,1.70107334495151,0,0.566149713019557
1991,4,12,1.27342510223389,0,0.619068098298158,0,0.485271182588192
1991,4,13,27.9717788696289,6.25277607468888e-13,14.2347841581941,-5.6843418860808e-14,10.7164052821559
1991,4,14,13.2846965789795,3.97903932025656e-13,20.6288380037404,1.13686837721616e-13,7.89576653336204
1991,4,15,8.31311798095703,0,10.8248123473022,0,4.44831917372509
1991,4,16,0.455105274915695,-1.13686837721616e-13,5.28026139240865,-5.6843418860808e-14,2.62855223901937
1991,4,17,0,0,0.233447199718285,0,1.72877858797043
1991,4,18,0.542005896568298,5.6843418860808e-14,0.259072329954506,0,1.29405648690184
1991,4,19,13.5173797607422,-5.6843418860808e-14,6.93271512251522,0,2.17361050534294
1991,4,20,2.85023927688599,0,8.19075900995813,0,1.92086509774493
1991,4,21,0.0450343266129494,0,1.5130699748006,0,1.37493501733321
1991,4,22,0.0334503874182701,0,0.0393228822267702,0,1.14240924234303
1991,4,23,0.250300854444504,5.6843418860808e-14,0.125620961218374,5.6843418860808e-14,0.980652181480304
1991,4,24,3.59902238845825,-5.6843418860808e-14,1.89125317877006,-1.13686837721616e-13,0.839114753225415
1991,4,25,0.0181456264108419,0,1.8347040514418,5.6843418860808e-14,0.707687141274446
1991,4,26,0.461047142744064,0,0.228553012708289,0,0.667247876058764
1991,4,27,0.79790997505188,5.6843418860808e-14,0.627623113152367,5.6843418860808e-14,0.626808610843081
1991,4,28,0.110037811100483,-5.6843418860808e-14,0.468054160555766,-5.6843418860808e-14,0.596479161931319
1991,4,29,3.88689494132996,0,1.87368144392349,0,0.576259529323478
1991,4,30,0.190795496106148,0,2.04407265094778,0,0.505490815196033
1991,5,1,0.171405181288719,0,0.181611795724166,5.6843418860808e-14,0.444831917372509
1991,5,2,0.249228462576866,0,0.214054488405964,-5.6843418860808e-14,0.414502468460747
1991,5,3,0.100420221686363,0,0.186098904718165,0,0.384173019548985
1991,5,4,4.18913173675537,0,1.97273173691246,0,0.394282835852906
1991,5,5,2.27586197853088,0,3.29785208944122,0,0.404392652156826
1991,5,6,8.22223091125488,0,5.20777483097299,0,0.46505154998035
1991,5,7,0,0,4.11618582280607,0,0.353843570637223
1991,5,8,0.00215164362452924,0,0.00123356139556563,0,0.31340430542154
1991,5,9,2.14003539085388,0,0.951429225162428,0,0.31340430542154
1991,5,10,0.239093691110611,5.6843418860808e-14,1.3516117553736,0,0.30329448911762
1991,5,11,0.689982354640961,-5.6843418860808e-14,0.460991670612202,0,0.293184672813699
1991,5,12,1.42635214328766,0,1.0544247750513,0,0.30329448911762
1991,5,13,1.44438540935516,5.6843418860808e-14,1.43455804878431,0,0.293184672813699
1991,5,14,1.5024688243866,-5.6843418860808e-14,1.46715457005485,0,0.31340430542154
1991,5,15,5.29112815856934,0,3.29015047922076,0,3.07338415639188
1991,5,16,0.738733470439911,0,3.04050426620051,0,0.879554018441097
1991,5,17,6.32888793945313,0,3.31985719855402,0,0.535820264107795
1991,5,18,16.7012004852295,5.6843418860808e-14,11.5086184938173,0,1.47603318037242
1991,5,19,0.00866609532386065,-1.13686837721616e-13,8.54524297770331,0,1.21317795647048
1991,5,20,0.0766354277729988,5.6843418860808e-14,0.041258312186983,0,0.60658897823524
1991,5,21,0.0857047438621521,0,0.0807366706412722,0,0.434722101068588
1991,5,22,3.13567495346069,0,1.47769069854439,0,0.353843570637223
1991,5,23,5.12686967849731,0,4.10895652289037,0,0.697577324970526
1991,5,24,1.91354978084564,0,3.68721555028787,0,0.404392652156826
1991,5,25,0.545726478099823,0,1.2687990577233,0,0.31340430542154
1991,5,26,8.48449039459229,0,4.05720391521027,0,0.353843570637223
1991,5,27,2.44516539573669,0,5.5516467831676,0,0.545930080411716
1991,5,28,0.272613555192947,5.6843418860808e-14,1.39511288907124,0,0.343733754333302
1991,5,29,1.99481606483459,-5.6843418860808e-14,1.09482839395969,5.6843418860808e-14,0.252745407598017
1991,5,30,9.13444042205811,0,5.11646687983557,-5.6843418860808e-14,0.222415958686255
1991,5,31,1.03086578845978,5.6843418860808e-14,5.31505632709559,0,0.202196326078413
1991,6,1,0.792693436145783,-5.6843418860808e-14,0.914128981967224,0,0.171866877166651
1991,6,2,0.580338776111603,0,0.688114744843915,0,0.161757060862731
1991,6,3,2.92560291290283,0,1.67958660558543,0,0.171866877166651
1991,6,4,0.0726266726851463,0,1.60762377677202,0,0.161757060862731
1991,6,5,0.00550222722813487,0,0.0299064514802012,0,0.131427611950969
1991,6,6,0.00624627433717251,0,0.00585339513963845,0,0.111207979343127
1991,6,7,0.000156659123604186,0,0.00344244413281558,0,0.0950322732568542
1991,6,8,0.000273010809905827,0,0.000205371326956083,-5.6843418860808e-14,0.0889663834745018
1991,6,9,9.95899245026521e-06,0,0.000179316997673595,5.6843418860808e-14,0.0869444202137177
1991,6,10,0.0164024028927088,0,0.00970951443923695,0,0.0839114753225415
1991,6,11,0.644051730632782,0,0.359150046617287,0,0.788565671705811
1991,6,12,4.06839895248413,0,2.24922208501448,0,0.808785304313653
1991,6,13,0.00482469191774726,0,2.14021945124296,0,0.181976693470572
1991,6,14,0.138272941112518,0,0.0637746745178447,0,0.111207979343127
1991,6,15,0.398741960525513,0,0.237388638190168,0,0.0899773651048939
1991,6,16,4.41730642318726,0,2.27730910552054,0,0.0839114753225415
1991,6,17,3.68488931655884,0,4.0951006936848,0,0.0869444202137177
1991,6,18,0.405467391014099,0,2.07004749555381,0,0.0829004936921494
1991,6,19,0.209275931119919,0,0.313216983760867,0,0.0647028243450922
1991,6,20,0.11256405711174,0,0.170528528149589,5.6843418860808e-14,0.0505490815196033
1991,6,21,0.293890625238419,0,0.224633742849619,-5.6843418860808e-14,0.0434722101068588
1991,6,22,1.49180793762207,0,0.850256377032565,0,0.0424612284764668
1991,6,23,4.6891360282898,0,3.03792315201281,0,0.0374063203245064
1991,6,24,0.0360156819224358,0,2.83593982554157,5.6843418860808e-14,0.030329448911762
1991,6,25,0.076472245156765,0,0.0514291705112555,-5.6843418860808e-14,0.0272965040205858
1991,6,26,7.64711046218872,0,3.79245242901015,0,0.0252745407598017
1991,6,27,0.00102067203260958,0,4.06928354811498,0,0.0232525774990175
1991,6,28,0.0454797223210335,0,0.0184624795874697,0,0.0202196326078413
1991,6,29,0.00287528918124735,0,0.0204323469388328,0,0.0272965040205858
1991,6,30,0.0242984872311354,0,0.0115984882431803,0,0.0222415958686255
1991,7,1,3.99835157394409,0,1.79679476688762,0,0.0485271182588192
1991,7,2,3.5024106502533,0,3.81874016807706,0,0.0384173019548985
1991,7,3,5.10128211975098,0,4.23589956429896,0,0.0212306142382334
1991,7,4,3.43401789665222,0,4.37100622527578,0,0.0161757060862731
1991,7,5,1.64650475978851,0,2.66810645594524,0,0.0232525774990175
1991,7,6,1.39888465404511,0,1.54378176406317,0,0.0181976693470572
1991,7,7,0.749959886074066,0,1.15279874323824,0,0.0121317795647048
1991,7,8,9.84895896911621,0,4.9593613235138,0,0.0100087181408815
1991,7,9,6.62287378311157,0,8.25790529209917,0,0.0083911475322541
1991,7,10,9.8939790725708,0,8.19112330641838,5.6843418860808e-14,0.0161757060862731
1991,7,11,2.79500961303711,0,6.3495539590931,-5.6843418860808e-14,0.0434722101068588
1991,7,12,17.0498962402344,0,9.85256467583895,0,0.121317795647048
1991,7,13,0.964616715908051,0,9.48618773340058,0,0.061669879453916
1991,7,14,0,0,0.495380804410161,0,0.0374063203245064
1991,7,15,4.4155811337987e-05,0,2.00950198632199e-05,-5.6843418860808e-14,0.0242635591294096
1991,7,16,1.14586227937252e-05,0,2.88347746391082e-05,5.6843418860808e-14,0.0171866877166651
1991,7,17,9.11039244044787e-09,0,5.57952989765909e-06,0,0.0131427611950969
1991,7,18,5.96822719671764e-05,5.6843418860808e-14,2.44320017372957e-05,5.6843418860808e-14,0.0091999328365678
1991,7,19,0.000150524036143906,-5.6843418860808e-14,0.000101352037745528,-5.6843418860808e-14,0.0067735769236268
1991,7,20,0.0712759867310524,0,0.0338724416160403,0,0.0052571044780387
1991,7,21,0.132162600755692,0,0.0982714783694973,0,0.0037406320324506
1991,7,22,0.60124546289444,5.6843418860808e-14,0.343929727010618,5.6843418860808e-14,0.0026285522390193
1991,7,23,1.95411837100983,-5.6843418860808e-14,1.11929686534495,-5.6843418860808e-14,0.0015164724455881
1991,7,24,0.411972761154175,0,1.28494408236293,0,0.0006065889782352
1991,7,25,0.0571193434298039,0,0.252017980606979,0,0.0001010981630392
1991,7,26,0.000107271182059776,0,0.0309186564281845,0,0
1991,7,27,1.8360735339229e-05,0,6.4204616137431e-05,0,0
1991,7,28,0,5.6843418860808e-14,1.06029492599191e-05,0,0
1991,7,29,0.0752146169543266,-5.6843418860808e-14,0.0492784562811721,0,0
1991,7,30,0.863653182983398,5.6843418860808e-14,0.392095634686484,5.6843418860808e-14,0
1991,7,31,1.61163534357911e-05,-5.6843418860808e-14,0.494813702580359,-1.13686837721616e-13,0
1991,8,1,0.0150220179930329,0,0.00602415970388393,5.6843418860808e-14,0
1991,8,2,0.00258184829726815,0,0.00708407477213768,-5.6843418860808e-14,0
1991,8,3,0.546122550964356,0,0.237997942322181,5.6843418860808e-14,0
1991,8,4,6.15497779846191,0,3.2397615148875,0,0
1991,8,5,1.26845157146454,0,3.7591166798411,0,0
1991,8,6,8.99519920349121,0,4.8917447456206,-5.6843418860808e-14,0.0048527118258819
1991,8,7,12.3259439468384,0,10.5713122138459,5.6843418860808e-14,0.0064702824345092
1991,8,8,1.05537378787994,0,6.96328547839403,0,0.0018197669347057
1991,8,9,7.56373453140259,0,3.26220121008191,0,0.001010981630392
1991,8,10,2.00525188446045,5.6843418860808e-14,4.79153942085031,0,0.0009098834673528
1991,8,11,6.84462866047397e-05,-5.6843418860808e-14,1.01919426007953,0,0.0006065889782352
1991,8,12,0.000246909214183688,0,0.000140357509735622,5.6843418860808e-14,0.0001010981630392
1991,8,13,0.00583243696019054,0,0.00270065992299351,-5.6843418860808e-14,0
1991,8,14,0.527823328971863,0,0.216761810708704,5.6843418860808e-14,0
1991,8,15,3.70623660087585,0,2.06825637638576,-5.6843418860808e-14,0
1991,8,16,0.0121201975271106,0,1.9965934762331,0,0
1991,8,17,6.33349418640137,0,2.91122486833956,0,0
1991,8,18,12.7586231231689,0,9.50541688140584,0,0.0001010981630392
1991,8,19,3.74484753608704,0,8.30047004904918,0,0.0040439265215682
1991,8,20,7.56641912460327,0,5.65053776259992,0,0.0018197669347057
1991,8,21,0.0937598347663879,0,3.92383885156778,0,0.0015164724455881
1991,8,22,0.00189134513493627,0,0.0515837823459151,0,0.000505490815196
1991,8,23,3.57158046426775e-06,0,0.000970568424236262,0,0
1991,8,24,0.124996542930603,0,0.0604183741907036,0,0
1991,8,25,0.00140059203840792,0,0.0502136506656825,0,0
1991,8,26,0.0315328240394592,0,0.0147407300737541,0,0
1991,8,27,0.300588637590408,0,0.155379514262677,0,0
1991,8,28,0.759592592716217,0,0.527170322046004,0,0
1991,8,29,0.999777317047119,0,0.864965911054242,0,0
1991,8,30,2.85781097412109,0,1.68590656929518,0,0
1991,8,31,3.11583709716797,0,3.01293740346591,0,0.0004043926521568
1991,9,1,2.85736536979675,5.6843418860808e-14,2.97140119301184,5.6843418860808e-14,0.000505490815196
1991,9,2,0.0175374336540699,-5.6843418860808e-14,1.45840134660284,-5.6843418860808e-14,0
1991,9,3,1.7171276807785,0,0.812407371775407,0,0
1991,9,4,24.719295501709,0,13.2117063461628,0,0.283074856509778
1991,9,5,2.65888643264771,-5.6843418860808e-14,13.7117722790044,0,0.0262855223901937
1991,9,6,0.000445633224444464,0,1.3763547221879,0,0.0062680861084308
1991,9,7,0.016811640933156,5.6843418860808e-14,0.0083159768346377,0,0.0079867548800973
1991,9,8,0.000121325210784562,-5.6843418860808e-14,0.00874311475308787,-5.6843418860808e-14,0.0045494173367643
1991,9,9,0.488242238759995,-5.6843418860808e-14,0.228079366241218,5.6843418860808e-14,0.0029318467281369
1991,9,10,0.43097460269928,5.6843418860808e-14,0.460562098161972,0,0.0021230614238233
1991,9,11,0.0151174487546086,0,0.206289692177961,5.6843418860808e-14,0.0013142761195096
1991,9,12,2.47170996665955,0,1.20317824868835,-5.6843418860808e-14,0.001010981630392
1991,9,13,10.2108745574951,0,6.16571940594804,0,0.0006065889782352
1991,9,14,1.62623739242554,0,5.92022770748554,0,0.0141537428254889
1991,9,15,0.000623702013399452,0,0.81496254540798,0,0.075823622279405
1991,9,16,0.146491542458534,0,0.0760075085872813,0,0.0394282835852906
1991,9,17,2.43888306617737,0,1.18532571107971,0,0.0222415958686255
1991,9,18,0.819389700889587,0,1.65522937499009,0,0.0111207979343127
1991,9,19,1.41500341892242,0,1.14209580663919,0,0.0079867548800973
1991,9,20,0,0,0.598410844679165,0,0.0054593008041171
1991,9,21,0.00730763422325254,-5.6843418860808e-14,0.00341311006013711,0,0.0038417301954898
1991,9,22,1.50448036193848,5.6843418860808e-14,0.701080043585534,0,0.0028307485650977
1991,9,23,8.33766269683838,0,4.41786981649966,0,0.0035384357063722
1991,9,24,3.12649281113409e-05,0,5.2892852682362,0,0.0029318467281369
1991,9,25,0.460716843605042,0,0.276567699911539,0,0.0017186687716665
1991,9,26,0.338524281978607,0,0.394216003751353,0,0.0009098834673528
1991,9,27,0,0,0.18305612695076,0,0.0004043926521568
1991,9,28,0.116010658442974,-5.6843418860808e-14,0.0507719851702859,-5.6843418860808e-14,0.0001010981630392
1991,9,29,0.257673650979996,5.6843418860808e-14,0.209110521189359,5.6843418860808e-14,0
1991,9,30,0.000459030037745833,0,0.114422287853813,0,0
1991,10,1,2.97698329632112e-06,0,0.000236858622884029,0,0
1991,10,2,0.0177541188895702,-5.6843418860808e-14,0.00822274734127859,0,0
1991,10,3,0.492510050535202,0,0.225293774654347,0,0
1991,10,4,1.06174302101135,5.6843418860808e-14,0.72397247308254,0,0
1991,10,5,8.25404834747315,0,4.57193219385408,0,0
1991,10,6,0.160132601857185,0,4.94248753005923,0,0
1991,10,7,0.000464733369881287,0,0.103038113416915,0,0
1991,10,8,0.000113331247121096,0,0.000281830039966735,0,0
1991,10,9,0.333085954189301,0,0.1237447655094,0,0
1991,10,10,5.53007125854492,5.6843418860808e-14,2.86955892345941,0,0
1991,10,11,0.0781422406435013,-5.6843418860808e-14,3.15317742162915,0,0
1991,10,12,0.128832504153252,0,0.102597112385411,0,0
1991,10,13,0.0395944863557816,0,0.0989305822313327,0,0
1991,10,14,0.338382631540298,0,0.151105124465175,0,0
1991,10,15,2.42751097679138,0,1.35995097278465,0,0
1991,10,16,0.000647823675535619,0,1.42673510780696,0,0
1991,10,17,3.5124336136505e-05,0,0.000233335753364372,0,0
1991,10,18,0.240459442138672,0,0.180341609277093,0,0
1991,10,19,0.571708917617798,0,0.43689128857477,0,0
1991,10,20,0.0142973829060793,0,0.28221041983852,5.6843418860808e-14,0
1991,10,21,2.82156288449187e-05,0,0.00587027340588975,-5.6843418860808e-14,0
1991,10,22,2.77253616332018e-06,0,-0.00499681132714613,0,0
1991,10,23,0.0411852784454823,0,0.0106283856948721,0,0
1991,10,24,0.159859746694565,0,-0.727975045985659,0,0
1991,10,25,7.07667875289917,0,2.34245314403961,0,0
1991,10,26,23.73708152771,0,17.2153102767788,-5.6843418860808e-14,0
1991,10,27,12.0638418197632,0,17.9006642059103,5.6843418860808e-14,0
1991,10,28,1.33615684509277,5.6843418860808e-14,6.77074146284213,0,0.0001010981630392
1991,10,29,0.0851129665970802,-1.13686837721616e-13,0.761735351432435,-5.6843418860808e-14,0.0004043926521568
1991,10,30,0.518175005912781,5.6843418860808e-14,0.2673237588333,5.6843418860808e-14,0.0002021963260784
1991,10,31,0.117845743894577,0,0.323472170741297,0,0.0003032944891176
1991,11,1,1.49950540065765,0,0.808424662956895,0,0.0004043926521568
1991,11,2,4.74197721481323,-5.6843418860808e-14,2.97805164040619,0,0.0025274540759801
1991,11,3,0.0334470719099045,0.00731736980753794,2.44567693494901,0,0.0042461228476466
1991,11,4,0.057807233184576,0.0364294759706922,0.00919756091207091,0,0.0061669879453916
1991,11,5,0.0608901306986809,0.0592347390780788,0,0,0.0086944420213717
1991,11,6,0.027225399389863,0.0371964599444823,0.0105939935074275,0,0.0101098163039207
1991,11,7,1.66416645050049,-1.13686837721616e-13,0.82802935523614,0,0.0094021291626462
1991,11,8,0.0909591019153595,0.0443161823048968,0.85336794597788,0,0.0095032273256854
1991,11,9,8.33877493278123e-05,0.0474467123869431,8.45856993691996e-06,0,0.0101098163039207
1991,11,10,0.000590955838561058,3.18669300440888e-05,0.000312969215883641,0,0.0083911475322541
1991,11,11,0.00130034796893597,0,0.000944687815717771,0.249866021255173,0.009301030999607
1991,11,12,0.750255942344666,0,0.367757120808164,0,0.0121317795647048
1991,11,13,1.13324511051178,0,0.960513426865873,0,0.015164724455881
1991,11,14,0.00359392631798983,0,0.665103676199578,0,0.0171866877166651
1991,11,15,0.446362197399139,5.6843418860808e-14,0.186928420471304,0,0.0202196326078413
1991,11,16,1.26293361186981,-5.6843418860808e-14,0.746947555220686,0,0.0222415958686255
1991,11,17,0.0692946836352348,0,0.737869813245197,0,0.0232525774990175
1991,11,18,2.99554347991943,0,1.4543077099388,0,0.0272965040205858
1991,11,19,11.7673149108887,0,7.37433719629735,0,0.0980652181480304
1991,11,20,14.5605239868164,0,13.1332722768311,0,0.161757060862731
1991,11,21,2.40850901603699,0,8.70269627891867,0,0.242635591294096
1991,11,22,0.000278293155133724,-5.6843418860808e-14,1.23861690855483,0,0.192086509774493
1991,11,23,0.158802837133408,5.6843418860808e-14,0.0783665290964564,0,0.141537428254889
1991,11,24,0.128889530897141,0,0.145764534494447,0,0.121317795647048
1991,11,25,0.22150993347168,0.11074423383684,0.0644510105848895,0,0.0940212916264622
1991,11,26,0.0169652197510004,0.122221479863185,0,0,0.0849224569529335
1991,11,27,1.52529191970825,0.00899521282343585,0.716559369406241,0,0.0829004936921494
1991,11,28,2.91398096084595,0,2.21827518134705,0.297909371215724,0.0818895120617573
1991,11,29,1.31568098068237,0,2.11662576430717,-5.6843418860808e-14,0.101098163039207
1991,11,30,11.3071041107178,0,6.14684036011204,0,0.161757060862731
1991,12,1,1.42143535614014,0,6.37045642916019,0,0.181976693470572
1991,12,2,9.11585330963135,-4.54747350886464e-13,5.26691585332264,-4.54747350886464e-13,0.272965040205858
1991,12,3,17.8755474090576,0,13.4947269393906,-5.6843418860808e-14,0.677357692362684
1991,12,4,0.892993569374085,0.396360365566068,9.9413822048391,0,0.535820264107795
1991,12,5,0.000709892250597477,0.448855191935365,0,0,0.222415958686255
1991,12,6,0.000713676097802818,0.000366033963359769,0.000345691110851476,0,0.15164724455881
1991,12,7,0.00547956023365259,0,0.00277018288397812,0.897746888939423,0.101098163039207
1991,12,8,0.0293072052299976,5.6843418860808e-14,0.0172421297629626,0,0.0869444202137177
1991,12,9,0.458516806364059,-5.6843418860808e-14,0.240996073656788,0,0.0697577324970526
1991,12,10,0.0105290934443474,0,0.238965128550262,0,0.0586369345627398
1991,12,11,5.12926526425872e-05,0,0.0053523147598753,0,0.0434722101068588
1991,12,12,1.03902351856232,0,0.516998224717099,0,0.0414502468460747
1991,12,13,8.11661243438721,0,4.56949187584542,0,0.131427611950969
1991,12,14,1.0456348657608,5.6843418860808e-14,4.59237687199129,0,0.353843570637223
1991,12,15,0.0186530258506536,-5.6843418860808e-14,0.54025140972044,0,0.323514121725461
1991,12,16,0.00488452147692442,0.00187744257124223,0.0100304492698342,-5.6843418860808e-14,0.181976693470572
1991,12,17,0.00251835025846958,0.00220707551858368,0.00167397555560456,5.6843418860808e-14,0.131427611950969
1991,12,18,0.00181239214725792,0.000179525510134226,0.00192593034080346,0,0.101098163039207
1991,12,19,0.000521523819770664,0.00039036374528223,0.000920210335607408,0,0.0687467508666605
1991,12,20,0.280071705579758,0.0252170025026999,0.0808522936440568,0,0.0677357692362684
1991,12,21,4.55293655395508,0.0333282452201615,2.35960529319345,0.00709488889242493,0.0707687141274446
1991,12,22,0.74872350692749,-2.27373675443232e-13,2.66593132802336,-2.8421709430404e-13,0.0717796957578367
1991,12,23,11.1007661819458,-3.97903932025656e-13,5.92277291321625,-2.8421709430404e-13,0.171866877166651
1991,12,24,0.258510947227478,-5.6843418860808e-14,5.68397913824447,-2.8421709430404e-13,0.434722101068588
1991,12,25,0.00204655458219349,0,0.133494333838826,0,0.46505154998035
1991,12,26,0.000884459470398724,0,0.00146894162935496,0,0.293184672813699
1991,12,27,0.0341124199330807,0,0.0174908093740669,0.00284566041335665,0.202196326078413
1991,12,28,0.944789052009583,0,0.412238734566927,5.6843418860808e-14,0.171866877166651
1991,12,29,5.49784469604492,-2.27373675443232e-13,3.22002625410823,-5.6843418860808e-14,0.252745407598017
1991,12,30,0.128542572259903,0,2.83800322038587,1.13686837721616e-13,0.444831917372509
1991,12,31,0.00438027596101165,0,0.0673459741556144,-5.6843418860808e-14,0.46505154998035
1992,1,1,0.0193347334861755,0,0.0118400186329382,0,0.333623938029382
1992,1,2,1.68120336532593,-5.6843418860808e-14,0.718689099254334,0,0.272965040205858
1992,1,3,7.68153285980225,5.6843418860808e-14,4.68059811343301,0,0.262855223901937
1992,1,4,0.465363800525665,0,4.07366826706675,0,0.333623938029382
1992,1,5,0.0357160270214081,0,0.253969783290813,0,0.414502468460747
1992,1,6,0.00290136644616723,0,0.0221792948814254,0,0.31340430542154
1992,1,7,8.85348417796195e-05,0,0.00168219983061135,0,0.252745407598017
1992,1,8,0.275220841169357,0,0.121957355009727,0,0.212306142382334
1992,1,9,2.59762001037598,0,1.42438566807323,0,0.192086509774493
1992,1,10,0.395229250192642,0,1.49680643297688,0,0.181976693470572
1992,1,11,0.0695713087916374,0,0.240237919475476,0,0.161757060862731
1992,1,12,0.443976253271103,0,0.255848197371961,0.00283153631335154,0.141537428254889
1992,1,13,4.17766523361206,0,2.23577634203684,0,0.141537428254889
1992,1,14,21.212459564209,0,12.2928701342371,0,0.91999328365678
1992,1,15,2.7828905582428,1.37634504605677,10.7213306373105,0,1.14240924234303
1992,1,16,0.673967659473419,1.74554123876038,1.81898940354586e-12,0,0.556039896715636
1992,1,17,0.0543813295662403,0.386579703211453,-1.81898940354586e-12,0,0.404392652156826
1992,1,18,1.31371803036018e-06,0.0282108346418113,1.81898940354586e-12,0,0.323514121725461
1992,1,19,0.000242849360802211,0.000128760225095448,0,0,0.293184672813699
1992,1,20,0.000112963600258809,0.000173120982537966,0,0,0.293184672813699
1992,1,21,0.174364417791367,5.73611980598798e-05,0.08582481846679,0,0.30329448911762
1992,1,22,0.265272110700607,0,0.21970298119777,1.4778331988216,0.30329448911762
1992,1,23,4.43294334411621,0,2.33768564270758,2.08720841106617,0.475161366284271
1992,1,24,2.01931214332581,0.575368546800576,2.65379866321382,0,0.647028243450922
1992,1,25,0.961880266666412,1.01352140193194,0.478697605492926,0,0.404392652156826
1992,1,26,1.37308788299561,0.612550461412752,0.529924048430985,-5.6843418860808e-14,0.353843570637223
1992,1,27,0,0.141042418803522,0.549244994290348,0,0.31340430542154
1992,1,28,0.00500013725832105,0,0.00219299737364054,0.135291439011951,0.30329448911762
1992,1,29,0.000497792731039226,0,0.00287738087172329,0.16303363142066,0.30329448911762
1992,1,30,0.0330060683190823,0,0.0157581370585831,0.11150145186275,0.293184672813699
1992,1,31,0.00429073581472039,0,0.0218770422834496,0.92527134136725,0.323514121725461
1992,2,1,0.0113427974283695,5.6843418860808e-14,0.00779054507074761,1.01351190516152,0.293184672813699
1992,2,2,0.0010380600579083,-5.6843418860808e-14,0.00630346621983335,0,0.252745407598017
1992,2,3,0.000501036935020238,0,0.000771370996517362,0.0199310387878882,0.232525774990175
1992,2,4,0.00911246798932552,-5.6843418860808e-14,0.00476213530055247,-5.6843418860808e-14,0.242635591294096
1992,2,5,0.00306794047355652,0,0.00614188604413357,5.6843418860808e-14,0.222415958686255
1992,2,6,0.00283474056050181,5.6843418860808e-14,0.00295188161544502,0,0.202196326078413
1992,2,7,0.0134693086147308,0,0.00814615364834026,0,0.192086509774493
1992,2,8,0.224619224667549,0.0592197361194735,0.059817864523211,0,0.192086509774493
1992,2,9,0.127211019396782,0.122818942843082,0.0532077950119856,5.6843418860808e-14,0.15164724455881
1992,2,10,0.00280886911787093,0.0661351468910993,0.000880421013789601,-5.6843418860808e-14,0.121317795647048
1992,2,11,0.0407615415751934,0.000592709131865377,0.0174319811594614,0.258196430314513,0.131427611950969
1992,2,12,0.694942474365234,0.013679760122443,0.353954236246864,0.0289585193899597,0.121317795647048
1992,2,13,3.14256715774536,0.0138373463669836,1.89164465151589,-5.6843418860808e-14,0.141537428254889
1992,2,14,2.22988605499268,-1.70530256582424e-13,2.69163359423874,0.0121029385975362,0.161757060862731
1992,2,15,7.67455148696899,-1.13686837721616e-13,4.85804071611528,0,0.192086509774493
1992,2,16,1.61628556251526,0,4.64551612651667,5.6843418860808e-14,0.222415958686255
1992,2,17,0.622169077396393,0,1.13324133504466,-5.6843418860808e-14,0.222415958686255
1992,2,18,3.41905283927918,0,1.94512754819334,0,0.212306142382334
1992,2,19,2.53778529167175,5.6843418860808e-14,2.98983696951291,0,0.232525774990175
1992,2,20,0.453546404838562,-5.6843418860808e-14,1.51527991678449,0,0.212306142382334
1992,2,21,0.105740763247013,0,0.296605225135863,0,0.192086509774493
1992,2,22,0,0,0.0585140139355644,0,0.192086509774493
1992,2,23,0.0911475121974945,0,0.0454162463429384,0,0.192086509774493
1992,2,24,0.00716940779238939,0,0.0507629298735992,0,0.202196326078413
1992,2,25,0.00322910817340016,0,0.00524959447648143,0,0.202196326078413
1992,2,26,0.0101806800812483,0,0.00707400190185581,0,0.192086509774493
1992,2,27,0.00936391856521368,0,0.00980522916688642,0,0.192086509774493
1992,2,28,0.145316898822784,0,0.0809500535560801,0,0.192086509774493
1992,2,29,0.0943845063447952,0,0.116970439352372,0,0.222415958686255
1992,3,1,0.000256707571679726,0,0.044091558569562,0,0.212306142382334
1992,3,2,0.000407964951591566,-5.6843418860808e-14,0.000326108829540317,0,0.202196326078413
1992,3,3,0.00668122619390488,5.6843418860808e-14,0.00294454906361352,0,0.202196326078413
1992,3,4,0.348355859518051,0,0.164869775460829,0,0.202196326078413
1992,3,5,0.136157736182213,5.6843418860808e-14,0.243747403228554,5.6843418860808e-14,0.202196326078413
1992,3,6,5.24702548980713,-5.6843418860808e-14,2.52860538961977,-5.6843418860808e-14,0.222415958686255
1992,3,7,6.27967977523804,0,5.74754401286373,0,0.262855223901937
1992,3,8,1.45413017272949,0,3.87823701995148,0,0.31340430542154
1992,3,9,0.613573551177979,0,1.08634810341937,0,0.262855223901937
1992,3,10,6.93492412567139,0,3.70323157908933,0,0.30329448911762
1992,3,11,3.63120031356812,1.25324799609393,4.03331947753941,0,0.343733754333302
1992,3,12,0.351386427879334,1.42266099612294,0.578531501954785,0,0.343733754333302
1992,3,13,0.0291793793439865,0.190478029019914,0.0186090544393664,0,0.323514121725461
1992,3,14,0.332126140594482,0.0537837019867311,0.125582340411711,0,0.323514121725461
1992,3,15,0.0413015149533749,0.0510677360117029,0.146277487947373,0,0.31340430542154
1992,3,16,0.000983847538009286,0.00917233747719592,0.0152361260388716,0,0.272965040205858
1992,3,17,0.643340349197388,8.7260898965269e-05,0.32157005798399,2.08308224245621,0.252745407598017
1992,3,18,7.01782178878784,-5.6843418860808e-14,3.78814538568076,0.93728165231505,0.363953386941144
1992,3,19,18.0280075073242,1.13686837721616e-13,12.2725036575121,1.13686837721616e-13,0.859334385833256
1992,3,20,0.231280878186226,0,9.36453142811479,-5.6843418860808e-14,0.707687141274446
1992,3,21,1.49275946617126,0,0.844812235345671,0,0.535820264107795
1992,3,22,0.693738222122192,0,1.10995388444826,0,0.46505154998035
1992,3,23,0.063330389559269,0,0.378613703211158,0,0.404392652156826
1992,3,24,0.0277622323483229,1.13686837721616e-13,0.045962516871441,0.00956869851182773,0.30329448911762
1992,3,25,2.47607159614563,0,1.13377675365155,0,0.262855223901937
1992,3,26,3.79971671104431,5.6843418860808e-14,3.10828825531462,0,0.293184672813699
1992,3,27,2.85137438774109,-5.6843418860808e-14,3.35124314140376,0,0.293184672813699
1992,3,28,0.180438429117203,0,1.57598259472616,0,0.283074856509778
1992,3,29,1.82727384567261,0,1.13537645154611,0,0.252745407598017
1992,3,30,5.22305059432983,0,3.51762373557358,0,0.323514121725461
1992,3,31,6.10973072052002,0,5.66580361888373,0,0.697577324970526
1992,4,1,1.10526907444,1.13686837721616e-13,3.75485191839107,1.70530256582424e-13,0.717796957578367
1992,4,2,0.888957738876343,0,1.00576331659795,5.6843418860808e-14,0.586369345627398
1992,4,3,1.44918131828308,0,1.16831103523509,0,0.505490815196033
1992,4,4,3.20748710632324,0,2.25150951630894,-5.6843418860808e-14,0.556039896715636
1992,4,5,0.56833553314209,0,1.88799421109616,0,0.576259529323478
1992,4,6,0.000190029328223318,5.6843418860808e-14,0.296016857102586,5.6843418860808e-14,0.505490815196033
1992,4,7,0.0523721091449261,-5.6843418860808e-14,0.0189663932815165,0,0.495380998892112
1992,4,8,1.21074235439301,0,0.63008069681382,-5.6843418860808e-14,0.475161366284271
1992,4,9,5.74640417098999,5.6843418860808e-14,3.45760822302509,0,0.46505154998035
1992,4,10,1.5618611574173,-5.6843418860808e-14,3.6872373562037,0,0.46505154998035
1992,4,11,3.609703540802,0,2.54907797771375,0,0.46505154998035
1992,4,12,0.643298625946045,0,2.21316578292317,0,0.424612284764668
1992,4,13,0.00249791098758578,0,0.325416977282657,0,0.323514121725461
1992,4,14,0.138411059975624,0,0.0574279153370298,0,0.293184672813699
1992,4,15,5.08511829376221,0,2.40802151368553,0,0.30329448911762
1992,4,16,10.4552364349365,0,7.33887652560406,0,0.30329448911762
1992,4,17,16.6583881378174,0,13.4785812733244,0,0.333623938029382
1992,4,18,9.58224391937256,0,13.1556272160906,0,0.525710447803874
1992,4,19,9.13502311706543,0,9.36338180877829,0,1.05142089560775
1992,4,20,5.18594598770142,0,7.28822538343775,0,0.829004936921494
1992,4,21,5.49323081970215,0,5.33280070076398,0,1.2232877727744
1992,4,22,0.561310172080994,0,3.06659030363335,5.6843418860808e-14,1.01098163039207
1992,4,23,0.152743458747864,0,0.362733226114869,-5.6843418860808e-14,0.75823622279405
1992,4,24,0.636734545230866,0,0.384852009667156,0,0.667247876058764
1992,4,25,0.36934307217598,0,0.504938902857248,0,0.586369345627398
1992,4,26,0.379425525665283,0,0.374301929507055,0,0.515600631499954
1992,4,27,1.11065316200256,0,0.730797437079673,0,0.46505154998035
1992,4,28,0.401471495628357,0,0.842105643425384,0,0.414502468460747
1992,4,29,0.0363818444311619,-5.6843418860808e-14,0.254480582834731,0,0.363953386941144
1992,4,30,1.90215396881104,5.6843418860808e-14,0.737365772203702,0,0.353843570637223
1992,5,1,0.085932232439518,0,1.10943102034798,0,0.323514121725461
1992,5,2,0.407183885574341,0,0.230344239455008,0,0.293184672813699
1992,5,3,0.216263353824615,0,0.320128868777829,0,0.272965040205858
1992,5,4,0.166084796190262,-5.6843418860808e-14,0.192131856541891,-5.6843418860808e-14,0.252745407598017
1992,5,5,0.918981373310089,5.6843418860808e-14,0.482744601222294,5.6843418860808e-14,0.242635591294096
1992,5,6,0.533748507499695,0,0.666499233610011,0,0.232525774990175
1992,5,7,0.000799247005488724,0,0.199857694520688,0,0.202196326078413
1992,5,8,1.35911655426025,0,0.594631620417204,0,0.181976693470572
1992,5,9,7.61711549758911,0,3.85298742924715,0,0.242635591294096
1992,5,10,0.317482739686966,0,3.99276760335124,0,0.252745407598017
1992,5,11,0,0,0.168855060661372,0,0.192086509774493
1992,5,12,0.887622117996216,0,0.405135057379084,0,0.171866877166651
1992,5,13,4.80646324157715,0,2.79751426749135,0,0.181976693470572
1992,5,14,0.0596728399395943,-5.6843418860808e-14,2.87387806047263,0,0.171866877166651
1992,5,15,0.883247077465057,5.6843418860808e-14,0.565092985076262,0,0.141537428254889
1992,5,16,0,0,0.442235353704746,0,0.121317795647048
1992,5,17,2.57630062103272,0,1.08057953176285,0,0.111207979343127
1992,5,18,7.72356510162354,0,4.89037358721362,0,0.121317795647048
1992,5,19,3.12177610397339,0,5.59972501866105,0,0.15164724455881
1992,5,20,0.104377098381519,0,1.8167061912518,-5.6843418860808e-14,0.15164724455881
1992,5,21,0.0687048733234406,0,0.0848408845649828,5.6843418860808e-14,0.121317795647048
1992,5,22,0.66363537311554,0,0.477198855240204,0,0.0940212916264622
1992,5,23,1.36323881149292,0,0.985749758430757,0,0.0859334385833256
1992,5,24,10.3337535858154,0,5.6399137986009,0,0.323514121725461
1992,5,25,0.0732826143503189,0,5.22205554019274,0,0.222415958686255
1992,5,26,0.825372159481049,0,0.440153955736605,0,0.202196326078413
1992,5,27,0.0450901538133621,-5.6843418860808e-14,0.526389864582598,0,0.141537428254889
1992,5,28,0.72541081905365,5.6843418860808e-14,0.3299218088614,0,0.111207979343127
1992,5,29,4.36105442047119,0,2.14328519188348,-5.6843418860808e-14,0.0960432548872463
1992,5,30,13.7327175140381,0,8.71578953954304,5.6843418860808e-14,0.131427611950969
1992,5,31,0.536230385303497,0,7.13487236360561,0,0.141537428254889
1992,6,1,0.000426014128606766,0,0.257882525755122,0,0.181976693470572
1992,6,2,0.00022512671421282,0,0.000337818504704046,0,0.141537428254889
1992,6,3,0.998619854450226,0,0.528640284659559,0,0.111207979343127
1992,6,4,6.78835535049439,0,3.80991289694248,0,0.101098163039207
1992,6,5,1.55703091621399,0,4.20993315085616,0,0.111207979343127
1992,6,6,3.43996548652649,0,2.49492962720615,0,0.161757060862731
1992,6,7,6.76297187805176,0,5.05663406307394,0,0.171866877166651
1992,6,8,2.21841239929199,0,4.50408562014491,0,0.212306142382334
1992,6,9,1.3382844372245e-05,0,1.23103421619453,0,0.323514121725461
1992,6,10,0.00109249143861234,0,0.000530665443875478,0,0.202196326078413
1992,6,11,0.205377817153931,0,0.11522775748017,0,0.141537428254889
1992,6,12,0.0230966378003359,0,0.0920739368739305,0,0.111207979343127
1992,6,13,0.718150734901428,5.6843418860808e-14,0.342787267216409,0,0.0909883467352859
1992,6,14,1.881707072258,-5.6843418860808e-14,1.25798133261742,0,0.0859334385833256
1992,6,15,0.672785699367523,-5.6843418860808e-14,1.36657505648873,0,0.0727906773882288
1992,6,16,0.446300506591797,5.6843418860808e-14,0.58992308940833,0,0.111207979343127
1992,6,17,4.99309968948364,0,2.59086101721368,0,0.0687467508666605
1992,6,18,38.3935813903809,0,21.5741334713002,0,6.72302784210724
1992,6,19,3.30226445198059,0,20.8876727041643,0,3.40700809442126
1992,6,20,0.258625090122223,0,1.81012159276543,0,1.35471538472537
1992,6,21,0.117281787097454,0,0.194554227893605,0,0.879554018441097
1992,6,22,0.0352765470743179,0,0.0787601339998219,0,0.60658897823524
1992,6,23,0.532323598861694,-5.6843418860808e-14,0.272554098988621,-5.6843418860808e-14,0.46505154998035
1992,6,24,3.57371759414673,5.6843418860808e-14,1.67408825541497,5.6843418860808e-14,0.434722101068588
1992,6,25,1.00699245929718,0,2.34820279513406,0,0.323514121725461
1992,6,26,0.0934557989239693,0,0.527137081069668,0,0.232525774990175
1992,6,27,0.101580403745174,0,0.0978244046054897,0,0.171866877166651
1992,6,28,0.00478140776976943,0,0.0550601779104909,0,0.131427611950969
1992,6,29,3.133919017273e-05,0,0.00218036286059942,0,0.101098163039207
1992,6,30,0.000162134092533961,0,0.00010388829105068,0,0.091999328365678
1992,7,1,2.67098164558411,0,1.24175664952418,0,0.0839114753225415
1992,7,2,0.898503124713898,0,1.84361062786411,0,0.272965040205858
1992,7,3,26.4585704803467,0,13.6744208059681,-5.6843418860808e-14,3.90238909331338
1992,7,4,0.257546275854111,0,13.3706603283554,5.6843418860808e-14,1.24350740538224
1992,7,5,2.89792943000793,0,1.48394570743039,0,0.647028243450922
1992,7,6,7.01741361618042,0,4.83550328201454,-5.6843418860808e-14,1.02109144669599
1992,7,7,0.07247344404459,0,3.56945924634238,5.6843418860808e-14,0.636918427147002
1992,7,8,9.98337459564209,0,4.01709639457295,0,1.20306814016656
1992,7,9,5.47660875320435,0,7.85136836839229,0,0.940212916264621
1992,7,10,4.52279090881348,0,5.01199103975705,0,0.970542365176383
1992,7,11,6.36384344100952,0,5.40590288083513,0,1.64790005753907
1992,7,12,16.7390613555908,0,10.8752077867612,0,4.62018605089174
1992,7,13,0.616454362869263,5.6843418860808e-14,8.69446008769592,5.6843418860808e-14,2.18372032164686
1992,7,14,4.37962675094605,-5.6843418860808e-14,2.18693139535208,-5.6843418860808e-14,1.14240924234303
1992,7,15,22.8296184539795,0,13.5591445813552,0,3.87205964440161
1992,7,16,6.95563316345215,0,14.8994287067253,0,2.32525774990175
1992,7,17,20.4626426696777,0,13.6560092538457,0,18.2987675100964
1992,7,18,1.46358251571655,0,10.9944969427415,0,5.61094804867597
1992,7,19,0.0667801350355148,0,0.768704297846853,0,2.51734425967624
1992,7,20,2.49606132507324,0,1.2057578341919,0,1.5164724455881
1992,7,21,13.3658485412598,0,7.88884631158908,0,3.01272525856836
1992,7,22,1.94595944881439,0,7.88512172072115,0,1.97141417926453
1992,7,23,5.71503257751465,0,3.80185296491982,0,1.38504483363713
1992,7,24,25.4663429260254,0,15.4930780416707,0,1.65800987384299
1992,7,25,0.909211933612823,0,13.2229424798807,0,1.2232877727744
1992,7,26,8.4927453994751,0,4.57431665168406,0,1.37493501733321
1992,7,27,5.7949161529541,0,7.15078558181995,0,2.02196326078413
1992,7,28,1.10886561870575,0,3.46045574493292,0,1.273836854294
1992,7,29,2.23070311546326,0,1.65973111427047,0,0.91999328365678
1992,7,30,10.0879487991333,0,6.02444176036443,0,0.990761997784225
1992,7,31,9.97723484039307,5.6843418860808e-14,10.0367674603094,5.6843418860808e-14,5.24699466173482
1992,8,1,0.102288015186787,-5.6843418860808e-14,5.07901859269987,-5.6843418860808e-14,1.92086509774493
1992,8,2,0.119006998836994,0,0.11050820838318,0,1.21317795647048
1992,8,3,2.78075480461121,0,1.39387482948769,0,1.01098163039207
1992,8,4,0.125252410769463,0,1.46903877586556,0,0.829004936921494
1992,8,5,0.00684185838326812,0,0.0686521379266196,0,0.636918427147002
1992,8,6,2.43371232500067e-05,0,0.00344168043193349,0,0.535820264107795
1992,8,7,1.57827639579773,0,0.728017726902181,0,0.46505154998035
1992,8,8,9.82787418365479,0,5.0304500826478,0,0.626808610843081
1992,8,9,2.14688873291016,0,6.17478103760004,0,0.636918427147002
1992,8,10,0.641375660896301,0,1.29454841600455,0,0.46505154998035
1992,8,11,0.523801267147064,0,0.589337612376767,0,0.374063203245064
1992,8,12,0,0,0.264059469283893,0,0.293184672813699
1992,8,13,0.976160824298859,0,0.552751605171579,0,0.232525774990175
1992,8,14,0.0751978904008865,0,0.413405598999816,0,0.202196326078413
1992,8,15,0.416719734668732,0,0.230082908490658,0,0.171866877166651
1992,8,16,0.694935142993927,0,0.545297239679712,0,0.15164724455881
1992,8,17,0,0,0.35205973194752,0,0.141537428254889
1992,8,18,0.0497558861970902,0,0.0217413248137746,0,0.121317795647048
1992,8,19,0.4216588139534,0,0.186220295963722,0,0.101098163039207
1992,8,20,0.0223052464425564,0,0.182595105236032,0,0.0970542365176383
1992,8,21,0.00235481932759285,0,0.010851895882297,0,0.0950322732568542
1992,8,22,0.363035947084427,5.6843418860808e-14,0.198782025925539,5.6843418860808e-14,0.0869444202137177
1992,8,23,0.260178297758102,-5.6843418860808e-14,0.315762970911237,-5.6843418860808e-14,0.0788565671705811
1992,8,24,0.895334422588348,0,0.564756429046611,0,0.0717796957578367
1992,8,25,1.48977947235107,-5.6843418860808e-14,1.1625296316306,0,0.101098163039207
1992,8,26,7.68185663223267,5.6843418860808e-14,4.27157432935201,0,1.40526446624497
1992,8,27,14.03830909729,0,10.0190556287616,0,0.657138059754843
1992,8,28,28.7920360565186,0,21.3983310499352,0,4.37755045959765
1992,8,29,0.0402386859059334,0,14.4339886686976,0,1.5164724455881
1992,8,30,0,0,0.020439436986635,0,0.859334385833256
1992,8,31,0.104987673461437,0,0.050341010944976,0,0.586369345627398
1992,9,1,0.0440289825201035,0,0.0775557230808772,5.6843418860808e-14,0.434722101068588
1992,9,2,0.674171209335327,0,0.351191694677254,-5.6843418860808e-14,0.343733754333302
1992,9,3,1.95655202865601,0,1.28316311300659,0,0.30329448911762
1992,9,4,0.401145488023758,0,1.26360629133524,0,0.252745407598017
1992,9,5,1.18105959892273,0,0.742517590924763,0,0.202196326078413
1992,9,6,3.62575745582581,0,2.30748978707015,0,0.171866877166651
1992,9,7,0.954976677894592,0,2.29740235412646,0,0.171866877166651
1992,9,8,5.69635581970215,0,3.15257689400278,0,0.15164724455881
1992,9,9,1.42137706279755,0,3.57598138305184,0,0.15164724455881
1992,9,10,9.5047550201416,0,5.41404852668893,0,0.181976693470572
1992,9,11,0.0355894491076469,0,4.95980507984496,-5.6843418860808e-14,0.161757060862731
1992,9,12,3.12780275635305e-06,0,0.0182257275937445,5.6843418860808e-14,0.121317795647048
1992,9,13,6.54509858577512e-05,0,3.68395558325574e-05,0,0.0940212916264622
1992,9,14,0.000648088578600436,0,0.000349848629412008,0,0.0839114753225415
1992,9,15,1.09284393090547e-07,0,0.000283670413409709,0,0.076834603909797
1992,9,16,0.000227462340262719,0,0.000126755407109158,0,0.0677357692362684
1992,9,17,0.0208861026912928,0,0.0110299285206565,0,0.0596479161931319
1992,9,18,2.25182008743286,0,1.05199754019304,0,0.060658897823524
1992,9,19,3.56333565711975,0,2.85519214173655,0,0.061669879453916
1992,9,20,0.194189980626106,0,2.27084015441142,0,0.0687467508666605
1992,9,21,4.88253259658814,0,2.48765621586063,0,0.566149713019557
1992,9,22,16.8792839050293,0,10.8798586396679,0,1.16262887495088
1992,9,23,0.208356142044067,0,8.75335329851987,0,0.61669879453916
1992,9,24,0.00224584061652422,0,0.111912984895753,0,0.343733754333302
1992,9,25,0.00135396211408079,0,0.00175178504287032,0,0.222415958686255
1992,9,26,1.59510231018066,0,0.744196111218116,0,0.181976693470572
1992,9,27,5.11924886703491,0,3.3516283156805,0,0.192086509774493
1992,9,28,0.0122124580666423,0,2.57658765678571,0,0.171866877166651
1992,9,29,0.000613915035501123,0,0.00675138662154495,0,0.131427611950969
1992,9,30,5.49412334294175e-06,0,0.000230683048357605,0,0.101098163039207
1992,10,1,0.000502482638694346,5.6843418860808e-14,0.000218562268855749,0,0.0889663834745018
1992,10,2,0.000536464154720306,-5.6843418860808e-14,0.000516551765031181,0,0.091999328365678
1992,10,3,0.000101118130260147,0,0.000377160098651075,0,0.0869444202137177
1992,10,4,0.00109567330218852,0,0.000703937324942672,0,0.0829004936921494
1992,10,5,4.44707757196738e-06,0,0.000505140420500538,0,0.0899773651048939
1992,10,6,0.000587908725719899,0,0.000286450105704716,0,0.0859334385833256
1992,10,7,3.47034392689238e-06,0,0.000307439355310635,0,0.0808785304313653
1992,10,8,2.43669891357422,0,0.964006406118642,0,0.091999328365678
1992,10,9,6.52455711364746,0,4.37395439340071,0,0.444831917372509
1992,10,10,0.607040524482727,0,3.93206161915259,0,0.566149713019557
1992,10,11,1.18262553215027,0,0.95977799242246,0,0.31340430542154
1992,10,12,0.0055044824257493,0,0.614586196079472,0,0.212306142382334
1992,10,13,0.000424529484007508,0,0.00318495047940814,0,0.181976693470572
1992,10,14,0.000591795949731022,5.6843418860808e-14,0.000487074947159272,0,0.161757060862731
1992,10,15,3.99890613555908,-5.6843418860808e-14,1.78711005194236,0,1.1727386912548
1992,10,16,19.0052814483643,0,11.3192596961871,0,2.42635591294096
1992,10,17,0.545997858047485,0,9.78108571002122,0,1.42548409885281
1992,10,18,0.126069366931915,0,0.32393368285193,0,0.909883467352859
1992,10,19,0.094886027276516,0,0.109807522161645,0,0.657138059754843
1992,10,20,0.585027873516083,5.6843418860808e-14,0.292252534913132,0,0.515600631499954
1992,10,21,0.151779726147652,-5.6843418860808e-14,0.402151404903634,0,0.444831917372509
1992,10,22,0.00045688432874158,-5.6843418860808e-14,0.0924543543005711,0,0.374063203245064
1992,10,23,0.000170336963492446,5.6843418860808e-14,0.000273563484370243,0,0.323514121725461
1992,10,24,0.0401858948171139,0,0.0232513171195023,0,0.323514121725461
1992,10,25,0.000345974811352789,0,0.019541007846783,0,0.333623938029382
1992,10,26,0.000321735336910933,0,0.000333965974277817,-5.6843418860808e-14,0.323514121725461
1992,10,27,2.2857509975438e-05,5.6843418860808e-14,0.000198947089302237,1.13686837721616e-13,0.30329448911762
1992,10,28,1.36445009957242e-06,-5.6843418860808e-14,9.24769483390264e-06,-5.6843418860808e-14,0.283074856509778
1992,10,29,0.116099663078785,0,0.0627451834479871,0,0.272965040205858
1992,10,30,1.12509858608246,0,0.576752044222303,0,0.283074856509778
1992,10,31,1.30408775806427,-5.6843418860808e-14,1.20204218694198,0,0.252745407598017
1992,11,1,6.02480459213257,5.6843418860808e-14,3.41829132179009,0,0.30329448911762
1992,11,2,16.9185943603516,0,11.4200478196581,5.6843418860808e-14,0.909883467352859
1992,11,3,3.60518503189087,0,10.2658335768156,-5.6843418860808e-14,1.41537428254889
1992,11,4,3.53799271583557,0,3.57231633501942,0,0.899773651048939
1992,11,5,0.289681941270828,0,1.99116748260712,5.6843418860808e-14,0.647028243450922
1992,11,6,0.266458719968796,0,0.278652971337579,-5.6843418860808e-14,0.505490815196033
1992,11,7,0.691392362117767,0,0.478766542677477,0,0.414502468460747
1992,11,8,0.70072740316391,0,0.696054740004911,0,0.363953386941144
1992,11,9,0.0397429242730141,0,0.353151205395989,0,0.333623938029382
1992,11,10,2.34251070022583,0,1.16532750163606,0,0.333623938029382
1992,11,11,9.42920589447021,0,5.76745823044439,0,0.363953386941144
1992,11,12,21.8481693267822,-1.13686837721616e-13,15.6386224461967,5.6843418860808e-14,6.22764684321513
1992,11,13,13.2191181182861,5.6843418860808e-14,17.543993969959,-1.13686837721616e-13,8.42147698116591
1992,11,14,0.168552935123444,-5.6843418860808e-14,6.79403500701665,-5.6843418860808e-14,3.36656882920558
1992,11,15,0.143798977136612,0,0.156771691839822,0,2.11295160751942
1992,11,16,0.00254213274456561,0,0.0733251048950478,0,1.50636262928418
1992,11,17,0.106315530836582,0,0.0543184161851968,0.000859762078562198,1.23339758907832
1992,11,18,1.07821595668793,0,0.592199974706091,0,1.00087181408815
1992,11,19,0.597724497318268,0,0.849771794159096,0,0.849224569529335
1992,11,20,0.444694370031357,0,0.523537767287053,0,0.76834603909797
1992,11,21,8.38404178619385,0,4.36278246953771,0,1.03120126299991
1992,11,22,10.1300239562988,0,9.22525229132771,0,3.22503140095069
1992,11,23,12.3115510940552,-5.6843418860808e-14,11.219641388614,-5.6843418860808e-14,5.89402290518574
1992,11,24,0.631733655929565,5.6843418860808e-14,6.47263050202673,1.13686837721616e-13,2.78019948357818
1992,11,25,1.84416842460632,0,1.16572572021869,-5.6843418860808e-14,1.94108473035277
1992,11,26,0.844909071922302,0,1.35230135931852,5.6843418860808e-14,1.50636262928418
1992,11,27,0.0529525727033615,0,0.486690257699593,-5.6843418860808e-14,1.20306814016656
1992,11,28,0.0312821492552757,0.000661132189179625,0.0415674813539226,0,1.04131107930383
1992,11,29,0.0134402709081769,0.0006678069223085,0.0216909459668386,5.6843418860808e-14,0.899773651048939
1992,11,30,0.0556067526340485,0,0.034533202784587,-5.6843418860808e-14,0.808785304313653
1992,12,1,0.225298255681992,0,0.139903918219716,0,0.748126406490129
1992,12,2,0.577566206455231,0,0.402005529293092,-5.6843418860808e-14,0.697577324970526
1992,12,3,0.144945040345192,0,0.361672448760146,5.6843418860808e-14,0.60658897823524
1992,12,4,0.00495826778933406,0,0.0748072387305001,0,0.535820264107795
1992,12,5,0,0,0.00248185539931001,0,0.495380998892112
1992,12,6,0,0,0,0,0.434722101068588
1992,12,7,0.0461002849042416,0.00641646644828597,0.0159518861928518,0,0.444831917372509
1992,12,8,0.0154187167063355,0.00696663889590354,0.0237630653045926,0,0.414502468460747
1992,12,9,0.55395632982254,0.100517068439842,0.183873531488644,0,0.384173019548985
1992,12,10,6.33372640609741,0.100263819089889,3.34348168784345,0,0.45494173367643
1992,12,11,1.2609521150589,5.6843418860808e-14,3.82401359240794,0,0.535820264107795
1992,12,12,0.0435780137777329,1.13686837721616e-13,0.655437247562077,5.6843418860808e-14,0.475161366284271
1992,12,13,0.00519559485837817,0,0.0256501710573502,-5.6843418860808e-14,0.434722101068588
1992,12,14,0.00754733802750707,0,0.00618560352995701,0,0.424612284764668
1992,12,15,0.00130477198399603,0,0.00442626433869009,0.250350199909747,0.434722101068588
1992,12,16,1.23384976387024,0,0.564940244486934,0,0.45494173367643
1992,12,17,0.000181666808202863,0,0.641671391893397,0,0.414502468460747
1992,12,18,0.07676762342453,0,0.0382718494674918,0,0.374063203245064
1992,12,19,0.863938510417938,5.6843418860808e-14,0.470155610431903,5.6843418860808e-14,0.363953386941144
1992,12,20,5.691162109375,-5.6843418860808e-14,3.27234608254184,-5.6843418860808e-14,0.404392652156826
1992,12,21,0.0504906252026558,0.0146207515693391,2.85800045312863,0,0.414502468460747
1992,12,22,8.00893103587441e-05,0.0149989851228725,0.0109219679234229,-5.6843418860808e-14,0.424612284764668
1992,12,23,0.245555430650711,0,0.122204476439947,0.0385795931816801,0.404392652156826
1992,12,24,0.0909909307956696,0.0339600974866698,0.134314109733168,0,0.353843570637223
1992,12,25,0.380203068256378,0.220377805126759,0.011807092865638,5.6843418860808e-14,0.252745407598017
1992,12,26,0.289944380521774,0.341361381341812,-1.81898940354586e-12,-5.6843418860808e-14,0.242635591294096
1992,12,27,0.00594092393293977,0.157164961993487,5.493468415807e-05,-5.6843418860808e-14,0.232525774990175
1992,12,28,0.211099475622177,0.00292914612236928,0.104975980648305,0.181925570313751,0.262855223901937
1992,12,29,2.15128445625305,-1.13686837721616e-13,1.17857366946919,0.595954233876228,0.353843570637223
1992,12,30,7.16663360595703,-5.6843418860808e-14,4.5880327668001,-5.6843418860808e-14,0.869444202137177
1992,12,31,4.35406160354614,0,5.78921479351266,0,1.4659233640685
1993,1,1,2.32803225517273,0.0442817922021277,3.36191116496047,0,1.92086509774493
1993,1,2,0.106195606291294,0.0934644879286566,1.15450594373579,0,1.18284850755872
1993,1,3,1.10851001739502,0.0477354724658881,0.541898432791641,0.203930074182722,0.980652181480304
1993,1,4,12.2657060623169,0,6.68705650317861,0,3.86194982809769
1993,1,5,25.0098209381104,-2.27373675443232e-13,18.6240583000945,5.6843418860808e-14,11.6262887495088
1993,1,6,0.046862319111824,0,13.1323196577086,5.6843418860808e-14,4.20568358243099
1993,1,7,0.0842483714222908,0,0.0650212785185431,0,2.64877187162721
1993,1,8,0.811805784702301,0,0.442847569440346,0,1.93097491404885
1993,1,9,0.360386043787003,0,0.612920443390976,0,1.47603318037242
1993,1,10,6.66397619247437,0.506550767311978,2.87478373371596,0,1.25361722168616
1993,1,11,0.454599559307098,0.606183424711674,3.06537434842539,-5.6843418860808e-14,1.10196997712735
1993,1,12,1.30777561664581,0.0615339130590655,0.814357043826021,1.13686837721616e-13,1.12218960973519
1993,1,13,4.76852083206177,0,2.87088171379037,0.526361760785505,2.74987003466642
1993,1,14,0.0919696316123009,0.0146163597307805,2.44068361602513,0.588930760691653,2.23426940316647
1993,1,15,0.0128262210637331,0.0193705737718233,0.0333136919743993,-5.6843418860808e-14,1.47603318037242
1993,1,16,0.0916464701294899,0.0392049333036084,0.0127487850350008,5.6843418860808e-14,1.1727386912548
1993,1,17,0.0204572416841984,0.0397810344985032,0.0168343441091565,0,1.00087181408815
1993,1,18,0.0162876583635807,0.0124180712457473,0.00602269423325197,0,0.748126406490129
1993,1,19,0.00733536155894399,0.0118277769909128,0,0,0.636918427147002
1993,1,20,0.888357579708099,0.0227313459235461,0.395248638506018,0,0.626808610843081
1993,1,21,17.1722583770752,0.0201891595295933,9.00780610251604,0.284097896099922,2.04218289339197
1993,1,22,5.73512840270996,-5.11590769747272e-13,11.8786503748161,-1.70530256582424e-13,3.51821607376439
1993,1,23,0.774247229099274,-5.6843418860808e-14,3.26769495076042,0,2.18372032164686
1993,1,24,10.9494504928589,1.13686837721616e-13,5.62599828799466,-5.6843418860808e-14,4.2562326639506
1993,1,25,0.829445362091065,0.100986971938596,5.88552725295995,-1.13686837721616e-13,3.40700809442126
1993,1,26,4.63190247046441e-07,0.103083369486001,0.312127642448104,0,1.89053564883316
1993,1,27,0.0017981412820518,9.69479856394173e-08,0.000841110164401471,0,1.43559391515673
1993,1,28,0,0,0.00102660409720556,0.211580675028131,1.18284850755872
1993,1,29,0.00266946526244283,0,0.0013068539883534,0,1.02109144669599
1993,1,30,6.97866707923822e-05,3.54799524870941e-05,0.00112568141594238,0,0.859334385833256
1993,1,31,0.000843919697217643,3.2807531454182e-05,0.000395799366742722,0,0.849224569529335
1993,2,1,0.00560923479497433,0,0.00317328826895391,0,0.798675488009732
1993,2,2,0.000844777619931847,0.00032931187632812,0.00294610793753236,0,0.61669879453916
1993,2,3,0.000613506475929171,0.000349704965401543,0.000384102404495934,0,0.566149713019557
1993,2,4,3.78253316739574e-05,0,0.000325691944453865,0.0014032431704436,0.535820264107795
1993,2,5,0.00289002666249871,0,0.00166680818256282,0,0.495380998892112
1993,2,6,0.00505519472062588,0,0.00401909388165223,0,0.505490815196033
1993,2,7,0.000160246127052233,0,0.00268303678785742,0,0.475161366284271
1993,2,8,0.00747973658144474,0,0.00309519895017729,0.000139781277823658,0.45494173367643
1993,2,9,0.00176818505860865,0,0.00421689447830431,0,0.424612284764668
1993,2,10,0.00217009615153074,-5.6843418860808e-14,0.00196740281171515,0,0.394282835852906
1993,2,11,1.08630526065826,5.6843418860808e-14,0.511528193981576,0,0.394282835852906
1993,2,12,10.2007036209106,-5.6843418860808e-14,5.63405275027253,0,0.495380998892112
1993,2,13,2.32129836082459,5.6843418860808e-14,6.27661571957651,5.6843418860808e-14,0.60658897823524
1993,2,14,0.497929573059082,0.0167497435506334,1.39905465483571,0,0.525710447803874
1993,2,15,1.64477074146271,0.239345277341442,0.83120075435545,0,0.46505154998035
1993,2,16,14.5779304504395,2.90739695273476,5.18381905179558,-5.6843418860808e-14,0.525710447803874
1993,2,17,1.5428227186203,3.47400743520399,4.62124748461611,-5.6843418860808e-14,0.475161366284271
1993,2,18,0.0477256290614605,0.817381422673577,1.81898940354586e-12,5.6843418860808e-14,0.293184672813699
1993,2,19,0.00128976069390774,0.0245452815071303,-1.81898940354586e-12,-5.6843418860808e-14,0.283074856509778
1993,2,20,0.816502153873444,0.399104376148102,0,0,0.333623938029382
1993,2,21,12.5156049728394,0.409507466942728,6.2385441403876,0,1.34460556842145
1993,2,22,3.95763087272644,-5.6843418860808e-14,8.2612272205115,5.6843418860808e-14,5.22677502912698
1993,2,23,0.730049014091492,0.325841001722267,2.19123110623877,-5.6843418860808e-14,2.72965040205858
1993,2,24,0.094872884452343,0.382174758595568,0,0,1.57713134341162
1993,2,25,2.40859007835388,1.15383882257703,0,0,1.15251905864696
1993,2,26,9.53384685516357,5.84164242662075,0,0,0.889663834745018
1993,2,27,0.302562832832336,5.26861320294887,0,0,0.788565671705811
1993,2,28,0.00139664043672383,0.130421738018583,-1.81898940354586e-12,-5.6843418860808e-14,0.717796957578367
1993,3,1,0.000620767357759178,0.00102778988167529,1.81898940354586e-12,5.6843418860808e-14,0.697577324970526
1993,3,2,1.38499712944031,0.000331616867242701,0.645125092891249,0.340696946297669,0.869444202137177
1993,3,3,4.72309398651123,0,2.9291920697342,1.81704355743432,3.20481176834285
1993,3,4,15.3786401748657,0,10.0394825255589,2.371491880885,10.5142089560775
1993,3,5,8.83031177520752,-5.6843418860808e-14,12.1399999581772,0.839889571202093,7.69357020728362
1993,3,6,0.066097266972065,0,4.44911357082128,5.6843418860808e-14,4.08436578678395
1993,3,7,0.644711196422577,0,0.347501793969059,0.872095616930949,3.64964368571536
1993,3,8,3.70374774932861,0,2.15772217671474,2.63443229330875,2.88129764661739
1993,3,9,0.217706054449081,0,2.24978936069601,2.55363302422984,2.22415958686255
1993,3,10,0.599607229232788,0,0.40655402961238,1.90577742953639,1.77932766949004
1993,3,11,1.05742597579956,0,0.819990807109207,1.78402978653139,1.41537428254889
1993,3,12,0.282941877841949,0,0.675576137824464,0.465804224550652,1.20306814016656
1993,3,13,0.215431913733482,0.080550962147413,0.170850446724216,0,1.11207979343127
1993,3,14,0.156162515282631,0.162936400313015,0.0179318171667546,0,0.808785304313653
1993,3,15,0.0299595035612583,0.0977415021344541,0,0,0.75823622279405
1993,3,16,1.71314239501953,0.0150168918031568,0.854447459134462,0.397070196119955,0.818895120617574
1993,3,17,6.3867769241333,-5.6843418860808e-14,3.85436488796768,0.431375038577414,0.859334385833256
1993,3,18,0.413891613483429,0.186809688127312,3.36453079832972,0,0.798675488009732
1993,3,19,0.159227535128593,0.230231504745632,0.0589595022829599,0,0.727906773882288
1993,3,20,1.47185802459717,0.0301008888056344,0.783832995950434,0.337532373748104,0.717796957578367
1993,3,21,1.26048529148102,0,1.3676247986823,1.50963096065465,0.677357692362684
1993,3,22,0.606469988822937,0,0.936457480745958,3.3656861105423,0.657138059754843
1993,3,23,15.0431566238403,5.6843418860808e-14,7.81645232200572,0.950882792397579,3.48788662485263
1993,3,24,1.43362700939178,0,8.23966581245986,0,4.08436578678395
1993,3,25,0.0850040465593338,0,0.802472057086561,0,2.40613628033312
1993,3,26,0.113636337220669,0,0.0986024349676882,0,1.82987675100964
1993,3,27,0.00871340557932854,0,0.0638701741518162,0,1.50636262928418
1993,3,28,0.00186464271973819,0,0.0057912431711884,5.6843418860808e-14,1.31427611950969
1993,3,29,0.0383546762168407,0,0.0194467602759687,-5.6843418860808e-14,1.15251905864696
1993,3,30,0.000480986665934324,0,0.020615094286768,0,1.03120126299991
1993,3,31,5.43220853805542,-5.6843418860808e-14,2.3592621916996,0,2.02196326078413
1993,4,1,16.6512012481689,5.6843418860808e-14,10.8480893255255,0,2.65888168793113
1993,4,2,1.75198447704315,1.13686837721616e-13,9.20519206567405,5.6843418860808e-14,2.16350068903902
1993,4,3,0.0788180530071259,0,0.932670098591188,0,1.67822950645083
1993,4,4,0.00423691887408495,0,0.0421897250907932,0,1.42548409885281
1993,4,5,0.206341400742531,0,0.0926732284970058,0,1.29405648690184
1993,4,6,0.229571327567101,0,0.217943500325418,0,1.15251905864696
1993,4,7,0,0,0.116337970957829,0,1.02109144669599
1993,4,8,0.645924866199493,0,0.312191125112804,0,0.970542365176383
1993,4,9,14.7333126068115,0,7.68819945393261,0,3.1340430542154
1993,4,10,16.5798492431641,2.27373675443232e-13,15.655730401988,1.13686837721616e-13,11.5251905864696
1993,4,11,0,-5.6843418860808e-14,8.32830071738317,-2.27373675443232e-13,3.93271854222514
1993,4,12,0.00185053155291826,0,0.000918525744054932,0,2.21404977055862
1993,4,13,1.15478074550629,0,0.455892450991087,0,1.53669207819594
1993,4,14,14.5432434082031,0,6.63377797313115,0,2.3960264640292
1993,4,15,7.71262788772583,0,11.1280875723678,0,3.36656882920558
1993,4,16,9.1700325012207,0,8.4577529890139,0,2.90151727922523
1993,4,17,0.653055608272553,0,4.9198955188931,0,1.82987675100964
1993,4,18,0.000276323145953938,0,0.351083023597312,5.6843418860808e-14,1.39515464994105
1993,4,19,0.400373905897141,0,0.1955935890619,-5.6843418860808e-14,1.23339758907832
1993,4,20,4.75358200073242,0,2.34329917405921,0,1.10196997712735
1993,4,21,1.2818558216095,0,3.04624041626448,0,0.909883467352859
1993,4,22,0.0293455272912979,0,0.670607656033099,0,0.798675488009732
1993,4,23,0.118940956890583,0,0.0768281123055203,0,0.738016590186208
1993,4,24,1.48895263671875,0,0.793884790497032,0,0.707687141274446
1993,4,25,8.84807968139648,0,5.16150627532988,0,0.940212916264621
1993,4,26,7.26672267913818,0,8.06546654446902,0,2.01185344448021
1993,4,27,0.0466803647577763,-5.6843418860808e-14,3.98085674829963,-5.6843418860808e-14,1.32438593581361
1993,4,28,0,5.6843418860808e-14,0.0241595911684271,5.6843418860808e-14,1.03120126299991
1993,4,29,0.381250590085983,0,0.190422821744505,0,0.889663834745018
1993,4,30,5.04606485366821,0,2.65226465577325,0,0.829004936921494
1993,5,1,0.117286436259747,0,2.76686691529721,0,0.727906773882288
1993,5,2,1.75725984573364,0,0.925486839789301,0,0.677357692362684
1993,5,3,6.08305788040161,0,3.59629282127025,0,0.657138059754843
1993,5,4,5.77244138717651,0,5.93912326390819,0,0.636918427147002
1993,5,5,2.68446016311646,0,4.32208065278428,0,0.566149713019557
1993,5,6,0.0324452817440033,0,1.41959569337814,0,0.495380998892112
1993,5,7,5.52227756998036e-05,5.6843418860808e-14,0.0171047424719291,0,0.45494173367643
1993,5,8,0.0035370986443013,-5.6843418860808e-14,0.00177862019700115,0,0.434722101068588
1993,5,9,0.313979864120483,0,0.142308723539827,0,0.404392652156826
1993,5,10,0.288262099027634,0,0.300548375193102,0,0.374063203245064
1993,5,11,0.737956881523132,0,0.460134756796833,0,0.353843570637223
1993,5,12,6.65125846862793,-5.6843418860808e-14,3.07312430102138,0,0.353843570637223
1993,5,13,18.7104434967041,5.6843418860808e-14,12.5211919610028,0,2.94195654444091
1993,5,14,0.0899947062134743,0,9.44902779382937,0,1.62768042493123
1993,5,15,0.364617466926575,0,0.224294670088057,0,0.990761997784225
1993,5,16,0.600891828536987,0,0.455409666772539,0,0.727906773882288
1993,5,17,0.160925164818764,0,0.384195315520628,0,0.576259529323478
1993,5,18,6.4237871170044,0,2.51449546190815,0,0.566149713019557
1993,5,19,5.6708083152771,0,6.05431978745583,0,0.566149713019557
1993,5,20,0.013659312389791,0,2.89074239518595,0,0.46505154998035
1993,5,21,0.497267931699753,0,0.219114922545486,0,0.404392652156826
1993,5,22,0.0574024394154549,0,0.288884811072421,0,0.363953386941144
1993,5,23,0.204783335328102,0,0.129625752981156,0,0.343733754333302
1993,5,24,5.25189018249512,-5.6843418860808e-14,2.51576985469728,0,0.343733754333302
1993,5,25,1.09335839748383,5.6843418860808e-14,3.24650008910248,0,0.343733754333302
1993,5,26,0.0131077729165554,0,0.62342707445714,0,0.31340430542154
1993,5,27,3.23281237797346e-05,0,0.00517054627925973,0,0.272965040205858
1993,5,28,0.0354269556701183,-5.6843418860808e-14,0.016169029104276,0,0.262855223901937
1993,5,29,1.89426267147064,1.13686837721616e-13,0.869864976051758,0,0.262855223901937
1993,5,30,2.97054290771484,-5.6843418860808e-14,2.32747785337961,0,0.31340430542154
1993,5,31,8.25436973571777,0,5.4716581085795,0,0.535820264107795
1993,6,1,0.018151767551899,0,4.92863954143468,0,0.475161366284271
1993,6,2,0.789549767971039,0,0.352038940540297,0,0.333623938029382
1993,6,3,1.00322091579437,0,0.873128697279753,0,0.30329448911762
1993,6,4,8.51616954803467,0,4.46648770952379,0,2.74987003466642
1993,6,5,21.2520332336426,0,14.8760280553379,0,3.67997313462712
1993,6,6,1.12318432331085,0,11.1917128692876,0,1.54680189449986
1993,6,7,0.0272102560847998,0,0.643885587711338,0,1.01098163039207
1993,6,8,1.79503178596497,0,0.839977421241201,0,0.808785304313653
1993,6,9,9.5222806930542,0,5.53345771650675,0,0.879554018441097
1993,6,10,2.23140621185303,0,5.92285445266498,0,0.869444202137177
1993,6,11,2.02537488937378,0,2.11175292094231,0,0.930103099960701
1993,6,12,5.66771125793457,0,3.77126973073064,0,0.60658897823524
1993,6,13,4.06427192687988,-5.6843418860808e-14,4.91332647456875,0,4.99424925413681
1993,6,14,4.7832465171814,0,4.416578301134,-5.6843418860808e-14,2.07251234230374
1993,6,15,19.2721672058105,5.6843418860808e-14,11.8574773239488,5.6843418860808e-14,6.96566343340133
1993,6,16,0.00961472652852535,0,10.332316611948,0,1.79954730209788
1993,6,17,0.0134709132835269,0,0.0114901786528208,0,1.05142089560775
1993,6,18,0,0,0.00699738208822964,0,0.75823622279405
1993,6,19,0.656809210777283,0,0.3106209519392,0,4.51908788785254
1993,6,20,4.34697198867798,0,2.48355273639208,0,2.21404977055862
1993,6,21,16.0237522125244,0,10.1839896347192,0,4.11469523569571
1993,6,22,0.290924698114395,0,8.3142906536159,0,1.60746079232339
1993,6,23,0.00880837626755238,0,0.151752811572806,0,0.940212916264621
1993,6,24,0.793905675411224,0,0.352276583020284,0,0.727906773882288
1993,6,25,5.35501956939697,5.6843418860808e-14,3.0710166202407,5.6843418860808e-14,2.7397602183625
1993,6,26,7.1219048500061,-5.6843418860808e-14,6.19085958780488,-5.6843418860808e-14,8.17884138987181
1993,6,27,0.108131818473339,0,3.75620821445591,0,2.06240252599981
1993,6,28,5.20670127868652,0,2.59255372944062,0,1.47603318037242
1993,6,29,8.73813915252686,0,6.92876101089496,0,1.47603318037242
1993,6,30,2.04779195785522,0,5.79088917238551,0,0.950322732568542
1993,7,1,8.37900257110596,0,5.11359940892362,0,0.738016590186208
1993,7,2,11.959264755249,0,10.1375596577582,0,0.707687141274446
1993,7,3,13.9802589416504,-5.6843418860808e-14,12.966772214093,-5.6843418860808e-14,0.738016590186208
1993,7,4,3.07138609886169,0,9.52626420936394,5.6843418860808e-14,0.61669879453916
1993,7,5,0.0064720674417913,5.6843418860808e-14,1.63491443852581,0,0.45494173367643
1993,7,6,0.437929898500443,0,0.255908595065193,0,0.394282835852906
1993,7,7,1.10084712505341,0,0.685222166041058,0,0.404392652156826
1993,7,8,3.42281103134155,0,2.06347797552189,0,0.424612284764668
1993,7,9,0,0,1.80040726836705,0,0.404392652156826
1993,7,10,0.425929486751556,0,0.230782255683152,0,0.272965040205858
1993,7,11,6.46095132827759,0,3.33522802054176,0,0.222415958686255
1993,7,12,9.44955539703369,-5.6843418860808e-14,7.85854958845994,-5.6843418860808e-14,0.222415958686255
1993,7,13,0.885953307151794,5.6843418860808e-14,5.16941225225492,5.6843418860808e-14,0.242635591294096
1993,7,14,2.91992616653442,0,1.82019097851844,0,0.202196326078413
1993,7,15,2.02773022651672,0,2.49796265781879,0,0.181976693470572
1993,7,16,3.46147274971008,0,2.72181717219974,0,0.202196326078413
1993,7,17,12.3841676712036,0,7.838059970225,0,0.232525774990175
1993,7,18,2.00004887580872,0,7.28612567889104,0,0.212306142382334
1993,7,19,7.10046339035034,0,4.09381744407256,0,0.647028243450922
1993,7,20,0.0623411349952221,0,3.59344160352521,0,0.394282835852906
1993,7,21,0,0,0.0315906239011383,0,0.222415958686255
1993,7,22,0.00219747493974864,0,0.00107595337067323,0,0.171866877166651
1993,7,23,0.0917801782488823,0,0.0526995530017302,0,0.131427611950969
1993,7,24,0.733687937259674,0,0.423909313567492,0,0.111207979343127
1993,7,25,4.98698663711548,0,2.378758804889,0,0.0950322732568542
1993,7,26,0.767881214618683,0,3.29352421132535,0,0.0879554018441097
1993,7,27,0.0164155699312687,0,0.490046303932104,0,0.0798675488009732
1993,7,28,0.251937538385391,0,0.161911135077389,0,0.0687467508666605
1993,7,29,0.856006622314453,0,0.601698950988066,0,0.0586369345627398
1993,7,30,0.0330752171576023,0,0.534243413327204,0,0.0495380998892112
1993,7,31,2.11619226320181e-05,0,0.0211989242106938,0,0.0404392652156826
1993,8,1,0.928303122520447,-5.6843418860808e-14,0.390870094615821,0,0.031340430542154
1993,8,2,8.50045490264893,5.6843418860808e-14,4.63259291754912,0,0.0424612284764668
1993,8,3,0.38128650188446,-5.6843418860808e-14,4.44311688431299,0,0.0272965040205858
1993,8,4,5.46336078643799,5.6843418860808e-14,2.7239211980268,0,0.0242635591294096
1993,8,5,0.224557057023048,0,3.39554485308327,0,0.0202196326078413
1993,8,6,0.307954013347626,0,0.276535407558185,0,0.0181976693470572
1993,8,7,0.390150934457779,0,0.352612338154358,0,0.0181976693470572
1993,8,8,0,0,0.195715897150876,0,0.015164724455881
1993,8,9,1.4731644114363e-05,0,5.68701580050401e-06,0,0.0131427611950969
1993,8,10,3.67103004455566,0,1.70272767203824,0,0.0141537428254889
1993,8,11,3.17226696014404,0,3.39014785226755,0,0.0141537428254889
1993,8,12,13.0850210189819,0,7.75230640596783,0,0.141537428254889
1993,8,13,23.5652637481689,-5.6843418860808e-14,18.2798786819476,-5.6843418860808e-14,0.212306142382334
1993,8,14,0.0538824424147606,2.27373675443232e-13,11.8459230380849,1.70530256582424e-13,0.161757060862731
1993,8,15,0.00642677303403616,-5.6843418860808e-14,0.0304812943759316,-5.6843418860808e-14,0.0829004936921494
1993,8,16,3.102463722229,5.6843418860808e-14,1.55153898664321,5.6843418860808e-14,0.778455855401891
1993,8,17,19.973560333252,0,10.4338865331756,0,5.8738032725779
1993,8,18,1.58745336532593,0,10.8738483832567,0,0.535820264107795
1993,8,19,1.47595310211182,0,1.52898300433299,0,0.242635591294096
1993,8,20,13.7455320358276,0,7.58281493782852,0,0.212306142382334
1993,8,21,0.0372911170125008,0,7.74845394921795,0,0.181976693470572
1993,8,22,0.00234347372315824,0,0.0202627402268263,0,0.131427611950969
1993,8,23,0.229922592639923,0,0.114811933755846,0,0.0960432548872463
1993,8,24,2.70536780357361,0,1.44841359299062,0,0.076834603909797
1993,8,25,2.52902030944824,0,2.62998332242023,0,0.061669879453916
1993,8,26,0.48724102973938,0,1.56527058472966,0,0.0535820264107795
1993,8,27,0.187325045466423,0,0.356588164320783,0,0.045494173367643
1993,8,28,1.34907710552216,0,0.760078674402394,0,0.0444831917372509
1993,8,29,2.0913667678833,0,1.77680961911028,0,0.0414502468460747
1993,8,30,0.0940914675593376,0,1.1914582156096,0,0.0323514121725461
1993,8,31,1.2054842710495,0,0.589771710503555,0,0.0384173019548985
1993,9,1,4.63026714324951,0,2.84240219577987,0,0.212306142382334
1993,9,2,7.93395805358887,0,5.9892223439474,0,0.181976693470572
1993,9,3,38.9895401000977,0,23.3872903990214,0,1.59735097601946
1993,9,4,2.55990409851074,0,20.7747270772179,0,1.12218960973519
1993,9,5,0,0,1.30486236812249,5.6843418860808e-14,0.404392652156826
1993,9,6,0,0,0,-5.6843418860808e-14,0.212306142382334
1993,9,7,0.130170449614525,0,0.0607324243101175,0,0.141537428254889
1993,9,8,0.0458477549254894,0,0.0983818270178745,0,0.111207979343127
1993,9,9,0.0409327037632465,0,0.0436430968184141,0,0.0909883467352859
1993,9,10,0.188995391130447,0,0.113788290938828,0,0.0859334385833256
1993,9,11,0.0129709122702479,0,0.102410272096677,0,0.0717796957578367
1993,9,12,3.73560929298401,0,1.70593404317879,0,0.075823622279405
1993,9,13,9.86135292053223,0,6.66251360865135,0,0.0889663834745018
1993,9,14,1.5240091085434,0,5.87296505306949,0,0.212306142382334
1993,9,15,11.2773122787476,0,6.06462973727685,0,0.15164724455881
1993,9,16,0.0435685254633427,5.6843418860808e-14,6.04876315262118,0,0.101098163039207
1993,9,17,0.0120712807402015,-5.6843418860808e-14,0.0282053746868769,5.6843418860808e-14,0.0829004936921494
1993,9,18,0.00112155149690807,0,0.0068322811202961,-5.6843418860808e-14,0.0727906773882288
1993,9,19,0.00328938779421151,0,0.00238943336808006,0,0.0566149713019557
1993,9,20,0.141718104481697,0,0.0838879195471236,0,0.0515600631499954
1993,9,21,0.5136878490448,-5.6843418860808e-14,0.311536896526377,0,0.0475161366284271
1993,9,22,0.510599076747894,5.6843418860808e-14,0.51227161587849,0,0.046505154998035
1993,9,23,6.0493278503418,0,2.85980094290971,0,0.0697577324970526
1993,9,24,1.80387854576111,0,3.93856042103471,0,0.0829004936921494
1993,9,25,5.76624774932861,0,3.75878247050787,0,0.141537428254889
1993,9,26,19.4177494049072,5.6843418860808e-14,12.5914906012749,0,1.38504483363713
1993,9,27,6.20037889480591,-5.6843418860808e-14,12.809115107988,0,1.02109144669599
1993,9,28,0.484115183353424,0,3.38572530848614,-5.6843418860808e-14,0.626808610843081
1993,9,29,0.0804043710231781,0,0.284060707315803,5.6843418860808e-14,0.384173019548985
1993,9,30,0.00478474190458655,0,0.0499930078567559,0,0.242635591294096
1993,10,1,1.98545026779175,0,0.98768540592755,0,0.202196326078413
1993,10,2,14.4247751235962,0,8.19762718252605,-5.6843418860808e-14,1.12218960973519
1993,10,3,0.0248114168643951,0,7.2712858746836,5.6843418860808e-14,1.20306814016656
1993,10,4,0.00548456236720085,0,0.015312299488869,0,0.647028243450922
1993,10,5,0.0187718216329813,0,0.011763557769882,5.6843418860808e-14,0.424612284764668
1993,10,6,0.000263652123976499,0,0.00973663294462312,-5.6843418860808e-14,0.30329448911762
1993,10,7,0.000496232765726745,0,0.000379487568352488,0,0.232525774990175
1993,10,8,1.12659752368927,0,0.56125690600129,0,0.222415958686255
1993,10,9,13.8338270187378,0,7.29249319713927,0,1.02109144669599
1993,10,10,2.90989708900452,0,8.42865377586168,0,1.8096571184018
1993,10,11,0.000106700405012816,0,1.60176696066264,0,0.909883467352859
1993,10,12,0.00134280417114496,0,0.000695605211149086,5.6843418860808e-14,0.636918427147002
1993,10,13,0.0227151531726122,0,0.0115825024731748,-5.6843418860808e-14,0.475161366284271
1993,10,14,1.75065797520801e-05,-5.6843418860808e-14,0.00927108543328359,-5.6843418860808e-14,0.384173019548985
1993,10,15,0.0834789350628853,5.6843418860808e-14,0.0519024358000024,5.6843418860808e-14,0.323514121725461
1993,10,16,1.90486454963684,0,0.993745891029903,0,0.31340430542154
1993,10,17,6.32634258270264,0,3.96554477799691,0,0.586369345627398
1993,10,18,0.263326495885849,0,3.47989648226394,0,0.940212916264621
1993,10,19,2.21533727645874,0,1.21509210380464,0,1.94108473035277
1993,10,20,15.4493322372437,0,8.78611214695047,0,18.096571184018
1993,10,21,11.220606803894,5.6843418860808e-14,13.3351265453766,5.6843418860808e-14,9.05839540831291
1993,10,22,0.0286648757755756,-5.6843418860808e-14,5.66661810156256,-5.6843418860808e-14,4.02370688896042
1993,10,23,1.70780222106259e-05,0,0.0149263043022074,0,2.51734425967624
1993,10,24,1.90167520486284e-06,0,9.66588049777783e-06,0,1.76921785318612
1993,10,25,1.2400237210386e-05,0,6.97951691108756e-06,0,1.36482520102929
1993,10,26,0.000153873115777969,0,7.81458275014302e-05,0,1.11207979343127
1993,10,27,0.000922318024095148,0,0.000520579453223036,-5.6843418860808e-14,0.960432548872463
1993,10,28,0.00230507575906813,0,0.00158061339061533,5.6843418860808e-14,0.829004936921494
1993,10,29,0.0967834964394569,5.6843418860808e-14,0.0472847536420886,0,0.748126406490129
1993,10,30,3.0798921585083,-5.6843418860808e-14,1.49429963179682,0,0.667247876058764
1993,10,31,2.16505026817322,0,2.62291550158261,0,0.626808610843081
1993,11,1,0.0286173913627863,0,1.10425528078486,0,0.545930080411716
1993,11,2,0.111544519662857,0,0.0647875963695697,0,0.46505154998035
1993,11,3,2.14201259613037,0,1.0396666603956,0,0.444831917372509
1993,11,4,0.122384384274483,0,1.14797330376678,0,0.46505154998035
1993,11,5,1.87052547931671,0,0.995431238981837,0,0.485271182588192
1993,11,6,0.316340953111649,0,1.12200353263324,0,0.475161366284271
1993,11,7,0.331222087144852,0.00553363587863487,0.318242026249209,0,0.414502468460747
1993,11,8,0.000520185858476907,0.00570963566764249,0.165286240438945,0,0.363953386941144
1993,11,9,9.5008363132365e-06,0,0.0002677843967831,0,0.343733754333302
1993,11,10,0.159775510430336,0,0.0686880801476946,0,0.323514121725461
1993,11,11,1.32039922391414e-05,0,0.082629311888013,0,0.323514121725461
1993,11,12,1.27353668212891,0,0.630255966620098,0,0.323514121725461
1993,11,13,22.7980899810791,0,12.0355986085597,0,2.74987003466642
1993,11,14,34.2887916564941,-6.82121026329696e-13,28.4776425756572,5.11590769747272e-13,13.8504483363713
1993,11,15,28.5190849304199,-3.41060513164848e-13,31.4169773244594,-1.70530256582424e-13,20.5229270969589
1993,11,16,2.36670613288879,-6.82121026329696e-13,15.7557088703397,5.6843418860808e-14,5.14589649869562
1993,11,17,26.105712890625,0,14.2257074600439,-1.70530256582424e-13,17.7932766949004
1993,11,18,4.17900657653809,3.41060513164848e-13,15.1737478661544,5.6843418860808e-14,9.34147026482269
1993,11,19,0.208107724785805,0,2.2090419946162,0,4.05403633787219
1993,11,20,0.179863482713699,0,0.194250401591489,0,2.65888168793113
1993,11,21,7.6047595939599e-05,0,0.0973495477610413,0,1.88042583252924
1993,11,22,0.0694549456238747,0,0.0288038365906687,0,1.45581354776458
1993,11,23,5.49444193893578e-05,0,0.0352584330194077,0,1.20306814016656
1993,11,24,0.0286230891942978,0,0.0142494078172604,0,1.07164052821559
1993,11,25,1.45839369297028,0,0.732454775317819,0,0.930103099960701
1993,11,26,5.62050199508667,0,3.06642255743645,0,0.859334385833256
1993,11,27,6.16303825378418,5.6843418860808e-14,5.88281488114626,1.13686837721616e-13,0.980652181480304
1993,11,28,0.684769332408905,0.0050075595190151,3.90094573073657,-1.13686837721616e-13,1.07164052821559
1993,11,29,0.33384695649147,0.0378362770284753,0.476098191036726,5.6843418860808e-14,0.869444202137177
1993,11,30,0.00893893465399742,0.0332569039426858,0.142151337904579,-5.6843418860808e-14,0.707687141274446
1993,12,1,0.000785491138231009,0,0.00486378161440371,5.6843418860808e-14,0.647028243450922
1993,12,2,1.67495059967041,0,0.823527357506464,-5.6843418860808e-14,0.667247876058764
1993,12,3,5.47691631317139,-5.6843418860808e-14,3.56655124660574,0,0.869444202137177
1993,12,4,15.3473529815674,5.6843418860808e-14,10.0054104577703,0,6.31863518995041
1993,12,5,10.2880983352661,1.13686837721616e-13,12.8223507017337,-5.6843418860808e-14,9.33136044851877
1993,12,6,0.109509855508804,0,5.21855162470092,0,3.60920442049968
1993,12,7,0.0308315735310316,0,0.0708496864663175,0,2.19383013795078
1993,12,8,0.152635768055916,0,0.096022109637488,0,1.61757060862731
1993,12,9,0.244783386588097,0,0.197033004906189,0,1.29405648690184
1993,12,10,1.51690697669983,0,0.790496031422663,0,1.16262887495088
1993,12,11,0.24995031952858,0,0.883927343003961,0,0.950322732568542
1993,12,12,0.000692589615937322,0.000111966230406324,0.139180355441567,0,0.778455855401891
1993,12,13,0.184957414865494,0.000126193450626033,0.0926321873030247,0,0.717796957578367
1993,12,14,5.25412893295288,-1.70530256582424e-13,2.71896202924836,0,1.29405648690184
1993,12,15,6.76348781585693,-5.6843418860808e-14,6.00828464085498,0,2.52745407598017
1993,12,16,0.160365864634514,5.6843418860808e-14,3.50692978683583,5.6843418860808e-14,1.58724115971554
1993,12,17,0.056250624358654,0,0.110722756942778,-5.6843418860808e-14,1.20306814016656
1993,12,18,1.08826005458832,0,0.569475561875152,0,1.06153071191167
1993,12,19,2.00109887123108,0,1.53931821707738,0,0.970542365176383
1993,12,20,0.922330260276794,5.6843418860808e-14,1.49373412823843,0,0.91999328365678
1993,12,21,3.14917755126953,-5.6843418860808e-14,2.02129753731788,0,1.12218960973519
1993,12,22,0.210175350308418,0.0365753276499277,1.64753853349612,0,1.01098163039207
1993,12,23,0.215207412838936,0.0752968601306066,0.137384874689815,0,0.849224569529335
1993,12,24,0.217713162302971,0.147325451708298,0.0691321729154879,0,0.707687141274446
1993,12,25,2.45321750640869,1.30064596134645,-1.81898940354586e-12,0,0.60658897823524
1993,12,26,1.71807587146759,2.13866297952364,3.63797880709171e-12,0,0.515600631499954
1993,12,27,0.605443000793457,1.19509002089421,0,5.6843418860808e-14,0.424612284764668
1993,12,28,0.209946885704994,0.426399243429387,-1.81898940354586e-12,0,0.374063203245064
1993,12,29,0.116443499922752,0.172239278242557,1.81898940354586e-12,0,0.353843570637223
1993,12,30,0.0569989830255508,0.0781929853454244,-1.81898940354586e-12,-5.6843418860808e-14,0.343733754333302
1993,12,31,0.335323750972748,0.180009891554903,0,0,0.384173019548985
1994,1,1,0.273086726665497,0.168078052656426,0.136204429807549,0,0.444831917372509
1994,1,2,0.143821954727173,0,0.202654591064857,0,0.444831917372509
1994,1,3,0.0700099170207977,0,0.104193294930155,0,0.424612284764668
1994,1,4,2.43720769882202,0.693474640312559,0.526170700713919,0,0.394282835852906
1994,1,5,0.0513624995946884,0.748823370648609,0.514346690517414,0,0.374063203245064
1994,1,6,0.462854564189911,0.0240021392488643,0.232554094924126,5.6843418860808e-14,0.374063203245064
1994,1,7,3.07325267791748,0.0392856901542018,1.61254018487671,0,0.374063203245064
1994,1,8,0.018568305298686,0.0537796991550863,1.55393811424256,2.27373675443232e-13,0.374063203245064
1994,1,9,0.000592747586779296,0.010041694631866,0,0,0.384173019548985
1994,1,10,8.45331760501722e-06,0.000343108945401127,0,0,0.394282835852906
1994,1,11,0.6436647772789,4.26897258876124e-06,0.318610471518696,-5.6843418860808e-14,0.434722101068588
1994,1,12,2.96450519561768,-1.70530256582424e-13,1.70524475040475,0.341758441941238,0.495380998892112
1994,1,13,0.349641650915146,0,1.66209080055523,0.375012089797735,0.444831917372509
1994,1,14,0.967107057571411,0.473162331003664,0.17857759211438,5.6843418860808e-14,0.404392652156826
1994,1,15,1.41768515110016,1.2099759439551,0,0,0.374063203245064
1994,1,16,1.1056352853775,1.26552799251738,0,0,0.343733754333302
1994,1,17,17.6903858184814,7.65638116798715,0,-5.6843418860808e-14,0.323514121725461
1994,1,18,0.273292988538742,10.3259058135955,-1.81898940354586e-12,5.6843418860808e-14,0.30329448911762
1994,1,19,0.191338300704956,0.24071738237393,1.81898940354586e-12,0,0.293184672813699
1994,1,20,1.86193609237671,1.00146738970011,1.81898940354586e-12,5.6843418860808e-14,0.283074856509778
1994,1,21,0.0034849108196795,1.05539149463158,0,-5.6843418860808e-14,0.283074856509778
1994,1,22,0.00633460655808449,0.004859632494572,-1.81898940354586e-12,0,0.272965040205858
1994,1,23,0.0639110654592514,0.0119526535179375,0.0212735946097382,0,0.60658897823524
1994,1,24,0.176852688193321,0.0107556708204584,0.0999448056227266,0.550727098840184,2.55778352489193
1994,1,25,3.28330492973328,0,1.70211612706771,1.22452635295537,9.95816905936185
1994,1,26,7.88266754150391,0,5.55255414121712,0.565307091352224,8.36081808334239
1994,1,27,10.4324169158936,0,9.1475950321983,-5.6843418860808e-14,10.6153071191167
1994,1,28,30.6717128753662,-1.70530256582424e-13,20.1010300290181,1.3781054313381,17.8943748579396
1994,1,29,0.542063653469086,5.6843418860808e-14,15.6345367252034,1.44504042687021,6.33885482255825
1994,1,30,0.155096292495728,0.0354929014090999,0.331932714474533,0,3.75074184875456
1994,1,31,0.17843958735466,0.138929413982169,0.0302681143530208,0,2.12306142382334
1994,2,1,0.226938754320145,0.202225240082328,0,5.6843418860808e-14,1.21317795647048
1994,2,2,0.0135090267285705,0.129961016925165,0,0,0.960432548872463
1994,2,3,0.153235122561455,0.0819421629110479,1.81898940354586e-12,0,0.818895120617574
1994,2,4,0.00999748613685369,0.0906564647233381,9.14511219889391e-05,-5.6843418860808e-14,0.738016590186208
1994,2,5,0.000708351959474385,0.00618756635981299,0.00039307653423748,1.13686837721616e-13,0.697577324970526
1994,2,6,0.00290060578845441,0.00014702917582099,0.00187759654181718,-5.6843418860808e-14,0.657138059754843
1994,2,7,0.0678859949111939,0.00012968730754892,0.0333399376249872,-5.6843418860808e-14,0.626808610843081
1994,2,8,6.59739017486572,2.36440445646122,0.934891930255617,5.6843418860808e-14,0.61669879453916
1994,2,9,13.9343852996826,9.28688284710455,0.923629434382747,0,0.596479161931319
1994,2,10,0.0281784664839506,7.41803961596747,0,0,0.586369345627398
1994,2,11,0.0146956611424685,0.0201138872429851,0,5.6843418860808e-14,0.576259529323478
1994,2,12,0.030433863401413,0.0184242569537219,0.00230568450206192,-5.6843418860808e-14,0.566149713019557
1994,2,13,0.10274562984705,0.0246891717720246,0.0318554176246835,0,0.60658897823524
1994,2,14,0.0115797566249967,0.014047677713279,0.0484232288308704,0,0.707687141274446
1994,2,15,0,0,0.00602150033773796,0.966656031694697,1.4659233640685
1994,2,16,0.000568826217204332,0,0.000279616260741022,1.17429600166088,1.06153071191167
1994,2,17,0.000661322439555079,0,0.000613724649156211,1.2946708351015,0.91999328365678
1994,2,18,0.00189329113345593,-5.6843418860808e-14,0.00127194200831582,4.515408815824,0.829004936921494
1994,2,19,0.0021126396022737,5.6843418860808e-14,0.00200227381537843,8.91383957471481,0.930103099960701
1994,2,20,3.05830144882202,0,1.52172453324238,11.8547143443552,1.11207979343127
1994,2,21,1.00619721412659,-5.6843418860808e-14,2.03237440175508,9.59550118032547,1.49625281298026
1994,2,22,2.07495737075806,0,1.53487625350681,3.41972058423681,1.11207979343127
1994,2,23,10.8249654769897,0,6.40153743471637,0.731328597483127,1.5670215271077
1994,2,24,1.31135737895966,0,6.68401693524356,0.73783546281453,2.17361050534294
1994,2,25,1.05034530162811,0.36536186761424,0.816152628651253,0,1.5164724455881
1994,2,26,1.0317394733429,0.879614249890835,0.161646149657827,0,0.960432548872463
1994,2,27,0.00584134552627802,0.545693486398875,0,0,0.75823622279405
1994,2,28,0.184763729572296,0.0820338942394869,0.0117738330282009,0,0.667247876058764
1994,3,1,3.16862654685974,0.0968560975886135,1.27465166529328,0,0.60658897823524
1994,3,2,0.0864644274115562,0,1.63198351280153,0,0.566149713019557
1994,3,3,0.00863815099000931,0,0.0480724316876149,0,0.545930080411716
1994,3,4,0.00581267243251205,5.6843418860808e-14,0.00722866809519474,1.84285506740582,0.535820264107795
1994,3,5,0.00211591925472021,0,0.00397426815834479,2.13283794575125,0.525710447803874
1994,3,6,0,0,0.00114592532736424,0,0.525710447803874
1994,3,7,0.387765794992447,-5.6843418860808e-14,0.190862214216395,0,0.515600631499954
1994,3,8,0.274928838014603,1.13686837721616e-13,0.337581150606638,0,0.505490815196033
1994,3,9,2.43423366546631,-5.6843418860808e-14,1.22045680053088,0,0.485271182588192
1994,3,10,4.69365882873535,0.547214875895293,2.88330468265121,0,0.505490815196033
1994,3,11,0.0758225917816162,0.622511700737903,1.76971416967353,4.54747350886464e-13,0.485271182588192
1994,3,12,0.027748953551054,-1.70530256582424e-13,0.0526944391949655,0.963131235195078,0.45494173367643
1994,3,13,1.6911084651947,0,0.854889065407406,0.210908792159216,0.515600631499954
1994,3,14,2.02273035049438,0,1.85254427752443,0,0.636918427147002
1994,3,15,0.0639336481690407,0,1.10329019367418,0,0.60658897823524
1994,3,16,0.0543685965240002,0,0.0593701568031975,0,0.485271182588192
1994,3,17,0.32172679901123,0.0289804394742532,0.15900882013193,0,0.45494173367643
1994,3,18,4.15357542037964,0.028993145665936,2.20865586411674,0.0579647594072412,0.444831917372509
1994,3,19,0.0596069358289242,5.6843418860808e-14,2.11530955220042,0,0.434722101068588
1994,3,20,0.46771040558815,-5.6843418860808e-14,0.230415616057144,0,0.414502468460747
1994,3,21,3.42949724197388,0,1.94064461959533,0,0.384173019548985
1994,3,22,0.656421899795532,0,2.06453654376128,0,0.404392652156826
1994,3,23,0.0773806571960449,0,0.368698933354608,0,0.374063203245064
1994,3,24,3.94735598564148,-5.6843418860808e-14,1.92481360014608,0,0.343733754333302
1994,3,25,0.000301360472803935,5.6843418860808e-14,2.15832526935083,0,0.323514121725461
1994,3,26,0.933788597583771,0,0.463822940262617,0,0.31340430542154
1994,3,27,6.96628999710083,0,3.83053167844264,0,0.505490815196033
1994,3,28,1.24957239627838,0,4.11211465271663,0,0.545930080411716
1994,3,29,0.377817869186401,0,0.863394304851681,0,0.424612284764668
1994,3,30,0.00152851280290633,0,0.140557196704322,0,0.323514121725461
1994,3,31,0.0026647737249732,0,0.00203850194884581,0,0.283074856509778
1994,4,1,0.0001843333884608,0,0.00156965588757885,0,0.272965040205858
1994,4,2,0.145867586135864,-5.6843418860808e-14,0.0582220365849935,0,0.30329448911762
1994,4,3,5.71994066238403,0,2.72574051200718,0,0.333623938029382
1994,4,4,3.50260257720947,5.6843418860808e-14,4.68365980939234,0,0.363953386941144
1994,4,5,2.55651378631592,0,3.03455085484165,0,0.343733754333302
1994,4,6,10.2009696960449,0,6.37392044363696,0,0.434722101068588
1994,4,7,5.28156852722168,0,7.74198675765547,0,1.96130436296061
1994,4,8,0.00017237025895156,0,2.64114435557894,0.00151541989748694,1.13229942603911
1994,4,9,3.82496404647827,0,1.84289962743787,0,0.60658897823524
1994,4,10,42.1745681762695,-2.27373675443232e-13,21.3185273124509,-1.13686837721616e-12,28.0041911618602
1994,4,11,10.4877710342407,-1.70530256582424e-13,26.3331780300432,-6.82121026329696e-13,19.0064546513708
1994,4,12,14.8118352890015,0,12.6479329665453,0,13.9515464994105
1994,4,13,0.40003052353859,0,7.60786149469095,0,8.59334385833256
1994,4,14,0.0457418225705624,0,0.231666843534185,0,5.05490815196033
1994,4,15,2.71977090835571,0,1.04631060750944,0,3.53843570637223
1994,4,16,3.63668584823608,0,3.17780121440592,0,2.83074856509779
1994,4,17,2.01171678781975e-05,0,1.91475457117485,0,2.17361050534294
1994,4,18,0.00400099437683821,5.6843418860808e-14,0.00173186428401095,0,1.81976693470572
1994,4,19,0.0681174322962761,-5.6843418860808e-14,0.0349083153887477,0,1.54680189449986
1994,4,20,0.0426591224968433,0,0.055539539851452,0,1.273836854294
1994,4,21,0.720668077468872,0,0.381519828200908,0,1.10196997712735
1994,4,22,0.297888070344925,0,0.494908528367887,0,0.970542365176383
1994,4,23,0.000607272726483643,-5.6843418860808e-14,0.129100676165763,0,0.849224569529335
1994,4,24,0.000952898000832647,5.6843418860808e-14,0.000746788111428032,0,0.76834603909797
1994,4,25,0,0,0.000570054515264928,0,0.717796957578367
1994,4,26,0.621391773223877,0,0.225931131446487,0,0.677357692362684
1994,4,27,10.3227767944336,0,5.17202334509057,0,0.657138059754843
1994,4,28,2.99828720092773,0,6.66129472331704,0,0.647028243450922
1994,4,29,10.058666229248,0,6.4863688409223,0,1.11207979343127
1994,4,30,16.440803527832,-5.6843418860808e-14,13.187966953561,0,4.9437001726172
1994,5,1,15.3941354751587,0,15.9175864651661,0,6.53094133233275
1994,5,2,0.0131139857694507,0,7.72944449811621,0,2.43646572924488
1994,5,3,0.164375022053719,0,0.0853862236144778,0,1.53669207819594
1994,5,4,0.568250358104706,0,0.360807793349522,0,1.16262887495088
1994,5,5,0.181507676839829,5.6843418860808e-14,0.377203246429417,0,0.950322732568542
1994,5,6,4.44578218460083,-5.6843418860808e-14,2.17508069437827,0,0.829004936921494
1994,5,7,19.1588916778564,5.6843418860808e-14,11.8006319238793,1.13686837721616e-13,4.79205292805839
1994,5,8,6.77291631698608,2.27373675443232e-13,12.9932932388383,0,5.59072841606813
1994,5,9,0.0315776020288467,0,3.44285946043965,0,2.50723444337232
1994,5,10,1.10055043478496e-05,0,0.0165568985521531,0,1.5670215271077
1994,5,11,0.892645299434662,0,0.443128640195937,0,1.13229942603911
1994,5,12,6.30108547210693,0,3.17913052493714,0,1.11207979343127
1994,5,13,0.0104868961498141,0,3.17717160495704,0,0.879554018441097
1994,5,14,1.15396881103516,0,0.55267502694187,0,0.859334385833256
1994,5,15,12.3032464981079,0,6.42409470921848,0,2.01185344448021
1994,5,16,1.85602605342865,0,7.08488943090379,0,1.98152399556845
1994,5,17,2.55868308158824e-05,0,0.983181928362683,0,1.18284850755872
1994,5,18,0,0,1.30870830616914e-05,0,0.899773651048939
1994,5,19,0.000757012283429503,0,0.000316873634801595,0,0.808785304313653
1994,5,20,0.000597566540818662,0,0.000691719627866405,0,0.738016590186208
1994,5,21,0.0105531588196754,-5.6843418860808e-14,0.00547234125406249,0,0.697577324970526
1994,5,22,0.00173197756521404,5.6843418860808e-14,0.00619498880405445,0,0.657138059754843
1994,5,23,0.0218281634151936,0,0.0109206786764844,0,0.626808610843081
1994,5,24,1.53057897090912,0,0.622779462093604,0,0.586369345627398
1994,5,25,8.40080738067627,0,4.89399194763973,0,0.566149713019557
1994,5,26,0.977185606956482,5.6843418860808e-14,4.72079086161284,0,0.545930080411716
1994,5,27,0.0492718107998371,-5.6843418860808e-14,0.579290671978015,0,0.525710447803874
1994,5,28,0.000968079199083149,0,0.0218827841763414,0,0.505490815196033
1994,5,29,0.00264187715947628,0,0.002020063035161,0,0.46505154998035
1994,5,30,0.329411208629608,0,0.13182882898036,0,0.424612284764668
1994,5,31,0.130487263202667,0,0.199318533041151,0,0.384173019548985
1994,6,1,0,0,0.0823370473826799,0,0.363953386941144
1994,6,2,0.00900496169924736,0,0.00376171366588096,0,0.343733754333302
1994,6,3,0.118498891592026,0,0.0611957397850347,0,0.323514121725461
1994,6,4,0.000638780067674816,5.6843418860808e-14,0.0634413113803021,0,0.31340430542154
1994,6,5,0.000366998428944498,-5.6843418860808e-14,0.00052943324772059,0,0.30329448911762
1994,6,6,1.33408749103546,0,0.62328275375512,0,0.293184672813699
1994,6,7,1.35208868980408,0,1.34294666740607,0,0.60658897823524
1994,6,8,0.190276548266411,0,0.809290044995578,0,0.495380998892112
1994,6,9,0.151717483997345,0,0.174033972771213,0,0.353843570637223
1994,6,10,0.0112036094069481,0,0.0694847838385613,0,0.272965040205858
1994,6,11,0.128268852829933,0,0.0617701102946739,0,0.262855223901937
1994,6,12,2.51888751983643,0,1.24184911927296,0,0.252745407598017
1994,6,13,8.74555683135986,0,5.51396728325744,0,0.647028243450922
1994,6,14,0,5.6843418860808e-14,5.37261297294208,0,0.566149713019557
1994,6,15,0.0574566908180714,0,0.0326917166930798,0,0.444831917372509
1994,6,16,0.826894700527191,-5.6843418860808e-14,0.367523753353453,0,0.333623938029382
1994,6,17,3.02761578559876,0,1.84701778363524,0,0.272965040205858
1994,6,18,0.596855759620667,0,2.17573053587512,0,0.252745407598017
1994,6,19,0.525614261627197,0,0.551718204827921,0,0.232525774990175
1994,6,20,0.74154543876648,0,0.588461978384657,0,0.232525774990175
1994,6,21,6.39146900177002,0,2.53425365986368,0,0.222415958686255
1994,6,22,2.9051628112793,0,4.86494041228252,0,0.525710447803874
1994,6,23,1.71878588199615,0,2.42964930622111,0,0.252745407598017
1994,6,24,5.03748750686646,0,3.01423263508332,0,0.212306142382334
1994,6,25,6.93210744857788,0,4.74932845884905,0,0.45494173367643
1994,6,26,19.5712757110596,0,13.9749431161672,0,1.31427611950969
1994,6,27,18.678768157959,-5.6843418860808e-14,19.1069928398356,0,2.83074856509779
1994,6,28,0.29855215549469,5.6843418860808e-14,9.58058754352714,0,1.76921785318612
1994,6,29,1.22488188743591,0,0.728285554356262,0,1.11207979343127
1994,6,30,5.43710803985596,0,3.10089113433969,0,0.91999328365678
1994,7,1,0.00229381932877004,0,2.92803986247054,0,0.798675488009732
1994,7,2,4.37671518325806,0,2.11386502142886,0,0.697577324970526
1994,7,3,12.8121652603149,0,8.51672821564171,0,2.28481848468607
1994,7,4,1.89602339267731,0,7.92259457942964,0,1.43559391515673
1994,7,5,0,0,1.0537623854234,0,0.697577324970526
1994,7,6,2.84083843231201,0,1.3168047404215,0,0.475161366284271
1994,7,7,9.83249378204346,0,6.26254086436347,0,2.33536756620567
1994,7,8,2.14882636070251,0,6.35095520285358,0,0.960432548872463
1994,7,9,2.53131484985352,5.6843418860808e-14,2.33367527513656,0,0.60658897823524
1994,7,10,0.0102242482826114,-5.6843418860808e-14,1.29428174534223,0,0.374063203245064
1994,7,11,0.000917107739951462,0,0.00576453316170955,0,0.262855223901937
1994,7,12,1.98885936697479e-05,0,0.000561421888050973,0,0.212306142382334
1994,7,13,3.35274767875671,0,1.57485918380735,0,0.363953386941144
1994,7,14,13.1785039901733,0,8.16412451489669,0,2.7397602183625
1994,7,15,1.21189272403717,0,7.22887357898435,0,0.697577324970526
1994,7,16,1.04726231098175,0,1.14033438772458,0,0.31340430542154
1994,7,17,0.153040826320648,0,0.601893806304361,0,0.202196326078413
1994,7,18,0.23704819381237,0,0.198944056734035,0,0.161757060862731
1994,7,19,0,0,0.12934236703768,0,0.131427611950969
1994,7,20,0.0340720675885677,0,0.0177888349844579,0,0.111207979343127
1994,7,21,1.31485712528229,0,0.601224849624487,0,0.121317795647048
1994,7,22,9.36366844177246,0,4.49594776095182,0,0.353843570637223
1994,7,23,1.97458398342133,0,5.89202876869786,0,0.829004936921494
1994,7,24,0.0813629478216171,0,1.08692183572384,0,0.485271182588192
1994,7,25,0.800466895103455,0,0.396301667959051,0,0.30329448911762
1994,7,26,0.273049533367157,0,0.564973454356732,0,0.212306142382334
1994,7,27,0.200503289699554,0,0.245800996373873,0,0.161757060862731
1994,7,28,0.629920840263367,0,0.460574452141373,0,0.131427611950969
1994,7,29,1.18194031715393,0,0.945227867243375,0,0.111207979343127
1994,7,30,2.87238669395447,-5.6843418860808e-14,1.89162284222766,0,0.0930103099960701
1994,7,31,0.000188047590199858,5.6843418860808e-14,1.75264946104107,0,0.0798675488009732
1994,8,1,0.0573918148875237,0,0.0365609798500373,0,0.0727906773882288
1994,8,2,0.289478540420532,0,0.190114498591356,0,0.0626808610843081
1994,8,3,0.441690117120743,0,0.370018219235135,0,0.0556039896715636
1994,8,4,5.60199689865112,0,2.68144429098174,0,0.0535820264107795
1994,8,5,11.793119430542,0,7.95447767174119,0,0.0566149713019557
1994,8,6,0.0331630483269691,0,6.10043273738847,0,0.0586369345627398
1994,8,7,0.00367059675045311,5.6843418860808e-14,0.0146694789073081,0,0.0707687141274446
1994,8,8,6.27165572950617e-05,-5.6843418860808e-14,0.00231944970983022,0,0.0535820264107795
1994,8,9,0,0,2.74410940619418e-05,0,0.0434722101068588
1994,8,10,3.6197427107254e-05,0,1.49143579619704e-05,0,0.0363953386941144
1994,8,11,1.94182956218719,0,0.88630209776602,0,0.0323514121725461
1994,8,12,5.31731224060059,0,3.46965204716253,0,0.111207979343127
1994,8,13,0.397513628005981,0,3.26076777492381,0,0.141537428254889
1994,8,14,11.1553325653076,0,5.56756643933841,0,0.0818895120617573
1994,8,15,0.405486077070236,0,5.80945358625831,0,0.0535820264107795
1994,8,16,0.000178774716914631,0,0.235513184248703,0,0.0374063203245064
1994,8,17,0.0538738407194614,0,0.0302429562379984,0,0.0222415958686255
1994,8,18,0.0108850225806236,0,0.0267804215836804,1.13686837721616e-13,0.0181976693470572
1994,8,19,0.0877179503440857,5.6843418860808e-14,0.0573691464251169,-1.13686837721616e-13,0.0353843570637223
1994,8,20,4.01625728607178,-5.6843418860808e-14,1.87522815813099,0,0.0535820264107795
1994,8,21,5.74818181991577,0,5.00439621619626,-1.13686837721616e-13,0.0899773651048939
1994,8,22,0.0506654568016529,0,3.10272551645539,1.13686837721616e-13,0.0970542365176383
1994,8,23,0.00109191611409187,0,0.0267793667608203,0,0.0970542365176383
1994,8,24,5.56557006348157e-06,0,0.000722435281204525,0,0.0647028243450922
1994,8,25,0.0191724952310324,5.6843418860808e-14,0.00829089842045505,0,0.045494173367643
1994,8,26,0.0242896247655153,-5.6843418860808e-14,0.0220460951513815,0,0.0333623938029382
1994,8,27,0.519979476928711,0,0.378714206435689,0,0.0232525774990175
1994,8,28,3.03272032737732,0,1.31017878247621,0,0.015164724455881
1994,8,29,30.6879978179932,0,15.8030266445003,0,0.0353843570637223
1994,8,30,0,0,15.3446263383903,0,0.15164724455881
1994,8,31,4.1878833770752,-5.6843418860808e-14,2.00970163701641,0,0.212306142382334
1994,9,1,3.30955171585083,0,3.76217757250743,0,0.161757060862731
1994,9,2,0.00172953517176211,0,1.72395427123774,0,0.101098163039207
1994,9,3,0.0371775925159454,0,0.0199092306083912,0,0.0707687141274446
1994,9,4,0.171164810657501,0,0.102791216992046,0,0.0566149713019557
1994,9,5,3.5507538318634,5.6843418860808e-14,1.45931693518651,0,0.101098163039207
1994,9,6,2.24690508842468,-5.6843418860808e-14,3.00190247887076,0,0.0626808610843081
1994,9,7,0.0128032742068172,0,1.34775464944687,0,0.0424612284764668
1994,9,8,0.000739793002139777,0,0.00489579523673456,0,0.0293184672813699
1994,9,9,0.00425353832542896,0,0.00289069505924999,0,0.0192086509774493
1994,9,10,0.0841832160949707,0,0.0481388535918086,0,0.0131427611950969
1994,9,11,0.0821570008993149,-5.6843418860808e-14,0.0832392414395144,0,0.0065713805975484
1994,9,12,0.00369172845967114,5.6843418860808e-14,0.0466398046773975,0,0.0021230614238233
1994,9,13,4.59594457424828e-06,0,0.00233221394046268,0,0.0017186687716665
1994,9,14,2.32715228776215e-06,0,3.24993925460149e-06,0,0.0013142761195096
1994,9,15,0.00830354541540146,0,0.00406178900630039,0,0.001010981630392
1994,9,16,0.159762158989906,5.6843418860808e-14,0.0780650521646749,0,0.0008087853043136
1994,9,17,3.15521717071533,-5.6843418860808e-14,1.24379877167121,0,0.0009098834673528
1994,9,18,0.419361174106598,5.6843418860808e-14,1.98471102961594,0,0.0007076871412744
1994,9,19,1.10578157546115e-05,-5.6843418860808e-14,0.219021339848041,0,0.000505490815196
1994,9,20,1.31426013467717e-05,0,1.20750210044207e-05,0,0.0004043926521568
1994,9,21,0.000617920595686883,0,0.000307714990412933,0,0.0004043926521568
1994,9,22,0.00154892192222178,0,0.000964218203080236,0,0.0003032944891176
1994,9,23,2.73324275016785,0,1.34838903774653,0,0.0003032944891176
1994,9,24,15.1528987884522,0,8.12558212760996,0,0.0015164724455881
1994,9,25,2.83849310874939,0,9.99952304250291,0,0.0014153742825488
1994,9,26,5.76931190490723,0,4.0713860520209,0,0.003437337543333
1994,9,27,7.14417505264282,0,6.25127911085474,0,0.0404392652156826
1994,9,28,0.0951192677021027,0,3.63344777523344,0,0.101098163039207
1994,9,29,0,-5.6843418860808e-14,0.0448828198495903,0,0.171866877166651
1994,9,30,0.000322530162520707,5.6843418860808e-14,0.000160197008881369,0,0.0707687141274446
1994,10,1,0.690520823001862,0,0.337568698549148,0,0.0343733754333302
1994,10,2,0.0659261792898178,0,0.396725095321017,0,0.015164724455881
1994,10,3,0.000429830368375406,-5.6843418860808e-14,0.0345933726639487,0,0.0072790677388228
1994,10,4,0.000924979685805738,0,0.000628375211817911,0,0.003437337543333
1994,10,5,0.00042789542931132,5.6843418860808e-14,0.000615544950051117,0,0.0031340430542154
1994,10,6,0.0129188103601336,0,0.0074184668064845,0,0.0028307485650977
1994,10,7,0.00060223852051422,0,0.00683917492096953,0,0.0035384357063722
1994,10,8,1.12853848934174,0,0.519898350639778,0,0.0050549081519603
1994,10,9,8.52588844299316,0,4.82420383994031,0,0.006874675086666
1994,10,10,0.0337028168141842,0,5.10622968971256,0,0.0067735769236268
1994,10,11,0.0014255593996495,0,0.0218167232542328,0,0.0066724787605876
1994,10,12,0.001440588850528,0,0.00143397442661808,0,0.0062680861084308
1994,10,13,1.68730008602142,0,0.706137034230778,0,0.0061669879453916
1994,10,14,1.23967063426971,0,1.47099270597755,0,0.0058636934562739
1994,10,15,0.0246221497654915,0,0.732901122328258,0,0.0056614971301955
1994,10,16,0.000629197515081614,0,0.0102097213584784,0,0.0052571044780387
1994,10,17,0.0598550662398338,0,0.0229299081183854,0,0.0048527118258819
1994,10,18,0.919262766838074,0,0.375523334067111,0,0.0047516136628427
1994,10,19,5.37531852722168,0,3.08005020747805,0,0.0046505154998035
1994,10,20,0.25892561674118,5.6843418860808e-14,3.10008521217242,0,0.0046505154998035
1994,10,21,1.00757461041212e-05,0,0.130652247989929,0,0.0046505154998035
1994,10,22,0.106796085834503,-5.6843418860808e-14,0.0473714968375134,0,0.0047516136628427
1994,10,23,0.000960437231697142,0,0.0398217793463118,0,0.0047516136628427
1994,10,24,0.578346788883209,0,0.206716777496695,0,0.0048527118258819
1994,10,25,1.17722320556641,0,0.831703192963687,0,0.0049538099889211
1994,10,26,0.000626723282039166,0,0.715552124027454,0,0.0056614971301955
1994,10,27,0.000179525188286789,0,0.000434338018749259,0,0.0060658897823524
1994,10,28,0.000537009153049439,0,0.000438556400695234,0,0.0066724787605876
1994,10,29,6.56214979244396e-05,0,0.000265259106527083,0,0.0070768714127444
1994,10,30,5.44606518815272e-06,0,1.56713722390123e-05,0,0.0076834603909797
1994,10,31,1.12007403373718,0,0.0824080420461542,0,0.0082900493692149
1994,11,1,4.94018173217773,0,3.31828992271949,0,0.0090988346735285
1994,11,2,1.11988949775696,0,3.2000884277295,0,0.0101098163039207
1994,11,3,0.00210400461219251,0,0.229244022109924,0,0.0121317795647048
1994,11,4,3.6648952960968,0,0.593793465714043,0,0.015164724455881
1994,11,5,16.0471820831299,0,10.8332561638908,0,0.0252745407598017
1994,11,6,9.54536819458008,0,12.8002770120183,0,0.161757060862731
1994,11,7,0.0266091525554657,0,4.92497569118859,0,0.15164724455881
1994,11,8,0.231571421027184,0,0.120436414181313,0,0.141537428254889
1994,11,9,5.25601673126221,0,2.74277053338301,0,0.15164724455881
1994,11,10,15.4844722747803,0,10.3512113274082,0,0.202196326078413
1994,11,11,1.29916429519653,-5.6843418860808e-14,8.39268739438921,0,0.212306142382334
1994,11,12,0.000502733862958849,5.6843418860808e-14,0.667713305609141,0,0.192086509774493
1994,11,13,0.00423250067979097,0,0.002143009329302,0,0.171866877166651
1994,11,14,0.325428038835526,0,0.159385925870083,0,0.15164724455881
1994,11,15,1.15517795085907,0,0.731339305120855,0,0.141537428254889
1994,11,16,5.18314981460571,0,3.16221131247221,0,0.121317795647048
1994,11,17,0.203930705785751,5.6843418860808e-14,2.74623785891708,0,0.111207979343127
1994,11,18,0.00161398260388523,-5.6843418860808e-14,0.103427961679699,0,0.0970542365176383
1994,11,19,0.00015626271488145,0,0.000954587079831981,0,0.091999328365678
1994,11,20,0.611740171909332,0,0.302455873637882,0,0.0909883467352859
1994,11,21,4.85375785827637,-5.6843418860808e-14,2.41231555103695,0,0.0899773651048939
1994,11,22,0.324094861745834,5.6843418860808e-14,2.58978993583696,0,0.0889663834745018
1994,11,23,0.000368641689419746,0,0.167787851905814,0,0.0849224569529335
1994,11,24,0.00167180434800684,0,0.00100520910018531,0,0.0808785304313653
1994,11,25,0.0486801750957966,0,0.0302362709517183,0,0.0788565671705811
1994,11,26,0.0180068910121918,0,0.0373749417813087,0,0.0808785304313653
1994,11,27,6.15279197692871,5.6843418860808e-14,3.07458486910218,0,0.101098163039207
1994,11,28,17.6350498199463,-5.6843418860808e-14,11.8872052646566,0,0.404392652156826
1994,11,29,0.00657207006588578,0,8.82207519927033,1.13686837721616e-13,0.252745407598017
1994,11,30,0.0107830138877034,-5.6843418860808e-14,0.00866938603758172,0,0.181976693470572
1994,12,1,0.0129670221358538,1.13686837721616e-13,0.0118659147119615,0,0.111207979343127
1994,12,2,0.000855689868330956,-5.6843418860808e-14,0.00695978972362354,0.00132619816326951,0.101098163039207
1994,12,3,0,0,0.000355969676093082,0,0.0930103099960701
1994,12,4,1.608025431633,0,0.606004419894816,0,0.0869444202137177
1994,12,5,8.87104415893555,0,5.23315006302801,0,0.0849224569529335
1994,12,6,0.196852132678032,0,4.8366565185006,0,0.0829004936921494
1994,12,7,1.61012291908264,5.6843418860808e-14,0.849716815579086,0,0.0869444202137177
1994,12,8,0.652340054512024,-5.6843418860808e-14,1.15394363593259,0,0.141537428254889
1994,12,9,10.5505294799805,1.13686837721616e-13,5.59785947858836,0,0.252745407598017
1994,12,10,11.74072265625,1.70530256582424e-13,11.1453665619174,-4.54747350886464e-13,0.505490815196033
1994,12,11,6.35359287261963,1.53480612052846,7.79295408677172,2.27373675443232e-13,0.909883467352859
1994,12,12,0.135565117001534,1.80971986104635,1.51284135529932,0,0.869444202137177
1994,12,13,0.0222031772136688,0.0587291746224992,0.0214500486581528,0,0.45494173367643
1994,12,14,0,0.00275165829270918,0.00854241978595383,0,0.353843570637223
1994,12,15,0.00252227974124253,0,0.00110255262552528,0,0.283074856509778
1994,12,16,3.81212830543518,-1.13686837721616e-13,1.90621036451557,1.44961880161475,0.293184672813699
1994,12,17,11.6047039031982,-1.13686837721616e-13,7.70507068216648,1.9803517549326,0.808785304313653
1994,12,18,0.0941891148686409,-2.27373675443232e-13,6.61943662966041,-1.13686837721616e-13,1.31427611950969
1994,12,19,0.0215366613119841,0,0.0579793113647611,0,1.01098163039207
1994,12,20,0.000932521943468601,0,0.0117956966569182,0.00079389899792659,0.808785304313653
1994,12,21,8.80690495250747e-05,0,0.000513680550284335,0,0.60658897823524
1994,12,22,0.000250974815571681,0,0.000168557169672567,0,0.505490815196033
1994,12,23,0.00867337267845869,0,0.00454731695390365,0,0.444831917372509
1994,12,24,0.00196052854880691,0,0.00533845602330985,0,0.394282835852906
1994,12,25,0.000766760727856308,0,0.00130038177303504,0,0.363953386941144
1994,12,26,0.000799186993390322,0,0.000782680050178897,0,0.333623938029382
1994,12,27,0.00176202889997512,0,0.00118656800987083,0,0.31340430542154
1994,12,28,0.000162589843966998,0,0.000970628194409073,0.00240208654906837,0.283074856509778
1994,12,29,0.00230051344260573,0,0.00106602291816671,0,0.252745407598017
1994,12,30,0.0043349526822567,0,0.00348922808370844,0,0.232525774990175
1994,12,31,0.453492760658264,0,0.18226733229676,0,0.212306142382334
1995,1,1,1.30105078220367,0,0.871635684710782,0,0.192086509774493
1995,1,2,0.0448293350636959,0.0223702650899895,0.651814052460395,0,0.171866877166651
1995,1,3,0.00317059480585158,0.0275230152136601,0,0,0.15164724455881
1995,1,4,4.49842082161922e-06,0.00176945703526599,0,0,0.141537428254889
1995,1,5,0.0472344942390919,0.0226670509919131,0,0,0.131427611950969
1995,1,6,3.21687436103821,1.57376912237078,0,0,0.141537428254889
1995,1,7,13.9314756393433,5.33468924367048,3.07527595589818,0,0.141537428254889
1995,1,8,0.266539305448532,4.06446439202239,3.29211879366812,0,0.15164724455881
1995,1,9,0.664903879165649,0.427803899190508,0.0326741865919757,0,0.15164724455881
1995,1,10,0.00088286300888285,0.316756030191073,0.0359068015186494,0,0.161757060862731
1995,1,11,2.63554954528809,6.84002505977333e-05,1.31383249071405,1.30204482817487,0.30329448911762
1995,1,12,3.82715034484863,0,3.22717838339122,6.63649390543958,1.01098163039207
1995,1,13,0,0,1.93641766242035,3.98591669743269,1.61757060862731
1995,1,14,2.13523864746094,0,1.17478002913776,0,1.41537428254889
1995,1,15,6.56382608413696,0,3.83147990522411,0,2.02196326078413
1995,1,16,0.0145296072587371,0,3.32244589604306,0,2.83074856509779
1995,1,17,0.0860544741153717,0,0.0502751787080342,0,1.01098163039207
1995,1,18,0.859290063381195,0,0.467930243250521,0,0.950322732568542
1995,1,19,8.36756038665772,0,4.54182784652221,0,1.21317795647048
1995,1,20,17.9518203735352,0,13.1596550514641,-2.27373675443232e-13,3.74063203245064
1995,1,21,2.45512199401855,0.919505866434406,9.30051309007649,1.13686837721616e-13,4.14502468460747
1995,1,22,1.58357286453247,1.71551760778448,0.311414993218932,0,2.52745407598017
1995,1,23,4.004319190979,2.63424838013134,1.81898940354586e-12,0,1.5164724455881
1995,1,24,0.264632523059845,2.16407343285948,0,0,0.748126406490129
1995,1,25,0.000201963921426795,0.147354205355782,0,0,0.576259529323478
1995,1,26,0.000145737794809975,0.00017583108206054,0,0,0.525710447803874
1995,1,27,0.482418715953827,0.263183121871521,0,0,0.485271182588192
1995,1,28,6.67537784576416,2.32919201275615,1.17412881245764,0,0.45494173367643
1995,1,29,9.49084281921387,6.85457079306025,1.21504239538808,4.54747350886464e-13,0.434722101068588
1995,1,30,5.44380891369656e-05,5.47165676246129,1.81898940354586e-12,0,0.414502468460747
1995,1,31,0.000369557237718254,0.000202842650537605,-1.81898940354586e-12,0,0.404392652156826
1995,2,1,0.0790280103683472,0.0001899142438333,0.0384157768403384,0,0.444831917372509
1995,2,2,0.0878566205501556,0,0.0830348983417935,0.420158078154486,0.505490815196033
1995,2,3,0.976254343986511,0,0.496742066643492,0.499677913098708,0.788565671705811
1995,2,4,3.01540541648865,1.27609437504111,0.583409777585985,0,0.76834603909797
1995,2,5,0.146668896079063,1.69093326382404,0.0382268486300745,0,0.707687141274446
1995,2,6,0.0867498442530632,0.121058044841789,0,0,0.647028243450922
1995,2,7,0.316436976194382,0.189124614489401,0,0,0.60658897823524
1995,2,8,0.753582537174225,0.509377600783296,-1.81898940354586e-12,0,0.576259529323478
1995,2,9,0.0028890366666019,0.410691995729053,1.81898940354586e-12,0,0.545930080411716
1995,2,10,0.230470195412636,0.0671036870445505,0.0231429866998951,0,0.535820264107795
1995,2,11,0.0297681856900454,0.105246882084089,0.0324100026628003,0,0.525710447803874
1995,2,12,0.00432762037962675,0.0162183247621215,0,0,0.505490815196033
1995,2,13,0.00190598354674876,0.00285432087503068,0,1.13686837721616e-13,0.485271182588192
1995,2,14,0.42864528298378,0.260629024023501,0,-1.13686837721616e-13,0.475161366284271
1995,2,15,10.6666374206543,0.214737556025852,5.3229937561664,0,0.485271182588192
1995,2,16,3.85840129852295,0,7.31733484128381,0.182321478029508,0.647028243450922
1995,2,17,0.00113568676169962,0,1.95194154581986,0.187435808671353,0.950322732568542
1995,2,18,0.0029505246784538,0,0.00201694618772308,0.237129892322628,1.61757060862731
1995,2,19,1.31827564473497e-05,0,0.00152200487355003,1.92563503995939,3.23514121725461
1995,2,20,0,0,6.8085591919953e-06,3.74331527370521,3.88216946070553
1995,2,21,0.247513890266418,0,0.117052743791646,3.14341442534214,3.30590993138206
1995,2,22,0.0091446889564395,0,0.130145207156602,1.47399498192226,2.12306142382334
1995,2,23,0.278065651655197,0,0.135492607065316,3.19886536686704,1.74899822057827
1995,2,24,0.10700847953558,0,0.192669016501895,3.88151194327929,1.36482520102929
1995,2,25,0.00223141978494823,0,0.0522199316546903,1.92648746684938,1.05142089560775
1995,2,26,0.392853796482086,0,0.196871097045005,4.97250471696839,0.960432548872463
1995,2,27,2.69340825080872,0,1.52835362107544,1.85577255531905,0.879554018441097
1995,2,28,8.82927513122559,-6.82121026329696e-13,5.72594771027252,0,1.39515464994105
1995,3,1,0.139134764671326,0.00375833059024444,4.48309275697648,0,1.33449575211753
1995,3,2,0.0280698519200087,0.0172289909736492,0.0694355423656816,0,1.01098163039207
1995,3,3,0.00166752387303859,0.0148357083930932,7.21200194675475e-05,0,0.859334385833256
1995,3,4,0.179011180996895,0.000872109613851535,0.0765777814649482,0,0.748126406490129
1995,3,5,4.08056735992432,0,2.05877860191686,0,0.738016590186208
1995,3,6,6.45161247253418,0,5.26522523252424,0,0.849224569529335
1995,3,7,15.860463142395,1.13686837721616e-13,11.1456980266121,0,2.59822279010761
1995,3,8,18.0404262542725,1.13686837721616e-13,16.9497701864329,-4.54747350886464e-13,8.18895120617573
1995,3,9,0.0778777897357941,0.0313801780271206,10.3457870362799,-4.54747350886464e-13,4.37755045959765
1995,3,10,0.000710834923665971,0.038007244255823,0.0025774152854865,0,2.91162709552915
1995,3,11,0.000521903857588768,0,0.000617061341472436,0.0337014526003259,2.23426940316647
1995,3,12,0.000255764782195911,0,0.000390516812331043,0,1.69844913905867
1995,3,13,0.000574322242755443,0,0.000401305816922104,0,1.29405648690184
1995,3,14,0.000366525928257033,0,0.000478760106489062,0,1.09186016082343
1995,3,15,2.56191492080689,0,1.27787350319704,0,0.970542365176383
1995,3,16,1.26992563309614e-06,0,1.30977362292288,0,0.869444202137177
1995,3,17,0.000575548270717263,0,0.000252664196523256,0,0.75823622279405
1995,3,18,1.99892019736581e-06,0,0.000343404135492165,0,0.657138059754843
1995,3,19,0.000997207127511501,0,0.000460556680991431,0,0.61669879453916
1995,3,20,2.85581278800964,0,1.33338090065081,0,0.667247876058764
1995,3,21,2.82366394996643,0,2.83982908481084,0,0.647028243450922
1995,3,22,0.374542951583862,0,1.80758855726526,0,0.556039896715636
1995,3,23,7.13779163360596,0,3.74059788216073,0,0.788565671705811
1995,3,24,0.163438811898232,0,3.6759772230198,0,0.677357692362684
1995,3,25,0.00250830524601042,0,0.0908721391297149,0,0.535820264107795
1995,3,26,0.594829201698303,0,0.359080886119045,0,0.485271182588192
1995,3,27,4.97430658340454,0,2.65891212586939,0,0.515600631499954
1995,3,28,1.19848930835724,0,3.15751472383454,0,0.495380998892112
1995,3,29,0.128118216991425,0,0.756761435157387,0,0.444831917372509
1995,3,30,0.0745618790388107,0,0.10313188823784,0,0.434722101068588
1995,3,31,0.231324836611748,0,0.150614166692321,0,0.414502468460747
1995,4,1,0.0277342982590199,0,0.139054178778679,0,0.384173019548985
1995,4,2,0.0911175757646561,0,0.0567462501239788,0,0.363953386941144
1995,4,3,0.446375042200089,1.13686837721616e-13,0.227257137308698,1.13686837721616e-13,0.353843570637223
1995,4,4,2.97522640228272,-1.13686837721616e-13,1.5551982017023,-1.13686837721616e-13,0.363953386941144
1995,4,5,1.23512145364657e-05,0,1.59996167727513,0,0.333623938029382
1995,4,6,0.103972367942333,0,0.0486606836657302,0,0.31340430542154
1995,4,7,0.27665513753891,0,0.187113845044223,0,0.323514121725461
1995,4,8,0.407055526971817,0,0.328645746520124,0,0.323514121725461
1995,4,9,11.8637809753418,0,5.81040237102206,0,0.849224569529335
1995,4,10,0.783671736717224,0,6.37083811246885,0,0.677357692362684
1995,4,11,1.51680052280426,0,1.21839113187525,0,0.505490815196033
1995,4,12,10.8766460418701,0,5.64498434913912,0,0.535820264107795
1995,4,13,0.0663332417607307,0,5.55447178367831,0,0.505490815196033
1995,4,14,8.60141954035498e-05,0,0.0359580695148907,0,0.434722101068588
1995,4,15,0.00138088699895889,0,0.000712084362021415,0,0.384173019548985
1995,4,16,0.272554606199265,0,0.165227034980489,0,0.363953386941144
1995,4,17,8.84243583679199,0,4.43536521435635,0,0.849224569529335
1995,4,18,3.09091782569885,0,5.97348776543186,0,1.02109144669599
1995,4,19,0.182679682970047,0,1.63956694939407,0,0.707687141274446
1995,4,20,6.146164894104,0,2.91990619081298,0,0.636918427147002
1995,4,21,36.1507835388184,-6.82121026329696e-13,21.1424334158764,-1.81898940354586e-12,20.2196326078413
1995,4,22,2.08257746696472,0,19.1950116009848,-1.13686837721616e-13,7.27906773882288
1995,4,23,3.29656910896301,0,2.68441353151684,0,4.71117439762703
1995,4,24,11.6355581283569,0,7.4652548443064,0,8.62367330724432
1995,4,25,2.36769151687622,0,7.04574502163632,0,4.5494173367643
1995,4,26,0.00401526363566518,0,1.25948704166512,0,2.97228599335267
1995,4,27,0.0680963099002838,-1.13686837721616e-13,0.0259057818020665,0,2.04218289339197
1995,4,28,0.0161519907414913,0,0.0427125910064206,0,1.4659233640685
1995,4,29,0.137645617127419,1.13686837721616e-13,0.0753531271257089,0,1.19295832386264
1995,4,30,3.31696772575378,0,1.71743981711006,0,1.04131107930383
1995,5,1,2.14134883880615,0,2.73413590970813,0,0.950322732568542
1995,5,2,10.4914436340332,0,5.98979515449719,0,1.48614299667634
1995,5,3,0.236692667007446,0,5.36607642690797,0,1.273836854294
1995,5,4,3.65365695953369,0,1.85192258303869,0,1.07164052821559
1995,5,5,2.93873381614685,0,3.32954554276148,0,1.12218960973519
1995,5,6,0.00722216721624136,0,1.52651928858722,0,1.04131107930383
1995,5,7,0.000270491233095527,0,0.00386530937794305,0,0.899773651048939
1995,5,8,0.278466254472733,0,0.138583973182904,0,0.808785304313653
1995,5,9,9.25752067565918,0,4.70911803165836,0,3.05316452378404
1995,5,10,6.55224561691284,0,7.91543210879536,0,3.98326762374474
1995,5,11,4.43315887451172,0,5.4965480611063,0,3.06327434008796
1995,5,12,0.3370221555233,0,2.47304667858589,0,1.75910803688219
1995,5,13,8.25214099884033,0,4.25426384072489,0,1.43559391515673
1995,5,14,23.3451347351074,0,15.3262939329543,0,5.5806185997642
1995,5,15,0.327027440071106,0,11.8645645542092,0,3.38678846181342
1995,5,16,2.03288102149963,0,1.07035336650915,0,1.83998656731356
1995,5,17,19.4515781402588,0,9.38110744501864,0,2.1028417912155
1995,5,18,39.6279067993164,0,29.4893415198676,1.13686837721616e-13,17.0855895536259
1995,5,19,17.2608032226563,0,28.5009050952758,-1.13686837721616e-13,9.35158008112661
1995,5,20,0,0,8.63070563587098,0,4.26634248025452
1995,5,21,0.0157615207135677,0,0.00690369383301004,0,2.56789334119585
1995,5,22,0.0086377589032054,0,0.012337604752247,0,1.73888840427435
1995,5,23,0.0613218322396278,0,0.0348833466687211,0,1.33449575211753
1995,5,24,0.413261890411377,0,0.224549519125503,0,1.36482520102929
1995,5,25,17.3437461853027,0,8.43197279690321,0,5.85358363997006
1995,5,26,3.41976022720337,0,10.440131127305,0,3.0834939726958
1995,5,27,1.17201912403107,0,2.38641326384277,0,1.89053564883316
1995,5,28,20.4753856658936,0,10.8169681597028,0,3.38678846181342
1995,5,29,4.87846040725708,0,12.708244073734,0,2.89140746292131
1995,5,30,0.0632935389876366,0,2.77869629364795,0,1.69844913905867
1995,5,31,0.0372481904923916,0,0.052727896205397,0,1.273836854294
1995,6,1,1.80699050426483,0,0.830508767696301,0,1.09186016082343
1995,6,2,2.06455564498901,0,1.93338422991292,0,0.970542365176383
1995,6,3,9.70380020141602,0,5.82411141360171,0,0.869444202137177
1995,6,4,0.28338411450386,0,5.03077078948081,0,0.727906773882288
1995,6,5,0.000211710794246756,0,0.148190575628178,0,0.657138059754843
1995,6,6,0.00874344538897276,0,0.00430760217386705,0,0.61669879453916
1995,6,7,0.045948326587677,0,0.0265450615570444,0,0.556039896715636
1995,6,8,0.0132533190771937,0,0.0288066002067353,0,0.495380998892112
1995,6,9,0.990463316440582,0,0.581946952263024,0,0.434722101068588
1995,6,10,0.583004355430603,0,0.792218676650009,0,0.394282835852906
1995,6,11,0.449972033500671,0,0.509623352791095,0,0.374063203245064
1995,6,12,3.54511570930481,0,1.78526960665477,0,0.384173019548985
1995,6,13,0.0096551775932312,0,1.81864624723312,0,0.333623938029382
1995,6,14,0.0157638266682625,0,0.0126607108213648,0,0.293184672813699
1995,6,15,0.415038615465164,0,0.196575783260414,0,0.262855223901937
1995,6,16,0.933014690876007,0,0.618077267596163,0,0.252745407598017
1995,6,17,0.0140293715521693,0,0.580492310307818,0,0.232525774990175
1995,6,18,0.61580502986908,0,0.241254423914143,0,0.212306142382334
1995,6,19,0.0688185021281242,0,0.266075311346867,0,0.202196326078413
1995,6,20,1.58706438541412,0,0.781718647320304,0,0.222415958686255
1995,6,21,7.9575982093811,0,4.77113586995256,0,0.970542365176383
1995,6,22,8.90934753417969,0,8.46247781687089,0,0.61669879453916
1995,6,23,1.71347832679749,0,5.32146626804752,0,0.414502468460747
1995,6,24,2.20955085754395,0,1.93225800546497,0,0.353843570637223
1995,6,25,2.58116507530212,0,2.42755060921991,0,0.283074856509778
1995,6,26,3.6293466091156,0,3.06951758909963,0,0.242635591294096
1995,6,27,2.2139196395874,0,2.93337967239495,0,0.60658897823524
1995,6,28,6.56369733810425,0,4.38265981508448,0,0.444831917372509
1995,6,29,11.5979166030884,0,9.0805154778609,0,0.424612284764668
1995,6,30,2.60645341873169,0,7.16729811503501,0,0.424612284764668
1995,7,1,1.21112990379334,0,1.91354221238907,0,0.333623938029382
1995,7,2,2.76943010248942e-05,0,0.636427467321482,0,0.222415958686255
1995,7,3,4.42254495283123e-05,0,3.60903159162262e-05,0,0.171866877166651
1995,7,4,3.67985844612122,0,1.82911058084756,0,0.15164724455881
1995,7,5,8.12522506713867,0,5.89972661150023,0,0.323514121725461
1995,7,6,1.63340020179749,0,4.98668794463265,0,0.283074856509778
1995,7,7,1.24058413505554,0,1.44014225252431,0,0.323514121725461
1995,7,8,1.47809839248657,0,1.35362501688724,0,0.283074856509778
1995,7,9,0.103719227015972,0,0.794593707489185,0,0.161757060862731
1995,7,10,0.223461151123047,0,0.156245186441083,0,0.121317795647048
1995,7,11,0.00969900190830231,0,0.104054736513717,0,0.101098163039207
1995,7,12,8.99140868568793e-05,0,0.00370100947293395,0,0.0829004936921494
1995,7,13,0.0643777102231979,0,0.0406519991429377,0,0.0636918427147002
1995,7,14,0,0,0.0254040063391585,0,0.0515600631499954
1995,7,15,0.0464060455560684,0,0.0259188830405037,0,0.0414502468460747
1995,7,16,8.92458057403565,0,3.37333752941595,0,0.0384173019548985
1995,7,17,2.84791946411133,0,5.88860750276763,0,0.0424612284764668
1995,7,18,0.00395650183781981,0,1.45783542755453,0,0.0515600631499954
1995,7,19,5.02335183227842e-07,0,0.00199457484268351,0,0.0323514121725461
1995,7,20,0.953205406665802,0,0.464828978510923,0,0.0192086509774493
1995,7,21,8.05476951599121,0,4.066891512437,0,0.0242635591294096
1995,7,22,0.945611953735352,0,4.97113940754753,0,0.0222415958686255
1995,7,23,7.04277658462524,0,3.81707793130954,0,0.030329448911762
1995,7,24,13.730037689209,0,10.1186524419063,0,0.707687141274446
1995,7,25,3.63071632385254,0,8.73625281215936,0,0.374063203245064
1995,7,26,2.79286861419678,0,3.22944635721615,0,0.192086509774493
1995,7,27,1.12766396999359,0,2.04995859996234,0,0.111207979343127
1995,7,28,0.0844337642192841,0,0.606196443353838,0,0.0667247876058764
1995,7,29,0.000203861563932151,0,0.0438330960987514,0,0.0444831917372509
1995,7,30,2.05234555323841e-05,0,0.000114715716335922,0,0.0293184672813699
1995,7,31,0,0,9.25729727896396e-06,0,0.0171866877166651
1995,8,1,0.0171653740108013,0,0.00717749480281782,0,0.0111207979343127
1995,8,2,3.5770435333252,0,1.55821796555574,0,2.33536756620567
1995,8,3,0.000840822758618742,0,2.14100191474427,0,0.596479161931319
1995,8,4,4.87340641021729,0,2.39813228366984,0,0.232525774990175
1995,8,5,22.0658702850342,0,12.6310249393173,0,4.49886825524469
1995,8,6,42.8886871337891,0,32.4757855291045,0,22.1404977055862
1995,8,7,6.90499925613403,0,24.9258517494309,0,17.2877858797043
1995,8,8,12.6467409133911,0,9.69138132911212,0,17.4899822057827
1995,8,9,4.0715446472168,0,8.41273791291678,0,3.71030258353888
1995,8,10,5.02029371261597,0,4.503282002368,0,1.99163381187237
1995,8,11,0.516278266906738,0,2.86178789844962,-1.13686837721616e-13,1.23339758907832
1995,8,12,0.012862122617662,0,0.271226629811281,1.13686837721616e-13,0.839114753225415
1995,8,13,0.0196172595024109,0,0.0159717556307442,0,0.60658897823524
1995,8,14,0,0,0.0108101002515468,0,0.46505154998035
1995,8,15,0,0,0,0,0.394282835852906
1995,8,16,0.173958033323288,0,0.0892453983160522,0,0.343733754333302
1995,8,17,0.891875147819519,0,0.516241346284005,0,0.323514121725461
1995,8,18,5.4217791557312,0,2.75814882394661,0,0.566149713019557
1995,8,19,6.05402851104736,0,5.76286951877592,0,4.09447560308787
1995,8,20,2.13235688209534,0,4.11210440678406,0,0.940212916264621
1995,8,21,0.855424880981445,0,1.49888470801307,0,0.545930080411716
1995,8,22,0.000211426930036396,0,0.410619184036477,0,0.394282835852906
1995,8,23,2.9832832296961e-05,0,0.000107989089883631,0,0.31340430542154
1995,8,24,0,0,1.78149530256633e-05,0,0.262855223901937
1995,8,25,0.00381073402240872,0,0.00153501704153314,0,0.222415958686255
1995,8,26,6.8888723035343e-05,0,0.00244667098377249,0,0.192086509774493
1995,8,27,3.56718874172657e-06,0,2.90692260023206e-05,0,0.161757060862731
1995,8,28,0.000744103919714689,0,0.000404917165724328,0,0.141537428254889
1995,8,29,0.751616835594177,0,0.368643296857044,0,0.121317795647048
1995,8,30,3.21574640274048,0,1.96563190133747,0,0.111207979343127
1995,8,31,0.0188927762210369,0,1.89075135734856,0,0.101098163039207
1995,9,1,0.0107435444369912,0,0.0136614534494584,0,0.0960432548872463
1995,9,2,0.000599478895310313,0,0.00511438119247032,0,0.075823622279405
1995,9,3,3.26851272802742e-06,0,0.000326745319398469,0,0.0586369345627398
1995,9,4,0.00596098229289055,0,0.00256763015204342,0,0.0485271182588192
1995,9,5,0.000538253865670413,0,0.0024612435081508,0,0.0414502468460747
1995,9,6,0.000600750907324255,0,0.00057284282411274,0,0.0323514121725461
1995,9,7,0.848783612251282,0,0.385647288130713,0,0.0272965040205858
1995,9,8,7.49809074401856,0,3.54208262893008,0,0.0424612284764668
1995,9,9,3.99292182922363,0,5.87235927320762,0,0.0535820264107795
1995,9,10,0.0162886213511229,0,2.1063279082955,0,0.060658897823524
1995,9,11,8.60981344885659e-06,0,0.00854017429628584,0,0.0515600631499954
1995,9,12,0.120643310248852,0,0.0637933326379425,0,0.0525710447803874
1995,9,13,5.11685085296631,0,2.49000533612161,0,0.0677357692362684
1995,9,14,6.18480253219605,0,5.64362628766321,0,0.0930103099960701
1995,9,15,0.00198891898617148,0,3.51777264536759,0,0.0556039896715636
1995,9,16,0.624446749687195,0,0.291622690941949,0,0.0414502468460747
1995,9,17,0.589134454727173,0,0.608926820132183,0,0.0323514121725461
1995,9,18,0.13830204308033,0,0.370042625414499,0,0.0333623938029382
1995,9,19,0.305473625659943,0,0.183392755347086,0,0.0262855223901937
1995,9,20,5.14074039459229,0,2.59913210907325,0,0.0384173019548985
1995,9,21,0.316301077604294,0,2.98703926385315,0,0.0444831917372509
1995,9,22,0.28808718919754,0,0.304423080329798,0,0.0374063203245064
1995,9,23,0.0214459802955389,0,0.218506235711175,0,0.0283074856509778
1995,9,24,0.00511088501662016,0,0.0158312987023237,0,0.0192086509774493
1995,9,25,0.00478300964459777,0,0.00451193022308871,0,0.0131427611950969
1995,9,26,0.0198214519768953,0,0.0125233133767324,0,0.0111207979343127
1995,9,27,0.000623699917923659,0,0.00995228740794118,0,0.0111207979343127
1995,9,28,1.30117432490806e-05,0,-0.00019519601482898,0,0.0088966383474501
1995,9,29,0.0148098068311811,0,0.0123777893204533,0,0.00636918427147
1995,9,30,0.000586207490414381,0,0.0112952918807423,0,0.0050549081519603
1995,10,1,0.0153961982578039,0,-0.00374999149607902,0,0.0040439265215682
1995,10,2,0.242699444293976,0,-0.203398773808658,0,0.0041450246846074
1995,10,3,8.04785060882568,0,2.21415947458627,0,0.0131427611950969
1995,10,4,6.69572257995606,0,7.52201919356776,0,0.0960432548872463
1995,10,5,12.0053224563599,0,8.09569424964138,0,0.111207979343127
1995,10,6,14.6515712738037,0,12.8489507727718,0,1.11207979343127
1995,10,7,3.18820333480835,0,8.97302119647975,0,0.46505154998035
1995,10,8,0.019151097163558,0,1.60976548773579,0,0.192086509774493
1995,10,9,0.000464929500594735,0,0.0108594236789941,0,0.121317795647048
1995,10,10,1.59806222654879e-05,0,0.000273440491582733,0,0.0818895120617573
1995,10,11,1.15816483230446e-05,0,1.37868646561401e-05,0,0.0657138059754843
1995,10,12,0.000490611128043383,0,0.00024953997854027,0,0.0535820264107795
1995,10,13,0.0165855288505554,0,0.00782479082590726,0,0.0475161366284271
1995,10,14,0.0854726582765579,0,0.0436887715422927,0,0.0545930080411716
1995,10,15,0.0191650092601776,0,0.0438187151521561,0,0.0576259529323478
1995,10,16,0.000643077248241752,0,0.00863634939014446,0,0.0505490815196033
1995,10,17,1.21184129966423e-05,0,0.000313798129354836,0,0.0505490815196033
1995,10,18,3.768897295231e-05,0,2.41447269218043e-05,0,0.0535820264107795
1995,10,19,0.157550752162933,0,0.0737529610869387,0,0.060658897823524
1995,10,20,8.36865234375,0,3.31142495202039,0,0.0960432548872463
1995,10,21,6.35830879211426,0,7.36997223184153,0,0.131427611950969
1995,10,22,0.050126951187849,0,3.24676211927181,1.13686837721616e-13,0.212306142382334
1995,10,23,0.0158542674034834,0,0.032090688298922,0,0.15164724455881
1995,10,24,0.594112873077393,0,0.304877381307961,0,0.121317795647048
1995,10,25,0.00234750611707568,0,0.322563989995615,0,0.101098163039207
1995,10,26,0.6429682970047,0,0.297355395710838,0,0.0889663834745018
1995,10,27,5.10685873031616,0,2.71571685069648,0,0.111207979343127
1995,10,28,0.776517152786255,0,3.09756791545988,0,0.111207979343127
1995,10,29,0.754764139652252,0,0.768282489623744,0,0.121317795647048
1995,10,30,0.186961337924004,0,0.387027879900415,0,0.121317795647048
1995,10,31,0.291637450456619,0,0.236025678948863,0,0.131427611950969
1995,11,1,2.57506370544434,0,1.26642969041131,0,0.121317795647048
1995,11,2,8.91714572906494,0,5.50288802493014,0,0.171866877166651
1995,11,3,2.61912155151367,0,5.78319082972666,0,0.475161366284271
1995,11,4,0.0230167061090469,0,1.42025976188052,0,0.394282835852906
1995,11,5,0.0334275104105473,0.0138014137851314,0.0144124172766169,0,0.252745407598017
1995,11,6,1.27545583248138,0.0138295514220772,0.640335523845351,0,0.171866877166651
1995,11,7,8.46565341949463,0,4.86282583368484,0.0442215004579793,0.192086509774493
1995,11,8,0.0949735268950462,-1.13686837721616e-13,4.28080590337959,0,0.363953386941144
1995,11,9,0.000152430642629042,2.43909721575619e-06,0.0511296974964353,0,0.434722101068588
1995,11,10,2.55690336227417,2.95819927487173e-06,1.12317447452187,0,0.293184672813699
1995,11,11,22.4815235137939,-1.13686837721616e-13,12.4309093391603,-2.27373675443232e-13,1.55691171080378
1995,11,12,1.75341999530792,0.0815978092751948,12.0500024575722,1.13686837721616e-13,2.4971246270684
1995,11,13,0.506312906742096,0.0820939041809652,1.05070839076325,0,1.21317795647048
1995,11,14,0.0281070955097675,0,0.271862663168577,0,0.829004936921494
1995,11,15,0.00714757479727268,0,0.0177662169189716,0,0.636918427147002
1995,11,16,0.149267539381981,0,0.0739672343515849,0,0.535820264107795
1995,11,17,0.573420107364655,0,0.354698099323286,0.171646612822542,0.45494173367643
1995,11,18,2.97181439399719,0,1.71822884644826,0,0.414502468460747
1995,11,19,0.132482320070267,0,1.59802389302058,0,0.384173019548985
1995,11,20,0.000313202297547832,0,0.0719941032493807,0,0.323514121725461
1995,11,21,0.0215135850012302,0,0.0102317836444854,0,0.31340430542154
1995,11,22,0.0606529079377651,0.00577925881839292,0.0352092355933564,0,0.293184672813699
1995,11,23,0.366684764623642,0.00580672846638208,0.207879192323162,0,0.262855223901937
1995,11,24,0.0115121230483055,0.000409599103363689,0.189536365194726,0,0.242635591294096
1995,11,25,0.00428530527278781,0.00041053182530959,0.00747912658334826,0,0.212306142382334
1995,11,26,0.00344498688355088,0,0.00386798583349446,0.0244852054530611,0.212306142382334
1995,11,27,0.277370810508728,0,0.136696336796376,0,0.232525774990175
1995,11,28,0.156859323382378,0,0.221135897014392,0,0.212306142382334
1995,11,29,4.01483957830351e-05,0,0.0901433035123773,0,0.202196326078413
1995,11,30,0.00257547409273684,0,0.00124196161777945,0,0.161757060862731
1995,12,1,0.000556177459657192,0,0.00156855727800576,0.00201083520664724,0.161757060862731
1995,12,2,0.000573377939872444,0,0.000564353074878454,0,0.171866877166651
1995,12,3,0.399977028369904,0,0.179205230677326,0,0.161757060862731
1995,12,4,0.0108719216659665,0,0.206269996202536,0,0.15164724455881
1995,12,5,0.00640759523957968,0,0.00873008619237226,0,0.141537428254889
1995,12,6,0.00108445971272886,0,0.00415982793310832,0,0.141537428254889
1995,12,7,0.39935502409935,0.186004167831925,0.00981769440659264,0,0.131427611950969
1995,12,8,0.33765059709549,0.359293544141565,0.00958940993587021,0,0.121317795647048
1995,12,9,1.69924759864807,0.930087402430104,0,0,0.111207979343127
1995,12,10,0.00655719637870789,0.936340385020912,0,0,0.0930103099960701
1995,12,11,0.197964757680893,0.080181380435306,0,0,0.0909883467352859
1995,12,12,0.18832603096962,0.192297620618319,0,0,0.0899773651048939
1995,12,13,1.77773976325989,0.0957783836421413,0.873621303462642,4.54747350886464e-13,0.0889663834745018
1995,12,14,2.58193039894104,2.27373675443232e-13,2.16366060969267,2.82761953627448,0.121317795647048
1995,12,15,0.496115744113922,0,1.6705711086488,0,0.181976693470572
1995,12,16,3.91425108909607,0,2.16289429637436,0,0.171866877166651
1995,12,17,0.706809043884277,0,2.35162922003838,1.13686837721616e-13,0.131427611950969
1995,12,18,19.732723236084,0,10.2123933491475,0,0.707687141274446
1995,12,19,20.8250885009766,0,20.2759067318766,0,5.56039896715636
1995,12,20,13.0713834762573,6.23679017491816,10.8887487408883,0,5.05490815196033
1995,12,21,1.24132668972015,7.31360873784024,1.81898940354586e-12,0,2.60833260641153
1995,12,22,0.0854276493191719,0.700111231924097,0,0,1.65800987384299
1995,12,23,0.314394444227219,0.199486265600399,0,0,1.21317795647048
1995,12,24,0.056235171854496,0.187391994123232,1.81898940354586e-12,0,0.909883467352859
1995,12,25,0.145616874098778,0.10531278243559,-1.81898940354586e-12,0,0.717796957578367
1995,12,26,1.12364268302917,0.623824148595872,0,0,0.60658897823524
1995,12,27,0.694734811782837,0.922683247156897,0,0,0.515600631499954
1995,12,28,0.324048787355423,0.52885593364806,0,0,0.444831917372509
1995,12,29,0.00919822417199612,0.179791129028558,-1.81898940354586e-12,0,0.394282835852906
1995,12,30,0.00963699258863926,0.00936859339526563,1.81898940354586e-12,1.13686837721616e-13,0.353843570637223
1995,12,31,0.671687602996826,0.00481948419246692,0.335774946090169,-1.13686837721616e-13,0.434722101068588
1996,1,1,2.8969144821167,0,1.72681115835076,0.810011456223833,0.707687141274446
1996,1,2,7.0089955329895,0,4.86977934480274,0.88869993840558,2.38591664772528
1996,1,3,16.3401374816895,7.35335466337733,3.85482194994802,0,2.11295160751942
1996,1,4,0.812539875507355,8.61351075285211,0,0,1.55691171080378
1996,1,5,3.01287841796875,1.86940796388956,0,0,1.18284850755872
1996,1,6,0.545842528343201,1.87659217189764,0,0,0.950322732568542
1996,1,7,4.79918098449707,2.487460245938,0,0,0.748126406490129
1996,1,8,3.18001055717468,4.09848427379154,0,0,0.647028243450922
1996,1,9,0.397487342357636,1.78899928294481,0,0,0.61669879453916
1996,1,10,0.0425998158752918,0.204755941073699,0,0,0.586369345627398
1996,1,11,1.11152136325836,0.658016305744468,1.81898940354586e-12,0,0.566149713019557
1996,1,12,2.99402332305908,1.90313561455139,-1.81898940354586e-12,0,0.545930080411716
1996,1,13,0.00280541367828846,1.6164509799579,0.00041045142825169,0,0.535820264107795
1996,1,14,0.0132405273616314,0.00105119032104994,0.00645797539618798,0,0.525710447803874
1996,1,15,0.000488330086227506,0,0.00815033930666687,0,0.60658897823524
1996,1,16,0.213660165667534,0,0.104914276342242,0,1.13229942603911
1996,1,17,6.09939002990723,0,3.04671836455964,3.33249541655277,14.9625281298026
1996,1,18,7.72940444946289,0,6.88764572205764,7.94797161088775,17.1866877166651
1996,1,19,19.4704418182373,5.73937074507819,7.84066178809371,4.53640440045626,16.7822950645083
1996,1,20,0.00935972202569246,5.82611150203275,4.01956084421727,0,4.3067817454702
1996,1,21,0.029352068901062,0.0188311601079931,0,0,2.51734425967624
1996,1,22,0.962973952293396,0.0152601414526998,0.462323767238559,0,1.87031601622532
1996,1,23,15.9790925979614,0,8.44421807467916,1.01726826960385,4.79205292805839
1996,1,24,17.5158748626709,-5.6843418860808e-13,16.7229294301633,1.05353829112198,11.8284850755872
1996,1,25,0.428438872098923,0.213469232572606,8.78860801488918,0,4.51908788785254
1996,1,26,0.175329640507698,0.230550745179357,0.0809815738339239,0,2.78019948357818
1996,1,27,1.94829487800598,0,1.0257980976512,0,2.88129764661739
1996,1,28,0.0145916016772389,0.00724044475737173,0.981538674870535,0,2.02196326078413
1996,1,29,0.0637770816683769,0.00681384276003882,0.0339950868074084,0,1.58724115971554
1996,1,30,0.212016940116882,0.103336221574978,0.0326923832526518,0,1.25361722168616
1996,1,31,0.952609956264496,0.570764454349614,0,0,0.909883467352859
1996,2,1,0.129178985953331,0.561494376243445,0,0,0.808785304313653
1996,2,2,0.0551108866930008,0.0926600390030217,0,0,0.738016590186208
1996,2,3,0.000977258081547916,0.0318496941965805,0,0,0.687467508666605
1996,2,4,0.0189080126583576,0.00735814667018531,0,0,0.667247876058764
1996,2,5,0.0106997098773718,0.01409758439695,0,0,0.647028243450922
1996,2,6,0.0110533079132438,0.0108828776743621,0,0,0.636918427147002
1996,2,7,0.732794106006622,0.121430614608471,0.219030751448372,0,0.61669879453916
1996,2,8,2.82322120666504,0.13256656484873,1.5948504929238,1.75533736517002,0.667247876058764
1996,2,9,2.79494404792786,0,2.80913312663324,3.58881646900329,1.25361722168616
1996,2,10,0.0396503396332264,0,1.44602425992707,4.61686932061548,1.02109144669599
1996,2,11,0.186625331640244,0,0.112602472270737,5.2401769091465,0.950322732568542
1996,2,12,0.721094369888306,0.183055157019226,0.2703266427161,2.34321404764171,0.798675488009732
1996,2,13,0.0143124554306269,0.188020681286957,0.18035842012614,0,0.657138059754843
1996,2,14,0.0361474715173245,0.00356465712491172,0.0235218871766847,0,0.647028243450922
1996,2,15,0.277464389801025,0,0.172379563680806,0,0.576259529323478
1996,2,16,0.0182785801589489,0.00555365225659443,0.176349213943467,0,0.495380998892112
1996,2,17,0.146757364273071,0.100692133048938,0.00112482925214863,1.13686837721616e-13,0.414502468460747
1996,2,18,0.0821803584694862,0.106640588163714,0,-1.13686837721616e-13,0.404392652156826
1996,2,19,0.485203176736832,0.0739283588559374,0.201705873656465,0,0.404392652156826
1996,2,20,2.24662709236145,0.0327176743151085,1.32714802184273,2.32072556937783,0.424612284764668
1996,2,21,0.101915568113327,0,1.19643773315329,5.96322049123432,0.414502468460747
1996,2,22,0.350744515657425,0,0.218481797563072,6.4690579571992,0.414502468460747
1996,2,23,0.126005455851555,0,0.240281090453209,6.78092323602107,0.475161366284271
1996,2,24,0.0464817807078362,0,0.0868606050735252,5.7888865763066,0.505490815196033
1996,2,25,0.0734766125679016,0,0.0583492266359826,0,0.444831917372509
1996,2,26,5.47804117202759,0,2.70948966451033,0,0.980652181480304
1996,2,27,13.13307762146,0,9.28117304780244,0,3.11382342160756
1996,2,28,9.67818927764893,1.13686837721616e-13,11.6214574725454,-2.27373675443232e-13,5.86369345627398
1996,2,29,0.0164031907916069,0.00644803249849701,5.87372953686645,2.27373675443232e-13,2.7903092998821
1996,3,1,0.0374539643526077,0.0263909640988231,0.000413525158364791,0,1.68833932275475
1996,3,2,0.367702752351761,0.0690490753220274,0.12317950627039,0,1.33449575211753
1996,3,3,0.0958177298307419,0.100835824238629,0.13140502375245,0,0.940212916264621
1996,3,4,0.0309651084244251,0.060895905710936,0.00368323760267231,0,0.798675488009732
1996,3,5,5.60675573348999,0.0127856335645902,2.5367470054407,0.26596014696861,0.960432548872463
1996,3,6,13.2761945724487,-4.54747350886464e-13,9.42741844689226,1.13686837721616e-13,5.45930080411716
1996,3,7,2.85939908027649,1.42670335928722,6.65200855877629,0,4.97402962152896
1996,3,8,0.190144285559654,1.56435973507246,0,0,2.19383013795078
1996,3,9,0.0136729525402188,0.0936579033666476,0,0,1.40526446624497
1996,3,10,0.000888162117917091,0.00647396514375487,0,0,1.10196997712735
1996,3,11,0.000635401753243059,0.000469639253083187,0.000299416238703998,0,0.980652181480304
1996,3,12,0.000527510885149241,0,0.000581756492465502,0.735821551634217,0.950322732568542
1996,3,13,0.163353711366653,0,0.0786084494466195,2.37277842366916,0.930103099960701
1996,3,14,2.51543092727661,0,1.33611384152027,0,0.889663834745018
1996,3,15,8.3779821395874,0,5.32608311219155,0,1.95119454665669
1996,3,16,0.171711072325706,0,4.30682908760718,0,2.4971246270684
1996,3,17,0.679544925689697,0,0.404214940645034,0,1.55691171080378
1996,3,18,0.140893340110779,0,0.427250961587561,0,1.16262887495088
1996,3,19,12.3510456085205,1.13686837721616e-13,6.24542838209163,2.27373675443232e-13,1.45581354776458
1996,3,20,30.79416847229,1.13686837721616e-13,21.3952752103069,-2.27373675443232e-13,5.39864190629363
1996,3,21,2.94400453567505,1.0437755558861,17.8874966536278,0,4.82238237697015
1996,3,22,0.0472802110016346,1.28099668494406,0.255307928964612,0,3.70019276723496
1996,3,23,0.00229092175140977,0.0247887815377226,0.00285240392258856,0,3.0329448911762
1996,3,24,0.258543491363525,0,0.128193212873157,2.36300658131813,6.55116096494059
1996,3,25,3.39567613601685,0,1.82322129666863,0,9.01795614309723
1996,3,26,0.0346520692110062,0,2.03266357008033,0,3.85184001179377
1996,3,27,0.00106206838972867,0,0.0179316558787832,0,2.09273197491158
1996,3,28,0.364932745695114,0,0.181535926702054,0,1.58724115971554
1996,3,29,5.07004165649414,0,2.39499316483125,0,1.45581354776458
1996,3,30,0.290986329317093,0,2.68567835728391,0,1.34460556842145
1996,3,31,3.96263408660889,0,2.10770740722,0,1.30416630320577
1996,4,1,22.9425315856934,-7.95807864051312e-13,13.3320877338592,-7.95807864051312e-13,8.5124653279012
1996,4,2,0.203524366021156,-3.41060513164848e-13,13.6847470495632,-1.13686837721616e-13,4.6505154998035
1996,4,3,0.0106702568009496,0,0.113082154606673,0,2.72965040205858
1996,4,4,0.63825649023056,0,0.312318411379238,0,1.98152399556845
1996,4,5,1.9054878950119,0,1.27115523002431,0,1.52658226189202
1996,4,6,0.00969781260937452,0,0.960372782468767,0,1.29405648690184
1996,4,7,0.31138226389885,0,0.157908454297285,0,1.14240924234303
1996,4,8,0.220384240150452,0,0.265898296864179,0,1.00087181408815
1996,4,9,0.138626605272293,0,0.179511327591172,0,0.879554018441097
1996,4,10,1.45896677850033e-07,0,0.0729059807345038,0,0.788565671705811
1996,4,11,0.000105722603620961,0,4.64947370346636e-05,0,0.738016590186208
1996,4,12,0,0,5.28957025380805e-05,0,0.697577324970526
1996,4,13,1.86476969718933,0,0.927233913058444,0,0.707687141274446
1996,4,14,4.05458354949951,0,2.91996404235761,0,0.657138059754843
1996,4,15,1.72607338428497,0,2.90673821771998,0,0.60658897823524
1996,4,16,3.85004568099976,0,2.57412150542223,0,0.636918427147002
1996,4,17,0.111604303121567,0,2.11063798197938,0,0.545930080411716
1996,4,18,0.0725408419966698,0,0.0933835363139224,0,0.505490815196033
1996,4,19,7.744300365448,0,3.34320179932547,0,0.596479161931319
1996,4,20,20.5752220153809,0,14.1081448755358,0,9.59421567242071
1996,4,21,0.66309517621994,0,10.619203561957,0,4.18546394982315
1996,4,22,8.31628322601318,0,4.47865007467408,0,2.38591664772528
1996,4,23,28.6058025360107,3.41060513164848e-13,18.308107437344,-1.13686837721616e-13,20.7251234230374
1996,4,24,10.32275390625,-1.13686837721616e-13,19.5045845110217,-1.13686837721616e-13,10.2109144669599
1996,4,25,0.347836852073669,-1.13686837721616e-13,5.33821486247689,0,4.32700137807804
1996,4,26,4.7567834854126,0,2.53760774782131,0,2.85096819770563
1996,4,27,0.691013336181641,0,2.86233851733778,0,1.93097491404885
1996,4,28,10.6387634277344,0,5.63261442689327,0,7.20829902469543
1996,4,29,71.6715621948242,-3.41060513164848e-13,41.1550698686369,-1.36424205265939e-12,62.9841555734257
1996,4,30,9.13265132904053,7.95807864051312e-13,40.4037869477834,6.82121026329696e-13,16.8833932275475
1996,5,1,1.87557625770569,0,5.50481784019576,0,4.71117439762703
1996,5,2,1.29509246349335,0,1.64597794104338,0,3.07338415639188
1996,5,3,9.53366470336914,0,5.31986828030495,0,2.12306142382334
1996,5,4,24.0016918182373,-1.13686837721616e-13,15.4267820248278,0,9.31114081591093
1996,5,5,14.9000263214111,0,19.4510808832565,0,12.9405648690184
1996,5,6,3.67080998420715,0,9.2856156113412,0,3.80129093027417
1996,5,7,1.35694289207459,0,2.54398059492087,1.13686837721616e-13,2.4971246270684
1996,5,8,13.0571088790894,0,7.02528838295621,-1.13686837721616e-13,2.7903092998821
1996,5,9,9.92856216430664,-2.27373675443232e-13,11.520383821291,0,3.21492158464677
1996,5,10,3.58401465415955,-2.27373675443232e-13,7.44383736527743,0,2.65888168793113
1996,5,11,26.1133899688721,-1.13686837721616e-13,14.1761976689086,0,28.1052893248994
1996,5,12,0.885392308235169,0,13.5012815430309,0,6.47028243450922
1996,5,13,0.0141881434246898,0,0.455746926494612,0,3.09360378899972
1996,5,14,0.119021579623222,0,0.066488308890257,0,2.00174362817629
1996,5,15,12.8840017318726,-1.13686837721616e-13,6.46041654043438,0,8.73488128658745
1996,5,16,23.7782192230225,1.13686837721616e-13,18.3238347949882,0,10.5142089560775
1996,5,17,0.000801379967015237,0,11.9064820559724,0,3.51821607376439
1996,5,18,0.00566607434302568,0,0.00319910092366627,0,2.21404977055862
1996,5,19,0.000528969278093427,0,0.00326517261055415,0,1.49625281298026
1996,5,20,0.172053083777428,0,0.0964018664708419,0,1.15251905864696
1996,5,21,2.44075655937195,0,1.34423901445189,0,0.940212916264621
1996,5,22,0.355959236621857,0,1.44084219954675,0,0.778455855401891
1996,5,23,0.437844276428223,0,0.396284147092956,0,0.667247876058764
1996,5,24,5.00960350036621,0,2.44875870014585,0,0.636918427147002
1996,5,25,7.97360324859619,0,6.40499751676543,0,0.707687141274446
1996,5,26,18.9359817504883,0,13.4545920185046,0,3.38678846181342
1996,5,27,14.2125959396362,1.13686837721616e-13,16.5743818044975,0,12.0306814016656
1996,5,28,16.1860675811768,-1.13686837721616e-13,15.1853191679365,0,8.44169661377375
1996,5,29,9.46973133087158,0,12.8280019396407,0,4.93359035631328
1996,5,30,0.0473558194935322,0,4.85465205955188,0,2.45668536185272
1996,5,31,2.93881348625291e-05,0,0.0243225589874783,0,1.57713134341162
1996,6,1,0,0,1.49766601680312e-05,0,1.1727386912548
1996,6,2,6.76713132858276,0,3.35455909825032,0,0.970542365176383
1996,6,3,0.808635711669922,0,3.81144835976011,0,0.829004936921494
1996,6,4,3.05927038192749,0,1.89374041311021,0,0.717796957578367
1996,6,5,0.934959709644318,0,2.14037404661212,0,0.717796957578367
1996,6,6,8.670334815979,0,4.78312185592586,0,1.44570373146065
1996,6,7,17.7436008453369,0,13.1384384650992,0,3.18459213573501
1996,6,8,7.4128360748291,0,13.227180706137,0,3.43733754333302
1996,6,9,14.3663768768311,0,10.8867844140223,0,17.8943748579396
1996,6,10,3.45168924331665,0,8.97387530042761,0,3.78107129766633
1996,6,11,7.53044605255127,0,5.46671423137741,0,3.90238909331338
1996,6,12,5.16182041168213,0,6.42369599100857,0,3.36656882920558
1996,6,13,0.0262514632195234,0,2.64944650263715,0,1.81976693470572
1996,6,14,1.0844053030014,0,0.549736511595256,0,1.28394667059792
1996,6,15,7.39857864379883,0,4.09706616695257,0,1.04131107930383
1996,6,16,0,0,4.51829645063481,0,0.839114753225415
1996,6,17,0.00623715668916702,0,0.00281652324702009,-1.13686837721616e-13,0.697577324970526
1996,6,18,9.82185745239258,0,4.82467134265244,1.13686837721616e-13,1.45581354776458
1996,6,19,7.30383634567261,0,8.66651015170282,0,1.60746079232339
1996,6,20,5.23418092727661,0,6.27329450879552,0,1.10196997712735
1996,6,21,0.000110122913611121,0,2.75693990798391,0,0.717796957578367
1996,6,22,0.318675756454468,0,0.138129373175616,0,0.677357692362684
1996,6,23,5.98778343200684,0,3.04539857010604,0,0.677357692362684
1996,6,24,2.06669783592224,0,4.03962284987938,0,0.525710447803874
1996,6,25,1.1935887336731,0,1.67918330580869,0,0.444831917372509
1996,6,26,0.000639939331449568,0,0.599891387231764,0,0.374063203245064
1996,6,27,0.00213719462044537,-1.13686837721616e-13,0.00135872777173063,-1.13686837721616e-13,0.343733754333302
1996,6,28,0.000584552995860577,1.13686837721616e-13,0.00139311681414256,1.13686837721616e-13,0.323514121725461
1996,6,29,0.000540012959390879,0,0.000561465785722248,0,0.30329448911762
1996,6,30,0.543184995651245,0,0.294391039333277,0,0.283074856509778
1996,7,1,1.62280011177063,0,1.0208981992364,0,0.272965040205858
1996,7,2,0.538692712783814,0,1.01196452802469,0,0.262855223901937
1996,7,3,0.521662473678589,0,0.530618184686318,0,0.242635591294096
1996,7,4,0.000303218286717311,0,0.206385421566665,0,0.222415958686255
1996,7,5,2.18221941850061e-07,0,0.000156138703459874,0,0.202196326078413
1996,7,6,1.43174002005253e-05,0,7.47249941923656e-06,0,0.181976693470572
1996,7,7,0.756835401058197,0,0.364436851934443,0,0.181976693470572
1996,7,8,4.55722332000732,0,2.62328434943629,-1.13686837721616e-13,0.171866877166651
1996,7,9,1.72913014888763,0,3.37045250890151,1.13686837721616e-13,0.192086509774493
1996,7,10,0.174680322408676,0,0.988847087195609,0,0.171866877166651
1996,7,11,0.000932921655476093,0,0.08783582797696,0,0.15164724455881
1996,7,12,0.00630107382312417,0,0.00371400886797346,0,0.131427611950969
1996,7,13,0.11965648829937,0,0.0614261901391728,0,0.121317795647048
1996,7,14,2.96819996833801,0,1.49164512611969,0,0.121317795647048
1996,7,15,14.172890663147,0,7.15275258155089,0,0.15164724455881
1996,7,16,0.0717226639389992,0,7.47472791998735,0,0.131427611950969
1996,7,17,0.530470550060272,0,0.294047706564015,0,0.181976693470572
1996,7,18,16.1554679870605,0,7.36080963650238,0,1.13229942603911
1996,7,19,1.89266347885132,0,9.04852586541529,0,0.940212916264621
1996,7,20,1.08697640895844,0,1.52591953161027,0,0.404392652156826
1996,7,21,1.19824683666229,0,1.13271156123301,0,0.343733754333302
1996,7,22,15.0400371551514,0,7.783888995702,0,1.15251905864696
1996,7,23,0.0432232469320297,0,7.59176243095499,0,0.545930080411716
1996,7,24,0.532675623893738,0,0.277255523746135,0,0.343733754333302
1996,7,25,7.42663908004761,0,3.89955499678399,0,0.283074856509778
1996,7,26,0.10661942511797,0,3.78220557765962,0,0.222415958686255
1996,7,27,0.163819089531899,0,0.135635369577358,0,0.181976693470572
1996,7,28,0.916061341762543,0,0.517074049268558,0,0.15164724455881
1996,7,29,3.15328288078308,0,1.95349034331593,0,0.15164724455881
1996,7,30,3.82621479034424,0,3.46567735017015,0,0.15164724455881
1996,7,31,5.54046010971069,0,4.67426137934308,0,0.15164724455881
1996,8,1,0.0316383093595505,0,2.79007408851612,0,0.131427611950969
1996,8,2,0.0366344340145588,0,0.0344957452107337,0,0.111207979343127
1996,8,3,0.00659368745982647,0,0.0206481847199029,0,0.0990761997784225
1996,8,4,0.0319738313555717,0,0.021925181044935,1.13686837721616e-13,0.0879554018441097
1996,8,5,0.000198930385522544,0,0.0122200182886445,-1.13686837721616e-13,0.0788565671705811
1996,8,6,0,0,8.06075258878991e-05,0,0.0717796957578367
1996,8,7,0.0733533650636673,0,0.0396257948814309,0,0.0647028243450922
1996,8,8,0.213533654808998,0,0.140333842551627,0,0.0626808610843081
1996,8,9,3.52023220062256,0,1.77917718747631,0,0.0545930080411716
1996,8,10,0.0679917559027672,0,2.16894838828739,0,0.046505154998035
1996,8,11,0,0,0.0261334409879055,0,0.0414502468460747
1996,8,12,1.04702436923981,0,0.576169192172529,0,0.0384173019548985
1996,8,13,0.118468567728996,0,0.605899511250755,0,0.0363953386941144
1996,8,14,2.95044083031826e-06,0,0.0607488588866545,0,0.0323514121725461
1996,8,15,0.121809422969818,0,0.0537773646610731,0,0.0293184672813699
1996,8,16,12.8863840103149,0,5.45209902244096,0,0.0272965040205858
1996,8,17,0.308442026376724,0,7.10514148394213,0,0.0262855223901937
1996,8,18,0.248455464839935,0,0.284785813648341,0,0.0252745407598017
1996,8,19,0.988256871700287,0,0.593690863654047,1.13686837721616e-13,0.0232525774990175
1996,8,20,0.226735964417458,0,0.688935567715816,-1.13686837721616e-13,0.0202196326078413
1996,8,21,0.211093291640282,0,0.217997265772283,0,0.0222415958686255
1996,8,22,0.486495047807694,0,0.318649571629067,0,0.0171866877166651
1996,8,23,0.999883115291595,0,0.707213298857823,0,0.015164724455881
1996,8,24,13.4588890075684,0,7.07760911148216,1.13686837721616e-13,0.0343733754333302
1996,8,25,0.288209229707718,0,7.30583102618039,-1.13686837721616e-13,0.0161757060862731
1996,8,26,0.0849020928144455,0,0.207386380767275,0,0.0089977365104893
1996,8,27,0.550541520118713,0,0.310800742019637,0,0.0121317795647048
1996,8,28,1.2492698431015,0,0.816482500271377,0,0.0141537428254889
1996,8,29,0.0476417355239391,0,0.75527339920518,0,0.0080878530431365
1996,8,30,0.0666401982307434,0,0.0615270418202272,0,0.0047516136628427
1996,8,31,1.77039764821529e-05,0,0.0467822229256854,0,0.003437337543333
1996,9,1,0.00438574096187949,0,0.00254598177343723,0,0.0031340430542154
1996,9,2,0.00758106308057904,0,0.00556017972121481,0,0.0029318467281369
1996,9,3,0.415407449007034,0,0.180107935957494,0,0.0022241595868625
1996,9,4,0.114795997738838,0,0.213470634182158,0,0.0024263559129409
1996,9,5,0.261006832122803,0,0.1909740452611,0,0.0025274540759801
1996,9,6,0.0824604406952858,0,0.165812378549163,0,0.0024263559129409
1996,9,7,0.00866750068962574,0,0.0248490518170001,0,0.0023252577499017
1996,9,8,2.26322197914124,0,0.818173814997863,0,0.003942828358529
1996,9,9,14.4014081954956,0,6.93121065653759,0,0.0181976693470572
1996,9,10,0.951344430446625,0,8.31240829885428,0,0.0096043254887246
1996,9,11,0.00135736400261521,0,0.553473498508538,0,0.0074812640649012
1996,9,12,0.381844848394394,0,0.151694390664488,0,0.0050549081519603
1996,9,13,0.542675018310547,0,0.457862106344692,0,0.0036395338694114
1996,9,14,0.0553862601518631,0,0.292840368150792,0,0.0035384357063722
1996,9,15,0.681159496307373,0,-1.01577382586765,0,0.0037406320324506
1996,9,16,16.9089889526367,0,8.75937658513067,0,0.0171866877166651
1996,9,17,21.8680477142334,0,19.388438927399,0,0.0192086509774493
1996,9,18,0.00797593779861927,0,10.9389075646541,0,0.0181976693470572
1996,9,19,0,0,0.0034314221884415,0,0.0192086509774493
1996,9,20,0.0339582860469818,0,0.017313298627414,0,0.0192086509774493
1996,9,21,5.5979471206665,0,2.53798998720959,0,0.030329448911762
1996,9,22,21.5320606231689,0,13.5597609762444,0,0.0394282835852906
1996,9,23,0.00024874389055185,0,10.7898233890373,0,0.0242635591294096
1996,9,24,0.192452669143677,0,0.0916049460829527,0,0.0212306142382334
1996,9,25,9.05713113752427e-06,0,0.0970279936191218,0,0.0161757060862731
1996,9,26,0.799659013748169,0,0.389791404402786,0,0.015164724455881
1996,9,27,21.5143871307373,0,11.1050488993824,-1.13686837721616e-13,0.384173019548985
1996,9,28,31.0699272155762,0,26.2773243515512,1.13686837721616e-13,0.535820264107795
1996,9,29,0.133825451135635,0,15.6032712522174,0,0.212306142382334
1996,9,30,4.41472957390943e-06,0,0.071669745590043,0,0.121317795647048
1996,10,1,0.0685354992747307,0,0.0302712815428094,0,0.075823622279405
1996,10,2,0.0835522189736366,0,0.0755433433914732,0,0.0515600631499954
1996,10,3,0.00935671012848616,0,0.0509345424325147,0,0.0384173019548985
1996,10,4,9.13960247999057e-05,0,0.0049137521564262,0,0.0323514121725461
1996,10,5,0.000173384469235316,-1.13686837721616e-13,0.000132277262309799,0,0.0252745407598017
1996,10,6,0.000283425935776904,1.13686837721616e-13,0.000227791075303685,0,0.0181976693470572
1996,10,7,5.79911938984878e-05,0,0.000164712077094009,0,0.015164724455881
1996,10,8,0.419739931821823,0,0.221863112987194,0,0.0141537428254889
1996,10,9,3.96583437919617,0,2.06626625859644,0,0.0131427611950969
1996,10,10,0.661990821361542,0,2.38420284993117,0,0.0111207979343127
1996,10,11,0.273690611124039,0,0.454035348611797,0,0.0090988346735285
1996,10,12,9.58200757850136e-07,0,0.116102232332196,0,0.0086944420213717
1996,10,13,0.0278146509081125,0,0.0171203845202399,0,0.0121317795647048
1996,10,14,7.27019069017842e-05,0,0.010929572294117,0,0.0111207979343127
1996,10,15,0.000882834836374968,0,0.00054746983005316,0,0.0111207979343127
1996,10,16,0.026999831199646,0,0.0148426018204191,0,0.0097054236517638
1996,10,17,1.291832447052,-1.13686837721616e-13,0.600231767031801,0,0.0095032273256854
1996,10,18,14.2320213317871,1.13686837721616e-13,6.94542100264516,0,0.0586369345627398
1996,10,19,0.589204370975494,0,7.44592882760844,0,0.0738016590186208
1996,10,20,4.68309845018666e-05,0,0.26438206347666,0,0.0353843570637223
1996,10,21,0.0146921928972006,0,0.00885460547215189,0,0.0192086509774493
1996,10,22,2.81323289871216,0,1.21621470862374,0,0.0121317795647048
1996,10,23,8.199143409729,0,5.11718760534495,0,0.015164724455881
1996,10,24,0.725834786891937,0,4.46441774923733,0,0.0272965040205858
1996,10,25,0.0824014544487,0,0.454084900447924,0,0.0222415958686255
1996,10,26,0.56644344329834,0,0.377180084607971,0,0.0192086509774493
1996,10,27,3.35873103141785,0,1.95760379676722,1.13686837721616e-13,0.0171866877166651
1996,10,28,0.397942304611206,0,1.98802301590331,0,0.0171866877166651
1996,10,29,0.0317110978066921,0,0.228623604903987,-1.13686837721616e-13,0.0161757060862731
1996,10,30,2.68657207489014,1.13686837721616e-13,1.33200425457107,1.13686837721616e-13,0.0202196326078413
1996,10,31,0.000380731653422117,-1.13686837721616e-13,1.49450347546372,-1.13686837721616e-13,0.0404392652156826
1996,11,1,0.0233016107231379,0,0.0131738301934092,0,0.030329448911762
1996,11,2,0.00782361347228289,0,0.0167416861950187,0,0.0262855223901937
1996,11,3,0.00247881817631423,0,0.00553039352598717,0,0.0232525774990175
1996,11,4,0.000119590680697002,0,0.00155379184070625,0,0.0212306142382334
1996,11,5,0.0190083011984825,0,0.0121545514411991,0,0.0202196326078413
1996,11,6,1.4195305109024,0,0.63543392320571,0,0.0202196326078413
1996,11,7,16.2508392333984,0,8.76629056961247,0,0.15164724455881
1996,11,8,18.9092617034912,0,17.5795415150496,0,0.485271182588192
1996,11,9,3.54572296142578,0,11.2290047324386,0,0.384173019548985
1996,11,10,0.444309204816818,-1.13686837721616e-13,1.99749225455525,0,0.252745407598017
1996,11,11,0.036760825663805,0.00688673711761112,0.233825929830346,0,0.181976693470572
1996,11,12,1.2779039934685e-05,0.00724430894683792,0.0120674888567009,0,0.15164724455881
1996,11,13,0.0708773210644722,0.0138531918431681,0.0184847003110917,0,0.131427611950969
1996,11,14,0.0019302312284708,0.0157005165621058,0.0208389031140541,0,0.111207979343127
1996,11,15,0.000448146631242707,0.000530195943724721,0.00076552478276426,0,0.0990761997784225
1996,11,16,0.00380116607993841,-1.13686837721616e-13,0.00212334531533998,0.0790299156345782,0.0899773651048939
1996,11,17,1.28986418247223,1.13686837721616e-13,0.607280690637708,0,0.0859334385833256
1996,11,18,4.30855560302734,0,2.76093106533881,0,0.0879554018441097
1996,11,19,0.01913733035326,0,2.16411733221321,0,0.0849224569529335
1996,11,20,0.0568444058299065,0,0.0375612439675024,1.13686837721616e-13,0.0798675488009732
1996,11,21,1.41065263748169,0,0.691447569774027,0,0.0808785304313653
1996,11,22,0.591579258441925,0,1.00771446294675,0,0.0798675488009732
1996,11,23,0.000375012226868421,0,0.29958155220811,-1.13686837721616e-13,0.0778455855401891
1996,11,24,0.785583913326263,1.13686837721616e-13,0.362210750063241,0,0.076834603909797
1996,11,25,13.0520439147949,-1.13686837721616e-13,6.25823985186435,0,0.525710447803874
1996,11,26,24.568338394165,5.6843418860808e-13,18.8087145876598,5.6843418860808e-13,5.00435907044073
1996,11,27,0.0511815547943115,0.0248077632924151,12.3932935536905,0,2.02196326078413
1996,11,28,0.0165075156837702,0.0295957553801145,0.00448212553601479,0,0.970542365176383
1996,11,29,0.769811630249023,0.00433426543736459,0.384727686330734,0,0.657138059754843
1996,11,30,9.41152095794678,0,5.09012448864814,0.054960423830039,1.13229942603911
1996,12,1,14.023136138916,1.13686837721616e-13,11.5880178764564,-2.27373675443232e-13,6.62192967906803
1996,12,2,0.443940281867981,0,7.23448745373753,-2.27373675443232e-13,3.23514121725461
1996,12,3,0.0148607743903995,0,0.24031657138039,0,1.57713134341162
1996,12,4,0.00742603372782469,0,0.0112622905471653,0,0.980652181480304
1996,12,5,1.38048601150513,0,0.69381608114054,0,0.778455855401891
1996,12,6,4.09292602539063,0,2.73065605022566,0.00446054914891647,0.727906773882288
1996,12,7,0.00405193492770195,0,2.04883839853937,0,0.657138059754843
1996,12,8,0.109964430332184,0,0.0559508655496757,0,0.626808610843081
1996,12,9,0.0649471804499626,0.00207578852484858,0.0856672371955938,0,0.515600631499954
1996,12,10,0.0149753876030445,0.00210268894295496,0.0378594274297939,0.00851324549512356,0.444831917372509
1996,12,11,0.699046015739441,0,0.355280158742971,0,0.434722101068588
1996,12,12,3.42443203926086,0,2.04765632682756,0,0.556039896715636
1996,12,13,3.43853712081909,0,3.43147744399903,1.13686837721616e-13,1.03120126299991
1996,12,14,0.00605855230242014,0,1.74145380694608,-1.13686837721616e-13,0.75823622279405
1996,12,15,0,0,0.00324515678948956,0,0.61669879453916
1996,12,16,8.54679870605469,0,3.8942830421729,0,1.62768042493123
1996,12,17,23.5951824188232,1.13686837721616e-13,16.0677018987772,0,13.3449575211753
1996,12,18,1.58433055877686,0.785918848665915,11.8906183061918,0,5.02457870304857
1996,12,19,0.113469772040844,0.859255208575519,0,0,2.40613628033312
1996,12,20,0.0547363609075546,0.0874680498639009,0,0,1.26372703799008
1996,12,21,0.502952754497528,0.234996923636118,0,0,0.909883467352859
1996,12,22,0.345264852046967,0.266810277279433,0.162106076026248,0,0.707687141274446
1996,12,23,1.54686713218689,-1.13686837721616e-13,0.945246018483886,2.25558898363715,1.11207979343127
1996,12,24,25.0780963897705,-4.54747350886464e-13,13.1048731586707,0,14.2548409885281
1996,12,25,0.13250869512558,0.0575177480812954,14.1925040959286,-1.13686837721616e-13,3.78107129766633
1996,12,26,0.0715218037366867,0.10214373301244,0.00108804999035783,0,1.97141417926453
1996,12,27,1.63882172107697,0.0347756989806385,0.817045387106191,0.106631067163789,1.39515464994105
1996,12,28,0.382257699966431,0,1.01055920385261,0.100686916779523,1.66811969014691
1996,12,29,0.0266737397760153,1.13686837721616e-13,0.206389679966378,0,1.72877858797043
1996,12,30,0.0176786240190268,-1.13686837721616e-13,0.0222674606120563,0,1.28394667059792
1996,12,31,0.62578409910202,0,0.311300639663386,0,1.09186016082343
1997,1,1,0.00317750684916973,0,0.326593246059929,0,0.950322732568542
1997,1,2,0.104344487190247,0,0.0517564346882864,0,0.899773651048939
1997,1,3,0.0441438071429729,0,0.0747532232308004,0,0.829004936921494
1997,1,4,1.32426738739014,0,0.672179851662804,0,0.75823622279405
1997,1,5,17.0259532928467,0,9.05114123734529,-3.41060513164848e-13,1.61757060862731
1997,1,6,0.0853900834918022,0,8.56075976642751,-3.41060513164848e-13,1.52658226189202
1997,1,7,0.012269445694983,0.00605823413116013,0.0432273704354884,0,1.00087181408815
1997,1,8,0.0208798479288816,0.0164898826986928,0,0,0.748126406490129
1997,1,9,7.77997446060181,3.46009539745069,0,0,0.586369345627398
1997,1,10,3.10441136360168,5.56306967389833,0,0,0.45494173367643
1997,1,11,0.754060745239258,1.95880228859369,0,0,0.374063203245064
1997,1,12,0.0129038374871016,0.439816206542332,0,0,0.363953386941144
1997,1,13,0.0196943394839764,0.016424607762815,0,0,0.353843570637223
1997,1,14,0.00436261435970664,0.0112482466994379,0,0,0.343733754333302
1997,1,15,3.33055424690247,1.54103962734314,0,0,0.333623938029382
1997,1,16,10.1939582824707,6.75234306470054,0,0,0.353843570637223
1997,1,17,0.0904802456498146,5.31870842493129,0,0,0.333623938029382
1997,1,18,0.00011653653200483,0.0344256736711941,0,0,0.323514121725461
1997,1,19,0.0551228187978268,0.0219135097538583,0,0,0.31340430542154
1997,1,20,0.0545631572604179,0.0549167629567364,0,0,0.30329448911762
1997,1,21,0.274180769920349,0.0273149025833845,0.136922931545996,0,0.384173019548985
1997,1,22,11.931978225708,-1.13686837721616e-13,5.66887698013306,2.17713447585356,9.09883467352859
1997,1,23,8.30595588684082,0,10.2101690461786,3.11467917543757,6.31863518995041
1997,1,24,1.17794132232666,0,4.76160772439471,0.681831239508824,2.51734425967624
1997,1,25,4.13781213760376,0.118106392376944,2.44505683107491,0,1.8602061999214
1997,1,26,0.312631100416183,0.282323341669553,1.95394440762175,1.13686837721616e-13,1.11207979343127
1997,1,27,7.81552267074585,2.52986339516576,1.52757075488626,-2.27373675443232e-13,4.5494173367643
1997,1,28,16.6813545227051,10.6180128241034,1.55597982135077,0,8.33048863443062
1997,1,29,0.00154876592569053,8.36501407083154,0,0,2.22415958686255
1997,1,30,0.00020492089970503,0.00091540312143934,0,0,1.31427611950969
1997,1,31,0,0.000106840553030452,0,0,1.01098163039207
1997,2,1,0.00789076369255781,0,0.00384699937421829,1.70097913744064,0.909883467352859
1997,2,2,0.00330538675189018,0,0.00573465035267873,3.58109868480722,0.808785304313653
1997,2,3,0.388407409191132,0,0.191954130565136,3.74862532892473,0.990761997784225
1997,2,4,20.1785144805908,0,8.24725666511222,3.79195466801286,9.4931175093815
1997,2,5,6.57430505752564,-2.27373675443232e-13,13.3989703128391,3.54437489795021,9.39201934634229
1997,2,6,0.0376034192740917,-1.13686837721616e-13,3.32766912694569,1.67622855798595,3.25536084986245
1997,2,7,0.0427685491740704,0,0.040594242993393,0,2.09273197491158
1997,2,8,3.74890398979187,0.185178469771699,1.64645443312111,0,1.59735097601946
1997,2,9,0.0162708908319473,0.201512619931577,1.69684895190949,0,1.24350740538224
1997,2,10,0.0158865880221128,0.011168180823347,0.00491509566199966,0,1.09186016082343
1997,2,11,0.0301294252276421,0.00279989053137797,0.0204760167252971,0,1.00087181408815
1997,2,12,0.0861900523304939,0,0.0543903486286581,0,0.909883467352859
1997,2,13,0.33696523308754,0.0994908844886595,0.103041965339798,0,0.76834603909797
1997,2,14,1.29259467124939,0.265315536977255,0.494778416235931,-1.13686837721616e-13,0.748126406490129
1997,2,15,0.0272445995360613,0.188340105066345,0.550646555147978,1.13686837721616e-13,0.657138059754843
1997,2,16,0.50456041097641,0.123815794643519,0.12967965538337,0,0.566149713019557
1997,2,17,0.262680500745773,0.146096706349567,0.240106751491112,0,0.505490815196033
1997,2,18,0.0029090391471982,0.0171605787935505,0.116254830161779,1.87684966599693,0.485271182588192
1997,2,19,0.0921515673398972,0,0.0471555016229104,6.73305254628008,0.515600631499954
1997,2,20,0.752153038978577,0,0.41757894033799,7.60167211309181,0.545930080411716
1997,2,21,3.59634447097778,0,2.02793560034479,7.60400445237406,1.83998656731356
1997,2,22,6.92670488357544,0,5.1429359819158,0.684150809619609,3.3261295639899
1997,2,23,0.0608052909374237,0,3.53676769660524,0,1.60746079232339
1997,2,24,0.0463409945368767,0,0.0537237881762849,0,1.13229942603911
1997,2,25,0.245626345276833,0,0.145013867211674,0,0.950322732568542
1997,2,26,2.99755072593689,0,1.57465731402044,0,0.950322732568542
1997,2,27,18.0735187530518,0,10.4065850735242,-2.27373675443232e-13,2.6892111368429
1997,2,28,0.472298592329025,1.13686837721616e-13,9.28503276485935,-2.27373675443232e-13,2.11295160751942
1997,3,1,13.9589252471924,-2.27373675443232e-13,7.2049595741737,-2.27373675443232e-13,2.77008966727426
1997,3,2,24.2948551177979,2.27373675443232e-13,19.1266107900192,2.27373675443232e-13,15.5691171080378
1997,3,3,3.40289115905762,1.13686837721616e-13,13.8533607576683,-5.6843418860808e-13,4.50897807154861
1997,3,4,2.03114533424377,0,2.71706209544936,0,2.93184672813699
1997,3,5,3.38870096206665,-1.13686837721616e-13,2.64913241464819,0,2.08262215860766
1997,3,6,2.39410090446472,1.13686837721616e-13,2.89362980091755,0,1.61757060862731
1997,3,7,0.00905923452228308,0,1.22034724555488,-1.13686837721616e-13,1.28394667059792
1997,3,8,0.00694615580141544,0,0.00801017195772147,2.27373675443232e-13,1.12218960973519
1997,3,9,3.22004413604736,0,1.48678390974601,-1.13686837721616e-13,1.38504483363713
1997,3,10,13.5977277755737,-1.13686837721616e-13,8.40878526182496,-4.54747350886464e-13,5.03468851935249
1997,3,11,0.133444577455521,-4.54747350886464e-13,6.86574418179589,-4.54747350886464e-13,2.54767370858801
1997,3,12,0.000780494243372232,0,0.0673512318062421,0,1.57713134341162
1997,3,13,1.27683246135712,0,0.629986345058569,0,1.26372703799008
1997,3,14,20.6816272735596,1.13686837721616e-13,10.9751241645172,-1.13686837721616e-13,3.69008295093104
1997,3,15,0.148580968379974,0,10.6154358635176,-4.54747350886464e-13,2.57800315749977
1997,3,16,0.0243377480655909,0.00724607898325758,0.0816185004223371,0,1.52658226189202
1997,3,17,0.0497459098696709,0.00757411136430619,0.0294067429931602,0.0236750576028726,1.24350740538224
1997,3,18,10.8928928375244,-1.13686837721616e-13,5.46871430146348,0,1.18284850755872
1997,3,19,4.22662210464478,-2.27373675443232e-13,7.56429351450424,0,1.21317795647048
1997,3,20,0.00160125573165715,0,2.17755834015406,0,1.13229942603911
1997,3,21,0.000104375336377416,0,0.000951594523940003,0,1.00087181408815
1997,3,22,0.244141310453415,0,0.106425002748438,0,0.889663834745018
1997,3,23,0.00575482193380594,1.13686837721616e-13,0.126667754630034,0,0.717796957578367
1997,3,24,1.29497293528402e-05,-1.13686837721616e-13,0.00294852345541585,0,0.636918427147002
1997,3,25,1.22143709659576,0,0.479450621332944,0,0.626808610843081
1997,3,26,3.31397724151611,0,2.23052883973651,0,0.61669879453916
1997,3,27,0.00593315251171589,0,1.66291326693681,0,0.525710447803874
1997,3,28,2.71019077301025,0,1.30355307644277,0,0.576259529323478
1997,3,29,19.4938640594482,0,10.7356994095935,0,3.84173019548985
1997,3,30,0.919280409812927,0,10.2079632453933,0,1.95119454665669
1997,3,31,3.13974261283875,0,2.02839708780448,0,1.42548409885281
1997,4,1,0.00177351746242493,-1.13686837721616e-13,1.59017841800596,0,1.09186016082343
1997,4,2,0.000281293672742322,1.13686837721616e-13,0.00110053299795254,0,0.91999328365678
1997,4,3,0,-1.13686837721616e-13,0.000143379409564659,0,0.818895120617574
1997,4,4,7.24755955161527e-05,1.13686837721616e-13,3.61072488885839e-05,0,0.748126406490129
1997,4,5,10.2193565368652,0,5.00885361764813,0,1.10196997712735
1997,4,6,2.53732752799988,0,6.50135340316047,0,1.32438593581361
1997,4,7,0.0156595315784216,0,1.30019811591774,0,0.899773651048939
1997,4,8,0,0,0.00813387213929673,0,0.717796957578367
1997,4,9,1.53871530983452e-06,0,7.61607225285843e-07,0,0.626808610843081
1997,4,10,0.0860851854085922,0,0.0429221122140007,0,0.556039896715636
1997,4,11,0.0274105183780193,1.13686837721616e-13,0.058495381330431,0.0163608418729382,0.535820264107795
1997,4,12,24.6050243377686,-1.13686837721616e-13,10.8392290651682,0,1.87031601622532
1997,4,13,2.15328073501587,0,13.4238133123326,0,1.70855895536259
1997,4,14,0.153316169977188,0,1.16656498155862,0,1.06153071191167
1997,4,15,1.22897781693609e-05,0,0.0899582906858996,0,0.839114753225415
1997,4,16,0.279339343309402,0,0.162645186432201,0,0.738016590186208
1997,4,17,0.554913878440857,-1.13686837721616e-13,0.399934593267972,0,0.677357692362684
1997,4,18,0.282018572092056,1.13686837721616e-13,0.436243346357514,0,0.596479161931319
1997,4,19,2.82554054260254,0,1.29053106393258,1.13686837721616e-13,0.596479161931319
1997,4,20,0.11537279933691,0,1.6474719580292,-1.13686837721616e-13,0.525710447803874
1997,4,21,6.66884183883667,0,3.25648487615035,0,0.576259529323478
1997,4,22,0.621277928352356,0,3.67718647804577,0,0.586369345627398
1997,4,23,0,0,0.326455846538011,0,0.495380998892112
1997,4,24,0.224908486008644,0,0.093906921101734,0,0.444831917372509
1997,4,25,0.085729606449604,0,0.158375601131411,1.13686837721616e-13,0.404392652156826
1997,4,26,0.0507670231163502,0,0.0692781324323732,-1.13686837721616e-13,0.363953386941144
1997,4,27,1.28980219364166,0,0.578279770525114,0,0.374063203245064
1997,4,28,4.10679531097412,-1.13686837721616e-13,2.30513163431897,0,0.424612284764668
1997,4,29,0.00551633257418871,1.13686837721616e-13,2.29309930770614,0,0.384173019548985
1997,4,30,0.0687991380691528,0,0.0381912921657204,0,0.353843570637223
1997,5,1,6.6900749206543,0,3.14796308153018,0,0.404392652156826
1997,5,2,0.85388320684433,0,3.81260563295291,-1.13686837721616e-13,0.687467508666605
1997,5,3,33.0696792602539,0,15.9672166361634,1.13686837721616e-13,4.50897807154861
1997,5,4,3.53344392776489,0,18.3030912817849,3.41060513164848e-13,2.50723444337232
1997,5,5,0.260499626398087,0,1.96818077017451,0,1.5164724455881
1997,5,6,2.5945303440094,0,1.38404041017202,0,1.13229942603911
1997,5,7,0.0374401360750198,0,1.3237942267333,0,0.869444202137177
1997,5,8,3.07370185852051,1.13686837721616e-13,1.49949308050054,0,0.808785304313653
1997,5,9,5.25617599487305,-1.13686837721616e-13,4.10444798518438,0,0.778455855401891
1997,5,10,0.0195930022746325,0,2.8288111281654,0,0.626808610843081
1997,5,11,0.000514057523105294,0,0.0101494813861791,0,0.535820264107795
1997,5,12,1.26605534553528,0,0.595366586690943,0,0.515600631499954
1997,5,13,0.00929187797009945,0,0.570907296536461,0,0.475161366284271
1997,5,14,0.413131862878799,0,0.19018929324011,0,0.434722101068588
1997,5,15,0.0953168198466301,0,0.261351590124832,0,0.394282835852906
1997,5,16,0.00595738925039768,1.13686837721616e-13,0.0547002582170535,0,0.343733754333302
1997,5,17,0.134185910224915,-1.13686837721616e-13,0.0656743948493386,0,0.323514121725461
1997,5,18,0.0204078629612923,0,0.0888445403834339,0,0.323514121725461
1997,5,19,0.937285542488098,0,0.419156980693515,0,0.31340430542154
1997,5,20,0.738895297050476,0,0.840500893704302,0,0.293184672813699
1997,5,21,3.71149508282542e-05,0,0.379735569731565,0,0.262855223901937
1997,5,22,1.0966083209496e-05,0,2.55780541920103e-05,0,0.242635591294096
1997,5,23,0.0434881299734116,0,0.0162627251447702,0,0.232525774990175
1997,5,24,0.429872453212738,0,0.281714407399704,0,0.232525774990175
1997,5,25,9.50406074523926,0,4.61630200862783,0,0.61669879453916
1997,5,26,24.4818325042725,0,16.9681954675507,0,1.59735097601946
1997,5,27,6.36366510391235,0,15.4327382980664,0,1.18284850755872
1997,5,28,0.7296062707901,0,3.72339908934737,-1.13686837721616e-13,0.798675488009732
1997,5,29,5.69392824172974,0,3.00188602099661,1.13686837721616e-13,0.647028243450922
1997,5,30,1.01665997505188,0,3.4156627280754,0,0.586369345627398
1997,5,31,36.7984504699707,0,18.8414275834803,0,19.10755281441
1997,6,1,48.0183448791504,-4.54747350886464e-13,42.4078190895743,0,30.7338415639188
1997,6,2,4.91623210906982,1.02318153949454e-12,27.2676894310571,0,7.42060516707776
1997,6,3,0.00197253795340657,-1.13686837721616e-13,2.47310134331201,0,3.59909460419576
1997,6,4,0.032625887542963,0,0.0158225160921575,0,2.29492830098999
1997,6,5,0.0158277582377195,0,0.0244414715780295,0,1.62768042493123
1997,6,6,0.835596680641174,0,0.407667555940861,0,1.28394667059792
1997,6,7,10.2832536697388,0,5.53054865774539,0,1.16262887495088
1997,6,8,5.02963161468506,0,7.67293139790854,0,1.75910803688219
1997,6,9,9.94935512542725,0,7.47370591916479,0,10.0895966713128
1997,6,10,0.643440425395966,-1.13686837721616e-13,6.17362931151365,0,3.70019276723496
1997,6,11,0.0706261321902275,0,0.366049348704109,0,2.08262215860766
1997,6,12,0.125686272978783,0,0.09251558500182,0,1.48614299667634
1997,6,13,0.636755228042603,0,0.356560859290767,0,1.18284850755872
1997,6,14,0.924110889434814,0,0.785674663879036,0,0.940212916264621
1997,6,15,0.00590473087504506,0,0.486814254818455,0,0.75823622279405
1997,6,16,3.23691201210022,0,1.62011080266166,0,0.707687141274446
1997,6,17,6.97151851654053,0,5.04815755365053,0,0.697577324970526
1997,6,18,14.7650213241577,0,10.7504700369864,0,2.29492830098999
1997,6,19,4.16280603408814,0,9.89616083076908,0,1.76921785318612
1997,6,20,0.0835006311535835,0,2.53232690145887,1.13686837721616e-13,1.11207979343127
1997,6,21,0.833400011062622,0,0.389827372771833,-1.13686837721616e-13,0.859334385833256
1997,6,22,15.8147640228271,1.13686837721616e-13,7.09371655636642,1.13686837721616e-13,2.31514793359783
1997,6,23,0.00312682194635272,-1.13686837721616e-13,7.95664870530527,-1.13686837721616e-13,1.25361722168616
1997,6,24,0,0,0.00161807105178013,0,0.869444202137177
1997,6,25,0.434103280305862,0,0.215766175093449,0,0.707687141274446
1997,6,26,7.06295585632324,0,3.71399157407723,0,1.16262887495088
1997,6,27,0.236098900437355,0,3.726127644808,0,0.788565671705811
1997,6,28,0.00107417942490429,1.13686837721616e-13,0.107612825209799,0,0.566149713019557
1997,6,29,0.118084438145161,-1.13686837721616e-13,0.0590522987185977,0,0.495380998892112
1997,6,30,2.18294286727905,0,0.936188370960735,1.13686837721616e-13,0.444831917372509
1997,7,1,6.83476734161377,-1.13686837721616e-13,4.13928992026194,-1.13686837721616e-13,0.414502468460747
1997,7,2,0.508899509906769,1.13686837721616e-13,3.67985884481095,0,0.374063203245064
1997,7,3,2.79131245613098,0,1.6369505747607,0,0.31340430542154
1997,7,4,0.188335001468658,0,1.56120133903823,0,0.272965040205858
1997,7,5,0.00336813158355653,0,0.101289521990111,0,0.242635591294096
1997,7,6,6.19287675363012e-05,0,0.00184996479947586,0,0.222415958686255
1997,7,7,0.0176433324813843,0,0.00843371317751007,0,0.202196326078413
1997,7,8,1.08041620254517,0,0.455124130436161,0,0.192086509774493
1997,7,9,6.47482395172119,0,3.72703355148042,0,0.181976693470572
1997,7,10,0.0273108799010515,0,3.56949052108394,0,0.171866877166651
1997,7,11,0.000214023631997406,0,0.0152758065487433,0,0.161757060862731
1997,7,12,0.00031444156775251,0,0.000263228721451014,0,0.141537428254889
1997,7,13,0,1.13686837721616e-13,0.000177164198248647,0,0.121317795647048
1997,7,14,0.0777611657977104,-1.13686837721616e-13,0.0279747423192021,0,0.121317795647048
1997,7,15,4.26413345336914,0,2.05272054724264,0,0.111207979343127
1997,7,16,0.00409434549510479,0,2.13516240710305,1.13686837721616e-13,0.101098163039207
1997,7,17,2.61488748947158e-05,0,0.00223588188237045,-1.13686837721616e-13,0.091999328365678
1997,7,18,0,0,1.46076126839034e-05,0,0.0798675488009732
1997,7,19,0.534399926662445,1.13686837721616e-13,0.241463772013958,0,0.0717796957578367
1997,7,20,0.000767874415032566,-1.13686837721616e-13,0.306513281477237,0,0.061669879453916
1997,7,21,0.000312186981318519,0,0.000600784464040771,0,0.0566149713019557
1997,7,22,6.99412631988525,0,3.35407113851034,0,0.0657138059754843
1997,7,23,12.9147758483887,0,9.7061670555413,0,0.0899773651048939
1997,7,24,3.35314178466797,0,9.3409213472296,0,0.111207979343127
1997,7,25,0.00301384460180998,0,1.96710120003627,0,0.0980652181480304
1997,7,26,4.02159139412106e-06,0,0.00195162514137337,0,0.0808785304313653
1997,7,27,0.672650098800659,0,0.282913923962042,0,0.101098163039207
1997,7,28,8.17392158508301,0,3.78919187939391,0,0.272965040205858
1997,7,29,0.147879868745804,0,4.93512200672194,0,0.121317795647048
1997,7,30,0.00384711194783449,0,0.0988358989634435,0,0.0778455855401891
1997,7,31,6.44765459583141e-05,0,0.00147804777952842,0,0.0505490815196033
1997,8,1,0.000637568475212902,0,0.00032778318200144,0,0.0394282835852906
1997,8,2,0.00567435054108501,0,0.00419476182651124,0,0.0293184672813699
1997,8,3,0.0559673085808754,0,0.0277078779108706,0,0.0272965040205858
1997,8,4,0.121900923550129,0,0.0960777727523237,0,0.0242635591294096
1997,8,5,0.0255614724010229,0,0.0510611893550959,0,0.0212306142382334
1997,8,6,0.000158845927217044,0,0.0155722870695172,0,0.0181976693470572
1997,8,7,0.00251037534326315,0,-0.0014998084770923,0,0.0161757060862731
1997,8,8,0.0335556007921696,0,-0.168941138712398,0,0.0131427611950969
1997,8,9,1.60874569416046,0,0.942423307180434,0,0.0121317795647048
1997,8,10,1.92219889163971,0,2.01870079156652,0,0.0131427611950969
1997,8,11,0.103577516973019,0,0.650853257764538,0,0.015164724455881
1997,8,12,1.49911725521088,0,-0.862637456160883,0,0.0171866877166651
1997,8,13,16.458158493042,0,12.0473681884505,0,0.0283074856509778
1997,8,14,4.22945070266724,0,9.04614029876393,0,0.0323514121725461
1997,8,15,4.96165037155151,0,4.3487106522698,0,0.0363953386941144
1997,8,16,6.24326324462891,0,5.54689699955634,0,0.0384173019548985
1997,8,17,17.9483070373535,0,11.9035854858193,0,0.363953386941144
1997,8,18,17.7631492614746,0,17.8573884188263,0,0.556039896715636
1997,8,19,0.448867708444595,0,10.0121577534082,0,0.212306142382334
1997,8,20,19.1502952575684,0,9.7595004632858,0,0.192086509774493
1997,8,21,0.247559353709221,0,9.69915359290462,0,0.394282835852906
1997,8,22,0.131171345710754,-1.13686837721616e-13,0.191714462856908,0,0.161757060862731
1997,8,23,0,1.13686837721616e-13,0.0739753227317124,0,0.101098163039207
1997,8,24,0.0903507769107819,0,0.0433228348301782,0,0.0717796957578367
1997,8,25,3.59537625312805,0,1.59766016832145,0,0.0576259529323478
1997,8,26,0.0695868358016014,0,1.86691767480806,0,0.0505490815196033
1997,8,27,5.00016784667969,0,2.44044069668598,0,0.0444831917372509
1997,8,28,0.259209096431732,0,2.67371859394916,0,0.0404392652156826
1997,8,29,0.356180310249329,0,0.306340818038734,0,0.0384173019548985
1997,8,30,0.00109838880598545,0,0.187956057048723,0,0.0333623938029382
1997,8,31,0.109527878463268,0,0.0495977106184,0,0.0293184672813699
1997,9,1,0.561342179775238,0,0.39235149992237,1.13686837721616e-13,0.0272965040205858
1997,9,2,0.0617518872022629,0,0.325577086056001,-1.13686837721616e-13,0.0272965040205858
1997,9,3,4.5063042640686,0,2.14129502794458,0,0.0262855223901937
1997,9,4,0.00509237125515938,0,2.57565701933709,0,0.0283074856509778
1997,9,5,0.000220740344957449,1.13686837721616e-13,0.00329947919090046,0,0.0242635591294096
1997,9,6,0,-1.13686837721616e-13,8.74391807883512e-05,0,0.0222415958686255
1997,9,7,0.0708917081356049,0,0.0377486918696377,0,0.0212306142382334
1997,9,8,3.4011824131012,0,1.62376637359193,0,0.0556039896715636
1997,9,9,5.93429136276245,0,4.56916818469108,0,0.15164724455881
1997,9,10,18.5314998626709,0,10.7183117935238,0,0.444831917372509
1997,9,11,0.71466988325119,0,9.68967517908459,0,0.192086509774493
1997,9,12,0.0105114039033651,0,0.370332081158267,0,0.0990761997784225
1997,9,13,0.024110559374094,0,0.0169738529402821,0,0.0586369345627398
1997,9,14,0.00382469571195543,0,0.0124165244196774,0,0.0394282835852906
1997,9,15,0.00931235868483782,0,0.00718368399247993,0,0.0272965040205858
1997,9,16,0,0,0.0053043061743665,0,0.0202196326078413
1997,9,17,0.215761572122574,1.13686837721616e-13,0.0919626905670157,1.13686837721616e-13,0.0161757060862731
1997,9,18,1.12377488613129,-1.13686837721616e-13,0.564316355306801,-1.13686837721616e-13,0.0131427611950969
1997,9,19,0.0188618656247854,0,0.676349987752474,0,0.0097054236517638
1997,9,20,0.232282280921936,0,0.1104307393216,0,0.0090988346735285
1997,9,21,0.0170296747237444,0,0.144192790965462,0,0.0095032273256854
1997,9,22,9.52884965954581e-06,0,0.0109762177999073,-1.13686837721616e-13,0.0081889512061757
1997,9,23,1.11164343357086,0,0.44874226450338,1.13686837721616e-13,0.0076834603909797
1997,9,24,2.33839535713196,-1.13686837721616e-13,1.68347956319485,0,0.0079867548800973
1997,9,25,0.00128945452161133,1.13686837721616e-13,1.2462532927093,0,0.007380165901862
1997,9,26,0.0165369976311922,-1.13686837721616e-13,0.00768020535178948,0,0.0066724787605876
1997,9,27,0.000597773003391922,1.13686837721616e-13,0.00611633430889924,0,0.0056614971301955
1997,9,28,0.00176453706808388,0,0.00125847800882184,0,0.0043472210106858
1997,9,29,1.83351421356201,0,0.828595599417895,0,0.0041450246846074
1997,9,30,0.00680556846782565,0,1.10279218400683,0,0.0031340430542154
1997,10,1,0.0044334358535707,0,0.00539088506411645,0,0.0024263559129409
1997,10,2,0.000461888121208176,0,0.0021106337189849,0,0.0021230614238233
1997,10,3,0.0200256761163473,0,0.0101521416618198,0,0.0019208650977449
1997,10,4,0.000257360399700701,0,0.0120747287073755,0,0.0017186687716665
1997,10,5,0,0,0.000121185807074653,1.13686837721616e-13,0.0016175706086273
1997,10,6,7.85554148023948e-05,0,5.43185160495341e-05,-1.13686837721616e-13,0.0014153742825488
1997,10,7,0.000464199983980507,0,0.000250352666625986,0,0.0013142761195096
1997,10,8,1.03977499747998e-05,0,0.000272588506049942,0,0.0012131779564704
1997,10,9,0.413993120193481,0,0.17002026816408,0,0.0019208650977449
1997,10,10,3.12277626991272,0,1.55252205597208,0,0.0040439265215682
1997,10,11,2.04218758881325e-05,0,1.69753337373186,0,0.0037406320324506
1997,10,12,0.0015397930983454,0,0.000889202288817614,0,0.0033362393802938
1997,10,13,1.5536824464798,0,0.489292293474136,0,0.0030329448911762
1997,10,14,11.7873010635376,0,6.32758637233928,0,0.0060658897823524
1997,10,15,0.0168568845838308,0,6.49626356759836,0,0.0054593008041171
1997,10,16,0.0332045219838619,0,0.027178547486983,0,0.0047516136628427
1997,10,17,0.0204674061387777,0,0.0252411027795461,0,0.0042461228476466
1997,10,18,2.62770499830367e-05,0,0.0141806825668027,0,0.0038417301954898
1997,10,19,9.54970073507866e-06,0,-0.000141860815347172,0,0.003437337543333
1997,10,20,0.0025552527513355,0,0.000927097793464782,0,0.0031340430542154
1997,10,21,0.00289605255238712,0,0.00286911144576152,0,0.0028307485650977
1997,10,22,0,0,0.00135769922053441,0,0.0026285522390193
1997,10,23,0.00719191925600171,0,-0.104895066397148,0,0.0024263559129409
1997,10,24,1.66694843769073,0,0.428135853166168,0,0.0050549081519603
1997,10,25,4.65440320968628,0,2.77121826448638,0,0.0101098163039207
1997,10,26,4.68318128585815,0,4.70855902430412,0,0.0111207979343127
1997,10,27,4.04935884475708,0,4.78010655867547,0,0.0202196326078413
1997,10,28,0.0095412153750658,0,1.99639177267454,0,0.0161757060862731
1997,10,29,2.32908078032779e-05,0,0.00462634106224868,0,0.0111207979343127
1997,10,30,0.000789038371294737,0,-0.137014225187158,0,0.015164724455881
1997,10,31,1.38899576663971,0,0.251344632277323,0,0.0202196326078413
1997,11,1,5.98748111724854,0,3.63841564896575,0,0.0262855223901937
1997,11,2,6.88171195983887,-1.13686837721616e-13,6.44212269260606,0,0.0212306142382334
1997,11,3,3.0556526184082,1.13686837721616e-13,4.97054049505823,0,0.0353843570637223
1997,11,4,0.924148380756378,0,1.99428693826849,0,0.0252745407598017
1997,11,5,0.0656256750226021,0,0.649550425834605,0,0.0181976693470572
1997,11,6,0.729487657546997,0,0.294359076538967,0,0.0141537428254889
1997,11,7,1.52150273323059,0,1.07735832521576,0,0.0293184672813699
1997,11,8,0.331051230430603,0,1.05432492317414,0,0.0252745407598017
1997,11,9,0.00301655707880855,0,0.158374034792359,0,0.0212306142382334
1997,11,10,0.0879911482334137,0,0.0278943438388524,0,0.0181976693470572
1997,11,11,0.11698242276907,0,0.102620874167769,0,0.015164724455881
1997,11,12,0.00363079248927534,0,0.0710508540323644,0,0.0131427611950969
1997,11,13,2.44411325454712,0.00128998327124918,1.03319804035709,0,0.0242635591294096
1997,11,14,9.89665699005127,0.00152283723389246,6.16620684427835,0,0.0404392652156826
1997,11,15,0.845538020133972,0,5.3768290507287,0,0.0353843570637223
1997,11,16,1.41468369960785,0.0628665797764825,1.06463023823744,0,0.030329448911762
1997,11,17,0.103049747645855,0.115163229436462,0.654094638517563,0,0.0242635591294096
1997,11,18,0.000912439951207489,0.0536172326947053,0.000230392863159068,1.13686837721616e-13,0.0192086509774493
1997,11,19,0.000181744311703369,0.000218265395574235,0.000330810031300643,0.256831954757899,0.0252745407598017
1997,11,20,0.00196723034605384,0,0.00109957172026043,0,0.0374063203245064
1997,11,21,1.72481179237366,0,0.735414136262989,0,0.060658897823524
1997,11,22,6.92650270462036,0,4.32544675855752,0,0.0738016590186208
1997,11,23,0.0231030117720366,1.13686837721616e-13,3.47796580468639,0,0.0788565671705811
1997,11,24,0.00319553632289171,-1.13686837721616e-13,0.0141193228846532,0,0.101098163039207
1997,11,25,0.000160557829076424,0,0.00171917820262024,0,0.0748126406490129
1997,11,26,0.125176221132278,0,0.061082848424121,0,0.0444831917372509
1997,11,27,0.0440007895231247,0,0.0773460332602554,0,0.0444831917372509
1997,11,28,0.259355694055557,0,0.174800020842667,0,0.0363953386941144
1997,11,29,0.898490607738495,0,0.578902728491812,0,0.0323514121725461
1997,11,30,14.3710165023804,1.13686837721616e-13,7.34001331922627,0,0.0414502468460747
1997,12,1,3.98752689361572,-1.13686837721616e-13,9.17976927606651,0,0.121317795647048
1997,12,2,0.0352650098502636,0,2.06284345631866,0,0.181976693470572
1997,12,3,1.21878480911255,0,0.610006142280327,0,0.121317795647048
1997,12,4,4.57150840759277,0,2.89492488168253,0,0.0950322732568542
1997,12,5,0.646975934505463,0.00636953728235312,2.63128181216598,1.13686837721616e-13,0.0839114753225415
1997,12,6,0.817127287387848,0.391392986489109,0.335658236675954,-1.13686837721616e-13,0.076834603909797
1997,12,7,0.164322182536125,0.466281417463506,0.0270502158564341,0,0.075823622279405
1997,12,8,0.0767944157123566,0.0619082863649965,0.0611831342503137,0,0.0647028243450922
1997,12,9,1.0546270608902,0.00423325640758776,0.542326365310146,-1.13686837721616e-13,0.0596479161931319
1997,12,10,8.57682800292969,2.27373675443232e-13,4.80581430279199,0.956671999395553,0.0748126406490129
1997,12,11,0.704858124256134,-1.13686837721616e-13,4.67178144426362,0,0.101098163039207
1997,12,12,0.0118001690134406,1.13686837721616e-13,0.360274789996765,0,0.192086509774493
1997,12,13,0.000146646416396834,0,0.00597363761698944,0,0.141537428254889
1997,12,14,0.000771789927966893,3.53645357336063e-05,0.000396407504013041,0,0.111207979343127
1997,12,15,0.00294143357314169,3.99963593054054e-05,0.00178226368007017,0,0.091999328365678
1997,12,16,0.00066769594559446,0,0.00180848771924502,0,0.0859334385833256
1997,12,17,0.000181848721695133,0,0.000372190224879887,0,0.0707687141274446
1997,12,18,0.000289788818918169,0,0.000238572083617328,0,0.060658897823524
1997,12,19,6.20558494119905e-05,0,0.000159819282998797,0,0.0596479161931319
1997,12,20,0.985511958599091,0,0.486586354178144,0,0.0586369345627398
1997,12,21,0.164719209074974,0,0.62232193814998,0,0.0535820264107795
1997,12,22,7.07313251495361,0,2.98534242152527,0,0.0545930080411716
1997,12,23,2.15640330314636,0,4.62450627617,0,0.0596479161931319
1997,12,24,2.36552286148071,-1.13686837721616e-13,2.25985759072137,0,0.0899773651048939
1997,12,25,12.6462068557739,2.27373675443232e-13,7.42261316571967,0,0.545930080411716
1997,12,26,0.937760770320892,2.27373675443232e-13,6.7922153313375,-3.41060513164848e-13,0.687467508666605
1997,12,27,0.0201584491878748,0,0.487252393442759,1.13686837721616e-13,0.404392652156826
1997,12,28,0.0250065866857767,0.00665615328068725,0.0158627658383921,-1.13686837721616e-13,0.293184672813699
1997,12,29,0.0211911089718342,0.0105615592483446,0.012526567094028,0,0.242635591294096
1997,12,30,0.868466734886169,0.172921200199767,0.271572411169473,0,0.212306142382334
1997,12,31,0.754260420799255,0.542442688503456,0.270018960312882,0,0.161757060862731
1998,1,1,0.317052751779556,0.53829844708423,0,0,0.141537428254889
1998,1,2,0.00195836299099028,0.159173782598486,0.000975182618276449,0.228104996029629,0.131427611950969
1998,1,3,0.393799543380737,0,0.197866675214755,1.23391158905667,0.121317795647048
1998,1,4,0.0919269472360611,1.13686837721616e-13,0.246822958786652,0,0.121317795647048
1998,1,5,1.00946724414825,-1.13686837721616e-13,0.539858826392447,0,0.121317795647048
1998,1,6,9.8300199508667,0,5.32866565670702,0,0.374063203245064
1998,1,7,20.1616840362549,0,14.3783040838862,0,2.92173691183307
1998,1,8,24.4372673034668,-6.82121026329696e-13,22.2993620323723,-1.36424205265939e-12,7.13753031056799
1998,1,9,1.12002789974213,0,12.7810898177304,-1.13686837721616e-13,3.40700809442126
1998,1,10,0.0464884825050831,0,0.651674322023609,0,1.81976693470572
1998,1,11,0.00762846600264311,0.00203845907276445,0.0251246394836926,0,1.2232877727744
1998,1,12,0.382380723953247,0.00204963783630774,0.192941892702947,0,0.940212916264621
1998,1,13,2.13111758232117,0,1.25643904371464,0.0100205236595912,0.788565671705811
1998,1,14,0.0111885601654649,0.00558586095121427,1.06716240764217,-2.27373675443232e-13,0.647028243450922
1998,1,15,0.98591148853302,0.00568060150749261,0.485349288825091,0,0.626808610843081
1998,1,16,0.0390394441783428,0,0.539291677476285,0,0.545930080411716
1998,1,17,0.750432312488556,0,0.393905730688857,-1.13686837721616e-13,0.45494173367643
1998,1,18,0.468111574649811,0.0120483112765442,0.596670488695963,1.13686837721616e-13,0.394282835852906
1998,1,19,0.261963456869125,0.0834391698509762,0.281855607150646,0,0.343733754333302
1998,1,20,0.00340043054893613,0.0737987320395632,0.0605728869595623,0,0.31340430542154
1998,1,21,0.0392083413898945,0.00173301443794571,0.0192296612040082,0,0.293184672813699
1998,1,22,0.884865283966065,0.0004402357045592,0.444354872379336,0.246300606593763,0.283074856509778
1998,1,23,9.82860469818115,0,5.33318979575051,0,0.626808610843081
1998,1,24,0.0440261512994766,1.13686837721616e-13,4.93855995894046,1.13686837721616e-13,0.960432548872463
1998,1,25,0.0616887100040913,0,0.0527845691394759,0,0.727906773882288
1998,1,26,0,0,0.0309826309276104,0,0.586369345627398
1998,1,27,0.0282624550163746,1.13686837721616e-13,0.0132996851170901,1.13686837721616e-13,0.505490815196033
1998,1,28,0.00250017130747438,-1.13686837721616e-13,0.0150995526419138,-1.13686837721616e-13,0.45494173367643
1998,1,29,0.00827625952661037,0,0.00506670491449768,0,0.424612284764668
1998,1,30,0.0358115397393703,0,0.0220315579208545,0,0.384173019548985
1998,1,31,0.229175984859467,0,0.122789896737231,0,0.333623938029382
1998,2,1,0.0229145158082247,0,0.127374207022513,-1.13686837721616e-13,0.30329448911762
1998,2,2,0.0019270732300356,0,0.0133307615724334,0,0.293184672813699
1998,2,3,0,0,0.000963751670497004,0,0.272965040205858
1998,2,4,1.17113792896271,0,0.584935264661908,0,0.262855223901937
1998,2,5,7.65492391586304,0.613661756454917,3.48779788547836,2.27373675443232e-13,0.293184672813699
1998,2,6,3.16548442840576,0.681563538087517,4.73741301007613,-2.27373675443232e-13,0.283074856509778
1998,2,7,0.00730708753690124,2.27373675443232e-13,1.74294005173215,3.41060513164848e-13,0.262855223901937
1998,2,8,0.411766439676285,0,0.207712486557284,0,0.262855223901937
1998,2,9,0.629185974597931,0,0.53132001580525,-1.13686837721616e-13,0.283074856509778
1998,2,10,0.0235041100531817,0,0.326746489125071,0.92937598217452,0.374063203245064
1998,2,11,2.13673448562622,0,1.07183827118206,0.372703570246017,0.727906773882288
1998,2,12,8.16101264953613,0,5.12214017477527,0,1.96130436296061
1998,2,13,0.0545310564339161,0,4.12724302344577,0,1.47603318037242
1998,2,14,0.000689739768858999,0,0.0307019351894269,0,1.04131107930383
1998,2,15,0.0498308427631855,0,0.0241111633913533,0,0.808785304313653
1998,2,16,1.13967728614807,0,0.591480571230932,0,0.738016590186208
1998,2,17,3.73720192909241,0,2.40252426537336,0,0.839114753225415
1998,2,18,15.3072576522827,0,9.52218812860883,0,2.22415958686255
1998,2,19,1.30389034748077,0,8.3119651192319,0,2.4971246270684
1998,2,20,3.07778716087341,0,2.18099527511367,0,1.77932766949004
1998,2,21,0.727865517139435,0,1.90311848406054,0,1.49625281298026
1998,2,22,0.0123488698154688,0,0.382884332495451,0,1.2232877727744
1998,2,23,0.169192641973495,0,0.0813420298982237,0,1.08175034451951
1998,2,24,0.306428372859955,0,0.234592030210479,0,0.91999328365678
1998,2,25,0.227979451417923,0,0.267490781458037,0,0.76834603909797
1998,2,26,0.133311912417412,0,0.182010310276382,0,0.697577324970526
1998,2,27,1.62139356136322,0,0.814108519287402,0,0.687467508666605
1998,2,28,0.0745315477252007,0,0.889523975707562,-1.13686837721616e-13,0.586369345627398
1998,3,1,0.0488113611936569,0,0.0616760363627691,1.13686837721616e-13,0.505490815196033
1998,3,2,0.0411130823194981,0,0.0451490477753396,0,0.46505154998035
1998,3,3,0.505521595478058,1.13686837721616e-13,0.272519111043948,0,0.434722101068588
1998,3,4,1.0491760969162,-1.13686837721616e-13,0.777053056161094,0,0.414502468460747
1998,3,5,2.44531059265137,0,1.72042332939964,0,0.374063203245064
1998,3,6,0,0,1.36345470435481,0,0.333623938029382
1998,3,7,0.230843737721443,0,0.115152305726951,0,0.323514121725461
1998,3,8,8.40778636932373,0,3.98510897310553,0,0.384173019548985
1998,3,9,24.3220653533936,0,16.3462868753595,0,4.19557376612707
1998,3,10,3.49599838256836,0.620958278191097,13.2899882759157,0,3.30590993138206
1998,3,11,0.277117520570755,0.770023576947324,1.1511983657183,0,1.82987675100964
1998,3,12,0.353173792362213,0.314442008156561,0,0,1.273836854294
1998,3,13,0.00351274153217673,0.179716460408599,0,0,1.07164052821559
1998,3,14,0.0030867422465235,0.00208061072839882,0.00125845258298796,0,0.980652181480304
1998,3,15,0.000603846739977598,0,0.00192728724869085,0,0.788565671705811
1998,3,16,0,0,0.000310015420836862,0.0890179671172291,0.707687141274446
1998,3,17,5.33970928192139,2.27373675443232e-13,2.62823579486212,1.69269165383332,0.717796957578367
1998,3,18,16.6456642150879,0,10.9918033994181,0.183760504905877,1.88042583252924
1998,3,19,5.94576501846314,0,11.3009324890481,0,3.47777680854871
1998,3,20,7.89961051940918,0,6.92127586878996,-1.13686837721616e-13,3.75074184875456
1998,3,21,8.01007461547852,0,7.95483700947443,3.41060513164848e-13,5.06501796826425
1998,3,22,1.67723119258881,-1.13686837721616e-13,4.85496951942332,-1.13686837721616e-13,2.82063874879386
1998,3,23,0.395794600248337,0,1.04947104370513,0,1.910755281441
1998,3,24,2.35277366638184,0,1.30071125048562,0,1.55691171080378
1998,3,25,0.465882837772369,2.27373675443232e-13,1.4423418072729,3.41060513164848e-13,1.33449575211753
1998,3,26,0.37756809592247,0,0.422311534806795,0,1.18284850755872
1998,3,27,0.00176478095818311,-1.13686837721616e-13,0.197503109287936,-1.13686837721616e-13,1.02109144669599
1998,3,28,2.65031576156616,0,1.30695961273159,0,0.960432548872463
1998,3,29,1.09934258460999,0,1.89633640801549,0,0.829004936921494
1998,3,30,0.00765935471281409,0,0.564346908351581,0,0.727906773882288
1998,3,31,0.451506584882736,0,0.245648500727839,0,0.707687141274446
1998,4,1,13.2252683639526,0,6.80162999240565,0,1.02109144669599
1998,4,2,0.0418103933334351,0,6.65831123681346,0,0.91999328365678
1998,4,3,0.945188820362091,0,0.491981589362695,0,0.748126406490129
1998,4,4,5.82281112670898,0,3.13756199020645,0,0.899773651048939
1998,4,5,0.0462495237588882,0,3.06840578481206,0,0.808785304313653
1998,4,6,0.00122839421965182,0,0.0260078204955789,0,0.717796957578367
1998,4,7,0.629739284515381,0,0.345144220900693,0,0.667247876058764
1998,4,8,14.2330741882324,0,6.88088656077889,0,0.707687141274446
1998,4,9,27.8584175109863,0,21.0457452853734,-1.13686837721616e-13,4.67073513241134
1998,4,10,12.1996650695801,0,20.0297611413844,0,6.60171004646019
1998,4,11,0.142444223165512,0,6.18125956358563,0,2.97228599335267
1998,4,12,0.000118764226499479,1.13686837721616e-13,0.0716302791006456,0,1.89053564883316
1998,4,13,0.000422314857132733,-1.13686837721616e-13,0.00026829359921976,0,1.43559391515673
1998,4,14,4.77456998825073,0,2.37348923411992,0,1.24350740538224
1998,4,15,3.13594627380371,0,3.9672464333853,0,1.30416630320577
1998,4,16,50.3487548828125,0,26.7421144667678,1.13686837721616e-13,22.9492830098999
1998,4,17,2.78322744369507,1.13686837721616e-13,26.5675949764191,0,6.15687812908768
1998,4,18,0.0534675195813179,-1.13686837721616e-13,1.49041476302227,-1.13686837721616e-13,3.09360378899972
1998,4,19,1.43352806568146,0,0.706009015109885,0,2.11295160751942
1998,4,20,0.149543091654778,0,0.855932438866148,0,1.54680189449986
1998,4,21,0.461776524782181,0,0.303479609658098,0,1.25361722168616
1998,4,22,5.04574394226074,1.13686837721616e-13,2.69526310880246,1.13686837721616e-13,1.14240924234303
1998,4,23,3.07611036300659,-1.13686837721616e-13,4.20034836009654,-1.13686837721616e-13,1.55691171080378
1998,4,24,0.014384119771421,0,1.55386770050609,0,1.29405648690184
1998,4,25,0.137764990329742,0,0.0617279060352303,0,1.05142089560775
1998,4,26,2.54458713531494,0,1.31362835478285,0,0.950322732568542
1998,4,27,6.45840978622437,0,4.40697027045462,0,0.849224569529335
1998,4,28,1.7896398276207e-05,0,3.44169961103762,0,0.717796957578367
1998,4,29,2.00313377380371,0,0.961236356550216,0,0.697577324970526
1998,4,30,19.8827133178711,0,9.52697571138924,0,3.76085166505849
1998,5,1,10.4937906265259,0,15.1884478967222,1.13686837721616e-13,4.46853880633293
1998,5,2,4.12501335144043,0,7.40317620688074,-1.13686837721616e-13,2.99250562596052
1998,5,3,1.10662257671356,-1.13686837721616e-13,2.96761014076401,0,1.92086509774493
1998,5,4,4.29014682769775,1.13686837721616e-13,2.60363252104798,0,1.78943748579396
1998,5,5,0.780985295772553,0,2.77532045562111,0,1.35471538472537
1998,5,6,1.04946792125702,0,0.912297916591342,0,1.09186016082343
1998,5,7,9.04242134094238,0,4.84220921173255,0,2.99250562596052
1998,5,8,22.169942855835,0,15.6047251957862,0,5.88391308888182
1998,5,9,1.1264363527298,0,11.6930113294911,0,2.87118783031347
1998,5,10,0.055033378303051,0,0.628051903928281,0,1.910755281441
1998,5,11,0.136745691299438,0,0.0952043608704116,1.13686837721616e-13,1.40526446624497
1998,5,12,0.0163043029606342,0,0.084418834081589,-1.13686837721616e-13,1.12218960973519
1998,5,13,0.994584381580353,0,0.450826624153706,-1.13686837721616e-13,0.960432548872463
1998,5,14,0.478578805923462,0,0.746429403952789,1.13686837721616e-13,0.808785304313653
1998,5,15,2.91090564132901e-05,0,0.250444069370133,0,0.707687141274446
1998,5,16,0.024651600047946,0,0.0122728642527363,-1.13686837721616e-13,0.647028243450922
1998,5,17,1.13842424980248e-05,0,0.0124071798891237,1.13686837721616e-13,0.545930080411716
1998,5,18,4.71947678306606e-05,0,2.88980409095529e-05,0,0.475161366284271
1998,5,19,1.0492959022522,0,0.633039530974202,0,0.434722101068588
1998,5,20,11.1057424545288,0,5.71860870527598,0,0.45494173367643
1998,5,21,0.429728835821152,0,5.79233286289309,0,0.404392652156826
1998,5,22,0.576219916343689,0,0.498384018028446,0,0.374063203245064
1998,5,23,29.7629108428955,0,13.5771126139771,0,2.74987003466642
1998,5,24,13.2433290481567,-1.13686837721616e-13,21.5309318987383,0,11.5251905864696
1998,5,25,4.27734470367432,1.13686837721616e-13,8.77771630674397,0,6.19731739430337
1998,5,26,0.0298257321119308,0,2.15597021414214,0,2.66899150423505
1998,5,27,0.167346522212029,0,0.0864678610414558,0,1.69844913905867
1998,5,28,0.00132879358716309,0,0.0867333453679748,0,1.23339758907832
1998,5,29,0.0644712671637535,0,0.0326436039758846,0,0.980652181480304
1998,5,30,5.57235145568848,0,2.78125307085429,0,3.06327434008796
1998,5,31,0.730209052562714,0,3.23230485637396,0,1.45581354776458
1998,6,1,2.55921053886414,0,1.43174754956999,0,1.49625281298026
1998,6,2,0.201417818665504,0,1.41932211879248,0,0.980652181480304
1998,6,3,0.98388808965683,0,0.63045764657727,0,0.727906773882288
1998,6,4,1.77306604385376,0,1.42129059394574,0,0.61669879453916
1998,6,5,5.04539346694946,0,3.38963693996266,0,0.636918427147002
1998,6,6,4.86850786209106,0,4.94626512634568,0,0.707687141274446
1998,6,7,0.0251372735947371,0,2.5145629039398,0,0.525710447803874
1998,6,8,0.287829548120499,0,0.167545081141725,0,0.444831917372509
1998,6,9,17.492488861084,0,8.767127282601,0,3.16437250312717
1998,6,10,6.24971008300781,0,11.8734867894636,0,4.99424925413681
1998,6,11,11.8091983795166,0,8.81666699458947,0,17.6921785318612
1998,6,12,28.7953815460205,0,20.2838343369585,0,19.4108473035277
1998,6,13,19.6225872039795,0,24.2090738607876,0,16.0746079232338
1998,6,14,2.24642038345337,0,11.8850908223176,0,5.04479833565641
1998,6,15,29.1027240753174,0,15.3255290472262,0,20.2196326078413
1998,6,16,10.6351413726807,0,19.8804639622031,0,5.05490815196033
1998,6,17,3.97848677635193,0,7.35038315628117,0,3.33623938029382
1998,6,18,0.966724932193756,0,2.74100087683109,0,1.99163381187237
1998,6,19,19.7379837036133,0,9.21095225374665,0,8.46191624638159
1998,6,20,0.205598294734955,0,10.423743663905,0,3.26547066616637
1998,6,21,2.9464271068573,0,1.48247403761707,0,1.96130436296061
1998,6,22,1.11503088474274,0,2.04966540574969,0,1.60746079232339
1998,6,23,22.9347801208496,1.13686837721616e-13,11.9132547714435,0,18.7031601622532
1998,6,24,0.306726694107056,-1.13686837721616e-13,12.8256820231545,-1.13686837721616e-13,3.77096148136241
1998,6,25,0.00114189507439733,0,0.173284835709637,1.13686837721616e-13,2.00174362817629
1998,6,26,0.00591196632012725,0,0.00339206581702456,0,1.38504483363713
1998,6,27,0.000545319635421038,-1.13686837721616e-13,0.00327543610183056,0,1.08175034451951
1998,6,28,0.0979968756437302,0,0.052153469168843,0,0.879554018441097
1998,6,29,2.88984990119934,0,1.48700590975932,0,0.75823622279405
1998,6,30,10.9802045822144,0,6.8908902885596,-1.13686837721616e-13,0.808785304313653
1998,7,1,0.503359496593475,1.13686837721616e-13,6.11062817775746,1.13686837721616e-13,0.667247876058764
1998,7,2,0.000185821147169918,0,0.259882132781058,0,0.545930080411716
1998,7,3,0.052144180983305,0,0.0248558748862706,0,0.45494173367643
1998,7,4,17.4725131988525,0,7.73885491095643,0,2.52745407598017
1998,7,5,0.889128029346466,0,9.18649404726239,0,1.41537428254889
1998,7,6,0.000533817568793893,0,0.457581608137843,0,0.707687141274446
1998,7,7,3.43952250480652,0,1.52887721723164,0,0.525710447803874
1998,7,8,7.38750267028809,0,5.38783914370288,0,1.58724115971554
1998,7,9,1.45105135440826,0,4.46646872249767,0,2.22415958686255
1998,7,10,0.00657569756731391,0,0.756742093170033,0,0.798675488009732
1998,7,11,0.00249341316521168,0,0.00453649863993633,0,0.545930080411716
1998,7,12,0.00217730645090342,0,0.00235018344028504,0,0.424612284764668
1998,7,13,0.000111030123662204,0,0.00121794858205249,0,0.353843570637223
1998,7,14,0.224830225110054,0,0.0985261773312232,0,0.31340430542154
1998,7,15,1.81064784526825,0,1.14151163502538,0,0.293184672813699
1998,7,16,1.38461661338806,0,1.63264077399799,0,0.353843570637223
1998,7,17,0.411024898290634,0,0.904224574911495,0,0.343733754333302
1998,7,18,0.347330868244171,0,0.376764774926414,0,0.252745407598017
1998,7,19,0.70873749256134,0,0.533316369364911,0,0.212306142382334
1998,7,20,46.439624786377,0,23.4444347940153,0,2.47690499446056
1998,7,21,2.94581031799316,0,24.6979681552075,0,0.849224569529335
1998,7,22,4.49359226226807,0,3.73891690019809,0,0.535820264107795
1998,7,23,8.26722240447998,1.13686837721616e-13,6.01622129241514,0,2.03207307708805
1998,7,24,0.0640896037220955,-1.13686837721616e-13,4.20276542366264,0,0.839114753225415
1998,7,25,0.0011603346792981,0,0.0334869629332388,0,0.45494173367643
1998,7,26,0.000335288030328229,0,0.000726945108908694,0,0.31340430542154
1998,7,27,0.00136919470969588,0,0.000832653207908152,0,0.252745407598017
1998,7,28,0,0,0.000744819892133819,0,0.212306142382334
1998,7,29,0.228406801819801,0,0.0939871172158746,0,0.192086509774493
1998,7,30,2.73307347297668,0,1.37974553126332,0,0.171866877166651
1998,7,31,5.65188932418823,0,4.03481956948235,1.13686837721616e-13,0.181976693470572
1998,8,1,0.00182148232124746,0,2.96316394471069,-1.13686837721616e-13,0.15164724455881
1998,8,2,0.00263745780102909,0,0.0022994510436547,0,0.121317795647048
1998,8,3,0,0,0.00101005889155203,0,0.111207979343127
1998,8,4,0.390757203102112,0,0.242609858338255,0,0.0960432548872463
1998,8,5,2.65309834480286,0,1.49125133410416,0,0.0909883467352859
1998,8,6,4.30362892150879,0,3.59618419436083,0,0.0960432548872463
1998,8,7,17.3217468261719,0,10.6602918182325,0,0.61669879453916
1998,8,8,5.51767587661743,0,11.43252103946,0,0.576259529323478
1998,8,9,7.33132266998291,0,6.31031173162046,0,0.535820264107795
1998,8,10,5.14280986785889,-1.13686837721616e-13,6.26714828117838,0,0.798675488009732
1998,8,11,1.99160814285278,1.13686837721616e-13,3.57817097975931,0,0.717796957578367
1998,8,12,0.00723670143634081,0,1.00087584922585,0,0.31340430542154
1998,8,13,0.0074414499104023,0,0.00733131120432518,0,0.202196326078413
1998,8,14,0,0,0.00381203698270838,0,0.15164724455881
1998,8,15,0,0,0,0,0.121317795647048
1998,8,16,0.241462737321854,0,0.127401309247944,0,0.101098163039207
1998,8,17,0.343790233135223,0,0.284315834494919,0,0.0889663834745018
1998,8,18,0.601853907108307,0,0.454205366801034,0,0.0778455855401891
1998,8,19,0.0255018025636673,1.13686837721616e-13,0.372954143309471,0,0.0677357692362684
1998,8,20,0.000152232780237682,-1.13686837721616e-13,0.00915058083410258,0,0.0576259529323478
1998,8,21,0.00107324321288615,0,0.000692540943418862,0,0.0515600631499954
1998,8,22,0,0,0.000518114255100954,0,0.046505154998035
1998,8,23,0.00126337923575193,0,0.000621220282482682,-1.13686837721616e-13,0.0434722101068588
1998,8,24,0.319828629493713,0,0.132128487035516,0,0.0323514121725461
1998,8,25,6.19112777709961,0,3.24727121396063,1.13686837721616e-13,0.0414502468460747
1998,8,26,0.499043017625809,0,3.39736160202665,0,0.0353843570637223
1998,8,27,0.0119796693325043,0,0.256485516521934,0,0.0293184672813699
1998,8,28,0.00138123193755746,0,0.00682720627446543,0,0.0242635591294096
1998,8,29,1.39537310600281,0,0.690963005530648,0,0.0323514121725461
1998,8,30,0.0142812803387642,1.13686837721616e-13,0.825036812213511,0,0.0293184672813699
1998,8,31,0.0104540707543492,-1.13686837721616e-13,0.0118741319711262,0,0.0262855223901937
1998,9,1,0.0667688474059105,0,0.039706419029244,0,0.0222415958686255
1998,9,2,0.024801466614008,1.13686837721616e-13,0.0460058426397154,0,0.0192086509774493
1998,9,3,0.00236460193991661,-1.13686837721616e-13,0.0163026770496799,0,0.0161757060862731
1998,9,4,0.151096016168594,0,0.0840679092725623,0,0.0141537428254889
1998,9,5,0.0979274585843086,0,0.127190479382989,0,0.0131427611950969
1998,9,6,0.00403556972742081,1.13686837721616e-13,0.041898096078512,0,0.0121317795647048
1998,9,7,0.904822647571564,-1.13686837721616e-13,0.419305748942861,0,0.0111207979343127
1998,9,8,0.361292272806168,0,0.614426116902905,-1.13686837721616e-13,0.0111207979343127
1998,9,9,4.59413558928645e-06,0,0.180653909425018,1.13686837721616e-13,0.0101098163039207
1998,9,10,0.000756817113142461,0,0.000519508776051225,0,0.009301030999607
1998,9,11,0.0075746001675725,0,0.00306115057173884,0,0.0084922456952933
1998,9,12,0.000875322031788528,0,0.00265607207984431,0,0.0078856567170581
1998,9,13,0.000130408647237346,0,0.000468901780550368,0,0.0072790677388228
1998,9,14,3.84138293156866e-05,0,9.52012887864839e-05,0,0.0066724787605876
1998,9,15,0,0,2.00922149815597e-05,0,0.0061669879453916
1998,9,16,0.416889518499374,0,0.196319572158245,0,0.0057625952932347
1998,9,17,0.985815227031708,0,0.65126988508564,0,0.0053582026410779
1998,9,18,1.02479732036591,0,1.01003280855002,0,0.0047516136628427
1998,9,19,0.222688183188438,0,0.709629170582048,0,0.0051560063149995
1998,9,20,2.01151251792908,0,0.993955067391653,0,0.00636918427147
1998,9,21,3.73260641098022,0,2.82362625265159,0,0.0052571044780387
1998,9,22,4.1249270439148,0,4.04200845755986,0,0.0048527118258819
1998,9,23,0.034543976187706,0,2.84984951700244,0,0.0038417301954898
1998,9,24,0.000185470882570371,0,0.0231321044084325,0,0.004448319173725
1998,9,25,0.836155235767365,0,0.276638048628229,0,0.0052571044780387
1998,9,26,0.140157699584961,0,0.634361397795146,0,0.0045494173367643
1998,9,27,0.0608430802822113,0,0.0839447405742249,0,0.0032351412172546
1998,9,28,0.0118367094546556,0,0.045072414635797,0,0.0027296504020585
1998,9,29,0.00599433714523912,0,0.00870831231077318,0,0.0022241595868625
1998,9,30,0.00456898799166083,0,-0.00558023319172207,0,0.0019208650977449
1998,10,1,0.0912957191467285,0,0.0690159456644324,0,0.0017186687716665
1998,10,2,0.00241041625849903,0,-0.4528204810631,0,0.0015164724455881
1998,10,3,3.96998524665833,0,2.07594844672349,0,0.0022241595868625
1998,10,4,6.99698352813721,0,5.83676418351752,0,0.0035384357063722
1998,10,5,0.0493083447217941,0,4.6667429857589,0,0.0030329448911762
1998,10,6,0.106007024645805,0,-0.141249492724455,0,0.0023252577499017
1998,10,7,11.445839881897,0,4.74585097222371,0,0.0029318467281369
1998,10,8,10.3832378387451,0,11.3682498445523,0,0.003942828358529
1998,10,9,0.0480306856334209,0,6.12262214643488,0,0.0081889512061757
1998,10,10,0.00877202954143286,0,-0.293417447181128,0,0.0111207979343127
1998,10,11,0.00532821472734213,0,0.00612747903505806,0,0.0095032273256854
1998,10,12,0.00145423342473805,0,0.00363530919639743,0,0.0083911475322541
1998,10,13,0,0,0.000737475860660197,0,0.007380165901862
1998,10,14,2.52154177360353e-06,0,-4.47534039267339e-05,0,0.0071779695757836
1998,10,15,0.00451736757531762,0,0.00184919972161879,0,0.0067735769236268
1998,10,16,0.000998326344415545,0,0.00322020315070404,0,0.00636918427147
1998,10,17,0.000320968159940094,0,0.000610490205872338,0,0.0061669879453916
1998,10,18,2.7329797744751,0,1.11797329316687,0,0.0082900493692149
1998,10,19,10.0143957138062,0,5.7971564124091,0,0.0111207979343127
1998,10,20,0.00646896241232753,0,5.59267766421181,0,0.0121317795647048
1998,10,21,0.419029772281647,0,-0.00231278315550298,0,0.0161757060862731
1998,10,22,0.926903009414673,0,0.800530814849481,0,0.0192086509774493
1998,10,23,7.3015115049202e-05,0,0.40563944726091,0,0.015164724455881
1998,10,24,0.00625003688037396,0,0.00354248010989977,0,0.0141537428254889
1998,10,25,1.19215440008702e-06,0,0.00436230635386892,0,0.0131427611950969
1998,10,26,0.000462553347460926,0,-8.09823359304573e-05,0,0.0121317795647048
1998,10,27,0.300722420215607,0,0.0911852317767625,0,0.0111207979343127
1998,10,28,5.16547632217407,0,1.78097468026317,0,0.0101098163039207
1998,10,29,0.160831362009048,0,3.82608588898074,0,0.0161757060862731
1998,10,30,3.53000736236572,0,1.00119878334226,0,0.0181976693470572
1998,10,31,0.11729921400547,0,2.54424848500639,0,0.0212306142382334
1998,11,1,0.00125839759130031,0,-0.0350971216976177,0,0.0171866877166651
1998,11,2,1.45968401432037,0,0.583768120559398,0,0.0222415958686255
1998,11,3,9.41399097442627,0,5.43067580492061,0,0.0343733754333302
1998,11,4,1.99820125102997,0,5.70843209802843,0,0.0374063203245064
1998,11,5,5.8451547374716e-05,0,1.00349701338928,0,0.0323514121725461
1998,11,6,0.0241614300757647,0,0.0120503690595797,0,0.0283074856509778
1998,11,7,0.0443652421236038,-1.13686837721616e-13,0.0351174750139762,0,0.0252745407598017
1998,11,8,0.299120903015137,1.13686837721616e-13,0.158331259804982,0,0.0262855223901937
1998,11,9,0.268517255783081,0,0.285875992653018,-1.13686837721616e-13,0.0252745407598017
1998,11,10,6.96519899368286,0,3.36938021722381,1.13686837721616e-13,0.0404392652156826
1998,11,11,11.8378400802612,0,9.40122086590418,0,0.0556039896715636
1998,11,12,0.00013968360144645,0,5.92020733384197,0,0.0829004936921494
1998,11,13,0,0,7.25065292499494e-05,0,0.0475161366284271
1998,11,14,0,0,0,0,0.0363953386941144
1998,11,15,5.62767345400062e-05,0,2.71080098173115e-05,0,0.030329448911762
1998,11,16,0.00803566817194223,0,0.00388298433244927,0,0.0272965040205858
1998,11,17,0.00267272372730076,0,0.00568623241997557,0,0.0232525774990175
1998,11,18,0.00571164023131132,0,0.00400802210060647,0,0.0222415958686255
1998,11,19,0.119344264268875,0,0.0472495399189938,0,0.0212306142382334
1998,11,20,6.48126316070557,0,3.02761968463892,0,0.0252745407598017
1998,11,21,0.330798089504242,0,3.44361819288315,0,0.0242635591294096
1998,11,22,0.000608615577220917,0,0.150517087095068,0,0.0232525774990175
1998,11,23,0.00551127083599567,0,0.00322398495700327,0,0.0232525774990175
1998,11,24,7.89622788488487e-07,0,0.00221630491432734,0,0.0232525774990175
1998,11,25,2.95360255241394,0,1.25168845004737,0,0.0262855223901937
1998,11,26,9.47560882568359,0,6.18258666635302,0,0.0424612284764668
1998,11,27,0.00147455395199358,0,4.73873220260066,0,0.0404392652156826
1998,11,28,0.361268192529678,-1.13686837721616e-13,0.166775611229241,0,0.0394282835852906
1998,11,29,0.0789261758327484,1.13686837721616e-13,0.225412057276117,0,0.0374063203245064
1998,11,30,0.0569463446736336,0,0.0690882667659025,0,0.0353843570637223
1998,12,1,1.94977724552155,0,0.982998625746404,0,0.0333623938029382
1998,12,2,0.000903814507182688,0,1.03640283475761,0,0.0293184672813699
1998,12,3,0.0478851236402988,0,0.0205708314751973,0,0.0272965040205858
1998,12,4,0.015463630668819,0,0.0328565105228336,0,0.0272965040205858
1998,12,5,0.342017978429794,1.13686837721616e-13,0.184279671426339,0,0.0272965040205858
1998,12,6,0.593760371208191,-1.13686837721616e-13,0.449758828752238,1.13686837721616e-13,0.0252745407598017
1998,12,7,10.086672782898,0,5.33628760159991,-1.13686837721616e-13,0.0363953386941144
1998,12,8,0.252993702888489,0,5.18218405542211,0,0.0404392652156826
1998,12,9,0.0335156135261059,0,0.139937786167138,0,0.0475161366284271
1998,12,10,0.00764624355360866,0,0.0207703755550028,0,0.0374063203245064
1998,12,11,0.000175128690898418,0,0.0032882096747926,0,0.0293184672813699
1998,12,12,0.0545242205262184,0,0.0323762193038419,0,0.0252745407598017
1998,12,13,0.516017436981201,0,0.314824333756405,0,0.0232525774990175
1998,12,14,0.0423045270144939,0,0.27007311565103,0,0.0212306142382334
1998,12,15,0.00327771436423063,1.13686837721616e-13,0.0248490235753707,0,0.0202196326078413
1998,12,16,0.0961135104298592,-1.13686837721616e-13,0.044032140121999,0,0.0192086509774493
1998,12,17,0.646299719810486,0,0.293609931384708,0,0.0192086509774493
1998,12,18,0.000837554398458451,0,0.333534862988017,0,0.0252745407598017
1998,12,19,0.296142607927322,0,0.146515222550079,0,0.0333623938029382
1998,12,20,0.943000793457031,0,0.614009446617274,0,0.0252745407598017
1998,12,21,10.144193649292,0,5.04975816325532,0,0.121317795647048
1998,12,22,24.8582630157471,3.57315803797417,13.9236070541156,2.27373675443232e-13,0.990761997784225
1998,12,23,0.140939757227898,3.64590556910275,8.85407887760812,0,0.45494173367643
1998,12,24,1.33869946239429e-06,0.068443440268652,0,0,0.262855223901937
1998,12,25,0.000190504462807439,0.000119681121304893,0,0,0.181976693470572
1998,12,26,0.00143136782571673,0.000746062535313286,0,0,0.141537428254889
1998,12,27,0.00102278497070074,0.000774015113847781,0.000469711882033153,0,0.121317795647048
1998,12,28,0.00142606627196074,0,0.00122036672109971,0,0.111207979343127
1998,12,29,0.175077885389328,0,0.0766318920977938,0,0.101098163039207
1998,12,30,0.471012741327286,0.170809572413532,0.111587079049059,0,0.0859334385833256
1998,12,31,3.14147067070007,1.70259218010665,0,0,0.075823622279405
1999,1,1,0.469495415687561,1.89724324866381,0,0,0.0748126406490129
1999,1,2,24.020097732544,11.7741612308345,0,0,0.0909883467352859
1999,1,3,20.2561645507813,22.2339083164629,0,0,0.161757060862731
1999,1,4,2.46681666374207,11.5473846579644,0,-1.13686837721616e-13,0.131427611950969
1999,1,5,0.0125108566135168,1.44390420044249,0,1.13686837721616e-13,0.0909883467352859
1999,1,6,0.47136002779007,0.218873312171013,0,0,0.0808785304313653
1999,1,7,3.62481880187988,1.79247058307396,0,0,0.075823622279405
1999,1,8,4.7802152633667,4.18539755505526,0,0,0.0707687141274446
1999,1,9,8.116135597229,6.43438264974623,0,0,0.0657138059754843
1999,1,10,0.0914322510361671,4.16291136470056,0,0,0.0657138059754843
1999,1,11,0.315211415290833,0.174511121305159,0,0,0.0788565671705811
1999,1,12,0.654895544052124,0.176015750516854,0.289198348124046,0,0.222415958686255
1999,1,13,10.8745088577271,0,5.72438885245356,0.64468424711572,1.71866877166651
1999,1,14,9.30819416046143,4.63824090356718,5.45577876673633,0.652024729323898,3.46766699224479
1999,1,15,0.287590682506561,4.86958925436682,0,-1.13686837721616e-13,1.63779024123515
1999,1,16,0.10821795463562,0.140529203999677,0.0507917112408904,1.13686837721616e-13,0.970542365176383
1999,1,17,0.379127562046051,0.0071990379037743,0.228327604938386,0.889811721633237,1.20306814016656
1999,1,18,4.4195384979248,0,2.38454075189293,3.09393994836694,8.64389293985217
1999,1,19,0.0718556568026543,0,2.25425965058457,2.25073147782132,3.74063203245064
1999,1,20,0.882940769195557,0,0.474274752483325,1.32615998248093,2.22415958686255
1999,1,21,7.69109725952148,0,4.08531987281458,4.11315900119212,4.39777009220549
1999,1,22,26.7470970153809,0,16.3601088204996,7.95401622655129,9.01795614309723
1999,1,23,26.3108005523682,0,26.5420656117021,11.0576989994815,15.164724455881
1999,1,24,0.413220286369324,2.27373675443232e-13,13.3736712346763,8.5924281448589,5.46941062042108
1999,1,25,0.00331076700240374,0,0.230418353086861,3.33922827969002,2.93184672813699
1999,1,26,0.00144005881156772,0,0.00239227702331846,0.426708194797584,1.94108473035277
1999,1,27,0.017665758728981,0,0.00924399996074499,2.33278642142227,1.55691171080378
1999,1,28,0.000211828606552444,0,0.00953079868122586,6.60937789778109,1.24350740538224
1999,1,29,0.127411663532257,0,0.0635484511512914,5.0136316678703,0.980652181480304
1999,1,30,8.98376165423542e-05,0,0.0645732257980853,1.07168355376371,0.829004936921494
1999,1,31,0.69670969247818,0,0.344139734410419,1.33918802400183,0.788565671705811
1999,2,1,16.9202613830566,0,8.74387207820473,2.1445279361983,2.88129764661739
1999,2,2,2.55653381347656,0,9.75054477199956,3.24107413880711,3.26547066616637
1999,2,3,0.623606026172638,0,1.60251133728889,2.68579691182924,2.06240252599981
1999,2,4,0.623557150363922,1.13686837721616e-13,0.623583028333087,1.51188673544686,1.50636262928418
1999,2,5,0.0467318817973137,-1.13686837721616e-13,0.335414629258594,0.925738729728209,1.09186016082343
1999,2,6,1.35832154750824,0,0.699059122223844,1.90959525693552,1.02109144669599
1999,2,7,33.3489112854004,0,17.1577822748659,4.90144419463945,11.8284850755872
1999,2,8,8.33055400848389,0,21.8709353889426,5.21568629119099,7.14764012687191
1999,2,9,0.000460612063761801,0,4.16989533120432,1.90191223442434,3.41711791072518
1999,2,10,0.00289775850251317,0,0.00160803781545837,0,2.13317124012726
1999,2,11,0.791052877902985,-1.13686837721616e-13,0.395076158918528,0,1.61757060862731
1999,2,12,13.268572807312,2.27373675443232e-13,6.97760007230318,1.13686837721616e-13,4.39777009220549
1999,2,13,1.33332777023315,0.604301105589343,6.7025907385505,-1.13686837721616e-13,2.91162709552915
1999,2,14,0.00403431337326765,0.61852785301835,0.0632410364378302,0,1.92086509774493
1999,2,15,0.000126097627799027,0.00197636077450625,0.000359787110937759,0.0523967680995838,1.60746079232339
1999,2,16,0.393265843391418,0,0.19655295710254,1.2278854459438,1.39515464994105
1999,2,17,3.33840322494507,0,1.80742893692877,0,1.38504483363713
1999,2,18,0.00665222899988294,0,1.8932179346084,0,1.28394667059792
1999,2,19,0,0,0.00348044694692362,0,1.10196997712735
1999,2,20,0.00828002765774727,0,0.00378703521710122,0,0.91999328365678
1999,2,21,0.124433740973473,0.0345648430884467,0.0288126825107611,0,0.788565671705811
1999,2,22,0.00067154091084376,0.037448333728662,0.0262676810816629,0,0.687467508666605
1999,2,23,0.187121510505676,0.0687353398194546,0.0237647311550973,0,0.657138059754843
1999,2,24,1.78545832633972,0.0705484114060937,0.90292226062229,0,0.626808610843081
1999,2,25,2.57406735420227,-4.54747350886464e-13,2.1776602432401,1.13686837721616e-13,0.596479161931319
1999,2,26,0.192808195948601,1.13686837721616e-13,1.39453603106813,-1.13686837721616e-13,0.545930080411716
1999,2,27,9.10742473602295,0,4.62377606699738,0.227959606594368,1.32438593581361
1999,2,28,16.7527942657471,-2.27373675443232e-13,12.9300030810591,-2.27373675443232e-13,6.36918427147002
1999,3,1,0.960442841053009,1.13686837721616e-13,8.86074551688216,1.13686837721616e-13,3.36656882920558
1999,3,2,0.00468671973794699,-1.13686837721616e-13,0.485335114120971,-1.13686837721616e-13,2.09273197491158
1999,3,3,1.93803775310516,0,0.923960703003104,0,1.57713134341162
1999,3,4,0.0430129133164883,0,0.991451792360749,0,1.16262887495088
1999,3,5,1.56450092792511,0,0.79544540488132,0,0.970542365176383
1999,3,6,18.4354228973389,-2.27373675443232e-13,9.78154438917772,-2.27373675443232e-13,3.28569029877421
1999,3,7,0.551453351974487,0.145126724524971,10.7585917010765,-3.41060513164848e-13,2.47690499446056
1999,3,8,0.208273142576218,0.273933985934718,0.106525358190993,-1.13686837721616e-13,1.55691171080378
1999,3,9,15.7278480529785,1.27920724302578,5.62103955222847,1.13686837721616e-13,1.43559391515673
1999,3,10,2.92309951782227,1.66382532447346,7.67524152245824,0,1.1727386912548
1999,3,11,0.000709998246748,0.338697981443943,1.24652102613618,0,1.00087181408815
1999,3,12,0.00308784120716155,0.00129207978636714,0.000339820497174514,0,0.950322732568542
1999,3,13,0.000413190136896446,0.000871537167995484,0.000558668714802479,0,1.00087181408815
1999,3,14,0.321347147226334,2.4858696406227e-05,0.160205414529628,0,0.930103099960701
1999,3,15,0.916270732879639,0,0.646698990909499,1.13686837721616e-13,0.829004936921494
1999,3,16,0.00118435698095709,-1.13686837721616e-13,0.477726409713796,0.685661246032396,1.09186016082343
1999,3,17,0.000291564589133486,0,0.000746606168831931,3.03985529974341,2.27470866838215
1999,3,18,0.0622898824512959,0,0.0303806149531738,1.13686837721616e-13,1.62768042493123
1999,3,19,0.000382910657208413,-1.13686837721616e-13,0.0318030723065021,0,1.15251905864696
1999,3,20,0.0109651703387499,1.13686837721616e-13,0.00531159845559159,0,0.970542365176383
1999,3,21,0.000622509047389031,0,0.00628625987519627,0,0.909883467352859
1999,3,22,0.00315624149516225,0,0.00185042937664548,0,0.778455855401891
1999,3,23,0.107960343360901,0,0.0547989554070227,0,0.667247876058764
1999,3,24,0.124868392944336,0,0.115686047560303,0,0.61669879453916
1999,3,25,0.00304171652533114,0,0.0686299320950639,0,0.545930080411716
1999,3,26,9.61467885645106e-05,0,0.00189164244147833,0,0.485271182588192
1999,3,27,0.000648749235551804,0,0.000439677383837989,0,0.45494173367643
1999,3,28,0.000726887548808008,0,0.000691655255650403,0,0.45494173367643
1999,3,29,0.00465113576501608,0,0.00253145038732328,0,0.414502468460747
1999,3,30,0.000224830859224312,0,0.00269662186838104,-1.13686837721616e-13,0.384173019548985
1999,3,31,0.289887636899948,0,0.102688776816649,1.13686837721616e-13,0.374063203245064
1999,4,1,5.91946077346802,0,2.80346023626771,0,0.394282835852906
1999,4,2,0.0860362946987152,0,3.03373570628537,0,0.384173019548985
1999,4,3,1.18780553340912,0,0.578768512477836,0,0.394282835852906
1999,4,4,9.69976806640625,0,5.43443995175039,0,0.475161366284271
1999,4,5,0.0564159974455833,0,4.92672497797685,0,0.404392652156826
1999,4,6,4.78596496582031,0,2.38503528901856,0,0.374063203245064
1999,4,7,0.059511836618185,0,2.46085943690196,0,0.353843570637223
1999,4,8,0.0908911600708961,0,0.0743471028436034,0,0.343733754333302
1999,4,9,10.5307388305664,0,4.91458785145005,-1.13686837721616e-13,0.394282835852906
1999,4,10,2.09321308135986,0,6.3767265118222,1.13686837721616e-13,0.353843570637223
1999,4,11,0.906529366970062,-1.13686837721616e-13,1.49997607836849,0,0.30329448911762
1999,4,12,0.119998432695866,1.13686837721616e-13,0.434294311678968,0,0.293184672813699
1999,4,13,0.0201062988489866,0,0.0588585698278621,0,0.262855223901937
1999,4,14,0.0271530542522669,0,0.0231360317266081,0,0.262855223901937
1999,4,15,5.99590826034546,0,2.56195407419364,0,0.293184672813699
1999,4,16,8.17602825164795,0,6.82965975553088,0,0.333623938029382
1999,4,17,8.42575931549072,0,8.30078666036206,0,0.333623938029382
1999,4,18,1.91719102859497,0,5.24256774375681,0,0.323514121725461
1999,4,19,0.706851303577423,0,1.36437508884046,0,0.333623938029382
1999,4,20,1.20613574981689,0,0.900579864326573,0,0.333623938029382
1999,4,21,16.0230159759521,0,8.24599846001001,0,0.950322732568542
1999,4,22,0.687516510486603,1.13686837721616e-13,8.35531239140619,1.13686837721616e-13,1.47603318037242
1999,4,23,0.346723288297653,-1.13686837721616e-13,0.519741739222809,-1.13686837721616e-13,0.91999328365678
1999,4,24,0.0305381938815117,0,0.191916305735504,0,0.657138059754843
1999,4,25,0.00461107539013028,0,0.0177061896210944,1.13686837721616e-13,0.515600631499954
1999,4,26,0.271833002567291,0,0.134707251396321,-1.13686837721616e-13,0.485271182588192
1999,4,27,2.06440830230713,0,1.05436546073906,0,0.495380998892112
1999,4,28,9.17194557189941,0,5.61753804801265,0,0.46505154998035
1999,4,29,0.873254835605621,0,5.08024788110561,0,0.363953386941144
1999,4,30,0.000675944960676134,0,0.449949450019631,0,0.293184672813699
1999,5,1,0.0917894020676613,0,0.0507949124148581,0,0.272965040205858
1999,5,2,0.000547360745258629,0,0.0495054743041692,0,0.252745407598017
1999,5,3,0.000460524373920634,0,0.000495730888360413,0,0.242635591294096
1999,5,4,0.0051422854885459,0,0.00340147186579998,0,0.232525774990175
1999,5,5,1.50472342967987,0,0.677158600967232,0,0.242635591294096
1999,5,6,12.22962474823,0,6.77814258526996,0,1.47603318037242
1999,5,7,2.50285482406616,0,7.39442261960721,0,1.37493501733321
1999,5,8,0.0622619315981865,0,1.28692910422978,0,0.748126406490129
1999,5,9,0.169919952750206,0,0.118801519747649,0,0.525710447803874
1999,5,10,0.000483112497022376,0,0.0993036744112032,0,0.414502468460747
1999,5,11,0.000584760797210038,0,0.000526728817931144,0,0.353843570637223
1999,5,12,0.656430125236511,0,0.262266299909243,0,0.323514121725461
1999,5,13,7.70670795440674,0,4.16934472155117,-1.13686837721616e-13,0.353843570637223
1999,5,14,6.08622884750366,0,6.93641014616878,1.13686837721616e-13,2.37580683142136
1999,5,15,0.00205854140222073,0,3.04833569193943,0,1.02109144669599
1999,5,16,0,0,0.00104260513762711,0,0.647028243450922
1999,5,17,1.38535606861115,0,0.598027234693291,0,0.485271182588192
1999,5,18,13.9936399459839,0,7.26380351537227,0,0.475161366284271
1999,5,19,2.97590065002441,0,8.61754882441528,0,0.434722101068588
1999,5,20,0.000718959025107324,0,1.50789622124648,0,0.353843570637223
1999,5,21,0.0736199393868446,1.13686837721616e-13,0.0340929578087525,0,0.30329448911762
1999,5,22,5.20164632797241,-1.13686837721616e-13,2.61721248910908,0,0.31340430542154
1999,5,23,2.549485206604,0,3.87682480094009,0,0.31340430542154
1999,5,24,6.92627239227295,0,4.71566999500647,0,0.748126406490129
1999,5,25,0.053934819996357,0,3.49412137185936,0,0.495380998892112
1999,5,26,0.000571988523006439,0,0.0274453500460368,0,0.343733754333302
1999,5,27,0.000216026470297948,-1.13686837721616e-13,0.000418614876252832,0,0.283074856509778
1999,5,28,8.81865253177239e-06,0,0.000114980761281913,0,0.242635591294096
1999,5,29,0.00160220614634454,1.13686837721616e-13,0.000771927498135483,0,0.222415958686255
1999,5,30,0.127897217869759,0,0.0564995116837963,0,0.192086509774493
1999,5,31,6.50040674209595,1.13686837721616e-13,2.49237330833421,0,0.212306142382334
1999,6,1,4.37870359420776,-1.13686837721616e-13,5.62424129135616,0,0.232525774990175
1999,6,2,18.3943977355957,0,10.9922650451954,0,1.72877858797043
1999,6,3,1.14365375041962,0,9.78660454501733,0,1.53669207819594
1999,6,4,0.000108482890937012,0,0.591533424816589,0,0.738016590186208
1999,6,5,0.172796621918678,0,0.0760263833581121,0,0.495380998892112
1999,6,6,0.3264299929142,0,0.248885180710204,0,0.374063203245064
1999,6,7,0.637227356433868,0,0.48699688769193,0,0.30329448911762
1999,6,8,0.563070774078369,0,0.60698665081145,0,0.262855223901937
1999,6,9,0.0501395650207996,0,0.330037810566864,0,0.242635591294096
1999,6,10,0.975839555263519,0,0.483734376481152,0,0.222415958686255
1999,6,11,1.01780021190643,0,0.996771871876263,0,0.202196326078413
1999,6,12,5.49136114120483,0,2.99769860984816,0,0.171866877166651
1999,6,13,9.19506072998047,0,6.87382568133035,0,1.47603318037242
1999,6,14,6.5561146736145,0,7.87950959848968,0,0.859334385833256
1999,6,15,0.0920244604349136,0,3.32781105513277,0,0.515600631499954
1999,6,16,2.78398715636286e-06,0,0.051051329344773,0,0.293184672813699
1999,6,17,0.0715876370668411,0,0.0442414825047308,0,0.222415958686255
1999,6,18,0.000373237766325474,0,0.0379084615415195,0,0.181976693470572
1999,6,19,0,0,0.000197732773813186,0,0.15164724455881
1999,6,20,1.33722817897797,-1.13686837721616e-13,0.576878243060492,0,0.131427611950969
1999,6,21,0,1.13686837721616e-13,0.844198508370027,1.13686837721616e-13,0.121317795647048
1999,6,22,0,0,0,-1.13686837721616e-13,0.111207979343127
1999,6,23,0.000494254054501653,0,0.000270200005616061,0,0.101098163039207
1999,6,24,6.74880504608154,0,3.10717784149529,0,0.141537428254889
1999,6,25,8.77252388000488,0,7.63611773584125,0,0.141537428254889
1999,6,26,0.166987195611,0,4.53546492036548,0,0.121317795647048
1999,6,27,9.07699775695801,0,4.4694232780239,0,0.202196326078413
1999,6,28,8.31083011627197,0,8.69809451523179,-1.13686837721616e-13,0.566149713019557
1999,6,29,7.08849859237671,0,7.71266689342519,1.13686837721616e-13,2.1533908727351
1999,6,30,0.153322950005531,0,3.6455400015584,0,0.839114753225415
1999,7,1,2.58943939208984,0,1.32482004621852,0,1.2232877727744
1999,7,2,12.7600317001343,0,7.46892973208014,0,1.8096571184018
1999,7,3,0.224352732300758,0,6.79547342075239,0,0.829004936921494
1999,7,4,0.00318570877425373,0,0.131082813990361,0,0.46505154998035
1999,7,5,0.00244311895221472,0,0.00282680484815501,0,0.30329448911762
1999,7,6,0.0847061425447464,0,0.0416829493296973,0,0.242635591294096
1999,7,7,3.26412558555603,1.13686837721616e-13,1.5630322312536,0,0.202196326078413
1999,7,8,0.00036202699993737,-1.13686837721616e-13,1.7629616901686,0,0.161757060862731
1999,7,9,0.532783091068268,0,0.272759467407013,0,0.15164724455881
1999,7,10,12.3902730941772,0,5.1029224218255,0,1.78943748579396
1999,7,11,0.034737154841423,0,6.24808867458705,0,0.91999328365678
1999,7,12,0.0011616253759712,0,0.0200089285426657,0,0.414502468460747
1999,7,13,0,0,0.000467863341327757,0,0.262855223901937
1999,7,14,0.000969202781561762,1.13686837721616e-13,0.000406874183681794,1.13686837721616e-13,0.192086509774493
1999,7,15,0.00533928349614143,-1.13686837721616e-13,0.00275859058092465,-1.13686837721616e-13,0.15164724455881
1999,7,16,0,0,0.00338834575813962,-1.13686837721616e-13,0.131427611950969
1999,7,17,0.230262726545334,0,0.139885565764416,1.13686837721616e-13,0.121317795647048
1999,7,18,6.35950422286987,0,3.25826784459787,0,0.181976693470572
1999,7,19,0.271131902933121,1.13686837721616e-13,3.75411655491916,0,0.131427611950969
1999,7,20,14.8739633560181,-1.13686837721616e-13,7.45435836865363,0,0.283074856509778
1999,7,21,1.72459924221039,0,8.33136800922512,0,0.61669879453916
1999,7,22,0.693314790725708,0,1.22539436946681,0,0.222415958686255
1999,7,23,0.496629804372788,0,0.598786059676058,0,0.121317795647048
1999,7,24,0.0271196141839027,0,0.212704001878592,0,0.0818895120617573
1999,7,25,9.07407666090876e-05,0,0.00977434275409905,-1.13686837721616e-13,0.0596479161931319
1999,7,26,0.246356427669525,0,0.0896908971517405,1.13686837721616e-13,0.046505154998035
1999,7,27,7.09604358673096,0,3.46681127755073,0,0.0384173019548985
1999,7,28,0.549247324466705,0,4.10209130670773,0,0.0374063203245064
1999,7,29,4.96588706970215,0,2.59262595112887,0,0.0384173019548985
1999,7,30,0.0597864761948586,0,2.75043811150681,0,0.0272965040205858
1999,7,31,0.0277744028717279,0,0.0449469026061706,0,0.0222415958686255
1999,8,1,0.46917536854744,0,0.199112757971307,0,0.0181976693470572
1999,8,2,0.0940381065011024,1.13686837721616e-13,0.240565454674652,0,0.0141537428254889
1999,8,3,0.00014140471466817,-1.13686837721616e-13,0.0412599100636726,0,0.0101098163039207
1999,8,4,0.0065706130117178,0,0.00317407590409857,0,0.0089977365104893
1999,8,5,0.409293681383133,0,0.175463983599911,0,0.0082900493692149
1999,8,6,0.00855075381696224,0,0.167732045112643,0,0.0071779695757836
1999,8,7,0.134074911475182,0,0.0689318348195229,0,0.0065713805975484
1999,8,8,4.39622354507446,0,1.76473506690309,0,0.0076834603909797
1999,8,9,2.41200852394104,0,3.42933217116297,0,0.0087955401844109
1999,8,10,0.0396756716072559,0,1.37128426417257,0,0.0074812640649012
1999,8,11,0.808647751808167,0,0.383516702990164,0,0.0076834603909797
1999,8,12,0.114667899906635,0,0.509584135943442,0,0.0067735769236268
1999,8,13,7.86089706420898,0,3.76688747252047,0,0.0086944420213717
1999,8,14,1.03527188301086,0,4.46671633325968,1.13686837721616e-13,0.0111207979343127
1999,8,15,0.0658378824591637,0,0.600607513773866,-1.13686837721616e-13,0.0083911475322541
1999,8,16,0.00504639372229576,0,0.0358637097851897,-1.13686837721616e-13,0.007380165901862
1999,8,17,0.0871434584259987,0,0.0461052507489512,1.13686837721616e-13,0.0074812640649012
1999,8,18,0.0259662512689829,0,0.0403110407169152,0,0.0074812640649012
1999,8,19,0.915245234966278,0,0.441785441242246,0,0.0074812640649012
1999,8,20,5.6641116142273,0,3.20158217269272,0,0.0064702824345092
1999,8,21,0.00153511052485555,0,2.85423246811479,-1.13686837721616e-13,0.0051560063149995
1999,8,22,0.00220917747355998,0,0.00186533724627225,1.13686837721616e-13,0.0042461228476466
1999,8,23,0.0130923613905907,0,-0.10111985392723,0,0.0035384357063722
1999,8,24,2.45386695861816,0,1.02256569800738,0,0.0059647916193131
1999,8,25,10.1269340515137,0,4.6952385376535,0,0.0071779695757836
1999,8,26,4.23383760452271,0,8.41072446943144,0,0.0058636934562739
1999,8,27,0.211097523570061,0,2.43886559351085,0,0.0052571044780387
1999,8,28,0.00537076592445374,0,0.123224905764801,0,0.0075823622279405
1999,8,29,0.000539089145604521,0,0.00284993688183022,0,0.0074812640649012
1999,8,30,0.000695064605679363,0,0.000597714199102484,0,0.0069757732497052
1999,8,31,0.000174434404470958,0,0.000429744166467572,0,0.0059647916193131
1999,9,1,0.000351349473930895,0,0.000255989612924168,0,0.0046505154998035
1999,9,2,0.00228676642291248,0,0.00170353776047705,0,0.0035384357063722
1999,9,3,0.000106206753116567,0,0.000786634369433159,0,0.0027296504020585
1999,9,4,0.000108069303678349,0,8.39756685309112e-05,0,0.0021230614238233
1999,9,5,0.000863405177369714,1.13686837721616e-13,0.000344589119777083,0,0.0014153742825488
1999,9,6,0.028118634596467,-1.13686837721616e-13,0.0125884885783307,0,0.0001010981630392
1999,9,7,0.00311020342633128,0,0.017002900440275,0,0
1999,9,8,0.00941300857812166,0,-0.0799968816754699,0,0
1999,9,9,1.1035875082016,0,0.56132194793463,0,0
1999,9,10,0.000633051386103034,0,0.614936210782616,0,0
1999,9,11,0,0,0.000349245659890585,0,0
1999,9,12,0.0373578555881977,0,0.0157317165721906,0,0
1999,9,13,0.699500203132629,0,0.331630188829877,0,0
1999,9,14,0.0241871457546949,0,0.419651680767856,0,0
1999,9,15,0.00205957912839949,0,-0.00592450793919852,0,0.0002021963260784
1999,9,16,0.00104237359482795,0,0.00105686281312956,0,0
1999,9,17,0.00289133959449828,0,0.00231701779193827,0,0
1999,9,18,0.000737279769964516,0,0.0014010274244356,0,0
1999,9,19,0.0279215518385172,0,0.0170717179644271,0,0
1999,9,20,0.545291662216187,0,0.174689117520757,0,0
1999,9,21,0.691409707069397,0,0.638391304612014,0,0
1999,9,22,0.0147367315366864,0,0.452213170112373,0,0
1999,9,23,0.000143389217555523,0,0.00956769752883702,0,0
1999,9,24,0,0,-7.66552911954932e-05,0,0
1999,9,25,0.00270130229182541,0,0.00122882629875676,0,0
1999,9,26,0.000840974971652031,0,0.000990756318060448,0,0
1999,9,27,0.0131290024146438,0,-0.0140979531824996,0,0
1999,9,28,0.276181668043137,0,-0.795058195079037,0,0
1999,9,29,12.3146915435791,0,5.67810160596855,0,0
1999,9,30,7.14801359176636,0,10.1653204949689,0,0
1999,10,1,0.0012751785106957,0,3.8007107605772,0,0
1999,10,2,0.00192235293798149,0,0.00153491329547251,0,0
1999,10,3,0.353624552488327,0,0.142461921743234,0,0
1999,10,4,3.0664701461792,0,1.34920836741003,0,0
1999,10,5,0.209612116217613,0,2.07984034655237,0,0
1999,10,6,0,0,0.0123830949232797,1.13686837721616e-13,0
1999,10,7,0.00270310905762017,0,0.00171165732172085,-1.13686837721616e-13,0
1999,10,8,7.72743034362793,0,2.63117648517436,0,0
1999,10,9,14.3188972473145,0,11.258691776693,0,0
1999,10,10,10.5327787399292,0,12.427927672441,0,0
1999,10,11,0.198835164308548,0,5.4276698268659,0,0
1999,10,12,0.00689564272761345,0,0.103997452981275,0,0
1999,10,13,0.196485280990601,0,0.103734368520236,0,0
1999,10,14,0.813962697982788,0,0.488574313392746,0,0
1999,10,15,0.00203096866607666,0,0.446313555690722,0,0
1999,10,16,0.0132057284936309,0,0.00758857115943101,0,0
1999,10,17,0.959430694580078,0,0.437078562779789,0,0
1999,10,18,0.16959422826767,0,0.658914311046829,0,0
1999,10,19,0.0135629586875439,0,0.0740507027003332,0,0
1999,10,20,0.00129659776575863,0,0.00676584039320005,0,0
1999,10,21,8.1008009146899e-05,0,0.000671743520797463,0,0
1999,10,22,7.06881837686524e-05,0,7.62472409405746e-05,0,0
1999,10,23,0.0161505006253719,1.13686837721616e-13,0.0073763408108789,1.13686837721616e-13,0
1999,10,24,0.154699578881264,-1.13686837721616e-13,0.0664780065599189,-1.13686837721616e-13,0
1999,10,25,5.42902453162242e-05,0,0.0653757593790942,0,0
1999,10,26,0.000425770849687979,0,0.00024763161491137,0,0
1999,10,27,0.000224227318540216,0,0.000326850553392433,0,0
1999,10,28,0.000527675496414304,0,0.00033555932532181,0,0
1999,10,29,0.00019474966393318,0,0.000345946253219154,0,0
1999,10,30,0.00202445173636079,0,0.000968308260780759,0,0
1999,10,31,0,0,0.000894959088327596,0,0
1999,11,1,0.256145685911179,0,0.103793491409306,0,0
1999,11,2,6.94215154647827,0,3.43623062812185,0,0
1999,11,3,1.51527965068817,0,4.38050527655287,0,0
1999,11,4,0.00286722369492054,0,0.904441716495057,1.13686837721616e-13,0
1999,11,5,0.000231928890570998,0,0.00161828753334703,-2.27373675443232e-13,0
1999,11,6,0.0012497395509854,0,0.000725219619198469,1.13686837721616e-13,0
1999,11,7,0.00170071725733578,0,0.00146431061875774,0,0
1999,11,8,0.00249243923462927,0,0.00231065999469138,-1.13686837721616e-13,0
1999,11,9,1.06261231849203e-05,0,0.00141708105365979,1.13686837721616e-13,0
1999,11,10,0.000444921781308949,0,0.000270992626610678,0,0
1999,11,11,0.00951385032385588,0,0.00209285539312987,0,0
1999,11,12,0.000646754051558673,0,0.00751448912342312,0,0
1999,11,13,0.000707041705027223,0,0.000661230576952221,0,0
1999,11,14,0.000699589028954506,0,0.00061251655642991,0,0
1999,11,15,0.00352000538259745,0,0.00140412799009937,0,0
1999,11,16,0.00234166905283928,0,0.00318497244006721,0,0
1999,11,17,0.00407093297690153,0,-0.0167165051243501,0,0
1999,11,18,0.595918893814087,0,0.0989922098633542,0,0
1999,11,19,1.957674741745,0,0.653901961675729,0,0.0003032944891176
1999,11,20,9.9681282043457,0,3.8486081950723,0,0.0017186687716665
1999,11,21,0.0818457901477814,0,5.02527194259528,0,0.0006065889782352
1999,11,22,0.021169850602746,0,0.050027335237246,0,0.0006065889782352
1999,11,23,0.0528437346220017,0,0.0310272122915194,0,0.0002021963260784
1999,11,24,1.23981988430023,0,0.511281793154922,0,0.0001010981630392
1999,11,25,0.50740510225296,0,0.377932567796961,0,0
1999,11,26,7.91906356811523,1.13686837721616e-13,3.81126466116257,0,0.0023252577499017
1999,11,27,0.344393342733383,-1.13686837721616e-13,4.13274554391683,0,0.0019208650977449
1999,11,28,0.269434124231339,0,0.340298012437415,0,0.0012131779564704
1999,11,29,0.000711356929969043,0,0.11059205233687,0,0.001010981630392
1999,11,30,0.00270774168893695,0,0.00209653404090204,0,0.000505490815196
1999,12,1,0.000951093679759651,0,0.0014331203965412,0,0.0111207979343127
1999,12,2,0.00297050713561475,0,-0.0412835069291759,0,0.0121317795647048
1999,12,3,0.371746420860291,0,0.0522946022028918,0,0.015164724455881
1999,12,4,1.80125463008881,0,0.697682762576733,0,0.0171866877166651
1999,12,5,6.19835090637207,0,4.16671158587997,0,0.0212306142382334
1999,12,6,8.14997673034668,0,7.35024987731231,0,0.0232525774990175
1999,12,7,0.038639172911644,0,4.14212531756857,0,0.0232525774990175
1999,12,8,0.0180240739136934,0,0.0286950228837668,0,0.0222415958686255
1999,12,9,1.44925057888031,0,-0.777460348974273,0,0.0212306142382334
1999,12,10,16.7125720977783,-2.27373675443232e-13,8.46180542627189,-1.13686837721616e-13,0.0323514121725461
1999,12,11,0.379343688488007,-9.09494701772928e-13,8.5702265878208,-1.02318153949454e-12,0.0343733754333302
1999,12,12,4.19498491287231,-2.27373675443232e-13,2.1343055551697,-2.27373675443232e-13,0.0384173019548985
1999,12,13,9.14145946502686,-6.82121026329696e-13,6.64457556212801,0,0.0485271182588192
1999,12,14,17.7071113586426,1.13686837721616e-13,13.4200107895231,1.13686837721616e-13,0.0930103099960701
1999,12,15,0.820042133331299,-3.41060513164848e-13,9.93824574579048,-3.41060513164848e-13,0.141537428254889
1999,12,16,1.64652740955353,0,1.23324117798256,1.13686837721616e-13,0.0778455855401891
1999,12,17,0.0621849708259106,0,0.855345204898185,-1.13686837721616e-13,0.0535820264107795
1999,12,18,0.00227914843708277,0,0.0296711334740394,0,0.0444831917372509
1999,12,19,0.304609775543213,0,0.153367856819386,0,0.0394282835852906
1999,12,20,3.3947434425354,0,1.84879613124212,0,0.0414502468460747
1999,12,21,0.0313822068274021,0.0105286275169192,1.70562086682185,0,0.0323514121725461
1999,12,22,0,0.010564795692062,0.00515131069187191,0,0.0262855223901937
1999,12,23,0.936796307563782,0.467846307383297,0,0,0.0242635591294096
1999,12,24,2.38672542572022,1.62941713836415,0,0,0.0222415958686255
1999,12,25,0.00877316296100617,1.26712171345991,0,0,0.0192086509774493
1999,12,26,0.00163034372963011,0.00421900451294732,0,0,0.0181976693470572
1999,12,27,0.182840168476105,0.0519587295659676,0.0237134770104603,0,0.0181976693470572
1999,12,28,0.850385963916779,0.402206492679284,0.0358480097893334,1.13686837721616e-13,0.0181976693470572
1999,12,29,0.0799154862761498,0.453186703892925,0.0186629167983483,-1.13686837721616e-13,0.0181976693470572
1999,12,30,0.0294906497001648,0.0221283453976184,0.0339743257427472,0.453023234363059,0.0192086509774493
1999,12,31,0.00205719820223749,0,0.0163037357015128,1.24124820360385,0.0212306142382334
2000,1,1,0.00163506413809955,0,0.00187023178659729,2.24548960674019,0.0212306142382334
2000,1,2,0.868059456348419,0,0.43116523475328,0.40863421535721,0.0222415958686255
2000,1,3,18.7648639678955,0,9.81628846690364,0,0.202196326078413
2000,1,4,45.0036239624023,1.13686837721616e-13,31.8640704225727,-2.27373675443232e-13,2.90151727922523
2000,1,5,0.069533959031105,0.0111708248325613,23.0258560522998,1.13686837721616e-13,1.16262887495088
2000,1,6,0.00270188599824905,0.0117345413602834,0.0252877685961721,0,0.61669879453916
2000,1,7,0.00256948312744498,1.13686837721616e-13,0.00263602681661723,0,0.384173019548985
2000,1,8,0.0117741916328669,-1.13686837721616e-13,0.00704331782617373,0,0.272965040205858
2000,1,9,0.0163253080099821,0,0.0140332009505073,0.0364681746021915,0.222415958686255
2000,1,10,0.732880830764771,0,0.37186476376155,0,0.192086509774493
2000,1,11,0.262604027986527,0,0.501670158148045,0,0.171866877166651
2000,1,12,0.0361931025981903,0,0.150280700647272,0,0.141537428254889
2000,1,13,0.683602333068848,0,0.315960562929831,0,0.121317795647048
2000,1,14,0.157001718878746,0.0751822185706033,0.346228596747096,0,0.101098163039207
2000,1,15,0.000139210576890036,0.0768645562862957,0.00312155460051144,0,0.0940212916264622
2000,1,16,0.00176569353789091,1.80741756139469e-06,0.000892379295692081,0.158502195908454,0.0869444202137177
2000,1,17,0.163470074534416,0.00606199434844257,0.0763793924561469,0,0.0798675488009732
2000,1,18,1.81064522266388,0.902221569037806,0.0846169575997919,0,0.0788565671705811
2000,1,19,5.91848039627075,3.83680499688148,0.00902097503785626,0,0.0687467508666605
2000,1,20,6.8889627456665,6.39354545116044,0,0,0.0849224569529335
2000,1,21,0.032366544008255,3.62785577570162,0,0,0.0647028243450922
2000,1,22,0.705292463302612,0.309733307758847,0,0,0.0727906773882288
2000,1,23,2.29693484306335,1.48295783804736,0,0,0.0657138059754843
2000,1,24,0.00118233752436936,1.24153780521124,0,0,0.0556039896715636
2000,1,25,0.248369663953781,0.120643103288444,0,0,0.0505490815196033
2000,1,26,0.210077956318855,0.227863209154521,0,0,0.046505154998035
2000,1,27,0.00253656040877104,0.097911203032254,0,0,0.0434722101068588
2000,1,28,0.000282148423139006,0.00136579548745885,0,0,0.0404392652156826
2000,1,29,0.784558892250061,0.342711546447504,0,0,0.0374063203245064
2000,1,30,4.5193362236023,2.26986903613351,0,0,0.0353843570637223
2000,1,31,0.710950374603272,2.71827045404712,0,0,0.0505490815196033
2000,2,1,0.0532567165791988,0.3487474896001,0,0,0.0586369345627398
2000,2,2,0.160909250378609,0.120358903787974,0,0,0.0545930080411716
2000,2,3,1.09449970722198,0.300928366687344,0.308828007397096,0,0.0505490815196033
2000,2,4,0.960709750652313,0.27079604635594,0.77004233284606,0,0.0566149713019557
2000,2,5,0.135272622108459,0.0615170084985266,0.523814324413252,0,0.0596479161931319
2000,2,6,0.0032557116355747,0.0653977228261056,0,0,0.0566149713019557
2000,2,7,0.000125328471767716,0.00191093774549245,4.80254966532812e-05,0,0.0586369345627398
2000,2,8,0.00198566704057157,5.52613312265748e-06,0.000885709887370467,-1.49115736576277e-05,0.0626808610843081
2000,2,9,0.00296291429549456,1.13686837721616e-13,0.00244969913546811,0.216633377182347,0.0727906773882288
2000,2,10,0,0,0.00148295810868149,3.23627689502746,0.0899773651048939
2000,2,11,1.06083881855011,0,0.510146087231988,5.00706439498856,0.141537428254889
2000,2,12,3.94514354411513e-05,0,0.531541653395834,1.95981487823246,0.283074856509778
2000,2,13,8.01541900634766,0,3.97320945455067,0,0.31340430542154
2000,2,14,19.2355766296387,0,13.6236278750366,0.0409573932030298,1.55691171080378
2000,2,15,0.266518115997314,0,10.0811623929876,0.0423970728224958,1.19295832386264
2000,2,16,0.0120992204174399,0,0.14311581271977,0.800173772318885,0.818895120617574
2000,2,17,0.855030119419098,0,0.433556304007652,0.824876695959347,0.566149713019557
2000,2,18,26.648889541626,1.13686837721616e-13,13.5528946679042,0.042414308137495,3.11382342160756
2000,2,19,14.6693897247314,-1.13686837721616e-13,21.048886650744,0.0458823626296407,5.67160694649949
2000,2,20,0.00445718271657825,0,7.45733019489126,0,2.48701481076448
2000,2,21,0.193267911672592,0,0.0985438472307578,0.297419186560092,1.54680189449986
2000,2,22,2.94486331939697,0,1.53890640096506,3.20980905547049,1.24350740538224
2000,2,23,0.489486455917358,0,1.74613389998922,8.51655612680395,1.04131107930383
2000,2,24,7.80633592605591,0,4.0157119682699,0.625581187298508,1.32438593581361
2000,2,25,0.301551789045334,-1.13686837721616e-13,4.18402162085113,-1.13686837721616e-13,1.57713134341162
2000,2,26,0,1.13686837721616e-13,0.158612441024161,0,1.12218960973519
2000,2,27,12.0141735076904,0,6.00272129812947,0,1.45581354776458
2000,2,28,0.0155530609190464,1.13686837721616e-13,6.02220242390104,0,1.45581354776458
2000,2,29,8.96312576514902e-06,-1.13686837721616e-13,0.00784501740417909,0,1.06153071191167
2000,3,1,0.285122483968735,0,0.138957691156975,0,0.889663834745018
2000,3,2,0.00151237705722451,0,0.159384431197395,0,0.687467508666605
2000,3,3,0.0413269251585007,-1.13686837721616e-13,0.0195406163438747,-1.13686837721616e-13,0.556039896715636
2000,3,4,0.0984157845377922,1.13686837721616e-13,0.0718640128652623,1.13686837721616e-13,0.515600631499954
2000,3,5,0.000777580076828599,0,0.0554654148072586,1.13686837721616e-13,0.444831917372509
2000,3,6,0.00303366151638329,0,0.00180967338746996,-1.13686837721616e-13,0.384173019548985
2000,3,7,0.0202094167470932,0,0.0114822514151456,0,0.333623938029382
2000,3,8,0.00150219583883882,0,0.0108749849714513,0,0.31340430542154
2000,3,9,0.0979193076491356,-1.13686837721616e-13,0.0493573168605508,0,0.31340430542154
2000,3,10,0.000426437007263303,1.13686837721616e-13,0.0430709172796924,0,0.283074856509778
2000,3,11,2.99902629852295,0,1.17701137852782,0,0.272965040205858
2000,3,12,9.19536304473877,1.634636292246,4.39403557205878,-6.82121026329696e-13,0.31340430542154
2000,3,13,0.161993935704231,1.6797127720364,3.0208659784621,-5.6843418860808e-13,0.30329448911762
2000,3,14,0,1.13686837721616e-13,0.085038075420016,1.67538688476645,0.31340430542154
2000,3,15,0.123962640762329,-1.13686837721616e-13,0.0621843244953197,1.59633854889444,0.31340430542154
2000,3,16,8.10254573822022,1.13686837721616e-13,3.56583705927551,0,0.657138059754843
2000,3,17,6.96501064300537,0,7.53412918938921,-5.6843418860808e-13,2.31514793359783
2000,3,18,1.23074102401733,0,4.10524911389803,2.27373675443232e-13,1.35471538472537
2000,3,19,7.45482158660889,0,4.32575635848843,0.000632663545957257,1.44570373146065
2000,3,20,18.0962696075439,0,12.7542921399436,0,4.41798972481333
2000,3,21,2.55323934555054,0,10.3258749333945,1.13686837721616e-13,3.85184001179377
2000,3,22,0.17389577627182,0,1.40756482472352,0,2.22415958686255
2000,3,23,0.0031606531701982,0,0.0893274973459484,0,1.58724115971554
2000,3,24,0.047031331807375,0,0.0242154450061207,0,1.25361722168616
2000,3,25,0.024667602032423,0,0.0360621859144885,0,1.03120126299991
2000,3,26,0.422925770282745,-1.13686837721616e-13,0.212371581703337,-1.13686837721616e-13,0.829004936921494
2000,3,27,5.1640214920044,1.13686837721616e-13,2.79000053169511,1.13686837721616e-13,0.859334385833256
2000,3,28,2.17800068855286,0,3.74359092281884,1.13686837721616e-13,0.818895120617574
2000,3,29,0.367883056402206,0,1.18665290920035,-1.13686837721616e-13,0.677357692362684
2000,3,30,0.0115398364141583,0,0.210359735807288,0,0.566149713019557
2000,3,31,6.75698320264928e-05,0,0.00565476772317197,0,0.495380998892112
2000,4,1,0.0809721574187279,0,0.0430441384960432,0,0.444831917372509
2000,4,2,4.86230802536011,0,2.31253657172056,0,0.45494173367643
2000,4,3,5.8083086013794,0,5.33433746185619,0,0.46505154998035
2000,4,4,4.26416683197022,0,5.04907688292224,0,0.485271182588192
2000,4,5,0.88751220703125,0,2.60559386516252,0,0.485271182588192
2000,4,6,0.658929109573364,0,0.755377784753364,0,0.475161366284271
2000,4,7,18.7122535705566,0,9.50178017609505,0,3.19470195203893
2000,4,8,31.7811813354492,-2.27373675443232e-13,25.2058730779645,-5.6843418860808e-13,22.1404977055862
2000,4,9,2.43576216697693,-1.02318153949454e-12,17.5299773885672,-9.09494701772928e-13,5.5806185997642
2000,4,10,0,0,1.21978073391438,0,3.25536084986245
2000,4,11,1.37959372997284,1.13686837721616e-13,0.644284676585812,0,2.30503811729391
2000,4,12,0.739172458648682,-1.13686837721616e-13,1.07822216904242,0,1.74899822057827
2000,4,13,0.000135666821734048,0,0.372120683790854,0,1.39515464994105
2000,4,14,0.000957872660364956,0,0.0005341327014321,0,1.18284850755872
2000,4,15,0.0024248962290585,0,0.00168926821061177,0,1.01098163039207
2000,4,16,2.52411270141602,0,1.2568727278267,0,0.849224569529335
2000,4,17,6.61167669296265,0,4.38427134615631,0,1.11207979343127
2000,4,18,3.61041235923767,0,5.12996426077734,0,1.47603318037242
2000,4,19,0,0,1.8241024767558,0,1.08175034451951
2000,4,20,1.53430068492889,0,0.752887992151955,0,1.38504483363713
2000,4,21,13.039758682251,0,6.89281859300172,0,3.79118111397025
2000,4,22,1.21763706207275,0,7.13923905189222,0,2.91162709552915
2000,4,23,1.12471413612366,0,1.17123419264681,0,1.94108473035277
2000,4,24,0.343475073575974,0,0.735450574651622,0,1.44570373146065
2000,4,25,0.0135071547701955,0,0.180931325525307,0,1.12218960973519
2000,4,26,0.00281034945510328,0,0.00764561448158929,0,0.889663834745018
2000,4,27,0.0033288192935288,0,0.00307846440045978,0,0.75823622279405
2000,4,28,0.000620969804003835,-1.13686837721616e-13,0.00226183405175107,0,0.687467508666605
2000,4,29,0,0,0.000365682750270935,0,0.576259529323478
2000,4,30,0.00460272375494242,1.13686837721616e-13,0.00175355829924229,1.13686837721616e-13,0.485271182588192
2000,5,1,3.2521538734436,0,1.59887646722927,-1.13686837721616e-13,0.45494173367643
2000,5,2,6.67653560638428,0,4.6543618087926,0,0.485271182588192
2000,5,3,0.539210736751556,0,3.65236893967085,1.13686837721616e-13,0.424612284764668
2000,5,4,4.75938892364502,0,2.62669782548255,-1.13686837721616e-13,0.404392652156826
2000,5,5,5.445556640625,0,5.1018846621555,0,0.485271182588192
2000,5,6,1.96609401702881,0,3.74080466225132,0,0.657138059754843
2000,5,7,1.77702343463898,0,1.87485166050101,0,0.515600631499954
2000,5,8,2.83397030830383,0,2.29981295475591,1.13686837721616e-13,0.647028243450922
2000,5,9,1.76565372943878,0,2.30055297176295,-1.13686837721616e-13,0.596479161931319
2000,5,10,8.61915683746338,0,5.09648315637242,0,0.535820264107795
2000,5,11,0.0119371321052313,1.13686837721616e-13,4.36149692297113,0,0.414502468460747
2000,5,12,1.57336091995239,-1.13686837721616e-13,0.74631502311604,0,0.384173019548985
2000,5,13,13.1981039047241,0,7.38186711713206,0,2.19383013795078
2000,5,14,0.395867109298706,0,6.87735483073993,0,1.92086509774493
2000,5,15,0.645386040210724,0,0.518426144815749,0,1.05142089560775
2000,5,16,0.723240315914154,0,0.68998017803824,0,0.75823622279405
2000,5,17,3.944256067276,0,2.16385886089847,0,1.73888840427435
2000,5,18,8.96555519104004,0,6.20555782943484,0,1.14240924234303
2000,5,19,3.5129702091217,0,6.37043265629109,0,1.34460556842145
2000,5,20,0.238777637481689,0,2.23879107557877,0,0.930103099960701
2000,5,21,0.116319857537746,1.13686837721616e-13,0.180324268440017,0,0.697577324970526
2000,5,22,1.40553951263428,-1.13686837721616e-13,0.724890154553577,0,0.61669879453916
2000,5,23,7.49303483963013,0,4.4481967023421,0,0.717796957578367
2000,5,24,0.536267757415772,0,4.13062014492243,0,0.61669879453916
2000,5,25,0.00468302937224507,0,0.271133484551683,0,0.444831917372509
2000,5,26,3.40537548065186,0,1.45361069605133,0,0.363953386941144
2000,5,27,27.1308307647705,0,14.6938828083221,0,7.44082479968561
2000,5,28,6.40584993362427,0,16.7710201746995,0,3.71030258353888
2000,5,29,1.52367615699768,0,4.053596948841,0,1.96130436296061
2000,5,30,0.0542561337351799,0,0.842556438612519,0,1.25361722168616
2000,5,31,0.0241707339882851,0,0.039644501710427,0,0.930103099960701
2000,6,1,0.00403678324073553,0,0.0143155949990614,0,0.717796957578367
2000,6,2,0.224631637334824,1.13686837721616e-13,0.105096623414283,1.13686837721616e-13,0.586369345627398
2000,6,3,0.344331860542297,-1.13686837721616e-13,0.279987074300152,-1.13686837721616e-13,0.485271182588192
2000,6,4,0.0652224868535996,0,0.190554000826523,-1.13686837721616e-13,0.414502468460747
2000,6,5,2.1998291015625,0,1.09334688777017,1.13686837721616e-13,0.404392652156826
2000,6,6,1.98965013027191,0,2.10386021273371,0,0.374063203245064
2000,6,7,0.0906887128949165,-1.13686837721616e-13,1.04644088547866,-1.13686837721616e-13,0.293184672813699
2000,6,8,0.0200365502387285,1.13686837721616e-13,0.0591444589699677,1.13686837721616e-13,0.262855223901937
2000,6,9,0.000232773323659785,0,0.0124880058829149,0,0.242635591294096
2000,6,10,1.04776537418365,0,0.419636207800068,0,0.212306142382334
2000,6,11,2.2840211391449,0,1.57929586183673,0,0.192086509774493
2000,6,12,1.06533527374268,0,1.7796181789563,0,0.192086509774493
2000,6,13,1.28758001327515,0,1.14587495799788,0,0.192086509774493
2000,6,14,5.01850509643555,0,3.08255963744523,0,0.232525774990175
2000,6,15,15.5745029449463,0,10.2695356291333,0,2.6892111368429
2000,6,16,2.68092632293701,0,9.16354701021919,0,2.41624609663704
2000,6,17,33.7976799011231,0,16.7772729742283,-1.13686837721616e-13,7.90587634966596
2000,6,18,17.2244453430176,0,25.5329362675802,1.13686837721616e-13,5.20655539651914
2000,6,19,0.874178230762482,0,9.29257663021053,0,2.75997985097034
2000,6,20,1.00642049312592,0,0.938976289748098,0,1.64790005753907
2000,6,21,14.2880010604858,0,7.57767581316875,0,9.13927393874428
2000,6,22,0.856107652187347,0,7.65496668724882,0,3.57887497158791
2000,6,23,0.0614459291100502,0,0.481815902599919,0,1.77932766949004
2000,6,24,1.30117869377136,0,0.672429339607334,-1.13686837721616e-13,1.98152399556845
2000,6,25,9.79266357421875,0,5.45388851405369,1.13686837721616e-13,3.10371360530364
2000,6,26,0.661269843578339,1.13686837721616e-13,5.27506525804711,0,1.72877858797043
2000,6,27,3.36748218536377,-1.13686837721616e-13,1.88050419924184,0,1.57713134341162
2000,6,28,0.302843302488327,0,1.96643307863269,0,1.29405648690184
2000,6,29,0.15465946495533,0,0.222845276337466,0,0.930103099960701
2000,6,30,0.0334876663982868,0,0.0988722787515144,0,0.727906773882288
2000,7,1,4.11506771342829e-05,0,0.0169698193531076,0,0.586369345627398
2000,7,2,0.151451513171196,0,0.0948143231034919,0,0.485271182588192
2000,7,3,2.74711084365845,0,1.21519927992995,0,0.61669879453916
2000,7,4,12.6049785614014,-1.13686837721616e-13,6.51657740060182,-1.13686837721616e-13,1.273836854294
2000,7,5,22.7810440063477,1.13686837721616e-13,17.6734506974426,1.13686837721616e-13,7.19818920839151
2000,7,6,3.11968874931335,0,13.0158618759124,0,2.4465755455488
2000,7,7,3.94200682640076,0,3.52547092775785,0,1.67822950645083
2000,7,8,0.000798744207713753,0,1.99527788143678,0,0.990761997784225
2000,7,9,0.0173964165151119,0,0.00876737106227665,0,0.727906773882288
2000,7,10,0.0226229019463062,0,0.0198855652488419,0,1.06153071191167
2000,7,11,10.4567203521729,0,5.12780481656591,0,1.73888840427435
2000,7,12,1.2368026971817,0,5.99004726434214,0,0.727906773882288
2000,7,13,0.0160916782915592,0,0.668605948292679,0,0.515600631499954
2000,7,14,0.197053253650665,0,0.10858819173518,0,0.404392652156826
2000,7,15,0.730513155460358,0,0.490482366414653,0,0.394282835852906
2000,7,16,0.00761482212692499,0,0.347361854561314,0,0.323514121725461
2000,7,17,0,0,0.00439362021643319,0,0.262855223901937
2000,7,18,0.361884832382202,0,0.160144221510564,0,0.222415958686255
2000,7,19,9.70254707336426,0,4.23852412975248,0,0.232525774990175
2000,7,20,2.15332412719727,0,6.0091270374578,0,0.212306142382334
2000,7,21,0.0264339745044708,0,1.22601356143423,0,0.181976693470572
2000,7,22,0.0352051816880703,0,0.0302147071997752,0,0.15164724455881
2000,7,23,0.00544670782983303,0,0.0215711404998729,0,0.131427611950969
2000,7,24,0.00093441380886361,0,0.00336417242215248,0,0.121317795647048
2000,7,25,0.0122417695820332,0,0.00641846386133693,0,0.101098163039207
2000,7,26,0.151665091514587,0,0.0711421861342387,1.13686837721616e-13,0.0940212916264622
2000,7,27,0.165173530578613,0,0.160517433138011,-1.13686837721616e-13,0.0869444202137177
2000,7,28,1.57676219940186,0,0.781420601917489,0,0.0778455855401891
2000,7,29,4.55031824111939,0,2.94772533003561,0,0.0808785304313653
2000,7,30,21.7062168121338,0,12.9538184490084,0,0.101098163039207
2000,7,31,3.79627346992493,0,12.7512483372884,0,0.111207979343127
2000,8,1,5.36809635162354,0,4.55087335277131,0,0.0940212916264622
2000,8,2,1.82893848419189,0,3.59942234965638,0,0.0869444202137177
2000,8,3,2.83654594421387,0,2.23083063313607,0,0.0778455855401891
2000,8,4,0.00466844253242016,0,1.45147518024532,0,0.0697577324970526
2000,8,5,0.100356496870518,0,0.0514193898306985,1.13686837721616e-13,0.061669879453916
2000,8,6,5.92410564422607,0,2.78662881191849,-1.13686837721616e-13,0.060658897823524
2000,8,7,20.8010082244873,0,13.3588942308925,0,0.0788565671705811
2000,8,8,3.29258251190186,0,12.6166548299334,0,0.121317795647048
2000,8,9,6.57299518585205,0,4.83152511610024,0,0.839114753225415
2000,8,10,13.1221694946289,0,9.7250158182469,0,1.28394667059792
2000,8,11,0.0136935329064727,0,7.82934132804076,0,0.363953386941144
2000,8,12,0.00761916255578399,1.13686837721616e-13,0.0109068669189583,0,0.212306142382334
2000,8,13,1.30901880766032e-05,-1.13686837721616e-13,0.00395551293695462,0,0.15164724455881
2000,8,14,0.0410605147480965,0,0.0199792851017264,0,0.121317795647048
2000,8,15,0.00175573502201587,0,0.0216278256666556,0,0.0990761997784225
2000,8,16,0.0396371372044086,0,0.018422237921186,0,0.0849224569529335
2000,8,17,1.92266321182251,0,0.851047662134079,0,0.0930103099960701
2000,8,18,32.6252899169922,0,17.1960552043129,0,1.00087181408815
2000,8,19,0.0683267861604691,0,16.3470675341305,0,0.515600631499954
2000,8,20,0.000778817862737924,0,0.035605273587862,0,0.232525774990175
2000,8,21,0.00252615101635456,0,0.00164537739328807,0,0.15164724455881
2000,8,22,0.313727200031281,0,0.150356103251397,0,0.111207979343127
2000,8,23,2.20433115959167,0,1.20554566732244,0,0.0960432548872463
2000,8,24,5.44494581222534,0,3.81368788217515,0,0.0889663834745018
2000,8,25,0.148738890886307,0,3.10023017693311,0,0.0778455855401891
2000,8,26,0.193464726209641,0,0.171856685898092,0,0.0657138059754843
2000,8,27,3.48632645606995,0,1.71316859018771,0,0.060658897823524
2000,8,28,0.0841983556747437,0,1.81309200469332,0,0.0556039896715636
2000,8,29,0.00857329834252596,0,0.047128770765994,0,0.046505154998035
2000,8,30,0,0,0.00430775996574084,0,0.0424612284764668
2000,8,31,0,0,0,0,0.0404392652156826
2000,9,1,0.000534032005816698,0,0.000241662204643944,0,0.030329448911762
2000,9,2,0.0850948989391327,0,0.0389790890985751,0,0.0293184672813699
2000,9,3,1.1885153055191,0,0.507005261788436,0,0.0293184672813699
2000,9,4,16.2311000823975,0,8.704900518871,0,0.0475161366284271
2000,9,5,0.0141229527071118,0,8.1628509554248,0,0.0353843570637223
2000,9,6,0.00248708482831717,0,0.00760201023513218,0,0.045494173367643
2000,9,7,0.0242993570864201,0,0.0155865705528413,0,0.0363953386941144
2000,9,8,0.0402068346738815,0,0.0310891825756698,0,0.0293184672813699
2000,9,9,0.493467539548874,0,0.233302485412423,0,0.0293184672813699
2000,9,10,14.27015209198,0,5.79733004049922,0,0.0353843570637223
2000,9,11,12.4197072982788,0,13.3516640531961,-1.13686837721616e-13,0.0414502468460747
2000,9,12,10.9194107055664,0,11.6813693172044,1.13686837721616e-13,0.061669879453916
2000,9,13,0.958982884883881,0,6.0355144677269,0,0.0505490815196033
2000,9,14,0.094784714281559,0,0.532942232475762,0,0.0374063203245064
2000,9,15,0.915469288825989,0,0.462575798672333,0,0.0384173019548985
2000,9,16,0.0120480135083199,0,0.463941735848493,0,0.0323514121725461
2000,9,17,0.000853780133184046,0,0.00657543157649343,0,0.0262855223901937
2000,9,18,2.31972790061263e-05,0,0.000395416245737579,0,0.0212306142382334
2000,9,19,2.04275656869868e-05,0,2.20815272768959e-05,0,0.0171866877166651
2000,9,20,2.58243489265442,0,1.06390343192834,0,0.0242635591294096
2000,9,21,11.4215755462646,0,5.91443452955355,0,0.0636918427147002
2000,9,22,0.381619364023209,0,5.91419017379303,0,0.0980652181480304
2000,9,23,3.08449625968933,0,1.68905007580543,0,0.101098163039207
2000,9,24,8.96671295166016,0,5.93637594384927,0,0.100087181408815
2000,9,25,6.37893104553223,-1.13686837721616e-13,7.67538550017707,0,0.323514121725461
2000,9,26,23.1972999572754,1.13686837721616e-13,14.7666388666803,0,1.52658226189202
2000,9,27,0.00225497246719897,0,11.6000885597532,0,0.909883467352859
2000,9,28,0.00533588044345379,0,0.00375247920237598,0,0.444831917372509
2000,9,29,0.000421580945840105,0,0.00312082210803055,0,0.272965040205858
2000,9,30,3.50313239323441e-05,0,0.000234804429055657,0,0.202196326078413
2000,10,1,0.0019362096209079,0,0.000979745669610566,0,0.161757060862731
2000,10,2,0.00180196762084961,0,0.00187261417158879,-1.13686837721616e-13,0.141537428254889
2000,10,3,0.00385455833747983,0,0.00280793652200373,1.13686837721616e-13,0.121317795647048
2000,10,4,3.29697251319885,0,1.58824287484458,0,0.131427611950969
2000,10,5,38.5951538085938,0,20.9313326694355,0,20.8262215860766
2000,10,6,6.75195550918579,0,22.6743125734356,0,9.4931175093815
2000,10,7,0.006266666110605,0,3.39953363377936,-1.13686837721616e-13,3.36656882920558
2000,10,8,0.0895199850201607,0,0.046346465642273,1.13686837721616e-13,1.97141417926453
2000,10,9,0.00883998535573483,-1.13686837721616e-13,0.0462636528536677,0,1.32438593581361
2000,10,10,5.110142956255e-05,1.13686837721616e-13,0.00485691410358413,0,1.01098163039207
2000,10,11,0.000605409499257803,0,0.000322677835356444,0,0.788565671705811
2000,10,12,9.22952749533579e-05,0,0.000349640959029784,0,0.636918427147002
2000,10,13,9.81564007815905e-05,0,9.52005830185954e-05,0,0.535820264107795
2000,10,14,0.0307121966034174,0,0.0151774892983667,0,0.485271182588192
2000,10,15,1.09045815467834,0,0.559623201454087,0,0.434722101068588
2000,10,16,0.682217478752136,0,0.888691668944375,0,0.404392652156826
2000,10,17,8.54581928253174,0,4.60625594059093,0,1.273836854294
2000,10,18,1.26720798015594,0,5.00987144940518,-1.13686837721616e-13,2.62855223901937
2000,10,19,0.00753599405288696,0,0.668671793559042,1.13686837721616e-13,1.45581354776458
2000,10,20,0.0103541072458029,0,0.00892765809840057,1.13686837721616e-13,1.05142089560775
2000,10,21,0.0988857597112656,0,0.0522901552285475,-1.13686837721616e-13,0.859334385833256
2000,10,22,0.0222905036062002,0,0.0628383703806321,0,0.707687141274446
2000,10,23,0.169684544205666,0,0.0918039181451604,0,0.576259529323478
2000,10,24,0.5333212018013,-1.13686837721616e-13,0.334644075042888,0,0.525710447803874
2000,10,25,0.2345210313797,1.13686837721616e-13,0.409086071671482,1.13686837721616e-13,0.505490815196033
2000,10,26,0.198073223233223,0,0.216842071888095,-1.13686837721616e-13,0.485271182588192
2000,10,27,0.039237380027771,0,0.121849934701459,0,0.45494173367643
2000,10,28,0.00187453080434352,0,0.0223547861533007,0,0.414502468460747
2000,10,29,0.00190993270371109,0,0.00188851352504571,0,0.363953386941144
2000,10,30,2.90229945676401e-05,0,0.000720656378689455,0,0.323514121725461
2000,10,31,0.000257471750956029,0,0.000156123889610171,0,0.31340430542154
2000,11,1,0.0453228913247585,0,0.0211104740701558,0,0.30329448911762
2000,11,2,0.131675466895103,0,0.0836461064500327,-1.13686837721616e-13,0.293184672813699
2000,11,3,1.00474441051483,0,0.443064817551203,1.13686837721616e-13,0.293184672813699
2000,11,4,0.0496025569736958,0,0.437700185248104,0,0.293184672813699
2000,11,5,0.000138628165586852,0,0.0267676539333479,0,0.272965040205858
2000,11,6,2.00544929504395,0,0.923735588003183,0,0.272965040205858
2000,11,7,7.12814807891846,-1.13686837721616e-13,4.45401213421792,-1.13686837721616e-13,0.293184672813699
2000,11,8,1.9929438829422,1.13686837721616e-13,5.07693565604859,0,0.31340430542154
2000,11,9,23.2951240539551,0,12.6063519352501,1.13686837721616e-13,3.75074184875456
2000,11,10,13.1120729446411,0,18.2151892022484,0,7.46104443229345
2000,11,11,0.041943721473217,0,6.63109956821427,0,3.43733754333302
2000,11,12,0.41819903254509,0,0.229156974412035,0,2.13317124012726
2000,11,13,3.66821646690369,0,1.97180046468202,0,1.74899822057827
2000,11,14,1.86047494411469,0,2.76466908277143,0,1.72877858797043
2000,11,15,0.0196060910820961,0,0.946178302958288,0,1.34460556842145
2000,11,16,0.0257771983742714,0,0.0231049309186346,0,1.16262887495088
2000,11,17,0.0442597158253193,0,0.0355644101437065,0,0.990761997784225
2000,11,18,0.0007798588485457,7.24178594282421e-05,0.0235201480863907,0,0.808785304313653
2000,11,19,0.00888749863952398,7.62112795200665e-05,0.00475563714280725,0,0.738016590186208
2000,11,20,0.0192988701164722,0,0.014090304455749,0,0.697577324970526
2000,11,21,0.035242710262537,0.0176150186194946,0.00965290489330073,0,0.596479161931319
2000,11,22,0.0130180334672332,0.025432684158659,0,0,0.525710447803874
2000,11,23,0.000311068433802575,0.00693343056366302,7.71571467339527e-05,0,0.505490815196033
2000,11,24,0.219231203198433,7.41740552712145e-05,0.109339649086905,0,0.475161366284271
2000,11,25,9.08255290985107,0,4.62809303899849,0.0569770563241718,0.566149713019557
2000,11,26,6.00481081008911,0,7.56098816490703,-1.13686837721616e-13,0.788565671705811
2000,11,27,0.655709743499756,0,3.34135945015078,0,0.818895120617574
2000,11,28,0.0137585094198585,0,0.308663989879278,0,0.727906773882288
2000,11,29,0.159816443920136,0,0.100469870158122,0,0.657138059754843
2000,11,30,0.327785313129425,0,0.23317765707543,0,0.596479161931319
2000,12,1,0.405686736106873,0,0.362079287962843,0,0.525710447803874
2000,12,2,0.637432992458344,0,0.521140109329281,0,0.495380998892112
2000,12,3,0.0142885763198137,0.00370933572719423,0.324448248607951,0,0.46505154998035
2000,12,4,0.0034901131875813,0.00506230453913759,0.0039410383287759,0,0.434722101068588
2000,12,5,0.0132222110405564,0.00557241088824867,0.00223609018939896,0,0.414502468460747
2000,12,6,0.0234006587415934,0.0159074737623541,0.00205907764757285,0,0.384173019548985
2000,12,7,0.000557586492504925,0.0124178497781031,7.49708815419581e-05,0,0.363953386941144
2000,12,8,0.000279475672869012,0.000167629757129362,0.000228225329919951,0,0.353843570637223
2000,12,9,0.157398119568825,0.0781232769962799,0.000514381801622221,0,0.343733754333302
2000,12,10,1.91384780406952,0.0783456973219927,0.957031879348506,-3.41060513164848e-13,0.353843570637223
2000,12,11,5.68638229370117,0,3.77641406532712,0.219734274877737,1.4659233640685
2000,12,12,18.4508514404297,0.204720270782559,11.8611898589661,0,5.45930080411716
2000,12,13,1.85879957675934,1.13400205323103,9.02316900876394,6.82121026329696e-13,2.19383013795078
2000,12,14,8.50687789916992,5.17539276454784,3.63797880709171e-12,0,1.52658226189202
2000,12,15,0.856568038463593,4.79759612543899,0.0197310796647798,0,1.09186016082343
2000,12,16,12.5069646835327,0.409623925699293,6.24648682282714,0.119778000386304,7.71378983989146
2000,12,17,9.40723705291748,4.69816848793562,6.26072819289402,0.120447265540975,7.66324075837186
2000,12,18,0.335631906986237,4.94958487312533,0,0,3.02283507487228
2000,12,19,2.69794464111328,1.46805536018587,0,0,1.89053564883316
2000,12,20,0.144610077142715,1.5107292106045,0,0,1.25361722168616
2000,12,21,0.942379891872406,0.613512521795201,0,0,0.788565671705811
2000,12,22,0.134773507714272,0.466681637476086,0,0,0.697577324970526
2000,12,23,0.00267433957196772,0.0542130204830755,0,0,0.636918427147002
2000,12,24,0.000995642738416791,0.00193717078968803,0,0,0.586369345627398
2000,12,25,0.0382824242115021,0.0170667099037019,0,0,0.545930080411716
2000,12,26,0.187481835484505,0.0961246643655613,0,-1.13686837721616e-13,0.505490815196033
2000,12,27,0.657768785953522,0.374131095852931,0,1.13686837721616e-13,0.485271182588192
2000,12,28,0.0578713566064835,0.41472578840262,0,0,0.475161366284271
2000,12,29,0.312483012676239,0.152571831355544,0,0,0.45494173367643
2000,12,30,1.42082405090332,0.757282293218395,0,-1.13686837721616e-13,0.434722101068588
2000,12,31,0.390005111694336,0.978184135769084,0,1.13686837721616e-13,0.424612284764668
2001,1,1,0.0360921956598759,0.247846219595658,0,0,0.414502468460747
2001,1,2,0.0498123802244663,0.0423896688464538,0,0,0.394282835852906
2001,1,3,0.0143108014017344,0.0334983632254762,0,0,0.374063203245064
2001,1,4,0.0230579655617476,0.0186502856366815,0,0,0.363953386941144
2001,1,5,0.0539130829274654,0.0137938830249595,0.0216608550617821,0,0.374063203245064
2001,1,6,0.0282610896974802,0.00264176922541992,0.0389466043961875,0,0.384173019548985
2001,1,7,0.000229371726163663,0.00294095706124153,0.0122817788687826,0,0.384173019548985
2001,1,8,0.0239159148186445,0.000790283637002176,0.0100050856235612,0,0.343733754333302
2001,1,9,0.0104552609845996,0.00600854607716883,0.0113396520064271,0,0.30329448911762
2001,1,10,0.000431726686656475,0.00433311961353411,0,0,0.283074856509778
2001,1,11,0,0.000271543611802372,0,0,0.31340430542154
2001,1,12,0.0130857536569238,1.13686837721616e-13,0.00552832347602816,0,0.323514121725461
2001,1,13,1.25039678096073e-05,-1.13686837721616e-13,0.00727091058797669,-0.000175160067328761,0.333623938029382
2001,1,14,0.149290859699249,0,0.067321980252018,0.575878403230149,0.475161366284271
2001,1,15,1.11423993110657,0,0.608402951318567,1.91136935123382,1.47603318037242
2001,1,16,0.0131031507626176,0,0.568030660040677,1.31538464731159,1.36482520102929
2001,1,17,0.00982617773115635,0,0.0115494009769463,0,0.879554018441097
2001,1,18,0.000449887505965307,0,0.00491190849788836,0,0.727906773882288
2001,1,19,0.614904761314392,0,0.236047419242823,0,0.647028243450922
2001,1,20,1.68693435192108,0.661342931310514,0.373838523701124,1.13686837721616e-13,0.515600631499954
2001,1,21,0.120138742029667,0.948365944310012,0,-1.13686837721616e-13,0.384173019548985
2001,1,22,6.29590649623424e-05,0.06084454511074,0,0,0.495380998892112
2001,1,23,9.20505485169087e-08,3.04019674786105e-05,4.7599314711988e-08,0,0.444831917372509
2001,1,24,0.00834461953490973,0,0.00403451830788981,0,0.394282835852906
2001,1,25,0.0360852293670177,0.00723608609359872,0.0147812971044914,-1.13686837721616e-13,0.353843570637223
2001,1,26,0.723569750785828,0.18001874126378,0.143118690670235,1.13686837721616e-13,0.293184672813699
2001,1,27,3.88748359680176,1.16497333602683,1.06992635744609,-1.13686837721616e-13,0.374063203245064
2001,1,28,0.109970815479755,1.11609393353467,1.01569439042578,0,0.31340430542154
2001,1,29,2.03292870521545,0.0551270647422371,1.01384567069545,0,0.394282835852906
2001,1,30,11.9919900894165,0,6.97293022782469,2.11706332651318,1.81976693470572
2001,1,31,7.69834566116333,-1.13686837721616e-13,9.85591102553008,3.16249755328147,4.86282164218584
2001,2,1,0.132493883371353,1.13686837721616e-13,3.93828930883319,1.03131600331562,2.51734425967624
2001,2,2,0.549870252609253,0.307292970438766,0.0584501634293702,0.0019512204704597,1.73888840427435
2001,2,3,0.105581924319267,0.313200697581578,0,0,1.23339758907832
2001,2,4,0.155816659331322,0.0561898600137738,0.0728922730559134,0,1.09186016082343
2001,2,5,0.47533655166626,0,0.310921018433874,0,0.930103099960701
2001,2,6,0.0868474021553993,0,0.259744511182362,0,0.818895120617574
2001,2,7,0.271743565797806,0,0.193563567332603,0.0829499860753913,0.748126406490129
2001,2,8,0.498118132352829,0,0.384814351848036,2.33316208841518,0.75823622279405
2001,2,9,6.55041885375977,0,3.35998247061798,6.83234645953064,2.4971246270684
2001,2,10,12.2514152526855,0,9.36779086156093,5.69647414448252,8.05752359422477
2001,2,11,0.00539469439536333,0.00197303536481286,6.37131598528504,0.989847664802824,3.09360378899972
2001,2,12,0.0338515304028988,0.00211058661432162,0.0171293077946757,0,1.85009638361748
2001,2,13,0.0810550674796104,0,0.0562186343231588,0.983674602113069,1.40526446624497
2001,2,14,1.73146641254425,0,0.896025891830504,4.34893729811392,1.42548409885281
2001,2,15,4.8828125,0,3.29635610172409,2.55465696388319,1.94108473035277
2001,2,16,1.65935051441193,0,3.51698781118466,0,2.07251234230374
2001,2,17,1.07084178924561,0.413145452374238,0.952785966092051,0,1.96130436296061
2001,2,18,0.00279403268359602,0.417561724585312,0.121639904718904,0,1.29405648690184
2001,2,19,0.000277803774224594,0.00143219739959477,0.000135403919557575,0,1.09186016082343
2001,2,20,0.0197453927248716,0,0.00988376524401247,0.777704844954769,0.970542365176383
2001,2,21,0.000624752545263618,0,0.0104041004342434,0,0.818895120617574
2001,2,22,0.576310873031616,0.0821587400752151,0.201392887585826,-1.13686837721616e-13,0.738016590186208
2001,2,23,0.314801096916199,0.0846392942233933,0.362563830149156,1.13686837721616e-13,0.707687141274446
2001,2,24,0.841227948665619,-1.13686837721616e-13,0.571554233159986,0.129631407117586,0.60658897823524
2001,2,25,14.8245534896851,0,7.82755212215125,0,1.31427611950969
2001,2,26,0.00364166963845491,1.13686837721616e-13,7.42409775425404,1.13686837721616e-13,1.55691171080378
2001,2,27,0.0349444970488548,0,0.0188823498392594,0,1.11207979343127
2001,2,28,0.0303788725286722,0,0.0326704901017365,0,0.940212916264621
2001,3,1,0.000578089326154441,0,0.0155532035860233,0,0.839114753225415
2001,3,2,0.0161742530763149,0,0.00844289399901754,0,0.778455855401891
2001,3,3,0.0127335032448173,0,0.0147676052874886,0,0.697577324970526
2001,3,4,2.00093603134155,0,0.931347662051849,0,0.61669879453916
2001,3,5,0.875803828239441,0,1.48057442325808,0,0.545930080411716
2001,3,6,0.178765743970871,0.0104478939898627,0.523297807209019,0,0.46505154998035
2001,3,7,0.023970702663064,0.0106994730471115,0.0910630764483358,0,0.434722101068588
2001,3,8,0.000206386743229814,0,0.0122750552363868,0.0247303331125295,0.424612284764668
2001,3,9,0.0230205301195383,-1.13686837721616e-13,0.00949657729142928,0,0.414502468460747
2001,3,10,0.0956828370690346,1.13686837721616e-13,0.0576837781591166,-1.13686837721616e-13,0.384173019548985
2001,3,11,0,0,0.0485035018464259,0.00134210099008669,0.374063203245064
2001,3,12,0.90610134601593,0,0.471436061823624,0,0.363953386941144
2001,3,13,6.91415071487427,0,3.1900376489466,0,0.46505154998035
2001,3,14,0.97674036026001,0,3.9649742198817,0,0.444831917372509
2001,3,15,0.59297102689743,0,0.785038823560171,0,0.374063203245064
2001,3,16,7.60853576660156,0,3.95081615015079,0,0.45494173367643
2001,3,17,3.52111101150513,0,5.56947822100119,0,0.556039896715636
2001,3,18,0.0801858082413673,0,1.81365068471496,0,0.525710447803874
2001,3,19,0.00169684423599392,-1.13686837721616e-13,0.0409421016083797,0.0136923255155352,0.45494173367643
2001,3,20,0.00010074920282932,0,0.000790871574281482,0,0.434722101068588
2001,3,21,0.0926579609513283,0,0.0435293022055703,0,0.424612284764668
2001,3,22,0.0280534476041794,0,0.0584372555604205,0,0.414502468460747
2001,3,23,0.026052376255393,0,0.0269976604795374,0,0.384173019548985
2001,3,24,0.429566353559494,0,0.220748792962695,0,0.374063203245064
2001,3,25,0.0353403650224209,0.000164864257385489,0.237207745249179,0,0.343733754333302
2001,3,26,0.0142047079280019,0.00709408290765623,0.0179487816931214,0,0.323514121725461
2001,3,27,0.00619265250861645,0.00837227485419589,0.0019651954244182,0,0.31340430542154
2001,3,28,0.161652147769928,0.00109340508618061,0.0804249533757684,0.0266803011135153,0.30329448911762
2001,3,29,1.3948050737381,0,0.861168097719201,0,0.323514121725461
2001,3,30,0.0750287398695946,0,0.776044723683299,0,0.333623938029382
2001,3,31,0.319689214229584,0,0.203613276171382,0,0.31340430542154
2001,4,1,4.37428092956543,0,2.20873570702315,0,0.333623938029382
2001,4,2,0.116987220942974,0,2.29702959738279,0,0.323514121725461
2001,4,3,0.270794928073883,0,0.198661806378368,0,0.293184672813699
2001,4,4,0.0305101983249187,0,0.143715494858043,0,0.283074856509778
2001,4,5,0.0015921478625387,0,0.0164249477747944,0,0.283074856509778
2001,4,6,0.301266819238663,0,0.139171395039739,0,0.30329448911762
2001,4,7,2.05321097373962,0,1.42877964121362,0,0.475161366284271
2001,4,8,0.389055758714676,0,1.30132825254259,-1.13686837721616e-13,0.424612284764668
2001,4,9,0.294850051403046,0,0.327432005869923,1.13686837721616e-13,0.363953386941144
2001,4,10,4.44302940368652,0,2.16664535778909,0,0.343733754333302
2001,4,11,20.9073066711426,0,12.2549327421511,-1.13686837721616e-13,2.3960264640292
2001,4,12,1.9424375295639,0,11.4249559875861,1.13686837721616e-13,1.99163381187237
2001,4,13,0.0572371259331703,0,1.11343102944738,0,1.08175034451951
2001,4,14,0.43419337272644,0,0.244775476592622,0,0.788565671705811
2001,4,15,3.65397953987122,0,1.93054843642676,0,0.707687141274446
2001,4,16,2.55699944496155,0,3.19363799516577,0,0.596479161931319
2001,4,17,0.602936685085297,0,1.44476158812904,-1.13686837721616e-13,0.475161366284271
2001,4,18,0.307278692722321,0,0.47908247684245,1.13686837721616e-13,0.414502468460747
2001,4,19,0.29733282327652,-1.13686837721616e-13,0.303175188204477,-1.13686837721616e-13,0.384173019548985
2001,4,20,4.91217947006226,1.13686837721616e-13,2.01508957573242,0,0.414502468460747
2001,4,21,1.33422636985779,0,3.25250339301783,1.13686837721616e-13,0.394282835852906
2001,4,22,0.32292366027832,0,0.852545811496384,0,0.353843570637223
2001,4,23,0.126867324113846,0,0.231055187785387,0,0.323514121725461
2001,4,24,5.03090906143189,0,2.26222153551498,0,0.333623938029382
2001,4,25,0.00112126383464783,1.13686837721616e-13,2.59343250108577,0,0.293184672813699
2001,4,26,0.000640836893580854,-1.13686837721616e-13,0.000897508452908369,0,0.262855223901937
2001,4,27,0.0853337645530701,-1.13686837721616e-13,0.0351555090783222,-1.13686837721616e-13,0.252745407598017
2001,4,28,0.0178075898438692,1.13686837721616e-13,0.042294993680116,1.13686837721616e-13,0.242635591294096
2001,4,29,0.000590080628171563,0,0.00841325629880885,0,0.222415958686255
2001,4,30,0.00383717427030206,0,0.00217928553684033,0,0.222415958686255
2001,5,1,0.169901609420776,0,0.0644087369146291,0,0.222415958686255
2001,5,2,0.00597280357033014,0,0.0796510592590494,0,0.222415958686255
2001,5,3,0.000193655447219498,0,0.00337810880228062,0,0.212306142382334
2001,5,4,0.000246567884460092,0,0.000225658073759405,0,0.192086509774493
2001,5,5,5.58454630663618e-05,0,0.000161023705004482,0,0.181976693470572
2001,5,6,0.602261066436768,0,0.341428411411471,0,0.181976693470572
2001,5,7,9.36287307739258,0,4.54506001494519,0,0.414502468460747
2001,5,8,15.8662443161011,0,12.5802346402961,0,2.81052893248994
2001,5,9,0.305234253406525,0,8.08687320316312,0,1.55691171080378
2001,5,10,0.00030927816987969,0,0.154288722136698,0,0.849224569529335
2001,5,11,0.209242761135101,0,0.0982833381312957,0,0.626808610843081
2001,5,12,3.41817140579224,0,1.68858179585732,0,1.24350740538224
2001,5,13,0.0100534502416849,0,1.91565674921731,0,0.707687141274446
2001,5,14,0.458411306142807,0,0.210221075540176,0,0.46505154998035
2001,5,15,0.67539393901825,1.13686837721616e-13,0.537634197768057,0,0.394282835852906
2001,5,16,0.565109014511108,-1.13686837721616e-13,0.611097245124256,0,0.353843570637223
2001,5,17,4.90767860412598,0,2.57805256960273,0,0.626808610843081
2001,5,18,16.1571750640869,0,9.50625594817393,0,3.92260872592122
2001,5,19,18.8885707855225,0,17.4913561729118,0,6.02545051713671
2001,5,20,2.03472876548767,0,10.931605129208,0,2.91162709552915
2001,5,21,2.81652045249939,0,2.37393024250923,0,1.68833932275475
2001,5,22,1.57116341590881,0,2.21300102060559,0,1.15251905864696
2001,5,23,1.25120091438293,0,1.41891390523961,0,0.889663834745018
2001,5,24,13.1216583251953,0,6.39979453935666,0,0.960432548872463
2001,5,25,5.19695854187012,-1.13686837721616e-13,9.17815716491532,-1.13686837721616e-13,1.03120126299991
2001,5,26,14.4627180099487,1.13686837721616e-13,9.81348021550002,1.13686837721616e-13,2.51734425967624
2001,5,27,10.471245765686,0,12.4685617760224,0,6.49050206711706
2001,5,28,0.291567206382751,-1.13686837721616e-13,6.30540541284427,-1.13686837721616e-13,2.93184672813699
2001,5,29,0.00409113429486752,-1.13686837721616e-13,0.150148372529657,0,1.77932766949004
2001,5,30,0.178751647472382,1.13686837721616e-13,0.0899221627223596,0,1.25361722168616
2001,5,31,0.345822364091873,0,0.252463479144353,0,0.990761997784225
2001,6,1,3.43375277519226,1.13686837721616e-13,1.7127411159272,0,0.91999328365678
2001,6,2,1.81506538391113,-1.13686837721616e-13,2.70567947885138,0,0.778455855401891
2001,6,3,1.45553576946259,0,1.64892133861576,0,0.647028243450922
2001,6,4,2.40038776397705,-1.13686837721616e-13,1.92572472017127,0,0.61669879453916
2001,6,5,11.419228553772,1.13686837721616e-13,6.88453962321728,0,1.33449575211753
2001,6,6,16.6909675598145,0,14.0173879723152,0,9.12916412244036
2001,6,7,7.12343120574951,0,12.0872576741931,0,4.21579339873491
2001,6,8,0.0511186085641384,-1.13686837721616e-13,4.14326874208928,-1.13686837721616e-13,2.11295160751942
2001,6,9,0.000374387513147667,0,0.0320069933441118,0,1.39515464994105
2001,6,10,4.16855546063744e-05,0,0.000213426334084943,0,1.05142089560775
2001,6,11,0.0391724407672882,0,0.0187185219983803,0,0.859334385833256
2001,6,12,0.412675499916077,0,0.219847964293876,0,0.717796957578367
2001,6,13,4.32715797424316,0,2.30427359231544,0,0.596479161931319
2001,6,14,0.270111799240112,0,2.39504230621969,0,0.525710447803874
2001,6,15,3.22455334663391,0,1.7213518975841,0,0.485271182588192
2001,6,16,13.1510705947876,0,8.04950755003301,0,0.738016590186208
2001,6,17,0,-1.13686837721616e-13,6.64322039368199,-1.13686837721616e-13,0.566149713019557
2001,6,18,0.000552672659978271,1.13686837721616e-13,0.000266219733020989,2.27373675443232e-13,0.404392652156826
2001,6,19,0.551556766033173,0,0.252401512418146,-1.13686837721616e-13,0.343733754333302
2001,6,20,7.39783096313477,0,3.88573162437388,0,0.31340430542154
2001,6,21,7.00937938690186,0,7.20419292407678,0,1.16262887495088
2001,6,22,15.8083763122559,-1.13686837721616e-13,11.3625016588849,0,4.91337072370544
2001,6,23,0.107948035001755,1.13686837721616e-13,8.20470234248205,0,1.72877858797043
2001,6,24,0.185877129435539,0,0.145332199263066,0,1.09186016082343
2001,6,25,0.00862854532897472,0,0.100450530881062,-1.13686837721616e-13,0.76834603909797
2001,6,26,0.0885525569319725,0,0.0474825914607209,1.13686837721616e-13,0.556039896715636
2001,6,27,0.114114560186863,0,0.102163597719482,0,0.444831917372509
2001,6,28,0.025668703019619,-1.13686837721616e-13,0.0651956379733747,-1.13686837721616e-13,0.374063203245064
2001,6,29,0.43319895863533,1.13686837721616e-13,0.219180513868196,1.13686837721616e-13,0.333623938029382
2001,6,30,1.17619502544403,0,0.76246446692312,0,0.30329448911762
2001,7,1,2.20401263237,0,1.67087473145148,0,0.272965040205858
2001,7,2,6.95597314834595,0,4.24344071709493,0,0.31340430542154
2001,7,3,1.22799134254456,0,4.87717462499131,0,0.333623938029382
2001,7,4,20.0130767822266,0,10.5650186947096,0,0.60658897823524
2001,7,5,9.6703577041626,0,14.8587811414836,0,0.849224569529335
2001,7,6,0.0253934394568205,0,5.15435109558894,0,0.515600631499954
2001,7,7,0.714940667152405,0,0.357969715892978,0,0.323514121725461
2001,7,8,9.13776111602783,0,4.86558780580526,0,0.818895120617574
2001,7,9,23.9838199615479,0,16.5294288464283,0,7.57225241163657
2001,7,10,0.0230912230908871,0,12.0195073849609,0,2.21404977055862
2001,7,11,0.0022844800259918,0,0.0129907746741083,0,1.13229942603911
2001,7,12,0.000256689178058878,0,0.00139719815342687,0,0.717796957578367
2001,7,13,0.00408083759248257,0,0.00189306779066101,0,0.505490815196033
2001,7,14,0.000831287819892168,0,0.00249482664366951,0,0.384173019548985
2001,7,15,0.00750870956107974,0,0.00371656818970223,0,0.31340430542154
2001,7,16,0.000893787480890751,0,0.00364423462451668,-1.13686837721616e-13,0.262855223901937
2001,7,17,2.0938880443573,-1.13686837721616e-13,0.778040935601894,0,0.222415958686255
2001,7,18,31.7553215026856,1.13686837721616e-13,14.4446350997277,1.13686837721616e-13,3.6193142368036
2001,7,19,3.58836007118225,0,17.6788166761871,0,14.8614299667634
2001,7,20,0.155842170119286,0,2.00423446146306,0,2.78019948357818
2001,7,21,1.20927810668945,0,0.645767444617377,0,1.34460556842145
2001,7,22,2.75946569442749,0,1.87488044303245,0,0.859334385833256
2001,7,23,2.27120161056519,0,2.51903185730043,0,0.869444202137177
2001,7,24,0.790938198566437,1.13686837721616e-13,1.67415464867372,1.13686837721616e-13,0.545930080411716
2001,7,25,1.15713500976563,-1.13686837721616e-13,0.998965501901694,-1.13686837721616e-13,0.414502468460747
2001,7,26,5.34985494613648,0,3.24303913308904,0,0.343733754333302
2001,7,27,1.43802928924561,0,3.39634269800445,0,0.293184672813699
2001,7,28,4.38861751556397,0,2.8558193890276,0,0.262855223901937
2001,7,29,11.9370059967041,0,8.12179901029958,1.13686837721616e-13,0.272965040205858
2001,7,30,1.3131765127182,0,6.63021684262276,-1.13686837721616e-13,0.262855223901937
2001,7,31,0.00484895473346114,0,0.746632215199497,0,0.202196326078413
2001,8,1,9.52869013417512e-05,1.13686837721616e-13,0.00280479728098726,1.13686837721616e-13,0.171866877166651
2001,8,2,0.0631338730454445,-1.13686837721616e-13,0.0289119685621699,-1.13686837721616e-13,0.161757060862731
2001,8,3,2.00628066062927,0,0.988556472551863,0,0.15164724455881
2001,8,4,0.633760690689087,0,1.44851387122253,0,0.141537428254889
2001,8,5,0.00130652170628309,0,0.340118216769042,0,0.121317795647048
2001,8,6,0.000434230285463855,0,0.000883534252352547,0,0.111207979343127
2001,8,7,0.0870011001825333,-1.13686837721616e-13,0.0399707566539291,0,0.091999328365678
2001,8,8,0.034003134816885,1.13686837721616e-13,0.0623111954882916,0,0.0818895120617573
2001,8,9,1.58868086338043,0,0.652546908608201,0,0.0909883467352859
2001,8,10,8.27375888824463,0,4.81123928568195,0,0.0950322732568542
2001,8,11,3.44860744476318,0,6.06937482360445,0,0.091999328365678
2001,8,12,2.86554288864136,0,3.18094961786483,0,0.0839114753225415
2001,8,13,0.18396183848381,0,1.66214473003129,-1.13686837721616e-13,0.121317795647048
2001,8,14,0.930629849433899,-1.13686837721616e-13,0.530269114482508,1.13686837721616e-13,0.111207979343127
2001,8,15,0.00123697216622531,1.13686837721616e-13,0.563996181081166,0,0.0677357692362684
2001,8,16,0.15753610432148,-1.13686837721616e-13,0.0611136088882631,-1.13686837721616e-13,0.0535820264107795
2001,8,17,0.596036493778229,1.13686837721616e-13,0.320907776284002,1.13686837721616e-13,0.0485271182588192
2001,8,18,4.4704418182373,0,2.36228207051681,0,0.0960432548872463
2001,8,19,26.9004364013672,0,15.2940714795805,0,0.242635591294096
2001,8,20,0.30930683016777,1.13686837721616e-13,13.6057376322206,0,0.121317795647048
2001,8,21,0.00544343609362841,-1.13686837721616e-13,0.165326121077669,0,0.0818895120617573
2001,8,22,0.691174209117889,0,0.340861440348817,0,0.0697577324970526
2001,8,23,10.5016622543335,0,5.56813950347714,0,0.0677357692362684
2001,8,24,0.209604516625404,0,5.39970257698224,1.13686837721616e-13,0.0535820264107795
2001,8,25,1.7813640832901,0,0.99103938483313,-1.13686837721616e-13,0.0495380998892112
2001,8,26,9.19258117675781,0,4.93027272968902,0,0.0566149713019557
2001,8,27,1.43880271911621,0,5.40509270347684,0,0.0566149713019557
2001,8,28,0.393674165010452,0,0.866439446192089,0,0.0586369345627398
2001,8,29,3.29489660263062,0,1.76968343729823,0,0.046505154998035
2001,8,30,0.0702536255121231,0,2.149254401902,0,0.0424612284764668
2001,8,31,6.45305061340332,0,3.18409079827325,0,1.2232877727744
2001,9,1,9.7207498550415,0,8.06132665140467,0,1.07164052821559
2001,9,2,0.0267852209508419,-1.13686837721616e-13,4.96206650965178,-1.13686837721616e-13,0.323514121725461
2001,9,3,0.0646375417709351,1.13686837721616e-13,0.0440519244220923,1.13686837721616e-13,0.171866877166651
2001,9,4,0.0220553278923035,0,0.0440983695043542,0,0.121317795647048
2001,9,5,0.0787178203463554,0,0.0477537603546807,-1.13686837721616e-13,0.0899773651048939
2001,9,6,0.0107563612982631,0,0.0434736258284829,1.13686837721616e-13,0.0707687141274446
2001,9,7,2.57040643692017,0,1.21177177352729,0,0.061669879453916
2001,9,8,15.9895353317261,0,7.81118473241077,0,0.0667247876058764
2001,9,9,10.6991853713989,0,13.3604879571467,0,0.171866877166651
2001,9,10,26.5028877258301,1.13686837721616e-13,18.5338573922745,0,4.20568358243099
2001,9,11,0.00770329497754574,-1.13686837721616e-13,13.2554638898364,0,1.24350740538224
2001,9,12,0.00690398365259171,0,0.00739360209627193,0,0.566149713019557
2001,9,13,0.0201007965952158,0,0.0126803621606086,0,0.323514121725461
2001,9,14,0.711051285266876,0,0.330162047514023,0,0.222415958686255
2001,9,15,0.00236507086083293,-1.13686837721616e-13,0.423763129449071,0,0.161757060862731
2001,9,16,0.00102910934947431,1.13686837721616e-13,0.00172741979258717,0,0.131427611950969
2001,9,17,0.264961391687393,0,0.129949880763888,0,0.111207979343127
2001,9,18,4.84441757202148,0,2.04130942393385,0,0.111207979343127
2001,9,19,20.1020698547363,0,12.4727119717354,0,0.262855223901937
2001,9,20,4.00023603439331,0,12.0512615327643,0,0.414502468460747
2001,9,21,0.0721145048737526,0,2.07234909347608,-1.13686837721616e-13,0.343733754333302
2001,9,22,0.0904567018151283,0,0.0808119353969232,1.13686837721616e-13,0.232525774990175
2001,9,23,0.79037469625473,0,0.420468012423953,0,0.212306142382334
2001,9,24,18.7653770446777,0,9.45844611655048,0,0.980652181480304
2001,9,25,0.58864438533783,0,9.68161458393297,0,0.91999328365678
2001,9,26,0.00127749680541456,0,0.315647372412059,1.13686837721616e-13,0.515600631499954
2001,9,27,0.000216348518733867,-1.13686837721616e-13,0.000804239469289314,-2.27373675443232e-13,0.333623938029382
2001,9,28,0.00106922979466617,1.13686837721616e-13,0.000574655416130554,1.13686837721616e-13,0.252745407598017
2001,9,29,0.00187973701395094,0,0.00151503764573135,0,0.202196326078413
2001,9,30,0.000355190655682236,0,0.000933065828576218,0,0.171866877166651
2001,10,1,9.70487235463224e-05,0,0.00019246960800956,0,0.15164724455881
2001,10,2,0.00152614014223218,0,0.000945017472986365,0,0.131427611950969
2001,10,3,0.00195397320203483,0,0.00175490904439357,0,0.121317795647048
2001,10,4,3.25785149470903e-05,0,0.000957431118877139,0,0.111207979343127
2001,10,5,3.77179861068726,0,1.78356793046623,0,0.121317795647048
2001,10,6,12.1613636016846,0,7.73498314801327,0,0.161757060862731
2001,10,7,0.00259666051715612,0,6.08268141235749,0,0.171866877166651
2001,10,8,0.597946465015411,0,0.297723739578942,0,0.192086509774493
2001,10,9,0.000174012544448487,0,0.308713688467833,0,0.15164724455881
2001,10,10,1.1717963218689,0,0.688143294362817,0,0.141537428254889
2001,10,11,11.9269094467163,0,6.54339496052853,0,0.212306142382334
2001,10,12,18.7418479919434,0,15.2829786040929,0,2.63866205532329
2001,10,13,1.90302574634552,0,10.3697893829049,0,2.06240252599981
2001,10,14,22.4791412353516,0,11.5784714015281,1.13686837721616e-13,8.39114753225415
2001,10,15,6.04934215545654,0,14.2648338509316,-2.27373675443232e-13,5.5806185997642
2001,10,16,7.27661228179932,0,6.67603687396331,1.13686837721616e-13,2.99250562596052
2001,10,17,1.7799733877182,0,5.24368647598749,0,2.67910132053898
2001,10,18,0.129151538014412,0,0.980581218394946,0,1.88042583252924
2001,10,19,2.80664935417008e-05,0,0.0788399252123782,0,1.42548409885281
2001,10,20,0.099512979388237,0,0.0472121575621713,0,1.11207979343127
2001,10,21,0.0911038294434547,0,0.0960169854697597,0,0.899773651048939
2001,10,22,0,0,0.0461925710151263,0,0.76834603909797
2001,10,23,2.32586765289307,0,1.07762569486295,0,0.738016590186208
2001,10,24,36.4831123352051,0,18.4755900055752,0,9.33136044851877
2001,10,25,11.3118314743042,-1.13686837721616e-13,23.8976116760168,-1.13686837721616e-13,9.31114081591093
2001,10,26,0.06554264575243,-1.13686837721616e-13,5.68870499142213,0,3.47777680854871
2001,10,27,0.0089746518060565,1.13686837721616e-13,0.0379869519201748,0,2.02196326078413
2001,10,28,0.000796921027358621,0,0.00460364180980832,0,1.44570373146065
2001,10,29,0.000231302736210637,0,0.000537517978955293,0,1.1727386912548
2001,10,30,0.00172412791289389,0,0.000975872331764549,0,1.00087181408815
2001,10,31,0.00152007711585611,0,0.00162382193593658,0,0.899773651048939
2001,11,1,0.000113042311568279,0,0.000830095934361452,0,0.818895120617574
2001,11,2,1.82554769515991,0,0.841582094733894,0,0.75823622279405
2001,11,3,2.53227758407593,0,2.16722908002703,0,0.707687141274446
2001,11,4,0.0151908919215202,0,1.4242572197254,0,0.61669879453916
2001,11,5,0.0114559205248952,0,0.0133938063117967,0,0.576259529323478
2001,11,6,0.000102666170278098,0,0.00519939990044804,0,0.535820264107795
2001,11,7,0.000580106396228075,0,0.000300840951240389,0,0.505490815196033
2001,11,8,0.228524371981621,0,0.102913052000076,0,0.485271182588192
2001,11,9,0.399432510137558,0,0.306510593094572,0,0.444831917372509
2001,11,10,0.485134065151215,0,0.440850441722432,0,0.414502468460747
2001,11,11,0.00392156513407826,0,0.280607594413596,-1.13686837721616e-13,0.414502468460747
2001,11,12,0.000318256177706644,0,0.00264621183669078,1.13686837721616e-13,0.363953386941144
2001,11,13,0.000126247003208846,0,0.000205871132493485,0,0.333623938029382
2001,11,14,0.000431752821896225,0,0.000278595518466318,0,0.333623938029382
2001,11,15,0.00384672288782895,1.13686837721616e-13,0.00208316569478484,0,0.323514121725461
2001,11,16,0.00037504147621803,-1.13686837721616e-13,0.0024631364576635,0,0.31340430542154
2001,11,17,0.00814018771052361,0,0.00521035018391558,0,0.30329448911762
2001,11,18,0.0402041710913181,0,0.0257390773331281,0,0.293184672813699
2001,11,19,1.63257610797882,0,0.760073296136397,-1.13686837721616e-13,0.30329448911762
2001,11,20,2.1750009059906,0,1.86245535197668,1.13686837721616e-13,0.293184672813699
2001,11,21,0.00721278134733439,0,1.21042328906333,0,0.293184672813699
2001,11,22,0.000197239613044076,0,0.00382073242872139,0,0.272965040205858
2001,11,23,0.0187684949487448,0,0.00868043690934428,0,0.272965040205858
2001,11,24,3.09677600860596,0,1.16540957608959,0,0.293184672813699
2001,11,25,11.8037176132202,0,7.4499957043372,0,0.576259529323478
2001,11,26,0.70491898059845,0,6.25447530233578,0,0.61669879453916
2001,11,27,14.9143896102905,0,7.80465341503441,0,2.17361050534294
2001,11,28,6.95526123046875,0,10.9352663664613,0,3.36656882920558
2001,11,29,27.51393699646,-1.02318153949454e-12,17.2344637349052,-1.02318153949454e-12,11.2218960973519
2001,11,30,15.1332836151123,-6.82121026329696e-13,21.5560120219016,-4.54747350886464e-13,10.2109144669599
2001,12,1,0.21469609439373,0,7.72534691566762,0,4.66062531610742
2001,12,2,0.00301770190708339,-1.13686837721616e-13,0.110836530900997,0,2.7903092998821
2001,12,3,0.0643554702401161,1.13686837721616e-13,0.0327382758587191,0,2.02196326078413
2001,12,4,0.36293438076973,0,0.211433606698847,0,1.59735097601946
2001,12,5,0.449727177619934,0,0.405864127893437,0,1.32438593581361
2001,12,6,3.10923957824707,0,1.74661053289674,0,1.26372703799008
2001,12,7,4.12105941772461,0,3.60745578491697,0,1.44570373146065
2001,12,8,0.387093067169189,-1.13686837721616e-13,2.28666494116624,0,1.26372703799008
2001,12,9,0.0674680098891258,1.13686837721616e-13,0.229282386131672,0,1.08175034451951
2001,12,10,0.00398433348163962,0,0.0392318563317531,1.13686837721616e-13,0.940212916264621
2001,12,11,0.000662560167256743,0,0.00232558382049319,-1.13686837721616e-13,0.889663834745018
2001,12,12,1.65730798244476,0,0.811249759150087,0,0.839114753225415
2001,12,13,9.33724784851074,0,4.42248554409889,0,1.94108473035277
2001,12,14,6.97635984420776,0,8.16316724641365,1.13686837721616e-13,2.99250562596052
2001,12,15,5.10128402709961,0,6.05735083304899,-1.13686837721616e-13,3.04305470748012
2001,12,16,6.76467323303223,1.13686837721616e-13,5.93109089169229,1.13686837721616e-13,2.37580683142136
2001,12,17,40.2391891479492,-7.95807864051312e-13,23.3044308053541,-9.09494701772928e-13,35.4854552267615
2001,12,18,12.1881046295166,1.13686837721616e-13,27.1273053148398,2.27373675443232e-13,20.6240252599981
2001,12,19,0.0461408011615276,-1.13686837721616e-13,6.11833508297423,0,5.00435907044073
2001,12,20,0.0608228147029877,0,0.0533763096063922,0,2.97228599335267
2001,12,21,0.00358760403469205,0,0.036116343591857,0,2.08262215860766
2001,12,22,0.741241693496704,0,0.365311972418567,0,1.65800987384299
2001,12,23,7.36169719696045,0,4.02844817323421,0,2.08262215860766
2001,12,24,0.124259114265442,0.0163139637098766,3.73476176526674,0,1.93097491404885
2001,12,25,0.0511384047567844,0.0415063388946919,0.0478319866160746,0,1.47603318037242
2001,12,26,0.0596712194383144,0.0552579890894549,0,0,1.24350740538224
2001,12,27,0.156220152974129,0.10728656181891,0,0,1.10196997712735
2001,12,28,0.16377429664135,0.0916029354842749,0.0682866850875143,0,0.990761997784225
2001,12,29,0.113993793725967,0.0667216856635378,0.0731893659976777,0,0.879554018441097
2001,12,30,0.0435890704393387,0.0791311217352586,-3.63797880709171e-12,0,0.667247876058764
2001,12,31,0.00304306740872562,0.0255753708745488,3.63797880709171e-12,0,0.647028243450922
2002,1,1,0.148949444293976,0.0726731796879676,0,0,0.586369345627398
2002,1,2,0.000933753442950547,0.0786463175134031,0,0,0.566149713019557
2002,1,3,0.000552432727999985,0.00078069213316212,0,1.13686837721616e-13,0.515600631499954
2002,1,4,5.48655880265869e-05,0.000314125735599191,0,-1.13686837721616e-13,0.485271182588192
2002,1,5,0.0265348702669144,0.00139434292327678,0.0118675238736614,0,0.475161366284271
2002,1,6,3.2201840877533,0.0013775293426761,1.61350733773361,0,0.45494173367643
2002,1,7,3.74180150032043,0.836534761724693,2.62504997456927,4.54747350886464e-13,0.444831917372509
2002,1,8,0.0289871152490377,0.933588564105662,0.983754459975898,0,0.434722101068588
2002,1,9,0.00441553723067045,0.0151792726321673,0.00210331530979602,1.13686837721616e-13,0.45494173367643
2002,1,10,0.11788883805275,0,0.0611386068339925,2.23071176826693,0.46505154998035
2002,1,11,0.0127615090459585,0,0.0666459093699814,0.287840589826487,0.45494173367643
2002,1,12,0.0558555349707604,0,0.0365417818320566,0,0.424612284764668
2002,1,13,0.00281930435448885,0,0.0305063878477085,0,0.414502468460747
2002,1,14,0.120638504624367,0,0.0594856248935685,1.13686837721616e-13,0.404392652156826
2002,1,15,0.0264123249799013,0,0.0702848450491729,-1.13686837721616e-13,0.394282835852906
2002,1,16,0.0059555796906352,0,0.0186590436715051,0,0.363953386941144
2002,1,17,0.0847492441534996,0,0.0361597754963441,0,0.343733754333302
2002,1,18,0.0748190134763718,0.0113492976699945,0.0684948807938781,0,0.333623938029382
2002,1,19,1.7124148607254,0.190678045115533,0.70211018270129,0,0.323514121725461
2002,1,20,0.183636680245399,0.253934167178613,0.739532592473552,0,0.323514121725461
2002,1,21,0.0264418125152588,0.0711976562944301,0.0375962898178841,0,0.31340430542154
2002,1,22,0.0179030578583479,0,0.0222096520701598,0.517539283272868,0.30329448911762
2002,1,23,0.613644123077393,0,0.309485994257557,0,0.293184672813699
2002,1,24,12.6050958633423,0,6.59317102203931,0,0.45494173367643
2002,1,25,0.253623694181442,0,6.46429031787193,0,0.697577324970526
2002,1,26,1.04296786958002e-05,0,0.115657773614657,0,0.566149713019557
2002,1,27,2.38243117678394e-07,0,5.58469764655456e-06,0,0.485271182588192
2002,1,28,0.0527974329888821,0,0.0234921609189769,0,0.444831917372509
2002,1,29,0.924296319484711,0,0.487783295011468,0,0.434722101068588
2002,1,30,11.2817888259888,0,6.09849017789384,0,1.07164052821559
2002,1,31,12.5207033157349,0,11.8989617824009,1.13686837721616e-13,3.7204123998428
2002,2,1,23.6634941101074,2.27373675443232e-13,18.0679589330066,-1.13686837721616e-13,11.6262887495088
2002,2,2,0.203134208917618,-1.13686837721616e-13,11.9496500435525,0,4.5494173367643
2002,2,3,0.00468316860496998,1.13686837721616e-13,0.108739823270298,0,2.66899150423505
2002,2,4,0.0186352338641882,-1.13686837721616e-13,0.0114445825893199,1.13686837721616e-13,1.85009638361748
2002,2,5,0.000770070299040526,0.000374610610151649,0.00956988445250317,-2.27373675443232e-13,1.32438593581361
2002,2,6,0.112625829875469,0.0152422385518776,0.0414087325007131,1.13686837721616e-13,1.13229942603911
2002,2,7,0.0383388549089432,0.0149145747044486,0.060680688075081,0.0261664941180015,1.02109144669599
2002,2,8,2.61453266148237e-07,0,0.0201510815822985,0,0.899773651048939
2002,2,9,0.279183775186539,0,0.139513561025524,0,0.798675488009732
2002,2,10,2.67367291450501,0,1.46163172565502,0,0.788565671705811
2002,2,11,3.64512252807617,0,3.1593753172674,0,0.818895120617574
2002,2,12,0.00348097342066467,0,1.82520742524866,0,0.839114753225415
2002,2,13,0.00369051960296929,0,0.003584568061342,0,0.75823622279405
2002,2,14,0.00287865730933845,-1.13686837721616e-13,0.00329955064808019,-1.13686837721616e-13,0.657138059754843
2002,2,15,1.53088626575482e-06,1.13686837721616e-13,0.00145982599860872,1.13686837721616e-13,0.647028243450922
2002,2,16,0.00834112148731947,0,0.0040255879284814,0,0.626808610843081
2002,2,17,0.0341113582253456,0,0.0236245425330708,0,0.576259529323478
2002,2,18,0.00410851091146469,0,0.0229588735419384,-1.13686837721616e-13,0.505490815196033
2002,2,19,0.28165876865387,0,0.182753122873692,1.13686837721616e-13,0.485271182588192
2002,2,20,7.43660688400269,0,3.85750106916021,0,0.535820264107795
2002,2,21,5.22041511535645,0,6.32994759557914,0,0.525710447803874
2002,2,22,0.134288385510445,0,2.68071192255957,0,0.444831917372509
2002,2,23,0.00821123458445072,0,0.0722312723373761,0,0.404392652156826
2002,2,24,0.0729172900319099,0,0.0404948546929518,0,0.384173019548985
2002,2,25,0.797097563743591,0,0.369772317972092,0,0.384173019548985
2002,2,26,9.01541900634766,0,4.89713055590619,0,0.505490815196033
2002,2,27,3.81176280975342,1.90383616156157,4.51254682558283,0,0.525710447803874
2002,2,28,0.137898489832878,2.0510136813798,0,0,0.434722101068588
2002,3,1,0.048914510756731,0.0755882533990189,0.0221023068042996,0,0.424612284764668
2002,3,2,3.12801790237427,-1.13686837721616e-13,1.58374093412567,1.09528103090815,0.545930080411716
2002,3,3,11.9619932174683,0,7.53108578808678,1.10211538871863,2.56789334119585
2002,3,4,1.60693955421448,0.793712478858424,6.05362954325756,1.13686837721616e-13,1.52658226189202
2002,3,5,0.024962030351162,0.832452784677685,0.00135684818451409,-1.13686837721616e-13,1.10196997712735
2002,3,6,0.000745754747185856,0.0116430189758603,0.00181142658766476,2.15501667790352,0.909883467352859
2002,3,7,0.0286343637853861,1.13686837721616e-13,0.0146392836686573,1.3637579169615,0.798675488009732
2002,3,8,0.0219385977834463,-1.13686837721616e-13,0.025342628290673,0,0.717796957578367
2002,3,9,8.727707862854,1.13686837721616e-13,4.10974870556311,0,1.273836854294
2002,3,10,12.8631000518799,1.13686837721616e-13,10.7920292473136,1.13686837721616e-13,2.33536756620567
2002,3,11,0.040445014834404,1.13686837721616e-13,6.4914443259222,-2.27373675443232e-13,1.39515464994105
2002,3,12,1.74689829349518,0,0.875844594516821,0,1.1727386912548
2002,3,13,0.157853215932846,0,1.03723209303644,0,1.02109144669599
2002,3,14,0.000474029860924929,0,0.0818661519842863,0,0.899773651048939
2002,3,15,2.78175520896912,0,1.38531754560245,0,0.879554018441097
2002,3,16,17.1674404144287,0,9.97321468089285,-1.13686837721616e-13,7.72389965619538
2002,3,17,0.657054960727692,0,8.92544855259985,-1.13686837721616e-13,3.90238909331338
2002,3,18,1.20665884017944,0,0.923710768456658,0,2.52745407598017
2002,3,19,4.09212684631348,0,2.57363872519272,0,2.03207307708805
2002,3,20,11.102728843689,0,7.54918213269775,0,4.14502468460747
2002,3,21,1.19078469276428,0,6.1515122141609,0,3.39689827811734
2002,3,22,0.0387494824826717,0.00758319167084665,0.664374956275424,0,2.02196326078413
2002,3,23,0.00315644266083837,0.00841537640826573,0.0125297178165056,0,1.5670215271077
2002,3,24,1.10970342159271,1.13686837721616e-13,0.468940537728486,0.0314878288107821,1.32438593581361
2002,3,25,15.1848049163818,0,7.4019236043132,-4.54747350886464e-13,2.93184672813699
2002,3,26,18.8476314544678,-2.27373675443232e-13,16.9173526408995,-2.27373675443232e-13,11.0196997712735
2002,3,27,3.14875984191895,0,11.550402148081,-2.27373675443232e-13,6.02545051713671
2002,3,28,1.10811042785645,0,2.14342530809517,0,3.41711791072518
2002,3,29,3.33069396018982,0,2.20814595972479,-1.13686837721616e-13,2.41624609663704
2002,3,30,4.95099258422852,0,4.08941131470056,1.13686837721616e-13,3.30590993138206
2002,3,31,0,0,2.47556282949518,0,2.17361050534294
2002,4,1,0.0531961023807526,0,0.023044776658935,0,1.63779024123515
2002,4,2,1.41135764122009,0,0.718551514797582,0,1.38504483363713
2002,4,3,8.9437780380249,1.13686837721616e-13,4.92957231078617,1.13686837721616e-13,3.50810625746047
2002,4,4,0.016631243750453,-1.13686837721616e-13,4.48777007024546,-1.13686837721616e-13,2.64877187162721
2002,4,5,0.0852340236306191,0,0.0497970517753856,0,1.75910803688219
2002,4,6,0.571875393390656,0,0.312891452900658,0,1.42548409885281
2002,4,7,0,0,0.211439241396874,-1.13686837721616e-13,1.21317795647048
2002,4,8,2.88187265396118,0,1.34397161098241,1.13686837721616e-13,1.13229942603911
2002,4,9,13.3105564117432,0,7.84720511570413,0,3.94282835852906
2002,4,10,0.271846055984497,0,6.79158311116044,-1.13686837721616e-13,2.97228599335267
2002,4,11,0.116738244891167,0,0.195711529449909,1.13686837721616e-13,1.88042583252924
2002,4,12,5.18206310272217,0,2.62526250435258,0,1.89053564883316
2002,4,13,27.2863998413086,1.13686837721616e-13,14.758133029467,0,13.9515464994105
2002,4,14,16.338493347168,0,21.8233321180633,1.13686837721616e-13,12.73836854294
2002,4,15,5.23910856246948,-1.13686837721616e-13,10.789190507563,-1.13686837721616e-13,6.67247876058764
2002,4,16,0.132752493023872,0,2.83403041650672,0,3.25536084986245
2002,4,17,0.768054723739624,0,0.41584105270158,0,2.11295160751942
2002,4,18,2.37244820594788,0,1.46389642700524,0,1.59735097601946
2002,4,19,2.06404495239258,0,2.25465903295481,0,1.35471538472537
2002,4,20,5.41085004806519,0,3.68882999888228,0,2.58811297380369
2002,4,21,16.7831478118897,0,11.0907900632556,0,6.14676831278376
2002,4,22,16.41916847229,0,16.6020550739559,0,7.66324075837186
2002,4,23,0.044041108340025,0,8.23216762823722,0,3.16437250312717
2002,4,24,0.944484531879425,0,0.484379240679118,0,2.12306142382334
2002,4,25,12.9230241775513,0,6.61820023447945,0,2.78019948357818
2002,4,26,0.0442768409848213,1.13686837721616e-13,6.52417296115527,0,1.92086509774493
2002,4,27,6.30578470230103,-1.13686837721616e-13,3.16562568206064,0,2.02196326078413
2002,4,28,30.2555923461914,0,17.7326370285628,0,17.3888840427435
2002,4,29,0.341538608074188,0,15.2991404903878,0,4.75161366284271
2002,4,30,0.0517799556255341,0,0.199053114058188,0,2.56789334119585
2002,5,1,1.69479441642761,0,0.86033550708089,0,1.83998656731356
2002,5,2,8.32203102111816,0,4.96547170988561,0,1.65800987384299
2002,5,3,0.108372017741203,0,4.25942029171347,0,1.29405648690184
2002,5,4,0.0448628924787045,0,0.0781094396588742,0,1.10196997712735
2002,5,5,0.0539225190877914,0,0.0493783334786713,0,0.990761997784225
2002,5,6,7.2797966003418,0,3.47423707604685,0,1.08175034451951
2002,5,7,36.7709770202637,0,22.0186480280354,0,15.7713134341162
2002,5,8,18.4276866912842,0,27.5997079891567,0,17.4899822057827
2002,5,9,13.8706007003784,0,16.4644835938598,0,7.14764012687191
2002,5,10,1.27444684505463,0,7.59933937032838,0,3.15426268682325
2002,5,11,0,0,0.711610212674714,0,2.04218289339197
2002,5,12,8.02442073822022,0,3.96501834372248,0,1.74899822057827
2002,5,13,53.6677742004395,-1.13686837721616e-13,29.3725495040599,0,37.4063203245064
2002,5,14,10.4268980026245,5.6843418860808e-13,32.0495557393733,6.82121026329696e-13,15.9735097601946
2002,5,15,0.0143965492025018,0,5.22077511853422,0,3.7204123998428
2002,5,16,0.234134525060654,0,0.119253119351924,0,2.32525774990175
2002,5,17,1.72728478908539,0,0.908568641789316,0,1.75910803688219
2002,5,18,6.50042915344238,0,4.09875690344416,0,1.48614299667634
2002,5,19,0.0696155205368996,0,3.32583044476633,0,1.19295832386264
2002,5,20,0.0782146453857422,-1.13686837721616e-13,0.0736388911354879,0,1.03120126299991
2002,5,21,0.00145179242826998,1.13686837721616e-13,0.0416060235584155,1.13686837721616e-13,0.899773651048939
2002,5,22,0.025504183024168,0,0.0128936649125535,-1.13686837721616e-13,0.798675488009732
2002,5,23,0.00356819247826934,0,0.0167960193903127,0,0.748126406490129
2002,5,24,0.360050886869431,0,0.180938008707017,0,0.748126406490129
2002,5,25,7.8689603805542,0,4.07363509335846,0,1.09186016082343
2002,5,26,5.71290445327759,0,6.8021412902599,-1.13686837721616e-13,1.00087181408815
2002,5,27,0.387286692857742,-1.13686837721616e-13,3.2507516962396,0,0.75823622279405
2002,5,28,4.4808840751648,1.13686837721616e-13,2.10633226124628,1.13686837721616e-13,0.788565671705811
2002,5,29,8.50786685943604,0,6.4418770349148,0,1.24350740538224
2002,5,30,2.84377503395081,0,5.72072322020904,0,0.798675488009732
2002,5,31,0.503123342990875,0,1.70571593395289,0,0.647028243450922
2002,6,1,4.07954216003418,-1.13686837721616e-13,2.28103878349793,-1.13686837721616e-13,1.41537428254889
2002,6,2,0.428956776857376,1.13686837721616e-13,2.30883393176191,1.13686837721616e-13,1.01098163039207
2002,6,3,0.240545853972435,0,0.344202717351436,0,0.677357692362684
2002,6,4,0.225676879286766,-1.13686837721616e-13,0.233132285979082,0,0.535820264107795
2002,6,5,6.60161542892456,1.13686837721616e-13,3.31810218237297,0,0.515600631499954
2002,6,6,22.8587436676025,0,14.7149724854353,0,3.65975350201928
2002,6,7,4.77267980575562,0,13.8200733249032,0,2.58811297380369
2002,6,8,0.00271559506654739,0,2.54908977973537,-1.13686837721616e-13,1.36482520102929
2002,6,9,0.56773579120636,0,0.281324649007729,1.13686837721616e-13,0.960432548872463
2002,6,10,0.986687660217285,0,0.769480192582705,0,0.76834603909797
2002,6,11,0.933294534683228,0,0.960772539314348,1.13686837721616e-13,0.818895120617574
2002,6,12,7.27821636199951,0,4.04779324488118,-1.13686837721616e-13,2.05229270969589
2002,6,13,2.90317463874817,0,5.10579467222851,0,0.980652181480304
2002,6,14,9.85398769378662,0,6.34569178656238,0,0.75823622279405
2002,6,15,4.2918176651001,0,7.30381436939933,0,0.60658897823524
2002,6,16,3.5031270980835,0,3.92106309120209,0,1.09186016082343
2002,6,17,0.00761475972831249,0,1.76459011514453,0,0.727906773882288
2002,6,18,0.0204229261726141,0,0.0138947091363661,0,0.485271182588192
2002,6,19,0,0,0.0110635024830117,0,0.384173019548985
2002,6,20,0.0307198483496904,0,0.0148525219919975,0,0.333623938029382
2002,6,21,0.000764401745982468,0,0.0128570366432541,0,0.293184672813699
2002,6,22,0.00159920379519463,-1.13686837721616e-13,0.00107254837348592,0,0.272965040205858
2002,6,23,0.00028550424030982,1.13686837721616e-13,0.000755584489525063,0,0.252745407598017
2002,6,24,0.00143366120755672,0,0.000970930981566198,0,0.242635591294096
2002,6,25,2.07777380943298,0,0.885634252026648,0,0.222415958686255
2002,6,26,11.5042743682861,0,6.71152830565552,0,0.222415958686255
2002,6,27,5.17374658584595,0,8.34298179842517,0,0.272965040205858
2002,6,28,13.7307434082031,0,9.2928605268462,0,0.30329448911762
2002,6,29,0.0480805709958077,0,6.90782067292093,0,0.252745407598017
2002,6,30,0.0063525540754199,0,0.0273068907044944,0,0.192086509774493
2002,7,1,0.105568297207356,0,0.0545201446511783,0,0.171866877166651
2002,7,2,0.00233966857194901,0,0.0472601317924273,-1.13686837721616e-13,0.15164724455881
2002,7,3,1.71880219568266e-05,0,0.0012283199102967,1.13686837721616e-13,0.141537428254889
2002,7,4,0.00372591009363532,0,0.00229237194071175,0,0.121317795647048
2002,7,5,0,0,0.00133428857589024,1.13686837721616e-13,0.111207979343127
2002,7,6,0,0,0,-1.13686837721616e-13,0.0950322732568542
2002,7,7,1.326860365225e-05,0,7.68670724937692e-06,0,0.0818895120617573
2002,7,8,0,0,6.30830982117914e-06,0,0.0748126406490129
2002,7,9,1.1850723028183,0,0.524713803308259,0,0.0707687141274446
2002,7,10,9.5832691192627,0,4.7897615863003,0,0.0738016590186208
2002,7,11,0.105977542698383,0,6.22378187013601,0,0.0657138059754843
2002,7,12,0.0110738845542073,0,0.050497601947427,0,0.0586369345627398
2002,7,13,0.0161679331213236,0,0.013586828365078,0,0.0515600631499954
2002,7,14,0.0715222433209419,0,0.0422582087630872,1.13686837721616e-13,0.0434722101068588
2002,7,15,0.000554138910956681,0,0.0448505490785465,-1.13686837721616e-13,0.0394282835852906
2002,7,16,0.000648937828373164,0,0.000610103230428649,0,0.0353843570637223
2002,7,17,1.10334229469299,0,0.504537696338957,0,0.045494173367643
2002,7,18,8.23145198822022,0,4.17617404945486,0,0.046505154998035
2002,7,19,2.8457179069519,0,5.55260251694563,0,0.384173019548985
2002,7,20,9.84235954284668,0,6.07030747845056,0,0.171866877166651
2002,7,21,0.21211701631546,0,6.42775240034462,0,0.0626808610843081
2002,7,22,0.00013550314179156,0,0.100226359678345,0,0.222415958686255
2002,7,23,2.51521563529968,0,1.04733925809705,-1.13686837721616e-13,0.202196326078413
2002,7,24,0.828793942928314,0,1.75172309037953,1.13686837721616e-13,0.0727906773882288
2002,7,25,0.000342058978276327,0,0.430463464239438,0,0.046505154998035
2002,7,26,0.165128648281097,0,0.0695184777832765,0,0.0353843570637223
2002,7,27,3.76107025146484,0,1.79097666417874,0,0.031340430542154
2002,7,28,0.0059624589048326,0,2.02725817342434,0,0.0283074856509778
2002,7,29,0.0947242081165314,0,0.0480948549266032,0,0.0232525774990175
2002,7,30,3.58998084068298,-1.13686837721616e-13,1.03821193664407,0,0.0222415958686255
2002,7,31,0.0797053650021553,1.13686837721616e-13,1.88333982492986,0,0.0192086509774493
2002,8,1,1.55586840264732e-05,0,0.00147000616198056,0,0.0171866877166651
2002,8,2,0.000344519212376326,0,0.000149728595715715,0,0.0131427611950969
2002,8,3,0.339027494192123,0,0.112644101514888,0,0.0121317795647048
2002,8,4,0.021784495562315,0,0.228401474330894,0,0.0111207979343127
2002,8,5,0.703905761241913,0,0.272641669693257,0,0.0091999328365678
2002,8,6,3.16519141197205,0,1.669516310365,0,0.0078856567170581
2002,8,7,0.00252812495455146,0,1.94170541553467,0,0.006874675086666
2002,8,8,8.31175784696825e-05,0,-0.074639302889409,0,0.0062680861084308
2002,8,9,3.61492311640177e-05,0,-1.98505877051502e-05,0,0.0056614971301955
2002,8,10,1.24961030483246,1.13686837721616e-13,0.490989847232413,0,0.0046505154998035
2002,8,11,1.10216355323792,-1.13686837721616e-13,1.19269744333724,0,0.0054593008041171
2002,8,12,4.85372686386108,0,2.54537145480936,0,0.015164724455881
2002,8,13,1.3514564037323,0,3.2441170782331,1.13686837721616e-13,0.0081889512061757
2002,8,14,4.7275538444519,0,2.84900466591353,-1.13686837721616e-13,0.0111207979343127
2002,8,15,6.65059089660645,0,5.55092772289936,0,0.0141537428254889
2002,8,16,0.120002277195454,0,3.59890527407697,0,0.0095032273256854
2002,8,17,0.171702951192856,0,0.139618285571487,0,0.0100087181408815
2002,8,18,4.26437950134277,0,2.14565693595796,0,0.0111207979343127
2002,8,19,10.5748910903931,0,7.31317756395583,0,0.0161757060862731
2002,8,20,3.24755716323853,0,7.20416083412783,0,0.0131427611950969
2002,8,21,1.47395594467525e-05,0,1.86307738677351,1.13686837721616e-13,0.0111207979343127
2002,8,22,0,0,-0.000739862411137437,-1.13686837721616e-13,0.0085933438583325
2002,8,23,3.03055310249329,0,0.263850096715032,-1.13686837721616e-13,0.0074812640649012
2002,8,24,12.1115255355835,0,6.83920104993013,1.13686837721616e-13,0.0065713805975484
2002,8,25,0.269924491643906,0,6.192504984072,0,0.0050549081519603
2002,8,26,0.0760206133127213,0,0.161316786983662,0,0.0041450246846074
2002,8,27,0.299522936344147,1.13686837721616e-13,0.217107694741571,1.13686837721616e-13,0.0037406320324506
2002,8,28,0.401927500963211,-1.13686837721616e-13,0.347411647580884,-1.13686837721616e-13,0.0036395338694114
2002,8,29,0.0693012699484825,1.13686837721616e-13,0.246218738993775,0,0.0037406320324506
2002,8,30,0.000272309465799481,-1.13686837721616e-13,0.0398129630448238,0,0.0040439265215682
2002,8,31,0.00207967101596296,0,0.000927413475437788,-1.13686837721616e-13,0.0036395338694114
2002,9,1,0.00449222698807716,0,0.00351314055296825,1.13686837721616e-13,0.003437337543333
2002,9,2,0.465522736310959,0,0.257764529149426,0,0.0030329448911762
2002,9,3,0.0120262335985899,1.13686837721616e-13,0.223593608883675,0,0.0025274540759801
2002,9,4,0.0352421253919601,-1.13686837721616e-13,0.0223803137632785,0,0.0016175706086273
2002,9,5,0.00705025671049953,-1.13686837721616e-13,0.0225135006330675,0,0.000505490815196
2002,9,6,0.00216491194441915,2.27373675443232e-13,0.00478498199299793,0,0
2002,9,7,0.0607290230691433,-1.13686837721616e-13,0.0237253467421397,0,0
2002,9,8,0.0739099159836769,0,0.068175165935827,0,0
2002,9,9,0.00248802243731916,0,0.0400917449514964,0,0
2002,9,10,5.92148126088432e-06,0,0.000917981280508684,0,0
2002,9,11,0.00660521211102605,-1.13686837721616e-13,0.00320853425000678,0,0
2002,9,12,0.0003185962268617,1.13686837721616e-13,0.00289816540680476,0,0
2002,9,13,0.0787707045674324,0,0.0296928741045122,0,0
2002,9,14,1.26885378360748,0,0.631009404260112,0,0
2002,9,15,8.03929615020752,0,4.59196767303729,0,0.0008087853043136
2002,9,16,1.93326473236084,0,5.20156878521084,0,0.0004043926521568
2002,9,17,0.0375691615045071,0,1.2869867447771,0,0
2002,9,18,1.31739258766174,0,0.529943729743536,0,0
2002,9,19,3.00467324256897,-1.13686837721616e-13,1.81107830688052,0,0
2002,9,20,12.5703945159912,1.13686837721616e-13,7.41041199136453,0,0.0003032944891176
2002,9,21,19.080493927002,0,15.7493580805422,0,0.0004043926521568
2002,9,22,0.00491272332146764,0,9.54457077768893,0,0.0003032944891176
2002,9,23,0.00876486580818892,0,0.00674581247949391,0,0.0008087853043136
2002,9,24,0.0407930612564087,0,0.0243610508696293,0,0.0003032944891176
2002,9,25,0.0387756638228893,0,0.0395330314895546,0,0
2002,9,26,1.88546586036682,0,0.778400402403349,-1.13686837721616e-13,0
2002,9,27,48.9129295349121,0,19.4343369113521,0,0.0141537428254889
2002,9,28,2.80213761329651,0,25.8983546439922,-2.27373675443232e-13,0.0086944420213717
2002,9,29,0.00186661689076573,-1.13686837721616e-13,1.51137120032217,-1.13686837721616e-13,0.0053582026410779
2002,9,30,0.0207739397883415,1.13686837721616e-13,0.0100192704121582,1.13686837721616e-13,0.003437337543333
2002,10,1,0.0242872405797243,0,0.0224675853169174,0,0.0019208650977449
2002,10,2,0.0288877785205841,0,0.0265658577736758,0,0.0008087853043136
2002,10,3,0.602474451065064,0,0.297011910246511,0,0
2002,10,4,2.99304413795471,0,1.7385109789102,0,0.0023252577499017
2002,10,5,7.14885234832764,0,5.01874843805126,0,0.0043472210106858
2002,10,6,0.00183794961776584,0,3.61558912285909,0,0.0031340430542154
2002,10,7,0.0117083778604865,0,0.00662528512839344,0,0.0024263559129409
2002,10,8,8.99626975296997e-05,0,0.00482248655316653,0,0.0021230614238233
2002,10,9,0.00335889286361635,0,0.00204324291917146,-1.13686837721616e-13,0.0019208650977449
2002,10,10,0.331479847431183,0,0.150346644393721,2.27373675443232e-13,0.0021230614238233
2002,10,11,1.2235563993454,0,0.729800435714424,-1.13686837721616e-13,0.0020219632607841
2002,10,12,0.328067421913147,0,0.857748939200974,0,0.0018197669347057
2002,10,13,0.0589697547256947,0,0.215713834902999,0,0.0018197669347057
2002,10,14,0.00076063082087785,0,0.0342222895014857,0,0.001010981630392
2002,10,15,3.56785749318078e-05,0,0.000474008149467409,0,0.0003032944891176
2002,10,16,2.81627417280106e-05,0,3.08498420054093e-05,0,0
2002,10,17,0.0021622774656862,0,0.00127591015552753,0,0
2002,10,18,1.64574074745178,0,0.873742118608789,0,0
2002,10,19,8.95162963867188,0,5.09121660284291,0,0.0014153742825488
2002,10,20,0.601952612400055,0,5.11303895514357,0,0.0022241595868625
2002,10,21,0.000284381967503577,0,0.323586712413089,0,0.0022241595868625
2002,10,22,0.00186608824878931,-1.13686837721616e-13,0.000990226777503267,-1.13686837721616e-13,0.0016175706086273
2002,10,23,0,1.13686837721616e-13,0.00102758624052512,0,0.0017186687716665
2002,10,24,0.0564379990100861,0,0.0203438919088512,1.13686837721616e-13,0.0020219632607841
2002,10,25,10.9682397842407,1.13686837721616e-13,5.51126831962392,0,0.0070768714127444
2002,10,26,19.2610607147217,-1.13686837721616e-13,15.0979137749055,0,0.0171866877166651
2002,10,27,0.0084018325433135,0,9.64107577965478,-2.27373675443232e-13,0.0212306142382334
2002,10,28,1.64050781726837,0,0.821326949371724,0,0.0232525774990175
2002,10,29,8.68041706085205,0,5.13222060363842,0,0.0667247876058764
2002,10,30,9.47928237915039,0,9.07983371299997,-1.13686837721616e-13,0.0626808610843081
2002,10,31,0.848462522029877,0,5.16413724437371,0,0.0556039896715636
2002,11,1,0.0740404725074768,0,0.477579628412059,1.13686837721616e-13,0.0545930080411716
2002,11,2,0.000680839060805738,0,0.0281701825588243,-1.13686837721616e-13,0.0515600631499954
2002,11,3,0.334078073501587,0,0.177184756415954,1.13686837721616e-13,0.0475161366284271
2002,11,4,0.944256126880646,0,0.715350884151121,-1.13686837721616e-13,0.0424612284764668
2002,11,5,2.98968172073364,0,1.75885968128932,0,0.045494173367643
2002,11,6,7.01400804519653,0,4.88887091856304,1.13686837721616e-13,0.0545930080411716
2002,11,7,0.00161020143423229,0,3.55936704805208,-1.13686837721616e-13,0.0495380998892112
2002,11,8,0.0086143696680665,0,0.0048906247902778,0,0.0424612284764668
2002,11,9,2.08021926879883,0,0.980834366771887,0,0.0414502468460747
2002,11,10,19.4128303527832,-1.13686837721616e-13,10.5726733394622,0,0.839114753225415
2002,11,11,13.6552743911743,2.27373675443232e-13,16.5348937162344,1.13686837721616e-13,4.5494173367643
2002,11,12,0.0119134532287717,-1.13686837721616e-13,6.83370301814284,-1.13686837721616e-13,1.10196997712735
2002,11,13,0.00422405917197466,0,0.00814480881308555,0,0.45494173367643
2002,11,14,0.0283409804105759,0,0.0159512668433308,0,0.272965040205858
2002,11,15,0.75013542175293,0,0.353143046922924,0,0.192086509774493
2002,11,16,2.00533294677734,0,1.37749915113454,0,0.15164724455881
2002,11,17,0.041771661490202,0,1.02949662046376,0,0.121317795647048
2002,11,18,0.0688178762793541,0,0.0551018931946601,1.13686837721616e-13,0.101098163039207
2002,11,19,1.28658950328827,0,0.672805899994273,-1.13686837721616e-13,0.0930103099960701
2002,11,20,0.10695031285286,0,0.697236928113853,0,0.0818895120617573
2002,11,21,0.972731053829193,0,0.534173947791715,0,0.0778455855401891
2002,11,22,5.2491626739502,0,3.05753417421147,0,0.0869444202137177
2002,11,23,0.0042833941988647,0,2.64026230766103,0,0.0930103099960701
2002,11,24,0.0615118518471718,0,0.0348357676521118,0,0.0960432548872463
2002,11,25,0.138172447681427,0,0.0966225126794598,0,0.0940212916264622
2002,11,26,0.100624367594719,0,0.119420428840385,0,0.0930103099960701
2002,11,27,0.446111261844635,0.0798360657745434,0.189492666853766,0,0.0849224569529335
2002,11,28,0.00911084096878767,0.0831987189677648,0.144857111718011,0,0.0778455855401891
2002,11,29,0.000435669324360788,0.00128788230585997,0.00348682441472192,0.170316789048002,0.075823622279405
2002,11,30,0.39093005657196,0,0.21566156226254,0.0127254366913121,0.0738016590186208
2002,12,1,0.173411563038826,0.0568793286035998,0.226353899673995,0,0.0677357692362684
2002,12,2,0,0.0577307603316513,0.0294132606504718,0,0.0657138059754843
2002,12,3,0.0141866225749254,0.000968892296441481,0.00591611236450262,0,0.0657138059754843
2002,12,4,0.345998615026474,0.165719343449155,0.00638845385765308,0,0.0566149713019557
2002,12,5,4.28206920623779,2.24699718683485,0,0,0.0586369345627398
2002,12,6,0.0102609759196639,2.50656196324735,0,0,0.0576259529323478
2002,12,7,0.00446028914302588,0.00713548007217923,6.06436005909927e-05,0,0.0556039896715636
2002,12,8,0.0177744328975678,0.00223471164872535,0.00869282470375765,0,0.0525710447803874
2002,12,9,0.00042102174484171,0.000122748906392189,0.0090432212491578,0,0.0485271182588192
2002,12,10,0.936211407184601,0.188275798090331,0.235662300452532,0,0.0556039896715636
2002,12,11,6.95279979705811,0.21762230017066,3.58551429086947,-1.13686837721616e-13,0.0647028243450922
2002,12,12,1.64582252502441,4.54747350886464e-13,4.32014465061002,2.27373675443232e-13,0.076834603909797
2002,12,13,1.86062848567963,-4.54747350886464e-13,1.76006853623767,0.135361459589035,0.111207979343127
2002,12,14,7.62751626968384,1.13686837721616e-13,4.61468948247057,0.132963664051999,0.293184672813699
2002,12,15,0.277538269758225,0,3.98205124439846,0.348310960179788,0.46505154998035
2002,12,16,0.00882237963378429,-2.27373675443232e-13,0.143237085856526,1.03610638838882,0.626808610843081
2002,12,17,1.1832218170166,-1.13686837721616e-13,0.584341092297109,0.893422016121235,0.586369345627398
2002,12,18,4.80593585968018,-1.13686837721616e-13,2.97029580091112,2.94463576641567,0.76834603909797
2002,12,19,19.2475128173828,-1.13686837721616e-13,11.9198197943551,0,4.15513450091139
2002,12,20,14.4510450363159,-4.54747350886464e-13,16.8496406377599,0,7.50148369750913
2002,12,21,0.57231205701828,-1.13686837721616e-13,7.57289467129886,0,2.9823958096566
2002,12,22,0.375127673149109,0,0.468506053541205,1.13686837721616e-13,1.62768042493123
2002,12,23,0.0697383731603622,-1.13686837721616e-13,0.25421626422758,-1.13686837721616e-13,1.07164052821559
2002,12,24,1.38363528251648,1.13686837721616e-13,0.725487507250364,0,0.849224569529335
2002,12,25,9.21078205108643,0.690401089497641,4.19116254655091,0,0.808785304313653
2002,12,26,0.131078854203224,0.832362982428435,3.84420997772031,0,0.60658897823524
2002,12,27,0.0138311879709363,0.0678892949923693,0.00674336478914484,0,0.495380998892112
2002,12,28,2.49734762292064e-06,0.00709554847776417,1.18411844596267e-06,0,0.495380998892112
2002,12,29,0.253724157810211,3.70990846931818e-08,0.110784874261299,0.310766451977543,0.556039896715636
2002,12,30,4.80415153503418,-1.13686837721616e-13,2.52645323583056,1.32342588638414,3.35645901290166
2002,12,31,7.7068681716919,1.13686837721616e-13,6.2506602069443,1.13686837721616e-13,6.48039225081314
2003,1,1,22.3961734771729,-3.41060513164848e-13,14.9868784091013,0,12.3339758907832
2003,1,2,5.31783199310303,0,14.1313562486575,0,7.53181314642089
2003,1,3,2.92174339294434,0.921552026367294,3.20609216846788,1.13686837721616e-13,3.6193142368036
2003,1,4,0.475738674402237,1.15469991276245,0.563567127926945,-1.13686837721616e-13,2.14328105643118
2003,1,5,2.73242282867432,0.238809572525156,1.35763374883754,-1.13686837721616e-13,1.58724115971554
2003,1,6,0.881838977336884,0.0229321959088793,1.83229962242331,0,1.32438593581361
2003,1,7,0.132948741316795,0.0200388465892729,0.494324780800525,0,1.18284850755872
2003,1,8,0.0316388197243214,0.0204433449898715,0.0619110387960973,0.820663415906779,1.14240924234303
2003,1,9,0.0527248047292233,0,0.0421465447252558,1.57253424438579,1.01098163039207
2003,1,10,0.0675564706325531,0,0.0600214746846177,0,0.849224569529335
2003,1,11,0.0238382704555988,0.0118709468172256,0.0339147988706827,0,0.677357692362684
2003,1,12,0.000392549351090565,0.0128635552231344,3.63797880709171e-12,0,0.515600631499954
2003,1,13,0.114119291305542,0.0465661659011403,-3.63797880709171e-12,0,0.61669879453916
2003,1,14,0.700352132320404,0.374804657024811,0.0116966760324431,0,0.495380998892112
2003,1,15,0.89897221326828,0.777377583857742,0.0136779092317738,-1.13686837721616e-13,0.424612284764668
2003,1,16,1.2765896320343,1.05471735310834,0,2.27373675443232e-13,0.374063203245064
2003,1,17,2.81576943397522,2.02933453904086,0,-1.13686837721616e-13,0.333623938029382
2003,1,18,0.219926789402962,1.53340234451196,0,0,0.293184672813699
2003,1,19,0.398661494255066,0.32883526254443,0,0,0.262855223901937
2003,1,20,0.149396672844887,0.277385364203496,0,0,0.232525774990175
2003,1,21,0.0509076789021492,0.0987017307694487,0,0,0.212306142382334
2003,1,22,0.202379301190376,0.130638242193754,0,0,0.202196326078413
2003,1,23,0.14088262617588,0.168324701450842,0,0,0.181976693470572
2003,1,24,0.00876143388450146,0.0687089334517168,0,0,0.171866877166651
2003,1,25,11.4915475845337,5.34259144539942,0,0,0.161757060862731
2003,1,26,1.78457975387573,6.8895986155419,0,0,0.171866877166651
2003,1,27,1.41457056999207,1.55861056672302,0,0,0.161757060862731
2003,1,28,0.287197530269623,0.863679499161208,0,0,0.171866877166651
2003,1,29,1.59867656230927,0.146345824993546,0.784046853663313,0,0.181976693470572
2003,1,30,0.0806443393230438,0.0345240087050343,0.82505471634795,0,0.171866877166651
2003,1,31,0.0374750345945358,0.049552369480125,0.0119378869749198,0,0.161757060862731
2003,2,1,1.64886951446533,0.0120967859456869,0.780922901700251,0,0.181976693470572
2003,2,2,0.342520147562027,0,1.00303683603124,0.822408604990642,0.212306142382334
2003,2,3,0.729606807231903,0,0.53388872580399,3.29729404921875,0.424612284764668
2003,2,4,6.16056823730469,0,3.40647978456764,3.46857621388835,2.00174362817629
2003,2,5,0.236959531903267,0.117894474783043,3.09550075142397,0.967601311711064,0.909883467352859
2003,2,6,0.745881617069244,0.468292178009733,0,0,0.707687141274446
2003,2,7,2.71824383735657,1.72204680520281,0,0,0.505490815196033
2003,2,8,0.0240324717015028,1.46216951146539,0,0,0.424612284764668
2003,2,9,0.196057885885239,0.102866129476297,0,0,0.485271182588192
2003,2,10,2.42329597473145,0.609537360549666,0.657164448450203,0,0.394282835852906
2003,2,11,1.82936000823975,1.40198532843704,0.755685324689694,0,0.343733754333302
2003,2,12,1.12301766872406,1.54878884962932,0,0,0.333623938029382
2003,2,13,0.0175405144691467,0.618758405681092,0,0,0.323514121725461
2003,2,14,1.83927464485168,0.436203067319411,0.393812929083651,0,0.31340430542154
2003,2,15,13.7810373306274,2.68488807414747,5.11485226630612,1.13686837721616e-13,0.798675488009732
2003,2,16,6.46812534332275,5.42321281518343,4.77499604185505,-1.13686837721616e-13,0.778455855401891
2003,2,17,9.71574115753174,8.05093255952693,0,0,0.677357692362684
2003,2,18,0.182528585195541,5.37328760878506,0,0,0.556039896715636
2003,2,19,0.905229389667511,0.1461123990332,0.37868265407451,0,0.444831917372509
2003,2,20,2.40903639793396,0.441679872897453,1.17970072099342,0,0.46505154998035
2003,2,21,0.478007674217224,0.459742474261361,1.11255953795262,0,0.667247876058764
2003,2,22,12.6432428359985,1.13686837721616e-13,6.03396417759723,0,8.5124653279012
2003,2,23,20.3093013763428,1.8969303406476,14.5356879060273,0,9.53355677459718
2003,2,24,6.13232803344727,4.89170282868849,8.90517247370008,0,3.38678846181342
2003,2,25,0.089423343539238,3.27280411760876,0,0,1.69844913905867
2003,2,26,1.91112576430896e-05,0.0425621690452545,0,-1.13686837721616e-13,1.30416630320577
2003,2,27,0.055145189166069,0.0274361457222767,0,1.13686837721616e-13,1.08175034451951
2003,2,28,0.791120648384094,0.160108601030402,0.260072811848659,0,0.909883467352859
2003,3,1,0.686752557754517,0.145718100667068,0.598043698439142,-1.13686837721616e-13,0.950322732568542
2003,3,2,0.803347229957581,-1.13686837721616e-13,0.733737270129495,1.13686837721616e-13,2.52745407598017
2003,3,3,0.12065526843071,0.0567563403386657,0.425452013394533,0,2.16350068903902
2003,3,4,0.195920944213867,0.0747355063659825,0.074564859525708,0,1.87031601622532
2003,3,5,2.85355138778687,0,1.51958154182285,1.49738618516187,8.89663834745018
2003,3,6,3.19124746322632,0.140380299674348,2.86842649690152,1.6242295522253,5.41886153890147
2003,3,7,0.00557264592498541,0.165067188016906,1.55965639613351,0,3.75074184875456
2003,3,8,0.060140710324049,0.000324700565670355,0.0316559516104462,1.62619721255919,3.70019276723496
2003,3,9,0.798875749111176,0,0.425678734674875,2.76090128582723,5.2368848454309
2003,3,10,0.00168093130923808,0.000659768504988278,0.485315608035307,1.30548857406586,2.37580683142136
2003,3,11,0.0226508639752865,0.00767923290220551,0.00428219528475893,0,1.50636262928418
2003,3,12,0.220234587788582,0.00695851640921319,0.114477840743348,1.63237903359607,1.23339758907832
2003,3,13,2.13111686706543,0,1.12025834483211,4.31416793508299,1.52658226189202
2003,3,14,7.63019418716431,0,4.77444604664925,4.28863586128898,2.54767370858801
2003,3,15,0.0103602232411504,-1.13686837721616e-13,3.83667626919851,4.71101611139022,1.64790005753907
2003,3,16,0.00349578890018165,1.13686837721616e-13,0.00738068967621075,8.17941283908772,1.30416630320577
2003,3,17,0.0323563106358051,0,0.0168011714631575,11.6145051389519,1.12218960973519
2003,3,18,0.465536087751389,0,0.240846551478171,11.9917260971542,0.970542365176383
2003,3,19,3.33456635475159,0,1.85040242725518,0,0.930103099960701
2003,3,20,6.4468674659729,0,4.82915527412479,-1.13686837721616e-13,0.91999328365678
2003,3,21,8.80531883239746,0,7.3576106924229,0,1.66811969014691
2003,3,22,0.325262665748596,0,4.64271631574229,0,1.95119454665669
2003,3,23,0.0152044529095292,0,0.194187105567835,-1.13686837721616e-13,1.273836854294
2003,3,24,0.00287735578604043,0,0.00932441942859441,1.13686837721616e-13,1.01098163039207
2003,3,25,2.05753183364868,0,1.01158900769951,0,0.879554018441097
2003,3,26,8.76033973693848,0,5.22279152645933,0,1.13229942603911
2003,3,27,0.0433131456375122,0,4.65418399724149,1.13686837721616e-13,1.12218960973519
2003,3,28,1.06808698177338,-1.13686837721616e-13,0.533960143136937,-1.13686837721616e-13,0.950322732568542
2003,3,29,16.4058513641357,1.13686837721616e-13,8.73668764278409,0,1.39515464994105
2003,3,30,1.3719722032547,0,8.89900617802778,0,1.23339758907832
2003,3,31,3.05010144074913e-05,0,0.687137784370862,0,0.990761997784225
2003,4,1,0.0616707764565945,0,0.02980847629442,0,0.869444202137177
2003,4,2,0.000417404429754242,0,0.0312834981232299,0,0.748126406490129
2003,4,3,0.00234430283308029,-1.13686837721616e-13,0.00135770444467198,-1.13686837721616e-13,0.657138059754843
2003,4,4,0.835640549659729,1.13686837721616e-13,0.394715149599506,1.13686837721616e-13,0.61669879453916
2003,4,5,9.89639186859131,0,5.35808644757344,0,0.849224569529335
2003,4,6,0.461462557315826,1.13686837721616e-13,5.21130959452057,1.13686837721616e-13,0.818895120617574
2003,4,7,4.7031946182251,-1.13686837721616e-13,2.57549762511917,-1.13686837721616e-13,0.738016590186208
2003,4,8,0.624136686325073,0,2.67228809753578,0,0.727906773882288
2003,4,9,0.983435153961182,0,0.809492466516531,-1.13686837721616e-13,0.657138059754843
2003,4,10,0.0365369282662869,0,0.511193115158676,1.13686837721616e-13,0.60658897823524
2003,4,11,0,0,0.0177744949360203,0,0.576259529323478
2003,4,12,0.00226680608466268,0,0.00121115600995836,0,0.525710447803874
2003,4,13,0.226217821240425,0,0.112504346965579,0,0.475161366284271
2003,4,14,0.000214940911973827,1.13686837721616e-13,0.113835295978788,0,0.434722101068588
2003,4,15,0.0418688952922821,-2.27373675443232e-13,0.0179791830560134,0,0.424612284764668
2003,4,16,0.141791045665741,0,0.107610824314179,0,0.414502468460747
2003,4,17,6.82218647003174,1.13686837721616e-13,3.24501686893927,1.13686837721616e-13,0.556039896715636
2003,4,18,5.72775173187256,0,6.27792244504599,-1.13686837721616e-13,0.75823622279405
2003,4,19,0.00523841334506869,0,2.90566073679292,0,0.596479161931319
2003,4,20,2.49732112884522,0,1.20366196882605,0,0.545930080411716
2003,4,21,6.91013765335083,0,4.65224386299451,0,0.576259529323478
2003,4,22,0.650020778179169,0,3.78078811621162,0,0.576259529323478
2003,4,23,0.00859526917338371,0,0.376993832665903,0,0.485271182588192
2003,4,24,0.173485696315765,0,0.105306007499166,-1.13686837721616e-13,0.434722101068588
2003,4,25,7.14740324020386,-1.13686837721616e-13,3.32089095618721,0,0.525710447803874
2003,4,26,7.84665298461914,1.13686837721616e-13,7.48948993613885,1.13686837721616e-13,0.990761997784225
2003,4,27,0.0104467673227191,0,3.93198283708989,0,0.798675488009732
2003,4,28,0.301230251789093,0,0.134625920552935,0,0.61669879453916
2003,4,29,2.64926695823669,0,1.44354940460835,0,0.556039896715636
2003,4,30,0.0726592391729355,0,1.42307961795086,0,0.505490815196033
2003,5,1,0.749134600162506,0,0.397982979196968,0,0.495380998892112
2003,5,2,4.56019592285156,0,2.49381127613378,0,0.505490815196033
2003,5,3,0.520633518695831,0,2.54218371050592,0,0.444831917372509
2003,5,4,3.95108032226563,0,1.97585186934884,0,0.414502468460747
2003,5,5,36.1471176147461,0,19.9299158651884,0,10.9186016082343
2003,5,6,4.07777547836304,0,20.1129035391714,0,5.7727051095387
2003,5,7,7.21607398986816,1.13686837721616e-13,5.54380130296704,0,2.70943076945074
2003,5,8,3.80574011802673,-1.13686837721616e-13,5.54281096465638,0,1.77932766949004
2003,5,9,7.0500340461731,0,5.42213396256921,0,1.40526446624497
2003,5,10,16.2503795623779,0,11.6105175932753,0,3.62942405310752
2003,5,11,23.5775489807129,0,19.8668633933157,0,6.116438863872
2003,5,12,0.179593428969383,0,11.8787469362396,0,2.56789334119585
2003,5,13,0.00793842505663633,0,0.100465322440868,0,1.47603318037242
2003,5,14,1.33480191230774,0,0.663313559136441,-1.13686837721616e-13,1.10196997712735
2003,5,15,12.3515701293945,0,6.57701793426895,1.13686837721616e-13,1.54680189449986
2003,5,16,0.464988440275192,1.13686837721616e-13,6.46449351380215,0,1.2232877727744
2003,5,17,2.0835132598877,-1.13686837721616e-13,1.27196509055648,0,0.940212916264621
2003,5,18,6.47708034515381,0,4.24061656472622,0,0.839114753225415
2003,5,19,0.385476112365723,0,3.45476956462517,0,0.727906773882288
2003,5,20,2.4944212436676,0,1.25247282687633,0,0.687467508666605
2003,5,21,3.44332432746887,0,2.95175145277972,0,0.859334385833256
2003,5,22,0.0551144666969776,0,1.79453737010044,-1.13686837721616e-13,0.707687141274446
2003,5,23,0.000195046639419161,0,0.0269885092566256,1.13686837721616e-13,0.60658897823524
2003,5,24,3.73008816723086e-07,1.13686837721616e-13,9.93437752185855e-05,1.13686837721616e-13,0.545930080411716
2003,5,25,0.0282741170376539,-1.13686837721616e-13,0.0158738962236384,-2.27373675443232e-13,0.495380998892112
2003,5,26,0.483531802892685,0,0.254206107638311,1.13686837721616e-13,0.46505154998035
2003,5,27,0.464542269706726,0,0.474803306256945,0,0.424612284764668
2003,5,28,2.10835981369019,1.13686837721616e-13,1.28407615200558,0,0.404392652156826
2003,5,29,8.61985015869141,-1.13686837721616e-13,5.01609582994206,0,0.535820264107795
2003,5,30,0.714899063110352,0,4.67987739526143,0,0.45494173367643
2003,5,31,5.33714389801025,0,2.87613885247265,0,0.404392652156826
2003,6,1,0.116867326200008,0,2.73203898147767,0,0.404392652156826
2003,6,2,0.574288487434387,0,0.333830525745725,0,0.343733754333302
2003,6,3,11.8644361495972,0,5.67615588451736,0,0.384173019548985
2003,6,4,0.91127622127533,0,6.39834489336499,0,0.444831917372509
2003,6,5,0.490973800420761,-1.13686837721616e-13,0.702659980561293,-1.13686837721616e-13,0.394282835852906
2003,6,6,0.174437925219536,1.13686837721616e-13,0.345329396928719,1.13686837721616e-13,0.333623938029382
2003,6,7,0.637068033218384,0,0.400500824511255,0,0.31340430542154
2003,6,8,1.25280368328094,0,0.906066927022039,0,0.31340430542154
2003,6,9,2.9281210899353,0,2.02706900056,0,0.293184672813699
2003,6,10,0.435065448284149,0,1.85650692729905,0,0.272965040205858
2003,6,11,9.45097732543945,0,4.94082670899297,0,0.283074856509778
2003,6,12,15.1958179473877,1.13686837721616e-13,12.2956444077427,1.13686837721616e-13,0.475161366284271
2003,6,13,5.20800590515137,-1.13686837721616e-13,10.2221240898725,-1.13686837721616e-13,8.30015918551886
2003,6,14,19.206563949585,-1.13686837721616e-13,12.0338740869011,0,12.0306814016656
2003,6,15,5.17102336883545,1.13686837721616e-13,12.2070742380129,0,18.8042583252924
2003,6,16,12.7570533752441,0,8.94303918443256,1.13686837721616e-13,14.4570373146065
2003,6,17,2.62592005729675,0,7.71902473023511,-1.13686837721616e-13,4.68084494871527
2003,6,18,0.437079131603241,0,1.55203090324721,0,2.57800315749977
2003,6,19,0.878046274185181,0,0.668627252256556,0,1.71866877166651
2003,6,20,1.79933297634125,0,1.2230417313076,0,1.23339758907832
2003,6,21,0.206053376197815,0,1.06479942334772,0,0.950322732568542
2003,6,22,0.0294802859425545,0,0.120068808391807,0,0.788565671705811
2003,6,23,0.0167692452669144,0,0.022988342334429,0,0.667247876058764
2003,6,24,0.000502923794556409,0,0.00774438123335131,0,0.576259529323478
2003,6,25,0.0340576842427254,0,0.0172213958649081,0,0.505490815196033
2003,6,26,1.63131403923035,0,0.709864692744304,0,0.46505154998035
2003,6,27,2.92829203605652,0,2.31895682380491,0,0.444831917372509
2003,6,28,0.0441492274403572,0,1.63533058257235,0,0.384173019548985
2003,6,29,0.085766926407814,0,0.066962860248168,0,0.353843570637223
2003,6,30,0.259435921907425,1.13686837721616e-13,0.191468397413701,0,0.31340430542154
2003,7,1,1.98069190979004,-1.13686837721616e-13,0.911484865322564,0,0.293184672813699
2003,7,2,2.45621418952942,1.13686837721616e-13,2.28476173165836,1.13686837721616e-13,0.30329448911762
2003,7,3,0.264283627271652,-1.13686837721616e-13,1.49567150152143,-2.27373675443232e-13,0.353843570637223
2003,7,4,4.05074596405029,0,2.12556569195294,1.13686837721616e-13,0.272965040205858
2003,7,5,29.6108856201172,0,16.8058196875718,0,0.242635591294096
2003,7,6,9.84276485443115,0,19.7276737418542,0,0.647028243450922
2003,7,7,6.70817804336548,0,8.30696695693769,0,0.374063203245064
2003,7,8,6.852454662323,0,6.78449600761087,0,0.293184672813699
2003,7,9,19.4644031524658,-1.13686837721616e-13,13.1235451147295,-1.13686837721616e-13,0.394282835852906
2003,7,10,39.0444450378418,1.13686837721616e-13,28.6583018728343,1.13686837721616e-13,2.60833260641153
2003,7,11,1.2506582736969,0,20.1477193052997,0,0.707687141274446
2003,7,12,4.36414003372192,0,2.78242406232675,0,0.525710447803874
2003,7,13,0.0303500276058912,0,2.24862270920858,0,0.374063203245064
2003,7,14,0.000512165483087301,0,0.0161348251967866,0,0.293184672813699
2003,7,15,1.41014409065247,0,0.688141844901111,0,0.404392652156826
2003,7,16,9.26778697967529,0,5.24997467986395,0,0.45494173367643
2003,7,17,0.774742305278778,0,5.05124869490464,0,0.272965040205858
2003,7,18,3.58903622627258,0,2.1510793911184,0,0.242635591294096
2003,7,19,0.894313216209412,0,2.32757563477207,0,0.212306142382334
2003,7,20,3.19922137260437,0,2.03374596121284,0,0.181976693470572
2003,7,21,11.6776475906372,1.13686837721616e-13,6.50762412304175,1.13686837721616e-13,0.363953386941144
2003,7,22,7.58703279495239,-1.13686837721616e-13,9.69384196226747,-1.13686837721616e-13,1.04131107930383
2003,7,23,2.06288027763367,-1.13686837721616e-13,5.05248815224331,-1.13686837721616e-13,0.909883467352859
2003,7,24,0.677896916866303,1.13686837721616e-13,1.44891818115502,1.13686837721616e-13,0.485271182588192
2003,7,25,0.00603763852268457,0,0.347786158548843,0,0.31340430542154
2003,7,26,0.00855394545942545,0,0.00727698783884989,0,0.242635591294096
2003,7,27,0.982520937919617,0,0.49476437285557,0,0.212306142382334
2003,7,28,12.6072664260864,0,6.79358807993776,0,0.212306142382334
2003,7,29,0.50695264339447,0,6.6263067397631,0,0.202196326078413
2003,7,30,0.00033661667839624,0,0.289682031147095,0,0.192086509774493
2003,7,31,0.0943245142698288,0,0.046837173304084,0,0.161757060862731
2003,8,1,0.468691051006317,0,0.258384233489778,0,0.141537428254889
2003,8,2,4.42972660064697,0,2.28061311750935,0,0.121317795647048
2003,8,3,10.5154047012329,0,7.10079042914367,0,0.111207979343127
2003,8,4,3.84229755401611,0,7.21214400375902,0,0.849224569529335
2003,8,5,6.06466245651245,0,4.84135083932051,0,0.60658897823524
2003,8,6,0.0614947453141213,1.13686837721616e-13,3.07956286204717,0,0.323514121725461
2003,8,7,0.103360526263714,-1.13686837721616e-13,0.0799892857685336,0,0.222415958686255
2003,8,8,0.432962387800217,0,0.280777547519392,0,0.171866877166651
2003,8,9,1.20836007595062,0,0.801025510394538,0,0.141537428254889
2003,8,10,2.35846400260925,0,1.74254656344056,0,1.96130436296061
2003,8,11,2.60895276069641,0,2.46480952270213,0,0.566149713019557
2003,8,12,4.75135803222656,0,3.62529217436168,0,0.323514121725461
2003,8,13,1.24620413780212,0,3.04617112492997,0,0.232525774990175
2003,8,14,0.14524057507515,0,0.704801277708612,0,0.181976693470572
2003,8,15,0.40479651093483,0,0.258537741119653,0,0.15164724455881
2003,8,16,0.298453688621521,0,0.356159163642587,0,0.131427611950969
2003,8,17,1.63256132602692,0,0.92492907691485,0,0.121317795647048
2003,8,18,0.24347323179245,0,0.941457009765145,0,0.100087181408815
2003,8,19,0.459379315376282,0,0.338396491384628,0,0.0879554018441097
2003,8,20,0.00681648403406143,0,0.29273841558097,0,0.0808785304313653
2003,8,21,0,0,0.00273371085131657,0,0.0727906773882288
2003,8,22,0.860993981361389,0,0.483402551526524,0,0.0667247876058764
2003,8,23,0.560633778572083,0,0.718205554992892,0,0.061669879453916
2003,8,24,1.79479289054871,1.13686837721616e-13,1.23860949070877,0,0.0566149713019557
2003,8,25,1.4682434797287,-1.13686837721616e-13,1.63194850307627,0,0.0515600631499954
2003,8,26,0.179096385836601,0,0.909817642437702,0,0.0475161366284271
2003,8,27,1.23838043212891,0,0.661640183381678,0,0.046505154998035
2003,8,28,4.48473453521729,0,2.76377046046764,0,0.0434722101068588
2003,8,29,5.45291328430176,0,4.93707553628337,0,0.045494173367643
2003,8,30,17.5795211791992,0,10.8828300218229,0,0.0576259529323478
2003,8,31,11.589560508728,0,14.6421463510269,1.13686837721616e-13,0.100087181408815
2003,9,1,36.1279907226563,0,23.8390113196547,-1.13686837721616e-13,0.323514121725461
2003,9,2,39.7193031311035,0,37.9230961918038,0,4.24612284764668
2003,9,3,4.698890209198,0,22.2091310506949,0,2.47690499446056
2003,9,4,0.0288211386650801,0,2.44586681168585,0,0.879554018441097
2003,9,5,0.00387045694515109,0,0.0165320130909095,0,0.475161366284271
2003,9,6,0.00381383113563061,0,0.00384594457864296,0,0.31340430542154
2003,9,7,0.00172455899883062,0,0.00296528914986993,-1.13686837721616e-13,0.232525774990175
2003,9,8,0,0,0.00086585111785098,1.13686837721616e-13,0.192086509774493
2003,9,9,0.0202403180301189,0,0.00980655157400179,0,0.161757060862731
2003,9,10,0.000340055965352803,0,0.0111076622742985,0,0.141537428254889
2003,9,11,9.76830342551693e-05,0,0.000231495945627103,0,0.121317795647048
2003,9,12,0.0163157377392054,0,0.00797771990255569,0,0.111207979343127
2003,9,13,0.284240305423737,0,0.126217754590471,0,0.0960432548872463
2003,9,14,1.49841356277466,0,0.824331463278213,0,0.0930103099960701
2003,9,15,5.29991436004639,0,3.21403744285271,0,0.100087181408815
2003,9,16,0.00520983478054404,0,2.56886445253986,0,0.0940212916264622
2003,9,17,0.0156133258715272,0,0.0103971520111372,0,0.0818895120617573
2003,9,18,0.000751720275729895,1.13686837721616e-13,0.00978427903100965,1.13686837721616e-13,0.0717796957578367
2003,9,19,0.013935511931777,-1.13686837721616e-13,0.0064458822234883,-2.27373675443232e-13,0.0677357692362684
2003,9,20,0.156310319900513,0,0.0726948228875699,1.13686837721616e-13,0.0657138059754843
2003,9,21,2.35538840293884,0,0.95142198350004,0,0.0626808610843081
2003,9,22,19.8506278991699,0,11.102814681286,0,0.121317795647048
2003,9,23,4.78435945510864,0,12.3414875617964,0,0.212306142382334
2003,9,24,0.1122732385993,0,2.52723755449551,0,0.222415958686255
2003,9,25,1.1766494512558,0,0.600315536219569,0,0.161757060862731
2003,9,26,3.26478242874146,0,2.18290231599167,0,0.121317795647048
2003,9,27,23.84352684021,0,12.118298766698,0,1.01098163039207
2003,9,28,0.177157863974571,0,12.0564906202198,0,1.14240924234303
2003,9,29,1.17803621292114,0,0.618050228305947,0,0.505490815196033
2003,9,30,0.0384803116321564,0,0.635688872633182,0,0.30329448911762
2003,10,1,0.394784569740295,0,0.230862086380512,0,0.222415958686255
2003,10,2,0.126252830028534,0,0.284001498515863,0,0.171866877166651
2003,10,3,0.330826044082642,0,0.226482434940408,0,0.15164724455881
2003,10,4,2.3506920337677,0,1.44086514923401,0,0.141537428254889
2003,10,5,0.00269379466772079,0,1.00626373067644,0,0.131427611950969
2003,10,6,4.17160517827142e-05,0,0.0016582253992965,0,0.121317795647048
2003,10,7,0.0029286986682564,0,0.00138759172477876,-1.13686837721616e-13,0.101098163039207
2003,10,8,0.000438696966739371,0,0.00177646314114099,1.13686837721616e-13,0.0930103099960701
2003,10,9,0.00541310710832477,1.13686837721616e-13,0.00252983126847539,0,0.0869444202137177
2003,10,10,0.840210855007172,-1.13686837721616e-13,0.302703381996253,0,0.0879554018441097
2003,10,11,0.649235188961029,0,0.727726064429589,0,0.0859334385833256
2003,10,12,0.0237298794090748,0,0.31235408644352,0,0.0980652181480304
2003,10,13,0.741723477840424,0,0.354731779883878,0,0.101098163039207
2003,10,14,10.9096069335938,0,5.23907491140562,0,0.363953386941144
2003,10,15,14.8950242996216,0,12.9018393477054,0,2.02196326078413
2003,10,16,0.116728276014328,0,7.55013016295561,0,0.889663834745018
2003,10,17,1.60849642753601,0,0.854245939812245,0,0.515600631499954
2003,10,18,0.164970874786377,0,1.04565809368069,0,0.363953386941144
2003,10,19,0.00752384820953012,0,0.076765188088757,0,0.30329448911762
2003,10,20,0.000478696601931006,0,0.00466684252387495,0,0.262855223901937
2003,10,21,0.00268032564781606,0,0.00153721559399855,1.13686837721616e-13,0.232525774990175
2003,10,22,0.000584786059334874,0,0.00168177876548725,-2.27373675443232e-13,0.222415958686255
2003,10,23,0.0221799742430449,0,0.0102437370078405,1.13686837721616e-13,0.212306142382334
2003,10,24,7.05922502675094e-05,-1.13686837721616e-13,0.0124796565214638,0,0.202196326078413
2003,10,25,3.15530323982239,1.13686837721616e-13,1.43694368788783,-1.13686837721616e-13,0.181976693470572
2003,10,26,15.9749727249146,0,8.16439459147296,1.13686837721616e-13,0.283074856509778
2003,10,27,0.210182309150696,0,8.09315930836965,0,0.566149713019557
2003,10,28,1.22242844104767,0,0.757928598653962,0,0.475161366284271
2003,10,29,2.08123731613159,0,1.64003197630154,0,0.374063203245064
2003,10,30,0.0161900278180838,0,1.07706906380554,0,0.30329448911762
2003,10,31,1.08791303634644,0,0.548189267876296,0,0.252745407598017
2003,11,1,4.48209142684937,1.13686837721616e-13,2.78300820640652,0,0.252745407598017
2003,11,2,0.340449571609497,-1.13686837721616e-13,2.42393068637466,0,0.272965040205858
2003,11,3,0.00357289821840823,0,0.178707284365373,0,0.333623938029382
2003,11,4,0.0136200934648514,-1.13686837721616e-13,0.0080707922570582,-1.13686837721616e-13,0.30329448911762
2003,11,5,0.187728807330132,1.13686837721616e-13,0.0972459170261573,0,0.283074856509778
2003,11,6,0.504261910915375,0,0.334300575657835,1.13686837721616e-13,0.262855223901937
2003,11,7,1.16200768947601,0,0.907408066181233,0,0.232525774990175
2003,11,8,0.0025641021784395,1.13686837721616e-13,0.717339184768207,0,0.212306142382334
2003,11,9,0.000214942439924926,-1.13686837721616e-13,0.00172276667944971,0,0.192086509774493
2003,11,10,0.0167962033301592,0,0.0103196859563468,0,0.181976693470572
2003,11,11,2.92883372306824,0,1.33759871618895,0,0.192086509774493
2003,11,12,15.5429458618164,0,9.22306512772047,0,2.67910132053898
2003,11,13,0.752960801124573,0,8.14816722954856,0,1.49625281298026
2003,11,14,0.269209653139114,0,0.521034807690739,0,0.798675488009732
2003,11,15,3.70050263404846,0,1.76759788941126,1.13686837721616e-13,0.647028243450922
2003,11,16,0.296812385320663,0,1.99905902802857,-1.13686837721616e-13,0.60658897823524
2003,11,17,0.731811463832855,0,0.536982674566389,0,0.515600631499954
2003,11,18,6.7960147857666,0,3.75913962419509,0,1.35471538472537
2003,11,19,16.5934810638428,0,11.6923410183881,0,9.70542365176384
2003,11,20,0.0769801288843155,0,8.33630286906191,0,4.16524431721531
2003,11,21,0.00559974415227771,0,0.0438211764849257,0,2.1028417912155
2003,11,22,0.00982880406081676,0,0.00767146423095255,0,1.39515464994105
2003,11,23,1.25368988513947,0,0.622459824902762,0,1.06153071191167
2003,11,24,13.4539203643799,0,7.30244751277496,0,2.87118783031347
2003,11,25,0.0993233546614647,0.00314083140267485,6.78017489853664,0,2.28481848468607
2003,11,26,2.39777541160584,0.00314610450584496,1.24462786958975,0,1.41537428254889
2003,11,27,16.9431629180908,0,9.64559785084566,0,9.02806595940115
2003,11,28,13.5555534362793,2.27373675443232e-13,15.2499152413802,1.13686837721616e-13,10.9186016082343
2003,11,29,0.907643437385559,0,7.32667803496952,0,4.95380998892112
2003,11,30,0.0269592758268118,0,0.467478624403157,0,2.62855223901937
2003,12,1,0.000652190705295652,0,0.0144458489994577,0,1.70855895536259
2003,12,2,0.00256825867109001,0,0.00140325121174101,1.13686837721616e-13,1.23339758907832
2003,12,3,0.0496239773929119,0,0.0260728149369243,-1.13686837721616e-13,1.02109144669599
2003,12,4,1.01771473884583,0,0.526203914669168,0,0.899773651048939
2003,12,5,5.94245386123657,0,3.22225306753535,0,1.04131107930383
2003,12,6,2.95237493515015,0,4.52693804201044,0,1.53669207819594
2003,12,7,0.000774212530814111,0,1.48901500082866,0,1.21317795647048
2003,12,8,0.00215024314820766,0,0.00145961327143596,0,1.01098163039207
2003,12,9,0.313454985618591,-1.13686837721616e-13,0.157759656925919,0,0.91999328365678
2003,12,10,6.28823804855347,1.13686837721616e-13,3.19137776231582,0,1.10196997712735
2003,12,11,3.11800265312195,0,4.71142041926578,0,1.82987675100964
2003,12,12,0.0031842056196183,0.00158892256388299,1.56211545215047,0,1.43559391515673
2003,12,13,0.625109434127808,0.309812247551463,0,0,1.09186016082343
2003,12,14,5.47396612167358,1.74991268431688,1.27647882140809,0,0.970542365176383
2003,12,15,0.250790357589722,1.48420854644883,1.42411895281475,-1.13686837721616e-13,0.839114753225415
2003,12,16,1.8914806842804,0.0107256287685686,1.05973653840556,0.41467889004025,1.25361722168616
2003,12,17,1.74616503715515,4.54747350886464e-13,1.82028653299858,0.42338000235145,3.06327434008796
2003,12,18,0.833882093429565,0.259087260975548,1.03478312618972,0,1.66811969014691
2003,12,19,1.92588019371033,0.779868177938738,0.522154033442348,0,1.20306814016656
2003,12,20,0.487115055322647,0.806890927461495,0.404055335886369,0,0.950322732568542
2003,12,21,0.000112407746200915,0.294095333081827,2.85045425698627e-05,0,0.798675488009732
2003,12,22,0.507438242435455,2.27428126891027e-05,0.222372252985224,1.27384534551072,0.798675488009732
2003,12,23,9.17787170410156,0,4.83139793487135,3.64160561223821,1.8602061999214
2003,12,24,4.63718032836914,0,6.90789158371626,0,3.82151056288201
2003,12,25,0.268863052129746,0.0674045781289578,2.39630254234726,0,1.89053564883316
2003,12,26,0.0517406053841114,0.072042802427859,0.0886802925779193,0,1.29405648690184
2003,12,27,0.000823006208520383,0.00415862459669825,0.0227432173014677,0,1.06153071191167
2003,12,28,0.00476254196837544,-1.13686837721616e-13,0.00264135123870801,0.141031336476999,0.970542365176383
2003,12,29,4.91963958740234,0,2.39964408877131,0,1.30416630320577
2003,12,30,7.37050104141235,0,6.11922672720903,-3.41060513164848e-13,5.05490815196033
2003,12,31,0.660484552383423,0,4.10598841907267,-3.41060513164848e-13,2.47690499446056
2004,1,1,1.1738623380661,-1.13686837721616e-13,0.911887893536914,0,1.60746079232339
2004,1,2,13.7440986633301,1.13686837721616e-13,7.18223903647595,-1.13686837721616e-13,5.1357866823917
2004,1,3,12.9008264541626,0,13.3224726674052,1.13686837721616e-13,15.670215271077
2004,1,4,50.0588874816895,1.13686837721616e-13,31.3916696701053,-4.54747350886464e-13,47.4150384653879
2004,1,5,30.5766315460205,-4.54747350886464e-13,40.9544608781471,-2.27373675443232e-13,46.6062531610742
2004,1,6,0.0850699171423912,0.0399836425351623,16.2053338332626,-6.82121026329696e-13,5.19644558021522
2004,1,7,0.00221367692574859,0.0439206740976488,0,1.13686837721616e-13,2.60833260641153
2004,1,8,0.159692719578743,0.0718316820950804,0,-1.13686837721616e-13,1.75910803688219
2004,1,9,0.314063549041748,0.222780913861243,0.00856971436587628,0,1.35471538472537
2004,1,10,0.00608395086601377,0.152492036762396,0.00933591374996467,0,1.05142089560775
2004,1,11,0.119041971862316,0.0564399584106923,0,0,0.91999328365678
2004,1,12,0.00309519609436393,0.0605411600325851,0.0015210726269288,0,0.869444202137177
2004,1,13,0.00533280614763498,0,0.00421304525298183,0,0.76834603909797
2004,1,14,0.0211729779839516,0.00117645047055248,0.0118439928737644,0,0.707687141274446
2004,1,15,0.0730232819914818,0.0112492979734498,0.0354767106073268,-1.13686837721616e-13,0.707687141274446
2004,1,16,0.00442341342568398,0.0122420286375018,0.0287623590047588,2.27373675443232e-13,0.60658897823524
2004,1,17,4.60032033920288,0.00151294396755475,2.28092045903759,-1.13686837721616e-13,0.667247876058764
2004,1,18,11.4967956542969,0,8.02764871250474,0,3.99337744004866
2004,1,19,0.204159528017044,0.0976048727897023,6.00039150297744,0,1.72877858797043
2004,1,20,0.0628077983856201,0.134821460314356,-3.63797880709171e-12,0,1.01098163039207
2004,1,21,0.000364922016160563,0.0332598663372892,3.63797880709171e-12,0,0.869444202137177
2004,1,22,0.035850040614605,0.0148686460454428,0,0,0.727906773882288
2004,1,23,0.0172353740781546,0.0260137024311007,0,0,0.485271182588192
2004,1,24,0.0194304026663303,0.0186077195745611,3.63797880709171e-12,1.13686837721616e-13,0.475161366284271
2004,1,25,1.53212976455688,0.771102008414118,-3.63797880709171e-12,-1.13686837721616e-13,0.444831917372509
2004,1,26,12.1496286392212,6.71335692003549,0,0,0.434722101068588
2004,1,27,5.37032842636108,8.58537777877473,0.187037649837293,0,0.414502468460747
2004,1,28,1.10724008083344,3.07779659140124,0.190308760582411,0,0.394282835852906
2004,1,29,0.355862498283386,0.760580814525383,0,0,0.363953386941144
2004,1,30,2.93871355056763,1.62307480933305,0,0,0.333623938029382
2004,1,31,0.0197068657726049,1.75927450013319,0,0,0.333623938029382
2004,2,1,0.00217189127579331,0.011769731692084,3.63797880709171e-12,0,0.353843570637223
2004,2,2,1.3619658946991,0.46867722630077,0.121748522316921,0,0.394282835852906
2004,2,3,8.34122943878174,0.67950410117669,3.27275232290776,0,3.00261544226444
2004,2,4,0.0509289391338825,0.0253303913955278,4.19257427336561,0,2.61844242271545
2004,2,5,2.63547468185425,0.634037343532782,0.63990432859282,0,1.4659233640685
2004,2,6,8.92859840393066,0.755050517101381,4.47056687165605,0,6.01534070083279
2004,2,7,1.55659818649292,0.377104792757223,4.89259864662745,0,3.36656882920558
2004,2,8,0.259550094604492,0.512256776369213,0.402515488909557,0,1.09186016082343
2004,2,9,0.00826689228415489,0.142408426806355,0.00282518509266083,0,0.839114753225415
2004,2,10,0.00572365848347545,0.00104258019212011,0.00597025997922174,0,1.97141417926453
2004,2,11,0.000662181235384196,0.00010500920427603,0.00296748460459639,0,3.0329448911762
2004,2,12,0.00690903048962355,0.00010330160318972,0.00364020863707992,0,2.35558719881351
2004,2,13,0.00655818916857243,0.00191256453092592,0.00484075903295889,0,1.76921785318612
2004,2,14,0.00502683175727725,0.00311396847303058,0.00277004256713553,0,0.940212916264621
2004,2,15,0.00610017077997327,0.00148972766896804,0.00392833582736785,0,1.26372703799008
2004,2,16,0.00024646517704241,0.000673728363040027,0.00195064763829578,0,0.717796957578367
2004,2,17,0.000575871497858316,0.000285545433484913,0.000139411895361263,0,0.636918427147002
2004,2,18,0.00389066175557673,0.000169323608361083,0.00195958635958959,0,0.667247876058764
2004,2,19,0.000378120108507574,0,0.00229100399883464,0.911714761145504,1.00087181408815
2004,2,20,0.470490485429764,0,0.234513528990647,3.79932639907713,1.52658226189202
2004,2,21,1.4247225522995,0,0.933220788476319,4.40785750710518,2.12306142382334
2004,2,22,0.00467358343303204,0,0.721295048417233,1.94459914353638,1.18284850755872
2004,2,23,0.0167674031108618,0,0.0106365997271496,1.91208128722531,1.09186016082343
2004,2,24,0.399909019470215,0,0.200022948145488,3.12536033146046,1.10196997712735
2004,2,25,0.000147113343700767,0,0.217172711967578,1.69968772505501,0.970542365176383
2004,2,26,0.0305387228727341,0,0.0141766782544437,0.446300997667436,0.808785304313653
2004,2,27,4.4896538042849e-07,0,0.0153746517862601,1.32484599639179,0.707687141274446
2004,2,28,0.000547024188563228,0,0.000258356438280316,2.25614885857328,0.626808610843081
2004,2,29,0.0815851092338562,0,0.0398703462342382,4.3894558450038,0.60658897823524
2004,3,1,3.65487432479858,0,1.8657267239214,2.01240055939786,0.677357692362684
2004,3,2,4.24434280395508,-1.13686837721616e-13,3.93411902811567,1.13686837721616e-13,0.91999328365678
2004,3,3,1.17186546325684,1.13686837721616e-13,2.71593869199933,0,0.798675488009732
2004,3,4,6.91969299316406,0,3.93645203817869,0,0.818895120617574
2004,3,5,2.68348789215088,0,4.88096102066629,-1.13686837721616e-13,1.06153071191167
2004,3,6,0.812519073486328,0,1.8015616251032,1.13686837721616e-13,1.07164052821559
2004,3,7,0.00527789490297437,0,0.411304505720182,0,0.818895120617574
2004,3,8,2.7847578166984e-05,0,0.0027972300631518,0,0.687467508666605
2004,3,9,0.0219038277864456,0,0.00933439617438125,0,0.60658897823524
2004,3,10,0.00195167923811823,0,0.0124868525454076,0,0.545930080411716
2004,3,11,0.0722006931900978,1.13686837721616e-13,0.0316685629004496,1.13686837721616e-13,0.505490815196033
2004,3,12,0.136239513754845,-1.13686837721616e-13,0.102742291273898,-1.13686837721616e-13,0.495380998892112
2004,3,13,0.0661295205354691,0,0.101716007913637,0,0.444831917372509
2004,3,14,1.40471184253693,0,0.725261160128866,0,0.424612284764668
2004,3,15,0.472233355045319,0,0.949411638826859,0,0.424612284764668
2004,3,16,9.37074279785156,0,4.49082130045281,0,0.444831917372509
2004,3,17,1.09052407741547,0,5.23084555298192,-1.13686837721616e-13,0.475161366284271
2004,3,18,0.665143251419067,0,0.877888553255616,0,0.45494173367643
2004,3,19,0.918903291225433,0,0.811710303962173,0,0.505490815196033
2004,3,20,2.1495885848999,0,1.52531247007937,0,0.556039896715636
2004,3,21,0.686138212680817,0,1.42583138911141,0,0.525710447803874
2004,3,22,0.000406570208724588,5.536089497582e-05,0.346989746507461,0,0.45494173367643
2004,3,23,0.0561856962740421,5.63161231639242e-05,0.028070772132196,0,0.424612284764668
2004,3,24,0.742961704730988,0,0.399528105244826,0,0.414502468460747
2004,3,25,0.0350522808730602,0,0.39186608358068,0,0.394282835852906
2004,3,26,2.32482743263245,0,1.17367808388735,0,0.384173019548985
2004,3,27,11.7830667495728,0,7.04381777809249,0,0.444831917372509
2004,3,28,0.159584417939186,0,6.03396830334168,0,0.444831917372509
2004,3,29,2.82253098487854,-1.13686837721616e-13,1.39644201091869,-1.13686837721616e-13,0.45494173367643
2004,3,30,4.41888809204102,1.13686837721616e-13,3.57477313360505,1.13686837721616e-13,0.475161366284271
2004,3,31,13.616587638855,0,8.87898376647354,0,1.5164724455881
2004,4,1,1.80003333091736,0,7.76671161501145,0,1.59735097601946
2004,4,2,0.13811993598938,0,0.907577755668171,0,1.09186016082343
2004,4,3,0.0850440785288811,0,0.110143350499129,0,0.849224569529335
2004,4,4,0.00191383168566972,0,0.0441408132428478,0,0.707687141274446
2004,4,5,0.00126086140517145,1.13686837721616e-13,0.00152389734284952,0,0.586369345627398
2004,4,6,0.0016413334524259,-1.13686837721616e-13,0.00140087877298356,0,0.525710447803874
2004,4,7,0.0475015453994274,0,0.0309776857175166,0,0.515600631499954
2004,4,8,0.847318649291992,0,0.524470800308336,0,0.505490815196033
2004,4,9,0.0275955256074667,0,0.379507353030931,0,0.45494173367643
2004,4,10,0.011610072106123,0,0.0188371330004884,0,0.414502468460747
2004,4,11,0.120990715920925,0,0.064373387289379,0,0.394282835852906
2004,4,12,0.273972511291504,0,0.193686880571477,0,0.384173019548985
2004,4,13,5.32405233383179,0,2.27053732730201,0,0.434722101068588
2004,4,14,7.60527658462524,1.13686837721616e-13,6.46318637218064,0,0.798675488009732
2004,4,15,0.00723733054473996,-1.13686837721616e-13,3.84736585626888,1.13686837721616e-13,0.677357692362684
2004,4,16,0.000498437089845538,0,0.00432964328138041,-1.13686837721616e-13,0.525710447803874
2004,4,17,3.36840275849681e-05,0,0.000233338789257687,0,0.475161366284271
2004,4,18,0.000524699746165425,0,0.000214193973079091,0,0.434722101068588
2004,4,19,0.236648887395859,-1.13686837721616e-13,0.0935398742112739,-1.13686837721616e-13,0.414502468460747
2004,4,20,3.12194275856018,2.27373675443232e-13,1.36434771399945,1.13686837721616e-13,0.424612284764668
2004,4,21,5.63339185714722,-1.13686837721616e-13,4.32454163100556,0,0.444831917372509
2004,4,22,4.6250901222229,0,5.10813354399943,0,0.434722101068588
2004,4,23,13.3255777359009,-1.13686837721616e-13,8.96491379804502,0,0.45494173367643
2004,4,24,0.730453670024872,1.13686837721616e-13,7.06271995693169,0,0.505490815196033
2004,4,25,8.7527666091919,0,4.69121005769921,0,0.46505154998035
2004,4,26,0.897360026836395,0,4.97250681041624,0,0.485271182588192
2004,4,27,0.362939834594727,0,0.636171708349139,0,0.434722101068588
2004,4,28,0.000877884041983634,0,0.199468690108915,0,0.394282835852906
2004,4,29,0.457068055868149,0,0.211846763420908,0,0.353843570637223
2004,4,30,8.6930742263794,1.13686837721616e-13,4.56982177306054,0,0.424612284764668
2004,5,1,10.5129098892212,-1.13686837721616e-13,9.59584720919156,0,0.707687141274446
2004,5,2,14.8431711196899,0,12.6696884289231,0,3.69008295093104
2004,5,3,1.87419128417969,0,8.3588908392594,0,2.58811297380369
2004,5,4,0.0368707254528999,0,0.968896784634126,0,1.42548409885281
2004,5,5,0.554903566837311,0,0.280931398418034,0,1.05142089560775
2004,5,6,0.0002021776890615,0,0.287620022616466,0,0.829004936921494
2004,5,7,0.00244033592753112,0,0.00126582922530361,0,0.697577324970526
2004,5,8,0.141364604234695,0,0.0706868885317817,-1.13686837721616e-13,0.596479161931319
2004,5,9,0,0,0.0711885011005506,0,0.545930080411716
2004,5,10,0.424696981906891,0,0.230196171192802,1.13686837721616e-13,0.495380998892112
2004,5,11,1.03275513648987,0,0.667196037931717,0,0.46505154998035
2004,5,12,0.0424475520849228,0,0.546254031247372,0,0.444831917372509
2004,5,13,1.74898886680603,0,0.895355503485916,0,0.424612284764668
2004,5,14,7.18041229248047,0,4.27435260165294,0,0.414502468460747
2004,5,15,14.148736000061,0,10.6207214262431,0,0.46505154998035
2004,5,16,3.54078841209412,0,8.89994649690561,0,0.525710447803874
2004,5,17,0.807446241378784,0,2.26030303226798,0,0.485271182588192
2004,5,18,4.20616674423218,0,2.43961770783062,0,1.28394667059792
2004,5,19,18.7391242980957,0,11.4639041676237,0,7.27906773882288
2004,5,20,3.28901672363281,1.13686837721616e-13,11.2896295325372,0,8.20917083878358
2004,5,21,0.20060907304287,0,1.7626553477312,1.13686837721616e-13,2.78019948357818
2004,5,22,0.182152926921844,-1.13686837721616e-13,0.191131483876234,-1.13686837721616e-13,1.61757060862731
2004,5,23,0.367677748203278,0,0.270011247470393,0,1.13229942603911
2004,5,24,4.94961881637573,0,2.63842021696473,0,0.859334385833256
2004,5,25,2.54500508308411,0,3.89887093575089,0,0.748126406490129
2004,5,26,9.05796813964844,0,5.21955063878704,0,0.727906773882288
2004,5,27,19.1835746765137,0,13.9369546584639,0,1.18284850755872
2004,5,28,11.7679262161255,-1.13686837721616e-13,15.5995801009121,0,4.75161366284271
2004,5,29,0.816722929477692,1.13686837721616e-13,6.35694101190893,0,1.95119454665669
2004,5,30,10.3676624298096,0,5.55714316435478,-1.13686837721616e-13,1.66811969014691
2004,5,31,26.1893215179443,0,18.0329357154333,1.13686837721616e-13,8.07774322683261
2004,6,1,0.281296163797379,0,13.235312871675,0,2.86107801400955
2004,6,2,0.465113431215286,0,0.376841278979555,0,1.5164724455881
2004,6,3,0.0973910763859749,0,0.281922813243,0,1.02109144669599
2004,6,4,0,0,0.0522864315280458,0,0.808785304313653
2004,6,5,0.00479351496323943,0,0.00206859580430319,0,0.677357692362684
2004,6,6,0.0095882760360837,0,0.0070592329975625,0,0.596479161931319
2004,6,7,0,0,0.00512314349907683,0,0.525710447803874
2004,6,8,0.0151765467599034,0,0.00748327847395558,0,0.46505154998035
2004,6,9,0.453089267015457,0,0.197291677304747,0,0.424612284764668
2004,6,10,2.68696165084839,0,1.45955760392462,0,0.394282835852906
2004,6,11,12.0816774368286,0,6.7217864963568,0,0.394282835852906
2004,6,12,14.5115089416504,-1.13686837721616e-13,13.2845615548322,-1.13686837721616e-13,0.778455855401891
2004,6,13,9.49016761779785,1.13686837721616e-13,12.0399768644638,1.13686837721616e-13,0.626808610843081
2004,6,14,8.97545719146729,0,9.23855401530454,0,0.60658897823524
2004,6,15,3.5903902053833,0,6.44156321763876,0,0.525710447803874
2004,6,16,22.1755542755127,0,12.7678846425952,1.13686837721616e-13,2.31514793359783
2004,6,17,14.488486289978,0,18.4080287968427,-1.13686837721616e-13,3.95293817483298
2004,6,18,2.18453407287598,0,8.57736226253837,0,1.49625281298026
2004,6,19,2.83603549003601,0,2.50738971731334,0,0.889663834745018
2004,6,20,0.000415935617638752,0,1.42811709496527,0,0.657138059754843
2004,6,21,0.574064135551453,0,0.284848764600611,0,0.535820264107795
2004,6,22,5.91521501541138,0,2.94880235698292,0,0.475161366284271
2004,6,23,0.111334972083569,0,3.16460020205341,0,0.394282835852906
2004,6,24,0.781994462013245,0,0.44379043360459,0,0.343733754333302
2004,6,25,1.56756556034088,0,1.17013131904969,0,0.30329448911762
2004,6,26,0.0169853512197733,0,0.83426796319327,0,0.283074856509778
2004,6,27,0.01525320392102,0,0.0163157351125847,0,0.252745407598017
2004,6,28,0.262811571359634,0,0.118701365536253,-1.13686837721616e-13,0.232525774990175
2004,6,29,0.148275449872017,0,0.217535694857361,1.13686837721616e-13,0.212306142382334
2004,6,30,0.0127182323485613,0,0.0605701657295867,0,0.192086509774493
2004,7,1,0.0710088908672333,0,0.0480095744351274,0,0.181976693470572
2004,7,2,0.256839483976364,0,0.173591681639664,0,0.161757060862731
2004,7,3,3.18372654914856,0,1.63419599032932,0,0.161757060862731
2004,7,4,9.71700382232666,0,6.17735132550297,0,0.15164724455881
2004,7,5,3.30981588363647,0,7.27318748830658,0,0.141537428254889
2004,7,6,2.10596513748169,0,2.79337311027484,0,0.131427611950969
2004,7,7,2.2022442817688,0,2.15404876373577,0,0.111207979343127
2004,7,8,0,0,1.22219980077716,0,0.0990761997784225
2004,7,9,2.4542818069458,0,1.13576131143418,0,0.121317795647048
2004,7,10,7.8841872215271,0,4.57386475148087,0,0.171866877166651
2004,7,11,6.59056520462036,0,7.24547434776468,0,0.121317795647048
2004,7,12,3.70035433769226,0,5.1891446072259,0,0.0990761997784225
2004,7,13,2.37781167030334,0,3.04741828804254,0,0.121317795647048
2004,7,14,3.24194478988647,0,2.78062642757504,0,0.141537428254889
2004,7,15,3.41810255122255e-06,0,1.69870292170526,-1.13686837721616e-13,0.111207979343127
2004,7,16,2.66812515258789,-1.13686837721616e-13,1.06167836694294,1.13686837721616e-13,0.0889663834745018
2004,7,17,7.50820016860962,1.13686837721616e-13,4.97293104026539,0,0.0818895120617573
2004,7,18,0.370283752679825,1.13686837721616e-13,3.94067169323171,1.13686837721616e-13,0.100087181408815
2004,7,19,0.134715259075165,-1.13686837721616e-13,0.264310245525849,-1.13686837721616e-13,0.0798675488009732
2004,7,20,0.0115500502288342,0,0.0585964715974114,0,0.0667247876058764
2004,7,21,3.03503203392029,0,1.30376584130499,0,0.0636918427147002
2004,7,22,24.7103271484375,0,12.0477724765078,0,0.495380998892112
2004,7,23,3.76366591453552,0,14.2706368543222,1.13686837721616e-13,0.909883467352859
2004,7,24,0.178598389029503,0,2.1545614213137,0,0.444831917372509
2004,7,25,0.43588799238205,0,0.288603540320764,0,0.171866877166651
2004,7,26,2.2536473274231,1.13686837721616e-13,1.32502768170525,0,0.121317795647048
2004,7,27,5.57443809509277,-1.13686837721616e-13,3.94809537467881,-1.13686837721616e-13,0.111207979343127
2004,7,28,0.222804546356201,0,2.90960817967061,0,0.0950322732568542
2004,7,29,0.0417629033327103,-1.13686837721616e-13,0.129005683422292,0,0.0778455855401891
2004,7,30,4.73356008529663,1.13686837721616e-13,2.03341324924622,0,0.0657138059754843
2004,7,31,24.9895477294922,0,14.6458491379781,0,0.0707687141274446
2004,8,1,0.0928039029240608,0,12.5412553199058,0,0.121317795647048
2004,8,2,0.0103632090613246,-1.13686837721616e-13,0.0534680317286984,0,0.121317795647048
2004,8,3,0.00756868533790112,1.13686837721616e-13,0.00905434226660873,0,0.0727906773882288
2004,8,4,4.30333566665649,0,1.7975288799571,-1.13686837721616e-13,0.0808785304313653
2004,8,5,12.0717697143555,0,7.95371721777701,2.27373675443232e-13,0.323514121725461
2004,8,6,0.00738025922328234,0,6.6852696204005,-1.13686837721616e-13,0.232525774990175
2004,8,7,4.62021307612304e-05,0,0.00429235519186477,0,0.121317795647048
2004,8,8,0.0176403392106295,1.13686837721616e-13,0.00860387582724798,0,0.0727906773882288
2004,8,9,0.00970540661364794,-1.13686837721616e-13,0.0138524138528737,-1.13686837721616e-13,0.0525710447803874
2004,8,10,0.0885524153709412,0,0.0463572766602738,1.13686837721616e-13,0.0424612284764668
2004,8,11,0.00209380430169404,0,0.0480951025929244,0,0.0323514121725461
2004,8,12,7.96206131781219e-06,0,0.00113534180127317,0,0.0262855223901937
2004,8,13,0.0499641969799995,0,0.0239048520306824,-1.13686837721616e-13,0.0222415958686255
2004,8,14,0.00107557920273393,0,0.0296523945362424,1.13686837721616e-13,0.0202196326078413
2004,8,15,0.0363499261438847,0,0.0240150301724498,0,0.0192086509774493
2004,8,16,0.0538986176252365,0,0.0467145365437318,0,0.0192086509774493
2004,8,17,0,0,0.0249343318610045,0,0.0161757060862731
2004,8,18,1.1474244594574,-1.13686837721616e-13,0.533754325857444,-1.13686837721616e-13,0.0141537428254889
2004,8,19,1.33425283432007,1.13686837721616e-13,1.23236477831961,1.13686837721616e-13,0.0131427611950969
2004,8,20,12.8060092926025,0,5.58372181178129,0,0.0262855223901937
2004,8,21,18.8480224609375,-1.13686837721616e-13,15.8216089047055,-1.13686837721616e-13,0.0414502468460747
2004,8,22,0.039655763655901,1.13686837721616e-13,9.44553097107564,1.13686837721616e-13,0.045494173367643
2004,8,23,0.010190699249506,0,0.0253587172155676,0,0.0363953386941144
2004,8,24,0.553273439407349,0,0.280617436605098,0,0.0283074856509778
2004,8,25,7.54747009277344,0,3.94045926786566,1.13686837721616e-13,0.045494173367643
2004,8,26,12.6159944534302,0,10.0572448858802,-1.13686837721616e-13,0.0525710447803874
2004,8,27,2.06553649902344,0,7.36565588738085,0,0.0353843570637223
2004,8,28,3.5030620098114,1.13686837721616e-13,2.7835486494223,1.13686837721616e-13,0.0940212916264622
2004,8,29,9.85540390014648,-1.13686837721616e-13,6.59034895137665,-1.13686837721616e-13,0.141537428254889
2004,8,30,1.19080746173859,0,5.60831529504139,0,0.0647028243450922
2004,8,31,0.00630501285195351,0,0.691681621905445,0,0.0444831917372509
2004,9,1,0.00760832941159606,0,0.00693241487897467,0,0.031340430542154
2004,9,2,0.37656506896019,0,0.183054704986716,0,0.0272965040205858
2004,9,3,6.24753332138062,-1.13686837721616e-13,3.21776674602734,0,0.0232525774990175
2004,9,4,0.369381189346314,2.27373675443232e-13,3.35061492500972,1.13686837721616e-13,0.0212306142382334
2004,9,5,0.0258049219846725,-1.13686837721616e-13,0.199786291752389,-1.13686837721616e-13,0.0192086509774493
2004,9,6,0,0,0.0132142386282794,0,0.015164724455881
2004,9,7,0.0182928517460823,0,0.00796097813872621,0,0.0121317795647048
2004,9,8,0.00634486693888903,0,0.0110666350446991,0,0.0111207979343127
2004,9,9,0.0537379011511803,0,0.0273087548921467,0,0.0121317795647048
2004,9,10,0.00139180931728333,0,0.0308997284373618,0,0.0111207979343127
2004,9,11,0.0014778032200411,0,0.00142582785701961,0,0.0101098163039207
2004,9,12,0.077508307993412,0,0.0500949947308982,0,0.0111207979343127
2004,9,13,0.431078195571899,0,0.282313025862095,0,0.0111207979343127
2004,9,14,0.110754825174809,0,0.259379107134009,0,0.0101098163039207
2004,9,15,1.25656654859085e-07,0,0.0577857132520876,0,0.0097054236517638
2004,9,16,0.218672648072243,0,0.103799194686871,0,0.0095032273256854
2004,9,17,0.867280185222626,-1.13686837721616e-13,0.474801319018297,0,0.0088966383474501
2004,9,18,0.0460744127631187,2.27373675443232e-13,0.521230310496321,0,0.0086944420213717
2004,9,19,0.000217763197724707,-2.27373675443232e-13,0.0247433719378023,0,0.0078856567170581
2004,9,20,0.0021059256978333,1.13686837721616e-13,0.00107472860690905,0,0.007380165901862
2004,9,21,0.00087715603876859,-1.13686837721616e-13,0.00161791128630284,0,0.0067735769236268
2004,9,22,0.000295087200356647,1.13686837721616e-13,0.000512457445438486,0,0.0061669879453916
2004,9,23,0.000674377311952412,0,0.000495874664920848,0,0.0052571044780387
2004,9,24,0.000596313795540482,0,0.000637294902844587,0,0.0047516136628427
2004,9,25,0.00251235300675035,0,0.00126264009304577,0,0.0041450246846074
2004,9,26,0.00246908911503851,0,0.00248950391687686,0,0.0035384357063722
2004,9,27,0,1.13686837721616e-13,0.00141938877277426,0,0.0031340430542154
2004,9,28,0.00998023524880409,-1.13686837721616e-13,0.00573737786544371,0,0.0025274540759801
2004,9,29,0.0889027938246727,0,0.0437669514794834,0,0.0021230614238233
2004,9,30,0.00908983498811722,0,0.0469474267847545,-1.13686837721616e-13,0.0016175706086273
2004,10,1,0.00495816208422184,0,0.00779637151936186,1.13686837721616e-13,0.0007076871412744
2004,10,2,0.440237641334534,0,0.177437191126955,0,0
2004,10,3,0.00989386718720198,0,0.265447482328455,0,0
2004,10,4,0.000534509541466832,0,0.00676549303534557,0,0
2004,10,5,3.76461935047701e-06,0,0.000339466951118084,0,0
2004,10,6,0.00201624422334135,0,0.00148685427484452,0,0
2004,10,7,4.03927442675922e-05,0,0.000664781684463378,0,0
2004,10,8,0.00319202872924507,0,0.00124282358228811,0,0
2004,10,9,0,0,0.00118801619464648,0,0
2004,10,10,0.00138113321736455,0,0.000559621897991747,0,0
2004,10,11,0.000277424871455878,-1.13686837721616e-13,0.00107023185046273,-1.13686837721616e-13,0
2004,10,12,1.07640290260315,1.13686837721616e-13,0.373048275261681,1.13686837721616e-13,0
2004,10,13,10.2255334854126,0,5.39631472688052,0,0
2004,10,14,5.47697496414185,0,8.28429868667081,0,0
2004,10,15,4.87726831436157,0,5.26317345729694,1.13686837721616e-13,0
2004,10,16,0.900320053100586,0,3.29154291362647,-1.13686837721616e-13,0
2004,10,17,0.558672904968262,0,0.590124385813397,0,0.0006065889782352
2004,10,18,15.1554431915283,0,7.63615010130889,0,0.222415958686255
2004,10,19,29.413854598999,0,22.2549084957063,0,1.03120126299991
2004,10,20,0.626370310783386,0,15.1679396282452,0,0.475161366284271
2004,10,21,0.3254733979702,0,0.478214919156017,0,0.222415958686255
2004,10,22,0.0224200636148453,0,0.197439866733475,0,0.131427611950969
2004,10,23,3.51900839805603,0,1.70103035548163,0,0.101098163039207
2004,10,24,8.06087589263916,0,5.78877091586764,0,0.131427611950969
2004,10,25,0.00416883733123541,0,4.05095259691007,0,0.141537428254889
2004,10,26,1.08093905448914,0,0.490703845913231,0,0.222415958686255
2004,10,27,5.33640766143799,0,3.1952566862783,0,0.161757060862731
2004,10,28,0.104080304503441,0,2.7599984717308,0,0.131427611950969
2004,10,29,0.350352346897125,0,0.223733377937606,0,0.101098163039207
2004,10,30,1.10406219959259,0,0.72571980875,0,0.0970542365176383
2004,10,31,0.243368297815323,0,0.743524744106253,0,0.0839114753225415
2004,11,1,3.78996348381043,0,1.92528810379372,0,0.0889663834745018
2004,11,2,19.8487949371338,0,11.4010144808126,1.13686837721616e-13,0.232525774990175
2004,11,3,6.26798105239868,0,13.0672179398971,-1.13686837721616e-13,0.343733754333302
2004,11,4,3.43626952171326,0,4.89004949031005,0,0.505490815196033
2004,11,5,0.145331814885139,0,1.80539545073771,0,0.374063203245064
2004,11,6,0.000736405199859291,-1.13686837721616e-13,0.0754794226486411,0,0.272965040205858
2004,11,7,0.00239526433870196,1.13686837721616e-13,0.00154387947986834,0,0.222415958686255
2004,11,8,1.40745205499115e-05,0,0.00121866089102696,0,0.171866877166651
2004,11,9,0.000633626303169876,0,0.000318915979732992,0,0.141537428254889
2004,11,10,0.0151320807635784,1.13686837721616e-13,0.00698317640853929,0,0.131427611950969
2004,11,11,6.40398645401001,-1.13686837721616e-13,3.19294838495625,0,0.15164724455881
2004,11,12,15.7422399520874,0,11.0721395773908,0,0.283074856509778
2004,11,13,0.070384569466114,0,7.90821034006149,0,0.272965040205858
2004,11,14,0.00357837183400989,0,0.0361216550263634,0,0.262855223901937
2004,11,15,0.0822586640715599,0,0.050717934675049,0,0.212306142382334
2004,11,16,0.714894950389862,0,0.366649425406649,1.13686837721616e-13,0.181976693470572
2004,11,17,0.409002840518951,0,0.593784240172681,-1.13686837721616e-13,0.161757060862731
2004,11,18,1.13446605205536,0,0.760069505751744,0,0.161757060862731
2004,11,19,9.72433376312256,0,5.39430883392561,-1.13686837721616e-13,0.202196326078413
2004,11,20,2.52034831047058,0,6.15752348796741,1.13686837721616e-13,0.46505154998035
2004,11,21,0.193067222833633,-1.13686837721616e-13,1.36399325719322,0,0.45494173367643
2004,11,22,0.760426998138428,1.13686837721616e-13,0.460910401194269,-1.13686837721616e-13,0.333623938029382
2004,11,23,1.03237724304199,0,0.889746574368473,2.27373675443232e-13,0.283074856509778
2004,11,24,7.69778680801392,0,4.04139924100673,-1.13686837721616e-13,0.636918427147002
2004,11,25,6.61606502532959,0,7.20831118364731,0,2.06240252599981
2004,11,26,0.54131144285202,-1.13686837721616e-13,3.5800118388288,0,1.26372703799008
2004,11,27,2.67348670959473,1.13686837721616e-13,1.55726247888015,0,0.778455855401891
2004,11,28,5.84111976623535,0,4.2516439868341,0,0.990761997784225
2004,11,29,0.325278908014298,1.13686837721616e-13,3.08345208120591,1.13686837721616e-13,1.02109144669599
2004,11,30,5.09313154220581,-1.13686837721616e-13,2.68447355282115,-1.13686837721616e-13,0.738016590186208
2004,12,1,6.84379768371582,0,5.96447733205059,0,0.778455855401891
2004,12,2,0.0169696379452944,0,3.45104325291322,0,1.15251905864696
2004,12,3,8.27557596494444e-05,0,0.00946941857910133,0,0.859334385833256
2004,12,4,0.000800041831098497,0,0.000452701282483758,0,0.626808610843081
2004,12,5,0.2586809694767,0,0.121450142713002,-1.13686837721616e-13,0.515600631499954
2004,12,6,3.23402428627014,0,1.74635024746385,1.13686837721616e-13,0.444831917372509
2004,12,7,7.34434795379639,0,5.27148118414334,0,0.707687141274446
2004,12,8,3.78206753730774,0,5.86417662747772,0,1.20306814016656
2004,12,9,0.759149789810181,0,2.27104150665764,0,0.909883467352859
2004,12,10,4.14744997024536,0,2.39965719880638,0,0.849224569529335
2004,12,11,2.71505069732666,0,3.44649153059436,0,0.869444202137177
2004,12,12,0.511705160140991,1.13686837721616e-13,1.6758905358729,0,1.05142089560775
2004,12,13,0.0536918379366398,-1.13686837721616e-13,0.298322317048587,0,0.889663834745018
2004,12,14,0.278516739606857,0.105779432848976,0.059976445252687,0,0.60658897823524
2004,12,15,0.0400906503200531,0.126930837756618,0.0334494332855684,0,0.485271182588192
2004,12,16,0.00169728777837008,0.0229004896129936,0.00056398599917884,0,0.444831917372509
2004,12,17,0.00551316235214472,0.000203610866151394,0.00334220466174884,0,0.414502468460747
2004,12,18,0.0242788940668106,0,0.0148730552573397,0,0.374063203245064
2004,12,19,0.172496452927589,0.0448577022863219,0.0471868762324448,0,0.363953386941144
2004,12,20,0.381540775299072,0.238822122391753,0.0374553945948719,0,0.242635591294096
2004,12,21,0.132063165307045,0.239877924857638,0.0217720627697418,0,0.202196326078413
2004,12,22,8.63348770141602,0.0434606653190031,4.33132456453677,0,0.212306142382334
2004,12,23,28.1887302398682,13.8829259660281,4.38150226013022,0,0.202196326078413
2004,12,24,0.0449387654662132,14.8842096810944,0,0,0.171866877166651
2004,12,25,0.0637014210224152,0.0538183560830703,0,0,0.161757060862731
2004,12,26,1.09479522705078,0.670551929344583,0,0,0.161757060862731
2004,12,27,0.00288160401396453,0.450656852405473,0,0,0.181976693470572
2004,12,28,0.0536214746534824,0.0336374102130321,0,0,0.232525774990175
2004,12,29,0.123911865055561,0.0320115226508051,0.0499376317784481,0.271118307704683,0.323514121725461
2004,12,30,0.0696906894445419,0,0.102831327847525,2.2165489507704,1.13229942603911
2004,12,31,0.879404306411743,1.13686837721616e-13,0.464989099833474,6.10543368517858,15.3669207819594
2005,1,1,2.43510293960571,0,1.6525410782815,8.46088708345417,7.74411928880323
2005,1,2,3.29511976242065,-1.13686837721616e-13,2.85536827324904,9.69297707819896,4.52919770415646
2005,1,3,25.4861373901367,0,14.3698182578773,4.22998132864871,24.2635591294096
2005,1,4,29.4590682983398,2.27373675443232e-13,27.4725054111368,-1.25055521493778e-12,15.9735097601946
2005,1,5,45.1849822998047,-1.13686837721616e-13,37.3219785045403,-1.47792889038101e-12,31.1382342160756
2005,1,6,43.613166809082,-4.54747350886464e-13,44.3992459164729,0,36.9008295093104
2005,1,7,0.755843222141266,3.41060513164848e-13,22.2107969884783,1.13686837721616e-13,6.57138059754843
2005,1,8,9.061279296875,-1.13686837721616e-13,4.86880826081324,0,5.56039896715636
2005,1,9,1.33784568309784,0,5.20525202949648,0,4.5494173367643
2005,1,10,0.633291125297546,0,0.985597055321705,0,3.0329448911762
2005,1,11,7.11393404006958,0,3.48638787034361,0,6.0658897823524
2005,1,12,22.1012916564941,0,14.5893754260578,0,10.9186016082343
2005,1,13,8.83278846740723,0,15.4973241882071,0,7.57225241163657
2005,1,14,19.6906299591064,1.13686837721616e-13,13.1147293373215,2.27373675443232e-13,9.60432548872463
2005,1,15,0.0839990228414536,0.0415862892940595,9.94218043961882,-1.13686837721616e-13,3.51821607376439
2005,1,16,3.40101647377014,1.73898548868453,0,0,2.23426940316647
2005,1,17,0.268171697854996,1.95764620194802,0,0,1.31427611950969
2005,1,18,0.00409888103604317,0.152106642094509,0,0,0.960432548872463
2005,1,19,0.314414143562317,0.135437352998906,0,1.13686837721616e-13,1.01098163039207
2005,1,20,1.0017786026001,0.207610101747377,0.44489277361572,-1.13686837721616e-13,1.01098163039207
2005,1,21,5.08518552780151,2.32889387259638,0.499825011680514,0,0.889663834745018
2005,1,22,0.187451779842377,3.16140144573103,0,0,0.505490815196033
2005,1,23,0.68145751953125,0.412985366576777,0,0,0.444831917372509
2005,1,24,0.0244502872228622,0.384727677968044,0,0,0.444831917372509
2005,1,25,0.0068052732385695,0.014458147305163,0.00278112243540818,0,0.505490815196033
2005,1,26,0.0401424206793308,0,0.0233021807507612,0,0.60658897823524
2005,1,27,0.00622142385691404,0.00294474137103862,0.0211421002350107,0,0.404392652156826
2005,1,28,0.00626735016703606,0.0062402994550439,0,1.13686837721616e-13,0.252745407598017
2005,1,29,0.866756975650787,0.310194371903208,0.106952398928115,-2.27373675443232e-13,0.45494173367643
2005,1,30,3.11389851570129,0.337677850031469,1.59569057995031,0,0.515600631499954
2005,1,31,0.00165672914590687,0.000532690528984858,1.56456734554013,1.13686837721616e-13,0.46505154998035
2005,2,1,0.00386836379766464,0.000946161288879921,0.00181406177216559,0,0.434722101068588
2005,2,2,0.0565755032002926,0.00112426015573419,0.0285748495080043,0,0.424612284764668
2005,2,3,1.45228838920593,0.00074278024862906,0.7313092780023,0,0.424612284764668
2005,2,4,0.0047822268679738,0,0.800135867601057,0.0376168984853393,0.434722101068588
2005,2,5,0.000854231358971447,2.27373675443232e-13,0.00296786143735517,1.21186062590743,0.505490815196033
2005,2,6,0.143231779336929,0,0.0715473888267297,3.61663248272123,0.707687141274446
2005,2,7,4.0793309211731,0,2.09468218169786,5.39278591761899,1.12218960973519
2005,2,8,12.4567880630493,0,8.26799828501316,1.03375710448529,5.62105786497989
2005,2,9,1.48930191993713,0,6.9756797282389,0,3.47777680854871
2005,2,10,1.22511613368988,0.130381294801509,1.22685556955548,-1.13686837721616e-13,2.28481848468607
2005,2,11,0.0346944145858288,0.136641991355759,0.501123637150158,1.13686837721616e-13,1.47603318037242
2005,2,12,0.0391659699380398,0.00482268155144539,0.0319846169913944,0.272809127109213,1.19295832386264
2005,2,13,2.15472197532654,0,1.09006870610028,0,1.08175034451951
2005,2,14,12.0641813278198,-1.13686837721616e-13,6.94609023978046,0,3.78107129766633
2005,2,15,1.37829387187958,1.13686837721616e-13,6.72133644778296,1.13686837721616e-13,3.36656882920558
2005,2,16,6.29362487792969,0,3.74660784955631,-1.13686837721616e-13,2.31514793359783
2005,2,17,0.0120765147730708,0,3.16996231775556,0,1.75910803688219
2005,2,18,0.00771371275186539,0.00168847696352259,0.00820698566531064,0,1.29405648690184
2005,2,19,0.00655234698206186,0.00376136005945682,0.00339096553943818,0,1.03120126299991
2005,2,20,1.37398815155029,0.0020958013614063,0.684898366707785,0.00840144796814002,0.930103099960701
2005,2,21,2.28376579284668,0,1.77876579229633,2.27373675443232e-13,0.930103099960701
2005,2,22,0.00905564893037081,0,1.16391169236158,0,0.788565671705811
2005,2,23,0.021489167585969,0,0.0152345918104402,0,0.707687141274446
2005,2,24,1.66281425952911,0,0.829586267198465,0,0.697577324970526
2005,2,25,0.414670288562775,0.0366550398116488,1.00757914145288,0,0.667247876058764
2005,2,26,0.0799966305494309,0.0370391066252296,0.210559673374519,0.0855324163574096,0.61669879453916
2005,2,27,0.0303034465759993,0,0.0568678342060593,0,0.576259529323478
2005,2,28,1.52477419376373,0,0.774377923673455,0,0.626808610843081
2005,3,1,4.15961790084839,0.0557990504347572,2.78620413471435,0,0.697577324970526
2005,3,2,0.610499739646912,0.347470846005535,2.13424182567906,0,0.626808610843081
2005,3,3,0.114428453147411,0.36935183882872,0.00382887962041423,0,0.556039896715636
2005,3,4,0.120812647044659,0.0540362041135722,0.0635349305630371,0,0.556039896715636
2005,3,5,0.589658200740814,0,0.355095202394296,0.844821586795547,0.566149713019557
2005,3,6,0.0581336729228497,-1.13686837721616e-13,0.332643717989413,0,0.505490815196033
2005,3,7,0.60087114572525,0,0.296062509860349,0,0.515600631499954
2005,3,8,0.505534410476685,1.13686837721616e-13,0.554385961007938,0,0.515600631499954
2005,3,9,0.0282136853784323,0.00922890584945435,0.258059919717198,0,0.434722101068588
2005,3,10,0.0831719189882278,0.0337479135039303,0.0218763485063391,0,0.414502468460747
2005,3,11,1.73700439929962,0.0245416989596379,0.885526041849516,-1.13686837721616e-13,0.434722101068588
2005,3,12,1.8837114572525,-1.13686837721616e-13,1.81076846360884,1.13686837721616e-13,0.434722101068588
2005,3,13,0.30418935418129,0.0455338907789837,1.18123083230239,-1.13686837721616e-13,0.394282835852906
2005,3,14,0.00320991571061313,0.0556434533253878,0.0996620602454641,0,0.353843570637223
2005,3,15,0.000736330461222678,0.00034008451052614,0.00169707695022225,0,0.333623938029382
2005,3,16,4.59203474747483e-05,-1.13686837721616e-13,0.000435973874118645,0.200189781967765,0.323514121725461
2005,3,17,0.00228255591355264,1.13686837721616e-13,0.00113804864668055,0,0.323514121725461
2005,3,18,0.000261590874288231,0,0.00120024395437213,0,0.333623938029382
2005,3,19,0.984000504016876,0,0.394454395231151,0,0.323514121725461
2005,3,20,2.0435631275177,0,1.41051090595283,0,0.323514121725461
2005,3,21,0.00605479953810573,0,1.31710373673559,0,0.30329448911762
2005,3,22,1.01536953449249,0,0.608253973601677,0,0.293184672813699
2005,3,23,9.00472450256348,0,3.96457088837269,0,0.535820264107795
2005,3,24,3.15754365921021,-3.41060513164848e-13,6.08345704538442,0,0.667247876058764
2005,3,25,3.10839200019836,0,3.13296889732737,0,0.545930080411716
2005,3,26,2.10590696334839,-1.13686837721616e-13,2.62004412195529,0,0.485271182588192
2005,3,27,1.63280618190765,1.13686837721616e-13,1.89682203986376,0,0.444831917372509
2005,3,28,22.810245513916,-2.27373675443232e-13,12.1044220786716,0,7.19818920839151
2005,3,29,3.92536473274231,-2.27373675443232e-13,13.3688077171646,0,5.96479161931319
2005,3,30,0.247962400317192,0,2.20760119063561,0,2.90151727922523
2005,3,31,1.90148508548737,0,1.0608465204059,0,1.83998656731356
2005,4,1,0.39900815486908,0,1.16034956528529,0,1.273836854294
2005,4,2,4.80895805358887,0,2.57404074451551,0,1.18284850755872
2005,4,3,0.677706241607666,0,2.81699676940843,0,1.05142089560775
2005,4,4,2.18167565435579e-06,-1.13686837721616e-13,0.355215523712104,0,0.899773651048939
2005,4,5,0.00118125730659813,0,0.000572402685065754,0,0.808785304313653
2005,4,6,0.320304930210114,1.13686837721616e-13,0.156106716869544,0,0.727906773882288
2005,4,7,7.86402034759522,0,3.77336584349905,0,0.960432548872463
2005,4,8,1.91455769538879,0,4.96886590659778,0,0.960432548872463
2005,4,9,0.000603299238719046,0,1.03971879368328,0,0.75823622279405
2005,4,10,0.00259112357161939,0,0.00166200561216101,0,0.677357692362684
2005,4,11,0.0640034526586533,0,0.0324705205530336,0,0.61669879453916
2005,4,12,2.61325073242188,0,1.2658308813152,0,0.60658897823524
2005,4,13,6.62209033966065,0,4.55033479131453,0,1.02109144669599
2005,4,14,2.55808544158936,0,4.64140406628212,0,0.778455855401891
2005,4,15,0.000186489691259339,0,1.39435366280668,0,0.60658897823524
2005,4,16,0.00294006359763443,0,0.00179531535832211,0,0.535820264107795
2005,4,17,0.0450165271759033,0,0.0298423302156152,1.13686837721616e-13,0.505490815196033
2005,4,18,0,0,0.0166717776519363,-1.13686837721616e-13,0.485271182588192
2005,4,19,0.000192521212738939,0,0.000112650490336819,0,0.46505154998035
2005,4,20,0.584753274917603,0,0.305752439780918,0,0.434722101068588
2005,4,21,6.38127374649048,1.13686837721616e-13,3.21141857909606,1.13686837721616e-13,0.45494173367643
2005,4,22,10.8827276229858,-1.13686837721616e-13,8.38319412771671,-1.13686837721616e-13,0.505490815196033
2005,4,23,30.3300457000732,-1.13686837721616e-13,20.6062743503389,0,3.97315780744082
2005,4,24,3.53624987602234,-4.54747350886464e-13,16.9528984553544,0,3.3766786455095
2005,4,25,0.340512931346893,0,1.9424166351746,0,1.89053564883316
2005,4,26,3.27881789207459,0,1.80510277859503,0,2.03207307708805
2005,4,27,11.0288038253784,0,7.12138670585046,0,3.81140074657809
2005,4,28,0.223838359117508,1.13686837721616e-13,5.66830548693179,1.13686837721616e-13,1.98152399556845
2005,4,29,0.899162292480469,-1.13686837721616e-13,0.528919998952915,-1.13686837721616e-13,1.43559391515673
2005,4,30,2.48661351203918,0,1.63820659230259,0,1.20306814016656
2005,5,1,0.13837243616581,1.13686837721616e-13,1.43984569220629,1.13686837721616e-13,0.990761997784225
2005,5,2,0.0309817641973496,-1.13686837721616e-13,0.0864444018698123,-1.13686837721616e-13,0.849224569529335
2005,5,3,0.00317642418667674,0,0.0186503664408519,0,0.748126406490129
2005,5,4,0.00685157114639878,1.13686837721616e-13,0.00531158755256911,0,0.667247876058764
2005,5,5,0.0014304923824966,0,0.00458945865102578,1.13686837721616e-13,0.60658897823524
2005,5,6,0.000581615779083222,-1.13686837721616e-13,0.00108476036984939,-1.13686837721616e-13,0.566149713019557
2005,5,7,0.0358950272202492,1.13686837721616e-13,0.013488210770447,0,0.556039896715636
2005,5,8,0.732704162597656,-1.13686837721616e-13,0.460189090772474,0,0.525710447803874
2005,5,9,0.0414872206747532,0,0.346891518282064,0,0.485271182588192
2005,5,10,0.136712819337845,0,0.0884036954121257,0,0.46505154998035
2005,5,11,2.4961109161377,0,1.28515384395359,0,0.45494173367643
2005,5,12,16.7466831207275,0,8.29489430779722,0,0.970542365176383
2005,5,13,3.70162415504456,0,10.2764852499786,0,0.839114753225415
2005,5,14,16.9614315032959,0,10.2275831977568,0,6.07599959865632
2005,5,15,9.26801204681396,0,13.4419747552711,0,5.55028915085244
2005,5,16,0.00845004618167877,1.13686837721616e-13,5.07698505479857,1.13686837721616e-13,2.43646572924488
2005,5,17,0.00522142648696899,-1.13686837721616e-13,0.00684539471694734,-1.13686837721616e-13,1.53669207819594
2005,5,18,0,0,0.00272936472538277,0,1.16262887495088
2005,5,19,3.00907707214355,1.13686837721616e-13,1.50309350016323,1.13686837721616e-13,1.00087181408815
2005,5,20,15.3116521835327,-1.13686837721616e-13,9.12681682680704,-1.13686837721616e-13,1.10196997712735
2005,5,21,0.0219099782407284,0,7.97139233647613,0,0.849224569529335
2005,5,22,0.891494810581207,1.13686837721616e-13,0.44561691670242,0,0.738016590186208
2005,5,23,1.45820939540863,-1.13686837721616e-13,1.17390652541508,0,0.687467508666605
2005,5,24,0.00525810243561864,0,0.776182498437265,0,0.60658897823524
2005,5,25,0.00133120431564748,0,0.00331621009900118,0,0.535820264107795
2005,5,26,0.0150859849527478,0,0.00758561027396354,0,0.495380998892112
2005,5,27,0.133117154240608,0,0.08883577987217,-1.13686837721616e-13,0.475161366284271
2005,5,28,3.71834444999695,1.13686837721616e-13,1.63859570233763,2.27373675443232e-13,0.475161366284271
2005,5,29,0.129006832838058,-1.13686837721616e-13,2.25776649401087,-2.27373675443232e-13,0.434722101068588
2005,5,30,2.74676942825317,0,1.07260857989604,1.13686837721616e-13,0.485271182588192
2005,5,31,2.60591554641724,0,2.6890269489304,0,0.485271182588192
2005,6,1,0.0182392932474613,-1.13686837721616e-13,1.38293230381532,-1.13686837721616e-13,0.414502468460747
2005,6,2,1.36778438091278,2.27373675443232e-13,0.663422514855483,2.27373675443232e-13,0.394282835852906
2005,6,3,1.26414060592651,-1.13686837721616e-13,1.32233123179321,0,0.384173019548985
2005,6,4,0.606338262557983,0,1.01682113060451,-1.13686837721616e-13,0.374063203245064
2005,6,5,0.000359228521119803,0,0.359502625135065,0,0.343733754333302
2005,6,6,2.00096273422241,1.13686837721616e-13,0.904449098001351,0,0.404392652156826
2005,6,7,0.00292700878344476,-1.13686837721616e-13,1.11684670465547,0,0.343733754333302
2005,6,8,0.116653323173523,0,0.047270688250137,0,0.30329448911762
2005,6,9,0.183948263525963,1.13686837721616e-13,0.158628224762651,0,0.283074856509778
2005,6,10,0.115191131830215,-1.13686837721616e-13,0.144371827373107,0,0.262855223901937
2005,6,11,4.64932107925415,0,2.14087213363018,0,0.566149713019557
2005,6,12,11.8621463775635,0,7.99935969856233,0,1.54680189449986
2005,6,13,28.8930950164795,0,20.374530071389,0,8.52257514420512
2005,6,14,1.33449602127075,0,15.1460600445607,0,2.33536756620567
2005,6,15,1.5581465959549,0,1.4429424787013,0,1.16262887495088
2005,6,16,0.481242507696152,0,1.0289277995762,0,0.727906773882288
2005,6,17,0.00256467424333096,0,0.246341301699431,0,0.535820264107795
2005,6,18,0.0185280628502369,0,0.0113153937454626,0,0.434722101068588
2005,6,19,0.00177637301385403,0,0.00891573353146669,0,0.363953386941144
2005,6,20,0.000976438343059272,0,0.00146581972148852,1.13686837721616e-13,0.31340430542154
2005,6,21,6.43467501504347e-05,0,0.000626415199803887,-1.13686837721616e-13,0.283074856509778
2005,6,22,0.00187544734217227,0,0.00122921937509091,0,0.262855223901937
2005,6,23,0,0,0.000688567088218406,0,0.232525774990175
2005,6,24,0.00205641542561352,0,0.00128903357472154,0,0.212306142382334
2005,6,25,0.579062104225159,0,0.347992366128892,0,0.192086509774493
2005,6,26,0.0612099319696426,0,0.324687278258352,0,0.171866877166651
2005,6,27,0.551653444766998,0,0.322916379700473,1.13686837721616e-13,0.212306142382334
2005,6,28,6.45797348022461,0,3.39444357885441,-1.13686837721616e-13,0.283074856509778
2005,6,29,4.44968128204346,0,5.54934107179724,0,0.171866877166651
2005,6,30,3.07226943969727,0,3.8327235398865,0,0.15164724455881
2005,7,1,11.229926109314,0,6.93489473499358,0,0.161757060862731
2005,7,2,0.063646599650383,0,5.68017510374557,0,0.131427611950969
2005,7,3,0.000179604874574579,0,0.0323510150992661,0,0.111207979343127
2005,7,4,0.00820504035800695,0,0.00333301745558856,0,0.0909883467352859
2005,7,5,0.280795603990555,1.13686837721616e-13,0.125552259847609,0,0.0808785304313653
2005,7,6,0.10359425842762,-1.13686837721616e-13,0.209573108291806,0,0.0738016590186208
2005,7,7,0.0341915264725685,0,0.0589887422283937,0,0.0657138059754843
2005,7,8,0.0987067446112633,0,0.0709442761872197,0,0.0586369345627398
2005,7,9,0.0103479651734233,0,0.0566163594703539,1.13686837721616e-13,0.111207979343127
2005,7,10,0.00543437385931611,0,0.00823633553955006,-1.13686837721616e-13,0.060658897823524
2005,7,11,0.935770094394684,0,0.427352893420903,0,0.0444831917372509
2005,7,12,9.75197887420654,0,5.29907468776219,0,0.061669879453916
2005,7,13,7.02807950973511,0,8.58026530504503,0,0.076834603909797
2005,7,14,2.96396541595459,0,5.10713948573903,0,0.0748126406490129
2005,7,15,2.09796524047852,0,2.57634673684515,0,0.0707687141274446
2005,7,16,13.8379650115967,0,6.44693090823785,0,0.252745407598017
2005,7,17,17.9331092834473,0,15.8567554707188,0,0.31340430542154
2005,7,18,3.04806184768677,0,10.9988967716017,0,0.31340430542154
2005,7,19,4.52284622192383,0,3.73435519370469,0,0.30329448911762
2005,7,20,0.307323008775711,0,2.65276498938329,0,0.262855223901937
2005,7,21,7.108154296875,-1.13686837721616e-13,3.04929056570109,0,0.161757060862731
2005,7,22,17.4312782287598,1.13686837721616e-13,12.2000401510195,0,0.161757060862731
2005,7,23,0.0449402257800102,0,8.79237487330101,0,0.434722101068588
2005,7,24,0.0294070579111576,0,0.0384097890782869,0,0.232525774990175
2005,7,25,0.0523172728717327,0,0.0399625685458886,0,0.141537428254889
2005,7,26,0.538827002048492,1.13686837721616e-13,0.288425117807492,1.13686837721616e-13,0.101098163039207
2005,7,27,5.78067541122437,-1.13686837721616e-13,3.05311959317987,-1.13686837721616e-13,0.101098163039207
2005,7,28,1.12385451793671,0,3.56674813230711,0,0.0960432548872463
2005,7,29,0.00762853818014264,0,0.489764438363636,0,0.076834603909797
2005,7,30,0.000170110986800864,0,0.00293445876377518,0,0.0636918427147002
2005,7,31,0.0149389673024416,1.13686837721616e-13,0.00678104681355762,0,0.0525710447803874
2005,8,1,1.71711019447685e-06,-1.13686837721616e-13,0.00827787827074644,0,0.0444831917372509
2005,8,2,0.00278296275064349,0,0.00113259472709615,0,0.0394282835852906
2005,8,3,0.000550727418158203,0,0.00132873287657276,0,0.0343733754333302
2005,8,4,0,0,0.000227401134907268,0,0.0293184672813699
2005,8,5,2.73067879676819,0,1.31680561863323,0,0.0394282835852906
2005,8,6,8.00634384155273,0,5.18459477298165,0,0.121317795647048
2005,8,7,9.02072334289551,0,8.59747641643844,0,0.111207979343127
2005,8,8,0.207250162959099,0,4.63133141499566,0,0.0707687141274446
2005,8,9,0.0539895594120026,0,0.120593327792449,0,0.0535820264107795
2005,8,10,1.86714947223663,0,0.942372250981862,0,0.0414502468460747
2005,8,11,2.79195117950439,0,2.38654705726003,0,0.0363953386941144
2005,8,12,1.61028480529785,0,2.15580901814974,0,0.0323514121725461
2005,8,13,0.0547657497227192,0,0.83432395595446,0,0.0283074856509778
2005,8,14,6.38946723937988,0,3.02468336343372,0,0.030329448911762
2005,8,15,5.60474920272827,0,6.05235445091967,0,0.0323514121725461
2005,8,16,4.52418613433838,0,5.0860229339778,0,0.0424612284764668
2005,8,17,1.68954610824585,0,3.14821259633027,-1.13686837721616e-13,0.0444831917372509
2005,8,18,2.30665922164917,1.13686837721616e-13,1.97879626262147,2.27373675443232e-13,0.0424612284764668
2005,8,19,18.8953418731689,-1.13686837721616e-13,10.599296916771,-1.13686837721616e-13,0.91999328365678
2005,8,20,2.18422651290894,-1.13686837721616e-13,11.1660461985812,0,0.556039896715636
2005,8,21,2.25278353691101,1.13686837721616e-13,2.21582194029907,0,0.212306142382334
2005,8,22,0.241288274526596,0,1.26560735777457,0,0.111207979343127
2005,8,23,0.00402553845196962,0,0.139783148079005,0,0.075823622279405
2005,8,24,0.000121346303785685,0,0.00212436263609561,0,0.0556039896715636
2005,8,25,0.551128208637238,0,0.266612589814031,0,0.0444831917372509
2005,8,26,5.24393081665039,0,2.55434913812132,0,0.0384173019548985
2005,8,27,0.84596711397171,1.13686837721616e-13,3.06069436268081,0,0.0374063203245064
2005,8,28,0.88274222612381,0,0.865804442833905,1.13686837721616e-13,0.0323514121725461
2005,8,29,0.0319665297865868,0,0.496729918908386,-1.13686837721616e-13,0.0293184672813699
2005,8,30,21.5904598236084,-1.13686837721616e-13,10.4848663699449,0,0.212306142382334
2005,8,31,55.3458786010742,-3.41060513164848e-13,38.395748607516,0,1.89053564883316
2005,9,1,0.279786318540573,-6.82121026329696e-13,27.8134743857954,0,0.849224569529335
2005,9,2,0.0377113781869411,0,0.162087581396918,-1.13686837721616e-13,0.31340430542154
2005,9,3,0.00642606988549233,1.13686837721616e-13,0.0231976534123532,1.13686837721616e-13,0.171866877166651
2005,9,4,0.00678463373333216,0,0.00658755535914679,0,0.111207979343127
2005,9,5,0.000772222527302802,0,0.00392570127951331,0,0.0859334385833256
2005,9,6,0.00745808146893978,0,0.00376724293528241,0,0.0687467508666605
2005,9,7,0.00741024687886238,-1.13686837721616e-13,0.00743692326796008,-1.13686837721616e-13,0.0576259529323478
2005,9,8,0.0673769488930702,0,0.0385185380364419,1.13686837721616e-13,0.0515600631499954
2005,9,9,1.22934675216675,1.13686837721616e-13,0.722997785971529,0,0.045494173367643
2005,9,10,0.0208132285624743,0,0.522537698972883,0,0.0414502468460747
2005,9,11,0.00749682448804379,1.13686837721616e-13,0.0153191183235322,1.13686837721616e-13,0.0404392652156826
2005,9,12,0.155901804566383,-1.13686837721616e-13,0.0806021531352599,-1.13686837721616e-13,0.0384173019548985
2005,9,13,0.169706270098686,0,0.162697950920119,-1.13686837721616e-13,0.0343733754333302
2005,9,14,4.35084438323975,0,2.0624721488457,1.13686837721616e-13,0.031340430542154
2005,9,15,2.50037932395935,0,3.6264802875703,0,0.030329448911762
2005,9,16,9.99471092224121,0,6.02093882160989,0,0.0333623938029382
2005,9,17,2.86536622047424,0,6.49121904018466,-1.13686837721616e-13,0.031340430542154
2005,9,18,0.00106700952164829,0,1.52685735989144,0,0.0272965040205858
2005,9,19,2.44499444961548,0,1.09974594253799,1.13686837721616e-13,0.0272965040205858
2005,9,20,18.8888320922852,0,9.75650562731607,0,0.060658897823524
2005,9,21,0.200762063264847,0,9.84418395821194,0,0.0889663834745018
2005,9,22,0.295957058668137,0,0.247387461266044,-1.13686837721616e-13,0.0899773651048939
2005,9,23,0.870589971542358,-1.13686837721616e-13,0.566656267055805,1.13686837721616e-13,0.0657138059754843
2005,9,24,3.86339354515076,1.13686837721616e-13,2.16585793882405,0,0.0535820264107795
2005,9,25,4.65056419372559,0,4.23558946881167,0,0.0505490815196033
2005,9,26,25.0477333068848,0,14.844527497251,0,0.323514121725461
2005,9,27,0.200179174542427,-1.13686837721616e-13,12.6243495231283,0,0.46505154998035
2005,9,28,1.07692766189575,1.13686837721616e-13,0.632359714454651,0,0.262855223901937
2005,9,29,5.19903564453125,0,3.11847689355636,0,0.181976693470572
2005,9,30,0.15750578045845,0,2.7367976350688,0,0.141537428254889
2005,10,1,6.86010389472358e-05,1.13686837721616e-13,0.0885189700966294,0,0.111207979343127
2005,10,2,0.00984656624495983,-1.13686837721616e-13,0.00482268111954909,0,0.0889663834745018
2005,10,3,0.00176177034154534,-1.13686837721616e-13,0.00584537603572244,0,0.076834603909797
2005,10,4,0.000882599269971252,1.13686837721616e-13,0.00132870109155192,1.13686837721616e-13,0.0657138059754843
2005,10,5,0.00121747679077089,-1.13686837721616e-13,0.00104545106660225,-2.27373675443232e-13,0.0576259529323478
2005,10,6,0.00606303429231048,1.13686837721616e-13,0.00385496105445782,1.13686837721616e-13,0.0535820264107795
2005,10,7,0.29989305138588,0,0.146098889843415,0,0.0545930080411716
2005,10,8,0.0114238550886512,0,0.14167844937765,0,0.0515600631499954
2005,10,9,0.06527229398489,0,0.0439388262748253,0,0.0495380998892112
2005,10,10,0.201247215270996,0,0.151024759918073,0,0.0424612284764668
2005,10,11,0.065503716468811,0,0.11923157468118,0,0.0384173019548985
2005,10,12,0.000101945341157261,0,0.0291644916505902,0,0.0363953386941144
2005,10,13,0.0154421543702483,0,0.00743194353708532,0,0.0333623938029382
2005,10,14,0.07795350253582,0,0.0446200232945557,0,0.031340430542154
2005,10,15,0.00354272150434554,-1.13686837721616e-13,0.0492608142121753,0,0.030329448911762
2005,10,16,0.000625147193204612,1.13686837721616e-13,0.00175714548822725,0,0.0283074856509778
2005,10,17,0,0,0.000269248539552791,0,0.0272965040205858
2005,10,18,0.00175862736068666,0,0.000935478878091089,0,0.0262855223901937
2005,10,19,0.213326618075371,-1.13686837721616e-13,0.096453101188672,-1.13686837721616e-13,0.0252745407598017
2005,10,20,3.76858425140381,1.13686837721616e-13,1.72547480131107,1.13686837721616e-13,0.0262855223901937
2005,10,21,12.5707836151123,0,7.93939724134543,0,0.0525710447803874
2005,10,22,7.27400827407837,0,9.92632590715948,0,0.0738016590186208
2005,10,23,1.85035419464111,0,4.73323602546225,0,0.0849224569529335
2005,10,24,7.94383525848389,0,4.79209839441683,0,0.0647028243450922
2005,10,25,1.60390961170197,0,4.77775153440962,0,0.0788565671705811
2005,10,26,0.148010060191154,1.13686837721616e-13,0.876516020052804,1.13686837721616e-13,0.0738016590186208
2005,10,27,0.0139077277854085,-1.13686837721616e-13,0.0828878681095375,-1.13686837721616e-13,0.0545930080411716
2005,10,28,0.00475691631436348,0,0.00945676332776202,0,0.0444831917372509
2005,10,29,9.9077378763468e-06,0,0.00250134941234137,0,0.0394282835852906
2005,10,30,0.0131265837699175,0,0.00644646407454275,0,0.0363953386941144
2005,10,31,0.118306368589401,0,0.0576446870363725,0,0.0343733754333302
2005,11,1,6.25628137588501,0,3.15105361748283,1.13686837721616e-13,0.0333623938029382
2005,11,2,1.61053466796875,1.13686837721616e-13,3.94453416501347,-1.13686837721616e-13,0.0333623938029382
2005,11,3,0.00143932155333459,-1.13686837721616e-13,0.907800964840135,0,0.0343733754333302
2005,11,4,0.00595486396923661,0,0.00326167925231857,-1.13686837721616e-13,0.0353843570637223
2005,11,5,0.665597558021545,0,0.319105167873204,1.13686837721616e-13,0.031340430542154
2005,11,6,7.38372564315796,0,3.89161606011112,0,0.0343733754333302
2005,11,7,0.251400619745255,0,4.00105274369707,0,0.0384173019548985
2005,11,8,1.77830231189728,0,1.03757098591086,0,0.0515600631499954
2005,11,9,0.0613673441112042,0,1.06830938337225,0,0.046505154998035
2005,11,10,0.0018616714514792,0,0.0354343096114462,0,0.0424612284764668
2005,11,11,0.00268251611851156,0,0.00223254922093474,0,0.0434722101068588
2005,11,12,0.407492697238922,0,0.195686086914066,0,0.0384173019548985
2005,11,13,1.22929167747498,0,0.799137224854349,0,0.0343733754333302
2005,11,14,2.04202604293823,-1.13686837721616e-13,1.63485824414238,0,0.0333623938029382
2005,11,15,30.9900531768799,1.13686837721616e-13,14.6870193824361,0,3.49799644115655
2005,11,16,21.3750095367432,-5.6843418860808e-13,26.1852207622942,0,8.10807267574437
2005,11,17,0.00216956483200192,0.000692665609562937,10.6908399040622,0,2.82063874879386
2005,11,18,6.10109782428481e-05,0.000716183991016806,0.000405608767323429,-1.13686837721616e-13,1.37493501733321
2005,11,19,0.000211368038435467,2.19292916199265e-05,0.000103443424450234,0.0097077720120069,0.899773651048939
2005,11,20,0.000511030026245862,0,0.000348471792676719,0,0.667247876058764
2005,11,21,0.00165972660761327,0,0.00105900814378401,0,0.535820264107795
2005,11,22,1.32027471065521,0,0.660386084062338,0,0.46505154998035
2005,11,23,0.66593599319458,0,0.993437187735253,0,0.404392652156826
2005,11,24,0.526994585990906,0,0.601035995819984,0,0.374063203245064
2005,11,25,0.00270494259893894,0.00114085312691259,0.304726127636968,0,0.31340430542154
2005,11,26,0.0190864186733961,0.00138271998764594,0.00932977074262453,0,0.262855223901937
2005,11,27,1.35798513889313,0,0.688535275057802,0.0161308948637497,0.252745407598017
2005,11,28,9.72447395324707,0,5.0038168054889,0,0.930103099960701
2005,11,29,14.7762813568115,0,12.1493978486615,0,4.46853880633293
2005,11,30,2.82707762718201,0,8.85096321362653,0,1.910755281441
2005,12,1,0.403041541576386,0,1.62908171338495,0,1.21317795647048
2005,12,2,0.709821999073029,0.354172226900118,0.201940250703046,0,0.889663834745018
2005,12,3,0.217215567827225,0.465192329286765,0,0,0.687467508666605
2005,12,4,1.29685044288635,0.344911562728157,0.385980761951942,0,0.626808610843081
2005,12,5,0.0347339622676373,0.267399270736746,0.41863219505467,0,0.505490815196033
2005,12,6,0.0314954519271851,0.0332372375122532,0,0,0.404392652156826
2005,12,7,0.0639428868889809,0.0460340687259304,0,0,0.323514121725461
2005,12,8,3.16681671142578,1.54566695547089,0,0,0.272965040205858
2005,12,9,10.7466945648193,6.39641223808133,0,0,0.262855223901937
2005,12,10,0.0310454815626144,5.75995829701799,0,0,0.252745407598017
2005,12,11,0.313478916883469,0.0781539519973649,0.0913896448182641,1.13686837721616e-13,0.242635591294096
2005,12,12,0.217499807476997,0.168722262273491,0.0976822844168055,-1.13686837721616e-13,0.242635591294096
2005,12,13,0.00415722094476223,0.117184767646904,0.00301843586203177,0,0.232525774990175
2005,12,14,0.67869108915329,0.0837075472473998,0.254728156247438,0,0.232525774990175
2005,12,15,7.20816564559937,0.0823568143471221,3.86040951893665,0,0.414502468460747
2005,12,16,4.83667469024658,0,6.03383172396207,0,0.859334385833256
2005,12,17,0.0356524810194969,0.0152260729523732,2.43573233835559,0,0.626808610843081
2005,12,18,0.0928118079900742,0.0666789066495994,0.00210653078829637,0,0.46505154998035
2005,12,19,0.548687517642975,0.282542668443625,0,0,0.374063203245064
2005,12,20,0.0043476433493197,0.286303508104993,0,0,0.30329448911762
2005,12,21,4.49211711384123e-06,0.00208129311135963,0,0,0.272965040205858
2005,12,22,0.00881348829716444,0.00255463045357374,0.00219366528835963,0,0.262855223901937
2005,12,23,7.64291908126324e-05,0.00294955075605685,0.00256371036084602,0.122659729314023,0.262855223901937
2005,12,24,0.792478144168854,-1.13686837721616e-13,0.392210325655469,1.8675301411397,0.424612284764668
2005,12,25,8.2860803604126,1.13686837721616e-13,4.52003651599807,2.99946262006688,3.49799644115655
2005,12,26,5.96479558944702,0,7.2934286970376,1.74508964034726,6.14676831278376
2005,12,27,0.0514279305934906,0,3.01080257087961,1.27905328841007,3.9630479911369
2005,12,28,1.30232608318329,0,0.634598609711247,3.81358713983536,3.43733754333302
2005,12,29,6.80731916427612,0,4.00985307161682,4.76027465750201,5.80303455845046
2005,12,30,0.879135131835938,0,3.89959878320951,0,3.77096148136241
2005,12,31,3.9909291267395,0,2.42986521739658,0,2.86107801400955
2006,1,1,0.327652752399445,0,2.16330655749334,0,2.01185344448021
2006,1,2,5.756920337677,0,2.96087700271892,0,1.83998656731356
2006,1,3,12.2191619873047,0,8.98799997947208,0,5.06501796826425
2006,1,4,0.350082665681839,0,6.28638673672685,0,3.63953386941144
2006,1,5,0.0150774512439966,0,0.18411544319315,0,2.01185344448021
2006,1,6,0,0,0.00769797943212325,0,1.41537428254889
2006,1,7,0.000567606650292873,1.13686837721616e-13,0.000291100423055468,0,1.16262887495088
2006,1,8,0.000756841676775366,0,0.000661706959363073,0,1.00087181408815
2006,1,9,0.166589379310608,-1.13686837721616e-13,0.0829185107286321,0,0.829004936921494
2006,1,10,1.71737670898438,0,0.93124817298667,0,0.727906773882288
2006,1,11,10.2759962081909,-1.13686837721616e-13,5.88927307995982,0,0.930103099960701
2006,1,12,0.912252426147461,0,5.5947002656394,0,1.57713134341162
2006,1,13,9.27890396118164,0,4.66270044253542,0,2.93184672813699
2006,1,14,10.1972017288208,0,9.73526677566042,0,5.19644558021522
2006,1,15,0.0081819100305438,0,5.1029398618266,0,2.57800315749977
2006,1,16,0.213764771819115,0,0.109994310409093,0,1.83998656731356
2006,1,17,8.309157371521,0,4.25904474571144,0,1.97141417926453
2006,1,18,11.744948387146,0,10.0266273192174,0,3.70019276723496
2006,1,19,0.995774745941162,0,6.38846568905865,0,2.54767370858801
2006,1,20,0.000491268408950418,0,0.528291330545471,0,2.81052893248994
2006,1,21,0.979779362678528,0,0.483881899468543,0,1.93097491404885
2006,1,22,0.507332801818848,0,0.788772827370849,0,1.45581354776458
2006,1,23,4.93911409378052,0,2.7210083394566,0,1.42548409885281
2006,1,24,0.066395528614521,1.13686837721616e-13,2.50439378109513,0,1.36482520102929
2006,1,25,0.0987569242715836,0,0.0791168933792505,0,1.18284850755872
2006,1,26,0.000144852529047057,-1.13686837721616e-13,0.052847019102046,0,0.960432548872463
2006,1,27,0.0494870245456696,0,0.0247281328847748,0,0.879554018441097
2006,1,28,0.378712594509125,0,0.214076711861708,0,0.849224569529335
2006,1,29,6.72927761077881,0,3.29118443066545,0,1.01098163039207
2006,1,30,3.8448977470398,0,5.37409914595992,0,1.19295832386264
2006,1,31,0.171014085412025,0,2.04302298581752,0,0.990761997784225
2006,2,1,0.00412147492170334,0,0.0959760071164055,0,0.869444202137177
2006,2,2,3.59163641929626,0,1.46182776361457,0,1.04131107930383
2006,2,3,14.4876642227173,0,8.67943050277245,0,4.12480505199963
2006,2,4,6.54746198654175,0,10.5176250580589,0,3.76085166505849
2006,2,5,3.81166934967041,0.961342064169571,4.23004197901537,0,3.77096148136241
2006,2,6,0.0882528275251389,1.02084338459417,0.954356640941114,0,2.17361050534294
2006,2,7,0.00077284750295803,0.0410433248824802,0.00610281408808078,0,1.64790005753907
2006,2,8,0.0643203034996986,0.0132752869533306,0.0174938590243983,0,1.39515464994105
2006,2,9,0.0471766516566277,0.0339438390574287,0.0229014338437992,0,1.24350740538224
2006,2,10,0.00773606821894646,0.0227333388705802,0.00507313767957385,0,1.15251905864696
2006,2,11,0.101394288241863,0.00132987704989773,0.0520418092819455,0,1.07164052821559
2006,2,12,0.935196816921234,0.0115815671192649,0.495999399758148,0,1.00087181408815
2006,2,13,0.480642080307007,0.12385786946777,0.588675890237937,0,0.899773651048939
2006,2,14,0.000305155466776341,0.127501079719991,0.141310149956553,0,0.839114753225415
2006,2,15,0.479880779981613,-5.6843418860808e-13,0.240086606750992,2.41186949562416,0.798675488009732
2006,2,16,2.97667360305786,0,1.70593874856786,0,0.798675488009732
2006,2,17,12.0094194412231,-1.13686837721616e-13,7.48197560201879,-1.13686837721616e-12,2.53756389228409
2006,2,18,0.445157051086426,0.220490787895301,6.06103257798532,0,1.97141417926453
2006,2,19,0.00907926913350821,0.22898614054634,0,0,1.29405648690184
2006,2,20,0.00337076582945883,0.00629841134252729,0,0,1.18284850755872
2006,2,21,0.00094605126651004,0.00151159385734445,0.000349207821273012,0,1.01098163039207
2006,2,22,0.0023208234924823,0.000226352221147863,0.00128681295245769,0.0011988344222118,0.889663834745018
2006,2,23,3.14245189656504e-05,0,0.00142076007978176,0.499454286296668,0.788565671705811
2006,2,24,0.0034783179871738,-1.13686837721616e-13,0.00213542629717267,0.0521881310653498,0.687467508666605
2006,2,25,0.00125097983982414,0,0.00260133919800865,0,0.647028243450922
2006,2,26,0.00021522433962673,1.19272626761813e-05,0.000848554816911928,0,0.60658897823524
2006,2,27,0.00251687946729362,1.16842420538887e-05,0.00165511228624382,0,0.566149713019557
2006,2,28,0.00550150219351053,0,0.00438208314517397,0,0.596479161931319
2006,3,1,0.00379404448904097,0,0.00486852613539668,0,0.566149713019557
2006,3,2,0.0886536613106728,0,0.0562039831675065,0,0.535820264107795
2006,3,3,0.000848814204800874,0,0.0397734294565453,0,0.495380998892112
2006,3,4,0.00751897925511003,-1.13686837721616e-13,0.00401119263551664,-2.27373675443232e-13,0.444831917372509
2006,3,5,0.23515547811985,1.13686837721616e-13,0.110334506876825,2.27373675443232e-13,0.434722101068588
2006,3,6,2.26203513145447,1.13686837721616e-13,1.2356497828514,0,0.45494173367643
2006,3,7,0.489567995071411,-1.13686837721616e-13,1.38053126561135,0,0.45494173367643
2006,3,8,5.1194281578064,0,2.65274868906999,0,1.09186016082343
2006,3,9,30.1893634796143,1.13686837721616e-13,17.5213831867623,0,5.10545723347993
2006,3,10,26.9397125244141,-2.27373675443232e-13,28.568977569641,0,10.2109144669599
2006,3,11,7.08904933929443,0,17.0252836489635,0,8.29004936921494
2006,3,12,42.0606689453125,-3.41060513164848e-13,24.5586437127931,0,11.3229942603911
2006,3,13,9.55203819274902,-1.13686837721616e-13,25.8161511953003,2.27373675443232e-13,14.1537428254889
2006,3,14,4.34527349472046,0,6.96180921640553,0,7.00610269861702
2006,3,15,0.00940229464322329,0,2.18899576006152,0,3.27558048247029
2006,3,16,0.116137035191059,-1.13686837721616e-13,0.0585789464421396,0,2.22415958686255
2006,3,17,0.532476425170898,1.13686837721616e-13,0.323043734908424,0,1.68833932275475
2006,3,18,0.00657810550183058,0,0.270708756303065,0,1.30416630320577
2006,3,19,0.0560746416449547,0,0.0312712331106013,0,1.13229942603911
2006,3,20,0.0095154196023941,0,0.0331687156976841,0,1.02109144669599
2006,3,21,9.06247806549072,0,4.37212326729059,0,0.990761997784225
2006,3,22,2.11943602561951,0.897808049164155,4.75854193867417,0,0.869444202137177
2006,3,23,0.00479172449558973,0.919393500471415,0.147745332786144,0,0.849224569529335
2006,3,24,0.472524434328079,-1.13686837721616e-13,0.211086761464685,0.637195750833826,0.879554018441097
2006,3,25,2.09590196609497,0,1.15430728947467,1.10788307720509,0.829004936921494
2006,3,26,0.292703241109848,0,1.25585765386495,0,0.748126406490129
2006,3,27,0.432319700717926,0,0.362436977327889,0,0.677357692362684
2006,3,28,2.99103617668152,0,1.7092801960207,0,0.677357692362684
2006,3,29,0.593347132205963,0,1.80837243541464,0,0.647028243450922
2006,3,30,0.0135583709925413,0,0.307381590399018,0,0.596479161931319
2006,3,31,3.36896991729736,0,1.49274410577709,0,0.778455855401891
2006,4,1,11.9154577255249,0,7.37779029998274,0,1.81976693470572
2006,4,2,0.68463259935379,-1.13686837721616e-13,6.30080872403414,0,1.33449575211753
2006,4,3,9.21893882751465,1.13686837721616e-13,4.82202319319549,0,1.89053564883316
2006,4,4,0.374629259109497,0,4.88999145308844,0,1.38504483363713
2006,4,5,0.0101371668279171,0,0.194798833566892,0,1.11207979343127
2006,4,6,2.70409464836121,0,1.33481625795321,0,1.35471538472537
2006,4,7,14.7901344299316,0,8.62259735486441,0,4.31689156177412
2006,4,8,4.23818969726563,1.13686837721616e-13,9.51461215843301,0,3.48788662485263
2006,4,9,0.00811534188687801,-1.13686837721616e-13,2.124618518028,0,1.82987675100964
2006,4,10,0.00336033711209893,0,0.005775068042567,0,1.38504483363713
2006,4,11,0.0437358133494854,0,0.022485269826575,0,1.15251905864696
2006,4,12,0.00264974520541728,0,0.0246698403607297,0,1.00087181408815
2006,4,13,0.787625372409821,0,0.375442767715867,0,0.889663834745018
2006,4,14,17.675989151001,0,8.72348189532931,0,2.35558719881351
2006,4,15,13.6337060928345,0,15.6798333082952,0,16.1757060862731
2006,4,16,2.52969598770142,0,8.82945615983408,0,4.52919770415646
2006,4,17,15.1035633087158,0,8.58988267459063,0,9.97838869196969
2006,4,18,1.03884398937225,1.13686837721616e-13,8.9328118876183,0,3.81140074657809
2006,4,19,1.08576989173889,-1.13686837721616e-13,1.0615964102617,0,2.1533908727351
2006,4,20,0.487677812576294,0,0.801836562870449,0,1.47603318037242
2006,4,21,2.86736035346985,1.13686837721616e-13,1.58335166198958,0,1.1727386912548
2006,4,22,2.76375579833984,-1.13686837721616e-13,2.81639972788253,0,0.970542365176383
2006,4,23,0.229019120335579,1.13686837721616e-13,1.61562931310255,0,0.818895120617574
2006,4,24,0.02344767190516,-1.13686837721616e-13,0.138614033341582,0,0.707687141274446
2006,4,25,0.707727015018463,0,0.3381809158127,0,0.657138059754843
2006,4,26,4.80984783172607,0,3.05741740740268,0,0.60658897823524
2006,4,27,0.000684103055391461,0,2.75014899380039,0,0.525710447803874
2006,4,28,0.000597072241362184,0,0.0006442235353461,0,0.485271182588192
2006,4,29,0.404886901378632,0,0.186660977244173,0,0.434722101068588
2006,4,30,6.75250291824341,0,3.48219533325027,0,0.475161366284271
2006,5,1,11.644401550293,0,9.06811895752617,0,0.61669879453916
2006,5,2,18.0910797119141,-1.13686837721616e-13,14.8671880353359,0,3.56876515528399
2006,5,3,0.879535436630249,0,9.5083680029893,0,3.04305470748012
2006,5,4,1.5577267408371,1.13686837721616e-13,1.19923275327164,0,1.910755281441
2006,5,5,0.0435530468821526,0,0.821331147370074,0,1.67822950645083
2006,5,6,0.0100369239225984,0,0.0269271331453638,0,1.07164052821559
2006,5,7,0.0037373062223196,0,0.00695006432943046,0,0.829004936921494
2006,5,8,0.00261422619223595,0,0.00311959547252627,0,0.707687141274446
2006,5,9,0.0010876851156354,0,0.0018808278873621,0,0.626808610843081
2006,5,10,4.79581165313721,0,2.18988085373348,0,1.38504483363713
2006,5,11,27.526762008667,0,16.1347640623571,0,19.7141417926453
2006,5,12,8.68270683288574,0,18.1088448194387,0,7.23862847360719
2006,5,13,5.70185279846191,1.13686837721616e-13,7.33221200401749,0,5.19644558021522
2006,5,14,5.24671792984009,-1.13686837721616e-13,5.48392565753602,0,3.82151056288201
2006,5,15,2.39297437667847,0,3.91571774669501,0,2.87118783031347
2006,5,16,1.29177987575531,0,1.85587165187826,0,1.97141417926453
2006,5,17,4.20795202255249,0,2.74621141365424,0,1.52658226189202
2006,5,18,17.3357448577881,0,10.2793387687052,0,5.66149713019557
2006,5,19,5.33781242370606,0,11.337087415006,0,5.35820264107795
2006,5,20,0.110658384859562,0,2.73822583151559,0,2.35558719881351
2006,5,21,0,0,0.0630461946675496,0,1.49625281298026
2006,5,22,0,0,0,0,1.10196997712735
2006,5,23,0.00353355170227587,-1.13686837721616e-13,0.00174651764973532,0,0.889663834745018
2006,5,24,0.987159669399261,1.13686837721616e-13,0.484621180570684,0,0.788565671705811
2006,5,25,10.3317642211914,0,4.98162603860328,0,1.87031601622532
2006,5,26,8.57175827026367,0,9.4535332919113,0,3.80129093027417
2006,5,27,0.138435080647469,1.13686837721616e-13,4.42802733437929,0,1.42548409885281
2006,5,28,0.324115991592407,-1.13686837721616e-13,0.229812216810387,0,0.940212916264621
2006,5,29,0.0412671938538551,0,0.18577768544128,0,0.75823622279405
2006,5,30,0.287056982517242,0,0.170568610512419,0,0.75823622279405
2006,5,31,3.39894890785217,0,1.80390638650715,0,0.636918427147002
2006,6,1,4.0654730796814,0,3.70976823567253,0,1.25361722168616
2006,6,2,22.8189544677734,0,13.4418813652992,0,4.93359035631328
2006,6,3,3.59914946556091,0,13.2472614334074,0,3.30590993138206
2006,6,4,0.000439182331319898,0,1.91939871777868,0,1.50636262928418
2006,6,5,0.000820781977381557,0,0.000614696731645381,0,0.990761997784225
2006,6,6,0.00199995702132583,0,0.00134441914269701,0,0.75823622279405
2006,6,7,1.52538895606995,0,0.755968139277684,0,1.77932766949004
2006,6,8,7.41258001327515,0,4.45894932205556,0,1.55691171080378
2006,6,9,0.104591704905033,0,3.75975240925254,0,0.778455855401891
2006,6,10,2.12052869796753,0,1.07291620337492,0,0.636918427147002
2006,6,11,21.1686782836914,0,11.6417437039054,0,1.73888840427435
2006,6,12,0.691269814968109,0,10.9589096503223,0,1.26372703799008
2006,6,13,0.0119934920221567,0,0.36523923160712,0,0.788565671705811
2006,6,14,0.0400413908064365,0,0.0258717984143004,0,0.626808610843081
2006,6,15,1.47360060509527e-05,0,0.0209367917341297,0,0.535820264107795
2006,6,16,0.0104682631790638,-1.13686837721616e-13,0.00509696917288238,0,0.45494173367643
2006,6,17,0.134460955858231,1.13686837721616e-13,0.0632297589945665,0,0.404392652156826
2006,6,18,3.09763956069946,0,1.58979814801205,0,0.394282835852906
2006,6,19,11.0202569961548,-1.13686837721616e-13,6.91962262828019,0,3.92260872592122
2006,6,20,8.03718662261963,1.13686837721616e-13,9.55643225686435,0,4.51908788785254
2006,6,21,1.33487844467163,0,4.91552523211794,0,1.64790005753907
2006,6,22,2.48386573791504,0,1.90492961656855,0,0.980652181480304
2006,6,23,18.8034400939941,0,10.6118878460984,0,0.738016590186208
2006,6,24,2.1554868221283,0,11.0352440916467,0,0.647028243450922
2006,6,25,0.0150079820305109,-1.13686837721616e-13,1.15454422918629,0,0.535820264107795
2006,6,26,1.77768766880035,1.13686837721616e-13,0.769258955107944,0,0.46505154998035
2006,6,27,3.99289393424988,1.13686837721616e-13,2.8505784481531,0,0.424612284764668
2006,6,28,1.82204532623291,-1.13686837721616e-13,2.90889399966181,0,0.363953386941144
2006,6,29,4.63697910308838,0,3.18232613329747,0,0.374063203245064
2006,6,30,0.0218359623104334,0,2.36837427537466,0,0.343733754333302
2006,7,1,0.213781073689461,0,0.119852062489372,0,0.30329448911762
2006,7,2,0.00845534075051546,0,0.0962786991876783,0,0.262855223901937
2006,7,3,0.22550243139267,0,0.110860109311034,0,0.242635591294096
2006,7,4,1.77691602706909,0,0.943798369378783,0,0.222415958686255
2006,7,5,6.33562755584717,0,3.87783597871021,0,0.222415958686255
2006,7,6,0.0196644496172667,0,3.319046194978,0,0.202196326078413
2006,7,7,1.39591293191188e-05,0,0.0111766913287283,0,0.171866877166651
2006,7,8,0.000855804770253599,0,0.000389253978937631,0,0.15164724455881
2006,7,9,0.0699107870459557,0,0.0314844543754589,0,0.141537428254889
2006,7,10,0.0470167845487595,0,0.0592797587560199,0,0.131427611950969
2006,7,11,9.00898170471191,0,3.64360369998394,0,0.202196326078413
2006,7,12,23.5246658325195,0,15.8100215031191,0,1.00087181408815
2006,7,13,7.28903293609619,0,15.4235821125694,0,0.46505154998035
2006,7,14,0.528792798519135,0,4.06366298696594,0,0.31340430542154
2006,7,15,1.79035568237305,0,1.10481565122609,0,0.232525774990175
2006,7,16,0.001534583279863,1.13686837721616e-13,0.974928807747347,0,0.192086509774493
2006,7,17,0.0246906969696283,-1.13686837721616e-13,0.0142024320994096,0,0.15164724455881
2006,7,18,0,-1.13686837721616e-13,0.0118077543047548,0,0.131427611950969
2006,7,19,1.96187448501587,1.13686837721616e-13,0.897262675978709,0,0.111207979343127
2006,7,20,0.148016333580017,0,1.17192191512731,0,0.0980652181480304
2006,7,21,7.61364459991455,0,3.53669051480756,0,0.0970542365176383
2006,7,22,28.565279006958,0,17.497399797765,0,11.3229942603911
2006,7,23,0.582805454730988,-1.13686837721616e-13,14.6047414457753,0,2.69932095314682
2006,7,24,0.0135693475604057,1.13686837721616e-13,0.3299680260061,0,0.899773651048939
2006,7,25,4.5154316467233e-05,-1.13686837721616e-13,0.00718357410733006,0,0.505490815196033
2006,7,26,0,0,2.47141651925631e-05,0,0.353843570637223
2006,7,27,3.45944285392761,1.13686837721616e-13,1.7181269455541,0,0.475161366284271
2006,7,28,19.7718181610107,0,11.6087175129069,0,3.85184001179377
2006,7,29,3.4021315574646,0,11.7276203411384,0,2.51734425967624
2006,7,30,0.0129149295389652,0,1.89746494646533,0,0.839114753225415
2006,7,31,1.78061711788178,0,0.847497314600332,0,0.515600631499954
2006,8,1,0.313838064670563,0,1.1117913467242,0,0.363953386941144
2006,8,2,0.00546113541349769,0,0.177335477896122,0,0.283074856509778
2006,8,3,0.871907889842987,0,0.431968507058627,0,0.232525774990175
2006,8,4,9.61714267730713,0,5.0068534703023,0,0.242635591294096
2006,8,5,0.132002055644989,0,4.87730341043061,0,0.192086509774493
2006,8,6,0.000590350013226271,-1.13686837721616e-13,0.0624592670574202,0,0.161757060862731
2006,8,7,0.489031314849854,1.13686837721616e-13,0.244490243632754,0,0.131427611950969
2006,8,8,0.637262105941773,0,0.57593206544334,0,0.121317795647048
2006,8,9,1.68297731876373,0,1.06462533244849,0,0.101098163039207
2006,8,10,2.14465260505676,0,1.88768160724794,0,0.121317795647048
2006,8,11,9.63639163970947,0,5.59878226683941,0,0.15164724455881
2006,8,12,2.70073390007019,0,6.17463502463579,0,0.15164724455881
2006,8,13,0.0194242633879185,1.13686837721616e-13,1.42815328816505,0,0.121317795647048
2006,8,14,1.2033976316452,0,0.544703746967571,0,0.121317795647048
2006,8,15,9.25399112701416,-1.13686837721616e-13,5.19619559995772,0,0.394282835852906
2006,8,16,0.136249825358391,0,4.71167496469207,0,0.252745407598017
2006,8,17,0.042695477604866,0,0.0910131623822963,0,0.131427611950969
2006,8,18,0.936232924461365,-1.13686837721616e-13,0.443591309980548,0,0.091999328365678
2006,8,19,1.16589796543121,1.13686837721616e-13,1.04164710010809,0,0.0778455855401891
2006,8,20,0.18852162361145,0,0.723123792504339,0,0.0687467508666605
2006,8,21,0.178569629788399,0,0.18382426288008,0,0.0596479161931319
2006,8,22,0.0128242559731007,0,0.111007004790736,0,0.0525710447803874
2006,8,23,5.58202445972711e-05,0,0.00464568632014561,0,0.0475161366284271
2006,8,24,0.0129090957343578,0,0.00747995369965793,0,0.0424612284764668
2006,8,25,0.000646947009954602,0,0.00685336865353747,0,0.0404392652156826
2006,8,26,1.8911041021347,0,0.894860666136083,0,0.0384173019548985
2006,8,27,27.247184753418,0,11.4425413306126,0,0.192086509774493
2006,8,28,24.8812732696533,0,26.0649472318146,0,3.6193142368036
2006,8,29,17.0213851928711,0,20.9514626667951,0,2.84085838140171
2006,8,30,0.0702902004122734,0,8.61231529137876,0,0.808785304313653
2006,8,31,1.67680156230927,0,0.727362773275672,0,0.414502468460747
2006,9,1,0.833851039409638,0,1.32873818937514,0,0.272965040205858
2006,9,2,0.376333951950073,0,0.608689566666726,0,0.212306142382334
2006,9,3,0.0698898136615753,0,0.232514302420896,0,0.171866877166651
2006,9,4,0.0126183507964015,0,0.0433027207218402,0,0.141537428254889
2006,9,5,1.67506647109985,0,0.830374307937746,0,0.121317795647048
2006,9,6,2.29779243469238,0,1.97820828591648,0,0.111207979343127
2006,9,7,0.00227086944505572,-1.13686837721616e-13,1.24157742152966,0,0.0940212916264622
2006,9,8,0.0275656115263701,1.13686837721616e-13,0.0140296502249839,0,0.0829004936921494
2006,9,9,0.100068986415863,0,0.0623208612450981,0,0.0748126406490129
2006,9,10,0.0332824066281319,0,0.0682452460678178,0,0.0657138059754843
2006,9,11,0.878692626953125,0,0.454732130121556,0,0.0596479161931319
2006,9,12,13.6098203659058,0,6.44944549042702,0,8.20917083878358
2006,9,13,28.1209907531738,0,20.8638419555973,0,5.20655539651914
2006,9,14,1.79295480251312,0,14.9598960918192,0,1.77932766949004
2006,9,15,0.0906209871172905,0,1.08438746704996,0,0.889663834745018
2006,9,16,0.0128431618213654,0,0.0530763263413974,0,0.566149713019557
2006,9,17,0.0832820534706116,0,0.0459166471664503,0,0.414502468460747
2006,9,18,4.78851795196533,-1.13686837721616e-13,2.38031841399788,0,0.363953386941144
2006,9,19,9.84238243103027,1.13686837721616e-13,7.14245528973333,0,0.404392652156826
2006,9,20,0.036082673817873,0,5.14671772281872,0,0.384173019548985
2006,9,21,0.065776638686657,0,0.0535069908946753,0,0.31340430542154
2006,9,22,5.42779159545898,0,2.51979500144807,0,0.293184672813699
2006,9,23,15.9145641326904,1.13686837721616e-13,10.6250244527801,0,1.77932766949004
2006,9,24,6.00885105133057,-1.13686837721616e-13,10.9809702425227,0,2.4971246270684
2006,9,25,0.0698284730315208,0,3.4237169993321,0,1.21317795647048
2006,9,26,0.0130596198141575,0,0.0437114791166096,0,0.748126406490129
2006,9,27,1.13820123672485,-1.13686837721616e-13,0.572420237425831,0,0.556039896715636
2006,9,28,7.64432573318481,1.13686837721616e-13,4.04552045518358,0,0.45494173367643
2006,9,29,1.13515734672546,0,4.72595422331142,0,0.394282835852906
2006,9,30,0.14799664914608,0,0.702126900268922,0,0.343733754333302
2006,10,1,0.337187856435776,0,0.239967171615717,0,0.31340430542154
2006,10,2,0.517132878303528,0,0.421405702767515,0,0.272965040205858
2006,10,3,3.79278421401978,1.13686837721616e-13,2.14071831691763,0,0.283074856509778
2006,10,4,1.20239996910095,-1.13686837721616e-13,2.59986448778727,0,0.30329448911762
2006,10,5,3.07871198654175,0,2.11205950117073,0,0.30329448911762
2006,10,6,0.102121442556381,0,1.60826265398282,0,0.414502468460747
2006,10,7,0.000409800006309524,0,0.0567477253862307,0,0.363953386941144
2006,10,8,7.92836772234296e-07,0,0.000154915014718426,0,0.30329448911762
2006,10,9,0.00294022797606885,0,0.00126947864191607,0,0.283074856509778
2006,10,10,0.0153773073107004,1.13686837721616e-13,0.00820721631680499,0,0.262855223901937
2006,10,11,1.31515693664551,-1.13686837721616e-13,0.50827182465946,0,0.262855223901937
2006,10,12,3.20697212219238,0,2.09492098570627,0,0.272965040205858
2006,10,13,0.00896425638347864,1.13686837721616e-13,1.76074012356548,0,0.283074856509778
2006,10,14,0.00010412311530672,-1.13686837721616e-13,0.00503788388959947,0,0.272965040205858
2006,10,15,0.000431767839472741,0,0.000233959879551549,0,0.242635591294096
2006,10,16,5.00206518173218,0,2.28651795757469,0,0.283074856509778
2006,10,17,40.7252235412598,0,22.0834013192216,0,9.94805924305793
2006,10,18,0.718458294868469,0,20.8485551485974,0,5.05490815196033
2006,10,19,1.53443515300751,0,1.12067188741275,0,2.52745407598017
2006,10,20,7.51730298995972,0,4.33432627133516,0,2.7397602183625
2006,10,21,0.478598207235336,0,3.99809256327717,0,2.00174362817629
2006,10,22,0.120926715433598,0,0.280154214571667,0,1.39515464994105
2006,10,23,0.0321216620504856,0,0.0770180537765555,0,1.11207979343127
2006,10,24,0.00121231307275593,0,0.0189540032188233,0,0.869444202137177
2006,10,25,0.0139747057110071,0,0.00661936005417374,0,0.717796957578367
2006,10,26,1.45653462409973,0,0.660550252847315,0,0.647028243450922
2006,10,27,10.6999464035034,0,6.06210089220986,0,3.10371360530364
2006,10,28,20.1818065643311,0,15.4405697111906,0,7.9260959822738
2006,10,29,0.0893112123012543,0,10.137297078647,0,3.00261544226444
2006,10,30,5.51191351405578e-06,0,0.0458010361071501,0,1.75910803688219
2006,10,31,1.58121335506439,1.13686837721616e-13,0.789934025884577,0,1.38504483363713
2006,11,1,3.54601621627808,-1.13686837721616e-13,2.49246163336284,0,1.34460556842145
2006,11,2,0.459721088409424,0,2.15178217291032,0,1.11207979343127
2006,11,3,1.41444515975309e-05,0,0.243763496309839,0,0.899773651048939
2006,11,4,0.069160521030426,0,0.0343721793142322,0.00303509866625973,0.788565671705811
2006,11,5,0.0667696818709374,0,0.0679845038539497,0,0.727906773882288
2006,11,6,0.955889999866486,0,0.505838575405505,0,0.667247876058764
2006,11,7,11.2378425598145,0,5.95588804851286,0,1.4659233640685
2006,11,8,2.36271119117737,1.13686837721616e-13,6.8003766914444,0,2.1028417912155
2006,11,9,0.0288650188595057,-1.13686837721616e-13,1.22716960837715,0,1.39515464994105
2006,11,10,0.122068673372269,0,0.0750073694362072,0,1.07164052821559
2006,11,11,2.91409397125244,0,1.27426784614727,0,0.950322732568542
2006,11,12,0.325754016637802,0,1.63369924737344,0,0.829004936921494
2006,11,13,0.00309647130779922,0,0.166326180707983,0,0.748126406490129
2006,11,14,0.0895624682307243,0,0.0453738078285824,0,0.727906773882288
2006,11,15,4.97482347488403,0,2.53149729683719,0,0.950322732568542
2006,11,16,22.4678554534912,0,13.7125180834337,0,7.01621251492094
2006,11,17,1.76331090927124,1.13686837721616e-13,12.1172296116492,0,5.71204621171517
2006,11,18,0.00547572877258062,-1.13686837721616e-13,0.90250954557996,0,2.83074856509779
2006,11,19,0.202219799160957,0,0.117364188863576,0,1.87031601622532
2006,11,20,0.710580348968506,0,0.408161328388815,0,1.42548409885281
2006,11,21,0.000382467871531844,1.13686837721616e-13,0.358085404554004,0,1.1727386912548
2006,11,22,0.000215555468457751,-1.13686837721616e-13,0.00031206642233883,0,1.01098163039207
2006,11,23,0.00016900546324905,-1.13686837721616e-13,0.00018796170479618,0,0.909883467352859
2006,11,24,9.99287203740096e-06,1.13686837721616e-13,9.39337332965806e-05,0,0.808785304313653
2006,11,25,0.000143960874993354,0,7.41146104701329e-05,0,0.748126406490129
2006,11,26,0.00185891636647284,0,0.000999514075374464,0,0.697577324970526
2006,11,27,0.0453439652919769,0,0.0230719780411164,0,0.636918427147002
2006,11,28,0.0738000646233559,0,0.0587213485159737,0,0.60658897823524
2006,11,29,2.80490732192993,0,1.39426885210924,0,0.60658897823524
2006,11,30,9.19164943695068,0,5.53040748128478,0,2.84085838140171
2006,12,1,45.0737457275391,1.13686837721616e-13,24.9024719169538,2.27373675443232e-13,23.6569701511743
2006,12,2,4.17818737030029,-1.13686837721616e-13,24.6436295322455,-6.82121026329696e-13,5.79292474214654
2006,12,3,0.00267832889221609,0.00064092032073404,2.10178643582549,0,2.87118783031347
2006,12,4,0.00886405073106289,0.00499414478599647,0.000709670457581524,0,1.90064546513708
2006,12,5,0.000805520336143673,0.00491486591681678,3.63797880709171e-12,0,1.45581354776458
2006,12,6,5.85147404308373e-07,0.000408910682722308,2.88106093648821e-07,0,1.19295832386264
2006,12,7,0.16126324236393,0.0127428438083825,0.0677547435370798,0,1.01098163039207
2006,12,8,0.00713382428511977,0.0163364962163541,0.0679079223409644,0,0.788565671705811
2006,12,9,0.000482264149468392,0.00400550679319167,0,0,0.75823622279405
2006,12,10,0.000226211763219908,0.000289163639990875,9.05760971363634e-05,0.0614866020966929,0.707687141274446
2006,12,11,0,0,0.00011384525714675,0,0.657138059754843
2006,12,12,4.83406734466553,0,2.39953271506965,0,1.65800987384299
2006,12,13,14.5252180099487,0,9.63286019443694,0,5.21666521282306
2006,12,14,0.00695753842592239,0,7.26691622522048,0,2.63866205532329
2006,12,15,0.0239863246679306,-1.13686837721616e-13,0.0148749615727866,0,1.73888840427435
2006,12,16,0,1.13686837721616e-13,0.013330706369743,0,1.273836854294
2006,12,17,0.0163656212389469,1.13686837721616e-13,0.00810835253287223,0,1.06153071191167
2006,12,18,0.455235749483109,-1.13686837721616e-13,0.230154733661038,0,0.909883467352859
2006,12,19,0.0218880921602249,0,0.242447916276433,0,0.778455855401891
2006,12,20,0.62374347448349,0,0.32118281170915,0,0.717796957578367
2006,12,21,9.62820625305176,0,5.09699440217082,0,2.45668536185272
2006,12,22,19.4832534790039,0,14.5414788118396,0,8.45180643007767
2006,12,23,2.52252864837647,0,11.0399042675963,0,4.3573308269898
2006,12,24,0.00661507900804281,0,1.28011240177875,0,2.35558719881351
2006,12,25,2.5697603225708,0,1.28045279964863,0,1.97141417926453
2006,12,26,12.3476648330688,1.13686837721616e-13,7.43862421545782,0,5.32787319216619
2006,12,27,0.144868701696396,2.27373675443232e-13,6.83065969394374,2.27373675443232e-13,3.18459213573501
2006,12,28,0.000274226011242718,-2.27373675443232e-13,0.0735817637978471,0.0210314632179234,1.93097491404885
2006,12,29,2.01870243472513e-05,1.13686837721616e-13,0.000148946077388246,0,1.47603318037242
2006,12,30,0.347380340099335,-1.13686837721616e-13,0.172334247399704,0,1.25361722168616
2006,12,31,12.6342620849609,1.13686837721616e-13,6.48501677351669,0,8.68433220506785
2007,1,1,14.3629102706909,-3.41060513164848e-13,13.4964279706037,0,14.3559391515673
2007,1,2,0.0422953888773918,1.13686837721616e-13,7.28599557198322,0,3.78107129766633
2007,1,3,0.00014963821740821,0,0.0213527412888652,0,2.30503811729391
2007,1,4,0.969857752323151,0,0.480357151274802,0,1.78943748579396
2007,1,5,16.9877986907959,0,8.96544712115428,0,12.1317795647048
2007,1,6,12.5956058502197,0,14.7918700716255,0,10.0592672224011
2007,1,7,1.23934948444366,0,6.98372173960161,0,4.61007623458782
2007,1,8,7.4334979057312,-1.13686837721616e-13,4.19979606058041,-2.27373675443232e-13,5.90413272148967
2007,1,9,0.915284872055054,4.54747350886464e-13,4.17513272726865,0,3.04305470748012
2007,1,10,0.00268152169883251,0.00018486007706997,0.469302060391783,0,1.90064546513708
2007,1,11,0.0470507107675076,0.000193083648355241,0.0242195327409718,0,1.48614299667634
2007,1,12,3.1424822807312,-2.27373675443232e-13,1.35903892012357,0,1.32438593581361
2007,1,13,31.719108581543,-1.13686837721616e-13,17.4075850783083,0,27.7008966727426
2007,1,14,13.838171005249,-1.13686837721616e-13,22.7812157453045,0,12.0306814016656
2007,1,15,32.0923080444336,-2.27373675443232e-13,22.9638858133549,-4.54747350886464e-13,31.9470195203893
2007,1,16,5.04354858398438,-9.09494701772928e-13,18.7318022496947,-1.13686837721616e-12,8.57312422572472
2007,1,17,0.116160422563553,0.0504160650600625,2.85454248422684,0,3.29580011507814
2007,1,18,8.04472983872984e-06,0.0585331032245904,3.0284390959423e-06,0,2.2039399542547
2007,1,19,0.0074098170734942,9.80000095296418e-07,0.00367046988321818,0,1.70855895536259
2007,1,20,1.70634293556213,0.408860414582477,0.447939745659824,0,1.35471538472537
2007,1,21,6.48090028762817,1.10882086600247,2.95967667691002,0,1.23339758907832
2007,1,22,3.00031733512878,0.712261693533378,4.05122661425412,0,1.13229942603911
2007,1,23,0.38075065612793,0,1.69400747863256,0,1.03120126299991
2007,1,24,1.76902711391449,0.00706925311340001,1.06086270839296,0,0.970542365176383
2007,1,25,0.132259622216225,0.0603889644586388,0.893867639311793,0,0.869444202137177
2007,1,26,0.000660783902276307,0.0553753444505674,0.0130917798887822,0,0.798675488009732
2007,1,27,0.00786720868200064,0.000326392916917939,0.00364131139576784,0,0.869444202137177
2007,1,28,0.0843448489904404,0.0334640184237287,0.00474587501958013,0,1.05142089560775
2007,1,29,0.0590402968227863,0.0732075991269312,3.63797880709171e-12,0,0.859334385833256
2007,1,30,0.325901716947556,0.17189673124733,0,0,0.738016590186208
2007,1,31,0.093966893851757,0.239195998808782,0,0,0.667247876058764
2007,2,1,0.244867652654648,0.165345220124209,0,0,0.61669879453916
2007,2,2,0.160336077213287,0.205740080282339,0,0,0.556039896715636
2007,2,3,0.139857470989227,0.150662856643294,0,0,0.475161366284271
2007,2,4,0.00360016408376396,0.0762146642414336,0,0,0.485271182588192
2007,2,5,0.00230819778516889,0.00297265336143937,0,0,0.46505154998035
2007,2,6,2.20938777923584,0.929737368651331,0,0,0.424612284764668
2007,2,7,6.67673444747925,4.38187667959755,0,0,0.434722101068588
2007,2,8,0.261085420846939,3.5910496793008,0,0,0.414502468460747
2007,2,9,0.046739187091589,0.133309173622365,0,0,0.404392652156826
2007,2,10,0.0286748334765434,0.0379651177045162,0,0,0.374063203245064
2007,2,11,0.0203375350683928,0.0243686485187027,0,0,0.363953386941144
2007,2,12,0.740431845188141,0.354089597968141,-3.63797880709171e-12,0,0.363953386941144
2007,2,13,16.4624443054199,3.96630059917902,3.75635917548061,0,0.384173019548985
2007,2,14,16.4666118621826,12.2186083769222,4.24591143921498,0,0.374063203245064
2007,2,15,0.74898487329483,9.05042675931145,3.63797880709171e-12,0,0.363953386941144
2007,2,16,0.605905115604401,0.678892217972134,0,0,0.353843570637223
2007,2,17,2.36422562599182,1.32059536629527,0,0,0.343733754333302
2007,2,18,2.27072095870972,2.32141998231441,0,0,0.333623938029382
2007,2,19,0.132108569145203,1.24360712219868,0,0,0.323514121725461
2007,2,20,1.27909898757935,0.0725321170830284,0.576829951372929,0.390858511447959,0.626808610843081
2007,2,21,3.58043909072876,0,2.35857864029822,0.826305938026962,1.67822950645083
2007,2,22,0.690713405609131,0,2.13695206982084,0.390655579750728,3.57887497158791
2007,2,23,0.00091173272812739,0,0.348905628819921,0,3.14415287051933
2007,2,24,2.42936563491821,0.199945645279968,0.852969561838108,0,1.82987675100964
2007,2,25,22.9698925018311,0.244028665790211,11.8659148570077,0.490013742443125,15.9735097601946
2007,2,26,0.9723179936409,0,11.983468633578,1.00584240795479,11.2218960973519
2007,2,27,0.000293996243271977,0,0.502928517678811,0.502561814314049,4.13491486830355
2007,2,28,0.33382773399353,0,0.171227671638917,0,3.06327434008796
2007,3,1,7.05657005310059,0,3.0403584640153,1.20019179918677,10.3120126299991
2007,3,2,12.4730415344238,0,9.53483552289981,3.6977815628095,14.4570373146065
2007,3,3,0.262818604707718,0,6.4006444227125,2.32565641694782,3.64964368571536
2007,3,4,0.270036041736603,0.0944808078986625,0.171711404178495,0.0425868934648861,1.87031601622532
2007,3,5,0.00449610501527786,0.102481559265016,0.0363965058386384,0,1.32438593581361
2007,3,6,8.48958734422922e-05,0.000211998801205482,0.00210038992008776,0,1.05142089560775
2007,3,7,0,1.74457516095572e-05,2.20343063119799e-05,0,0.930103099960701
2007,3,8,6.33902454865165e-05,0,3.43493411492091e-05,0,0.808785304313653
2007,3,9,0.0294099822640419,0,0.0146485972873052,1.70150307251515,0.738016590186208
2007,3,10,0.435867607593536,0,0.229830053875048,5.47943947939416,0.717796957578367
2007,3,11,0.242573022842407,0,0.345926570080337,6.26096886766277,0.687467508666605
2007,3,12,0.000486926641315222,0,0.128754956498597,5.35342943035425,0.636918427147002
2007,3,13,0.22261144220829,0,0.109366437362041,9.12251592532152,0.636918427147002
2007,3,14,4.88959312438965,0,2.55565378550818,6.02419750872446,0.626808610843081
2007,3,15,28.4366226196289,-9.09494701772928e-13,16.6629187154977,0,1.910755281441
2007,3,16,2.47061419487,-2.27373675443232e-13,15.4692374552797,0,2.4465755455488
2007,3,17,0.000244090755586512,0,1.24630142669776,0,1.39515464994105
2007,3,18,7.22706590750022e-06,0,0.00012910063014715,0,1.03120126299991
2007,3,19,1.83686459064484,0,0.911506756568997,0,0.980652181480304
2007,3,20,7.98215007781982,0,4.28085468802601,0,1.40526446624497
2007,3,21,0.0393699519336224,0,4.01892363722072,0,1.1727386912548
2007,3,22,1.70998275279999,0,0.844108136960131,0,1.34460556842145
2007,3,23,18.3256778717041,0,9.97152963203553,0,1.66811969014691
2007,3,24,5.81252574920654,0,12.0725708222853,0,1.71866877166651
2007,3,25,0.865173101425171,0,3.65819160944011,0,1.50636262928418
2007,3,26,0.0116694690659642,0,0.486087623765343,0,1.2232877727744
2007,3,27,0.258628934621811,0,0.116778749485093,0,1.01098163039207
2007,3,28,4.61646366119385,0,2.34227611156894,0,1.04131107930383
2007,3,29,2.97432708740234,0,3.80087075065239,0,1.03120126299991
2007,3,30,0.399418592453003,0,1.81408686970462,0,0.899773651048939
2007,3,31,1.46901941299438,0,0.923939616805001,0,0.818895120617574
2007,4,1,13.207667350769,0,6.81018556081835,0,1.39515464994105
2007,4,2,0.401079088449478,0,7.68872568980441,0,1.12218960973519
2007,4,3,1.86667108535767,0,1.04771565453484,0,1.8096571184018
2007,4,4,15.3887844085693,0,8.61974262501462,0,3.94282835852906
2007,4,5,0.0295012574642897,0,7.73856602012893,0,1.89053564883316
2007,4,6,0.675052106380463,0,0.348511566455272,0,1.31427611950969
2007,4,7,0.0647060871124268,0.00448508669728653,0.366912953631982,0,1.05142089560775
2007,4,8,0.0172817073762417,0.00451039373183448,0.0364986100903479,0,0.869444202137177
2007,4,9,0.0158441867679358,0,0.0165638584330736,0.0181086748796133,0.76834603909797
2007,4,10,0.30516117811203,0,0.145943482362782,0,0.697577324970526
2007,4,11,6.02620315551758,0,2.57373537722378,0,0.909883467352859
2007,4,12,18.8133678436279,0,12.4197005075548,0,3.18459213573501
2007,4,13,0.365636557340622,0,9.59145851727226,0,1.70855895536259
2007,4,14,4.65532159805298,0,2.37049604082858,0,1.55691171080378
2007,4,15,7.73943328857422,0,6.19566835492515,0,2.38591664772528
2007,4,16,0.00621519749984145,0,3.87354177382076,0,1.5164724455881
2007,4,17,0.0138154830783606,0,0.00996098775067367,0,1.14240924234303
2007,4,18,0.956965565681458,0,0.477368749801826,0,1.00087181408815
2007,4,19,5.66323328018189,0,3.09986665709948,0,0.889663834745018
2007,4,20,0.998617649078369,0,3.34501564698076,0,1.11207979343127
2007,4,21,0.0189509820193052,0,0.51129921221218,0,0.869444202137177
2007,4,22,4.58143767900765e-05,0,0.00952877199961222,0,0.76834603909797
2007,4,23,0.152995139360428,0,0.0749679827713408,0,0.707687141274446
2007,4,24,2.24060392379761,0,1.15484428107447,0,0.677357692362684
2007,4,25,7.59899711608887,0,4.86812999995891,0,0.687467508666605
2007,4,26,10.8557300567627,0,9.18878106185002,0,3.69008295093104
2007,4,27,14.7345724105835,0,12.7944246050611,0,8.31026900182278
2007,4,28,0.345160454511642,0,7.56922676607064,0,3.00261544226444
2007,4,29,0.266130208969116,0,0.310547102992132,0,1.69844913905867
2007,4,30,0.0166413765400648,0,0.145170817086182,0,1.19295832386264
2007,5,1,0.0412731096148491,0,0.0273499373906816,0,0.930103099960701
2007,5,2,0.275806695222855,0,0.153217689752637,0,0.748126406490129
2007,5,3,1.57728886604309,0,0.917168939540716,0,0.647028243450922
2007,5,4,0.386453747749329,0,1.02624379031477,0,0.61669879453916
2007,5,5,0.987488210201263,0,0.760345236845751,0,0.556039896715636
2007,5,6,0.339733451604843,0,0.71500292876226,0,0.475161366284271
2007,5,7,0.00127665174659342,0,0.201620958625426,0,0.414502468460747
2007,5,8,0,-2.27373675443232e-13,0.000813811191619607,0,0.404392652156826
2007,5,9,0.00927709881216288,2.27373675443232e-13,0.0056118688917195,0,0.394282835852906
2007,5,10,3.87171006202698,0,1.64585906206776,0,0.384173019548985
2007,5,11,0.165366515517235,0,2.11954199120009,0,0.353843570637223
2007,5,12,0.0124982129782438,0,0.0774689706013305,0,0.333623938029382
2007,5,13,0.00039536677650176,0,0.00696919214533409,0,0.30329448911762
2007,5,14,0.0446138121187687,0,0.0218725473860104,0,0.272965040205858
2007,5,15,0.570939302444458,0,0.287588344683172,0,0.272965040205858
2007,5,16,12.6524724960327,0,6.23715150893986,0,0.323514121725461
2007,5,17,0.622512459754944,0,7.88143276159462,0,0.31340430542154
2007,5,18,0.0714811310172081,0,0.399286526240758,0,0.262855223901937
2007,5,19,0.000832310237456113,0,0.0418414732121164,0,0.232525774990175
2007,5,20,0,0,0.000513672221131856,0,0.222415958686255
2007,5,21,0.880498588085175,0,0.374133829031052,0,0.212306142382334
2007,5,22,0.00153651006985456,0,0.471601387565897,0,0.202196326078413
2007,5,23,0.108019910752773,0,0.0470035163380089,0,0.181976693470572
2007,5,24,0.000134097106638365,0,0.0387592647457495,0,0.171866877166651
2007,5,25,0.825358927249908,0,0.395329903902166,0,0.161757060862731
2007,5,26,0.59984815120697,0,0.746435028231645,0,0.161757060862731
2007,5,27,1.46765458583832,0,0.981575017936848,0,0.141537428254889
2007,5,28,5.6947546005249,0,3.46921720070532,0,0.15164724455881
2007,5,29,0.32235124707222,0,3.16419177522766,0,0.15164724455881
2007,5,30,0,0,0.120346278268698,0,0.15164724455881
2007,5,31,0.0207644551992416,0,0.00822513768071076,0,0.131427611950969
2007,6,1,0.095921516418457,0,0.0504594316698785,0,0.121317795647048
2007,6,2,0.624788820743561,0,0.231587797545217,0,0.131427611950969
2007,6,3,2.08194589614868,0,1.29081595893877,0,0.131427611950969
2007,6,4,1.4904397726059,0,1.78122959240136,0,0.121317795647048
2007,6,5,4.1691460609436,0,2.73560498575171,0,0.131427611950969
2007,6,6,0.928937256336212,0,2.80130314184135,0,0.131427611950969
2007,6,7,0.0406028106808662,0,0.563278715748311,0,0.100087181408815
2007,6,8,1.4144948720932,0,0.612163211419102,0,0.0829004936921494
2007,6,9,0.653732180595398,0,1.06279187120526,0,0.0677357692362684
2007,6,10,2.03044328372926e-05,0,0.375976172574156,0,0.0636918427147002
2007,6,11,0.00986476242542267,0,0.00632517820849898,0,0.0556039896715636
2007,6,12,4.97740693390369e-05,0,0.00327232576455572,0,0.0556039896715636
2007,6,13,0.00108560395892709,0,-0.0108582352113444,0,0.0576259529323478
2007,6,14,0.184321388602257,0,0.0970411693378992,0,0.046505154998035
2007,6,15,0.985540330410004,0,0.466846812963922,0,0.0394282835852906
2007,6,16,3.94889866583981e-06,0,0.662367102700955,0,0.0414502468460747
2007,6,17,6.88260624883696e-05,0,-0.0338649066834478,0,0.0424612284764668
2007,6,18,0.548726975917816,0,0.259527001733659,0,0.0343733754333302
2007,6,19,1.9444078207016,0,1.20438310118334,0,0.0333623938029382
2007,6,20,3.52248907089233,0,2.70242020030128,0,0.0404392652156826
2007,6,21,1.97463381290436,0,2.79873352008872,0,0.031340430542154
2007,6,22,7.41669416427612,0,4.5589469902734,0,0.0374063203245064
2007,6,23,3.55268621444702,0,5.79174338815938,0,0.0424612284764668
2007,6,24,7.53516292572022,0,4.64327576715732,0,0.0505490815196033
2007,6,25,0.649254858493805,0,4.32097106115543,0,0.061669879453916
2007,6,26,1.2982976436615,0,0.930516181459097,0,0.0626808610843081
2007,6,27,3.82113361358643,0,2.45569314414388,0,0.0859334385833256
2007,6,28,9.72491455078125,0,6.23950547048298,0,0.0485271182588192
2007,6,29,12.449031829834,0,11.083720638042,0,1.910755281441
2007,6,30,0.378101646900177,0,6.59198234689029,0,1.07164052821559
2007,7,1,9.09102891455404e-06,0,0.200041992480692,0,0.353843570637223
2007,7,2,0.00826173555105925,0,0.00394257138759713,0,0.222415958686255
2007,7,3,4.98372646688949e-05,0,0.00488783640685142,0,0.131427611950969
2007,7,4,1.05157995223999,0,0.497520740929758,0,0.111207979343127
2007,7,5,6.48367595672607,0,3.74690989874216,0,0.0970542365176383
2007,7,6,3.93350577354431,0,5.28725428835969,0,0.121317795647048
2007,7,7,0.000487609853735194,0,2.0491184774437,0,0.192086509774493
2007,7,8,0.00109615945257247,0,0.000737921192921931,0,0.101098163039207
2007,7,9,0,0,0.000389866912883008,0,0.0647028243450922
2007,7,10,0.324513584375381,0,0.185953034379054,0,0.0495380998892112
2007,7,11,1.81449055671692,0,1.17634052703215,0,0.0394282835852906
2007,7,12,0.307969033718109,0,1.14663128375832,0,0.0363953386941144
2007,7,13,3.9044497013092,0,1.9780253945064,0,0.0374063203245064
2007,7,14,0.267665565013886,0,2.25046567917525,0,0.0323514121725461
2007,7,15,0.706958591938019,0,0.472257364024699,0,0.0262855223901937
2007,7,16,1.75157737731934,0,1.10966668372566,0,0.0232525774990175
2007,7,17,2.37305974960327,0,2.01589950546986,0,0.0212306142382334
2007,7,18,6.42596530914307,0,4.32680799553054,0,0.0222415958686255
2007,7,19,3.70171236991882,0,5.17127304830137,0,0.0333623938029382
2007,7,20,8.74020671844482,0,5.54421584699594,0,0.0384173019548985
2007,7,21,0.000140131814987399,0,4.77910489532951,0,0.031340430542154
2007,7,22,0.000345426553394645,0,0.000252178688242566,0,0.0242635591294096
2007,7,23,0.00035523297265172,0,0.000350671936757863,0,0.0192086509774493
2007,7,24,0.0139094116166234,0,0.0069173194024188,0,0.0181976693470572
2007,7,25,2.0935971736908,0,0.88582221591787,0,0.0171866877166651
2007,7,26,8.06139087677002,0,4.7931509300397,0,0.015164724455881
2007,7,27,2.95025753974915,0,5.69157334599731,0,0.0161757060862731
2007,7,28,11.7776155471802,0,7.26460873716133,0,0.0394282835852906
2007,7,29,0.0391620807349682,0,5.92782988811814,0,0.031340430542154
2007,7,30,4.08220421377337e-06,0,0.0207410991606594,0,0.0222415958686255
2007,7,31,4.87753311517736e-07,0,2.37132917391136e-06,0,0.0171866877166651
2007,8,1,4.84359079564456e-05,0,2.81354332400952e-05,0,0.0131427611950969
2007,8,2,0.00926079321652651,0,0.00581977137699141,0,0.0099076199778422
2007,8,3,0.00200689025223255,0,0.00456397268499131,0,0.0077845585540189
2007,8,4,0.315240263938904,0,0.124024048436695,0,0.0121317795647048
2007,8,5,6.19508838653565,0,2.72373248203803,0,0.0131427611950969
2007,8,6,2.83514761924744,0,4.89356937228877,0,0.0081889512061757
2007,8,7,1.47360789775848,0,2.20298704991365,0,0.0057625952932347
2007,8,8,0.00474906386807561,0,0.743162964638032,0,0.0045494173367643
2007,8,9,5.81338024139404,0,2.82069429254625,0,0.0043472210106858
2007,8,10,0.149953782558441,0,3.24229501848822,0,0.0041450246846074
2007,8,11,0.0184233766049147,0,0.0859574600690394,0,0.0033362393802938
2007,8,12,0.00125109078362584,0,0.0092895796369703,0,0.0028307485650977
2007,8,13,0.00298454705625773,0,0.00216466321217013,0,0.0021230614238233
2007,8,14,0.00566862057894468,0,0.00423728299210779,0,0.0014153742825488
2007,8,15,0.107723258435726,0,0.0498844949979684,0,0.0009098834673528
2007,8,16,0.200699582695961,0,0.165487419206329,0,0.0007076871412744
2007,8,17,3.38329172134399,0,1.67579583256156,0,0.0002021963260784
2007,8,18,0.00585726508870721,0,2.23980833335008,0,0
2007,8,19,0.0239804964512587,0,0.0136136431137857,0,0
2007,8,20,4.75224781036377,0,2.28614944315268,0,0
2007,8,21,17.2636451721191,0,10.2882827610265,0,0
2007,8,22,0.171474412083626,0,8.7201522515461,0,0.0003032944891176
2007,8,23,0,0,0.0824051057497854,0,0
2007,8,24,0.0084033003076911,0,0.00444413926015841,0,0
2007,8,25,1.86965835094452,0,0.884766793984454,0,0
2007,8,26,0.0497872568666935,0,1.0148944079483,0,0
2007,8,27,0.000358885707100853,0,0.0196230560832191,0,0
2007,8,28,2.68841231445549e-05,0,0.000216129770706175,0,0
2007,8,29,0.11291866004467,0,0.0443129907762341,0,0
2007,8,30,0.470633924007416,0,0.251239859891939,0,0
2007,8,31,0.0154736433178186,0,0.308948243568011,0,0
2007,9,1,0.000108220316178631,0,0.00661920220591128,0,0
2007,9,2,0,0,5.50235345144756e-05,0,0
2007,9,3,1.06336838143761e-05,0,6.79783261148259e-06,0,0
2007,9,4,0.000103677048173267,0,5.23361704836134e-05,2.27373675443232e-13,0
2007,9,5,0.000195370623259805,0,0.000148601684486493,-2.27373675443232e-13,0
2007,9,6,0.0181596726179123,0,0.0112429055407119,0,0
2007,9,7,1.80197811126709,0,0.692396067315713,0,0
2007,9,8,13.5501556396484,0,7.36549153244414,0,0
2007,9,9,23.6855354309082,0,18.5785676481137,0,0
2007,9,10,0.222765892744064,0,11.9722616033469,0,0.000505490815196
2007,9,11,0.00200043758377433,0,0.116681903378776,0,0.0002021963260784
2007,9,12,0.0643177032470703,0,0.0328367010115471,0,0
2007,9,13,0.000660848920233548,0,0.0331718153356633,0,0
2007,9,14,0.0147014437243342,0,0.00664010114269331,0,0
2007,9,15,0,0,0.00785182638719562,0,0
2007,9,16,0,0,0,0,0
2007,9,17,0.00287129543721676,0,0.00114135351759614,0,0
2007,9,18,7.85704378358787e-06,0,0.00104605225715204,0,0
2007,9,19,0.00251702102832496,0,0.00142642671198701,0,0
2007,9,20,0.00847381912171841,0,0.00563203548881575,0,0
2007,9,21,0.000104637110780459,0,0.00473929918734939,0,0
2007,9,22,1.41735301895096e-06,0,6.01970932621043e-05,0,0
2007,9,23,0.000333729316480458,0,0.00021932184608886,0,0
2007,9,24,0.000168826532899402,0,0.000239468092331663,0,0
2007,9,25,1.36515092849731,0,0.650696166674607,0,0
2007,9,26,11.6908655166626,0,5.96001978094864,0,0.0002021963260784
2007,9,27,14.8282461166382,0,13.2084516620307,0,0.0004043926521568
2007,9,28,3.12820076942444,0,9.05239593311489,2.27373675443232e-13,0.0002021963260784
2007,9,29,0.0118040377274156,0,1.61090066167162,-2.27373675443232e-13,0
2007,9,30,0.0312871746718884,0,0.0197106480518414,0,0
2007,10,1,0.350895643234253,0,0.176655686456797,0,0
2007,10,2,0.392177015542984,0,0.369028544806497,0,0
2007,10,3,0.493826776742935,0,0.43156946916497,0,0
2007,10,4,0.0842404291033745,0,0.235392892314849,0,0
2007,10,5,0.267309010028839,0,0.164774267908797,0,0
2007,10,6,0.214106664061546,0,0.246136170877435,0,0
2007,10,7,0.0255651883780956,0,0.0938741834361281,0,0
2007,10,8,0.101877503097057,0,0.0687479083680955,0,0
2007,10,9,0.248459413647652,0,0.171230417428887,0,0
2007,10,10,0.00127388793043792,0,0.142764674561477,0,0
2007,10,11,1.53154251165688e-05,0,0.000499001846037572,0,0
2007,10,12,0.00068411196116358,0,0.000327039921103278,0,0
2007,10,13,0.000785851269029081,0,0.000720390566129936,0,0
2007,10,14,4.51142732345033e-05,0,0.000441585743828909,0,0
2007,10,15,0.00394342700019479,0,0.00252675879528397,0,0
2007,10,16,2.05479764938355,0,0.878270499360951,0,0
2007,10,17,4.93186950683594,0,3.30295705005847,0,0
2007,10,18,10.2100944519043,0,7.34235313535464,0,0
2007,10,19,6.89311218261719,0,8.81219101274473,0,0
2007,10,20,0.124284490942955,0,4.19420575166441,0,0
2007,10,21,4.03490821554442e-06,0,0.0349549366510473,0,0
2007,10,22,4.15240383148193,0,1.99810230874573,0,0
2007,10,23,31.8939647674561,0,17.9662694103608,0,0
2007,10,24,5.64296579360962,-2.27373675443232e-13,18.8227260973799,0,0
2007,10,25,0.344671964645386,0,3.01619184861556,0,0
2007,10,26,1.02710723876953,0,0.664476114678109,0,0
2007,10,27,2.1318666934967,0,1.55237590513934,0,0.0004043926521568
2007,10,28,0.197602033615112,2.27373675443232e-13,1.26610188039922,0,0.0004043926521568
2007,10,29,0.00722950883209705,-2.27373675443232e-13,0.0980374466416833,0,0
2007,10,30,0.000991645734757185,0,0.00336740728380391,0,0
2007,10,31,0.00284615624696016,0,0.00187968273166916,0,0
2007,11,1,0.0163353905081749,0,0.00941236702419701,0,0
2007,11,2,0.000259187945630401,0,0.00907147341786185,0,0
2007,11,3,0.0148877883329988,0,0.00601025715877768,0,0
2007,11,4,0.000233111393754371,0,0.00565963821281912,0,0.0012131779564704
2007,11,5,0.0227132365107536,0,0.0130253520801489,0,0.0022241595868625
2007,11,6,0.426466047763824,0,0.223977124449448,0,0.0022241595868625
2007,11,7,1.06435009001871e-05,0,0.217590217001998,0,0.0022241595868625
2007,11,8,0.0413408279418945,0,0.0168625251826597,0,0.0020219632607841
2007,11,9,0.0691208243370056,0,0.0589312765987415,0,0.0022241595868625
2007,11,10,0.157289788126946,0,0.11727760195572,0,0.0021230614238233
2007,11,11,3.65935969352722,0,1.79637589049526,0,0.0033362393802938
2007,11,12,8.09770393371582,0,5.66025368300325,0,0.0047516136628427
2007,11,13,8.41685676574707,0,8.25579272578398,0,0.0060658897823524
2007,11,14,0.649381339550018,0,4.53636562175598,0,0.0062680861084308
2007,11,15,0.00295620341785252,0,0.328000901889027,0,0.0101098163039207
2007,11,16,0,0,0.00128538832723279,0,0.0131427611950969
2007,11,17,0.00680547067895532,-2.27373675443232e-13,0.00381898830892169,0,0.0131427611950969
2007,11,18,0.0062919850461185,2.27373675443232e-13,0.00647577752897632,0,0.0131427611950969
2007,11,19,0.432353466749191,0,0.165500491195417,0,0.0131427611950969
2007,11,20,0.163434311747551,0,0.262248885283043,0,0.0111207979343127
2007,11,21,0.387876689434052,0,0.268473210246157,0,0.0101098163039207
2007,11,22,6.41975402832031,0,3.31875119698452,0,0.0111207979343127
2007,11,23,0.180658638477325,0,3.47166554191062,0,0.0101098163039207
2007,11,24,0.0346970707178116,0,0.111036200716626,0,0.0111207979343127
2007,11,25,1.35013329982758,0,0.678035469143651,0,0.0121317795647048
2007,11,26,10.8032503128052,0,6.06840964239382,0.00652378081599636,0.0171866877166651
2007,11,27,8.83071613311768,0,9.86827192403507,-2.50111042987555e-12,0.0252745407598017
2007,11,28,0.00126552663277835,0,4.41797836660044,0,0.0515600631499954
2007,11,29,0.139248549938202,0,0.069217274478433,0,0.0333623938029382
2007,11,30,1.89725415111752e-06,0,0.0758924136898713,0,0.0232525774990175
2007,12,1,0.648010671138763,0,0.302124401259789,0,0.0192086509774493
2007,12,2,6.90663194656372,0,3.77701961014827,0.000923448242701852,0.031340430542154
2007,12,3,15.6237993240356,2.27373675443232e-13,11.2651361200769,4.54747350886464e-13,0.0960432548872463
2007,12,4,0.302013874053955,0.00792295411338273,8.39517402663478,-6.82121026329696e-13,0.141537428254889
2007,12,5,4.32242393493652,0.925670238489602,1.38001199199789,0,0.0950322732568542
2007,12,6,0.988883018493652,1.42531909757258,1.27201770751344,0,0.0525710447803874
2007,12,7,3.24352669715881,1.59452540921939,0.519743532011489,0,0.0384173019548985
2007,12,8,4.81677722930908,1.10150797870597,2.928370920421,0,0.0374063203245064
2007,12,9,5.83852672576904,0,5.31501950245001,0.421376742853909,0.0818895120617573
2007,12,10,8.39593029022217,0,7.06696412770179,1.03685918100905,0.444831917372509
2007,12,11,1.98466944694519,0,5.58841747673068,3.33564154612145,0.293184672813699
2007,12,12,9.03689002990723,0,5.51075144631614,0.302213036663716,0.283074856509778
2007,12,13,13.8737087249756,2.27373675443232e-13,11.4340230974667,-4.54747350886464e-13,1.76921785318612
2007,12,14,1.23273968696594,-2.27373675443232e-13,7.63636029788177,-2.27373675443232e-13,1.70855895536259
2007,12,15,4.34158515930176,0,2.78644374938813,0,0.707687141274446
2007,12,16,16.7192630767822,3.38989873608261,7.13436450722293,0,2.31514793359783
2007,12,17,1.01267623901367,3.90671093392052,4.97856222574046,-2.27373675443232e-13,1.31427611950969
2007,12,18,0.0100363725796342,0.539208797677247,0.000710477110260399,0,0.657138059754843
2007,12,19,0.00927116069942713,0.00498171221079247,0.00473637214599876,0,0.535820264107795
2007,12,20,0.0733202025294304,0,0.041034857466002,0.158188646499184,0.818895120617574
2007,12,21,0.676065385341644,-2.27373675443232e-13,0.361985581032059,1.37415370746407,0.717796957578367
2007,12,22,1.46416985988617,0,1.04569316628113,4.50064709333628,0.556039896715636
2007,12,23,11.9902753829956,0,6.72705248401326,1.97758316160571,1.85009638361748
2007,12,24,0.0760921537876129,-2.27373675443232e-13,6.04904967230687,0,1.73888840427435
2007,12,25,1.06531215351424e-05,0,0.038692827027262,0,0.75823622279405
2007,12,26,0.285688847303391,0,0.141926245920331,0,0.525710447803874
2007,12,27,3.87254786491394,2.27373675443232e-13,2.0786258490516,0,0.46505154998035
2007,12,28,1.46278524398804,-2.27373675443232e-13,2.67059893329133,0,0.45494173367643
2007,12,29,3.25913572311401,0,2.35791420337046,0,0.76834603909797
2007,12,30,0.0304605290293694,-2.27373675443232e-13,1.65285989131371,0,0.707687141274446
2007,12,31,0.0166728440672159,0,0.0232415647333255,0,0.566149713019557
2008,1,1,1.74115943908691,0,0.876858625586465,0,0.45494173367643
2008,1,2,0.87157279253006,0.42383482433479,0.894455628080323,0,0.30329448911762
2008,1,3,0.0937391370534897,0.497114705479589,0,0,0.232525774990175
2008,1,4,0.000341058243066072,0.0496426338804668,0,0,0.222415958686255
2008,1,5,0.263551980257034,0.000191676436315902,0.115434450985049,0,0.232525774990175
2008,1,6,1.50353980064392,-2.27373675443232e-13,0.821531876637891,0.857084312095367,0.283074856509778
2008,1,7,0.116391442716122,0,0.845504996792442,0,0.262855223901937
2008,1,8,2.51386904716492,0,1.18973217358507,0,3.67997313462712
2008,1,9,58.050464630127,-1.13686837721616e-12,26.5461979628744,-1.36424205265939e-12,30.329448911762
2008,1,10,1.33084392547607,-1.13686837721616e-12,32.9197840726338,-1.13686837721616e-12,5.94457198670535
2008,1,11,4.11654424667358,0,2.70270585917751,0,3.83162037918593
2008,1,12,0.00114814529661089,0,2.1406751912109,0,2.37580683142136
2008,1,13,0.347673028707504,0,0.17419939366664,0.0003995183628831,1.67822950645083
2008,1,14,1.80110430717468,0.0748303618247519,0.939810524178029,0,1.30416630320577
2008,1,15,0.385218769311905,0.273955713069881,0.820400395736215,0,1.05142089560775
2008,1,16,0.0421411618590355,0.228609988025482,0,0,0.849224569529335
2008,1,17,2.02648901939392,0.1967694250759,0.747199339501094,0,0.76834603909797
2008,1,18,0.393175333738327,0.293241811295047,0.933152028857876,0,0.717796957578367
2008,1,19,4.72390711365733e-05,0.104928494427895,0.100900260855269,0,0.576259529323478
2008,1,20,0.00353386835195124,0.00164015590257804,0,0,0.374063203245064
2008,1,21,0.00205298163928092,0.00280490911450215,0,0,0.394282835852906
2008,1,22,0.721659660339356,0.296048986620463,0,0,0.384173019548985
2008,1,23,0.00140810734592378,0.379218082623993,0,0,0.374063203245064
2008,1,24,0.327556163072586,0.160536557242494,0,0,0.353843570637223
2008,1,25,0.00018513182294555,0.164545762242597,0,0,0.323514121725461
2008,1,26,0.0265452917665243,0.0115311657552866,0,0,0.363953386941144
2008,1,27,0.0117722153663635,0.0155545008478839,0.00373099176067626,0,0.374063203245064
2008,1,28,0.0621794685721397,0.00215965850225075,0.0339759312628303,0,0.343733754333302
2008,1,29,0.804589807987213,-6.82121026329696e-13,0.38524976030385,1.25585552405846,0.353843570637223
2008,1,30,8.11646938323975,0.453562499406871,4.00674901873208,1.01443595250453,0.353843570637223
2008,1,31,0.0856927186250687,0.507369477747716,3.70059708937333,0,0.343733754333302
2008,2,1,8.70042419433594,0.133334000489867,4.16417209334759,0,0.363953386941144
2008,2,2,0.620269596576691,0.0917412426188093,4.57622865348094,0,0.374063203245064
2008,2,3,0.0776264369487763,0,0.35832294849024,0.178530192670678,0.374063203245064
2008,2,4,2.33364129066467,0,1.17206983290089,1.02865455304686,0.384173019548985
2008,2,5,21.5473251342773,0,11.7837507245131,0,8.12829230835221
2008,2,6,35.4926795959473,0,28.5169663284141,-9.09494701772928e-13,22.7470866838215
2008,2,7,5.44235229492188,0,20.4908043742726,0,7.29928737143072
2008,2,8,0.00213680323213339,0,2.72556298170093,2.27373675443232e-13,3.6698633183232
2008,2,9,0.0259800087660551,0,0.0136852563155117,0,2.34547738250959
2008,2,10,0.0619718506932259,0.00663179038974704,0.0367959567302023,0,1.5164724455881
2008,2,11,0.339942842721939,0.176463902169417,0.0241972340008942,0,0.970542365176383
2008,2,12,4.38809156417847,2.34094803988,0,0,0.970542365176383
2008,2,13,5.81925964355469,5.06913126557447,0,0,0.839114753225415
2008,2,14,0.0242278389632702,3.04881732350077,0,0,0.647028243450922
2008,2,15,0.0172440335154533,0.015497443454251,0.0059052571778011,0,0.636918427147002
2008,2,16,1.0584545135498,0.00140499396297855,0.504201310701319,0,0.556039896715636
2008,2,17,5.03539752960205,0,2.77270433395825,1.41944029698402,0.788565671705811
2008,2,18,3.87938523292542,0,4.48932244873868,3.22597064585898,1.57713134341162
2008,2,19,0.30262103676796,0.151232324361672,1.94069500788828,1.57636262175424,1.21317795647048
2008,2,20,1.97202396392822,1.12966131386293,3.63797880709171e-12,0,0.930103099960701
2008,2,21,1.24174523353577,1.63845983034457,-3.63797880709171e-12,0,0.677357692362684
2008,2,22,6.52793979644775,3.73508169337242,0,0,0.798675488009732
2008,2,23,2.50732469558716,4.09342277497262,0.497805379687634,0,0.657138059754843
2008,2,24,0.170725628733635,0.820994288875681,0.556007195238635,0,0.556039896715636
2008,2,25,1.23413133621216,0.0879166501902091,0.558427050385944,0,0.545930080411716
2008,2,26,11.5576953887939,0.0215153569351969,6.37433247313675,2.27373675443232e-13,2.29492830098999
2008,2,27,0.744911193847656,0.353558566318952,5.87552494128249,0,2.77008966727426
2008,2,28,0.149261385202408,0.45181649524352,0.0146291261735314,0,1.53669207819594
2008,2,29,0.686310648918152,0.0903434586380172,0.270907310408802,0,1.67822950645083
2008,3,1,0.0124975256621838,0,0.350619547913084,1.04248146608779,4.00348725635258
2008,3,2,0.698008239269257,0,0.3506706791959,3.34443662607123,2.96217617704875
2008,3,3,3.5384476184845,0,2.11346300981313,7.23815661931189,3.01272525856836
2008,3,4,36.5324325561523,0,20.025583923758,5.5027012777739,23.6569701511743
2008,3,5,16.6312465667725,-4.54747350886464e-13,26.6546153029922,-1.59161572810262e-12,15.4680189449986
2008,3,6,2.63010287284851,0,9.66648681324659,0,4.842602009578
2008,3,7,1.37788140773773,0.0151110442577647,1.99482594951041,0,3.02283507487228
2008,3,8,9.27554607391357,4.58217991212291,0.684010330132878,0,2.04218289339197
2008,3,9,2.14976334571838,5.73930705664975,0,0,1.42548409885281
2008,3,10,0.0306943003088236,1.11763210995809,0.0147367598328856,0,1.70855895536259
2008,3,11,0.0060008903965354,0,0.0184129279186891,0.208935842336814,4.11469523569571
2008,3,12,0.000395270966691896,-2.27373675443232e-13,0.0036975128823542,1.08698601613969,3.56876515528399
2008,3,13,0.0731257423758507,0,0.0354248067415028,4.25811376728962,2.35558719881351
2008,3,14,3.18377089500427,0,1.58111369237668,5.9773759422942,1.77932766949004
2008,3,15,4.43473529815674,2.27373675443232e-13,3.78719349674066,0,1.94108473035277
2008,3,16,0.724673271179199,-2.27373675443232e-13,2.5801722886863,0,1.45581354776458
2008,3,17,0.928598046302795,0,0.824430157372262,0,1.15251905864696
2008,3,18,26.0167465209961,0,11.4666485854868,4.54747350886464e-13,12.0306814016656
2008,3,19,59.4579124450684,-2.27373675443232e-13,42.7028966869511,0,50.7512778456817
2008,3,20,10.2646484375,2.27373675443232e-13,36.6324444720522,4.54747350886464e-13,11.0196997712735
2008,3,21,0.00193684408441186,-9.09494701772928e-13,6.24357577157207,-4.54747350886464e-13,4.42809954111725
2008,3,22,0.0712100341916084,0,0.0334007615274459,0,2.75997985097034
2008,3,23,0.063213050365448,0,0.0672158942761598,0,1.73888840427435
2008,3,24,0.0957638993859291,0,0.0792954614989867,0,1.32438593581361
2008,3,25,0.0581414476037026,0,0.0772353487627697,0,1.10196997712735
2008,3,26,0.75113981962204,0,0.389661162691482,0,0.950322732568542
2008,3,27,16.970401763916,0,8.79617860657891,0,1.45581354776458
2008,3,28,19.8889713287354,0,18.4179237389944,0,9.55377640720502
2008,3,29,0.311324030160904,0,10.1396425550192,0,4.11469523569571
2008,3,30,1.09377777576447,0,0.69241533249442,0,2.4465755455488
2008,3,31,5.9521336555481,0,3.51565798551746,0,2.18372032164686
2008,4,1,8.86300849914551,0,7.33479790350611,0,2.89140746292131
2008,4,2,0.0705090388655663,0,4.55177281359283,0,1.99163381187237
2008,4,3,1.42187523841858,0,0.733640248803567,0,1.52658226189202
2008,4,4,16.6841144561768,0,8.06368882269453,0,6.74324747471508
2008,4,5,1.76627254486084,0,9.22554009724263,0,4.53930752046038
2008,4,6,0.00137606577482075,0,0.828559636964201,0,2.4971246270684
2008,4,7,0.000559730164241046,0,0.000975386374193477,0,1.68833932275475
2008,4,8,0.00720907328650355,0,0.00332221628195839,0,1.26372703799008
2008,4,9,1.63134217262268,0,0.790549099911004,0,1.08175034451951
2008,4,10,1.30820059776306,0,1.49322239024696,0,0.899773651048939
2008,4,11,20.2126331329346,0,10.7593232018553,0,6.97577324970525
2008,4,12,1.16614401340485,0,10.695516221258,0,3.78107129766633
2008,4,13,1.80879247188568,0,1.45658499220735,0,2.02196326078413
2008,4,14,0.630837261676788,0,1.23296919306813,0,1.45581354776458
2008,4,15,0.00862294342368841,0,0.329500700336212,0,1.16262887495088
2008,4,16,0.000183905329322442,0,0.00475352703142562,0,1.00087181408815
2008,4,17,0,0,0.00011050382090616,0,0.869444202137177
2008,4,18,0.0274294372648001,0,0.0136787456685852,0,0.778455855401891
2008,4,19,0.917643487453461,0,0.465548142863554,0,0.707687141274446
2008,4,20,0.401024729013443,0,0.749127798564587,0,0.647028243450922
2008,4,21,0.7972372174263,0,0.618626400937501,0,0.586369345627398
2008,4,22,0.0153794763609767,0,0.443529511005181,0,0.535820264107795
2008,4,23,0,0,0.00798540756295552,0,0.505490815196033
2008,4,24,0.151769697666168,0,0.0699599874897103,0,0.46505154998035
2008,4,25,2.27220606803894,0,1.15510391864154,0,0.45494173367643
2008,4,26,3.65373778343201,0,2.83298581570853,0,0.45494173367643
2008,4,27,0.0669707730412483,0,1.92997666235169,0,0.404392652156826
2008,4,28,1.18860280513763,0,0.698374519539357,0,0.384173019548985
2008,4,29,2.75135231018066,0,1.8644402972277,0,0.404392652156826
2008,4,30,0.00619910564273596,0,1.49549340710291,0,0.363953386941144
2008,5,1,0.0339158177375793,0,0.0187001254853385,0,0.343733754333302
2008,5,2,3.56757187843323,0,1.67550509151988,0,0.363953386941144
2008,5,3,18.5525207519531,0,9.38425091873432,0,0.444831917372509
2008,5,4,0.731552183628082,0,9.64799631885035,0,0.404392652156826
2008,5,5,0.00203634286299348,0,0.318334563096869,0,0.333623938029382
2008,5,6,0.275834202766418,0,0.125927255750867,0,0.31340430542154
2008,5,7,2.06215214729309,-2.27373675443232e-13,1.09758244784462,0,0.333623938029382
2008,5,8,21.7222709655762,2.27373675443232e-13,11.8803263011359,0,1.03120126299991
2008,5,9,10.6597700119019,0,16.1942817411837,0,3.17448231943109
2008,5,10,3.23441481590271,0,6.9751597110735,0,1.8602061999214
2008,5,11,9.97167110443115,0,6.57835024684755,0,3.40700809442126
2008,5,12,10.9084596633911,0,10.4384513504301,0,4.04392652156826
2008,5,13,2.77714610099793,0,6.84460898024554,0,2.06240252599981
2008,5,14,13.3183603286743,0,7.53855490527349,0,3.93271854222514
2008,5,15,4.81918048858643,0,9.07558452007288,0,4.53930752046038
2008,5,16,17.907096862793,0,11.0354310853108,0,10.7164052821559
2008,5,17,0.228095829486847,0,9.113046246468,0,3.80129093027417
2008,5,18,0.909429550170898,0,0.519501714406943,0,2.22415958686255
2008,5,19,2.73850798606873,0,1.66937566482011,0,1.83998656731356
2008,5,20,12.4486494064331,0,7.56813492402216,0,4.62018605089174
2008,5,21,0.163487151265144,0,6.30651973666318,0,2.92173691183307
2008,5,22,0.118759945034981,0,0.14243984204586,0,1.77932766949004
2008,5,23,1.47882580757141,0,0.793696927237761,0,1.34460556842145
2008,5,24,2.13459634780884,0,1.79546591811595,-2.27373675443232e-13,1.12218960973519
2008,5,25,0.0304418373852968,0,1.17683345669502,2.27373675443232e-13,0.950322732568542
2008,5,26,2.51604986190796,0,1.24442431292118,0,0.859334385833256
2008,5,27,3.4548978805542,0,2.96881911145101,0,0.788565671705811
2008,5,28,3.09286713600159,0,3.2887392453049,0,0.687467508666605
2008,5,29,0.000123591293231584,0,1.683334134912,0,0.596479161931319
2008,5,30,1.56624150276184,0,0.755281905567244,0,0.576259529323478
2008,5,31,13.6624622344971,0,7.60993800437063,0,0.940212916264621
2008,6,1,0.190791860222816,-2.27373675443232e-13,6.95888870086492,0,0.940212916264621
2008,6,2,0.17640919983387,2.27373675443232e-13,0.183934654476616,0,0.636918427147002
2008,6,3,6.76172351837158,0,3.44048719977582,0,0.61669879453916
2008,6,4,49.0974349975586,0,27.9289080703165,0,25.7800315749977
2008,6,5,18.3560791015625,0,33.7652328191944,0,22.9492830098999
2008,6,6,0.629966497421265,0,9.58748556155115,0,4.11469523569571
2008,6,7,15.6082191467285,0,7.03093145681851,0,78.0477818662675
2008,6,8,27.0170669555664,0,21.3124848115112,0,32.0481176834285
2008,6,9,1.19117772579193,0,14.1214859813372,0,4.63029586719566
2008,6,10,20.1437702178955,0,10.6215668075165,0,5.19644558021522
2008,6,11,0.658703923225403,0,10.4873358934929,0,3.3766786455095
2008,6,12,0.0671020597219467,0,0.367906216342817,0,2.08262215860766
2008,6,13,4.21288728713989,0,2.12971018050303,0,2.26459885207823
2008,6,14,17.8314208984375,0,10.9961474289412,0,11.5251905864696
2008,6,15,0.380533635616303,0,9.30630105740784,0,3.6193142368036
2008,6,16,2.7133047580719,0,1.32248923015504,0,2.1533908727351
2008,6,17,0.0455404333770275,0,1.44811870711055,0,1.44570373146065
2008,6,18,0.0687674656510353,0,0.0566742031951435,0,1.11207979343127
2008,6,19,0.732588291168213,0,0.41309798500879,0,1.02109144669599
2008,6,20,0.892779767513275,0,0.824916164008755,0,0.798675488009732
2008,6,21,0.55744606256485,0,0.718585089587577,0,0.687467508666605
2008,6,22,4.33085012435913,0,2.32695905218861,0,0.657138059754843
2008,6,23,1.76084780693054,0,3.21282873546807,0,0.626808610843081
2008,6,24,0.0226084552705288,0,0.764298579153547,0,0.505490815196033
2008,6,25,0.017189534381032,0,0.0200326454978494,0,0.444831917372509
2008,6,26,3.46383261680603,0,1.56543605894694,0,0.414502468460747
2008,6,27,6.7630410194397,0,4.97629704233987,0,0.414502468460747
2008,6,28,13.9690208435059,0,10.3654067418611,0,0.697577324970526
2008,6,29,4.3394021987915,0,9.22244304030755,0,0.990761997784225
2008,6,30,1.69058287143707,0,3.05494070596615,0,0.545930080411716
2008,7,1,0.0457367897033691,0,0.880462168475788,0,0.414502468460747
2008,7,2,0.621357679367065,0,0.304587299069681,0,0.353843570637223
2008,7,3,11.8651323318481,0,6.23614044457281,0,0.869444202137177
2008,7,4,18.900520324707,0,15.3463562687175,0,2.61844242271545
2008,7,5,8.70212173461914,0,13.8015787791337,0,1.19295832386264
2008,7,6,0.342413872480392,0,4.58815963714369,0,0.738016590186208
2008,7,7,0,0,0.194442768828594,0,0.556039896715636
2008,7,8,3.87060976028442,0,1.57035566325794,0,0.45494173367643
2008,7,9,7.99773168563843,0,5.86087025249435,0,0.414502468460747
2008,7,10,1.66718149185181,0,4.86371551340562,0,0.485271182588192
2008,7,11,0,0,0.87651135809574,0,0.374063203245064
2008,7,12,4.81352519989014,0,2.32624344321812,0,0.434722101068588
2008,7,13,27.2130718231201,0,16.0128241443745,-2.27373675443232e-13,6.00523088452887
2008,7,14,0.341253697872162,0,13.7796158477941,2.27373675443232e-13,1.62768042493123
2008,7,15,0.000120886732474901,-2.27373675443232e-13,0.189048074294988,0,0.576259529323478
2008,7,16,0.089009054005146,2.27373675443232e-13,0.0434828732068127,0,0.343733754333302
2008,7,17,0,0,0.0455410139620653,0,0.242635591294096
2008,7,18,0.0143902618438005,0,0.00760460209130542,0,0.192086509774493
2008,7,19,0,0,0.00696605054326938,0,0.141537428254889
2008,7,20,0.655559897422791,0,0.29551641667058,0,0.121317795647048
2008,7,21,6.11314582824707,0,3.24386863581094,0,1.38504483363713
2008,7,22,22.753942489624,0,13.1316829409916,0,3.65975350201928
2008,7,23,1.07413291931152,0,11.9140448484868,0,0.930103099960701
2008,7,24,0.00032989913597703,0,0.538028786868381,0,0.414502468460747
2008,7,25,0,0,0.000167616108228685,0,0.272965040205858
2008,7,26,0.0135757839307189,0,0.00677074123086641,0,0.202196326078413
2008,7,27,0.676609337329865,0,0.419558891731867,0,0.15164724455881
2008,7,28,4.33516788482666,0,2.27000118718934,0,0.121317795647048
2008,7,29,0.204156681895256,0,2.31465346637924,0,0.101098163039207
2008,7,30,0.00201279832981527,0,0.0889674837817438,0,0.0818895120617573
2008,7,31,1.6163125038147,0,0.741622383255162,0,0.0677357692362684
2008,8,1,0.0301426742225885,0,0.854797114196117,0,0.0545930080411716
2008,8,2,0.316071510314941,0,0.160716585709451,0,0.0444831917372509
2008,8,3,0.0168862733989954,0,0.176409878604318,0,0.0333623938029382
2008,8,4,0.389146327972412,0,0.165169976651669,0,0.0252745407598017
2008,8,5,16.80078125,0,8.28158039780828,0,0.970542365176383
2008,8,6,22.2241363525391,0,19.4751524439525,0,1.34460556842145
2008,8,7,0.835543751716614,0,11.6050679632353,0,0.343733754333302
2008,8,8,0.0138031234964728,0,0.450873336205405,0,0.181976693470572
2008,8,9,0.0227576568722725,0,0.0181208120884548,0,0.111207979343127
2008,8,10,0.505917310714722,0,0.266216472449742,0,0.075823622279405
2008,8,11,0.0171466302126646,0,0.237785322562559,0,0.0535820264107795
2008,8,12,0.000142301709274761,0,0.00943145466953865,0,0.0394282835852906
2008,8,13,0,0,6.88497093506157e-05,0,0.030329448911762
2008,8,14,1.36931169033051,0,0.677399829768547,0,0.0283074856509778
2008,8,15,2.50379347801209,0,1.87974176736316,0,0.0232525774990175
2008,8,16,0.0414821952581406,0,1.39706573877265,0,0.0161757060862731
2008,8,17,0.00153303088154644,2.27373675443232e-13,0.0264840230192931,0,0.0131427611950969
2008,8,18,0.00754800578579307,-2.27373675443232e-13,0.00517513472004794,0,0.0111207979343127
2008,8,19,0.00257873605005443,0,0.00492817702979664,0,0.0089977365104893
2008,8,20,0.00264166342094541,0,0.00261019788376871,0,0.0079867548800973
2008,8,21,0.0166973061859608,0,0.00848934881651076,0,0.0066724787605876
2008,8,22,0.448812484741211,0,0.17704676813446,0,0.0059647916193131
2008,8,23,0.144635885953903,0,0.255621894651995,0,0.0047516136628427
2008,8,24,1.26628649234772,0,0.633840479156788,0,0.0041450246846074
2008,8,25,1.28858458995819,0,1.27496932976283,0,0.0040439265215682
2008,8,26,0.0146401301026344,0,0.687697181030671,0,0.0032351412172546
2008,8,27,0.0139591479673982,0,0.0142710614891257,0,0.0026285522390193
2008,8,28,0.678180277347565,0,0.386317345557472,0,0.0043472210106858
2008,8,29,0.701224386692047,0,0.692754417315882,0,0.0038417301954898
2008,8,30,2.86286449432373,0,1.77488882524631,0,0.0022241595868625
2008,8,31,0.00189731502905488,0,1.4379472124383,0,0.0017186687716665
2008,9,1,2.83849185507279e-05,0,0.000982663659669925,0,0.0011120797934312
2008,9,2,0.0885568559169769,0,0.0578529348131269,0,0.0006065889782352
2008,9,3,0.000270422315225005,0,0.0372386032759096,0,0.0006065889782352
2008,9,4,0,0,0.000168656308233039,0,0.0006065889782352
2008,9,5,4.71253156661987,0,1.97567761834944,0,0.0008087853043136
2008,9,6,1.19428384304047,0,3.38878559500154,0,0.0007076871412744
2008,9,7,0.0199172254651785,0,0.652514411591255,0,0.0006065889782352
2008,9,8,0.776592910289764,0,0.34022134265615,0,0.0004043926521568
2008,9,9,10.6060485839844,2.27373675443232e-13,5.39003788346963,0,0.001010981630392
2008,9,10,0.564157664775848,-2.27373675443232e-13,6.01565335115447,0,0.0012131779564704
2008,9,11,0.79900735616684,0,0.680874237179523,0,0.0009098834673528
2008,9,12,8.86981868743897,0,3.94927866265061,0,0.0025274540759801
2008,9,13,11.2865085601807,0,10.7743085141046,0,0.0036395338694114
2008,9,14,0.113682642579079,0,5.70402034735525,0,0.0035384357063722
2008,9,15,1.14308786392212,0,0.557389624318603,0,0.0040439265215682
2008,9,16,0.0323319137096405,0,0.686164260379883,0,0.0028307485650977
2008,9,17,0.0126318540424109,0,0.0227405877703859,0,0.0022241595868625
2008,9,18,0.00143617938738316,0,0.00717836283365614,0,0.0022241595868625
2008,9,19,0.000118702722829767,0,0.000849235617351951,0,0.0020219632607841
2008,9,20,2.27166485786438,0,0.865124327443482,2.27373675443232e-13,0.0015164724455881
2008,9,21,1.21977555751801,0,1.85471845255961,-2.27373675443232e-13,0.0012131779564704
2008,9,22,0.144109323620796,0,0.7684395564429,0,0.000505490815196
2008,9,23,6.50244401185773e-05,0,0.0873182787108817,0,0.0002021963260784
2008,9,24,2.21833906834945e-05,0,3.77183569071349e-05,0,0
2008,9,25,0.000423921825131401,0,0.000249121294473298,0,0
2008,9,26,0.00010358545841882,0,0.000273914294666611,0,0
2008,9,27,0.0659326910972595,0,0.0281403964108904,0,0
2008,9,28,0.0118099506944418,0,0.0323913595166232,0,0
2008,9,29,0.143150433897972,0,0.0814516981299676,0,0
2008,9,30,3.48805665969849,0,1.6835100976532,0,0
2008,10,1,0.0938272774219513,0,1.82219346393686,0,0
2008,10,2,0,0,0.0481988703213574,0,0
2008,10,3,1.02029734989628e-05,0,4.55304689239711e-06,0,0
2008,10,4,0.0135300448164344,0,0.00751903059790493,0,0
2008,10,5,9.93724534055218e-05,0,0.00474608895819983,0,0
2008,10,6,4.11086475651246e-05,0,8.21183930383995e-05,0,0
2008,10,7,0.969119131565094,0,0.477943873192999,-2.27373675443232e-13,0
2008,10,8,12.4045553207397,0,6.47714203565556,4.54747350886464e-13,0
2008,10,9,0.762989401817322,0,7.63813443445542,-2.27373675443232e-13,0
2008,10,10,0.00378297176212072,0,0.521278872427502,0,0
2008,10,11,3.72197646356653e-05,0,0.00237366523651872,0,0
2008,10,12,0.000668823777232319,0,0.000359938589099329,0,0
2008,10,13,0.000182009127456695,0,-0.0020084834395675,0,0
2008,10,14,0.0574341081082821,0,0.0119658731164236,0,0
2008,10,15,0.161297053098679,0,-0.0608241687878035,0,0
2008,10,16,3.16175270080566,0,1.24755027571155,0,0
2008,10,17,0.0272453315556049,0,2.19022146314092,0,0
2008,10,18,0.0351218655705452,0,0.0314384941411845,0,0
2008,10,19,4.76184904982802e-05,0,0.0242574019248423,0,0
2008,10,20,1.78977563791705e-06,0,-0.00097587135314825,0,0
2008,10,21,0.020197618752718,0,0.00726572139683412,0,0
2008,10,22,5.10230747750029e-05,0,-0.0285377023938054,0,0
2008,10,23,0.850341796875,0,-0.136910507986613,0,0
2008,10,24,8.86230850219727,0,3.2412013257308,0,0
2008,10,25,10.6916065216064,0,9.42906425998444,0,0
2008,10,26,0,0,5.34583786987787,0,0
2008,10,27,0.133622452616692,0,0.0655975325644249,0,0
2008,10,28,0.00989343505352736,0,0.0449292201446951,0,0
2008,10,29,8.54553945828229e-05,0,0.0061157199270383,0,0
2008,10,30,9.61231999099255e-05,0,9.19690064620227e-05,0,0
2008,10,31,4.22153279941995e-05,0,7.1591650339542e-05,0,0
2008,11,1,0.000139914380270056,0,8.05040981504135e-05,0,0
2008,11,2,7.30717365513556e-05,0,-0.000240328652580502,0,0
2008,11,3,0.00602013990283012,0,0.00252068490590318,0,0.0001010981630392
2008,11,4,2.38325196733058e-06,0,0.00390812462137546,0,0.001010981630392
2008,11,5,1.29184518300463e-05,0,-0.000322663334372919,0,0.0017186687716665
2008,11,6,0.00549248047173023,0,-0.0152277920496999,0,0.0018197669347057
2008,11,7,0.291573643684387,0,0.119906814801652,0,0.0022241595868625
2008,11,8,0.0575480125844479,0,0.211105644157215,0,0.0022241595868625
2008,11,9,0.0301793441176415,0,0.0493492119203438,0,0.0022241595868625
2008,11,10,0.00678150216117501,0,0.0111394779596594,0,0.0021230614238233
2008,11,11,0.18730716407299,0,0.0701205299628782,0,0.0023252577499017
2008,11,12,2.97687411308289,0,1.55010682910506,0,0.0031340430542154
2008,11,13,14.3799924850464,0,8.64292631982607,0,0.0075823622279405
2008,11,14,1.27704071998596,0,7.8801028925227,0,0.0076834603909797
2008,11,15,16.7095928192139,0,7.9530515273691,0,0.0283074856509778
2008,11,16,5.53271007537842,0,11.1405076298106,0,0.0839114753225415
2008,11,17,0.166086345911026,0,2.89663718140582,0,0.0778455855401891
2008,11,18,0.0722344517707825,0.00289151863739789,0.118314381124947,0,0.0363953386941144
2008,11,19,0.000708037870936096,0.00309250304098896,0.0341973047907231,0,0.030329448911762
2008,11,20,0.0221107080578804,0,0.010924100610282,0,0.0252745407598017
2008,11,21,0.0740196034312248,0.0115364269292968,0.0362622381435358,0,0.0232525774990175
2008,11,22,0.000444774283096194,0.0121843487343085,0.0260319100525521,0,0.0222415958686255
2008,11,23,0.187963545322418,0.0426639446557147,0.0433714340142615,0,0.0212306142382334
2008,11,24,5.0050802230835,0.0468399852925359,2.53055567070987,0.0448483391671743,0.0212306142382334
2008,11,25,1.92728018760681,9.09494701772928e-13,3.4771336237136,0.0488009061843968,0.0222415958686255
2008,11,26,3.74535557057243e-06,0,0.9973522239452,0,0.0222415958686255
2008,11,27,3.44661748385988e-05,0,1.81555042217951e-05,0,0.0202196326078413
2008,11,28,9.83850623015314e-05,0,6.42806917312555e-05,0.00167833016143959,0.0192086509774493
2008,11,29,0.589176654815674,0,0.28385146360597,0,0.0192086509774493
2008,11,30,5.98452663421631,0,3.24389798867924,0.000674937496341954,0.0242635591294096
2008,12,1,3.38048410415649,0,4.70010895954692,0,0.0283074856509778
2008,12,2,0.690885901451111,0.125443235555395,1.91915407442502,0,0.030329448911762
2008,12,3,0.432092487812042,0.12651649416398,0.435214903896849,0,0.030329448911762
2008,12,4,2.31278038024902,4.54747350886464e-13,1.31071061159309,0,0.0293184672813699
2008,12,5,0.0543420575559139,0.0269751039120365,1.16472868893106,0,0.0272965040205858
2008,12,6,0.312011152505875,0.164092612266131,0,0,0.0262855223901937
2008,12,7,0.878539621829987,0.579721820278792,0,0,0.0242635591294096
2008,12,8,0.119402550160885,0.472393072261639,0.0278223489403899,0,0.0232525774990175
2008,12,9,7.60150337219238,0.0317913269377641,3.8282014101751,1.60439397257414,0.0404392652156826
2008,12,10,21.3602294921875,2.27373675443232e-13,14.4804026921192,2.27373675443232e-13,0.0839114753225415
2008,12,11,0.0263026934117079,0,10.7110477145543,-2.27373675443232e-13,0.111207979343127
2008,12,12,0.000270021497271955,0.00010192624154115,0.0131965632754145,0,0.0829004936921494
2008,12,13,0.0046515055000782,0.00228631607910756,3.50879599864129e-05,0,0.0556039896715636
2008,12,14,1.30310952663422,0.00240737654576151,0.628688027885801,0,0.0626808610843081
2008,12,15,4.96602249145508,0,3.0168306374253,0,0.0647028243450922
2008,12,16,0.831273376941681,0.413030545103993,2.49858033163036,0,0.0707687141274446
2008,12,17,0.679478645324707,0.728206979385732,0.0285045651107794,0,0.0748126406490129
2008,12,18,1.58277082443237,0.820828175854558,0.309015559138061,-2.27373675443232e-13,0.061669879453916
2008,12,19,22.0153064727783,0.545747265111459,10.5515724576035,0.806682824332029,0.374063203245064
2008,12,20,4.00231122970581,0,13.2439360804856,1.41463148871594,1.74899822057827
2008,12,21,0.0487992763519287,0.0237864674281809,2.05144529843892,0.26789801498262,0.647028243450922
2008,12,22,0.0218038726598024,0.0356919247089991,0,0,0.252745407598017
2008,12,23,2.28799271583557,1.11652893834071,0,0,0.212306142382334
2008,12,24,28.4573669433594,1.19549494049693,13.5881595524042,0.308601377808827,8.11818249204829
2008,12,25,6.10927200317383,0,17.2903447186072,0.323351515772401,4.48875843894077
2008,12,26,1.00729203224182,0,3.7576451511668,0,1.71866877166651
2008,12,27,5.52763986587524,0,3.25960430369014,1.75397815062138,2.11295160751942
2008,12,28,10.2600879669189,0,7.75180445547812,0,2.89140746292131
2008,12,29,0.145219072699547,0,5.20947099478872,0,1.79954730209788
2008,12,30,7.78491448727436e-06,0,0.0739128095228807,0,1.04131107930383
2008,12,31,0.0259898509830236,0,0.0111292489345942,0,0.748126406490129
2009,1,1,0.00136105704586953,0.000679537979294764,0.0130138402746525,0,0.515600631499954
2009,1,2,0.00169244862627238,0.00060452859020188,0.000940728787099943,0,0.45494173367643
2009,1,3,0.229571714997292,0,0.115112053597841,0.0120866667675728,0.394282835852906
2009,1,4,2.65785813331604,0,1.40709210381829,0,0.343733754333302
2009,1,5,0.129816934466362,0,1.4975030007663,0,0.363953386941144
2009,1,6,2.37917947769165,0.030795998291751,1.15530119907635,0,0.424612284764668
2009,1,7,4.02721643447876,0.0335094891058816,3.15161372283546,0,0.475161366284271
2009,1,8,1.47110486030579,0.723542403595047,2.04648621092929,0,0.414502468460747
2009,1,9,0.0789394974708557,0.783636171880289,3.63797880709171e-12,0,0.30329448911762
2009,1,10,7.01707267761231,0.0398083014670192,3.47844178283413,0,0.45494173367643
2009,1,11,1.11252200603485,0.0914599884281415,3.99223043214806,0,1.25361722168616
2009,1,12,0.384411334991455,0.121807666809445,0.628540166213497,0,0.899773651048939
2009,1,13,0.530935108661652,0.0905742017523608,0.361533705079637,0,0.657138059754843
2009,1,14,0.381609797477722,0.243195634273889,0.219749115774903,0,0.45494173367643
2009,1,15,1.04732370376587,0.692979180857947,0,0,0.293184672813699
2009,1,16,0.0078858183696866,0.532150376181789,0,0,0.283074856509778
2009,1,17,0.0132937105372548,0.0111869632489743,3.63797880709171e-12,0,0.31340430542154
2009,1,18,0.269026726484299,0.106555915561557,0.00110511494494858,2.27373675443232e-13,0.333623938029382
2009,1,19,0.217169791460037,0.235067627128956,0.00109698579399264,-2.27373675443232e-13,0.323514121725461
2009,1,20,0.0260520204901695,0.137053525035071,0,0,0.252745407598017
2009,1,21,0.00705558061599731,0.0171375181621443,3.63797880709171e-12,0,0.212306142382334
2009,1,22,0.000116959177830722,0.00377703942058361,3.78154509235173e-05,0,0.212306142382334
2009,1,23,0.00919790752232075,2.08086933071172e-05,0.00392720861782436,0.590856295852746,0.212306142382334
2009,1,24,1.60373310791329e-05,0,0.00465348367652041,0.707362574703438,0.202196326078413
2009,1,25,0.0603629536926746,0.0288277727888726,8.37831976241432e-06,0,0.141537428254889
2009,1,26,0.726139724254608,0.342047202841968,0,0,0.15164724455881
2009,1,27,7.57154893875122,4.1059006341136,0,0,0.141537428254889
2009,1,28,24.5962448120117,15.7649836037822,0,0,0.171866877166651
2009,1,29,3.60653448104858,14.2886321809901,0,0,0.181976693470572
2009,1,30,0.306981474161148,2.07455542881212,0,0,0.171866877166651
2009,1,31,0.0370910055935383,0.196763588383647,0,0,0.15164724455881
2009,2,1,4.28817729698494e-05,0.0209974818983483,1.02241829154082e-05,0,0.15164724455881
2009,2,2,0.00576098170131445,1.19080170861707e-05,0.00222654656681698,0,0.15164724455881
2009,2,3,0.749821782112122,0.311097334369151,0.00337077899894211,0,0.141537428254889
2009,2,4,3.44724535942078,2.042668593288,0,0,0.121317795647048
2009,2,5,0.027349304407835,1.91316518658437,-3.63797880709171e-12,0,0.121317795647048
2009,2,6,0.000352113915141672,0.0157441561545966,3.63797880709171e-12,0,0.121317795647048
2009,2,7,0.0197191908955574,0.000177447441956247,0.00978172508621356,1.0225206893515,0.879554018441097
2009,2,8,0.0424121543765068,0,0.0307590814481955,3.55815691851262,7.51159351381305
2009,2,9,0.0855172425508499,0,0.0635965908659273,4.34321520156868,3.59909460419576
2009,2,10,3.54328465461731,0,1.57913169516178,5.66342147488035,3.55865533898007
2009,2,11,13.4349613189697,-2.27373675443232e-13,7.74904161358063,9.41025002089123,6.93533398448957
2009,2,12,12.0856399536133,-6.82121026329696e-13,12.765180847131,8.59231977289005,6.48039225081314
2009,2,13,0.000214955158298835,0,6.04719564468178,4.56425299286298,2.85096819770563
2009,2,14,0.00375175685621798,0,0.00196116138977231,2.07466201876468,1.88042583252924
2009,2,15,0.00131037225946784,0,0.00265564777510008,0.825102661591018,1.35471538472537
2009,2,16,0.00221706740558147,6.2951670770417e-05,0.00172813413155382,0,1.08175034451951
2009,2,17,0.101053476333618,5.61918132007122e-05,0.0542229306302033,0,0.930103099960701
2009,2,18,1.35744118690491,0,0.728239022006164,1.21462566256696,0.909883467352859
2009,2,19,1.25707578659058,0,1.30828478895273,1.24145901147313,0.788565671705811
2009,2,20,0.0887106657028198,0.0433671279670307,0.64254126506421,0,0.60658897823524
2009,2,21,0.790639162063599,0.278324099340807,0.159433844695741,0,0.576259529323478
2009,2,22,2.57173299789429,0.966282241959789,0.5962001839398,0,0.535820264107795
2009,2,23,0.0458901822566986,0.836986639472343,0.482203399093123,0,0.404392652156826
2009,2,24,0.000200909111299552,0.0272576819220376,8.49002390168607e-07,0,0.384173019548985
2009,2,25,0.000828962773084641,9.9637883977266e-05,0.000414589521824382,0.207602442970938,0.394282835852906
2009,2,26,0.179849892854691,-2.27373675443232e-13,0.088497575288784,3.43955997166927,0.434722101068588
2009,2,27,13.955828666687,0,6.8960098246389,0,0.61669879453916
2009,2,28,0.137302309274673,0,7.05406764067811,0,0.980652181480304
2009,3,1,4.79554728372023e-06,2.05057722268975e-06,0.0695779254019726,0,0.76834603909797
2009,3,2,4.68330072180834e-05,2.53272833106166e-05,3.21651896229014e-07,0,0.545930080411716
2009,3,3,0.0276919938623905,0.0135274472395395,0,0,0.45494173367643
2009,3,4,0.00127924815751612,0.0144304002878926,0.000347234348737402,0,0.444831917372509
2009,3,5,0,0.000291605828124375,0.00036390578316059,0,0.45494173367643
2009,3,6,0.0663577765226364,0,0.0327683662253548,0,0.45494173367643
2009,3,7,0.056351438164711,0,0.0614538417830772,-2.27373675443232e-13,0.424612284764668
2009,3,8,2.18350100517273,0,1.09164799041173,2.27373675443232e-13,0.404392652156826
2009,3,9,3.88278031349182,0,3.02182290537894,0,0.414502468460747
2009,3,10,0.548219203948975,0,2.26518281529934,0,0.384173019548985
2009,3,11,8.55870532989502,0,4.39031530909779,0,1.00087181408815
2009,3,12,0.0198376700282097,0,4.30714160392381,0,1.25361722168616
2009,3,13,4.0783725125948e-05,0,0.010556197281403,0,0.879554018441097
2009,3,14,0.0215723980218172,0,0.0101302460607258,0,0.748126406490129
2009,3,15,0.00282221985980868,0,0.0130319086492818,0,0.657138059754843
2009,3,16,0.117591105401516,0,0.0728816031914903,0,0.566149713019557
2009,3,17,0.00235916650854051,0,0.0716718133226095,0,0.495380998892112
2009,3,18,1.11611330509186,0,0.419963228585402,0,0.475161366284271
2009,3,19,10.5531702041626,0,5.24862249524449,0,0.778455855401891
2009,3,20,0.00656207418069243,-2.27373675443232e-13,5.27995734575598,-2.27373675443232e-13,0.950322732568542
2009,3,21,0.000359964527888224,2.27373675443232e-13,0.00298062389629195,2.27373675443232e-13,0.707687141274446
2009,3,22,9.20842103369068e-06,0,0.000197112312889658,0,0.596479161931319
2009,3,23,2.9479858767445e-06,0,5.52390702068806e-06,0,0.556039896715636
2009,3,24,1.16237795352936,0,0.716181687675999,0,0.505490815196033
2009,3,25,7.66260719299316,0,4.36089589822586,0,0.545930080411716
2009,3,26,1.58981096744537,0,4.66571541453232,0,0.525710447803874
2009,3,27,0.372483134269714,0,0.915135320883564,0,0.46505154998035
2009,3,28,0.73351776599884,0,0.5726832611399,0,0.434722101068588
2009,3,29,10.1584100723267,0,4.61597088928829,0,0.515600631499954
2009,3,30,0.960729658603668,0,5.56374630210848,0,0.46505154998035
2009,3,31,0.25584664940834,0,0.609623005679168,0,0.394282835852906
2009,4,1,1.53775501251221,0,0.821199663936568,0,0.404392652156826
2009,4,2,0.972970604896545,0,1.28741645024638,0,0.444831917372509
2009,4,3,21.6964359283447,0,11.2505075881563,0,2.16350068903902
2009,4,4,0.275275617837906,0,10.9866711547293,0,1.83998656731356
2009,4,5,1.3246693611145,0,0.758032769885176,0,1.68833932275475
2009,4,6,20.0568733215332,-4.54747350886464e-13,10.5988509768104,0,6.90500453557781
2009,4,7,1.55908823013306,2.27373675443232e-13,10.81519626722,0,3.88216946070553
2009,4,8,0.00586023600772023,0,0.795197900381027,0,2.2039399542547
2009,4,9,0.0746266394853592,0,0.0376745843605022,0,1.52658226189202
2009,4,10,13.9214200973511,0,5.70998463427168,0,2.6892111368429
2009,4,11,7.91905975341797,-2.27373675443232e-13,10.9206187583077,-2.27373675443232e-13,6.67247876058764
2009,4,12,0.000403791113058105,2.27373675443232e-13,3.96594818218364,2.27373675443232e-13,2.9823958096566
2009,4,13,2.87155032157898,0,1.22087216098953,0,2.13317124012726
2009,4,14,15.1597909927368,0,8.95006058121362,0,3.7204123998428
2009,4,15,0.99770724773407,0,8.09232834025897,2.27373675443232e-13,2.50723444337232
2009,4,16,0.0271378885954618,0,0.513698442715395,-2.27373675443232e-13,1.74899822057827
2009,4,17,0.000110930101072881,0,0.0152620621884125,0,1.38504483363713
2009,4,18,0.0038789757527411,0,0.00197274244419532,0,1.19295832386264
2009,4,19,0.963073909282684,0,0.459354255701328,0,1.09186016082343
2009,4,20,5.86990165710449,0,3.28971367320992,0,1.04131107930383
2009,4,21,3.15318655967712,0,4.5316718525537,0,0.940212916264621
2009,4,22,3.39451479911804,0,3.26928068597044,0,0.879554018441097
2009,4,23,0.0659906566143036,0,1.92136796718842,0,0.849224569529335
2009,4,24,0.000283163681160659,0,0.0333487302559661,0,0.76834603909797
2009,4,25,0,0,0.000141667340358254,0,0.707687141274446
2009,4,26,0,0,0,0,0.647028243450922
2009,4,27,0,0,-3.63797880709171e-12,0,0.61669879453916
2009,4,28,7.71983480453491,0,3.68799995343579,0,0.727906773882288
2009,4,29,11.6913576126099,0,9.69892027978858,0,0.798675488009732
2009,4,30,8.10201072692871,0,9.9033445552559,0,1.8096571184018
2009,5,1,24.2715702056885,0,15.9134041035468,0,5.05490815196033
2009,5,2,7.65058994293213,0,15.9611454909391,0,8.11818249204829
2009,5,3,0.248110339045525,0,3.95814646351209,0,2.9823958096566
2009,5,4,0.0382629409432411,0,0.162912663112365,0,1.8096571184018
2009,5,5,0.00027870194753632,0,0.0202601450437214,0,1.30416630320577
2009,5,6,0.903501093387604,0,0.430464849447162,0,1.13229942603911
2009,5,7,11.6745843887329,0,5.47828324270813,0,1.37493501733321
2009,5,8,8.32262706756592,0,10.0545893121161,0,2.05229270969589
2009,5,9,4.2815432548523,0,6.41528290650967,0,2.01185344448021
2009,5,10,0.0135203208774328,0,2.15268364628719,0,1.33449575211753
2009,5,11,0.39461076259613,0,0.197863254918047,0,1.09186016082343
2009,5,12,0.0389105938374996,0,0.217181802483537,0,0.91999328365678
2009,5,13,5.31447887420654,0,2.66326738118369,0,4.97402962152896
2009,5,14,51.0360870361328,-4.54747350886464e-13,27.3627175719703,0,24.3646572924488
2009,5,15,1.115110039711,-4.54747350886464e-13,26.0833934529219,0,6.84434563775429
2009,5,16,15.4340553283691,0,7.56721532529627,0,9.77619236589128
2009,5,17,0.940796732902527,-2.27373675443232e-13,8.20434770071006,0,4.66062531610742
2009,5,18,0.000881062122061849,0,0.478835152120155,0,2.54767370858801
2009,5,19,9.91916294879047e-07,0,0.000473266278277151,0,1.73888840427435
2009,5,20,3.27840680256486e-05,0,1.64210832735989e-05,0,1.33449575211753
2009,5,21,1.0255265806336e-05,0,2.15880827454384e-05,0,1.10196997712735
2009,5,22,0,0,5.31892874278128e-06,0,0.930103099960701
2009,5,23,0.00944459531456232,0,0.0041809359609033,-2.27373675443232e-13,0.808785304313653
2009,5,24,0.117200464010239,0,0.0623500882793451,2.27373675443232e-13,1.13229942603911
2009,5,25,1.55867195129395,0,0.802656927513453,0,2.77008966727426
2009,5,26,9.98746013641357,0,5.14328734983792,0,1.43559391515673
2009,5,27,1.29060482978821,0,5.67514059220048,0,0.990761997784225
2009,5,28,6.1003565788269,0,3.56885601538306,0,0.808785304313653
2009,5,29,1.01655793190002,0,3.6583758642264,0,0.677357692362684
2009,5,30,0.78432160615921,0,0.901621406301274,0,0.586369345627398
2009,5,31,3.97442364692688,0,2.311335977196,0,0.778455855401891
2009,6,1,0.144405364990234,0,2.35679877969233,0,0.515600631499954
2009,6,2,1.52486419677734,0,0.892301522741036,0,0.444831917372509
2009,6,3,8.34960174560547,0,4.85166192763063,0,1.96130436296061
2009,6,4,6.26943349838257,0,7.31630473356563,0,1.04131107930383
2009,6,5,0.0526053160429001,0,3.16686620625478,0,0.75823622279405
2009,6,6,0,0,0.028144399071607,0,0.586369345627398
2009,6,7,0.000498759909532964,0,0.000193997642782051,0,0.485271182588192
2009,6,8,0,0,0.000277862556686159,0,0.424612284764668
2009,6,9,1.04171586036682,0,0.450678231314669,0,0.384173019548985
2009,6,10,9.90318584442139,0,4.47076295182342,0,2.72965040205858
2009,6,11,28.6152076721191,0,19.1753610527594,0,3.94282835852906
2009,6,12,7.81837701797485,0,18.217051975771,0,4.45842899002901
2009,6,13,0.0298886448144913,0,4.04543422171264,0,1.81976693470572
2009,6,14,2.64738607406616,0,1.32857720758329,0,1.34460556842145
2009,6,15,3.61097359657288,0,3.0369890316033,0,2.16350068903902
2009,6,16,1.6642279624939,2.27373675443232e-13,2.69439500273074,0,1.63779024123515
2009,6,17,18.2881927490234,-2.27373675443232e-13,9.73866021983486,0,2.04218289339197
2009,6,18,0.0986941680312157,0,9.21455592619895,0,1.94108473035277
2009,6,19,4.01908588409424,0,1.60061252699961,0,1.32438593581361
2009,6,20,7.8791675567627,0,5.89281492205191,-2.27373675443232e-13,3.18459213573501
2009,6,21,0.239021494984627,0,4.18094292460955,2.27373675443232e-13,1.69844913905867
2009,6,22,1.52042150497437,0,0.826244276962825,0,1.1727386912548
2009,6,23,4.04449701309204,0,2.74745983695175,0,1.2232877727744
2009,6,24,4.95785070597776e-06,0,2.13245246131191,0,0.829004936921494
2009,6,25,1.45953261852264,0,0.702080799630494,0,0.667247876058764
2009,6,26,8.66984939575195,0,4.88402680575382,0,3.34634919659774
2009,6,27,0.20442870259285,0,4.58678183328448,0,1.79954730209788
2009,6,28,0,0,0.103909404711885,0,0.980652181480304
2009,6,29,0,0,0,0,0.707687141274446
2009,6,30,0.187283024191856,0,0.0884313792594185,0,0.556039896715636
2009,7,1,0.824597120285034,0,0.451730120064894,0,0.475161366284271
2009,7,2,0.515749156475067,0,0.683634706558223,0,0.424612284764668
2009,7,3,0.0393681079149246,0,0.289898040442495,0,0.363953386941144
2009,7,4,1.19084465503693,0,0.54955324164257,-2.27373675443232e-13,0.363953386941144
2009,7,5,18.6507320404053,0,9.05244369939828,2.27373675443232e-13,0.647028243450922
2009,7,6,0.195601508021355,0,9.49706272273033,0,0.495380998892112
2009,7,7,0.00128711469005793,0,0.0992264257183706,0,0.363953386941144
2009,7,8,0.00536517566069961,0,0.00321583172990358,0,0.30329448911762
2009,7,9,0.0246570445597172,0,0.0127423735502816,0,0.272965040205858
2009,7,10,1.61390841007233,0,0.705856203734584,0,0.252745407598017
2009,7,11,7.7869725227356,0,4.16543604901017,0,0.283074856509778
2009,7,12,10.3077230453491,0,9.04556705206778,0,0.343733754333302
2009,7,13,9.6688097983133e-05,0,5.18361674292828,0,0.283074856509778
2009,7,14,1.64938887792232e-06,0,5.14489765919279e-05,0,0.212306142382334
2009,7,15,0.553892135620117,0,0.27504919079729,0,0.192086509774493
2009,7,16,3.38440680503845,0,1.77109732637473,0,0.181976693470572
2009,7,17,0,0,1.73297394872498,0,0.15164724455881
2009,7,18,0.156037643551826,0,0.0748700829935842,0,0.141537428254889
2009,7,19,0.268888920545578,0,0.205157541349763,0,0.121317795647048
2009,7,20,0.703016042709351,0,0.430016569400323,0,0.111207979343127
2009,7,21,0.326474726200104,0,0.475148642301065,0,0.0980652181480304
2009,7,22,16.0332126617432,0,8.15021646231253,0,1.07164052821559
2009,7,23,32.4282035827637,0,24.2262087742602,0,1.02109144669599
2009,7,24,0.253604173660278,0,16.3412049692452,0,0.535820264107795
2009,7,25,5.6483039855957,0,2.94541661796029,0,0.384173019548985
2009,7,26,5.71780490875244,0,5.68620481206017,0,0.839114753225415
2009,7,27,0.0295213423669338,0,3.47099818850984,0,0.45494173367643
2009,7,28,0.00973173975944519,0,0.0198300360170833,0,0.293184672813699
2009,7,29,1.33886575698853,0,0.627882106957259,0,0.242635591294096
2009,7,30,4.47919321060181,0,2.84668398847134,0,0.283074856509778
2009,7,31,19.8473224639893,0,12.1572067662419,0,2.87118783031347
2009,8,1,0.000151646541780792,0,9.94992781311885,0,1.57713134341162
2009,8,2,0.277987957000732,0,0.132422350299748,0,0.727906773882288
2009,8,3,0.0236445944756269,0,0.157186836462643,0,0.46505154998035
2009,8,4,16.5654773712158,0,7.63228984389207,0,30.1272525856836
2009,8,5,50.8734283447266,0,33.7041265186999,0,36.3953386941144
2009,8,6,0.932392537593842,0,25.9312991608167,0,4.70106458132311
2009,8,7,3.92365336665534e-06,0,0.486500136568793,0,2.31514793359783
2009,8,8,0.142066866159439,0,0.0678852686178288,0,1.38504483363713
2009,8,9,0.0120312459766865,0,0.0815027908538468,0,0.930103099960701
2009,8,10,0.452891647815704,0,0.22582946941111,0,0.667247876058764
2009,8,11,4.37560224533081,0,2.10763224383118,0,0.586369345627398
2009,8,12,0.388818144798279,0,2.40178949475376,0,0.505490815196033
2009,8,13,0.0373266004025936,0,0.221169698364974,0,0.384173019548985
2009,8,14,0.0589453540742397,0,0.0470928951654059,0,0.31340430542154
2009,8,15,0.0611117780208588,0,0.0602586224704282,0,0.262855223901937
2009,8,16,1.07249438762665,0,0.512753945316945,0,0.232525774990175
2009,8,17,0.43607884645462,0,0.773661239250941,0,0.202196326078413
2009,8,18,0.98260885477066,0,0.677768878500501,0,0.181976693470572
2009,8,19,4.40199089050293,0,2.52623297994433,0,0.171866877166651
2009,8,20,12.3547697067261,0,7.45004851526392,0,0.171866877166651
2009,8,21,2.26530957221985,0,7.45963672164362,0,0.171866877166651
2009,8,22,5.37811088562012,0,3.80157598081132,0,0.171866877166651
2009,8,23,0.245457127690315,0,2.81970979805192,0,0.141537428254889
2009,8,24,0.0131275430321693,0,0.136821790834802,0,0.121317795647048
2009,8,25,0.012460176832974,0,0.0128433193494857,0,0.111207979343127
2009,8,26,1.02451190286956e-06,0,0.0065397991311329,0,0.0980652181480304
2009,8,27,0.610681593418121,0,0.282292591167789,0,0.0869444202137177
2009,8,28,0.687405467033386,0,0.642534156228066,0,0.0859334385833256
2009,8,29,9.52646446228027,0,5.00006987583765,0,0.091999328365678
2009,8,30,0.0635300725698471,0,4.7987506253121,0,0.0808785304313653
2009,8,31,0.0147375287488103,0,0.0371279393402801,0,0.0707687141274446
2009,9,1,0.013160040602088,0,0.0139040701542399,0,0.0657138059754843
2009,9,2,7.63742937124334e-05,0,0.00512462097685784,0,0.0596479161931319
2009,9,3,0.0835993066430092,0,0.0309178378192883,0,0.0545930080411716
2009,9,4,0.00395543966442347,0,0.0334899252338801,0,0.0566149713019557
2009,9,5,0.0166675318032503,0,0.0113995129868272,0,0.0515600631499954
2009,9,6,1.38513648509979,0,0.781446741613763,0,0.0636918427147002
2009,9,7,12.8927173614502,0,7.11438164707215,0,0.0829004936921494
2009,9,8,4.64891672134399,0,8.78268311963984,0,0.121317795647048
2009,9,9,0.338115930557251,0,2.54446303216537,0,0.141537428254889
2009,9,10,0.0443013720214367,0,0.209863758442225,0,0.101098163039207
2009,9,11,0.00783957727253437,0,0.0239640324252832,0,0.0818895120617573
2009,9,12,6.17383338976651e-05,0,0.00297153026258457,0,0.0677357692362684
2009,9,13,0.000453842716524378,0,0.000306223941151984,0,0.0576259529323478
2009,9,14,0.000285600544884801,0,0.000357494103809586,0,0.0525710447803874
2009,9,15,0.000394184869946912,0,0.000338138390361564,0,0.0495380998892112
2009,9,16,0.353866815567017,0,0.161433757912164,0,0.046505154998035
2009,9,17,0.00144552404526621,0,0.119325503826985,0,0.045494173367643
2009,9,18,0.0241205878555775,0,0.0143875358553487,0,0.0424612284764668
2009,9,19,0.00295211700722575,0,0.0148918963204778,0,0.0404392652156826
2009,9,20,1.01022458076477,0,0.356999351079139,0,0.0485271182588192
2009,9,21,17.9397449493408,0,9.34862973325653,0,0.0707687141274446
2009,9,22,2.26800560951233,0,10.106702014662,0,0.0798675488009732
2009,9,23,5.15773725509644,0,3.67565242784258,0,0.0859334385833256
2009,9,24,2.02116131782532,0,3.59488414179577,0,0.111207979343127
2009,9,25,20.0554161071777,0,10.0803558933003,0,0.131427611950969
2009,9,26,2.53829479217529,0,11.2997581543241,0,0.131427611950969
2009,9,27,6.97672557830811,0,4.70703344732829,0,0.15164724455881
2009,9,28,0.758753478527069,0,4.3265738506816,0,0.15164724455881
2009,9,29,0.0114869633689523,0,0.395626064975659,0,0.131427611950969
2009,9,30,0.00198340904898942,0,0.00757730165423709,0,0.111207979343127
2009,10,1,0.535257995128632,0,0.214143499193597,0,0.101098163039207
2009,10,2,21.5641593933105,0,9.56680977712313,0,0.61669879453916
2009,10,3,1.87422931194305,0,11.773636487862,0,1.12218960973519
2009,10,4,0.0111159579828382,0,1.06787273667942,0,0.46505154998035
2009,10,5,6.36441143342381e-07,0,0.00618462259808439,0,0.283074856509778
2009,10,6,0.667987823486328,0,0.330178788895864,0,0.222415958686255
2009,10,7,3.45392322540283,0,1.88304038735077,0,0.192086509774493
2009,10,8,1.57036483287811,0,2.51949266329029,0,0.434722101068588
2009,10,9,29.3315162658691,0,15.3488708973164,0,2.59822279010761
2009,10,10,6.28857040405273,0,17.814357540592,0,3.73052221614672
2009,10,11,0.000453924643807113,0,3.25826077879901,0,1.8096571184018
2009,10,12,0.000356950855348259,0,0.000407358216762077,0,1.08175034451951
2009,10,13,0.00462157791480422,0,0.00229209349345183,0,0.76834603909797
2009,10,14,2.27444338798523,0,1.04979169081707,0,0.586369345627398
2009,10,15,4.82952547073364,0,3.49766141172222,0,0.576259529323478
2009,10,16,0.465932190418243,0,2.71726237395342,0,0.657138059754843
2009,10,17,0.515190482139587,0,0.490036219409376,0,0.566149713019557
2009,10,18,0.0188062991946936,0,0.27345512980537,0,0.46505154998035
2009,10,19,0.00146251148544252,0,0.0108463374126586,0,0.404392652156826
2009,10,20,0,0,0.000737070924515137,0,0.374063203245064
2009,10,21,5.88767070439644e-05,0,2.81159518635832e-05,0,0.343733754333302
2009,10,22,0.113194905221462,0,0.0553137270690058,0,0.31340430542154
2009,10,23,17.0933055877686,0,8.49204316166652,0,2.70943076945074
2009,10,24,2.75318074226379,0,9.92427132346711,0,3.3766786455095
2009,10,25,0.110840328037739,0,1.43997167916314,0,1.61757060862731
2009,10,26,0.0546483062207699,0,0.0874535027978709,0,1.08175034451951
2009,10,27,0.81798255443573,-2.27373675443232e-13,0.43393497134457,0,0.869444202137177
2009,10,28,14.2333526611328,2.27373675443232e-13,7.52251687557509,0,4.18546394982315
2009,10,29,0.0959791019558907,0,7.21264718239399,0,2.63866205532329
2009,10,30,0.692277789115906,0,0.391312860137987,0,1.78943748579396
2009,10,31,18.5065670013428,0,9.52196499158526,0,8.53268496050904
2009,11,1,0.190598890185356,0,9.35323886361948,0,3.82151056288201
2009,11,2,0.000146071877679788,0,0.0957454254021286,0,2.08262215860766
2009,11,3,0.000425682257628068,0,0.000283551307802554,0,1.45581354776458
2009,11,4,0.105042979121208,0,0.0517789597033698,0,1.14240924234303
2009,11,5,0.118289351463318,0,0.111246971471701,0,0.960432548872463
2009,11,6,6.04843116889242e-05,0,0.0676527695432014,0,0.788565671705811
2009,11,7,0.00216280808672309,0,0.000866266942466609,-2.27373675443232e-13,0.717796957578367
2009,11,8,0.0140350144356489,0,0.00752951524191303,2.27373675443232e-13,0.647028243450922
2009,11,9,1.87364603334572e-05,0,0.00673056963569252,0,0.556039896715636
2009,11,10,0.00172821409069002,0,0.000810437297332101,0,0.505490815196033
2009,11,11,2.00705471797846e-05,0,0.000900668474059785,0,0.46505154998035
2009,11,12,0.000174032073118724,0,8.19557644717861e-05,0,0.434722101068588
2009,11,13,4.18338058807422e-05,0,9.86180239124224e-05,-2.27373675443232e-13,0.424612284764668
2009,11,14,0.00267587671987712,0,0.00173353931677411,2.27373675443232e-13,0.414502468460747
2009,11,15,0.00203074514865875,0,0.00226003065836267,0,0.384173019548985
2009,11,16,0.0807706117630005,0,0.0501397611005814,0,0.353843570637223
2009,11,17,1.77769541740417,0,1.04741366579037,0,0.363953386941144
2009,11,18,12.3924741744995,0,7.08352446094068,0,0.75823622279405
2009,11,19,1.70403230190277,0,7.06026450444551,0,0.798675488009732
2009,11,20,0.641020953655243,0,1.18485680584854,0,0.61669879453916
2009,11,21,0.00576848955824971,0,0.310153581696795,0,0.515600631499954
2009,11,22,0.00438319984823465,0,0.00515623719911673,0,0.45494173367643
2009,11,23,0.0134940976276994,0,0.00865835520380642,0,0.414502468460747
2009,11,24,0.0762198120355606,0,0.0415479134426278,0,0.394282835852906
2009,11,25,1.10813009738922,0,0.483596779031359,0,0.384173019548985
2009,11,26,1.30863749980927,0,1.23518683135626,0,0.374063203245064
2009,11,27,0.853187024593353,0,1.082357353509,0,0.343733754333302
2009,11,28,0.00231694267131388,0,0.427871028572554,0,0.323514121725461
2009,11,29,0.192763030529022,0,0.0877523901908717,0,0.30329448911762
2009,11,30,2.33545088768005,0,1.09504621961605,0,0.30329448911762
2009,12,1,0.0147581342607737,0,1.21076424805869,0,0.272965040205858
2009,12,2,1.39060115814209,0,0.753110457779258,0,0.283074856509778
2009,12,3,10.599365234375,-4.54747350886464e-13,5.99471054056994,0,0.525710447803874
2009,12,4,0.0502536930143833,0.00209309324463902,5.36140710390464,0,0.586369345627398
2009,12,5,0,0.002167969903212,0.0236668366633239,2.27373675443232e-13,0.46505154998035
2009,12,6,0.00047875993186608,0.000235040906318318,3.95810275222175e-06,-2.27373675443232e-13,0.404392652156826
2009,12,7,1.12508261203766,0.148161650366092,0.414309260257141,0,0.363953386941144
2009,12,8,1.06851291656494,0.150767180658022,0.946557942166692,0,0.394282835852906
2009,12,9,15.1687250137329,-4.54747350886464e-13,7.42288339841616,0.318174301560248,2.12306142382334
2009,12,10,0.813522458076477,0.354956765099814,7.64487356195605,0,1.66811969014691
2009,12,11,0.00995215401053429,0.361895306364204,0.0515978825824277,0,0.75823622279405
2009,12,12,0.131442621350288,0.0455336359279954,0.0244705928562325,0,0.545930080411716
2009,12,13,21.025016784668,0.0409693619858444,10.5369800549925,0,9.98849850827361
2009,12,14,1.29414820671082,-2.27373675443232e-13,11.1864060201951,0.83629409567493,5.92435235409751
2009,12,15,0.0377777777612209,2.27373675443232e-13,0.67057726029816,0,3.18459213573501
2009,12,16,0.00175032811239362,0.000864523555947017,0.0191185455005325,0,1.93097491404885
2009,12,17,6.52904200251214e-05,0.000903679886278042,5.58528699912131e-06,0,1.38504483363713
2009,12,18,0.0127951027825475,3.37297340138321e-05,0.00482479013953707,0,1.15251905864696
2009,12,19,1.80869781970978,0,0.910641990081785,0,1.02109144669599
2009,12,20,3.25558519363403,0,2.48931760129926,0,0.889663834745018
2009,12,21,0.644400954246521,0,1.99822885058165,0,0.778455855401891
2009,12,22,0.212951526045799,0,0.429256728777546,0,0.717796957578367
2009,12,23,1.10331702232361,0,0.647799642541941,0,0.818895120617574
2009,12,24,0,0,0.56483247405049,0,1.09186016082343
2009,12,25,5.44781446456909,0,2.72245183587802,0,1.75910803688219
2009,12,26,2.81378674507141,0,4.13149617714589,0,2.18372032164686
2009,12,27,0.449346095323563,0,1.63803126528728,0,1.36482520102929
2009,12,28,2.14899086952209,1.06562350209765,0.226528136186971,0,1.04131107930383
2009,12,29,0.0729704201221466,1.14097730553385,0,0,0.818895120617574
2009,12,30,0.0612604767084122,0.0677953314868773,0,0,0.717796957578367
2009,12,31,2.30786800384522,0.033774115774122,1.03549460193608,0,0.75823622279405
2010,1,1,0.17691171169281,0.0840054690638681,1.21199067416819,0,0.738016590186208
2010,1,2,0.0421648323535919,0.114995325687687,0,0,0.434722101068588
2010,1,3,0.00139664404559881,0.0237120018045971,0,0,0.333623938029382
2010,1,4,0.0817045569419861,0.0375205947386803,0,0,0.505490815196033
2010,1,5,0.598693668842316,0.334930388842395,0,0,0.475161366284271
2010,1,6,0.121235258877277,0.390733375734271,0,0,0.45494173367643
2010,1,7,1.60530209541321,0.854663814565356,-3.63797880709171e-12,0,0.424612284764668
2010,1,8,4.1556544303894,2.80294401807601,3.63797880709171e-12,0,0.384173019548985
2010,1,9,0.633621335029602,2.41891354580025,0,0,0.353843570637223
2010,1,10,0.181983634829521,0.412236024541699,3.63797880709171e-12,0,0.333623938029382
2010,1,11,0.205694764852524,0.191599285894199,-3.63797880709171e-12,0,0.31340430542154
2010,1,12,0.262160539627075,0.229980282806309,-3.63797880709171e-12,0,0.283074856509778
2010,1,13,0.239400804042816,0.253161362154515,3.63797880709171e-12,0,0.262855223901937
2010,1,14,0.00956216268241405,0.0902082604766292,0.00326735723865568,-2.27373675443232e-13,0.283074856509778
2010,1,15,0.0280374176800251,0.00222257650216307,0.0165160826581996,0.509408135640797,0.333623938029382
2010,1,16,0.020231369882822,0,0.0242287580003904,1.68383274726693,0.404392652156826
2010,1,17,0.0040576383471489,0,0.0128197835583705,2.0147184555783,0.485271182588192
2010,1,18,0.257041066884995,0,0.125071999827924,0.828989497556449,0.535820264107795
2010,1,19,0.0211858469992876,0,0.15340595096859,0,0.45494173367643
2010,1,20,0.0684926807880402,0,0.0416185428475728,0,0.394282835852906
2010,1,21,4.73211574554443,0,2.39885906118798,-4.54747350886464e-13,0.717796957578367
2010,1,22,15.6238374710083,0,10.1579009457055,0.859004666566989,4.24612284764668
2010,1,23,0.286173701286316,0,8.43194216087795,2.3078405909971,2.36569701511743
2010,1,24,7.64271116256714,0,3.94656625621428,2.46353772444286,4.50897807154861
2010,1,25,11.9622755050659,0,9.7884811001677,-4.54747350886464e-13,8.80565000071489
2010,1,26,1.93073976039886,0.619343671066417,6.32859858972734,-4.54747350886464e-13,3.58898478789183
2010,1,27,0.0833258107304573,0.670869745080609,0.351646082322986,0,1.96130436296061
2010,1,28,0.836214959621429,0.447618137345899,0,0,1.41537428254889
2010,1,29,0.023087851703167,0.473616581119359,0,0,0.909883467352859
2010,1,30,0.0214950181543827,0.0223004934509845,0,0,0.717796957578367
2010,1,31,8.35707178339362e-05,0.0112209726296442,0,0,0.596479161931319
2010,2,1,0.00062809995142743,0.000318956339242504,0,0,0.596479161931319
2010,2,2,0.0473497249186039,0.000397622870195846,0.0173746652180853,0,0.647028243450922
2010,2,3,0.00617575878277421,0,0.0267739401751896,0,0.586369345627398
2010,2,4,0.00987956300377846,0.00119028380368036,0.00652062738299719,0,0.505490815196033
2010,2,5,2.64931058883667,0.00143663730818844,1.32745907581193,-2.27373675443232e-13,0.535820264107795
2010,2,6,15.7203664779663,4.47805237066586,4.67408727929796,-9.09494701772928e-13,0.636918427147002
2010,2,7,0.712126791477203,4.87893664172225,3.37769293507154,2.27373675443232e-13,0.31340430542154
2010,2,8,0.0318663641810417,0.36159231254851,0,0,0.272965040205858
2010,2,9,5.21954154968262,2.61828191625841,0,0,0.30329448911762
2010,2,10,4.25034189224243,4.74621367180066,0,0,0.30329448911762
2010,2,11,0.0139126935973763,2.18023733009613,3.63797880709171e-12,0,0.30329448911762
2010,2,12,0.0033035515807569,0.00888975800580738,-3.63797880709171e-12,0,0.30329448911762
2010,2,13,0.0342304073274136,0.020899317776184,0,0,0.283074856509778
2010,2,14,0.0255371853709221,0.0290539234315474,0,0,0.262855223901937
2010,2,15,5.33998918533325,2.52386898348027,0,0,0.262855223901937
2010,2,16,6.47266244888306,5.79783457555141,0,0,0.262855223901937
2010,2,17,0.523521363735199,3.69275734536473,0,0,0.262855223901937
2010,2,18,0.0702690184116364,0.301219103698031,0.0138669520092662,0,0.293184672813699
2010,2,19,0.00380539055913687,0.0251942831764609,0.0177631636543083,0,0.272965040205858
2010,2,20,0.0672104060649872,0.0222116442016613,0.0112933241071005,0,0.262855223901937
2010,2,21,0.499875158071518,0.0222739719738456,0.254003832331364,0.712773948932636,0.343733754333302
2010,2,22,2.33056449890137,0,1.40493545734353,1.91941707699766,1.04131107930383
2010,2,23,0.330115854740143,0,1.34330335979757,1.2023065113242,2.28481848468607
2010,2,24,0.240938141942024,0.0525416330758617,0.235013916764729,-2.27373675443232e-13,1.76921785318612
2010,2,25,0.920073747634888,0.473460257102943,0.0721469451091252,2.27373675443232e-13,1.37493501733321
2010,2,26,0.0691037029027939,0.432988343903389,0.0130811493290821,0,1.13229942603911
2010,2,27,1.27834630012512,0.262233159397056,0.374308061007469,-2.27373675443232e-13,1.01098163039207
2010,2,28,0.251397699117661,0.199475008433865,0.455779217103554,2.27373675443232e-13,0.879554018441097
2010,3,1,0.0209505893290043,0,0.117914402497263,0,0.950322732568542
2010,3,2,0.000872023985721171,-2.27373675443232e-13,0.00813297913919087,-2.27373675443232e-13,1.52658226189202
2010,3,3,0.00933400448411703,2.27373675443232e-13,0.00625785830561654,2.27373675443232e-13,1.76921785318612
2010,3,4,0.00125481688883156,0,0.00453995949283126,0,1.96130436296061
2010,3,5,0,0,0.000583440520131262,0,2.60833260641153
2010,3,6,0.00152251881081611,0,0.000686906078044558,0,2.87118783031347
2010,3,7,0.151789039373398,-2.27373675443232e-13,0.0666439894812356,0.455398425759995,3.18459213573501
2010,3,8,2.5936906337738,0,1.20821079575762,2.50367902691391,4.23601303134276
2010,3,9,0.141131609678268,0,1.45549999553623,5.91964600184429,3.76085166505849
2010,3,10,0.767112851142883,0,0.448663796873007,9.19511223162772,2.42635591294096
2010,3,11,1.15412223339081,0,0.960611919486837,12.2325266002906,1.73888840427435
2010,3,12,3.29061484336853,0,2.18692436001948,1.53109272356096,1.40526446624497
2010,3,13,17.0338191986084,0,10.1407282964792,0,4.72128421393095
2010,3,14,14.2220621109009,0,15.6363448775955,0,9.72564328437168
2010,3,15,0.594216048717499,-2.27373675443232e-13,7.40850856394536,0,4.31689156177412
2010,3,16,0.0601237639784813,0,0.331065820479125,0,2.4465755455488
2010,3,17,9.70014880294912e-05,0,0.0312497662562237,0,1.73888840427435
2010,3,18,1.96530987039978e-08,0,5.3850599215366e-05,0,1.35471538472537
2010,3,19,0.00157550303265452,0,0.000753163087210851,0,1.11207979343127
2010,3,20,0.0288941711187363,0,0.0148472338005377,0,0.940212916264621
2010,3,21,0.371560990810394,0,0.176960261334898,0,0.818895120617574
2010,3,22,10.7520914077759,0,5.54879295005958,0,0.849224569529335
2010,3,23,2.99735140800476,2.27373675443232e-13,6.87505982929724,0,0.869444202137177
2010,3,24,0.0389699451625347,-2.27373675443232e-13,1.56406779973258,0,0.778455855401891
2010,3,25,2.97937297821045,0,1.46071247496366,0,0.909883467352859
2010,3,26,21.5817909240723,-6.82121026329696e-13,12.2708703915487,2.27373675443232e-13,6.01534070083279
2010,3,27,0.042549230158329,0,12.0964288964788,-4.54747350886464e-13,2.97228599335267
2010,3,28,9.42644214630127,0,4.35439624216815,0,2.3960264640292
2010,3,29,5.91667604446411,0,7.67180050252136,0,3.6698633183232
2010,3,30,0.127014592289925,0,3.37778112549859,0,2.12306142382334
2010,3,31,2.69823813141556e-05,0,0.0645294651185395,0,1.54680189449986
2010,4,1,0.00248176651075482,0,0.00119375405847677,0,1.23339758907832
2010,4,2,6.08482223469764e-05,0,0.00134086021353141,2.27373675443232e-13,1.03120126299991
2010,4,3,0.217956259846687,0,0.105863842938561,-2.27373675443232e-13,0.91999328365678
2010,4,4,2.03483128547668,0,1.09925235323317,0,0.798675488009732
2010,4,5,0.92348837852478,0,1.50361182266352,0,0.727906773882288
2010,4,6,5.83774328231812,0,3.33871995272784,0,0.788565671705811
2010,4,7,1.26095604896545,0,3.55296247017759,0,0.707687141274446
2010,4,8,30.1808013916016,0,15.640716718608,0,5.74237566062693
2010,4,9,0.285588085651398,0,15.2571804966246,0,3.06327434008796
2010,4,10,5.50103468412999e-05,0,0.146076776170958,0,1.67822950645083
2010,4,11,0.0033496639225632,0,0.00153974163913517,0,1.23339758907832
2010,4,12,0,0,0.00180494981759693,0,1.00087181408815
2010,4,13,0,0,0,0,0.859334385833256
2010,4,14,2.03202162083471e-05,0,9.31674367166124e-06,0,0.75823622279405
2010,4,15,0,0,1.02705998870078e-05,0,0.687467508666605
2010,4,16,0.742230713367462,0,0.319814197035157,0,0.647028243450922
2010,4,17,1.58395731449127,0,1.13917328096068,0,0.626808610843081
2010,4,18,0.000106245483038947,0,0.809178411876928,0,0.545930080411716
2010,4,19,3.37465826305561e-06,0,5.91362040722743e-05,0,0.505490815196033
2010,4,20,1.60039544425672e-05,0,9.24748019315302e-06,0,0.475161366284271
2010,4,21,4.64540207758546e-05,2.27373675443232e-13,2.80347703665029e-05,0,0.45494173367643
2010,4,22,0.0454894229769707,-2.27373675443232e-13,0.0285290526990138,0,0.434722101068588
2010,4,23,0.751740753650665,0,0.452210405324877,0,0.424612284764668
2010,4,24,5.87808465957642,0,2.84051241038105,0,0.434722101068588
2010,4,25,11.7158670425415,0,8.66246380840676,0,0.535820264107795
2010,4,26,8.66800594329834,0,10.2000840907094,0,0.60658897823524
2010,4,27,0.49950036406517,0,4.66528989456856,0,0.535820264107795
2010,4,28,0.0401315726339817,0,0.250306064193865,0,0.434722101068588
2010,4,29,9.97633396764286e-05,0,0.0157144420336408,0,0.374063203245064
2010,4,30,0.0270525924861431,0,0.0121889541369455,0,0.363953386941144
2010,5,1,12.1901006698608,0,6.10582417725163,0,0.434722101068588
2010,5,2,18.251163482666,0,15.2096590493893,0,1.42548409885281
2010,5,3,5.01707601547241,0,11.641257064719,0,2.21404977055862
2010,5,4,2.43174314498901,0,3.73553832805555,0,1.29405648690184
2010,5,5,0.00148453237488866,0,1.23743683850626,0,0.940212916264621
2010,5,6,1.41830182075501,0,0.642675594252069,0,0.778455855401891
2010,5,7,0.00586469797417522,0,0.813148111752525,0,0.636918427147002
2010,5,8,3.72657799720764,0,1.81970206652113,0,0.596479161931319
2010,5,9,0.0128500768914819,0,1.94058854039758,0,0.485271182588192
2010,5,10,0.0764741599559784,0,0.0487885416696372,0,0.424612284764668
2010,5,11,13.2417583465576,0,5.92061817770809,0,0.859334385833256
2010,5,12,4.98167991638184,0,9.12709211176116,0,3.82151056288201
2010,5,13,15.2776584625244,0,10.0580378994782,0,3.3766786455095
2010,5,14,1.24810540676117,0,8.5000330118055,0,1.68833932275475
2010,5,15,0.0950580611824989,0,0.775503519762424,0,1.16262887495088
2010,5,16,1.75914418697357,0,0.899526456243621,0,0.930103099960701
2010,5,17,2.18661570549011,0,1.9649664296594,-2.27373675443232e-13,3.36656882920558
2010,5,18,14.7743797302246,0,8.29639118942941,2.27373675443232e-13,3.11382342160756
2010,5,19,0.781837999820709,0,7.78227130038431,0,1.82987675100964
2010,5,20,0.199644431471825,0,0.51234459223997,0,1.32438593581361
2010,5,21,8.80064964294434,2.27373675443232e-13,4.49895601438766,0,1.14240924234303
2010,5,22,3.14095997810364,-2.27373675443232e-13,6.01423916665226,0,0.990761997784225
2010,5,23,0.0141268968582153,2.27373675443232e-13,1.60324010028853,0,0.818895120617574
2010,5,24,2.6788640752784e-05,-2.27373675443232e-13,0.00721853238428594,0,0.697577324970526
2010,5,25,0.0161007344722748,0,0.0073768255970208,0,0.626808610843081
2010,5,26,0.0174114983528852,0,0.0166967247205321,0,0.566149713019557
2010,5,27,1.13603711128235,0,0.570242988786049,0,0.535820264107795
2010,5,28,6.84873771667481,0,3.82326086154717,0,1.96130436296061
2010,5,29,0.58947616815567,-2.27373675443232e-13,3.73362276721673,0,0.91999328365678
2010,5,30,0.0187319684773684,2.27373675443232e-13,0.292263193885447,0,0.596479161931319
2010,5,31,0.657834410667419,0,0.274007678861381,0,0.485271182588192
2010,6,1,6.04067707061768,0,3.18763701571515,0,0.485271182588192
2010,6,2,0.590041935443878,0,3.37312144192038,0,0.46505154998035
2010,6,3,12.5391178131104,0,5.62690827359984,0,0.444831917372509
2010,6,4,5.25783538818359,0,8.90572342859377,0,1.99163381187237
2010,6,5,1.05815744400024,-2.27373675443232e-13,3.2025517850343,0,0.909883467352859
2010,6,6,8.48757076263428,2.27373675443232e-13,4.75896096984798,0,0.778455855401891
2010,6,7,0.65160208940506,0,4.62356805377203,0,1.19295832386264
2010,6,8,0.0603010654449463,0,0.361824999650707,0,0.60658897823524
2010,6,9,12.247857093811,0,5.9043237767437,0,0.545930080411716
2010,6,10,6.53523969650269,0,9.43693659049313,0,0.525710447803874
2010,6,11,0.363920539617538,0,3.5183329255924,0,0.515600631499954
2010,6,12,15.2818288803101,0,6.30904937176456,0,9.51333714198934
2010,6,13,24.5755157470703,0,19.5601066206473,0,24.7690499446056
2010,6,14,11.1616687774658,0,18.0593237431131,0,7.99686469640124
2010,6,15,17.0842094421387,0,13.9550884613636,0,12.3339758907832
2010,6,16,8.5559024810791,0,12.8372536435563,0,4.62018605089174
2010,6,17,0,0,5.16945675793613,0,2.33536756620567
2010,6,18,0.514378964900971,0,0.251681914447545,0,1.54680189449986
2010,6,19,27.2313690185547,0,13.6802340608811,0,10.7164052821559
2010,6,20,2.07852220535278,0,14.6666407003395,0,4.3573308269898
2010,6,21,1.5977166891098,0,1.83272967939411,0,3.65975350201928
2010,6,22,28.144380569458,0,12.0414603364152,0,16.5800987384299
2010,6,23,7.1492166519165,0,17.6567007022859,2.27373675443232e-13,6.63203949537195
2010,6,24,0.00062954833265394,0,3.64296232063498,-2.27373675443232e-13,2.7397602183625
2010,6,25,9.4193710538093e-05,0,0.000381544101401232,2.27373675443232e-13,1.66811969014691
2010,6,26,0.117651164531708,0,0.0562721410678932,-2.27373675443232e-13,1.20306814016656
2010,6,27,0.898231625556946,0,0.505583205675066,0,0.970542365176383
2010,6,28,23.4206562042236,0,10.8578308543802,0,1.11207979343127
2010,6,29,0.256642073392868,0,11.887291030569,0,0.960432548872463
2010,6,30,0.000248052150709555,0,0.131813926956966,0,0.677357692362684
2010,7,1,0.00108331989031285,0,0.00063121961284196,0,0.556039896715636
2010,7,2,4.80650633107871e-05,0,0.000517955948453164,0,0.485271182588192
2010,7,3,5.36631669092458e-05,0,5.12871956743766e-05,-2.27373675443232e-13,0.434722101068588
2010,7,4,1.9388065993553e-05,0,3.82419166271575e-05,2.27373675443232e-13,0.394282835852906
2010,7,5,0.00952485855668783,0,0.00464064850893919,0,0.343733754333302
2010,7,6,0.10251884162426,0,0.0529281330891536,0,0.30329448911762
2010,7,7,0.706668615341187,0,0.393020663770585,0,0.262855223901937
2010,7,8,0,0,0.412941693266475,0,0.232525774990175
2010,7,9,6.02772092819214,0,2.92022605384409,0,0.31340430542154
2010,7,10,4.51452016830444,0,5.27186936616999,0,1.02109144669599
2010,7,11,0.225312948226929,0,2.71407250347329,0,0.45494173367643
2010,7,12,8.10892105102539,0,3.78039700496811,0,0.343733754333302
2010,7,13,0.463581055402756,0,4.84439168887911,0,0.30329448911762
2010,7,14,9.37053871154785,0,3.76728346455639,0,0.272965040205858
2010,7,15,0.000434128072811291,0,4.69696372994804,0,0.212306142382334
2010,7,16,2.56435966491699,0,1.11956762760019,0,0.181976693470572
2010,7,17,1.91833353042603,0,2.18001614752939,0,0.161757060862731
2010,7,18,4.15410041809082,0,2.85263794724597,0,0.141537428254889
2010,7,19,1.62041115760803,0,3.12731615047596,0,0.15164724455881
2010,7,20,2.51819515228272,0,1.94169591004174,0,0.131427611950969
2010,7,21,12.9901132583618,0,7.70657942451726,0,0.414502468460747
2010,7,22,1.98277187347412,0,7.55040699929305,0,3.9124989096173
2010,7,23,6.52205514907837,0,4.1959681436274,0,7.74411928880323
2010,7,24,0.0359570272266865,2.27373675443232e-13,3.32936366461581,0,1.1727386912548
2010,7,25,0.413805723190308,-2.27373675443232e-13,0.207229308249225,0,0.687467508666605
2010,7,26,0.0532392486929894,2.27373675443232e-13,0.243105529421882,0,0.525710447803874
2010,7,27,0.0221647806465626,-2.27373675443232e-13,0.0395032517262734,0,0.343733754333302
2010,7,28,0.141140297055244,0,0.0915990004505147,0,0.262855223901937
2010,7,29,7.05779409408569,0,2.99893025257552,0,0.232525774990175
2010,7,30,0.0153526412323117,0,4.21340281271114,0,0.192086509774493
2010,7,31,0.0587263330817223,0,0.0310616992537689,0,0.15164724455881
2010,8,1,0.970216929912567,0,0.420583261064166,0,0.131427611950969
2010,8,2,0.000262325018411502,0,0.544803060915001,0,0.121317795647048
2010,8,3,0.0176885630935431,0,0.0077632690918108,0,0.101098163039207
2010,8,4,0.413989216089249,0,0.169855934156658,0,0.0889663834745018
2010,8,5,7.67892742156982,0,3.96552124994923,0,0.0889663834745018
2010,8,6,1.0652688741684,0,4.42074843250521,0,0.0778455855401891
2010,8,7,0.0013937548501417,0,0.507266760738276,2.27373675443232e-13,0.0647028243450922
2010,8,8,2.42849982896587e-05,0,0.000836062205053167,-2.27373675443232e-13,0.0556039896715636
2010,8,9,0,0,1.46719758049585e-05,0,0.0495380998892112
2010,8,10,0.00312683032825589,0,0.00203183529447415,0,0.0394282835852906
2010,8,11,2.19440698623657,0,1.01465289971384,0,0.0485271182588192
2010,8,12,10.3117980957031,0,5.99895436787483,0,0.0515600631499954
2010,8,13,0.679609537124634,0,5.97576235519955,0,0.0545930080411716
2010,8,14,1.12421798706055,0,0.910600307321147,0,0.0545930080411716
2010,8,15,3.7493896484375,0,2.37738990375874,0,0.046505154998035
2010,8,16,3.181321144104,0,3.51744958621202,0,0.0404392652156826
2010,8,17,1.46195861816523e-06,0,1.80858349152186,0,0.0343733754333302
2010,8,18,0,0,5.23876224178821e-07,0,0.0323514121725461
2010,8,19,0.00132392230443656,0,0.000641291451756842,0,0.030329448911762
2010,8,20,0.000233964630751871,0,0.000735585254005855,0,0.0272965040205858
2010,8,21,4.30855417251587,0,2.0937556365825,0,0.0333623938029382
2010,8,22,2.86128449440002,0,3.6592259949939,0,0.0384173019548985
2010,8,23,0.00849616620689631,0,1.59326631906879,0,0.0363953386941144
2010,8,24,0.0112057570368052,0,0.0102856519260968,0,0.0343733754333302
2010,8,25,0.012987744063139,0,0.0125205863223528,0,0.031340430542154
2010,8,26,7.09646628820337e-05,0,0.00456739185756305,0,0.0272965040205858
2010,8,27,3.75499348592712e-06,0,4.68147372885142e-05,0,0.0232525774990175
2010,8,28,0.000986758503131568,0,0.000546282415598398,0,0.0192086509774493
2010,8,29,0,0,-0.00115953517524758,0,0.0141537428254889
2010,8,30,0.0295750796794891,0,0.0121302245643165,0,0.015164724455881
2010,8,31,0.016107639297843,0,0.0247181860540877,0,0.0141537428254889
2010,9,1,0,0,0.00797641852113884,0,0.0111207979343127
2010,9,2,0,0,-6.6866195993498e-06,0,0.0094021291626462
2010,9,3,6.62136371829547e-05,0,-0.00289167613300378,0,0.0071779695757836
2010,9,4,0.0290395766496658,0,0.0179702711502614,0,0.0055603989671563
2010,9,5,0,0,0.0140260433472577,0,0.0047516136628427
2010,9,6,7.76205051806755e-05,0,-0.00701409974863054,0,0.0041450246846074
2010,9,7,0.0699312686920166,0,0.0361732748933719,0,0.0031340430542154
2010,9,8,0.306816250085831,0,0.148146951825765,0,0.0022241595868625
2010,9,9,7.34341811039485e-05,0,0.213868856819317,0,0.0013142761195096
2010,9,10,0.0254586208611727,0,-0.00233680695964722,0,0.0006065889782352
2010,9,11,0.353190153837204,0,0.134563520365191,0,0.001010981630392
2010,9,12,3.93494176864624,0,1.66344472307173,0,0.0018197669347057
2010,9,13,1.29551403915684e-06,0,2.18183958245572,0,0.0013142761195096
2010,9,14,0.00231526489369571,0,0.000947955668380018,0,0.000505490815196
2010,9,15,0.0199774466454983,0,0.00973095923109213,0,0.0004043926521568
2010,9,16,1.48539805412292,0,0.6182028068215,0,0.0003032944891176
2010,9,17,0.123327679932117,0,0.873167667588859,0,0
2010,9,18,0,0,0.0946850606887892,0,0
2010,9,19,0.0570920035243034,0,0.00848210893309442,0,0
2010,9,20,0.210177302360535,0,0.136665081226965,0,0
2010,9,21,0.00252360152080655,0,-0.073673537648574,0,0
2010,9,22,2.32098460197449,0,1.0281996117883,0,0
2010,9,23,1.87828397750855,0,2.14145718697182,0,0
2010,9,24,0.0229791980236769,0,1.01503108796169,0,0
2010,9,25,0.0216761101037264,0,0.0224855607521022,0,0
2010,9,26,0,0,0.00940681600332027,0,0
2010,9,27,0.0975794270634651,0,0.0138122630123689,0,0
2010,9,28,0.358531773090363,0,0.263465904186887,0,0
2010,9,29,0.00931334029883146,0,0.183270603025449,0,0
2010,9,30,0,0,0.00461492969770916,0,0
2010,10,1,2.26819789617139e-08,0,6.92307366989553e-09,0,0
2010,10,2,0.846248388290405,0,0.258179973814549,0,0
2010,10,3,3.86560106277466,0,1.79742223707217,0,0
2010,10,4,0.0225865729153156,0,2.47945001006156,0,0
2010,10,5,0,0,-0.0364547939461772,0,0
2010,10,6,3.96028235627455e-06,0,3.29819158650935e-06,0,0
2010,10,7,0.00063939782558009,0,0.000269930835202104,0,0
2010,10,8,2.90807611236232e-06,0,0.000352943086909363,0,0
2010,10,9,0,0,-5.01879185321741e-06,0,0
2010,10,10,0.000120199860248249,0,-0.000393300892028492,0,0
2010,10,11,0.0115083027631044,0,-0.00456040176868555,0,0
2010,10,12,0.129179432988167,0,0.00792071360774571,0,0
2010,10,13,0.816211223602295,0,-0.0438901067136612,0,0
2010,10,14,6.80268907546997,0,3.88421368936542,0,0
2010,10,15,0.0015809740871191,0,2.93104961124482,0,0
2010,10,16,3.26734323152778e-07,0,0.00106352720467839,0,0
2010,10,17,0.000960421981289983,0,-0.0531525604164926,0,0
2010,10,18,0.463184148073196,0,0.14062874973024,0,0
2010,10,19,1.57963168621063,0,1.29402932316589,0,0
2010,10,20,0.0256530530750752,0,0.674300661052257,0,0
2010,10,21,0.0003431526129134,0,0.00856436461981502,0,0
2010,10,22,6.15262470091693e-05,0,-0.000198782810912235,0,0
2010,10,23,0,0,4.3745749280788e-05,0,0
2010,10,24,0.00997227057814598,0,0.0034325589913351,0,0
2010,10,25,0.290518790483475,0,0.139791630528634,0,0
2010,10,26,3.34087491035461,0,0.799221578912693,0,0
2010,10,27,11.3027639389038,0,8.09892571095043,0,0
2010,10,28,0.015380185097456,0,6.09412712452831,0,0
2010,10,29,0,0,0.00956728939854656,0,0
2010,10,30,1.82767435035203e-05,0,-0.00021296864724718,0,0
2010,10,31,0.000272900244453922,0,0.000119745647680247,2.27373675443232e-13,0
2010,11,1,1.29793243104359e-05,0,0.000124446185509441,-2.27373675443232e-13,0
2010,11,2,9.00399973033927e-05,0,6.91580899001565e-05,0,0
2010,11,3,0,0,-0.00351870111990138,0,0
2010,11,4,0.0301402397453785,0,-0.0699258128443034,0,0
2010,11,5,0.773952841758728,0,0.542403724168253,0,0
2010,11,6,0.159092783927917,0,0.429194105825445,0,0
2010,11,7,0.000253538571996614,0,0.0652130919079355,0,0
2010,11,8,5.21801703143865e-05,0,0.000134498415718554,0,0
2010,11,9,5.20658977620769e-05,0,5.21446345373988e-05,0,0
2010,11,10,7.46063642509398e-06,0,3.81912686862052e-05,0,0
2010,11,11,6.4359453972429e-05,0,2.35731495195068e-05,0,0
2010,11,12,1.80676433956251e-05,0,5.19810419064015e-05,0,0
2010,11,13,0.40840545296669,0,0.127009766099945,0,0
2010,11,14,7.2882285118103,0,2.56224961447151,0,0
2010,11,15,0.000964819802902639,0,4.37406609957907,0,0
2010,11,16,5.06015968322754,0,2.4929994313643,0,0.0202196326078413
2010,11,17,20.7648544311523,0,12.9043328047301,2.27373675443232e-13,0.0707687141274446
2010,11,18,0.463077336549759,0,10.6149545206135,0,0.031340430542154
2010,11,19,0.0917349234223366,0,0.29013387931991,0,0.0232525774990175
2010,11,20,0.072974219918251,0,0.0835598099147319,0,0.0212306142382334
2010,11,21,0.0235801376402378,0,0.0508515275432728,0,0.0252745407598017
2010,11,22,0.0426165871322155,0,0.0320035681506852,0,0.0353843570637223
2010,11,23,9.50627899169922,0,4.40628697765351,0,0.076834603909797
2010,11,24,3.04705095291138,0,6.28747959336761,0,0.0323514121725461
2010,11,25,42.828800201416,0,21.8645006765873,0,0.171866877166651
2010,11,26,24.2648296356201,-2.27373675443232e-13,33.5768351526203,-2.27373675443232e-13,1.05142089560775
2010,11,27,1.69583141803741,-2.27373675443232e-13,13.0587490954022,0,0.60658897823524
2010,11,28,0.0436614416539669,-2.27373675443232e-13,0.922620509980334,0,0.242635591294096
2010,11,29,0.447885543107986,4.54747350886464e-13,0.24180702954618,0,0.141537428254889
2010,11,30,28.380012512207,-2.27373675443232e-13,14.3846360024072,4.54747350886464e-13,3.73052221614672
2010,12,1,2.99833345413208,0,15.7285170380419,0,2.72965040205858
2010,12,2,0.313317447900772,0.039803400857636,1.6183290065128,0,1.26372703799008
2010,12,3,0.0496783666312695,0.0404547423743225,0.142970030941797,0,0.798675488009732
2010,12,4,2.27204775810242,0,1.15277293325562,0,0.60658897823524
2010,12,5,2.83901715278626,0.880049668078982,1.67540746004306,0,0.404392652156826
2010,12,6,0.266858786344528,1.03911992498161,0.55756869554898,0,0.262855223901937
2010,12,7,0.0159085504710674,0.158784954355269,0,0,0.171866877166651
2010,12,8,0.000517892360221595,0.00799621446549281,0,0,0.121317795647048
2010,12,9,0,0.000294638326295171,0,0,0.111207979343127
2010,12,10,0.121573634445667,0.039851811806102,0.020700196026155,0,0.111207979343127
2010,12,11,0.503817617893219,0.0401906282713753,0.271624645436532,0.526871607626845,0.111207979343127
2010,12,12,7.32326650619507,0,3.74277116170197,0.555819410394179,0.141537428254889
2010,12,13,3.39741897583008,1.69583752785729,3.66782387282728,0,0.202196326078413
2010,12,14,0.0558651052415371,1.74395114434196,0,0,0.192086509774493
2010,12,15,0.0636546835303307,0.0596681966776487,0,0,0.171866877166651
2010,12,16,5.88446426391602,2.80043363383129,0,0,0.171866877166651
2010,12,17,0.629517376422882,3.38899249781798,0,0,0.161757060862731
2010,12,18,0.0177833680063486,0.300302580753169,0,0,0.15164724455881
2010,12,19,0.00473285559564829,0.0115753214686265,0,0,0.141537428254889
2010,12,20,0.185298383235931,0.102509870750282,0,0,0.111207979343127
2010,12,21,4.26005697250366,0.478988380327792,1.73270954627151,0,0.111207979343127
2010,12,22,0.367679983377457,0.392635627224536,1.94483773385946,0,0.111207979343127
2010,12,23,0.00600738497450948,0.00282967914495202,0.188222866923752,0,0.111207979343127
2010,12,24,0.00955053512006998,0.00415605184593915,0.00349888315031421,0,0.101098163039207
2010,12,25,0.769917249679565,0.217399829981332,0.162610838608089,0,0.101098163039207
2010,12,26,0.12858372926712,0.299857461810689,0.177173504642269,0,0.101098163039207
2010,12,27,0.0256010759621859,0.0819375908063194,0,0,0.0899773651048939
2010,12,28,0.00280913733877242,0.0146728820154749,0,0,0.0849224569529335
2010,12,29,0.0900968387722969,0.0324423120589472,0.0124839238014829,0,0.101098163039207
2010,12,30,5.24135398864746,0.0321256541826642,2.63250067061017,0.145263994596917,1.93097491404885
2010,12,31,0.702406704425812,0,2.99445655179079,4.07270862465543,4.49886825524469
2011,1,1,11.7405042648315,0,6.19196666265634,7.75077602621991,3.33623938029382
2011,1,2,0.49862340092659,0.0495812009585279,6.07675453853517,1.09816753089331,2.80041911618602
2011,1,3,2.09774443646893e-05,0.0516416324785496,0.207689891623886,0,1.65800987384299
2011,1,4,0,7.89891032582091e-06,2.61854438576847e-06,0,1.273836854294
2011,1,5,3.93828267988283e-05,1.45878600505966e-05,6.14340751781128e-06,0,1.02109144669599
2011,1,6,0.175747215747833,0.0408858533548937,0.0343726363498718,0,0.869444202137177
2011,1,7,0.537241101264954,0.314470748180611,0.0414581421682669,0,0.76834603909797
2011,1,8,1.24470901489258,0.875533319507213,0.00124589997722069,0,0.556039896715636
2011,1,9,0.00576913869008422,0.716341019650145,3.63797880709171e-12,0,0.444831917372509
2011,1,10,0.092641569674015,0.0545508725583659,0,0,0.424612284764668
2011,1,11,2.1216676235199,1.10099572509125,0,0,0.404392652156826
2011,1,12,4.76008939743042,3.2494407987856,0,0,0.384173019548985
2011,1,13,0.39979550242424,2.66632828940647,-3.63797880709171e-12,0,0.374063203245064
2011,1,14,0.00282832910306752,0.188545412815984,3.63797880709171e-12,0,0.343733754333302
2011,1,15,0.00482956599444151,0.00251504938114522,0.00108090474532219,0,0.323514121725461
2011,1,16,0.00346618657931685,0.00268735020267741,0.00150883383321343,0,0.31340430542154
2011,1,17,0.0499556288123131,0.0246986390620805,0,0,0.30329448911762
2011,1,18,2.75839781761169,0.0298790433387239,1.1085679606731,0,0.444831917372509
2011,1,19,4.43840408325195,-1.36424205265939e-12,3.57197368955895,-9.09494701772928e-13,0.91999328365678
2011,1,20,2.4165472984314,1.0708842278566,2.35734060615141,0,0.788565671705811
2011,1,21,7.15911436080933,4.63124153909848,0.137684263663687,0,0.525710447803874
2011,1,22,5.64915244467557e-05,3.75660132551911,0,0,0.515600631499954
2011,1,23,0.149975031614304,0.088595218756609,0,0,0.485271182588192
2011,1,24,0.439592510461807,0.286226450506774,0,0,0.46505154998035
2011,1,25,0.0174620002508163,0.228048798281407,0.00553326965018641,0,0.45494173367643
2011,1,26,0.0248139631003141,0.00914309720951678,0.0117135147702356,0,0.485271182588192
2011,1,27,0.028886791318655,0.0126133593560098,0.0141155768724275,0,0.45494173367643
2011,1,28,1.25235557556152,0.246661155341599,0.272136666739243,0,0.444831917372509
2011,1,29,0.0230602528899908,0.31028414509683,0.343349547543767,0,0.394282835852906
2011,1,30,0.0319028086960316,0.00486353368728487,0.0217391101650719,0,0.363953386941144
2011,1,31,0.748016536235809,0.201634580182827,0.15003946937577,0,0.323514121725461
2011,2,1,11.1391153335571,2.86842435507356,3.06120677111903,-2.27373675443232e-13,0.444831917372509
2011,2,2,15.4929122924805,2.68401902326764,10.603340106878,0,1.37493501733321
2011,2,3,0.12064865231514,0.0592701616719751,7.88182506732846,0,1.21317795647048
2011,2,4,0.0113609898835421,0.06917232001706,0,0,0.940212916264621
2011,2,5,1.96643304824829,0.71865974938919,0.241683792872209,0,0.909883467352859
2011,2,6,2.78050422668457,0.73677035027572,1.63530713810542,0,0.849224569529335
2011,2,7,0.400716245174408,-4.54747350886464e-13,1.60003929142476,0,0.808785304313653
2011,2,8,0.389522582292557,0.203912042148431,0.190944407571806,0,0.687467508666605
2011,2,9,0.013815782032907,0.172263401387227,0,0,0.505490815196033
2011,2,10,0.00140466808807105,0.00809274061361975,0,-2.27373675443232e-13,0.545930080411716
2011,2,11,0,0.000744822815704538,0,2.27373675443232e-13,0.505490815196033
2011,2,12,0.00346496538259089,0.000231617342933532,0.00128802903418546,0,0.45494173367643
2011,2,13,3.53828618244734e-05,0.000326801705568869,0.00183083894080482,0.960588603377118,0.596479161931319
2011,2,14,0.0143890585750341,0,0.00719810010559741,3.64950835646118,1.98152399556845
2011,2,15,0.000165476711117663,0,0.0073162342341675,2.41579282062003,2.4971246270684
2011,2,16,0.039454311132431,0,0.0191587972767593,1.60586746444733,1.78943748579396
2011,2,17,0.00952488277107477,0,0.0245828001279733,7.19485630219742,2.12306142382334
2011,2,18,0.0478021055459976,0,0.0273213648943056,11.2602802646741,1.90064546513708
2011,2,19,1.01963851193432e-05,0,0.0240138294357166,0.860687446673182,1.39515464994105
2011,2,20,0.69414347410202,0,0.307831106147205,0,1.1727386912548
2011,2,21,8.38707828521729,0,4.35847951449978,0,8.10807267574437
2011,2,22,29.6772613525391,0,18.9327975480264,-4.54747350886464e-13,14.9625281298026
2011,2,23,0.195476248860359,0.00740280172112762,16.9732144948503,0,4.66062531610742
2011,2,24,3.44097709655762,0.00895958813885045,1.74037408725417,0.0189201529335605,3.39689827811734
2011,2,25,29.9547882080078,-2.27373675443232e-13,16.6909135351161,-2.27373675443232e-13,16.1757060862731
2011,2,26,0.660867631435394,-2.27373675443232e-13,15.3256755755465,-2.27373675443232e-13,6.32874500625433
2011,2,27,0.602719068527222,-2.27373675443232e-13,0.633591038065788,0,3.60920442049968
2011,2,28,25.3336334228516,-2.27373675443232e-13,11.593516024077,0,7.05665178013662
2011,3,1,0.46498966217041,-9.09494701772928e-13,12.9126745897192,0,4.45842899002901
2011,3,2,3.73417169612367e-05,0,0.233076959488244,-2.27373675443232e-13,2.56789334119585
2011,3,3,0.00465911952778697,0,0.0020778071739187,2.27373675443232e-13,1.89053564883316
2011,3,4,4.62213611602783,-2.27373675443232e-13,2.2969717429005,0,1.78943748579396
2011,3,5,48.244255065918,0,25.9501561574689,0,27.2965040205858
2011,3,6,6.95615816116333,2.27373675443232e-13,28.9285576115071,-2.27373675443232e-13,13.9515464994105
2011,3,7,0.000645590655039996,-2.27373675443232e-13,3.48031572965192,0,5.38853208998971
2011,3,8,0.404824674129486,0,0.197146184877056,2.27373675443232e-13,3.31601974768598
2011,3,9,17.5569267272949,0,8.2433710933401,-2.27373675443232e-13,11.1207979343127
2011,3,10,6.22923517227173,-2.27373675443232e-13,11.9259751893878,0,7.96653524748948
2011,3,11,0.220114961266518,0,3.22894679056117,0,3.9124989096173
2011,3,12,0.00647902907803655,0,0.115046049766534,0,2.50723444337232
2011,3,13,0.000108309672214091,0,0.00341027232207125,0,1.72877858797043
2011,3,14,0.21309594810009,0,0.104607961558941,0,1.34460556842145
2011,3,15,5.03748607635498,0,2.41628455200771,0,1.34460556842145
2011,3,16,4.86049318313599,0,4.94932072506344,0,1.35471538472537
2011,3,17,0.0702504962682724,0,2.51138337278462,0,1.19295832386264
2011,3,18,0.290309339761734,0,0.177764951633435,0,1.29405648690184
2011,3,19,4.81289196014404,0,2.46135499551019,0,1.31427611950969
2011,3,20,0.354170739650726,0,2.59722088852504,0,1.13229942603911
2011,3,21,1.26361441612244,0,0.80727641111298,0,1.09186016082343
2011,3,22,0.577699601650238,-2.27373675443232e-13,0.930574272158992,0,0.960432548872463
2011,3,23,0.643112301826477,2.27373675443232e-13,0.604319385554845,0,0.909883467352859
2011,3,24,3.8001503944397,0,2.17697293020683,0,0.960432548872463
2011,3,25,0.209398403763771,0,2.02248799708104,0,0.788565671705811
2011,3,26,0.0992691591382027,0,0.155651064927952,0,0.717796957578367
2011,3,27,0.231886833906174,0,0.162567288287391,0,0.647028243450922
2011,3,28,0.00416547153145075,0,0.121076586743584,0,0.596479161931319
2011,3,29,0.000353673123754561,0,0.00226065207243664,0,0.545930080411716
2011,3,30,0.231970459222794,0,0.11346258764388,0,0.525710447803874
2011,3,31,0.17790125310421,0,0.209584351461672,0,0.515600631499954
2011,4,1,0.226954951882362,0,0.201014226320694,0,0.505490815196033
2011,4,2,3.56593823432922,0,1.77593530434024,0,0.495380998892112
2011,4,3,0.00812036730349064,0,1.90430421753626,0,0.424612284764668
2011,4,4,6.15533542633057,0,2.88201655584635,0,13.1427611950969
2011,4,5,37.5334892272949,-4.54747350886464e-13,21.7121512932354,0,19.10755281441
2011,4,6,0.0530070103704929,-6.82121026329696e-13,18.7953186008344,0,5.08523760087209
2011,4,7,0.0953261703252792,0,0.0731875202982337,0,2.89140746292131
2011,4,8,0.478469789028168,0,0.281499518274359,0,1.88042583252924
2011,4,9,1.5521537065506,0,0.956194846708968,0,3.92260872592122
2011,4,10,14.9305353164673,0,8.21633099073006,0,5.41886153890147
2011,4,11,5.04684782028198,0,10.0443454679189,0,4.5999664182839
2011,4,12,15.5700454711914,0,10.2842447022304,0,6.91511435188173
2011,4,13,0.238470628857613,0,7.91894963376399,0,3.39689827811734
2011,4,14,0.000305636931443587,-2.27373675443232e-13,0.124070990510518,0,2.12306142382334
2011,4,15,1.59213995933533,2.27373675443232e-13,0.778247561636817,0,1.58724115971554
2011,4,16,10.0286026000977,0,5.65848725080286,0,1.45581354776458
2011,4,17,1.24351346492767,0,5.89640747298108,0,1.16262887495088
2011,4,18,0.347332447767258,0,0.7964198679947,0,0.990761997784225
2011,4,19,35.1546211242676,0,17.6656437750353,0,14.8614299667634
2011,4,20,42.4595565795898,-4.54747350886464e-13,38.8042311696117,0,33.8678846181342
2011,4,21,1.26462340354919,-6.82121026329696e-13,21.9402773244037,0,7.61269167685226
2011,4,22,1.99742019176483,0,1.60025673564087,0,4.86282164218584
2011,4,23,18.0186252593994,0,9.90607821974118,0,8.69444202137177
2011,4,24,10.7063512802124,0,14.3759181500063,0,9.10894448983252
2011,4,25,12.488790512085,0,11.5916574220319,0,18.2987675100964
2011,4,26,15.0932865142822,0,13.7880099939684,0,16.3779024123515
2011,4,27,23.568286895752,0,19.2654020222544,0,23.5558719881351
2011,4,28,8.25775146484375,0,15.922268452985,0,8.39114753225415
2011,4,29,2.79253005981445,0,5.55310174639089,0,5.31776337586227
2011,4,30,0.0239547751843929,0,1.45188909733042,0,3.45755717594087
2011,5,1,6.80935621261597,0,2.86055979179946,0,3.39689827811734
2011,5,2,37.6937408447266,0,19.4083125392208,0,23.3536756620567
2011,5,3,24.5009155273438,0,31.1162341235977,0,28.0041911618602
2011,5,4,2.63293552398682,0,13.567712078333,0,8.01708432900908
2011,5,5,0.367840528488159,0,1.50090729424483,0,4.31689156177412
2011,5,6,0.0736323222517967,0,0.222406387383671,0,2.88129764661739
2011,5,7,0.820088982582092,0,0.431491347808333,0,2.07251234230374
2011,5,8,6.57942819595337,0,3.66351262807802,0,2.81052893248994
2011,5,9,0.0394279770553112,0,3.32691104362675,0,1.8096571184018
2011,5,10,0.0434055551886559,0,0.0413015539634216,0,1.42548409885281
2011,5,11,0.000290634721750394,0,0.0228505339946423,0,1.1727386912548
2011,5,12,0.00146217062138021,2.27373675443232e-13,0.000792800485214684,0,0.980652181480304
2011,5,13,0.272391557693481,0,0.111405731309787,0,0.869444202137177
2011,5,14,4.67171716690064,-2.27373675443232e-13,2.38620436528072,0,0.990761997784225
2011,5,15,13.3607969284058,0,8.90976879618029,0,1.54680189449986
2011,5,16,5.89290571212769,0,10.004281741145,0,2.58811297380369
2011,5,17,0.848180651664734,0,3.62967147917516,0,1.53669207819594
2011,5,18,3.47477602958679,0,2.14135019035894,0,1.23339758907832
2011,5,19,1.40099596977234,0,2.45735741463068,0,1.08175034451951
2011,5,20,0.0107170473784208,0,0.722113105028257,0,0.960432548872463
2011,5,21,0.0472803935408592,0,0.02784068119945,0,0.849224569529335
2011,5,22,2.94729232788086,0,1.441574921133,0,0.778455855401891
2011,5,23,12.5212287902832,0,7.29364193780566,0,1.63779024123515
2011,5,24,10.2610177993774,0,11.425527729305,0,2.48701481076448
2011,5,25,4.26328754425049,0,7.28317268885803,0,2.57800315749977
2011,5,26,33.3977394104004,0,17.6176506295415,0,18.1976693470572
2011,5,27,5.50561094284058,0,19.4522330736945,0,6.9959928823131
2011,5,28,0.0655878111720085,0,2.93504901026972,0,3.95293817483298
2011,5,29,0.191663682460785,0,0.127326800116862,0,2.50723444337232
2011,5,30,0.0147894043475389,0,0.104031609556841,0,1.68833932275475
2011,5,31,0.00311706215143204,0,0.00897517045814311,0,1.26372703799008
2011,6,1,0.0260810311883688,0,0.0158178649762704,0,1.02109144669599
2011,6,2,9.6947951533366e-06,0,0.013297944336955,0,0.859334385833256
2011,6,3,1.9625544155133e-05,0,1.42720164149068e-05,0,0.748126406490129
2011,6,4,0.376012980937958,0,0.173656576644134,0,0.647028243450922
2011,6,5,5.0615382194519,0,2.52536339548169,0,0.576259529323478
2011,6,6,0.00986852496862411,0,3.05168021582358,0,0.515600631499954
2011,6,7,0.0110125346109271,0,0.0103998894483084,0,0.46505154998035
2011,6,8,0.0290159080177546,0,0.0193564650508051,-2.27373675443232e-13,0.414502468460747
2011,6,9,0.0500545501708984,0,0.0379404729283124,2.27373675443232e-13,0.353843570637223
2011,6,10,1.87083339691162,0,0.711652410518582,0,0.333623938029382
2011,6,11,20.5741806030273,0,11.2001478016209,0,0.384173019548985
2011,6,12,0.737808883190155,0,10.6640299592909,0,0.343733754333302
2011,6,13,0.13605047762394,0,0.447352236446022,0,0.283074856509778
2011,6,14,0.0546865239739418,0,0.0871865822737163,0,0.242635591294096
2011,6,15,1.38983547687531,0,0.72163949114838,0,0.262855223901937
2011,6,16,12.9062805175781,0,6.77593563231494,0,0.333623938029382
2011,6,17,0.103430069983006,0,6.50901654094196,0,0.272965040205858
2011,6,18,5.65107154846191,0,2.81614339371299,0,0.232525774990175
2011,6,19,6.86554908752441,0,6.24877994989947,0,0.252745407598017
2011,6,20,19.3273677825928,0,13.0142756391979,0,6.9959928823131
2011,6,21,12.4323024749756,0,15.9223501249435,0,6.05577996604848
2011,6,22,4.81993055343628,0,8.62654414640565,0,3.06327434008796
2011,6,23,4.55445957183838,0,4.6900176934796,0,1.66811969014691
2011,6,24,0.803258359432221,0,2.85541715069121,0,1.08175034451951
2011,6,25,1.28451251983643,0,1.02896951082221,0,0.778455855401891
2011,6,26,14.7610216140747,0,6.30705721899722,0,0.899773651048939
2011,6,27,1.79011380672455,0,8.65039088537014,0,2.42635591294096
2011,6,28,4.09337568283081,0,2.80771531865321,0,2.09273197491158
2011,6,29,0.018818661570549,0,2.07237836047716,0,1.10196997712735
2011,6,30,0.341756165027618,0,0.174857345024066,0,0.788565671705811
2011,7,1,1.12679767608643,0,0.695490327525477,0,0.626808610843081
2011,7,2,1.82302033901215,0,1.44708675463335,0,0.535820264107795
2011,7,3,0.264352560043335,0,1.05628283067927,0,0.45494173367643
2011,7,4,0.464920729398727,0,0.364600029453868,0,0.404392652156826
2011,7,5,1.7808290719986,0,1.12076323913061,0,0.363953386941144
2011,7,6,0.00539073720574379,0,0.821129707343062,0,0.31340430542154
2011,7,7,0.612557947635651,0,0.276924934201816,0,0.272965040205858
2011,7,8,8.21112823486328,0,4.3352262650078,0,0.242635591294096
2011,7,9,0.148414343595505,0,4.18338610173669,0,0.252745407598017
2011,7,10,0.34933403134346,0,0.242281706901849,0,0.212306142382334
2011,7,11,0.340942054986954,0,0.345358039223356,0,0.171866877166651
2011,7,12,0.86790007352829,0,0.553709162901214,0,0.15164724455881
2011,7,13,0.00160252396017313,0,0.510079190244142,0,0.131427611950969
2011,7,14,0.00031334807863459,0,0.00104569271934452,0,0.111207979343127
2011,7,15,1.00857914731023e-05,0,0.00018947824719362,-2.27373675443232e-13,0.0909883467352859
2011,7,16,0.000357397017069161,-2.27373675443232e-13,0.000238065047597047,2.27373675443232e-13,0.0788565671705811
2011,7,17,0.0362245887517929,2.27373675443232e-13,0.0227529233234236,0,0.0707687141274446
2011,7,18,1.39069736003876,0,0.667040550310048,0,0.0636918427147002
2011,7,19,0.00192582840099931,0,0.851451841466769,0,0.0566149713019557
2011,7,20,0.427643239498138,0,0.186488508159528,0,0.0495380998892112
2011,7,21,3.18847274780273,0,1.52800334942731,2.27373675443232e-13,0.0424612284764668
2011,7,22,0.0707523822784424,0,1.77937931862834,-2.27373675443232e-13,0.0363953386941144
2011,7,23,0.0145967407152057,0,0.0371956547460286,0,0.030329448911762
2011,7,24,1.50665819644928,0,0.688568145749741,0,0.0262855223901937
2011,7,25,2.35583281517029,0,1.89398537820671,0,0.0262855223901937
2011,7,26,0.00661160424351692,0,1.21552872982284,0,0.0222415958686255
2011,7,27,0.0140703292563558,0,0.0110667247499805,0,0.0192086509774493
2011,7,28,0.00324502889998257,0,0.00783976561797317,0,0.0161757060862731
2011,7,29,0.291009485721588,-2.27373675443232e-13,0.130654985594447,0,0.0131427611950969
2011,7,30,13.3877840042114,2.27373675443232e-13,6.16637462650397,0,0.0111207979343127
2011,7,31,0.329917669296265,0,6.89258053792582,0,0.0212306142382334
2011,8,1,0,0,0.168160007124243,0,0.0242635591294096
2011,8,2,0.0303099304437637,0,-0.0151022108912002,0,0.015164724455881
2011,8,3,4.16599082946777,0,2.10065248409956,0,0.0111207979343127
2011,8,4,5.72524976730347,0,4.87392899476254,0,0.0094021291626462
2011,8,5,0.041444219648838,0,3.55243380804313,0,0.031340430542154
2011,8,6,0.705060660839081,0,0.291705984287546,0,0.0222415958686255
2011,8,7,6.86736392974854,0,3.01080175967218,0,0.015164724455881
2011,8,8,3.78008937835693,0,5.54333374368434,0,0.0121317795647048
2011,8,9,7.80415391921997,0,5.76709029557969,0,0.0141537428254889
2011,8,10,4.89114046096802,0,6.78062332289119,0,0.0202196326078413
2011,8,11,0,0,2.55405831625103,0,0.0161757060862731
2011,8,12,0.000123064979561605,0,-0.0873556237856974,0,0.0101098163039207
2011,8,13,0.349013477563858,0,0.188710288013681,0,0.0074812640649012
2011,8,14,5.16120624542236,0,3.04867618616845,0,0.0062680861084308
2011,8,15,0.337369531393051,0,2.54147737153107,0,0.0064702824345092
2011,8,16,0.0128517812117934,0,0.241271914521349,0,0.00636918427147
2011,8,17,0,0,-0.00244864706473891,0,0.0053582026410779
2011,8,18,0.0577969923615456,0,0.0166598770665587,0,0.0051560063149995
2011,8,19,1.8221492767334,0,0.582311934886093,0,0.0083911475322541
2011,8,20,0.00334361498244107,0,1.34605148291303,0,0.003942828358529
2011,8,21,1.75920915603638,0,0.458874518459197,0,0.003437337543333
2011,8,22,1.72908198833466,0,1.81248206055898,0,0.0036395338694114
2011,8,23,0,0,1.21599152965791,0,0.0030329448911762
2011,8,24,1.27947413921356,0,0.404414174845442,0,0.0030329448911762
2011,8,25,4.48969793319702,0,2.74280735486536,0,0.0025274540759801
2011,8,26,0.00549984676763415,0,2.72240315020463,0,0.0017186687716665
2011,8,27,8.7190855992958e-06,0,-0.0183928253536578,0,0.0013142761195096
2011,8,28,0.00122858106624335,0,0.000663258608256001,0,0.0006065889782352
2011,8,29,5.16174877702724e-05,0,0.000693947127729189,0,0.0004043926521568
2011,8,30,1.93716141438927e-06,0,-6.16569741396233e-06,0,0.0002021963260784
2011,8,31,0.304906845092773,0,0.0787647404067684,0,0.0001010981630392
2011,9,1,0.417350709438324,0,0.361398106717388,-2.27373675443232e-13,0
2011,9,2,0.0834289938211441,0,0.298942202920443,2.27373675443232e-13,0
2011,9,3,0.162934109568596,0,-0.493767743326316,0,0
2011,9,4,10.2627620697021,0,3.9244811695753,0,0
2011,9,5,6.55544805526733,0,8.96352761179151,0,0
2011,9,6,0.012401781976223,0,4.30762839191448,0,0
2011,9,7,1.52946758270264,0,0.305679506585875,0,0
2011,9,8,7.40028524398804,0,3.5991883511233,0,0.0001010981630392
2011,9,9,1.54102647304535,0,5.57221713393665,0,0.0001010981630392
2011,9,10,0.536161839962006,0,0.981366997395526,0,0.0001010981630392
2011,9,11,3.18398094177246,0,1.4507114734588,0,0.0001010981630392
2011,9,12,3.32697367668152,0,3.32602862447675,0,0
2011,9,13,0.140200048685074,0,2.18970191815606,0,0
2011,9,14,0.0468040332198143,0,-0.00573583912046161,0,0
2011,9,15,5.75884008407593,0,2.16758499393472,0,0
2011,9,16,0.0411831140518189,0,3.63444074300787,0,0
2011,9,17,0.0140551440417767,0,0.0293080109258881,0,0
2011,9,18,0.0375477634370327,0,0.0236513107374776,0,0
2011,9,19,7.76112222671509,0,3.4520147796502,0,0
2011,9,20,14.0568361282349,0,11.1312083008306,0,0.0001010981630392
2011,9,21,3.46053338050842,0,8.7926733011991,0,0.000505490815196
2011,9,22,3.04252648353577,0,3.27900510051404,0,0.0007076871412744
2011,9,23,15.8157424926758,0,9.14144077822129,0,0.015164724455881
2011,9,24,0.837764978408814,0,8.32695060309197,0,0.0424612284764668
2011,9,25,1.83739447593689,0,1.33103952211241,0,0.0394282835852906
2011,9,26,38.8872489929199,0,20.2591825210693,0,0.46505154998035
2011,9,27,0.28932249546051,0,19.5897052428336,0,0.15164724455881
2011,9,28,0.83021867275238,0,0.586905488082266,0,0.075823622279405
2011,9,29,2.8654317855835,0,1.63660344839445,0,0.0505490815196033
2011,9,30,4.0181713104248,0,3.43911493958876,0,0.0404392652156826
2011,10,1,0.239456132054329,0,2.39687216519815,0,0.0283074856509778
2011,10,2,0.00062754814280197,-2.27373675443232e-13,0.125780202783062,0,0.0212306142382334
2011,10,3,0,2.27373675443232e-13,0.000332578492816538,0,0.0161757060862731
2011,10,4,8.15564562799409e-05,0,3.75397139578126e-05,0,0.0121317795647048
2011,10,5,4.49279359600041e-05,0,6.32482770015486e-05,0,0.0082900493692149
2011,10,6,0.00210770615376532,0,0.000932616232603323,0,0.0042461228476466
2011,10,7,6.03652836161928e-07,0,0.00114146629493916,0,0.0033362393802938
2011,10,8,1.15965813165531e-05,0,5.58746978640556e-06,0,0.0025274540759801
2011,10,9,0.00184010621160269,0,0.00104118847957579,2.27373675443232e-13,0.0021230614238233
2011,10,10,1.90128175745485e-05,0,0.00116769742453471,-2.27373675443232e-13,0.0023252577499017
2011,10,11,0.000111199464299716,0,7.88725665188395e-05,0,0.0019208650977449
2011,10,12,0.00958474911749363,0,0.00600425493757939,0,0.0014153742825488
2011,10,13,1.32661890983582,0,0.555502962597529,0,0.0024263559129409
2011,10,14,6.556077003479,-2.27373675443232e-13,3.83749714704754,0,0.0035384357063722
2011,10,15,0.306889355182648,2.27373675443232e-13,3.50032655803807,0,0.0021230614238233
2011,10,16,0.150946974754334,0,0.236567559899413,0,0.0015164724455881
2011,10,17,0.0855685099959374,0,0.125510607540491,-2.27373675443232e-13,0.0018197669347057
2011,10,18,2.25712370872498,0,1.09219862039754,2.27373675443232e-13,0.0024263559129409
2011,10,19,12.5218362808228,0,7.36085899173486,0,0.0060658897823524
2011,10,20,26.3693714141846,0,19.4156597212277,0,0.0778455855401891
2011,10,21,3.30067276954651,0,14.8368137979851,0,0.171866877166651
2011,10,22,0.0113583374768496,0,1.70577043394587,-2.27373675443232e-13,0.0960432548872463
2011,10,23,0.224157631397247,0,0.105865711331717,2.27373675443232e-13,0.0697577324970526
2011,10,24,0.673890292644501,0,0.441346610132314,0,0.0475161366284271
2011,10,25,0.197594657540321,0,0.439040894409118,0,0.0333623938029382
2011,10,26,0.826504409313202,0,0.505452191981021,0,0.0252745407598017
2011,10,27,9.18515682220459,0,4.8333040393627,0,0.0404392652156826
2011,10,28,0.853988170623779,0,5.02339319086605,0,0.0586369345627398
2011,10,29,0.0271286200731993,0,0.442458768935467,0,0.0596479161931319
2011,10,30,0.31850591301918,0,0.190229356776399,0,0.045494173367643
2011,10,31,1.29525351524353,0,0.805748247476004,0,0.0394282835852906
2011,11,1,0.144500449299812,-2.27373675443232e-13,0.634246343455743,-2.27373675443232e-13,0.0333623938029382
2011,11,2,3.21908410114702e-05,2.27373675443232e-13,0.0547788064941415,2.27373675443232e-13,0.0283074856509778
2011,11,3,3.26284742355347,0,1.58216964794701,0,0.0707687141274446
2011,11,4,22.6458892822266,0,12.8808904557518,0,1.81976693470572
2011,11,5,0.00315551133826375,0,11.3295728920129,0,0.859334385833256
2011,11,6,6.39540448901244e-05,0,0.00161623427266022,0,0.333623938029382
2011,11,7,0.00856860913336277,0,0.00407866149907932,0,0.202196326078413
2011,11,8,0.0144047634676099,0,0.0114711972637451,0,0.131427611950969
2011,11,9,5.14641427993774,0,2.31689685859601,0,0.111207979343127
2011,11,10,1.7007702589035,0,3.62791083069897,0,0.111207979343127
2011,11,11,0.077811561524868,0,0.89917868404882,0,0.101098163039207
2011,11,12,5.73741417611018e-05,0,0.0448400234454311,0,0.0869444202137177
2011,11,13,0.189008563756943,0,0.0878772223513806,0,0.075823622279405
2011,11,14,12.5382690429688,0,5.8200534089483,0,0.101098163039207
2011,11,15,16.4683647155762,0,14.5021235967215,0,2.09273197491158
2011,11,16,2.15377378463745,0,9.32518857299146,0,1.53669207819594
2011,11,17,0.313512980937958,0,1.23642386969732,0,0.647028243450922
2011,11,18,1.65125857165549e-05,0,0.165208582679043,0,0.384173019548985
2011,11,19,0.00544989388436079,0,0.00284135937545216,0,0.283074856509778
2011,11,20,1.36187934875488,0,0.651697730914748,0,0.242635591294096
2011,11,21,6.61072826385498,0,3.92663855302089,0,0.333623938029382
2011,11,22,8.576491355896,0,7.58963601307914,0,4.72128421393095
2011,11,23,11.6380109786987,0,10.0967862049583,0,6.19731739430337
2011,11,24,0.0315558724105358,2.27373675443232e-13,5.83855284050515,0,2.21404977055862
2011,11,25,0.000474271801067516,-2.27373675443232e-13,0.0167931895994116,0,1.19295832386264
2011,11,26,0.0159089639782906,0,0.00815621943183942,0,0.788565671705811
2011,11,27,10.9721765518188,0,5.28633884771261,0,2.71954058575466
2011,11,28,19.1028690338135,0,14.750388657616,0,11.5251905864696
2011,11,29,17.6904258728027,-2.27373675443232e-13,18.402810107531,-2.27373675443232e-13,12.73836854294
2011,11,30,12.5794887542725,2.27373675443232e-13,15.1392526081399,4.54747350886464e-13,10.9186016082343
2011,12,1,0.00171216716989875,-2.27373675443232e-13,7.78735040789616,6.82121026329696e-13,6.5107216997249
2011,12,2,0,0,0.000864960180479102,-2.27373675443232e-13,3.65975350201928
2011,12,3,0.000337217526976019,0,0.000166630990861449,0,2.26459885207823
2011,12,4,3.71018290519714,0,1.81896394927753,0,1.92086509774493
2011,12,5,36.7883987426758,-6.82121026329696e-13,19.5698421538109,-9.09494701772928e-13,24.6679517815664
2011,12,6,18.6430721282959,2.27373675443232e-13,27.7539776290068,0,19.9163381187237
2011,12,7,0.359145134687424,-9.09494701772928e-13,9.51013112910005,4.54747350886464e-13,5.71204621171517
2011,12,8,0.00146407540887594,0,0.18353667575866,0,3.23514121725461
2011,12,9,0.0481211319565773,0,0.0233870900483453,0,2.14328105643118
2011,12,10,0.0139622781425715,0.00506814649361331,0.0264654470374808,-2.27373675443232e-13,1.54680189449986
2011,12,11,4.14579881180543e-05,0.00529440144782711,0.00178143302036915,2.27373675443232e-13,1.2232877727744
2011,12,12,6.04517299507279e-05,2.29560689604114e-05,2.69784577540122e-05,0,1.03120126299991
2011,12,13,0.0484038554131985,0,0.0235785733602825,0.0222275001212893,0.889663834745018
2011,12,14,3.44671750068665,0,1.65511047989276,0,0.839114753225415
2011,12,15,19.9841594696045,0,11.6804849267428,0,7.18807939208759
2011,12,16,0.982231616973877,-2.27373675443232e-13,10.4844380610521,0,5.16611613130346
2011,12,17,0.00348529708571732,2.27373675443232e-13,0.493940559019393,0,2.53756389228409
2011,12,18,0.00188710633665323,0,0.00268833282461856,0,1.71866877166651
2011,12,19,0.350733906030655,0,0.164980022498639,2.27373675443232e-13,1.34460556842145
2011,12,20,5.7488055229187,0,3.02617979142815,-2.27373675443232e-13,1.36482520102929
2011,12,21,18.3189067840576,0,11.8801130531283,-2.27373675443232e-13,14.8614299667634
2011,12,22,1.39595520496368,0,9.86536949217407,0,7.13753031056799
2011,12,23,2.59608268737793,0,1.95636984859448,2.27373675443232e-13,3.60920442049968
2011,12,24,0.0110603533685207,0,1.32120840588323,0,2.36569701511743
2011,12,25,3.11395979224471e-06,0,0.00553609063354088,0,1.72877858797043
2011,12,26,0.0602759495377541,0,0.0299440738090198,0,1.34460556842145
2011,12,27,9.16777896881104,0,4.60440330566053,0,2.62855223901937
2011,12,28,5.31686305999756,0,7.24855430730531,4.54747350886464e-13,4.842602009578
2011,12,29,0.0126718571409583,0,2.81060968836391,0.00117485719761135,2.62855223901937
2011,12,30,1.88076329231262,0,0.942134469842131,0,1.8602061999214
2011,12,31,3.80784249305725,0,2.82916057602415,0,1.76921785318612
2012,1,1,0.161633312702179,0,1.98879833901447,0,1.76921785318612
2012,1,2,0.344641476869583,0,0.253134301528917,0,1.34460556842145
2012,1,3,0.431291490793228,0.212086601153942,0.175164821281214,0,1.07164052821559
2012,1,4,0.0108909169211984,0.241679888198405,0,0,0.930103099960701
2012,1,5,2.572718403826e-05,0.00626173358682536,1.09353422885761e-05,0.0293419680428997,0.859334385833256
2012,1,6,0,0,1.29832187667489e-05,0.490070640952808,0.778455855401891
2012,1,7,0.0028458321467042,0,0.00139109900919721,0,0.707687141274446
2012,1,8,4.05587124987505e-05,0,0.00144706900755409,0,0.60658897823524
2012,1,9,0.00686481641605496,0,0.00389633968734415,0,0.545930080411716
2012,1,10,0.00447785202413797,0,0.00551863118744222,0,0.556039896715636
2012,1,11,2.8070068359375,0,1.18153526831156,0,0.636918427147002
2012,1,12,12.1308536529541,0,6.95862062722154,-2.27373675443232e-13,1.23339758907832
2012,1,13,1.42603838443756,0.703829141703409,6.1436036547384,0,1.08175034451951
2012,1,14,0.203925982117653,0.819880836875882,0,0,0.778455855401891
2012,1,15,0.0363095030188561,0.128634605832076,0,0,0.626808610843081
2012,1,16,0.28577584028244,0.0401804323278157,0.107943517388776,0,0.636918427147002
2012,1,17,20.5909404754639,0.0225629081526222,10.3751399485918,1.76636534724366,15.0636262928418
2012,1,18,13.621376991272,0,17.10726782251,0,9.64476475394031
2012,1,19,0.323035687208176,0.0982596015903709,7.5841710931054,0,3.46766699224479
2012,1,20,0.595439612865448,0.4053201356719,0.0521688903536415,-2.27373675443232e-13,1.94108473035277
2012,1,21,8.00179481506348,4.14292886089515,0,2.27373675443232e-13,1.43559391515673
2012,1,22,0.245708256959915,4.10188607775035,0.0944517955576885,0,1.07164052821559
2012,1,23,11.649320602417,0.0266420120569819,5.91202440619964,2.47349751788147,4.64040568349958
2012,1,24,0.157841712236404,0,5.91451609969954,3.76451709644516,3.94282835852906
2012,1,25,0.909420073032379,0.00391626091959552,0.528535954297695,1.28893604771929,2.14328105643118
2012,1,26,22.4972648620605,0.0039476372783156,11.6470427223976,0.0517075484758607,15.2658226189202
2012,1,27,14.7643709182739,-6.82121026329696e-13,18.6811485153157,0.885802913457837,12.0306814016656
2012,1,28,0.59283447265625,0,7.9661045466346,0.309157418894074,4.92348054000936
2012,1,29,0.0769929960370064,-2.27373675443232e-13,0.336295700792107,-2.27373675443232e-13,2.71954058575466
2012,1,30,2.45003911913955e-06,2.27373675443232e-13,0.0385906071605859,2.27373675443232e-13,1.79954730209788
2012,1,31,0.206762835383415,0,0.103362845518859,0,1.42548409885281
2012,2,1,4.19188022613525,0,2.18157514433551,0,1.29405648690184
2012,2,2,0.0562789924442768,0,2.13694555850088,0,1.15251905864696
2012,2,3,0.00348050845786929,-2.27373675443232e-13,0.0308034169211169,0,0.970542365176383
2012,2,4,2.07258820533752,2.27373675443232e-13,1.01462254988292,0,0.950322732568542
2012,2,5,4.51621532440186,0,3.23517936901771,0,1.12218960973519
2012,2,6,0.0374770313501358,0,2.27772669737897,-2.27373675443232e-13,1.03120126299991
2012,2,7,0,0,0.0214655590389157,2.27373675443232e-13,0.91999328365678
2012,2,8,0.266504138708115,0,0.130883921621717,0,0.808785304313653
2012,2,9,0.0372453927993774,0,0.153590288879059,-2.27373675443232e-13,0.727906773882288
2012,2,10,0.172458752989769,0,0.103816715738503,2.27373675443232e-13,0.636918427147002
2012,2,11,1.9384514093399,0.860330218082481,0.095917511927837,0,0.545930080411716
2012,2,12,0.0204701479524374,1.02740928323351,0,0,0.485271182588192
2012,2,13,0.00433233194053173,0.012636799693837,0.000194213702343404,0,0.495380998892112
2012,2,14,1.79844665527344,0.0449747833265519,0.851956712591345,0,0.556039896715636
2012,2,15,0.338138043880463,0.0436880375273176,1.03253193393175,0.385787373013727,0.525710447803874
2012,2,16,4.53785181045532,0,2.15507292599068,1.59062432686937,0.515600631499954
2012,2,17,0.585928320884705,0,2.56228630771511,0,0.545930080411716
2012,2,18,0,0,0.31929562145524,0,0.525710447803874
2012,2,19,0,0,0,0,0.505490815196033
2012,2,20,0.00969510432332754,0,0.00375159752002219,0,0.46505154998035
2012,2,21,1.87983763217926,0,0.944616154411051,0.00250030528286516,0.45494173367643
2012,2,22,0.842299938201904,0,1.36129867341515,0,0.485271182588192
2012,2,23,0.206741526722908,0,0.528960172261577,-2.27373675443232e-13,0.475161366284271
2012,2,24,0.380224913358688,0,0.290995701427164,2.27373675443232e-13,0.444831917372509
2012,2,25,0.145331874489784,0,0.283087654970586,0,0.374063203245064
2012,2,26,0.00231103785336018,0,0.0744105165576912,0,0.31340430542154
2012,2,27,1.19139613161678e-05,0,0.00116153849376133,0.00424993505839666,0.31340430542154
2012,2,28,0.0338243395090103,0,0.0193859450882883,0,0.31340430542154
2012,2,29,8.03410339355469,0,4.02063398202881,0,0.343733754333302
2012,3,1,0.733397543430328,0,4.44846471871279,0,0.394282835852906
2012,3,2,2.45423340797424,0,1.55177825406281,0,0.353843570637223
2012,3,3,7.78404188156128,0,5.11911972435337,0,0.353843570637223
2012,3,4,1.05333042144775,0,4.42095203240024,0,0.31340430542154
2012,3,5,1.46136176586151,0,1.24760058530956,0,0.293184672813699
2012,3,6,0.00524767581373453,-2.27373675443232e-13,0.788046540707001,0.0221069039434951,0.272965040205858
2012,3,7,0.000422885554144159,0,0.00326367214438505,0,0.242635591294096
2012,3,8,5.24959373474121,0,2.59691631134774,0,0.384173019548985
2012,3,9,13.9497041702271,0,9.38459369193879,0,1.44570373146065
2012,3,10,0.00013157314970158,-2.27373675443232e-13,6.97685238305712,0,0.859334385833256
2012,3,11,0.0130499368533492,0,0.00683341497642687,0,0.667247876058764
2012,3,12,2.05096793174744,0,1.0317453223106,0,0.61669879453916
2012,3,13,0.705541551113129,0,1.39684031486104,0,0.576259529323478
2012,3,14,0.592058837413788,0,0.641064643459686,0,0.495380998892112
2012,3,15,0.871393024921417,0,0.701561451583984,0,0.46505154998035
2012,3,16,2.68534851074219,0,1.75815854947723,-2.27373675443232e-13,0.46505154998035
2012,3,17,0.217020437121391,0,1.56857099175977,2.27373675443232e-13,0.434722101068588
2012,3,18,1.70859742164612,2.27373675443232e-13,0.928895529781585,0,0.424612284764668
2012,3,19,0.147387683391571,-2.27373675443232e-13,0.930980668556003,0,0.404392652156826
2012,3,20,0.191840529441834,0,0.168849916422914,0,0.384173019548985
2012,3,21,0.0055299187079072,0,0.0997985259236884,0,0.363953386941144
2012,3,22,0.118294887244701,0,0.0707361924069119,0,0.353843570637223
2012,3,23,8.83946704864502,0,3.87405423255404,0,0.545930080411716
2012,3,24,32.605640411377,0,20.6428548295662,0,7.42060516707776
2012,3,25,0.163985952734947,0,16.3898677833495,0,3.35645901290166
2012,3,26,0.0017641963204369,0,0.0851857882298646,-2.27373675443232e-13,1.76921785318612
2012,3,27,0.0001723142049741,-2.27373675443232e-13,0.00110138266609283,2.27373675443232e-13,1.20306814016656
2012,3,28,0.22523495554924,2.27373675443232e-13,0.103484078033944,2.27373675443232e-13,1.00087181408815
2012,3,29,0.0117772063240409,0,0.107588595339621,-2.27373675443232e-13,0.818895120617574
2012,3,30,2.45575189590454,0,0.953673008800251,0,0.990761997784225
2012,3,31,6.54524850845337,0,4.49865149129619,0,1.49625281298026
2012,4,1,2.89453077316284,0,4.8068168928221,0,1.08175034451951
2012,4,2,3.48668527603149,0,3.18886295865377,0,1.39515464994105
2012,4,3,0.0405223481357098,0,1.81247084820643,0,1.00087181408815
2012,4,4,0.305674582719803,0,0.166818688921921,0,0.808785304313653
2012,4,5,4.30583572387695,0,2.30297864092427,0,0.778455855401891
2012,4,6,0.20933935046196,0,2.36969450976176,0,0.61669879453916
2012,4,7,0.000124724800116383,0,0.0963919017449371,0,0.525710447803874
2012,4,8,0.0525983609259129,0,0.022451464086771,0,0.475161366284271
2012,4,9,0,0,0.0295232994976686,0,0.444831917372509
2012,4,10,0,0,0,2.27373675443232e-13,0.424612284764668
2012,4,11,0.00396205997094512,0,0.00260004987649154,0,0.384173019548985
2012,4,12,0,0,0.00139881607174175,-2.27373675443232e-13,0.343733754333302
2012,4,13,0,0,0,0,0.333623938029382
2012,4,14,3.80767822265625,0,1.71483628280112,0,1.95119454665669
2012,4,15,21.6130523681641,0,10.5855976827734,0,3.45755717594087
2012,4,16,3.00577878952026,0,12.3311195783754,2.27373675443232e-13,1.60746079232339
2012,4,17,0.881096482276917,0,1.97830627844814,-2.27373675443232e-13,1.04131107930383
2012,4,18,0,0,0.335269182018237,0,0.798675488009732
2012,4,19,3.87642357964069e-05,0,1.48304316098802e-05,0,0.687467508666605
2012,4,20,0.094616211950779,0,0.0433954805121175,0,0.60658897823524
2012,4,21,3.60123610496521,0,1.69339189908351,0,0.556039896715636
2012,4,22,0.0347114130854607,0,2.12122063081188,-2.27373675443232e-13,0.475161366284271
2012,4,23,0.00036382072721608,0,0.0213564446530654,2.27373675443232e-13,0.424612284764668
2012,4,24,0.0179946143180132,0,0.0119135385757545,0,0.394282835852906
2012,4,25,0.693948090076447,0,0.290036828555458,0,0.374063203245064
2012,4,26,4.8648796081543,0,2.52232677122811,0,0.374063203245064
2012,4,27,0.0701618194580078,0,2.82674351499736,0,0.353843570637223
2012,4,28,1.22156465053558,0,0.499841101460333,0,0.424612284764668
2012,4,29,6.16981363296509,0,3.61325503126864,0,1.12218960973519
2012,4,30,0.574777185916901,0,3.40749362541101,0,0.647028243450922
2012,5,1,13.3672866821289,0,6.43323314325244,0,6.15687812908768
2012,5,2,22.7424125671387,0,17.9482772874326,0,29.6217617704875
2012,5,3,0.0636124610900879,0,11.4047916584896,0,5.30765355955835
2012,5,4,0.467041999101639,0,0.264638530694356,0,2.69932095314682
2012,5,5,4.30133485794067,0,2.29777120245126,0,1.71866877166651
2012,5,6,0.200856432318687,0,2.36859176128928,0,1.21317795647048
2012,5,7,0.939906775951385,0,0.541416678643145,0,5.07512778456817
2012,5,8,20.6840057373047,0,10.570193095693,0,8.42147698116591
2012,5,9,0.751536011695862,0,10.7179590298911,0,3.10371360530364
2012,5,10,0.792868196964264,0,0.771272994483297,0,1.72877858797043
2012,5,11,0.0797980651259422,0,0.453845666932466,0,1.16262887495088
2012,5,12,0.0200975462794304,0,0.0528404366632458,0,0.879554018441097
2012,5,13,0.787550747394562,0,0.369512695855519,0,0.75823622279405
2012,5,14,2.33838391304016,0,1.53549535919592,0,0.697577324970526
2012,5,15,0.00646179635077715,0,1.20538939157268,0,0.60658897823524
2012,5,16,0.00253622932359576,0,0.00470113778283121,0,0.525710447803874
2012,5,17,0.0663316920399666,0,0.0314463983086171,0,0.45494173367643
2012,5,18,0.00021982568432577,0,0.0410038324334892,0,0.404392652156826
2012,5,19,0,0,8.44845999381505e-05,0,0.374063203245064
2012,5,20,0.0278719086199999,0,0.0150206452744897,0,0.343733754333302
2012,5,21,1.11807823181152,0,0.514339810892125,0,0.31340430542154
2012,5,22,0.306200087070465,0,0.771187481412198,0,0.30329448911762
2012,5,23,0.000391416338970885,0,0.184870892342587,0,0.283074856509778
2012,5,24,3.74783812731039e-05,0,0.000260184817307163,0,0.262855223901937
2012,5,25,0,2.27373675443232e-13,1.39264011522755e-05,0,0.232525774990175
2012,5,26,0.05693394318223,-2.27373675443232e-13,0.0251058148860466,0,0.212306142382334
2012,5,27,0,0,0.0342391380036133,0,0.181976693470572
2012,5,28,0.00514252064749599,0,0.00327631723484956,0,0.171866877166651
2012,5,29,7.44001388549805,0,3.57453439424717,2.27373675443232e-13,0.192086509774493
2012,5,30,3.92203617095947,0,5.76653255047859,-2.27373675443232e-13,0.202196326078413
2012,5,31,0.298148840665817,0,2.19486839072488,0,0.181976693470572
2012,6,1,9.02819347381592,0,4.52585641507903,0,0.171866877166651
2012,6,2,0.670322060585022,0,6.11261176775588,0,0.161757060862731
2012,6,3,0.0805066898465157,0,0.388339706914849,0,0.15164724455881
2012,6,4,0,0,0.0271290802847943,0,0.131427611950969
2012,6,5,0.16214856505394,-2.27373675443232e-13,0.0776362192045781,0,0.111207979343127
2012,6,6,0.000382436817744747,2.27373675443232e-13,0.0778654970563366,0,0.0980652181480304
2012,6,7,0.001329809660092,0,0.000966536652413197,0,0.0839114753225415
2012,6,8,0.000400775810703635,0,0.000897511541552376,0,0.0748126406490129
2012,6,9,4.86557619296946e-05,0,0.000227153759624343,0,0.0647028243450922
2012,6,10,0.00656065903604031,0,0.00247837242932292,0,0.0566149713019557
2012,6,11,0.932643711566925,0,0.438052552111913,0,0.0525710447803874
2012,6,12,1.02378213405609,0,0.96925107172865,0,0.0545930080411716
2012,6,13,0.000434303161455318,0,0.638020345802943,0,0.0485271182588192
2012,6,14,8.84038308868185e-06,0,0.000161283518536948,0,0.0404392652156826
2012,6,15,0.000153855420649052,0,7.30494284653105e-05,0,0.0343733754333302
2012,6,16,0.0509117543697357,0,0.0382049900726997,-2.27373675443232e-13,0.0323514121725461
2012,6,17,0.819397807121277,0,0.415125341336534,2.27373675443232e-13,0.0283074856509778
2012,6,18,2.6608874797821,0,1.49158291785716,0,0.0232525774990175
2012,6,19,0.0141655895859003,0,1.45472113198775,0,0.0192086509774493
2012,6,20,3.0242299544625e-06,0,0.0038787731755292,2.27373675443232e-13,0.0161757060862731
2012,6,21,0.0118165602907538,0,0.00528699517599307,-2.27373675443232e-13,0.0121317795647048
2012,6,22,0.397224754095078,0,0.154186814310378,0,0.0111207979343127
2012,6,23,2.35057104873704e-05,0,0.216825932053325,0,0.0085933438583325
2012,6,24,0,0,-8.06234311312437e-06,0,0.0071779695757836
2012,6,25,0.000318352249450982,0,9.87154999165796e-05,0,0.0056614971301955
2012,6,26,1.80435336810669e-11,0,0.000107927007775288,0,0.0050549081519603
2012,6,27,0,0,0,0,0.0042461228476466
2012,6,28,0,0,0,0,0.0029318467281369
2012,6,29,0.536469995975494,0,0.186168505228125,0,0.0026285522390193
2012,6,30,3.26205325126648,0,1.64516450568772,0,0.0023252577499017
2012,7,1,4.3104076385498,0,3.75604050100083,0,0.003437337543333
2012,7,2,2.85328102111816,0,3.64009104822617,0,0.0036395338694114
2012,7,3,0.037483137100935,0,1.55027335195337,0,0.0027296504020585
2012,7,4,0.00519144395366311,0,0.0143365975382039,0,0.0017186687716665
2012,7,5,0.12432038038969,0,0.115772146076779,-2.27373675443232e-13,0.001010981630392
2012,7,6,0.0047402773052454,0,0.0684899301995756,2.27373675443232e-13,0.000505490815196
2012,7,7,0.00276965508237481,0,0.00359880126052303,0,0.0001010981630392
2012,7,8,0.851317465305328,0,0.305243579015951,0,0
2012,7,9,0.746038794517517,0,0.842954808940704,0,0
2012,7,10,0.0396382622420788,0,0.490616299859539,0,0
2012,7,11,0.00107771658804268,0,-0.00750665516534355,0,0
2012,7,12,0.116962634027004,0,0.0520317783302744,0,0.0001010981630392
2012,7,13,0.57416170835495,0,0.281320036388934,0,0.001010981630392
2012,7,14,0.798362255096436,0,0.676968123400002,0,0.0012131779564704
2012,7,15,2.51921367645264,0,1.50257258387137,0,0.0009098834673528
2012,7,16,1.26705777645111,2.27373675443232e-13,1.89992245336907,0,0.0004043926521568
2012,7,17,0.403012633323669,-2.27373675443232e-13,0.855834987596609,0,0.0001010981630392
2012,7,18,4.37811803817749,0,2.35231466592813,0,0
2012,7,19,10.3825092315674,0,7.24827810293209,0,0.0001010981630392
2012,7,20,4.94663572311401,0,7.988557450386,0,0.0001010981630392
2012,7,21,0.622779965400696,0,2.80925431325886,0,0
2012,7,22,2.22861071961233e-05,0,0.375419791897002,0,0
2012,7,23,0,0,-0.00617795895232121,0,0
2012,7,24,1.37606918811798,0,0.657493825419806,0,0
2012,7,25,0.892628729343414,0,1.17084888707905,0,0
2012,7,26,1.11198627948761,0,0.998390793363797,0,0
2012,7,27,1.15999913215637,0,1.05386704194098,0,0
2012,7,28,5.1871976852417,0,2.04723060045944,0,0
2012,7,29,0.0152453379705548,0,2.76122492670402,0,0
2012,7,30,0.00117959291674197,0,0.00429182683728868,0,0
2012,7,31,0.00516514712944627,0,0.00259527075104415,0,0
2012,8,1,0.937187433242798,0,0.386846123408759,0,0
2012,8,2,1.03236225186265e-05,0,0.510360069289163,0,0
2012,8,3,0.248967006802559,0,0.10074034207355,0,0
2012,8,4,1.13354051113129,0,0.606186202887329,0,0
2012,8,5,14.6298227310181,0,7.51564415676694,0,0
2012,8,6,1.9535756111145,0,8.7950066041376,0,0
2012,8,7,1.2880447286534e-07,0,1.0028525007001,0,0
2012,8,8,0.377075552940369,0,0.08837042315281,0,0
2012,8,9,9.23786640167236,0,2.05137857237423,0,0
2012,8,10,20.8990345001221,0,15.5391366968615,0,0.0071779695757836
2012,8,11,0.375860452651978,0,11.0228293926048,0,0.061669879453916
2012,8,12,0,0,0.207664338944596,0,0.0414502468460747
2012,8,13,0,0,0,0,0.0272965040205858
2012,8,14,0.967040479183197,0,0.472253338295559,0,0.0171866877166651
2012,8,15,0.0095027144998312,0,0.433934490793035,0,0.0111207979343127
2012,8,16,0.0539833679795265,0,0.0335133808694081,0,0.0075823622279405
2012,8,17,9.48500061035156,0,4.67484661252092,-2.27373675443232e-13,0.0067735769236268
2012,8,18,0.0714656636118889,0,4.79912445048103,2.27373675443232e-13,0.0047516136628427
2012,8,19,0.00440975651144981,0,0.0385116898905835,0,0.0036395338694114
2012,8,20,0.00772356847301126,-2.27373675443232e-13,0.00649927027552621,-2.27373675443232e-13,0.0030329448911762
2012,8,21,0.961174786090851,4.54747350886464e-13,0.392183904674312,2.27373675443232e-13,0.0025274540759801
2012,8,22,0.226726651191711,-2.27373675443232e-13,0.683356794033898,-2.27373675443232e-13,0.0020219632607841
2012,8,23,2.00112426682608e-05,0,0.0846925959995133,2.27373675443232e-13,0.0011120797934312
2012,8,24,2.15042018680833e-06,0,9.36391006689519e-06,0,0.0004043926521568
2012,8,25,0.000254156824667007,0,0.000146293881698512,0,0.0001010981630392
2012,8,26,0,0,0.000119493102829438,0,0
2012,8,27,2.25056934356689,0,0.985091956230463,0,0
2012,8,28,10.6432371139526,-2.27373675443232e-13,5.63274256155273,0,0
2012,8,29,3.06322508549783e-05,2.27373675443232e-13,5.42305565968127,0,0
2012,8,30,3.49703282154223e-06,0,1.76508983713575e-05,0,0
2012,8,31,0.0677675828337669,0,0.0302249032174586,0,0
2012,9,1,0.31758126616478,0,0.176126035010384,0,0
2012,9,2,7.32821273803711,0,3.61374984189752,0,0
2012,9,3,17.3044929504395,0,12.1182410374386,0,0.0014153742825488
2012,9,4,4.0356240272522,0,10.6736597084964,0,0.0035384357063722
2012,9,5,0.666785001754761,0,2.35914965231495,0,0.0033362393802938
2012,9,6,9.41147994995117,0,4.33446798308432,0,0.0028307485650977
2012,9,7,2.30392217636108,2.27373675443232e-13,6.00580486529361,0,0.0040439265215682
2012,9,8,46.6606979370117,-4.54747350886464e-13,24.1683183233618,0,0.333623938029382
2012,9,9,0.354883998632431,2.27373675443232e-13,23.5081586891392,0,0.556039896715636
2012,9,10,0.0448842607438564,2.27373675443232e-13,0.204692379833432,0,0.141537428254889
2012,9,11,0.000613232608884573,-2.27373675443232e-13,0.0208542083128123,0,0.0566149713019557
2012,9,12,0,0,0.000345618900610134,0,0.0293184672813699
2012,9,13,0.00146907579619437,0,0.000683755126374308,0,0.015164724455881
2012,9,14,0.182570293545723,0,0.0794202826655237,0,0.0082900493692149
2012,9,15,0.203994050621986,0,0.191202929556312,2.27373675443232e-13,0.0045494173367643
2012,9,16,0.00484954612329602,0,0.0972809233353473,-2.27373675443232e-13,0.0028307485650977
2012,9,17,0.225207522511482,0,0.108105366423843,0,0.0019208650977449
2012,9,18,6.69245767593384,0,3.42109979364614,0,0.0015164724455881
2012,9,19,0.109537199139595,0,3.4017826810159,0,0.0011120797934312
2012,9,20,0.00498333992436528,2.27373675443232e-13,0.0578063683860819,0,0.000505490815196
2012,9,21,0.861975193023682,-2.27373675443232e-13,0.412530862777203,0,0.000505490815196
2012,9,22,17.5863151550293,0,9.14692970205215,0,0.0024263559129409
2012,9,23,0.0894801318645477,0,8.83854075182899,0,0.0014153742825488
2012,9,24,9.95108166534919e-07,0,0.0452772890930646,0,0.0008087853043136
2012,9,25,2.19569826126099,0,1.20110441922589,0,0.0011120797934312
2012,9,26,9.59598541259766,0,5.18379779222596,0,0.0024263559129409
2012,9,27,15.24045753479,0,12.3951063894783,0,0.0043472210106858
2012,9,28,1.93620431423187,0,8.70636822634697,0,0.0027296504020585
2012,9,29,0.0474998019635677,0,1.04494910329959,0,0.0041450246846074
2012,9,30,0,0,0.0255806534551084,0,0.0045494173367643
2012,10,1,1.18555343151093,0,0.447517879227235,0,0.0058636934562739
2012,10,2,15.4294357299805,0,8.30133684920293,0,0.0131427611950969
2012,10,3,0.585326671600342,0,8.01879220659612,0,0.0131427611950969
2012,10,4,0.0505916401743889,0,0.304502144666913,0,0.0141537428254889
2012,10,5,0.977357268333435,0,0.420292345916096,0,0.0212306142382334
2012,10,6,18.2354373931885,0,7.87880553112336,0,0.15164724455881
2012,10,7,0.0729389488697052,0,9.15678960901278,0,0.141537428254889
2012,10,8,2.80627864412963e-06,0,0.038537747648661,0,0.131427611950969
2012,10,9,0.000218017245060764,0,9.92391214822419e-05,0,0.075823622279405
2012,10,10,0.0490898638963699,0,0.0206478594409418,0,0.0515600631499954
2012,10,11,0.00514973280951381,0,0.0275574490806321,0,0.0363953386941144
2012,10,12,0.0002578713465482,0,0.00275475553644355,0,0.0252745407598017
2012,10,13,0.00165600888431072,0,0.000886227971932385,2.27373675443232e-13,0.0171866877166651
2012,10,14,0.72582471370697,0,0.28266046000499,-2.27373675443232e-13,0.0111207979343127
2012,10,15,3.74153161048889,0,2.1180780700015,0,0.0131427611950969
2012,10,16,0.101285755634308,0,1.95081968585146,0,0.0171866877166651
2012,10,17,0.168690696358681,0,0.131728063977789,0,0.015164724455881
2012,10,18,8.61165714263916,0,4.38905813906604,0,0.0232525774990175
2012,10,19,1.1906806230545,0,4.98878526910994,0,0.0222415958686255
2012,10,20,5.08151721954346,0,3.19311557085166,0,0.030329448911762
2012,10,21,0.907666385173798,0,3.21366989247326,0,0.0404392652156826
2012,10,22,0.060090996325016,0,0.492467066746031,0,0.0394282835852906
2012,10,23,0.0607663914561272,0,0.0604164303949801,0,0.0404392652156826
2012,10,24,1.14503216743469,0,0.600607200081868,0,0.0374063203245064
2012,10,25,0.0100520923733711,2.27373675443232e-13,0.616312078112969,0,0.0343733754333302
2012,10,26,3.68851637840271,-2.27373675443232e-13,1.84049610210059,0,0.0424612284764668
2012,10,27,6.94929027557373,0,5.29407603743312,0,0.0505490815196033
2012,10,28,0.00139032979495823,0,3.47548502116842,0,0.045494173367643
2012,10,29,0.000554374244529754,0,0.000905063781829085,0,0.0414502468460747
2012,10,30,0.762472987174988,0,0.430796987478971,0,0.0444831917372509
2012,10,31,5.98981046676636,0,3.36939629165136,0,0.0566149713019557
2012,11,1,0.198107674717903,0,3.09447564424772,0,0.076834603909797
2012,11,2,0.000415215006796643,-2.27373675443232e-13,0.0933074625354493,0,0.0940212916264622
2012,11,3,0.852732956409454,2.27373675443232e-13,0.398508905120252,0,0.0859334385833256
2012,11,4,2.56033205986023,0,1.70482599671959,0,0.076834603909797
2012,11,5,0.00128659559413791,0,1.28088482550083,0,0.0677357692362684
2012,11,6,0.00773349590599537,2.27373675443232e-13,0.0042435408977326,2.27373675443232e-13,0.0586369345627398
2012,11,7,0.695037186145783,-2.27373675443232e-13,0.308427150375792,-2.27373675443232e-13,0.0525710447803874
2012,11,8,0.198236346244812,0,0.451018037187168,0,0.045494173367643
2012,11,9,0.0694324001669884,0,0.137055060913553,0,0.0414502468460747
2012,11,10,0.00229542283341289,0,0.0413209584148717,0,0.0394282835852906
2012,11,11,0.0792178511619568,2.27373675443232e-13,0.0522714511607774,0,0.0384173019548985
2012,11,12,11.4171876907349,-2.27373675443232e-13,5.72554474006756,0,0.0586369345627398
2012,11,13,4.2247519493103,0,7.82178762854164,0,0.075823622279405
2012,11,14,0.000115989620098844,0,2.19780184921547,2.27373675443232e-13,0.101098163039207
2012,11,15,0.000119628908578306,0,0.000117775874969084,-2.27373675443232e-13,0.0899773651048939
2012,11,16,0.000171369669260457,0,0.00014315992302727,0,0.0818895120617573
2012,11,17,0.00169612537138164,0,0.000772700419474859,0,0.0697577324970526
2012,11,18,0.000393411755794659,0,0.00110587772360304,0,0.060658897823524
2012,11,19,0.000225474068429321,0,0.000318788130243775,0,0.0566149713019557
2012,11,20,0.0316150635480881,0,0.0127357297460549,0,0.0515600631499954
2012,11,21,0.00213614944368601,0,0.0127662656304892,0,0.0495380998892112
2012,11,22,0.00946531817317009,0,0.00628207156114513,0,0.0424612284764668
2012,11,23,1.63127136230469,0,0.78178641791601,0,0.0394282835852906
2012,11,24,0.0524659119546413,0,0.910582054115366,0,0.0353843570637223
2012,11,25,2.25688218051801e-05,0,0.0265084431302967,0,0.0323514121725461
2012,11,26,0.0630322769284248,0,0.0309005025555962,0,0.031340430542154
2012,11,27,0.205694928765297,0,0.139574198437913,0,0.0283074856509778
2012,11,28,0.0233409740030766,0,0.122715973411687,0,0.0262855223901937
2012,11,29,0.000160544368554838,0,0.0118836262481636,0,0.0242635591294096
2012,11,30,0.000150468433275819,0,0.000155784473463427,0,0.0232525774990175
2012,12,1,0.0387731306254864,0,0.0158740115221008,0,0.0232525774990175
2012,12,2,5.65286493301392,0,2.2428199853457,0,0.030329448911762
2012,12,3,3.36814045906067,0,4.5111348121136,0,0.0374063203245064
2012,12,4,1.87740683555603,0,2.6349372394252,0,0.0475161366284271
2012,12,5,5.5618143081665,0,3.68283736441663,0,0.0556039896715636
2012,12,6,0.0762465298175812,0,2.90505904558086,0,0.0545930080411716
2012,12,7,2.2745795249939,0,1.10535949606128,0,0.0566149713019557
2012,12,8,7.84772491455078,0,5.05920557578065,0,0.0717796957578367
2012,12,9,1.09526908397675,0,4.53537584244623,0,0.0960432548872463
2012,12,10,13.2646732330322,0,7.17969470786193,2.27373675443232e-13,0.404392652156826
2012,12,11,0.701561212539673,0,6.99580725626583,-2.27373675443232e-13,0.45494173367643
2012,12,12,1.11671113245393e-06,0,0.360056075791363,0,0.202196326078413
2012,12,13,0.00021701269724872,0,0.000104936749266926,0,0.121317795647048
2012,12,14,0.000123699035611935,0,0.000173884611285757,0,0.0849224569529335
2012,12,15,0.343789517879486,0,0.137947790710314,0,0.0717796957578367
2012,12,16,2.47282195091248,0,1.36241810232605,0,0.0677357692362684
2012,12,17,0.216817483305931,0,1.45022794552642,0,0.061669879453916
2012,12,18,3.18019366264343,0,1.62619603564235,0,0.0657138059754843
2012,12,19,0.0280503686517477,-2.27373675443232e-13,1.69926503155148,0,0.0596479161931319
2012,12,20,4.01687669754028,2.27373675443232e-13,2.02172419894487,0,0.293184672813699
2012,12,21,11.047101020813,-2.27373675443232e-13,7.24227168491052,0,1.87031601622532
2012,12,22,0.0953678414225578,0.0381831072938894,5.77197579527274,2.27373675443232e-13,0.667247876058764
2012,12,23,0.000183671712875366,0.040671027708413,0.00799198402091861,0,0.384173019548985
2012,12,24,0.0800807848572731,1.61077332450077e-06,0.040001021057833,0.0847261900566991,0.30329448911762
2012,12,25,0.326903909444809,0,0.203479849587893,0,0.242635591294096
2012,12,26,6.95525074005127,0,3.23045623290091,0,0.222415958686255
2012,12,27,17.9313144683838,3.98927009162617,8.20438984077191,-2.27373675443232e-13,0.222415958686255
2012,12,28,0.0217332988977432,4.20499021624573,4.81764495503012,6.82121026329696e-13,0.171866877166651
2012,12,29,5.03901338577271,0.311730911328141,2.11107046435063,-2.27373675443232e-13,0.161757060862731
2012,12,30,0.129264906048775,0.393288314181063,2.26213537783769,-4.54747350886464e-13,0.15164724455881
2012,12,31,0.176328524947166,0.143253130340781,0.00944890178652713,0,0.131427611950969
2013,1,1,2.08187747001648,0.0835581439246198,0.986436868901365,0,0.131427611950969
2013,1,2,0.00409989571198821,0.00203230253987385,1.04989881260553,-2.27373675443232e-13,0.131427611950969
2013,1,3,3.81190184270963e-05,0.0018849064783808,0,2.27373675443232e-13,0.101098163039207
2013,1,4,0.0108203766867518,0.00491541146107011,0,0,0.0849224569529335
2013,1,5,0.00201159040443599,0.00637764981615874,4.79502050438896e-05,0,0.0717796957578367
2013,1,6,0.0304772965610027,0.00180711709572279,0.0140207697695587,0,0.0657138059754843
2013,1,7,0.2689488530159,0.0929107730964915,0.0484858101408463,0,0.0566149713019557
2013,1,8,0.0562949441373348,0.096190559500883,0.0563604967246647,0,0.0505490815196033
2013,1,9,1.32087767124176,0.00629269551791367,0.660019524824747,0.576736001109794,0.272965040205858
2013,1,10,1.41449654102325,0,1.36367957828043,1.49113344294324,1.76921785318612
2013,1,11,20.5259475708008,0,10.648562299255,4.24087517822272,10.2109144669599
2013,1,12,2.24739813804626,0,11.4272754014673,3.41854693853679,5.62105786497989
2013,1,13,41.7297897338867,0,21.5484638875569,0,19.3097491404885
2013,1,14,12.0269947052002,0,26.8784479697933,0,15.2658226189202
2013,1,15,0.0276162978261709,0.0133237814563927,6.22444108159107,0,3.70019276723496
2013,1,16,0.000531027850229293,0.0139251711136694,0.000232873775530607,0,1.95119454665669
2013,1,17,0,3.27030161315633e-05,0.000245779781835154,0,1.24350740538224
2013,1,18,0.000390180881367996,0,0.000192191371752415,2.27373675443232e-13,0.889663834745018
2013,1,19,5.66285416425671e-05,0,0.000192881663679145,-2.27373675443232e-13,0.738016590186208
2013,1,20,0.00623775226995349,0,0.00313427569926716,0,0.626808610843081
2013,1,21,0.000478965986985713,0.000239353575125278,0.00312056160328211,0,0.475161366284271
2013,1,22,0.017459150403738,0.00826872274387824,0,0,0.293184672813699
2013,1,23,0.109791003167629,0.0604628628962018,0,0,0.181976693470572
2013,1,24,0.0390680059790611,0.0780645353418095,0,0,0.111207979343127
2013,1,25,0.516527056694031,0.271965340338056,0,0,0.0829004936921494
2013,1,26,1.53522753715515,1.02351175585545,0,0,0.0738016590186208
2013,1,27,0.255650252103806,0.910825056524345,0.0216834244929487,0,0.0738016590186208
2013,1,28,8.8476734161377,0.104946546947758,4.44103986294795,1.15277644421167,0.657138059754843
2013,1,29,4.12401580810547,0,6.56021045133093,1.19064634931806,2.03207307708805
2013,1,30,24.1479053497315,2.27373675443232e-13,13.0299289234099,0,10.5142089560775
2013,1,31,3.56276798248291,-2.27373675443232e-13,13.8881123646279,0,5.66149713019557
2013,2,1,1.15108036994934,0.55991724733849,1.82973934806068,0,1.75910803688219
2013,2,2,2.61619997024536,1.86514994512277,0,0,1.06153071191167
2013,2,3,0.471770137548447,1.57828033977535,0,0,0.788565671705811
2013,2,4,0.290493369102478,0.399154030081945,0,0,0.60658897823524
2013,2,5,0.475599646568298,0.164339491429246,0.211777874297695,0,0.515600631499954
2013,2,6,6.02235240876325e-06,0.00769527891498001,0.19829444700008,0,0.414502468460747
2013,2,7,0.130473136901855,0,0.0525150949106319,0.460142772857125,0.384173019548985
2013,2,8,4.28874921798706,0,2.12896639516839,2.5643064913329,1.31427611950969
2013,2,9,0.0291003193706274,0,2.19619392087043,1.47598794547753,1.31427611950969
2013,2,10,0.193595454096794,0,0.110466333389923,0.000497604659585704,0.91999328365678
2013,2,11,0.784524381160736,0,0.480239816919493,0,0.808785304313653
2013,2,12,0.00185822136700153,0,0.420705120079219,0,0.626808610843081
2013,2,13,0.0102541102096438,0,0.00604785969335353,0,0.535820264107795
2013,2,14,0.447291016578674,0,0.19222996415192,0,0.46505154998035
2013,2,15,0.177217289805412,0,0.30299886008288,0,0.384173019548985
2013,2,16,0.132150560617447,0.0335645707809817,0.121130715902837,0,0.323514121725461
2013,2,17,0.062212098389864,0.0646916524524386,0.032547603288549,0,0.283074856509778
2013,2,18,0.291683495044708,0.0322473738276585,0.140490608981054,0,0.262855223901937
2013,2,19,6.89445161819458,0,3.57210997154471,0.142570823455571,0.363953386941144
2013,2,20,0.104037865996361,0.0518664936128062,3.45732776531804,2.27373675443232e-13,0.323514121725461
2013,2,21,0.216874524950981,0.160284895482164,0,-2.27373675443232e-13,0.252745407598017
2013,2,22,8.34583282470703,0.108510870471491,4.17008380658808,0,0.30329448911762
2013,2,23,0.184196457266808,0,4.29814803627232,0,0.374063203245064
2013,2,24,0.000839938235003501,0,0.0883570052392315,0,0.374063203245064
2013,2,25,0.0543859079480171,0,0.0275131132220849,-2.27373675443232e-13,0.343733754333302
2013,2,26,8.05542755126953,-4.54747350886464e-13,3.99743260460673,0.336183685139986,1.06153071191167
2013,2,27,16.747989654541,-9.09494701772928e-13,12.2631240264091,0,5.97490143561711
2013,2,28,1.52009439468384,2.27373675443232e-13,9.16095653111552,4.54747350886464e-13,3.28569029877421
2013,3,1,0.506601691246033,0,1.02286716916569,0,2.25448903577431
2013,3,2,0.273520797491074,0,0.391474251380714,0,1.81976693470572
2013,3,3,0.187520503997803,0.0275891389844674,0.203287449650816,0,1.39515464994105
2013,3,4,0.0551937371492386,0.0395207684744037,0.0818970406689914,0,1.11207979343127
2013,3,5,1.78689706325531,0.0116918834032731,0.908958638072363,0,1.02109144669599
2013,3,6,14.0122690200806,2.27373675443232e-13,7.898845905911,-4.54747350886464e-13,1.18284850755872
2013,3,7,0.603099882602692,-2.27373675443232e-13,7.30819078782224,-2.27373675443232e-13,1.09186016082343
2013,3,8,2.86666891042842e-05,0,0.308500175633526,0,1.48614299667634
2013,3,9,2.04747533798218,0,1.02371566244256,0.101989810880468,2.4971246270684
2013,3,10,0.137000545859337,0,1.09233888008748,0,2.22415958686255
2013,3,11,9.21040439605713,0,4.62027194497932,0,2.33536756620567
2013,3,12,4.36092710494995,0,6.93671157670178,0,2.86107801400955
2013,3,13,0.513071954250336,0,2.43784046524524,0,1.69844913905867
2013,3,14,0.104688391089439,0.00422808102030103,0.305956154996238,0,1.26372703799008
2013,3,15,0.0221085678786039,0.00425623780756723,0.0591517580469372,0.0135498331746931,1.12218960973519
2013,3,16,1.0964161157608,-2.27373675443232e-13,0.55871303362801,0,1.07164052821559
2013,3,17,0.519375383853912,2.27373675443232e-13,0.828410539717879,0,0.909883467352859
2013,3,18,24.0651664733887,-2.27373675443232e-13,12.2920525921436,-4.54747350886464e-13,7.26895792251895
2013,3,19,0.713342487812042,2.27373675443232e-13,12.4762534629917,-1.36424205265939e-12,4.56963696937214
2013,3,20,0.00160097132902592,0,0.36163695997675,0,2.28481848468607
2013,3,21,0.0948264673352242,0.0313151444670439,0.0142015670571709,0,1.5670215271077
2013,3,22,0.0284714791923761,0.0389213098703749,0.0225693553657038,0,1.21317795647048
2013,3,23,3.9497983379988e-05,0.00585825413963903,0.00850579129473772,0.0908494779157536,1.00087181408815
2013,3,24,1.38406407833099,0,0.720695992175024,0,0.91999328365678
2013,3,25,10.0096082687378,0,5.69497439472616,0,0.960432548872463
2013,3,26,1.94124817848206,0,6.00533666685078,0,0.859334385833256
2013,3,27,0.0185292791575193,0,1.03945090369234,0,1.33449575211753
2013,3,28,3.5922398637922e-06,0,0.00927524060534779,0.00449173241531753,1.35471538472537
2013,3,29,3.0056891773711e-05,0,1.7950231267605e-05,0,1.14240924234303
2013,3,30,0.000219342444324866,-2.27373675443232e-13,0.000124447891721502,0,0.980652181480304
2013,3,31,0.534899890422821,2.27373675443232e-13,0.265145795157878,0,0.91999328365678
2013,4,1,0.607082724571228,0,0.570376323106757,0,0.818895120617574
2013,4,2,0.0162043552845716,0,0.322518874003436,0,0.677357692362684
2013,4,3,6.71279667585623e-06,0,0.00697392326401314,0,0.60658897823524
2013,4,4,0,0,3.76506795873866e-06,0,0.566149713019557
2013,4,5,0,0,0,0,0.576259529323478
2013,4,6,8.9023269538302e-05,0,4.32770975749008e-05,0,0.525710447803874
2013,4,7,0.176816374063492,0,0.0882401392009342,0,0.505490815196033
2013,4,8,1.96394598484039,0,1.06647957575478,0,0.495380998892112
2013,4,9,0.0860925763845444,0,1.04712452097738,0,0.46505154998035
2013,4,10,0.0147089557722211,2.27373675443232e-13,0.0511530777876033,0,0.444831917372509
2013,4,11,12.2531852722168,-2.27373675443232e-13,6.12243169223802,0,0.586369345627398
2013,4,12,13.9232702255249,0,13.0879733143956,0,1.89053564883316
2013,4,13,0.0419827736914158,0,6.98317024674179,0,1.4659233640685
2013,4,14,0.0735261216759682,0,0.0578900045657065,0,1.01098163039207
2013,4,15,0,0,0.0445429029568913,0,0.839114753225415
2013,4,16,0.368346929550171,0,0.176188859069953,0,1.5164724455881
2013,4,17,23.1318473815918,0,11.6542166957806,0,8.19906102247966
2013,4,18,0.0762250274419785,0,11.6045576018078,0,4.3067817454702
2013,4,19,17.3462924957275,0,8.45223589243688,0,8.79554018441097
2013,4,20,0.838356196880341,0,9.1429791095652,0,4.10458541939179
2013,4,21,0.00258372304961085,0,0.431531844231358,0,1.96130436296061
2013,4,22,3.45691405527759e-05,0,0.00136323311016895,0,1.37493501733321
2013,4,23,0,0,1.72845830093138e-05,0,1.09186016082343
2013,4,24,13.0908508300781,0,6.15261915153678,0,2.11295160751942
2013,4,25,7.14893054962158,0,10.1219966726712,0,2.80041911618602
2013,4,26,0.00267537380568683,0,3.57909936770011,0,1.48614299667634
2013,4,27,0.083877332508564,0,0.0432469870211207,0,1.11207979343127
2013,4,28,2.68458032608032,0,1.37399135022861,0,0.990761997784225
2013,4,29,4.3009467124939,0,3.48014589420927,0,0.839114753225415
2013,4,30,0.0548237003386021,0,2.2007372500666,0,0.697577324970526
2013,5,1,0.0357731021940708,0,0.0458970484178281,0,0.596479161931319
2013,5,2,0,0,0.0195304437438608,0,0.525710447803874
2013,5,3,0,0,0,0,0.495380998892112
2013,5,4,0.298986256122589,0,0.146254662249703,0,0.46505154998035
2013,5,5,6.6428689956665,0,3.46835130577529,0,0.46505154998035
2013,5,6,15.9232063293457,0,11.2704554607626,0,0.515600631499954
2013,5,7,1.13871490955353,0,8.53147059817275,0,0.535820264107795
2013,5,8,1.09223306179047,0,1.1155960565884,0,0.45494173367643
2013,5,9,3.59926390647888,0,2.29269854406448,0,0.707687141274446
2013,5,10,12.0809679031372,0,7.77646610823285,0,3.51821607376439
2013,5,11,11.5864591598511,0,11.8355031723186,0,6.10632904756808
2013,5,12,0.264067023992538,0,6.85755196557875,0,2.38591664772528
2013,5,13,0,0,0.143823380647518,0,1.40526446624497
2013,5,14,1.6001411495381e-05,0,7.76864908402786e-06,0,1.03120126299991
2013,5,15,0.0195538736879826,0,0.00973909650929272,0,0.839114753225415
2013,5,16,2.96036171913147,0,1.46287647976715,0,0.697577324970526
2013,5,17,3.00732612609863,0,2.98310608303291,0,0.61669879453916
2013,5,18,6.54253625869751,0,4.65771819658403,0,0.566149713019557
2013,5,19,0.683118641376495,0,3.6621796899417,0,0.525710447803874
2013,5,20,0.130075588822365,0,0.420235705489176,0,0.485271182588192
2013,5,21,0.92848265171051,0,0.544844345386082,0,0.45494173367643
2013,5,22,2.0857560634613,0,1.50324218240712,0,0.424612284764668
2013,5,23,4.21336555480957,0,2.98614552772051,0,0.414502468460747
2013,5,24,1.17556965351105,0,2.9125047956768,0,0.374063203245064
2013,5,25,0.00367341958917677,0,0.650823658099398,0,0.31340430542154
2013,5,26,0.178624331951141,0,0.0866592152669909,0,0.293184672813699
2013,5,27,9.82077217102051,0,4.75981412827241,0,0.374063203245064
2013,5,28,1.44444179534912,0,5.64349715867138,0,0.333623938029382
2013,5,29,0,0,0.768680835048144,0,0.293184672813699
2013,5,30,0.383559852838516,0,0.159031207098451,2.27373675443232e-13,0.252745407598017
2013,5,31,1.25937712192535,0,0.814139260219235,-2.27373675443232e-13,0.272965040205858
2013,6,1,18.0431385040283,0,9.54323701563408,0,1.62768042493123
2013,6,2,0.950151145458221,0,9.59333570678427,0,1.15251905864696
2013,6,3,0.0435029864311218,0,0.518288725150342,0,0.626808610843081
2013,6,4,8.76687117852271e-05,0,0.0214329380687559,0,0.424612284764668
2013,6,5,1.60916624736274e-06,0,4.79817535961047e-05,0,0.333623938029382
2013,6,6,0.650860846042633,0,0.261265098204603,0,0.31340430542154
2013,6,7,5.87587738037109,0,2.96776854224299,0,0.343733754333302
2013,6,8,0.177117511630058,0,3.19940515810595,0,0.31340430542154
2013,6,9,0.0217767581343651,0,0.0914805956927012,0,0.242635591294096
2013,6,10,4.11571836471558,-2.27373675443232e-13,1.99253256903467,-2.27373675443232e-13,0.242635591294096
2013,6,11,1.19777595996857,2.27373675443232e-13,2.71200302930811,2.27373675443232e-13,0.252745407598017
2013,6,12,0,0,0.542257714143489,0,0.222415958686255
2013,6,13,5.64971351623535,0,2.20958075925591,0,0.192086509774493
2013,6,14,5.51738500595093,0,5.58773922018008,0,1.15251905864696
2013,6,15,0,2.27373675443232e-13,2.96437274614436,0,0.475161366284271
2013,6,16,1.96324717998505,-2.27373675443232e-13,0.81408949472825,2.27373675443232e-13,0.31340430542154
2013,6,17,1.1814820766449,0,1.59258713165764,-2.27373675443232e-13,0.272965040205858
2013,6,18,2.75213003158569,0,1.95187157033797,0,0.222415958686255
2013,6,19,1.77748882770538,0,2.27820631155919,0,0.262855223901937
2013,6,20,0,0,0.910944697774539,0,0.192086509774493
2013,6,21,0,2.27373675443232e-13,0,2.27373675443232e-13,0.141537428254889
2013,6,22,1.11512184143066,-2.27373675443232e-13,0.477830744988751,-2.27373675443232e-13,0.131427611950969
2013,6,23,7.2378830909729,0,4.10392551327095,0,0.141537428254889
2013,6,24,3.42845630645752,0,5.55051454986096,0,0.121317795647048
2013,6,25,0.0631615445017815,0,1.78206432719162,0,0.111207979343127
2013,6,26,16.213529586792,0,7.90731410575972,0,0.131427611950969
2013,6,27,13.311671257019,0,14.7755866583248,0,0.202196326078413
2013,6,28,0.92189759016037,0,7.4946177660313,0,0.161757060862731
2013,6,29,5.13664150238037,0,2.68570549270225,0,0.15164724455881
2013,6,30,6.93199872970581,0,5.88644785688666,0,0.545930080411716
2013,7,1,11.4050617218018,0,9.1063072159377,0,1.95119454665669
2013,7,2,9.64798927307129,0,10.5948717823921,0,1.11207979343127
2013,7,3,2.35384798049927,0,6.06611738848005,0,1.04131107930383
2013,7,4,0.988158941268921,0,1.7378966177348,0,0.505490815196033
2013,7,5,3.06602144241333,0,1.88104519811168,0,0.343733754333302
2013,7,6,3.43672251701355,0,3.22921653415688,-2.27373675443232e-13,0.333623938029382
2013,7,7,5.69415140151978,0,4.54921018503228,2.27373675443232e-13,0.363953386941144
2013,7,8,0.162735879421234,0,2.95953964708315,0,0.293184672813699
2013,7,9,0.411773473024368,0,0.266206141546718,0,0.212306142382334
2013,7,10,0.629300475120544,0,0.51506444667757,0,0.181976693470572
2013,7,11,4.53573608398438,0,2.46801675263851,0,0.15164724455881
2013,7,12,0.0393057204782963,0,2.35437230749812,0,0.111207979343127
2013,7,13,0.0387412719428539,0,0.039051407831721,0,0.0849224569529335
2013,7,14,0.399704217910767,0,0.231663848171593,0,0.061669879453916
2013,7,15,0.942872107028961,0,0.617653574619908,0,0.0647028243450922
2013,7,16,0,0,0.550565945944982,0,0.0404392652156826
2013,7,17,0.0159108638763428,0,0.00612283515511081,2.27373675443232e-13,0.0283074856509778
2013,7,18,0.000156995956785977,0,0.00593698341253912,-2.27373675443232e-13,0.0222415958686255
2013,7,19,0.10393413901329,0,0.0599236148846103,0,0.015164724455881
2013,7,20,2.43751335144043,0,1.25294570098777,0,0.0333623938029382
2013,7,21,5.95397663116455,0,4.12127833993145,0,0.0242635591294096
2013,7,22,3.28393387794495,0,4.8917355979429,0,0.0131427611950969
2013,7,23,3.79711318016052,0,3.60747914380772,0,0.0090988346735285
2013,7,24,0.932517230510712,0,2.628274973722,0,0.0064702824345092
2013,7,25,0.000316530931740999,0,0.595474890156766,0,0.0038417301954898
2013,7,26,0.0438799746334553,0,0.0265948338856106,0,0.0022241595868625
2013,7,27,10.6076393127441,0,5.14166388699232,0,0.0070768714127444
2013,7,28,2.58883190155029,0,6.98696425252274,0,0.0045494173367643
2013,7,29,0.00110897666309029,0,1.39589348981099,0,0.0020219632607841
2013,7,30,0,0,0.000623076419287827,2.27373675443232e-13,0.0009098834673528
2013,7,31,0.799243271350861,0,0.339808854776493,0,0.000505490815196
2013,8,1,1.41390609741211,0,1.18742074976763,-2.27373675443232e-13,0.000505490815196
2013,8,2,0,0,0.726898033564794,0,0.0001010981630392
2013,8,3,5.1515212059021,0,1.98151028316352,0,0
2013,8,4,0.654711782932282,0,3.06380742663168,0,0
2013,8,5,0.0108757289126515,0,0.260751114365121,0,0
2013,8,6,0.166465058922768,0,0.0700861727018491,0,0
2013,8,7,0.0057984353043139,0,0.0866729907575063,0,0
2013,8,8,2.14943313598633,0,0.941413336098776,0,0
2013,8,9,20.2056198120117,-2.27373675443232e-13,10.5635880911141,0,0
2013,8,10,0.609490871429443,2.27373675443232e-13,10.4510992967771,0,0
2013,8,11,0.00762535491958261,0,0.326750541222282,0,0
2013,8,12,0.0111995767802,0,0.0092459636143758,0,0
2013,8,13,0.281990200281143,0,0.154108528717188,0,0
2013,8,14,0.000528804899659008,0,0.171522576907591,0,0
2013,8,15,5.0469006964704e-05,-2.27373675443232e-13,0.000334875665430445,0,0
2013,8,16,0.0146184265613556,4.54747350886464e-13,0.0054768800837337,0,0
2013,8,17,0,-2.27373675443232e-13,0.00556344187498326,0,0
2013,8,18,0,0,0,0,0
2013,8,19,0,0,0,0,0
2013,8,20,0.0398248471319675,0,0.0185832086426672,0,0
2013,8,21,0.377667814493179,2.27373675443232e-13,0.169028058924596,0,0
2013,8,22,0.608859241008759,-2.27373675443232e-13,0.51774454372935,0,0
2013,8,23,1.70427119731903,0,1.2090654171916,0,0
2013,8,24,0.00308455782942474,0,1.03332949519972,0,0
2013,8,25,2.8784816663574e-07,0,0.0016678421816323,0,0
2013,8,26,0,0,1.62806827574968e-07,0,0
2013,8,27,0.0246310271322727,0,0.00882988140074303,0,0
2013,8,28,0.00739616714417934,0,0.0147507210422191,0,0
2013,8,29,0.885935842990875,0,0.381146098923637,0,0
2013,8,30,0,0,0.457347220348311,0,0
2013,8,31,2.91177797317505,0,1.24964713240479,0,0
2013,9,1,18.8597869873047,0,10.5237197389288,0,0
2013,9,2,0.0306106619536877,0,9.90426844630565,0,0
2013,9,3,0.000290477037196979,0,0.0140107554616407,0,0
2013,9,4,0.512183785438538,2.27373675443232e-13,0.232562134529871,0,0
2013,9,5,1.0045454473584e-05,-2.27373675443232e-13,0.234736135440471,2.27373675443232e-13,0
2013,9,6,1.55710258695763e-05,0,1.2448406778276e-05,-2.27373675443232e-13,0
2013,9,7,0,0,7.11563188815489e-06,0,0
2013,9,8,0.00110222189687192,0,0.000519858709594701,0,0
2013,9,9,0.029919782653451,0,0.0123772972656298,0,0
2013,9,10,0.760183572769165,0,0.285208281318774,0,0
2013,9,11,3.71642804145813,0,2.18568640130252,0,0
2013,9,12,0.623020768165588,0,2.25801435623725,0,0
2013,9,13,5.34798192977905,0,2.81860800778668,0,0
2013,9,14,0.00154598581138998,0,3.20913608541014,0,0
2013,9,15,0.0349096134305,-2.27373675443232e-13,-0.01906106723618,0,0
2013,9,16,0.325897127389908,2.27373675443232e-13,0.187779441694147,0,0
2013,9,17,0.00306587782688439,0,0.14664588769665,0,0
2013,9,18,0.154829487204552,0,-1.09369368276384,0,0
2013,9,19,12.0059175491333,0,5.99197707801795,0,0
2013,9,20,13.9366731643677,0,12.9880535187258,0,0
2013,9,21,19.5131893157959,0,16.7249167859554,0,0
2013,9,22,0.35282289981842,-2.27373675443232e-13,9.9332358981992,-2.27373675443232e-13,0
2013,9,23,0.0131020341068506,2.27373675443232e-13,0.184277032312821,2.27373675443232e-13,0
2013,9,24,0,0,0.00703084030101309,0,0
2013,9,25,2.8134927561041e-06,0,1.24627695186064e-06,0,0
2013,9,26,0.000629685237072408,0,0.000288195289613213,0,0
2013,9,27,0.000108234315121081,0,0.00033481575519545,0,0
2013,9,28,6.83005928294733e-05,0,8.48279451020062e-05,0,0
2013,9,29,1.18283975124359,0,0.535905892385927,0,0
2013,9,30,9.89206123352051,0,5.60370412438351,-2.27373675443232e-13,0
2013,10,1,0.164673164486885,0,5.05817299145565,2.27373675443232e-13,0
2013,10,2,0.294279366731644,0,0.228664841553837,0,0
2013,10,3,0.614237368106842,0,0.446548822292243,0,0
2013,10,4,1.6547611951828,0,1.131747309395,0,0.000505490815196
2013,10,5,8.89742755889893,0,5.27545326689869,0,0.0001010981630392
2013,10,6,45.7135238647461,0,26.79681519937,0,0
2013,10,7,9.80171203613281,0,27.7772121743183,0,0.962454512133247
2013,10,8,1.18410909175873,0,5.49722427949018,0,0.408436578678395
2013,10,9,9.08753863768652e-05,0,0.646116498697666,0,0.21028417912155
2013,10,10,3.48032335750759e-05,0,6.39291247352958e-05,0,0.131427611950969
2013,10,11,0.00413375534117222,0,0.00202887345221825,0,0.0532787319216619
2013,10,12,0.0025072016287595,0,0.00335628718312364,0,0.0376085166505849
2013,10,13,0.21255949139595,0,0.10537301824661,0,0.001010981630392
2013,10,14,0.00228404067456722,0,0.109937051362067,0,0.0003032944891176
2013,10,15,0.106860682368279,0,0.0526126103941351,0,0
2013,10,16,3.91296005249023,0,1.98591448808293,0,0
2013,10,17,0.493478119373322,0,2.31528424787393,0,0.0008087853043136
2013,10,18,1.76155841350555,0,1.172413310087,0,0
2013,10,19,2.93061232566834,0,2.44583195534506,0,0
2013,10,20,2.13859486579895,0,2.53909870002099,0,0
2013,10,21,0.139915063977242,0,1.21526156177424,0,0
2013,10,22,0.483528137207031,0,0.325895063826465,0,0.000505490815196
2013,10,23,3.43675708770752,0,1.82137324934592,0,0
2013,10,24,0.274347454309464,0,2.05425254564034,0,0
2013,10,25,0.457247734069824,0,0.382524917367846,0,0.0446853880633293
2013,10,26,0.037436094135046,0,0.291274820359831,-2.27373675443232e-13,0.0254767370858801
2013,10,27,0.00018867316248361,0,0.0232016077134176,0,0.0141537428254889
2013,10,28,5.07342811033595e-05,0,0.000100939796539024,2.27373675443232e-13,0.0089977365104893
2013,10,29,0.0631585195660591,0,0.0364126546410262,0,0.0254767370858801
2013,10,30,3.05200719833374,0,1.43714022173663,0,0.0415513450091139
2013,10,31,3.74703502655029,0,3.36526798823616,0,0.0615687812908768
2013,11,1,22.4738693237305,0,12.912635623019,0,0.106153071191167
2013,11,2,0.0209826212376356,0,11.247935350053,0,0.149625281298026
2013,11,3,0.01371063105762,0,0.0176475351327099,0,0.157713134341162
2013,11,4,0.000173979933606461,0,0.0071523040678585,0,0.0896740706157762
2013,11,5,0.279664039611816,0,0.13606092374539,0,0.0566149713019557
2013,11,6,2.35961985588074,0,1.30249171521427,0,0.0444831917372509
2013,11,7,7.05402612686157,0,4.70665533498686,2.27373675443232e-13,0.0429667192916628
2013,11,8,0.00782564282417297,0,3.53127243655763,-2.27373675443232e-13,0.0349799644115655
2013,11,9,0.0436544641852379,0,0.0293576181938988,0,0.0294195654444091
2013,11,10,0,0,0.026968123667757,0,0.0291162709552915
2013,11,11,0.0685656294226646,0,0.0312711920923903,0,0.030329448911762
2013,11,12,2.09428882598877,0,0.989028174386476,0,0.0316437250312717
2013,11,13,0.0340019501745701,0.00470715553728951,1.06745327518001,0,0.0291162709552915
2013,11,14,0.000116744035040028,0.00473533400736415,0.0122928254277213,0,0.0291162709552915
2013,11,15,0.0612513646483421,0,0.030675887457619,0.0135617702865147,0.027903092998821
2013,11,16,0.169892579317093,0,0.124210859750747,0,0.0254767370858801
2013,11,17,19.2623805999756,0,9.68141249985638,0,0.45999664182839
2013,11,18,7.052405834198,0,13.1750800825321,0,0.678368673993076
2013,11,19,0.0260727852582932,0,3.6171589248479,0,0.483249219327408
2013,11,20,0.000324564403854311,0,0.0127457226844854,0,0.287118783031347
2013,11,21,1.57065975666046,0,0.662930866266834,0,0.209273197491158
2013,11,22,2.39618897438049,0,1.94595101076993,0,0.166811969014691
2013,11,23,0.518669545650482,0,1.52296947939612,0,0.129405648690184
2013,11,24,0.066831074655056,0.0323052833336988,0.263725649900152,0,0.103120126299991
2013,11,25,0.0053609237074852,0.036350842294496,0.000652962284220848,0,0.0845180643007767
2013,11,26,0.313168108463287,0.00325115201235349,0.123246150695195,0,0.0737005608555816
2013,11,27,0.0230367053300142,0.00316654574612585,0.16518398932385,0,0.0633885482255825
2013,11,28,0.0103452811017632,0.00833435202366673,0.00838918310182635,0,0.0564127749758773
2013,11,29,0.00059592112665996,0.00559552445679401,0.000156809190229978,0,0.0485271182588192
2013,11,30,0.000463048578239977,0.000140276133379302,0.000393624992284458,0,0.0467073513241135
2013,12,1,0,0,0.000231623933359515,0.104910524100433,0.0421579339873491
2013,12,2,0.0985020697116852,0,0.050430088347639,0,0.0404392652156826
2013,12,3,0.281603276729584,0,0.184007345764257,0,0.0404392652156826
2013,12,4,0.0848269239068031,0,0.175364486960461,0,0.0404392652156826
2013,12,5,1.46208608150482,0,0.759180495857436,0,0.0413491486830355
2013,12,6,10.7683296203613,0,6.11378991980746,0,0.0394282835852906
2013,12,7,7.37103128433228,3.66237100510125,5.41797677907016,0,0.0369008295093104
2013,12,8,0.0881927832961083,3.93423321697696,0,0,0.0350810625746047
2013,12,9,0.332438737154007,0.159653951579912,0.0341455664747627,0,0.0307338415639188
2013,12,10,1.97117078304291,1.07174891833074,0.0413509343998157,0,0.027903092998821
2013,12,11,0.00458130380138755,1.0019037382142,0,0,0.0252745407598017
2013,12,12,0.00800901278853416,0.0064082185767802,0,0,0.0217361050534294
2013,12,13,0.16059635579586,0.0883721112898002,0,0,0.0183998656731356
2013,12,14,7.02354526519775,0.618989092090942,2.96539211190975,0,0.0791598616596988
2013,12,15,7.13981866836548,0.972093059155668,6.10793332623143,0,0.280041911618602
2013,12,16,1.67105388641357,1.01239801065867,3.67457548950188,0,0.467073513241135
2013,12,17,0.0783525630831718,0.637995517293348,0.264873483363772,0,0.33261295639899
2013,12,18,0.0031183916144073,0.0173285000132637,0.0222079505911097,0,0.196130436296061
2013,12,19,0,0.00153344079899398,0.000269808879238553,0,0.171866877166651
2013,12,20,0.853350043296814,0,0.371284637694771,3.14905955882523,0.756214259533265
2013,12,21,35.7483329772949,0,18.286601083928,9.03867564747111,19.4108473035277
2013,12,22,58.7993202209473,2.27373675443232e-13,47.2730490728718,1.35018813609372,40.7425597048003
2013,12,23,0.256612986326218,1.13686837721616e-12,29.6418789864911,1.13686837721616e-12,7.56214259533265
2013,12,24,0.0925914868712425,0.0448385990512179,0.132344900848693,-2.27373675443232e-13,3.59909460419576
2013,12,25,0.00327741005457938,0.0483570416504335,0,2.27373675443232e-13,2.07251234230374
2013,12,26,0.00183302268851548,0.00200579555621516,0.000661000900436193,2.27373675443232e-13,1.41537428254889
2013,12,27,0.000173547086887993,0.000146976183486913,0.000931774913624395,-2.27373675443232e-13,1.04131107930383
2013,12,28,0.0307305622845888,0,0.0132929962128401,0,0.867422238876393
2013,12,29,2.16270685195923,-2.27373675443232e-13,1.09067404375674,0,0.631863518995041
2013,12,30,0.285702377557755,2.27373675443232e-13,1.25298633896455,0,0.496391980522504
2013,12,31,0.00525633897632361,0.00253875674297888,0.1456625971623,0,0.434722101068588
2014,1,1,0.0162857584655285,0.00259518362486233,0.00816272449446842,-2.27373675443232e-13,0.390238909331337
2014,1,2,8.6655740737915,0.610786070114727,3.15592158419167,4.54747350886464e-13,0.341711791072518
2014,1,3,1.99696254730225,1.70107377153886,3.64957890124788,-2.27373675443232e-13,0.306327434008796
2014,1,4,7.31492109480314e-05,1.0816392030365,0,0,0.334634919659774
2014,1,5,4.20089101791382,3.92695512800856e-05,1.94567728217226,0,1.05142089560775
2014,1,6,27.3404235839844,13.4770236139052,2.13012911938858,-2.27373675443232e-13,7.02632233122486
2014,1,7,0.00520994234830141,13.7310936582214,0,2.27373675443232e-13,2.17361050534294
2014,1,8,0.0528444647789002,0.0281158445743586,0,0,1.39515464994105
2014,1,9,0.169172957539558,0.100227950620138,0,0,1.1727386912548
2014,1,10,2.25481033325195,0.08738826979652,1.09006168427004,-2.27373675443232e-13,1.1727386912548
2014,1,11,11.4412145614624,0,6.77618121410342,1.99907369480161,11.2218960973519
2014,1,12,0.23292863368988,-4.54747350886464e-13,5.8439353592039,3.37095609078528,6.07599959865632
2014,1,13,0.267931193113327,0,0.249833783520444,3.3081494867638,3.3261295639899
2014,1,14,0.387563645839691,0,0.320684354097466,2.97404118963959,2.43646572924488
2014,1,15,0.10397732257843,0,0.260557623005298,0.936425657069094,1.68833932275475
2014,1,16,0.464433461427689,0.224572568944268,0.0537000355543569,0,1.25361722168616
2014,1,17,2.93480753898621,1.6131696467271,0,0,0.857312422572472
2014,1,18,0.952713251113892,1.95615003206945,0,0,0.688478490296997
2014,1,19,2.45480918884277,1.63393899521543,0,0,0.540875172259755
2014,1,20,0.0336871892213821,1.28182462292011,0.0160967920382973,0,0.46505154998035
2014,1,21,3.82597517967224,1.8431166188218,0.0174587989822612,0,0.379118111397025
2014,1,22,0.513087868690491,2.24835787816892,0,0,0.328569029877421
2014,1,23,0.531492412090302,0.524685737356094,0,0,0.307338415639188
2014,1,24,0.0387451946735382,0.318945347845556,0,0,0.282063874879386
2014,1,25,2.9563295841217,1.25924460274564,0,0,0.263866205532329
2014,1,26,0.194215700030327,1.93646970295708,0,0,0.255778352489193
2014,1,27,0.0664996057748795,0.116565129986839,0,0,0.234547738250959
2014,1,28,0.00107974105048925,0.0298760307300654,0,0,0.227470866838215
2014,1,29,0.000229713041335344,0.000750536619079867,0,0,0.21533908727351
2014,1,30,1.64966822921997e-05,0.000133548866870115,0,0,0.208262215860766
2014,1,31,0.0942083820700645,0.00809714709203036,0.0325710878241807,0,0.205229270969589
2014,2,1,0.489164441823959,0.0118526109179129,0.227507685245655,0.619544915588904,0.40135970726565
2014,2,2,12.9598608016968,2.27373675443232e-13,6.72178056644771,1.50126384418354,1.40526446624497
2014,2,3,0.136750280857086,0.0554352511690013,6.82370824964164,0.692265314289898,2.27470866838215
2014,2,4,1.22198939323425,0.653535520831383,0.0102095398833626,2.27373675443232e-13,0.929092118330309
2014,2,5,16.9842567443848,8.82677180050655,0.0289698614069494,0,0.652083151602883
2014,2,6,0.161164566874504,8.56386927887843,0.0299838420178276,0,0.497402962152896
2014,2,7,0.0375499241054058,0.109184386128391,0,0,0.379118111397025
2014,2,8,0.323356658220291,0.192179711573999,0,0,0.334634919659774
2014,2,9,0.6542649269104,0.52429985681988,0,0,0.321492158464677
2014,2,10,0.408615916967392,0.49872909547571,0,0,0.301272525856836
2014,2,11,0.00633544893935323,0.157443678588379,0,0,0.271954058575466
2014,2,12,0.0631168559193611,0.0405582591245093,0,0,0.24465755455488
2014,2,13,0.00393364625051618,0.0305391952836089,0,0,0.22039399542547
2014,2,14,0.759064137935638,0.373548787996242,0,0,0.203207307708805
2014,2,15,5.13924407958984,2.87913509612076,0,0,0.1910755281441
2014,2,16,1.27394497394562,3.60334492314723,0,0,0.187031601622532
2014,2,17,2.37407827377319,1.95250950994568,0,0,0.171866877166651
2014,2,18,6.95045280456543,1.22481465859096,3.36463317399466,0,0.412480505199963
2014,2,19,0.264393121004105,0,3.71351430407231,1.77841887828913,2.35558719881351
2014,2,20,1.98526310920715,0,1.12398316966573,4.84941849249481,14.1537428254889
2014,2,21,10.083776473999,0,5.9378704076953,6.42354880299695,14.8614299667634
2014,2,22,0.00483656814321876,0,5.28872882698488,5.75639116452157,4.28656211286236
2014,2,23,0.000264718575635925,0,0.00275367590074893,3.53561607454594,2.48701481076448
2014,2,24,0.0987387448549271,0.0211401274616492,0.0260031104553491,1.20879472497654,1.60746079232339
2014,2,25,0.200115069746971,0.103607882961569,0.0492846670385916,0,1.19295832386264
2014,2,26,0.00872914027422667,0.0922355631519167,0.0255839285673574,0,0.923026228547956
2014,2,27,9.44637758948375e-06,0.00465688583926749,0,0,0.687467508666605
2014,2,28,0.000554657191969454,0.000269299715910165,0,0,0.618720757799945
2014,3,1,0.000806912954431027,0.0003096916202594,0.000356374875991605,0,0.591424253779359
2014,3,2,3.74651861190796,0,1.67482324750017,2.27373675443232e-13,0.581314437475438
2014,3,3,5.87280559539795,2.90592758131402,1.89270077450783,-2.27373675443232e-13,0.497402962152896
2014,3,4,0.00350341014564037,3.20498769112101,0,0,0.418546394982315
2014,3,5,0,0.00171081236589998,7.27595761418343e-12,0,0.395293817483298
2014,3,6,0,0,-7.27595761418343e-12,0,0.37204123998428
2014,3,7,6.03713488089852e-06,0,2.39712971961126e-06,0.299063929275007,0.360920442049968
2014,3,8,0.00701285898685455,0,0.00343975009309361,2.15208797747869,0.480216274436231
2014,3,9,0.012963954359293,0,0.00991544218413765,2.31051283121769,0.457974678567606
2014,3,10,0.000176838468178175,0,0.00686857989057899,2.11069323131665,0.445842899002901
2014,3,11,2.35499811172485,0,1.0389210154317,6.49702832685171,0.480216274436231
2014,3,12,15.3539800643921,0,8.85123946497333,9.2512548763068,2.56789334119585
2014,3,13,1.87060749530792,0.251218099961307,8.58546385220689,4.16623441738489,2.58811297380369
2014,3,14,0.0133697474375367,0.261171315143656,0.685476593054773,1.12228555490765,1.39515464994105
2014,3,15,0.149308294057846,0,0.0804434789533843,4.78815320249328,1.08175034451951
2014,3,16,0.056729156523943,0,0.103120258019771,4.91398841019395,0.857312422572472
2014,3,17,0.00699816457927227,0.000443745215534364,0.0318612399642007,1.23608790021012,0.748126406490129
2014,3,18,0.00110315310303122,0.000515031651502795,0.0039484180015279,0.343251139827089,0.686456527036213
2014,3,19,0.705564022064209,0,0.347021052592027,2.99968612092994,0.619731739430336
2014,3,20,0.866301417350769,-2.27373675443232e-13,0.785041539566009,1.84670314124287,0.561094804867597
2014,3,21,0,2.27373675443232e-13,0.46029746937711,0,0.499424925413681
2014,3,22,0,0,0,0,0.480216274436231
2014,3,23,1.67824291565921e-05,0,7.76439264882356e-06,0,0.432700137807804
2014,3,24,0.000764240045100451,6.11449695497868e-06,0.000369973276974633,0,0.388216946070553
2014,3,25,0.130101352930069,6.89986200086423e-06,0.0599360136693576,0,0.390238909331337
2014,3,26,0.128173664212227,0.0269986959428934,0.102159861038672,0,0.387205964440161
2014,3,27,0.641401469707489,0.028331033242921,0.34967357016285,0.0558700383087398,0.355865533898007
2014,3,28,7.74969339370728,0,3.76421934352402,2.27373675443232e-13,0.402370688896042
2014,3,29,11.6309490203857,0,9.69024917326169,-2.27373675443232e-13,2.61844242271545
2014,3,30,9.83068943023682,0,10.7313541378317,0,4.32700137807804
2014,3,31,0.0312703922390938,0,4.9309827766192,0,2.04218289339197
2014,4,1,0.192210748791695,0,0.104202262424224,0,1.39515464994105
2014,4,2,4.93364906311035,0,2.5122804723942,0,1.13229942603911
2014,4,3,22.2069282531738,0,12.9781763132996,0,16.6811969014691
2014,4,4,42.8263664245605,0,32.4904842330288,0,26.4877187162721
2014,4,5,1.0199818611145,2.27373675443232e-13,21.986141011439,0,7.2891775551268
2014,4,6,3.40343540301546e-05,-2.27373675443232e-13,0.535089118406177,0,3.6193142368036
2014,4,7,1.46166443824768,0,0.698490510701959,0,3.38678846181342
2014,4,8,16.0077095031738,0,8.73389049679099,0,8.24961010399926
2014,4,9,0.731185615062714,0,8.36954300970683,0,3.88216946070553
2014,4,10,0.148253992199898,0,0.476733569994394,0,2.27470866838215
2014,4,11,5.75727844238281,0,2.91249890490872,0,1.79954730209788
2014,4,12,0.0470304936170578,0,2.94727692929155,0,1.48614299667634
2014,4,13,8.58054045238532e-06,0,0.0252888934919611,0,1.24350740538224
2014,4,14,1.37175953388214,0,0.593011383723933,2.27373675443232e-13,1.09186016082343
2014,4,15,8.97310638427734,0,5.10006087140209,-2.27373675443232e-13,1.03120126299991
2014,4,16,0.399992674589157,0,4.69333669680054,0,0.902806595940115
2014,4,17,0.00214827596209943,0,0.21194405778806,0,0.831026900182278
2014,4,18,0,0,0.0011283888889011,0,0.749137388120521
2014,4,19,0.000720923650078476,0,0.000342576655384619,0,0.683423582145037
2014,4,20,1.08071151316835e-06,0,0.00038923437386984,0,0.621753702691121
2014,4,21,0.175402745604515,0,0.0966454274166608,0,0.595468180300927
2014,4,22,0.959482371807098,0,0.661408691034012,0,0.579292474214654
2014,4,23,0.000283509376458824,2.27373675443232e-13,0.597959578270093,2.27373675443232e-13,0.515600631499954
2014,4,24,0.0101339658722281,-2.27373675443232e-13,0.00655043176084291,-2.27373675443232e-13,0.463029586719566
2014,4,25,4.32148694992065,0,2.0861844693427,0,0.485271182588192
2014,4,26,1.82055044174194,0,3.19245952775964,0,0.473139403023487
2014,4,27,0,0,1.03751462751825,0,0.404392652156826
2014,4,28,13.839503288269,0,6.86059977854893,0,0.51357866823917
2014,4,29,17.965015411377,0,15.8499871306412,0,0.940212916264621
2014,4,30,1.96799123287201,0,9.97097631295037,2.27373675443232e-13,0.715774994317583
2014,5,1,0.0655338913202286,2.27373675443232e-13,1.09074687166867,-2.27373675443232e-13,0.575248547693086
2014,5,2,0.0175146572291851,-2.27373675443232e-13,0.0421650983262225,0,0.509534741717601
2014,5,3,0.0668684244155884,0,0.0459700336577953,0,0.469095476501919
2014,5,4,0.1265519708395,2.27373675443232e-13,0.0999649331861292,0,0.42562326639506
2014,5,5,0.559583902359009,-2.27373675443232e-13,0.317384504196525,0,0.387205964440161
2014,5,6,0.00383110647089779,0,0.302741343482921,0,0.376085166505849
2014,5,7,0.00305769476108253,0,0.00349545190692879,-2.27373675443232e-13,0.36193142368036
2014,5,8,0.00993939209729433,0,0.00567053857957944,2.27373675443232e-13,0.345755717594087
2014,5,9,0.0547997243702412,0,0.0275678420293843,0,0.340700809442126
2014,5,10,3.50533986091614,0,1.4725566044508,0,0.812829230835221
2014,5,11,8.48936939239502,-2.27373675443232e-13,5.43489820937248,-2.27373675443232e-13,1.83998656731356
2014,5,12,15.1119747161865,2.27373675443232e-13,11.7754392555144,2.27373675443232e-13,1.11207979343127
2014,5,13,0.692728757858276,0,7.9110653327225,0,0.881575981701882
2014,5,14,10.3557252883911,0,5.51228850993357,0,3.36656882920558
2014,5,15,31.4010906219482,0,20.6004781732845,0,8.81575981701882
2014,5,16,2.58778357505798,0,16.99548586733,0,3.24525103355853
2014,5,17,3.67252445220947,0,3.1294568989033,0,1.81976693470572
2014,5,18,0.251062512397766,0,1.97579767358548,0,1.23339758907832
2014,5,19,0.000209072837606072,0,0.137899773777463,0,0.927070155069525
2014,5,20,0.0632274448871613,0,0.0309268816854456,0,0.76329113094601
2014,5,21,0.386153876781464,0,0.215020214498509,0,1.42548409885281
2014,5,22,19.5984649658203,0,9.92976891683793,0,1.61757060862731
2014,5,23,0.00706317089498043,0,9.81073984931572,0,0.886630889853842
2014,5,24,5.52196506760083e-05,0,0.0035893042513635,0,0.650061188342098
2014,5,25,0.000247017160290852,0,0.000149780054925941,0,0.545930080411716
2014,5,26,0.0282484572380781,0,0.0141618512134301,0,0.481227256066623
2014,5,27,0.439299643039703,0,0.232938654473401,0,0.434722101068588
2014,5,28,0.00251024076715112,0,0.23128046515194,0,0.398326762374474
2014,5,29,2.40496683120728,2.27373675443232e-13,1.07467526690016,2.27373675443232e-13,0.440787990850941
2014,5,30,0.54608029127121,-2.27373675443232e-13,1.55270454283163,-2.27373675443232e-13,0.55300695182446
2014,5,31,0.0020832282025367,0,0.298595388994727,0,0.411469523569571
2014,6,1,0.0485338903963566,0,0.0242597320102504,0,0.549974006933284
2014,6,2,6.229567527771,0,2.63090370667487,0,0.662192967906803
2014,6,3,16.3700981140137,0,11.262645369512,0,0.457974678567606
2014,6,4,10.1003160476685,0,13.2667162078433,0,1.2232877727744
2014,6,5,21.1693477630615,0,15.6055378784222,0,2.81052893248994
2014,6,6,3.94370836147573e-05,0,10.585071210051,0,1.08175034451951
2014,6,7,0.0280332490801811,0,0.013425693156023,0,0.6753357291019
2014,6,8,5.56489229202271,0,2.68495232776331,0,0.569182657910733
2014,6,9,1.12154006958008,0,3.67107855706126,0,0.478194311175447
2014,6,10,5.0430703163147,2.27373675443232e-13,3.03392510057893,0,0.421579339873492
2014,6,11,7.68983840942383,-2.27373675443232e-13,6.29392468603328,0,0.554017933454852
2014,6,12,5.9925012588501,0,6.84860891944845,2.27373675443232e-13,0.76834603909797
2014,6,13,0.671802759170532,0,3.35641034102446,-2.27373675443232e-13,0.562105786497989
2014,6,14,0.0810551643371582,0,0.393338614710956,0,0.403381670526434
2014,6,15,7.47481408325257e-06,0,0.0447432621585904,0,0.324525103355853
2014,6,16,0.222304493188858,2.27373675443232e-13,0.103531735599972,0,0.290151727922523
2014,6,17,1.00368344783783,-2.27373675443232e-13,0.686915841499285,0,0.257800315749977
2014,6,18,0.257421791553497,0,0.633920834508899,0,0.230503811729391
2014,6,19,7.71871471405029,0,3.68720089532144,0,0.206240252599981
2014,6,20,4.70677185058594,0,6.25546528652194,0,0.505490815196033
2014,6,21,3.9282591342926,0,4.31873386116786,0,1.35471538472537
2014,6,22,0.0409617014229298,0,2.47587499987276,0,0.918982302026388
2014,6,23,1.33043539524078,0,0.626617421985429,0,0.732961682034248
2014,6,24,2.79726958274841,0,1.96836278234696,0,0.597490143561711
2014,6,25,15.4924144744873,0,8.91567541832774,0,0.666236894428372
2014,6,26,1.50655961036682,0,8.5322347053152,0,0.424612284764668
2014,6,27,0.0110715189948678,0,0.825298897820176,0,0.371030258353888
2014,6,28,1.42080748081207,0,0.685607269515458,0,0.265888168793113
2014,6,29,0.91212660074234,0,1.18024641040392,0,0.222415958686255
2014,6,30,1.8087465763092,0,1.3411141702818,0,0.207251234230374
2014,7,1,4.72566986083984,0,3.14864880905952,0,0.205229270969589
2014,7,2,7.68308448791504,0,5.95123442711338,0,0.207251234230374
2014,7,3,0.396623969078064,0,4.0602764758878,0,0.178943748579396
2014,7,4,0.0845901146531105,0,0.243951122494764,0,0.139515464994105
2014,7,5,0.0111018577590585,0,0.0527658698774758,0,0.107164052821559
2014,7,6,0.563999772071838,0,0.30747549397347,0,0.0901795614309723
2014,7,7,0.913885891437531,0,0.710602933279006,0,0.079260959822738
2014,7,8,13.7739543914795,0,6.74894817247696,-2.27373675443232e-13,0.0941223897895014
2014,7,9,4.17147541046143,0,9.01359129299817,2.27373675443232e-13,0.091493837550482
2014,7,10,0.00965795014053583,0,2.24127725555445,0,0.0798675488009732
2014,7,11,3.00402075481543e-06,0,0.00423938052699668,2.27373675443232e-13,0.0601534070083279
2014,7,12,0,0,1.63190270541236e-06,-2.27373675443232e-13,0.0418546394982315
2014,7,13,0.879198908805847,0,0.513562880441896,0,0.0354854552267615
2014,7,14,15.4605531692505,0,6.36853736993362,0,0.0779466837032283
2014,7,15,9.45199394226074,0,12.485401428763,0,0.108175034451951
2014,7,16,0.00304295169189572,0,4.74527825570112,0,0.162768042493123
2014,7,17,0,2.27373675443232e-13,0.00145183783024549,0,0.102109144669599
2014,7,18,0.00445729959756136,-2.27373675443232e-13,0.00258496633614413,0,0.0621753702691121
2014,7,19,0.542759597301483,0,0.245327944780001,0,0.0441798972481333
2014,7,20,0.000679324672091752,0,0.279151845461456,0,0.0336656882920558
2014,7,21,0.000436091766459867,0,0.000559159227123018,0,0.0272965040205858
2014,7,22,0.00137208355590701,-2.27373675443232e-13,0.000865508387505543,0,0.0217361050534294
2014,7,23,3.58402228355408,2.27373675443232e-13,1.66430392044276,0,0.0193097491404885
2014,7,24,14.2321510314941,0,7.77186206760962,0,0.516611613130346
2014,7,25,0.0424844585359097,0,7.21604923039558,0,0.321492158464677
2014,7,26,0.607844412326813,0,0.359731370517693,0,0.175910803688219
2014,7,27,10.0386686325073,0,5.03822895426856,0,0.148614299667634
2014,7,28,7.50705480575562,0,8.78132669261686,0,0.36698633183232
2014,7,29,0.170590445399284,0,4.23093106847227,0,0.214328105643118
2014,7,30,1.61804723739624,0,0.834482784703141,0,0.150636262928418
2014,7,31,3.06482338905334,0,2.32945526480034,0,0.130416630320577
2014,8,1,0.0126824891194701,0,1.72940806250699,0,0.0820917083878358
2014,8,2,1.76559031009674,-2.27373675443232e-13,1.00618639762251,0,0.0626808610843081
2014,8,3,0.0553332716226578,2.27373675443232e-13,0.995810747073847,0,0.0473139403023487
2014,8,4,0.0309432912617922,0,0.0417837505665375,0,0.0374063203245064
2014,8,5,0.142365619540215,0,0.0947230404199217,0,0.0314415287051932
2014,8,6,0.0372687466442585,0,0.0792848522469285,0,0.0269932095314682
2014,8,7,0,0,0.0153481261586421,0,0.0238591664772528
2014,8,8,0.496650964021683,-2.27373675443232e-13,0.269090456145932,-2.27373675443232e-13,0.0227470866838215
2014,8,9,0.985795497894287,2.27373675443232e-13,0.681884973688284,2.27373675443232e-13,0.0209273197491158
2014,8,10,0.441236048936844,0,0.630719273685827,0,0.0206240252599981
2014,8,11,9.13561820983887,0,3.7154631376834,0,0.0649050206711706
2014,8,12,9.85650253295898,0,9.58578833232605,0,0.141537428254889
2014,8,13,0.215530708432198,0,5.04195915562013,0,0.360920442049968
2014,8,14,0.237580463290215,0,0.225791957847832,0,0.15670215271077
2014,8,15,0.242337316274643,0,0.239756851580751,0,0.0836081808334239
2014,8,16,0.0431518480181694,0,0.150488975661574,0,0.0542897135520539
2014,8,17,1.20205330848694,0,0.566003638246912,0,0.0418546394982315
2014,8,18,0.790751338005066,0,1.00995857057569,0,0.0345755717594087
2014,8,19,1.06877493858337,0,0.901757717132568,0,0.0271954058575466
2014,8,20,8.47909545898438,-2.27373675443232e-13,4.6280076530602,0,0.0415513450091139
2014,8,21,4.08251047134399,2.27373675443232e-13,6.28254861332243,0,0.22039399542547
2014,8,22,15.430624961853,0,9.74600730024395,0,0.656127078124451
2014,8,23,4.27708864212036,0,9.90439753296232,0,0.390238909331337
2014,8,24,9.96576976776123,0,6.75415446118859,0,0.329580011507814
2014,8,25,0.0176765508949757,0,5.06914332208544,0,0.199163381187237
2014,8,26,0.93453574180603,0,0.468592925659323,0,0.128394667059792
2014,8,27,1.92636358737946,0,1.40600882504805,0,0.094425684278619
2014,8,28,0.228874370455742,0,1.15399608081498,2.27373675443232e-13,0.0687467508666605
2014,8,29,0,0,0.119747438810009,-2.27373675443232e-13,0.0507512778456817
2014,8,30,0.560723304748535,0,0.258177627809346,0,0.0522677502912698
2014,8,31,7.12619590759277,0,3.73844061078853,0,0.0634896463886217
2014,9,1,2.86445093154907,0,4.99935635825386,2.27373675443232e-13,0.0657138059754843
2014,9,2,25.1242160797119,0,13.5176046039487,-2.27373675443232e-13,1.26372703799008
2014,9,3,4.10518980026245,0,14.636350817731,0,2.34547738250959
2014,9,4,0.000346196786267683,0,2.07735078931,0,0.681401618884253
2014,9,5,0.749989688396454,0,0.369409774633823,0,0.322503140095069
2014,9,6,2.28581786155701,0,1.46524394558946,0,0.196130436296061
2014,9,7,0.0764152258634567,0,1.21456953832967,0,0.128394667059792
2014,9,8,7.59667614147475e-07,0,0.039659039961407,0,0.0927070155069524
2014,9,9,0,0,4.38856659457088e-07,0,0.0664214931167587
2014,9,10,0.502025902271271,0,0.294296845706413,0,0.0497402962152897
2014,9,11,23.0259895324707,2.27373675443232e-13,11.731208188794,0,0.0793620579857772
2014,9,12,0.659986436367035,-2.27373675443232e-13,11.8446054234228,0,0.0512567686608777
2014,9,13,0.0150304650887847,0,0.351649065421952,0,0.0413491486830355
2014,9,14,2.93910488835536e-07,0,0.00775865173636703,0,0.0383162037918593
2014,9,15,0.198976323008537,0,0.0829198467690731,0,0.0322503140095069
2014,9,16,7.17348670959473,0,3.520912294749,0,0.031340430542154
2014,9,17,0.036029864102602,0,3.6601038138906,0,0.0280041911618602
2014,9,18,6.18283138464904e-06,0,0.0149261740152724,0,0.024465755455488
2014,9,19,0.00218955567106605,0,0.00104301965620834,0,0.0202196326078413
2014,9,20,0.000222675211261958,0,0.00113967497600243,0,0.0177932766949004
2014,9,21,1.31953239440918,0,0.743246133868524,0,0.0153669207819594
2014,9,22,0.0089316600933671,0,0.700847740590689,0,0.0125361722168616
2014,9,23,1.65035180543782e-06,0,0.00450483935128432,0,0.0108175034451951
2014,9,24,1.85030912689399e-05,0,9.61372279562056e-06,0,0.0090988346735285
2014,9,25,1.36050334731408e-06,0,1.02351041277871e-05,0,0.0081889512061757
2014,9,26,1.4335519153974e-05,-2.27373675443232e-13,6.71695306664333e-06,0,0.0071779695757836
2014,9,27,0,2.27373675443232e-13,5.10874815518037e-06,0,0.0065713805975484
2014,9,28,0.0161477234214544,0,0.00907067233492853,0,0.0061669879453916
2014,9,29,0.0152714475989342,0,0.0157383643745561,0,0.0058636934562739
2014,9,30,0,0,0.00850839506165357,0,0.0057625952932347
2014,10,1,0.021060036495328,0,0.0139085568589508,0,0.0057625952932347
2014,10,2,0,0,0.00925619452027604,0,0.0055603989671563
2014,10,3,3.03329873085022,0,1.47133107510308,0,0.0056614971301955
2014,10,4,4.17076587677002,0,3.55247458160738,0,0.0058636934562739
2014,10,5,0.212203189730644,0,2.29077455220249,0,0.0057625952932347
2014,10,6,1.30779612064362,0,0.668445850897115,0,0.0067735769236268
2014,10,7,4.34466028213501,0,2.76451068877213,2.27373675443232e-13,0.0141537428254889
2014,10,8,8.40433216094971,0,6.03301031669253,-2.27373675443232e-13,0.0213317124012726
2014,10,9,1.07050025463104,0,4.99356385084684,0,0.0177932766949004
2014,10,10,1.96931576728821,0,1.47529114915233,0,0.0155691171080378
2014,10,11,4.12958908081055,0,2.78468079428421,0,0.0185009638361748
2014,10,12,0.125946208834648,2.27373675443232e-13,2.4213841977471,0,0.0195119454665669
2014,10,13,5.66266870498657,-2.27373675443232e-13,2.72125921786937,0,0.0235558719881351
2014,10,14,16.9113540649414,0,11.2832368356176,0,0.213317124012726
2014,10,15,9.32041072845459,0,13.1445533878577,0,1.42548409885281
2014,10,16,2.57751488685608,0,6.38919324579911,0,1.15251905864696
2014,10,17,0.0965097844600677,0,1.4387976709113,0,0.69959928823131
2014,10,18,0.161181673407555,0,0.126956897569471,0,0.424612284764668
2014,10,19,0.567077815532684,-2.27373675443232e-13,0.358218441491772,0,0.314415287051933
2014,10,20,0.0486420653760433,2.27373675443232e-13,0.310842139100714,0,0.235558719881351
2014,10,21,0.663305580615997,0,0.339694388239877,0,0.197141417926453
2014,10,22,0.00691043771803379,0,0.426064166924334,0,0.173888840427435
2014,10,23,2.64535151472956e-06,0,0.0026186196191702,0,0.153669207819594
2014,10,24,4.95740387123078e-05,0,3.04805289488286e-05,0,0.118284850755872
2014,10,25,0.0268588848412037,0,0.0148315554542933,0,0.107164052821559
2014,10,26,9.45925567066297e-05,0,0.0141257111172308,0,0.109186016082343
2014,10,27,0.00106383860111237,-2.27373675443232e-13,0.000546917246538214,0,0.0894718742896978
2014,10,28,0.850227355957031,2.27373675443232e-13,0.330050773081894,0,0.113229942603911
2014,10,29,5.90346670150757,0,3.21902145099739,0,0.475161366284271
2014,10,30,0.00018299744988326,0,3.11154783197708,0,0.512567686608777
2014,10,31,0.543493568897247,0,0.244740537331381,0,0.323514121725461
2014,11,1,3.75887250900269,0,2.14950423589471,0,0.24465755455488
2014,11,2,4.02004989155103e-05,0,1.88524856111326,-2.27373675443232e-13,0.204218289339197
2014,11,3,0.381139546632767,0,0.174782847847382,2.27373675443232e-13,0.165800987384299
2014,11,4,0.346636056900024,0,0.359545359824551,0,0.140526446624497
2014,11,5,5.41258859634399,0,2.77201735586277,0,0.166811969014691
2014,11,6,1.33308577537537,0,3.56216509336809,0,0.219383013795078
2014,11,7,0.521101176738739,0,1.02375972761365,2.27373675443232e-13,0.271954058575466
2014,11,8,0.0125122927129269,0,0.220600516302511,-2.27373675443232e-13,0.235558719881351
2014,11,9,0.00523933535441756,0,0.00901053140842123,0,0.206240252599981
2014,11,10,0.00032265592017211,0,0.00324459189869231,0,0.188042583252924
2014,11,11,0.516370534896851,0,0.290198897462687,0,0.162768042493123
2014,11,12,1.69709992408752,0,1.06241793602385,0,0.154680189449986
2014,11,13,0.00168729166034609,4.29447602527944e-05,0.859959285757213,0,0.141537428254889
2014,11,14,0.00196624454110861,0.00080872247735897,0.0010044669979834,0,0.12232877727744
2014,11,15,0.00162991718389094,0.00155778345151703,0.000246079885982908,0,0.108175034451951
2014,11,16,0.478142708539963,0.00472658833791684,0.226245062367525,0,0.100491574060971
2014,11,17,6.61826992034912,0.532291881105948,2.93813834975299,0,0.113229942603911
2014,11,18,0.26577228307724,0.677026985599696,2.78343556544132,0,0.105142089560775
2014,11,19,0.0213677398860455,0.153900334855507,0,-2.27373675443232e-13,0.0989751016153833
2014,11,20,0,0.0133727921952413,0,2.27373675443232e-13,0.106153071191167
2014,11,21,0.0042849094606936,0.00130733591163335,0,2.27373675443232e-13,0.0779466837032283
2014,11,22,0.696780145168304,0.00221527101371066,0.336549229548837,-2.27373675443232e-13,0.0970542365176383
2014,11,23,3.8293035030365,-2.27373675443232e-13,2.25925875675603,1.42892836363762,0.150636262928418
2014,11,24,28.6507320404053,0,16.2090706613672,0,3.51821607376439
2014,11,25,3.84210395812988,0,16.2734984332419,0,2.67910132053898
2014,11,26,3.22819942084607e-05,0,1.95037889360538,0,1.16262887495088
2014,11,27,0.0246899034827948,0,0.0117674950524815,0,0.779466837032283
2014,11,28,0.0331367030739784,0.0075264538504598,0.0213862389864516,0,0.564127749758773
2014,11,29,0.0312723368406296,0.00752824880464686,0.0246763587492751,0.0237306943411113,0.478194311175447
2014,11,30,0.276741176843643,0,0.152296537315124,0,0.442809954111725
2014,12,1,3.45426750183105,0,1.83954722053022,0,0.397315780744082
2014,12,2,1.94908225536346,0,2.70183287138934,0,0.356876515528399
2014,12,3,0.137874633073807,0,1.04475771608122,0,0.373052221614672
2014,12,4,0.198655262589455,0,0.168174989703402,0,0.353843570637223
2014,12,5,4.22933626174927,0,2.18442359675828,0.00437141917086592,0.573226584432301
2014,12,6,39.3508529663086,6.82121026329696e-13,21.7799275855941,-2.27373675443232e-13,20.1185344448021
2014,12,7,1.34660220146179,2.27373675443232e-13,20.9599499295728,2.27373675443232e-13,7.49137388120521
2014,12,8,0.00975873693823814,0,0.690182825659576,0,3.23514121725461
2014,12,9,0.85328871011734,0,0.411573413046426,0,2.01185344448021
2014,12,10,0.0872957482933998,2.27373675443232e-13,0.494172940139833,2.27373675443232e-13,1.41537428254889
2014,12,11,0.000431667402153835,-2.27373675443232e-13,0.0444654807724874,-2.27373675443232e-13,1.12218960973519
2014,12,12,0,2.27373675443232e-13,0.000259308813838288,0,0.915949357135212
2014,12,13,0.0241794195026159,-2.27373675443232e-13,0.0103221406534431,0,0.773400947249931
2014,12,14,0.00552317406982184,0,0.0166792094241828,0,0.69959928823131
2014,12,15,0.271796494722366,0,0.137761300502461,0,0.64096235366857
2014,12,16,3.35560441017151,0,1.74650316741463,0,0.648039225081314
2014,12,17,0.655259728431702,0,2.02707150464266,0,0.735994626925424
2014,12,18,0.135234624147415,0.0303859773132444,0.401195162616204,0,0.70465419638327
2014,12,19,0.0134638976305723,0.0406696531533726,0.0338317603236646,0,0.634896463886217
2014,12,20,0.0641672015190125,0.0164062090275365,0.021881263324758,0,0.568171676280341
2014,12,21,0.0130258621647954,0.0133006798100723,0.0254792514970177,0,0.529754374325443
2014,12,22,0,0.00200567538240648,0.00460520909109619,0,0.508523760087209
2014,12,23,1.45491051673889,0,0.724030621116981,0.166300568655061,0.530765355955835
2014,12,24,6.98630428314209,0,4.21623216877197,0,0.612654868017592
2014,12,25,5.1680645942688,0,6.08078901121917,0,1.5164724455881
2014,12,26,0.0146993426606059,0,2.63875158041628,0,1.10196997712735
2014,12,27,1.23599088191986,0,0.576318621016981,0,0.921004265287172
2014,12,28,8.48914337158203,0,4.85969133165781,0,2.37580683142136
2014,12,29,0.0433557145297527,0.00238592429900564,4.30485075181059,0,2.01185344448021
2014,12,30,0.00113781203981489,0.00260816870377312,0.019844692084007,0,1.24350740538224
2014,12,31,0.000754676759243012,0.000562560022444814,0.000375882547814399,0,0.93920193463423
2015,1,1,0.000357048149453476,0.00055827430901445,0,0,0.83203788181267
2015,1,2,0.112693645060062,0.000212684603866364,0.0455648745410144,0,0.756214259533265
2015,1,3,18.2556037902832,-4.54747350886464e-13,9.15305840750807,-4.54747350886464e-13,7.61269167685226
2015,1,4,23.3065967559815,-1.81898940354586e-12,20.7198804205036,-1.59161572810262e-12,17.7932766949004
2015,1,5,0.44183275103569,0.219744404730591,11.7151196224804,0,5.44919098781324
2015,1,6,3.49733543395996,1.73034846026144,0,0,2.36569701511743
2015,1,7,0.165124639868736,1.86512948510813,0,0,1.16262887495088
2015,1,8,0,0.087069326958499,0,0,0.721840884099935
2015,1,9,0.0646963641047478,0.041161712875919,0,0,0.619731739430336
2015,1,10,0.0151643948629498,0.041987345698999,0,0,0.581314437475438
2015,1,11,0.491297662258148,0.225429900026484,0,0,0.567160694649949
2015,1,12,10.8111782073975,0.296865992135963,4.27853742514708,0,0.634896463886217
2015,1,13,0.599714756011963,0.299625934102551,5.40976138937549,0,0.603556033344063
2015,1,14,0,0.313149935778256,0,0,0.581314437475438
2015,1,15,0.00161247875075787,0.000874843947258341,0,0,0.525710447803874
2015,1,16,5.68975483474787e-05,0.000825177728074777,2.31297453865409e-05,0,0.483249219327408
2015,1,17,0.0819866806268692,5.02620127917908e-06,0.0400198887728038,0.535805650014481,0.467073513241135
2015,1,18,0.628070533275604,0,0.342082533803477,2.13663363844876,0.525710447803874
2015,1,19,0.00645643519237638,0,0.318120408519462,1.9591113903216,0.555028915085244
2015,1,20,0,0,0.00335199735854985,0.626966918136532,0.48931510910976
2015,1,21,0.0716191828250885,0,0.0349599188848515,0,0.473139403023487
2015,1,22,0.0101387742906809,0,0.0429054647829616,0,0.448875843894077
2015,1,23,0.000859175983350724,0,0.00632834198040655,0,0.405403633787218
2015,1,24,0.000639186415355653,2.27373675443232e-13,0.000732207729015499,0,0.408436578678395
2015,1,25,1.82442021369934,-2.27373675443232e-13,0.683705320276204,0,0.42562326639506
2015,1,26,5.7066650390625,1.69919225286526,2.0535623866308,0,0.531776337586227
2015,1,27,0.116318576037884,1.77658911129583,1.1483840172441,0,0.421579339873492
2015,1,28,0.0345317013561726,0.076626465815707,7.27595761418343e-12,0,0.369008295093104
2015,1,29,0.460218042135239,0.0182420317885317,0.217099057983432,0,0.336656882920558
2015,1,30,0.0874766781926155,0,0.239074046054157,0,0.316437250312717
2015,1,31,0.0293364189565182,0.009198825860949,0.0525656222744146,0,0.309360378899972
2015,2,1,2.49455857276917,0.0105950362008116,1.22825487340015,0,0.334634919659774
2015,2,2,8.03950691223145,1.29833485000472,3.96493747532804,0,2.07251234230374
2015,2,3,0.00237245461903513,1.31766381932198,2.75395026509068,0,0.86135634909404
2015,2,4,0.102400839328766,0.00120623837892708,0.0503366938064573,0,0.586369345627398
2015,2,5,1.70946550369263,0.835501022151448,0.0523524436430307,2.27373675443232e-13,0.443820935742117
2015,2,6,0.00316582643426955,0.898125711239345,0,-2.27373675443232e-13,0.377096148136241
2015,2,7,0.00277492916211486,0.00165502931236006,0.00132425294577843,0,0.365975350201928
2015,2,8,0.153645128011704,0,0.0765952155998093,3.16780278813803,0.388216946070553
2015,2,9,0.30145850777626,0,0.226389285300684,4.75928114960857,0.635907445516609
2015,2,10,0.00588422501459718,0.00104719575529089,0.155498157277179,0,0.708698122904838
2015,2,11,0.0342105217278004,0.00106828565640171,0.0189748250923003,0,0.560083823237205
2015,2,12,0.121881455183029,0.0291823471832231,0.0488036743263365,0,0.431689156177412
2015,2,13,0.0652358382940292,0.061833901721684,0.0317776335432427,0,0.335645901290166
2015,2,14,0.0155120044946671,0.0408645185150363,0,0,0.277008966727426
2015,2,15,0.0657749101519585,0.0384191194912091,0,0,0.242635591294096
2015,2,16,2.14965605735779,1.0867115857252,0,0,0.23960264640292
2015,2,17,2.88182044029236,2.50606777390408,0,0,0.280041911618602
2015,2,18,2.11451053619385,2.5179238289827,0,0,0.246679517815664
2015,2,19,0.145600333809853,1.31230508935664,0,0,0.26892111368429
2015,2,20,0.0677204132080078,0.109203551975497,0,0,0.233536756620567
2015,2,21,10.6238698959351,4.89546318400744,0,0,0.226459885207823
2015,2,22,2.40408110618591,7.28329450949309,0,0,0.23960264640292
2015,2,23,0.000990207074210048,1.32742649528632,0,0,0.256789334119585
2015,2,24,0.00154040835332125,0.00131380255447766,0,0,0.233536756620567
2015,2,25,0.000766104552894831,0.0010563390187599,0,0,0.233536756620567
2015,2,26,0.150405138731003,0.0884860130624929,0,0,0.216350068903902
2015,2,27,0.125717669725418,0.137657100304978,0,0,0.202196326078413
2015,2,28,0.162784457206726,0.142789683990713,0,0,0.187031601622532
2015,3,1,11.5200748443604,5.6021062686707,0,0,0.177932766949004
2015,3,2,1.06355476379395,7.25737288515302,0,0,0.172877858797043
2015,3,3,2.2302577495575,0.572805261617987,1.0290940509949,0,0.192086509774493
2015,3,4,20.2482738494873,2.27373675443232e-13,11.0333912725182,-4.54747350886464e-13,2.87118783031347
2015,3,5,1.85490715503693,0.916327119099378,10.2455939887222,0,6.28830574103865
2015,3,6,0.00908979680389166,0.980757718992891,0,0,1.81976693470572
2015,3,7,0.00850518513470888,0.00795923870418847,0.000877540056535509,0,1.50636262928418
2015,3,8,0.00664278399199247,0.00336637264945239,0.00424429353006417,0.703191169016691,6.31863518995041
2015,3,9,0.0134153319522738,0,0.0100280797923915,2.12911783201957,6.03556033344063
2015,3,10,3.85225439071655,0,1.80030420353432,3.35419795458665,6.81401618884252
2015,3,11,8.89190196990967,0,6.36029378545209,5.38741136009708,7.10720086165622
2015,3,12,0.00752042280510068,-2.27373675443232e-13,4.45956019974255,6.78270675503791,3.40700809442126
2015,3,13,5.65287971496582,0,2.7885886940785,6.93749624633392,2.88129764661739
2015,3,14,30.5050392150879,-6.82121026329696e-13,18.0776263837979,7.87457641007086,13.7493501733321
2015,3,15,1.16667973995209,4.54747350886464e-13,15.8478120148138,3.9419149684536,5.56039896715636
2015,3,16,0.00111956242471933,0,0.589582121392596,0,2.81052893248994
2015,3,17,0.00549398083239794,0,0.00325770237395773,0,1.8096571184018
2015,3,18,0.000630751193966717,0,0.0036071240901947,2.27373675443232e-13,1.23339758907832
2015,3,19,0.0387927889823914,2.27373675443232e-13,0.0174832436241559,-2.27373675443232e-13,1.02109144669599
2015,3,20,1.33252346515656,-2.27373675443232e-13,0.683012284280267,0,0.880565000071489
2015,3,21,0.0326508320868015,0,0.711600972506858,0,0.760258186054834
2015,3,22,0.00306370435282588,0,0.0179458034108393,0,0.668258857689156
2015,3,23,0.187385052442551,0,0.0892048021269147,0,0.598501125192103
2015,3,24,0.747341334819794,0,0.456070637432276,0,0.565138731389165
2015,3,25,10.1686668395996,0,5.43521507058904,2.27373675443232e-13,0.630852537364649
2015,3,26,12.2826013565063,0,11.214105952633,-2.27373675443232e-13,2.75997985097034
2015,3,27,2.20825695991516,0,7.25652484766761,0,3.34634919659774
2015,3,28,0.0529132187366486,0.0112055893298475,1.12220750452252,0,1.61757060862731
2015,3,29,0.221211314201355,0.0112919567773133,0.125344252352079,0,1.10196997712735
2015,3,30,1.4970725774765,0,0.858913492091233,0,0.981663163110696
2015,3,31,0.00262304418720305,0,0.754096877994016,0,0.831026900182278
2015,4,1,5.62227420175532e-08,0,0.00126068655663403,0,0.716785975947975
2015,4,2,3.22222900390625,0,1.60699142981321,0,0.674324747471508
2015,4,3,24.5511207580566,0,13.6310211057862,0,5.11556704978385
2015,4,4,5.71576309204102,-2.27373675443232e-13,15.1335699337142,-2.27373675443232e-13,4.12480505199963
2015,4,5,4.95393169330782e-06,2.27373675443232e-13,2.87643180834857,2.27373675443232e-13,2.02196326078413
2015,4,6,0.605972170829773,-2.27373675443232e-13,0.299297081684927,0,1.39515464994105
2015,4,7,5.29508304595947,2.27373675443232e-13,2.81676616042387,0,1.18284850755872
2015,4,8,5.29924011230469,0,5.29689828232222,0,2.23426940316647
2015,4,9,15.2368659973145,0,10.252865706927,0,3.19470195203893
2015,4,10,14.6454887390137,0,14.9445668743429,0,12.9405648690184
2015,4,11,0.4111687541008,0,7.54893498894671,2.27373675443232e-13,4.47864862263685
2015,4,12,9.35867228690768e-06,0,0.209639804379549,-2.27373675443232e-13,2.2039399542547
2015,4,13,0.172061815857887,0,0.0813363383495016,0,1.55691171080378
2015,4,14,1.6355504989624,0,0.934576357569313,0,1.45581354776458
2015,4,15,0.0947391837835312,0,0.931969708137331,0,1.16262887495088
2015,4,16,2.0018310546875,0,1.02051295152341,0,0.993794942675401
2015,4,17,1.80985033512115,0,1.9077542077066,0,0.864389293985216
2015,4,18,0.00227283639833331,0,0.971593046073394,0,0.759247204424441
2015,4,19,3.90467190742493,0,1.91963501507416,0,0.873488128658745
2015,4,20,18.8800258636475,-2.27373675443232e-13,11.3631653270422,-2.27373675443232e-13,2.04218289339197
2015,4,21,1.71497774124146,2.27373675443232e-13,10.297511659126,0,1.66811969014691
2015,4,22,2.82959342002869,0,2.34507118128386,2.27373675443232e-13,1.1727386912548
2015,4,23,0.149226143956184,0,1.52076934026991,0,0.928081136699917
2015,4,24,1.1038656339224e-05,0,0.069435129109479,0,0.779466837032283
2015,4,25,2.70815229415894,0,1.25141705710121,0,0.774411928880323
2015,4,26,11.9522666931152,0,7.31384032431379,0,1.10196997712735
2015,4,27,0.00387065461836755,0,5.97869793931022,0,0.926059173439132
2015,4,28,0.00283476174809039,0,0.00337205873074709,0,0.756214259533265
2015,4,29,0.00227696215733886,0,0.00257279897778062,0,0.687467508666605
2015,4,30,0.846152663230896,0,0.417967725566996,0,0.653094133233275
2015,5,1,0.708469450473785,2.27373675443232e-13,0.763489794175257,0,0.590413272148967
2015,5,2,0.00243975734338164,-2.27373675443232e-13,0.445696708018659,0,0.534809282477403
2015,5,3,0.00258344342000783,0,0.00253146302566165,0,0.506501796826425
2015,5,4,0.00206703040748835,0,0.00226366092829267,0,0.48931510910976
2015,5,5,3.35394287109375,0,1.4413448997002,0,0.466062531610742
2015,5,6,0,0,1.78086023979267,0,0.447864862263685
2015,5,7,0.078825980424881,0,0.0387441276325262,0,0.438766027590157
2015,5,8,0,0,0.0425083978552721,0,0.427645229655844
2015,5,9,1.02349328994751,0,0.477140141643758,0,0.421579339873492
2015,5,10,4.96959257125855,0,2.56858131649642,0,0.429667192916628
2015,5,11,3.93386888504028,0,4.56421663296351,0,0.524699466173482
2015,5,12,3.58000254631043,2.27373675443232e-13,3.7933413873543,0,0.519644558021522
2015,5,13,0.00244552316144109,0,2.30185833512223,0,0.441798972481333
2015,5,14,0,-2.27373675443232e-13,0.00100024637504248,0,0.408436578678395
2015,5,15,0.318901866674423,0,0.155058473079407,0,0.407425597048003
2015,5,16,9.18965625762939,0,4.20720799454284,0,0.473139403023487
2015,5,17,6.81465768814087,0,8.00290400965605,0,0.557050878346028
2015,5,18,0.502328753471375,0,3.67975154783198,0,0.514589649869562
2015,5,19,1.06300568580627,0,0.764477608943707,0,0.474150384653879
2015,5,20,0.000298554077744484,0,0.413540735244169,0,0.432700137807804
2015,5,21,0.440125435590744,0,0.196177549434651,0,0.406414615417611
2015,5,22,0.000382059341063723,0,0.235367053028313,0,0.385184001179377
2015,5,23,0.00152798555791378,0,0.000953309317992534,0,0.357887497158791
2015,5,24,0,0,0.000851712240546476,-2.27373675443232e-13,0.325536084986245
2015,5,25,0.707217693328857,-2.27373675443232e-13,0.262411099742167,2.27373675443232e-13,0.306327434008796
2015,5,26,2.40275168418884,2.27373675443232e-13,1.4159173761218,0,0.30834939726958
2015,5,27,8.59603214263916,0,5.41450023129437,0,0.58232541910583
2015,5,28,0.342304617166519,0,4.52736456561252,0,0.543908117150931
2015,5,29,0.561110615730286,0,0.440027395510697,0,0.4205683582431
2015,5,30,0.17194601893425,0,0.41746908355708,0,0.779466837032283
2015,5,31,16.3939590454102,0,7.86723139607057,0,1.52658226189202
2015,6,1,1.04631662368774,0,8.74887717845559,0,0.839114753225415
2015,6,2,1.46366965770721,0,1.23484117993212,0,0.598501125192103
2015,6,3,0.00375113170593977,-2.27373675443232e-13,0.54871729946899,0,0.461007623458782
2015,6,4,0.0283416751772165,2.27373675443232e-13,0.015529665084614,0,0.370019276723496
2015,6,5,0.0286389552056789,0,0.0284833593395888,0,0.300261544226444
2015,6,6,1.08839428424835,2.27373675443232e-13,0.492172622551152,0,0.246679517815664
2015,6,7,0,-2.27373675443232e-13,0.680315026533208,0,0.196130436296061
2015,6,8,2.51548838615418,0,1.19247356099368,0,0.18096571184018
2015,6,9,11.7516765594482,-2.27373675443232e-13,6.94269590355543,0,0.585358363997006
2015,6,10,0.015880273655057,2.27373675443232e-13,5.90718991209724,0,0.443820935742117
2015,6,11,0,0,0.0089400517535978,0,0.305316452378404
2015,6,12,0.803463280200958,0,0.339310867821041,0,0.232525774990175
2015,6,13,10.6301412582397,0,5.14477813433041,0,0.255778352489193
2015,6,14,0.260996639728546,0,5.45718625675363,0,0.219383013795078
2015,6,15,8.18584251403809,0,3.71779971037904,-2.27373675443232e-13,0.176921785318612
2015,6,16,12.1327142715454,0,10.1584334698855,2.27373675443232e-13,0.281052893248994
2015,6,17,12.0994176864624,0,12.1166120125999,0,0.343733754333302
2015,6,18,6.38718605041504,0,9.26834739673359,0,0.512567686608777
2015,6,19,12.9658660888672,0,9.45888728266436,0,2.12306142382334
2015,6,20,27.0831031799316,0,19.4248164665114,0,10.2109144669599
2015,6,21,5.88064813613892,0,16.4819020047507,0,5.61094804867597
2015,6,22,0.0079332422465086,0,3.07708763401752,0,2.48701481076448
2015,6,23,0.430936813354492,0,0.210953824876924,0,1.5670215271077
2015,6,24,0,0,0.219000716417213,0,1.06153071191167
2015,6,25,5.30356216430664,0,2.5362512464053,0,1.28394667059792
2015,6,26,17.6464023590088,0,11.4565191759029,0,2.17361050534294
2015,6,27,23.1533260345459,0,20.3991770404828,-2.27373675443232e-13,7.59247204424442
2015,6,28,0.255636870861053,0,11.7046159033271,2.27373675443232e-13,3.26547066616637
2015,6,29,14.4569873809814,0,7.27984485995694,0,6.31863518995041
2015,6,30,7.41499614715576,0,11.4896889211013,0,5.38853208998971
2015,7,1,6.10767555236816,2.27373675443232e-13,6.80632405033975,0,6.0658897823524
2015,7,2,1.30986046791077,-2.27373675443232e-13,3.73735829148791,0,2.57800315749977
2015,7,3,6.57421398162842,0,3.86884790363547,0,4.31689156177412
2015,7,4,5.02107763290405,0,5.8003484567671,0,5.27732411064658
2015,7,5,5.80978212383343e-06,0,2.65262418487691,2.27373675443232e-13,1.90064546513708
2015,7,6,0,0,3.54852818418294e-06,-2.27373675443232e-13,1.31427611950969
2015,7,7,3.29254579544067,0,1.32831821006403,0,1.4659233640685
2015,7,8,21.9713306427002,0,11.8764987744071,0,4.33711119438196
2015,7,9,9.7745189666748,0,15.8779536402435,0,4.41798972481333
2015,7,10,1.02894520759583,0,5.96141055735643,-2.27373675443232e-13,2.27470866838215
2015,7,11,2.98105978965759,0,1.95390866872913,2.27373675443232e-13,1.64790005753907
2015,7,12,21.3623695373535,0,11.9918259019687,0,4.34722101068588
2015,7,13,3.99480748176575,-2.27373675443232e-13,13.2129468961284,0,6.0658897823524
2015,7,14,38.8674850463867,2.27373675443232e-13,19.7237890339675,0,13.2438593581361
2015,7,15,0.444781333208084,0,19.6567032744642,0,2.88129764661739
2015,7,16,0.135785013437271,0,0.290794820284646,0,1.62768042493123
2015,7,17,1.38163650035858,0,0.636103017059213,0,6.31863518995041
2015,7,18,18.2271385192871,0,9.44531917337736,0,5.34809282477403
2015,7,19,3.98134398460388,0,11.6576132557893,0,2.14328105643118
2015,7,20,2.26918888092041,0,3.17358024450368,0,1.40526446624497
2015,7,21,5.15812349319458,0,3.38133423729596,2.27373675443232e-13,1.09186016082343
2015,7,22,0.0118408203125,0,2.6889808225169,-4.54747350886464e-13,0.834059845073454
2015,7,23,3.61842512575095e-06,0,0.00705795369867701,2.27373675443232e-13,0.661181986276411
2015,7,24,0,0,2.01669172383845e-06,0,0.551995970194068
2015,7,25,0,0,0,0,0.473139403023487
2015,7,26,2.96185636520386,0,1.38241957974969,0,0.417535413351923
2015,7,27,18.9934329986572,0,9.32569318247988,0,2.13317124012726
2015,7,28,0.530539572238922,0,9.78021099804027,0,1.02109144669599
2015,7,29,2.245037317276,0,1.30949244982912,0,0.614676831278376
2015,7,30,2.47158336639404,0,2.35616535894224,0,0.469095476501919
2015,7,31,0.000304468558169901,0,1.27007749017503,0,0.374063203245064
2015,8,1,0.0379602126777172,2.27373675443232e-13,0.0188232292130124,2.27373675443232e-13,0.315426268682325
2015,8,2,0.128404200077057,-2.27373675443232e-13,0.0750142415781738,-2.27373675443232e-13,0.267910132053898
2015,8,3,7.76705884933472,-2.27373675443232e-13,3.81335669289547,-2.27373675443232e-13,0.234547738250959
2015,8,4,1.25534510612488,2.27373675443232e-13,4.58113266751752,2.27373675443232e-13,0.21533908727351
2015,8,5,0.0979715883731842,0,0.581081826378068,0,0.199163381187237
2015,8,6,14.3618955612183,0,6.89718292400357,0,0.293184672813699
2015,8,7,16.128396987915,0,15.217472303877,0,1.23339758907832
2015,8,8,0,0,8.2039109904581,0,0.624786647582297
2015,8,9,0.212702944874764,0,0.104710146770231,0,0.395293817483298
2015,8,10,1.02628457546234,0,0.546937659441028,0,0.323514121725461
2015,8,11,1.66742825508118,0,1.37317908901605,0,0.437755045959765
2015,8,12,0.0244361273944378,0,0.857059847221535,0,0.354854552267615
2015,8,13,0.0025563919916749,0,0.0139950446828152,0,0.245668536185272
2015,8,14,0,0,0.00117138862697175,0,0.197141417926453
2015,8,15,1.47361624240875,0,0.77225847353111,0,0.166811969014691
2015,8,16,0.207364246249199,0,0.842303708028339,0,0.147603318037242
2015,8,17,2.76963686943054,0,1.42201994400966,0,0.131427611950969
2015,8,18,0.638145208358765,0,1.79510863988253,0,0.118284850755872
2015,8,19,3.8630862236023,0,2.15684634452191,2.27373675443232e-13,0.108175034451951
2015,8,20,6.76737880706787,0,5.03921223104408,-4.54747350886464e-13,0.10069377038705
2015,8,21,0.0398723892867565,0,3.41435369817191,2.27373675443232e-13,0.0886630889853842
2015,8,22,0.00231125764548779,0,0.0177483066654531,0,0.0737005608555816
2015,8,23,0.0328162834048271,0,0.016136317026394,0,0.058232541910583
2015,8,24,1.49678874015808,0,0.741948318398499,0,0.0498413943783289
2015,8,25,0.00271997298114002,0,0.812965869750769,0,0.0399337744004866
2015,8,26,0.000289121235255152,0,0.00159635843738215,0,0.0344744735963695
2015,8,27,2.38155030274356e-06,0,0.000179046590346843,0,0.0290151727922523
2015,8,28,0.00247104559093714,-2.27373675443232e-13,0.00149844673433108,-2.27373675443232e-13,0.0299250562596052
2015,8,29,0.306351095438004,2.27373675443232e-13,0.174466225435026,2.27373675443232e-13,0.0270943076945074
2015,8,30,0.566197633743286,0,0.449090600021009,0,0.0233536756620567
2015,8,31,0.415272802114487,0,0.495571493316675,0,0.0207251234230374
2015,9,1,0.117050662636757,-2.27373675443232e-13,0.28988579329598,-2.27373675443232e-13,0.0195119454665669
2015,9,2,0.711521685123444,2.27373675443232e-13,0.48201871974743,2.27373675443232e-13,0.0166811969014691
2015,9,3,0.175739303231239,0,0.504752772474603,0,0.0154680189449986
2015,9,4,0.347141683101654,0,0.281586320488714,0,0.015164724455881
2015,9,5,6.05240249633789,0,3.15222232176893,0,0.0124350740538224
2015,9,6,3.00678300857544,0,4.9841145162427,0,1.02109144669599
2015,9,7,0.0185885988175869,0,1.59464864337497,0,0.23960264640292
2015,9,8,6.56997508485802e-05,0,0.0102492414953304,0,0.0969531383545991
2015,9,9,0.526096701622009,0,0.233438756135001,0,0.0525710447803874
2015,9,10,1.75453841686249,0,1.08888695597125,0,0.0355865533898007
2015,9,11,0.686818540096283,0,1.46299835205718,0,0.0238591664772528
2015,9,12,5.02600574493408,0,2.83319975836639,0,0.0278019948357818
2015,9,13,0.213178381323814,0,2.84195973182068,0,0.0219383013795078
2015,9,14,0.00198144814930856,0,0.141741767896747,0,0.0166811969014691
2015,9,15,0.00205682194791734,0,0.00203521163348341,-2.27373675443232e-13,0.0109186016082343
2015,9,16,0.000719677831511945,0,0.00159771863400238,2.27373675443232e-13,0.006874675086666
2015,9,17,0.00205365382134914,0,0.00146798439527629,0,0.0088966383474501
2015,9,18,0.534688711166382,0,0.233047180430731,0,0.0040439265215682
2015,9,19,4.53871870040894,0,2.10247061453993,0,0.0058636934562739
2015,9,20,3.4489381313324,0,4.05398218089249,0,0.0057625952932347
2015,9,21,0.00171265692915767,0,2.33525742967322,0,0.00636918427147
2015,9,22,0.000666347274091095,0,0.00134801189415157,0,0.0047516136628427
2015,9,23,2.3000577584753e-06,0,0.00036110956716584,0,0.0031340430542154
2015,9,24,0.00132923375349492,0,0.000526983742020093,0,0.0022241595868625
2015,9,25,0.0698613673448563,0,0.0295440114932717,0,0.0016175706086273
2015,9,26,0.0703568384051323,0,0.0722128875204362,0,0.0013142761195096
2015,9,27,0.142694562673569,0,0.100110015460814,0,0.0011120797934312
2015,9,28,0,0,0.086300700706488,0,0.0011120797934312
2015,9,29,1.48683214187622,0,0.606756557339395,0,0.0021230614238233
2015,9,30,11.2216501235962,0,5.5353615036147,0,0.0051560063149995
2015,10,1,0.000254585582297295,0,6.20931860285782,0,0.0084922456952933
2015,10,2,0.622086644172669,0,0.278274796379264,0,0.0147603318037242
2015,10,3,6.14080810546875,0,3.03289048519218,0,0.0216350068903902
2015,10,4,1.44424295425415,0,4.51303010206902,0,0.0256789334119585
2015,10,5,0.000152451917529106,0,0.904965738111059,0,0.0341711791072518
2015,10,6,0,0,8.90557930688374e-05,0,0.0251734425967624
2015,10,7,0.000469788152258843,0,0.000341456288879272,0,0.0196130436296061
2015,10,8,0.00717021338641644,0,0.00307660504040541,0,0.0199163381187237
2015,10,9,0.00818837340921164,0,0.00820873440534342,0,0.0370019276723496
2015,10,10,0.00273568322882056,0,0.00572566290793475,0,0.0480216274436231
2015,10,11,2.039866785708e-06,0,-0.0668729879616876,0,0.0508523760087209
2015,10,12,0.703220427036285,0,0.248972756686271,0,0.0548963025302892
2015,10,13,1.76308262348175,0,1.4045610644971,0,0.0531776337586227
2015,10,14,7.69503549236106e-06,0,0.880839260527864,0,0.0486282164218584
2015,10,15,0.00181431276723742,0,0.000887127498572227,0,0.0437755045959765
2015,10,16,0.00206595985218883,0,0.00156043344031787,0,0.0470106458132311
2015,10,17,0.00597954820841551,0,0.00460390052467119,0,0.0499424925413681
2015,10,18,3.01629142995807e-06,0,0.00298528529674513,0,0.04842602009578
2015,10,19,4.6280118112918e-05,0,-0.000162666867254302,0,0.0453930752046038
2015,10,20,0.00197668140754104,0,0.00116308887663763,0,0.0451908788785254
2015,10,21,0.000420358264818788,0,0.00116007467295276,0,0.0533798300847011
2015,10,22,0.000811706180684269,0,-0.00417495179135585,0,0.0542897135520539
2015,10,23,0.0501836314797401,0,-0.223753605670936,0,0.0539864190629363
2015,10,24,2.61885142326355,0,0.946006982005201,0,0.0584347382366614
2015,10,25,6.63038778305054,0,5.25033607177466,0,0.0809796285944045
2015,10,26,0.194869533181191,0,3.41069194253214,0,0.0788565671705811
2015,10,27,8.109206199646,0,3.27594584687176,0,0.116262887495088
2015,10,28,50.3003578186035,0,29.0071424810449,0,4.63029586719566
2015,10,29,3.08202528953552,0,26.81543866422,0,2.26459885207823
2015,10,30,0.00763244461268187,0,1.60598461106565,0,0.984696108001872
2015,10,31,0.176232531666756,0,0.0869743776420364,0,0.613665849647984
2015,11,1,2.41247224807739,0,1.24125360488688,0,0.4842602009578
2015,11,2,0.011363347992301,0,1.24010426885798,0,0.389227927700945
2015,11,3,0.00411281548440456,0,0.00790285833500093,0,0.320481176834285
2015,11,4,0.02910415828228,0,0.0156469691646635,0,0.270943076945074
2015,11,5,0.252804189920425,0,0.135028034172137,0,0.233536756620567
2015,11,6,17.134126663208,0,8.40547839630017,0,0.370019276723496
2015,11,7,0.196355283260345,0,8.66552748875984,0,0.813840212465613
2015,11,8,0.00245852419175208,0,0.104283280386881,0,0.55300695182446
2015,11,9,1.73930740356445,0,1.03674107966071,0,0.448875843894077
2015,11,10,10.3542833328247,0,5.18543953570043,0,1.30416630320577
2015,11,11,0.265170276165009,0,5.3205514039073,0,0.98368512637148
2015,11,12,4.83341836929321,0,2.44552347331046,0,0.769357020728362
2015,11,13,0.0733627304434776,0,2.49290055829624,0,0.594457198670535
2015,11,14,2.18534069063026e-06,2.27373675443232e-13,0.0391640581510728,0,0.464040568349958
2015,11,15,0.0049412427470088,-2.27373675443232e-13,0.00238544961030129,0,0.39124989096173
2015,11,16,0.0688835382461548,0,0.0351367527255206,0,0.355865533898007
2015,11,17,1.31870400905609,0,0.663664232335577,0,0.335645901290166
2015,11,18,6.53940725326538,0,3.7354453585358,0,1.11207979343127
2015,11,19,14.1758594512939,0,10.3576287047181,0,3.6193142368036
2015,11,20,0.0123594058677554,0,7.10122915570537,0,1.57713134341162
2015,11,21,0.81260359287262,0,0.327526184395538,0,1.04131107930383
2015,11,22,2.38717198371887,0,1.50487795280787,0,0.838103771595023
2015,11,23,0.00273812189698219,0,1.20907473553234,0,0.671291802580332
2015,11,24,0.000385366205591708,0,0.00159668406558922,0,0.572215602801909
2015,11,25,0.00247536902315915,0,0.00130372411513235,0,0.492348054000936
2015,11,26,0.0182498041540384,0,0.0103023610354285,0,0.441798972481333
2015,11,27,1.96760332584381,0,0.988364674252807,0,0.417535413351923
2015,11,28,14.9680585861206,0,8.46004920004634,0,1.8096571184018
2015,11,29,6.31113815307617,0,10.6579813252029,0,3.99337744004866
2015,11,30,0.0792349725961685,0,3.19915093213058,0,2.03207307708805
2015,12,1,2.79746747016907,0,1.41876278168638,0,1.47603318037242
2015,12,2,0.325420916080475,0,1.59157733682514,0,1.29405648690184
2015,12,3,0.615339457988739,0,0.470201232739782,0,1.00592672224011
2015,12,4,0.00638981768861413,0,0.324009811112774,0,0.781488800293067
2015,12,5,0.00859800726175308,0,0.00743664944457123,0,0.678368673993076
2015,12,6,0.00129963445942849,0,0.00499656553438399,0,0.631863518995041
2015,12,7,0.836773991584778,0,0.39844127993274,0,0.613665849647984
2015,12,8,0.0290993507951498,0,0.450500836981519,0,0.570193639541125
2015,12,9,0.0321016572415829,0,0.0303377686432214,0,0.534809282477403
2015,12,10,0.00547722540795803,0,0.0191194910294143,0,0.506501796826425
2015,12,11,0.0284985899925232,0,0.0169498035975266,0,0.469095476501919
2015,12,12,0.338692188262939,2.27373675443232e-13,0.179666413227096,0,0.433711119438196
2015,12,13,0.00372055661864579,-2.27373675443232e-13,0.177786554806517,0,0.403381670526434
2015,12,14,3.97710967063904,2.27373675443232e-13,1.83496317344543,0,0.458985660197998
2015,12,15,2.84502172470093,-2.27373675443232e-13,3.4142570535987,0,0.593446217040143
2015,12,16,0.081009142100811,0,1.48467512405477,0,0.579292474214654
2015,12,17,0.136723756790161,0,0.111799229045573,0,0.565138731389165
2015,12,18,0.0105807287618518,0,0.075061704730615,0,0.503468851935249
2015,12,19,0.000694996735546738,4.40814253579447e-05,0.00563364783738507,0,0.447864862263685
2015,12,20,0.00766837364062667,4.51051391792134e-05,0.00408438266458688,0,0.400348725635258
2015,12,21,4.66137790679932,0,2.33426934018644,0,0.556039896715636
2015,12,22,10.2647705078125,0,7.38506119186786,0,2.05229270969589
2015,12,23,4.12857866287231,-2.27373675443232e-13,7.19743153930904,0,3.6193142368036
2015,12,24,20.8783950805664,0,12.0588653322775,0,12.1317795647048
2015,12,25,0.00897982157766819,2.27373675443232e-13,10.5198635747729,0,3.93271854222514
2015,12,26,2.5522141456604,0,1.26000055138866,0,2.34547738250959
2015,12,27,33.2393226623535,0,17.886658484822,0,16.9844913905867
2015,12,28,20.5013217926025,0,26.8796845309844,0,20.1185344448021
2015,12,29,13.3201103210449,0,16.9309646227121,0,14.5581354776458
2015,12,30,0.0160497818142176,0,6.71864015378378,0,5.20655539651914
2015,12,31,0.0124661428853869,0,0.0143958801563713,0,3.16437250312717
2016,1,1,0.0106622241437435,0.000546951358501246,0.0110286906710826,0,2.18372032164686
2016,1,2,0,0.000557285063450763,0.00480554308160208,0,1.67822950645083
2016,1,3,0,0,0,0,1.40526446624497
2016,1,4,0.067528136074543,0,0.0324968557906686,0,1.1727386912548
2016,1,5,0.00272191409021616,0.00107324064538261,0.0340556220180588,0,0.977619236589128
2016,1,6,0.000875771977007389,0.00116772796377518,0.000639363031950779,0,0.894718742896978
2016,1,7,0.100958041846752,8.58330793107598e-05,0.0506558132037753,0,0.850235551159727
2016,1,8,3.11442971229553,0,1.59790395592427,0,0.838103771595023
2016,1,9,3.13023447990418,0,3.12233193689463,0,0.850235551159727
2016,1,10,19.3519763946533,0,11.2410190292867,0,3.27558048247029
2016,1,11,0.431614428758621,0.2137935157632,9.76627491039835,0,2.19383013795078
2016,1,12,1.42787659168243,0.928772408954501,0,0,1.44570373146065
2016,1,13,0.724544048309326,1.09803008918016,0,0,1.11207979343127
2016,1,14,0.00699910242110491,0.389069801128471,0.00141862500458956,0,1.12218960973519
2016,1,15,1.8365730047226,0.00198603474336778,0.915136684379831,1.28870526567289,2.74987003466642
2016,1,16,4.75051879882813,0,3.20149317610048,1.37714702643348,5.65138731389165
2016,1,17,0.160585969686508,0.0800323955847944,2.38296825574798,-4.54747350886464e-13,2.57800315749977
2016,1,18,0.232323363423347,0.195204060171363,0,0,1.33449575211753
2016,1,19,0.0278380066156387,0.141269897000711,0,0,1.04131107930383
2016,1,20,3.04023885726929,1.18929078477117,0,-2.27373675443232e-13,0.903817577570507
2016,1,21,0.255358248949051,1.80125986845769,0,2.27373675443232e-13,0.811818249204829
2016,1,22,0.0235534496605396,0.15402652549642,0,0,0.749137388120521
2016,1,23,0.000356844131601974,0.0144413783139044,0,0,0.695555361709741
2016,1,24,0.00450816657394171,0.00299334480064317,0,0,0.668258857689156
2016,1,25,0.0342422984540463,0.00226301215548119,0.0170533289856394,0,0.701621251492094
2016,1,26,1.25513315200806,0,0.638656293900567,1.06911142209378,0.769357020728362
2016,1,27,0.0133506832644343,0,0.64237807286554,1.09392948854111,0.746104443229345
2016,1,28,0.0347671881318092,0,0.0237618105529691,-2.27373675443232e-13,0.662192967906803
2016,1,29,0.0638834089040756,0,0.0488026451203041,0.7265414116182,0.667247876058764
2016,1,30,0.067323349416256,0,0.0655959086143412,0.655007458787395,0.612654868017592
2016,1,31,0.0941798537969589,0,0.0807201157876989,0,0.615687812908768
2016,2,1,0.942170262336731,0,0.511697710520821,2.27373675443232e-13,0.628830574103865
2016,2,2,3.46993374824524,0,2.16629778748029,-2.27373675443232e-13,0.791598616596988
2016,2,3,29.0841178894043,-4.54747350886464e-13,16.2350844059256,0,14.9625281298026
2016,2,4,0.193695798516274,0,14.6453193807392,0,4.77183329545055
2016,2,5,0.023359589278698,0.00176182639870603,0.108562964451266,0,2.43646572924488
2016,2,6,0.00285827624611557,0.00181389482736449,0.0113752952674986,0,1.64790005753907
2016,2,7,0.00910911429673433,0,0.00584276409063023,0,1.34460556842145
2016,2,8,0.936758637428284,0,0.470075322627963,0,1.23339758907832
2016,2,9,2.29478025436401,0.894418028316295,0.673458012948686,0,1.07164052821559
2016,2,10,0.534919500350952,1.24253440583402,0.188502759694529,0,0.902806595940115
2016,2,11,0.0606356896460056,0.336777634440068,0,0,0.719818920839151
2016,2,12,0.0409193783998489,0.0512280487828321,0,0,0.619731739430336
2016,2,13,0.0472363233566284,0.0440353438013972,0,0,0.583336400736222
2016,2,14,0.439406663179398,0.237003641322417,0,0,0.540875172259755
2016,2,15,3.11680960655212,1.72089349028329,0,0,0.526721429434266
2016,2,16,0.000511316233314574,1.56248840656622,0.000254988190135919,0,0.512567686608777
2016,2,17,0.00178627064451575,0,0.00113431842328282,0,0.505490815196033
2016,2,18,0.00310425786301494,0,0.00235185819474282,0,0.567160694649949
2016,2,19,0.0077014802955091,0,0.00524306017177878,2.46086986711703,0.722851865730327
2016,2,20,0.17708994448185,0,0.0914601239273907,3.69487932342258,0.967509420285207
2016,2,21,13.7349128723145,0,6.95070801628026,0,2.65888168793113
2016,2,22,0.0896482169628143,0,6.91599560111354,0,2.2039399542547
2016,2,23,0.149192214012146,0,0.117389234328584,0,1.39515464994105
2016,2,24,31.7790203094482,0,15.9637803726291,0,16.5800987384299
2016,2,25,13.0877237319946,0,22.5195622596948,0,9.85707089632264
2016,2,26,0.158508822321892,-2.27373675443232e-13,6.64154928930657,0,4.46853880633293
2016,2,27,0.00331456633284688,2.27373675443232e-13,0.0809687826258596,0,2.66899150423505
2016,2,28,0.139867022633553,0,0.067754774223431,0,1.92086509774493
2016,2,29,3.74212241172791,0,1.92369263046567,0,1.5670215271077
2016,3,1,3.91838383674622,0,3.82899478229228,0,3.07338415639188
2016,3,2,10.862247467041,0,7.30492354527087,0,5.72215602801909
2016,3,3,0.606405735015869,0,5.7360062613443,0,2.53756389228409
2016,3,4,1.49133241176605,-2.27373675443232e-13,1.04650640321051,0,1.95119454665669
2016,3,5,0.0855373963713646,2.27373675443232e-13,0.79287293717789,0,1.63779024123515
2016,3,6,0.0530575439333916,0,0.0707936373582925,0,1.37493501733321
2016,3,7,0,2.27373675443232e-13,0.0268625527969562,0,1.23339758907832
2016,3,8,0.0385866910219193,-2.27373675443232e-13,0.0191940762742888,0,1.08175034451951
2016,3,9,2.73336482048035,0,1.35037391956575,0,1.01098163039207
2016,3,10,22.5230331420898,0,11.4457951180229,0,8.63378312354824
2016,3,11,12.4253644943237,0,17.4814774661863,0,12.5361722168616
2016,3,12,0.301264822483063,0,6.39240562432678,0,4.37755045959765
2016,3,13,9.62118339538574,0,4.12778519562562,0,7.13753031056799
2016,3,14,8.50531101226807,0,9.08942363626556,0,16.1757060862731
2016,3,15,7.70550584793091,0,8.18675651442754,0,11.3229942603911
2016,3,16,0.285983771085739,0,4.98943564385991,0,4.14502468460747
2016,3,17,0.0169956218451262,0,0.180706360682962,0,2.35558719881351
2016,3,18,0.014856786467135,0,0.0160119147330988,0,1.64790005753907
2016,3,19,1.99122679233551,0,0.792904869958875,0,1.33449575211753
2016,3,20,0.976129412651062,0,1.56735548387223,0,1.13229942603911
2016,3,21,0.00310186063870788,-2.27373675443232e-13,0.576921944382775,0,0.973575310067559
2016,3,22,0.00653451075777412,4.54747350886464e-13,0.0043978689936921,0,0.882586963332274
2016,3,23,0.0261434763669968,-2.27373675443232e-13,0.0156884714378975,0,0.838103771595023
2016,3,24,2.37266087532043,0,1.17029381702014,0,1.24350740538224
2016,3,25,14.3431825637817,0,8.3511256960046,0,3.14415287051933
2016,3,26,0.0254446435719728,0,7.18490320817364,0,1.59735097601946
2016,3,27,1.0458151102066,0,0.534532177720394,-2.27373675443232e-13,1.26372703799008
2016,3,28,12.7079477310181,0,6.83977082784259,2.27373675443232e-13,1.76921785318612
2016,3,29,0.000669684610329568,0,6.35740023001563,0,1.47603318037242
2016,3,30,0.00100701465271413,0,0.000838027357531246,0,1.19295832386264
2016,3,31,11.8032789230347,0,5.88960777002649,0,3.36656882920558
2016,4,1,11.0707054138184,0,11.4441265174246,0,9.40212916264622
2016,4,2,0.0523200817406178,0,5.57308910962456,0,3.36656882920558
2016,4,3,0.0803119987249374,0,0.0658482773360447,0,1.89053564883316
2016,4,4,0.0509585775434971,0,0.064811239761184,0,1.42548409885281
2016,4,5,0.0247777830809355,0,0.0391483792191139,0,1.10196997712735
2016,4,6,1.17878687381744,0,0.623032786752447,0,1.02109144669599
2016,4,7,8.03723049163818,0,4.60659305196168,0,1.53669207819594
2016,4,8,1.71521902084351,0,4.93364239994116,0,1.5164724455881
2016,4,9,2.61342644691467,0,2.16426508346922,0,1.26372703799008
2016,4,10,0.832672357559204,0,1.72695014264173,0,1.09186016082343
2016,4,11,21.9136829376221,0,11.335413187182,0,9.62454512133247
2016,4,12,16.0440254211426,0,18.9798864515178,0,9.90761997784225
2016,4,13,1.14071517600678e-05,0,8.03719353207998,2.27373675443232e-13,3.51821607376439
2016,4,14,1.08994836409693e-05,0,1.11573026515543e-05,-2.27373675443232e-13,2.14328105643118
2016,4,15,0.00205008639022708,0,0.00100518116232706,0,1.55691171080378
2016,4,16,7.74129694036674e-06,-2.27373675443232e-13,0.00103188573848456,0,1.24350740538224
2016,4,17,0,2.27373675443232e-13,4.00104181608185e-06,0,1.04131107930383
2016,4,18,0.00279910303652287,0,0.00122136504069204,0,0.921004265287172
2016,4,19,0.0082789957523346,0,0.00541202087333659,0,0.849224569529335
2016,4,20,0.00122166017536074,0,0.00488913754816167,0,0.78755469007542
2016,4,21,2.51817989349365,0,1.14233210895327,2.27373675443232e-13,0.800697451270516
2016,4,22,9.0183162689209,0,5.6267269673117,-2.27373675443232e-13,1.31427611950969
2016,4,23,4.51980400085449,0,6.87511606998305,0,1.90064546513708
2016,4,24,0.0935920551419258,2.27373675443232e-13,2.47958826838294,0,1.18284850755872
2016,4,25,0,-2.27373675443232e-13,0.0461976799269905,0,0.941223897895013
2016,4,26,2.38009262084961,0,1.1871960063072,0,1.273836854294
2016,4,27,11.9420108795166,0,7.15414568868437,0,3.51821607376439
2016,4,28,13.5049524307251,0,12.7165336695252,0,12.0306814016656
2016,4,29,4.24560976028442,0,8.91544058610452,0,4.76172347914663
2016,4,30,0.781772494316101,0,2.65269750199514,0,3.0834939726958
2016,5,1,12.0102252960205,0,6.26918150061101,0,5.76259529323478
2016,5,2,6.58568954467773,-2.27373675443232e-13,9.34255960229348,0,4.43820935742117
2016,5,3,1.87986171245575,2.27373675443232e-13,4.24099091139215,0,2.7903092998821
2016,5,4,1.45626747608185,0,1.68950443770154,0,2.21404977055862
2016,5,5,3.56629204750061,0,2.40882961751777,0,1.65800987384299
2016,5,6,0.414261162281036,0,2.0559065969428,0,1.31427611950969
2016,5,7,1.19989216327667,0,0.795761188426695,-2.27373675443232e-13,1.14240924234303
2016,5,8,2.19475984573364,0,1.66841788451711,2.27373675443232e-13,1.06153071191167
2016,5,9,6.13677930831909,0,4.16205941047519,0,1.05142089560775
2016,5,10,4.98559522628784,2.27373675443232e-13,5.62587629552581,0,1.38504483363713
2016,5,11,7.2072696685791,-2.27373675443232e-13,6.07519089369453,0,1.32438593581361
2016,5,12,3.31175661087036,0,5.42086291107989,0,1.13229942603911
2016,5,13,4.18904495239258,0,3.72243336001702,0,1.40526446624497
2016,5,14,5.25218629837036,0,4.70997869312851,0,1.25361722168616
2016,5,15,0.102010898292065,0,2.87930719705764,0,1.16262887495088
2016,5,16,0.0208594109863043,0,0.0627533511433285,0,0.953355677459718
2016,5,17,1.44483947753906,0,0.602709680315456,0,0.86135634909404
2016,5,18,4.61978197097778,0,3.0082303623858,0,0.829004936921494
2016,5,19,0.0349385589361191,0,2.36498322632542,-2.27373675443232e-13,0.743071498338169
2016,5,20,0.507776737213135,0,0.248973927766201,2.27373675443232e-13,0.686456527036213
2016,5,21,8.65393829345703,0,4.37964522578113,0,0.708698122904838
2016,5,22,0.524673938751221,-2.27373675443232e-13,4.60537131373712,0,0.667247876058764
2016,5,23,0.00396374519914389,2.27373675443232e-13,0.242946964324801,0,0.613665849647984
2016,5,24,0.000267392548266798,2.27373675443232e-13,0.00214683794911252,0,0.571204621171517
2016,5,25,0.187882825732231,-2.27373675443232e-13,0.112120779958786,0,0.544919098781324
2016,5,26,0.215244024991989,0,0.204873673195834,0,0.527732411064659
2016,5,27,3.0309329032898,0,1.51904730934621,0,0.55300695182446
2016,5,28,0.84347265958786,0,1.99732067461446,0,0.530765355955835
2016,5,29,1.55873668193817,2.27373675443232e-13,1.15981519165507,0,0.67028082094994
2016,5,30,0.149368196725845,-2.27373675443232e-13,0.925636149244383,0,0.55806185997642
2016,5,31,0.0993908122181892,-2.27373675443232e-13,0.130398753382906,0,0.508523760087209
2016,6,1,1.66870558261871,2.27373675443232e-13,0.734279419411905,0,0.480216274436231
2016,6,2,5.46973705291748,0,3.35415045420814,0,0.524699466173482
2016,6,3,2.88778209686279,0,4.35180878719257,0,0.598501125192103
2016,6,4,3.16890835762024,0,2.99548689699441,0,0.662192967906803
2016,6,5,8.57846164703369,0,5.80564537912869,0,2.24437921947039
2016,6,6,0.119361788034439,0,4.39014298789698,0,1.2232877727744
2016,6,7,0.00603703828528523,0,0.0645810391652049,0,0.847202606268551
2016,6,8,0,0,0.00311066795984516,0,0.665225912797979
2016,6,9,0,0,0,0,0.548963025302892
2016,6,10,4.44752645492554,0,2.12205903697031,0,0.39630479911369
2016,6,11,6.504958152771,2.27373675443232e-13,5.30831814314297,2.27373675443232e-13,0.671291802580332
2016,6,12,0.0934901311993599,-2.27373675443232e-13,3.45343129155663,-2.27373675443232e-13,0.592435235409751
2016,6,13,0.316616863012314,0,0.208124501587008,0,0.359909460419576
2016,6,14,1.15674293041229,0,0.71417213663517,0,0.304305470748012
2016,6,15,14.7913246154785,0,7.67307019133295,0,1.03120126299991
2016,6,16,10.8953590393066,-2.27373675443232e-13,12.8574386865948,0,5.66149713019557
2016,6,17,0.00024178676540032,2.27373675443232e-13,5.69558558124118,0,1.88042583252924
2016,6,18,0.000112834924948402,0,0.000183052929060068,0,1.13229942603911
2016,6,19,1.28569536173018e-05,0,6.73175600240938e-05,0,0.809796285944045
2016,6,20,0.427697241306305,0,0.191230388685653,0,0.808785304313653
2016,6,21,11.2811641693115,0,5.4437659678224,0,2.3960264640292
2016,6,22,4.20715856552124,0,7.75056120657973,0,1.40526446624497
2016,6,23,15.9009265899658,0,10.0528196868181,0,0.964476475394031
2016,6,24,0.958804190158844,0,8.46617784680711,0,1.26372703799008
2016,6,25,0.000121450670121703,0,0.50809406433109,0,0.698588306600918
2016,6,26,0.0894040614366531,0,0.0444154260112555,0,0.506501796826425
2016,6,27,1.59945261478424,0,0.84199477826769,0,0.442809954111725
2016,6,28,0.0105719016864896,0,0.914348067235551,0,0.360920442049968
2016,6,29,0.00199987110681832,2.27373675443232e-13,0.00695427737809951,2.27373675443232e-13,0.299250562596052
2016,6,30,0.00126884528435767,-2.27373675443232e-13,0.00167461707314942,-2.27373675443232e-13,0.261844242271545
2016,7,1,0.527820527553558,0,0.236777064383205,0,0.237580683142136
2016,7,2,0.844358325004578,0,0.677221124002244,0,0.213317124012726
2016,7,3,6.71179056167603,0,3.26374190344359,0,0.241624609663704
2016,7,4,19.0905246734619,0,12.6857101175119,0,0.613665849647984
2016,7,5,11.0679082870483,0,15.080954765639,0,0.681401618884253
2016,7,6,1.95119512081146,0,6.54410763816122,0,0.686456527036213
2016,7,7,8.41010093688965,0,4.62009214776481,0,0.994805924305793
2016,7,8,0.919486582279205,0,4.79149172795587,0,1.04131107930383
2016,7,9,5.8196496963501,0,3.30114221484837,0,0.560083823237205
2016,7,10,0.00121222017332912,0,2.92353393954545,0,0.373052221614672
2016,7,11,5.7316261518281e-05,0,0.000638271812931635,0,0.291162709552915
2016,7,12,0.748990714550018,-2.27373675443232e-13,0.364581691908825,0,0.256789334119585
2016,7,13,6.88043832778931,2.27373675443232e-13,3.77873593566619,0,0.34272277270291
2016,7,14,13.3653078079224,0,10.0738662540607,0,1.23339758907832
2016,7,15,2.14354658126831,0,7.83806003791688,0,1.83998656731356
2016,7,16,0.288767635822296,0,1.24798400004511,0,0.777444873771499
2016,7,17,0.00161862361710519,0,0.15011743256764,0,0.467073513241135
2016,7,18,11.5341415405273,0,5.76377734550624,0,0.561094804867597
2016,7,19,11.2213506698608,0,11.3848580459671,-2.27373675443232e-13,1.07164052821559
2016,7,20,0.111827857792377,0,5.71094995997555,2.27373675443232e-13,0.569182657910733
2016,7,21,0.602088987827301,0,0.339563080109656,0,0.394282835852906
2016,7,22,3.25644445419312,-2.27373675443232e-13,1.89811541872041,-2.27373675443232e-13,0.315426268682325
2016,7,23,0.29856413602829,2.27373675443232e-13,1.79224642016925,2.27373675443232e-13,0.267910132053898
2016,7,24,0.0154623258858919,0,0.163179502400453,0,0.224437921947039
2016,7,25,0,0,0.0077386819102685,0,0.187031601622532
2016,7,26,0.756034016609192,0,0.405618350741861,-2.27373675443232e-13,0.286107801400955
2016,7,27,10.2042360305786,0,5.43285285837919,2.27373675443232e-13,0.235558719881351
2016,7,28,7.33921146392822,0,8.78175189303875,0,0.213317124012726
2016,7,29,3.49079751968384,0,5.53248103865917,0,0.175910803688219
2016,7,30,4.39992189407349,-2.27373675443232e-13,3.86520395085972,-2.27373675443232e-13,0.144570373146065
2016,7,31,0.0380181521177292,0,2.84907246106741,2.27373675443232e-13,0.118284850755872
2016,8,1,0.122007504105568,2.27373675443232e-13,0.0735415303352056,0,0.0995816905936185
2016,8,2,1.14026236534119,2.27373675443232e-13,0.627020749845542,0,0.0871466165397961
2016,8,3,0.448445737361908,-2.27373675443232e-13,0.813793842418818,0,0.11727386912548
2016,8,4,0.232400715351105,0,0.364377005622373,0,0.0817884138987181
2016,8,5,1.14776968955994,0,0.636043940728996,0,0.0636918427147002
2016,8,6,1.71180522441864,0,1.39011682906857,0,0.0504479833565641
2016,8,7,0.0289368629455566,0,1.06617036488751,0,0.0440787990850941
2016,8,8,1.65534618190577e-06,0,0.0108352636671043,0,0.0343733754333302
2016,8,9,0.109430022537708,0,0.0664064635275281,0,0.0293184672813699
2016,8,10,5.94853734970093,0,2.92210568759037,0,0.0289140746292131
2016,8,11,8.9587516784668,0,7.34517742205935,0,0.0350810625746047
2016,8,12,0.468503057956696,0,4.81494338005723,0,0.0950322732568542
2016,8,13,5.41617965698242,0,2.79056647049583,0,0.0706676159644054
2016,8,14,34.7428169250488,0,19.6424921754806,0,1.38504483363713
2016,8,15,25.5493316650391,0,30.1467288380663,0,4.41798972481333
2016,8,16,24.3593235015869,0,24.9557138062373,0,12.6372703799008
2016,8,17,16.8575839996338,0,20.611660706054,2.27373675443232e-13,13.9515464994105
2016,8,18,4.34286975860596,0,10.6036290809934,-2.27373675443232e-13,4.36744064329373
2016,8,19,0.269076079130173,0,2.68081954318041,0,1.93097491404885
2016,8,20,2.50884199142456,0,1.34139977733867,0,1.26372703799008
2016,8,21,12.8022985458374,0,6.66515594824887,0,1.25361722168616
2016,8,22,9.0257432020735e-05,0,6.40912287533138,0,0.845180643007767
2016,8,23,0.0131724756211042,0,0.00574951561429771,0,0.517622594760738
2016,8,24,0.774037420749664,0,0.389672582532512,0,0.402370688896042
2016,8,25,6.82385683059692,2.27373675443232e-13,3.64504931039846,0,0.386194982809769
2016,8,26,1.16211831569672,-2.27373675443232e-13,4.50461751149851,-2.27373675443232e-13,0.360920442049968
2016,8,27,6.36332035064697,0,3.65948368949466,2.27373675443232e-13,1.16262887495088
2016,8,28,6.87749433517456,0,6.58728906932083,0,2.43646572924488
2016,8,29,2.68651580810547,0,4.80515592636948,0,0.903817577570507
2016,8,30,0.660996198654175,0,1.7127454331785,0,0.540875172259755
2016,8,31,7.91443634033203,0,4.18310514975019,2.27373675443232e-13,0.51863357639113
2016,9,1,0.451101034879684,0,4.32447644649801,-2.27373675443232e-13,0.570193639541125
2016,9,2,0.000638405443169177,0,0.229009010654409,0,0.362942405310752
2016,9,3,0,0,0.000325105145748239,0,0.283074856509778
2016,9,4,0.000686631363350898,0,0.000322971238347236,0,0.236569701511743
2016,9,5,0,0,0.000375946845451836,0,0.202196326078413
2016,9,6,0.0758453384041786,0,0.0343785555451177,0,0.174899822057827
2016,9,7,0.000337065488565713,0,0.0423290928374627,-2.27373675443232e-13,0.152658226189202
2016,9,8,3.28794002532959,0,1.52192351238773,2.27373675443232e-13,2.4971246270684
2016,9,9,36.4394760131836,0,16.5570749940671,0,14.0526446624497
2016,9,10,4.75597763061523,0,20.5981413230693,0,3.20481176834285
2016,9,11,5.31608581542969,0,5.03599289951671,0,1.38504483363713
2016,9,12,0.0133879762142897,0,2.69395282812184,0,0.790587634966596
2016,9,13,0.00323260319419205,0,0.00867714091873495,0,0.522677502912698
2016,9,14,0,0,0.00169104051019531,0,0.393271854222514
2016,9,15,0.186996147036552,0,0.089735711881076,0,0.315426268682325
2016,9,16,0.489553034305573,0,0.337270529118541,0,0.267910132053898
2016,9,17,6.80105781555176,0,3.62950823399297,2.27373675443232e-13,0.250723444337232
2016,9,18,5.52285242080689,0,6.1850232874931,-2.27373675443232e-13,0.24465755455488
2016,9,19,0.00064326060237363,0,2.99608501055627,0,0.217361050534294
2016,9,20,0.00204186723567545,0,0.00129704477876658,0,0.182987675100964
2016,9,21,0.000875029887538403,0,0.00147640009527095,0,0.154680189449986
2016,9,22,2.65381845565571e-06,0,0.000431405736890156,0,0.134460556842145
2016,9,23,0.00015536425053142,0,8.3689192251768e-05,0,0.119295832386264
2016,9,24,0.00923197157680988,0,0.00581351346045267,-2.27373675443232e-13,0.107164052821559
2016,9,25,0.0166358798742294,0,0.0139887436525896,0,0.100289377734893
2016,9,26,5.86028051376343,0,2.68657632977556,2.27373675443232e-13,0.100289377734893
2016,9,27,4.86892318725586,0,5.44126554452669,0,0.0972564328437168
2016,9,28,4.23662757873535,0,4.56514569696446,0,0.176921785318612
2016,9,29,7.67980241775513,0,5.86424604452623,2.27373675443232e-13,0.909883467352859
2016,9,30,3.433997631073,0,5.56274645018129,-2.27373675443232e-13,0.566149713019557
2016,10,1,2.0923113822937,0,2.76344935479574,0,0.375074184875456
2016,10,2,0.230370908975601,0,1.27779133222793,0,0.288129764661739
2016,10,3,0.005013398360461,0,0.119742477996624,0,0.236569701511743
2016,10,4,0,0,0.0030798604930169,0,0.202196326078413
2016,10,5,0.0092239398509264,0,0.00438712268078234,0,0.173888840427435
2016,10,6,0.18465593457222,-2.27373675443232e-13,0.10574822507624,-2.27373675443232e-13,0.153669207819594
2016,10,7,0.0504022017121315,2.27373675443232e-13,0.124130653341126,2.27373675443232e-13,0.138504483363713
2016,10,8,0.00115394056774676,0,0.0258698428951902,0,0.121317795647048
2016,10,9,5.67516690352932e-05,0,0.000623676518443972,0,0.106153071191167
2016,10,10,6.75743067404255e-05,0,6.21297003817745e-05,0,0.100794868550089
2016,10,11,0.0033664652146399,0,0.00148068848648109,2.27373675443232e-13,0.0917971320395996
2016,10,12,0.00128014455549419,0,0.00199257052736357,-2.27373675443232e-13,0.0864389293985216
2016,10,13,1.46116518974304,0,0.655168221404892,0,0.0839114753225415
2016,10,14,0.00825809128582478,0,0.771665424588719,0,0.0789576653336203
2016,10,15,0.00208105938509107,0,0.00527556298038689,0,0.0751159351381305
2016,10,16,0.478924185037613,0,0.238572699250653,0,0.07390275718166
2016,10,17,0.355863451957703,-2.27373675443232e-13,0.428362221522548,0,0.0718807939208759
2016,10,18,0.11900282651186,2.27373675443232e-13,0.209020698886889,0,0.0742060516707777
2016,10,19,1.71780204772949,0,0.88371183056006,2.27373675443232e-13,0.0717796957578367
2016,10,20,37.0898628234863,0,15.6504265705662,-2.27373675443232e-13,2.84085838140171
2016,10,21,12.7733974456787,0,24.9444251562236,0,5.61094804867597
2016,10,22,0.150272607803345,0,6.50010222501442,0,1.88042583252924
2016,10,23,0.000198891139007173,0,0.0777451784961158,0,1.07164052821559
2016,10,24,1.59214167183563e-07,0,0.000105509803688619,0,0.745093461598953
2016,10,25,0.00211292528547347,0,0.00104774380452,0,0.549974006933284
2016,10,26,0.0222547259181738,0,0.0106352930451976,0,0.450897807154861
2016,10,27,0.923636555671692,0,0.406203525206365,-2.27373675443232e-13,0.427645229655844
2016,10,28,0.022148484364152,0,0.477634164759365,2.27373675443232e-13,0.386194982809769
2016,10,29,0.00208690972067416,0,0.0113516091660131,0,0.345755717594087
2016,10,30,0.0512956604361534,0,0.0260555548229604,0,0.33261295639899
2016,10,31,0.0331628806889057,0,0.0424942940371693,0,0.307338415639188
2016,11,1,3.75188415091543e-06,0,0.0173051059391582,0,0.283074856509778
2016,11,2,0.0199608132243156,0,0.011422494033468,0,0.275997985097034
2016,11,3,0.602944076061249,0,0.364339810752426,0,0.259822279010761
2016,11,4,0.15212707221508,0,0.36134245035646,0,0.240613628033312
2016,11,5,0.000785222684498876,0,0.0630630613813992,0,0.226459885207823
2016,11,6,0.00365333282388747,0,0.00245654992613709,0,0.21533908727351
2016,11,7,0.00238053500652313,0,0.00296346158575034,0,0.205229270969589
2016,11,8,0.370021820068359,0,0.171358134619368,-2.27373675443232e-13,0.200174362817629
2016,11,9,1.91846656799316,0,1.04878855512652,2.27373675443232e-13,0.194108473035277
2016,11,10,0.103068009018898,0,1.08368174294446,0,0.187031601622532
2016,11,11,0.00107969529926777,0,0.0525766565406229,0,0.182987675100964
2016,11,12,7.92975260992535e-05,0,0.000614846074313391,0,0.167822950645083
2016,11,13,2.55313193520124e-06,-2.27373675443232e-13,5.04229756188579e-05,0,0.160746079232338
2016,11,14,0.00245377770625055,2.27373675443232e-13,0.0014100162734394,0,0.150636262928418
2016,11,15,0.00219740159809589,0,0.00233161864161957,0,0.149625281298026
2016,11,16,0.00282792490907013,0,0.00259442978858715,0,0.149625281298026
2016,11,17,0.000202433206140995,0,0.00158520982222399,0,0.147603318037242
2016,11,18,0.546914041042328,0,0.310948366124649,0,0.144570373146065
2016,11,19,7.41274881362915,0,3.93856644654443,0,0.172877858797043
2016,11,20,0.125627264380455,0,3.81983687247703,0,0.173888840427435
2016,11,21,8.26860377856065e-06,0,0.0638013804200455,0,0.138504483363713
2016,11,22,0.00111286516766995,0,0.000517819338710979,0,0.124350740538224
2016,11,23,3.09611749649048,-2.27373675443232e-13,1.46091672530747,0.00159541049038126,0.142548409885281
2016,11,24,8.856032371521,2.27373675443232e-13,5.97590421804489,2.27373675443232e-13,0.235558719881351
2016,11,25,0.415156126022339,0,4.63803615941288,2.27373675443232e-13,0.33261295639899
2016,11,26,0.00653541134670377,0,0.227106131947949,-2.27373675443232e-13,0.277008966727426
2016,11,27,0.00414744950830936,0,0.00536510653182631,0,0.223426940316647
2016,11,28,5.7469220161438,0,2.85966575906787,0,0.321492158464677
2016,11,29,18.5687618255615,0,12.0782619843085,0,4.13491486830355
2016,11,30,0.00580328982323408,0,9.33061363162415,0,2.02196326078413
2016,12,1,0.0182128828018904,0,0.0119501010995009,0,1.09186016082343
2016,12,2,0.00549389142543078,0,0.011985188590188,0,0.744082479968561
2016,12,3,0.0774342566728592,0,0.0486687998054549,2.27373675443232e-13,0.578281492584262
2016,12,4,1.03080856800079,0,0.529083105713653,-2.27373675443232e-13,0.509534741717601
2016,12,5,4.00766897201538,0,2.48449098880519,0,0.536831245738187
2016,12,6,2.80382084846497,0,3.43291254233191,0,0.625797629212689
2016,12,7,5.28396368026733,0,4.03644966003048,0,1.34460556842145
2016,12,8,0.00464804144576192,0.000436854638110162,2.65091885309084,0,0.884608926593058
2016,12,9,0.126495018601418,0.0620418713208437,0.00193535090511432,0,0.648039225081314
2016,12,10,0.000145720448927023,0.0649270985609292,0,0,0.532787319216619
2016,12,11,0.781513869762421,0.0427429341270909,0.311593359423568,0,0.495380998892112
2016,12,12,3.94428277015686,0.0471430279626475,2.31293208899297,0,0.535820264107795
2016,12,13,1.52301943302155,0.166972177462185,2.56735079643113,0,0.506501796826425
2016,12,14,3.17859530448914,1.75539509405576,0.594849184213672,0,0.464040568349958
2016,12,15,0.00168521516025066,1.62399290290205,0,0,0.270943076945074
2016,12,16,0.000908138870727271,0.00133817007645121,0,0,0.36193142368036
2016,12,17,7.70943403244019,0.000454436547215664,3.85160049961269,-2.27373675443232e-13,0.842147698116591
2016,12,18,13.3815774917603,4.5695875215863,5.92425097445812,0,9.74586291697952
2016,12,19,0.0568428747355938,4.74483294117431,2.06371503572882,0,2.69932095314682
2016,12,20,0.00065711687784642,0.0294517343907046,0,-2.27373675443232e-13,1.44570373146065
2016,12,21,0.00106056150980294,0.000591217276678435,0.000282544628134929,2.27373675443232e-13,1.03120126299991
2016,12,22,0.000839560641907156,0.000281233482382959,0.000674631970468909,0,0.839114753225415
2016,12,23,0.528571844100952,0,0.263307470660948,0,0.693533398448957
2016,12,24,4.91977024078369,-2.27373675443232e-13,2.70497258053365,0.988172944587177,0.996827887566577
2016,12,25,0.074190266430378,0,2.56642378617835,2.81701782672963,1.37493501733321
2016,12,26,1.53688979148865,0,0.803578759529046,6.70045004582448,1.76921785318612
2016,12,27,10.0145320892334,0,5.7732702852154,2.7728011843692,7.44082479968561
2016,12,28,0.0594847686588764,0,5.14342769060022,0,2.81052893248994
2016,12,29,0.12938779592514,0,0.0941113286316977,0,1.66811969014691
2016,12,30,0.178051501512527,0,0.149276275878947,0,1.18284850755872
2016,12,31,0.144480004906654,0,0.160556367831305,0,0.963465493763639
2017,1,1,0.0303240176290274,0,0.0800124592424254,0,0.813840212465613
2017,1,2,0.142641723155975,0,0.086467151188117,0,0.694544380079349
2017,1,3,9.04093647003174,0,4.57446255408286,0,0.780477818662675
2017,1,4,6.2979941368103,0,7.66947039598745,0,1.53669207819594
2017,1,5,0.700831592082977,0.347811864551659,3.17239719109784,0,1.14240924234303
2017,1,6,0.815394222736359,0.757432953889747,0,0,0.727906773882288
2017,1,7,0.00424553919583559,0.416808988771436,0,0,0.45999664182839
2017,1,8,0.0033763675019145,0.00381538087435729,0,0,0.491337072370544
2017,1,9,2.44189341174206e-05,0.00125063875088927,0,0,0.530765355955835
2017,1,10,0.747090280056,1.38853833959729e-05,0.322270964752533,0.226680925494293,0.632874500625433
2017,1,11,7.7968955039978,-2.27373675443232e-13,4.26717869048298,1.25520919344808,2.28481848468607
2017,1,12,13.961932182312,0,10.877821846967,-2.27373675443232e-13,4.31689156177412
2017,1,13,6.77210807800293,0,10.3807011230165,0,5.07512778456817
2017,1,14,2.59015703201294,0,4.68332485720748,0,2.4465755455488
2017,1,15,4.56448554992676,-2.27373675443232e-13,3.56119753959501,0,3.17448231943109
2017,1,16,2.60187482833862,2.27373675443232e-13,3.58330626406678,0.00386720237929694,1.94108473035277
2017,1,17,14.2595510482788,0,8.42511141365685,0,6.82412600514645
2017,1,18,0.55965131521225,0,7.4316255251324,0,4.09447560308787
2017,1,19,1.78928804397583,0,1.16414608799096,0,2.42635591294096
2017,1,20,32.3148803710938,0,16.9325366586272,0,20.5229270969589
2017,1,21,0.713009655475617,-2.27373675443232e-13,16.5338208059547,0,7.00610269861702
2017,1,22,0.0186582580208778,-2.27373675443232e-13,0.371652538939088,0,3.33623938029382
2017,1,23,0.00601959181949496,2.27373675443232e-13,0.0126066851007636,0,2.09273197491158
2017,1,24,0.47178715467453,-2.27373675443232e-13,0.22678658276709,0,1.48614299667634
2017,1,25,0.0751627013087273,2.27373675443232e-13,0.292337879989645,-2.27373675443232e-13,1.21317795647048
2017,1,26,0.0558837503194809,0,0.0659183395109722,2.27373675443232e-13,1.05142089560775
2017,1,27,1.17470061779022,2.27373675443232e-13,0.53121839214873,0,0.862367330724432
2017,1,28,0.0698874592781067,0.00774411410634457,0.653059056210623,0,0.783510763553851
2017,1,29,0.061306893825531,0.0142122642037066,0.0513958840383566,0,0.715774994317583
2017,1,30,0.481640130281448,0.246666716112941,0.0247755369418883,0,0.64096235366857
2017,1,31,0.00174029276240617,0.244444512856489,0.00085705028322991,0,0.592435235409751
2017,2,1,0.117457002401352,0,0.0594115755811799,0.527114112780964,0.554017933454852
2017,2,2,0.00339772994630039,0,0.0621580578299472,2.27373675443232e-13,0.495380998892112
2017,2,3,0.00340603827498853,0.00159341428161497,0.00180846788134659,-2.27373675443232e-13,0.45494173367643
2017,2,4,0.00202909857034683,0.00260912967860349,0.000108939770143479,0,0.415513450091139
2017,2,5,0.00454241782426834,0.00105882042271332,0.0021721018201788,0,0.45494173367643
2017,2,6,0.758249700069428,0,0.381378717727785,0.00982812962479329,0.440787990850941
2017,2,7,11.2538232803345,0,5.5886451471597,0,0.88561990822345
2017,2,8,1.25196373462677,0,6.26259529210802,0,1.19295832386264
2017,2,9,1.87098908424377,0.568474442586194,0.984479924518382,0,0.779466837032283
2017,2,10,0.0125797688961029,0.591996367366619,0.357692086821771,0,0.603556033344063
2017,2,11,0.083868183195591,0.00261985056363301,0.0435195293175639,1.33459572134962,0.601534070083279
2017,2,12,3.21684885025024,0,1.62348886491236,0,0.562105786497989
2017,2,13,0.237873703241348,0,1.7806648069236,0,0.495380998892112
2017,2,14,0.0304428394883871,0,0.135447938577272,0,0.476172347914663
2017,2,15,4.31748921982944e-05,0,0.0143888666279963,0,0.481227256066623
2017,2,16,0.00658948300406337,0,0.00417868741351413,0,0.439777009220549
2017,2,17,0.00519721210002899,-2.27373675443232e-13,0.00608264707989292,0,0.406414615417611
2017,2,18,4.39214527432341e-05,2.27373675443232e-13,0.00281489749613684,0,0.397315780744082
2017,2,19,0.00355795118957758,0,0.00194190443289699,0,0.377096148136241
2017,2,20,0.0184266492724419,0,0.0106930298134102,0,0.359909460419576
2017,2,21,0.333184331655502,0,0.147998302345513,0,0.354854552267615
2017,2,22,1.24140226840973,0,0.785653682629345,0,0.36193142368036
2017,2,23,0.107265003025532,0,0.648223370473716,0,0.36193142368036
2017,2,24,1.40241396427155,0,0.753271618661529,0,0.355865533898007
2017,2,25,4.01403617858887,0,2.67766845170991,0,0.514589649869562
2017,2,26,0.00588379753753543,0,1.88353296236892,0,0.48931510910976
2017,2,27,0.0321528166532517,0,0.0195859303566976,0,0.382151056288201
2017,2,28,7.58794450759888,0,3.73151540238177,-2.27373675443232e-13,0.466062531610742
2017,3,1,34.9862976074219,0,21.2540483198391,0,9.36168989743053
2017,3,2,2.26278805732727,2.27373675443232e-13,18.6262540442549,0,5.02457870304857
2017,3,3,0.0228677112609148,-2.27373675443232e-13,1.18028625838633,0,1.96130436296061
2017,3,4,0.353490710258484,0,0.187544835025619,0,1.25361722168616
2017,3,5,0.126448884606361,0,0.240941787538759,-2.27373675443232e-13,1.00289377734893
2017,3,6,1.48009133338928,0,0.79324049216666,0,0.952344695829326
2017,3,7,16.7520008087158,0,9.10100351297297,0,3.00261544226444
2017,3,8,3.76539182662964,0,10.2717637622991,0,3.11382342160756
2017,3,9,0.234211459755898,0,2.27208016165969,0,1.5670215271077
2017,3,10,1.47859418392181,-2.27373675443232e-13,0.813512526321574,0,1.19295832386264
2017,3,11,0.0435912422835827,2.27373675443232e-13,0.762088564508304,0,0.913927393874428
2017,3,12,0.00302832224406302,0.000566024656336595,0.0238074870212586,0,0.789576653336204
2017,3,13,0.872459352016449,0.0300680951590948,0.407538698069402,0,0.73397266366464
2017,3,14,1.63281667232513,0.594453178500089,0.647709188706358,0,0.690500453557781
2017,3,15,0.0347145088016987,0.602861067385902,0.238746936796815,0,0.592435235409751
2017,3,16,0.00102514086756855,0.0175946804204159,0.000427679864515085,0,0.538853208998971
2017,3,17,1.79665005207062,0.000304749050883402,0.711371336037701,0,0.532787319216619
2017,3,18,1.7765417098999,0,1.7874137477047,1.12943056112226,0.540875172259755
2017,3,19,0.00345890037715435,0,0.861700796012883,0,0.48931510910976
2017,3,20,2.09540915489197,0,1.03584605536889,0,0.51863357639113
2017,3,21,12.6636352539063,0,7.36536449097184,0,1.08175034451951
2017,3,22,0.0755763798952103,0,6.39699213577114,0,0.860345367463648
2017,3,23,0.00754400715231895,0,0.0420579834535602,0,0.653094133233275
2017,3,24,0.00418097339570522,2.27373675443232e-13,0.00615881922567496,0,0.612654868017592
2017,3,25,0,0,0.0020908359074383,2.27373675443232e-13,0.575248547693086
2017,3,26,12.5759201049805,-2.27373675443232e-13,5.95573635117034,-2.27373675443232e-13,0.716785975947975
2017,3,27,7.97430515289307,0,10.4193922764534,0,1.07164052821559
2017,3,28,7.58673524856567,0,7.78282212159684,0,1.12218960973519
2017,3,29,0.0742832720279694,0,4.46389119047672,0,0.942234879525406
2017,3,30,0.866153419017792,0,0.466740899675642,0,0.870455183767569
2017,3,31,8.14737129211426,0,4.43404768531764,0,1.1727386912548
2017,4,1,1.11662590503693,0,4.81044950420619,0,1.11207979343127
2017,4,2,0.000678009353578091,0,0.520047884834639,0,0.889663834745018
2017,4,3,1.50685667991638,0,0.751756404941261,0,0.843158679746983
2017,4,4,1.43119716644287,0,1.47217000032106,0,0.806763341052869
2017,4,5,0.996380984783173,0,1.23338844768296,0,0.676346710732292
2017,4,6,9.70985317230225,0,5.08803328493377,0,4.67073513241134
2017,4,7,1.18815267086029,0,5.45046166465909,0,2.90151727922523
2017,4,8,8.55050075188046e-07,0,0.653826345434936,0,1.47603318037242
2017,4,9,0.00704180542379618,0,0.0032580771294306,0,1.11207979343127
2017,4,10,0,0,0.00353951456054347,0,0.912916412244036
2017,4,11,4.52681970596314,0,2.2408881028241,0,0.808785304313653
2017,4,12,0.524541676044464,0,2.74127385630709,0,0.710720086165622
2017,4,13,0,0,0.23870448982052,0,0.637929408777394
2017,4,14,0,0,0,0,0.607599959865632
2017,4,15,0.0471937879920006,2.27373675443232e-13,0.0175323572402704,0,0.576259529323478
2017,4,16,0.640287756919861,-2.27373675443232e-13,0.261020010671928,0,0.574237566062693
2017,4,17,3.2085280418396,0,1.7517207755227,0,0.563116768128381
2017,4,18,0,0,1.75180224852375,0,0.506501796826425
2017,4,19,0.00181048654485494,0,0.000842354515043553,0,0.486282164218584
2017,4,20,1.03015112876892,0,0.508364747074666,0,0.539864190629363
2017,4,21,12.9691638946533,0,6.20658656996238,0,1.62768042493123
2017,4,22,2.33336758613586,-2.27373675443232e-13,7.65770348961814,0,1.11207979343127
2017,4,23,0.0228547547012568,2.27373675443232e-13,1.18216471817141,0,0.789576653336204
2017,4,24,2.06613749469398e-05,0,0.0131306618568487,2.27373675443232e-13,0.665225912797979
2017,4,25,0.00357621838338673,0,0.00172365953767439,-2.27373675443232e-13,0.60658897823524
2017,4,26,0,0,0.00190942811605055,0,0.574237566062693
2017,4,27,0.464175671339035,0,0.193504331255099,0,0.5479520436725
2017,4,28,3.83400964736939,0,2.02063262447336,0,0.681401618884253
2017,4,29,42.9778594970703,0,23.4029390509022,0,16.1757060862731
2017,4,30,14.6376371383667,0,28.8263908437657,0,7.06676159644054
2017,5,1,11.0926418304443,0,12.9421994748991,0,3.02283507487228
2017,5,2,1.8747855424881,0,6.48507757777406,0,1.85009638361748
2017,5,3,0.443887054920197,0,1.21091204979894,0,1.273836854294
2017,5,4,17.993465423584,0,9.15991388563998,0,5.96479161931319
2017,5,5,34.1233253479004,-2.27373675443232e-13,26.0556348759274,2.27373675443232e-13,27.903092998821
2017,5,6,13.7976636886597,-9.09494701772928e-13,24.0028202613248,-2.27373675443232e-13,15.164724455881
2017,5,7,0.113414324820042,0,6.96622641080467,2.27373675443232e-13,3.94282835852906
2017,5,8,0.0265825148671865,0,0.0720016293998924,-2.27373675443232e-13,2.12306142382334
2017,5,9,9.97148132324219,0,4.91022807975241,0,8.75510091919529
2017,5,10,8.21543502807617,0,9.13875321044179,0,5.92435235409751
2017,5,11,8.56931781768799,-2.27373675443232e-13,8.34629254975152,0,3.44744735963695
2017,5,12,0.255299925804138,-2.27373675443232e-13,4.89168782186607,0,2.21404977055862
2017,5,13,0.00940566137433052,0,0.138814710197039,0,1.53669207819594
2017,5,14,0.00334356958046556,0,0.00655024196748855,0,1.20306814016656
2017,5,15,0.000532523612491787,0,0.0019728471088456,0,0.995816905936185
2017,5,16,2.03866129595554e-05,-2.27373675443232e-13,0.000285497953882441,0,0.867422238876393
2017,5,17,0.00779074104502797,2.27373675443232e-13,0.00373112542001763,0,0.780477818662675
2017,5,18,1.37450623512268,0,0.666276116520749,0,0.73397266366464
2017,5,19,4.65118169784546,0,2.85985937881196,0,0.751159351381305
2017,5,20,12.7006435394287,0,8.67252966427623,0,0.872477147028353
2017,5,21,7.26358079910278,-2.27373675443232e-13,10.0091292846264,0,0.840125734855807
2017,5,22,1.3833783864975,2.27373675443232e-13,4.45386493625847,0,0.714764012687191
2017,5,23,0,-2.27373675443232e-13,0.795405902834318,0,0.629841555734257
2017,5,24,4.72301435470581,2.27373675443232e-13,2.21426126029837,0,0.683423582145037
2017,5,25,29.6508922576904,0,17.0691425133409,0,14.3559391515673
2017,5,26,4.52951574325562,0,17.1354844532689,0,5.40875172259755
2017,5,27,2.54167556762695,0,3.55121880027582,0,2.34547738250959
2017,5,28,1.8463271856308,0,2.24499254733382,2.27373675443232e-13,1.53669207819594
2017,5,29,6.89657020568848,0,4.35578652141703,-2.27373675443232e-13,1.34460556842145
2017,5,30,0.26650807261467,0,3.63228964087466,-2.27373675443232e-13,1.05142089560775
2017,5,31,0.646507918834686,0,0.425912537364638,2.27373675443232e-13,0.865400275615609
2017,6,1,0.0857886299490929,0,0.37088039208902,0,0.751159351381305
2017,6,2,0.000111079956695903,-2.27373675443232e-13,0.0436992659815587,-2.27373675443232e-13,0.662192967906803
2017,6,3,0.0526525340974331,2.27373675443232e-13,0.0302460711973254,2.27373675443232e-13,0.597490143561711
2017,6,4,3.24582433677278e-05,2.27373675443232e-13,0.0324428488092963,0,0.550984988563676
2017,6,5,1.32417023181915,-2.27373675443232e-13,0.610007073402812,0,0.525710447803874
2017,6,6,1.66843569278717,0,1.48351563099277,0,0.491337072370544
2017,6,7,0.0179620031267405,0,0.968462066273787,0,0.431689156177412
2017,6,8,3.49265064869542e-06,0,0.0114334170139045,0,0.400348725635258
2017,6,9,0.000252376805292442,0,0.000152695713040885,0,0.385184001179377
2017,6,10,0,0,0.000105614955828059,0,0.357887497158791
2017,6,11,0.00536518450826407,0,0.00301149269216694,0,0.325536084986245
2017,6,12,0.0612425953149796,0,0.0342045395664172,0,0.29823958096566
2017,6,13,1.47086703777313,0,0.720494193956256,0,0.554017933454852
2017,6,14,11.1737451553345,0,6.02525958009937,0,2.28481848468607
2017,6,15,37.1102333068848,0,21.5509006895009,0,21.6350068903902
2017,6,16,1.0547559261322,0,19.0844212316515,0,4.13491486830355
2017,6,17,0.0161917619407177,0,0.449654928357631,0,1.90064546513708
2017,6,18,8.3078556060791,0,4.06907737209258,0,1.28394667059792
2017,6,19,4.91107749938965,0,6.67582875191147,0,2.13317124012726
2017,6,20,0.577501237392426,0,2.78000203481497,0,1.40526446624497
2017,6,21,0.6574667096138,0,0.616760191733192,0,0.930103099960701
2017,6,22,0.946666419506073,0,0.801778582201223,0,0.76329113094601
2017,6,23,12.7952842712402,2.27373675443232e-13,6.86123973680515,2.27373675443232e-13,12.1317795647048
2017,6,24,32.2605972290039,-2.27373675443232e-13,22.5254820737682,-2.27373675443232e-13,12.6372703799008
2017,6,25,0.00344786536879838,0,16.138065526924,0,2.95206636074483
2017,6,26,0.000296449259622023,0,0.00203598797816085,0,1.62768042493123
2017,6,27,0.101711131632328,0,0.0486898253730033,0,1.14240924234303
2017,6,28,0.00216286769136786,0,0.0582379450061126,0,0.881575981701882
2017,6,29,0,0,0.00109985053131823,0,0.725884810621503
2017,6,30,3.34817981719971,0,1.67366774340189,0,0.659160023015627
2017,7,1,17.7108249664307,0,10.481477818139,0,1.62768042493123
2017,7,2,0.0132072865962982,0,9.00873284513364,0,0.988740034523441
2017,7,3,0,0,0.00733581128588412,0,0.667247876058764
2017,7,4,0.00707122730091214,0,0.00306341794930631,0,0.554017933454852
2017,7,5,2.20572566986084,0,1.08267963481921,0,0.588391308888182
2017,7,6,4.17989635467529,0,3.05668860875448,0,0.514589649869562
2017,7,7,16.892068862915,0,10.50047533217,0,0.495380998892112
2017,7,8,16.435037612915,0,16.6723883422674,0,3.1340430542154
2017,7,9,0.00617417832836509,-2.27373675443232e-13,9.0736266714157,0,1.00188279571854
2017,7,10,1.07503354549408,2.27373675443232e-13,0.495896211949003,0,0.636918427147002
2017,7,11,15.6267099380493,0,8.25028909048706,0,8.80565000071489
2017,7,12,31.302225112915,0,23.0544903458285,0,10.3120126299991
2017,7,13,1.68853211402893,0,16.4973178118526,0,2.12306142382334
2017,7,14,7.97196960449219,0,4.72234180084342,0,1.21317795647048
2017,7,15,0.119769290089607,0,4.57158805523068,0,0.835070826703846
2017,7,16,0.261409550905228,0,0.187054894187895,0,0.633885482255825
2017,7,17,4.18958139419556,0,2.1249571790031,0,5.45930080411716
2017,7,18,0.785527288913727,0,2.52615837716439,0,1.42548409885281
2017,7,19,0.0100415339693427,0,0.486861931691237,0,0.822939047139142
2017,7,20,1.7742389900377e-05,0,0.0058195800302201,0,0.607599959865632
2017,7,21,9.99272441864014,0,4.99280913069379,0,3.59909460419576
2017,7,22,7.27260732650757,0,8.67390413767134,0,1.89053564883316
2017,7,23,11.0840091705322,0,9.03837235238461,0,3.34634919659774
2017,7,24,6.98953580856323,0,9.06694305106066,2.27373675443232e-13,1.39515464994105
2017,7,25,0.00401493906974793,0,3.50028071866109,-4.54747350886464e-13,0.810807267574437
2017,7,26,0.00257102446630597,0,0.00337982562632533,2.27373675443232e-13,0.57727051095387
2017,7,27,4.88134241104126,2.27373675443232e-13,2.37981852871599,2.27373675443232e-13,0.482238237697016
2017,7,28,8.87643623352051,-2.27373675443232e-13,6.80484954637359,-2.27373675443232e-13,0.426634248025452
2017,7,29,0.270181059837341,0,4.57499242779159,0,0.364964368571536
2017,7,30,0.00743141165003181,0,0.164351912659185,0,0.301272525856836
2017,7,31,0.0102657517418265,0,0.00878544943407178,0,0.261844242271545
2017,8,1,0.119013786315918,-2.27373675443232e-13,0.0637707675050478,0,0.232525774990175
2017,8,2,1.08713066577911,2.27373675443232e-13,0.565456587530207,0,0.307338415639188
2017,8,3,1.15086448192596,0,1.12191814895778,0,0.328569029877421
2017,8,4,1.06282258033752,0,1.10193761404662,0,0.27397602183625
2017,8,5,0.0164056699723005,-2.27373675443232e-13,0.50890720631287,0,0.21028417912155
2017,8,6,0.409948587417603,2.27373675443232e-13,0.167505445948336,0,0.179954730209788
2017,8,7,5.25459432601929,0,2.19076963808766,0,0.179954730209788
2017,8,8,0.633521854877472,0,3.14349593171937,0,0.170855895536259
2017,8,9,1.18105413093872e-06,0,0.382882065787271,2.27373675443232e-13,0.15164724455881
2017,8,10,0,0,6.60831574350596e-07,-2.27373675443232e-13,0.128394667059792
2017,8,11,0.194857090711594,-2.27373675443232e-13,0.0827029221618432,0,0.118284850755872
2017,8,12,1.27358186244965,4.54747350886464e-13,0.596627442770114,0,0.154680189449986
2017,8,13,0.0024406888987869,-2.27373675443232e-13,0.760255872271955,0,0.109186016082343
2017,8,14,0.0291676297783852,2.27373675443232e-13,0.0142709440988256,2.27373675443232e-13,0.098368512637148
2017,8,15,0,-2.27373675443232e-13,0.0167499357121415,-2.27373675443232e-13,0.0907861504092075
2017,8,16,0.0820657387375832,0,0.0298206648949417,2.27373675443232e-13,0.0805752359422477
2017,8,17,2.55810141563416,0,1.20101892477396,-2.27373675443232e-13,0.0912916412244036
2017,8,18,6.29342079162598,0,4.32970105505228,0,0.195119454665669
2017,8,19,0.00809051748365164,0,3.2571742125001,0,0.182987675100964
2017,8,20,0.131221085786819,0,0.0790160514807212,0,0.121317795647048
2017,8,21,0.38046333193779,0,0.269709319669346,0,0.0989751016153833
2017,8,22,1.69182527065277,0,1.00302171882504,0,0.0868433220506785
2017,8,23,4.17445373535156,0,2.63690716660494,0,0.0788565671705811
2017,8,24,0,2.27373675443232e-13,2.18368867617392,0,0.0676346710732292
2017,8,25,0.00353104434907436,-2.27373675443232e-13,0.00220688614354003,0,0.0593446217040143
2017,8,26,0.00336003839038312,0,0.00347733197850175,0,0.0521666521282306
2017,8,27,0.315294414758682,0,0.104929402798007,0,0.0446853880633293
2017,8,28,0.475017726421356,0,0.381747860134055,0,0.0405403633787218
2017,8,29,15.1603593826294,0,6.42390364136372,0,0.161757060862731
2017,8,30,3.57745623588562,0,11.4487593741578,0,0.621753702691121
2017,8,31,0,0,2.02649992673832,0,0.209273197491158
2017,9,1,2.0512433052063,0,0.797460692876484,0,0.110196997712735
2017,9,2,18.1586933135986,0,10.090419167107,0,0.0930103099960701
2017,9,3,0.294358432292938,0,9.22686953935772,0,0.0865400275615609
2017,9,4,0.569792807102203,0,0.430710918844852,0,0.0875510091919529
2017,9,5,9.08293724060059,0,4.58386470504775,0,0.0657138059754843
2017,9,6,0.0105017200112343,0,4.62182918206963,0,0.0511556704978385
2017,9,7,0.560097992420197,0,0.275381705614564,0,0.039630479911369
2017,9,8,0.0114749250933528,0,0.257986231481482,0,0.0331601974768598
2017,9,9,0.00184421357698739,0,0.00628397965920158,0,0.0274987003466642
2017,9,10,0.00300930137746036,0,0.00254619476618245,0,0.0206240252599981
2017,9,11,0.00188850914128125,0,0.00231921760132536,0,0.0170855895536259
2017,9,12,0.249791160225868,0,0.153888068292872,2.27373675443232e-13,0.014659233640685
2017,9,13,3.9104745388031,0,1.89723514813522,-2.27373675443232e-13,0.0149625281298026
2017,9,14,3.63380575180054,0,3.73880533826741,0,0.0166811969014691
2017,9,15,0.139865413308144,0,2.09163265214738,0,0.0174899822057827
2017,9,16,0.0434549450874329,0,0.091754341032356,0,0.0145581354776457
2017,9,17,0.0109447371214628,0,0.028461241738114,0,0.0135471538472537
2017,9,18,0.173895493149757,0,0.0756569395816769,2.27373675443232e-13,0.0134460556842145
2017,9,19,6.8053503036499,0,3.26865682088828,-2.27373675443232e-13,0.0192086509774493
2017,9,20,6.5316219329834,0,6.6668442516966,0,0.0538853208998971
2017,9,21,0.038193516433239,0,3.28849656649982,-2.27373675443232e-13,0.0404392652156826
2017,9,22,0.0310277473181486,0,0.0347856428124942,2.27373675443232e-13,0.0250723444337232
2017,9,23,0.276675701141357,0,0.156911430938635,0,0.0208262215860766
2017,9,24,0.00205622217617929,0,0.144639946483949,0,0.0159735097601946
2017,9,25,0.00175505038350821,0,0.00191212818754138,0,0.0138504483363713
2017,9,26,0.00110975257121027,0,0.00145387963129906,0,0.0133449575211753
2017,9,27,0.00179798703175038,0,0.0014423879183596,0,0.0138504483363713
2017,9,28,0.00012488140782807,2.27373675443232e-13,0.00109791721479269,0,0.0140526446624497
2017,9,29,0.00107368535827845,-2.27373675443232e-13,0.000743259399314411,0,0.0144570373146065
2017,9,30,0.00123595318291336,0,0.00116634081496159,0,0.0142548409885281
2017,10,1,4.80616399727296e-05,0,0.000673561240546405,0,0.0118284850755872
2017,10,2,0.000419472460635006,0,0.000215217653021682,0,0.0094021291626462
2017,10,3,0,0,0.000269831863988657,0,0.0089977365104893
2017,10,4,0.356160998344421,0,0.209783936821623,0,0.009301030999607
2017,10,5,9.82574844360352,0,4.73288452459383,0,0.0246679517815664
2017,10,6,11.6371688842773,0,10.6468872190817,0,0.0784521745184243
2017,10,7,1.85875332355499,0,6.79819781809783,0,0.0843158679746983
2017,10,8,12.7725095748901,0,7.1932402065213,0,0.767335057467578
2017,10,9,9.46941661834717,0,11.1417326036099,0,0.952344695829326
2017,10,10,0.925641894340515,0,5.26150338492153,0,0.499424925413681
2017,10,11,3.3293764591217,0,2.10585617562174,0,0.293184672813699
2017,10,12,0.340840518474579,0,1.85724779605516,0,0.206240252599981
2017,10,13,0.0265351496636868,0,0.173639729160641,0,0.155691171080378
2017,10,14,1.2473907418098e-06,0,0.0138469892626745,0,0.120306814016656
2017,10,15,0.891130924224854,0,0.401738740911242,0,0.0994805924305793
2017,10,16,1.70061922073364,0,1.28135968173592,0,0.0807774322683261
2017,10,17,0.000871951226145029,0,0.811540780807263,0,0.0664214931167587
2017,10,18,1.39473249873845e-05,-2.27373675443232e-13,0.000347082961525302,-2.27373675443232e-13,0.0584347382366614
2017,10,19,0.000174616841832176,2.27373675443232e-13,8.28826086944901e-05,2.27373675443232e-13,0.0528743392695051
2017,10,20,0.00197220826521516,0,0.000941507962124888,0,0.0462018605089174
2017,10,21,0,2.27373675443232e-13,0.00121093285270035,0,0.0413491486830355
2017,10,22,0,-2.27373675443232e-13,-7.27595761418343e-12,0,0.0355865533898007
2017,10,23,4.53624200820923,0,2.08177140589396,0,0.0458985660197998
2017,10,24,11.9010801315308,0,8.21825226931105,0,0.0696566343340134
2017,10,25,0.666008710861206,0,6.30764114675549,0,0.15164724455881
2017,10,26,0.259209990501404,0,0.493137543358898,0,0.179954730209788
2017,10,27,1.98014569282532,0,1.01844491090014,0,0.138504483363713
2017,10,28,10.5694522857666,0,6.15869627620123,-2.27373675443232e-13,0.123339758907832
2017,10,29,0.440141886472702,0,5.54972431186616,2.27373675443232e-13,0.259822279010761
2017,10,30,0.529164850711823,0,0.484375160551281,0,0.209273197491158
2017,10,31,1.72573709487915,0,1.12702503258333,0,0.161757060862731
2017,11,1,4.44035339355469,0,3.02506013672974,0,0.161757060862731
2017,11,2,12.5240173339844,0,8.48192123100307,0,1.83998656731356
2017,11,3,4.70382785797119,0,8.61402076789091,0,3.0329448911762
2017,11,4,0.0500070825219154,0,2.41119816898572,2.27373675443232e-13,1.57713134341162
2017,11,5,8.23039817810059,0,4.08594457607251,-2.27373675443232e-13,5.44919098781324
2017,11,6,44.3058967590332,2.27373675443232e-13,25.12219912609,0,30.7338415639188
2017,11,7,6.38851928710938,-2.27373675443232e-13,25.3584402997658,0,5.5300695182446
2017,11,8,0.197489812970161,0,3.30119021138671,0,2.95206636074483
2017,11,9,2.20639740291517e-05,0,0.0992954845132772,0,1.75910803688219
2017,11,10,0.00489965360611677,0,0.00241782339435304,0,1.18284850755872
2017,11,11,0.0027048101183027,0,0.00385244083736325,0,0.870455183767569
2017,11,12,0.804876625537872,0,0.36362439043296,0.00136310545281049,0.743071498338169
2017,11,13,1.95118176937103,0,1.36914977989363,-2.27373675443232e-13,0.633885482255825
2017,11,14,0.00208564335480332,0,1.01513118269941,0,0.539864190629363
2017,11,15,2.07987356185913,0,1.03829493543162,2.27373675443232e-13,0.612654868017592
2017,11,16,7.91867828369141,0,4.96654623147333,-2.27373675443232e-13,1.40526446624497
2017,11,17,0.0423924066126347,0,3.98985623873887,0,0.997838869196969
2017,11,18,6.44018936157227,0,3.08994793184684,0,2.87118783031347
2017,11,19,14.8560743331909,2.27373675443232e-13,10.5889229542445,0,12.5361722168616
2017,11,20,0.152015045285225,-2.27373675443232e-13,7.51020656402397,0,3.09360378899972
2017,11,21,0.00791680905967951,0,0.0805669397232123,0.000542597484354701,1.68833932275475
2017,11,22,0.250554203987122,0,0.119384471065132,0,1.14240924234303
2017,11,23,0.00328630162402988,0,0.135683314758353,0,0.884608926593058
2017,11,24,0.000292687065666541,0,0.0017894980192068,0.000613793784395966,0.773400947249931
2017,11,25,0.00276183988898993,0,0.00146204426710028,0,0.676346710732292
2017,11,26,0.0025221286341548,0,0.00264643070840975,0,0.556039896715636
2017,11,27,1.76884746551514,0,0.874988250085153,0,0.490326090740152
2017,11,28,0.00252508209086955,0,0.887054510036251,0,0.45494173367643
2017,11,29,0.00256768194958568,0,0.00254718142241472,0,0.415513450091139
2017,11,30,0.929889500141144,0,0.449055095668882,0,0.394282835852906
2017,12,1,0.899061143398285,0,0.914584083548107,-2.27373675443232e-13,0.380129093027417
2017,12,2,0.0697885602712631,0,0.507132251863368,2.27373675443232e-13,0.345755717594087
2017,12,3,9.12147297640331e-05,0,0.0375804236900876,0,0.330590993138206
2017,12,4,0.178760230541229,0,0.0869448788216687,0,0.31340430542154
2017,12,5,9.59053516387939,0,4.75110337186925,0,0.380129093027417
2017,12,6,0.240710496902466,0,4.91802554798051,0,0.524699466173482
2017,12,7,0.00295874709263444,0,0.126128261574195,0,0.434722101068588
2017,12,8,0.00275949598290026,0.00137851293402491,0.00148069776332704,0,0.371030258353888
2017,12,9,0.158799961209297,0.080678732849492,0,0,0.333623938029382
2017,12,10,0.266130924224854,0.174206142143476,0.0357251604291378,0,0.289140746292131
2017,12,11,0,0.0969085371971232,0.0380210220901063,0,0.272965040205858
2017,12,12,0.0607931353151798,0,0.0298525566540775,0,0.256789334119585
2017,12,13,0.0371530093252659,0.0138205940274929,0.0353033945939387,0,0.22039399542547
2017,12,14,0.0405952371656895,0.014250332587153,0.0245929323355085,0,0.234547738250959
2017,12,15,0.00870566628873348,0.00379964575768099,0.0211367650554166,0,0.213317124012726
2017,12,16,0.000722928496543318,0.00396901626550061,0.000848424402647652,0,0.219383013795078
2017,12,17,0.216700658202171,0,0.0886362810633727,0.425203284562031,0.230503811729391
2017,12,18,0.508047759532929,0,0.352385630438221,0,0.226459885207823
2017,12,19,0.209738492965698,0,0.369889776018681,0,0.224437921947039
2017,12,20,0.00221798149868846,0,0.0952210268369527,0,0.218372032164686
2017,12,21,0,0,0.000960737750574481,0,0.211295160751942
2017,12,22,0.495402872562408,0,0.264243968122173,0,0.21028417912155
2017,12,23,16.6439380645752,0,8.53478736618854,0,0.498413943783289
2017,12,24,1.80729389190674,0,9.22889928537916,0,1.35471538472537
2017,12,25,2.40369009971619,1.14601163493285,0.945627145374601,0,0.808785304313653
2017,12,26,0.0865961834788322,1.42440501829969,0,0,0.549974006933284
2017,12,27,0.431996405124664,0.252644296393783,0,0,0.257800315749977
2017,12,28,0.000121729899547063,0.238386639535975,0,0,0.206240252599981
2017,12,29,0.516973376274109,0.242252633979206,0,0,0.203207307708805
2017,12,30,1.8251017332077,1.07875968899657,0,0,0.201185344448021
2017,12,31,0.184492245316505,1.09615902718178,0,0,0.199163381187237
2018,1,1,0.617321789264679,0.375474788298561,0,0,0.194108473035277
2018,1,2,0.0136803779751062,0.339184655269264,0,-2.27373675443232e-13,0.187031601622532
2018,1,3,0.104522839188576,0.0495970489466799,0,2.27373675443232e-13,0.18602061999214
2018,1,4,0.191101625561714,0.158778905232339,0,2.27373675443232e-13,0.18602061999214
2018,1,5,0.000572128396015614,0.0795039389445265,0,-2.27373675443232e-13,0.18602061999214
2018,1,6,0,0.000328059951016257,0,0,0.187031601622532
2018,1,7,0,0,0,0,0.226459885207823
2018,1,8,7.2994532585144,0.0618934290598645,3.32307979043253,-4.54747350886464e-13,0.417535413351923
2018,1,9,0.181356370449066,0.0676604786640382,3.72213450692652,-1.13686837721616e-12,0.714764012687191
2018,1,10,0.533503592014313,0,0.337677706949762,1.55080061515491,1.32438593581361
2018,1,11,1.10944843292236,0,0.820738242291554,5.211395775764,1.65800987384299
2018,1,12,28.1289176940918,0,14.5955445150321,0,11.4240924234303
2018,1,13,8.13038635253906,4.06259305879621,14.0734545437372,-2.27373675443232e-13,4.9437001726172
2018,1,14,0.265260547399521,4.24703826451423,0,2.27373675443232e-13,1.83998656731356
2018,1,15,2.73315358161926,1.47279933717346,0,0,1.10196997712735
2018,1,16,3.05498909950256,2.92645262362635,0,0,0.599512106822495
2018,1,17,0.0363855324685574,1.60594842739647,0,0,0.563116768128381
2018,1,18,0.0034070669207722,0.0166593916444526,0,0,0.556039896715636
2018,1,19,0.0046975607983768,0.00398056117592205,0,0,0.573226584432301
2018,1,20,0.0173054952174425,0.00249531601525632,0.00811292034632061,0,0.593446217040143
2018,1,21,0.166100218892097,0,0.0904850883744075,2.15663369756476,0.888652853114626
2018,1,22,1.14217507839203,0,0.651051214292238,5.96831493396121,3.89227927700945
2018,1,23,6.10169887542725,0,3.58336435371166,6.1803740722321,4.39777009220549
2018,1,24,0.635010838508606,0,3.37056163857778,0.0304728422738663,2.4465755455488
2018,1,25,0.0749814510345459,0.00357381744379381,0.35676789732679,0,1.50636262928418
2018,1,26,0.0014466003049165,0.00369729793624174,0.0350609411543701,0,1.19295832386264
2018,1,27,4.09146165847778,0,2.03213416851213,0,2.46679517815664
2018,1,28,10.0638132095337,0,7.07573287948617,2.27373675443232e-13,5.71204621171517
2018,1,29,0.0354865305125713,0,5.05659823338647,-4.54747350886464e-13,2.36569701511743
2018,1,30,0.257561594247818,0.0761883510315329,0.0696521066274727,0,1.42548409885281
2018,1,31,0.00240387348458171,0.0769147202393015,0.0534914027666673,0,1.09186016082343
2018,2,1,0.0365777090191841,0,0.019463869080937,0.0793386292752984,0.941223897895013
2018,2,2,0.148343592882156,0.0733229853669855,0.0184981494603562,0,0.708698122904838
2018,2,3,0.0392966233193874,0.101748288454701,0,0,0.601534070083279
2018,2,4,0.952619910240173,0.0196679221724025,0.475834561511874,0,0.626808610843081
2018,2,5,0.74825119972229,0.370193826843888,0.481315607314173,0,0.452919770415646
2018,2,6,0.860180139541626,0.800278719377275,0,0,0.418546394982315
2018,2,7,4.26407527923584,2.5150586134796,0,0,0.392260872592122
2018,2,8,0.140775084495544,2.30591320255985,0,0,0.36698633183232
2018,2,9,0.00387911312282085,0.0832593615464248,0.00158486849250039,0,0.39630479911369
2018,2,10,0.00304709328338504,-2.27373675443232e-13,0.00350952919689007,1.08517785621052,0.417535413351923
2018,2,11,0.993517220020294,0,0.497701001964742,1.22292792343319,0.428656211286236
2018,2,12,1.61685073375702,0.617978705496398,0.669464203419921,0,0.397315780744082
2018,2,13,0.0061462689191103,0.726423965257709,0.172277902245696,2.27373675443232e-13,0.340700809442126
2018,2,14,1.63525295257568,0.000215893776385201,0.814730161328043,1.44149068354341,0.349799644115655
2018,2,15,6.5330228805542,0,4.06676473391417,3.97113550411359,0.478194311175447
2018,2,16,26.1818046569824,0,16.3550746221226,-2.27373675443232e-13,16.9844913905867
2018,2,17,1.05705785751343,0,13.6859870782646,2.27373675443232e-13,5.41886153890147
2018,2,18,2.32991433143616,0,1.68400577279681,0,3.38678846181342
2018,2,19,0.823936700820923,0,1.57727551316202,0,2.27470866838215
2018,2,20,0.449045032262802,0,0.640083507416421,0,1.82987675100964
2018,2,21,13.2831172943115,0,6.86570192436921,0,2.97228599335267
2018,2,22,24.1592350006104,0,18.721131317885,0,18.602061999214
2018,2,23,8.96140193939209,0,16.5677351480917,-2.27373675443232e-13,8.59334385833256
2018,2,24,17.7279968261719,0,13.328509415689,2.27373675443232e-13,17.0855895536259
2018,2,25,33.8962821960449,0,25.7928815026826,2.27373675443232e-13,30.4305470748012
2018,2,26,1.02210116386414,0,17.5023475405324,0,5.56039896715636
2018,2,27,0.0424716249108315,0,0.566726442870277,0,2.99250562596052
2018,2,28,0.498424023389816,0,0.259277831952204,2.27373675443232e-13,2.02196326078413
2018,3,1,8.91167545318604,0,4.66649509917625,0,5.63116768128381
2018,3,2,5.8657808303833,0,7.59454629119136,-2.27373675443232e-13,5.91424253779359
2018,3,3,0.000916158722247928,0,2.93391532832175,0,2.38591664772528
2018,3,4,0.00318369944579899,0,0.00201235818531131,0,1.58724115971554
2018,3,5,0.0544746220111847,0,0.0287041949632112,0,1.25361722168616
2018,3,6,0.888768672943115,0,0.366355107507843,0,1.09186016082343
2018,3,7,0.526048541069031,0,0.707436884731578,0,0.904828559200899
2018,3,8,0.44794288277626,0,0.487312875426142,0,0.750148369750913
2018,3,9,0.0469182766973972,0,0.249518234006246,0,0.660171004646019
2018,3,10,0.0976083874702454,-2.27373675443232e-13,0.0712445990138804,-2.27373675443232e-13,0.605577996604847
2018,3,11,0.0398856997489929,2.27373675443232e-13,0.0716259621040081,2.27373675443232e-13,0.549974006933284
2018,3,12,0.0972976386547089,0,0.0642795787571231,0,0.507512778456817
2018,3,13,0.104359567165375,0,0.101075188867981,0,0.480216274436231
2018,3,14,0.330663293600082,0,0.216710883141786,0,0.443820935742117
2018,3,15,0.00406334223225713,0,0.1674852011638,-2.27373675443232e-13,0.43067817454702
2018,3,16,0.025634104385972,0,0.0131056273894501,2.27373675443232e-13,0.412480505199963
2018,3,17,5.39878940582275,0,2.69328950183262,0,0.399337744004866
2018,3,18,0.0435956306755543,0,2.83838035000372,0,0.394282835852906
2018,3,19,1.31616485118866,0,0.637775394992787,0,0.362942405310752
2018,3,20,6.33308458328247,0,3.81801124272897,0,0.40135970726565
2018,3,21,8.96163368225098,0,7.6296769790788,0,0.476172347914663
2018,3,22,0.302434980869293,0,4.64201635655627,0,0.508523760087209
2018,3,23,0.00177728687413037,0,0.152500313437486,-2.27373675443232e-13,0.845180643007767
2018,3,24,3.68868064880371,0,1.84107308289822,2.27373675443232e-13,1.02109144669599
2018,3,25,9.28657054901123,0,6.48749511324422,0,0.989751016153833
2018,3,26,0.0738671645522118,0,4.69456306652137,0,1.76921785318612
2018,3,27,8.14693069458008,0,4.03920882594684,0,3.10371360530364
2018,3,28,19.0512161254883,0,13.5792504911806,0,11.0196997712735
2018,3,29,9.51978015899658,0,14.2885099078558,0,14.8614299667634
2018,3,30,24.2108993530273,0,16.8480236155156,0,18.8042583252924
2018,3,31,1.32500660419464,0,12.7766343560797,0,5.31776337586227
2018,4,1,2.63512754440308,0,1.97479507694516,0,3.93271854222514
2018,4,2,4.88784646987915,0,3.66180699652614,0,2.65888168793113
2018,4,3,38.8213958740234,0,21.8460469541169,0,48.0216274436231
2018,4,4,20.6943359375,0,29.8595459949138,2.27373675443232e-13,22.039399542547
2018,4,5,0,0,10.3624868171319,0,4.26634248025452
2018,4,6,0.111053302884102,0,0.0539182597494801,0,2.61844242271545
2018,4,7,0.618913590908051,0,0.362594545178581,0,1.73888840427435
2018,4,8,0.0343181490898132,2.27373675443232e-13,0.405947516657761,0,1.28394667059792
2018,4,9,1.36453175544739,-2.27373675443232e-13,0.672486760922766,0,1.05142089560775
2018,4,10,0.0913559123873711,-2.27373675443232e-13,0.728534282949113,0,0.873488128658745
2018,4,11,0.000156538546434604,2.27373675443232e-13,0.0469049281891785,0,0.765313094206794
2018,4,12,0,0,7.88189645390958e-05,0,0.703643214752878
2018,4,13,0.000556244165636599,0,0.000276220780506264,0,0.648039225081314
2018,4,14,2.78881549835205,0,1.29243959547603,0,0.628830574103865
2018,4,15,19.1377201080322,0,10.9631422756211,0,5.97490143561711
2018,4,16,7.3233962059021,0,13.2529666762057,0,4.78194311175447
2018,4,17,0.67322313785553,0,4.02035694273218,0,2.08262215860766
2018,4,18,0.229003548622131,0,0.452224770699104,0,1.40526446624497
2018,4,19,0.14825651049614,0,0.188795927198953,0,1.06153071191167
2018,4,20,0.000476555112982169,0,0.0757987424731255,0,0.811818249204829
2018,4,21,0.00210924213752151,-2.27373675443232e-13,0.00127535159845138,-2.27373675443232e-13,0.713753031056799
2018,4,22,0.000664906983729452,2.27373675443232e-13,0.0013889956753701,2.27373675443232e-13,0.660171004646019
2018,4,23,1.96732985973358,0,0.97726448065805,0,0.697577324970526
2018,4,24,10.9725542068481,0,6.30790312337922,0,0.912916412244036
2018,4,25,2.53972291946411,0,6.76081814850477,0,1.15251905864696
2018,4,26,0.00486769340932369,0,1.28073579325428,0,0.89572972452737
2018,4,27,0.0376673266291618,0,0.0195547750918195,0,0.756214259533265
2018,4,28,0.00037948862882331,0,0.0190681443054928,0,0.652083151602883
2018,4,29,0.00273370114155114,0,0.00157876571029192,0,0.5479520436725
2018,4,30,0.0028072923887521,0,0.00276850321097299,0,0.497402962152896
2018,5,1,0.0026706128846854,0,0.00273138986085542,0,0.476172347914663
2018,5,2,0.0128579419106245,0,0.00865961676754523,0,0.451908788785254
2018,5,3,1.12956523895264,0,0.516780066376668,0,0.450897807154861
2018,5,4,4.78075170516968,0,2.74590425927454,0,0.452919770415646
2018,5,5,1.26189947128296,0,3.09011655117502,0,0.43573308269898
2018,5,6,0.40029302239418,0,0.790120778641722,0,0.395293817483298
2018,5,7,1.30204153060913,0,0.775074919554754,0,0.375074184875456
2018,5,8,0.00154271663632244,0,0.722242950905638,0,0.341711791072518
2018,5,9,0.461447983980179,0,0.206176877494727,0,0.326547066616637
2018,5,10,5.18140935897827,0,2.65466357715195,0,0.37204123998428
2018,5,11,0.0548156425356865,2.27373675443232e-13,3.14429284971993,0,0.387205964440161
2018,5,12,0.357020974159241,-2.27373675443232e-13,0.24409478076268,0,0.330590993138206
2018,5,13,0.14117169380188,0,0.229332306756987,0,0.312393323791148
2018,5,14,0.353489279747009,0,0.2529971410695,0,0.296217617704875
2018,5,15,0.35806879401207,0,0.355734158780251,0,0.284085838140171
2018,5,16,2.25873017311096,-2.27373675443232e-13,1.0806604704776,0,0.277008966727426
2018,5,17,1.47996652126312,2.27373675443232e-13,1.91415278796921,0,0.283074856509778
2018,5,18,3.101393699646,0,2.2743609419922,0,0.266899150423505
2018,5,19,6.53541564941406,0,4.71391912861873,0,0.288129764661739
2018,5,20,4.86285591125488,0,5.84643128175958,0,0.311382342160756
2018,5,21,3.50280094146729,0,4.10513636949327,0,0.402370688896042
2018,5,22,10.5369863510132,0,6.42031845094607,0,1.54680189449986
2018,5,23,1.36092591285706,0,6.0037042473341,0,0.926059173439132
2018,5,24,7.17677030479536e-05,0,0.695598162477836,0,0.57727051095387
2018,5,25,0.0423428080976009,0,0.0203023965368629,0,0.453930752046038
2018,5,26,1.84809684753418,0,0.84105901489238,0,0.405403633787218
2018,5,27,7.57966375350952,0,4.60064909327775,0,0.601534070083279
2018,5,28,0.0538201220333576,2.27373675443232e-13,3.83291830393137,2.27373675443232e-13,0.649050206711706
2018,5,29,2.46237268584082e-05,-2.27373675443232e-13,0.0292537879358861,-2.27373675443232e-13,0.433711119438196
2018,5,30,2.15559244155884,0,1.04396610036201,0,0.377096148136241
2018,5,31,10.1346769332886,0,5.36124004594603,0,0.385184001179377
2018,6,1,8.72652244567871,0,9.43452840663667,0,1.16262887495088
2018,6,2,4.69140100479126,0,6.73431663528754,-2.27373675443232e-13,3.40700809442126
2018,6,3,3.66259336471558,0,4.19879161629069,4.54747350886464e-13,2.7903092998821
2018,6,4,0.189277768135071,0,1.93759822574066,-4.54747350886464e-13,1.31427611950969
2018,6,5,0.0169389471411705,-2.27373675443232e-13,0.10007451432466,2.27373675443232e-13,0.841136716486199
2018,6,6,0.9152592420578,2.27373675443232e-13,0.548933980688162,0,0.623775665951905
2018,6,7,0.192226633429527,0,0.514764543098863,0,0.491337072370544
2018,6,8,4.37125778198242,0,2.24016689108248,0,0.397315780744082
2018,6,9,2.98726797103882,0,3.74490833644813,0,0.340700809442126
2018,6,10,5.94285154342651,0,4.4385457117387,0,0.371030258353888
2018,6,11,17.5462436676025,0,11.7438894388833,0,1.30416630320577
2018,6,12,11.9392871856689,0,14.7684315484803,0,1.67822950645083
2018,6,13,5.1409182548523,0,8.55579210113501,-2.27373675443232e-13,3.39689827811734
2018,6,14,9.91066455841064,0,7.51067939108179,2.27373675443232e-13,4.17535413351923
2018,6,15,0,0,4.99645176568447,0,1.49625281298026
2018,6,16,0.406169950962067,0,0.184581182838883,0,0.940212916264621
2018,6,17,0.680574715137482,0,0.541363356314832,0,0.677357692362684
2018,6,18,0.0147205973044038,0,0.390630685731594,0,0.521666521282306
2018,6,19,0.543386340141296,0,0.258945646855864,0,0.43067817454702
2018,6,20,5.33422183990479,0,3.00881423782266,2.27373675443232e-13,0.89572972452737
2018,6,21,14.7065172195435,0,9.92887372971745,-2.27373675443232e-13,5.62105786497989
2018,6,22,24.5371341705322,-2.27373675443232e-13,19.6142499506241,0,20.7251234230374
2018,6,23,4.69288730621338,2.27373675443232e-13,14.6368978003229,0,5.00435907044073
2018,6,24,0.402082294225693,0,2.57056794595701,0,2.31514793359783
2018,6,25,0.00287171103991568,0,0.207676589780021,0,1.36482520102929
2018,6,26,3.72873950004578,0,1.78939196399733,0,1.34460556842145
2018,6,27,14.9381875991821,0,9.00714031355892,0,4.15513450091139
2018,6,28,0.190800577402115,0,7.69638578609738,0,1.57713134341162
2018,6,29,6.44726969767362e-05,0,0.10063526295562,0,0.964476475394031
2018,6,30,0.0021805134601891,0,0.00105224555591121,0,0.702632233122486
2018,7,1,0.362788945436478,0,0.179880100462469,0,0.563116768128381
2018,7,2,1.52822828292847,0,0.924347150597896,0,0.475161366284271
2018,7,3,2.42370247840881,0,1.91727844851994,0,0.404392652156826
2018,7,4,6.22931861877441,0,4.24170659320953,0,0.64601726182053
2018,7,5,0.102047979831696,0,3.20760694374621,0,0.482238237697016
2018,7,6,4.10411310195923,0,1.96195679913944,0,0.36698633183232
2018,7,7,2.7469190172269e-05,0,2.19162540008256,0,0.334634919659774
2018,7,8,6.90279994159937e-05,0,5.16363870701753e-05,2.27373675443232e-13,0.274987003466642
2018,7,9,0,0,3.49136025761254e-05,-2.27373675443232e-13,0.23960264640292
2018,7,10,1.84060752391815,0,0.846216669757268,0,0.214328105643118
2018,7,11,1.33791744709015,2.27373675443232e-13,1.59128087657882,2.27373675443232e-13,0.242635591294096
2018,7,12,1.05147171020508,-4.54747350886464e-13,1.21108650838141,-4.54747350886464e-13,0.203207307708805
2018,7,13,0.00231046508997679,2.27373675443232e-13,0.658623252726102,2.27373675443232e-13,0.171866877166651
2018,7,14,0.146355196833611,0,0.0897703546652338,0,0.150636262928418
2018,7,15,0.324913173913956,0,0.247927814038121,0,0.138504483363713
2018,7,16,0.135639324784279,0,0.232870887317404,0,0.125361722168616
2018,7,17,4.98020124435425,0,2.52589430292574,0,0.114240924234303
2018,7,18,0.0030832551419735,0,2.63895532237802,0,0.103120126299991
2018,7,19,0.00902487896382809,0,0.00582633353042183,0,0.0948300769307758
2018,7,20,12.6899089813232,0,5.98567829364765,0,0.177932766949004
2018,7,21,20.3857727050781,-2.27373675443232e-13,16.2874696787185,-2.27373675443232e-13,0.42562326639506
2018,7,22,10.4852752685547,2.27373675443232e-13,15.5077672514817,2.27373675443232e-13,0.431689156177412
2018,7,23,3.6514003276825,0,7.54996250177646,0,0.363953386941144
2018,7,24,0.056587390601635,0,1.86020389853365,0,0.238591664772528
2018,7,25,0.000405888131354004,0,0.0301148917133105,-2.27373675443232e-13,0.185009638361748
2018,7,26,1.98506915569305,0,0.932409095585172,2.27373675443232e-13,0.149625281298026
2018,7,27,1.85048604011536,0,1.91811792706721,0,0.278019948357818
2018,7,28,0.00796784367412329,-2.27373675443232e-13,0.930433322500903,0,0.221404977055862
2018,7,29,0.0249181780964136,2.27373675443232e-13,0.0181060744798742,0,0.159735097601946
2018,7,30,4.48475742340088,-2.27373675443232e-13,2.08906383371505,0,0.135471538472537
2018,7,31,20.5621948242188,2.27373675443232e-13,12.5222561357077,0,0.233536756620567
2018,8,1,15.8455476760864,0,18.2039679277295,0,0.677357692362684
2018,8,2,0.0740005671977997,0,7.99617440072325,0,0.306327434008796
2018,8,3,0.00374078005552292,0,0.040030169126112,0,0.214328105643118
2018,8,4,0.315292656421661,0,0.154300222558959,0,0.162768042493123
2018,8,5,0.167536824941635,0,0.250030578317819,0,0.131427611950969
2018,8,6,0,0,0.0938809420913458,0,0.107164052821559
2018,8,7,12.1478843688965,0,5.78639936672698,0,0.106153071191167
2018,8,8,5.99077367782593,0,9.14858922055282,0,0.11727386912548
2018,8,9,3.0107946395874,0,4.53797439611662,0,0.115251905864696
2018,8,10,0.127050548791885,0,1.66216788195743,0,0.0902806595940115
2018,8,11,0.976361572742462,0,0.542451284905837,0,0.0932125063221485
2018,8,12,1.72887587547302,0,1.33795069406915,0,0.0793620579857772
2018,8,13,0.452282816171646,0,1.1179041140349,0,0.0642984316929354
2018,8,14,0.00349223217926919,0,0.189868530680542,0,0.0655116096494059
2018,8,15,1.61837387084961,0,0.737914102413924,0,0.0750148369750913
2018,8,16,27.8032741546631,0,14.3413591374192,0,0.0748126406490129
2018,8,17,12.4438982009888,-2.27373675443232e-13,20.1238752178906,0,0.0878543036810705
2018,8,18,10.2501516342163,2.27373675443232e-13,11.3765925138723,0,0.0909883467352859
2018,8,19,0.0629147067666054,0,5.28881192686822,2.27373675443232e-13,0.107164052821559
2018,8,20,1.79008424282074,0,0.769984028818726,-2.27373675443232e-13,0.100794868550089
2018,8,21,12.7652244567871,0,7.20070789858437,0,1.29405648690184
2018,8,22,2.19401121139526,0,7.64395177225379,0,0.580303455845046
2018,8,23,2.31833964789985e-05,0,1.10851516311232,0,0.283074856509778
2018,8,24,0,-2.27373675443232e-13,1.28366154967807e-05,0,0.182987675100964
2018,8,25,2.15320301055908,2.27373675443232e-13,0.976331139514514,0,0.152658226189202
2018,8,26,13.5724296569824,0,7.80172545832465,0,4.3067817454702
2018,8,27,0.0413377210497856,0,6.82683536654804,0,0.886630889853842
2018,8,28,0.0484795719385147,0,0.0450652234867448,0,0.383162037918593
2018,8,29,0.2635717689991,0,0.149239713704446,0,0.245668536185272
2018,8,30,1.81777739524841,0,0.996672803506954,2.27373675443232e-13,0.187031601622532
2018,8,31,0.158856421709061,0,1.00558329091291,-2.27373675443232e-13,0.142548409885281
2018,9,1,2.29336214065552,2.27373675443232e-13,1.21261873280309,0,0.140526446624497
2018,9,2,4.73396492004395,-2.27373675443232e-13,3.43662048414262,0,0.170855895536259
2018,9,3,0.188727676868439,0,2.55894484295277,0,0.193097491404885
2018,9,4,0.258628934621811,0,0.226911693076545,0,0.152658226189202
2018,9,5,0.676436722278595,0,0.523315372418438,0,0.112218960973519
2018,9,6,2.26997351646423,0,1.33361969955877,0,0.0958410585611679
2018,9,7,4.08804512023926,0,2.95915374949982,2.27373675443232e-13,0.0840125734855807
2018,9,8,44.7189865112305,2.27373675443232e-13,22.9330956425256,-2.27373675443232e-13,4.83249219327408
2018,9,9,60.3898277282715,-2.27373675443232e-13,52.5528508923162,0,15.5691171080378
2018,9,10,2.31844234466553,-2.27373675443232e-13,31.4408889523475,0,4.40787990850941
2018,9,11,0.0541298128664494,2.27373675443232e-13,1.22365024151077,0,2.01185344448021
2018,9,12,0.00284176040440798,0,0.0326279477521894,0,1.1727386912548
2018,9,13,1.31158330987091e-05,0,0.00144828180054901,0,0.790587634966596
2018,9,14,0.0212986990809441,0,0.0105646972951945,0,0.575248547693086
2018,9,15,0.00692530302330852,0,0.0143651450489415,0,0.443820935742117
2018,9,16,0.000174157685250975,0,0.00358389543544035,0,0.36193142368036
2018,9,17,0.0546923726797104,0,0.0263754576881183,0,0.310371360530364
2018,9,18,0.562355041503906,0,0.28332437100471,0,0.275997985097034
2018,9,19,0.267922520637512,0,0.416807132292888,0,0.247690499446056
2018,9,20,0,0,0.147139786175103,0,0.225448903577431
2018,9,21,0.167605623602867,0,0.0892903711719555,0,0.207251234230374
2018,9,22,0.18097086250782,0,0.174239507738093,0,0.183998656731356
2018,9,23,0.726754486560822,0,0.387050349068886,0,0.170855895536259
2018,9,24,10.3500995635986,0,4.52327567749308,0,0.188042583252924
2018,9,25,14.1946544647217,0,12.2699779135874,0,0.243646572924488
2018,9,26,8.6591796875,0,11.533357701941,0,1.60746079232339
2018,9,27,0.129932731389999,0,4.39665513376531,0,1.61757060862731
2018,9,28,0.262731730937958,0,0.195081689416838,0,0.82698297366071
2018,9,29,0.000172613115864806,0,0.147383968687791,0,0.550984988563676
2018,9,30,4.16225566368667e-06,0,8.91508971108124e-05,0,0.419557376612707
2018,10,1,0.00656377756968141,0,0.00325497303128941,0,0.354854552267615
2018,10,2,0.368005484342575,0,0.176677433431905,0,0.311382342160756
2018,10,3,0.310101896524429,0,0.341017727667349,0,0.289140746292131
2018,10,4,2.68408489227295,0,1.40199536927685,0,0.272965040205858
2018,10,5,0.698291599750519,0,1.82069992559263,0,0.255778352489193
2018,10,6,3.3053605556488,0,1.91870337630826,-2.27373675443232e-13,0.23960264640292
2018,10,7,0.132155284285545,0,1.87026490004791,2.27373675443232e-13,0.228481848468607
2018,10,8,0.362956702709198,0,0.24037800131191,0,0.203207307708805
2018,10,9,0.0444722548127174,0,0.189813274068001,2.27373675443232e-13,0.182987675100964
2018,10,10,0.789783656597138,-2.27373675443232e-13,0.363462691915629,-4.54747350886464e-13,0.177932766949004
2018,10,11,2.05533003807068,4.54747350886464e-13,1.33970815160137,2.27373675443232e-13,0.18096571184018
2018,10,12,0.434970289468765,-2.27373675443232e-13,1.40562725614291,0,0.177932766949004
2018,10,13,2.00005221366882,0,1.10155308023241,0,0.169844913905867
2018,10,14,1.80486154556274,0,1.91189787386975,0,0.160746079232338
2018,10,15,2.82183885574341,0,2.24480263947771,2.27373675443232e-13,0.165800987384299
2018,10,16,0.250527560710907,0,1.84578304414754,-2.27373675443232e-13,0.165800987384299
2018,10,17,0,0,0.0959493785558152,0,0.147603318037242
2018,10,18,3.36057837557746e-06,0,1.97077315533534e-06,0,0.126372703799008
2018,10,19,0.187897890806198,0,0.10408454942808,0,0.118284850755872
2018,10,20,0.959834039211273,0,0.561698098914349,0,0.116262887495088
2018,10,21,0.00989451073110104,0,0.515389676562336,0,0.110196997712735
2018,10,22,6.97013238095678e-05,0,0.00625310819305014,0,0.109186016082343
2018,10,23,0,0,2.92607437586412e-05,0,0.109186016082343
2018,10,24,7.20649914001115e-05,0,3.30837283399887e-05,0,0.104131107930383
2018,10,25,0.00179523776751012,0,0.000758323512854986,0,0.0986718071262656
2018,10,26,3.44715046882629,0,1.50729338844394,0,0.114240924234303
2018,10,27,5.18173503875732,0,4.23013663817255,0,0.130416630320577
2018,10,28,0.218435451388359,-2.27373675443232e-13,2.87425716701546,0,0.136482520102929
2018,10,29,0.207563117146492,2.27373675443232e-13,0.21143091666454,0,0.1273836854294
2018,10,30,0.013959021307528,0,0.116400067468931,0,0.110196997712735
2018,10,31,2.76699614524841,0,1.2209381402281,0,0.260833260641153
2018,11,1,48.4756011962891,0,23.2601092676996,0,23.8591664772528
2018,11,2,28.6380100250244,0,38.5687964226963,0,23.6569701511743
2018,11,3,0.205257147550583,0,14.4217253133975,0,5.26721429434266
2018,11,4,0.254227250814438,0,0.229298710139119,0,2.9823958096566
2018,11,5,2.69068145751953,0,1.45778086849896,0,2.05229270969589
2018,11,6,10.4368743896484,0,6.09083373583417,0,3.57887497158791
2018,11,7,0.0501284413039684,0,5.2435133029212,0,2.4465755455488
2018,11,8,0.00572722963988781,0,0.0279964449146064,0,1.5164724455881
2018,11,9,1.67616260051727,0,0.839956914380309,0,1.18284850755872
2018,11,10,0.118891336023808,0.00421886942899619,0.896525244010263,0,0.947289787677366
2018,11,11,0.00286814826540649,0.00439970724369232,0.0578576083644293,0,0.76329113094601
2018,11,12,0.000154586159624159,6.47660381218884e-05,0.0014572656218661,2.27373675443232e-13,0.681401618884253
2018,11,13,0.0962758287787437,0,0.0423016026543337,-2.27373675443232e-13,0.6116438863872
2018,11,14,0.145223304629326,0.0465187256111221,0.0741495871698135,0,0.537842227368579
2018,11,15,17.8872833251953,1.86667770742974,7.14910143936868,0,1.20306814016656
2018,11,16,0.729471564292908,1.82657489004714,7.51232707240706,0,2.87118783031347
2018,11,17,0.0418502353131771,0,0.421001704933587,0.563824622527363,1.63779024123515
2018,11,18,0.0945553183555603,-2.27373675443232e-13,0.0680332507399726,2.15588332652533,1.2232877727744
2018,11,19,7.05150747299194,2.27373675443232e-13,3.57299337331642,0.988166787255977,1.57713134341162
2018,11,20,1.66428112983704,0,4.37967409342673,0,2.33536756620567
2018,11,21,0.0734288468956947,0,0.881119380603195,0,1.44570373146065
2018,11,22,0,0,0.0367522388551151,0,1.09186016082343
2018,11,23,0.341547191143036,0,-0.245240409014514,0,0.965487457024423
2018,11,24,8.78434085845947,0,2.87290052140452,0,1.95119454665669
2018,11,25,0.730891287326813,0,4.75783549517655,0,2.3960264640292
2018,11,26,5.29403018951416,0,2.68016451279982,0,3.40700809442126
2018,11,27,0.795896351337433,0.0741415478698855,2.9883481865254,0,2.37580683142136
2018,11,28,0.16529643535614,0.157337470198854,0.324635660916101,0,1.47603318037242
2018,11,29,0.125560030341148,0.104857342073956,0.0422274137963541,0,1.15251905864696
2018,11,30,0.0846384391188622,0.0168260005068532,0.0884132728533587,0.367613437985028,1.02109144669599
2018,12,1,14.8964977264404,0,5.84840558858559,0,8.46191624638159
2018,12,2,13.2011108398438,0,14.0491042420326,0,7.72389965619538
2018,12,3,0.126794695854187,0,6.66460803666996,0,2.93184672813699
2018,12,4,0.264243066310883,0,0.194996744554373,0,1.75910803688219
2018,12,5,0.917578816413879,0,0.581642630386341,0,1.35471538472537
2018,12,6,0.211628571152687,0.000136100323743449,0.565335954684997,0,1.10196997712735
2018,12,7,0.796428859233856,0.207961881332267,0.295983626361704,0,0.956388622350894
2018,12,8,0.00283848633989692,0.211198419518496,0.19222098019236,2.27373675443232e-13,0.831026900182278
2018,12,9,0,0.00151451636202182,8.5628118540626e-05,-2.27373675443232e-13,0.755203277902873
2018,12,10,0.0039322255179286,0.00165115503114066,4.78199945064262e-05,0,0.694544380079349
2018,12,11,0.00467999093234539,0.0040099939594711,0.000264947120740544,0,0.619731739430336
2018,12,12,0.00254086824133992,0.00212077863147897,0.00149188515206333,0.310655973995381,0.581314437475438
2018,12,13,0.0328934602439404,0,0.0165218621186796,0.145485225613356,0.557050878346028
2018,12,14,0.532452344894409,0,0.282486517629877,0,0.51863357639113
2018,12,15,12.3945064544678,0,5.98121239127067,0,6.88478490296997
2018,12,16,15.1123828887939,0,13.753269796558,0,9.97838869196969
2018,12,17,0.00164667528588325,0,7.55826009329758,0,3.40700809442126
2018,12,18,0.000631468545179814,0,0.00117026705993339,0,1.99163381187237
2018,12,19,0.00403195479884744,0,0.00243617645901395,0,1.4659233640685
2018,12,20,2.22947239875793,0,1.10764583927812,0,1.25361722168616
2018,12,21,8.91611003875732,0,5.45127196912654,0,3.81140074657809
2018,12,22,0.164155438542366,0,4.54279419321392,0,2.58811297380369
2018,12,23,0.0121176177635789,0,0.0903780154330889,0,1.54680189449986
2018,12,24,0.00148853927385062,0,0.00685948815225856,0,1.19295832386264
2018,12,25,0.042474988847971,0,0.0219423634407576,0.00280805383590632,0.995816905936185
2018,12,26,0.148937180638313,0,0.103445137334347,0,0.862367330724432
2018,12,27,1.6699184179306,0,0.872819368480123,0,0.836081808334239
2018,12,28,7.79781150817871,2.27373675443232e-13,4.61578053714766,0,1.48614299667634
2018,12,29,0.00281887478195131,-2.27373675443232e-13,3.90060309619003,0,1.273836854294
2018,12,30,0.00906473211944103,0,0.00592381686874433,0,0.984696108001872
2018,12,31,13.0349740982056,0,6.52186456479831,0.00211538867597483,9.17971320395996
