"pred_beta"
0.000818527699381909
0.0020561477580823
0.00326120058370404
0.00440800582684473
0.00530848556016949
0.00554300679309193
0.00521331271828197
0.00493586392640958
0.00496100491155683
0.00509185605777626
0.00511286066680335
0.00502212552534415
0.0047747607872015
0.00474926793714836
0.00456990781157854
0.00386437974370303
0.00288448870267041
0.00241996638652572
0.00310955228189557
0.00366658363290694
0.00366260608560236
0.00395960182677197
0.00298149393241055
0.00232600078430567
0.0017781526302935
0.00186055392690313
0.00164453974539311
0.00128170042728
0.00126296713751516
0.00204077998075328
0.00326524693656296
0.00428070831399592
0.00502863157039787
0.00559392551329948
0.00585222345338495
0.0061042431585835
0.00611921910196086
0.00586062875813457
0.00561187551785637
0.00538180802262895
0.00532397242355014
0.00543332440733495
0.0044897290926872
0.00347655738165388
0.00237988658321342
0.00137115354556502
0.000301577768115734
0.000149279264621436
0.000311402601708326
0.000282190158392155
-0.000241017042491447
-0.00047232308089419
-0.000370970926385923
-0.000338579721815987
-0.000460238957903148
-0.000279787840561768
0.00011500407153941
0.000355677759205146
9.22079501242471e-05
0.000107556911701148
0.000323279138681436
0.000447994650962765
0.000335237099643258
0.00011568204189142
0.000148509843265998
4.97426814426045e-06
-0.000194032899134215
-0.000339152426349032
-0.000300006064539584
-0.00023480461748097
-0.000179461079106346
-9.24671926410777e-05
-0.000150539066977195
-4.22506068439936e-05
-3.44778131468913e-05
0.000152482278664441
0.000283811904552654
0.00022944725359647
0.000383314045347474
0.000311026049954067
0.00066568868910258
0.000790998894920192
0.000642009758693569
0.000424659247030281
0.000233143109633104
0.000236504884051889
0.000227244428910337
0.000322651857331845
0.000396044633188685
0.000585225865224635
0.000361446755154554
0.000319640890838863
0.000426763061059456
0.00032498639706926
0
0
0
0
0
0
0
0
0
0
0
0
0
0
0
0
0
0
0
0
0
0
0
0
0
0
0
0
0
0
0
0
0
0
0
0
0
0
0
0
0
0
0
0
0
0
0
0
0
0
0
0
0
0
0
0
0.00078463282842583
0.00195562740390017
0.00323738380322426
0.00430853591310935
0.00518119558233924
0.00580223037428381
0.00570955532950008
0.00525254910545867
0.00490364336532661
0.00488712410146687
0.00493664692072699
0.00489193037165954
0.00470574106917236
0.00433819530613839
0.00426747025932663
0.00397472894037997
0.00321902784084031
0.00224750343182537
0.00194327886220148
0.00267346051253874
0.00327557067453071
0.00358928596064088
0.00375097813267471
0.00277255097122525
0.00210710939560812
0.00158524559195432
0.0015530542350967
0.0012998260556275
0.000896274241991053
0.000987653136363915
0.00173398668258104
0.00298977571789487
0.00415180357891284
0.00488013170889586
0.00547861499290711
0.00585184634385223
0.00619642787262708
0.00626538786512942
0.00589933168747678
0.00565032971165962
0.00546097423588913
0.00520332493325793
0.00507335936386865
0.00412966241255532
0.00308818942518108
0.00214882766780352
0.00102853470680625
-4.88256531613837e-05
3.83065869904659e-05
0.000442424683899859
0.000337437294444501
-0.000570353896943336
-0.000702363442752442
-0.000445218028565002
-0.000302328515027671
-0.000429135528234057
-0.000273685401962532
0.000390848457198144
0.000432357669214651
0.00011018761858322
0.000178694781982812
0.000363201998018579
0.000415843588304141
0.000204973339240646
0.000189539884124218
7.82869537031732e-05
-0.000105558486178245
-0.000407704056293254
-0.000646761479810983
-0.000620322674336582
-0.00049529278082174
-0.000316514587494844
-0.000101761093824466
-0.000139880496591818
5.3247193029243e-05
0.000176701102673284
0.000328857627942856
0.000517404935746045
0.000574305507463585
0.000324788075486414
0.000269589425346851
0.00060820062821665
0.000769544456436353
0.000792021398759637
0.000751406276951524
0.000405410343073944
0.000379794621534218
0.000425414812026747
0.000414049426135397
0.000377032147524767
0.000646133608057302
0.000445814469148044
0.000433999890769047
0.000596958377256981
0.000692874367872415
0.000435467828354332
0.000317273629801922
0.000396106706166786
0
0
0
0
0
0
0
0
0
0
0
0
0
0
0
0
0
0
0
0
0
0
0
0
0
0
0
0
0
0
0
0
0
0
0
0
0
0
0
0
0
0
0
0
0
0
0
0
0
0
0
0
0.000812910160118082
0.00196212887618951
0.00323704230912462
0.00438407463749285
0.00517495364634095
0.00571963549746426
0.00602596208271929
0.0056856437949921
0.00514453149063247
0.00478568333708018
0.00473683971908245
0.00471578067010706
0.00456364297487039
0.0042431411202402
0.00383679652283694
0.00372761368073391
0.00336724305967908
0.00257908609376731
0.00175698511574508
0.00158351590881972
0.00226423162342696
0.00304601547454413
0.00329527232708465
0.00347664887302713
0.00253975334252914
0.00182263784460829
0.00127564077453655
0.00109816980349574
0.000907894246740559
0.000661193587712725
0.000777472514452145
0.00158263521278343
0.00290223252356481
0.00413524901703011
0.00483870176418225
0.00546314108496578
0.00590565412189196
0.00638808182280062
0.00634816725938223
0.00597779311641597
0.00568486563398776
0.00537066511239564
0.0049353462361445
0.00474342141155504
0.00372502375154291
0.00271677523674603
0.00170652902077741
0.000656455072578866
-0.000174602252463211
0.000112207865963779
0.000585809931451889
0.000240367691967252
-0.000762492742517275
-0.000701344506028419
-0.000350355802110027
-0.000153535938400503
-0.000362753587525779
-0.000158766583644665
0.000358826093653568
0.000543792424369409
0.000212192633084102
0.000248723126319392
0.000382938662106934
0.000246861892338113
7.67222427664764e-05
0.000100944119237245
-8.26244269593825e-05
-0.000314349290074465
-0.000729737554768924
-0.0011027801890936
-0.000941412355607415
-0.000673804497863518
-0.000390692637718565
-0.000118776882560991
-8.12158098477737e-05
3.89189679618993e-05
0.000397688428629217
0.000525352895377133
0.000775926133998934
0.00052669347505139
0.000267004642845012
0.00030542890592031
0.000686745530558714
0.000941364849531635
0.00120932807278896
0.00102590246751126
0.000615021072372809
0.000592363633552051
0.000621059067016774
0.00050121830047762
0.000501564507259572
0.000794277069612331
0.000587420380750831
0.000580875782007178
0.000803727833167584
0.00068610858636761
0.000432364229546374
0.000312535591117991
0.000405758856859506
0.000196833891024202
-9.17965913777799e-05
0
0
0
0
0
0
0
0
0
0
0
0
0
0
0
0
0
0
0
0
0
0
0
0
0
0
0
0
0
0
0
0
0
0
0
0
0
0
0
0
0
0
0
0
0
0
0
0
0
0.000903305005198871
0.00202115216469944
0.00326542291025673
0.00442560775073663
0.00526826610981264
0.00571034096146106
0.00594244418297353
0.00597922527056551
0.00553152883772766
0.0049753363077
0.00461798630749444
0.00453861182719574
0.00449359386133941
0.00423488407154429
0.0038143217754711
0.00333924833574624
0.00319647079917887
0.0027762502736925
0.00206129845782878
0.00141888556299352
0.00128191689128811
0.00200365677517935
0.00273554847956079
0.00297628362497548
0.00313844275201847
0.00227410993504816
0.0014839978222929
0.000875274580854757
0.000634634495580107
0.000647044063221614
0.000531443237882645
0.000765392541262759
0.00163231900517375
0.00292912096015099
0.00416799530015944
0.00484215957436283
0.00547514790401831
0.00598352005287733
0.00644413848520541
0.00639457470243225
0.00598400706865144
0.00559451230991085
0.00516050995524173
0.00462874210175741
0.00434922641174367
0.00332431908251531
0.00231363673912932
0.00140529275247606
0.000546486748320621
-9.50604851001024e-05
0.000207544312388442
0.000603957830499154
0.000236189604550578
-0.000663572103248982
-0.000497464348956834
-6.2802677806889e-05
4.74845143285689e-05
-0.000225787184276172
-0.000173483668742395
0.000373891225842573
0.000638983474047502
0.00030978333972435
0.00028165789663488
0.000272389774052927
4.43795740528225e-05
-0.000118635229678872
-0.00015502280025625
-0.000321058476912096
-0.000597177346524582
-0.00117428180385606
-0.00144403149851654
-0.00118674758904551
-0.000812838437226267
-0.000443968347134711
-8.40565989720073e-05
-1.9916547673069e-05
0.000197966317283873
0.000567023633550016
0.000722433337201538
0.000848661672271442
0.000541559183205439
0.000310254581218091
0.000393557570870736
0.000867684596789142
0.00131190983573987
0.00157005518765575
0.00126150550731034
0.00081528111185139
0.000754526265122933
0.000774162330606465
0.00071409772274049
0.00075262478111112
0.000963806783180993
0.000780323212489151
0.000737725439389795
0.000843497986486082
0.000707720362055335
0.000463207819303583
0.000317569681801311
0.000330688759301379
5.37427654625749e-05
-0.000210406534405974
-0.00019111011514981
0
0
0
0
0
0
0
0
0
0
0
0
0
0
0
0
0
0
0
0
0
0
0
0
0
0
0
0
0
0
0
0
0
0
0
0
0
0
0
0
0
0
0
0
0
0
0
0.000865528970209439
0.00221710075937965
0.00338684287062867
0.00447808185469181
0.00533813164145961
0.0057865666695455
0.00584756959098416
0.0058238598482289
0.00577992530341991
0.00529936313087027
0.00476938318522592
0.00442187286043122
0.00433057321117402
0.0042818928860572
0.00394072092343156
0.00339095117563765
0.00289713412867005
0.00268853800777838
0.00228882636621879
0.00168836189932512
0.00120837675405206
0.00107674806589537
0.00172858895396239
0.00239534432553431
0.00263322086152362
0.00279633359787721
0.0019161316036699
0.00108612738008206
0.000479765979178824
0.000312890260426397
0.000495128264082571
0.00061161950384763
0.000928399620505236
0.00177246559401129
0.00302175500647617
0.00419085582551366
0.00484601177886537
0.00544907151511901
0.00599771805653022
0.00649557275041767
0.00642743610622369
0.00590170306533395
0.00536771994257089
0.00482108217033632
0.00424558627160618
0.00391081979548893
0.00293351670831897
0.0020653055373165
0.0013286064400995
0.000568116995208061
-5.56567709722592e-05
0.000177246865924697
0.000624890898414559
0.000380887718795917
-0.000389404136169697
-0.000125990310030206
0.000157894846186823
0.000171355475310129
-0.000289114667204733
-0.000210897032568157
0.000460659726635094
0.000731490331783593
0.000392577810849449
0.000211777990857715
7.054945784786e-05
-0.000246206350070322
-0.000429166191781883
-0.000452894772763026
-0.000574073943804175
-0.000974685223105936
-0.00157568181220621
-0.00176430203766768
-0.0013069718649592
-0.000971738892895191
-0.000449051186729113
-5.17409960081874e-06
0.000116005324030993
0.000415421051793229
0.00078728331875399
0.000874497878695688
0.000879880226893563
0.00057026853959151
0.000359525453471903
0.00055762633901776
0.0011673105527453
0.00163748902055748
0.00184129420239663
0.00142249011622655
0.000953810483776043
0.000870020762624916
0.000958607708767703
0.00100121110834861
0.00101740538511208
0.00114012454164686
0.000945201845138893
0.000791324236922858
0.00085008857730122
0.000735217741810375
0.000464856638881263
0.000241070224051776
0.000259901686206224
-2.33560447503861e-05
-0.000297199714302761
-0.000259732085690206
0
0
0
0
0
0
0
0
0
0
0
0
0
0
0
0
0
0
0
0
0
0
0
0
0
0
0
0
0
0
0
0
0
0
0
0
0
0
0
0
0
0
0
0
0
0
0.00086619878962568
0.00217284238545902
0.00367660702946664
0.00465304945883866
0.00542254762093173
0.00587386859468994
0.00590318364999829
0.00567085525058478
0.00554102726618406
0.00554871062643712
0.00503702102232909
0.00453061492451804
0.00420596638718262
0.00413329504365849
0.00414855228209037
0.0036513129208183
0.00305687698427179
0.00253206100720359
0.00228178300362315
0.0019485283776686
0.00146368708256588
0.00104450118684181
0.000865466752801425
0.00138876642238343
0.00202194511365807
0.00233658088462003
0.00245137951519509
0.00151693102307512
0.000654714267058491
0.000125204093779646
8.20464222211572e-05
0.000495538301933208
0.000770042672490631
0.00112984517573022
0.00193252298406011
0.00303212197471396
0.00420113730267733
0.00478131878118292
0.00538721908335225
0.00603901150678465
0.00659194230757068
0.00638494164242766
0.00562564959658763
0.00498116960885216
0.00441148419278673
0.00381384643906854
0.00346966705765773
0.00269776238073176
0.00198119768886332
0.00135668106844254
0.000527897201845379
-0.00020977143227651
0.000118737294474556
0.000740247046415517
0.000644422914875919
3.88653718071857e-05
0.000120656861501313
0.000225465380304799
9.37910634843168e-05
-0.000376686473822628
-0.000210235206239713
0.000510234551047643
0.000846084100597219
0.000342474972689635
8.78921632459134e-06
-0.000238276870906287
-0.000650639450437698
-0.000794940270927435
-0.0006795530056738
-0.000944368227273981
-0.00144547892810307
-0.00203562845236965
-0.00182180009408641
-0.00140894639739948
-0.0010518292699356
-0.000383484836724423
9.95193751095818e-05
0.000347450335592085
0.000745866843920903
0.00101734053991509
0.000853794349571351
0.000805596328319148
0.000621925803315898
0.000517155667164807
0.000862777656511292
0.00145282700839986
0.00189642557625208
0.00196188877192874
0.00151381762547162
0.00103012392381049
0.000954355885223152
0.0011870511194147
0.00133069117261661
0.00122231781778807
0.00125212438669101
0.00104428046327292
0.000733185113628687
0.000785321413507708
0.000681993874338524
0.000416481261564319
0.000215904383730247
0.000238803013913533
1.98644871159309e-05
-0.000367919920388386
-0.000305261566363712
0
0
0
0
0
0
0
0
0
0
0
0
0
0
0
0
0
0
0
0
0
0
0
0
0
0
0
0
0
0
0
0
0
0
0
0
0
0
0
0
0
0
0
0
0
0.000869229079972555
0.00214587950534281
0.0036229296251263
0.00504795975460454
0.005725745341769
0.00605642920151227
0.00604557878721538
0.00579695127645093
0.00540212258914854
0.00526989557128195
0.00529089236593743
0.00476386183624065
0.00433007996106071
0.00409000715394511
0.00405750569377385
0.00397581692106569
0.00341042309473559
0.00277923433262654
0.00227494318228357
0.00204432088329248
0.00172880055382775
0.00123980272965054
0.000846652275005366
0.000598177229940318
0.00104199364025355
0.00176230741710863
0.00206750168154466
0.00211411496985042
0.00107654491998775
0.000307931351158965
-7.67482156793801e-05
5.04487106926055e-05
0.000601720922911547
0.00101661771351898
0.00142587452607134
0.00207145428191753
0.00303830047651569
0.00415106575177154
0.00468679903411784
0.00535809977476447
0.00606684044509126
0.00650079334027484
0.00604747263725927
0.00518862299184303
0.00454679657446558
0.00396487660913188
0.00342297341309231
0.00320351848053908
0.00259930674373405
0.00194591478923435
0.00127804184850862
0.0003080378744188
-0.00029940176598314
0.000212469008141237
0.000935710594986034
0.00089156967336805
0.000242385924649453
0.000261508401178947
0.000159294876129392
-2.32772649682654e-05
-0.000475913355676313
-0.000261965693087792
0.000566975380275511
0.000805238165137439
0.000123737378506182
-0.0002755894595508
-0.000610386455955347
-0.00108120045773066
-0.00109545617551165
-0.00102452353048296
-0.00138210305336511
-0.00178809660292055
-0.00203789119132821
-0.00189600492502274
-0.0014556215169246
-0.000986967787261998
-0.000198573343573045
0.000363588925133688
0.000664587227870879
0.000913890657999392
0.000940643885601147
0.000693532122160676
0.000777560639783787
0.000780919010009795
0.000754242141793424
0.00110776523566669
0.00166872463030972
0.00200725352496645
0.0019878727908798
0.00153055250908428
0.0010523855464981
0.00111011682892284
0.00149794595428615
0.00158354768804744
0.0013759613436065
0.00133928012711134
0.00103453116976284
0.00060654131018982
0.000659033337124891
0.000639255641436174
0.00049499123223969
0.000292781255771849
0.000333614173136389
5.18398800500516e-05
-0.000426002023538475
-0.000253614035368779
0
0
0
0
0
0
0
0
0
0
0
0
0
0
0
0
0
0
0
0
0
0
0
0
0
0
0
0
0
0
0
0
0
0
0
0
0
0
0
0
0
0
0
0
0.000841800174197945
0.00211683318875998
0.00362830230438961
0.00500737507485015
0.00617545948796046
0.00640718420849839
0.00627207422475644
0.00593412519670549
0.00555600904753156
0.00509652653467076
0.00493750510267205
0.00497587845820062
0.00457840801070679
0.00423335235468696
0.00403479867983893
0.00394256215677569
0.00388929091777799
0.003275880595746
0.00262483093824602
0.00212699344448928
0.00176054559558338
0.00143089913528055
0.00100436169535599
0.00062381099790808
0.000300280369841194
0.000805223744732525
0.00153444651181604
0.00178004361347108
0.00169520788751561
0.000699449976981235
6.33624634507915e-05
-0.000209332334121811
0.000105110926748463
0.000809439831179946
0.00138325785636626
0.00169230034651088
0.00213925569811193
0.00300392480247944
0.00406372513180539
0.00467413313351497
0.00533318247292755
0.00591508557543609
0.00613529959047344
0.00555912185902955
0.00475623262736724
0.00410500865047024
0.00359245924488194
0.00319228124722824
0.00304634487833097
0.0025340451319539
0.0018279837206911
0.00106165765984436
0.000117639955943947
-0.000263349827860343
0.000372129969828818
0.00106366264176248
0.000921605070503166
0.000302990305300811
0.000201884035424537
-2.7109474442254e-05
-0.000211587309875779
-0.000584513077406651
-0.000289002537623551
0.000556169436966777
0.000545072750936192
-0.000158604689303869
-0.000638380177941153
-0.00105675677999043
-0.00145000795746932
-0.00139715286634455
-0.0014680319445071
-0.00166653090023982
-0.00190141541571873
-0.00214534297661027
-0.00194049453937988
-0.00138170007309346
-0.000793246959380214
7.78191272670263e-05
0.000617709270930366
0.000801550910276624
0.000867235561100662
0.000732266028272338
0.000654335220519593
0.000930872335035281
0.00103252644170596
0.000953075162674956
0.00126425338659542
0.00177602972432266
0.00198506310156069
0.00191414350412888
0.0014862888584497
0.00120691464376507
0.00141526681455836
0.00175918134135149
0.0018074896666033
0.00147206632107751
0.00122313499948466
0.000814513066920463
0.000422960567309292
0.000601482634453132
0.000795674564102647
0.000718680694000457
0.00049536571322573
0.000461468714171054
3.13383270351734e-05
-0.000338533175953463
0
0
0
0
0
0
0
0
0
0
0
0
0
0
0
0
0
0
0
0
0
0
0
0
0
0
0
0
0
0
0
0
0
0
0
0
0
0
0
0
0
0
0
0
0.000856377984664782
0.0020570424018301
0.00350356944653282
0.00497874326049774
0.00606230382660814
0.00680512975259864
0.00662828274193539
0.00618429212099166
0.00569781945449849
0.00526706312238945
0.004784794522912
0.0046298483736585
0.00479759978164017
0.00449578943270396
0.00417382055644012
0.0039555226483363
0.00391773346584691
0.00390811537535508
0.00325399586173066
0.00255071005480366
0.0019198287841514
0.00145920643763645
0.00111835994515284
0.000714431396296399
0.000343679986723196
4.3085370762489e-05
0.000613588749472454
0.00128488684148919
0.00139019509032313
0.00130190180214153
0.000405220920706511
-6.53297312722248e-05
-0.000209152239385159
0.000232941314993355
0.00104313232963117
0.00165982924061289
0.0018421761118645
0.00212991578740932
0.00295112014699309
0.00401419469801998
0.00460243931107985
0.0051721959003688
0.00559892477429705
0.0057107945395413
0.00514876356391772
0.00431728200264737
0.00373032889740766
0.00335923900181385
0.00305976850953848
0.00293983479440555
0.00238762444846109
0.0016012749943261
0.000830351766005159
8.09322830320937e-05
-0.000148899938116846
0.000458015182884847
0.00100709656314159
0.000831472099829861
0.000184049922804042
-4.81800437051567e-05
-0.000333498399952621
-0.000410556207897686
-0.00070723650472819
-0.000378104600924635
0.000382431938916671
0.000294692196196956
-0.000510912554287342
-0.00107988025757243
-0.00150194819658805
-0.00178711727120328
-0.00173822458624098
-0.00171006053849285
-0.00177359129426957
-0.00199624849776925
-0.00222229532674521
-0.00184467165182706
-0.00120560593593218
-0.000560288124355047
0.00032677809149304
0.000678438403441122
0.000747979373177132
0.000783830949538726
0.000677274107196706
0.000793182564246582
0.001181872647184
0.0012312583007926
0.00108463998658226
0.0013301485888543
0.00178370936080096
0.00191921969738865
0.00184013411712342
0.00157727273152723
0.00153936821653827
0.00176320171703044
0.00201483506193161
0.00193134490518215
0.0013919143404905
0.000999827646299883
0.000620966158423565
0.000322018124960057
0.000697879013423939
0.0010613880968203
0.00104336382781023
0.00072668641902109
0.000558177918656194
0.000127443639137571
0
0
0
0
0
0
0
0
0
0
0
0
0
0
0
0
0
0
0
0
0
0
0
0
0
0
0
0
0
0
0
0
0
0
0
0
0
0
0
0
0
0
0
0
0.000940351452700431
0.002144081394828
0.00344177415087423
0.00481269479306508
0.00603596145548058
0.00670028295754678
0.00701114385489139
0.00654789304160395
0.00594755771293875
0.00543576519294369
0.00504643438271813
0.0045368653151442
0.00448143322512585
0.00473355684328517
0.00443359567120487
0.0041006209919228
0.00396796280925105
0.00399605823385763
0.00404637803971013
0.00329600301936132
0.00241852904871974
0.0016641588248494
0.0011484242482408
0.000770255548317211
0.000396397241597395
0.000106120705167132
-0.000169478703038651
0.000436569314654221
0.000936071594922861
0.00095109364348994
0.000958331271993154
0.0002670378698651
-4.23702081357147e-05
-0.000116970615821717
0.000359274204785735
0.00118708998470571
0.00182847606229006
0.00189175577270177
0.00208944654708163
0.00284762696657672
0.00390035063228486
0.00440858721600013
0.00487834950360881
0.00523401725586522
0.00535855333385707
0.0047163478544472
0.00391906625470092
0.00347313464088427
0.00325029568606192
0.00299760453068795
0.00281298333654899
0.00217390697924823
0.00134176436750008
0.000716096334657818
0.000120018962905197
-0.000128311393468893
0.00033304093533843
0.000819474242667753
0.000605193179691915
-0.000115165582262548
-0.000478594292595668
-0.000637130246094321
-0.000582771140211118
-0.000879675508256554
-0.000513668495961938
0.000202806285389794
-5.03947413704494e-05
-0.000926943506167236
-0.00153407932036703
-0.00186176983963293
-0.00208372697785135
-0.00192311532470654
-0.0018241129865368
-0.00182562922695605
-0.00205902408728674
-0.00212883544376856
-0.00161946351227047
-0.000918598279681345
-0.000288843963844833
0.000378857646444263
0.0006822742415089
0.000761326998080266
0.000684042448580506
0.000712017641534747
0.00104550807436418
0.00140775595818903
0.0013409136472286
0.0011166029580798
0.00129463912544761
0.00179238680558397
0.00189617503609322
0.00190263135332335
0.00187492095755913
0.001906114228883
0.0020273736705738
0.00217207238596235
0.00190798916868494
0.00117575141781348
0.000764672871908258
0.000475984626632114
0.000379532738829147
0.00092912805780505
0.00145004794102529
0.00139201843624779
0.000903247570703184
0.000668117811984238
0.000218798203623288
-7.85504500771018e-05
0
0
0
0
0
0
0
0
0
0
0
0
0
0
0
0
0
0
0
0
0
0
0
0
0
0
0
0
0
0
0
0
0
0
0
0
0
0
0
0
0
0
0.00104805189851853
0.00225081886779869
0.00347486252955478
0.00468651712147822
0.00579207062292392
0.00665141240944788
0.00689716090699029
0.00686844896193359
0.00629863255228611
0.00570936755816474
0.00525150739133716
0.00491052374745816
0.00448476702079117
0.00441614711929192
0.00464750903671947
0.00432669626082656
0.00407515582201526
0.00404324840355213
0.00414670465271491
0.0041746722885423
0.00322379522857285
0.00219833694912338
0.00137512531180693
0.000857128720792079
0.000538623744451476
0.000223358066573314
-6.89851705349277e-05
-0.000320561205655044
0.000152878168200838
0.000495007953086319
0.000569369463900234
0.000847346713961699
0.00034505953022672
0.000104612031700588
5.06755549607532e-05
0.000438446471386861
0.00125440649055956
0.00186323534746432
0.00187159483425344
0.00202374865107825
0.00272244274642744
0.0037285286171419
0.0041392148103591
0.00454940428605434
0.00490548630447085
0.00500767743415825
0.00439393680714789
0.00366468476372104
0.00334550018505311
0.00324134145788827
0.00294574849303945
0.00263391080567846
0.0019403642292846
0.00122289858485634
0.0006546730802485
2.04461407041461e-05
-0.000390029719513453
3.35290451116055e-05
0.000542553729132485
0.000238542769174271
-0.000652553140417587
-0.000863150008652653
-0.000890422339042136
-0.000729508284081409
-0.000978808129825921
-0.000640815630609298
-9.17154607528415e-06
-0.000387794987676628
-0.00131659257691325
-0.00187892826688279
-0.00211378834223725
-0.00222493871431605
-0.00202290258445021
-0.00187917691231481
-0.00186442255023653
-0.00197456581888933
-0.00189447385281076
-0.00125731088288195
-0.000643928657719065
-0.000210022698330083
0.000404391500238988
0.000633566051136344
0.000530208897264739
0.000625661392450199
0.000870743709843642
0.00121144481643301
0.0014811048104572
0.00133399677387951
0.00107341600479375
0.00126197785649689
0.00186023778940121
0.00206655918709953
0.00218925745942933
0.00218946911100673
0.00208223016172242
0.00213730921117273
0.00217956982221386
0.00178175314305624
0.000952617544761754
0.000601870766464703
0.000529076944806812
0.000628272010978665
0.00126200719476334
0.00180907005299802
0.00167087464272505
0.00108547715687663
0.000780027787054429
0.00035681465262826
8.67190656706149e-05
0
0
0
0
0
0
0
0
0
0
0
0
0
0
0
0
0
0
0
0
0
0
0
0
0
0
0
0
0
0
0
0
0
0
0
0
0
0
0
0
0
0.00107050275166337
0.00240261661263326
0.00360165571276076
0.00474853929716109
0.00564850129013261
0.00638858645099742
0.00685046119804048
0.0067608603847774
0.00657939010872135
0.00605426615146598
0.00553651849996416
0.00517346443333123
0.00489697899554414
0.00444486949456035
0.0043385315981234
0.0045874448500502
0.00429400826402273
0.00414778658541836
0.0042026095990112
0.00425486235058331
0.00411575189194727
0.00301221181397346
0.00191431197563704
0.00112999963851351
0.000676783708558934
0.000434196074996884
6.54452369658272e-05
-0.000218362683726837
-0.000544211322211933
-0.000209090658893355
0.000137702891182763
0.000452003965727494
0.000977972529763785
0.000575812841543668
0.000305490508573141
0.000192387636041997
0.000475683015973548
0.00115708032985991
0.0017691387228095
0.00179480890649281
0.00191876553772361
0.00255272538370293
0.00344407531579156
0.0038074810128955
0.00419270558781538
0.00456622237376902
0.00475557301792579
0.00421179427815313
0.00355927395044299
0.00336055073125664
0.00327614888496419
0.00286351922681497
0.00245195018422948
0.00188630178185184
0.00109048468806955
0.00049562161098538
-0.000246400974697153
-0.000824020327102848
-0.000322143277556872
0.000137774697684743
-0.000248046426220061
-0.000982956029995347
-0.00112637953182488
-0.00106804297056497
-0.000798734396940553
-0.00107653835335924
-0.000756276606748474
-0.000225852508279415
-0.000677501923440269
-0.00157730984003881
-0.00203772914298581
-0.00221639758050172
-0.00224799302820777
-0.00209551189090255
-0.00190370123228941
-0.00184228971708211
-0.0017608319301925
-0.00151695199926339
-0.000903961422057239
-0.000484363459439509
-0.000131436323763776
0.000338685068944307
0.000312196477939963
0.00035250549328724
0.000689591465312995
0.00104694083015501
0.00126672488730379
0.00146478492291224
0.00128489449457924
0.00105618681197402
0.0013640397160824
0.00213459404197717
0.00244174379157174
0.00255995637525395
0.0023860184926735
0.00215039264874623
0.00215160581550272
0.00210063982464871
0.00158057295826202
0.000752281906950018
0.000577884925332455
0.00076571252738685
0.000900633745565767
0.00151648059474336
0.00214526618919223
0.00186516662690177
0.00122891922079629
0.000869976128398405
0.000555024318462243
0.000215212829473163
0
0
0
0
0
0
0
0
0
0
0
0
0
0
0
0
0
0
0
0
0
0
0
0
0
0
0
0
0
0
0
0
0
0
0
0
0
0
0
0
0.00118833142432344
0.0025379491944018
0.00383430036308807
0.00497776373939313
0.00572282390241733
0.00630044291709884
0.00663412045259845
0.00669994516505239
0.00649028809420728
0.00631343204476243
0.0058987524211717
0.00549255543829041
0.00518870559059007
0.00493771669386013
0.0044676803345505
0.00434164951765142
0.00457039823925208
0.00439716931894025
0.00434312042197186
0.00432377283001785
0.004270618788561
0.00399227386222545
0.00278814164631165
0.00173293322230618
0.000911377235957812
0.000554314459457972
0.000319891183536749
-7.27606117686029e-05
-0.000462799766285534
-0.000830073198990009
-0.000488973112678383
7.34525198614749e-05
0.000576505823086696
0.00119913479568745
0.000742492284446634
0.000416966468980471
0.000249677816601169
0.000400552091098142
0.00100575319056927
0.00159036590608078
0.00161963219862182
0.0016988630244053
0.00226784846846406
0.00319921582855941
0.00345653187905984
0.00383245163721641
0.00427155308661919
0.00458601438751149
0.0041360328451604
0.00363571885622973
0.00343184713202696
0.00323880351238356
0.00283139503229583
0.00258607530752767
0.0017502033478355
0.000896710329576068
0.000241837270632533
-0.000620752732978878
-0.00110575896786533
-0.000622833339375869
-0.000145855175773862
-0.000460346400868213
-0.00122954899784666
-0.00129665473221725
-0.00109229224343446
-0.00079252438578842
-0.00113302006860987
-0.00089212144250382
-0.000417835589630018
-0.000828369553916114
-0.00164168411686311
-0.00207792878679938
-0.00214483474758411
-0.00221898831084747
-0.00213981092965333
-0.00189476950010089
-0.00170186440377088
-0.00147539180608583
-0.00114431259468312
-0.000665476626793524
-0.000315172914258067
-0.000105844581337022
0.000137856051633129
0.000172839526003641
0.000351820089543926
0.0007941486612148
0.00108517748353277
0.00115240032290751
0.00138054203130401
0.00130014563614858
0.00119155802812636
0.00170214180735374
0.00261344396254757
0.00291982934248431
0.00288989794379102
0.00260908679572505
0.00214445670418436
0.0020651755106976
0.00190688541847471
0.00138058589936805
0.000670677790142348
0.00082967806262258
0.000985413193243451
0.00115727406601794
0.00178471266818711
0.00228613537863101
0.00199786328213364
0.00137022100480018
0.00105788936134554
0.000681864076334785
0.000256268979387383
0
0
0
0
0
0
0
0
0
0
0
0
0
0
0
0
0
0
0
0
0
0
0
0
0
0
0
0
0
0
0
0
0
0
0
0
0
0
0
0.00117549380831975
0.00264744123967645
0.00386370814628763
0.00505505537664323
0.00591161815896841
0.00634995043368874
0.00662601773274441
0.00661640592359414
0.00642693427052159
0.00623015303661748
0.00614277445255544
0.00584751006403807
0.0054983766132588
0.00521737261045943
0.00500909589757241
0.00447536830855304
0.00424835490854734
0.00461186969928964
0.00459200826369448
0.00445572011606136
0.00436290523819529
0.00424154229881738
0.00386580828383664
0.00259971562679534
0.00151994978234113
0.000766652906514419
0.00048378119241988
0.000212397100499666
-0.000311485352919627
-0.000759705688638415
-0.00104492886138335
-0.000627054055387255
8.88516482033251e-05
0.000691132851160043
0.00131042630324567
0.000840388625560864
0.000431464984384139
0.000164768062137613
0.000207652778322906
0.000723527772364417
0.00130986119944922
0.00133741576940871
0.00137271108763535
0.00197172919833601
0.00287612376164664
0.00304110904389495
0.0035036109045413
0.00404946398942499
0.00450742047151107
0.00414953995159123
0.00374024023495539
0.00349040123274116
0.00332803887877259
0.00293343359259136
0.00240844997535392
0.00151575649694575
0.000623872771864566
-5.96619696295276e-05
-0.000878703543692473
-0.00126759209465634
-0.000738329248726523
-0.000285358109399459
-0.00067669436478015
-0.00135409320304994
-0.00130555826002549
-0.00103008014923699
-0.000746969159257988
-0.00121986625882466
-0.00107605867532738
-0.000592719376986408
-0.000916855628100676
-0.00164293303875333
-0.00195445752698635
-0.00198865612375518
-0.0021150270293604
-0.00203716416447098
-0.00178955215322734
-0.00153567211611351
-0.00119010721364866
-0.000804691565390318
-0.000392450272530021
-0.000173406028275613
-0.000127353425509354
4.13561210824228e-05
0.000177353559031058
0.000466187387934454
0.000859365975626054
0.000961930645958232
0.000978132858213105
0.00145381814261129
0.00156574561123076
0.00156197131711126
0.00212708522173254
0.00305889795988495
0.0033058896273146
0.00318013534597714
0.0026763550654634
0.00202739532872498
0.00186519819930621
0.00171427491126811
0.00126669573713806
0.000736434995220907
0.000965886052695984
0.00125092847095297
0.00137640785485571
0.00183047055133163
0.00238324582863837
0.00210965841544487
0.00149459768061753
0.00117382654845125
0.00074999734037693
0.000297907102665981
0
0
0
0
0
0
0
0
0
0
0
0
0
0
0
0
0
0
0
0
0
0
0
0
0
0
0
0
0
0
0
0
0
0
0
0
0
0
0.00107827572002022
0.00259151942009762
0.00382613220564009
0.00496574203889812
0.00589987989153829
0.0065002648984952
0.00667199976649614
0.00678587025026382
0.00653603367523998
0.00618451823913706
0.00611346726562976
0.0061024451821596
0.00584043440076285
0.0054825112887033
0.00523765975591416
0.00501654938779323
0.00432419505278901
0.00419555125826217
0.00478236653833869
0.00475838930993958
0.00449557249877564
0.00440946620017194
0.00422357481396384
0.00377138151548858
0.00245056962320889
0.00140066764859366
0.000718274888055498
0.000457407884862499
1.99678331318771e-05
-0.00059000248810095
-0.000949765580993172
-0.00117440562941221
-0.000689658918128413
0.000123838833844586
0.000710888130922103
0.00128410693574775
0.000787601121018027
0.000335624778436913
3.52885841113765e-05
2.04230330241671e-05
0.000442685036097498
0.000996864768889838
0.00103393253837399
0.00105280951079452
0.00167978386075108
0.00256002156916693
0.00268357936951179
0.00327379545549877
0.00396549734337921
0.00458333101990563
0.0042446874922046
0.00387195126293878
0.00360459146656395
0.00346289547008218
0.0027670912209462
0.00216302710011169
0.0013000259796258
0.000382958721633885
-0.00024553376235942
-0.000997994703904545
-0.00126990658930658
-0.000775840537580698
-0.000468658696319282
-0.000833444747777071
-0.00129359096982423
-0.00114470012931871
-0.000870901871903715
-0.00069813097109959
-0.00142229608897553
-0.00121113335252623
-0.000693310376814364
-0.000929109719742981
-0.00148846471487764
-0.0017291285963537
-0.0017081607356626
-0.00187634598968999
-0.0018253858628724
-0.00164003742246839
-0.00128450742348231
-0.000860155355265324
-0.000424645803112484
-0.000164633710527314
-4.62185839324413e-05
-2.95300450656527e-05
0.000110088894886624
0.000267608897762238
0.000577083408535942
0.000773364347785882
0.000794940568118081
0.000992741320823117
0.00174902223728942
0.00198774967193998
0.00191173437075622
0.00247405436757144
0.00338800776814558
0.00360515012952742
0.00332559903808796
0.00261835976225364
0.00180933632237702
0.00170020561736128
0.00160633986055136
0.00128530884161267
0.000795269838159175
0.00117013672745579
0.00151669459034737
0.00143853320546676
0.00190638352242033
0.0025254777422715
0.00222104598604097
0.00155889228589203
0.00121610809896564
0.000819781909626831
0.000257897033131243
0
0
0
0
0
0
0
0
0
0
0
0
0
0
0
0
0
0
0
0
0
0
0
0
0
0
0
0
0
0
0
0
0
0
0
0
0
0.00104785101195695
0.00236898141038276
0.00356823390309109
0.00477216957129398
0.00572352858309466
0.00638693797971703
0.0068016182149693
0.00685303919480404
0.00686071963332609
0.0065184825938521
0.00619901862109157
0.00613032001059094
0.00610653918072237
0.00579495652703463
0.00541344772893626
0.00513083821759544
0.00480052199363351
0.0042331013095464
0.00428202540194516
0.00491211366610321
0.00475016459320812
0.00455003302465428
0.00446432568722158
0.00421122325450784
0.00370719603778486
0.00239592218036184
0.00140362178962495
0.000766111061897139
0.000370845929942345
-0.00013458738455846
-0.000702255389456525
-0.00100413422146876
-0.00121720788679392
-0.000655013709949454
0.000124724126270355
0.000646827235037868
0.00109551799248307
0.000645084643458175
0.000275200056161757
-2.75176895503502e-05
-0.000118530741388235
0.000251354574088466
0.000732694745645283
0.000740558304887353
0.000756191758003866
0.00139193581696301
0.00230770392289942
0.00255178718262742
0.00323153218204112
0.00406685227282562
0.00473154557410006
0.00438858760127287
0.00398581360354696
0.00363917001262548
0.00322398191344676
0.00250019385816842
0.00196652126912414
0.00113661159067318
0.000247257421387667
-0.00030691852900215
-0.000975171920348034
-0.00130438611474247
-0.000954314987965238
-0.000553664909060111
-0.000840887814876588
-0.00101850754394044
-0.000797659266576867
-0.000689142150784533
-0.000730109339441133
-0.00152554049417535
-0.00122846169985125
-0.000639391787821393
-0.00076793230453855
-0.0012140439160548
-0.0013487724548709
-0.00131347806538364
-0.00157952510003867
-0.00163055527077962
-0.00133320926347882
-0.000930067393249834
-0.000522735179098767
-0.000205170541624958
-8.684547974756e-06
0.000119972959240386
0.000135270033974758
0.000223217097839346
0.000297086277667597
0.000516227687184879
0.000669645886987075
0.00087529143974829
0.00127300782306839
0.00212884863749078
0.00223329137642465
0.00211485058094669
0.00269160113510758
0.00356132462970026
0.00367439163079627
0.00327758280491076
0.00246974987957881
0.0016773600045658
0.00163706670789997
0.00164447915457447
0.00134291647767029
0.000906275143449668
0.00135824539032716
0.00160314252489082
0.00158081608855678
0.00210112574952224
0.0026615635966474
0.00226478662665113
0.00154262998955337
0.00121917534031421
0.00077664282723654
0
0
0
0
0
0
0
0
0
0
0
0
0
0
0
0
0
0
0
0
0
0
0
0
0
0
0
0
0
0
0
0
0
0
0
0
0
0.00101881689712792
0.00229255547359367
0.00341177148994809
0.00440941382078019
0.00536684984409281
0.0060447695105525
0.00659048448587885
0.00698010892209111
0.00697905239997267
0.00690417515702236
0.0065485355493079
0.00622363861141833
0.00610379362200583
0.00597546603258433
0.00568417811534384
0.00530990776834047
0.00494934003262911
0.00466166006457571
0.00419103046466483
0.00430349700730688
0.00489974896331056
0.00478290710001409
0.00462541200711367
0.0045089656682013
0.00419965350107033
0.00364442176749522
0.00240352108433756
0.00149659681545627
0.000807002978778488
0.000340810137486016
-0.000113752709773316
-0.000675283965272077
-0.00101529706938344
-0.00115109735538805
-0.000637161566602605
7.46318144460557e-05
0.000541589704838657
0.00100327542391759
0.00071482843803216
0.000337867224501162
-3.68999529886388e-05
-0.00029919638978461
-2.00521651417062e-06
0.000408965409908337
0.000377853710214556
0.000476536113485612
0.00119340582397649
0.00219717901272609
0.0025836417533509
0.00340764235993066
0.00421559152333988
0.00483476423989937
0.00441535340698387
0.00394073447370941
0.00343977984212996
0.0029573383957553
0.00224242706403889
0.00178749131910177
0.000992226396292699
0.000173237848042894
-0.000287792044556645
-0.000963470014188467
-0.00136474732378416
-0.00100604928187994
-0.00057623393515896
-0.000663223644748811
-0.000583725830192341
-0.000475916752875895
-0.000629431215891709
-0.000764374810439863
-0.0014564142405693
-0.00115852011152955
-0.000504970778588559
-0.000491804086405068
-0.000792723398225384
-0.00086742579047786
-0.000888434352313286
-0.00124204942185174
-0.00131049040783276
-0.000974465492143452
-0.000572672984823207
-0.000272498079029109
-7.55892724272824e-05
0.000112463750935456
0.000224771783880331
0.000163973501868967
0.00012642619124128
8.66801115617567e-05
0.000332769363821324
0.000730175495938171
0.0011175486994186
0.00154878888566066
0.00236974281265911
0.00242794074438631
0.00228836265806088
0.00279754978541924
0.00356881842463632
0.00365635798171902
0.00318219095790174
0.00234703248370467
0.00163298827894802
0.00170326360079944
0.00172046791838213
0.00144362035558225
0.00103910200341731
0.00153465288254176
0.00178496697305235
0.00178742230447653
0.00225890748728941
0.00267963005569517
0.00218918465368186
0.00148431441121867
0.00111174417110433
0.000591417354806649
0
0
0
0
0
0
0
0
0
0
0
0
0
0
0
0
0
0
0
0
0
0
0
0
0
0
0
0
0
0
0
0
0
0
0
0
0.00110894590619175
0.00231236135322142
0.0034167598704391
0.0042531795379719
0.00491149372130058
0.00551271982527354
0.0061076712034098
0.0067603425063998
0.00711752862337948
0.0070675711922773
0.00689850363228443
0.00648868258226614
0.00602831760068935
0.00587805841793119
0.00578896597531456
0.00555796372362907
0.0051620040020052
0.00479179496053759
0.00450399099615872
0.00408720340769865
0.0042560175908219
0.00485715063190962
0.00487373464628036
0.00470811982174663
0.00450012204188341
0.004143126752837
0.00362293188576131
0.00245142543833552
0.00160373809572534
0.00089099901513742
0.000507218545997586
1.21659980707045e-05
-0.000637941553687151
-0.000925272301658648
-0.000999057437648962
-0.000594507709537264
8.50876065044017e-05
0.000611716476906599
0.00116299856452881
0.000858814585575791
0.000386767267836484
-0.000162901941661839
-0.000597569062146637
-0.000359573645965319
-3.96919579393674e-05
1.84989988535193e-05
0.000325306605357052
0.00114318905513127
0.00221621734576477
0.00269292507880706
0.00359367526830573
0.00433365499124884
0.00478443033119586
0.00427922213056097
0.00375086446200162
0.0032464824470593
0.00269864271659136
0.00197446346606449
0.00160479895728436
0.000886905453747091
0.000194877748211026
-0.000241410997084469
-0.00088814122339894
-0.00129352693800616
-0.00100369451873923
-0.000485132706959982
-0.000284270171315281
-0.000226491159467789
-0.000353959623248818
-0.000578373368452496
-0.000708289186521938
-0.00136961642347204
-0.00100328682730281
-0.000289530147573615
-5.11689775626314e-05
-0.000270011008362016
-0.000386768196663949
-0.000496684436010922
-0.000850871861691505
-0.000898608937033829
-0.000557720839892617
-0.000233478456742884
-4.64772853800018e-05
2.51584390014132e-05
0.000151262589650873
0.000190704406564658
-8.29744694348348e-06
-0.00017577723500861
-8.79829525910014e-05
0.000341676570922787
0.00087582471827299
0.00131326897972993
0.00177725742482709
0.00255864546897295
0.0025634681504976
0.00235860275227269
0.00272035301115734
0.00352285383545505
0.00359566608784941
0.00310503866403503
0.00232299688699088
0.0017814721687271
0.00179468072123395
0.00183152180765465
0.0016557076276447
0.00136911486115572
0.00185161396405644
0.00203973815361757
0.00199510691551142
0.00233636982016912
0.00259802205458727
0.00208275692953564
0.00136863429896511
0.000957952317231623
0
0
0
0
0
0
0
0
0
0
0
0
0
0
0
0
0
0
0
0
0
0
0
0
0
0
0
0
0
0
0
0
0
0
0
0
0.0011519430444736
0.00251054724951669
0.00348260148281699
0.00428649225946094
0.004791963523666
0.00503758005721542
0.00542368623266102
0.00615513232182334
0.00689635622025434
0.00721435644918255
0.00703335493497822
0.00676683142988858
0.00625631269855686
0.00573522593800691
0.00560609713563989
0.00571620412854383
0.00543003278071823
0.00500234590449285
0.00458799203049507
0.0042761360544481
0.00393088780884251
0.00419793805361748
0.00486619641122683
0.00495287050190646
0.00472011483106911
0.00443732862123492
0.00409503616660095
0.00359877248070158
0.00252233009837137
0.00177650455077371
0.00111093880941868
0.0007284014720331
9.23343103443799e-05
-0.000526316370785973
-0.000693933180919421
-0.00083147232282176
-0.000477209803407098
0.000262017652806929
0.00086228444470423
0.00133056361993748
0.00091080265093173
0.000285256636999474
-0.000478257399018968
-0.000973188740886233
-0.000779508793519203
-0.000411202483870778
-0.000177753452387605
0.000283765956873493
0.0012130590689667
0.00233448722737205
0.0028794705543658
0.00373665752702717
0.00429702347173222
0.00458163296503054
0.00409455853463569
0.00358978010744485
0.00305186178465681
0.00234997707230843
0.00167476253714525
0.0014557449037122
0.00089058623081532
0.000286476874622268
-0.000124941578665774
-0.00073386694875273
-0.00124486710317603
-0.000986919996517159
-0.000356499218966203
-1.93888734415896e-05
-0.000178248900926689
-0.000322166888008257
-0.000498744134981186
-0.000648060448303006
-0.00113721715686375
-0.00071478173816516
0.00012728285233658
0.000427547594690233
0.000239292692774351
5.95587011407068e-05
-5.5439451254532e-05
-0.000385885979264624
-0.000389250485188953
-0.00016000231619279
5.77517516377613e-05
0.000136908513584154
4.54990533278763e-05
0.000124572315297252
4.9707717355517e-05
-0.00032794731732614
-0.000367799740979192
-5.62846934312816e-05
0.000421903235285108
0.00100642912399627
0.00145443352170143
0.00196524414694458
0.00264799772833301
0.00255011273754804
0.00226981047892516
0.00255265112846371
0.00338700571935432
0.00356067423867947
0.00305490516949064
0.00239676817587382
0.00188243078100902
0.00184013200724253
0.00201467906265216
0.00212091266039919
0.00188357157485277
0.00226740304981465
0.00239855917460735
0.00216147015858142
0.00237532316369654
0.00247709437023872
0.00194318757796989
0.0012472683497452
0
0
0
0
0
0
0
0
0
0
0
0
0
0
0
0
0
0
0
0
0
0
0
0
0
0
0
0
0
0
0
0
0
0
0
0
0.0009889313034
0.00248693856922724
0.00371417978027085
0.0043647493621192
0.00486189008456901
0.00499815125964202
0.00494776039049943
0.00535650455514305
0.00621288062108751
0.00695796684104274
0.00720301441531715
0.00692491240204866
0.00653355201301033
0.00598222147965212
0.00543637523607933
0.0054216037394864
0.00558295095295566
0.00521121692393996
0.0047831828610853
0.00434656168704949
0.00407270343786251
0.00385597232763184
0.00424490100642859
0.00489559873066371
0.00490715824757192
0.00466804893586065
0.00438428907447656
0.00407493424452423
0.00363614793563063
0.0027005364260767
0.00207613863825008
0.00140258018894204
0.000871034027814759
0.000201116304535459
-0.00029928703882981
-0.000418484183416869
-0.000630768046522192
-0.000229839693882197
0.000543045286542301
0.00108716163715758
0.00138188898436986
0.000828901492192987
-6.69103681831797e-06
-0.000823052934256611
-0.0013413063418935
-0.00102691218862379
-0.000594829131525713
-0.000240297126262636
0.000408992630709162
0.00138675611754683
0.00254638513852249
0.00306460978140039
0.00376921761390444
0.00416203683008618
0.00438957867326948
0.00395610371609516
0.00343471652059777
0.00280444739426562
0.00200488620519072
0.00141400998221408
0.00145698865909817
0.00100374603149638
0.000465684712799956
6.04578933363033e-05
-0.000639419364470839
-0.00126554648773331
-0.000999070440685006
-0.000284293363826661
-6.44265411879297e-05
-0.000260208090381359
-0.000368318242180232
-0.0004742142093362
-0.000478734677391969
-0.000748036405342555
-0.000215803478856536
0.000554304284189282
0.000815537572800847
0.00065798679099471
0.000537995301951298
0.000450932086135731
8.48462914834419e-05
3.27438159598652e-06
0.000122967094982138
0.000265621339335171
0.000252369047409203
5.13991272254721e-05
0.000109915614119428
-7.35736564832163e-05
-0.000422832151748095
-0.000263232026593552
6.44513521210976e-05
0.000480855219220637
0.00109908141548838
0.00156568221786903
0.00202640825131664
0.00261499033621608
0.00241692937730541
0.00211566841003359
0.00237007571734075
0.00327635415502934
0.00348461066256695
0.00303509080808969
0.00240021879924145
0.00184490925699296
0.00190927668168762
0.00237975638361672
0.00265100695542787
0.002377041371777
0.00267909677635951
0.00265766945211699
0.0022951767908184
0.00242753460972094
0.0023762783729803
0.00184355034192078
0.00118939670535631
0
0
0
0
0
0
0
0
0
0
0
0
0
0
0
0
0
0
0
0
0
0
0
0
0
0
0
0
0
0
0
0
0
0
0
0.000876814775520932
0.00219708475824268
0.00363702345315643
0.00464306433922343
0.00498544885954714
0.00516027845046858
0.00507789619450077
0.00494572660450964
0.00534603540073454
0.00622963833952169
0.00689010206384457
0.00715452502202883
0.00675123837567017
0.00623979175652224
0.00565745114264525
0.00517629850375249
0.00522208022724565
0.00531942610388202
0.00492826270871675
0.0045099379284429
0.00411866527289346
0.00396417672511729
0.00388828202620045
0.00426703155199969
0.00478782703679492
0.00479960236232803
0.00462381429914336
0.0043819797917963
0.00410761939247387
0.00371543034910059
0.00295382358273059
0.00243757901196967
0.00162090733221205
0.000965141073593628
0.000458145727356665
4.69060286159779e-05
-0.000179096091417648
-0.00033139330158573
8.65754343750816e-05
0.000801336424581269
0.00122313365548085
0.00131821175674464
0.000547826011022624
-0.000380844464125367
-0.00115492583235584
-0.00158448977417089
-0.00119847844319098
-0.000693291842475304
-0.000115264795907853
0.000629847662484239
0.00167999362677639
0.00272263855364358
0.00315262374312497
0.00369353724091683
0.00402996763330869
0.00423948362243897
0.00385624092975681
0.00327703579891044
0.00254589343542109
0.00172122981603176
0.00127252381220931
0.00156068616816211
0.00119146593136438
0.000695567409025135
0.000191430086264535
-0.000662660202203242
-0.001336197416251
-0.00105304191424218
-0.000452063307523609
-0.000290091526220619
-0.00053596958740118
-0.000511541274399148
-0.000401211506328768
-0.000178940456424302
-0.000102709331047196
0.000265297332353591
0.000899385617794248
0.00107888550755325
0.0010550167646037
0.00103900990900908
0.00088615663052762
0.000475086316267295
0.00028882113805304
0.000320499620451298
0.000428560238664403
0.000356291885375505
0.00014113790254123
0.000140410415715137
-5.68986615295729e-05
-0.000201311752958136
-8.71861515163124e-05
0.000130504821589498
0.000518271517926478
0.00117209307539297
0.00156743239575311
0.00198247424141022
0.00249019511815491
0.00222753805750522
0.00197136880140832
0.00219954691842097
0.0030455583318683
0.00336413061766818
0.00297129212487066
0.00229826766867288
0.00177747605127036
0.00213628070938561
0.00277947340923969
0.00310250355838732
0.00276052004793159
0.00296960805096729
0.0028017417965754
0.00238915139947441
0.00239802175294977
0.0022977033408225
0.00176311360111918
0
0
0
0
0
0
0
0
0
0
0
0
0
0
0
0
0
0
0
0
0
0
0
0
0
0
0
0
0
0
0
0
0
0
0
0.000894928203212843
0.00204503448064489
0.00333214917128663
0.00461290210213489
0.00536728047187571
0.0054082998871245
0.00541684715904225
0.00526022386801075
0.00505882088875241
0.00541457656963978
0.00620979614052259
0.00679720368276852
0.00703909462828326
0.00650112936708538
0.00591979944418315
0.00535940911478472
0.00493831565690378
0.00495472409547072
0.00504215898191372
0.00463784617668711
0.004274274183393
0.00398303280333301
0.00390818088968454
0.0038155297651666
0.00416381645516203
0.00465515575002791
0.00470933763092034
0.00464505938915308
0.00444642938170225
0.00421449559522353
0.00391381769482999
0.00326255157353913
0.0027162120525928
0.00178187580112283
0.00112004328546724
0.000639897243178463
0.000208802727316523
4.87625289862657e-05
-0.000107843250027934
0.000279841171701251
0.000891836976767481
0.00112772416179355
0.00102687069119275
0.000195973672865673
-0.000721222283953315
-0.00142325135976582
-0.00179218557283823
-0.00128281443632136
-0.000589614870386273
7.18453630558379e-05
0.000876416689555737
0.00187343053708524
0.00280641711555813
0.00317296567167906
0.00362556562773659
0.00386817849914905
0.00410313472388092
0.00373026337110744
0.00309998508192876
0.00233860671092263
0.00152056084353158
0.00125348870411542
0.0017649539732819
0.00138324213498143
0.000826454123122671
0.000176511227953226
-0.000715504859130687
-0.00140880021567691
-0.00123569892136389
-0.00071698057913698
-0.000608574881693575
-0.000785221718073219
-0.000569209943501282
-0.000212203119261498
0.000271305012965416
0.000371116968470701
0.000612510467247545
0.00113948199780684
0.00138799301809416
0.00148947974260361
0.00143064940423431
0.00125482370347312
0.000780885972377878
0.00055082191023402
0.000537744455652628
0.00065144705966537
0.000519322965622654
0.000206810038498938
0.000221627002601605
0.000133698172397713
-3.66597527457761e-05
3.66181120074426e-05
0.000200190148138149
0.000599714214600038
0.00122392431762475
0.0015470206514879
0.0019028092449341
0.00228662345642579
0.00196818807894405
0.00177039799213591
0.00193401221324263
0.00281701178830109
0.00323478226796182
0.00283630122072599
0.0022029432015195
0.001902221234322
0.00246849987040907
0.00313251086767511
0.00341650128424443
0.00297483449792842
0.00311992937651396
0.00283963127258116
0.00234156095873087
0.00234986484511183
0
0
0
0
0
0
0
0
0
0
0
0
0
0
0
0
0
0
0
0
0
0
0
0
0
0
0
0
0
0
0
0
0
0
0
0
0.000892400884635967
0.00208511737617738
0.0032230537316661
0.00434488928651394
0.00541250895266922
0.00591992305234568
0.0057861481316008
0.00572284798772661
0.00553216375515181
0.00526733902922951
0.00548636136597614
0.0061507517863781
0.00665159088991505
0.00682550164173521
0.00619776193561972
0.00558716747624472
0.00507745329499568
0.00472553547927517
0.00470287448025626
0.00474468628786632
0.00437016230267668
0.00405311331189593
0.00380738835759272
0.00378245990451935
0.0036922924313127
0.00402247637314687
0.0044881542193132
0.00466361220995923
0.00470319358696313
0.00454667451526904
0.0043765792285719
0.00415421040099067
0.00351808399850443
0.00293063956272593
0.00195028583769163
0.00123256448632832
0.000708050286019815
0.000338317703147604
0.000184979300057574
-3.29701885451943e-06
0.000284235918147833
0.000783312748905966
0.000879083059995143
0.000717678015182771
-0.000122599540117412
-0.0009940825670787
-0.0016715207023505
-0.00193856607584106
-0.00121530002731901
-0.000474905196337239
0.000250662861927243
0.00100528246631922
0.00189953358542737
0.00280684304853583
0.00317892358600943
0.00349852470293423
0.00366765226583837
0.00393646876830042
0.00359348157664366
0.00295499600302446
0.00217940699095554
0.00145677934839145
0.00133757927711139
0.00193831553033298
0.00150293432453985
0.000861090797506994
0.000136893109701566
-0.000805257234911075
-0.00158754328979433
-0.00148563283073727
-0.00103424572026755
-0.000883890191626783
-0.000967239968850563
-0.000536132051966113
7.4668525332535e-05
0.000627500276500083
0.000692764682422746
0.000856969800083621
0.00143140019846304
0.00171061201782103
0.00183295470852051
0.0017596599897456
0.00154421636193395
0.00107415500319367
0.000845835265727216
0.000831549302581715
0.000885946936082247
0.000606815805708401
0.000269696520530034
0.000412297543154389
0.000294839615380558
0.000111148498713287
0.00012331090623909
0.000286732766874874
0.000762419012365758
0.00127074122581891
0.00144955228782163
0.00173216754586834
0.00204515089490623
0.00169553422167179
0.0014888584662998
0.00166005578878268
0.00261628654343326
0.00303581884318085
0.00265667204138433
0.00223464627000787
0.00213472379178266
0.00273386734541284
0.00332226950237693
0.00353130415576901
0.00304712991675494
0.00312213578208978
0.00271362572531748
0.00227732422565596
0
0
0
0
0
0
0
0
0
0
0
0
0
0
0
0
0
0
0
0
0
0
0
0
0
0
0
0
0
0
0
0
0
0
0
0
0.000898663895101696
0.00213483612291672
0.00333731622472445
0.00432828452843751
0.00525480631992638
0.00610010683463558
0.00641790830036494
0.00616256658916932
0.00605742984976051
0.00582682826826282
0.00543215441441701
0.00548706265007694
0.00601373842181934
0.00640332182054439
0.00654161861648108
0.00585652718424872
0.00526777133341324
0.00477843844478094
0.00445561525692758
0.0043543813342209
0.00440967714185833
0.00408952385731261
0.00380310497765195
0.00360990937889881
0.00364521020834176
0.00352704015981323
0.00383110314053647
0.00438327056554771
0.00466596650474835
0.00476717251640928
0.0046793170292533
0.00455794955781313
0.00435403262283028
0.00371119817903567
0.00310840879446184
0.0020790479105849
0.00128777541295059
0.000716267773457745
0.00041030636386203
0.000228741746958781
-5.75694080190977e-05
0.000204442554385633
0.000592043171352539
0.000671393831221789
0.000489415721292117
-0.000341237796509706
-0.00116654596888032
-0.00179521862237429
-0.00186239638979672
-0.0011023097624727
-0.000369734892376025
0.000327620592168884
0.000990050151042872
0.00190249873901147
0.00280648864315123
0.00312581657954917
0.00333384458148702
0.00344781060134507
0.00377344787971165
0.00346361445161511
0.00280971919670825
0.0020680566472957
0.00144184065727715
0.00140930205434236
0.00207895116816619
0.00160807770326053
0.000867474417510294
5.26895108298051e-05
-0.000968503523343188
-0.00178269182728323
-0.00169040959257096
-0.00124951673312295
-0.00104637553512227
-0.00101155143195766
-0.000398953664728765
0.000295732323431594
0.000832124791472265
0.000887998285678124
0.00107839812911603
0.00169076945272122
0.0019594880263753
0.0021547122127017
0.00205221061022948
0.00182915254656
0.00137769147269838
0.00119300287014512
0.00112682842075964
0.00103814546885762
0.000696982913959749
0.000418915683441111
0.000576540780896667
0.000449706938861573
0.000253180754414043
0.000199198034648592
0.000417937448001466
0.000866433921295229
0.00118076741367677
0.00124917129862501
0.00149992983772002
0.00171505682474642
0.00130438593589551
0.00117565760120827
0.00145321306373836
0.00241096515590088
0.00281641038510335
0.00258346051302985
0.00238050741219455
0.00229773767498279
0.00285405971856798
0.00336012862505174
0.00354965867551078
0.00304761318286181
0.00304581651111821
0
0
0
0
0
0
0
0
0
0
0
0
0
0
0
0
0
0
0
0
0
0
0
0
0
0
0
0
0
0
0
0
0
0
0
0
0
0.000914798155788767
0.00219689233788404
0.00348140170583934
0.0045739640749255
0.0053446558247598
0.00602636744267524
0.00668278740406922
0.00685281158866364
0.00654267380690318
0.00639189357357517
0.00598384723900332
0.00545867459021504
0.00537916188652119
0.0057861852703833
0.00607961354725241
0.00618836758219561
0.00549839033636054
0.00491039274503344
0.00439991726189103
0.00398836979927341
0.00387401879461718
0.00401765260220124
0.00376850422537048
0.00357879276356574
0.0034633537447738
0.00349547948952335
0.00334658941415543
0.00371898317337911
0.00431500835567006
0.00464873974409409
0.00482214519576724
0.00479165749745199
0.0047358828646369
0.00451383783364002
0.00386470230302611
0.00323986083698171
0.0021568879340592
0.00128133789590855
0.000711127981679744
0.000396031014145625
0.00018120912700492
-8.39900118764424e-05
7.82346515894032e-05
0.000495403207888004
0.000550556062347684
0.00037695122493918
-0.000412294425465952
-0.00117810763929312
-0.00164631496938647
-0.00167145551800475
-0.000969146188866637
-0.000348797657836193
0.000328658671215133
0.00105468904725284
0.00190179497392882
0.00276403819149366
0.00301142065656076
0.0031566391064569
0.0032563665285058
0.0036464529622338
0.00329923553602286
0.00264624689909754
0.00196660737977295
0.00144015207822262
0.00151518776485555
0.00226044919121291
0.00170664964811632
0.000864679774858609
-5.79855918423015e-05
-0.00108183308228716
-0.00185067760988259
-0.00175024142918462
-0.00129562136280925
-0.0010144671059908
-0.000938605686581863
-0.000277053564204126
0.000395601068839499
0.000935488853518352
0.00108617731196183
0.00128253037188915
0.00185822822559272
0.00223060603851078
0.00244596295507399
0.00230240790468179
0.0020962926501198
0.00167600932557657
0.00152138366109562
0.00131277605130719
0.00116581529534223
0.000845521775354538
0.000614382308277738
0.000759988582643972
0.000576102859475224
0.000357633425451674
0.000310890267259921
0.00051173384849941
0.000843621019539127
0.000967486927976935
0.0010330271147233
0.00117041638181813
0.00127076912341196
0.000935902418020694
0.00100013420480538
0.00129351028149222
0.00218523000804374
0.00272886907938579
0.00265438076842024
0.00246880611745228
0.00235685410722065
0.00286329453542162
0.00329770740626129
0.00349785853064932
0
0
0
0
0
0
0
0
0
0
0
0
0
0
0
0
0
0
0
0
0
0
0
0
0
0
0
0
0
0
0
0
0
0
0
0
0
0
0.000941623839488487
0.00224713810255808
0.00361059277567028
0.0047745614374076
0.00566283059824261
0.006130280988802
0.00665117348807445
0.00716432342021938
0.00726673712141986
0.00688537574209818
0.00655349296094515
0.00598266957159563
0.00536883903925841
0.0052070785354518
0.00551173234611673
0.0056814620662189
0.00574947005731598
0.00506478352948882
0.00447602435297904
0.00389500402314818
0.00344041121428375
0.00341171740227273
0.00364418393979122
0.00346592330531321
0.00335856948100933
0.00328112644233004
0.00332782659088822
0.0032173625112608
0.00361974692963271
0.00419146805277568
0.00458769246179967
0.00484632327261709
0.00492057767893419
0.00490660122769439
0.00464929133921668
0.00398591641130215
0.00333966651038893
0.00217945971275832
0.00124341927306235
0.000661106577224685
0.000358498413887481
0.000151949490037462
-0.000151548338418818
6.21266203062341e-06
0.000495399264119478
0.000602810315158578
0.000458525777734773
-0.000297672282679731
-0.000952265775543944
-0.00141943222319145
-0.00144634975665763
-0.000883404950276965
-0.000332159817837884
0.000408271870430334
0.00106212376014258
0.0018903551209896
0.00266222223964221
0.00290404111584478
0.00303296404630732
0.00309321448050228
0.00348603235516138
0.00310734012473377
0.00248758518684407
0.0019093918536559
0.00155987909049843
0.00170199215998362
0.00244374781046104
0.00180961544745869
0.000874815653827335
-4.74087535056669e-05
-0.00106555429428169
-0.00179810421410586
-0.00169238966405356
-0.00121894472735074
-0.000935843000960648
-0.000917331421732905
-0.000264520688833294
0.000407914717392609
0.00105207999385794
0.00125297525229269
0.00141824294259742
0.00210554985472878
0.00247639168668546
0.0026637742826645
0.00249595698391164
0.00233889476714197
0.00196405564410302
0.00177433923677805
0.00145153464088712
0.00130018874561744
0.00103756230757467
0.00082784094451502
0.000883294079230899
0.000642447249020958
0.00045725850126326
0.000342583981943168
0.00052719179328105
0.000679073233079616
0.000788597686632731
0.000788353832676926
0.000829018182912877
0.000947753441869981
0.000808556486899529
0.000916697540218757
0.00114870868612198
0.00203746880845647
0.00269385552921657
0.00266250677116405
0.00247634666022096
0.00232351656542247
0
0
0
0
0
0
0
0
0
0
0
0
0
0
0
0
0
0
0
0
0
0
0
0
0
0
0
0
0
0
0
0
0
0
0
0
0
0
0
0
0.000936053691535483
0.00226985832807242
0.00367997637873218
0.00492332960445632
0.00587956479900592
0.00648392860128177
0.00674342437033433
0.00717763882863632
0.00764498657522709
0.00764931778739341
0.00706370859086322
0.00655969404110411
0.00584369996538717
0.00515148979924106
0.00496247520304226
0.00513317593831569
0.00517828242599732
0.00524716076568016
0.00458031879329029
0.00397153662629639
0.00334028717287087
0.00295578157793464
0.0029835642289258
0.00330931622157228
0.00318026600338467
0.00310811425137606
0.0031139288514531
0.00319896969701705
0.00308040472732433
0.00344705697303097
0.00403731572330786
0.00454681775950469
0.00495142069078065
0.00510201011400402
0.00507138778154693
0.00476597444064226
0.00406971531515069
0.00335346484910006
0.00212829524583337
0.00116618717991585
0.000617280794250036
0.000371988995556547
0.000102987801361338
-0.000193546670758813
4.93627929692276e-05
0.000593411523630835
0.000802887018352683
0.000664052479483754
-3.34876066339858e-05
-0.000664881840084809
-0.00112164030473312
-0.00125695298741766
-0.000821447506188827
-0.000298634094297108
0.00041930325179786
0.00105874085707477
0.00182028816738386
0.00257049349551072
0.00286177226644155
0.00293512040664263
0.00293669755392839
0.00329085429771199
0.00290844607958203
0.00235896984998756
0.00195905796796734
0.00176877867219126
0.00192785690996537
0.0026453190108137
0.00189185392883215
0.00093019386009701
4.00407043904657e-05
-0.00097719316319831
-0.00171249550057174
-0.00161007458763413
-0.00115315831909392
-0.000941807648939608
-0.00101042742997245
-0.000338618692321906
0.000435632051442904
0.00110679278023732
0.00132283203928701
0.00156409452866448
0.00234097334314335
0.00266199967811035
0.00280955675008172
0.00267319190616083
0.00257425004107178
0.00220861935808262
0.00196515229197647
0.00158426653334988
0.00145351316159465
0.00121591318247204
0.000921887026250743
0.000928559245026183
0.000653279357164264
0.000439299728948391
0.000299713142349512
0.000432062215457167
0.00050331331420976
0.000627424150253997
0.000586089765788746
0.000601401961636575
0.000786800163839923
0
0
0
0
0
0
0
0
0
0
0
0
0
0
0
0
0
0
0
0
0
0
0
0
0
0
0
0
0
0
0
0
0
0
0
0
0
0
0
0
0
0
0
0
0
0
0
0.000916518259678033
0.00220440619198053
0.00366647757925397
0.00500081958754526
0.00604274930662704
0.0067390203257285
0.00717948768515508
0.00734021033819448
0.00776892351472918
0.00813805977024137
0.00789845836413875
0.00708182872520096
0.00636264524859236
0.0055220609508208
0.00485799374509101
0.00457863613554854
0.00462411628123984
0.004648126909276
0.00473883396309136
0.00407555321098548
0.00341032897602807
0.00278047581591871
0.00243953287861596
0.00255047321013478
0.00299153650764069
0.00287441560665911
0.00291904392216591
0.00301721560390646
0.00310373112204141
0.00288668379306485
0.00323855483905378
0.00393213761308897
0.00462572723279786
0.00513428048844429
0.00530000359674477
0.00524374561715016
0.00484887215193557
0.00402250387159986
0.00328025171915027
0.00205453159970155
0.00112361968724036
0.000657232938099287
0.000371263283840964
7.18857326126961e-05
-0.000140856867076124
0.000144044578442818
0.000789390340739314
0.00106419079875764
0.000925848908078676
0.000241273710018001
-0.000323020901286673
-0.000814804547614157
-0.00108894984269972
-0.000760176830373742
-0.000371188702312878
0.000391744212798833
0.00103282423589785
0.00174682196746208
0.00254164714524905
0.00283913211086958
0.00281520604018268
0.00277099932882675
0.00309900045072458
0.00276007969787289
0.00235087152536232
0.00210227307277247
0.00201309182377305
0.00216241171523711
0.00279204055113163
0.00197365795479605
0.00100809713817586
0.00014230367937087
-0.000874635090416249
-0.0016284959788914
-0.00154687465432127
-0.0012027552760013
-0.00108278811931083
-0.0011719770106914
-0.000334574825543793
0.00040468055772634
0.00110467093501655
0.00137098023520604
0.00164986757594023
0.00247772195294883
0.00275748683023296
0.0029542381883252
0.00289245757609893
0.00278292436484425
0.00239461945993234
0.0021306731898261
0.00172050380655339
0.00158640867883581
0.00132285997336732
0.000995714788908955
0
0
0
0
0
0
0
0
0
0
0
0
0
0
0
0
0
0
0
0
0
0
0
0
0
0
0
0
0
0
0
0
0
0
0
0
0
0
0
0
0
0
0
0
0
0
0
0
0
0
0
0
0
0
0
0
0.000925953067511544
0.00220337834097372
0.00357114114101012
0.00495362297808337
0.00609396356838142
0.00691916152230961
0.00746403012376314
0.00784995239092452
0.00799808968471697
0.00832830636296556
0.00848118384568458
0.00797384872990308
0.00687903505090534
0.00594690476703712
0.00511821277877172
0.00448153481561038
0.00403674906811858
0.00411664545283732
0.00419260379633796
0.00430490401373748
0.00355846244911657
0.00284993552234012
0.00220321566489025
0.00192388738906151
0.00217670119641151
0.00266565352153435
0.00267267708007492
0.00282060840830831
0.00296347437161147
0.00294652341986807
0.00267897508000871
0.00310697487622412
0.00400793540692229
0.00484153886135296
0.00535522876809389
0.00548828672710148
0.00536114750079813
0.00474668404992068
0.00387628634652675
0.00315283715622526
0.00198761073883004
0.00118057108426414
0.000673685912088536
0.000383854660266423
0.000115236873549151
-6.24132057774943e-05
0.000305003934258048
0.000972308694966736
0.00125346095074349
0.00111748889518913
0.000525297419005235
2.51345624733651e-05
-0.00054412926230968
-0.000867457866165095
-0.000800826892712666
-0.000494456463329438
0.000406228143537422
0.0010080259868077
0.00176702346419878
0.00255222491731118
0.0027544505700456
0.00271067300053305
0.00263808643920765
0.00302844380176494
0.00276238305859324
0.00244710934036124
0.00228326811269288
0.0022761354353277
0.00233974550015966
0.00292441801463197
0.00205884833544584
0.00106937738063604
0.000214785968938625
-0.000772529312216792
-0.00156059864565115
-0.00160204885471702
-0.00142333989786203
-0.00130279073358756
-0.00123261806865076
-0.000352762602954368
0.000409841207808221
0.00112818516003552
0.00133987794156486
0.00168163431576081
0.00252870082919107
0.00285976686188747
0.00316099947171443
0.00310287409823356
0.00294736231317317
0.00255478181155634
0.00227605866626646
0.00183410645353236
0
0
0
0
0
0
0
0
0
0
0
0
0
0
0
0
0
0
0
0
0
0
0
0
0
0
0
0
0
0
0
0
0
0
0
0
0
0
0
0
0
0
0
0
0
0
0
0
0
0
0
0
0
0
0
0
0
0
0.000922873716130463
0.00223450964174721
0.00356708751824124
0.00482359934421535
0.00601890565252172
0.00691657608808578
0.00760374559717602
0.00808022064590364
0.00842949234982755
0.00851360438217098
0.0086805812347007
0.00861804029146268
0.00778869439416568
0.00645430161336963
0.00544611935163659
0.00461929071542608
0.00400457743409012
0.00360408276411694
0.00375363323938033
0.00385057433387509
0.00389383950608311
0.00304302493637703
0.00229467831098116
0.00170873775798764
0.0015511369495078
0.00190796453601874
0.00250249743099532
0.00261148940571722
0.00280258965782482
0.00287770593270243
0.00283772922336517
0.00259160358664155
0.00316392844306585
0.00421602943954264
0.00508726066404762
0.00552677695870032
0.00555501504374271
0.00526866439870956
0.00456960213185446
0.00368370985426124
0.0030145762304606
0.00196001021964636
0.00123578918037443
0.000763590074829688
0.000496891489098438
0.000252461507827479
2.50792777060584e-05
0.000383626002057082
0.00104071655464547
0.00133670955110723
0.00132099670415456
0.000796447808275471
0.000293307238743943
-0.000274739088702897
-0.0007154747515821
-0.000733410573629291
-0.000403270533062858
0.000468981510149319
0.00108715024150329
0.00181617920591444
0.00256200250118505
0.00274567969092275
0.00270274244537692
0.00264212998066606
0.00302356676234611
0.00282269579264913
0.00255376585582477
0.00245455288001206
0.00242038931733391
0.00247421728578717
0.00302234445708515
0.0021316573205668
0.00112112004459014
0.000265438976834474
-0.00074168122805104
-0.00164100076690993
-0.00179234939498174
-0.00163975448727609
-0.00143738724257498
-0.00120992995418273
-0.000299370783853897
0.000434840318679995
0.00107490568827547
0.00126909244672314
0.00168914725993651
0.00253690331910777
0.00298499167804377
0.00330849583028116
0.00323865980001578
0.00307077396872174
0.00268273894371678
0
0
0
0
0
0
0
0
0
0
0
0
0
0
0
0
0
0
0
0
0
0
0
0
0
0
0
0
0
0
0
0
0
0
0
0
0
0
0
0
0
0
0
0
0
0
0
0
0
0
0
0
0
0
0
0
0
0
0
0.000860758575352846
0.00217345605877662
0.00357736798725273
0.00480977184881864
0.00585551902986083
0.00681213960320891
0.00753915038852319
0.00813481212512325
0.00850681927173833
0.00879076629369775
0.00879069906630248
0.00877913362400356
0.00842891124272162
0.00733952689852729
0.00590222042200103
0.00481944710674927
0.00401668033968392
0.00355205780073381
0.00327602020098617
0.0035028541839468
0.00357259994828782
0.00349025651938021
0.00252723574090668
0.00181843503358464
0.00134413236987316
0.0012936376091908
0.00179677093971677
0.00244802559345724
0.00260459618596611
0.00276933627444516
0.00278467347890626
0.00280178709916325
0.00266613671061838
0.00333099542711676
0.00443490982890301
0.00522558941780781
0.00553664646941295
0.00543804224175762
0.00505936171382546
0.00433162645115578
0.00350769026869578
0.0029122907220177
0.00198435981706776
0.00137087215275715
0.000971108560836336
0.000693709180461704
0.000380237883385895
8.39692389755696e-05
0.000376355342148915
0.00103099828224311
0.0014058055497517
0.00156707014653853
0.00102655178428185
0.000536457074842508
-5.8998559727708e-05
-0.000525993135876912
-0.000582099759148706
-0.000267176430581667
0.000631861322619636
0.0012124259437061
0.00185887533621988
0.00261344795145654
0.00284348048964291
0.00279557429186733
0.00270081082029924
0.00305918789642962
0.00288081574649712
0.00266332333626003
0.00253603232603045
0.00252553406912157
0.00254376655497022
0.00308251006476429
0.00216800672235546
0.00113028892435141
0.000254072899626823
-0.000886468334498089
-0.00186315386654553
-0.00196541092303257
-0.00176255020877852
-0.0015270468389051
-0.00117748615506629
-0.000221394339106909
0.000448505859785236
0.0010297242111507
0.00123790016347593
0.00171558074741647
0.00257041426406182
0.00304654369034376
0.00338648052684382
0.00330758084991805
0
0
0
0
0
0
0
0
0
0
0
0
0
0
0
0
0
0
0
0
0
0
0
0
0
0
0
0
0
0
0
0
0
0
0
0
0
0
0
0
0
0
0
0
0
0
0
0
0
0
0
0
0
0
0
0
0
0
0
0
0.000784737177177381
0.00202272636062065
0.00343566596625613
0.00478822032055859
0.00581327439679718
0.00662353461807315
0.00737797360740554
0.00798161994958209
0.00846291067827583
0.00872411526484496
0.00895104413070037
0.00884428065921773
0.00857402253312142
0.00800143617880848
0.00675013446691429
0.00523572736322984
0.0040983242646436
0.00342632754482976
0.00312333904237806
0.00303944454367231
0.00330978688675443
0.00327717208940671
0.0030777200052817
0.00208521807342619
0.00148551805828543
0.00112522104076208
0.00120438186842091
0.00178345712716455
0.00241635948705025
0.00255844603539513
0.00265905235003176
0.00266614855562057
0.00279130411819844
0.00277923006682798
0.00354361426519447
0.0045735773917905
0.00521933406951073
0.0054066647381696
0.00523300556998946
0.00479792213130166
0.0041198889233859
0.00337556587726572
0.00288043550732685
0.00211487369480149
0.00158324853762263
0.00120959878650135
0.000851584349280595
0.000445273058499694
9.39659707893991e-05
0.00032613781479642
0.00103555990300828
0.00154628876249667
0.00178107556463081
0.00123497232591793
0.000734942055193796
0.000116681166944423
-0.000370897475424978
-0.000431925892549169
-2.57120472010245e-05
0.000852708325883629
0.00133558423086933
0.00192445952605597
0.0027469128435233
0.00302709021003008
0.00292880502583236
0.00279266809119318
0.00308797679035076
0.00294431373574144
0.00271126421561745
0.00257135217105372
0.00251483736980634
0.00254973225531761
0.00304968178503009
0.00214953655631565
0.00108702791239392
0.000157660182312
-0.00107327223087917
-0.00198657596144889
-0.00205292856508172
-0.00179074127998425
-0.00153640567196744
-0.001108484054901
-0.000119758802840349
0.000472750920077038
0.00102477034596436
0.00125664891928127
0.00173447540148819
0.00254693314303544
0.00306475530207344
0.00338404698122241
0
0
0
0
0
0
0
0
0
0
0
0
0
0
0
0
0
0
0
0
0
0
0
0
0
0
0
0
0
0
0
0
0
0
0
0
0
0
0
0
0
0
0
0
0
0
0
0
0
0
0
0
0
0
0
0
0
0
0
0
0.00073035643656944
0.00185851026471124
0.00318808017684405
0.00455890250709889
0.005741628169507
0.00654308261290832
0.00715010986920532
0.00774022253260421
0.00819801477386525
0.00856861210880103
0.00877694348403093
0.00893375841479615
0.00864118702075989
0.0081979049252841
0.00745365965444043
0.00605316377357321
0.00445997969898465
0.00338287546566411
0.00286570005789405
0.00276701389063985
0.00289397939740394
0.00309214961568047
0.00298007133026476
0.00272211488419532
0.00181915058027029
0.00132306854107584
0.0010780983051819
0.00122978296153262
0.00180998248628092
0.00235578835891064
0.00239877323216
0.0024686441675139
0.00251652836308333
0.00275065402276547
0.00293451481227926
0.00369436914291267
0.00463291558487414
0.00513566484332552
0.0052309562355844
0.0049971884209906
0.00456855376939521
0.00398223367899692
0.00336150218287162
0.00296894261489652
0.00227804284686954
0.00176136383917211
0.00136110507286419
0.000935201155029389
0.000466568042598726
4.2789375520391e-05
0.000324331365390721
0.00116539575719756
0.00169991831789182
0.00192997321390575
0.00136143934678646
0.000855047522737633
0.000221266644700911
-0.000276201073484316
-0.000206054060182804
0.00027942228580748
0.00104383669412974
0.00146531454286221
0.00206670190614125
0.00293295150951125
0.00320492426583808
0.00307467565376502
0.00287496780196223
0.00309604791743118
0.00292285071744743
0.00270842890077188
0.00253747487036879
0.00245324455769106
0.00248476656703144
0.00298585686561066
0.00210408315480216
0
0
0
0
0
0
0
0
0
0
0
0
0
0
0
0
0
0
0
0
0
0
0
0
0
0
0
0
0
0
0
0
0
0
0
0
0
0
0
0
0
0
0
0
0
0
0
0
0
0
0
0
0
0
0
0
0
0
0
0
0
0
0
0
0
0
0
0
0
0
0
0
0
0
0
0.000752578447534547
0.00177749202061344
0.00296612049993687
0.00424352063707717
0.00547760754131729
0.00643165455082307
0.00703845337969801
0.00744174411713019
0.00788916298856421
0.00821818084294652
0.00853976284897149
0.00869764947930949
0.00873650317631567
0.00833073758943978
0.00768646147846604
0.00671405254396983
0.00523252653833697
0.00367447976103251
0.00275502148360887
0.00245906231003162
0.00252346157517105
0.00268464831778078
0.00283652699419186
0.00271915010587678
0.00251742749760793
0.00172863715463304
0.00132218084163467
0.00115270961029571
0.00129446085552804
0.00177943682706297
0.00212490771622806
0.00209136449472737
0.00219697428116317
0.00236127900490224
0.00277572693707757
0.0030478234881496
0.00381575980703332
0.00460168002124279
0.00500933215983017
0.00502634512641176
0.0047938420770014
0.00442555266348554
0.00397343256558148
0.0034447946028448
0.00310393525704873
0.00243990368035826
0.00190500137757004
0.00141227795715766
0.000937122622455224
0.000398230782732873
1.62537821752878e-05
0.000468590686353082
0.00127309365249805
0.0018160160919151
0.0020274990973689
0.00149736263063602
0.000913216982439302
0.000228486383585018
-0.000190548170056827
4.72144306478852e-05
0.000553189918577511
0.00121048830883549
0.00159368175479095
0.0022237698382151
0.00306922497988395
0.00330494983202214
0.00316975683341107
0.00292223083480649
0
0
0
0
0
0
0
0
0
0
0
0
0
0
0
0
0
0
0
0
0
0
0
0
0
0
0
0
0
0
0
0
0
0
0
0
0
0
0
0
0
0
0
0
0
0
0
0
0
0
0
0
0
0
0
0
0
0
0
0
0
0
0
0
0
0
0
0
0
0
0
0
0
0
0
0
0
0
0
0
0
0
0.000839606209048287
0.00183754828526263
0.00287116699473722
0.0039787671777865
0.00513133527224159
0.00616789066822766
0.00689160171836283
0.00726801728903165
0.00749674130260531
0.00783866334422959
0.00811082504718909
0.00839077423422383
0.00848625694195512
0.00848593600952942
0.00794240869267189
0.00699210842920463
0.00585578139910539
0.0043965189805221
0.00298395922224661
0.00228809100544079
0.0021683795754646
0.00228348306837428
0.00249797706162892
0.00267369235842222
0.00260042165377618
0.00243029827770001
0.00177024110938815
0.00142018706270268
0.00122872947942976
0.00127805369493925
0.00167823913537643
0.00176704907825725
0.00176501054984007
0.00199417999354539
0.00231913106639549
0.00282911811465112
0.00317428166431418
0.00382443258086451
0.00453495836620297
0.00486465202306153
0.00483756100734797
0.0046677424014134
0.0043851845399185
0.00402091910578738
0.00353072853936367
0.00324249104209781
0.00258104916162027
0.00195438962119752
0.00141354621690409
0.000886360360003892
0.000347875808713994
0.000141126895337286
0.000600563515015683
0.00140504308512442
0.00191969675396483
0.00213536702693527
0.00152243726579918
0.000893811158374365
0.000223207873478406
-7.10341860801399e-05
0.000227928001862253
0.000764077201639599
0.001348085495233
0.00168685256420956
0.00232861782956619
0.00312442547727654
0
0
0
0
0
0
0
0
0
0
0
0
0
0
0
0
0
0
0
0
0
0
0
0
0
0
0
0
0
0
0
0
0
0
0
0
0
0
0
0
0
0
0
0
0
0
0
0
0
0
0
0
0
0
0
0
0
0
0
0
0
0
0
0
0
0
0
0
0
0
0
0
0
0
0
0
0
0
0
0
0
0
0
0
0.000873681285294157
0.00199686833976229
0.00295787905747263
0.00386102771318784
0.00483996364046897
0.00580899556782364
0.0066320744130308
0.00711926964781373
0.00729724669230396
0.00739552009455562
0.00769199382634513
0.00791790448550678
0.0082004900433238
0.00827318513965283
0.00815757830433264
0.00736386441054508
0.00622644115510375
0.00505279244952821
0.00373174886892873
0.00253266391528197
0.00206926294667223
0.00198989457925171
0.0021477397099382
0.00243652078567257
0.00257845516498912
0.00249626553627218
0.00239759043713189
0.00187111588646708
0.00152881271213217
0.00126961865549459
0.00127065957407137
0.00153285515455274
0.00146768456475793
0.00156391728282898
0.0018997092370715
0.00232045474216034
0.0029042786706403
0.00324482377279871
0.00384420682647683
0.00446224422675833
0.00474884500821725
0.0047339024608088
0.00461044790666704
0.00435520968813553
0.00407203195407629
0.0036423531536345
0.00337813351589608
0.00263599346261023
0.00197407211233754
0.00140216605774609
0.000856964188587006
0.000367156949070561
0.000280433037561284
0.000791331210469148
0.00151788305002983
0.00195385528141148
0.00208369633625794
0.00148363307232143
0.000831704816234897
0.000212541939001492
-7.08715083401289e-05
0.00034060833045668
0
0
0
0
0
0
0
0
0
0
0
0
0
0
0
0
0
0
0
0
0
0
0
0
0
0
0
0
0
0
0
0
0
0
0
0
0
0
0
0
0
0
0
0
0
0
0
0
0
0
0
0
0
0
0
0
0
0
0
0
0
0
0
0
0
0
0
0
0
0
0
0
0
0
0
0
0
0
0
0
0
0
0
0
0
0
0
0
0.000887272376730689
0.00203713174222933
0.00315641438801354
0.00396318005246743
0.00471440852966277
0.00547024820193502
0.0062532214812699
0.00687422022522358
0.00714442705705961
0.00714299933941636
0.00713603669168187
0.00743480546919945
0.00765740530355505
0.00796138115532253
0.00794099326523305
0.00764064072012028
0.00666980133035915
0.00550737439693214
0.00443079963907461
0.00331095359178076
0.00231982443655751
0.00200196330199304
0.00195517535755815
0.00216585673759196
0.00239896556456853
0.00248393787723797
0.00240231873921051
0.00238553765539197
0.00197156792031726
0.00158998340507965
0.00128715105395508
0.00125815098408922
0.00138956040291039
0.00126711652480976
0.00145138830581017
0.00190014234020945
0.00241885928174977
0.0030330119525175
0.00330368531403277
0.00381508325900642
0.0043892116566472
0.00467416259364422
0.00463823991980466
0.00448907215618243
0.00429358963683489
0.00413254839723979
0.00375742496216041
0.00343984923452127
0.00263340654468435
0.00193567598547975
0.00137478121386752
0.000865090935969203
0.000481527039714761
0.000470109814349733
0
0
0
0
0
0
0
0
0
0
0
0
0
0
0
0
0
0
0
0
0
0
0
0
0
0
0
0
0
0
0
0
0
0
0
0
0
0
0
0
0
0
0
0
0
0
0
0
0
0
0
0
0
0
0
0
0
0
0
0
0
0
0
0
0
0
0
0
0
0
0
0
0
0
0
0
0
0
0
0
0
0
0
0
0
0
0
0
0
0
0
0
0
0
0
0
0.000907310990473418
0.00206047014194337
0.00318950137234471
0.00418154195522245
0.00484302011608758
0.00537558776843938
0.00590462423457148
0.00650828501760684
0.00693155512074214
0.00701346798475601
0.00685620226591922
0.00675993607479203
0.00707208778882281
0.0073497799401071
0.00762340536417251
0.00748267340011664
0.00703436667415239
0.00598524725957582
0.00487917609399256
0.00399723539334698
0.00308761303499343
0.00224789978653643
0.00201545538462802
0.00199792699981551
0.00215689605245588
0.0023696159106676
0.00244020081778255
0.00237136107461321
0.00239717080181013
0.00202802156668062
0.00160625909010569
0.00130156437721352
0.00126681298039982
0.00128994515535375
0.00117739664610064
0.00144592345276315
0.00202338967436015
0.00261502089454384
0.00317178365060299
0.0033526839495005
0.0038027401587109
0.00433942493669053
0.00454484642934217
0.00443710703661535
0.00432239346290113
0.00424762247137212
0.00422604993458899
0.00383351520096452
0.0034423075561016
0.00259560791503491
0.00188290344819381
0.00139803942761826
0
0
0
0
0
0
0
0
0
0
0
0
0
0
0
0
0
0
0
0
0
0
0
0
0
0
0
0
0
0
0
0
0
0
0
0
0
0
0
0
0
0
0
0
0
0
0
0
0
0
0
0
0
0
0
0
0
0
0
0
0
0
0
0
0
0
0
0
0
0
0
0
0
0
0
0
0
0
0
0
0
0
0
0
0
0
0
0
0
0
0
0
0
0
0
0
0
0
0.000956537940164268
0.00212412731754108
0.00326160714271397
0.00423013258527252
0.00506245102220914
0.00552265053551025
0.00585055357924407
0.00616722842814234
0.00659712048301208
0.00683630974599967
0.00675347025481432
0.00641035554197837
0.00624224993349324
0.00666279129769402
0.00701270253193468
0.00723613411780723
0.00693004720700097
0.00638486653471769
0.00531580228848022
0.00437725622957078
0.00371085837466224
0.00299138772531977
0.00226707271871169
0.00204645343838738
0.00198310812509685
0.00210029807870937
0.00237987115118516
0.00248429726030209
0.00243926884988659
0.00243729150663461
0.00204620688469693
0.00161483011114797
0.00129868436779813
0.00122221758920162
0.00122120240035979
0.00117752935090919
0.00157719097075221
0.00226492582462901
0.00284294262212693
0.00331044795064701
0.0034260485590275
0.00378290289427629
0.00420141529750902
0.00429363381663347
0.00419588777031023
0.00417830912467711
0.00424807808860286
0.00432508173620479
0.00388270725895232
0.00343007769295699
0.0025569418686919
0.00189722090513433
0
0
0
0
0
0
0
0
0
0
0
0
0
0
0
0
0
0
0
0
0
0
0
0
0
0
0
0
0
0
0
0
0
0
0
0
0
0
0
0
0
0
0
0
0
0
0
0
0
0
0
0
0
0
0
0
0
0
0
0
0
0
0
0
0
0
0
0
0
0
0
0
0
0
0
0
0
0
0
0
0
0
0
0
0
0
0
0
0
0
0
0
0
0
0
0
0
0
0.00096715381272698
0.00223219791165968
0.00338622210453114
0.00434905097870863
0.00510126774333541
0.00569757277105562
0.00596699345295612
0.00611160419580432
0.0062492941958148
0.0065091601321873
0.00658277674599708
0.0063444379412519
0.00589522284123657
0.00579423016472901
0.00632981863413816
0.00668766711722754
0.00677679600288218
0.00631754904908457
0.00568318503190457
0.00467559336136423
0.00396215206460845
0.00355468100103339
0.00299375141158357
0.00229391835381059
0.00200195710225784
0.0019023088863976
0.00207564580936954
0.00242628602248266
0.00258515041223895
0.00251372145328248
0.00247606875816823
0.00204034522538441
0.00160698712947851
0.00128603452612062
0.00122557525238908
0.00125651618143184
0.00134017028761054
0.0018454505020652
0.00252838119584727
0.00303915634585923
0.00343189854210513
0.00342238249974958
0.00362561776018176
0.00391539024782875
0.00398797270879115
0.0039811330649767
0.00410158927268209
0.00426766101793875
0.00437604566264786
0.00390384026789746
0.00340446812138096
0.00257005861383176
0.00195031975113319
0
0
0
0
0
0
0
0
0
0
0
0
0
0
0
0
0
0
0
0
0
0
0
0
0
0
0
0
0
0
0
0
0
0
0
0
0
0
0
0
0
0
0
0
0
0
0
0
0
0
0
0
0
0
0
0
0
0
0
0
0
0
0
0
0
0
0
0
0
0
0
0
0
0
0
0
0
0
0
0
0
0
0
0
0
0
0
0
0
0
0
0
0
0
0
0
0
0.000935806902636223
0.00222034311111691
0.00354832582051628
0.00452402957855199
0.00524288341620282
0.0057153874102528
0.00608318526166324
0.00619243725581036
0.00616550029137269
0.00614437545932766
0.00622967751408117
0.00618089152097208
0.00588848976228295
0.00542660727610938
0.00547736542096261
0.0060522348172055
0.00635526009496569
0.00624929808367001
0.00564351385100518
0.00500000048392004
0.00408386457423262
0.00369050363957944
0.00351810527154969
0.00301818543138695
0.00226842328234968
0.00185793551553563
0.00180215570686858
0.00206065521901459
0.00249060788263611
0.00264438273743484
0.00261736552502142
0.00248486739311633
0.00202103874581108
0.0015926318736639
0.00129011579386875
0.00128487922790984
0.00141218645988623
0.00162507785106182
0.00211504472097129
0.00274839165286255
0.00314997073666572
0.00343252018964752
0.00328280558063095
0.0033210750494719
0.00356975087512244
0.00371345131334355
0.00386921890948635
0.00409486025225224
0.00429640115213863
0.00438915070604892
0.00386651462159534
0.00342045841319864
0.00260431839570878
0
0
0
0
0
0
0
0
0
0
0
0
0
0
0
0
0
0
0
0
0
0
0
0
0
0
0
0
0
0
0
0
0
0
0
0
0
0
0
0
0
0
0
0
0
0
0
0
0
0
0
0
0
0
0
0
0
0
0
0
0
0
0
0
0
0
0
0
0
0
0
0
0
0
0
0
0
0
0
0
0
0
0
0
0
0
0
0
0
0
0
0
0
0
0
0
0
0.00090092478631485
0.00214372064196044
0.00352166692911076
0.00475002992099449
0.00546202684469326
0.00587258092199933
0.00606855553456663
0.00625696636211469
0.00622018581537234
0.00605668297931386
0.00586561102861312
0.00581225649154434
0.00575883912336379
0.00551664384446206
0.00520255108243599
0.00530622252234005
0.0058387056965866
0.00596810290875698
0.00568927185439869
0.00502949806787856
0.00436435056318809
0.00370095293568314
0.00358277355138541
0.00355831347009291
0.00300803421893338
0.00210699577589989
0.00163204606086725
0.00164812117644626
0.00202174752881785
0.00238282786176029
0.00267600517325067
0.00263643544061893
0.00250730972569196
0.00202482682684338
0.00157541189516487
0.00136082724769041
0.00144906987167864
0.00166578704369998
0.00187190062416748
0.00229908017771821
0.00283811908392679
0.00304771172140085
0.00322622338849145
0.00293084751012385
0.00290916296315526
0.00322181462920548
0.00355314035469547
0.00385028448567998
0.00410772350699681
0.00425233785012688
0.0042591307583345
0.00384626472466461
0.00342700102957809
0
0
0
0
0
0
0
0
0
0
0
0
0
0
0
0
0
0
0
0
0
0
0
0
0
0
0
0
0
0
0
0
0
0
0
0
0
0
0
0
0
0
0
0
0
0
0
0
0
0
0
0
0
0
0
0
0
0
0
0
0
0
0
0
0
0
0
0
0
0
0
0
0
0
0
0
0
0
0
0
0
0
0
0
0
0
0
0
0
0
0
0
0
0
0
0
0
0.000824967260789562
0.00208808921520529
0.00345080739229381
0.0047559391368044
0.00570792512604604
0.00607145631694684
0.00619331012525773
0.00620457414107559
0.00626839181484983
0.00612969628925186
0.00579794904357081
0.00545033146452475
0.00538363065880624
0.0053962317306275
0.00528734309101314
0.00504161510306361
0.00519646566299386
0.00557815374787446
0.00552381187082465
0.00514042779979447
0.00447616337901509
0.00389267722409761
0.00345218295273544
0.00358223248139611
0.00355290560933946
0.00284923423749992
0.00185767424368236
0.00136671279152501
0.00152098571633625
0.00191942355666173
0.0023808835951173
0.00271054128263244
0.00272845391027336
0.00255724252990928
0.00196321715411735
0.00157510918692827
0.0014822675142137
0.0016395131883915
0.00181413940825724
0.00198026341014455
0.00236676217885675
0.00271684230453938
0.00272593401380967
0.00282465447783119
0.00252005290009614
0.00251067699875739
0.00296920947358287
0.00346144844479447
0.0038622248868693
0.00405943406285723
0.00410743217961009
0.00417179859957119
0.00377896438779049
0
0
0
0
0
0
0
0
0
0
0
0
0
0
0
0
0
0
0
0
0
0
0
0
0
0
0
0
0
0
0
0
0
0
0
0
0
0
0
0
0
0
0
0
0
0
0
0
0
0
0
0
0
0
0
0
0
0
0
0
0
0
0
0
0
0
0
0
0
0
0
0
0
0
0
0
0
0
0
0
0
0
0
0
0
0
0
0
0
0
0
0
0
0
0
0
0
0.000894654304331239
0.00205272200950248
0.00337345653981668
0.00461454634114328
0.00565142482104819
0.00628466438156476
0.00635111109690672
0.00629375192974558
0.00618697368298485
0.00615115232803137
0.0059052834632596
0.00544884755276691
0.00509841857740749
0.0050439227249744
0.0051452979633439
0.00511956787637289
0.00499749657965148
0.00511277732616118
0.00530736328022104
0.00509951505586514
0.00463393363297779
0.00401716781117911
0.00355901681479473
0.00339336459577163
0.00355315776183098
0.00339575509799577
0.00260667007874263
0.00157721066988522
0.00118607482639895
0.00142889723987161
0.0018808291435087
0.00237965534815267
0.00284549173268859
0.00280535885044948
0.00255322684014591
0.00196676687738166
0.00164942368699703
0.0016342589345057
0.00175220420220561
0.00187139487215487
0.00200960056364566
0.00221761677233783
0.00238373663351651
0.00229571672539752
0.00240301268761611
0.00213945009649245
0.00228257037421013
0.00289537305986382
0.00348787707955402
0.00387679384089229
0.00393681670368729
0.00392027794735746
0
0
0
0
0
0
0
0
0
0
0
0
0
0
0
0
0
0
0
0
0
0
0
0
0
0
0
0
0
0
0
0
0
0
0
0
0
0
0
0
0
0
0
0
0
0
0
0
0
0
0
0
0
0
0
0
0
0
0
0
0
0
0
0
0
0
0
0
0
0
0
0
0
0
0
0
0
0
0
0
0
0
0
0
0
0
0
0
0
0
0
0
0
0
0
0
0
0
0.000911782653041122
0.00220706641626739
0.00337377557228412
0.00451820989820713
0.0054797590037055
0.00620689808848479
0.00655462206873401
0.00640615588497299
0.0062906487478718
0.00608184618302937
0.00597570987427735
0.00563970056770948
0.00515517149675365
0.00485254796271376
0.00481917168312324
0.00495062010551414
0.00502374326708118
0.00496774411304852
0.00497063891489845
0.00499929899734866
0.00464658270600705
0.00418497788169092
0.00368029695340068
0.00344335300588736
0.00339820657087664
0.00341231634966549
0.00317712807412242
0.00235474692100367
0.00138913328747585
0.00112772878951213
0.0013994637914536
0.00190923026370275
0.00254616626317684
0.00303507120199741
0.00288498294720469
0.00262910411808968
0.00207787526027349
0.00177617650648937
0.00173741687825245
0.0017141703381629
0.00180590759888362
0.00184343876624145
0.00188087926729832
0.00198757665099455
0.00194630613748762
0.00209414686676694
0.00196821029315719
0.00228088270650388
0.00295642712309698
0.00353573012355432
0.00382362110363407
0
0
0
0
0
0
0
0
0
0
0
0
0
0
0
0
0
0
0
0
0
0
0
0
0
0
0
0
0
0
0
0
0
0
0
0
0
0
0
0
0
0
0
0
0
0
0
0
0
0
0
0
0
0
0
0
0
0
0
0
0
0
0
0
0
0
0
0
0
0
0
0
0
0
0
0
0
0
0
0
0
0
0
0
0
0
0
0
0
0
0
0
0
0
0
0
0
0
0
0.000874249525532685
0.00219615517851783
0.00353046012365756
0.00453787357605295
0.00541335407782359
0.00607900964729932
0.00653844510527306
0.00669529657067734
0.00643196959711445
0.00626725446264351
0.0059764665330412
0.0057903690702638
0.00545246992973671
0.00498212913299028
0.00475092159054699
0.00469671364049052
0.00484538997662876
0.00494107670889779
0.00485317646935184
0.00474973765357064
0.0046422309407418
0.00423126590444455
0.00383937624198137
0.00351364366833456
0.00343589305053909
0.00339799723908495
0.00330355753703485
0.00300141765516607
0.00221251746556889
0.00132647485545481
0.00114592139628034
0.00147265472190418
0.00211431021475992
0.0028193245017334
0.00326467276049234
0.00301939271657898
0.00280387829695736
0.00224947579666012
0.00191666955446885
0.00171807229511831
0.0015654303093036
0.00160782712602991
0.00153574962346167
0.00148606106644922
0.0016712150988827
0.00173986305313996
0.00198225194785386
0.00197316841352563
0.00232398331243268
0.00297794863847522
0
0
0
0
0
0
0
0
0
0
0
0
0
0
0
0
0
0
0
0
0
0
0
0
0
0
0
0
0
0
0
0
0
0
0
0
0
0
0
0
0
0
0
0
0
0
0
0
0
0
0
0
0
0
0
0
0
0
0
0
0
0
0
0
0
0
0
0
0
0
0
0
0
0
0
0
0
0
0
0
0
0
0
0
0
0
0
0
0
0
0
0
0
0
0
0
0
0
0
0
0.0008244700071362
0.00210166117414485
0.00353330130142166
0.00474176181754798
0.00549026167991609
0.00604026645022631
0.00646177192864891
0.00676702795915312
0.00685164819515337
0.00649137914685424
0.00625031139671601
0.00589830549953965
0.00569768518952369
0.00538325992070106
0.00493962796904648
0.00471946650535325
0.00463677911050996
0.00473423478994603
0.00476019740238073
0.00463400633823664
0.00445206842530919
0.00426677184995233
0.00386853803032842
0.00365368099691627
0.00356360288620655
0.00360450835185339
0.0035056265554126
0.00330207523069031
0.00297040525030344
0.00219660972972912
0.00133773850584891
0.00127316510494108
0.00171774352333237
0.00241171689234236
0.00311722716067655
0.00348256851394842
0.00322036183771626
0.0030420665062871
0.00244435188247717
0.00193333868502141
0.00157039012443473
0.00130696620522089
0.00126121690178036
0.00112305122350823
0.0011929962289192
0.00153105719346756
0.00171008352257633
0.0020016190548003
0
0
0
0
0
0
0
0
0
0
0
0
0
0
0
0
0
0
0
0
0
0
0
0
0
0
0
0
0
0
0
0
0
0
0
0
0
0
0
0
0
0
0
0
0
0
0
0
0
0
0
0
0
0
0
0
0
0
0
0
0
0
0
0
0
0
0
0
0
0
0
0
0
0
0
0
0
0
0
0
0
0
0
0
0
0
0
0
0
0
0
0
0
0
0
0
0
0
0
0
0
0
0.000800092320597985
0.00197866350277822
0.00344150145221357
0.00479689002014466
0.00573145431487876
0.00620302011397623
0.0064734964926293
0.006727136219391
0.00697827922049204
0.00700472504058586
0.00657337455638778
0.00625608658615339
0.00589110136521949
0.00565956687526761
0.00544589611543655
0.00494169071353431
0.00471163520741486
0.00459190613975254
0.00450745354796931
0.00446691456157437
0.00428248415764976
0.00408624748512178
0.00391383675012631
0.00363221218406726
0.00367948201349353
0.00380118366528188
0.00389324382773801
0.00366555077121319
0.00342131497510662
0.00302530336096626
0.00224120539540617
0.00147065556844313
0.00156464126565584
0.00198053522254702
0.00272671789597907
0.00341899582030453
0.00372439502491805
0.0034757644793646
0.00332684732106542
0.00255313273192522
0.00185506552926703
0.00130694679279945
0.000962208239521132
0.000853700171708659
0.000839820894106813
0.00108957589726879
0
0
0
0
0
0
0
0
0
0
0
0
0
0
0
0
0
0
0
0
0
0
0
0
0
0
0
0
0
0
0
0
0
0
0
0
0
0
0
0
0
0
0
0
0
0
0
0
0
0
0
0
0
0
0
0
0
0
0
0
0
0
0
0
0
0
0
0
0
0
0
0
0
0
0
0
0
0
0
0
0
0
0
0
0
0
0
0
0
0
0
0
0
0
0
0
0
0
0
0
0
0
0
0
0.000772034999305008
0.0018649716762283
0.00321517294337536
0.00468468632799628
0.00581837685284521
0.00648642032262268
0.00670802601458652
0.00678268537919126
0.00698020560334245
0.00719592749528055
0.0071553255308472
0.00663475184604199
0.00625951906713768
0.00584291998839875
0.00564652018873334
0.00543054999005318
0.00483973181256154
0.00461988306266183
0.00437058108364238
0.00414579298276481
0.0040859957789529
0.00391088728085754
0.00375974237206256
0.00367143775932515
0.00355764273834139
0.00376765990222671
0.00399841055835895
0.00411618147785551
0.00379005259833522
0.00351422151066361
0.00308295665956535
0.0023461442752281
0.00166132354527586
0.0017514038049139
0.00222377105616423
0.00296912774008679
0.00365480342399855
0.0039180266683447
0.00373883938196349
0.00346361483206139
0.00247351356047867
0.00162379189663871
0
0
0
0
0
0
0
0
0
0
0
0
0
0
0
0
0
0
0
0
0
0
0
0
0
0
0
0
0
0
0
0
0
0
0
0
0
0
0
0
0
0
0
0
0
0
0
0
0
0
0
0
0
0
0
0
0
0
0
0
0
0
0
0
0
0
0
0
0
0
0
0
0
0
0
0
0
0
0
0
0
0
0
0
0
0
0
0
0
0
0
0
0
0
0
0
0
0
0
0
0
0
0
0
0
0
0
0
0.000697927819416092
0.00178036886636674
0.00297626040113819
0.00432295163868215
0.00567131151799382
0.0065834537410258
0.00703374745769594
0.00711981132584099
0.00712179493426921
0.00725233204246379
0.00739395576291106
0.00727705841263645
0.00667997270823224
0.0062155910447777
0.0057897885330361
0.00553177355959829
0.00518418840837453
0.00460486758933594
0.00436216630078661
0.00401813204835642
0.00378496610182157
0.00372900514521363
0.0036165482823578
0.00354569786798942
0.00357569748048843
0.00355508222322952
0.00383483969461493
0.00411310441420711
0.00426819726713668
0.0039217972587536
0.00357800529313905
0.00315985103053755
0.00248607962100391
0.00181588553608937
0.0019246714764891
0.00240409596367788
0.00310786508667274
0.00375387856302332
0.00405625249255038
0.00381531460350038
0
0
0
0
0
0
0
0
0
0
0
0
0
0
0
0
0
0
0
0
0
0
0
0
0
0
0
0
0
0
0
0
0
0
0
0
0
0
0
0
0
0
0
0
0
0
0
0
0
0
0
0
0
0
0
0
0
0
0
0
0
0
0
0
0
0
0
0
0
0
0
0
0
0
0
0
0
0
0
0
0
0
0
0
0
0
0
0
0
0
0
0
0
0
0
0
0
0
0
0
0
0
0
0
0
0
0
0
0
0
0.000693262179081798
0.00164802020445306
0.00282101938464413
0.00398835729432813
0.00522796593942285
0.00642908122877101
0.00714823632269012
0.00749746741686776
0.00755174433413243
0.00749723756275111
0.00748717680077067
0.00754722347957024
0.00732914287102959
0.0066467561003176
0.00611073865783643
0.00564007191165132
0.00528304021718147
0.00487244413940306
0.00423358177847186
0.00400949227756044
0.00371223598869612
0.00351350368394698
0.00347582619866857
0.00342288655368545
0.00342256432731641
0.00351753105882566
0.00355516522063525
0.00391156756630527
0.00426834912189051
0.00444569771861702
0.00405916355889088
0.00369414156934615
0.00326856333958846
0.00263247241997533
0.00194521557050279
0.00202589590740451
0.00249958998313219
0.00318024210879136
0.00385493889714687
0
0
0
0
0
0
0
0
0
0
0
0
0
0
0
0
0
0
0
0
0
0
0
0
0
0
0
0
0
0
0
0
0
0
0
0
0
0
0
0
0
0
0
0
0
0
0
0
0
0
0
0
0
0
0
0
0
0
0
0
0
0
0
0
0
0
0
0
0
0
0
0
0
0
0
0
0
0
0
0
0
0
0
0
0
0
0
0
0
0
0
0
0
0
0
0
0
0
0
0
0
0
0
0
0
0
0
0
0
0
0
0.000688944099799133
0.00162619653055062
0.00263818631071601
0.00377456697161084
0.00486229216956859
0.00596115987694591
0.00699461597294222
0.00762673796525393
0.00794238827189084
0.00799700152480569
0.0077964247893338
0.00765198210253993
0.00758213263418019
0.00723941154433354
0.00651519337872559
0.00591221821039061
0.00538178876272206
0.0049507934775002
0.00441250053427818
0.00385220921691856
0.00376724008762687
0.00354360419165672
0.00338295370603845
0.00336569183623522
0.00334775569303325
0.00333448016026932
0.00351113716112609
0.00365787189960399
0.00409584273557792
0.00447996532657366
0.00465648250793461
0.00424811793212921
0.00379613611945587
0.00337173306128904
0.00273793411391907
0.00200556685693731
0.00207934384587321
0.00258302512084407
0
0
0
0
0
0
0
0
0
0
0
0
0
0
0
0
0
0
0
0
0
0
0
0
0
0
0
0
0
0
0
0
0
0
0
0
0
0
0
0
0
0
0
0
0
0
0
0
0
0
0
0
0
0
0
0
0
0
0
0
0
0
0
0
0
0
0
0
0
0
0
0
0
0
0
0
0
0
0
0
0
0
0
0
0
0
0
0
0
0
0
0
0
0
0
0
0
0
0
0
0
0
0
0
0
0
0
0
0
0
0
0
0.000641705527332625
0.00164766803196877
0.00261444424122511
0.00355067766039862
0.00463340642458775
0.00559446950631386
0.00657883575900174
0.0075347345991114
0.00811343290014144
0.00839867389846197
0.00835862891925544
0.00804296109175805
0.00774312573679806
0.00750979022405096
0.00701204615480415
0.00623094462436493
0.00563542313200665
0.00505715091962004
0.0044956249466836
0.00393458649105326
0.00358342742772523
0.00361572503076597
0.00346673321075574
0.00331860680456855
0.00328508795807186
0.00328805916914944
0.0033108511355689
0.00362238937674323
0.00386029786770854
0.00434793752458328
0.00472716859794828
0.0048989076743447
0.0043680408790843
0.00385849532233979
0.00341344089391599
0.00275178375452649
0.00204911710801941
0.00212115708284744
0
0
0
0
0
0
0
0
0
0
0
0
0
0
0
0
0
0
0
0
0
0
0
0
0
0
0
0
0
0
0
0
0
0
0
0
0
0
0
0
0
0
0
0
0
0
0
0
0
0
0
0
0
0
0
0
0
0
0
0
0
0
0
0
0
0
0
0
0
0
0
0
0
0
0
0
0
0
0
0
0
0
0
0
0
0
0
0
0
0
0
0
0
0
0
0
0
0
0
0
0
0
0
0
0
0
0
0
0
0
0
0
0.000574053847954298
0.00150326646132733
0.00260444923966148
0.0034882314913985
0.00439273740081634
0.0054129868288489
0.0062668497704839
0.00721909958047374
0.00813125224774946
0.00861239674663036
0.0087940252707747
0.00861664470428925
0.00816207354002953
0.00767537210301721
0.00725487137826182
0.0066359380481848
0.00586194366712576
0.00530200250532124
0.00461421295237468
0.00400728998710684
0.0035895855339494
0.00334933003582052
0.00345776297393227
0.0033689284102068
0.00318701938401506
0.00318090552173102
0.00323896581281736
0.00340634858768505
0.00381044903919339
0.00410873947953009
0.00459544205357307
0.00498537034964441
0.00506215696515026
0.00440704784402995
0.0038599945408744
0.0033779121820252
0.00271195181262479
0
0
0
0
0
0
0
0
0
0
0
0
0
0
0
0
0
0
0
0
0
0
0
0
0
0
0
0
0
0
0
0
0
0
0
0
0
0
0
0
0
0
0
0
0
0
0
0
0
0
0
0
0
0
0
0
0
0
0
0
0
0
0
0
0
0
0
0
0
0
0
0
0
0
0
0
0
0
0
0
0
0
0
0
0
0
0
0
0
0
0
0
0
0
0
0
0
0
0
0
0
0
0
0
0
0
0
0
0
0
0
0
0
0.000613317896923035
0.00137639180259889
0.0023548710323648
0.00339454803823411
0.00423319099594971
0.0051521336888112
0.00612832461166924
0.00697114219984453
0.00790641203440005
0.00871961439444982
0.00906152921803643
0.00906007178619681
0.00870102197107662
0.00808574206538604
0.00745395053355549
0.00689994250788791
0.00623866309934599
0.00549181632185342
0.00486878758533146
0.00414242488315699
0.00357362419667175
0.00320495486711743
0.00304458502709401
0.00323847302840709
0.00314669003904942
0.00302631250859855
0.00308688325646139
0.00327320017230865
0.00352219236433533
0.00399534468602999
0.00432208976389723
0.00475994688865943
0.00506016378569805
0.00503505272608839
0.00436520005336873
0.00379337912052963
0
0
0
0
0
0
0
0
0
0
0
0
0
0
0
0
0
0
0
0
0
0
0
0
0
0
0
0
0
0
0
0
0
0
0
0
0
0
0
0
0
0
0
0
0
0
0
0
0
0
0
0
0
0
0
0
0
0
0
0
0
0
0
0
0
0
0
0
0
0
0
0
0
0
0
0
0
0
0
0
0
0
0
0
0
0
0
0
0
0
0
0
0
0
0
0
0
0
0
0
0
0
0
0
0
0
0
0
0
0
0
0
0
0
0.000653216815178307
0.00143792152102034
0.00220815661079071
0.00306585549729367
0.00404098449892891
0.0049219919048841
0.00582890101255631
0.00685864561829423
0.00772335430551036
0.00857466026128276
0.00923778663645436
0.0093655833373165
0.00907375127215865
0.00857278524969262
0.00789563803189736
0.00720515766268358
0.00655095027558243
0.00585276441498676
0.00509225298367638
0.00442703570478255
0.00368011299808242
0.0030881634736937
0.00273747224164013
0.00267933984442564
0.00290426103321062
0.00291048496244207
0.00289629633576643
0.00303890732683106
0.00328555533731079
0.00364833672793614
0.00413825757324737
0.00444831341173073
0.00474178292681187
0.00493271246577422
0.00490672348228429
0.00431192843894031
0.00367186117629362
0
0
0
0
0
0
0
0
0
0
0
0
0
0
0
0
0
0
0
0
0
0
0
0
0
0
0
0
0
0
0
0
0
0
0
0
0
0
0
0
0
0
0
0
0
0
0
0
0
0
0
0
0
0
0
0
0
0
0
0
0
0
0
0
0
0
0
0
0
0
0
0
0
0
0
0
0
0
0
0
0
0
0
0
0
0
0
0
0
0
0
0
0
0
0
0
0
0
0
0
0
0
0
0
0
0
0
0
0
0
0
0
0
0.000756192127821076
0.00158445179724554
0.00230552924839639
0.00289358593311496
0.00366008631596973
0.0046438358025849
0.00553762839579475
0.0065094311980699
0.00758916565157466
0.00839661581297858
0.00910396854874521
0.00952766859611672
0.00936607539366532
0.0089037622071809
0.00834091964056704
0.00766653709868448
0.00688830486258859
0.00617682013764551
0.0054408563629076
0.00472838222713598
0.00393072320593714
0.00315220265037857
0.00254493261885955
0.00225834529327028
0.00224033538291499
0.00262302375166607
0.0027138331904101
0.00274411582873956
0.00295927076867704
0.00331978871647782
0.00374599053188281
0.00417023765305207
0.00437529717642494
0.00456426317294661
0.00477715976177951
0.00483819556846875
0.00425746442312321
0.00358264839501918
0.00296455377841553
0
0
0
0
0
0
0
0
0
0
0
0
0
0
0
0
0
0
0
0
0
0
0
0
0
0
0
0
0
0
0
0
0
0
0
0
0
0
0
0
0
0
0
0
0
0
0
0
0
0
0
0
0
0
0
0
0
0
0
0
0
0
0
0
0
0
0
0
0
0
0
0
0
0
0
0
0
0
0
0
0
0
0
0
0
0
0
0
0
0
0
0
0
0
0
0
0
0
0
0
0
0
0
0
0
0
0
0
0
0
0
0.000847848667178436
0.00182784001147256
0.00255694250120902
0.00307689183338169
0.00355258848495783
0.0042410592115874
0.00519455539226142
0.00612119331411964
0.0071474344638883
0.00817617674161736
0.00887654272678767
0.00934530800380796
0.00946103674794918
0.00912360706896093
0.00858950995980235
0.00806514115805928
0.00731749835590451
0.00653114561169581
0.00577272518702097
0.00509144549544718
0.00426307148572225
0.00337334294369073
0.00256845205086855
0.00202460374634473
0.00181570373735135
0.00194996488613527
0.00240455561745855
0.00249475719580476
0.00259947883160896
0.00294693034558735
0.00333270910488465
0.00374516265531947
0.004025829120457
0.00414750199102802
0.00430661730222993
0.00459967110538369
0.0047596511474688
0.0041649174144952
0.00342054951886412
0.00292662705591621
0.00249148792003387
0.00192916825837503
0
0
0
0
0
0
0
0
0
0
0
0
0
0
0
0
0
0
0
0
0
0
0
0
0
0
0
0
0
0
0
0
0
0
0
0
0
0
0
0
0
0
0
0
0
0
0
0
0
0
0
0
0
0
0
0
0
0
0
0
0
0
0
0
0
0
0
0
0
0
0
0
0
0
0
0
0
0
0
0
0
0
0
0
0
0
0
0
0
0
0
0
0
0
0
0
0
0
0
0
0
0
0
0
0
0
0
0
0.000855842361574167
0.00206917936620282
0.00295729019619876
0.00347087612960436
0.00380690918885517
0.00415581697631232
0.00475338891996667
0.00571345182464493
0.00662979461297393
0.00760641090598005
0.00854963203957192
0.00905004030511512
0.00925346142268011
0.00913608456809321
0.00868846790034211
0.00819558467609297
0.00764641073102366
0.00694301307303452
0.00615441914996437
0.00540224535424234
0.00468284661833277
0.00373577796286544
0.00277752363446042
0.002018233245176
0.00161582385898333
0.00153843465387789
0.00170042292780227
0.00213649007060699
0.0022440478590928
0.00248931722906227
0.00291525231816757
0.00328068561765875
0.00352067055431929
0.00372164438449122
0.00383203003347729
0.00402244347108697
0.00437780808930863
0.00458045014885083
0.00394408980365028
0.00331313657105414
0.00293532901184742
0.00247569066595275
0.00187159298803355
0.0018407410914431
0.00221906540958658
0.00273043080936039
0.00307671749978592
0.00315902656861068
0.00292907867772211
0.00251586881197343
0.00163775536934452
0
0
0
0
0
0
0
0
0
0
0
0
0
0
0
0
0
0
0
0
0
0
0
0
0
0
0
0
0
0
0
0
0
0
0
0
0
0
0
0
0
0
0
0
0
0
0
0
0
0
0
0
0
0
0
0
0
0
0
0
0
0
0
0
0
0
0
0
0
0
0
0
0
0
0
0
0
0
0
0
0
0
0
0
0
0
0
0
0
0
0
0
0
0
0
0
0
0
0
0.000828993193303598
0.00207681231190394
0.00330049465523731
0.003984727872268
0.00433195883161106
0.00451851347934801
0.0047977434679161
0.00532105366078655
0.00616698334372543
0.00693310717280905
0.00786657720350141
0.00869733147040862
0.00895365732319589
0.00891000899909651
0.00864216005644873
0.00808772309471762
0.00765185550033595
0.00722040613363484
0.00658278265567392
0.00582845270310117
0.00511470357893113
0.00426677076388044
0.00315742895917767
0.0022345623404296
0.0016157855340196
0.00137645638664022
0.00128861745026105
0.00135898857548781
0.00181150031899286
0.00203462614494707
0.00235110388603475
0.0028795038312302
0.00307299545192197
0.00320623498220895
0.00341300699977759
0.00351321805416018
0.00374440690885856
0.00404036966334737
0.00421288402673944
0.00366564879225172
0.0031450536231716
0.0027807954292329
0.00230419021220623
0.00175991822510241
0.0017398329901457
0.00209708851571052
0.00265063626990049
0.00302403710382031
0.00313722616294834
0.00291685558475874
0.00247692802579246
0.00164230035372618
0.0011127056152089
0.000717557845267073
0.000341178569124865
0.000423742166597609
0.000478454414327441
0.000753937506738112
0.00109053996429059
0.001246716033271
0.00127753371179054
0
0
0
0
0
0
0
0
0
0
0
0
0
0
0
0
0
0
0
0
0
0
0
0
0
0
0
0
0
0
0
0
0
0
0
0
0
0
0
0
0
0
0
0
0
0
0
0
0
0
0
0
0
0
0
0
0
0
0
0
0
0
0
0
0
0
0
0
0
0
0
0
0
0
0
0
0
0
0
0
0
0
0
0
0
0
0
0
0
0.000748339931610744
0.00206216141235687
0.00331823074372168
0.00443464626504065
0.00497513632226936
0.00520534506268914
0.00529916253882175
0.00542903406954929
0.00571507815546523
0.00628287581341207
0.00709274091341924
0.00800674232824804
0.00866195535485205
0.00864998234891508
0.00837189336542941
0.00799599325299709
0.0074071917663318
0.00714797324819364
0.00684942502407458
0.00632832965239072
0.00558025193865866
0.00472591815708464
0.00372380710286962
0.00259837580390404
0.00183365943072943
0.00136068934198842
0.0011399667749187
0.000879195349225361
0.000982339449912616
0.00154980398129989
0.00176374914495357
0.00226551170611639
0.00275807520662376
0.0028781171484872
0.00296683930025106
0.00315316598339591
0.00320152041457643
0.00329035114217672
0.00343190229917075
0.00364315183162254
0.00320683444554951
0.00268962962928669
0.00241427655102163
0.00210200810425365
0.00164853924055832
0.00167578674670515
0.00205838538453276
0.00257787205778397
0.00301475628368085
0.00310203296035773
0.00287864500183006
0.00249352922102511
0.00176427956721307
0.00138092139071703
0.000990400855418625
0.000599431020166668
0.000693385647768297
0.000697021342666646
0.000922574172955628
0.0011536526047279
0.00125674944870913
0.0012226976147931
0.00121931016268058
0.00148715304159474
0
0
0
0
0
0
0
0
0
0
0
0
0
0
0
0
0
0
0
0
0
0
0
0
0
0
0
0
0
0
0
0
0
0
0
0
0
0
0
0
0
0
0
0
0
0
0
0
0
0
0
0
0
0
0
0
0
0
0
0
0
0
0
0
0
0
0
0
0
0
0
0
0
0
0
0
0
0
0
0
0
0
0
0
0
0
0.000690581260323022
0.00186980743119208
0.00326619768672575
0.00443873170238235
0.00547254252571825
0.00585582250602032
0.00598375411060319
0.00590353748786171
0.0057873588875668
0.00577605409132975
0.00625292631218601
0.00719432640458091
0.00795345387868775
0.00835393282357957
0.0080989791995898
0.00771666438270148
0.00727698254785769
0.00682696390043819
0.00673695628819588
0.00656611977292923
0.00610363597453632
0.00522473847019586
0.00413878499026434
0.0031995794847041
0.00226304225663141
0.00161038643917252
0.00118362179288679
0.000852611528933996
0.000519706011377207
0.000706988129437234
0.00126489595701991
0.00161485583458001
0.00223992128863927
0.00264741139186398
0.00276069139571211
0.00277572494588742
0.00287990121796844
0.00280519263885377
0.00264452892222899
0.0027654231833384
0.00306010203230957
0.00270927753812464
0.00223410158134774
0.00214703981594268
0.00197089738577938
0.00158492188303489
0.00161783232350391
0.00200330446222059
0.00247022553663249
0.00296333801586039
0.002972373671712
0.00282789639279009
0.00257294485051803
0.00211962832975675
0.00179472459244971
0.00141831904216327
0.00102257960699133
0.00102517684876264
0.000968008357723855
0.00103241365702535
0.00118720606769064
0.00122685169280298
0.00121751733036905
0.00127062914316955
0.00143294578731556
0.00164685741102988
0
0
0
0
0
0
0
0
0
0
0
0
0
0
0
0
0
0
0
0
0
0
0
0
0
0
0
0
0
0
0
0
0
0
0
0
0
0
0
0
0
0
0
0
0
0
0
0
0
0
0
0
0
0
0
0
0
0
0
0
0
0
0
0
0
0
0
0
0
0
0
0
0
0
0
0
0
0
0
0
0
0
0
0
0.000710013239469137
0.00171286988834702
0.00296722935591202
0.00432175423053411
0.00545953375901111
0.00636333043849056
0.00659798271093127
0.00658863013102635
0.00626617810518237
0.00589920729974757
0.00575428205559824
0.00630033917701655
0.00707654783382586
0.0075525021690151
0.00776019469574982
0.00746442210679539
0.00701692464466468
0.00662085026379674
0.00632133822215495
0.00638156938560714
0.00628121548478917
0.00572692376758161
0.0047146642918778
0.00366516181922055
0.00294251237296673
0.00216598469675792
0.00154004027673189
0.00107903035967248
0.000675613605160765
0.00030506522131954
0.000457971816590872
0.00116567977005453
0.00158543244232847
0.00219845530818473
0.00260619819128114
0.00265685958413261
0.00256943838686875
0.00255574655886831
0.00229321427537801
0.0021040186211601
0.00227343796463756
0.00268379810736347
0.00244855814435239
0.00210992883349776
0.00205585603739323
0.00186560711944335
0.00149086697262373
0.00155809480719539
0.0018787764104893
0.00235491985919448
0.00278810654094862
0.00288958579708403
0.00294648765875586
0.00294182109156821
0.00261708929197061
0.00229181867203415
0.00187164403664606
0.00129732465398906
0.00128611443023839
0.00111154451889194
0.00110697386723264
0.00121581737462629
0.00122013457877749
0.0012426463853118
0.00125854567626819
0.00138608138486003
0.00166451415031052
0.00206969883567001
0
0
0
0
0
0
0
0
0
0
0
0
0
0
0
0
0
0
0
0
0
0
0
0
0
0
0
0
0
0
0
0
0
0
0
0
0
0
0
0
0
0
0
0
0
0
0
0
0
0
0
0
0
0
0
0
0
0
0
0
0
0
0
0
0
0
0
0
0
0
0
0
0
0
0
0
0
0
0
0
0
0
0.00074871486223078
0.00170277794512089
0.00269994643188419
0.00392617026761181
0.00531671267031831
0.00637232910629004
0.00715299459705464
0.00718550468806319
0.00697912660423013
0.00642321728340099
0.00595038036262079
0.00577262807436473
0.00617693457538555
0.00668805806535829
0.00693538804690856
0.00712098182548976
0.00687498220144456
0.00642694175216394
0.00606205004305917
0.0058420002008681
0.00598905316838618
0.00586287609943066
0.00522902164577636
0.00426125871591648
0.00337390091536746
0.00289846492321361
0.0022244074883708
0.00155710388535335
0.00104692338945625
0.000571901354966136
9.78374384214075e-05
0.000347991036839397
0.00114324914629032
0.00152750763283893
0.00215885790527553
0.00258044881011795
0.00261364693925355
0.00242673615043175
0.0022671410114615
0.00191917492752258
0.00173261106598709
0.00195784110565671
0.00250124525582542
0.00242491938275283
0.00208278376721436
0.00193814460359543
0.0017021214304387
0.00137389087901658
0.0014290774544442
0.00176291309505576
0.00222464479197797
0.00267405931306743
0.00294533873495632
0.00327569910555219
0.00345649007008989
0.00315243189456985
0.0027590653526397
0.0021951370687217
0.00152559780463137
0.00148792536131359
0.00123941431031606
0.00117262031754063
0.00125845831146855
0.00123038826539489
0.00122440655293422
0.00121018658053674
0.00140133277394406
0.00173727330150953
0.00216516724688196
0
0
0
0
0
0
0
0
0
0
0
0
0
0
0
0
0
0
0
0
0
0
0
0
0
0
0
0
0
0
0
0
0
0
0
0
0
0
0
0
0
0
0
0
0
0
0
0
0
0
0
0
0
0
0
0
0
0
0
0
0
0
0
0
0
0
0
0
0
0
0
0
0
0
0
0
0
0
0
0
0
0.000861803063339264
0.0018318887973609
0.00273384363615912
0.00365703392378264
0.0048661766398484
0.00624986717116543
0.00720740839121503
0.00779076403184331
0.0075225427664037
0.00705259028079543
0.00646697356285036
0.00599520699912986
0.00565396643806078
0.00580029374496578
0.00606589877998008
0.00634765706888869
0.00663516971404693
0.00644926436750226
0.00598435739266704
0.00558085222383581
0.00537212833987751
0.00549847456733004
0.0053958771938431
0.00476539089484619
0.003936113797612
0.00328279945648225
0.00304469275169704
0.00235304991983066
0.00161470722423472
0.00107014073321094
0.000501410735551829
6.12763413739971e-06
0.000252219070626055
0.00106656799759102
0.00142798963677765
0.00210226233188544
0.00255581286777535
0.00260650404123171
0.00238367456874804
0.00211989469887791
0.00171219716421257
0.00149596119230288
0.00180910597058616
0.00248083496809967
0.0024480928138325
0.00196893305517077
0.00171573087040625
0.00149644819224741
0.00115665955447496
0.00125278652694085
0.00171456885594594
0.00219735682471345
0.00270011652829773
0.00316893983714801
0.0037122036263501
0.00396532380438181
0.00359310684279629
0.00307976273567447
0.00243171242140708
0.00172994431132762
0.0016679020451689
0.00129558963876591
0.00124809259732554
0.00131305148962317
0.00124271321952418
0.001158911553241
0.00122088303473507
0.00145398621669538
0.00183641382761905
0.00227441959425289
0
0
0
0
0
0
0
0
0
0
0
0
0
0
0
0
0
0
0
0
0
0
0
0
0
0
0
0
0
0
0
0
0
0
0
0
0
0
0
0
0
0
0
0
0
0
0
0
0
0
0
0
0
0
0
0
0
0
0
0
0
0
0
0
0
0
0
0
0
0
0
0
0
0
0
0
0
0
0
0
0.000970319876990797
0.00215230119750351
0.00305093885604609
0.00383650639424346
0.00467724785170418
0.00584309447456855
0.00716493937864913
0.00790972878986837
0.00813088142262607
0.00742682410277569
0.00697617204674233
0.00643135216345095
0.005826917967383
0.00522649303819963
0.00512279776001713
0.0054836334471997
0.00599009168981062
0.00633984926830494
0.00613393719001609
0.00555983964527455
0.00508410242535594
0.00481018734164391
0.00501054302741806
0.00496936094313495
0.00444436278620855
0.00383676687654939
0.00343307430496278
0.00328091075095741
0.00255341707980672
0.00178649909693937
0.00117089229878741
0.000522940903450441
-7.71164697159468e-05
0.00013696520892163
0.00098933070961531
0.00143095071935492
0.00213054613656873
0.00257427015323339
0.00260995140118959
0.00243820520539655
0.00210741519280016
0.00160155991561918
0.00135284904470182
0.00175710326834425
0.00243912978299517
0.00235195130670458
0.00174161017753286
0.0014369810651439
0.001223133955045
0.000943644146660632
0.00121610366960837
0.00177455584606879
0.00225776948082341
0.00285357359868696
0.00342909201747299
0.00410584801564479
0.00438427564989202
0.0039225246166115
0.00331471616785046
0.00264371137911551
0.00195242691421038
0.00175726841325547
0.00135386613134281
0.00132292393897626
0.00135119863761981
0.00122637756228531
0.00118439351719389
0.00122773921042903
0.00149677460764399
0.00192800963362787
0.00235394283702854
0
0
0
0
0
0
0
0
0
0
0
0
0
0
0
0
0
0
0
0
0
0
0
0
0
0
0
0
0
0
0
0
0
0
0
0
0
0
0
0
0
0
0
0
0
0
0
0
0
0
0
0
0
0
0
0
0
0
0
0
0
0
0
0
0
0
0
0
0
0
0
0
0
0
0
0
0
0
0
0.00108960570000163
0.00240687403523113
0.00358492729271394
0.00432504748881524
0.00499792059985715
0.00578032333026284
0.00680072027361521
0.00791206192091934
0.0082463448281475
0.00784862339032842
0.00715567211638055
0.00677807137670075
0.00611020169559022
0.00519661734485412
0.00429292715956853
0.00443918814707041
0.0052051475067516
0.00585690759557928
0.00615211293352815
0.00581812750653624
0.0050601941819234
0.00445663024259194
0.00431237619366101
0.00460233743782829
0.00470098529019242
0.00435740125803975
0.00398783276275729
0.00372419168157884
0.00364538224250242
0.00288358827984217
0.0020251679568087
0.00130011186083832
0.000470334809351879
-0.000271543521686198
5.68680590122059e-05
0.00111940356357172
0.00153482240575325
0.0021369023701311
0.00254554271908189
0.00264208716843906
0.00253782675254471
0.00210775954794964
0.00152137400885032
0.00126263564397771
0.00170742680235684
0.00233811630356312
0.00219067212638802
0.00149768245468117
0.00115222271024816
0.000988898062827401
0.000822333832400093
0.00125153218422163
0.001876531774565
0.00235375994013291
0.00299187830181507
0.00362987108744907
0.0043954863599428
0.00468152268680447
0.00407535509515513
0.00346138237212643
0.0027805771720476
0.00205285795882915
0.00180361078864158
0.00133657510908599
0.00135277799535543
0.0013418415239397
0.00124524740409893
0.00119484440443944
0.00120576668546923
0.00151626773680266
0
0
0
0
0
0
0
0
0
0
0
0
0
0
0
0
0
0
0
0
0
0
0
0
0
0
0
0
0
0
0
0
0
0
0
0
0
0
0
0
0
0
0
0
0
0
0
0
0
0
0
0
0
0
0
0
0
0
0
0
0
0
0
0
0
0
0
0
0
0
0
0
0
0
0
0
0
0
0
0
0.00122952213263682
0.00270504864699416
0.00400045781645959
0.00504835531030255
0.00567037112734442
0.0062757454876904
0.00687310939734953
0.00748457902444969
0.00822072981389031
0.00765490345659504
0.00743450412442675
0.00675051214256553
0.00610167752571419
0.00507784405171299
0.00371066834018905
0.00331160659426812
0.00423433515222508
0.00526165436886653
0.00582936699698931
0.00589757878411554
0.00529123608139617
0.00430571340028922
0.00398539461617798
0.00401124420653021
0.00440724778221895
0.00473412997243494
0.00460621830849509
0.00433780380135845
0.00422266562208317
0.00412424262635862
0.00323286953402456
0.0022004512014963
0.00127400047144436
0.000179212604244419
-0.000454930118639542
0.000251044923150018
0.00132996902836571
0.00156785635043861
0.00206552588151281
0.00247624888427555
0.0027105735714493
0.00256267882844791
0.00206106830321681
0.00142536726377631
0.00118221852996468
0
0
0
0
0
0
0
0
0
0
0
0
0
0
0
0
0
0
0
0
0
0
0
0
0
0
0
0
0
0
0
0
0
0
0
0
0
0
0
0
0
0
0
0
0
0
0
0
0
0
0
0
0
0
0
0
0
0
0
0
0
0
0
0
0
0
0
0
0
0
0
0
0
0
0
0
0
0
0
0
0
0
0
0
0
0
0
0
0
0
0
0
0
0
0
0
0
0
0
0
0
0
0
0
0
0.00137751270578711
0.00310110315436127
0.00457980318702148
0.00568399207067383
0.00662277038617037
0.0071303556758634
0.00747137832118034
0.0074525585706259
0.00748667042915058
0.00691938801133897
0.00713841799087178
0.00687955593726784
0.00549929713192792
0.0041429753311637
0.00241715393341593
0.0021650698281099
0.00317894257400126
0.00453724740030146
0.00546730775278482
0.00571021369981547
0.00526939729805602
0.00429407314924126
0.0039112431478435
0.00388483756824854
0.0040000542626702
0.00462971631779444
0.00519747577234012
0.00512707774834874
0.00499818128349098
0.00490277920890804
0.0045829442273538
0.00340469915837211
0.00207958441543328
0.000760237686436882
0
0
0
0
0
0
0
0
0
0
0
0
0
0
0
0
0
0
0
0
0
0
0
0
0
0
0
0
0
0
0
0
0
0
0
0
0
0
0
0
0
0
0
0
0
0
0
0
0
0
0
0
0
0
0
0
0
0
0
0
0
0
0
0
0
0
0
0
0
0
0
0
0
0
0
0
0
0
0
0
0
0
0
0
0
0
0
0
0
0
0
0
0
0
0
0
0
0
0
0
0
0
0
0
0
0
0
0
0
0
0
0
0
0
0
0
0.0015184655950551
0.00321093535607948
0.00489720606260837
0.00620796257350728
0.00713001980139816
0.00788703638916056
0.00817297132219471
0.00812732850712957
0.00766397929328446
0.00692915709328958
0.00663619625904348
0.00670469085179543
0.00593677480888221
0.00412453288068301
0.00248665195814891
0.00148633450599275
0.0020029369629675
0.00327145181664874
0.0045661964298051
0.00529981374031725
0.00520208802971377
0.00448388345362028
0.00386578339746556
0.00367468569994754
0.00376283686944526
0.00405120398820887
0.00489559115683133
0.00562300365847023
0.00569199688272549
0.00552876109728374
0.00535722011585328
0.0047782666966097
0.00339201814946111
0.00183023386441786
0
0
0
0
0
0
0
0
0
0
0
0
0
0
0
0
0
0
0
0
0
0
0
0
0
0
0
0
0
0
0
0
0
0
0
0
0
0
0
0
0
0
0
0
0
0
0
0
0
0
0
0
0
0
0
0
0
0
0
0
0
0
0
0
0
0
0
0
0
0
0
0
0
0
0
0
0
0
0
0
0
0
0
0
0
0
0
0
0
0
0
0
0
0
0
0
0
0
0
0
0
0
0
0
0
0
0
0
0
0
0
0
0
0
0
0
0.00126645103016828
0.00328412654561395
0.00494567975799807
0.00644366592500287
0.00757240515434043
0.00826141443083361
0.00875162464261443
0.00870647926210308
0.00831420236340885
0.00741595864892746
0.0067025923827636
0.00630709528419835
0.00603648039507332
0.00498013920515252
0.00303276731562251
0.00180204607886648
0.00131297109429259
0.00201378765884996
0.00322469747873195
0.0043788146837378
0.0049179168937065
0.00466054583336351
0.00409664579960557
0.0036247078730686
0.00351481906114053
0.0037534558087165
0.00418783618305427
0.00520686992141769
0.00602673405699031
0.00611878655269982
0.00589633591017912
0.00560078125617347
0.00477827561665492
0.00322174004987451
0
0
0
0
0
0
0
0
0
0
0
0
0
0
0
0
0
0
0
0
0
0
0
0
0
0
0
0
0
0
0
0
0
0
0
0
0
0
0
0
0
0
0
0
0
0
0
0
0
0
0
0
0
0
0
0
0
0
0
0
0
0
0
0
0
0
0
0
0
0
0
0
0
0
0
0
0
0
0
0
0
0
0
0
0
0
0
0
0
0
0
0
0
0
0
0
0
0
0
0
0
0
0
0
0
0
0
0
0
0
0
0
0
0
0
0
0.00104964008913428
0.00274564382147297
0.00491411915595893
0.00644074560393201
0.00769830617537727
0.00861585296795063
0.00901722533321788
0.00914046646711532
0.00879151129479171
0.00813253016584369
0.00719683967148987
0.006398725159669
0.00581720002860032
0.0053844799675162
0.00427304473459173
0.00255441216076586
0.00161953543182537
0.00131352030375212
0.0019437773468878
0.00302336825745528
0.00408559297667431
0.00455934338890003
0.0043985211808772
0.00389370739778236
0.0034820207182657
0.00345602240212739
0.00380049235688561
0.00441590725526558
0.00554055477463348
0.00632029325454588
0.00637653679430935
0.00609815225179223
0.00565946441776271
0.00461505690249442
0
0
0
0
0
0
0
0
0
0
0
0
0
0
0
0
0
0
0
0
0
0
0
0
0
0
0
0
0
0
0
0
0
0
0
0
0
0
0
0
0
0
0
0
0
0
0
0
0
0
0
0
0
0
0
0
0
0
0
0
0
0
0
0
0
0
0
0
0
0
0
0
0
0
0
0
0
0
0
0
0
0
0
0
0
0
0
0
0
0
0
0
0
0
0
0
0
0
0
0
0
0
0
0
0
0
0
0
0
0
0
0
0
0
0
0
0.000934652837354714
0.00235178609568219
0.0041709408752184
0.00636138794426099
0.00767257729314497
0.00863912566940004
0.00931840246828477
0.00932781785465225
0.00913476763658136
0.0086085961399525
0.00790738534357703
0.0069300370876938
0.00605862559460918
0.00539673494302149
0.0049456781781471
0.00393631107249176
0.00240047865397553
0.00155951071186033
0.00125987754089471
0.00176141040798743
0.00274543466041005
0.00384958658587209
0.00438316042504934
0.00431205042322782
0.00381222148915054
0.00346349407820056
0.00346412501278397
0.00398739221124217
0.00469029040922503
0.00580982958151355
0.00649225366555097
0.00653174413307486
0.00617812136511421
0.00557787432404019
0.00436559823346586
0
0
0
0
0
0
0
0
0
0
0
0
0
0
0
0
0
0
0
0
0
0
0
0
0
0
0
0
0
0
0
0
0
0
0
0
0
0
0
0
0
0
0
0
0
0
0
0
0
0
0
0
0
0
0
0
0
0
0
0
0
0
0
0
0
0
0
0
0
0
0
0
0
0
0
0
0
0
0
0
0
0
0
0
0
0
0
0
0
0
0
0
0
0
0
0
0
0
0
0
0
0
0
0
0
0
0
0
0
0
0
0
0
0
0
0.000884779088589612
0.00216928667358203
0.00370599954605085
0.00551426448231817
0.00754689133485407
0.00859636132468161
0.00924662589352599
0.00953804946353733
0.0092677737600042
0.008891095184095
0.00831999761868998
0.00763396651321849
0.00667216244706587
0.00579597542104677
0.00513159570333159
0.00470953178183947
0.00378816413293947
0.00232266292491543
0.00148463335697871
0.00112185382771686
0.00150915691033943
0.00252419348053869
0.00368112622694855
0.00434010417469824
0.00435202915245375
0.00385890163407014
0.0035381955110166
0.00367134833944697
0.00426502338681801
0.00496403027137209
0.00601301863406211
0.00661148075922575
0.00662475455695926
0.00612408908923412
0.00535843396207945
0
0
0
0
0
0
0
0
0
0
0
0
0
0
0
0
0
0
0
0
0
0
0
0
0
0
0
0
0
0
0
0
0
0
0
0
0
0
0
0
0
0
0
0
0
0
0
0
0
0
0
0
0
0
0
0
0
0
0
0
0
0
0
0
0
0
0
0
0
0
0
0
0
0
0
0
0
0
0
0
0
0
0
0
0
0
0
0
0
0
0
0
0
0
0
0
0
0
0
0
0
0
0
0
0
0
0
0
0
0
0
0
0
0
0
0.000864359824637813
0.00208134143370325
0.00345946623553142
0.00493831545820718
0.00658575542436071
0.008388783084458
0.00913722354000179
0.00941738706476307
0.00944260765626579
0.00897621614571519
0.00853373396533011
0.00802850503980371
0.00742333337972691
0.00648879041546342
0.00562277501944431
0.00496717058135991
0.00454931158324702
0.00362715394943906
0.00220433385923735
0.00133100776634164
0.000887678121906839
0.00137922557830943
0.00240010857020892
0.00367278660845743
0.00441525530844773
0.0044544448945068
0.00400412080799126
0.00381203545135418
0.00392299964467864
0.00454455715803318
0.00517775906039746
0.00614406988446291
0.00665229675306451
0.00662145643045093
0.00597498269628039
0
0
0
0
0
0
0
0
0
0
0
0
0
0
0
0
0
0
0
0
0
0
0
0
0
0
0
0
0
0
0
0
0
0
0
0
0
0
0
0
0
0
0
0
0
0
0
0
0
0
0
0
0
0
0
0
0
0
0
0
0
0
0
0
0
0
0
0
0
0
0
0
0
0
0
0
0
0
0
0
0
0
0
0
0
0
0
0
0
0
0
0
0
0
0
0
0
0
0
0
0
0
0
0
0
0
0
0
0
0
0
0
0
0
0
0.000880362357963135
0.00203715165854096
0.00333613885053393
0.00463648324591748
0.00595320166675362
0.00735413212260499
0.00888561822766676
0.00926795917336146
0.00926438825370481
0.00908285663968144
0.00859626747671658
0.00825351579362458
0.00780238649138276
0.00728110300789692
0.00637098614252397
0.00545470841203979
0.00477552562108312
0.00431218573119211
0.00340547252200085
0.00199371727704495
0.00105879864031912
0.000735724525031178
0.00129245291394863
0.00238015845813598
0.00380314159476442
0.00452592372033094
0.00458897403056448
0.00427183977788023
0.00404054633987226
0.00417510261438639
0.0047866467541774
0.00533417287631496
0.00619909922412926
0.0066417390383873
0.00654222188368606
0.00574117477477519
0
0
0
0
0
0
0
0
0
0
0
0
0
0
0
0
0
0
0
0
0
0
0
0
0
0
0
0
0
0
0
0
0
0
0
0
0
0
0
0
0
0
0
0
0
0
0
0
0
0
0
0
0
0
0
0
0
0
0
0
0
0
0
0
0
0
0
0
0
0
0
0
0
0
0
0
0
0
0
0
0
0
0
0
0
0
0
0
0
0
0
0
0
0
0
0
0
0
0
0
0
0
0
0
0
0
0
0
0
0
0
0
0
0
0.000842668025153395
0.00202645386044176
0.00331323690753316
0.00456630648637509
0.00565870608792997
0.00671312609191691
0.00780752201459878
0.00900267301158235
0.0090876507128389
0.00891977408549547
0.00870060416566809
0.00830352535071749
0.00806400247396777
0.00769544409699366
0.00722437499175181
0.0062680202353098
0.00528483542788878
0.00453379592835305
0.00404266214487893
0.00312248945813584
0.00171826679412228
0.000864154747635552
0.000672322826593374
0.00131743418062357
0.00249642426923695
0.00395771763116743
0.00466347641498114
0.00477438666728226
0.00446411423392408
0.00421687168494081
0.00433456669070323
0.00490917781652328
0.00533958931211562
0.00614059310672899
0.00653112150571552
0.00639526648370133
0.00549505929150595
0
0
0
0
0
0
0
0
0
0
0
0
0
0
0
0
0
0
0
0
0
0
0
0
0
0
0
0
0
0
0
0
0
0
0
0
0
0
0
0
0
0
0
0
0
0
0
0
0
0
0
0
0
0
0
0
0
0
0
0
0
0
0
0
0
0
0
0
0
0
0
0
0
0
0
0
0
0
0
0
0
0
0
0
0
0
0
0
0
0
0
0
0
0
0
0
0
0
0
0
0
0
0
0
0
0
0
0
0
0
0
0
0
0.000725442551234859
0.00188481444671513
0.00332946405850443
0.0046884999757119
0.00573675487924466
0.00647147211421498
0.0071891867763533
0.0078947964560497
0.00881935591915261
0.00874863300306216
0.00855865385622822
0.00840001562813777
0.00809139418386007
0.00796320801054159
0.00766143935824659
0.00718198360202161
0.00617858312368194
0.00506695137212691
0.00426691558123363
0.00373727400160793
0.00280960146858139
0.00149673732433481
0.000752236282368755
0.000741183807448303
0.00149178597022443
0.00268948492006799
0.00411995600240581
0.00480898374078475
0.00489750937085015
0.00460403211405637
0.00429482632749188
0.00440004656223676
0.00487603672492151
0.005201025895479
0.0059624574682218
0.00643207142819504
0.00626624561025122
0.00528490143998796
0.00423077691781981
0
0
0
0
0
0
0
0
0
0
0
0
0
0
0
0
0
0
0
0
0
0
0
0
0
0
0
0
0
0
0
0
0
0
0
0
0
0
0
0
0
0
0
0
0
0
0
0
0
0
0
0
0
0
0
0
0
0
0
0
0
0
0
0
0
0
0
0
0
0
0
0
0
0
0
0
0
0
0
0
0
0
0
0
0
0
0
0
0
0
0
0
0
0
0
0
0
0
0
0
0
0
0
0
0
0
0
0
0
0
0
0.000615928162459197
0.00168711511134657
0.00329151108527796
0.0049868910626504
0.00619228040309342
0.00676175091800552
0.00700554247795249
0.0072707152000297
0.00771130384539346
0.00852571326094045
0.0084163537749823
0.00826806268131178
0.00817063999020395
0.00794581730650636
0.00795093704786322
0.00766936256005671
0.0071779111604662
0.00604624904288243
0.00485179857357555
0.00400131874808271
0.00344528869334593
0.00255855908974561
0.00137555819065262
0.000789264955467881
0.000955239711430697
0.00172111415309756
0.00287192483301308
0.00423430411612162
0.00489039962263876
0.00499227062433442
0.00465653793924512
0.00427480164180674
0.00430013932424719
0.00467498886063495
0.00497773835731925
0.00589187783881202
0.00638021823107488
0.0061126545730164
0.00501598107677194
0.00396821565789753
0.00291332819202527
0
0
0
0
0
0
0
0
0
0
0
0
0
0
0
0
0
0
0
0
0
0
0
0
0
0
0
0
0
0
0
0
0
0
0
0
0
0
0
0
0
0
0
0
0
0
0
0
0
0
0
0
0
0
0
0
0
0
0
0
0
0
0
0
0
0
0
0
0
0
0
0
0
0
0
0
0
0
0
0
0
0
0
0
0
0
0
0
0
0
0
0
0
0
0
0
0
0
0
0
0
0
0
0
0
0
0
0
0
0.00061814238917155
0.00150024036048197
0.00296720893824046
0.00503622749715855
0.00683353833096669
0.00757247010257583
0.00742569383660701
0.00707911571808746
0.00705603176364794
0.00739289206238256
0.0082447950648228
0.00812998701663323
0.0080162314179607
0.00798551031185932
0.00785743083998567
0.00796723454469928
0.00768591598324833
0.00711200908264747
0.00585914683025158
0.00461035210331054
0.00371640377299498
0.00315542617771431
0.00237286815067464
0.00133659897743417
0.000911002488605756
0.00121981936374132
0.00188649966279999
0.00302093346729283
0.00434705294496147
0.00497361801717854
0.00503818605072374
0.00464497069098117
0.0041412456580588
0.0040839514916116
0.00442107654472509
0.00484735913566308
0.00589492699627318
0.0063230533910333
0.00586577555920338
0.00470115691953828
0.00367596207484053
0.00269506339916005
0.00181590575001803
0.00117016423968481
0.000607562850602616
0.00022578965990982
-6.44896206693454e-05
0.000243315516551071
0.00101792393018335
0.00104409397489927
0.00133316220026642
0.00162954224438949
0.00184449650051756
0.00167680768552156
0.00127531979827054
0.000849880763389111
0.000717156625155642
0.00092875514382354
0.0012576681609273
0.00119668225933637
0.000721189058043553
0.000503408734235536
0.000453930066255863
0.000465555958948754
0.000901712202642068
0.00128239637073632
0.00145632919378614
0.0018485711154464
0.00232747462927974
0.0028273232586726
0.00308558989288861
0.00268395127110388
0.00225189633154308
0.00176394859510463
0.00127372941612466
0.00109431911580337
0.000802906009090021
0.000859480258428215
0
0
0
0
0
0
0
0
0
0
0
0
0
0
0
0
0
0
0
0
0
0
0
0
0
0
0
0
0
0
0
0
0
0
0
0
0
0
0
0
0
0
0
0
0
0
0
0
0
0
0
0
0
0
0
0
0
0
0
0
0
0
0
0
0
0
0
0
0
0
0
0
0.000655248563068064
0.00157231573385854
0.00270288792693942
0.00451610315270001
0.00689359802141961
0.00841390265343868
0.00841672394204594
0.00753384725092519
0.00682015735554045
0.00669490333680771
0.00705589531636918
0.00798222076703561
0.00783277139480141
0.00776064627938914
0.00780884308372566
0.00773088823041127
0.00791882996194319
0.00756589686025065
0.0069191280528986
0.00553468661543606
0.0042651667681612
0.00335762550176263
0.00288329881879251
0.0022187949108657
0.00134735771321108
0.0010884624906229
0.00144300186887333
0.00202098790004631
0.00318694138196883
0.00447636385723462
0.00505455531896792
0.00504003365897259
0.00456274911767722
0.00392316164877057
0.0038250246925572
0.00422889407881028
0.00476401910537243
0.00589990530593035
0.00611450324454207
0.00551791905914331
0.00436795950198427
0.00341847099037392
0.00250395864822093
0.00170951543502597
0.00114433754499605
0.000553256252422224
0.000177454170817337
-9.2393638719946e-05
0.00028513008311557
0.00101729730506394
0.00103621799199626
0.00136944607107852
0.00169182826562869
0.00182836886483047
0.00158462923296408
0.00117379157524023
0.000793358411925857
0.000649195617333261
0.00076811341368134
0.00106570929606575
0.000966889207927575
0.000527080956311641
0.000390383336314593
0.000424049964299617
0.000583621687030017
0.00107713582187882
0.00126611560495778
0.00133338146234137
0.00173825053426428
0.00225070011765855
0.00275832630444006
0.00305912773844225
0.00269077411643847
0.00216312029400589
0.00166621236826331
0.00116104129620213
0.000968213582563876
0.000769048599212266
0.000939756626124517
0.00109013961657968
0.00103170952309259
0.000857068897405688
0
0
0
0
0
0
0
0
0
0
0
0
0
0
0
0
0
0
0
0
0
0
0
0
0
0
0
0
0
0
0
0
0
0
0
0
0
0
0
0
0
0
0
0
0
0
0
0
0
0
0
0
0
0
0
0
0
0
0
0
0
0
0
0
0
0
0
0
0.000689756187928447
0.00171499765064295
0.00284906538182814
0.00417445160999512
0.00611509972446775
0.00828028698276318
0.00922242055273124
0.00856846153231894
0.00726901025208154
0.00646707918272153
0.00632939730823589
0.00671597807728803
0.00763514336830782
0.00748601264676044
0.00743918696803732
0.00752735568089115
0.00747017459261432
0.00762136120617839
0.00723147154297186
0.00650959756842794
0.00509191720594325
0.0038038588134088
0.00296303047952268
0.00261468574411679
0.00211502907736828
0.00143292831701513
0.00127264050994929
0.00166329463338415
0.00223021120671578
0.00338842964941402
0.00461786346522873
0.00509095441307075
0.00498463549831403
0.00442087984441917
0.00371194725316581
0.00361401095636045
0.00407768156920527
0.00468543058555083
0.00573183611571672
0.00579884140670107
0.00516092371515746
0.00412433310500671
0.00323631753800623
0.00238396933314939
0.00165466012822232
0.0010858369910304
0.000487574176424223
0.00014255226353848
-2.05455915611006e-05
0.00034117416223895
0.00102721198202379
0.00108271983198706
0.00147105370933784
0.0017623950593564
0.00180171311574806
0.00147570969872907
0.00110176929300637
0.000751098862462962
0.000530708241956462
0.000586663229317901
0.000856833831738224
0.000716157761705265
0.000390389988768423
0.000398704589243489
0.000578817292216022
0.000820542475449106
0.00121754961493964
0.0012907548133938
0.0012819171476891
0.00177907436141887
0.00230679012014411
0.00283053098138596
0.00307905003887272
0.00264123470884253
0.00210079819157839
0.00160867322539532
0.00106447483238022
0.000932440084368596
0.000922531540185245
0.00117321261863603
0.00134272289660056
0.00125524223418686
0.000999244375810744
0
0
0
0
0
0
0
0
0
0
0
0
0
0
0
0
0
0
0
0
0
0
0
0
0
0
0
0
0
0
0
0
0
0
0
0
0
0
0
0
0
0
0
0
0
0
0
0
0
0
0
0
0
0
0
0
0
0
0
0
0
0
0
0
0
0
0
0.00064089981324772
0.00172938672331069
0.00300743920932092
0.00429421285050747
0.00565290872490997
0.00735577940235646
0.00908035568635172
0.00941484565236674
0.00832904601670346
0.00688445209334419
0.00611710938204941
0.00596474988151367
0.00633230350193732
0.00723822966331927
0.00707555416334781
0.00701331346160626
0.00710735331523004
0.00705624600880766
0.00716353511301218
0.0067698797723314
0.00605658991479359
0.004626363932888
0.0033668741165393
0.00259169359028672
0.00240184148721421
0.00210285483565137
0.0016056089527342
0.00154306007510439
0.00194147833633713
0.00248166437712126
0.00359075570165025
0.00469302350836423
0.0050882623833597
0.00491976560589026
0.00430860577320415
0.00356600309091954
0.00345227485283845
0.00393690018727318
0.00449902026787774
0.00549174877365418
0.00552288129905095
0.00496083086646679
0.00399574983196301
0.00313664272583859
0.00230543603857746
0.00159285428311395
0.00103288378152004
0.00046122801184583
0.000180890091669438
5.79644103983001e-05
0.000361134884792173
0.00106073032689382
0.00119238353187181
0.00160617504703733
0.00182462112116504
0.00176767400682618
0.00143941828453319
0.00111775983865606
0.000687332407173994
0.000398315065320384
0.000406045388747167
0.000657923124217118
0.000555390727495359
0.000398262151840829
0.000587228410750432
0.000870009871046649
0.0010823658233301
0.00139616501047702
0.00131750250870043
0.00130251659034059
0.00187452800980557
0.00238399377455665
0.00290043241989735
0.00304107991387966
0.00258517190525892
0.00205383336173282
0.00157844595681929
0.00104791819068923
0.00106806374839516
0.00123469576027582
0.00148675003643321
0.00160867798990892
0.00145471789241577
0.00115684087299486
0
0
0
0
0
0
0
0
0
0
0
0
0
0
0
0
0
0
0
0
0
0
0
0
0
0
0
0
0
0
0
0
0
0
0
0
0
0
0
0
0
0
0
0
0
0
0
0
0
0
0
0
0
0
0
0
0
0
0
0
0
0
0
0
0
0
0.000577847909745018
0.00156516286043644
0.00294977727310929
0.00442303053744064
0.00572755036129463
0.00684285955941401
0.0081154579833156
0.00930410403464469
0.0091975601012607
0.00793609760514055
0.00647083738251702
0.0057407795606344
0.0055630907550265
0.0059035073760269
0.00674859248879514
0.00656576519762766
0.00649184084620251
0.00663208681331486
0.00659706569573807
0.00668258887769062
0.00633196776786882
0.00562375878433404
0.00421558086139935
0.00294730978235954
0.00227222045875514
0.00227224367969114
0.00223603919826697
0.00191131172547168
0.00189492393449791
0.00229999459630663
0.00277553993286571
0.00373033377921819
0.00474946804033569
0.00510811461864114
0.00493065209478383
0.00428550058175294
0.00349712877617623
0.00334301292115891
0.00372655006816006
0.00425147421588947
0.00528073306720374
0.0054217619359584
0.00491358400898245
0.00394672799416663
0.00306011025231788
0.00224569844963879
0.00155177486600721
0.00100951777381007
0.000475034720377093
0.000211902565114564
5.46570352334386e-05
0.000405518350102705
0.0011709070479445
0.00135245622528052
0.00174262597763604
0.00190526878120723
0.00187869551198148
0.0015697356652224
0.00113851034297491
0.000600901666384861
0.000264639481508894
0.00023379322771124
0.000518234372220492
0.000523635295642196
0.00055016643643529
0.000875394809357304
0.00118075044572762
0.00132857339217502
0.00146902518097446
0.00134461940198121
0.00135135244494856
0.00188016056329835
0.00240124744829731
0.00287708362558309
0.00292863515035167
0.00245781386092386
0.00197149641150099
0.00156236893284615
0.0011420835074235
0.00133706923455386
0.00158998558124602
0.00175824028942547
0.00179603534335538
0.0015948408867878
0
0
0
0
0
0
0
0
0
0
0
0
0
0
0
0
0
0
0
0
0
0
0
0
0
0
0
0
0
0
0
0
0
0
0
0
0
0
0
0
0
0
0
0
0
0
0
0
0
0
0
0
0
0
0
0
0
0
0
0
0
0
0
0
0
0
0.000489285550531984
0.00139903941408062
0.00267727117230297
0.0043270401557525
0.00587738653959636
0.0069208934775476
0.00759380737646598
0.0083794225100083
0.00918420376542678
0.00884522780405114
0.00751880579605394
0.00604388792583
0.00533554808338504
0.00511594715361754
0.00540537292537263
0.00617150771242542
0.00596659698301645
0.00595828480441016
0.00618951135553743
0.0062439044425289
0.00634179147801462
0.00598696124413913
0.00526819012035142
0.00384669625880708
0.00258007570236204
0.00205658927875666
0.00231256256938392
0.00250448521083338
0.00233640778838886
0.00238744347198799
0.00268728025703914
0.003024803672109
0.00389208845964074
0.00488263366688627
0.00525086620500642
0.00503793291082191
0.00428103342097732
0.00342227815270626
0.00318201634750985
0.00350557528062918
0.00410240609358012
0.00526205906357012
0.00545707622415807
0.00490301319584569
0.00388480152606927
0.00296859247657931
0.00219219704200296
0.00155805194395175
0.00100942986336538
0.000504808094876371
0.000215838454286136
9.65007593346641e-05
0.000531103538369127
0.00134861807924099
0.00149044424019308
0.00185751594871739
0.00211512618457664
0.00218445084753212
0.00169987362000546
0.00108277087981266
0.000480404344080628
0.000129313096928939
6.93046987816124e-05
0.000426048033420185
0.000549869075887388
0.000715366681726426
0.00111696547816341
0.00141463502153312
0.00145633634451573
0.00147736255646227
0.00132236971762964
0.00132906398586442
0.00185513246909836
0.00240009019512363
0.00277301543642806
0.0027203672272963
0.00232986070714069
0.00193726265335912
0.00168403225317921
0.00140515291013375
0.00160860084876846
0.00184161118127711
0.00191191712807786
0.00191027901293542
0.00172084713564251
0
0
0
0
0
0
0
0
0
0
0
0
0
0
0
0
0
0
0
0
0
0
0
0
0
0
0
0
0
0
0
0
0
0
0
0
0
0
0
0
0
0
0
0
0
0
0
0
0
0
0
0
0
0
0
0
0
0
0
0
0
0
0
0
0
0.000409393203975304
0.00121512836826958
0.00242965705878425
0.00397675243243529
0.00581950352927802
0.00710346677678226
0.00768495972041526
0.0078452451250656
0.0082784983819539
0.00889557870996492
0.00843076122863073
0.00708840741620432
0.00562787253510452
0.004883096699563
0.00459731224206604
0.00482611691677829
0.00550346853577032
0.00534553692527781
0.00550568964887312
0.00593864760416348
0.0060323251343811
0.00610641769891568
0.00570985633623007
0.00494916420288668
0.00349918985863329
0.00236557241659517
0.00206892543349121
0.00253186223423139
0.00294215457585312
0.00297448021279348
0.0028898630048063
0.00297543718082312
0.00333128225721883
0.00422697324738117
0.00521551824632099
0.00548934453428981
0.00508569849516834
0.00421566805150592
0.00325875117024835
0.00303437202512577
0.00344085924639327
0.0041705420537815
0.00536620744709606
0.00546902865037432
0.00484060239699035
0.00375663293833395
0.00283160953068851
0.00216140808302378
0.00157245231900671
0.00104187321549543
0.000557360188025801
0.000308067362609572
0.000290528012926656
0.00078463403244512
0.00148890687178111
0.00157947501421778
0.00214751120068348
0.00256842980386007
0.00237181380825166
0.00165185354941007
0.00095405789660959
0.000347935994832312
-7.2228220029572e-05
-0.000107819751228987
0.000348243778466036
0.000531613906029144
0.000816007583594776
0.00127288370243665
0.00153489129514455
0.00148117002767254
0.00139336980301416
0.00122714552546711
0.00135004153427295
0.00196626150830591
0.00239889267652634
0.00259173751651088
0.00251995636881656
0.00232488031637341
0.00213356465977414
0.00204374632009727
0.00163877204052885
0.00178046236355518
0.00195897411575244
0.00200150864037177
0.00205205794196902
0.00186379857801308
0
0
0
0
0
0
0
0
0
0
0
0
0
0
0
0
0
0
0
0
0
0
0
0
0
0
0
0
0
0
0
0
0
0
0
0
0
0
0
0
0
0
0
0
0
0
0
0
0
0
0
0
0
0
0
0
0
0
0
0
0
0
0
0
0.00032069317467341
0.00104568479115966
0.00212424363514196
0.00367076316793184
0.00559517445116767
0.00713999524130929
0.00787849163518099
0.00785081902575839
0.00767385782004763
0.00794811449528931
0.00845801221546042
0.00793567889711065
0.00663987794382848
0.00515950822661691
0.00433153394190086
0.00396820075953578
0.00414869809511365
0.00480005534196652
0.00482742488234334
0.00532136873108802
0.00577469614669791
0.00586692476563383
0.00589802917446773
0.00543305528523138
0.00458697956663061
0.00322437471609016
0.00235354639035893
0.00225328324078859
0.00296401106290122
0.00377030051283615
0.00362184986422675
0.00330389061299787
0.00338384794830344
0.00390800083529486
0.0049062805422536
0.00564165203270257
0.00554872985791707
0.0049839650353556
0.00400276329816316
0.00310693753511835
0.00306260618033961
0.00366174476771416
0.00436625194217147
0.00539607403902192
0.00536883598972467
0.00463027838131866
0.00352681422875298
0.00268152892558317
0.00214022476860525
0.00163201574115746
0.00110886233586019
0.00074675279468915
0.000640273077870203
0.000711678086876374
0.00103834734496667
0.00154926140392444
0.00193117517140242
0.00287152467277472
0.00289368830779475
0.00231373264512916
0.0014974583689243
0.000847945996249426
0.000132210830684283
-0.000311965653265095
-0.000271223475623217
0.000218258185931794
0.000499186486811832
0.000881161413803416
0.00134932624864418
0.00151230343355189
0.00132204964489425
0.0011712200811627
0.00123948225936994
0.00163154293089135
0.00212360301485957
0.00227203651130518
0.00241369618956365
0.00250002095259429
0.0026386479665045
0.00268804693541562
0.00223386808138315
0.00176772756307785
0.00182719674549339
0.00203674990094564
0.0021951767030729
0.00224523615741719
0.00196411705805567
0.00151735464570124
0
0
0
0
0
0
0
0
0
0
0
0
0
0
0
0
0
0
0
0
0
0
0
0
0
0
0
0
0
0
0
0
0
0
0
0
0
0
0
0
0
0
0
0
0
0
0
0
0
0
0
0
0
0
0
0
0
0
0
0
0
0
0.000261865910943807
0.000868976241114225
0.00191049640832798
0.00325228806559105
0.00559148803322467
0.0070432441834831
0.00795250209134961
0.00797581470465929
0.00754754678131926
0.00721762416539227
0.00739300340621404
0.00785041381331761
0.00731042257208454
0.00607321465343033
0.00455467897861189
0.00365298832670367
0.00321935239623817
0.00337523781191361
0.00417185521729401
0.00473538709314053
0.00513619424086305
0.00554296192780152
0.00562725675373013
0.00560981101320733
0.00506346542182365
0.00424383692027825
0.00310351012656343
0.00254897179622552
0.00269885216910149
0.00411740518504925
0.00459298677673827
0.00421403206075298
0.00402843862870226
0.00430622911961008
0.00513643053625546
0.00569259243352281
0.00570790518879388
0.00534606735371141
0.00468208386563971
0.00373477028884806
0.00314599393917432
0.00344754750338417
0.00391854575734537
0.00439383683732223
0.00520834165864367
0.00504877861856044
0.00426529298690157
0.0032729328436107
0.00251639936192217
0.00213998379380387
0.00177132826337854
0.00141957384236292
0.00121285524948056
0.00125058812242177
0.00112752706158372
0.00117600434466786
0.00208101423184491
0.00315099315524535
0.0033354717036204
0.00291678148540212
0.00211141935776374
0.00151518042012337
0.000594487758288713
-0.000126839355181451
-0.000547664206825181
-0.000537037707784747
-1.72137660647298e-05
0.00041502323580052
0.000855235500569162
0.00126932131345361
0.00129600071781119
0.00111257702300932
0.00117514338079543
0.00181773025025055
0.00216860390231154
0.00209359086088252
0.00211044218770277
0.00253239549971442
0.00303217523169065
0.00374514254138505
0.00289900529781928
0.00233067853501732
0.00183537004552327
0.00191385469039787
0.00234793379974494
0.00246045275393907
0.00240837176723904
0.00199187655650043
0.00137479033739801
0.00109716641267557
0.000824769813757159
0
0
0
0
0
0
0
0
0
0
0
0
0
0
0
0
0
0
0
0
0
0
0
0
0
0
0
0
0
0
0
0
0
0
0
0
0
0
0
0
0
0
0
0
0
0
0
0
0
0
0
0
0
0
0
0
0
0
0
0.000130556996801932
0.000717429973919695
0.00165204793092827
0.00305797171989056
0.00587820098353799
0.00726583022118347
0.00776089855066783
0.00793836312759786
0.00749993762657037
0.00689781076453084
0.00645813166624635
0.00662539810472634
0.00706986636211741
0.00656543174811203
0.00533672946092828
0.00375666311370198
0.00276470749243454
0.00233196594841765
0.00266760335229568
0.00429850592067645
0.00451587521732811
0.00474188663810306
0.00513906699136614
0.00521244598525183
0.00513371516844421
0.00467859989569757
0.00408662645335881
0.003392664928015
0.00317748255156595
0.00448637881385221
0.00510173023388283
0.00541500316052653
0.0054504637402159
0.00577525355076525
0.00657063189296832
0.0064382781876382
0.00570541864474362
0.00529000429630103
0.00486641991742741
0.00427935854851574
0.00376349556084226
0.00372547930661759
0.00370021588335678
0.00387917913767013
0.00417213597953719
0.00473834713904705
0.00449456920210439
0.00380885214352154
0.00284972773452321
0.00230977414092832
0.00227107259092154
0.00220193178385095
0.00203839965113777
0.00207029045115978
0.00176759517271025
0.00122151403693347
0.00218052855909461
0.00412018973477401
0.00357487805945555
0.00318768020221039
0.00267684632581449
0.00227292308652201
0.00107004673954628
0.000203365496329629
-0.000513543266438389
-0.00103975447643026
-0.00103917936820506
-0.000410896086809547
0.000129071067661672
0.00060620591601916
0.000981559240361457
0.00101384366240405
0.00119627427794373
0.00233059335880867
0.0029383279600298
0.00237460868220556
0.00200671777166262
0.00260158559779358
0.00365234482620883
0.0050375613749951
0.00389273556917075
0.00299385919921262
0.00236308711261088
0.00197820703226385
0.00237016458045653
0.00271386446677621
0.00273046104946548
0.00253160616108635
0.00184497909934388
0.00142379242041645
0.00067306495797707
0.000445124145377506
0.000495231054470809
0.00124710493760936
0
0
0
0
0
0
0
0
0
0
0
0
0
0
0
0
0
0
0
0
0
0
0
0
0
0
0
0
0
0
0
0
0
0
0
0
0
0
0
0
0
0
0
0
0
0
0
0
0
0
0
0
0
0
0
0
0.000450790545870658
0.000797806319249882
0.001656068682376
0.00292516722346352
0.00495987806827446
0.00708650856118923
0.00781209530895068
0.00781379545951727
0.00771072287151889
0.00698790060382006
0.00625544103950173
0.00579895712526884
0.00602607093842334
0.00646384661374318
0.00588439345834619
0.00463368459021983
0.00301522304803629
0.0019976243897374
0.00176173669871509
0.00256130353469794
0.00399799994673971
0.00418068554528051
0.00444665801759856
0.00483641512785288
0.00489771892567195
0.00494687728453647
0.00461546914175909
0.00422917168669688
0.00379250691823848
0.00413469154795652
0.00513246742061225
0.00580883926725642
0.00640173169981732
0.00666438653157456
0.00707906964484657
0.00719359149868894
0.00641668473597809
0.00548879241486059
0.0050188556656087
0.00458576163107041
0.00424192553059133
0.00408013194959759
0.0039203876620017
0.00386691854949557
0.00397427369133426
0.00401508267596557
0.00438863082759606
0.00412865206694647
0.00343779916491842
0.0026808178085755
0.00248960677096688
0.00273184291428287
0.00272388594359814
0.00259084639393691
0.00240208580381918
0.00196192864775894
0.00189216283977959
0.00328225469472573
0.00428096272922433
0.0034469876823352
0.00301377667137065
0.00269796535022816
0.00190285908804239
0.000760503511150642
-0.000101541139641825
-0.000900189228981025
-0.00143363353367111
-0.00134159057952091
-0.000604109732852752
4.2019684288569e-05
0.000507585454084234
0.000943134753334821
0.00121378533045912
0.00192489505770787
0.00287860439598393
0.00300734449971117
0.00230687137145717
0.00211283573729831
0.00304974489723442
0.00442473309164432
0.00486894144833368
0.0037183060422072
0.00279594182939583
0.0022905287341429
0.00215785745540059
0.00243407725754667
0.00269636144645702
0.00263432313712787
0.00234839710039667
0.00174330119688185
0.0010690115886176
0.000213304700902517
6.56599981455593e-05
0.000568318422419071
0.00140917100431302
0.00132993472932553
0
0
0
0
0
0
0
0
0
0
0
0
0
0
0
0
0
0
0
0
0
0
0
0
0
0
0
0
0
0
0
0
0
0
0
0
0
0
0
0
0
0
0
0
0
0
0
0
0
0
0
0
0
0
0.000584894021616341
0.00132789038142858
0.0018582202303802
0.00297282453419717
0.00446467139306482
0.00605552506453409
0.0076612483982348
0.00796052066177232
0.00770693620022581
0.00735057707619244
0.00641912579285845
0.00566200725256095
0.00528656042354705
0.00553403665649956
0.0058426451367368
0.00515717322215545
0.0038850848557126
0.00228213853720006
0.00142172380945563
0.00152305505703512
0.00228190516195635
0.00366420918893918
0.00390891329854992
0.00420313524837682
0.00458659936210764
0.0047496146268454
0.00490124572804623
0.00468253884230232
0.00445658869839595
0.00434957460319889
0.00461656619108501
0.00568031861683862
0.00655450998935879
0.00729714302111959
0.00753583403939114
0.00747985308391859
0.00717179705998787
0.00623795493444126
0.00528610000507494
0.00482453001850655
0.00448956086204248
0.00433988077131368
0.00421167215520434
0.00404697877657222
0.00404274380370758
0.0040504859297738
0.0039064851512835
0.00415999637756539
0.00386110158891935
0.00328434942420393
0.00280912254143432
0.00287362170148076
0.00314447674840683
0.00306411358352786
0.002809317917857
0.0025771635753234
0.00240779369518443
0.00249404094045373
0.00343767003179801
0.00417935686789871
0.0033253360066837
0.00295697008470182
0.00240760988342761
0.00153341656217683
0.000417885222047579
-0.000450580912243841
-0.00122608758962366
-0.00168785560324153
-0.00151080541740711
-0.0006704594705301
2.58159635662579e-05
0.000573404791211401
0.00119894680767447
0.00172500751958301
0.00228329705665027
0.00287765679699755
0.00286142999477543
0.00220354828285829
0.00216774890413218
0.00329767737897601
0.00418296651900137
0.00454444340947172
0.00344205019264299
0.00262766130642717
0.00227631264531013
0.0021371765115289
0.00228861193501465
0.00247869386237718
0.00241452717851814
0.00215965463904931
0.00146166824795051
0.000718993557215678
-0.000105943295258173
1.55676951771409e-05
0.000657430238619286
0.00132762109817987
0.00120515661230949
0
0
0
0
0
0
0
0
0
0
0
0
0
0
0
0
0
0
0
0
0
0
0
0
0
0
0
0
0
0
0
0
0
0
0
0
0
0
0
0
0
0
0
0
0
0
0
0
0
0
0
0
0
0.000687378047598216
0.00158798466724003
0.00251073011025108
0.00316905763283495
0.00432938670583027
0.00548334223639178
0.00666966097668599
0.00792811355153991
0.0079653044029623
0.00746871397341365
0.00688052980440156
0.0058795796912366
0.00518870430164635
0.00484798944915877
0.00499828597901039
0.00510506417798409
0.00434274729334321
0.00307313139479859
0.00162821071042348
0.0010864773829794
0.00125420125042564
0.00200892615700788
0.00340039785791871
0.00369467264778106
0.00398390587136302
0.00443652142391843
0.00466510680518157
0.00486989148227382
0.00475137173313224
0.00469110447140731
0.00464637113174307
0.00502432863399875
0.00620547850659609
0.00717396067921247
0.00787549629245348
0.00785563035436626
0.00753097059829762
0.00706138590670014
0.00604226603488666
0.00511573528674856
0.00469564181027037
0.0044467863157235
0.00434482197136552
0.0042631547581983
0.0041631371890933
0.00418677265689207
0.00412668450436199
0.00388689593671114
0.00401850874928824
0.00372183737971943
0.00337175275830848
0.0031158965386611
0.00315428286435328
0.00325845478807738
0.00316737575375521
0.00292627183182594
0.00281875225462351
0.00272177625440607
0.00263937148113984
0.00340490721059835
0.00408394173639023
0.00327281289591525
0.00273607525585355
0.00207235712051027
0.00120358620107069
8.62099509193645e-05
-0.000725825272715374
-0.00142440966092591
-0.00179839223833884
-0.0015138416222566
-0.000625839491495752
0.000132666380410613
0.000848972300539262
0.0015646938842703
0.00195950800815002
0.00230197971795849
0.00268045072626517
0.0025920319129298
0.00201721959720559
0.0021644525417562
0.00309503038556236
0.00385108108663287
0.00423380082286285
0.00323822570904785
0.00255093586533978
0.0022087501166612
0.00197820659098681
0.00202603138108175
0.00226462085141604
0.00219008827301275
0.00190563113158404
0.00123817316631106
0.000522273646239392
-0.000109592898278573
0.00012432414547821
0.000666114968914154
0.00120202953471144
0.0011169136681807
0.000524319987263833
0
0
0
0
0
0
0
0
0
0
0
0
0
0
0
0
0
0
0
0
0
0
0
0
0
0
0
0
0
0
0
0
0
0
0
0
0
0
0
0
0
0
0
0
0
0
0
0
0
0
0
0.000722599226840397
0.00177120638061518
0.00284524640499956
0.00382354343327278
0.00439313213114538
0.00526265180628347
0.00606633782294114
0.00698340713597663
0.00800938849161529
0.00781295316789489
0.00711266932592676
0.00636952674078215
0.00541202708180595
0.00475909930000933
0.00441762889092056
0.00440137960821032
0.00427764929385308
0.00342922223588024
0.00229423707255177
0.00114131966761813
0.000782564335166167
0.00101795736110776
0.00181692512800563
0.00317250082459415
0.00349009391537851
0.00380831302289225
0.00428055203095084
0.00456780440725001
0.00479426965571751
0.00477065315044115
0.00478294483208556
0.0048590863626417
0.00532850045458606
0.00655950884906633
0.00752082130769583
0.00805614533778677
0.00792971982497683
0.00749456749619672
0.00696206985281069
0.00590985666146969
0.00495392357333668
0.00454791989596638
0.00436191123806884
0.00430228081564017
0.00428864728458244
0.00424781867747916
0.00434051465812138
0.00425748037777892
0.00393804198088492
0.00402741201986257
0.00382320872808349
0.00361502822092934
0.0033265437507971
0.00324297947803272
0.00328555650457283
0.00318149880189771
0.00303267163870898
0.00295699810322598
0.0027785881321931
0.00261424629467522
0.00331916499974879
0.00400827214617141
0.00312054824635259
0.00248386517083751
0.00175588559884995
0.000925895503521557
-0.000164057902707771
-0.000897583169608587
-0.00151849585272388
-0.00175699027840657
-0.00139560204239774
-0.000445564338392922
0.000398099422067153
0.00117813370107937
0.00176882447371523
0.00196917657517604
0.00206522481375608
0.00229361637909582
0.00223400028348807
0.00184700246564813
0.00195035663867762
0.00281487919161872
0.00362303356108086
0.00407209074648875
0.00315612931297178
0.00246801124399658
0.0020399210371566
0.0017347151848614
0.0018263784148721
0.0020616172609036
0.00201426773382978
0.00176363898419095
0.00117548824815964
0.000565679417212079
7.57396379858172e-05
0.000239047204394028
0.000635104630682103
0.00115093975837745
0.000989689968193062
0.000416026444063954
0
0
0
0
0
0
0
0
0
0
0
0
0
0
0
0
0
0
0
0
0
0
0
0
0
0
0
0
0
0
0
0
0
0
0
0
0
0
0
0
0
0
0
0
0
0
0
0
0
0
0.000809868766209807
0.00188960784947202
0.00310610008418679
0.00416405739855511
0.00501156360196294
0.00526154835813477
0.005753680133534
0.00637086613691206
0.00708469826472383
0.00790139678553814
0.00754566094696047
0.00670099167780211
0.00587423476930123
0.00494278942376151
0.00429577942889397
0.00389762938714529
0.0037038523095397
0.00335989968008171
0.00260437513666405
0.00168934912716593
0.000751244875703482
0.000556291835059671
0.000876882984576373
0.00167067081127039
0.00296332038762872
0.00334800766511951
0.00365812353718904
0.00416872752510449
0.00446935448771553
0.00468888951488176
0.00471608185172567
0.00479345792747089
0.00498585134428401
0.00548229641564509
0.00674146488063689
0.00761056384156708
0.00807826022222149
0.00793145226971661
0.00745192709496761
0.00688998959450633
0.00577362130485409
0.00477437570317041
0.00442795561032241
0.0042853985363616
0.0042506454165981
0.00431652880066186
0.00440220040916676
0.00455239549377635
0.00443661244690001
0.00408835888632471
0.00416096425592361
0.00400743667694401
0.00377144644383884
0.00339264216569216
0.00323953236454615
0.00320303668608059
0.00319768377642114
0.00307698016126976
0.0029465827655739
0.00272032477978884
0.00257965617251322
0.00329047183672996
0.00393523758906536
0.00301670014433855
0.00230329225364212
0.00155385611039625
0.000763737039733538
-0.000297104587006716
-0.000955907227004162
-0.00145423861168691
-0.00159901659144205
-0.0011533107028807
-0.000170392793818733
0.000685631045909705
0.00135334635944947
0.00173205990411322
0.00170153752355454
0.00164704925082297
0.00181351755173537
0.00191137862624221
0.00156553444639586
0.00168434071894431
0.00264270739059696
0.00355268953447458
0.00403332454300681
0.0030774612377444
0.0023326359993014
0.00182899694371245
0.00156110742326193
0.00168356028593126
0.00196013530971928
0.00195007212183993
0.00178650281500636
0.00132952155786406
0.000803337023514273
0.000301985280663664
0.000336680722246987
0.000620137320792631
0.00103685026160981
0.000845324547528956
0.000343442814979207
0.000456501628834082
0
0
0
0
0
0
0
0
0
0
0
0
0
0
0
0
0
0
0
0
0
0
0
0
0
0
0
0
0
0
0
0
0
0
0
0
0
0
0
0
0
0
0
0
0
0
0
0
0.000822333935273659
0.00201992706389949
0.00330578980587664
0.0044722359128212
0.00533623771353663
0.00583616800321753
0.00566810890469706
0.0059524819602642
0.0064562466153885
0.00698957261862665
0.00765912907819435
0.00721656461825935
0.00626322471832808
0.00533747632009973
0.00442311556321678
0.00372103611915374
0.00327846862944982
0.00298009395565798
0.00268141070419821
0.00198952151354408
0.00121077092497404
0.000441916812129885
0.000428774467666993
0.000799908578052764
0.00153567303371326
0.00283584693073624
0.00321492163353943
0.00354775242287528
0.00403796011868433
0.00433509482882535
0.00455109655760506
0.00460188694979615
0.00473816324780968
0.00494740559467455
0.00555886335539879
0.00676973618776944
0.00762315699474411
0.00804397203545139
0.0078925865879529
0.00741325851797497
0.00682039162566595
0.0055889727718945
0.0046400293481291
0.00436220371393933
0.00420977120344668
0.00424260377363884
0.00442230709970001
0.00459922679845769
0.00480465430984439
0.00465701601139464
0.00433961515943702
0.00436199183821536
0.00410948625602582
0.00376082047878638
0.00336307919579075
0.00313162049972254
0.00317523207917746
0.00315795844398643
0.00303316191389933
0.00285632376016533
0.00265296954956309
0.00255644348533252
0.00325589482750549
0.00391719823931034
0.00297623626095919
0.00220631425097423
0.00143504437136824
0.000674636520585525
-0.000335855273356777
-0.000855581860427722
-0.00127497782164358
-0.00135590671714049
-0.000899642292630021
5.75507214870309e-05
0.000797205693086267
0.00124710449041253
0.00139789504128223
0.00123736979378089
0.00113569064271529
0.00141138573770788
0.00152048826948775
0.00128062344919328
0.00151422939537037
0.00263292541332586
0.00359809842976468
0.00405475146433507
0.00301825973776872
0.00215903046966584
0.0016837323941685
0.00147033650608359
0.001660734760258
0.00196185342125807
0.00208406537293594
0.00203974050661872
0.00166889193594339
0.00112847157266454
0.000524904351525576
0.000405749860258823
0.000524720231644977
0.000916194260047658
0.000741903112301776
0.000356445607966958
0.000569770564959636
0
0
0
0
0
0
0
0
0
0
0
0
0
0
0
0
0
0
0
0
0
0
0
0
0
0
0
0
0
0
0
0
0
0
0
0
0
0
0
0
0
0
0
0
0
0
0
0.000880302266841165
0.00211594782957058
0.00352945339469028
0.00478163283345209
0.00571981163596237
0.00615803080938591
0.00621935995592667
0.00579859377769739
0.00594384617680787
0.00632378096626991
0.00674855836727655
0.00739800660804422
0.00685550103321988
0.00582753807992557
0.00479121626614611
0.00379508819135247
0.00310526818690466
0.00264238698543074
0.00238542365441769
0.00193119163386326
0.00130956338176352
0.00075968623691053
0.0002873619681838
0.000377063702216535
0.000735773266507063
0.00147102868482178
0.00270755622514832
0.00309171417248497
0.00340376721174245
0.00383591621181683
0.00413942061867333
0.00437937822088171
0.0044317283049056
0.00458035248105337
0.00496854958532581
0.0055946561725578
0.00681482138766586
0.00759827380722588
0.00798261682086262
0.00780733296747128
0.00728077866326008
0.00662084825335244
0.00542120721118484
0.00456133338215884
0.0043407593080188
0.00420149633841316
0.00429091965322216
0.00457196613586377
0.004843732387104
0.00511558454888463
0.00497514249168054
0.00455474765531645
0.00439145081837226
0.00407156073403042
0.00375928042664001
0.00334826936867512
0.00317084691895442
0.0031392287709927
0.00304113859653161
0.00294174156432063
0.00277920580804595
0.00259549671822024
0.00250356756253018
0.00323893393490931
0.00394627993899246
0.00298751698019296
0.00217442349033041
0.00138472448502554
0.000649524894005283
-0.000199231742587974
-0.000630125429025617
-0.00103624428001051
-0.00115759905853469
-0.000773206520582286
9.2749539047719e-05
0.000667149671304691
0.000883234690800553
0.00083302915819664
0.00063628920236413
0.000623739797274948
0.000897075297264897
0.00115498870066439
0.00112952560583175
0.00156945121115804
0.00279433046771802
0.00372522212201784
0.00403114950445476
0.00282784084912708
0.00203691077563436
0.00161384283953976
0.00146008981765161
0.00177747602020901
0.00218141012256176
0.00239203599856244
0.00238118991480307
0.00205471308438599
0.00143495168674197
0.000651254533477181
0.000319004770225775
0.000417355576869783
0.000808200730005993
0.000722536511571706
0.000492820633988652
0.000708359916321029
0
0
0
0
0
0
0
0
0
0
0
0
0
0
0
0
0
0
0
0
0
0
0
0
0
0
0
0
0
0
0
0
0
0
0
0
0
0
0
0
0
0
0
0
0
0
0.000880298224196022
0.00220030724201376
0.00366703551452459
0.00507555262867345
0.00611047391889913
0.00654845055987103
0.00654841288525771
0.00631312412997562
0.00569954365096775
0.00576621669658924
0.00608548606997138
0.00647125332974566
0.00706730014509449
0.00645509145282842
0.00532450670804883
0.00411890777208209
0.00315541982272025
0.00251887154580766
0.00208528912580309
0.00178917169829832
0.00123497230626455
0.000802700065629111
0.000492137951751701
0.000195923984437897
0.000309671360929334
0.000726943051758673
0.00142364263051769
0.00258169992307386
0.00295025032566369
0.00323699536251195
0.00360574935129916
0.00393840089488864
0.00420446396432984
0.00425711174375355
0.00450493980691132
0.00500318037240126
0.00565201740156056
0.00682953722791041
0.00751101607799754
0.00783740047016401
0.00761698279170742
0.00705635754165079
0.00641438016718806
0.00526268076458202
0.00453675244779067
0.00438547257042006
0.00425584716985545
0.00441012018398186
0.00483675439558211
0.00515921767513173
0.00545779570375675
0.00522273211042795
0.00464955811929364
0.00432179244711397
0.00405452136519328
0.00377148168777158
0.00340252185008639
0.00318119780548768
0.00307968948490298
0.00293719661811886
0.00290297080577288
0.00276127162533292
0.00256441138223181
0.00245629991489104
0.0032456493662509
0.00399034498264729
0.00299130692802846
0.00216342098266091
0.00139226417105915
0.000751851186560867
1.12013163026324e-05
-0.000379499567816806
-0.000822099342804299
-0.00107795232032635
-0.000801655393215488
-5.87230992430463e-05
0.000328472434969684
0.000248265296810894
0.000137880256473194
7.74666731853964e-05
0.000139667668193362
0.000516424625432448
0.000989954727403557
0.00119800372178451
0.00178591775110647
0.00294678819736247
0.00370642821586691
0.0038883855385963
0.00269086029869821
0.00198242909762839
0.0016258436281508
0.00161222301726349
0.00208247222459935
0.00248500757309927
0.00274977829615843
0.00274405167373087
0.00239306911139429
0.00161446748596539
0.000581035764817957
0.00011719464201804
0.000285763106960746
0.000760408571005437
0.000797843358503507
0.000671559161191478
0.000874908888971636
0
0
0
0
0
0
0
0
0
0
0
0
0
0
0
0
0
0
0
0
0
0
0
0
0
0
0
0
0
0
0
0
0
0
0
0
0
0
0
0
0
0
0
0
0
0.000835763308593401
0.00217467801563689
0.00374277997135369
0.00523700175705118
0.00642756174985801
0.00700156670080085
0.00695604806624124
0.00662914585688252
0.00616708140907119
0.00546967581708118
0.00551990721760222
0.00580993927978837
0.00612485287681612
0.0066908522370766
0.00598692701051664
0.00474965992935745
0.0035409986110022
0.00260776483269267
0.00203224135347903
0.00160150744646365
0.00130066998491423
0.000786337355633945
0.000476213439277962
0.000297727647319554
0.000113109076559577
0.000272946306713635
0.000717494032661498
0.00132508122284003
0.00242422237456644
0.0027584602607905
0.00302529171497608
0.00339111739170924
0.00375768180546622
0.00406154772856696
0.00415636941860718
0.00449775239920655
0.00505881110088786
0.00567382236555057
0.00675450711349743
0.00734688689624204
0.00763887299866546
0.00737508182301754
0.00679889322460456
0.00617282486782742
0.00512721705500354
0.00454491477860862
0.00443720596097252
0.00435662615554454
0.00463798407401822
0.00516050812178019
0.00541506648954473
0.00564377818735747
0.00532835928046931
0.00463620453875874
0.00425678967180171
0.00401503701093055
0.00379956516128029
0.00345685563025883
0.00322874187824511
0.00308897368792016
0.00293207014668896
0.00296813570936783
0.00282268637740838
0.00258889002916549
0.00243123289566059
0.00326399713434898
0.00394046452143395
0.00295427782318431
0.00217462347584801
0.00144420426121692
0.000797085767091633
0.000205500297221142
-0.000160328704047995
-0.000717297867661137
-0.00114017681217662
-0.000984388914981717
-0.000372996831066892
-0.000226459904763517
-0.000405205923852962
-0.000369380772258137
-0.000301009875680104
-0.000140922304033532
0.000389952737411523
0.00104347328713173
0.00137508555741775
0.001944590256685
0.00298924459751872
0.00360513712361391
0.00376695267430362
0.00261094188711795
0.00202297822694134
0.00176356452377711
0.00193205688897239
0.00242935186498817
0.00281358118835838
0.00309790353703863
0.00302725730233038
0.00254278982452968
0.00157440981833566
0.000325360860749055
-0.000112198759220429
0.000208669617571286
0.000790284214362552
0.000942400391418168
0.000896915928271364
0
0
0
0
0
0
0
0
0
0
0
0
0
0
0
0
0
0
0
0
0
0
0
0
0
0
0
0
0
0
0
0
0
0
0
0
0
0
0
0
0
0
0
0
0
0.000758092887831488
0.00206468512600936
0.00368156918836605
0.00526737011430322
0.00659120778353944
0.00734156908024018
0.00746749912284716
0.00707773938206318
0.00649369296828745
0.00589155353622918
0.00519202651794305
0.00522906163671685
0.00550658113753711
0.00579557272611984
0.00624155331186151
0.00546842709764426
0.00418421786557664
0.00305876135115749
0.00218570068995651
0.00164287045315023
0.00125548005350099
0.000964855108954003
0.000462249475265791
0.000161738575551574
0.000128526884987603
7.7726443325325e-05
0.000264345015535986
0.000618348799270452
0.00117517345031147
0.0021936712997395
0.00252097095192925
0.00280531644146428
0.0031943010258853
0.00359560825447998
0.00391513253194622
0.00412681451989495
0.00452129148520057
0.00508195330532721
0.00560932614713583
0.00660317367869804
0.00716508934050588
0.0074230273972275
0.0071533681482782
0.00655389024277155
0.00595682829418547
0.00501851298424082
0.0045415069263602
0.004495067602103
0.00454867803095998
0.00491680727454319
0.0053466919160916
0.00549255437383637
0.0056540815069775
0.00532333440981726
0.00456985038979162
0.0041740971704672
0.00399693839846838
0.0038521160429573
0.00351869329276923
0.00328238940103653
0.00313435728502231
0.00306249531407536
0.00307904636591951
0.00292482414777325
0.0026130889699833
0.00244736409979844
0.00317139292739114
0.0038364500126526
0.00292996737670949
0.00216266274038656
0.00144150185474221
0.000901019323287104
0.000401375796086583
-3.96499499756212e-05
-0.000732770756404306
-0.00130861555826553
-0.00121424500950329
-0.000801665916870279
-0.000778851253842336
-0.000832864836903055
-0.000645136900346901
-0.000463317578427478
-0.000212302517593125
0.000411750745108335
0.00115649378470439
0.00148069438026297
0.00203272067195186
0.00293109501853861
0.00350037258151821
0.00365430735495236
0.00263033085952962
0.00214041157490779
0.00201851582278697
0.0022903042149999
0.00269551461379212
0.00309366392918882
0.00334290089658372
0.00310121072588929
0.00245661107751733
0.00132382854782214
8.03833593088491e-05
-0.000275466142487789
0.000182234939014962
0.000884635841331197
0.00113478921584828
0
0
0
0
0
0
0
0
0
0
0
0
0
0
0
0
0
0
0
0
0
0
0
0
0
0
0
0
0
0
0
0
0
0
0
0
0
0
0
0
0
0
0
0
0
0.000731839073279536
0.00191127522706976
0.00348567845038461
0.00510715912735352
0.00650728242910727
0.00748511199735033
0.00786691956409024
0.00765932392901858
0.00696049160453752
0.00627043646685422
0.00562342167137323
0.00489674958753864
0.00493868191877314
0.00525130468879926
0.00542453414925412
0.00574027420345229
0.00492525446309474
0.00371278763047866
0.0026751104794187
0.00185250260956549
0.00140560906565403
0.000999639109434938
0.000702775254687138
0.000174099336649606
-4.20439572440181e-05
8.73548687298103e-05
7.93701277367102e-05
0.000158938476744154
0.000478671243242645
0.000955774845154835
0.00192694967297189
0.00227347655813627
0.00260437826350999
0.00300599794309162
0.00344210616454545
0.00384771051909522
0.00415358529717095
0.00454784186826445
0.00507823914539815
0.00551721533096641
0.00647517787997923
0.00698177820222702
0.00724177652545807
0.00693708983470031
0.00631181715495262
0.00581166020080008
0.00498321410377724
0.00456193599758992
0.00461012523198502
0.00469098799817572
0.00497635333368758
0.00533263791173192
0.00542141762130966
0.0055784536574997
0.00521875251939485
0.00447196990374713
0.00413775937378725
0.00406741798151903
0.00394169197591167
0.00357342525245296
0.00332899975632735
0.00324411987380772
0.00320809969948009
0.0031885946418022
0.00299317485055175
0.00260480795652775
0.0022942254344996
0.0030559901443003
0.00375686108200179
0.00288343637000211
0.00211449458796703
0.00146650336285801
0.000981777723665295
0.000467397250293143
-7.23348258313527e-05
-0.000872135400599773
-0.00152983843248007
-0.00156371112998075
-0.00123521701825772
-0.00112410319638121
-0.00105906542155146
-0.000740028720619543
-0.000470862188886901
-0.000172773077340364
0.000445323331593785
0.00118497931341834
0.00156364922293564
0.00201440363432494
0.0028379610206724
0.00335929341647432
0.00366334962597264
0.00271012735885143
0.00230924107174742
0.00218971660942348
0.00241716429989481
0.00284668954127278
0.00326405745654305
0.00337123090228919
0.00297523609095426
0.0022361421619262
0.00111602827024896
-0.000116891337732319
-0.000356616171849221
0.000241953907424587
0
0
0
0
0
0
0
0
0
0
0
0
0
0
0
0
0
0
0
0
0
0
0
0
0
0
0
0
0
0
0
0
0
0
0
0
0
0
0
0
0
0
0
0
0
0
0.00068162272245644
0.00186020103028707
0.00325352839559917
0.00483810578665067
0.00627499746006794
0.00736929560587537
0.00798715820647788
0.00810374975387398
0.00764038438089996
0.00682689963459543
0.00609523853301003
0.0053801570991148
0.00461918849925442
0.00469531353232568
0.0049512968577431
0.00498917175340443
0.00523286218448577
0.00448582176623153
0.00336640359959199
0.00239452158895629
0.00172436438931548
0.00123939827177266
0.000780747002639621
0.000493621647172841
1.33614099554272e-05
-7.54310321289758e-05
5.84390328874949e-05
-4.30632360403396e-06
4.99633859569547e-05
0.000259258948776096
0.00070916573428169
0.00168948207624257
0.00206054280643006
0.00242527267074731
0.00284231258100499
0.00337384150066361
0.00386853922837382
0.00418420822246203
0.00457302857036807
0.00506817027270071
0.00543760687255826
0.00633501022803847
0.00682164953661153
0.0070502162580108
0.0067053430761026
0.00613946272205176
0.00573870987452753
0.00496822492781355
0.00457558463881317
0.00463993766063155
0.00464795736437874
0.00488465533439636
0.00519042545662162
0.00524640276398368
0.0054347007099463
0.00506990914102398
0.00442497568734633
0.00419870921261965
0.00415176693994049
0.00397630090268125
0.00357150518781031
0.00340710928979744
0.0033978685754031
0.00331512819931641
0.00326229609291352
0.00297119595307114
0.00251096493280851
0.00220630501909971
0.00295096674428066
0.00365776435474868
0.00277448047449953
0.00205028962091155
0.0014341922455856
0.00094445317739333
0.000392256561304733
-0.000218599342383167
-0.00109057001257407
-0.00183350277380301
-0.00194204271413853
-0.00150693579436465
-0.00129005320138083
-0.00112397599009477
-0.000703297568982152
-0.000399602305678177
-0.000153308851203064
0.000388690020096365
0.00117033741411298
0.00160807431725664
0.00197794013457627
0.00274898753379545
0.00341935312078344
0.00372323245999975
0.0028164217119523
0.00238945566317934
0.00222884195800016
0.00244579025098048
0.00293310111807969
0.00325354667408371
0.00322305042903355
0.00277255176796927
0.0020389579369629
0.000980367046803338
-0.000137523331078884
0
0
0
0
0
0
0
0
0
0
0
0
0
0
0
0
0
0
0
0
0
0
0
0
0
0
0
0
0
0
0
0
0
0
0
0
0
0
0
0
0
0
0
0
0
0
0
0.000744032817729856
0.00181356674537423
0.00318188300039908
0.00457580075040483
0.00597722497227502
0.0071462808912584
0.00793004302931091
0.00826890080735265
0.00817765923312645
0.00756384455391312
0.00669933463381948
0.00590787421191928
0.00512896095490331
0.0043931453569469
0.00442057141205516
0.0045693329332718
0.00453966774482084
0.00480636539445776
0.00415063118178671
0.00311449592590162
0.00232786016107012
0.00166643832750713
0.00110083031019703
0.00064113458371484
0.00039239225851449
3.12179733128219e-05
-9.78415037786112e-05
-1.60621605049346e-06
-7.27821840714518e-05
-0.000125408865583025
3.10156140073477e-05
0.000501818558908123
0.00149674843087002
0.00190757447593171
0.00233353598380282
0.00281743475503294
0.00341072354570331
0.0039234585673993
0.00424561660196002
0.00460440195564422
0.00505725908016748
0.00537118272957922
0.00620135642098159
0.00663418120874412
0.00681716942246127
0.00653284403480708
0.00604590236352053
0.00568661576462478
0.00495347347967679
0.00453536877548872
0.00452614709278014
0.00450099999796083
0.00472159272455817
0.00499534748222966
0.00510623423206494
0.00528195803468941
0.0049682739246669
0.00440040434321096
0.00418470944691931
0.00408906577474701
0.00392350194153672
0.00361516474048552
0.00356847492581509
0.00353996813184271
0.00344760250500531
0.00327034121163471
0.00292475234733247
0.00244273412887645
0.00210242844311197
0.00282679020158257
0.00349565251009878
0.00261542593138919
0.00190075455536273
0.00129416750405593
0.000817456467853928
0.000238860516332289
-0.000422341796730195
-0.00134793811715503
-0.00209993418682008
-0.00211983734791653
-0.00160381065201946
-0.00132296868985516
-0.00106074603157782
-0.000607136167438751
-0.000354086335660147
-0.000183093154953279
0.000365129083497529
0.00120983468240077
0.0016137996619448
0.00191621787571699
0.00274233618762173
0.00349732595314758
0.00379932879651367
0.00283375726224075
0.00235446419728564
0.0022034543314019
0.00244812256354635
0.0028480232985592
0.00305190614488111
0.00300871822548602
0.00256293304935061
0
0
0
0
0
0
0
0
0
0
0
0
0
0
0
0
0
0
0
0
0
0
0
0
0
0
0
0
0
0
0
0
0
0
0
0
0
0
0
0
0
0
0
0
0
0
0
0
0
0.000786287195873927
0.0018611058691008
0.00309237122410681
0.00447292580687024
0.00569444285544296
0.00684862350246618
0.00775637860553676
0.00828733435087409
0.00843736369022912
0.00821299637643384
0.00748383510577154
0.00656199145124718
0.00570386745790943
0.00489616814909186
0.00415331924464672
0.00409323471930494
0.00417323605791025
0.00416399358543294
0.00447542829749286
0.00389490276219236
0.00298183385662931
0.00228652138451653
0.00153701865677176
0.000994913567143846
0.000556770682535353
0.000396951401453784
2.37944040274761e-05
-0.000166945375805621
-6.12504897443955e-05
-0.000201346123159486
-0.000307077357805383
-0.000143996960798755
0.000351055967664867
0.00138203969151575
0.00186287841371973
0.00234040348027588
0.00285543093520409
0.00346654151490298
0.00398374857004273
0.0042832507087807
0.00461255007457785
0.00503671555077453
0.00523910337785218
0.00598007116930046
0.00639847265996615
0.00662192193735042
0.00638863484398317
0.0059291892598373
0.00554416709327491
0.00484050807562219
0.00436319478353311
0.00432909257287956
0.00432622999083895
0.00454366856466737
0.00483371830408321
0.00496218931862115
0.00514489157483521
0.00487904114829982
0.00427651981055305
0.00404741500140764
0.00398236998738179
0.00394914696480589
0.00375247193237132
0.00373838437130925
0.00365813208987758
0.00350170748442552
0.00322131076624968
0.00287142868175755
0.00234465727985358
0.00201146218746992
0.00268917386443231
0.00330837077945407
0.00243751635976788
0.00174742380650662
0.00116440929422956
0.000659809985261073
9.22086321324563e-05
-0.000589541214248426
-0.0015155556882869
-0.00220075214424214
-0.0021444765644048
-0.00158787168526549
-0.00127375747265186
-0.00094727712244786
-0.000535813372269136
-0.000366623683760364
-0.000195327688638074
0.000363585649896516
0.00120918203374068
0.00160765815990298
0.0018972456307027
0.00274816505114321
0.00353426040977852
0.00377428004015205
0.00275508224783618
0.00227769689438082
0.00215614548729246
0.00235442253476546
0
0
0
0
0
0
0
0
0
0
0
0
0
0
0
0
0
0
0
0
0
0
0
0
0
0
0
0
0
0
0
0
0
0
0
0
0
0
0
0
0
0
0
0
0
0
0
0
0
0
0
0
0.000815683787930734
0.00192032131502961
0.00309963475292923
0.00434158382933988
0.00557833947399277
0.00658234876963938
0.00747372059694612
0.00816087598413543
0.00853922395230711
0.00857390897211168
0.00823970254280102
0.00738571160171691
0.00639581955187444
0.00553721183526713
0.00467953469001121
0.00383969689009749
0.00374506683309682
0.00385638322539396
0.00389171407219661
0.00420611613310102
0.00369300385602821
0.00284851460951934
0.0021065049578286
0.0014557122662615
0.000946618542870506
0.000569070127470032
0.000407716620111724
-3.79208978917859e-05
-0.000266000869483961
-0.000221946790805522
-0.000333824782892721
-0.000397341613450581
-0.000215938024260628
0.000297593534286744
0.00139431957831073
0.0019092291499552
0.00238007589031139
0.00290222129914047
0.00350365645632937
0.00398228678152916
0.00429697043406779
0.00462217420657365
0.00492712720015188
0.00499705011821012
0.00569211303323647
0.00618410670107261
0.00644986543144796
0.00623929197592114
0.0057685597682379
0.00536261618995988
0.0046534158992202
0.00410832430014771
0.00412889886795203
0.00414807667531547
0.00436710710651793
0.00464798165778182
0.00476916395924316
0.00496984318053024
0.00466679464136381
0.00408026680985413
0.00393848093058005
0.00398024535135602
0.00406116400168299
0.00388769361722491
0.0038343483854022
0.00369490551116067
0.00344342749303127
0.00314206542075001
0.00275867896893864
0.002251542680661
0.00192976401496947
0
0
0
0
0
0
0
0
0
0
0
0
0
0
0
0
0
0
0
0
0
0
0
0
0
0
0
0
0
0
0
0
0
0
0
0
0
0
0
0
0
0
0
0
0
0
0
0
0
0
0
0
0
0
0
0
0
0
0
0
0
0
0
0
0
0
0
0
0
0
0
0
0
0
0
0
0
0
0
0.000926593557130062
0.00199364898253454
0.00315117372146778
0.00430266875534148
0.00547848578735094
0.00649877595687233
0.00723176348567803
0.00789805872591526
0.0084553173830966
0.00876021488101828
0.00865915864388619
0.008228549934548
0.00728179837454787
0.00625540449988559
0.00536271831737085
0.00443021098806712
0.00354319746290391
0.00343723685064718
0.00364569822636127
0.00367017650079082
0.00397918139815098
0.00353522699651001
0.00270038483285232
0.00202595017278719
0.00145668688068896
0.00100853111306762
0.000615838324053951
0.000396912434066802
-0.000125313217103642
-0.000419479874354879
-0.000345351408914119
-0.000364372709868664
-0.000370935653421859
-0.000194536797188594
0.000350537201673648
0.00145582892848178
0.00194635605513194
0.00241673320431881
0.00291205462967465
0.00352090920373122
0.00400606619185888
0.00430868712244232
0.00453748275629041
0.00473476350639014
0.00471096932754299
0.00541835971600449
0.00598303774568651
0.00627027601794323
0.00607150675326471
0.00559993648268324
0.00517533749959003
0.0044156411611467
0.00385768460063992
0.00390445052317433
0.00392953603682602
0.00412813772379373
0.00438085235435471
0.00452119154010584
0.00468141204140407
0.00438760021896011
0.00391170389145758
0.00387658973219166
0.0039988282153115
0.00412441930968649
0.00397248516297467
0.00389302729162713
0.00362684741654914
0
0
0
0
0
0
0
0
0
0
0
0
0
0
0
0
0
0
0
0
0
0
0
0
0
0
0
0
0
0
0
0
0
0
0
0
0
0
0
0
0
0
0
0
0
0
0
0
0
0
0
0
0
0
0
0
0
0
0
0
0
0
0
0
0
0
0
0
0
0
0
0
0
0
0
0
0
0
0
0
0
0
0
0.00110597925213971
0.00230757436103686
0.00327901920391965
0.00433799507835623
0.00537726018560475
0.00640300487786531
0.00718177242217061
0.00766314625606202
0.00817927219065175
0.00868495473465598
0.00886337530549548
0.00862646698182255
0.00813095096057169
0.00716677109750975
0.00611029212627374
0.00519563213882717
0.00422971358231142
0.00330921855148159
0.00325241678028294
0.00346878373531483
0.00348880173541949
0.00385493808645423
0.00338835116635872
0.0026087402900392
0.00201169143817775
0.0015719593138929
0.00107448807643786
0.000645493090865616
0.000366467565646537
-0.000240053573172561
-0.000491017799986823
-0.000367111320763826
-0.000260979116620117
-0.000252090955527349
-9.20303180404086e-05
0.000434810387561757
0.00149693511591992
0.00197212915893571
0.00240752522568926
0.00292683888500569
0.00355146429555802
0.00400969161412926
0.00422254267153042
0.00435714854516187
0.00448533087345355
0.00440794858566556
0.00517503009622069
0.00578785068159717
0.00607626157843493
0.00589029168241749
0.00539721318707783
0.00491546298932896
0.0041297203891366
0.00352366191732791
0.00362833670694299
0.0036901257213794
0.0038467140771836
0.00407560707980184
0.00419133840974182
0.00434200748130383
0.00415324611309514
0.0037797208802252
0.00383169254127247
0.00399249887871497
0.00415712503197454
0.00401759689128313
0
0
0
0
0
0
0
0
0
0
0
0
0
0
0
0
0
0
0
0
0
0
0
0
0
0
0
0
0
0
0
0
0
0
0
0
0
0
0
0
0
0
0
0
0
0
0
0
0
0
0
0
0
0
0
0
0
0
0
0
0
0
0
0
0
0
0
0
0
0
0
0
0
0
0
0
0
0
0
0
0
0
0
0
0.00118415331459265
0.0026099171927469
0.00373989621010191
0.00452343104067948
0.00540763076013015
0.00628149636107464
0.00712266772858285
0.00764604560771527
0.00793778456403556
0.00840552288972907
0.00876476387424588
0.00878234985772335
0.00843002650362549
0.0080064705431069
0.00706947937825758
0.00601397405348045
0.00509080182944099
0.00405950826707828
0.0031421301981837
0.00308153669744881
0.00328530003091752
0.00333274376170978
0.00373447271223072
0.00330744640062243
0.00258424154837476
0.00211569983728528
0.00161826167700159
0.00105326968097119
0.000630963989355282
0.000361560993215
-0.000139362511549667
-0.000392758868504854
-0.000202712521908275
-2.69555683731298e-05
-2.20949688885772e-05
3.35119171871305e-05
0.000481331752829684
0.00151889672053426
0.00196609619894608
0.00242496387029917
0.00296751368163457
0.00357501076201227
0.00392560952941762
0.0040898412526095
0.00414147094237902
0.00422766992517103
0.00419716655049721
0.0049924228386349
0.00563338144549873
0.00589431380435596
0.00568198964768723
0.00515547508092602
0.00463723779042639
0.00377400398130329
0.00316851514963352
0.0033588719965475
0.00344910565360679
0.0035235936058535
0.00370536980965776
0.0038556530028659
0.00405151909352346
0.00393029174622467
0.00365591535186527
0.00377456029150849
0
0
0
0
0
0
0
0
0
0
0
0
0
0
0
0
0
0
0
0
0
0
0
0
0
0
0
0
0
0
0
0
0
0
0
0
0
0
0
0
0
0
0
0
0
0
0
0
0
0
0
0
0
0
0
0
0
0
0
0
0
0
0
0
0
0
0
0
0
0
0
0
0
0
0
0
0
0
0
0
0
0
0
0
0
0
0.00111074345505201
0.00277794750297377
0.0041948949174212
0.00508831802988338
0.00559957101529296
0.00630290687406525
0.00694963143103623
0.00752590965885392
0.0078612505756347
0.00810081395898303
0.00850324870045043
0.00865034069563592
0.00853653876335963
0.00819581387032459
0.00794675270233136
0.00707451655810334
0.00598969874933965
0.00499028932300052
0.00389266617129413
0.00298495355645851
0.00293771408857526
0.0031032986319104
0.00320383139900249
0.00364813964860856
0.00322210654750918
0.00254263014962582
0.00206791747322104
0.00149932032713769
0.000990236288971331
0.000650564947697222
0.000539575485460675
7.98572736792397e-05
-0.000170837387963174
5.91370403897571e-05
0.000323306678055289
0.000227784275901949
0.000117349415266912
0.000504602095153703
0.00150977272778124
0.00198539510715556
0.00244545758601353
0.00294120255818167
0.00346401928083179
0.00374018625117302
0.00385680240568717
0.00385163490068625
0.0039669035271255
0.00399324040215635
0.00484607058227453
0.005473081458037
0.00567328264120301
0.00540679836136212
0.00486119926387493
0.00428902470035404
0.00344598069126597
0.00289276328810517
0.00312767267360369
0.00318597499414686
0.00316468427333245
0.00335134264178168
0.00360273262911397
0
0
0
0
0
0
0
0
0
0
0
0
0
0
0
0
0
0
0
0
0
0
0
0
0
0
0
0
0
0
0
0
0
0
0
0
0
0
0
0
0
0
0
0
0
0
0
0
0
0
0
0
0
0
0
0
0
0
0
0
0
0
0
0
0
0
0
0
0
0
0
0
0
0
0
0
0
0
0
0
0
0
0
0
0
0
0
0
0
0.00114802852075075
0.00279981066199589
0.0045241746027503
0.00561747756146619
0.00613738269396701
0.00649452493571076
0.00696169051587398
0.00727562757532559
0.00761733098988306
0.00791068034909068
0.00816039731688296
0.00841585596382501
0.00840310103499418
0.0082556996785313
0.00804891133693212
0.00801619914756014
0.00715456701689487
0.00593103863052453
0.00483703715658975
0.00373185494123557
0.00286591479882703
0.00279854435444591
0.00295718757053856
0.00305939229848001
0.00346499715775938
0.00305198917958053
0.00238841052995466
0.0018682123584228
0.00136654629243095
0.00102599507607026
0.000862169934619466
0.000867865008353539
0.000370830961337684
0.000122052591020719
0.00038639504301134
0.000655362685396399
0.000381300039975823
0.000143919779696262
0.000507942755031788
0.00154480289997444
0.00198665650690614
0.0023612530155207
0.00276034730077977
0.00323401999345756
0.00348601465957894
0.0035289777615914
0.00352546553516954
0.00371523480963238
0.00378840038047537
0.00466844088471802
0.00523359210360942
0.00535713791427917
0.00505511518437274
0.00447835752420767
0.00392045620497007
0.00324094136757829
0.00269255663813332
0.00290265953029044
0
0
0
0
0
0
0
0
0
0
0
0
0
0
0
0
0
0
0
0
0
0
0
0
0
0
0
0
0
0
0
0
0
0
0
0
0
0
0
0
0
0
0
0
0
0
0
0
0
0
0
0
0
0
0
0
0
0
0
0
0
0
0
0
0
0
0
0
0
0
0
0
0
0
0
0
0
0
0
0
0
0
0
0
0
0
0
0
0
0
0
0
0.00110464477678631
0.0031499801961499
0.00479174553375433
0.00601016359359197
0.00657692115263564
0.00686214374795885
0.00709867169704732
0.0072766662061666
0.00732646902896571
0.0075841014317861
0.00788306903573308
0.0080928639961928
0.00822100768972327
0.00814521732713432
0.00807829402826608
0.00805868778453515
0.00819360466058952
0.00717163480940065
0.0058162441629172
0.00465690116401926
0.00358565612773093
0.0027288262496572
0.00261448222467171
0.00281728496695761
0.00277160826618805
0.00313994068404569
0.00284549976919465
0.00214817433821785
0.00167250045298559
0.00142993330431315
0.00127119128947278
0.00128774228330547
0.00127001502142057
0.000686920984521904
0.000400707526364407
0.000611381303002722
0.000862196337939188
0.000463488966240114
0.000170984434152575
0.000600415322332324
0.00157828344491606
0.00188605058686639
0.00213865152615101
0.00248433803958445
0.00293621009966479
0.00311647018334434
0.00310899047535812
0.00318381147708876
0.00341843744550448
0.00351676563614399
0.00438323729464045
0.00490462687015361
0.00499545584457264
0.00470430975355312
0.00412701311068389
0.00370610638885389
0
0
0
0
0
0
0
0
0
0
0
0
0
0
0
0
0
0
0
0
0
0
0
0
0
0
0
0
0
0
0
0
0
0
0
0
0
0
0
0
0
0
0
0
0
0
0
0
0
0
0
0
0
0
0
0
0
0
0
0
0
0
0
0
0
0
0
0
0
0
0
0
0
0
0
0
0
0
0
0
0
0
0
0
0
0
0
0
0
0
0
0
0
0
0.00119292312966762
0.00295838455953601
0.00534150649801226
0.00640003173055797
0.00694405742519219
0.0071228753853282
0.00728516604820402
0.00732822004945493
0.00730563896212778
0.00726927985003066
0.00753684273608713
0.00775911250121177
0.007914734157836
0.00801632655385365
0.00804739221983279
0.00809904776187395
0.00824390747516272
0.00831116981540132
0.00712766375294357
0.00569697353560708
0.00447524404542997
0.00338142571429564
0.00249328440247722
0.00233153089084936
0.00246778059469256
0.00235646308929426
0.00278247479352662
0.00262346475309839
0.00196636558279045
0.0016558820713668
0.00168621698502311
0.00165390394440108
0.00171979617233308
0.00156672644092642
0.00087647902549831
0.000515846001200453
0.000700247131751862
0.00100117037307626
0.000582861059209384
0.000307476108755484
0.000732500173081124
0.00153330660429478
0.00168335268667422
0.00187554417406006
0.00216539768948096
0.00253949834003345
0.00265749513833484
0.00268628950754325
0.00287602829799975
0.00311559706701526
0.0032047028854573
0.00408123568176269
0.00460365935328183
0.00466446112398411
0
0
0
0
0
0
0
0
0
0
0
0
0
0
0
0
0
0
0
0
0
0
0
0
0
0
0
0
0
0
0
0
0
0
0
0
0
0
0
0
0
0
0
0
0
0
0
0
0
0
0
0
0
0
0
0
0
0
0
0
0
0
0
0
0
0
0
0
0
0
0
0
0
0
0
0
0
0
0
0
0
0
0
0
0
0
0
0
0
0
0
0
0
0
0
0
0.00112862426096057
0.00292210922199764
0.00491169671545592
0.00691475600921861
0.0073055190743498
0.00736525521531086
0.00733098772336941
0.00740156645062105
0.00729076500127316
0.00719536137518549
0.00718075732718887
0.00740423739134639
0.00757367368227716
0.00774528431930803
0.00796504716842852
0.0081080879135739
0.00825743538931442
0.00839151554350809
0.00832794739490098
0.00703723778407471
0.00548432139279274
0.00420205398511223
0.00308285875415651
0.00209268342942343
0.00182346722697988
0.00193986664022296
0.00192668319846513
0.00247391795489894
0.00249759655708781
0.00200090145980264
0.00184786929410122
0.00198850465844928
0.0020122128381982
0.00193052934112062
0.00166583136899452
0.000891206314949179
0.000543773770804611
0.000808265548677712
0.00116874776959365
0.000767582300827709
0.000480385408425247
0.000791135089739159
0.00136211514329371
0.00148256681025792
0.00162668593568254
0.00180573805887483
0.00212690335641535
0.00226612086259413
0.00240195250589622
0.00262372206594264
0.00289162338778454
0.0030108377033819
0
0
0
0
0
0
0
0
0
0
0
0
0
0
0
0
0
0
0
0
0
0
0
0
0
0
0
0
0
0
0
0
0
0
0
0
0
0
0
0
0
0
0
0
0
0
0
0
0
0
0
0
0
0
0
0
0
0
0
0
0
0
0
0
0
0
0
0
0
0
0
0
0
0
0
0
0
0
0
0
0
0
0
0
0
0
0
0
0
0
0
0
0
0
0
0
0
0
0.00115033029484585
0.00274954812370784
0.00459146007783342
0.00636340637847223
0.00764868279640357
0.00754234146512247
0.007357053535706
0.00726303556096015
0.00725063680295918
0.00709563025918438
0.00702151360377167
0.00700732564668763
0.00714360843435016
0.00737611639553
0.00762487694332421
0.00798146665131136
0.00819694926271861
0.00833338856466748
0.00840721458329631
0.00824611993043046
0.00688909844298074
0.00528886640991039
0.00399609623019703
0.0027661275282976
0.00162554735394152
0.0013167195815508
0.0014233899185744
0.00156718581581676
0.00237011504592855
0.00253053487884304
0.00221094267596639
0.00212585719110424
0.00221002975146788
0.00210053034541783
0.00187471612686411
0.00154471152826085
0.000828964237762874
0.000591154303689191
0.000906344398044177
0.00129177135488622
0.000879991761041935
0.000552793031345617
0.000742187400918531
0.00124832768497326
0.00132587588703851
0.00137996644320644
0
0
0
0
0
0
0
0
0
0
0
0
0
0
0
0
0
0
0
0
0
0
0
0
0
0
0
0
0
0
0
0
0
0
0
0
0
0
0
0
0
0
0
0
0
0
0
0
0
0
0
0
0
0
0
0
0
0
0
0
0
0
0
0
0
0
0
0
0
0
0
0
0
0
0
0
0
0
0
0
0
0
0
0
0
0
0
0
0
0
0
0
0
0
0
0
0
0
0
0
0
0
0
0
0.00113194481282943
0.00273292388759958
0.00432614712821934
0.00592113250473081
0.00717755155801603
0.00763671266822523
0.00727682347562154
0.00709453405572809
0.00698747471208145
0.00694140271871569
0.00684297634819175
0.00675976567504679
0.00667435261864708
0.00683076847753867
0.00714096108873169
0.00751270124630096
0.00799978793062407
0.00818898675252935
0.00829560160270476
0.00832927164667676
0.00812025522107202
0.0067554829164668
0.00513470810147142
0.00375556805695131
0.00236601928137469
0.00113339458401595
0.000820404129624749
0.000935516468955975
0.00137937322858321
0.00244913551887371
0.00269131898686962
0.00245723227186541
0.00229539151970673
0.002138846016179
0.00192865570432635
0.00160604775476841
0.00136527654725052
0.000774112828601947
0
0
0
0
0
0
0
0
0
0
0
0
0
0
0
0
0
0
0
0
0
0
0
0
0
0
0
0
0
0
0
0
0
0
0
0
0
0
0
0
0
0
0
0
0
0
0
0
0
0
0
0
0
0
0
0
0
0
0
0
0
0
0
0
0
0
0
0
0
0
0
0
0
0
0
0
0
0
0
0
0
0
0
0
0
0
0
0
0
0
0
0
0
0
0
0
0
0
0
0
0
0
0
0
0
0
0
0
0
0
0
0
0.00111313527343327
0.00267292685061234
0.0042482052529386
0.00557970839150754
0.00674739766186431
0.00738229033334909
0.00727044866603014
0.00682778537570681
0.00664067185438269
0.00655818569343209
0.00659225476412166
0.00649857364421699
0.00636789867446688
0.00625991137724524
0.00640085290858548
0.00686524694907583
0.00738663142009085
0.00791609072654145
0.00810287580944708
0.00820802215956938
0.00823611460671122
0.00797656803423668
0.00663035769786643
0.0049306670157895
0.00341355820997567
0.001901110251645
0.000627035816483282
0.000384614773218477
0.000634811612174266
0.00140520757501113
0.00263020332976206
0.00284645863911951
0.0025930767490201
0.00222570360580006
0.00192066648143938
0
0
0
0
0
0
0
0
0
0
0
0
0
0
0
0
0
0
0
0
0
0
0
0
0
0
0
0
0
0
0
0
0
0
0
0
0
0
0
0
0
0
0
0
0
0
0
0
0
0
0
0
0
0
0
0
0
0
0
0
0
0
0
0
0
0
0
0
0
0
0
0
0
0
0
0
0
0
0
0
0
0
0
0
0
0
0
0
0
0
0
0
0
0
0
0
0
0
0
0
0
0
0
0
0
0
0
0
0
0
0
0
0
0
0
0.00107470065916215
0.00265213010008774
0.0041406435005569
0.00546372643769383
0.00639595571038612
0.00702048436684447
0.00723970250156378
0.00681865615445309
0.00628962840941392
0.00606036266273525
0.00613361719814535
0.00618927857013637
0.00607274444420113
0.00589173123242907
0.00573689952142588
0.00594494147964233
0.00662152924648605
0.00720364852138013
0.00778362427244293
0.00797959992949759
0.00810027371821535
0.00811790670515281
0.00781113975561745
0.00640793947696373
0.00457671915637211
0.00295168125324274
0.00140307693326486
0.000185761562582983
0.000131654149045976
0.000597443214513916
0.00150855434117533
0.0027815176414825
0
0
0
0
0
0
0
0
0
0
0
0
0
0
0
0
0
0
0
0
0
0
0
0
0
0
0
0
0
0
0
0
0
0
0
0
0
0
0
0
0
0
0
0
0
0
0
0
0
0
0
0
0
0
0
0
0
0
0
0
0
0
0
0
0
0
0
0
0
0
0
0
0
0
0
0
0
0
0
0
0
0
0
0
0
0
0
0
0
0
0
0
0
0
0
0
0
0
0
0
0
0
0
0
0
0
0
0
0
0
0
0
0
0
0
0
0
0
0.000959293329180913
0.00259522185773396
0.00407214713771242
0.00531392510202668
0.00626068496712055
0.00670911289891527
0.00689297083036386
0.00691076452004279
0.00627745256243645
0.00571255154551739
0.00556620011005269
0.00567466252295754
0.00572212539451873
0.00557440591454863
0.00537607275976295
0.00527013511064923
0.00563710961267938
0.00642958646962292
0.00705002359622288
0.00763940488104359
0.0078458369861589
0.00797355938722577
0.00795162949086472
0.00752256864137859
0.00598427715757742
0.00405003383692355
0.00241418824144825
0.00095805806797089
-8.32745709771611e-05
0
0
0
0
0
0
0
0
0
0
0
0
0
0
0
0
0
0
0
0
0
0
0
0
0
0
0
0
0
0
0
0
0
0
0
0
0
0
0
0
0
0
0
0
0
0
0
0
0
0
0
0
0
0
0
0
0
0
0
0
0
0
0
0
0
0
0
0
0
0
0
0
0
0
0
0
0
0
0
0
0
0
0
0
0
0
0
0
0
0
0
0
0
0
0
0
0
0
0
0
0
0
0
0
0
0
0
0
0
0
0
0
0
0
0
0
0
0
0
0
0
0.000857549550475643
0.00222898335607359
0.0039933594413375
0.00522416056915917
0.00613308779272355
0.00662352465026007
0.00669696759852175
0.00655603776341553
0.00654717114906342
0.00568615298495501
0.00516668142935151
0.00505444809950787
0.0052041586093779
0.005241182919697
0.00509599951495139
0.00492162243959308
0.00491432591829357
0.00545955495452845
0.00632079706549502
0.0069016664734542
0.0074723041798969
0.00770038102036967
0.007798825820308
0.00765688769543025
0.00703333029252206
0.00538623252959749
0.0034452276543794
0
0
0
0
0
0
0
0
0
0
0
0
0
0
0
0
0
0
0
0
0
0
0
0
0
0
0
0
0
0
0
0
0
0
0
0
0
0
0
0
0
0
0
0
0
0
0
0
0
0
0
0
0
0
0
0
0
0
0
0
0
0
0
0
0
0
0
0
0
0
0
0
0
0
0
0
0
0
0
0
0
0
0
0
0
0
0
0
0
0
0
0
0
0
0
0
0
0
0
0
0
0
0
0
0
0
0
0
0
0
0
0
0
0
0
0
0
0
0
0
0
0
0
0.000785663364524212
0.00199782829434057
0.00347259178042535
0.00509676331902685
0.0060548359951371
0.00658041114156005
0.00672849635123279
0.00653232545048812
0.00621388949786981
0.00606980841698095
0.005109677504852
0.00461319167968038
0.00455316213530627
0.00473442490550076
0.00474691222258256
0.00464712655965127
0.00456246426869273
0.00471829637804363
0.00543383028338114
0.00620587913053765
0.00669635741146088
0.0072714521230327
0.00749335413163747
0.00748302122856104
0.00716459374441857
0.00640768064923777
0.00477643825780531
0
0
0
0
0
0
0
0
0
0
0
0
0
0
0
0
0
0
0
0
0
0
0
0
0
0
0
0
0
0
0
0
0
0
0
0
0
0
0
0
0
0
0
0
0
0
0
0
0
0
0
0
0
0
0
0
0
0
0
0
0
0
0
0
0
0
0
0
0
0
0
0
0
0
0
0
0
0
0
0
0
0
0
0
0
0
0
0
0
0
0
0
0
0
0
0
0
0
0
0
0
0
0
0
0
0
0
0
0
0
0
0
0
0
0
0
0
0
0
0
0
0
0
0.000727643904061949
0.00182192139614761
0.00315092727029228
0.00452994154991057
0.00592875777268322
0.00654409699349747
0.00674046503810785
0.00662623493581359
0.00624217325090975
0.00575426735904966
0.00549526987543939
0.00452362293167554
0.00411868096369299
0.00405696791485418
0.00423238554833352
0.00430213412925545
0.00428455754787124
0.00435841379199342
0.00468943506889807
0.00536080403654214
0.00599231134110301
0.00644267937001823
0.00701507937513798
0.00714384461506077
0.00695737657752007
0.00651631287338036
0
0
0
0
0
0
0
0
0
0
0
0
0
0
0
0
0
0
0
0
0
0
0
0
0
0
0
0
0
0
0
0
0
0
0
0
0
0
0
0
0
0
0
0
0
0
0
0
0
0
0
0
0
0
0
0
0
0
0
0
0
0
0
0
0
0
0
0
0
0
0
0
0
0
0
0
0
0
0
0
0
0
0
0
0
0
0
0
0
0
0
0
0
0
0
0
0
0
0
0
0
0
0
0
0
0
0
0
0
0
0
0
0
0
0
0
0
0
0
0
0
0
0
0
0.000623012099046786
0.00168562897176729
0.00289551565820532
0.00418019364663349
0.0053690345178764
0.00649610168509682
0.00672368631625084
0.00665147333493043
0.00631870922146989
0.0057806672034616
0.00528107614926814
0.00484294533211445
0.00406167855947264
0.00360263981940032
0.00352151692610246
0.003804075146207
0.00394435735725498
0.00405909586619099
0.00428504132344984
0.00462158031997961
0.00514170743927121
0.00574152762768943
0.00619355280212791
0.00668867179773926
0.00665182252208872
0.00633800465487681
0
0
0
0
0
0
0
0
0
0
0
0
0
0
0
0
0
0
0
0
0
0
0
0
0
0
0
0
0
0
0
0
0
0
0
0
0
0
0
0
0
0
0
0
0
0
0
0
0
0
0
0
0
0
0
0
0
0
0
0
0
0
0
0
0
0
0
0
0
0
0
0
0
0
0
0
0
0
0
0
0
0
0
0
0
0
0
0
0
0
0
0
0
0
0
0
0
0
0
0
0
0
0
0
0
0
0
0
0
0
0
0
0
0
0
0
0
0
0
0
0
0
0
0
0.000540446030151379
0.00145543182411681
0.00267781554510787
0.00386292984905316
0.00501208712620835
0.00596615824881768
0.00671638125512713
0.00661285185977869
0.00627897390865581
0.00580537721079387
0.00522117352363794
0.00462806328836317
0.00422398582481814
0.00347502265789346
0.00310353873287915
0.00317649310676703
0.00347480023385009
0.00368151259429407
0.00393646379473008
0.0041629674957228
0.00444554997750789
0.00492000922770058
0.00550646030470365
0.00594220153597822
0.00628077062532124
0.00614493020567046
0
0
0
0
0
0
0
0
0
0
0
0
0
0
0
0
0
0
0
0
0
0
0
0
0
0
0
0
0
0
0
0
0
0
0
0
0
0
0
0
0
0
0
0
0
0
0
0
0
0
0
0
0
0
0
0
0
0
0
0
0
0
0
0
0
0
0
0
0
0
0
0
0
0
0
0
0
0
0
0
0
0
0
0
0
0
0
0
0
0
0
0
0
0
0
0
0
0
0
0
0
0
0
0
0
0
0
0
0
0
0
0
0
0
0
0
0
0
0
0
0
0
0
0
0.000452201947390473
0.0012712152505739
0.00230633232974127
0.00357436004214321
0.00466453758269042
0.0056248221246197
0.00625797414349225
0.00664184070633292
0.00619456718371741
0.00570222889336696
0.00518074262227883
0.00458957083329903
0.00398281416700784
0.00357460848237715
0.00286680483218188
0.00283082709703152
0.00294682235181831
0.00324170271972319
0.00350685517638864
0.00372850788040048
0.00394223739577025
0.00427727446217675
0.00467403199503762
0.00526853439923765
0.00562016831491934
0
0
0
0
0
0
0
0
0
0
0
0
0
0
0
0
0
0
0
0
0
0
0
0
0
0
0
0
0
0
0
0
0
0
0
0
0
0
0
0
0
0
0
0
0
0
0
0
0
0
0
0
0
0
0
0
0
0
0
0
0
0
0
0
0
0
0
0
0
0
0
0
0
0
0
0
0
0
0
0
0
0
0
0
0
0
0
0
0
0
0
0
0
0
0
0
0
0
0
0
0
0
0
0
0
0
0
0
0
0
0
0
0
0
0
0
0
0
0
0
0
0
0
0
0
0.000386378984290381
0.0011257123340178
0.00203256331159226
0.00307007783475667
0.00431381779131342
0.00527599125584144
0.00592653888024284
0.00621731355796352
0.00622781925164158
0.00560042606337879
0.00504860303449779
0.00454335137630524
0.00402077104064364
0.00349931110390822
0.00289593126648095
0.00260365332122776
0.00265875686015829
0.00278002479665981
0.0030821216466766
0.00333386527072289
0.0034762609346019
0.00371192823924536
0.00404344369268071
0
0
0
0
0
0
0
0
0
0
0
0
0
0
0
0
0
0
0
0
0
0
0
0
0
0
0
0
0
0
0
0
0
0
0
0
0
0
0
0
0
0
0
0
0
0
0
0
0
0
0
0
0
0
0
0
0
0
0
0
0
0
0
0
0
0
0
0
0
0
0
0
0
0
0
0
0
0
0
0
0
0
0
0
0
0
0
0
0
0
0
0
0
0
0
0
0
0
0
0
0
0
0
0
0
0
0
0
0
0
0
0
0
0
0
0
0
0
0
0
0
0
0
0
0
0
0
0.000380750038880277
0.000963579455273829
0.00188634641061033
0.00272729297641925
0.00376525702458581
0.0048853246034007
0.00554145005469721
0.005881024538529
0.00589739766628172
0.00563765776482242
0.00492947194150802
0.00438631066126049
0.00395377094889309
0.00354936507234573
0.00276412041848569
0.00242958366471511
0.00236705377720516
0.00255639625136417
0.00266803775215676
0.00296587635638785
0
0
0
0
0
0
0
0
0
0
0
0
0
0
0
0
0
0
0
0
0
0
0
0
0
0
0
0
0
0
0
0
0
0
0
0
0
0
0
0
0
0
0
0
0
0
0
0
0
0
0
0
0
0
0
0
0
0
0
0
0
0
0
0
0
0
0
0
0
0
0
0
0
0
0
0
0
0
0
0
0
0
0
0
0
0
0
0
0
0
0
0
0
0
0
0
0
0
0
0
0
0
0
0
0
0
0
0
0
0
0
0
0
0
0
0
0
0
0
0
0
0
0
0
0
0
0
0
0
0
0.000407904848841995
0.000942872151310562
0.00158111160883825
0.00249650060455089
0.00332208183740158
0.00425685731381967
0.00509225280613526
0.00551737198516579
0.00561094833702759
0.00538059225381475
0.00493343664310211
0.00423281955363997
0.0037677563078079
0.00346268446136509
0
0
0
0
0
0
0
0
0
0
0
0
0
0
0
0
0
0
0
0
0
0
0
0
0
0
0
0
0
0
0
0
0
0
0
0
0
0
0
0
0
0
0
0
0
0
0
0
0
0
0
0
0
0
0
0
0
0
0
0
0
0
0
0
0
0
0
0
0
0
0
0
0
0
0
0
0
0
0
0
0
0
0
0
0
0
0
0
0
0
0
0
0
0
0
0
0
0
0
0
0
0
0
0
0
0
0
0
0
0
0
0
0
0
0
0
0
0
0
0
0
0
0
0
0
0
0
0
0
0
0
0
0
0
0
0
0.00041689257054105
0.000994934325241319
0.00153613114211071
0.00208530376961114
0.00292655637005629
0.00377287768273961
0.00443077141364444
0.00501793659486078
0.00529295511975548
0.00519800389751668
0.00478222085137175
0.00415469762364406
0.00360180360386143
0.00331178923187352
0
0
0
0
0
0
0
0
0
0
0
0
0
0
0
0
0
0
0
0
0
0
0
0
0
0
0
0
0
0
0
0
0
0
0
0
0
0
0
0
0
0
0
0
0
0
0
0
0
0
0
0
0
0
0
0
0
0
0
0
0
0
0
0
0
0
0
0
0
0
0
0
0
0
0
0
0
0
0
0
0
0
0
0
0
0
0
0
0
0
0
0
0
0
0
0
0
0
0
0
0
0
0
0
0
0
0
0
0
0
0
0
0
0
0
0
0
0
0
0
0
0
0
0
0
0
0
0
0
0
0
0
0
0
0
0
0.00046623452100258
0.00103705995349168
0.00163579344753279
0.00204780126857392
0.00243441684748078
0.00319690211627422
0.00395476787102344
0.00439732540315401
0.00479015077003401
0.00499934765565257
0.00474039042421243
0.00416822960122335
0.00348476471427714
0
0
0
0
0
0
0
0
0
0
0
0
0
0
0
0
0
0
0
0
0
0
0
0
0
0
0
0
0
0
0
0
0
0
0
0
0
0
0
0
0
0
0
0
0
0
0
0
0
0
0
0
0
0
0
0
0
0
0
0
0
0
0
0
0
0
0
0
0
0
0
0
0
0
0
0
0
0
0
0
0
0
0
0
0
0
0
0
0
0
0
0
0
0
0
0
0
0
0
0
0
0
0
0
0
0
0
0
0
0
0
0
0
0
0
0
0
0
0
0
0
0
0
0
0
0
0
0
0
0
0
0
0
0
0
0
0
0.000518467274973295
0.00113009280006612
0.00167991060002527
0.00215037359013665
0.00235196591611265
0.00262181279014042
0.00327130395009169
0.00398294801039963
0.00425199506859667
0.00453390100613074
0
0
0
0
0
0
0
0
0
0
0
0
0
0
0
0
0
0
0
0
0
0
0
0
0
0
0
0
0
0
0
0
0
0
0
0
0
0
0
0
0
0
0
0
0
0
0
0
0
0
0
0
0
0
0
0
0
0
0
0
0
0
0
0
0
0
0
0
0
0
0
0
0
0
0
0
0
0
0
0
0
0
0
0
0
0
0
0
0
0
0
0
0
0
0
0
0
0
0
0
0
0
0
0
0
0
0
0
0
0
0
0
0
0
0
0
0
0
0
0
0
0
0
0
0
0
0
0
0
0
0
0
0
0
0
0
0
0
0
0
0.000544688632628213
0.00119574081601114
0.00162730534031543
0.00209454120644799
0.00237870969147356
0
0
0
0
0
0
0
0
0
0
0
0
0
0
0
0
0
0
0
0
0
0
0
0
0
0
0
0
0
0
0
0
0
0
0
0
0
0
0
0
0
0
0
0
0
0
0
0
0
0
0
0
0
0
0
0
0
0
0
0
0
0
0
0
0
0
0
0
0
0
0
0
0
0
0
0
0
0
0
0
0
0
0
0
0
0
0
0
0
0
0
0
0
0
0
0
0
0
0
0
0
0
0
0
0
0
0
0
0
0
0
0
0
0
0
0
0
0
0
0
0
0
0
0
0
0
0
0
0
0
0
0
0
0
0
0
0
0
0
0
0
0
0
0
0
0
0
0
0
0
0
0
0
0
0
0
0
0
0
0
0
0
0
0
0
0
0
0
0
0
0
0
0
0
0
0
0
0
0
0
0
0
0
0
0
0
0
0
0
0
0
0
0
0
0
0
0
0
0
0
0
0
0
0
0
0
0
0
0
0
0
0
0
0
0
0
0
0
0
0
0
0
0
0
0
0
0
0
0
0
0
0
0
0
0
0
0
0
0
0
0
0
0
0
0
0
0
0
0
0
0
0
0
0
0
0
0
0
0
0
0
0
0
0
0
0
0
0
0
0
0
0
0
0
0
0
0
0
0
0
0
0
0
0
0
0
0
0
0
0
0
0
0
0
0
0
0
0
0
0
0
0
0
0
0
0
0
0
0
0
0
0
0
0
0
0
0
0
0
0
0
0
0
0
0
0
0
0
0
0
0
0
0
0
0
0
0
0
0
0
0
0
0
0
0
0
0
0
0
0
0
0
0
0
0
0
0
0
0
0
0
0
0
0
0
0
0
0
0
0
0
0
0
0
0
0
0
0
0
0
0
0
0
0
0
0
0
0
0
0
0
0
0
0
0
0
0
0
0
0
0
0
0
0
0
0
0
0
0
0
0
0
0
0
0
0
0
0
0
0
0
0
0
0
0
0
0
0
0
0
0
0
0
0
0
0
0
0
0
0
0
0
0
0
0
0
0
0
0
0
0
0
0
0
0
0
0
0
0
0
0
0
0
0
0
0
0
0
0
0
0
0
0
0
0
0
0
0
0
0
0
0
0
0
0
0
0
0
0
0
0
0
0
0
0
0
0
0
0
0
0
0
0
0
0
0
0
0
0
0
0
0
0
0
0
0
0
0
0
0
0
0
0
0
0
0
0
0
0
0
0
0
0
0
0
0
0
0
0
0
0
0
0
0
0
0
0
0
0
0
0
0
0
0
0
0
0
0
0
0
0
0
0
0
0
0
0
0
0
0
0
0
0
0
0
0
0
0
0
0
0
0
0
0
0
0
0
0
0
0
0
0
0
0
0
0
0
0
0
0
0
0
0
0
0
0
0
0
0
0
0
0
0
0
0
0
0
0
0
0
0
0
0
0
0
0
0
0
0
0
0
0
0
0
0
0
0
0
0
0
0
0
0
0
0
0
0
0
0
0
0
0
0
0
0
0
0
0
0
0
0
0
0
0
0
0
0
0
0
0
0
0
0
0
0
0
0
0
0
0
0
0
0
0
0
0
0
0
0
0
0
0
0
0
0
0
0
0
0
0
0
0
0
0
0
0
0
0
0
0
0
0
0
0
0
0
0
0
0
0
0
0
0
0
0
0
0
0
0
0
0
0
0
0
0
0
0
0
0
0
0
0
0
0
0
0
0
0
0
0
0
0
0
0
0
0
0
0
0
0
0
0
0
0
0
0
0
0
0
0
0
0
0
0
0
0
0
0
0
0
0
0
0
0
0
0
0
0
0
0
0
0
0
0
0
0
0
0
0
0
0
0
0
0
0
0
0
0
0
0
0
0
0
0
0
0
0
0
0
0
0
0
0
0
0
0
0
0
0
0
0
0
0
0
0
0
0
0
0
0
0
0
0
0
0
0
0
0
0
0
0
0
0
0
0
0
0
0
0
0
0
0
0
0
0
0
0
0
0
0
0
0
0
0
0
0
0
0
0
0
0
0
0
0
0
0
0
0
0
0
0
0
0
0
0
0
0
0
0
0
0
0
0
0
0
0
0
0
0
0
0
0
0
0
0
0
0
0
0
0
0
0
0
0
0
0
0
0
0
0
0
0
0
0
0
0
0
0
0
0
0
0
0
0
0
0
0
0
0
0
0
0
0
0
0
0
0
0
0
0
0
0
0
0
0
0
0
0
0
0
0
0
0
0
0
0
0
0
0
0
0
0
0
0
0
0
0
0
0
0
0
0
0
0
0
0
0
0
0
0
0
0
0
0
0
0
0
0
0
0
0
0
0
0
0
0
0
0
0
0
0
0
0
0
0
0
0
0
0
0
0
0
0
0
0
0
0
0
0
0
0
0
0
0
0
0.000740888995029466
0
0
0
0
0
0
0
0
0
0
0
0
0
0
0
0
0
0
0
0
0
0
0
0
0
0
0
0
0
0
0
0
0
0
0
0
0
0
0
0
0
0
0
0
0
0
0
0
0
0
0
0
0
0
0
0
0
0
0
0
0
0
0
0
0
0
0
0
0
0
0
0
0
0
0
0
0
0
0
0
0
0
0
0
0
0
0
0
0
0
0
0
0
0
0
0
0
0
0
0
0
0
0
0
0
0
0
0
0
0
0
0
0
0
0
0
0
0
0
0
0
0
0
0
0
0
0
0
0
0
0
0
0
0
0
0
0
0
0
0
0
0
0
0
0
0
0
0
0
0.000827381655579152
0.00174472138862036
0.00231309344859555
0.00246020252267376
0
0
0
0
0
0
0
0
0
0
0
0
0
0
0
0
0
0
0
0
0
0
0
0
0
0
0
0
0
0
0
0
0
0
0
0
0
0
0
0
0
0
0
0
0
0
0
0
0
0
0
0
0
0
0
0
0
0
0
0
0
0
0
0
0
0
0
0
0
0
0
0
0
0
0
0
0
0
0
0
0
0
0
0
0
0
0
0
0
0
0
0
0
0
0
0
0
0
0
0
0
0
0
0
0
0
0
0
0
0
0
0
0
0
0
0
0
0
0
0
0
0
0
0
0
0
0
0
0
0
0
0
0
0
0
0
0
0
0
0
0
0
0
0
0
0
0.0010038610779713
0.00199166880671208
0.00268245370266474
0.0029708338819324
0.0028158717812991
0.00191664568110886
0.00168222717761758
0
0
0
0
0
0
0
0
0
0
0
0
0
0
0
0
0
0
0
0
0
0
0
0
0
0
0
0
0
0
0
0
0
0
0
0
0
0
0
0
0
0
0
0
0
0
0
0
0
0
0
0
0
0
0
0
0
0
0
0
0
0
0
0
0
0
0
0
0
0
0
0
0
0
0
0
0
0
0
0
0
0
0
0
0
0
0
0
0
0
0
0
0
0
0
0
0
0
0
0
0
0
0
0
0
0
0
0
0
0
0
0
0
0
0
0
0
0
0
0
0
0
0
0
0
0
0
0
0
0
0
0
0
0
0
0
0
0
0
0
0
0
0
0.000995510189089913
0.00233384029842997
0.00303092098304878
0.00340721715166812
0.00347729528103528
0.00303361441973224
0.00200537930700735
0.00190384592733944
0.00201353555277987
0
0
0
0
0
0
0
0
0
0
0
0
0
0
0
0
0
0
0
0
0
0
0
0
0
0
0
0
0
0
0
0
0
0
0
0
0
0
0
0
0
0
0
0
0
0
0
0
0
0
0
0
0
0
0
0
0
0
0
0
0
0
0
0
0
0
0
0
0
0
0
0
0
0
0
0
0
0
0
0
0
0
0
0
0
0
0
0
0
0
0
0
0
0
0
0
0
0
0
0
0
0
0
0
0
0
0
0
0
0
0
0
0
0
0
0
0
0
0
0
0
0
0
0
0
0
0
0
0
0
0
0
0
0
0
0
0
0
0
0
0
0.00102769748252529
0.00236320256128914
0.00350053022399914
0.00377136000422689
0.00392332641587705
0.00381681086677869
0.00330840932411065
0.00246112528635638
0.00224880441185781
0.00231484143940223
0.00183497453164178
0
0
0
0
0
0
0
0
0
0
0
0
0
0
0
0
0
0
0
0
0
0
0
0
0
0
0
0
0
0
0
0
0
0
0
0
0
0
0
0
0
0
0
0
0
0
0
0
0
0
0
0
0
0
0
0
0
0
0
0
0
0
0
0
0
0
0
0
0
0
0
0
0
0
0
0
0
0
0
0
0
0
0
0
0
0
0
0
0
0
0
0
0
0
0
0
0
0
0
0
0
0
0
0
0
0
0
0
0
0
0
0
0
0
0
0
0
0
0
0
0
0
0
0
0
0
0
0
0
0
0
0
0
0
0
0
0
0
0
0.00100382039784474
0.00248572837921393
0.0035746027873375
0.00430377004856553
0.00427283161377647
0.00430930967066248
0.00428359149240145
0.00414044169418654
0.00291790699757676
0.00249700080611307
0.00252859736704345
0.00207145584417698
0.00168381015139993
0
0
0
0
0
0
0
0
0
0
0
0
0
0
0
0
0
0
0
0
0
0
0
0
0
0
0
0
0
0
0
0
0
0
0
0
0
0
0
0
0
0
0
0
0
0
0
0
0
0
0
0
0
0
0
0
0
0
0
0
0
0
0
0
0
0
0
0
0
0
0
0
0
0
0
0
0
0
0
0
0
0
0
0
0
0
0
0
0
0
0
0
0
0
0
0
0
0
0
0
0
0
0
0
0
0
0
0
0
0
0
0
0
0
0
0
0
0
0
0
0
0
0
0
0
0
0
0
0
0
0
0
0
0
0
0
0
0.000918934019366435
0.00235911905699321
0.00374537702428175
0.00449480996471735
0.0049327657102648
0.00471639022291429
0.00479470798533836
0.00489958490808115
0.00447151152037707
0.0030890388622817
0.0026693297858451
0.00277216248689486
0.00233420584834195
0.00186239609508472
0
0
0
0
0
0
0
0
0
0
0
0
0
0
0
0
0
0
0
0
0
0
0
0
0
0
0
0
0
0
0
0
0
0
0
0
0
0
0
0
0
0
0
0
0
0
0
0
0
0
0
0
0
0
0
0
0
0
0
0
0
0
0
0
0
0
0
0
0
0
0
0
0
0
0
0
0
0
0
0
0
0
0
0
0
0
0
0
0
0
0
0
0
0
0
0
0
0
0
0
0
0
0
0
0
0
0
0
0
0
0
0
0
0
0
0
0
0
0
0
0
0
0
0
0
0
0
0
0
0
0
0
0
0
0
0
0.000830913159198035
0.0020918550428138
0.00348296915188475
0.00463518380906573
0.00515225426653836
0.00546730686310156
0.00517843204835948
0.00528854469352464
0.00526954446285555
0.00461768200433394
0.00321573352875426
0.00282615082922656
0.00299059952700019
0.00253593607647823
0.00195975179395242
0.00144885002776721
0
0
0
0
0
0
0
0
0
0
0
0
0
0
0
0
0
0
0
0
0
0
0
0
0
0
0
0
0
0
0
0
0
0
0
0
0
0
0
0
0
0
0
0
0
0
0
0
0
0
0
0
0
0
0
0
0
0
0
0
0
0
0
0
0
0
0
0
0
0
0
0
0
0
0
0
0
0
0
0
0
0
0
0
0
0
0
0
0
0
0
0
0
0
0
0
0
0
0
0
0
0
0
0
0
0
0
0
0
0
0
0
0
0
0
0
0
0
0
0
0
0
0
0
0
0
0
0
0
0
0
0
0
0
0.000700351139035129
0.00192279475739705
0.00312284140958319
0.00431806728904198
0.00523712063335745
0.00571563056995345
0.00596054028191892
0.00559704055630593
0.00564893741360418
0.005508624344372
0.00477156860801541
0.00336650893081982
0.00291943468526149
0.00313673755011054
0.00265020855520529
0.00200939914983416
0.00151148865352459
0
0
0
0
0
0
0
0
0
0
0
0
0
0
0
0
0
0
0
0
0
0
0
0
0
0
0
0
0
0
0
0
0
0
0
0
0
0
0
0
0
0
0
0
0
0
0
0
0
0
0
0
0
0
0
0
0
0
0
0
0
0
0
0
0
0
0
0
0
0
0
0
0
0
0
0
0
0
0
0
0
0
0
0
0
0
0
0
0
0
0
0
0
0
0
0
0
0
0
0
0
0
0
0
0
0
0
0
0
0
0
0
0
0
0
0
0
0
0
0
0
0
0
0
0
0
0
0
0
0
0
0
0
0.000643651913641083
0.00168113170260231
0.00302877666841952
0.00397293647292805
0.00495790587951175
0.00583259177712169
0.00618679659925869
0.00637026602524524
0.00592522948374078
0.00594450590036765
0.00573570344514935
0.00492764545897198
0.00343395481065767
0.00290654193072364
0.00316862691803679
0.00270780714858409
0.00207165163542868
0.00153524216154282
0
0
0
0
0
0
0
0
0
0
0
0
0
0
0
0
0
0
0
0
0
0
0
0
0
0
0
0
0
0
0
0
0
0
0
0
0
0
0
0
0
0
0
0
0
0
0
0
0
0
0
0
0
0
0
0
0
0
0
0
0
0
0
0
0
0
0
0
0
0
0
0
0
0
0
0
0
0
0
0
0
0
0
0
0
0
0
0
0
0
0
0
0
0
0
0
0
0
0
0
0
0
0
0
0
0
0
0
0
0
0
0
0
0
0
0
0
0
0
0
0
0
0
0
0
0
0
0
0
0
0
0
0.000687152457495924
0.00170151960671238
0.00282058194455318
0.00398932606297574
0.00470739571416162
0.00567492161843966
0.00627753756439809
0.00657326759241015
0.00669225698977841
0.00620489127369307
0.00624430258654774
0.00595029161416092
0.00500882236784235
0.00340774754108355
0.00281567960070014
0.00316114512326749
0.00273770922389724
0.00205751687491289
0.0015049462236685
0
0
0
0
0
0
0
0
0
0
0
0
0
0
0
0
0
0
0
0
0
0
0
0
0
0
0
0
0
0
0
0
0
0
0
0
0
0
0
0
0
0
0
0
0
0
0
0
0
0
0
0
0
0
0
0
0
0
0
0
0
0
0
0
0
0
0
0
0
0
0
0
0
0
0
0
0
0
0
0
0
0
0
0
0
0
0
0
0
0
0
0
0
0
0
0
0
0
0
0
0
0
0
0
0
0
0
0
0
0
0
0
0
0
0
0
0
0
0
0
0
0
0
0
0
0
0
0
0
0
0
0.000701623851691468
0.00173828157226562
0.00294626285011659
0.00375159098262485
0.00472831674644844
0.00551650493342773
0.00617999291994104
0.00657998769440819
0.00685614039249877
0.00698355414018866
0.00645720800113568
0.00649201158597837
0.0061086065308086
0.00504578388887734
0.00330759391859554
0.00271505941486667
0.00314723797276265
0.00272212715094971
0.00197909545000751
0
0
0
0
0
0
0
0
0
0
0
0
0
0
0
0
0
0
0
0
0
0
0
0
0
0
0
0
0
0
0
0
0
0
0
0
0
0
0
0
0
0
0
0
0
0
0
0
0
0
0
0
0
0
0
0
0
0
0
0
0
0
0
0
0
0
0
0
0
0
0
0
0
0
0
0
0
0
0
0
0
0
0
0
0
0
0
0
0
0
0
0
0
0
0
0
0
0
0
0
0
0
0
0
0
0
0
0
0
0
0
0
0
0
0
0
0
0
0
0
0
0
0
0
0
0
0
0
0
0
0
0.000767718881326486
0.00177485151280007
0.00290721304557192
0.00387129838987546
0.00447677682224776
0.00545497445963679
0.00598098656942853
0.00646546079028957
0.00679042596936417
0.00707389491389511
0.0072350831550741
0.00669027512707197
0.00667445194828437
0.00617583627789845
0.00500411721730596
0.00322276485859793
0.00265060028706359
0.00310701778135427
0.00263564891800566
0.00174056430788403
0
0
0
0
0
0
0
0
0
0
0
0
0
0
0
0
0
0
0
0
0
0
0
0
0
0
0
0
0
0
0
0
0
0
0
0
0
0
0
0
0
0
0
0
0
0
0
0
0
0
0
0
0
0
0
0
0
0
0
0
0
0
0
0
0
0
0
0
0
0
0
0
0
0
0
0
0
0
0
0
0
0
0
0
0
0
0
0
0
0
0
0
0
0
0
0
0
0
0
0
0
0
0
0
0
0
0
0
0
0
0
0
0
0
0
0
0
0
0
0
0
0
0
0
0
0
0
0
0
0
0.000820792909029943
0.00188434669397348
0.00291420383416882
0.00389574119661465
0.00468919398707062
0.00521467762585616
0.0059404592082248
0.00621055745897956
0.0066151000250898
0.00683556283042679
0.00721789101660235
0.00751551113389033
0.00688631912894727
0.00675017140001343
0.00615524540250432
0.00488292521557509
0.00311177312269145
0.00254212989553799
0.00297238894288924
0.00233668236687416
0
0
0
0
0
0
0
0
0
0
0
0
0
0
0
0
0
0
0
0
0
0
0
0
0
0
0
0
0
0
0
0
0
0
0
0
0
0
0
0
0
0
0
0
0
0
0
0
0
0
0
0
0
0
0
0
0
0
0
0
0
0
0
0
0
0
0
0
0
0
0
0
0
0
0
0
0
0
0
0
0
0
0
0
0
0
0
0
0
0
0
0
0
0
0
0
0
0
0
0
0
0
0
0
0
0
0
0
0
0
0
0
0
0
0
0
0
0
0
0
0
0
0
0
0
0
0
0
0
0
0.000875109424770201
0.00202272930370532
0.00306351775443196
0.00394254295183634
0.0047693407112282
0.00545488230448337
0.00574942751331962
0.00623496314236398
0.00631429345374661
0.00666004090929833
0.00679350631776524
0.00744777877657459
0.00776520000924929
0.00695886651728621
0.00669717119812072
0.00598171285494983
0.00467828675379494
0.00297734579529119
0.00241342911523879
0.00264691933299655
0.00181871331868377
0
0
0
0
0
0
0
0
0
0
0
0
0
0
0
0
0
0
0
0
0
0
0
0
0
0
0
0
0
0
0
0
0
0
0
0
0
0
0
0
0
0
0
0
0
0
0
0
0
0
0
0
0
0
0
0
0
0
0
0
0
0
0
0
0
0
0
0
0
0
0
0
0
0
0
0
0
0
0
0
0
0
0
0
0
0
0
0
0
0
0
0
0
0
0
0
0
0
0
0
0
0
0
0
0
0
0
0
0
0
0
0
0
0
0
0
0
0
0
0
0
0
0
0
0
0
0
0
0
0.000996837296926846
0.00218070794188106
0.00329309349593443
0.00412811831042457
0.00479817981957929
0.00552931822236193
0.00599213104479385
0.00608805941773112
0.00637746279155817
0.00639444754641575
0.00669366885175844
0.00694375438979775
0.00766990842065651
0.00791408545067424
0.00684946348461064
0.00646689081192947
0.00558549329800256
0.00444849811391144
0.00295604382351531
0.00211491431381102
0.00207798342538177
0.00121685788921914
0.000295204953685862
0
0
0
0
0
0
0
0
0
0
0
0
0
0
0
0
0
0
0
0
0
0
0
0
0
0
0
0
0
0
0
0
0
0
0
0
0
0
0
0
0
0
0
0
0
0
0
0
0
0
0
0
0
0
0
0
0
0
0
0
0
0
0
0
0
0
0
0
0
0
0
0
0
0
0
0
0
0
0
0
0
0
0
0
0
0
0
0
0
0
0
0
0
0
0
0
0
0
0
0
0
0
0
0
0
0
0
0
0
0
0
0
0
0
0
0
0
0
0
0
0
0
0
0
0
0
0
0.00107816056046558
0.00253408440688364
0.00353073800605397
0.00442112795351591
0.00500340324771565
0.00553571609863444
0.00613722684542567
0.00635385463865163
0.00628672095918638
0.00651904345305026
0.00639004331174646
0.00671883579004711
0.0070279470506869
0.0078316255412002
0.00789684638683284
0.0065454582000652
0.00602779104650409
0.00520384302111554
0.00455611645031737
0.00280347094525612
0.00155038588510277
0.00139901184514274
0.000687575482912665
-0.000169976470338238
0
0
0
0
0
0
0
0
0
0
0
0
0
0
0
0
0
0
0
0
0
0
0
0
0
0
0
0
0
0
0
0
0
0
0
0
0
0
0
0
0
0
0
0
0
0
0
0
0
0
0
0
0
0
0
0
0
0
0
0
0
0
0
0
0
0
0
0
0
0
0
0
0
0
0
0
0
0
0
0
0
0
0
0
0
0
0
0
0
0
0
0
0
0
0
0
0
0
0
0
0
0
0
0
0
0
0
0
0
0
0
0
0
0
0
0
0
0
0
0
0
0
0
0
0
0
0.00108971520841969
0.00257727827422995
0.00400896964418523
0.00466958375532372
0.00535645322549844
0.00574700362004973
0.00614930629107167
0.00660497256066297
0.00662447602185293
0.00645801181378293
0.00656682474121048
0.00638771130820385
0.00675893189816446
0.0071127765669576
0.00786828724471104
0.00766144204116186
0.00608509059590483
0.00556995458310778
0.00487483521203003
0.0042038503690624
0.00224428454934575
0.000873374377740908
0.000761851827092704
0.000170065137159577
-0.000583645375627732
0
0
0
0
0
0
0
0
0
0
0
0
0
0
0
0
0
0
0
0
0
0
0
0
0
0
0
0
0
0
0
0
0
0
0
0
0
0
0
0
0
0
0
0
0
0
0
0
0
0
0
0
0
0
0
0
0
0
0
0
0
0
0
0
0
0
0
0
0
0
0
0
0
0
0
0
0
0
0
0
0
0
0
0
0
0
0
0
0
0
0
0
0
0
0
0
0
0
0
0
0
0
0
0
0
0
0
0
0
0
0
0
0
0
0
0
0
0
0
0
0
0
0
0
0
0.00105639459042714
0.00254228207199578
0.00397186458921693
0.00514148601342563
0.00559369681632041
0.00609664714654959
0.00636058555667512
0.0066863051949995
0.00693249287075415
0.00675953939512561
0.0065261859827279
0.00652588274949104
0.00639378012377268
0.00689408416568068
0.00716261254903842
0.00768943815011278
0.00724877514789555
0.00558501721259382
0.00511975381751179
0.00425576508596135
0.00346969037417145
0.00156536518051644
0.000253046925737291
0.000186090683314057
-0.000255827158867251
-0.000827836404693857
0
0
0
0
0
0
0
0
0
0
0
0
0
0
0
0
0
0
0
0
0
0
0
0
0
0
0
0
0
0
0
0
0
0
0
0
0
0
0
0
0
0
0
0
0
0
0
0
0
0
0
0
0
0
0
0
0
0
0
0
0
0
0
0
0
0
0
0
0
0
0
0
0
0
0
0
0
0
0
0
0
0
0
0
0
0
0
0
0
0
0
0
0
0
0
0
0
0
0
0
0
0
0
0
0
0
0
0
0
0
0
0
0
0
0
0
0
0
0
0
0
0
0
0
0.00105235041803283
0.00246754693157482
0.00389980140265635
0.00508758716039058
0.00602981458701941
0.00632246890272301
0.00669086093792684
0.00689619099761029
0.00705273828650515
0.00707111761337761
0.00683018823141277
0.00658199588481291
0.00649065938496216
0.00650705367262235
0.00700595186782779
0.00706926117187955
0.00735992814614156
0.00672347928555766
0.00508899794485068
0.00442570305072934
0.00334736520750156
0.00267386093076496
0.000919116947156238
-0.000292884219231691
-0.000290908391131121
-0.000516878337251729
0
0
0
0
0
0
0
0
0
0
0
0
0
0
0
0
0
0
0
0
0
0
0
0
0
0
0
0
0
0
0
0
0
0
0
0
0
0
0
0
0
0
0
0
0
0
0
0
0
0
0
0
0
0
0
0
0
0
0
0
0
0
0
0
0
0
0
0
0
0
0
0
0
0
0
0
0
0
0
0
0
0
0
0
0
0
0
0
0
0
0
0
0
0
0
0
0
0
0
0
0
0
0
0
0
0
0
0
0
0
0
0
0
0
0
0
0
0
0
0
0
0
0
0
0.00105573472195129
0.00244506664129644
0.00377685878635858
0.00502419482103847
0.00600006209224593
0.00676096037175289
0.006905941262511
0.00721656446412207
0.00728545034065291
0.00719040163805511
0.00713600113158637
0.0069179150388828
0.00658148789637291
0.00653961992589593
0.0065408879158167
0.00694715955754048
0.00685782914194818
0.00694136007077773
0.0063335145238295
0.00437730143750027
0.00346975840912369
0.00241992849614588
0.00196582501632344
0.00035296545884023
-0.000735609107103405
0
0
0
0
0
0
0
0
0
0
0
0
0
0
0
0
0
0
0
0
0
0
0
0
0
0
0
0
0
0
0
0
0
0
0
0
0
0
0
0
0
0
0
0
0
0
0
0
0
0
0
0
0
0
0
0
0
0
0
0
0
0
0
0
0
0
0
0
0
0
0
0
0
0
0
0
0
0
0
0
0
0
0
0
0
0
0
0
0
0
0
0
0
0
0
0
0
0
0
0
0
0
0
0
0
0
0
0
0
0
0
0
0
0
0
0
0
0
0
0
0
0
0
0
0
0.0010056817443493
0.00246107013962465
0.00376890825916762
0.00489908406535916
0.00594975150759839
0.00676099856126296
0.00739676480080597
0.00745989443151834
0.00765211991494951
0.00752824321076219
0.00726415213511146
0.00721356470606241
0.0069326290833165
0.00652997766439799
0.00643288183346981
0.00635895663787828
0.00671101839534771
0.0064636310419169
0.00640884269985713
0.00554182527952792
0.00330983967389626
0.00250306514611941
0.00168458598962459
0.00141483569768714
0
0
0
0
0
0
0
0
0
0
0
0
0
0
0
0
0
0
0
0
0
0
0
0
0
0
0
0
0
0
0
0
0
0
0
0
0
0
0
0
0
0
0
0
0
0
0
0
0
0
0
0
0
0
0
0
0
0
0
0
0
0
0
0
0
0
0
0
0
0
0
0
0
0
0
0
0
0
0
0
0
0
0
0
0
0
0
0
0
0
0
0
0
0
0
0
0
0
0
0
0
0
0
0
0
0
0
0
0
0
0
0
0
0
0
0
0
0
0
0
0
0
0
0
0
0
0.000965997074761601
0.00231871094790401
0.0037516319266571
0.00487136779312962
0.00579745288084631
0.00674544938513175
0.00742629157541892
0.0080139890015126
0.00793821281276826
0.00796024670812949
0.00771826730026679
0.00742058600999483
0.00727102252773253
0.00683015672284208
0.00634852998497679
0.00609947837576559
0.00596116696886827
0.00630311108990048
0.00582361392700013
0.00565943357461745
0.0044009725500117
0.00234504678557478
0.00180616437356843
0
0
0
0
0
0
0
0
0
0
0
0
0
0
0
0
0
0
0
0
0
0
0
0
0
0
0
0
0
0
0
0
0
0
0
0
0
0
0
0
0
0
0
0
0
0
0
0
0
0
0
0
0
0
0
0
0
0
0
0
0
0
0
0
0
0
0
0
0
0
0
0
0
0
0
0
0
0
0
0
0
0
0
0
0
0
0
0
0
0
0
0
0
0
0
0
0
0
0
0
0
0
0
0
0
0
0
0
0
0
0
0
0
0
0
0
0
0
0
0
0
0
0
0
0
0
0
0.000929434665917345
0.00225174166275101
0.00355860292826775
0.00486574933558663
0.00579968755783393
0.00662854291953458
0.00743863004076649
0.00805644710445418
0.00851319622726075
0.00823683487152887
0.00817849817835406
0.00792768556149167
0.00758244925889477
0.00722708964342033
0.00659605983173959
0.00593971910944438
0.00564059290175678
0.00548518865902764
0.0057314259406222
0.00516795521373131
0.0048025137210893
0.00364851777412764
0.0017431569507553
0
0
0
0
0
0
0
0
0
0
0
0
0
0
0
0
0
0
0
0
0
0
0
0
0
0
0
0
0
0
0
0
0
0
0
0
0
0
0
0
0
0
0
0
0
0
0
0
0
0
0
0
0
0
0
0
0
0
0
0
0
0
0
0
0
0
0
0
0
0
0
0
0
0
0
0
0
0
0
0
0
0
0
0
0
0
0
0
0
0
0
0
0
0
0
0
0
0
0
0
0
0
0
0
0
0
0
0
0
0
0
0
0
0
0
0
0
0
0
0
0
0
0
0
0
0
0
0.000885570432620853
0.00216914342102081
0.0035047209884622
0.00467144359427108
0.00582273619459161
0.00671628628966885
0.00739421447288898
0.00810323775102144
0.00857205690974742
0.00887962176770368
0.00847569098287522
0.00841988062215202
0.00812950748210897
0.00760385914332284
0.00698516717416985
0.00611940895417793
0.00535939441912554
0.00506162377989568
0.00487104428515354
0.00516562022492554
0.00446116362842979
0.00419981507365376
0.00317630911354827
0
0
0
0
0
0
0
0
0
0
0
0
0
0
0
0
0
0
0
0
0
0
0
0
0
0
0
0
0
0
0
0
0
0
0
0
0
0
0
0
0
0
0
0
0
0
0
0
0
0
0
0
0
0
0
0
0
0
0
0
0
0
0
0
0
0
0
0
0
0
0
0
0
0
0
0
0
0
0
0
0
0
0
0
0
0
0
0
0
0
0
0
0
0
0
0
0
0
0
0
0
0
0
0
0
0
0
0
0
0
0
0
0
0
0
0
0
0
0
0
0
0
0
0
0
0
0
0.000854617082489703
0.00209815540501693
0.0033889520037866
0.00461868774703314
0.00565088517558203
0.0068930453645511
0.00758850638061501
0.00819264266985729
0.00864154931841792
0.00896429124008252
0.00919287208683882
0.00873243285048125
0.0086671723346516
0.00821611638899961
0.00740328146578421
0.00652332372840107
0.0055000637078971
0.0046527037181079
0.0044110981039144
0.00431112092007658
0.00455693406923945
0.0038885302798167
0.00376754369954737
0
0
0
0
0
0
0
0
0
0
0
0
0
0
0
0
0
0
0
0
0
0
0
0
0
0
0
0
0
0
0
0
0
0
0
0
0
0
0
0
0
0
0
0
0
0
0
0
0
0
0
0
0
0
0
0
0
0
0
0
0
0
0
0
0
0
0
0
0
0
0
0
0
0
0
0
0
0
0
0
0
0
0
0
0
0
0
0
0
0
0
0
0
0
0
0
0
0
0
0
0
0
0
0
0
0
0
0
0
0
0
0
0
0
0
0
0
0
0
0
0
0
0
0
0
0
0
0.000751959818108397
0.00199278896833195
0.00329618136055945
0.00449095819546058
0.00562784135214805
0.00663209198894767
0.00779339410762688
0.00837215114258782
0.00880300593738812
0.00901355064164661
0.00928876979234344
0.00952986740737092
0.00900157162309182
0.00876835764991981
0.00808724701076197
0.00704239884329199
0.00593423082469362
0.00477621925030088
0.00392159244738109
0.00382006587124572
0.00372201320982211
0.00404546447278793
0.00339367755287642
0.00341698231202386
0.00256037206934259
0
0
0
0
0
0
0
0
0
0
0
0
0
0
0
0
0
0
0
0
0
0
0
0
0
0
0
0
0
0
0
0
0
0
0
0
0
0
0
0
0
0
0
0
0
0
0
0
0
0
0
0
0
0
0
0
0
0
0
0
0
0
0
0
0
0
0
0
0
0
0
0
0
0
0
0
0
0
0
0
0
0
0
0
0
0
0
0
0
0
0
0
0
0
0
0
0
0
0
0
0
0
0
0
0
0
0
0
0
0
0
0
0
0
0
0
0
0
0
0
0
0
0
0
0
0.000674545902315794
0.00173929531753624
0.00312595912936947
0.00438158412088605
0.00548832471973609
0.00655726630175276
0.00744689230920142
0.00853094567143081
0.00898035520020464
0.00922551917556714
0.0093223825073972
0.0096163369173194
0.00983374149447097
0.0090454001589065
0.00865930987297182
0.00779595393559113
0.0065367358415506
0.00531517859038364
0.00412243027083759
0.00327139885898324
0.00325581676494664
0.00326881809095295
0.0035352108142881
0.00295460701562746
0.00307142432964598
0.00223702060084393
0.000626274159349777
0
0
0
0
0
0
0
0
0
0
0
0
0
0
0
0
0
0
0
0
0
0
0
0
0
0
0
0
0
0
0
0
0
0
0
0
0
0
0
0
0
0
0
0
0
0
0
0
0
0
0
0
0
0
0
0
0
0
0
0
0
0
0
0
0
0
0
0
0
0
0
0
0
0
0
0
0
0
0
0
0
0
0
0
0
0
0
0
0
0
0
0
0
0
0
0
0
0
0
0
0
0
0
0
0
0
0
0
0
0
0
0
0
0
0
0
0
0
0
0
0
0
0
0.000609130370644796
0.00152021122882386
0.00272776497387808
0.00415885326271261
0.00537987264808407
0.0063727942679326
0.00727864181549821
0.00801033038798605
0.00907604676490457
0.00927571799470963
0.00945830530285805
0.00961781178077567
0.0098590856354242
0.00990886023263594
0.00890100609724883
0.0083748847128111
0.00738214707630374
0.00603278794414261
0.00475902274032762
0.00353350294388096
0.00264827303899825
0.00276769664077401
0.0028117564564488
0.00306366719076564
0.00256731141819329
0.00270264409671029
0.00189670082617012
0.000406485961527647
0.000766653074081601
0.00058630359398347
0
0
0
0
0
0
0
0
0
0
0
0
0
0
0
0
0
0
0
0
0
0
0
0
0
0
0
0
0
0
0
0
0
0
0
0
0
0
0
0
0
0
0
0
0
0
0
0
0
0
0
0
0
0
0
0
0
0
0
0
0
0
0
0
0
0
0
0
0
0
0
0
0
0
0
0
0
0
0
0
0
0
0
0
0
0
0
0
0
0
0
0
0
0
0
0
0
0
0
0
0
0
0
0
0
0
0
0
0
0
0
0
0
0
0
0
0
0
0
0
0.000659726171754654
0.00138318642047993
0.0023757046956758
0.00365878887028467
0.00509316315250747
0.00624296148499033
0.00702314200751347
0.00771086877136431
0.00833807250277923
0.00921344273943473
0.00936754278576594
0.00962007775971074
0.00981595437956834
0.00989440576948971
0.00973646277581604
0.00855281097162611
0.00795922308165935
0.0069534000180632
0.00555320939138491
0.00426294062352994
0.00302605694222654
0.00214634034082547
0.00226471670208062
0.00238874679170273
0.00263558999156271
0.00222875840582114
0.00234721422998814
0.00158071560587819
0.000265738397652049
0.000741525257766845
0.000697389070728823
0.00090772826314344
0
0
0
0
0
0
0
0
0
0
0
0
0
0
0
0
0
0
0
0
0
0
0
0
0
0
0
0
0
0
0
0
0
0
0
0
0
0
0
0
0
0
0
0
0
0
0
0
0
0
0
0
0
0
0
0
0
0
0
0
0
0
0
0
0
0
0
0
0
0
0
0
0
0
0
0
0
0
0
0
0
0
0
0
0
0
0
0
0
0
0
0
0
0
0
0
0
0
0
0
0
0
0
0
0
0
0
0
0
0
0
0
0
0
0
0
0
0
0.000640153161988854
0.00146429806356021
0.00218709400207753
0.00318543493652245
0.00449732776324747
0.00585028978741358
0.00681474440358736
0.00733901051872659
0.0078301271833867
0.00833779470806777
0.00921810807835802
0.00937365756290741
0.00964143495461329
0.00979715255047875
0.00968191963540728
0.00935379957074358
0.00805273907585329
0.00748635090542637
0.00653089670476724
0.00513757130680458
0.00385356065590568
0.00260497264320974
0.00164426178860412
0.00178430130644818
0.00196799526077753
0.00227946885437518
0.00195972955944055
0.00202944377907349
0.00136997932441165
0.000225771090354258
0.000818702432457659
0
0
0
0
0
0
0
0
0
0
0
0
0
0
0
0
0
0
0
0
0
0
0
0
0
0
0
0
0
0
0
0
0
0
0
0
0
0
0
0
0
0
0
0
0
0
0
0
0
0
0
0
0
0
0
0
0
0
0
0
0
0
0
0
0
0
0
0
0
0
0
0
0
0
0
0
0
0
0
0
0
0
0
0
0
0
0
0
0
0
0
0
0
0
0
0
0
0
0
0
0
0
0
0
0
0
0
0
0
0
0
0
0
0
0
0
0
0
0
0.000634164499532982
0.00150782518664866
0.00236006671496301
0.00299213810396652
0.0038830954115445
0.00507009214663313
0.00619746029000903
0.00690847310709674
0.0072561743042061
0.00768893267405782
0.00825055870697541
0.00920190493557775
0.00928373286338277
0.00947365584485457
0.00955797155490399
0.00927353804178795
0.00877007752080758
0.00748895014105303
0.00703691368786857
0.0061608246536886
0.00482496764786843
0.00353009374525507
0.0022195864313394
0.00121214068935837
0.00134130796137172
0.00164883860614309
0.00208155817413981
0.00178415876858477
0.00179129476370916
0
0
0
0
0
0
0
0
0
0
0
0
0
0
0
0
0
0
0
0
0
0
0
0
0
0
0
0
0
0
0
0
0
0
0
0
0
0
0
0
0
0
0
0
0
0
0
0
0
0
0
0
0
0
0
0
0
0
0
0
0
0
0
0
0
0
0
0
0
0
0
0
0
0
0
0
0
0
0
0
0
0
0
0
0
0
0
0
0
0
0
0
0
0
0
0
0
0
0
0
0
0
0
0
0
0
0
0
0
0
0
0
0
0
0
0
0
0
0
0
0
0.000725067022422241
0.0015884414282344
0.0025131823321798
0.00330877730865849
0.00369248291159271
0.0043461359301135
0.00531182836424417
0.00613672412541443
0.0066391014129328
0.00694180013645613
0.00748544883471495
0.00816777427314741
0.00909709823521073
0.00902660733299678
0.00914928194891071
0.00914532448708895
0.00871912677994272
0.0081211214162883
0.0069763086975998
0.00666440691194473
0.00591055050034903
0.00461971100351436
0.00324809848958969
0.00190708605171388
0.00086355201015181
0.000995007418853305
0.00153634936408744
0
0
0
0
0
0
0
0
0
0
0
0
0
0
0
0
0
0
0
0
0
0
0
0
0
0
0
0
0
0
0
0
0
0
0
0
0
0
0
0
0
0
0
0
0
0
0
0
0
0
0
0
0
0
0
0
0
0
0
0
0
0
0
0
0
0
0
0
0
0
0
0
0
0
0
0
0
0
0
0
0
0
0
0
0
0
0
0
0
0
0
0
0
0
0
0
0
0
0
0
0
0
0
0
0
0
0
0
0
0
0
0
0
0
0
0
0
0
0
0
0
0
0
0.000790197144166162
0.00179695943573822
0.00270341454051382
0.00353498331443635
0.00411369488559433
0.0041447944875644
0.00456744198777314
0.00526528561150076
0.00587815746431826
0.0061953427881682
0.00661750470574115
0.00728191001676484
0.00802502547892502
0.00876933082918029
0.00862964420206924
0.00865984289007976
0.00862685742271635
0.00814475930612698
0.00761626289225053
0.00657479894542391
0.00641764463153955
0.00577510463203306
0.00445040645313276
0.00303926666214412
0.00165301167407062
0.000588813752739764
0
0
0
0
0
0
0
0
0
0
0
0
0
0
0
0
0
0
0
0
0
0
0
0
0
0
0
0
0
0
0
0
0
0
0
0
0
0
0
0
0
0
0
0
0
0
0
0
0
0
0
0
0
0
0
0
0
0
0
0
0
0
0
0
0
0
0
0
0
0
0
0
0
0
0
0
0
0
0
0
0
0
0
0
0
0
0
0
0
0
0
0
0
0
0
0
0
0
0
0
0
0
0
0
0
0
0
0
0
0
0
0
0
0
0
0
0
0
0
0
0
0
0
0
0.000892764545195993
0.00194319436861226
0.00296226715825367
0.00377411076222151
0.00438855923665634
0.00458996391571677
0.00442113244073726
0.00457588561775719
0.00504537237838907
0.00547667895742811
0.00580227370683939
0.00631506599558125
0.00708239012383107
0.00775371640583629
0.00835249852639363
0.00805614735293514
0.00809312703823659
0.00808961012565798
0.00763807790547276
0.0071718069494942
0.00626758477270026
0.00628727755593774
0.00569428457136165
0.00436276934430648
0.00286066732594731
0
0
0
0
0
0
0
0
0
0
0
0
0
0
0
0
0
0
0
0
0
0
0
0
0
0
0
0
0
0
0
0
0
0
0
0
0
0
0
0
0
0
0
0
0
0
0
0
0
0
0
0
0
0
0
0
0
0
0
0
0
0
0
0
0
0
0
0
0
0
0
0
0
0
0
0
0
0
0
0
0
0
0
0
0
0
0
0
0
0
0
0
0
0
0
0
0
0
0
0
0
0
0
0
0
0
0
0
0
0
0
0
0
0
0
0
0
0
0
0
0
0
0
0
0
0.000926725369692653
0.00213844347973668
0.00316825045610682
0.00407884644792533
0.00468967403006335
0.00500508863785257
0.00500402588364948
0.00456870813438582
0.00448004653371859
0.00473868509861323
0.00511942738200584
0.00547033728216424
0.00606841732862229
0.00682701066393843
0.00739751379845936
0.00773288502158104
0.00752734212826224
0.00757531879920405
0.00760593632477287
0.00716860512398952
0.00680852741795538
0.00614425249064358
0.00622756335720015
0.00565084579411249
0.00427180774395619
0
0
0
0
0
0
0
0
0
0
0
0
0
0
0
0
0
0
0
0
0
0
0
0
0
0
0
0
0
0
0
0
0
0
0
0
0
0
0
0
0
0
0
0
0
0
0
0
0
0
0
0
0
0
0
0
0
0
0
0
0
0
0
0
0
0
0
0
0
0
0
0
0
0
0
0
0
0
0
0
0
0
0
0
0
0
0
0
0
0
0
0
0
0
0
0
0
0
0
0
0
0
0
0
0
0
0
0
0
0
0
0
0
0
0
0
0
0
0
0
0
0
0
0
0
0.00092408806041216
0.00222620271385016
0.0034823368733966
0.00432510704792868
0.00501454771295121
0.00541189386966224
0.00552587719678443
0.00534113873641752
0.00464772662129171
0.00431203429290434
0.00447299067310022
0.0048870787545647
0.00526225678345387
0.00583588241704589
0.00651191201307155
0.00697375185797313
0.00727338450994564
0.00701315615657872
0.0071088047008975
0.00713627853801491
0.00680820961226802
0.00664086761682713
0.00605554137389979
0.00617553667575402
0.00558688250262563
0
0
0
0
0
0
0
0
0
0
0
0
0
0
0
0
0
0
0
0
0
0
0
0
0
0
0
0
0
0
0
0
0
0
0
0
0
0
0
0
0
0
0
0
0
0
0
0
0
0
0
0
0
0
0
0
0
0
0
0
0
0
0
0
0
0
0
0
0
0
0
0
0
0
0
0
0
0
0
0
0
0
0
0
0
0
0
0
0
0
0
0
0
0
0
0
0
0
0
0
0
0
0
0
0
0
0
0
0
0
0
0
0
0
0
0
0
0
0
0
0
0
0
0
0
0.000969085710429378
0.00230972940740619
0.00371467949642908
0.00468011072346407
0.005244596913901
0.00579407966888747
0.00603336431408819
0.0059610780077062
0.00561595571781417
0.00463573271592835
0.00412839761181809
0.00426800690153348
0.00470397406513231
0.00506245746137439
0.00559665701184717
0.00617471708214359
0.00662569019040457
0.00673419138926407
0.00653729903490376
0.00666203841355167
0.00679262364903799
0.00661967249178907
0.0064929884852349
0.00597911010181065
0.00614444180087421
0.00557856906408869
0
0
0
0
0
0
0
0
0
0
0
0
0
0
0
0
0
0
0
0
0
0
0
0
0
0
0
0
0
0
0
0
0
0
0
0
0
0
0
0
0
0
0
0
0
0
0
0
0
0
0
0
0
0
0
0
0
0
0
0
0
0
0
0
0
0
0
0
0
0
0
0
0
0
0
0
0
0
0
0
0
0
0
0
0
0
0
0
0
0
0
0
0
0
0
0
0
0
0
0
0
0
0
0
0
0
0
0
0
0
0
0
0
0
0
0
0
0
0
0
0
0
0
0
0.00090610878523348
0.00222031056914582
0.00363916282020155
0.0048541092962017
0.005634024582167
0.00607527861810074
0.00647473693505923
0.00654549112789556
0.00630932806548192
0.00578758900746468
0.00456209207695702
0.00393823856513317
0.0040767035716981
0.00453255448632113
0.00487958672381698
0.00533639610844575
0.00582054294816774
0.00617336032632135
0.00623880073298717
0.00602688849136735
0.00634189461209689
0.00659840838910457
0.00650566634968916
0.00643895024944062
0.00597637004213558
0.00615769636784827
0
0
0
0
0
0
0
0
0
0
0
0
0
0
0
0
0
0
0
0
0
0
0
0
0
0
0
0
0
0
0
0
0
0
0
0
0
0
0
0
0
0
0
0
0
0
0
0
0
0
0
0
0
0
0
0
0
0
0
0
0
0
0
0
0
0
0
0
0
0
0
0
0
0
0
0
0
0
0
0
0
0
0
0
0
0
0
0
0
0
0
0
0
0
0
0
0
0
0
0
0
0
0
0
0
0
0
0
0
0
0
0
0
0
0
0
0
0
0
0
0
0
0
0
0.000901539462046429
0.00209370358115131
0.00345824544696027
0.00477780281703912
0.00585340253886276
0.00653237007687569
0.00679574593458266
0.00706751678384031
0.00697978758838721
0.00653064424129491
0.0058321218669886
0.00440071250140179
0.00372333020052949
0.00387080559481153
0.00435069727935728
0.00465455135235258
0.00502470058544267
0.00538462418768723
0.00566444066663771
0.00557490827383692
0.00567603383380109
0.00617256309341599
0.00650408137648562
0.00648045818282839
0.00643709404997079
0.00598817738791158
0
0
0
0
0
0
0
0
0
0
0
0
0
0
0
0
0
0
0
0
0
0
0
0
0
0
0
0
0
0
0
0
0
0
0
0
0
0
0
0
0
0
0
0
0
0
0
0
0
0
0
0
0
0
0
0
0
0
0
0
0
0
0
0
0
0
0
0
0
0
0
0
0
0
0
0
0
0
0
0
0
0
0
0
0
0
0
0
0
0
0
0
0
0
0
0
0
0
0
0
0
0
0
0
0
0
0
0
0
0
0
0
0
0
0
0
0
0
0
0
0
0
0
0
0.000901164392780764
0.00209028832594373
0.00331327437310086
0.00462255557446585
0.00589366234595829
0.0068906990668238
0.0074244964295214
0.00748765885290153
0.00757751651568277
0.00727491408461129
0.00659526386274505
0.00572922716903833
0.00416375420907337
0.00345543316852827
0.00363626602519052
0.00410910374270687
0.00436854426297945
0.00464644034504729
0.00490840288656605
0.00513843840972839
0.00519625496241077
0.0054793074712049
0.00607451011224631
0.00648327529447798
0.00647764794741432
0.00639108821050749
0
0
0
0
0
0
0
0
0
0
0
0
0
0
0
0
0
0
0
0
0
0
0
0
0
0
0
0
0
0
0
0
0
0
0
0
0
0
0
0
0
0
0
0
0
0
0
0
0
0
0
0
0
0
0
0
0
0
0
0
0
0
0
0
0
0
0
0
0
0
0
0
0
0
0
0
0
0
0
0
0
0
0
0
0
0
0
0
0
0
0
0
0
0
0
0
0
0
0
0
0
0
0
0
0
0
0
0
0
0
0
0
0
0
0
0
0
0
0
0
0
0
0
0
0.000882975800302496
0.00209772821469677
0.00334952792812474
0.00451724303351221
0.005823565675917
0.00708032105806255
0.00797003948132949
0.00826459058648777
0.00806530144871919
0.00791992060890023
0.00736205661530023
0.0064481630542294
0.00548070789271934
0.00383094496375326
0.00314182438253972
0.00334581709936598
0.00379650088681463
0.00403232917547412
0.00424091859343755
0.00446768658233594
0.00479204858575468
0.00499897199274745
0.00532527273568927
0.00601794277057509
0.0064834073629065
0.00644974283455052
0.00626214056707029
0
0
0
0
0
0
0
0
0
0
0
0
0
0
0
0
0
0
0
0
0
0
0
0
0
0
0
0
0
0
0
0
0
0
0
0
0
0
0
0
0
0
0
0
0
0
0
0
0
0
0
0
0
0
0
0
0
0
0
0
0
0
0
0
0
0
0
0
0
0
0
0
0
0
0
0
0
0
0
0
0
0
0
0
0
0
0
0
0
0
0
0
0
0
0
0
0
0
0
0
0
0
0
0
0
0
0
0
0
0
0
0
0
0
0
0
0
0
0
0
0
0
0
0.000892988070579656
0.00209645027142794
0.00339506201404083
0.00462953768114905
0.00575177689559088
0.00702912415112659
0.00822228356222046
0.00890565675913015
0.00893641266998308
0.00844549701846
0.00801944692353361
0.00720072052015273
0.0061303748326369
0.00509811648899497
0.00341603320568806
0.00276220003640328
0.00298418632984634
0.00344148342403137
0.00367758423589469
0.0038866131576229
0.00416252022961795
0.00456356135484242
0.00478006388030276
0.00520253852758733
0.00598119933832647
0.00648950304186472
0.00636564792074821
0
0
0
0
0
0
0
0
0
0
0
0
0
0
0
0
0
0
0
0
0
0
0
0
0
0
0
0
0
0
0
0
0
0
0
0
0
0
0
0
0
0
0
0
0
0
0
0
0
0
0
0
0
0
0
0
0
0
0
0
0
0
0
0
0
0
0
0
0
0
0
0
0
0
0
0
0
0
0
0
0
0
0
0
0
0
0
0
0
0
0
0
0
0
0
0
0
0
0
0
0
0
0
0
0
0
0
0
0
0
0
0
0
0
0
0
0
0
0
0
0
0
0
0.000917407686801413
0.00214584770865654
0.00343992405833892
0.00475102549828159
0.00590015190096175
0.00695373937519126
0.00819429018688137
0.00923601944470242
0.00965662645997081
0.00939220114952667
0.00856250916731166
0.00783933503856988
0.0068205774257378
0.0056641645824914
0.00456851908907252
0.0029171684021421
0.00231541235777852
0.00259963540370028
0.00309751865633801
0.00338776503976265
0.00361908958183112
0.00392698403477402
0.00430785795283039
0.00459656220158273
0.00512507563475023
0.00599092243759789
0.00644295987365389
0.00623874728208664
0
0
0
0
0
0
0
0
0
0
0
0
0
0
0
0
0
0
0
0
0
0
0
0
0
0
0
0
0
0
0
0
0
0
0
0
0
0
0
0
0
0
0
0
0
0
0
0
0
0
0
0
0
0
0
0
0
0
0
0
0
0
0
0
0
0
0
0
0
0
0
0
0
0
0
0
0
0
0
0
0
0
0
0
0
0
0
0
0
0
0
0
0
0
0
0
0
0
0
0
0
0
0
0
0
0
0
0
0
0
0
0
0
0
0
0
0
0
0
0
0
0
0.000945098885832947
0.00223093070471891
0.00357657906296829
0.00485760658919614
0.00604556379364128
0.00708715217738985
0.00810236391202273
0.00920519431652104
0.00998771374792039
0.0101317274444269
0.00953129175686515
0.00837382462775285
0.00744453365175752
0.00633433525691984
0.00509309812225018
0.00395651206751141
0.0023391021910539
0.00187332489185724
0.00224486954619319
0.00283076102618986
0.00315219840649324
0.0033673885520116
0.00368245718848292
0.00407197308715336
0.00448573388341603
0.00517637665574211
0.00596148402017221
0.00634383621187613
0.00605481816263115
0
0
0
0
0
0
0
0
0
0
0
0
0
0
0
0
0
0
0
0
0
0
0
0
0
0
0
0
0
0
0
0
0
0
0
0
0
0
0
0
0
0
0
0
0
0
0
0
0
0
0
0
0
0
0
0
0
0
0
0
0
0
0
0
0
0
0
0
0
0
0
0
0
0
0
0
0
0
0
0
0
0
0
0
0
0
0
0
0
0
0
0
0
0
0
0
0
0
0
0
0
0
0
0
0
0
0
0
0
0
0
0
0
0
0
0
0
0
0
0
0
0.00097628789000697
0.00230816493547483
0.00373327292344518
0.00500143511956308
0.00615368169966213
0.00721728391754298
0.00825350962849612
0.00910176492595692
0.00991335253565354
0.0104209583020661
0.0102715300070813
0.00932477256771684
0.00793762900626049
0.00688981665725743
0.0057403986400995
0.00446268903798005
0.0032086413724106
0.00179964860985866
0.00147225380549786
0.00194794155656036
0.00257122521257139
0.00287159171132387
0.00313062935719367
0.00346846896350099
0.00396774369181764
0.00464946668855878
0.00517152424444383
0.00582101771427067
0.00613945570420762
0.0058632363118397
0.0055783277833419
0
0
0
0
0
0
0
0
0
0
0
0
0
0
0
0
0
0
0
0
0
0
0
0
0
0
0
0
0
0
0
0
0
0
0
0
0
0
0
0
0
0
0
0
0
0
0
0
0
0
0
0
0
0
0
0
0
0
0
0
0
0
0
0
0
0
0
0
0
0
0
0
0
0
0
0
0
0
0
0
0
0
0
0
0
0
0
0
0
0
0
0
0
0
0
0
0
0
0
0
0
0
0
0
0
0
0
0
0
0
0
0
0
0
0
0
0
0
0
0.00104777859181014
0.00244331865718512
0.00399235760594326
0.00517840648911071
0.00628272285443235
0.00736859429224668
0.00848234068707003
0.00928293007065561
0.00973197212427246
0.0102550390973215
0.010473652886454
0.0100233587069889
0.00887847855664368
0.00738546739814187
0.0062812579200173
0.00512869505799312
0.00380378730531186
0.00254245313692214
0.00134235846266548
0.00115966730648836
0.00166607570817521
0.00220203820734131
0.00264227626961637
0.00291856579375553
0.00346013118800061
0.00451579829586635
0.00474034586419891
0.00510888881831603
0.00557022155578458
0.0059432667545332
0.00570899742411485
0.00568141616927963
0
0
0
0
0
0
0
0
0
0
0
0
0
0
0
0
0
0
0
0
0
0
0
0
0
0
0
0
0
0
0
0
0
0
0
0
0
0
0
0
0
0
0
0
0
0
0
0
0
0
0
0
0
0
0
0
0
0
0
0
0
0
0
0
0
0
0
0
0
0
0
0
0
0
0
0
0
0
0
0
0
0
0
0
0
0
0
0
0
0
0
0
0
0
0
0
0
0
0
0
0
0
0
0
0
0
0
0
0
0
0
0
0
0
0
0
0
0
0.00105178087582013
0.00257492397157553
0.00412628447613117
0.00548222698930757
0.0064123951047627
0.0074490927935288
0.00854849433674875
0.00939963929944613
0.0098370418028907
0.0100013859253315
0.0102722908238963
0.0102556938661309
0.00965296803992208
0.00838552609078888
0.00681140045367158
0.00568668701191667
0.00454760569530165
0.00322952574739434
0.00201395503713113
0.00100427969564282
0.00088987836011791
0.00133028514983784
0.00189191338133744
0.0024276281229522
0.00282738132444583
0.00365651487016008
0.00447492418366531
0.00458929011280393
0.00488217570274197
0.00536819871962391
0.00586664212182135
0.00573090796875977
0
0
0
0
0
0
0
0
0
0
0
0
0
0
0
0
0
0
0
0
0
0
0
0
0
0
0
0
0
0
0
0
0
0
0
0
0
0
0
0
0
0
0
0
0
0
0
0
0
0
0
0
0
0
0
0
0
0
0
0
0
0
0
0
0
0
0
0
0
0
0
0
0
0
0
0
0
0
0
0
0
0
0
0
0
0
0
0
0
0
0
0
0
0
0
0
0
0
0
0
0
0
0
0
0
0
0
0
0
0
0
0
0
0
0
0
0
0
0.0010017217544043
0.00251991756236529
0.00424014162970922
0.00567515452254497
0.00674592975706175
0.00747943545260591
0.0084743300077796
0.00939417319826238
0.00993927975704703
0.0100624936099638
0.00999974316429027
0.0101011799029115
0.00996529086462571
0.00926584583456049
0.00783880469476858
0.00621620233677351
0.00508890944445192
0.00400551479699646
0.00276304674948879
0.00160441895756009
0.000720999339551986
0.000598579165049917
0.00104621055569353
0.00163024798698068
0.00226130517977697
0.00282811493563303
0.00355905395829139
0.00428927809839859
0.00439474502829539
0.00471363555579932
0.0052653006422704
0.00586660201388267
0.00571935134423423
0
0
0
0
0
0
0
0
0
0
0
0
0
0
0
0
0
0
0
0
0
0
0
0
0
0
0
0
0
0
0
0
0
0
0
0
0
0
0
0
0
0
0
0
0
0
0
0
0
0
0
0
0
0
0
0
0
0
0
0
0
0
0
0
0
0
0
0
0
0
0
0
0
0
0
0
0
0
0
0
0
0
0
0
0
0
0
0
0
0
0
0
0
0
0
0
0
0
0
0
0
0
0
0
0
0
0
0
0
0
0
0
0
0
0
0
0
0.000925201574218116
0.00237239000470826
0.00411729232720383
0.00583769367459142
0.00695675617024883
0.00778475091108738
0.00836166645014708
0.00920234778482987
0.00994164600172119
0.0101763211837356
0.0100629374193587
0.00985081297642185
0.00984317118380241
0.00958968308584231
0.00875054734879785
0.0072305598932162
0.00558440901881418
0.00452123017139726
0.00356805384510179
0.00241233469579361
0.00128573088783474
0.000427707855722803
0.000372112854831484
0.000828387467579065
0.00146120591784668
0.002186713797687
0.00271633697033269
0.00340968671795989
0.00411565522054123
0.00424445692532207
0.00462502882681698
0.00519329761172956
0.00581840319246587
0.00559511575160861
0
0
0
0
0
0
0
0
0
0
0
0
0
0
0
0
0
0
0
0
0
0
0
0
0
0
0
0
0
0
0
0
0
0
0
0
0
0
0
0
0
0
0
0
0
0
0
0
0
0
0
0
0
0
0
0
0
0
0
0
0
0
0
0
0
0
0
0
0
0
0
0
0
0
0
0
0
0
0
0
0
0
0
0
0
0
0
0
0
0
0
0
0
0
0
0
0
0
0
0
0
0
0
0
0
0
0
0
0
0
0
0
0
0
0
0
0.000888043350571012
0.00219122145962782
0.00383713198796757
0.00562364677565181
0.00711421152382018
0.00795900864792957
0.00856767847398904
0.00895207383298238
0.00965591206797235
0.0102186689700982
0.0101847007806021
0.0099080764617352
0.009617636650261
0.0095037558367634
0.009110663235695
0.00814468410956055
0.00654532375220609
0.00494759854130102
0.00401179646368736
0.00322233184187099
0.00213476369367551
0.000915231031067925
0.000200092871905812
0.000190355672698397
0.000718809914137421
0.00139012930998818
0.00210015324607566
0.00261168688871754
0.00329757026396583
0.00400335359236752
0.0041804249335914
0.00451756028996271
0.0050212574010403
0.00568714826258132
0
0
0
0
0
0
0
0
0
0
0
0
0
0
0
0
0
0
0
0
0
0
0
0
0
0
0
0
0
0
0
0
0
0
0
0
0
0
0
0
0
0
0
0
0
0
0
0
0
0
0
0
0
0
0
0
0
0
0
0
0
0
0
0
0
0
0
0
0
0
0
0
0
0
0
0
0
0
0
0
0
0
0
0
0
0
0
0
0
0
0
0
0
0
0
0
0
0
0
0
0
0
0
0
0
0
0
0
0
0
0
0
0
0
0
0
0.00088442716573318
0.00211747133483478
0.00353737456383719
0.00524058250803379
0.00686229916155551
0.00808318295840461
0.00868051562802286
0.00907563121702915
0.00931657991133764
0.00987065908885759
0.0102630032016121
0.010009754178126
0.00966605567820844
0.0092777553812154
0.00903135787084361
0.00848646495172747
0.00740213498284733
0.00580679915691995
0.00435693122662888
0.00358128605617681
0.00293103738949001
0.00181108502465622
0.000631662147208742
3.61633722593922e-06
0.000129736026346754
0.000708584831955421
0.00132524155338142
0.00203781146083439
0.00254043836186056
0.00323057520565603
0.00393875542636984
0.00407709257373906
0.00434750327097638
0.00483202051576776
0.00555417455328907
0
0
0
0
0
0
0
0
0
0
0
0
0
0
0
0
0
0
0
0
0
0
0
0
0
0
0
0
0
0
0
0
0
0
0
0
0
0
0
0
0
0
0
0
0
0
0
0
0
0
0
0
0
0
0
0
0
0
0
0
0
0
0
0
0
0
0
0
0
0
0
0
0
0
0
0
0
0
0
0
0
0
0
0
0
0
0
0
0
0
0
0
0
0
0
0
0
0
0
0
0
0
0
0
0
0
0
0
0
0
0
0
0
0
0
0.000896827318069846
0.00211693979670591
0.00342855562254693
0.00480890233654148
0.0063730072644948
0.00775326269033064
0.00873243078297124
0.00910002709672035
0.0093356438021588
0.00942933846273374
0.0098431526231558
0.0100793207412072
0.00971769525239441
0.00930043768360718
0.00880996430734874
0.00842207009217192
0.00773398068329239
0.00660087835543669
0.00512022448556302
0.00381315819376606
0.0031533761460625
0.00256656856019947
0.00149825221936984
0.000352939222530839
-6.83682015443312e-05
0.000148125542941699
0.000692602523167879
0.00127917416446807
0.00199857543338374
0.00249265114021493
0.00318530738066453
0.00383118508033687
0.00388414215786277
0.00414868841525075
0.00464239473582042
0.00545701276892405
0
0
0
0
0
0
0
0
0
0
0
0
0
0
0
0
0
0
0
0
0
0
0
0
0
0
0
0
0
0
0
0
0
0
0
0
0
0
0
0
0
0
0
0
0
0
0
0
0
0
0
0
0
0
0
0
0
0
0
0
0
0
0
0
0
0
0
0
0
0
0
0
0
0
0
0
0
0
0
0
0
0
0
0
0
0
0
0
0
0
0
0
0
0
0
0
0
0
0
0
0
0
0
0
0
0
0
0
0
0
0
0
0
0
0.000906484384731167
0.00213832329160715
0.00341404436521394
0.00463972006582685
0.00583181096447076
0.00715665724726576
0.00827633377618838
0.00904419579239092
0.00925980608783438
0.0093756862302152
0.00933265064225823
0.00960610615640011
0.00973200816311668
0.00929841475570618
0.00882775924095077
0.00823010625091057
0.00769137503923422
0.00690623048492793
0.00580490893730764
0.00447912514324605
0.00327399261138241
0.00268750777543003
0.0022000791022418
0.00122345376342128
0.000239964633339436
-4.56918019156681e-05
0.00017634924345606
0.000664674836083045
0.00124246100728014
0.00196413983460851
0.00246236623948211
0.00312809935878952
0.00370689746154695
0.00370200502175001
0.00399416473706376
0.00454622229679477
0.00541771866808907
0
0
0
0
0
0
0
0
0
0
0
0
0
0
0
0
0
0
0
0
0
0
0
0
0
0
0
0
0
0
0
0
0
0
0
0
0
0
0
0
0
0
0
0
0
0
0
0
0
0
0
0
0
0
0
0
0
0
0
0
0
0
0
0
0
0
0
0
0
0
0
0
0
0
0
0
0
0
0
0
0
0
0
0
0
0
0
0
0
0
0
0
0
0
0
0
0
0
0
0
0
0
0
0
0
0
0
0
0
0
0
0
0
0.000907273261517463
0.00217489007859005
0.0034349218144209
0.00458680217686841
0.00559292520185466
0.00654043543672068
0.00760034467292224
0.00849637404480841
0.00910806205294228
0.00922631687274979
0.00922525979388443
0.00905264277150302
0.0092080876171599
0.00926545527565939
0.00881773994883925
0.00825381527096551
0.00753399900903797
0.00688571279811227
0.00606738361776798
0.0050041857544304
0.00380447909515321
0.00268716553025582
0.00224628596923983
0.00188071649187849
0.00105800081225443
0.00022345562451409
-1.83232006527035e-05
0.000202855962620961
0.000645123569922767
0.00122627864669655
0.00195333793385734
0.00241099141670488
0.00305442514884209
0.00357219804577877
0.00357603163369917
0.00396304874013947
0.0045420390959927
0.00538670139419595
0
0
0
0
0
0
0
0
0
0
0
0
0
0
0
0
0
0
0
0
0
0
0
0
0
0
0
0
0
0
0
0
0
0
0
0
0
0
0
0
0
0
0
0
0
0
0
0
0
0
0
0
0
0
0
0
0
0
0
0
0
0
0
0
0
0
0
0
0
0
0
0
0
0
0
0
0
0
0
0
0
0
0
0
0
0
0
0
0
0
0
0
0
0
0
0
0
0
0
0
0
0
0
0
0
0
0
0
0
0
0
0
0.000957000474809736
0.00220667695825869
0.00349464703970114
0.00458738477934348
0.00548574951736893
0.0062557217236839
0.00696648947473577
0.00780363748199972
0.00852305959794529
0.00899040976088939
0.00899889636558373
0.00889343804195883
0.00861017917568541
0.00870497872578057
0.0087511987506984
0.00826399506335404
0.00755869422405043
0.00675992559200754
0.00606615630201749
0.00522352064998493
0.00415293983003515
0.00307740980004676
0.00216044725019616
0.00190687239280284
0.00167372777344895
0.000990071266461515
0.000235245789551395
2.16316744947919e-05
0.000249124856621947
0.000659956721390219
0.00122372243629001
0.00191467796731758
0.0023483584466228
0.00297634792449208
0.00351670356300295
0.00357263618862916
0.00401144337408825
0.00452219457161091
0
0
0
0
0
0
0
0
0
0
0
0
0
0
0
0
0
0
0
0
0
0
0
0
0
0
0
0
0
0
0
0
0
0
0
0
0
0
0
0
0
0
0
0
0
0
0
0
0
0
0
0
0
0
0
0
0
0
0
0
0
0
0
0
0
0
0
0
0
0
0
0
0
0
0
0
0
0
0
0
0
0
0
0
0
0
0
0
0
0
0
0
0
0
0
0
0
0
0
0
0
0
0
0
0
0
0
0
0
0
0
0
0.000992157268588518
0.00226024219682549
0.00353346004418902
0.00463059475845277
0.00542961774986562
0.00611731629408396
0.00667279885750331
0.00720338793869981
0.00784989547047509
0.00838410837589547
0.00867876137195104
0.00862845012103574
0.00840666302850615
0.00808222931185672
0.00816451810608887
0.00815378719289854
0.0075739468053822
0.00676881028748647
0.00596112056641525
0.00520992797374223
0.00429747284461177
0.00322787620916226
0.00247081814325026
0.00181182757325929
0.00169827114428237
0.0015576396855767
0.000939255555341941
0.000259287784097772
0.000114334479906605
0.000332979022439795
0.000688341937133543
0.00118939418623127
0.00186855250430652
0.00227170239962772
0.00296413186484667
0.00356300446108785
0.00365958097145128
0.00398448661477715
0
0
0
0
0
0
0
0
0
0
0
0
0
0
0
0
0
0
0
0
0
0
0
0
0
0
0
0
0
0
0
0
0
0
0
0
0
0
0
0
0
0
0
0
0
0
0
0
0
0
0
0
0
0
0
0
0
0
0
0
0
0
0
0
0
0
0
0
0
0
0
0
0
0
0
0
0
0
0
0
0
0
0
0
0
0
0
0
0
0
0
0
0
0
0
0
0
0
0
0
0
0
0
0
0
0
0
0
0
0
0
0
0.000956632396497337
0.00226213651105837
0.00353635938760681
0.0046465761597668
0.00548596666049056
0.00602877855695626
0.00653009410803475
0.00692259098813012
0.00728175464086362
0.00771075172436967
0.00804653615198117
0.00825505019006385
0.00808673453739545
0.00786486851140399
0.0075303433999672
0.00752312445244008
0.00739447844243066
0.00678588381428929
0.00594260123142366
0.00515843771589199
0.00437858602050774
0.00345844143132714
0.00255845824761421
0.00207221595961195
0.00160110754540139
0.00155971330753847
0.00141708567712931
0.000882722928644695
0.000351173752312554
0.000246208189050989
0.000401958212916805
0.000658020303706666
0.00113393692643775
0.00178681147574274
0.00225426907553025
0.00302857251032733
0.00367535299555957
0.00362763870506349
0
0
0
0
0
0
0
0
0
0
0
0
0
0
0
0
0
0
0
0
0
0
0
0
0
0
0
0
0
0
0
0
0
0
0
0
0
0
0
0
0
0
0
0
0
0
0
0
0
0
0
0
0
0
0
0
0
0
0
0
0
0
0
0
0
0
0
0
0
0
0
0
0
0
0
0
0
0
0
0
0
0
0
0
0
0
0
0
0
0
0
0
0
0
0
0
0
0
0
0
0
0
0
0
0
0
0
0
0
0
0
0
0.000976507586554898
0.00225536570957137
0.00353009346792773
0.00462219126148581
0.0054890236413083
0.00608394239837867
0.00641535909993524
0.00677503906400694
0.00701997001101577
0.00720108026907951
0.00736690786333366
0.00756904037542234
0.00764582812645259
0.00749874567104996
0.00728501188998428
0.00689368378483119
0.0067648444349153
0.00655783304737026
0.00595467930800365
0.00514748790341165
0.00441874597868317
0.00364391847653111
0.0027923236737911
0.00206813363131416
0.00186802588860744
0.00148482989905382
0.00143262127476287
0.00127518078629781
0.000879036942737493
0.000490564584645038
0.000335967329267591
0.000377753585462206
0.000593918273177165
0.00107820785414355
0.00176298952116363
0.00228791977392622
0.00312796549670072
0
0
0
0
0
0
0
0
0
0
0
0
0
0
0
0
0
0
0
0
0
0
0
0
0
0
0
0
0
0
0
0
0
0
0
0
0
0
0
0
0
0
0
0
0
0
0
0
0
0
0
0
0
0
0
0
0
0
0
0
0
0
0
0
0
0
0
0
0
0
0
0
0
0
0
0
0
0
0
0
0
0
0
0
0
0
0
0
0
0
0
0
0
0
0
0
0
0
0
0
0
0
0
0
0
0
0
0
0
0
0
0
0
0.00100373481827555
0.00233089232754103
0.00359073724402426
0.00462628225314562
0.00544009259566731
0.00604808516799601
0.00645633143777361
0.00665627254063274
0.00689103617596038
0.00697766318089956
0.00695434286089175
0.0069384272018515
0.00700507182791414
0.00703762843742364
0.0068633806269961
0.00661988686505404
0.00616845997725901
0.00595571151531924
0.00575601272243396
0.00522117306517334
0.00445909578173251
0.00377723655339228
0.00305705345075072
0.00234389348452846
0.00183124734773845
0.00176339735692065
0.00140054022194673
0.00131441080566984
0.00118339508848162
0.000907233701766687
0.000540952619322454
0.000273437700380492
0.000307239696678291
0.000545105912107773
0.00106069237688915
0
0
0
0
0
0
0
0
0
0
0
0
0
0
0
0
0
0
0
0
0
0
0
0
0
0
0
0
0
0
0
0
0
0
0
0
0
0
0
0
0
0
0
0
0
0
0
0
0
0
0
0
0
0
0
0
0
0
0
0
0
0
0
0
0
0
0
0
0
0
0
0
0
0
0
0
0
0
0
0
0
0
0
0
0
0
0
0
0
0
0
0
0
0
0
0
0
0
0
0
0
0
0
0
0
0
0
0
0
0
0
0
0
0
0
0.00103985686092024
0.00238781194495137
0.00372688164809426
0.00475834184333522
0.00547480900184969
0.0060033377754985
0.00638383552814888
0.00668682158404404
0.00678595823753645
0.00688024831931171
0.0067847862813658
0.00659732706986941
0.0064366327564419
0.00642511726373226
0.00639242184293868
0.00616839427385063
0.00589775846315185
0.00540366267148817
0.00521787809634476
0.00507235507462174
0.00459896424573368
0.00387116080141397
0.00324241130537349
0.00264285988171967
0.00209785247360103
0.00170495490286428
0.00166663857577013
0.00129659829989195
0.00120377000866051
0.00112964773892042
0.000860508370259122
0
0
0
0
0
0
0
0
0
0
0
0
0
0
0
0
0
0
0
0
0
0
0
0
0
0
0
0
0
0
0
0
0
0
0
0
0
0
0
0
0
0
0
0
0
0
0
0
0
0
0
0
0
0
0
0
0
0
0
0
0
0
0
0
0
0
0
0
0
0
0
0
0
0
0
0
0
0
0
0
0
0
0
0
0
0
0
0
0
0
0
0
0
0
0
0
0
0
0
0
0
0
0
0
0
0
0
0
0
0
0
0
0
0
0
0
0
0
0
0.00106161921296172
0.00246197559039179
0.00380667668495511
0.00493700347831955
0.0056424587960263
0.00603260254387577
0.00633298702800887
0.00657276916796426
0.00680277449382191
0.00680558212185284
0.00673498887357977
0.00648289789102253
0.00616019517650056
0.005912977861311
0.00581857177592249
0.00573122894164444
0.00547444410780432
0.00518751524599925
0.00475420224717189
0.00458817284796521
0.0044527088424861
0.00404387845077412
0.00336418921038279
0.00284121949801224
0.00238723425797768
0.0019629017890465
0.00161455771631547
0.00154754740852251
0.00121173171865513
0
0
0
0
0
0
0
0
0
0
0
0
0
0
0
0
0
0
0
0
0
0
0
0
0
0
0
0
0
0
0
0
0
0
0
0
0
0
0
0
0
0
0
0
0
0
0
0
0
0
0
0
0
0
0
0
0
0
0
0
0
0
0
0
0
0
0
0
0
0
0
0
0
0
0
0
0
0
0
0
0
0
0
0
0
0
0
0
0
0
0
0
0
0
0
0
0
0
0
0
0
0
0
0
0
0
0
0
0
0
0
0
0
0
0
0
0
0
0
0
0
0.00106925240373842
0.00251716912890343
0.00391742953751615
0.00505194621960892
0.00584562401324186
0.00621180314160521
0.00632522376903332
0.00646773829925855
0.00661128170963685
0.00680831270459121
0.00670000105787239
0.00649348332827932
0.00611735975743326
0.00571008018198369
0.00537792652629119
0.00523174488289664
0.00512309384846442
0.00481329366232929
0.00458775222851268
0.00419953056430414
0.00401614990073684
0.00388069594888355
0.0035240149686616
0.00296835843580339
0.00256780203244816
0
0
0
0
0
0
0
0
0
0
0
0
0
0
0
0
0
0
0
0
0
0
0
0
0
0
0
0
0
0
0
0
0
0
0
0
0
0
0
0
0
0
0
0
0
0
0
0
0
0
0
0
0
0
0
0
0
0
0
0
0
0
0
0
0
0
0
0
0
0
0
0
0
0
0
0
0
0
0
0
0
0
0
0
0
0
0
0
0
0
0
0
0
0
0
0
0
0
0
0
0
0
0
0
0
0
0
0
0
0
0
0
0
0
0
0
0
0
0
0
0
0
0
0
0
0.00104597427753603
0.00253655074148723
0.00399876614409146
0.00520591229931104
0.00600770714564599
0.00643638233901144
0.00652401235709714
0.00642613004536415
0.00646234788764045
0.00656129507781915
0.00670748341283421
0.00650337918304226
0.00618776169071811
0.00574376937553154
0.00527590133905851
0.00488347115415667
0.00468710692640768
0.00453526749871037
0.0042691308664791
0.00406957745904373
0.00369197803784659
0.00349931042334066
0.00335346525780294
0.00310836957048489
0
0
0
0
0
0
0
0
0
0
0
0
0
0
0
0
0
0
0
0
0
0
0
0
0
0
0
0
0
0
0
0
0
0
0
0
0
0
0
0
0
0
0
0
0
0
0
0
0
0
0
0
0
0
0
0
0
0
0
0
0
0
0
0
0
0
0
0
0
0
0
0
0
0
0
0
0
0
0
0
0
0
0
0
0
0
0
0
0
0
0
0
0
0
0
0
0
0
0
0
0
0
0
0
0
0
0
0
0
0
0
0
0
0
0
0
0
0
0
0
0
0
0
0
0
0
0.000990985853118458
0.00243588482611226
0.00398607130219911
0.00529270165085755
0.0062007591654029
0.00664789718891157
0.00675836484420944
0.00662221143563831
0.00638473558016905
0.00637205505732521
0.00641712961950599
0.00652277502536164
0.00624804164187601
0.0058926218996411
0.00540248226170783
0.00488475858805051
0.00443407619612218
0.00422154871194065
0.00409727273243033
0.00383016666733697
0.00363398993295434
0.00327025691027042
0
0
0
0
0
0
0
0
0
0
0
0
0
0
0
0
0
0
0
0
0
0
0
0
0
0
0
0
0
0
0
0
0
0
0
0
0
0
0
0
0
0
0
0
0
0
0
0
0
0
0
0
0
0
0
0
0
0
0
0
0
0
0
0
0
0
0
0
0
0
0
0
0
0
0
0
0
0
0
0
0
0
0
0
0
0
0
0
0
0
0
0
0
0
0
0
0
0
0
0
0
0
0
0
0
0
0
0
0
0
0
0
0
0
0
0
0
0
0
0
0
0
0
0
0
0
0
0
0.000922635443362979
0.0023012788523363
0.00379068653784867
0.00522234844641508
0.00629004297521139
0.00687111050685475
0.00699321877814386
0.0068578530985171
0.00657806484651163
0.00627807794358448
0.00621182577898659
0.00620769235324059
0.00630661025722203
0.00602520335963796
0.00564263454261186
0.00509983265745091
0.00454367201845872
0.00407010091191123
0.00387111023591897
0.00374392738114859
0.00347883777354569
0.00328145470102738
0
0
0
0
0
0
0
0
0
0
0
0
0
0
0
0
0
0
0
0
0
0
0
0
0
0
0
0
0
0
0
0
0
0
0
0
0
0
0
0
0
0
0
0
0
0
0
0
0
0
0
0
0
0
0
0
0
0
0
0
0
0
0
0
0
0
0
0
0
0
0
0
0
0
0
0
0
0
0
0
0
0
0
0
0
0
0
0
0
0
0
0
0
0
0
0
0
0
0
0
0
0
0
0
0
0
0
0
0
0
0
0
0
0
0
0
0
0
0
0
0
0
0
0
0
0
0
0
0.000860714925208764
0.002154810566231
0.00360646732403416
0.00494877355012902
0.00616189095348829
0.00695428402595308
0.00721234140767741
0.00708727069971576
0.00680370225167446
0.00644287923474533
0.00610177506393865
0.00600604107923139
0.00598978602883854
0.00614161617366807
0.0058654717453021
0.0054185388156184
0.0048273922239824
0.00425888505807645
0.00378425903636582
0.00358653967939428
0.00345484354517343
0.00319185253695994
0
0
0
0
0
0
0
0
0
0
0
0
0
0
0
0
0
0
0
0
0
0
0
0
0
0
0
0
0
0
0
0
0
0
0
0
0
0
0
0
0
0
0
0
0
0
0
0
0
0
0
0
0
0
0
0
0
0
0
0
0
0
0
0
0
0
0
0
0
0
0
0
0
0
0
0
0
0
0
0
0
0
0
0
0
0
0
0
0
0
0
0
0
0
0
0
0
0
0
0
0
0
0
0
0
0
0
0
0
0
0
0
0
0
0
0
0
0
0
0
0
0
0
0
0
0
0
0
0.000832728797907086
0.00203989397850953
0.00341219883656455
0.00473863931155637
0.00583654067704979
0.00677166144943101
0.00724893097902748
0.00727079932042729
0.00701093961591561
0.00662665671930106
0.00623296621478372
0.00590281016213423
0.00581967876987438
0.00584921623281192
0.00604016726093339
0.00571030594291277
0.00519968697142968
0.00458326990969961
0.00402015944527367
0.00353951698698123
0.00334092652512908
0.00321020178851955
0.00296436402757931
0
0
0
0
0
0
0
0
0
0
0
0
0
0
0
0
0
0
0
0
0
0
0
0
0
0
0
0
0
0
0
0
0
0
0
0
0
0
0
0
0
0
0
0
0
0
0
0
0
0
0
0
0
0
0
0
0
0
0
0
0
0
0
0
0
0
0
0
0
0
0
0
0
0
0
0
0
0
0
0
0
0
0
0
0
0
0
0
0
0
0
0
0
0
0
0
0
0
0
0
0
0
0
0
0
0
0
0
0
0
0
0
0
0
0
0
0
0
0
0
0
0
0
0
0
0
0
0.000784481115776801
0.00196929918971562
0.00327119854468137
0.00452367775113303
0.00560176244234236
0.00641490808884419
0.00703398644103954
0.00724988134442668
0.00716642429244338
0.00682609590073392
0.00637477628770368
0.00602227301028318
0.00574865557237861
0.00569454017932584
0.00577779214453315
0.00592792887818149
0.00553383419888133
0.0049837783531294
0.00436082329445303
0.00380950251374151
0.00331673239590596
0.00312499978942579
0.00300349185181143
0.00280173868904284
0
0
0
0
0
0
0
0
0
0
0
0
0
0
0
0
0
0
0
0
0
0
0
0
0
0
0
0
0
0
0
0
0
0
0
0
0
0
0
0
0
0
0
0
0
0
0
0
0
0
0
0
0
0
0
0
0
0
0
0
0
0
0
0
0
0
0
0
0
0
0
0
0
0
0
0
0
0
0
0
0
0
0
0
0
0
0
0
0
0
0
0
0
0
0
0
0
0
0
0
0
0
0
0
0
0
0
0
0
0
0
0
0
0
0
0
0
0
0
0
0
0
0
0
0
0
0.000754504427481815
0.00181941059848464
0.00314869229982435
0.00437709117792625
0.00536003225272014
0.00615770012087789
0.00668270037867729
0.00705736271936623
0.00713512927427307
0.00698012829010812
0.00658196605879365
0.00612900620875786
0.00584903295256103
0.00562142679786398
0.00561810276663861
0.00566477857415253
0.00576057992329485
0.00533349256636711
0.00476844172940026
0.00415127510316823
0.00360562652281913
0.00310896635802994
0.00294299747371109
0.00286018546197603
0
0
0
0
0
0
0
0
0
0
0
0
0
0
0
0
0
0
0
0
0
0
0
0
0
0
0
0
0
0
0
0
0
0
0
0
0
0
0
0
0
0
0
0
0
0
0
0
0
0
0
0
0
0
0
0
0
0
0
0
0
0
0
0
0
0
0
0
0
0
0
0
0
0
0
0
0
0
0
0
0
0
0
0
0
0
0
0
0
0
0
0
0
0
0
0
0
0
0
0
0
0
0
0
0
0
0
0
0
0
0
0
0
0
0
0
0
0
0
0
0
0
0
0
0
0
0.000731257900722518
0.00176414312884918
0.00294927514836822
0.00421374691136072
0.00518660728813698
0.00586880391983213
0.00641119529521373
0.00673280633976369
0.00696218467957076
0.00696739221684175
0.00673847251359413
0.00633179846199997
0.00594706487388526
0.00572794262184419
0.00556333347078721
0.00552515254990662
0.00550059097174646
0.00554679569749997
0.00511282431240158
0.00455650891929145
0.00394684888536347
0.00342241493982487
0.00295119451877717
0.002818022010617
0
0
0
0
0
0
0
0
0
0
0
0
0
0
0
0
0
0
0
0
0
0
0
0
0
0
0
0
0
0
0
0
0
0
0
0
0
0
0
0
0
0
0
0
0
0
0
0
0
0
0
0
0
0
0
0
0
0
0
0
0
0
0
0
0
0
0
0
0
0
0
0
0
0
0
0
0
0
0
0
0
0
0
0
0
0
0
0
0
0
0
0
0
0
0
0
0
0
0
0
0
0
0
0
0
0
0
0
0
0
0
0
0
0
0
0
0
0
0
0
0
0
0
0
0
0
0.000699874669067867
0.00169308445746272
0.00282119943777108
0.00392821728383053
0.00495582209854268
0.00564447347418106
0.00607654991068162
0.00642817452168583
0.00663306879985588
0.00678253754288735
0.00672297291775929
0.00646996412299469
0.00611705242551045
0.0057935124669551
0.00563286580615821
0.00548181259504728
0.00538910064178277
0.00529295631796976
0.00531591463010327
0.00489356425651646
0.00434845028432193
0.00376846361887712
0.00327639814117958
0
0
0
0
0
0
0
0
0
0
0
0
0
0
0
0
0
0
0
0
0
0
0
0
0
0
0
0
0
0
0
0
0
0
0
0
0
0
0
0
0
0
0
0
0
0
0
0
0
0
0
0
0
0
0
0
0
0
0
0
0
0
0
0
0
0
0
0
0
0
0
0
0
0
0
0
0
0
0
0
0
0
0
0
0
0
0
0
0
0
0
0
0
0
0
0
0
0
0
0
0
0
0
0
0
0
0
0
0
0
0
0
0
0
0
0
0
0
0
0
0
0
0
0
0
0
0
0.000671411671934494
0.0016168529102941
0.00266662920360484
0.00371501604049214
0.00459910906417359
0.00532540173619788
0.00580217631937734
0.00603299015471552
0.00627253789625547
0.00642176111597257
0.00652939959868129
0.0064430414366182
0.00622719901661446
0.00592689837876397
0.00566581694318643
0.00551551524285993
0.00534474029210988
0.00519092358336682
0.00506235453697007
0.00508142369044585
0.00467382013171383
0.00416441561437326
0
0
0
0
0
0
0
0
0
0
0
0
0
0
0
0
0
0
0
0
0
0
0
0
0
0
0
0
0
0
0
0
0
0
0
0
0
0
0
0
0
0
0
0
0
0
0
0
0
0
0
0
0
0
0
0
0
0
0
0
0
0
0
0
0
0
0
0
0
0
0
0
0
0
0
0
0
0
0
0
0
0
0
0
0
0
0
0
0
0
0
0
0
0
0
0
0
0
0
0
0
0
0
0
0
0
0
0
0
0
0
0
0
0
0
0
0
0
0
0
0
0
0
0
0
0
0
0
0.000643101490903538
0.00153857406697015
0.00252391692349149
0.00348283393415699
0.00431257923680313
0.00492284997797266
0.00543845368290149
0.00569347469549574
0.00580481167138337
0.00599707638456795
0.00614409936022181
0.00624582157590876
0.00618555895484578
0.00600291179260966
0.00574997103808764
0.00552113511348481
0.00535056408207412
0.00513752534283314
0.00497453705207219
0.00484613790321176
0.0048616016559056
0
0
0
0
0
0
0
0
0
0
0
0
0
0
0
0
0
0
0
0
0
0
0
0
0
0
0
0
0
0
0
0
0
0
0
0
0
0
0
0
0
0
0
0
0
0
0
0
0
0
0
0
0
0
0
0
0
0
0
0
0
0
0
0
0
0
0
0
0
0
0
0
0
0
0
0
0
0
0
0
0
0
0
0
0
0
0
0
0
0
0
0
0
0
0
0
0
0
0
0
0
0
0
0
0
0
0
0
0
0
0
0
0
0
0
0
0
0
0
0
0
0
0
0
0
0
0
0
0
0.000614740817654232
0.0014725843208028
0.0023937390416442
0.00326362063740865
0.00402627464808653
0.00460989511309631
0.00505922856767621
0.00529601846098703
0.00539359823690118
0.0054702471712704
0.00566834080463688
0.00585119026333267
0.00597366045230312
0.00593473909758218
0.0057842469719076
0.00556138861108239
0.00533204848457168
0.00514685148839625
0.00495411952100325
0
0
0
0
0
0
0
0
0
0
0
0
0
0
0
0
0
0
0
0
0
0
0
0
0
0
0
0
0
0
0
0
0
0
0
0
0
0
0
0
0
0
0
0
0
0
0
0
0
0
0
0
0
0
0
0
0
0
0
0
0
0
0
0
0
0
0
0
0
0
0
0
0
0
0
0
0
0
0
0
0
0
0
0
0
0
0
0
0
0
0
0
0
0
0
0
0
0
0
0
0
0
0
0
0
0
0
0
0
0
0
0
0
0
0
0
0
0
0
0
0
0
0
0
0
0
0
0
0
0
0
0.000589304669346059
0.00139767635213189
0.0022520593437815
0.00304339131758669
0.00372465972585588
0.00426194674299952
0.00467818718717592
0.00491734273460371
0.00500571276414235
0.00500189246608009
0.00511025405947084
0.0053523466138207
0.00557037777195202
0.00570283854084481
0.00569164290542102
0.00556304020450493
0.00535582606807017
0.00513781179765172
0
0
0
0
0
0
0
0
0
0
0
0
0
0
0
0
0
0
0
0
0
0
0
0
0
0
0
0
0
0
0
0
0
0
0
0
0
0
0
0
0
0
0
0
0
0
0
0
0
0
0
0
0
0
0
0
0
0
0
0
0
0
0
0
0
0
0
0
0
0
0
0
0
0
0
0
0
0
0
0
0
0
0
0
0
0
0
0
0
0
0
0
0
0
0
0
0
0
0
0
0
0
0
0
0
0
0
0
0
0
0
0
0
0
0
0
0
0
0
0
0
0
0
0
0
0
0
0
0
0
0
0
0.000535573839966573
0.00132787653760938
0.00209531556506212
0.00282344382045148
0.00343309365971441
0.0039111308863156
0.00428494732412216
0.00455267033798509
0.00468004872567626
0.00461587636389739
0.00461905616317589
0.00480124530633217
0.00507240186501588
0.00532055142599367
0.0054567267179054
0.00546673192946329
0
0
0
0
0
0
0
0
0
0
0
0
0
0
0
0
0
0
0
0
0
0
0
0
0
0
0
0
0
0
0
0
0
0
0
0
0
0
0
0
0
0
0
0
0
0
0
0
0
0
0
0
0
0
0
0
0
0
0
0
0
0
0
0
0
0
0
0
0
0
0
0
0
0
0
0
0
0
0
0
0
0
0
0
0
0
0
0
0
0
0
0
0
0
0
0
0
0
0
0
0
0
0
0
0
0
0
0
0
0
0
0
0
0
0
0
0
0
0
0
0
0
0
0
0
0
0
0
0
0
0
0
0
0
0.000509733528328118
0.00120747395098309
0.00194075887929403
0.00257947164041111
0.00313981465696085
0.00356136215533241
0.00389899924816772
0.00415324475135481
0.0043391551892534
0.00434938195011202
0.00429588186297469
0.00433982098328638
0
0
0
0
0
0
0
0
0
0
0
0
0
0
0
0
0
0
0
0
0
0
0
0
0
0
0
0
0
0
0
0
0
0
0
0
0
0
0
0
0
0
0
0
0
0
0
0
0
0
0
0
0
0
0
0
0
0
0
0
0
0
0
0
0
0
0
0
0
0
0
0
0
0
0
0
0
0
0
0
0
0
0
0
0
0
0
0
0
0
0
0
0
0
0
0
0
0
0
0
0
0
0
0
0
0
0
0
0
0
0
0
0
0
0
0
0
0
0
0
0
0
0
0
0
0
0
0
0
0
0
0
0
0
0
0
0
0
0.000475099803224871
0.00111428142976118
0.00168860896712252
0.00234469871220109
0.00280762820896092
0
0
0
0
0
0
0
0
0
0
0
0
0
0
0
0
0
0
0
0
0
0
0
0
0
0
0
0
0
0
0
0
0
0
0
0
0
0
0
0
0
0
0
0
0
0
0
0
0
0
0
0
0
0
0
0
0
0
0
0
0
0
0
0
0
0
0
0
0
0
0
0
0
0
0
0
0
0
0
0
0
0
0
0
0
0
0
0
0
0
0
0
0
0
0
0
0
0
0
0
0
0
0
0
0
0
0
0
0
0
0
0
0
0
0
0
0
0
0
0
0
0
0
0
0
0
0
0
0
0
0
0
0
0
0
0
0
0
0
0
0
0
0
0
0
0
0
0
0
0
0
0
0
0
0
0
0
0
0
0
0
0
0
0
0
0
0
0
0
0
0
0
0
0
0
0
0
0
0
0
0
0
0
0
0
0
0
0
0
0
0
0
0
0
0
0
0
0
0
0
0
0
0
0
0
0
0
0
0
0
0
0
0
0
0
0
0
0
0
0
0
0
0
0
0
0
0
0
0
0
0
0
0
0
0
0
0
0
0
0
0
0
0
0
0
0
0
0
0
0
0
0
0
0
0
0
0
0
0
0
0
0
0
0
0
0
0
0
0
0
0
0
0
0
0
0
0
0
0
0
0
0
0
0
0
0
0
0
0
0
0
0
0
0
0
0
0
0
0
0
0
0
0
0
0
0
0
0
0
0
0
0
0
0
0
0
0
0
0
0
0
0
0
0
0
0
0
0
0
0
0
0
0
0
0
0
0
0
0
0
0
0
0
0
0
0
0
0
0
0
0
0
0
0
0
0
0
0
0
0
0
0
0
0
0
0
0
0
0
0
0
0
0
0
0
0
0
0
0
0
0
0
0
0
0
0
0
0
0
0
0
0
0
0
0
0
0
0
0
0
0
0
0
0
0
0
0
0
0
0
0
0
0
0
0
0
0
0
0
0
0
0
0
0
0
0
0
0
0
0
0
0
0
0
0
0
0
0
0
0
0
0
0
0
0
0
0
0
0
0
0
0
0
0
0
0
0
0
0
0
0
0
0
0
0
0
0
0
0
0
0
0
0
0
0
0
0
0
0
0
0
0
0
0
0
0
0
0
0
0
0
0
0
0
0
0
0
0
0
0
0
0
0
0
0
0
0
0
0
0
0
0
0
0
0
0
0
0
0
0
0
0
0
0
0
0
0
0
0
0
0
0
0
0
0
0
0
0
0
0
0
0
0
0
0
0
0
0
0
0
0
0
0
0
0
0
0
0
0
0
0
0
0
0
0
0
0
0
0
0
0
0
0
0
0
0
0
0
0
0
0
0
0
0
0
0
0
0
0
0
0
0
0
0
0
0
0
0
0
0
0
0
0
0
0
0
0
0
0
0
0
0
0
0
0
0
0
0
0
0
0
0
0
0
0
0
0
0
0
0
0
0
0
0
0
0
0
0
0
0
0
0
0
0
0
0
0
0
0
0
0
0
0
0
0
0
0
0
0
0
0
0
0
0
0
0
0
0
0
0
0
0
0
0
0
0
0
0
0
0
0
0
0
0
0
0
0
0
0
0
0
0
0
0
0
0
0
0
0
0
0
0
0
0
0
0
0
0
0
0
0
0
0
0
0
0
0
0
0
0
0
0
0
0
0
0
0
0
0
0
0
0
0
0
0
0
0
0
0
0
0
0
0
0
0
0
0
0
0
0
0
0
0
0
0
0
0
0
0
0
0
0
0
0
0
0
0
0
0
0
0
0
0
0
0
0
0
0
0
0
0
0
0
0
0
0
0
0
0
0
0
0
0
0
0
0
0
0
0
0
0
0
0
0
0
0
0
0
0
0
0
0
0
0
0
0
0
0
0
0
0
0
0
0
0
0
0
0
0
0
0
0
0
0
0
0
0
0
0
0
0
0
0
0
0
0
0
0
0
0
0
0
0
0
0
0
0
0
0
0
0
0
0
0
0
0
0
0
0
0
0
0
0
0
0
0
0
0
0
0
0
0
0
0
0
0
0
0
0
0
0
0
0
0
0
0
0
0
0
0
0
0
0
0
0
0
0
0
0
0
0
0
0
0
0
0
0
0
0
0
0
0
0
0
0
0
0
0
0
0
0
0
0
0
0
0
0
0
0
0
0
0
0
0
0
0
0
0
0
0
0
0
0
0
0
0
0
0
0
0
0
0
0
0
0
0
0
0
0
0
0
0
0
0
0
0
0
0
0
0
0
0
0
0
0
0
0
0
0
0
0
0
0
0
0
0
0
0
0
0
0
0
0
0
0
0
0
0
0
0
0
0
0
0
0
0
0
0
0
0
0
0
0
0
0
0
0
0
0
0
0
0
0
0
0
0
0
0
0
0
0
0
0
0
0
0
0
0
0
0
0
0
0
0
0
0
0
0
0
0
0
0
0
0
0
0
0
0
0
0
0
0
0
0
0
0
0
0
0
0
0
0
0
0
0
0
0
0
0
0
0
0
0
0
0
0
0
0
0
0
0
0
0
0
0
0
0
0
0
0
0
0
0
0
0
0
0
0
0
0
0
0
0
0
0
0
0
0
0
0
0
0
0
0
0
0
0
0
0
0
0
0
0
0
0
0
0
0
0
0
0
0
0
0
0
0
0
0
0
0
0
0
0
0
0
0
0
0
0
0
0
0
0
0
0
0
0
0
0
0
0
0
0
0
0
0
0
0
0
0
0
0
0
0
0
0.000718707233210826
0
0
0
0
0
0
0
0
0
0
0
0
0
0
0
0
0
0
0
0
0
0
0
0
0
0
0
0
0
0
0
0
0
0
0
0
0
0
0
0
0
0
0
0
0
0
0
0
0
0
0
0
0
0
0
0
0
0
0
0
0
0
0
0
0
0
0
0
0
0
0
0
0
0
0
0
0
0
0
0
0
0
0
0
0
0
0
0
0
0
0
0
0
0
0
0
0
0
0
0
0
0
0
0
0
0
0
0
0
0
0
0
0
0
0
0
0
0
0
0
0
0
0
0
0
0
0
0
0
0
0
0
0
0
0
0
0
0
0
0
0
0
0
0
0
0
0
0
0
0.000697590950296197
0.00153910775983663
0
0
0
0
0
0
0
0
0
0
0
0
0
0
0
0
0
0
0
0
0
0
0
0
0
0
0
0
0
0
0
0
0
0
0
0
0
0
0
0
0
0
0
0
0
0
0
0
0
0
0
0
0
0
0
0
0
0
0
0
0
0
0
0
0
0
0
0
0
0
0
0
0
0
0
0
0
0
0
0
0
0
0
0
0
0
0
0
0
0
0
0
0
0
0
0
0
0
0
0
0
0
0
0
0
0
0
0
0
0
0
0
0
0
0
0
0
0
0
0
0
0
0
0
0
0
0
0
0
0
0
0
0
0
0
0
0
0
0
0
0
0
0
0
0
0
0
0
0.000707752006192703
0.00157058907263796
0.00232151521462206
0
0
0
0
0
0
0
0
0
0
0
0
0
0
0
0
0
0
0
0
0
0
0
0
0
0
0
0
0
0
0
0
0
0
0
0
0
0
0
0
0
0
0
0
0
0
0
0
0
0
0
0
0
0
0
0
0
0
0
0
0
0
0
0
0
0
0
0
0
0
0
0
0
0
0
0
0
0
0
0
0
0
0
0
0
0
0
0
0
0
0
0
0
0
0
0
0
0
0
0
0
0
0
0
0
0
0
0
0
0
0
0
0
0
0
0
0
0
0
0
0
0
0
0
0
0
0
0
0
0
0
0
0
0
0
0
0
0
0
0
0
0
0
0
0
0
0
0.000744816743788871
0.0016621769821723
0.00247441196273356
0.00305990113706902
0
0
0
0
0
0
0
0
0
0
0
0
0
0
0
0
0
0
0
0
0
0
0
0
0
0
0
0
0
0
0
0
0
0
0
0
0
0
0
0
0
0
0
0
0
0
0
0
0
0
0
0
0
0
0
0
0
0
0
0
0
0
0
0
0
0
0
0
0
0
0
0
0
0
0
0
0
0
0
0
0
0
0
0
0
0
0
0
0
0
0
0
0
0
0
0
0
0
0
0
0
0
0
0
0
0
0
0
0
0
0
0
0
0
0
0
0
0
0
0
0
0
0
0
0
0
0
0
0
0
0
0
0
0
0
0
0
0
0
0
0
0
0
0
0
0
0.000800391923443773
0.00178666459313763
0.00267514522526388
0.00333918122855483
0.00370888607481352
0
0
0
0
0
0
0
0
0
0
0
0
0
0
0
0
0
0
0
0
0
0
0
0
0
0
0
0
0
0
0
0
0
0
0
0
0
0
0
0
0
0
0
0
0
0
0
0
0
0
0
0
0
0
0
0
0
0
0
0
0
0
0
0
0
0
0
0
0
0
0
0
0
0
0
0
0
0
0
0
0
0
0
0
0
0
0
0
0
0
0
0
0
0
0
0
0
0
0
0
0
0
0
0
0
0
0
0
0
0
0
0
0
0
0
0
0
0
0
0
0
0
0
0
0
0
0
0
0
0
0
0
0
0
0
0
0
0
0
0
0
0
0
0
0
0.000861014460965249
0.0019392618447205
0.0029098569166103
0.00367263220033853
0.0041784052833244
0.00435788644637431
0.00395210063227407
0
0
0
0
0
0
0
0
0
0
0
0
0
0
0
0
0
0
0
0
0
0
0
0
0
0
0
0
0
0
0
0
0
0
0
0
0
0
0
0
0
0
0
0
0
0
0
0
0
0
0
0
0
0
0
0
0
0
0
0
0
0
0
0
0
0
0
0
0
0
0
0
0
0
0
0
0
0
0
0
0
0
0
0
0
0
0
0
0
0
0
0
0
0
0
0
0
0
0
0
0
0
0
0
0
0
0
0
0
0
0
0
0
0
0
0
0
0
0
0
0
0
0
0
0
0
0
0
0
0
0
0
0
0
0
0
0
0
0
0
0
0
0
0.000958370245112549
0.00210978960361264
0.00318680016577462
0.00402466547997709
0.00461258396366192
0.00493706625732922
0.00488789401464401
0.00418874963904326
0
0
0
0
0
0
0
0
0
0
0
0
0
0
0
0
0
0
0
0
0
0
0
0
0
0
0
0
0
0
0
0
0
0
0
0
0
0
0
0
0
0
0
0
0
0
0
0
0
0
0
0
0
0
0
0
0
0
0
0
0
0
0
0
0
0
0
0
0
0
0
0
0
0
0
0
0
0
0
0
0
0
0
0
0
0
0
0
0
0
0
0
0
0
0
0
0
0
0
0
0
0
0
0
0
0
0
0
0
0
0
0
0
0
0
0
0
0
0
0
0
0
0
0
0
0
0
0
0
0
0
0
0
0
0
0
0
0
0
0
0
0
0.00102803126531023
0.0023064679598282
0.00347981131485037
0.00441934794530085
0.00504998446679931
0.00541540224243597
0.00553954344671834
0.00528370964658001
0.00437857085776092
0
0
0
0
0
0
0
0
0
0
0
0
0
0
0
0
0
0
0
0
0
0
0
0
0
0
0
0
0
0
0
0
0
0
0
0
0
0
0
0
0
0
0
0
0
0
0
0
0
0
0
0
0
0
0
0
0
0
0
0
0
0
0
0
0
0
0
0
0
0
0
0
0
0
0
0
0
0
0
0
0
0
0
0
0
0
0
0
0
0
0
0
0
0
0
0
0
0
0
0
0
0
0
0
0
0
0
0
0
0
0
0
0
0
0
0
0
0
0
0
0
0
0
0
0
0
0
0
0
0
0
0
0
0
0
0
0
0
0
0
0
0.000959904711815282
0.00236081059511517
0.00371057009988079
0.00479099442337673
0.00550076503228731
0.0058791329522486
0.00602616203670536
0.00598625907447311
0.00561142424148028
0.00460828179602555
0
0
0
0
0
0
0
0
0
0
0
0
0
0
0
0
0
0
0
0
0
0
0
0
0
0
0
0
0
0
0
0
0
0
0
0
0
0
0
0
0
0
0
0
0
0
0
0
0
0
0
0
0
0
0
0
0
0
0
0
0
0
0
0
0
0
0
0
0
0
0
0
0
0
0
0
0
0
0
0
0
0
0
0
0
0
0
0
0
0
0
0
0
0
0
0
0
0
0
0
0
0
0
0
0
0
0
0
0
0
0
0
0
0
0
0
0
0
0
0
0
0
0
0
0
0
0
0
0
0
0
0
0
0
0
0
0
0
0
0
0.000897607217101323
0.00221437619881165
0.00371145945788988
0.00499138631974323
0.00588840275863894
0.00631974950715807
0.00647463572868905
0.00645888753832004
0.00633721178790906
0.00593917213241251
0.00485753425853383
0
0
0
0
0
0
0
0
0
0
0
0
0
0
0
0
0
0
0
0
0
0
0
0
0
0
0
0
0
0
0
0
0
0
0
0
0
0
0
0
0
0
0
0
0
0
0
0
0
0
0
0
0
0
0
0
0
0
0
0
0
0
0
0
0
0
0
0
0
0
0
0
0
0
0
0
0
0
0
0
0
0
0
0
0
0
0
0
0
0
0
0
0
0
0
0
0
0
0
0
0
0
0
0
0
0
0
0
0
0
0
0
0
0
0
0
0
0
0
0
0
0
0
0
0
0
0
0
0
0
0
0
0
0
0
0
0
0
0
0.000853628185560495
0.00212195820505917
0.00352615968798994
0.00496307656773144
0.00604415399848959
0.00666121231174091
0.00686860261920648
0.00686242481536405
0.00676615014600404
0.00666936547844156
0.00628731211000307
0.00504442208871471
0
0
0
0
0
0
0
0
0
0
0
0
0
0
0
0
0
0
0
0
0
0
0
0
0
0
0
0
0
0
0
0
0
0
0
0
0
0
0
0
0
0
0
0
0
0
0
0
0
0
0
0
0
0
0
0
0
0
0
0
0
0
0
0
0
0
0
0
0
0
0
0
0
0
0
0
0
0
0
0
0
0
0
0
0
0
0
0
0
0
0
0
0
0
0
0
0
0
0
0
0
0
0
0
0
0
0
0
0
0
0
0
0
0
0
0
0
0
0
0
0
0
0
0
0
0
0
0
0
0
0
0
0
0
0
0
0
0
0.000767854829410301
0.00202149782485864
0.00341386370965261
0.0047839970085968
0.0060337296678066
0.0068060667636465
0.00714056448280004
0.00719848234140683
0.00709418545897251
0.00699901320801854
0.00692207806208199
0.00646913228302542
0.00502740206659695
0
0
0
0
0
0
0
0
0
0
0
0
0
0
0
0
0
0
0
0
0
0
0
0
0
0
0
0
0
0
0
0
0
0
0
0
0
0
0
0
0
0
0
0
0
0
0
0
0
0
0
0
0
0
0
0
0
0
0
0
0
0
0
0
0
0
0
0
0
0
0
0
0
0
0
0
0
0
0
0
0
0
0
0
0
0
0
0
0
0
0
0
0
0
0
0
0
0
0
0
0
0
0
0
0
0
0
0
0
0
0
0
0
0
0
0
0
0
0
0
0
0
0
0
0
0
0
0
0
0
0
0
0
0
0
0
0
0.000777895162650343
0.00188509317100413
0.00326451663592063
0.00465919825440839
0.00587151013214052
0.00684635149915255
0.00731623372854397
0.00741458501676968
0.00736422358520351
0.00723110243098114
0.00712389196202532
0.0069965848871677
0.00641825878272365
0.00480073481804913
0
0
0
0
0
0
0
0
0
0
0
0
0
0
0
0
0
0
0
0
0
0
0
0
0
0
0
0
0
0
0
0
0
0
0
0
0
0
0
0
0
0
0
0
0
0
0
0
0
0
0
0
0
0
0
0
0
0
0
0
0
0
0
0
0
0
0
0
0
0
0
0
0
0
0
0
0
0
0
0
0
0
0
0
0
0
0
0
0
0
0
0
0
0
0
0
0
0
0
0
0
0
0
0
0
0
0
0
0
0
0
0
0
0
0
0
0
0
0
0
0
0
0
0
0
0
0
0
0
0
0
0
0
0
0
0
0.000813259722994143
0.00192801783100839
0.00314958000902644
0.00456231490105312
0.00578178087214096
0.0067283162601467
0.00742105562543848
0.00760280807449076
0.00750800931503071
0.00742623920712058
0.00723851943786833
0.00707121713671749
0.00683843160404704
0.006108664133327
0.00438799696642666
0
0
0
0
0
0
0
0
0
0
0
0
0
0
0
0
0
0
0
0
0
0
0
0
0
0
0
0
0
0
0
0
0
0
0
0
0
0
0
0
0
0
0
0
0
0
0
0
0
0
0
0
0
0
0
0
0
0
0
0
0
0
0
0
0
0
0
0
0
0
0
0
0
0
0
0
0
0
0
0
0
0
0
0
0
0
0
0
0
0
0
0
0
0
0
0
0
0
0
0
0
0
0
0
0
0
0
0
0
0
0
0
0
0
0
0
0
0
0
0
0
0
0
0
0
0
0
0
0
0
0
0
0
0
0
0.000885850629925737
0.00205762697932815
0.00333220469350994
0.00457960282677648
0.00575772309941617
0.00667347357382902
0.00734042214733376
0.00776027416596752
0.007703943044427
0.00750356037121777
0.0073473365680515
0.0070751986702474
0.00680177742898792
0.00639916275291963
0.00554784092186352
0.00393322815653237
0
0
0
0
0
0
0
0
0
0
0
0
0
0
0
0
0
0
0
0
0
0
0
0
0
0
0
0
0
0
0
0
0
0
0
0
0
0
0
0
0
0
0
0
0
0
0
0
0
0
0
0
0
0
0
0
0
0
0
0
0
0
0
0
0
0
0
0
0
0
0
0
0
0
0
0
0
0
0
0
0
0
0
0
0
0
0
0
0
0
0
0
0
0
0
0
0
0
0
0
0
0
0
0
0
0
0
0
0
0
0
0
0
0
0
0
0
0
0
0
0
0
0
0
0
0
0
0
0
0
0
0
0
0
0.000959160441151068
0.00222138138843382
0.00354039623951864
0.00480854634485547
0.00588216912599959
0.00672137630893443
0.00733063693805732
0.00770875493909677
0.00787711234251892
0.00765094156655473
0.00734752021601875
0.00708977870326373
0.00671912346202843
0.00630408364678674
0.0058042833232061
0.00499948782766938
0.00352462152516282
0
0
0
0
0
0
0
0
0
0
0
0
0
0
0
0
0
0
0
0
0
0
0
0
0
0
0
0
0
0
0
0
0
0
0
0
0
0
0
0
0
0
0
0
0
0
0
0
0
0
0
0
0
0
0
0
0
0
0
0
0
0
0
0
0
0
0
0
0
0
0
0
0
0
0
0
0
0
0
0
0
0
0
0
0
0
0
0
0
0
0
0
0
0
0
0
0
0
0
0
0
0
0
0
0
0
0
0
0
0
0
0
0
0
0
0
0
0
0
0
0
0
0
0
0
0
0
0
0
0
0
0
0
0.00104312183774013
0.00239659046648072
0.00379005295627107
0.0050539370544643
0.00613593043633905
0.0069502412500617
0.00750396731095304
0.00783966116336823
0.00790342571795084
0.00783117606571339
0.00743706090973299
0.00700269155789019
0.0066580102196761
0.00615556318283792
0.00567183501150849
0.00520425418235077
0.00448241162447747
0.00308863522121015
0
0
0
0
0
0
0
0
0
0
0
0
0
0
0
0
0
0
0
0
0
0
0
0
0
0
0
0
0
0
0
0
0
0
0
0
0
0
0
0
0
0
0
0
0
0
0
0
0
0
0
0
0
0
0
0
0
0
0
0
0
0
0
0
0
0
0
0
0
0
0
0
0
0
0
0
0
0
0
0
0
0
0
0
0
0
0
0
0
0
0
0
0
0
0
0
0
0
0
0
0
0
0
0
0
0
0
0
0
0
0
0
0
0
0
0
0
0
0
0
0
0
0
0
0
0
0
0
0
0
0
0
0.00110890955119262
0.00262421417616251
0.00408500410375781
0.00535557625754367
0.00639690986028532
0.00724190403131111
0.00787689826363886
0.00820298639105898
0.0082051362506431
0.00795167128884502
0.00766242653353224
0.00711027612919996
0.00653203985625666
0.00604377574570337
0.00546592350157219
0.00499901721161354
0.00456764795399412
0.0038683075175455
0.00257309275098066
0
0
0
0
0
0
0
0
0
0
0
0
0
0
0
0
0
0
0
0
0
0
0
0
0
0
0
0
0
0
0
0
0
0
0
0
0
0
0
0
0
0
0
0
0
0
0
0
0
0
0
0
0
0
0
0
0
0
0
0
0
0
0
0
0
0
0
0
0
0
0
0
0
0
0
0
0
0
0
0
0
0
0
0
0
0
0
0
0
0
0
0
0
0
0
0
0
0
0
0
0
0
0
0
0
0
0
0
0
0
0
0
0
0
0
0
0
0
0
0
0
0
0
0
0
0
0
0
0
0
0
0.00120061741024961
0.00282723257714279
0.00446784653841999
0.00571817878291243
0.00670538443181265
0.00751351384314468
0.00826353883000834
0.00878688914073496
0.00875000522065381
0.00841412385187772
0.00791747850254341
0.00745624291061272
0.00669691047889146
0.00588883296897282
0.00529905106003522
0.00471919201994681
0.00429398688921508
0.00386757080510005
0.00318813243241932
0.00205878648332603
0
0
0
0
0
0
0
0
0
0
0
0
0
0
0
0
0
0
0
0
0
0
0
0
0
0
0
0
0
0
0
0
0
0
0
0
0
0
0
0
0
0
0
0
0
0
0
0
0
0
0
0
0
0
0
0
0
0
0
0
0
0
0
0
0
0
0
0
0
0
0
0
0
0
0
0
0
0
0
0
0
0
0
0
0
0
0
0
0
0
0
0
0
0
0
0
0
0
0
0
0
0
0
0
0
0
0
0
0
0
0
0
0
0
0
0
0
0
0
0
0
0
0
0
0
0
0
0
0
0
0.00116047540670034
0.0029965162763868
0.00474273236008337
0.00617326924470259
0.00707524561896183
0.00778775441688658
0.00846984950809355
0.00915495458850649
0.0094723191763782
0.00910971584393599
0.00853826361792914
0.00790993497931449
0.00720158618091906
0.00613512717907241
0.00510890078626787
0.00449430486866274
0.00395653148057118
0.00354047629079293
0.00307536915146895
0.00241611361219746
0.00149831923974181
0
0
0
0
0
0
0
0
0
0
0
0
0
0
0
0
0
0
0
0
0
0
0
0
0
0
0
0
0
0
0
0
0
0
0
0
0
0
0
0
0
0
0
0
0
0
0
0
0
0
0
0
0
0
0
0
0
0
0
0
0
0
0
0
0
0
0
0
0
0
0
0
0
0
0
0
0
0
0
0
0
0
0
0
0
0
0
0
0
0
0
0
0
0
0
0
0
0
0
0
0
0
0
0
0
0
0
0
0
0
0
0
0
0
0
0
0
0
0
0
0
0
0
0
0
0
0
0
0
0.00107534018041021
0.00279564270479684
0.00482641299355784
0.00642656123293234
0.00754122179769013
0.00810317075732869
0.00867741888272163
0.00926331767472337
0.00978106754069952
0.0098728933853276
0.00934812861623523
0.00869201475598182
0.00781853037717706
0.00678635634785399
0.00545455606601106
0.0042846123387728
0.00372087909383283
0.00318841863299812
0.00277598183140903
0.00232483515181122
0.00174856704306415
0.000971461584519939
0.000446463978905258
0
0
0
0
0
0
0
0
0
0
0
0
0
0
0
0
0
0
0
0
0
0
0
0
0
0
0
0
0
0
0
0
0
0
0
0
0
0
0
0
0
0
0
0
0
0
0
0
0
0
0
0
0
0
0
0
0
0
0
0
0
0
0
0
0
0
0
0
0
0
0
0
0
0
0
0
0
0
0
0
0
0
0
0
0
0
0
0
0
0
0
0
0
0
0
0
0
0
0
0
0
0
0
0
0
0
0
0
0
0
0
0
0
0
0
0
0
0
0
0
0
0
0
0
0
0
0
0.00098115938677057
0.00253872335000895
0.00445398072966204
0.0064277865956433
0.00773488734216016
0.00851448479520304
0.0088876179419057
0.00937515881875854
0.00981158472554244
0.0101154955803766
0.0100427938802303
0.00952609692576008
0.00870554837303268
0.00758061640760129
0.00627724202196228
0.00475226249085974
0.00356671098754933
0.00297978205743044
0.0024528129692238
0.00203819878353289
0.00154502795937343
0.00100192382955888
0.000568190181096934
0.000322021467433833
0.000118369445067974
0
0
0
0
0
0
0
0
0
0
0
0
0
0
0
0
0
0
0
0
0
0
0
0
0
0
0
0
0
0
0
0
0
0
0
0
0
0
0
0
0
0
0
0
0
0
0
0
0
0
0
0
0
0
0
0
0
0
0
0
0
0
0
0
0
0
0
0
0
0
0
0
0
0
0
0
0
0
0
0
0
0
0
0
0
0
0
0
0
0
0
0
0
0
0
0
0
0
0
0
0
0
0
0
0
0
0
0
0
0
0
0
0
0
0
0
0
0
0
0
0
0
0
0
0
0.000851814322568845
0.00228534379610365
0.00400712939466114
0.00589097909220704
0.00760800096741218
0.00860151749140497
0.00918085310900758
0.00945090107870757
0.00982213776450751
0.0101005343160222
0.0102377937551456
0.0100976075746058
0.00950933734633781
0.00853491599779748
0.0071812120480598
0.00567596892531764
0.00409066100501032
0.00287242683390112
0.00227313868122054
0.00176328818727291
0.00135377717005034
0.000966164866969445
0.000725051821493791
0.000484050926239263
0.000310049293958908
0.000134277629219709
0.000666518549440306
0.000535694430689104
0
0
0
0
0
0
0
0
0
0
0
0
0
0
0
0
0
0
0
0
0
0
0
0
0
0
0
0
0
0
0
0
0
0
0
0
0
0
0
0
0
0
0
0
0
0
0
0
0
0
0
0
0
0
0
0
0
0
0
0
0
0
0
0
0
0
0
0
0
0
0
0
0
0
0
0
0
0
0
0
0
0
0
0
0
0
0
0
0
0
0
0
0
0
0
0
0
0
0
0
0
0
0
0
0
0
0
0
0
0
0
0
0
0
0
0
0
0
0
0
0
0
0.000815024932055306
0.00203752172825302
0.00359518590171093
0.00530920471195642
0.00697182063716533
0.00836340957125609
0.00913620862832524
0.00961941877149327
0.00978011984826875
0.0100395582431607
0.0101904867135581
0.0102141785478843
0.0099787230519262
0.00929498442928012
0.00818494073527633
0.00664648904291355
0.00504204191293984
0.00341391340035483
0.00218379524714611
0.00162094643282193
0.00114200875935652
0.0008446699264168
0.000693492217568362
0.000652834496508217
0.000475290527324491
0.000367130246259544
0.000200458755317309
0.000711425722981931
0.000570968516563118
0.000558732927027417
0.000471000719954098
0
0
0
0
0
0
0
0
0
0
0
0
0
0
0
0
0
0
0
0
0
0
0
0
0
0
0
0
0
0
0
0
0
0
0
0
0
0
0
0
0
0
0
0
0
0
0
0
0
0
0
0
0
0
0
0
0
0
0
0
0
0
0
0
0
0
0
0
0
0
0
0
0
0
0
0
0
0
0
0
0
0
0
0
0
0
0
0
0
0
0
0
0
0
0
0
0
0
0
0
0
0
0
0
0
0
0
0
0
0
0
0
0
0
0
0
0
0
0
0.000820720268561231
0.00194561702015913
0.00324298012482849
0.00480852108796268
0.00634899030777212
0.00770259489119366
0.00881432717305138
0.00947207016603397
0.00986984828737935
0.00992105096632164
0.0100826521164882
0.010117611905949
0.00999130055441302
0.00964739169520722
0.00890312312971907
0.00767171247491012
0.00602360497810024
0.00437788185680262
0.00274752992102424
0.00156860636146379
0.00104032857045973
0.000680987051300632
0.000564167913303461
0.000556378533732688
0.000609706528693071
0.000576648214276938
0.000525989242566461
0.000337545560624412
0.000755873753458706
0.000531323170658958
0.000525025627402205
0
0
0
0
0
0
0
0
0
0
0
0
0
0
0
0
0
0
0
0
0
0
0
0
0
0
0
0
0
0
0
0
0
0
0
0
0
0
0
0
0
0
0
0
0
0
0
0
0
0
0
0
0
0
0
0
0
0
0
0
0
0
0
0
0
0
0
0
0
0
0
0
0
0
0
0
0
0
0
0
0
0
0
0
0
0
0
0
0
0
0
0
0
0
0
0
0
0
0
0
0
0
0
0
0
0
0
0
0
0
0
0
0
0
0
0
0
0
0
0.000820125982384341
0.0019238017547041
0.00312905817906668
0.00441207146738719
0.0058180580680614
0.0070933369458271
0.00816036769661501
0.00912478328424546
0.0096985543351354
0.00997269617145509
0.00991915300912334
0.00996564663083548
0.00984845873292646
0.00958093475316198
0.00919161447238926
0.00839110211532374
0.00705961794952585
0.0053606388066362
0.00371731328592451
0.00214258029215284
0.00100799407078751
0.000595529497057083
0.000419915445528786
0.000456079223809451
0.000607959013464111
0.000858497203040854
0.000863151667808968
0.000740041461343618
0.000437095339585726
0
0
0
0
0
0
0
0
0
0
0
0
0
0
0
0
0
0
0
0
0
0
0
0
0
0
0
0
0
0
0
0
0
0
0
0
0
0
0
0
0
0
0
0
0
0
0
0
0
0
0
0
0
0
0
0
0
0
0
0
0
0
0
0
0
0
0
0
0
0
0
0
0
0
0
0
0
0
0
0
0
0
0
0
0
0
0
0
0
0
0
0
0
0
0
0
0
0
0
0
0
0
0
0
0
0
0
0
0
0
0
0
0
0
0
0
0
0
0
0
0
0.000809629643008852
0.00190576426479908
0.00309859277940103
0.00426733979128036
0.00538692935195824
0.00655079871041575
0.00758604651050222
0.00846452442787777
0.00933744261677795
0.00982168021668989
0.00997929254549363
0.00979118053889937
0.00967900624805579
0.00942368917247429
0.0091140142366549
0.00869395569430972
0.00776445814722644
0.00635871619744518
0.00466832306822694
0.00308486943726859
0.00159481504597309
0.000556131241873926
0.000356811258412571
0.000347569953453007
0.000531742534578547
0.000883667997021822
0.00125253083463529
0
0
0
0
0
0
0
0
0
0
0
0
0
0
0
0
0
0
0
0
0
0
0
0
0
0
0
0
0
0
0
0
0
0
0
0
0
0
0
0
0
0
0
0
0
0
0
0
0
0
0
0
0
0
0
0
0
0
0
0
0
0
0
0
0
0
0
0
0
0
0
0
0
0
0
0
0
0
0
0
0
0
0
0
0
0
0
0
0
0
0
0
0
0
0
0
0
0
0
0
0
0
0
0
0
0
0
0
0
0
0
0
0
0
0
0
0
0
0
0
0
0
0
0.000784523360003166
0.0019037725657934
0.00310374498535235
0.0042332438497676
0.00518721883970361
0.00607508716738259
0.00704149571281515
0.0079216779100806
0.00869085612352221
0.00947632312730446
0.00986318182955128
0.00988701793100387
0.00954116183767501
0.00929252043307839
0.00896885770249814
0.00862565109987562
0.00815195840804183
0.00711425820165871
0.00566047874367052
0.00400410300825826
0.00252771793366172
0.00117899607095357
0.000344037058376771
0.000324325081308851
0.000444400597880929
0.000738248008735411
0
0
0
0
0
0
0
0
0
0
0
0
0
0
0
0
0
0
0
0
0
0
0
0
0
0
0
0
0
0
0
0
0
0
0
0
0
0
0
0
0
0
0
0
0
0
0
0
0
0
0
0
0
0
0
0
0
0
0
0
0
0
0
0
0
0
0
0
0
0
0
0
0
0
0
0
0
0
0
0
0
0
0
0
0
0
0
0
0
0
0
0
0
0
0
0
0
0
0
0
0
0
0
0
0
0
0
0
0
0
0
0
0
0
0
0
0
0
0
0
0
0
0
0
0.000777639696540889
0.00186382459525214
0.00307829707285959
0.00422886184517941
0.00514840879009187
0.0058351406577331
0.00655105249868538
0.00738830876677535
0.00820140844327041
0.0088758786873715
0.00957245153400446
0.00980601384491807
0.00967247117866212
0.00920530581501093
0.00886382328291715
0.00848775799229186
0.0081082845979929
0.00758028241820318
0.00644062720887235
0.00498102158925223
0.00343221293092925
0.00211955397527506
0.000990325370560858
0.000358125150928871
0.000431481372100506
0
0
0
0
0
0
0
0
0
0
0
0
0
0
0
0
0
0
0
0
0
0
0
0
0
0
0
0
0
0
0
0
0
0
0
0
0
0
0
0
0
0
0
0
0
0
0
0
0
0
0
0
0
0
0
0
0
0
0
0
0
0
0
0
0
0
0
0
0
0
0
0
0
0
0
0
0
0
0
0
0
0
0
0
0
0
0
0
0
0
0
0
0
0
0
0
0
0
0
0
0
0
0
0
0
0
0
0
0
0
0
0
0
0
0
0
0
0
0
0
0
0
0
0
0
0.000815216671107824
0.00189456411252323
0.00300951184557722
0.00414395499540261
0.00510024979988412
0.00575916856263477
0.0062608510493176
0.00687078147631289
0.0077041108095445
0.00845670543890775
0.00900399137974744
0.00952411586772104
0.00958899474906672
0.00934034358811331
0.00880749917842746
0.00837214030499396
0.00793552138948144
0.00750937601666102
0.00692261745644861
0.00575726382309665
0.00437971553268258
0.00299213664144108
0.00189245452655022
0.000986842471354688
0.000472319416289964
0
0
0
0
0
0
0
0
0
0
0
0
0
0
0
0
0
0
0
0
0
0
0
0
0
0
0
0
0
0
0
0
0
0
0
0
0
0
0
0
0
0
0
0
0
0
0
0
0
0
0
0
0
0
0
0
0
0
0
0
0
0
0
0
0
0
0
0
0
0
0
0
0
0
0
0
0
0
0
0
0
0
0
0
0
0
0
0
0
0
0
0
0
0
0
0
0
0
0
0
0
0
0
0
0
0
0
0
0
0
0
0
0
0
0
0
0
0
0
0
0
0
0
0
0
0.000773928853932388
0.00191305726593056
0.00309105858463713
0.00404712583259032
0.00496580483869389
0.00565179211380156
0.00612235512804085
0.00657653337397754
0.00723391530897726
0.00803131398806795
0.00864485768007175
0.00897578094696884
0.00931201538046501
0.00925971873057713
0.00892043487058028
0.00831291410650436
0.00777809740228028
0.00728365722450198
0.00682717579809815
0.00625848661968119
0.00515423498997141
0.00390616914613743
0.00271305847264264
0.00182268898051707
0.00105999509991937
0
0
0
0
0
0
0
0
0
0
0
0
0
0
0
0
0
0
0
0
0
0
0
0
0
0
0
0
0
0
0
0
0
0
0
0
0
0
0
0
0
0
0
0
0
0
0
0
0
0
0
0
0
0
0
0
0
0
0
0
0
0
0
0
0
0
0
0
0
0
0
0
0
0
0
0
0
0
0
0
0
0
0
0
0
0
0
0
0
0
0
0
0
0
0
0
0
0
0
0
0
0
0
0
0
0
0
0
0
0
0
0
0
0
0
0
0
0
0
0
0
0
0
0
0
0.000721210700122775
0.00180386079187771
0.00300844205134249
0.0041948540215066
0.00487427358097509
0.00547486852866102
0.00592748202722763
0.00641442204806334
0.00694401757173282
0.00765515851450367
0.00828326092737112
0.00862363593092244
0.00874338556994496
0.00899792446104811
0.00883962029560619
0.00836544386661387
0.00768586784123183
0.00708898368329446
0.00656042800238004
0.00616131922404295
0.00567606983231821
0.00465913291767153
0.00355169339965308
0.00256381866033109
0.00182125301006134
0
0
0
0
0
0
0
0
0
0
0
0
0
0
0
0
0
0
0
0
0
0
0
0
0
0
0
0
0
0
0
0
0
0
0
0
0
0
0
0
0
0
0
0
0
0
0
0
0
0
0
0
0
0
0
0
0
0
0
0
0
0
0
0
0
0
0
0
0
0
0
0
0
0
0
0
0
0
0
0
0
0
0
0
0
0
0
0
0
0
0
0
0
0
0
0
0
0
0
0
0
0
0
0
0
0
0
0
0
0
0
0
0
0
0
0
0
0
0
0
0
0
0
0
0
0.000670159886088983
0.00170500716643286
0.00288910438453357
0.0040545846663091
0.00516306869223255
0.00539645044894721
0.00578081487840557
0.00620687791662854
0.00676728243026111
0.00733671283693065
0.00797831578542391
0.00825583687052453
0.00833790807844191
0.00837608170953646
0.00854924047795337
0.00822077259968667
0.00765571593418292
0.00698197292520883
0.0063594322025255
0.00586931864319655
0.00559073847892306
0.00520148163762808
0.00427226491145825
0.00330703388454379
0.00247495104117433
0.00175346950770446
0
0
0
0
0
0
0
0
0
0
0
0
0
0
0
0
0
0
0
0
0
0
0
0
0
0
0
0
0
0
0
0
0
0
0
0
0
0
0
0
0
0
0
0
0
0
0
0
0
0
0
0
0
0
0
0
0
0
0
0
0
0
0
0
0
0
0
0
0
0
0
0
0
0
0
0
0
0
0
0
0
0
0
0
0
0
0
0
0
0
0
0
0
0
0
0
0
0
0
0
0
0
0
0
0
0
0
0
0
0
0
0
0
0
0
0
0
0
0
0
0
0
0
0
0.000694480996369429
0.00162569679455817
0.00276584036214753
0.00396070515820569
0.00495022222161892
0.00574460667844546
0.00573810939570015
0.00615824588450748
0.00658479353752402
0.00712542119967847
0.00757633725564506
0.00792094715099588
0.00792503727839213
0.0079176960820104
0.00785778999301931
0.00784500475613503
0.00742685550105428
0.00690880750344833
0.00627083116538385
0.00568647219556827
0.00530186223538906
0.00514128221774092
0.00482324943431391
0.00398188832007356
0.00311163522844919
0.00229254644113692
0.00156310595733885
0
0
0
0
0
0
0
0
0
0
0
0
0
0
0
0
0
0
0
0
0
0
0
0
0
0
0
0
0
0
0
0
0
0
0
0
0
0
0
0
0
0
0
0
0
0
0
0
0
0
0
0
0
0
0
0
0
0
0
0
0
0
0
0
0
0
0
0
0
0
0
0
0
0
0
0
0
0
0
0
0
0
0
0
0
0
0
0
0
0
0
0
0
0
0
0
0
0
0
0
0
0
0
0
0
0
0
0
0
0
0
0
0
0
0
0
0
0
0
0
0
0
0
0.000772011127259727
0.00172579755896712
0.00267574903909671
0.00377647788118027
0.00488596335848317
0.00562099106208181
0.00613750592231381
0.00622763961712636
0.00662254415616237
0.00695338407858205
0.00734302828970705
0.00754567503019356
0.00754693009251455
0.00749837260382592
0.00735430783677959
0.0071387540460842
0.00703299180158116
0.00665011323798963
0.00620150322748685
0.00561510433161796
0.00513667694728877
0.00485920918624584
0.00478460009201052
0.00449146568320991
0.00370044609626838
0.00282917485173309
0.00199994063811194
0.00132807212422198
0
0
0
0
0
0
0
0
0
0
0
0
0
0
0
0
0
0
0
0
0
0
0
0
0
0
0
0
0
0
0
0
0
0
0
0
0
0
0
0
0
0
0
0
0
0
0
0
0
0
0
0
0
0
0
0
0
0
0
0
0
0
0
0
0
0
0
0
0
0
0
0
0
0
0
0
0
0
0
0
0
0
0
0
0
0
0
0
0
0
0
0
0
0
0
0
0
0
0
0
0
0
0
0
0
0
0
0
0
0
0
0
0
0
0
0
0
0
0
0
0
0
0.00082787775696438
0.00190519514211683
0.00288199436959799
0.00368603669918572
0.00462697852268149
0.00559182095422888
0.00626513914714395
0.00681786875519683
0.00677154339593829
0.00700125658831905
0.00718394754155166
0.00733345739843848
0.0073013667608925
0.00716422507560349
0.00692700217839628
0.0065879296806842
0.00633911843185834
0.00629295202540211
0.00597431603688894
0.00557899229987503
0.00507822639732595
0.00469604061112452
0.00450208582366659
0.00447085810982289
0.0041482313961479
0.00330620676167319
0.00244356078496868
0.00170043413973559
0.00113411111259105
0
0
0
0
0
0
0
0
0
0
0
0
0
0
0
0
0
0
0
0
0
0
0
0
0
0
0
0
0
0
0
0
0
0
0
0
0
0
0
0
0
0
0
0
0
0
0
0
0
0
0
0
0
0
0
0
0
0
0
0
0
0
0
0
0
0
0
0
0
0
0
0
0
0
0
0
0
0
0
0
0
0
0
0
0
0
0
0
0
0
0
0
0
0
0
0
0
0
0
0
0
0
0
0
0
0
0
0
0
0
0
0
0
0
0
0
0
0
0
0
0
0.000897107534264576
0.00205591587595266
0.00320386265617628
0.0039987033592789
0.00452670070148993
0.00527595038713747
0.00620373949010632
0.0070316835282392
0.0075221557437077
0.00713963753661563
0.00723121642719592
0.00722580073934646
0.00717269839490533
0.0069842405648176
0.00661656531352087
0.00613342861274386
0.00578909400731693
0.00563629167457834
0.00568754956735537
0.00540090895421161
0.00507972382543338
0.0046648089703278
0.00436801517219339
0.00421278012054976
0.00416415086310076
0.00374482954628903
0.00286814515110827
0.00206327045995947
0.00142041283494993
0.0009486066942285
0
0
0
0
0
0
0
0
0
0
0
0
0
0
0
0
0
0
0
0
0
0
0
0
0
0
0
0
0
0
0
0
0
0
0
0
0
0
0
0
0
0
0
0
0
0
0
0
0
0
0
0
0
0
0
0
0
0
0
0
0
0
0
0
0
0
0
0
0
0
0
0
0
0
0
0
0
0
0
0
0
0
0
0
0
0
0
0
0
0
0
0
0
0
0
0
0
0
0
0
0
0
0
0
0
0
0
0
0
0
0
0
0
0
0
0
0
0
0
0
0.000922445408001384
0.00222666996907616
0.00347438735898749
0.00442773573393345
0.00490160022975307
0.00515124913115189
0.00579689985950576
0.00679406005627909
0.00760210575321126
0.00778118317815388
0.00733435101623509
0.00727048532999508
0.00714646112219345
0.00688412257747236
0.00646556241067771
0.00577391981379202
0.00537840402894482
0.00514877504552558
0.00510059125175249
0.00516639526968393
0.00496433913846986
0.00473989339152384
0.00439802475390252
0.00414815778490106
0.00397543756672501
0.00385475128605135
0.00333906370062146
0.00244530216702388
0.00168624231170835
0.00112811779251413
0
0
0
0
0
0
0
0
0
0
0
0
0
0
0
0
0
0
0
0
0
0
0
0
0
0
0
0
0
0
0
0
0
0
0
0
0
0
0
0
0
0
0
0
0
0
0
0
0
0
0
0
0
0
0
0
0
0
0
0
0
0
0
0
0
0
0
0
0
0
0
0
0
0
0
0
0
0
0
0
0
0
0
0
0
0
0
0
0
0
0
0
0
0
0
0
0
0
0
0
0
0
0
0
0
0
0
0
0
0
0
0
0
0
0
0
0
0
0
0
0.000941498703844293
0.00228341996215236
0.0037434029977014
0.00478260648231454
0.00537087156312036
0.00551655054419102
0.00559319689790782
0.00620423450290815
0.00714454196512172
0.0078622596016836
0.00790159696198082
0.00733902242086025
0.00717517474582501
0.00684634606243196
0.00638511754652405
0.00582455679847462
0.0051009986553451
0.00483454075294614
0.00471723474611
0.0047221876738384
0.00486562890860743
0.00474356325797825
0.00458617535158498
0.00428249164580835
0.00401331748758407
0.00376626456270953
0.00356831271287517
0.00300156010950597
0.0020868981821408
0.00138048302201184
0.000976887561539903
0
0
0
0
0
0
0
0
0
0
0
0
0
0
0
0
0
0
0
0
0
0
0
0
0
0
0
0
0
0
0
0
0
0
0
0
0
0
0
0
0
0
0
0
0
0
0
0
0
0
0
0
0
0
0
0
0
0
0
0
0
0
0
0
0
0
0
0
0
0
0
0
0
0
0
0
0
0
0
0
0
0
0
0
0
0
0
0
0
0
0
0
0
0
0
0
0
0
0
0
0
0
0
0
0
0
0
0
0
0
0
0
0
0
0
0
0
0
0
0.00100183145702667
0.00230679785200735
0.00371788285627586
0.0050134650608535
0.00571076077532731
0.0059459224473606
0.00590590383025545
0.00590109929962257
0.00646082045102969
0.00732924736296871
0.00803514938947898
0.00790543207931965
0.0072263278975088
0.00688343765570746
0.00639046363432784
0.00582805972293427
0.00528661117705588
0.00467528116336648
0.00454352419140606
0.00447745726914571
0.00453420054591386
0.00475454844164945
0.00472505695952843
0.00461509887323172
0.00427404756508811
0.00390721760240062
0.00358401662201793
0.00333562647738679
0.00270213745748131
0.00178409201789627
0.00123114571802117
0
0
0
0
0
0
0
0
0
0
0
0
0
0
0
0
0
0
0
0
0
0
0
0
0
0
0
0
0
0
0
0
0
0
0
0
0
0
0
0
0
0
0
0
0
0
0
0
0
0
0
0
0
0
0
0
0
0
0
0
0
0
0
0
0
0
0
0
0
0
0
0
0
0
0
0
0
0
0
0
0
0
0
0
0
0
0
0
0
0
0
0
0
0
0
0
0
0
0
0
0
0
0
0
0
0
0
0
0
0
0
0
0
0
0
0
0
0
0
0.00106432896467832
0.00238357411069422
0.00367869501456706
0.00489515731232966
0.00584134766961035
0.00621430314140065
0.00626308792102893
0.00614013011219454
0.00610956696116844
0.00663788001221539
0.00750213758351916
0.00810229767825459
0.00781070112717184
0.00693507211307643
0.00643180647343012
0.00588059198036075
0.00533823835909379
0.00495815511554083
0.00454602362376573
0.00445619339671511
0.00439875854652088
0.00451689447401653
0.00487364561903991
0.00493135483894798
0.00475348175486338
0.00429137145809343
0.00384890540436144
0.00345324195211625
0.00311405517582027
0.00246262373782837
0.00171979115859726
0
0
0
0
0
0
0
0
0
0
0
0
0
0
0
0
0
0
0
0
0
0
0
0
0
0
0
0
0
0
0
0
0
0
0
0
0
0
0
0
0
0
0
0
0
0
0
0
0
0
0
0
0
0
0
0
0
0
0
0
0
0
0
0
0
0
0
0
0
0
0
0
0
0
0
0
0
0
0
0
0
0
0
0
0
0
0
0
0
0
0
0
0
0
0
0
0
0
0
0
0
0
0
0
0
0
0
0
0
0
0
0
0
0
0
0
0
0
0
0.00113063349647509
0.00248518411347871
0.00374815818458914
0.0048068160907197
0.00567792436506536
0.0062439221756167
0.00642901324614104
0.00641092637238296
0.00629256641622672
0.00627736339503173
0.00681776945623822
0.00761550925085044
0.00805286207605295
0.00750937862917767
0.00644703577523332
0.00591169143480676
0.00540999099792983
0.00502153829163256
0.0048561289046303
0.00457075456389561
0.00448127818162426
0.00445126810278352
0.00466974611669804
0.00519195079916321
0.00523734030330362
0.00488730577840281
0.00432241458507786
0.00380837702745589
0.00332492064254687
0.00292916500615355
0
0
0
0
0
0
0
0
0
0
0
0
0
0
0
0
0
0
0
0
0
0
0
0
0
0
0
0
0
0
0
0
0
0
0
0
0
0
0
0
0
0
0
0
0
0
0
0
0
0
0
0
0
0
0
0
0
0
0
0
0
0
0
0
0
0
0
0
0
0
0
0
0
0
0
0
0
0
0
0
0
0
0
0
0
0
0
0
0
0
0
0
0
0
0
0
0
0
0
0
0
0
0
0
0
0
0
0
0
0
0
0
0
0
0
0
0
0
0
0
0.00113670159559978
0.00264819740658967
0.00388820613532599
0.00484827171177799
0.00558091752413
0.00601102396544922
0.00625893138500668
0.00644162852033364
0.00647568711609022
0.00643392438664849
0.00648307917535251
0.00697591390255331
0.00764283487704621
0.00774973659125856
0.00695608430253691
0.00592988181510715
0.00544442291502952
0.0050817460029312
0.00484393080421271
0.00482943002495018
0.00462085265444349
0.00458477465187611
0.00461933407361262
0.00493500481987576
0.00552864495142668
0.00550324000665364
0.00498658718757524
0.00434228893969027
0.00374253218451004
0.00318731261397021
0
0
0
0
0
0
0
0
0
0
0
0
0
0
0
0
0
0
0
0
0
0
0
0
0
0
0
0
0
0
0
0
0
0
0
0
0
0
0
0
0
0
0
0
0
0
0
0
0
0
0
0
0
0
0
0
0
0
0
0
0
0
0
0
0
0
0
0
0
0
0
0
0
0
0
0
0
0
0
0
0
0
0
0
0
0
0
0
0
0
0
0
0
0
0
0
0
0
0
0
0
0
0
0
0
0
0
0
0
0
0
0
0
0
0
0
0
0
0
0
0.00113417468868994
0.00267996303493998
0.00417716576636768
0.00501522908047907
0.00556800466490534
0.00589765372597422
0.0059666103552953
0.00609429291933408
0.00640140382156594
0.00656298618766324
0.00663642295544956
0.00668498416918897
0.00706518050961673
0.00748466548459777
0.00727955070767609
0.00641757164646169
0.0054863013777842
0.00509834237478636
0.00479197950632007
0.00466083521924362
0.00477220500565801
0.00469184769632665
0.00472551718119944
0.0048225716701026
0.00518095529533008
0.00580078350008907
0.00569501865266551
0.00503161940508031
0.00427238210851048
0
0
0
0
0
0
0
0
0
0
0
0
0
0
0
0
0
0
0
0
0
0
0
0
0
0
0
0
0
0
0
0
0
0
0
0
0
0
0
0
0
0
0
0
0
0
0
0
0
0
0
0
0
0
0
0
0
0
0
0
0
0
0
0
0
0
0
0
0
0
0
0
0
0
0
0
0
0
0
0
0
0
0
0
0
0
0
0
0
0
0
0
0
0
0
0
0
0
0
0
0
0
0
0
0
0
0
0
0
0
0
0
0
0
0
0
0
0
0
0
0
0.00113027136168588
0.00268470058696521
0.00423769013892958
0.00540469343160974
0.00571968396537474
0.00583155011831568
0.00583391211981252
0.00576765844882526
0.00589903121147072
0.00642629024446961
0.00672198538334601
0.00683811394626659
0.00682785829465446
0.00701545312994277
0.00719079652257006
0.00681006032183832
0.00594382369022761
0.00509760433468796
0.00470405340342734
0.00444252671320117
0.00443376339293031
0.00473749034763563
0.00474487014008527
0.00484125362430262
0.0049766059664501
0.00532672361757336
0.00594567780321817
0.00573580533956149
0.00489048553123534
0
0
0
0
0
0
0
0
0
0
0
0
0
0
0
0
0
0
0
0
0
0
0
0
0
0
0
0
0
0
0
0
0
0
0
0
0
0
0
0
0
0
0
0
0
0
0
0
0
0
0
0
0
0
0
0
0
0
0
0
0
0
0
0
0
0
0
0
0
0
0
0
0
0
0
0
0
0
0
0
0
0
0
0
0
0
0
0
0
0
0
0
0
0
0
0
0
0
0
0
0
0
0
0
0
0
0
0
0
0
0
0
0
0
0
0
0
0
0
0
0
0.00112244057399706
0.00269176715911051
0.00425483016853987
0.00554006747629623
0.00616108556057964
0.00590542069087148
0.00570649775876654
0.00558210513036989
0.00554176764228729
0.00579693782348437
0.00651537499302559
0.00686909643815883
0.00697960378706441
0.00686345642577395
0.00684402259886868
0.00680021512592924
0.00633630196176745
0.00548085031897909
0.00465929433622581
0.00414496832574743
0.00400231049278273
0.00422810858279358
0.00468973949074739
0.00472574291220255
0.00488149946291024
0.00497489282836633
0.00535525410196972
0.00589390427295428
0
0
0
0
0
0
0
0
0
0
0
0
0
0
0
0
0
0
0
0
0
0
0
0
0
0
0
0
0
0
0
0
0
0
0
0
0
0
0
0
0
0
0
0
0
0
0
0
0
0
0
0
0
0
0
0
0
0
0
0
0
0
0
0
0
0
0
0
0
0
0
0
0
0
0
0
0
0
0
0
0
0
0
0
0
0
0
0
0
0
0
0
0
0
0
0
0
0
0
0
0
0
0
0
0
0
0
0
0
0
0
0
0
0
0
0
0
0
0
0
0
0
0.00115697016011759
0.00273084374437114
0.00427513507328666
0.00547622177001641
0.00625463720052441
0.0063449879049351
0.00570753764637059
0.00538073103697905
0.00530722266778897
0.005388283500691
0.00577234662848458
0.00660983654961212
0.00697321775809128
0.00701922294109424
0.00680369500406687
0.00659031844523439
0.00636663158419582
0.00593094476333148
0.00506824182553819
0.00402229807684916
0.00353560971953938
0.00362101918369263
0.0040491339602471
0.00458380048022035
0.00466674762337213
0.00467893128480223
0.00488145653084486
0.00525530074337112
0
0
0
0
0
0
0
0
0
0
0
0
0
0
0
0
0
0
0
0
0
0
0
0
0
0
0
0
0
0
0
0
0
0
0
0
0
0
0
0
0
0
0
0
0
0
0
0
0
0
0
0
0
0
0
0
0
0
0
0
0
0
0
0
0
0
0
0
0
0
0
0
0
0
0
0
0
0
0
0
0
0
0
0
0
0
0
0
0
0
0
0
0
0
0
0
0
0
0
0
0
0
0
0
0
0
0
0
0
0
0
0
0
0
0
0
0
0
0
0
0
0
0.00124580129493155
0.00287724713320729
0.00434753655417926
0.00537490921817496
0.00613591527656642
0.0063853590370266
0.00611573994638601
0.00527452899331866
0.00501066677671859
0.0050938025090504
0.00528754264177275
0.0057909926367872
0.00672661941669325
0.00702076479874168
0.00698843331324689
0.00666128124257139
0.00629851244518093
0.00601795721033209
0.00549290580729137
0.00433348204694484
0.00338787662120286
0.00304973518350468
0.00328345702516783
0.0038499909751208
0.00440017566914229
0.00420997710803384
0.00443715464222491
0
0
0
0
0
0
0
0
0
0
0
0
0
0
0
0
0
0
0
0
0
0
0
0
0
0
0
0
0
0
0
0
0
0
0
0
0
0
0
0
0
0
0
0
0
0
0
0
0
0
0
0
0
0
0
0
0
0
0
0
0
0
0
0
0
0
0
0
0
0
0
0
0
0
0
0
0
0
0
0
0
0
0
0
0
0
0
0
0
0
0
0
0
0
0
0
0
0
0
0
0
0
0
0
0
0
0
0
0
0
0
0
0
0
0
0
0
0
0
0
0
0
0
0.00120907543544833
0.00293282315675274
0.00449908785953187
0.00548604173479505
0.00596833471907354
0.00625368909464829
0.0060907784811291
0.00557174002791795
0.00477691297037764
0.00471444199535975
0.00490041280494905
0.00520684884581781
0.00582431530191146
0.0067870024096827
0.00698792733175406
0.00684065710472492
0.00643800706430703
0.00604233950086171
0.00562702751368788
0.00489027157723685
0.00373405134526448
0.00285120153742446
0.00262238050337316
0.00301486882005829
0.00362697839006625
0.00404193838679495
0.0039106282985605
0
0
0
0
0
0
0
0
0
0
0
0
0
0
0
0
0
0
0
0
0
0
0
0
0
0
0
0
0
0
0
0
0
0
0
0
0
0
0
0
0
0
0
0
0
0
0
0
0
0
0
0
0
0
0
0
0
0
0
0
0
0
0
0
0
0
0
0
0
0
0
0
0
0
0
0
0
0
0
0
0
0
0
0
0
0
0
0
0
0
0
0
0
0
0
0
0
0
0
0
0
0
0
0
0
0
0
0
0
0
0
0
0
0
0
0
0
0
0
0
0
0
0
0.0011802126151317
0.00282607562403905
0.00459390469136287
0.00564790635570375
0.00613367642197216
0.00606998451161623
0.00597182684517649
0.00553473584736011
0.00492738570329819
0.00440410142337581
0.00443918873814392
0.00468258926843243
0.00516398888103901
0.0058982800850569
0.00677794796326208
0.00684646534515876
0.00661311253575585
0.00622827069326969
0.00578863555762755
0.00516883426646334
0.00435973575256825
0.00318203238013021
0.00234439912531848
0.00228301609335942
0.00276110098574043
0.00334024880153865
0.00374562857568486
0
0
0
0
0
0
0
0
0
0
0
0
0
0
0
0
0
0
0
0
0
0
0
0
0
0
0
0
0
0
0
0
0
0
0
0
0
0
0
0
0
0
0
0
0
0
0
0
0
0
0
0
0
0
0
0
0
0
0
0
0
0
0
0
0
0
0
0
0
0
0
0
0
0
0
0
0
0
0
0
0
0
0
0
0
0
0
0
0
0
0
0
0
0
0
0
0
0
0
0
0
0
0
0
0
0
0
0
0
0
0
0
0
0
0
0
0
0
0
0
0
0
0
0.00111183968874474
0.00264109548530503
0.00440683096758313
0.00586175161657969
0.00631732179621159
0.00629572608150514
0.00580625647307875
0.00547946374623624
0.00495211294304571
0.00437636357434782
0.0040440571707529
0.00412349657356051
0.00452924543277724
0.00519463171275468
0.00593458117795359
0.00667258210975835
0.00667590740433425
0.00645072500241292
0.00607789160341523
0.00554940225685165
0.0048050210510797
0.00390291860600573
0.00268188376861563
0.00199724518154028
0.00207486605974914
0.00256385649282256
0.00313252788390887
0
0
0
0
0
0
0
0
0
0
0
0
0
0
0
0
0
0
0
0
0
0
0
0
0
0
0
0
0
0
0
0
0
0
0
0
0
0
0
0
0
0
0
0
0
0
0
0
0
0
0
0
0
0
0
0
0
0
0
0
0
0
0
0
0
0
0
0
0
0
0
0
0
0
0
0
0
0
0
0
0
0
0
0
0
0
0
0
0
0
0
0
0
0
0
0
0
0
0
0
0
0
0
0
0
0
0
0
0
0
0
0
0
0
0
0
0
0
0
0
0
0
0
0.00104325562662073
0.00239378182226195
0.00414701438932646
0.00566926537823744
0.00656044548861122
0.0064633105580306
0.00607290225107417
0.00536130393030321
0.00500481383620879
0.00445169342824017
0.00388499932660608
0.00359479252533466
0.00393825618793688
0.00451820614102051
0.00524999055649989
0.00586216035690135
0.00657501922698744
0.006598421911434
0.00638377847316104
0.00599104005192744
0.00536262626497885
0.00450689210082004
0.00349444432065683
0.00237604331890856
0.00188464991468909
0.00201892470629172
0.00247034062688513
0.00300604873971878
0
0
0
0
0
0
0
0
0
0
0
0
0
0
0
0
0
0
0
0
0
0
0
0
0
0
0
0
0
0
0
0
0
0
0
0
0
0
0
0
0
0
0
0
0
0
0
0
0
0
0
0
0
0
0
0
0
0
0
0
0
0
0
0
0
0
0
0
0
0
0
0
0
0
0
0
0
0
0
0
0
0
0
0
0
0
0
0
0
0
0
0
0
0
0
0
0
0
0
0
0
0
0
0
0
0
0
0
0
0
0
0
0
0
0
0
0
0
0
0
0
0
0.00101357051993236
0.00226742008624839
0.00394393440974294
0.00542091989214754
0.00639190525704544
0.00664570164444956
0.00615062342470461
0.00561595220954833
0.00497931401201952
0.00460779982967086
0.00393313453220626
0.00331777431834156
0.00337618566320055
0.00395273477335437
0.0045718779395399
0.00523051008768129
0.00579777607408872
0.00657083246021376
0.00660487567981177
0.00643794492266554
0.00595018770639789
0.00518840355326586
0.00417128195853722
0.00316349395742276
0.00231225317416856
0.00198223345406087
0.00205189566712109
0.00246081571089361
0.00291989896376463
0
0
0
0
0
0
0
0
0
0
0
0
0
0
0
0
0
0
0
0
0
0
0
0
0
0
0
0
0
0
0
0
0
0
0
0
0
0
0
0
0
0
0
0
0
0
0
0
0
0
0
0
0
0
0
0
0
0
0
0
0
0
0
0
0
0
0
0
0
0
0
0
0
0
0
0
0
0
0
0
0
0
0
0
0
0
0
0
0
0
0
0
0
0
0
0
0
0
0
0
0
0
0
0
0
0
0
0
0
0
0
0
0
0
0
0
0
0
0
0
0
0.000982221801329316
0.00221900764046418
0.00361328476144406
0.00529792116393644
0.0062935437744609
0.00655975579481055
0.00635506121840928
0.00565357528997749
0.00520379092555804
0.00470027889064329
0.004192697065174
0.00345004777281409
0.00300642791718372
0.00341070494323315
0.00405380516377477
0.00463311729477442
0.00523421151720197
0.00582337694120165
0.00668705431912992
0.00677205210512835
0.00653130092167422
0.00588495714007029
0.00494254133897677
0.00381920085308221
0.00294623602289065
0.00239538195951994
0.00213969425867112
0.0021260685634905
0.00238854110222152
0.00286654748118485
0.00346752184353423
0
0
0
0
0
0
0
0
0
0
0
0
0
0
0
0
0
0
0
0
0
0
0
0
0
0
0
0
0
0
0
0
0
0
0
0
0
0
0
0
0
0
0
0
0
0
0
0
0
0
0
0
0
0
0
0
0
0
0
0
0
0
0
0
0
0
0
0
0
0
0
0
0
0
0
0
0
0
0
0
0
0
0
0
0
0
0
0
0
0
0
0
0
0
0
0
0
0
0
0
0
0
0
0
0
0
0
0
0
0
0
0
0
0
0
0
0
0
0
0.000944525280003435
0.00221308357175163
0.00346226796548223
0.0047907858517145
0.00640764681015807
0.00662519077508313
0.00640106200739864
0.00593242791146182
0.00524222465678084
0.00501217454330572
0.00437073495317962
0.0038455924023281
0.00316327264559584
0.002923355089111
0.00348055110367037
0.00413456730481497
0.00469225862647661
0.00525610378737764
0.0059384781527195
0.00705351084380405
0.00695377640920221
0.00654567903513909
0.00572427716856986
0.00464921523283126
0.00352614282214325
0.00279371744963436
0.00242586023020238
0.00226329737397683
0.0021013072323318
0.00231011627477331
0.00291368303103292
0.00355280016125944
0
0
0
0
0
0
0
0
0
0
0
0
0
0
0
0
0
0
0
0
0
0
0
0
0
0
0
0
0
0
0
0
0
0
0
0
0
0
0
0
0
0
0
0
0
0
0
0
0
0
0
0
0
0
0
0
0
0
0
0
0
0
0
0
0
0
0
0
0
0
0
0
0
0
0
0
0
0
0
0
0
0
0
0
0
0
0
0
0
0
0
0
0
0
0
0
0
0
0
0
0
0
0
0
0
0
0
0
0
0
0
0
0
0
0
0
0
0
0.000858231028997778
0.00203305936483835
0.00336267984980656
0.00461357912130162
0.0058243262175894
0.0067109361411411
0.00644233618354748
0.00608785985673227
0.0055643727405942
0.0050156625579896
0.00476636826950432
0.00414756361287767
0.00360858655604973
0.00304457770418003
0.00294910635358158
0.00354877957283004
0.00422185282320008
0.0047537537578197
0.00544509652723336
0.00643324537027338
0.0073827064359044
0.00704042001467816
0.00645716437881333
0.00549445107024013
0.00437357597873356
0.00330928888361592
0.00276641227542866
0.00249748027152598
0.00223794934391296
0.00205333273198062
0.00231061988119382
0.00293452291555047
0.00357295556095694
0
0
0
0
0
0
0
0
0
0
0
0
0
0
0
0
0
0
0
0
0
0
0
0
0
0
0
0
0
0
0
0
0
0
0
0
0
0
0
0
0
0
0
0
0
0
0
0
0
0
0
0
0
0
0
0
0
0
0
0
0
0
0
0
0
0
0
0
0
0
0
0
0
0
0
0
0
0
0
0
0
0
0
0
0
0
0
0
0
0
0
0
0
0
0
0
0
0
0
0
0
0
0
0
0
0
0
0
0
0
0
0
0
0
0
0
0
0.000760933190043323
0.00182216366049984
0.00310062186561838
0.0044450202976254
0.00556214669864188
0.00620037808633321
0.00654059735157933
0.0061792640630611
0.00589021823815278
0.00540377512455109
0.00486980464165456
0.00461045884841718
0.00391220025074458
0.00346631649582305
0.00304876477856941
0.00304169906897143
0.00367030737160608
0.0043515660304519
0.00494700772115887
0.00584199741333111
0.00680766301796809
0.00757450339041803
0.00698897095179449
0.00624608091585438
0.00523821126432901
0.00415319038542034
0.00321674441826649
0.00280260641004684
0.00241345794805161
0.0022064759882221
0.00210863233282557
0.00231854684210827
0.00293198431310767
0
0
0
0
0
0
0
0
0
0
0
0
0
0
0
0
0
0
0
0
0
0
0
0
0
0
0
0
0
0
0
0
0
0
0
0
0
0
0
0
0
0
0
0
0
0
0
0
0
0
0
0
0
0
0
0
0
0
0
0
0
0
0
0
0
0
0
0
0
0
0
0
0
0
0
0
0
0
0
0
0
0
0
0
0
0
0
0
0
0
0
0
0
0
0
0
0
0
0
0
0
0
0
0
0
0
0
0
0
0
0
0
0
0
0
0
0
0.000766071466043924
0.00170006799724015
0.00275201799761217
0.00409231689687992
0.00533795183715501
0.0059603479592695
0.00612386196884542
0.00622883489248617
0.00603818142720105
0.00578763919171973
0.00526487866655399
0.0047131222111818
0.0044452743701143
0.00373534654098419
0.00341709131015542
0.00311493684500882
0.00320480756866529
0.00384229019811887
0.0045687707787544
0.00528489077143395
0.00618938837560607
0.00704375277425996
0.00759824022596896
0.00679010648927217
0.00594296978146633
0.00499417482145123
0.00401476734976333
0.00318560761423121
0.00281509107239048
0.00234369813171847
0.00229713582468172
0.00217503370621863
0.00233570672840942
0
0
0
0
0
0
0
0
0
0
0
0
0
0
0
0
0
0
0
0
0
0
0
0
0
0
0
0
0
0
0
0
0
0
0
0
0
0
0
0
0
0
0
0
0
0
0
0
0
0
0
0
0
0
0
0
0
0
0
0
0
0
0
0
0
0
0
0
0
0
0
0
0
0
0
0
0
0
0
0
0
0
0
0
0
0
0
0
0
0
0
0
0
0
0
0
0
0
0
0
0
0
0
0
0
0
0
0
0
0
0
0
0
0
0
0
0
0.000749175683204889
0.00172521563410576
0.00255374303259869
0.00357972078998597
0.00486632959691282
0.00576757100923421
0.00592512889141048
0.00593612185717576
0.00607743367004956
0.00592107011452333
0.00562525040521909
0.00510648036970422
0.00459639273805023
0.00429816667825561
0.00362362329739139
0.0034017582969437
0.00319747243394933
0.00338530022759815
0.00405756456708339
0.00488379764999637
0.00564185046828792
0.00645421400330488
0.00712380632246957
0.00742640091284685
0.00645175834446251
0.00558704022769465
0.00479959871806713
0.0039481849078715
0.00316608105202279
0.00284789661742182
0.00245322936783573
0.00236370029159232
0
0
0
0
0
0
0
0
0
0
0
0
0
0
0
0
0
0
0
0
0
0
0
0
0
0
0
0
0
0
0
0
0
0
0
0
0
0
0
0
0
0
0
0
0
0
0
0
0
0
0
0
0
0
0
0
0
0
0
0
0
0
0
0
0
0
0
0
0
0
0
0
0
0
0
0
0
0
0
0
0
0
0
0
0
0
0
0
0
0
0
0
0
0
0
0
0
0
0
0
0
0
0
0
0
0
0
0
0
0
0
0
0
0
0
0
0
0
0.000806299657502148
0.00176960034806648
0.00264190852144385
0.00325549843350629
0.00414486224429236
0.00523284601846687
0.0057887472367667
0.00575328724695779
0.00579816277090068
0.00587366334279671
0.00572801420335113
0.00546155777515351
0.00500749294040682
0.00453415180225108
0.00417918201296751
0.00353752121204767
0.00339597535597045
0.00328788508321947
0.0035583703015285
0.00436614675391321
0.00524199139043378
0.00597964088546353
0.00663006287941935
0.0070352490844393
0.00707779863647796
0.00599097577850688
0.00524709600895876
0.00467220270221218
0.00392984423099078
0.00320085980376724
0.00299382177391219
0
0
0
0
0
0
0
0
0
0
0
0
0
0
0
0
0
0
0
0
0
0
0
0
0
0
0
0
0
0
0
0
0
0
0
0
0
0
0
0
0
0
0
0
0
0
0
0
0
0
0
0
0
0
0
0
0
0
0
0
0
0
0
0
0
0
0
0
0
0
0
0
0
0
0
0
0
0
0
0
0
0
0
0
0
0
0
0
0
0
0
0
0
0
0
0
0
0
0
0
0
0
0
0
0
0
0
0
0
0
0
0
0
0
0
0
0
0
0
0.000899144985049709
0.00190358859546032
0.00274108385398844
0.0033974615694398
0.00366358243387621
0.00430968842126625
0.00524319298357465
0.00564453927019404
0.00556714639432094
0.00554743633789716
0.00558215437573127
0.00556078222015195
0.00533067168474686
0.00490966517949013
0.00448791259804672
0.00406511693925413
0.00347126501679126
0.00343116994199321
0.0034440256174222
0.00384268225684637
0.00474301683817976
0.00562324801779704
0.00627524937959733
0.00664594810210149
0.0066998411963755
0.00651832621282992
0.00548516267850195
0.00496619534778662
0.00460150154024229
0.00394385284439927
0
0
0
0
0
0
0
0
0
0
0
0
0
0
0
0
0
0
0
0
0
0
0
0
0
0
0
0
0
0
0
0
0
0
0
0
0
0
0
0
0
0
0
0
0
0
0
0
0
0
0
0
0
0
0
0
0
0
0
0
0
0
0
0
0
0
0
0
0
0
0
0
0
0
0
0
0
0
0
0
0
0
0
0
0
0
0
0
0
0
0
0
0
0
0
0
0
0
0
0
0
0
0
0
0
0
0
0
0
0
0
0
0
0
0
0
0
0
0
0
0.000900654259885631
0.00208004466222149
0.00290621261583366
0.00346909394618779
0.00380449380908812
0.00367351442257216
0.00419093794728661
0.00507618914472839
0.00542579648649433
0.00526689186842445
0.00518504864538128
0.00537930310335778
0.00542013673118933
0.00513640207647066
0.00475406781779614
0.00438044490231569
0.00395242177854759
0.00349810417574353
0.0035383678148767
0.00366302967978709
0.00419825407176549
0.00519363041813776
0.00599289267004821
0.00643162877984622
0.00643451155587861
0.00615412865899917
0.00588892883723766
0.00505631002860049
0.0047427628943808
0
0
0
0
0
0
0
0
0
0
0
0
0
0
0
0
0
0
0
0
0
0
0
0
0
0
0
0
0
0
0
0
0
0
0
0
0
0
0
0
0
0
0
0
0
0
0
0
0
0
0
0
0
0
0
0
0
0
0
0
0
0
0
0
0
0
0
0
0
0
0
0
0
0
0
0
0
0
0
0
0
0
0
0
0
0
0
0
0
0
0
0
0
0
0
0
0
0
0
0
0
0
0
0
0
0
0
0
0
0
0
0
0
0
0
0
0
0
0
0
0
0.000907230189423497
0.00210516722837367
0.00317784983962087
0.00358654345835441
0.00382368695753286
0.00373494478766502
0.0034644555370313
0.00389187252536485
0.00472684530567072
0.00508972372368484
0.0048797804967004
0.00494714023788433
0.00521263718666606
0.00514002729244073
0.00496466105749119
0.00456242145807319
0.00424475669656358
0.0039393619408612
0.00360021688539881
0.00368341978775111
0.00392896519407578
0.00462365558103263
0.00565185573889189
0.00617983578866815
0.0063838924976252
0.00603445773368374
0.00551961022673383
0.00537605063130693
0.00468058617841929
0
0
0
0
0
0
0
0
0
0
0
0
0
0
0
0
0
0
0
0
0
0
0
0
0
0
0
0
0
0
0
0
0
0
0
0
0
0
0
0
0
0
0
0
0
0
0
0
0
0
0
0
0
0
0
0
0
0
0
0
0
0
0
0
0
0
0
0
0
0
0
0
0
0
0
0
0
0
0
0
0
0
0
0
0
0
0
0
0
0
0
0
0
0
0
0
0
0
0
0
0
0
0
0
0
0
0
0
0
0
0
0
0
0
0
0
0
0
0
0
0
0.000828901931097854
0.0021425288859405
0.00324756390702009
0.00385511979630512
0.00387480321039544
0.00368344692702098
0.00345527904088193
0.0030583541477381
0.00350508501410648
0.00453150905050293
0.00498367124937379
0.00476368867701915
0.00469385763894447
0.00471034712197927
0.00490056680264657
0.00472968686670646
0.0042956994485827
0.00418900143528549
0.0040056623210559
0.00370647555538125
0.00384047473893185
0.00419140020691445
0.00500213092730347
0.00580630439495865
0.00618304538321152
0.0061442007586993
0.00545761746002786
0.00503829739133855
0
0
0
0
0
0
0
0
0
0
0
0
0
0
0
0
0
0
0
0
0
0
0
0
0
0
0
0
0
0
0
0
0
0
0
0
0
0
0
0
0
0
0
0
0
0
0
0
0
0
0
0
0
0
0
0
0
0
0
0
0
0
0
0
0
0
0
0
0
0
0
0
0
0
0
0
0
0
0
0
0
0
0
0
0
0
0
0
0
0
0
0
0
0
0
0
0
0
0
0
0
0
0
0
0
0
0
0
0
0
0
0
0
0
0
0
0
0
0
0
0
0
0.000734273079998406
0.00198881341568579
0.00329171826367752
0.00385577450091308
0.00425534817181327
0.00363460787693577
0.00328565759109984
0.00301731981890501
0.0025216968916908
0.00331181370568671
0.004591653817002
0.00506755569428923
0.00448931939358732
0.00408501331369671
0.00444232701067916
0.00458582092153067
0.00443993581948793
0.00419850116013104
0.00431025518559624
0.00411702036141233
0.00382888742836704
0.00396197337946724
0.00435496480864337
0.00498081178440889
0.00585459032047721
0.005982852771084
0.00552445476788655
0.00502603680740754
0
0
0
0
0
0
0
0
0
0
0
0
0
0
0
0
0
0
0
0
0
0
0
0
0
0
0
0
0
0
0
0
0
0
0
0
0
0
0
0
0
0
0
0
0
0
0
0
0
0
0
0
0
0
0
0
0
0
0
0
0
0
0
0
0
0
0
0
0
0
0
0
0
0
0
0
0
0
0
0
0
0
0
0
0
0
0
0
0
0
0
0
0
0
0
0
0
0
0
0
0
0
0
0
0
0
0
0
0
0
0
0
0
0
0
0
0
0
0
0
0
0
0.000713895856888374
0.00187485323204092
0.00330795610015522
0.00430997766758343
0.0045201532782851
0.004195641731201
0.00311301489969195
0.00271389764321615
0.00251101926446813
0.00221856027002358
0.00335307415750618
0.00470195699311599
0.00481340668013925
0.004004939780413
0.00377217715820013
0.00408360648544915
0.00423205549183205
0.00429577767925768
0.00425139504388525
0.00438376005251884
0.00410198852024611
0.00387522261247079
0.00404622260578596
0.00436612471184794
0.00498119620528326
0.00572273415458094
0.00557733494109441
0.00519519569084746
0.00460544123757625
0
0
0
0
0
0
0
0
0
0
0
0
0
0
0
0
0
0
0
0
0
0
0
0
0
0
0
0
0
0
0
0
0
0
0
0
0
0
0
0
0
0
0
0
0
0
0
0
0
0
0
0
0
0
0
0
0
0
0
0
0
0
0
0
0
0
0
0
0
0
0
0
0
0
0
0
0
0
0
0
0
0
0
0
0
0
0
0
0
0
0
0
0
0
0
0
0
0
0
0
0
0
0
0
0
0
0
0
0
0
0
0
0
0
0
0
0
0
0
0
0
0.000757845119029302
0.00186062715386322
0.00327569723803232
0.0045693114644631
0.00510350522897717
0.00459329946771583
0.00375764983561524
0.00250097676301378
0.00222548410773842
0.00221952609610558
0.00214874895585214
0.00347239500607536
0.00462742735984144
0.00447941715384527
0.0036972662786638
0.00353730151843372
0.003770049030781
0.0040360317620968
0.00436837576351971
0.00440270454402087
0.004371533018663
0.00403192120328392
0.00391497043775448
0.00407301007147924
0.00437610208063537
0.00488212156847132
0.0054599522770254
0.00528740307302419
0.00483646154711992
0.00412640824705242
0
0
0
0
0
0
0
0
0
0
0
0
0
0
0
0
0
0
0
0
0
0
0
0
0
0
0
0
0
0
0
0
0
0
0
0
0
0
0
0
0
0
0
0
0
0
0
0
0
0
0
0
0
0
0
0
0
0
0
0
0
0
0
0
0
0
0
0
0
0
0
0
0
0
0
0
0
0
0
0
0
0
0
0
0
0
0
0
0
0
0
0
0
0
0
0
0
0
0
0
0
0
0
0
0
0
0
0
0
0
0
0
0
0
0
0
0
0
0
0
0.000821375375215612
0.0019833772641425
0.00343047600650878
0.00460759680772265
0.00542842507948925
0.00526826154869993
0.0042128513610301
0.00324953881423059
0.00207092577020127
0.00196542482291876
0.00210841295819099
0.00216556438946879
0.00347417968383658
0.004499645807637
0.00426163253176549
0.00352217446074069
0.00340980231172501
0.00362211455021611
0.00420397527551221
0.00469022754016894
0.00448793136817534
0.00429521852307315
0.00399540643880718
0.00394139030102311
0.00405431567329832
0.0042798859234246
0.00466354555812716
0.00522210271211044
0.00494489177330362
0.00436047097178695
0.0036869420577248
0.00334412765376362
0
0
0
0
0
0
0
0
0
0
0
0
0
0
0
0
0
0
0
0
0
0
0
0
0
0
0
0
0
0
0
0
0
0
0
0
0
0
0
0
0
0
0
0
0
0
0
0
0
0
0
0
0
0
0
0
0
0
0
0
0
0
0
0
0
0
0
0
0
0
0
0
0
0
0
0
0
0
0
0
0
0
0
0
0
0
0
0
0
0
0
0
0
0
0
0
0
0
0
0
0
0
0
0
0
0
0
0
0
0
0
0
0
0
0
0
0
0
0.00093347502592652
0.00223606369731692
0.00374237030739028
0.00487963647712865
0.00545628692712352
0.00565724217210748
0.00501140477089437
0.00379147047023755
0.00303055449069642
0.00198841100095848
0.00185713631856711
0.00206297803242911
0.00211117272837378
0.003367427859335
0.00436555861190545
0.00403055819683798
0.00341450781114521
0.00350269420329768
0.00402654468731661
0.00465253856708042
0.00484820727815806
0.00447653535581565
0.00422863989023956
0.00393997620204845
0.00386761782973526
0.00392380914138697
0.00411988366690474
0.00448508483669336
0.00491579277246043
0.00445645779582163
0.00383383786858195
0.00325726946144256
0.00294687606420182
0.00277986953960433
0.00305050436038518
0
0
0
0
0
0
0
0
0
0
0
0
0
0
0
0
0
0
0
0
0
0
0
0
0
0
0
0
0
0
0
0
0
0
0
0
0
0
0
0
0
0
0
0
0
0
0
0
0
0
0
0
0
0
0
0
0
0
0
0
0
0
0
0
0
0
0
0
0
0
0
0
0
0
0
0
0
0
0
0
0
0
0
0
0
0
0
0
0
0
0
0
0
0
0
0
0
0
0
0
0
0
0
0
0
0
0
0
0
0
0
0
0
0
0
0.000758369944468891
0.00221698314351896
0.00390575053216528
0.00531424497696069
0.00573537137104922
0.00571746579284414
0.00550902819854046
0.00479093550939517
0.00371287030814157
0.00295156252154154
0.00193302413500855
0.00173494299680099
0.00196159430901975
0.00198992934283743
0.00322987953829512
0.0042075695127731
0.00379673556170235
0.00347974618461004
0.0039563086413314
0.00462458776434025
0.00491058427289507
0.00482839911390473
0.00442521631863992
0.00406984065055318
0.00374030721415475
0.00370464454229015
0.00378899182192322
0.00401339523649659
0.00428557242791455
0.0044117959104485
0.00386502705622469
0.00327960226191425
0.00277929700729423
0.00246309260560277
0.00236046252111479
0.00278824824016912
0.0032414673956374
0.00351014526437422
0.00309046369081169
0.00252055278840524
0
0
0
0
0
0
0
0
0
0
0
0
0
0
0
0
0
0
0
0
0
0
0
0
0
0
0
0
0
0
0
0
0
0
0
0
0
0
0
0
0
0
0
0
0
0
0
0
0
0
0
0
0
0
0
0
0
0
0
0
0
0
0
0
0
0
0
0
0
0
0
0
0
0
0
0
0
0
0
0
0
0
0
0
0
0
0
0
0
0
0
0
0
0
0
0
0
0
0
0
0
0
0
0
0
0
0
0
0
0
0.000793756313053066
0.00178983731142969
0.00361235295368554
0.0052631401663631
0.00619402704966442
0.00607402626522574
0.00564137610223248
0.00534005687242037
0.00478331007131917
0.00365621911998511
0.00283222090345031
0.00182735644354585
0.00168497146042066
0.00179598163798941
0.0017926214467265
0.0031710373004159
0.00411309021195254
0.00374545473382385
0.00379300245621708
0.00458810710192173
0.00495591932969317
0.00494196784956706
0.00473453532589055
0.00431809513390792
0.00380732552168571
0.00352699256790034
0.0036108978968032
0.00372051858871433
0.00386507965668025
0.00388905764391477
0.00381191544775579
0.0032760770873557
0.00271575953039417
0.00231690785656252
0.00214330616024749
0.00204380022292706
0.00252597653266725
0.00297756822347213
0.00344652351964372
0.00314227155040182
0.00258289535160538
0.00253250797070077
0.00202235916624557
0.00158777338143495
0.00144293981277895
0.00146252278965417
0
0
0
0
0
0
0
0
0
0
0
0
0
0
0
0
0
0
0
0
0
0
0
0
0
0
0
0
0
0
0
0
0
0
0
0
0
0
0
0
0
0
0
0
0
0
0
0
0
0
0
0
0
0
0
0
0
0
0
0
0
0
0
0
0
0
0
0
0
0
0
0
0
0
0
0
0
0
0
0
0
0
0
0
0
0
0
0
0
0
0
0
0
0
0
0
0
0
0
0
0
0
0
0
0.000696121278019177
0.0018075294138717
0.00291663607967415
0.00474711186432747
0.00606279446643716
0.00654113384801819
0.0060356469415226
0.0054778743990082
0.00532781047695784
0.00471414592829508
0.00361777650615945
0.00274425647886376
0.00179559445371473
0.00168744934342975
0.00156808563516777
0.00164210846630279
0.00311774966657495
0.00410699903576695
0.00386034548475404
0.00420922890449592
0.00504527943285417
0.00502918731930649
0.00485934739327204
0.00460947712003616
0.00417747483804792
0.00362239244633076
0.00348403075365018
0.00360049604239046
0.00359350757381409
0.00359278341479181
0.00344262952244574
0.00331093514653733
0.00274630657647258
0.00221595268908657
0.00203519847874282
0.00194094904096425
0.00176941618194649
0.00230478999568999
0.00286222648141761
0.0035397632568597
0.00328980509977889
0.00271737114344169
0.00266011559487328
0.00208094675531745
0.00151900863101929
0.00132167400925001
0.00132146226155043
0.00158490153619537
0.00176389581706757
0.00176086580334076
0.00153549477736817
0.00179498457891191
0.00200388483786322
0.00210419616150997
0.00193457083513087
0.00160872405597668
0.00142095830027032
0.00129328950510072
0.0011017046678164
0.000881879569319795
0.000742689795612917
0.000763335162558433
0.000583171077216237
0.000380055938888555
0.000244695803407341
0.000106107458357303
-1.24264642884173e-05
0.000112718099890912
0.000140328143142834
0.000144463973244076
0.000195278783798031
0.000255719809616105
0.000154246623576382
9.85187363423831e-05
7.54171998219548e-05
0.000151481364525467
9.99193727933176e-05
0.00011542675130405
8.04999118753362e-05
5.38206656317297e-05
1.87333643288594e-05
2.37159824609432e-06
2.68558904320002e-05
0.000130128318742586
0.000164209520942904
0.000244753715671638
0.000239851798981104
0.000223336064174725
0.000275573543509499
0.00038381154519796
0.000189418893252706
0.0001806948369946
0.000239316671523484
0.000232962911853346
0.000264701013178547
0.000266601228443589
0.000286338319084455
0.000278849501045673
0.000257610480237912
0.000245699163265473
0.00027685395519972
0
0
0
0
0
0
0
0
0
0
0
0
0
0
0
0
0
0
0
0
0
0
0
0
0
0
0
0
0
0
0
0
0
0
0
0
0
0
0
0
0
0
0
0
0
0
0
0
0
0.000644233869716686
0.00161019840212492
0.00284135965745696
0.003826670891859
0.00540466700096055
0.00631987504571746
0.0064705888723787
0.00583273460492845
0.00538886295035481
0.0052312796946499
0.00467882529768491
0.0036501653229441
0.00278902394205174
0.00183126896777441
0.00156020107553036
0.00139632481327859
0.00153617536737763
0.0031587601417681
0.00427151649589829
0.00410794477224788
0.00452097700148132
0.00518195233848993
0.00497914501956751
0.00469920527916667
0.0045000188691126
0.00416676893584865
0.00369635759416437
0.00344947770811225
0.00345475157537309
0.00336127882365652
0.00329741621666992
0.00308221317533282
0.00284692145799282
0.00228879184040395
0.00189766026126829
0.00181803511194645
0.00169984556094297
0.00157358117443403
0.00225326165126083
0.00295169259572882
0.00374063859858129
0.00350463001105794
0.00287004804389069
0.00280908948453709
0.00212124655177673
0.00142646143237949
0.00119621714783259
0.00118291968736598
0.00148088944343392
0.0016517131803632
0.00166418767574983
0.00145271325376055
0.00173895305388326
0.00186866439988145
0.00187997482706737
0.00173315204624878
0.00148070764052012
0.00137395129306026
0.00126383604195087
0.00103860612607782
0.00085597570000011
0.000851744839236727
0.000845114670961319
0.000524189874083603
0.000273365976977126
0.000178360283315793
6.23006912821288e-05
-5.03146646296736e-05
5.60835697290622e-05
4.09235361183432e-05
1.56036521021095e-05
4.49983611966289e-05
5.71581685754432e-05
-3.70332800336926e-05
2.93887807783228e-07
7.27107260896283e-05
0.000192336228936492
0.000147944499125175
0.000136612277990062
1.77410772535205e-05
-7.40249638573774e-05
-0.000158121527806509
-0.000150877416155988
-6.99880198754836e-05
0.000115901667092073
0.000234028242708171
0.000327827948477904
0.000298380305677755
0.000306667842149782
0.000391226437306497
0.000315835260152146
0.000142526755722174
0.000257950669990217
0.000314788857917335
0.000283992905730689
0.000306484039149933
0.000360785981430456
0.000370157770761248
0.000344949737925517
0.000320329038030126
0.000342248757444058
0.000464988182258983
0.000554837744976716
0.000414020487600956
0.000247459826673829
0
0
0
0
0
0
0
0
0
0
0
0
0
0
0
0
0
0
0
0
0
0
0
0
0
0
0
0
0
0
0
0
0
0
0
0
0
0
0
0
0
0
0
0
0
0.000690858397293512
0.00161549976890937
0.00252633947108638
0.00358035501406984
0.00435442150491427
0.00557864264798202
0.00618192757121162
0.00621956463454918
0.00569455344655126
0.00525539710570156
0.00512498269062106
0.00468025771144491
0.00374496256087853
0.00288366741587799
0.00179022654785261
0.0014251982828135
0.00130702812753291
0.00161436357569545
0.0033829396383285
0.00453093036898573
0.00425081126287671
0.00458640581728133
0.00518272013837304
0.00476171243958377
0.00457740677094593
0.00451384840306538
0.00432832545425987
0.00369620990780954
0.00329461129289857
0.00324627681036972
0.0031711006797218
0.00304110679285099
0.00269644207925741
0.00241323422458416
0.0019324909065591
0.00165150600903369
0.0016138762003426
0.00159702291628331
0.00161977276098277
0.0023930112936634
0.00314475107701788
0.00400314389687272
0.00373850923805551
0.00303580490518815
0.00285163067684251
0.0020728022197017
0.00135091792878297
0.00103123391047795
0.00107812099476977
0.00141849358510678
0.00161383461096806
0.0015885209194467
0.0014148524087994
0.00160063415236156
0.00168321466560912
0.0016679830297404
0.00157405067475817
0.0013786016154614
0.00132686272085968
0.0012283509223367
0.00106170062543278
0.000986250724019002
0.000924138681127753
0.000749057871998051
0.00040340641570066
0.000199842530183084
0.000121075319494005
-1.51107578349545e-05
-0.0001371139822893
-8.04755481816876e-05
-0.000121534409196331
-0.000180704513321362
-0.000214428761005418
-0.000233092609170205
-0.000220688281652371
-6.11587868784358e-05
9.6861488384122e-05
0.00025731639142593
0.00014977598312126
5.53470285946131e-05
-0.000148295160087868
-0.000301596897423126
-0.000335573928742656
-0.000271228429302695
-0.000100338260892427
0.000215884948007219
0.000357210499790892
0.000421531158743172
0.000388455763295644
0.000397371210940651
0.000377636902417521
0.000294869464147183
0.00026219518591959
0.000405662557855811
0.000408533861868328
0.000342747025863695
0.000395681357486446
0.000474489414589301
0.000457144690881343
0.000443757561775981
0.000459048692286178
0.00057712569094263
0.000783768864110565
0.000795451681145326
0.00057711381558199
0.000353517783001944
0.000359151195870934
0.000285911402111263
0
0
0
0
0
0
0
0
0
0
0
0
0
0
0
0
0
0
0
0
0
0
0
0
0
0
0
0
0
0
0
0
0
0
0
0
0
0
0
0
0
0
0.000879575786361148
0.00178559832907866
0.00252863486603292
0.00316683982611034
0.00401330500092351
0.00449769300610901
0.00548927193674103
0.00601478353621701
0.00606803802361831
0.00547390135533374
0.00512843431524051
0.00501793048357574
0.00467913254352723
0.003921627831453
0.00289185226451679
0.001727017868973
0.00142784111441671
0.00139377413471047
0.00183202042286567
0.00362694360238982
0.0046675439755702
0.00421804023501081
0.00461375052520443
0.00512086496718502
0.00473182857701862
0.00456675245973961
0.00474271718118904
0.00435647342676713
0.00350571507518433
0.0031173847648582
0.00316013340450767
0.0029998262037471
0.00270342146194053
0.00226836699075936
0.00200954693824437
0.00163584710816239
0.00144581628531303
0.00155153068745156
0.00171999221869624
0.00180723572733156
0.00258303278926611
0.00339632856198234
0.0042643451620938
0.00397637241551891
0.00319142319415023
0.00295933241587515
0.00206835260683283
0.0011609856129845
0.000932405328427842
0.00105033877829903
0.0014513971172163
0.00164408603786566
0.00160041133127153
0.00125582619709521
0.00141890102374067
0.0014982953716455
0.00147912243111915
0.00141608716362233
0.00128274627780749
0.00131133327843887
0.00127953309712027
0.0012333853368039
0.00108687537186972
0.000840559855215068
0.000702097840517629
0.000450802470253123
0.000221721942409203
4.97717910599901e-05
-0.000141531534060261
-0.000293576553231883
-0.0002631158089336
-0.000342959918070839
-0.00042252269207882
-0.000461640401945584
-0.00042048525810891
-0.000319105928044375
-7.2650199081871e-05
0.00017773371250441
0.000305078188432262
6.18383979529448e-05
-0.000153845336754096
-0.000424493287226625
-0.00054650077457951
-0.000512153079358197
-0.000347250003887889
3.53021752211562e-05
0.000388372776951286
0.000480534945368045
0.000521529807878059
0.000479871622721272
0.000426213178200867
0.00040917861038904
0.000455052575667394
0.00046122088958191
0.00053932698177869
0.00049165456896746
0.000426916280426024
0.000532497156591787
0.000582933535417453
0.000567007146224248
0.000614179602019566
0.000721749337381347
0.0010132578649608
0.00114812107674517
0.00110338168260434
0.000847214374927313
0.000546246608980411
0.000460504531524543
0.00037083916471783
0
0
0
0
0
0
0
0
0
0
0
0
0
0
0
0
0
0
0
0
0
0
0
0
0
0
0
0
0
0
0
0
0
0
0
0
0
0
0
0
0
0.000868204743122536
0.00198156940337387
0.00277745354747491
0.00321178322509539
0.00353516996517456
0.00416634599998621
0.00450232268220993
0.00542049172126645
0.00579027420370707
0.00566818482477371
0.00525634769958524
0.00494706298885649
0.00492609378837063
0.00476046854512053
0.00400471081235549
0.00289554296125404
0.00178640583000893
0.00159715904061194
0.00162155291786315
0.0020712201835068
0.00381224149013041
0.00478092496650774
0.00427989962790454
0.00466471291404037
0.00514997358346822
0.00466839626107458
0.00470123341663319
0.00477801010664002
0.00418417540961782
0.00330693767469418
0.00298746379423865
0.00302585170934797
0.00276883930857385
0.00233736310191894
0.0018334394321665
0.0016887011427904
0.0014244770154655
0.00139501898609373
0.00164860605621895
0.00187222568531081
0.00198642963621799
0.00279606385709354
0.00363908202543251
0.00452595046358356
0.00421691498641938
0.00337429503466818
0.00299645112273395
0.00181831496139814
0.00110146828661983
0.000956154627618023
0.00117916542284232
0.00159979439358652
0.00169861467324736
0.00139597228537455
0.00110881271319526
0.00127595728112412
0.00132887314962742
0.00128883739780405
0.00129899139861252
0.00125319519762164
0.00134915619865071
0.00139968429241504
0.00133443914346406
0.00106030273649001
0.000801009712080324
0.000768848750084478
0.000544501469208854
0.000186867737219572
-8.03986696490214e-05
-0.000317555875169515
-0.000467893169501762
-0.000474105374165585
-0.00055950103012803
-0.00062265835197798
-0.000619058935048087
-0.00051495235216775
-0.000357357705873028
-5.97316434763742e-05
0.000196561848314832
0.00023184637118492
-0.000155582570791524
-0.000465589474105896
-0.000737228871528823
-0.000764501183603258
-0.000625928512417026
-0.000309180071137183
0.00015721283797487
0.000496160679083514
0.000562305210046488
0.000614636530254696
0.000551958344984098
0.00051245840799419
0.000571261484171499
0.000731927894354014
0.000643624178535062
0.00063182386432717
0.000574636782672276
0.000542156328501862
0.000646966011309708
0.000708481922264878
0.000746537988736348
0.000884244290859546
0.00110757689716682
0.00139668262665824
0.0014836901765408
0.00144595200523774
0.00109001330808344
0.000688487822297742
0.000566722648810014
0.00040390517542093
0.000197965187612194
0
0
0
0
0
0
0
0
0
0
0
0
0
0
0
0
0
0
0
0
0
0
0
0
0
0
0
0
0
0
0
0
0
0
0
0
0
0
0
0.000866401835620957
0.00203398879927069
0.00296923828557683
0.00351432958893192
0.00361682608366554
0.00370318490081479
0.00426376019334002
0.00449099950152939
0.00524475336545221
0.00547273810480921
0.00537746765222469
0.00494491086538213
0.00470523217494634
0.00487515480840109
0.00479886163880936
0.00404899667286716
0.00296869003139036
0.00192175041874009
0.00179175567598288
0.00180231058036298
0.0022412854435149
0.0039788135142407
0.00492205386550998
0.00437406618697699
0.00479594636591338
0.00524069512491144
0.00478661797789575
0.00468188058208025
0.00457049210372262
0.00396300280675596
0.0031547859028498
0.00287774525546725
0.00287620481966097
0.00249886207359984
0.00195109654187601
0.00150329903242897
0.00148066561281317
0.001366745917353
0.00149060166162747
0.00178311164632937
0.00200466704574692
0.00215571991798857
0.00300598018124947
0.00387993725882421
0.004790830791861
0.00444107093373055
0.00346852348976022
0.00290186712489348
0.00175509254933795
0.00114719795449188
0.0011065852317626
0.00141901918322807
0.0017756726000511
0.00169090141913656
0.00132816648277092
0.00101503011556175
0.0011290920151767
0.00119306183405397
0.00119776800472391
0.00127136468216622
0.00126049851908848
0.001400798076873
0.00145232844673239
0.00132021102532685
0.00103578810805385
0.000839555130481309
0.000879430412366692
0.000599811567494046
0.000123992610064679
-0.000218542020569138
-0.000486714825894916
-0.00065982910012059
-0.000658450252058998
-0.000722838494719154
-0.000746513430065044
-0.000701190301930117
-0.000574008759944896
-0.000401320556703867
-0.000115154694284642
7.74652615612951e-05
-4.39548367919549e-06
-0.000516799098880975
-0.000860790789632596
-0.00101360876616908
-0.000914173137867625
-0.000658726731376615
-0.000267119989620299
0.000214117723013942
0.000557163838778306
0.000627400749773917
0.000693097833649194
0.000650151552352113
0.000665990223932603
0.000772160053622885
0.000943544616429634
0.00075753829749804
0.000704510491434613
0.000679035343493855
0.000647215087031126
0.000744324825940242
0.000860959482233328
0.000995004415853135
0.00123979247900264
0.00147152397195594
0.00171092004500043
0.00177640371601589
0.0017058957188398
0.00127572992133289
0.000804238718947491
0.00059552464830937
0.000375665851171712
0.000208859060784557
0
0
0
0
0
0
0
0
0
0
0
0
0
0
0
0
0
0
0
0
0
0
0
0
0
0
0
0
0
0
0
0
0
0
0
0
0
0
0.000922797893573896
0.00219390984345857
0.00314768378096088
0.00377939474172974
0.00400500245041988
0.00385514849638884
0.00385502866317107
0.00428676235492226
0.00436112561821089
0.00499042326755184
0.00515955905860302
0.00491886208413514
0.00448753201780164
0.00451644978435643
0.00483476229477924
0.00479575908331888
0.00408131990871996
0.00306347940194058
0.00201506130680257
0.00188244768001641
0.00189364981538562
0.0023868902516179
0.00410367003833812
0.00505535181681969
0.00457443751213451
0.00503101902057467
0.00538905864565093
0.00473224494424235
0.00440767040800991
0.00434314792372947
0.0038132413432774
0.00310423990197767
0.00278622305978101
0.00268265568944187
0.00219716221031627
0.00164509618897768
0.00128810034083285
0.00142793154593278
0.00144887287440822
0.0016364414803342
0.00191351066945696
0.00214160416403774
0.00234314128988106
0.00320792641902614
0.00412702007718594
0.00501958272130124
0.0045686264100312
0.00347539522895896
0.00288672520579905
0.00174648382554589
0.00129148981852292
0.00143968768447861
0.00171680850086187
0.00195338171721713
0.00175287247699021
0.00127720756213224
0.00086071155678875
0.00103632738701843
0.00115655082820589
0.00117568805564286
0.00124830403150707
0.00125174646576561
0.00139393439021862
0.00142664269504162
0.00130346424385105
0.00105418099362915
0.000911085180534648
0.000939262043238864
0.000586879652989152
4.34289587538936e-05
-0.000343872119049439
-0.0006241150184003
-0.000793517650870675
-0.000770553814516093
-0.000816341464057394
-0.000794321117204755
-0.000742844428037236
-0.0006549323773344
-0.000514333519234509
-0.000304543491512098
-0.000205161783899386
-0.000396982191725209
-0.000954655819974153
-0.0012073735086905
-0.00120599745375085
-0.000986622178185168
-0.000655568419360465
-0.000231170391075836
0.000258984325077668
0.000597276509847724
0.000685196609286622
0.000774735840551099
0.000770052227278114
0.000789399438936105
0.000906947557337937
0.00105991046318244
0.000839891049669707
0.000799061231242264
0.000766746636356049
0.000725783164775126
0.000819243751415184
0.00102715178488781
0.00130893597569209
0.00158938787704049
0.001776505698438
0.0019643212785533
0.00196929756249088
0.00186089269650615
0.00136062216525577
0.000792239843334493
0.000544752742396484
0.000381663351306523
0.000306339290830662
0
0
0
0
0
0
0
0
0
0
0
0
0
0
0
0
0
0
0
0
0
0
0
0
0
0
0
0
0
0
0
0
0
0
0
0
0
0.000986962691383178
0.0025402391534792
0.00348309336582207
0.00410555499529591
0.00439766875061561
0.00430226333842304
0.00404362893879802
0.00386033147514981
0.00409181203443154
0.00417273154113718
0.00470899069825839
0.00459872072919767
0.00421374033649935
0.00419791829186743
0.00442868344163732
0.00482723424816301
0.00482666961919136
0.0040737841255086
0.00307109620381797
0.0019425247618435
0.00184663063513992
0.0019552172031681
0.00243249565971709
0.00416824766547674
0.00533040813840777
0.00490848825927228
0.00523960620785975
0.00527024514630599
0.00434474515129542
0.00416464302381122
0.00419018622193095
0.00375328225456416
0.00309633596478992
0.00264863521526502
0.00242503880954593
0.0019532361131102
0.00147943163443504
0.00122761186498546
0.00151738726813056
0.00159603705439253
0.00179004265391354
0.00203349679955406
0.00226308811772984
0.00251707707714705
0.00338097069237377
0.00430674421201968
0.0051380157938816
0.00462592177989313
0.00350800359364399
0.00288434209863325
0.00176983512189029
0.00172733170353085
0.00185577669876948
0.00207533123837985
0.00213235256692092
0.00172587943447831
0.00104859269357624
0.000797361085934947
0.00106798276890194
0.00116541161033667
0.00110264384754029
0.00118468519931374
0.00120743063108839
0.00133536373035843
0.00140167491609373
0.001314697839944
0.00109203277386087
0.000942947444304171
0.000918256375040277
0.000541664501487371
-3.26052373988086e-05
-0.000418547054387386
-0.000701317255134458
-0.000836890763745414
-0.000824987486814719
-0.000852680959979708
-0.000811060249060552
-0.000813523332870401
-0.000780369854169135
-0.000760114934201573
-0.000626115917302904
-0.000627026859614424
-0.000861750786732877
-0.00133050613262911
-0.00142150019430274
-0.00129991749354398
-0.000995821325845047
-0.000622721572106815
-0.000189718876787904
0.000269842441061666
0.000620049651799688
0.000738211586750162
0.00086018938025142
0.000848962920223607
0.000864454270131708
0.000996025492011053
0.00116928908494429
0.000941281085125747
0.000872063833377222
0.000823776085766728
0.000774840277739693
0.000896830637536552
0.00126060177316131
0.00163577408374703
0.00187967869110374
0.00198948793538443
0.00209053582732981
0.00205500302161248
0.00191171938854862
0.00129645663365598
0.000690228827479395
0.000569843582587683
0.000489721587470797
0.000467042621132673
0
0
0
0
0
0
0
0
0
0
0
0
0
0
0
0
0
0
0
0
0
0
0
0
0
0
0
0
0
0
0
0
0
0
0
0
0.000857887040591784
0.00235686815326421
0.00384132379298177
0.00456295852089647
0.00484733704743397
0.00480636868668626
0.0044451182705981
0.00391712475730129
0.0036385054250201
0.00393046158221063
0.00396886049526725
0.00419530887498909
0.00398548690239773
0.0039030971429688
0.00414477221906568
0.00442464480966151
0.00485085932797343
0.00479133251729997
0.00397388224267565
0.00292416854326733
0.00165710405406234
0.00170037756615789
0.00183489406068521
0.00240355310327186
0.00430698121282135
0.00554771372985518
0.00499938738311089
0.00512123226891376
0.00498579088342131
0.00415416505241891
0.00404355288816731
0.0041226280228069
0.00373672591873303
0.00304707080460349
0.00247181713471782
0.00223144888386489
0.00182108432102635
0.00145607164882612
0.00132693176674099
0.00166501582846088
0.00174210401125979
0.00190972648079865
0.00213368252743225
0.00238919010728904
0.00263782762099549
0.00345984510795537
0.00436601730988665
0.00518733018468546
0.00463972720061188
0.00350611710001221
0.00301650755508751
0.00218764311985565
0.00223779351509751
0.00223010420105651
0.00227247811129541
0.00216049121668814
0.00162822888667611
0.00102502540720027
0.000906196303742061
0.00114837022742814
0.00114970964252128
0.00103801424821264
0.00114257457114409
0.00115606063436698
0.00130064544200896
0.00142714570821016
0.001370948965223
0.0011114736365668
0.000935583666132613
0.000953449604395752
0.000620323586713331
4.09608321694365e-05
-0.000365289920017785
-0.00066518812279477
-0.000835981517629546
-0.000841111614641716
-0.000881246224421136
-0.0008852656612361
-0.000955368713635993
-0.001041804547327
-0.00111799152338181
-0.00103844521504815
-0.00107599751581177
-0.00124169921731246
-0.00155966207511872
-0.00152671663322301
-0.00131418813792675
-0.000948146631640775
-0.000557098649013626
-0.000156522247924414
0.000276732304020236
0.000646674742751772
0.000781904445173243
0.000885878051223742
0.000885219672239264
0.00095895405193828
0.00109183333297674
0.00130177428869829
0.00102667545625634
0.000936281560444105
0.000851277477013227
0.000839661595270912
0.00107954538844472
0.00154229807907418
0.00190440234436359
0.002045935823713
0.00206838648316934
0.00212660307800531
0.0020616218014832
0.00188859219118309
0.00124953403278945
0.000771903060199613
0.000735587105131515
0.000670120664887145
0.000649591911061588
0
0
0
0
0
0
0
0
0
0
0
0
0
0
0
0
0
0
0
0
0
0
0
0
0
0
0
0
0
0
0
0
0
0
0
0.000857833283501149
0.00208931480456103
0.00368447229329957
0.00498053140141906
0.00535507882759202
0.00528145322448026
0.00493146752934967
0.00430803179557455
0.00358670680626173
0.00341486640971051
0.00379487347982033
0.00358692153523493
0.00364409846401937
0.0037384099204523
0.00396466463966082
0.00414178448254884
0.0043993036610812
0.00481613205198232
0.00469299734405668
0.00381863069227203
0.00264219694967092
0.00127185235134289
0.0014959944861581
0.00171427691428292
0.00244511648243261
0.00440503018205002
0.00557229329450246
0.00486374845347101
0.00490465776878655
0.0048283128006841
0.00412234206124072
0.00396826305964613
0.00409073491672171
0.00370482268397594
0.00296667224324779
0.002308255039717
0.00212934538871282
0.00176880988497819
0.00152158648136835
0.00143855414138676
0.00179791132093191
0.00185216921004627
0.00199043754574979
0.00223964340705999
0.00247863361016614
0.00263349014397549
0.00343463177028904
0.00435734493510908
0.00518353127032158
0.0046569428849339
0.00365589417732541
0.00343164071920963
0.00275280144651939
0.00262814146130285
0.00244101102820909
0.00236847150618508
0.00217120481852573
0.0016721785792401
0.00122616465854644
0.001021898601346
0.0011802200011978
0.00114067613888485
0.00104215972208337
0.00113483633332638
0.00113993553953687
0.00132831741096148
0.00150733602722773
0.00143247405562484
0.00110499416522093
0.000979093531304929
0.00111418421185611
0.000831680453832486
0.00022664162091293
-0.000241125073518551
-0.000603401835860819
-0.00082250917213198
-0.000875740432930373
-0.000972601075909882
-0.00104925359341886
-0.00122950373692414
-0.00139839274301952
-0.00151522082151686
-0.00143040420829333
-0.0014130951940668
-0.00145349668103529
-0.00166557699397422
-0.00155218859318497
-0.00128397107989878
-0.000885285179293122
-0.000501749652469523
-0.000119697994696313
0.000290561236209605
0.00064926515325769
0.000756548125445026
0.000863033714734208
0.00090988161392304
0.000998139007992484
0.00113958049393439
0.00135762626722139
0.00105047897275168
0.000980270368433296
0.000883804843877089
0.00095954895544682
0.00123535939099363
0.00169226966053041
0.00196895846474287
0.00205476496840821
0.00205659694859421
0.00209944458182843
0.00201207027245065
0.00190624116166645
0.00140398496394966
0.00102214241246667
0.000937673744501065
0.000867310764996262
0.00082188461084564
0
0
0
0
0
0
0
0
0
0
0
0
0
0
0
0
0
0
0
0
0
0
0
0
0
0
0
0
0
0
0
0
0
0
0.000940115611436698
0.00211616928435577
0.00340615274166259
0.00489438863389596
0.00577144509021744
0.00577397569628279
0.00536107991239924
0.00468817615363749
0.00399433378698614
0.00329982966168855
0.00322699543980696
0.00351518921688066
0.00321425887896882
0.00347903551112712
0.00383852610932537
0.0040237467249437
0.00408565982129631
0.00432083630691028
0.00474345908179771
0.00454198223096324
0.0036057846108917
0.00231008179796082
0.00102733700632744
0.00140229147125679
0.001753317717957
0.00251055555845797
0.00440211767268802
0.00541885582219332
0.00463361239103814
0.00474707270469749
0.00477370900248235
0.00409778995764913
0.00397612829894568
0.00407734104912139
0.00369725091321425
0.00287354013220957
0.00215512611054787
0.00204073707888315
0.00176293855034113
0.00159857150747987
0.0015353568885032
0.00188755725631122
0.00193112257016808
0.00206424157011131
0.00231911807098041
0.002460619921304
0.00253447033429337
0.0033689874724701
0.00431115728260054
0.0051892943600854
0.00480141093065178
0.0039894987447426
0.0038709163760538
0.00311096905747141
0.00283497099093552
0.00258258962872895
0.00247932678390595
0.00225183569385945
0.00180003550534048
0.0013391969929472
0.00105285936603941
0.00124080174319816
0.0012259840036924
0.00107053354110677
0.0011545329878867
0.00118476250850007
0.00141479481947972
0.0015921962684763
0.00145387070195919
0.0011250466697461
0.00109754893798416
0.00131593428706958
0.00104675934097861
0.000376298644108574
-0.000174245909059585
-0.000584237332613907
-0.000857524052205537
-0.000974749042199081
-0.0011383781312829
-0.00132412076712016
-0.00157382699216283
-0.00175455348497543
-0.00184868200288271
-0.00173244214756579
-0.00160325624994855
-0.0015303593792137
-0.00168458642722544
-0.00151854815217272
-0.00123052833021474
-0.000821456632634109
-0.00043917511103045
-9.06733321652282e-05
0.000252583361760134
0.000563017124873584
0.000662186129676589
0.000820303721701545
0.000907402742420353
0.000967150264059317
0.0011189545058928
0.00131556112619451
0.00104420016084644
0.00101126951445859
0.000965860141484442
0.00103852211222343
0.0012548548478946
0.00164231184885963
0.00189004229512273
0.00199265408489597
0.00200871394008664
0.00202908625214652
0.00200968510230021
0.00204836692616852
0.00166521739768227
0.00126176424508425
0.00113711247944474
0.00105809552428128
0.000960354607216305
0.000865542586971322
0
0
0
0
0
0
0
0
0
0
0
0
0
0
0
0
0
0
0
0
0
0
0
0
0
0
0
0
0
0
0
0
0.000993224492244016
0.00225128439248708
0.00341292100008706
0.00462291842692351
0.00573537354045065
0.00616868752300421
0.00582777706005758
0.00513807105593418
0.00435455872232682
0.00364813211912474
0.00301690803213551
0.00297306947797666
0.00330516514337457
0.00311166057541376
0.00363521981721403
0.00393826455319174
0.00396735423200829
0.00403641669982929
0.00426942525729926
0.00460680614103016
0.00431585564397886
0.00326740585835117
0.00200874637404672
0.000946880162605666
0.00145447410910142
0.00179571661128064
0.00251640572986684
0.00425969304778341
0.00522453252142231
0.0044503483473569
0.00465727389628985
0.00476471350470544
0.00414550723333847
0.00404974148604832
0.00414320291060923
0.00363110474776914
0.00267836955883361
0.00201943836427051
0.00198534392306111
0.00178981898752725
0.0016978548988283
0.00162278673007101
0.00197413419495627
0.00202027250288926
0.00212801534207595
0.00233056041955907
0.00237314812587698
0.00242274714679004
0.0033126261138639
0.00427868142696466
0.00528987209843549
0.0050290703063637
0.0042675852447765
0.00412579847109258
0.0033078175023924
0.00301297817007104
0.0027832943246422
0.0025875288845095
0.00233386311268664
0.00183352755818664
0.00133172653693692
0.00115307503637249
0.0014494869188073
0.00133225494775657
0.00111728528248368
0.00121931662741923
0.00129341368786789
0.00151469372994967
0.00164833279836567
0.00149241614227545
0.00118530986290033
0.00123055489920534
0.0014960114177492
0.00119769932220401
0.000425265018186929
-0.000178078211603092
-0.000620909615938915
-0.000958845621624838
-0.00114083183758967
-0.0013869389353339
-0.00163723149209178
-0.00188446215390505
-0.00204026006402335
-0.00212527860887885
-0.0019431781116734
-0.00170666930108447
-0.00155092100431584
-0.00165926995042236
-0.0014531253051415
-0.00115465627569656
-0.000746188527059792
-0.000388970056817504
-8.8273374827214e-05
0.000130779902123808
0.000417738879264252
0.00055293486881027
0.000789533827298046
0.00086437449835323
0.000869343283543954
0.00102556775102843
0.00126076756188718
0.00103645105496345
0.00106200420477134
0.00100838326061058
0.00100662282539869
0.00113051728509041
0.00150257044208919
0.00179003997172769
0.00193364219234495
0.00198033008395982
0.00203896013732649
0.00211935178114737
0.00227510496972793
0.00185925268670777
0.00141479566613279
0.0013123078220603
0.00120916259455863
0.0010290858096728
0
0
0
0
0
0
0
0
0
0
0
0
0
0
0
0
0
0
0
0
0
0
0
0
0
0
0
0
0
0
0
0
0.0010675063773354
0.00233273187788697
0.0035928628335231
0.00467602393825554
0.00547887857491222
0.00609857282071013
0.00618277800971661
0.00558035433404156
0.00483216912029535
0.00403522750578442
0.00320272157466282
0.00272204779799909
0.00289087868795759
0.00327064069024241
0.00331736967165006
0.00372517341965178
0.00387970103889197
0.00395905528586341
0.0041020028839545
0.00411943076841595
0.00440081034551949
0.00390122471928405
0.00285497488852723
0.00189156248672579
0.000962828233440859
0.00144560401890544
0.0017833708183162
0.00239614465114671
0.00407335914287643
0.00507409941986373
0.00431896905993335
0.00463658200657097
0.00484742837669306
0.00427101268579127
0.0042498385811208
0.00404165971146746
0.00339060949651244
0.00247825767960595
0.00190642481331416
0.00196031605943702
0.00185208723432513
0.00173796533407706
0.00171065580533002
0.0020860603993675
0.00210739053009926
0.00214780503533635
0.0022375880304899
0.00224585848307392
0.00236798336741615
0.00328490534132988
0.00433357381181955
0.00541682993060527
0.00515773684228714
0.00436278931411414
0.00423018750661271
0.00352643707866075
0.00334856437772424
0.00288516360339885
0.00263038877530601
0.00232890935917132
0.00184937774802226
0.0014892882503109
0.00149796712156106
0.0016193517989167
0.00146553126837521
0.00122288655698108
0.00137929712100293
0.00141753267602141
0.00157712651692862
0.0016951122537192
0.00153355293529592
0.00125630975269465
0.0013204181613453
0.00157772824167809
0.00123396369569112
0.000417252959060786
-0.000203805434645139
-0.000714960249318074
-0.00110582450735672
-0.00136115249081272
-0.00163845400957885
-0.0018692936006955
-0.00212007895222711
-0.00231364672743204
-0.00236285573056787
-0.00206560006485807
-0.0017503603505304
-0.00155081312251623
-0.00161423723911507
-0.00139229037823284
-0.00109232433391568
-0.000677593099036719
-0.000334881277674935
-0.000183144541062531
-5.63207737516097e-05
0.000269601678928325
0.000495191919410618
0.000730676980430944
0.000749245088549338
0.000721485851985017
0.000890316215129312
0.00116878985551443
0.0010394154512847
0.00106392742403259
0.000963375982516826
0.000873511154222126
0.000981376114711124
0.00137629554572623
0.00173127870291305
0.00194180688893018
0.00202811852868216
0.00211627484201733
0.00227503002493202
0.00240953669907196
0.00192855563974662
0.00155040583525783
0.00145487087881895
0.00126168590209717
0.00107949442380476
0
0
0
0
0
0
0
0
0
0
0
0
0
0
0
0
0
0
0
0
0
0
0
0
0
0
0
0
0
0
0
0.00112140293553965
0.0024473721011214
0.00376562315201173
0.00482906912212447
0.00559826492933683
0.00583034867294173
0.00612996287484332
0.00593034494273261
0.00525096116460444
0.00455058795244929
0.00359238666306641
0.00274938650527557
0.00257350849838484
0.00285040554502204
0.0034244883971515
0.00332859717260709
0.00362078598289787
0.00396581497769825
0.00422110279864273
0.00388609411985908
0.00395103309964647
0.00400435598849434
0.00345118549991538
0.00264164503653177
0.00185559097413658
0.000868661182312508
0.001333892895375
0.0016697890191419
0.00226361082925668
0.00399148997966813
0.00498023098416747
0.00426430961099457
0.00479304901892498
0.00502141462552038
0.00466216973705726
0.00414466059484031
0.00377571007154801
0.00311810458548361
0.00226691704268156
0.00181946140170361
0.00200139476398972
0.00181247725067448
0.00175686828119592
0.00180895156634757
0.00216624113117475
0.00207573956087403
0.00202523403335067
0.00207401382327925
0.00213572479061291
0.00233639643281954
0.00328491403172822
0.004389033501589
0.00543363495313396
0.00515055627536179
0.0043799998811386
0.00444350754538682
0.00397519841035638
0.00339421340167907
0.00288912301015075
0.00257329367705072
0.00231430707623756
0.00204899535157524
0.00205190228937789
0.00165033488360462
0.0017914887513363
0.00164706244425767
0.00147954743494716
0.00154336553707424
0.00148779303623923
0.00163893805307349
0.00173202708048011
0.00155696674051298
0.00129420326219938
0.00137097230236278
0.00159546029672177
0.00121247717722652
0.000441388740307655
-0.000267120690481092
-0.000807378271479082
-0.00128111114340501
-0.00154524063056753
-0.00182326746265084
-0.00205910299318603
-0.0023690421899922
-0.00256196295911373
-0.00248763367124125
-0.00206706892849029
-0.00175762661780454
-0.0015240538364357
-0.00155933784395589
-0.00133910914887806
-0.00104021530710783
-0.000589701551508443
-0.000393610640164319
-0.000362058529466493
-0.00023518909588771
0.000178777074202261
0.000439708738467374
0.000594232088986539
0.000570289476265435
0.000528012312753657
0.000731948165820958
0.00104288426107778
0.000989830597702127
0.00100220288964086
0.000837288821236861
0.000755740313502976
0.000878732685208921
0.00131511733306491
0.00177636912300445
0.00202771491278792
0.00210815953105695
0.00219845959538918
0.00234227380937755
0.00239600867595395
0.00204284206456105
0.00169965580865529
0.00149089985443004
0.00128088373715817
0.00109477317235051
0
0
0
0
0
0
0
0
0
0
0
0
0
0
0
0
0
0
0
0
0
0
0
0
0
0
0
0
0
0
0.00110931725577482
0.0024832577777384
0.00391489627924523
0.00509496822055669
0.00584184912349827
0.00595982272880415
0.00586384341419266
0.00592501678321353
0.00566581251041861
0.00506235668812705
0.00424206820436811
0.00317446576117612
0.00254141294683043
0.00245967181324866
0.00276323029114128
0.00325194545506012
0.00318504926491046
0.00354263394955528
0.00385201182863816
0.00378954367352841
0.00373195495832443
0.00366911427179302
0.00365361003149471
0.00331018366226766
0.00255491846301399
0.00168832725289168
0.000744340439234126
0.00119874685808467
0.00159732530163583
0.00235068098589999
0.0040318758207675
0.00494227945819069
0.00446325811907186
0.00491317775847598
0.00515831702813457
0.00440757076800964
0.00393256194517464
0.00353108410128867
0.00288592007755556
0.00208298978252828
0.00176537886814652
0.00184350876649018
0.00179619103731996
0.00187585297530355
0.00195911722168041
0.00207990486522974
0.00190462249335492
0.00183187734487968
0.00193831649577375
0.00205457218305764
0.00229112186248847
0.00328573057540209
0.00432503002977229
0.00535339265209847
0.00511644777624786
0.00452246273623853
0.00463712990699706
0.00386739295523424
0.00337466410465986
0.00280868967924631
0.00250465126354232
0.00240228816821005
0.00229805211120987
0.00198319013329452
0.00180783453097393
0.00199256959045638
0.0018065625260911
0.00151044131289186
0.00159033536222825
0.00159380675378145
0.00171060576835314
0.00175182762159935
0.00156291701781706
0.00130401683427715
0.0013648052268923
0.00148896290619513
0.0010866488023884
0.000258576628529806
-0.000403248878129851
-0.000939733230787874
-0.00137596956007471
-0.00166057751283064
-0.00197598202602156
-0.00228412723303424
-0.00257864028436079
-0.00264373890954678
-0.00240117991511062
-0.00202245669650863
-0.00172491712237456
-0.00146873730325372
-0.00150298960574003
-0.0012495970346952
-0.000852206420573644
-0.000614481531911251
-0.000580588464689386
-0.000528061726877253
-0.000314558202782817
0.000115260123412827
0.000284427189353925
0.000400367326128349
0.00037349977346128
0.000358551902966328
0.000615371178478742
0.000911778828993312
0.000832844030614991
0.000834136176890504
0.000745637386476419
0.000706896420922345
0.000874388141535856
0.00137926302007865
0.00189752158260358
0.00211282934099711
0.0021670376413859
0.00221826340810591
0.00228908615654622
0.00236424860699908
0.00201378416077868
0.00167674495449027
0.00153271356004153
0.00126940963150868
0
0
0
0
0
0
0
0
0
0
0
0
0
0
0
0
0
0
0
0
0
0
0
0
0
0
0
0
0
0
0.00102676103761162
0.00244567580111742
0.00394119964288639
0.005261028164235
0.00610989790775871
0.00629361401207361
0.00596355870723461
0.00568605170318521
0.00572473251880555
0.00552623569017764
0.00485795875332241
0.00394340559679265
0.0029544141832078
0.00236682530227836
0.00227525644431329
0.0024844217925162
0.00308758948320786
0.00302500399409935
0.00329856507860767
0.00354108167790249
0.00372960592003865
0.00358422463086847
0.00340197058213402
0.00344667228910907
0.00315407935791655
0.00235505817421689
0.00146419950161962
0.000549202916328198
0.00107877247979702
0.0015911753336269
0.00239454704908783
0.00396509915536735
0.00492251976451931
0.00444989956851638
0.00486499467974006
0.00492354001576708
0.00421776638577168
0.00368164185618169
0.00319648488854039
0.00262435637897512
0.0019170965002967
0.00163135073030183
0.00182090680360456
0.00188600297306069
0.00201956281597528
0.00194170308094564
0.00189465276656921
0.0017186219189908
0.00167054034627395
0.00183352523760605
0.00197691411933571
0.00223007741548391
0.00320356222803217
0.00419844655608088
0.00524202689653771
0.00511476572722282
0.00460993256006346
0.00465077315647745
0.00395602391681407
0.0032885916441241
0.00266203383030933
0.00249774696764991
0.00251821110124675
0.00234039078487925
0.00222521486969656
0.00206334833739895
0.00211627832704843
0.00181791248147298
0.00160373649768741
0.00174821065669981
0.0016843918985333
0.00173113532743546
0.0017365609469933
0.0015464692177418
0.00126104778586017
0.00128452020826738
0.00138286382369134
0.000962172166369832
0.000182852896032459
-0.000453926383729503
-0.000972060238364293
-0.00143210810419158
-0.00177479114716354
-0.00215024932753151
-0.00245872150919084
-0.00265750685676377
-0.00260028336063349
-0.00234028071133489
-0.00199544490513196
-0.00170438853850298
-0.00145006158076638
-0.00144443780104504
-0.00109680393557379
-0.000830088627757818
-0.000789985795093827
-0.000773494759304215
-0.000595122824453782
-0.000353256420238157
1.79474632841056e-05
0.000118629888135643
0.000204620178121936
0.000195240247617146
0.000245991518958341
0.000498888459745794
0.000751837200008474
0.000650587307688268
0.000791234155515824
0.000761564046639707
0.000753302788709499
0.000972791103379671
0.00152847082067539
0.00199665553313396
0.00214310936599381
0.00214670882238386
0.00215931008090728
0.00220990172152792
0.00228076787470224
0.00200760676335838
0.00176318269239325
0.00152702043375957
0.00116223934717877
0
0
0
0
0
0
0
0
0
0
0
0
0
0
0
0
0
0
0
0
0
0
0
0
0
0
0
0
0
0.00104420348821464
0.00227259660772557
0.00377867230333058
0.00525705570716936
0.00620990062842888
0.00659567494625162
0.00638304234510369
0.00585326741357271
0.00552408267133372
0.00561212619017098
0.00539883407311274
0.00458490657002726
0.00372435583337797
0.0027411911402144
0.00211940898933464
0.00200139525859631
0.00217630911649552
0.00287038714045612
0.0026994080158471
0.00291895512053829
0.00340928145698874
0.00368809453747221
0.00331807933128535
0.00319224280758535
0.00319241806414713
0.00291080988464543
0.00210701801950486
0.00123762983028372
0.000403254575704589
0.00099485232310961
0.00156308106981381
0.00236067770371644
0.00388924371928857
0.00477074978066463
0.00424475040780332
0.00456374993458179
0.00461925420503511
0.00393865607715096
0.00323233100279898
0.00279041279060999
0.00239719696643636
0.00178396836090204
0.00161759039960731
0.00190899905279215
0.00199942724865906
0.00202415516825636
0.00180878401580305
0.00173135276032826
0.00161669348124651
0.00153143152405621
0.00170873895423025
0.0018915824670342
0.0021305607284918
0.00306078674060377
0.00404853973384027
0.00513164445879807
0.00509628030642801
0.00467506445408046
0.00471579969637711
0.00394769556411552
0.00307990261389945
0.00259175282398282
0.00256526663234292
0.00260064930450934
0.00257213176283047
0.00255309647952721
0.00217343276128867
0.00210667177978852
0.00191021421224393
0.00180809147258616
0.00187630294679324
0.00169848796851863
0.00169506124350692
0.00169390433420877
0.00150391621991378
0.00119914309417918
0.00122675643788242
0.00131462758011879
0.000922670754175648
0.000183900797612139
-0.000458226498237639
-0.000995797531462975
-0.00150540430982061
-0.0018913050191066
-0.00226684993414096
-0.00251602366706066
-0.00263811643061211
-0.00255918596042706
-0.00232760291752778
-0.00199525096898627
-0.00172965809404531
-0.00147345768574372
-0.00137944988196238
-0.00107741360816619
-0.000978469151204614
-0.000947732936874149
-0.000819923963674521
-0.000583723702662474
-0.000395334176782649
-8.57931572214993e-05
-5.1905504191871e-05
1.92327171626524e-05
5.87248520997773e-05
0.000170085195218116
0.000370300726747822
0.000611762809013631
0.00063529458837025
0.000876441858299242
0.000847928931785146
0.000849361428582336
0.00110891051216739
0.00162914162605374
0.00198965531506265
0.00207946059960547
0.00205798615515695
0.00207419802646918
0.00213580465990112
0.00222779503678168
0.00207860631481565
0.00177017992448334
0.00138405253048514
0
0
0
0
0
0
0
0
0
0
0
0
0
0
0
0
0
0
0
0
0
0
0
0
0
0
0
0
0
0.000859200124317706
0.00214545637420111
0.00346343882114337
0.00497631084863142
0.00611691473332593
0.00666791194276817
0.00673854905528153
0.00641421393723603
0.00579610159009333
0.00542936788025608
0.0054648038072132
0.00515372498129953
0.00436296785144373
0.00349135607713552
0.00249264532132009
0.00186163895121641
0.00173762476460991
0.00187511368280746
0.0024651681045234
0.00226584093079682
0.00270656194509777
0.00320754964595106
0.00334512567345127
0.00304739765609837
0.00293822838121752
0.00296743388079761
0.00271259220733982
0.00192579677044179
0.00113830660735263
0.000344300357143026
0.000976792661299718
0.00159474478132121
0.00238811617356832
0.00378409644214411
0.00451547682719434
0.0038923631734167
0.0041748910990204
0.00419544160378792
0.00334924380436867
0.00273600143908741
0.00251672390317504
0.0022873039862047
0.00177912272111652
0.00169783112573922
0.00202315168368296
0.00202552236941761
0.00198390432780882
0.00174508425598928
0.00173020437186571
0.00149616605971009
0.00137136341677584
0.00159394737293659
0.00178331094027009
0.00196117067891607
0.00287792263490252
0.00390838404925397
0.0050325481898031
0.00509054457887493
0.00476323145981915
0.00466511513171588
0.00372264201293431
0.00299750712664233
0.00265499423707741
0.00268901651215782
0.00280940549600869
0.00279973738088396
0.00257628427014231
0.00211434676022786
0.00217861806491575
0.0020892020537901
0.00193450504277302
0.00188088292465301
0.00166693453005871
0.00165363340460363
0.00167779356742867
0.00148235374860664
0.00121055875229659
0.00127622186083032
0.00135928638442646
0.000941223862915551
0.000177940698589805
-0.000479966490061508
-0.00103764675247521
-0.00156390304429205
-0.00193923137438255
-0.00228435269514505
-0.00250581338911645
-0.00262249088659268
-0.00255697822958218
-0.00233825855861904
-0.00204404928583503
-0.00178652831605479
-0.00149184748638249
-0.00139861573803995
-0.00116830763733428
-0.00108787912949906
-0.00092629917058786
-0.000745873875859671
-0.00055903021159469
-0.000429742978982371
-0.000226596778923661
-0.000230597141516698
-0.000129315235950682
-4.13752210139185e-05
8.65100143196037e-05
0.000310912541487608
0.000626361028597334
0.000748662296048804
0.00100566036116477
0.000906002830445536
0.0009212806420933
0.00114846551725836
0.00158509290699192
0.0018698460361165
0.00196047292749895
0.00195921855071362
0.00200282665184937
0.00211061603629632
0.0022746467751028
0.00205087996291097
0.00160930600734007
0.0011587756970317
0
0
0
0
0
0
0
0
0
0
0
0
0
0
0
0
0
0
0
0
0
0
0
0
0
0
0
0
0.000731863362928819
0.0018734307874068
0.00314668501798291
0.00460788401613148
0.00576091419900911
0.00652109781932604
0.00686390565862492
0.00686282649871681
0.00647996094113789
0.00572975466892725
0.00523448006820579
0.00515289204204693
0.00485504295391468
0.00408762301546073
0.00324327803843503
0.00225905690605519
0.00160199745291867
0.00134638306134046
0.0013775778509439
0.00196936922089973
0.00202555463662355
0.00248695675190279
0.00285914359103373
0.00296585023851752
0.00278831532486809
0.00271378314435295
0.00285526888454713
0.00264979361378704
0.00192225141935584
0.00110762837099934
0.000372690915014539
0.00109063971118787
0.00171169379698783
0.00240936577770171
0.00362812973085653
0.0041556994475925
0.00346857273462288
0.00372084441087647
0.00366660803844878
0.00280652774503331
0.00250251491817027
0.00246313571706272
0.00233484081249753
0.0018471579362699
0.00184495132853203
0.00205724089235723
0.00204828207726641
0.00205606137877992
0.00193940136320282
0.00162234423139917
0.00132647884244325
0.00124195232039579
0.00145198420306605
0.00155743873344763
0.00171650344064428
0.00272186618013544
0.00377567577477883
0.00495784223961856
0.00508612994177799
0.00473314724764145
0.0044942471799397
0.00366463254951894
0.00305805240360972
0.00283532894451365
0.00290549032393834
0.00300252770441766
0.00282289918398666
0.00240303095903522
0.0021663843091004
0.00235330285549849
0.00223039762803606
0.00191879946085854
0.00182065555465705
0.00164420726391594
0.00167967726012043
0.00167320262275635
0.00151386673149654
0.00133510208091988
0.00143031824177663
0.00143112696475795
0.000988536675404951
0.000190060130603304
-0.000454369521974081
-0.00102350573878431
-0.00154023884399033
-0.00189982677916334
-0.00225891165173839
-0.00250928371795032
-0.00264295891967854
-0.00260053397988234
-0.00241741007884922
-0.00211684677122737
-0.0018517113425404
-0.00157598951640219
-0.00148435949848122
-0.00123441878363551
-0.000986835725602215
-0.00079255468200852
-0.000670007913971574
-0.00059706115737585
-0.00056873082022257
-0.000401140247378862
-0.000386907003364921
-0.000249226884531063
-0.000100257093435132
0.00011206606819249
0.000333605529375059
0.000734124058013715
0.000938484177616458
0.00102334686995478
0.000912295292566848
0.000916857989985567
0.0010850372858188
0.00148824126130076
0.0017420835505692
0.00185385145832763
0.0018950481541794
0.00196908867680614
0.00216152367913019
0.00227876589018465
0.00189044244233928
0.0013421896103363
0
0
0
0
0
0
0
0
0
0
0
0
0
0
0
0
0
0
0
0
0
0
0
0
0
0
0
0
0.000728193541979554
0.00169316136081669
0.00290669898667688
0.00416798935685591
0.0053643586872656
0.00618078044440242
0.00676975928543751
0.00701957389915246
0.00698431361866093
0.00648124479675455
0.00550801016405624
0.00489980946392646
0.00483143736082235
0.00467071311940874
0.0038654664673395
0.00299230285373878
0.00204321432143684
0.00118974955832006
0.000806189250889628
0.00100564959736033
0.00172025339304947
0.00180206420626057
0.00225768054896398
0.00263609632775083
0.00278393049125748
0.00261533820025643
0.00260399571821273
0.00283893767700292
0.00265657211404523
0.00194875306367968
0.00118094256402828
0.000533668191817139
0.00134922004820301
0.00182400388950943
0.00241010800041183
0.00336182401203893
0.00380617757844469
0.00310248071650213
0.00333310203563579
0.00324698931613893
0.00269709891085063
0.00254477098362829
0.00255683231943923
0.00245584182775268
0.00197740371483113
0.00192908148748209
0.00212970193212211
0.00213883238202988
0.00218868889716201
0.00183963632833304
0.00143385384460521
0.00114390433340396
0.00106972314960933
0.00120293934449314
0.00122915116444839
0.0015407159239091
0.00261034097755536
0.00370445954731631
0.00491249670650145
0.00505211978430407
0.00468450146205307
0.00443612950983289
0.00372657297414502
0.00328814376056886
0.00309616926140983
0.00311894297487528
0.00308674116333732
0.00277931172630417
0.00248472970896171
0.00236799284067114
0.00248576957070617
0.00220721607513129
0.00185393717635049
0.00178389308516863
0.00165144181326058
0.00167332766426546
0.00171516459167149
0.00162636439546345
0.00148195578562498
0.00155096761608085
0.00158102063058732
0.00115066579946854
0.000353329168075706
-0.000295191194909168
-0.000887840087486507
-0.00143157910283101
-0.0018200392320112
-0.00225274736684639
-0.00254163068106933
-0.00271345599814685
-0.00273654443300566
-0.00251389272291376
-0.00219684890722041
-0.0019436691691175
-0.00168454381384186
-0.00155691482629658
-0.00117586414122618
-0.000879163290420111
-0.000728570050683956
-0.000714969131570127
-0.000743347270898411
-0.000736053067243248
-0.000545474680424533
-0.000511217300346514
-0.000297501181746743
-7.84380128853091e-05
0.000146034190630393
0.000317071532095971
0.000902329021975466
0.000895380581529254
0.000985267583406882
0.000902810075779351
0.000872290432141019
0.000964706544658985
0.00132226430014521
0.00161418227260388
0.00178562621620619
0.00187189808203532
0.00201613981230813
0.00218838379342831
0.00223726591851489
0.00174186907284505
0
0
0
0
0
0
0
0
0
0
0
0
0
0
0
0
0
0
0
0
0
0
0
0
0
0
0
0
0.000724269442096494
0.00173990152123404
0.00276894734771027
0.0038889646824174
0.00495596258113817
0.00572213109961696
0.00639553041054889
0.00690460859612699
0.00717744264484046
0.00703876375990258
0.00633598965102526
0.00516870898225598
0.00455425503604776
0.00459671466492266
0.00449330163983525
0.00364149033120148
0.00268759576075497
0.00168625502695648
0.000736590272157146
0.000519535618725447
0.000810372722865272
0.00152079763987465
0.00160808834576325
0.00205784431064004
0.00255524084321785
0.00276786758170555
0.00260142082554883
0.00252297931164515
0.00285247624796308
0.00272915951489262
0.00209637898166203
0.00141912842181432
0.000842461426330658
0.00155239762219323
0.00188096310422275
0.00232498346335219
0.00318194118428973
0.0035447165814202
0.0028997967590544
0.00313512617446073
0.00324676300900474
0.00290924907915036
0.00273365379241004
0.0026927413515425
0.00255159228615149
0.00203581744711012
0.00195686514620033
0.00220518374213616
0.00220001409371872
0.00209833879792751
0.00160415726253028
0.00120446509010627
0.000929186631151779
0.000853377411093694
0.000936401769043225
0.00104887642924358
0.00146015770379442
0.00253904268619317
0.00367315490883009
0.00489161204839479
0.0050519907845467
0.00474014133609363
0.00454508901272279
0.00399800610614496
0.00358437221718301
0.00331916653492922
0.00324896239713906
0.00312296358732928
0.00290861035012347
0.00272621809442565
0.00252316653706033
0.0024146971064009
0.00204906249425225
0.00175605747638997
0.00178212289947969
0.00164916428858446
0.00168614153221817
0.00178731606535393
0.00175728449599389
0.00157253017734562
0.00163327254800078
0.00174261590195507
0.00140494049046111
0.000634603349173111
-4.13959390934042e-05
-0.000674114107432074
-0.00128287644684361
-0.00178222117962364
-0.00227262976910074
-0.0026048825501777
-0.00282351884127882
-0.00284203758433374
-0.00260141959994984
-0.00229362322281284
-0.00204899756469437
-0.00178864862969026
-0.00156595434068781
-0.00112222016856402
-0.000839919477844164
-0.000789041149143608
-0.000877187373508051
-0.000896062962514105
-0.00088941951775911
-0.000675703578117206
-0.000583721101142272
-0.000296136623302056
-8.11446135329495e-05
-3.51481442664065e-05
0.00034976616772087
0.000822986172546836
0.000841859210194298
0.00098708559086855
0.000883267716802593
0.000795730779923671
0.000691579505731365
0.00108398726446816
0.00153502123370504
0.00176567287919942
0.00192184685046155
0.00207269814776643
0.00215972311487369
0.00214584843812924
0.001656857660234
0
0
0
0
0
0
0
0
0
0
0
0
0
0
0
0
0
0
0
0
0
0
0
0
0
0
0
0.000863757582630146
0.001824564599005
0.00286649894611909
0.00372277748511328
0.00462793272342893
0.00545005489297301
0.00590686330840689
0.00652822129277806
0.00708669041795033
0.00722842509852075
0.00689996907395835
0.00602576567263088
0.00475427108287219
0.00423566112860145
0.00435861760225373
0.00430467612850075
0.00332815040657889
0.00230132257717027
0.00137575045122541
0.000505430896398129
0.000321838360166836
0.000602479836598873
0.00132935965574965
0.00140294920686787
0.00192857019893986
0.00259433678546138
0.00294669826872607
0.00261924467988429
0.00252868948036449
0.00292394543380647
0.00294742124795727
0.00241149952933705
0.00176319489674919
0.00109259209258016
0.00169553412077495
0.00183202809300183
0.00222506053702795
0.00300529729387509
0.00339178474151828
0.00282604280156475
0.00316468303021576
0.00344455937930597
0.00321031768311599
0.00285060919655067
0.00267794999985622
0.00246928587125327
0.00193683166096854
0.00192021721128545
0.00219785740509983
0.00208443804262955
0.00184254002100393
0.00128879309260824
0.000950189824838811
0.000701686493798538
0.000629861664367513
0.000743209867598542
0.000934358564921866
0.00139639845956125
0.00248690324939494
0.0036714405415749
0.00493477180632554
0.005145450432115
0.00491359260684591
0.00480694494758555
0.00432398149892776
0.00381356656007761
0.00341709428934415
0.00331012211600737
0.00325373131291769
0.00310886872700056
0.00289137518393913
0.00247083801938457
0.00220787809579962
0.0018941191066109
0.00173482025826829
0.00179798921615511
0.00163700960099094
0.00168658160279372
0.00186254647351415
0.00181639180955629
0.00156787132776155
0.00164658742054196
0.00196031311561503
0.00172565461496843
0.000944111724095588
0.000207174756207187
-0.000515092153836532
-0.00123998656045618
-0.00179521526595776
-0.00232159963406555
-0.00268843267978247
-0.00291238349029166
-0.00293447181321707
-0.00269871990532848
-0.00237680513956634
-0.00212800474305595
-0.00184314823927632
-0.00156761991092907
-0.00110938906850178
-0.000880584470535148
-0.000917587928162679
-0.00104958644639502
-0.00105865821829275
-0.0010692294054803
-0.000780173184839525
-0.000624162246640173
-0.0003002616904055
-0.000147879990801088
1.39917116270523e-05
0.000363069323238378
0.000867732691676694
0.000838711277098394
0.000974515986897594
0.000827696266749432
0.000657143250133533
0.000553524922629044
0.00107878507898648
0.00160099442608106
0.00183753811442838
0.00196544542089928
0.00206226878227318
0.00206707349864115
0
0
0
0
0
0
0
0
0
0
0
0
0
0
0
0
0
0
0
0
0
0
0
0
0
0
0
0
0.00105234951260734
0.00220612314693032
0.00309464864164114
0.0039464964462056
0.00442241689194021
0.00506244625779818
0.00572629154766949
0.00598019163037607
0.00663308277271958
0.00713333879911842
0.00707331610154243
0.00656869084704657
0.00563526268932471
0.00437070869313891
0.00398118144074813
0.00418175617885615
0.00400385649246489
0.00288002476615987
0.00194426000197979
0.00114748717503811
0.000314419532146627
0.000189394280987246
0.000419572940241067
0.00116660836109203
0.0012494030780768
0.00186276032973335
0.00268851291974299
0.0030149537808707
0.00256815529415096
0.00259521868015462
0.00319482577277428
0.00337966705600224
0.00284902148885411
0.00211425107301567
0.00130018228450917
0.00176443259243235
0.0017728294081109
0.00211381720599738
0.00291113708914303
0.00338303367014111
0.00290083228937021
0.00330486176947559
0.0036740165879682
0.00331973036764272
0.00270843718455223
0.00242518866200153
0.00223434493335217
0.00178443418912539
0.00179313579644886
0.00204161551378097
0.00179744870890572
0.00150920988528099
0.0010165143649831
0.000725370221890151
0.000489258448044224
0.000445240557788239
0.00062376066956367
0.0008433314726449
0.00134420385985313
0.00249782288918722
0.00374232470911826
0.00506382800580926
0.00535460467225011
0.00520887221033594
0.00512681714297451
0.00461348754868058
0.00392777980009823
0.00349197652849062
0.00344684438694989
0.00342489500376863
0.00321972386396947
0.00281079603241235
0.00222035563298342
0.00198609229075717
0.00183701031842953
0.0017767787564768
0.00182004386539388
0.00161955109924327
0.00171542176713928
0.00190240055780169
0.00179542766574949
0.001534194871844
0.00174393163872931
0.00222294479295078
0.00200993261061145
0.0011741301246276
0.000347822419346912
-0.000456592187200811
-0.00125352522250823
-0.00182425203483101
-0.00236420875309182
-0.00274241759562647
-0.00297362898202382
-0.00300608571028085
-0.00274779982345447
-0.00240962091969595
-0.00215359809140373
-0.00185419411656328
-0.00156159425792921
-0.00112735922362905
-0.000937312694157205
-0.00102252983635184
-0.00118488679012289
-0.00118462666346816
-0.00120978790391692
-0.000840248310335199
-0.000639551839162704
-0.000311284927648863
-0.000113603581465896
7.42579686343691e-05
0.000421748167114931
0.000939881979557087
0.000849904387809529
0.000941396421601192
0.000751211110753445
0.000582418458404053
0.000536459643604289
0.0011374529099869
0.00166859176959681
0.00187058519767028
0
0
0
0
0
0
0
0
0
0
0
0
0
0
0
0
0
0
0
0
0
0
0
0
0
0
0
0
0
0
0.00121047422762571
0.00270032182417605
0.00370364434155451
0.00434915011814619
0.00480302636768573
0.00482452339533129
0.00529907125933394
0.00575383921364955
0.0060189781391502
0.00665445227625441
0.0069665035656767
0.00673072081071857
0.00610532703772147
0.00521475969272361
0.00408212887324061
0.00386931494478361
0.00397414954785763
0.00352636155224328
0.00246311929517604
0.00165960092827101
0.000909346122582468
0.00023395961830181
0.000135730277590558
0.000371444447780359
0.00101630391501617
0.00107295076162389
0.00179602916785388
0.0025788887953186
0.00282496232312061
0.00256028010668079
0.00289447254568313
0.00372204389128561
0.00387933967076985
0.00329225140705665
0.00240177396776225
0.00147356842684692
0.00179516312334307
0.0016468211895902
0.0020721999042739
0.00302142456028303
0.00353237218449061
0.00306462976145504
0.00346092477850662
0.00375314192840142
0.00306220319759102
0.00233077319497097
0.0020488268695179
0.00198824427036823
0.00156236410344428
0.00159546973290525
0.0016938827546978
0.00139320765343607
0.00119413459121636
0.000773952755039799
0.000499311486103326
0.000269113916492866
0.000319722255678629
0.000531307258483369
0.000765005839969036
0.00136725110933393
0.00260192158017648
0.00389134174295427
0.0053106602778665
0.00567994736973614
0.00555156193531777
0.00536202022877587
0.00468906479626087
0.00401965255188669
0.0036487183981788
0.00360761561687403
0.00348735691225892
0.00308659087399927
0.00243104382396837
0.00189598014252217
0.00186557262316278
0.00186824225126477
0.00181168367306776
0.00180644920516596
0.00163457495580646
0.00174602582341339
0.00189022019238581
0.00174089330589342
0.00157013291841046
0.00188567462851499
0.00241051739268313
0.0021558608175796
0.00124891552269983
0.000384958667938109
-0.000450874330284959
-0.00126485817788234
-0.00182836791798057
-0.00236988578023215
-0.00275176063766301
-0.0029831181095652
-0.00300885883605887
-0.00272495186801742
-0.00239029481557658
-0.00213511059610633
-0.00182566139898452
-0.00154073691543381
-0.00115288373886336
-0.000966575176814605
0
0
0
0
0
0
0
0
0
0
0
0
0
0
0
0
0
0
0
0
0
0
0
0
0
0
0
0
0
0
0
0
0
0
0
0
0
0
0
0
0
0
0
0
0
0
0
0
0.00126734220752232
0.00299147146547238
0.0044536560434481
0.00510837206469338
0.00533509445742254
0.00541023456540056
0.00509956692707929
0.00538485767062992
0.00563480438430287
0.00599701279210619
0.00653071482335871
0.00663599425324281
0.00629000974988672
0.0056488041687456
0.00494439950729061
0.00401565731439359
0.00377142826991571
0.00363982382081223
0.00305949892914645
0.00209446577733002
0.00144804512172009
0.000789515890966582
0.000236683947142163
0.000198954082307383
0.000381590694303479
0.000851408866500715
0.000921898314693005
0.00155255612402386
0.00228475445412716
0.00267860366015036
0.00287804636110378
0.00340800674256117
0.00420933820734286
0.00434356505184944
0.00362907200676933
0.00263911482140643
0.00157878488603274
0.00166826469616332
0.0016271802604183
0.00224028332323462
0.00331030666881857
0.00383391348584592
0.0033386075692829
0.00355341242416683
0.00360304663072592
0.00260061404253535
0.0019306790181319
0.00175644916128017
0.00177927310904391
0.00143336744231453
0.00125750760450545
0.00117106286266928
0.000996606593773614
0.00091512461092421
0.000532905588946296
0.000227391240397506
8.79502599733769e-05
0.000224027970725984
0.000460036442169169
0.000777145996215282
0.0015237647798959
0.00282803517272009
0.00415057889927941
0.00566054214189979
0.00604503959518313
0.00579155629519384
0.00547126819719955
0.00473827299646232
0.00416049372070751
0.00383279210804571
0.00363658186675268
0.00332678454184452
0.00273627321344422
0.0019722831598363
0.00167956526410535
0.00183173575010274
0.00187782763103801
0.00177401601477277
0.00177995648466936
0.00164147618691293
0
0
0
0
0
0
0
0
0
0
0
0
0
0
0
0
0
0
0
0
0
0
0
0
0
0
0
0
0
0
0
0
0
0
0
0
0
0
0
0
0
0
0
0
0
0
0
0
0
0
0
0
0
0
0
0
0
0
0
0
0
0
0
0
0
0
0
0
0
0
0.00133135925336564
0.00314723976239355
0.00491662914390673
0.00605041918899183
0.00618267213190045
0.00615947637462662
0.00596273828524834
0.00539819803303445
0.00540536242830015
0.00554258872149004
0.00591787868176981
0.00629117888806273
0.00627659236085857
0.00584991999060617
0.0052817467551069
0.00481142148259465
0.00398717649137881
0.00365789813888876
0.00335595555175113
0.00266399069518713
0.0019018584359748
0.00130187687731461
0.000764149471018579
0.00040611712282341
0.000374868871711504
0.000457677525510235
0.000890206147591396
0.0006555717585818
0.00129964489049004
0.00223660495224428
0.00294944181964337
0.0034425923623323
0.00384283975225121
0.00453277238364792
0.00456142987894937
0.00380109236723786
0.00278830974734896
0.00157892561536939
0.00170537183624232
0.00178359137504661
0.00252156839132724
0.00368316390831936
0.00419745908800789
0.0035342222292582
0.00350190735854659
0.00332364233791578
0.00219238061543138
0.00165887706343053
0.00159330475080828
0.00165887489179583
0.00111096901748848
0.000767593384413862
0.000735103759640048
0.000710815239372005
0.000637486576321886
0.000233721446324062
1.30978014791546e-05
-6.11441396969426e-05
0.000163470827601306
0.000495906362093119
0.000951506578002977
0.00181872744556736
0.00309004141115634
0.00446848266951182
0.00606029049976091
0.00634997287934658
0.00590275110826782
0.00569141396173554
0.00487191021091163
0.0043561605770795
0.00385734468198552
0.0034279510914446
0.00299598677444755
0
0
0
0
0
0
0
0
0
0
0
0
0
0
0
0
0
0
0
0
0
0
0
0
0
0
0
0
0
0
0
0
0
0
0
0
0
0
0
0
0
0
0
0
0
0
0
0
0
0
0
0
0
0
0
0
0
0
0
0
0
0
0
0
0
0
0
0
0
0
0
0
0
0
0
0
0
0.00133853535530887
0.00318206448375513
0.00508141521013489
0.00669632206901473
0.00735174404183343
0.00696561792415255
0.00676483843427077
0.0063327839009625
0.00547412192822158
0.00537879352202228
0.00555309619582478
0.00583694023391391
0.00613405803000929
0.00598320099502498
0.00556357847593358
0.00514095952342089
0.00479533388082807
0.0040228214710575
0.00360407899201307
0.0031295353225225
0.00234380136726197
0.00164105220637081
0.00115453001931647
0.000761056782976266
0.000484202205463353
0.000476055089090253
0.000637830101968431
0.000840967577032175
0.000529946654290718
0.00142746232998306
0.00261847875080489
0.00338003550981865
0.0038026572643188
0.00403560667941862
0.00456203336535436
0.00461786241041042
0.00384730636009249
0.00286055042143236
0.00174193464023809
0.00190920075269781
0.00203642561758499
0.00286596086844131
0.00405929006424085
0.0044132329806818
0.00350790351903833
0.00330842184897224
0.00308397802925134
0.00196589469231799
0.00149884688994102
0.00148688618578217
0.00139812159230726
0.000716752980244775
0.000333969254474525
0.000394254413867568
0.000432982030906362
0.000392636542715683
3.96127376553104e-05
-0.000162954071843137
-0.000123399956080614
0.000214356218272524
0.000604495728219105
0.0011540555975906
0.00206415159470464
0.00338260488378625
0.00482404341737226
0.0064378273444079
0.00662703933532851
0.00611457953913251
0.00592753206402848
0.00506449759120447
0.00438415798839424
0
0
0
0
0
0
0
0
0
0
0
0
0
0
0
0
0
0
0
0
0
0
0
0
0
0
0
0
0
0
0
0
0
0
0
0
0
0
0
0
0
0
0
0
0
0
0
0
0
0
0
0
0
0
0
0
0
0
0
0
0
0
0
0
0
0
0
0
0
0
0
0
0
0
0
0
0
0
0
0.00138278326742921
0.00326025745048458
0.00513456394924839
0.00700108919997643
0.008345869185487
0.00837251507438581
0.00754594631736833
0.00717771100266352
0.00648839203812417
0.00551863356258385
0.00539626313510862
0.00554773523777872
0.00582676871958587
0.00601926601686134
0.00578756890655113
0.00547807239159773
0.00511875697311228
0.00486569830549925
0.00403628962731946
0.00352421963787464
0.00283023910827069
0.00193814231216909
0.00134092290504575
0.000990140390157872
0.00069457415289093
0.00047561983438583
0.000710898086055032
0.000723309694286865
0.000880329332963797
0.000687993946923589
0.00187473466148793
0.00296868789371808
0.00353608766457149
0.00391928296367412
0.00392513985618943
0.00442089914061179
0.00454496233033353
0.00382350508554736
0.00302878294689601
0.00203715138273711
0.00207355478103602
0.00232819742601915
0.00315359172211174
0.00421647085763373
0.00439078232498772
0.00336783621522135
0.00313883489578304
0.00294067660947599
0.0018186378586076
0.00142128512970986
0.00129119488379489
0.00114685794667663
0.000339475071817999
3.76040265243339e-05
0.000135972456140825
0.000250689170378441
0.000225595686786285
-0.000109203668838837
-0.000196276153015222
-0.000105275551523229
0.000257979598002209
0.000721912294049637
0.00133002366416948
0.00233994647428459
0.00369390095600448
0.00516388753957502
0.00681425161364587
0.00694384570726204
0.00632521456547644
0.00614828877703092
0.00508784957570031
0
0
0
0
0
0
0
0
0
0
0
0
0
0
0
0
0
0
0
0
0
0
0
0
0
0
0
0
0
0
0
0
0
0
0
0
0
0
0
0
0
0
0
0
0
0
0
0
0
0
0
0
0
0
0
0
0
0
0
0
0
0
0
0
0
0
0
0
0
0
0
0
0
0
0
0
0
0
0
0.00126687330986662
0.00308816087646632
0.00513496632597981
0.00703951191293168
0.00879036507303122
0.00964321976123658
0.00911672790725444
0.00794249546294525
0.00734059402760249
0.00653270095688364
0.00565813865742338
0.00550568138136418
0.00567093301904195
0.00589319005163809
0.00602775348859629
0.00578229015307894
0.00549420894583649
0.00515176044516127
0.00484620810985332
0.00389599932225005
0.00326314533390606
0.00247878914526517
0.00157535120197846
0.00105662521522602
0.000763315142974125
0.000550175694472606
0.000497558231655139
0.000771892806550811
0.000835038200175612
0.00114196357576909
0.00103287182085733
0.0020724012092712
0.00292978847467398
0.00338511111149864
0.00371694402253994
0.00367732178836528
0.00419109750375578
0.00441173267362318
0.00381322231231861
0.00311457458833097
0.00207732481942129
0.00217885268751376
0.00248969815302249
0.00328043861911172
0.0041415266879093
0.00424171373225317
0.00326674551131345
0.00305057913391145
0.00289185485100268
0.00179542549507037
0.00125559539389193
0.00110149289118356
0.000919467321554946
9.19981762424626e-05
-8.7581017970733e-05
-9.15928180714032e-06
0.000145107576051032
0.000187194805353528
-5.11105329614272e-05
-0.000187715372519325
-0.00012619036500576
0.000279865316262676
0.000811299045213705
0.00150112919363804
0.00263558682393613
0.00403636264316082
0.00552593836633103
0.00717732624610864
0.00720895628663086
0.00652916658735997
0.00624636657664502
0
0
0
0
0
0
0
0
0
0
0
0
0
0
0
0
0
0
0
0
0
0
0
0
0
0
0
0
0
0
0
0
0
0
0
0
0
0
0
0
0
0
0
0
0
0
0
0
0
0
0
0
0
0
0
0
0
0
0
0
0
0
0
0
0
0
0
0
0
0
0
0
0
0
0
0
0
0
0
0.00116941971002808
0.00286727916728798
0.00483402847765911
0.00704215196728776
0.00894096409143895
0.0103122247055847
0.0106142408488937
0.00957393784414937
0.00798053650835361
0.00727122328375799
0.0066505823879552
0.00592073869454833
0.00572257426839487
0.0057861370180619
0.0060363326941512
0.00613180069072951
0.00578254719268671
0.00549296836263626
0.00512365686686304
0.00473751490986393
0.00366667261042863
0.00293292305202384
0.00211855789460987
0.00117572516274205
0.000668897157750121
0.000482682879982813
0.000432378989375426
0.000467604946994865
0.000917233482364189
0.00117916725890496
0.00158916671602837
0.00123906814016639
0.0019779351638882
0.00259966282889792
0.00301988879444888
0.00347395858415369
0.003384153049349
0.00385799778886733
0.0041915694371693
0.00371165442335039
0.00310026848374083
0.00210498555063768
0.00224910893178148
0.00251817578100574
0.00320467632276871
0.00392785678202888
0.00407223661068168
0.00323914558848178
0.00315021114769421
0.00297053425461977
0.0016779222603467
0.00107097943903552
0.000948385463079122
0.000878862716656612
0.000153854897829069
-8.54666457896683e-05
-8.54136806868763e-05
0.00021256691609697
0.000354240101706555
1.64262160476474e-05
-0.000251066516554945
-0.000174919822279274
0.00028545107095791
0.000903253495163256
0.00169326049034658
0.00298066841234274
0.00442398720967018
0.00586398994847712
0.00742604682412839
0.00739609421288372
0.00658791868363099
0
0
0
0
0
0
0
0
0
0
0
0
0
0
0
0
0
0
0
0
0
0
0
0
0
0
0
0
0
0
0
0
0
0
0
0
0
0
0
0
0
0
0
0
0
0
0
0
0
0
0
0
0
0
0
0
0
0
0
0
0
0
0
0
0
0
0
0
0
0
0
0
0
0
0
0
0
0
0
0.00104805171578983
0.00267561954507432
0.00457728248006121
0.0066058526722129
0.00904415113111193
0.0105257462038015
0.0113881643353981
0.0112472415672757
0.00952386147881365
0.00762654874813493
0.00727210858330877
0.00688547569349197
0.00629232709045877
0.00583394054530481
0.00587499529134131
0.00619733009472857
0.00617358318805195
0.00569236826895833
0.00538653336860724
0.00498607699211477
0.00453274551246349
0.00335016291468499
0.00257153155364098
0.00166723917104791
0.000615240724186262
0.000262128879095458
0.000194408579797953
0.000270073647753243
0.000469831414179195
0.00135912815226718
0.00169036662847857
0.00187353832592626
0.0011467673900524
0.00160236132386531
0.00219890697173291
0.00279287567787046
0.00325840434714979
0.00297771697184052
0.00341469970823145
0.00391767324321116
0.00356819003201652
0.0031216836353406
0.00216669465617204
0.00220338900980276
0.00233841024394023
0.00299790469061433
0.00368709063737079
0.00396862098691547
0.003401563021644
0.00337161207552527
0.00293252496849615
0.0015640804410804
0.000919451730482428
0.000905583191427367
0.00109830243814253
0.000303786624581688
-5.92815285564884e-05
3.79475813095591e-05
0.000507781514302609
0.000532296361211523
-7.28925570456163e-05
-0.000369092800060237
-0.000224216751421137
0.000276938204043476
0.00100066027606377
0.00192830873706544
0.0034053602532134
0.00473218975138314
0.00601258023494724
0.00756959559882343
0.00743429833156479
0.00646355670069536
0
0
0
0
0
0
0
0
0
0
0
0
0
0
0
0
0
0
0
0
0
0
0
0
0
0
0
0
0
0
0
0
0
0
0
0
0
0
0
0
0
0
0
0
0
0
0
0
0
0
0
0
0
0
0
0
0
0
0
0
0
0
0
0
0
0
0
0
0
0
0
0
0
0
0
0
0
0
0.000977158560961602
0.00247769898532354
0.00434241359761413
0.00629965232207143
0.00828598813875682
0.0104747095137926
0.0112999444499081
0.0118260205834366
0.0111230058941208
0.00876112552541133
0.0072808585895892
0.00723802655341022
0.00698693590290346
0.00633991995971513
0.00579843159455194
0.00593499523495462
0.00622343379020787
0.00601788850427443
0.0055215799768947
0.00524543636772507
0.00479035129544304
0.00430264576319274
0.00307716804743655
0.00219087548189914
0.00111820219315976
0.000116210469078465
-0.000112024206952062
-4.81479531988397e-05
0.000180483294899865
0.000713453683180397
0.00196500530289087
0.00177527878091898
0.00182724530178836
0.000858752317782814
0.00125687447534625
0.00193707550472023
0.00257966676114468
0.00283704483973663
0.00249713746732708
0.00302602255693521
0.00368099061034236
0.00345345237213575
0.00315531381529057
0.00212619944055349
0.00190623190851565
0.00204403917394356
0.00281580830154683
0.00352293167373295
0.00398204291777592
0.00359790111931236
0.00339932113871157
0.00282893001328739
0.00146346516536773
0.000812320792493917
0.00100255516076769
0.00136757221645928
0.000398720255151887
0.000172434678445054
0.000356795902580037
0.000808783213946458
0.000468166379808763
-0.000233084768048741
-0.000459035443339054
-0.000276997120661368
0.000270635011560652
0.00112521074689405
0.0022361981669602
0.00372304746449038
0.00476477270864559
0.0060790136242283
0.00758447217839678
0.00730641869234211
0.00628048027098049
0
0
0
0
0
0
0
0
0
0
0
0
0
0
0
0
0
0
0
0
0
0
0
0
0
0
0
0
0
0
0
0
0
0
0
0
0
0
0
0
0
0
0
0
0
0
0
0
0
0
0
0
0
0
0
0
0
0
0
0
0
0
0
0
0
0
0
0
0
0
0
0
0
0
0
0
0
0.000960435845523069
0.00239537289844308
0.00413484156883898
0.00597904932140013
0.00774667612936633
0.00934567394095043
0.0106616005364922
0.011178938614268
0.0111272700848941
0.00994863978361984
0.00804353846402703
0.00704043086268835
0.00704450070098857
0.00673776865091544
0.0062060390850972
0.00577492996686144
0.00585718236741536
0.00595794733891238
0.00586340664036683
0.00542041797914957
0.00503680487062936
0.00459844409911161
0.00414868131465247
0.00286776229288765
0.00171329045940172
0.000663114703700639
-0.000161989537439719
-0.000290482398910101
-0.000124271853490003
0.000438480732728934
0.00111718010031413
0.0017685565099028
0.00165740704378122
0.00154192796944543
0.000695221960333901
0.00109512023223549
0.0016890798093859
0.00213013517206417
0.00240594788477445
0.00216481562021891
0.00278684340780142
0.00355624396574416
0.00340272301302299
0.00299029773409015
0.00170616620799786
0.00150866847711508
0.00180951007479819
0.00262502160608748
0.00341594632097173
0.00394650304488051
0.00355145761701758
0.00324596382985283
0.00256751739839252
0.00123446685105655
0.000756755459274562
0.00110941255541528
0.00130786071735136
0.000739647099668547
0.000599331371246381
0.000689050456592753
0.000711157705410896
0.000280838594060073
-0.000335313011669631
-0.000548406428536088
-0.000332581201227709
0.00029269727135702
0.00128013040075283
0.00235501853678898
0.0035852619290182
0.0047648658108828
0.00611489782603796
0.00746795268667815
0.00712248824899566
0.00614608913871194
0
0
0
0
0
0
0
0
0
0
0
0
0
0
0
0
0
0
0
0
0
0
0
0
0
0
0
0
0
0
0
0
0
0
0
0
0
0
0
0
0
0
0
0
0
0
0
0
0
0
0
0
0
0
0
0
0
0
0
0
0
0
0
0
0
0
0
0
0
0
0
0
0
0
0
0
0.000932019062339135
0.00236061964068787
0.00399582854644843
0.00569797340715821
0.00727787594532731
0.00858490454382361
0.00951680207514277
0.0104363141650062
0.0105633862596355
0.0101464558648314
0.00906851586657332
0.00744180972763665
0.00656636709538343
0.00665056856125992
0.00642059482150982
0.00605455055980358
0.00556397686797884
0.00558114194249362
0.00586209574518095
0.00579333212719605
0.00516996223112552
0.00470918487634749
0.00437555493869663
0.00386103236170569
0.00237317244724287
0.00119389087510157
0.000330152036114214
-0.000326545986314322
-0.000398089128159783
-3.56509973474222e-05
0.000633931491698492
0.00105902810512081
0.00153818456608235
0.00132368500730479
0.00135450244691241
0.000592414277722441
0.000835790968843542
0.00120195554256248
0.00161986592521749
0.00210782313881852
0.0019819127810802
0.00265497119150395
0.00349597461919172
0.00319228960712171
0.00257465762882434
0.00117794417787636
0.00115129321627749
0.00148559534578139
0.00238094403787665
0.00316693161691936
0.00368443512267325
0.00333064837237274
0.00288021420542823
0.002173944094852
0.000988882716970039
0.00072261332934717
0.00121240993542142
0.00159885785935922
0.00120690606402176
0.00098717604231682
0.000726500232184153
0.000594544312058648
0.000159342291507214
-0.000496672545006611
-0.000678447846029463
-0.000372041304895917
0.000328433388221157
0.0012885594483448
0.00224946639497677
0.00352085670012365
0.00470365088607557
0.00599888753337632
0.00727175618024023
0.00696130668538752
0.00602496266545603
0
0
0
0
0
0
0
0
0
0
0
0
0
0
0
0
0
0
0
0
0
0
0
0
0
0
0
0
0
0
0
0
0
0
0
0
0
0
0
0
0
0
0
0
0
0
0
0
0
0
0
0
0
0
0
0
0
0
0
0
0
0
0
0
0
0
0
0
0
0
0
0
0
0
0
0.00102072972084531
0.00237527426296833
0.00396850423848459
0.0054973418935838
0.00686570172059633
0.00798354329313423
0.00881644020727949
0.00939152806328921
0.00992910768294147
0.00979365243239889
0.00932982520137212
0.00821447990317667
0.00669581818124636
0.00603454511933997
0.00620388561590899
0.00608015214947446
0.0055903078523934
0.00524918544601261
0.00549642529869558
0.00592201585448506
0.00558852349904574
0.00466790643035587
0.00430788836007707
0.00404236267973567
0.00327030163126164
0.00177881241450504
0.000713968711684491
9.04447319727272e-05
-0.000577592624927715
-0.000439326186166942
1.60099046482663e-05
0.00036765403017508
0.000832456949267402
0.00118481457639514
0.00109833689799424
0.00131639456979505
0.000538332525988172
0.000544064438473326
0.000825785976539403
0.00140233936686155
0.00201431957223272
0.00189090042734268
0.00262804523116699
0.00328188512882937
0.00281450842733266
0.00209914850238844
0.000735596306128652
0.000802406254866323
0.00113617376327993
0.00193235749752026
0.00267473553163812
0.00319542742518993
0.00276813263412798
0.00233216859379701
0.00184570538739618
0.000937740267108181
0.000940219914396403
0.00145650486735598
0.00204257725938304
0.00165749654371816
0.00111716923166949
0.000652114876322378
0.000498352855812485
2.43536811415812e-05
-0.000648663133547979
-0.000736698610213828
-0.000383727450907424
0.000280528823547388
0.00117365957537788
0.00208312366090482
0.00337093190643035
0.00453255711384889
0.00576362887475229
0.00707281048278898
0.00681230118166825
0.00590192625232109
0.00528371578503579
0.00385231662952261
0
0
0
0
0
0
0
0
0
0
0
0
0
0
0
0
0
0
0
0
0
0
0
0
0
0
0
0
0
0
0
0
0
0
0
0
0
0
0
0
0
0
0
0
0
0
0
0
0
0
0
0
0
0
0
0
0
0
0
0
0
0
0
0
0
0
0
0
0
0
0
0
0.00106989142791117
0.00251035871094433
0.00399848506019533
0.00545849782158209
0.00659459893353448
0.00752600858741208
0.00829960137845357
0.00891511791607293
0.00911088528780447
0.00927076793488091
0.00901925543053784
0.00849435702925154
0.00731687647088286
0.00600823066423129
0.00542726516313935
0.00568363245505959
0.00558476100958803
0.00513599826836677
0.00508720757529349
0.00558187534341386
0.00582540085276345
0.00510086876654668
0.004094921595573
0.00380970160517341
0.00351170934385969
0.00251349203174525
0.00117688478593346
0.000262027724929556
-0.000268523233525732
-0.000798101227386457
-0.000466100739463889
-0.000107647485000092
9.58957671577146e-05
0.000465391287102334
0.000894146404447541
0.00102719205941102
0.00141756155698463
0.000512688409447649
0.000428292576202266
0.000864566640934937
0.0015316509478509
0.00207434499436198
0.00186696884926739
0.00245758799862092
0.00286104641935036
0.00235405776741165
0.00167592102634974
0.000359258988385247
0.000462812226026764
0.000711422814580916
0.00131844090455228
0.00198642545347711
0.00252109410398811
0.00198026795225298
0.00188273502617829
0.00170754501175665
0.00130212753312836
0.00128533481055328
0.00180931130165387
0.00242480257649873
0.0018615960284059
0.00113960401032006
0.000602085547294347
0.000383609572251766
-7.23847330100296e-05
-0.000720843795002815
-0.000753353872019391
-0.000448134481781435
0.000138169888398775
0.000973613158397323
0.00186615548166735
0.00319259041011322
0.00426605953922858
0.00555114391286951
0.00690524046316188
0.0066697298808988
0.00581203114497058
0.0052773498437244
0.00395899991909731
0.00332013584098637
0
0
0
0
0
0
0
0
0
0
0
0
0
0
0
0
0
0
0
0
0
0
0
0
0
0
0
0
0
0
0
0
0
0
0
0
0
0
0
0
0
0
0
0
0
0
0
0
0
0
0
0
0
0
0
0
0
0
0
0
0
0
0
0
0
0
0
0
0
0
0.000985111523853677
0.00251030668550938
0.00411938461464564
0.00547633524441661
0.00657454335621453
0.0072554282707448
0.00788763099776693
0.00848548701218453
0.00885712891015186
0.00869951943969997
0.00860318932990131
0.00830147951201204
0.0076619163129851
0.00655312654821182
0.00537523601622809
0.00484530655009813
0.00513909790493803
0.00507075026752133
0.00480976578970767
0.00497824541955457
0.00550761052648558
0.0054101319684749
0.00449077743971386
0.00349066829103512
0.00322494780653034
0.00288058984339093
0.00179641578217914
0.000609091904610154
-0.000196475952232199
-0.00051397245852365
-0.000894880146104947
-0.000454482909498736
-0.000274460550327245
-0.000242591319334726
0.000313308571357897
0.000888178295286316
0.00103918606763365
0.00153698960399635
0.000500222681556341
0.000518374188569032
0.00108468281371025
0.00177331765247062
0.00212064468113446
0.00166141638229268
0.00209006891177625
0.00247175461143614
0.00197503519319455
0.00133262296157036
2.58219180877864e-05
0.000100598448362763
0.000239262615359272
0.000757708469987893
0.00142915562501808
0.00186272591679823
0.00149254992379757
0.00173967523847244
0.00192523451540522
0.00163427532033249
0.00157585241861707
0.00205856284651989
0.00257136189834153
0.00188036823634265
0.0010949796967237
0.000489858913282955
0.000286934453660575
-0.000106378808705455
-0.000726962625195163
-0.000793376755415781
-0.000568041668950414
-5.88563821007333e-05
0.000794427643497155
0.00171173783378606
0.0029406329809186
0.00406410798544754
0.00540182919570725
0.00676615069551343
0.00655640605246319
0.00575901435912203
0.00533937556867352
0.00404592070839653
0.00326757028503216
0.00247525332088579
0.00185335792825168
0
0
0
0
0
0
0
0
0
0
0
0
0
0
0
0
0
0
0
0
0
0
0
0
0
0
0
0
0
0
0
0
0
0
0
0
0
0
0
0
0
0
0
0
0
0
0
0
0
0
0
0
0
0
0
0
0
0
0
0
0
0
0
0
0
0
0
0.000925571476344211
0.00230698908456181
0.00405641896477859
0.00562342842772229
0.00661710897960877
0.00725878961784074
0.00766366675127919
0.0080394489819494
0.00842859381773738
0.00859813270507545
0.00825623887237825
0.00802885163630976
0.00754359274777746
0.00691826001610542
0.00594620332595172
0.0048491535863847
0.00433036132640379
0.00458899777090693
0.00463916392958373
0.00448076955665807
0.00475211855548466
0.00508852047071342
0.00480296165494516
0.00382821710348576
0.00288740924672008
0.00260761089843757
0.00218264559426654
0.00114223703646792
4.09498009943056e-05
-0.000534215317272233
-0.000599332118214142
-0.000690986162394184
-0.000570355688873492
-0.000508650651950887
-0.000265122154109448
0.000348352403074274
0.000912831483684276
0.00113577082753547
0.00154745991069709
0.000557061992233615
0.000662532304053982
0.00131698648889514
0.00186642686210143
0.00187674956002745
0.00131898856594933
0.0018807412502782
0.00228009220196544
0.00175365928259726
0.00105311878463269
-0.000251774542578933
-0.000201988738625669
-8.05594111772639e-05
0.000394173872798926
0.000938999259377878
0.00155953850177898
0.00140976701474279
0.00180536100135407
0.00199223620390189
0.00183951188966862
0.00174844424169957
0.00208746797608373
0.00259122702219413
0.00183338347478191
0.000949101457876058
0.000382354475923265
0.000255422325091534
-7.26837056008099e-05
-0.000691555618389406
-0.000854447985834796
-0.000704580053987056
-0.000200615383851593
0.000615104816189971
0.00143026706816103
0.00277723176872128
0.00398938200388855
0.00531264862704574
0.00666137547907549
0.006508865280248
0.00576979789923542
0.00530370743071352
0.00400682739547632
0.00323384423614712
0.00235943731813136
0.00180255813316862
0
0
0
0
0
0
0
0
0
0
0
0
0
0
0
0
0
0
0
0
0
0
0
0
0
0
0
0
0
0
0
0
0
0
0
0
0
0
0
0
0
0
0
0
0
0
0
0
0
0
0
0
0
0
0
0
0
0
0
0
0
0
0
0
0
0
0.00097812341753272
0.00225602406973388
0.00377063677609569
0.00560853080426739
0.00679294324874959
0.0073164421271307
0.00758309216185826
0.00780248735580574
0.008072669056816
0.00836083099902584
0.00834631019734547
0.00776913901038332
0.00733615244797895
0.00685998627005935
0.00634200451634754
0.00542472237211781
0.00428664747422262
0.00371775439419337
0.00407018585705854
0.0042035608505442
0.00419450710658742
0.00435813118593264
0.0044343161411328
0.0039545934670095
0.00308048259670923
0.00227482324427137
0.0019122669150764
0.00150253330194912
0.000595092134305284
-0.000353882975157123
-0.000631277513754486
-0.000528643351406695
-0.000736783436301113
-0.00065437451061585
-0.000425015611434389
6.32360418315552e-05
0.000580889162363838
0.00106593668528968
0.00116444167409024
0.00154286576644404
0.000588449283106611
0.000797260166330649
0.00151872720522892
0.00170368498190511
0.00153971173499322
0.0011411694164236
0.00178253085589343
0.00212545271235287
0.00156136616560566
0.000790307093669201
-0.000468224482351407
-0.000366266761350927
-0.000294011902457696
0.00018013339843468
0.00080008006077516
0.00150368399146615
0.00138373156459905
0.00181203820988245
0.00211170561202179
0.0019558433847378
0.00166789016267474
0.00208904280783788
0.00256231766164005
0.0016506404046036
0.000766033019517515
0.000328910134684674
0.000271196571214147
3.00283877434348e-05
-0.000714289935574314
-0.00095472429900272
-0.000794328554211062
-0.00032504719741073
0.000465789819754344
0.00141183219916585
0.0028277310512437
0.00396008012347026
0.00523777935423382
0.0065994703362836
0.00645881096299883
0.00565146447260653
0.00516540812526433
0.0039012019306303
0.0030119609906554
0.00221463630380669
0
0
0
0
0
0
0
0
0
0
0
0
0
0
0
0
0
0
0
0
0
0
0
0
0
0
0
0
0
0
0
0
0
0
0
0
0
0
0
0
0
0
0
0
0
0
0
0
0
0
0
0
0
0
0
0
0
0
0
0
0
0
0
0
0
0
0.000968778469282944
0.00238221319472942
0.00371030696427555
0.00523648923142202
0.00677843909334839
0.00748168075983289
0.00757334200244848
0.00765595067702436
0.0078988613170632
0.00809734080627015
0.00824890210916237
0.00794707956967004
0.00724717647935917
0.00684948643891517
0.00637652639740372
0.00583716111250538
0.00483932679703866
0.00372006223238134
0.00323283550987463
0.00363183363015431
0.00378404687239227
0.00378862789547369
0.00372212598444314
0.00347060200199289
0.00307201026054585
0.00238276731838919
0.00159826633409401
0.00124136351369111
0.000993682731367523
0.000289146878041009
-0.000424452199916728
-0.000519646693620477
-0.000440403412188323
-0.000622922143687386
-0.000455837564879533
-9.58236373904136e-05
0.000412263354838392
0.00094611523720917
0.00122421555922541
0.00112183201602302
0.00145275597994421
0.000595450990236642
0.00089053891186826
0.0014028023662285
0.00131271578959856
0.00130608676906302
0.00102491580728826
0.0016454484362351
0.00199475046351515
0.00141654456046816
0.000623644432171042
-0.000546538857964057
-0.000397763692966884
-0.000327890056613012
0.000193595782570773
0.000915050579457276
0.00157546182924472
0.00150306018150453
0.00195254698829792
0.00221397386703446
0.00172666596220962
0.00154247898229433
0.00202610082224546
0.00235434930991661
0.00134253075193574
0.000616523081519848
0.000278581637672632
0.000304336450237246
4.40306324382714e-06
-0.000816509158132928
-0.00100217423811078
-0.000827045337471968
-0.00036768817942858
0.000561406485170133
0.00160596344050142
0.00286506681720015
0.00392067484876216
0.00517966888772015
0.00653138216740511
0.00632846093623769
0.00545116770380273
0.00496662837074511
0.00354782050157148
0.00278145789678419
0
0
0
0
0
0
0
0
0
0
0
0
0
0
0
0
0
0
0
0
0
0
0
0
0
0
0
0
0
0
0
0
0
0
0
0
0
0
0
0
0
0
0
0
0
0
0
0
0
0
0
0
0
0
0
0
0
0
0
0
0
0
0
0
0
0
0.000950897607493683
0.00243444777178751
0.0039293959255721
0.00520530969351409
0.0064081241374533
0.0074836616441702
0.00776851943270781
0.00765824942229925
0.00772656569943167
0.00799707253429529
0.00804007370930663
0.0079771036432187
0.00751208823426043
0.00689921143906138
0.00643380741577043
0.00585957432119801
0.00525970427221618
0.00429683762545627
0.0032913486824116
0.00278768543095266
0.00317384660173752
0.00325179966472041
0.00309968994426782
0.00287632122778031
0.00253945676391198
0.00238415966165534
0.00170587100058677
0.000918288375833872
0.000757047752165047
0.000745152839662716
0.000297689897888035
-0.000312093417146026
-0.000367020387536872
-0.000298420321650501
-0.000376457468254731
-0.00018386095478271
0.000134361977072848
0.000727837492233765
0.00101697262150418
0.00103465566147366
0.00101301368684669
0.00133848259201457
0.000647794743249874
0.00087243248126312
0.00113789730193745
0.000920700859207955
0.00107125361183801
0.000874694117042625
0.00162228687124924
0.00199762959280209
0.00138163194303406
0.000586000733789188
-0.000503653033095116
-0.000270210816074519
-0.000185580372279359
0.00037736747118626
0.000979141258562882
0.00169541021302581
0.00162893624127974
0.00195019494982622
0.00196160625805626
0.00149850651155938
0.00141618554914438
0.00180219788925103
0.00202790260517228
0.00107570520947331
0.000511493128744894
0.000251278253752152
0.000247402099601959
-5.33069088883242e-05
-0.000815975182558401
-0.000972115167683642
-0.000755001861277644
-0.000221335581514618
0.000723071707589033
0.00163481645728862
0.00285248324493398
0.00391113591417081
0.00511853875760301
0.00641036763034463
0.00614257232571489
0.00523719106516419
0.00462807477115728
0.00323586042311726
0
0
0
0
0
0
0
0
0
0
0
0
0
0
0
0
0
0
0
0
0
0
0
0
0
0
0
0
0
0
0
0
0
0
0
0
0
0
0
0
0
0
0
0
0
0
0
0
0
0
0
0
0
0
0
0
0
0
0
0
0
0
0
0
0
0
0.00102778977207977
0.00246534986629392
0.00410084177904979
0.00547388632886131
0.00636493859365587
0.0071022222371209
0.00774937590103488
0.00783317248966009
0.00771076319594731
0.00775103275567249
0.0080133002116553
0.00792981085839806
0.00775082257752306
0.00726359600353338
0.00658180503506778
0.00599555545510674
0.00536152070279193
0.00479295390624074
0.00386000745928717
0.00287302263682612
0.00230493550130827
0.00263133780197046
0.00255857960635614
0.00225114266560975
0.00199964399092526
0.00181368225825721
0.00171508151236403
0.00106912455529587
0.000444885998377513
0.00051141801356767
0.000761808631048444
0.000443612967335825
-0.000136487922141016
-0.000160741274372854
-1.97289500527451e-05
-0.000124886058652439
-7.74518724309115e-05
0.000295286040438728
0.000764727743392072
0.000881980021864609
0.000919235905367322
0.000826735512754257
0.00120081781870899
0.000572283981591972
0.000682516008525241
0.0008672375597007
0.000680423290075873
0.000823287665166543
0.000820554427860859
0.00168890482234805
0.00201712440910233
0.00140583407082248
0.000623034951059262
-0.000405791279926077
-0.000107256049351836
2.51520049147546e-05
0.000489710640534307
0.00109521019735431
0.00181849022063703
0.00166300783378751
0.00175328633474821
0.0017610491462208
0.00132515562612129
0.00115139709602671
0.0014746149331881
0.00175238116588817
0.000852521184672293
0.000436565108178606
0.000170322838427637
0.000163753712416415
-9.63204273457721e-05
-0.000800547184049688
-0.000850168461193486
-0.000573729632763644
-7.18576439391776e-05
0.000829632394003579
0.0017198595895196
0.00286961610551116
0.00387657459459901
0.00499721217634882
0.00621528914823683
0.00591464636039996
0.00493162391828817
0
0
0
0
0
0
0
0
0
0
0
0
0
0
0
0
0
0
0
0
0
0
0
0
0
0
0
0
0
0
0
0
0
0
0
0
0
0
0
0
0
0
0
0
0
0
0
0
0
0
0
0
0
0
0
0
0
0
0
0
0
0
0
0
0
0
0
0.00111911137830075
0.00249214143451091
0.00412938961021594
0.00569290592551956
0.00671950656126979
0.00712929427734036
0.00739899587633805
0.00775172996621103
0.00780209492102032
0.00766661971834628
0.00777143054055764
0.00805192778547023
0.00785275536101119
0.00759418212269063
0.00695980685689492
0.00620291335560358
0.00552735415920439
0.00490026780781263
0.00436814136540427
0.0034224149199458
0.00240686627406009
0.00182090833743861
0.00206621149235608
0.00182730303491663
0.00141523057095227
0.00125868411367811
0.00105882559748319
0.00115589371610055
0.000648885400039662
0.000137609910150739
0.000473711918810047
0.000879760707164951
0.000605089418016073
7.30310602492585e-05
7.27498522696164e-05
0.000226245557124912
-2.43259688432678e-05
-3.42081202888558e-05
0.000288291772185469
0.000608980997136706
0.000692535035649015
0.000700487187511391
0.000580144897934214
0.000976450434770558
0.00037399631603391
0.000489922623681929
0.000596064026712709
0.000342607233785801
0.000670634745955787
0.000910311204699399
0.00174756250124405
0.00208300101884491
0.00147645223460377
0.000690416625708584
-0.000289136633453979
0.000106026814686047
0.00020046895819064
0.000604762557449655
0.00119132618878146
0.00187148317194632
0.00152750047501709
0.00151406332277038
0.00152742848420684
0.00104217048904902
0.000869282544841552
0.00124973811096528
0.00155221066176464
0.00070389825774366
0.000325283156082643
5.2394979563194e-05
8.16287437487072e-05
-9.8886878147419e-05
-0.000668556287268913
-0.000671381547799521
-0.000409980470920685
3.88013713797105e-05
0.000938415182327863
0.00178569732531219
0.00283305461175462
0.00379211133063032
0.00482925040301682
0.00598070857253779
0
0
0
0
0
0
0
0
0
0
0
0
0
0
0
0
0
0
0
0
0
0
0
0
0
0
0
0
0
0
0
0
0
0
0
0
0
0
0
0
0
0
0
0
0
0
0
0
0
0
0
0
0
0
0
0
0
0
0
0
0
0
0
0
0
0
0
0
0.001080097045039
0.00252649700566718
0.00403359983976463
0.00570668918163182
0.00695873839137055
0.00748698788511039
0.00741182353206785
0.00732813146630592
0.00762800457868313
0.00770664710451001
0.00767510269993605
0.0079155250871418
0.00814688502829545
0.00776923119738963
0.00735107233585967
0.00657577298375829
0.00583826690710829
0.00507194830661878
0.00447080456138467
0.00390069392414892
0.00285888917595968
0.00191336331618396
0.00144357991243823
0.00156220025009961
0.00115042548787036
0.000673789721356369
0.000517687692107622
0.000454612120360676
0.000869469958391402
0.000383580547898779
3.51579710227908e-05
0.000561778783114092
0.00100419978116425
0.000768030898076958
0.000235501570483724
0.000262855067550091
0.000351250331261284
1.51665133917501e-05
-9.9390126478034e-05
0.000128604846696418
0.000361659534375677
0.000454985009289488
0.000436768127345295
0.000328680791592781
0.000600296615788196
0.000163583017547253
0.000242651973692052
0.00029088738129818
0.000168477387162739
0.000794346819877843
0.000960312389272656
0.00182148715245131
0.00210708436158842
0.0015430108419317
0.000751055245957295
-0.000120061731696618
0.000282721498856655
0.000307028343549055
0.000673716470208904
0.00124378225214249
0.00181690449034015
0.00137308677960799
0.00126545843685536
0.00130703484729095
0.000794637646561243
0.000724276786604416
0.00109338866827774
0.00139582251972465
0.000563555311504623
0.000221524741580058
-3.80370583560712e-05
3.66545665136923e-05
-6.1353677709217e-05
-0.000564959716201429
-0.000531848832178178
-0.000306667150218397
0.000115200847585988
0.00100448878066229
0.00178581263987184
0.00274359760145298
0
0
0
0
0
0
0
0
0
0
0
0
0
0
0
0
0
0
0
0
0
0
0
0
0
0
0
0
0
0
0
0
0
0
0
0
0
0
0
0
0
0
0
0
0
0
0
0
0
0
0
0
0
0
0
0
0
0
0
0
0
0
0
0
0
0
0
0
0
0
0.00108480284517393
0.00239506852549631
0.0039102913839588
0.00541078580408002
0.00696582965485755
0.00768754071512738
0.00769379848738836
0.00725005354868777
0.00709441926177437
0.00749391239169599
0.00776013340196814
0.00794122642776464
0.00810474657761409
0.00817494281310571
0.00761868987200221
0.00708797067899177
0.0063711651305182
0.00544726488086328
0.00462982309950217
0.00400930068159725
0.00333480357418361
0.0022900738384453
0.00152630738064824
0.0011629469720109
0.00106250213633653
0.000537579468105216
-0.000100627773554777
4.88908099662857e-06
0.000440429413855894
0.000609445757340545
0.000247363744979039
0.000117912018006557
0.00066471169025512
0.00114562817039117
0.000901176172074539
0.000339509479685486
0.000318506998741905
0.000379973863556862
-7.67307980652943e-05
-0.000295252225758294
-0.000104845417837817
1.22470969264735e-05
0.000194674176446462
0.000202519741132447
-2.144009755959e-05
0.000391290347283487
-7.17844302211633e-05
5.41275117244242e-05
0.000303321217881927
0.000502490422788927
0.000791597683597971
0.000972771701003494
0.00180725308372199
0.00211388343310399
0.00160861914925353
0.000833763114305866
-1.71382256705788e-05
0.00036024837031887
0.00032362632220088
0.000655826595824734
0.0011747675481173
0.00170005134736684
0.00117859767858162
0
0
0
0
0
0
0
0
0
0
0
0
0
0
0
0
0
0
0
0
0
0
0
0
0
0
0
0
0
0
0
0
0
0
0
0
0
0
0
0
0
0
0
0
0
0
0
0
0
0
0
0
0
0
0
0
0
0
0
0
0
0
0
0
0
0
0
0
0
0
0
0
0
0
0
0
0
0
0
0
0
0
0
0
0
0
0
0.000904608425201264
0.0023337938908248
0.00373055301248631
0.00517304623639338
0.00652784861236152
0.00767176780932173
0.00786912213388129
0.00752462547493389
0.00697244787751232
0.00688418565608698
0.00752829028929306
0.00794284069228913
0.00809928746017323
0.00816007782603836
0.00815041768341749
0.00746053562899003
0.00688379824534056
0.00601797550062577
0.0050337780522952
0.00416881203558932
0.00347180544285993
0.00280426526441116
0.00189141262542496
0.00128242406549328
0.000814506117757893
0.000532911643449319
-6.94302760592819e-05
-0.000554844144246129
-0.000165095676890218
0.000188455446715492
0.000377997302881483
0.000243755921680607
0.000219729879454036
0.000747147088280346
0.0012021571770375
0.00097427776261624
0.000350587614165237
0.000311860368588594
0.000277910231231976
-0.00017289563923506
-0.00044994911702203
-0.00031352702614361
-0.000111721825955735
4.2619384543658e-05
-3.23598599363263e-05
-0.000241533451614117
0.000139869760791544
-0.000208705058347216
3.24469253680741e-05
0.000408284583831865
0.000482183926570085
0.000751763404702228
0.000971792934528709
0.00182896956807087
0.00217560115620004
0.00167558289293434
0
0
0
0
0
0
0
0
0
0
0
0
0
0
0
0
0
0
0
0
0
0
0
0
0
0
0
0
0
0
0
0
0
0
0
0
0
0
0
0
0
0
0
0
0
0
0
0
0
0
0
0
0
0
0
0
0
0
0
0
0
0
0
0
0
0
0
0
0
0
0
0
0
0
0
0
0
0
0
0
0
0
0
0
0
0
0
0
0
0
0
0
0
0
0.000830477771850198
0.00212538702626632
0.00359795363733576
0.0049221260451463
0.00621890395577552
0.00715865897710573
0.00786544831582066
0.00771546395240011
0.00722041662166675
0.00674806466189141
0.00685254865777092
0.0077035841563646
0.00810954442058614
0.00819907347760756
0.00813868906171502
0.00808373967446532
0.00729639289042925
0.00660672633261683
0.00562977139395628
0.00461770065280335
0.00368560710980005
0.00298719073167701
0.0024171672247497
0.00161074907302315
0.000927736879635926
0.000450153897622829
0.000100432228103461
-0.000408247101211321
-0.000802348803963911
-0.000365880066858738
2.76774430019538e-05
0.000285290745628391
0
0
0
0
0
0
0
0
0
0
0
0
0
0
0
0
0
0
0
0
0
0
0
0
0
0
0
0
0
0
0
0
0
0
0
0
0
0
0
0
0
0
0
0
0
0
0
0
0
0
0
0
0
0
0
0
0
0
0
0
0
0
0
0
0
0
0
0
0
0
0
0
0
0
0
0
0
0
0
0
0
0
0
0
0
0
0
0
0
0
0
0
0
0
0
0
0
0
0
0
0
0
0
0
0
0
0
0
0
0
0
0
0
0
0
0
0
0
0.000821513315130733
0.00203291726216218
0.00330005661499291
0.00466254160680145
0.00584203320094749
0.006762607241848
0.00730712505321154
0.00778792938845713
0.00746259097727798
0.00699961686496643
0.00665494272756408
0.00692095153868123
0.00785387471469075
0.00819297405422816
0.00814278601043688
0.0080020432587413
0.00794571828736872
0.00709928754642198
0.00631779023746452
0.00527467578768164
0.00420952044466351
0.00326696205188517
0.00262098833625762
0.00214147229308904
0.00130704015840973
0
0
0
0
0
0
0
0
0
0
0
0
0
0
0
0
0
0
0
0
0
0
0
0
0
0
0
0
0
0
0
0
0
0
0
0
0
0
0
0
0
0
0
0
0
0
0
0
0
0
0
0
0
0
0
0
0
0
0
0
0
0
0
0
0
0
0
0
0
0
0
0
0
0
0
0
0
0
0
0
0
0
0
0
0
0
0
0
0
0
0
0
0
0
0
0
0
0
0
0
0
0
0
0
0
0
0
0
0
0
0
0
0
0
0
0
0
0
0
0
0
0
0
0
0
0.000773395809634087
0.00195189839288212
0.00320032753231978
0.00430826766568056
0.00552448013481792
0.00642112306606684
0.00690491095441427
0.00720626232369639
0.00762508795905384
0.00734225048229262
0.00692759908187636
0.00666653845364636
0.00700198198066095
0.00794465480704634
0.00815904039797592
0.00796902181148904
0.00779354273737154
0.00779487374612118
0.00687617173448917
0.0060360821966343
0.00493163475114777
0.00390851491379707
0.00301954755897086
0.00236765725474998
0.00186446930638044
0.00110193046200556
0
0
0
0
0
0
0
0
0
0
0
0
0
0
0
0
0
0
0
0
0
0
0
0
0
0
0
0
0
0
0
0
0
0
0
0
0
0
0
0
0
0
0
0
0
0
0
0
0
0
0
0
0
0
0
0
0
0
0
0
0
0
0
0
0
0
0
0
0
0
0
0
0
0
0
0
0
0
0
0
0
0
0
0
0
0
0
0
0
0
0
0
0
0
0
0
0
0
0
0
0
0
0
0
0
0
0
0
0
0
0
0
0
0
0
0
0
0
0
0
0
0
0
0
0.000735356204071705
0.0017770709535165
0.00308711581105341
0.00431273990076049
0.0052824819907782
0.00610370840573649
0.00661224065614473
0.00683245053557382
0.0070705637653017
0.00760528771736664
0.00744657274359431
0.00697598342142771
0.00673246513663214
0.00711350648375916
0.00796814407315618
0.00800826234286861
0.00772026180958069
0.00759823385086285
0.00759142675223256
0.00664796542403971
0.00575106260703282
0.00466751463722862
0.00373628882368471
0.00285893926784814
0.00213929711546895
0.00163976379223238
0
0
0
0
0
0
0
0
0
0
0
0
0
0
0
0
0
0
0
0
0
0
0
0
0
0
0
0
0
0
0
0
0
0
0
0
0
0
0
0
0
0
0
0
0
0
0
0
0
0
0
0
0
0
0
0
0
0
0
0
0
0
0
0
0
0
0
0
0
0
0
0
0
0
0
0
0
0
0
0
0
0
0
0
0
0
0
0
0
0
0
0
0
0
0
0
0
0
0
0
0
0
0
0
0
0
0
0
0
0
0
0
0
0
0
0
0
0
0
0
0
0
0
0
0.000720319935151845
0.00167374223197443
0.00289549030144028
0.0042784181629271
0.00540533693326096
0.00603114519242821
0.00636283074529407
0.0066316134990578
0.00677081986662296
0.00710385232244647
0.00767644161410235
0.00765605269003083
0.00706667722484661
0.0068402703742866
0.00719540878480522
0.00783283170916451
0.00785927291400269
0.00755368482062012
0.00741571552535356
0.00740242530971551
0.00643573735729482
0.00554310228477031
0.00457089422730247
0.00371467049978423
0.00278948268688065
0.00199569522936454
0.00155363335991929
0
0
0
0
0
0
0
0
0
0
0
0
0
0
0
0
0
0
0
0
0
0
0
0
0
0
0
0
0
0
0
0
0
0
0
0
0
0
0
0
0
0
0
0
0
0
0
0
0
0
0
0
0
0
0
0
0
0
0
0
0
0
0
0
0
0
0
0
0
0
0
0
0
0
0
0
0
0
0
0
0
0
0
0
0
0
0
0
0
0
0
0
0
0
0
0
0
0
0
0
0
0
0
0
0
0
0
0
0
0
0
0
0
0
0
0
0
0
0
0
0
0
0
0.000738028072606739
0.00160832975421369
0.00278058578062156
0.00406496718617084
0.005436298590701
0.00619116467487468
0.00648160401193962
0.00650711035251479
0.00661694775350017
0.00697625097320957
0.00717417534944556
0.00776429104314405
0.00780193634338388
0.00719302888243049
0.00693536420434544
0.00718891490492134
0.00778405717046193
0.0078728858276998
0.00747478874225324
0.00727217761973583
0.00720772725495139
0.00624785526863257
0.00551270690883346
0.00463668611418534
0.00372853488064087
0.00274203142135837
0.00195314378030155
0
0
0
0
0
0
0
0
0
0
0
0
0
0
0
0
0
0
0
0
0
0
0
0
0
0
0
0
0
0
0
0
0
0
0
0
0
0
0
0
0
0
0
0
0
0
0
0
0
0
0
0
0
0
0
0
0
0
0
0
0
0
0
0
0
0
0
0
0
0
0
0
0
0
0
0
0
0
0
0
0
0
0
0
0
0
0
0
0
0
0
0
0
0
0
0
0
0
0
0
0
0
0
0
0
0
0
0
0
0
0
0
0
0
0
0
0
0
0
0
0
0
0
0.000606567564974084
0.0016334807976775
0.00272751129229226
0.00398365410832642
0.00507839228094738
0.00621886568635508
0.00669162586734487
0.00677625844918189
0.00653054753858529
0.00662203845773511
0.00706576789484463
0.00725939019982384
0.00783546365977015
0.00786134032932847
0.00718641298904476
0.00685551651674226
0.00720774356169338
0.00794740230821506
0.00802413253624364
0.00739597841423994
0.00713550249778297
0.00695993613990779
0.00613633992505413
0.00558458699259573
0.00475599071985955
0.00377017090144295
0.00271584158961701
0.00185168994841398
0.00134971940181208
0
0
0
0
0
0
0
0
0
0
0
0
0
0
0
0
0
0
0
0
0
0
0
0
0
0
0
0
0
0
0
0
0
0
0
0
0
0
0
0
0
0
0
0
0
0
0
0
0
0
0
0
0
0
0
0
0
0
0
0
0
0
0
0
0
0
0
0
0
0
0
0
0
0
0
0
0
0
0
0
0
0
0
0
0
0
0
0
0
0
0
0
0
0
0
0
0
0
0
0
0
0
0
0
0
0
0
0
0
0
0
0
0
0
0
0
0
0
0
0
0
0.000492496332396405
0.00140001675175895
0.00263505036487018
0.00384367374383861
0.0048942166847004
0.00572514765179742
0.00676332740671629
0.00713612126888835
0.00693370823399577
0.00640696444066343
0.0065089632427413
0.00708604607012108
0.0072025272960978
0.0076562878379573
0.00764918463760692
0.00695055512055361
0.00679861683724733
0.00746078116226403
0.00828611035061843
0.00818343706736446
0.00728971416354702
0.00694251546473345
0.0067785230841713
0.00616999604213182
0.00575993759565894
0.00488024235246092
0.00378146949622589
0.00265168943056396
0.00165898414251344
0.00119813753686214
0.000783114091618196
0.000338166298806997
0
0
0
0
0
0
0
0
0
0
0
0
0
0
0
0
0
0
0
0
0
0
0
0
0
0
0
0
0
0
0
0
0
0
0
0
0
0
0
0
0
0
0
0
0
0
0
0
0
0
0
0
0
0
0
0
0
0
0
0
0
0
0
0
0
0
0
0
0
0
0
0
0
0
0
0
0
0
0
0
0
0
0
0
0
0
0
0
0
0
0
0
0
0
0
0
0
0
0
0
0
0
0
0
0
0
0
0
0
0
0
0
0
0
0
0
0
0
0.00036216416863657
0.0011429316293403
0.00230732751893855
0.00361593178346203
0.004658491112968
0.00538475637615415
0.00613477456222716
0.00747421022385731
0.00759658693032706
0.00681328973133005
0.00612813437457154
0.00633371838146811
0.00678533629735564
0.00695456527859254
0.00723591732046821
0.00715041841558995
0.00668631098669852
0.00691903130469899
0.00791084386059522
0.00865732976765259
0.00821998255518616
0.0071469642813933
0.00675440326690684
0.00670663775065299
0.00636082925302863
0.00593849027763608
0.00492125373027146
0.00366043082679893
0.00246161959504599
0.00142024344668653
0.00102075396762006
0.00064365247349235
0.000223339350090608
-4.08017884032987e-05
-0.0002796772080286
-0.00055358597519846
-0.000750200572572863
-0.000439667464846192
-5.31642866561073e-05
0
0
0
0
0
0
0
0
0
0
0
0
0
0
0
0
0
0
0
0
0
0
0
0
0
0
0
0
0
0
0
0
0
0
0
0
0
0
0
0
0
0
0
0
0
0
0
0
0
0
0
0
0
0
0
0
0
0
0
0
0
0
0
0
0
0
0
0
0
0
0
0
0
0
0
0
0
0
0
0
0
0
0
0
0
0
0
0
0
0
0
0
0
0
0
0
0
0
0
0
0
0
0
0
0
0
0
0
0
0
0
0.00025206554673075
0.000869853692748442
0.00191949718057375
0.0032868501873477
0.00437432831553462
0.00512409792507015
0.00566914104694186
0.00663524112202956
0.00826786013673881
0.00776242483509395
0.00653169485824154
0.00574528766504927
0.005953698193901
0.00637887523406857
0.0065103167659772
0.00662774759863019
0.0066982010609557
0.0066125466324757
0.00726741794632545
0.00852189913746642
0.0088907273764321
0.00819005718798063
0.00699800838154038
0.00661069287564335
0.00668308570588365
0.00659734328506807
0.00605728861642509
0.00484112733880758
0.00341684534433863
0.00224580433599173
0.00117544432539325
0.000812710733825019
0.000522694558413882
5.77013377478828e-05
-0.000330829649969949
-0.000368590995980383
-0.000548407752858962
-0.000773154737879984
-0.00047739925920346
0.000138237941743874
0
0
0
0
0
0
0
0
0
0
0
0
0
0
0
0
0
0
0
0
0
0
0
0
0
0
0
0
0
0
0
0
0
0
0
0
0
0
0
0
0
0
0
0
0
0
0
0
0
0
0
0
0
0
0
0
0
0
0
0
0
0
0
0
0
0
0
0
0
0
0
0
0
0
0
0
0
0
0
0
0
0
0
0
0
0
0
0
0
0
0
0
0
0
0
0
0
0
0
0
0
0
0
0
0
0
0
0
0
0
0.000278651930658534
0.000672931354859877
0.00165922526636393
0.00285233314302019
0.00410840649056454
0.00485077888902411
0.00541697806166668
0.0059983678230935
0.00711812996736127
0.00866437037231971
0.00757633726629924
0.00601959488931703
0.00518289694224755
0.0054414704536342
0.0058663701525398
0.00606509726309937
0.00617612041780739
0.00652433354451654
0.00685465936230401
0.00780479556250078
0.00896582901656074
0.00894774064048651
0.00807469721789487
0.00683904704950765
0.00648714662530622
0.00671744513389425
0.00675543070536495
0.00599392321073295
0.00459360391326303
0.00315026832396878
0.00203280165863611
0.000947339944293085
0.000648647007649005
0
0
0
0
0
0
0
0
0
0
0
0
0
0
0
0
0
0
0
0
0
0
0
0
0
0
0
0
0
0
0
0
0
0
0
0
0
0
0
0
0
0
0
0
0
0
0
0
0
0
0
0
0
0
0
0
0
0
0
0
0
0
0
0
0
0
0
0
0
0
0
0
0
0
0
0
0
0
0
0
0
0
0
0
0
0
0
0
0
0
0
0
0
0
0
0
0
0
0
0
0
0
0
0
0
0
0
0
0
0
0
0
0
0
0
0
0
0.00043322169289642
0.000800921598978378
0.00141094886223515
0.00260061557139876
0.00370559039864768
0.00465111842736341
0.00518359748816007
0.00571592330945365
0.00634406661656354
0.00737808954728514
0.00854711315292018
0.00705750968737052
0.00534897702543041
0.00461136710025327
0.00496469129522062
0.00548222222817826
0.00579323807373111
0.00607009562808926
0.00668622738999988
0.00737949421571457
0.00831806511267851
0.00915354261707694
0.00885988996508099
0.00790248060164212
0.00668767990157666
0.00643760814809841
0.00677041455420913
0.0067307103916487
0.00577006448269212
0.00427298669714054
0.0028574217355593
0
0
0
0
0
0
0
0
0
0
0
0
0
0
0
0
0
0
0
0
0
0
0
0
0
0
0
0
0
0
0
0
0
0
0
0
0
0
0
0
0
0
0
0
0
0
0
0
0
0
0
0
0
0
0
0
0
0
0
0
0
0
0
0
0
0
0
0
0
0
0
0
0
0
0
0
0
0
0
0
0
0
0
0
0
0
0
0
0
0
0
0
0
0
0
0
0
0
0
0
0
0
0
0
0
0
0
0
0
0
0
0
0
0
0
0
0
0
0
0.000470232994775851
0.00107246936006297
0.00155890973158549
0.00222763723021462
0.00330965396329337
0.00426984032261768
0.0050028529106998
0.00551533649691527
0.00600853607359088
0.00660432374374436
0.00733614927358674
0.00804594416071421
0.00629295609903917
0.00476342235268279
0.00419001141407451
0.00458623602236676
0.00522458800837503
0.00577205239272399
0.00623837023017738
0.00715946660444912
0.00787526266541851
0.00860480213759055
0.00909276865611916
0.00868314285457398
0.00770209548777551
0.00659403349513548
0.00642745297657236
0.00676583416540742
0.00655562062356295
0.00546521629220295
0.00399746665668628
0
0
0
0
0
0
0
0
0
0
0
0
0
0
0
0
0
0
0
0
0
0
0
0
0
0
0
0
0
0
0
0
0
0
0
0
0
0
0
0
0
0
0
0
0
0
0
0
0
0
0
0
0
0
0
0
0
0
0
0
0
0
0
0
0
0
0
0
0
0
0
0
0
0
0
0
0
0
0
0
0
0
0
0
0
0
0
0
0
0
0
0
0
0
0
0
0
0
0
0
0
0
0
0
0
0
0
0
0
0
0
0
0
0
0
0
0
0
0
0.000378536773910472
0.00110061503825089
0.00192399717240242
0.00236707080982232
0.00284043419888794
0.00376310525565451
0.00458454504737886
0.00524985144189032
0.00575963427527671
0.00622260632207157
0.0066090532594261
0.00697127293543784
0.00736772706140618
0.00568957188570872
0.00436486246410408
0.00382835565119878
0.00428796971400155
0.00517357920601662
0.00594284965908234
0.00671106770090331
0.00765537860723394
0.00818868236013435
0.00861818265713117
0.00892130634634235
0.00844544291460124
0.00754740296298558
0.00655086707818411
0.0064096004204513
0.00666452577740613
0.00636074097994096
0.00526163953176722
0
0
0
0
0
0
0
0
0
0
0
0
0
0
0
0
0
0
0
0
0
0
0
0
0
0
0
0
0
0
0
0
0
0
0
0
0
0
0
0
0
0
0
0
0
0
0
0
0
0
0
0
0
0
0
0
0
0
0
0
0
0
0
0
0
0
0
0
0
0
0
0
0
0
0
0
0
0
0
0
0
0
0
0
0
0
0
0
0
0
0
0
0
0
0
0
0
0
0
0
0
0
0
0
0
0
0
0
0
0
0
0
0
0
0
0
0
0
0
0.000504704153413769
0.00105132306377448
0.00198732163984683
0.00278891168109482
0.0030070899203382
0.00330254827059132
0.00405004179235988
0.00485086145309456
0.00543794254480035
0.00593161897877558
0.0062749465857467
0.00646161264298118
0.00654702207346719
0.00667446997553264
0.00508541206272749
0.00396990522960779
0.00350095493381974
0.00410421027118747
0.00523765356738785
0.00626320590572944
0.00710830184478026
0.00795207772727856
0.00823065318453739
0.008461728716175
0.00859978594773246
0.00823725630177053
0.00742786587524254
0.00654277831344034
0.00634162591888016
0.00657584152836606
0.00617708790837081
0.00513727565417982
0
0
0
0
0
0
0
0
0
0
0
0
0
0
0
0
0
0
0
0
0
0
0
0
0
0
0
0
0
0
0
0
0
0
0
0
0
0
0
0
0
0
0
0
0
0
0
0
0
0
0
0
0
0
0
0
0
0
0
0
0
0
0
0
0
0
0
0
0
0
0
0
0
0
0
0
0
0
0
0
0
0
0
0
0
0
0
0
0
0
0
0
0
0
0
0
0
0
0
0
0
0
0
0
0
0
0
0
0
0
0
0
0
0
0
0
0
0
0.000623938995677892
0.00130538574022287
0.00191680664309265
0.00286178291876883
0.00352520182741542
0.00351074801383823
0.00361529793825709
0.0043294503938914
0.00503959874763246
0.00554002100709741
0.00600933568135459
0.0062530705361547
0.00621323289180789
0.00605035529440996
0.00597523266594704
0.00460078363474867
0.00352570945222221
0.00316501730129157
0.00396064279691532
0.00534615548494556
0.00649565230470446
0.00733838511634418
0.00797231602130944
0.00812511928888479
0.00820691903537075
0.00835239054429227
0.00806168242894766
0.00733509702073028
0.00649794354324681
0.00624739928722295
0.00644944556883603
0.00605543856255141
0.00515843517942815
0
0
0
0
0
0
0
0
0
0
0
0
0
0
0
0
0
0
0
0
0
0
0
0
0
0
0
0
0
0
0
0
0
0
0
0
0
0
0
0
0
0
0
0
0
0
0
0
0
0
0
0
0
0
0
0
0
0
0
0
0
0
0
0
0
0
0
0
0
0
0
0
0
0
0
0
0
0
0
0
0
0
0
0
0
0
0
0
0
0
0
0
0
0
0
0
0
0
0
0
0
0
0
0
0
0
0
0
0
0
0
0
0
0
0
0
0
0.000650245641407153
0.00153872005819546
0.00222763581027646
0.00276123243181895
0.00362556439494295
0.00414994739714355
0.00391640578330994
0.00394329943617594
0.00458395923061428
0.00517647512770706
0.00567131689022582
0.00612947870403803
0.00617641243083172
0.00587406902723704
0.005486442491453
0.00526604232001832
0.00396607792540231
0.00303853268135844
0.00286346092424994
0.00384452803278918
0.00539387624539731
0.00659058636452223
0.00729148501817733
0.00782085876841229
0.00796302948429427
0.00801968081675796
0.00819289262908387
0.0079267929227412
0.00722134659319304
0.00642315956199922
0.00613505946581493
0.00634305935474527
0.00601009642542427
0.00525852143226986
0
0
0
0
0
0
0
0
0
0
0
0
0
0
0
0
0
0
0
0
0
0
0
0
0
0
0
0
0
0
0
0
0
0
0
0
0
0
0
0
0
0
0
0
0
0
0
0
0
0
0
0
0
0
0
0
0
0
0
0
0
0
0
0
0
0
0
0
0
0
0
0
0
0
0
0
0
0
0
0
0
0
0
0
0
0
0
0
0
0
0
0
0
0
0
0
0
0
0
0
0
0
0
0
0
0
0
0
0
0
0
0
0
0
0
0
0.000669835131002682
0.00157184161782175
0.00252953907723547
0.00308513855953962
0.00349713308526355
0.00424457951099659
0.00463304741538295
0.00426870866859627
0.00421938273131594
0.00479413658100302
0.00529542359057524
0.00583425945009221
0.00620123185253358
0.00597713417391885
0.00544107582483103
0.00486831384191931
0.00449163085598221
0.00333145184712015
0.00259945357415122
0.00261704508244786
0.00373814564624451
0.00537614332399627
0.00653089094333969
0.00714791367128031
0.0076547503390573
0.0078390415723909
0.00790420341829727
0.00804617487876482
0.00774462458203807
0.00708446277087421
0.00632413457841086
0.00604406406934898
0.00626009156265478
0.0060188202015744
0.00540960723598128
0
0
0
0
0
0
0
0
0
0
0
0
0
0
0
0
0
0
0
0
0
0
0
0
0
0
0
0
0
0
0
0
0
0
0
0
0
0
0
0
0
0
0
0
0
0
0
0
0
0
0
0
0
0
0
0
0
0
0
0
0
0
0
0
0
0
0
0
0
0
0
0
0
0
0
0
0
0
0
0
0
0
0
0
0
0
0
0
0
0
0
0
0
0
0
0
0
0
0
0
0
0
0
0
0
0
0
0
0
0
0
0
0
0
0
0.000665747743717128
0.00160046596632648
0.00254624833963469
0.00342249711835185
0.00382262576660157
0.00407267331908888
0.00470989920449696
0.00500996595132379
0.00454460115381052
0.00446595831807437
0.00487525851739367
0.00537246102683236
0.00592307999836237
0.00613065488961173
0.0056296201281204
0.00492510201259827
0.00420542278641949
0.00377977802467826
0.00285720147185171
0.00221230309831552
0.00241420170966718
0.00361822702624956
0.0052975589148986
0.00644631378151294
0.00707346078701856
0.00754148504446349
0.00776941453856333
0.0077907018085159
0.00784622265970941
0.0075434333299884
0.00692425087145988
0.00623135758928816
0.00594961583445358
0.00621271798295256
0.00606392897310524
0.00558547332407706
0
0
0
0
0
0
0
0
0
0
0
0
0
0
0
0
0
0
0
0
0
0
0
0
0
0
0
0
0
0
0
0
0
0
0
0
0
0
0
0
0
0
0
0
0
0
0
0
0
0
0
0
0
0
0
0
0
0
0
0
0
0
0
0
0
0
0
0
0
0
0
0
0
0
0
0
0
0
0
0
0
0
0
0
0
0
0
0
0
0
0
0
0
0
0
0
0
0
0
0
0
0
0
0
0
0
0
0
0
0
0
0
0
0
0.000725679700223586
0.00161361401553423
0.00253360905164963
0.00339436194296523
0.00415177217541154
0.00438965923337961
0.00449672159022986
0.00501835112855161
0.00527829327570665
0.00477891248890904
0.00454852282450292
0.00490344612498672
0.0054186308781074
0.00587617164497782
0.00591720342907257
0.00517517210239952
0.00438453979398319
0.00360793497309343
0.00325037259812786
0.00245992641578701
0.00193855437055997
0.00221692321151427
0.00350738512659846
0.0052755026909845
0.00634347272446054
0.00701680223661625
0.00752451241138198
0.00765970546448179
0.0076207511884725
0.00762165185132253
0.00731995732135699
0.00677603493912789
0.00609442722627714
0.0058587802091388
0.00619574544519089
0.00612238498646409
0.00567060423336581
0
0
0
0
0
0
0
0
0
0
0
0
0
0
0
0
0
0
0
0
0
0
0
0
0
0
0
0
0
0
0
0
0
0
0
0
0
0
0
0
0
0
0
0
0
0
0
0
0
0
0
0
0
0
0
0
0
0
0
0
0
0
0
0
0
0
0
0
0
0
0
0
0
0
0
0
0
0
0
0
0
0
0
0
0
0
0
0
0
0
0
0
0
0
0
0
0
0
0
0
0
0
0
0
0
0
0
0
0
0
0
0
0
0.000834530660749981
0.00173582122927665
0.00255127145739909
0.00334054123601296
0.0040833153970867
0.00469914470888931
0.00478730511849367
0.00478078335445955
0.00526080710047007
0.00548451341547843
0.00485677954791078
0.0045901844905598
0.0049810450279935
0.00543169666358554
0.00574434627995891
0.00561906843228666
0.0047114523072677
0.00388271299705533
0.00312694992938638
0.00282183572151165
0.00216815527314427
0.00169741968760351
0.00208633579061885
0.00347118476277115
0.00515879920794291
0.00626022427909201
0.0069983925533373
0.00741204635313192
0.0074496321985008
0.00733485696131058
0.00735800068590453
0.0071008842367735
0.00656555783164003
0.00593532044462136
0.00579758232908105
0.00620161497772081
0.00610898106350058
0.00557497492151041
0.00448750072077057
0
0
0
0
0
0
0
0
0
0
0
0
0
0
0
0
0
0
0
0
0
0
0
0
0
0
0
0
0
0
0
0
0
0
0
0
0
0
0
0
0
0
0
0
0
0
0
0
0
0
0
0
0
0
0
0
0
0
0
0
0
0
0
0
0
0
0
0
0
0
0
0
0
0
0
0
0
0
0
0
0
0
0
0
0
0
0
0
0
0
0
0
0
0
0
0
0
0
0
0
0
0
0
0
0
0
0
0
0
0
0
0.00096165358472015
0.00197417255446765
0.00269655948213089
0.00332393817075168
0.00397927868887579
0.00458231297354785
0.00503770503949619
0.00501599853807527
0.00499221993918296
0.00542942112628962
0.00558545256411456
0.00490363294454967
0.00458123395079758
0.00500196479176975
0.0053743572646253
0.00555198519263923
0.00529024501075987
0.00425007177358159
0.00346701377302981
0.00275955555219453
0.00251337894869357
0.00196206675159834
0.00159696776149023
0.00204876455664132
0.00341186544136156
0.00510764068330965
0.00621044641867811
0.00684892447549786
0.00714861938220642
0.00711795608361213
0.00706582233000966
0.00716774375702025
0.00685140110783521
0.0063370060965902
0.00584009588659402
0.00578246337395708
0.00617982048567
0.00597146330603822
0.0053783454720263
0.00428639108467945
0
0
0
0
0
0
0
0
0
0
0
0
0
0
0
0
0
0
0
0
0
0
0
0
0
0
0
0
0
0
0
0
0
0
0
0
0
0
0
0
0
0
0
0
0
0
0
0
0
0
0
0
0
0
0
0
0
0
0
0
0
0
0
0
0
0
0
0
0
0
0
0
0
0
0
0
0
0
0
0
0
0
0
0
0
0
0
0
0
0
0
0
0
0
0
0
0
0
0
0
0
0
0
0
0
0
0
0
0
0
0.0010386301036518
0.00222846112702269
0.0030120924698986
0.00345907252943329
0.00391498898715064
0.0044182261452966
0.00491897009669409
0.00525298008469386
0.00516267891773583
0.00515629174635228
0.00558674159802837
0.00565767424646904
0.0048348016156766
0.0044588084050961
0.00493707860860537
0.00529573935166869
0.00526628789724796
0.00490576073661123
0.00382442658970805
0.00314457678549737
0.00252033176906313
0.00233706078824841
0.00186078884566986
0.00157536742827713
0.00200324183603333
0.0033853625644641
0.00505728684573134
0.00598892903517028
0.00645997626039141
0.00678027335486039
0.00684459114345306
0.00689294931981835
0.00696365436322651
0.00657285021073991
0.00612029222645432
0.00576631771941485
0.00572552206155725
0.00607655032564396
0.0057795091110989
0.00511704526109186
0.00397823450868903
0
0
0
0
0
0
0
0
0
0
0
0
0
0
0
0
0
0
0
0
0
0
0
0
0
0
0
0
0
0
0
0
0
0
0
0
0
0
0
0
0
0
0
0
0
0
0
0
0
0
0
0
0
0
0
0
0
0
0
0
0
0
0
0
0
0
0
0
0
0
0
0
0
0
0
0
0
0
0
0
0
0
0
0
0
0
0
0
0
0
0
0
0
0
0
0
0
0
0
0
0
0
0
0
0
0
0
0
0
0.000985101887346787
0.00238457752154273
0.00338505595777832
0.00386698897241908
0.00408126990447838
0.00439412806879682
0.00475013335776315
0.0051787462488872
0.0053550160103891
0.00523951745125439
0.00529261699595533
0.00568907015981564
0.00548101198613042
0.00451548628891715
0.00412110404313106
0.00470467684613789
0.00504794768944059
0.00482939498848701
0.00450549936337255
0.00345837531191323
0.00293220849666158
0.00237928404433467
0.00224011745476442
0.00183105920527684
0.00153903728830703
0.00200790958812139
0.00329780727383876
0.00479633245704158
0.00551960589800284
0.00599135241629474
0.00640458685783323
0.00660617605435946
0.0066434703612548
0.0066349021708086
0.00626344286230046
0.00591451868462732
0.0056514642526344
0.00558671624691504
0.00594112739272012
0.00553947803406791
0.00477538872722744
0
0
0
0
0
0
0
0
0
0
0
0
0
0
0
0
0
0
0
0
0
0
0
0
0
0
0
0
0
0
0
0
0
0
0
0
0
0
0
0
0
0
0
0
0
0
0
0
0
0
0
0
0
0
0
0
0
0
0
0
0
0
0
0
0
0
0
0
0
0
0
0
0
0
0
0
0
0
0
0
0
0
0
0
0
0
0
0
0
0
0
0
0
0
0
0
0
0
0
0
0
0
0
0
0
0
0
0
0
0.000884357934042707
0.00226814873970114
0.00356449648202986
0.00433328921273208
0.00455803992129504
0.00453083859110832
0.00476442731580463
0.00508048393008894
0.00527929063643814
0.00538962363446783
0.0052145494115176
0.00531402388452823
0.00548844654137074
0.00500054030541067
0.00401596622511793
0.00362793512808329
0.00423625316840568
0.00456910362622502
0.00430023749592842
0.00417833526435009
0.00324757729369271
0.00277334175905536
0.00215517590341537
0.00210341895886722
0.00184206104061151
0.00158473552456531
0.00190908502417347
0.00302564215087168
0.00426033718396462
0.0049760502111132
0.00555912270998978
0.00610046368033083
0.00630330486162003
0.00634333362461285
0.00635150782997802
0.00599691931436423
0.00576552302289408
0.00549233690699818
0.00546554664419488
0.0057946580364778
0.00526397806687943
0.00435398233261575
0
0
0
0
0
0
0
0
0
0
0
0
0
0
0
0
0
0
0
0
0
0
0
0
0
0
0
0
0
0
0
0
0
0
0
0
0
0
0
0
0
0
0
0
0
0
0
0
0
0
0
0
0
0
0
0
0
0
0
0
0
0
0
0
0
0
0
0
0
0
0
0
0
0
0
0
0
0
0
0
0
0
0
0
0
0
0
0
0
0
0
0
0
0
0
0
0
0
0
0
0
0
0
0
0
0
0
0
0.000893338117465923
0.0020946864719016
0.00342796452462444
0.00454387222931433
0.00509271674667057
0.00499021437527264
0.00481723162626115
0.00497055157323886
0.00509973243380783
0.00525515270337999
0.00524533314299506
0.0050494157271757
0.00514755328631782
0.00507021434679426
0.0044491158276933
0.00347716078329079
0.00302794274738746
0.00358476380340113
0.00407209982210555
0.00393412053978607
0.004046254754224
0.00317378154240103
0.00257232075340513
0.00194310785693742
0.0020388500970166
0.00181435969921617
0.00148102014452108
0.00168200390614101
0.00247934886698922
0.00365400956196296
0.00456264384693921
0.0052418583140056
0.00582358428127022
0.00597564344176219
0.00615638714899867
0.00615882220693941
0.00586766770806793
0.00563094811410954
0.00544199956514018
0.00537050180317524
0.00567234723122633
0.00492289199293433
0.00386017304019948
0.00277633000686397
0.00161143474900015
0
0
0
0
0
0
0
0
0
0
0
0
0
0
0
0
0
0
0
0
0
0
0
0
0
0
0
0
0
0
0
0
0
0
0
0
0
0
0
0
0
0
0
0
0
0
0
0
0
0
0
0
0
0
0
0
0
0
0
0
0
0
0
0
0
0
0
0
0
0
0
0
0
0
0
0
0
0
0
0
0
0
0
0
0
0
0
0
0
0
0
0
0
0
0
0
0
0
0
0
0
0
0
0
0
