"pred_beta"
0.000713803565774459
0.00495039720483164
0.00581235671457936
0
0
0
0
0
0
0
0
0
0
0
0
0
0
0
0
0
0
0
0
0
0
0
0
0
0
0
0
0
0
0
0
0
0
0
0
0
0
0
0
0
0
0
0
0
0
0
0
0
0
0
0
0
0
0
0
0
0
0
0
0
0
0
0
0
0
0
0
0
0
0
0
0
0
0
0
0
0
0
0
0
0
0
0
0
0
0
0
0
0
0
0
0
0
0
0
0
0
0
0
0
0
0
0
0
0
0
0
0
0
0
0
0
0
0
0
0
0
0
0
0
0
0
0
0
0
0
0
0
0
0
0
0
0
0
0
0
0
0
0
0
0
0
0
0
0
0
0.000697525483666448
0.00488612773939777
0.00574079098385749
0
0
0
0
0
0
0
0
0
0
0
0
0
0
0
0
0
0
0
0
0
0
0
0
0
0
0
0
0
0
0
0
0
0
0
0
0
0
0
0
0
0
0
0
0
0
0
0
0
0
0
0
0
0
0
0
0
0
0
0
0
0
0
0
0
0
0
0
0
0
0
0
0
0
0
0
0
0
0
0
0
0
0
0
0
0
0
0
0
0
0
0
0
0
0
0
0
0
0
0
0
0
0
0
0
0
0
0
0
0
0
0
0
0
0
0
0
0
0
0
0
0
0
0
0
0
0
0
0
0
0
0
0
0
0
0
0
0
0
0
0
0
0
0
0
0
0
0.000681291114058561
0.00482223168209575
0.0056693493024755
0
0
0
0
0
0
0
0
0
0
0
0
0
0
0
0
0
0
0
0
0
0
0
0
0
0
0
0
0
0
0
0
0
0
0
0
0
0
0
0
0
0
0
0
0
0
0
0
0
0
0
0
0
0
0
0
0
0
0
0
0
0
0
0
0
0
0
0
0
0
0
0
0
0
0
0
0
0
0
0
0
0
0
0
0
0
0
0
0
0
0
0
0
0
0
0
0
0
0
0
0
0
0
0
0
0
0
0
0
0
0
0
0
0
0
0
0
0
0
0
0
0
0
0
0
0
0
0
0
0
0
0
0
0
0
0
0
0
0
0
0
0
0
0
0
0
0
0.000665078068373425
0.00475843115895989
0
0
0
0
0
0
0
0
0
0
0
0
0
0
0
0
0
0
0
0
0
0
0
0
0
0
0
0
0
0
0
0
0
0
0
0
0
0
0
0
0
0
0
0
0
0
0
0
0
0
0
0
0
0
0
0
0
0
0
0
0
0
0
0
0
0
0
0
0
0
0
0
0
0
0
0
0
0
0
0
0
0
0
0
0
0
0
0
0
0
0
0
0
0
0
0
0
0
0
0
0
0
0
0
0
0
0
0
0
0
0
0
0
0
0
0
0
0
0
0
0
0
0
0
0
0
0
0
0
0
0
0
0
0
0
0
0
0
0
0
0
0
0
0
0
0
0
0
0.000648958502567331
0.00469484387198121
0
0
0
0
0
0
0
0
0
0
0
0
0
0
0
0
0
0
0
0
0
0
0
0
0
0
0
0
0
0
0
0
0
0
0
0
0
0
0
0
0
0
0
0
0
0
0
0
0
0
0
0
0
0
0
0
0
0
0
0
0
0
0
0
0
0
0
0
0
0
0
0
0
0
0
0
0
0
0
0
0
0
0
0
0
0
0
0
0
0
0
0
0
0
0
0
0
0
0
0
0
0
0
0
0
0
0
0
0
0
0
0
0
0
0
0
0
0
0
0
0
0
0
0
0
0
0
0
0
0
0
0
0
0
0
0
0
0
0
0
0
0
0
0
0
0
0
0
0.000632855948030253
0.00463181646243577
0
0
0
0
0
0
0
0
0
0
0
0
0
0
0
0
0
0
0
0
0
0
0
0
0
0
0
0
0
0
0
0
0
0
0
0
0
0
0
0
0
0
0
0
0
0
0
0
0
0
0
0
0
0
0
0
0
0
0
0
0
0
0
0
0
0
0
0
0
0
0
0
0
0
0
0
0
0
0
0
0
0
0
0
0
0
0
0
0
0
0
0
0
0
0
0
0
0
0
0
0
0
0
0
0
0
0
0
0
0
0
0
0
0
0
0
0
0
0
0
0
0
0
0
0
0
0
0
0
0
0
0
0
0
0
0
0
0
0
0
0
0
0
0
0
0
0
0
0.000616760531362322
0.0045688294282347
0
0
0
0
0
0
0
0
0
0
0
0
0
0
0
0
0
0
0
0
0
0
0
0
0
0
0
0
0
0
0
0
0
0
0
0
0
0
0
0
0
0
0
0
0
0
0
0
0
0
0
0
0
0
0
0
0
0
0
0
0
0
0
0
0
0
0
0
0
0
0
0
0
0
0
0
0
0
0
0
0
0
0
0
0
0
0
0
0
0
0
0
0
0
0
0
0
0
0
0
0
0
0
0
0
0
0
0
0
0
0
0
0
0
0
0
0
0
0
0
0
0
0
0
0
0
0
0
0
0
0
0
0
0
0
0
0
0
0
0
0
0
0
0
0
0
0
0
0.000600966847475248
0.00450597296031504
0
0
0
0
0
0
0
0
0
0
0
0
0
0
0
0
0
0
0
0
0
0
0
0
0
0
0
0
0
0
0
0
0
0
0
0
0
0
0
0
0
0
0
0
0
0
0
0
0
0
0
0
0
0
0
0
0
0
0
0
0
0
0
0
0
0
0
0
0
0
0
0
0
0
0
0
0
0
0
0
0
0
0
0
0
0
0
0
0
0
0
0
0
0
0
0
0
0
0
0
0
0
0
0
0
0
0
0
0
0
0
0
0
0
0
0
0
0
0
0
0
0
0
0
0
0
0
0
0
0
0
0
0
0
0
0
0
0
0
0
0
0
0
0
0
0
0
0
0.000585283399743111
0
0
0
0
0
0
0
0
0
0
0
0
0
0
0
0
0
0
0
0
0
0
0
0
0
0
0
0
0
0
0
0
0
0
0
0
0
0
0
0
0
0
0
0
0
0
0
0
0
0
0
0
0
0
0
0
0
0
0
0
0
0
0
0
0
0
0
0
0
0
0
0
0
0
0
0
0
0
0
0
0
0
0
0
0
0
0
0
0
0
0
0
0
0
0
0
0
0
0
0
0
0
0
0
0
0
0
0
0
0
0
0
0
0
0
0
0
0
0
0
0
0
0
0
0
0
0
0
0
0
0
0
0
0
0
0
0
0
0
0
0
0
0
0
0
0
0
0
0
0.000569624259655012
0
0
0
0
0
0
0
0
0
0
0
0
0
0
0
0
0
0
0
0
0
0
0
0
0
0
0
0
0
0
0
0
0
0
0
0
0
0
0
0
0
0
0
0
0
0
0
0
0
0
0
0
0
0
0
0
0
0
0
0
0
0
0
0
0
0
0
0
0
0
0
0
0
0
0
0
0
0
0
0
0
0
0
0
0
0
0
0
0
0
0
0
0
0
0
0
0
0
0
0
0
0
0
0
0
0
0
0
0
0
0
0
0
0
0
0
0
0
0
0
0
0
0
0
0
0
0
0
0
0
0
0
0
0
0
0
0
0
0
0
0
0
0
0
0
0
0
0
0
0.000553972547929514
0
0
0
0
0
0
0
0
0
0
0
0
0
0
0
0
0
0
0
0
0
0
0
0
0
0
0
0
0
0
0
0
0
0
0
0
0
0
0
0
0
0
0
0
0
0
0
0
0
0
0
0
0
0
0
0
0
0
0
0
0
0
0
0
0
0
0
0
0
0
0
0
0
0
0
0
0
0
0
0
0
0
0
0
0
0
0
0
0
0
0
0
0
0
0
0
0
0
0
0
0
0
0
0
0
0
0
0
0
0
0
0
0
0
0
0
0
0
0
0
0
0
0
0
0
0
0
0
0
0
0
0
0
0
0
0
0
0
0
0
0
0
0
0
0
0
0
0
0
0.000538346966757206
0
0
0
0
0
0
0
0
0
0
0
0
0
0
0
0
0
0
0
0
0
0
0
0
0
0
0
0
0
0
0
0
0
0
0
0
0
0
0
0
0
0
0
0
0
0
0
0
0
0
0
0
0
0
0
0
0
0
0
0
0
0
0
0
0
0
0
0
0
0
0
0
0
0
0
0
0
0
0
0
0
0
0
0
0
0
0
0
0
0
0
0
0
0
0
0
0
0
0
0
0
0
0
0
0
0
0
0
0
0
0
0
0
0
0
0
0
0
0
0
0
0
0
0
0
0
0
0
0
0
0
0
0
0
0
0
0
0
0
0
0
0
0
0
0
0
0
0
0
0
0
0
0
0
0
0
0
0
0
0
0
0
0
0
0
0
0
0
0
0
0
0
0
0
0
0
0
0
0
0
0
0
0
0
0
0
0
0
0
0
0
0
0
0
0
0
0
0
0
0
0
0
0
0
0
0
0
0
0
0
0
0
0
0
0
0
0
0
0
0
0
0
0
0
0
0
0
0
0
0
0
0
0
0
0
0
0
0
0
0
0
0
0
0
0
0
0
0
0
0
0
0
0
0
0
0
0
0
0
0
0
0
0
0
0
0
0
0
0
0
0
0
0
0
0
0
0
0
0
0
0
0
0
0
0
0
0
0
0
0
0
0
0
0
0
0
0
0
0
0
0
0
0
0
0
0
0
0
0
0
0
0
0
0
0
0
0
0
0
0
0
0
0
0
0
0
0
0
0
0
0
0
0
0
0
0
0
0
0
0
0
0
0
0
0
0
0
0
0
0
0
0
0
0
0
0
0
0
0
0
0
0
0
0
0
0
0
0
0
0
0
0
0
0
0
0
0
0
0
0
0
0
0
0
0
0
0
0
0
0
0
0
0
0
0
0
0
0
0
0
0
0
0
0
0
0
0
0
0
0
0
0
0
0
0
0
0
0
0
0
0
0
0
0
0
0
0
0
0
0
0
0
0
0
0
0
0
0
0
0
0
0
0
0
0
0
0
0
0
0
0
0
0
0
0
0
0
0
0
0
0
0
0
0
0
0
0
0
0
0
0
0
0
0
0
0
0
0
0
0
0
0
0
0
0
0
0
0
0
0
0
0
0
0
0
0
0
0
0
0
0
0
0
0
0
0
0
0
0
0
0
0
0
0
0
0
0
0
0
0
0
0
0
0
0
0
0
0
0
0
0
0
0
0
0
0
0
0
0
0
0
0
0
0
0
0
0
0
0
0
0
0
0
0
0
0
0
0
0
0
0
0
0
0
0
0
0
0
0
0
0
0
0
0
0
0
0
0
0
0
0
0
0
0
0
0
0
0
0
0
0
0
0
0
0
0
0
0
0
0
0
0
0
0
0
0
0
0
0
0
0
0
0
0
0
0
0
0
0
0
0
0
0
0
0
0
0
0
0
0
0
0
0
0
0
0
0
0
0
0
0
0
0
0
0
0
0
0
0
0
0
0
0
0
0
0
0
0
0
0
0
0
0
0
0
0
0
0
0
0
0
0
0
0
0
0
0
0
0
0
0
0
0
0
0
0
0
0
0
0
0
0
0
0
0
0
0
0
0
0
0
0
0
0
0
0
0
0
0
0
0
0
0
0
0
0
0
0
0
0
0
0
0
0
0
0
0
0
0
0
0
0
0
0
0
0
0
0
0
0
0
0
0
0
0
0
0
0
0
0
0
0
0
0
0
0
0
0
0
0
0
0
0
0
0
0
0
0
0
0
0
0
0
0
0
0
0
0
0
0
0
0
0
0
0
0
0
0
0
0
0
0
0
0
0
0
0
0
0
0
0
0
0
0
0
0
0
0
0
0
0
0
0
0
0
0
0
0
0
0
0
0
0
0
0
0
0
0
0
0
0
0
0
0
0
0
0
0
0
0
0
0
0
0
0
0
0
0
0
0
0
0
0
0
0
0
0
0
0
0
0
0
0
0
0
0
0
0
0
0
0
0
0
0
0
0
0
0
0
0
0
0
0
0
0
0
0
0
0
0
0
0
0
0
0
0
0
0
0
0
0
0
0
0
0
0
0
0
0
0
0
0
0
0
0
0
0
0
0
0
0
0
0
0
0
0
0
0
0
0
0
0
0
0
0
0
0
0
0
0
0
0
0
0
0
0
0
0
0
0
0
0
0
0
0
0
0
0
0
0
0
0
0
0
0
0
0
0
0
0
0
0
0
0
0
0
0
0
0
0
0
0
0
0
0
0
0
0
0
0
0
0
0
0
0
0
0
0
0
0
0
0
0
0
0
0
0
0
0
0
0
0
0
0
0
0
0
0
0
0
0
0
0
0
0
0
0
0
0
0
0
0
0
0
0
0
0
0
0
0
0
0
0
0
0
0
0
0
0
0
0
0
0
0
0
0
0
0
0
0
0
0
0
0
0
0
0
0
0
0
0
0
0
0
0
0
0
0
0
0
0
0
0
0
0
0
0
0
0
0
0
0
0
0
0
0
0
0
0
0
0
0
0
0
0
0
0
0
0
0
0
0
0
0
0
0
0
0
0
0
0
0
0
0
0
0
0
0
0
0
0
0
0
0
0
0
0
0
0
0
0
0
0
0
0
0
0
0
0
0
0
0
0
0
0
0
0
0
0
0
0
0
0
0
0
0
0
0
0
0
0
0
0
0
0
0
0
0
0
0
0
0
0
0
0
0
0
0
0
0
0
0
0
0
0
0
0
0
0
0
0
0
0
0
0
0
0
0
0
0
0
0
0
0
0
0
0
0
0
0
0
0
0
0
0
0
0
0
0
0
0
0
0
0
0
0
0
0
0
0
0
0
0
0
0
0
0
0
0
0
0
0
0
0
0
0
0
0
0
0
0
0
0
0
0
0
0
0
0
0
0
0
0
0
0
0
0
0
0
0
0
0
0
0
0
0
0
0
0
0
0
0
0
0
0
0
0
0
0
0
0
0
0
0
0
0
0
0
0
0
0
0
0
0
0
0
0
0
0
0
0
0
0
0
0
0
0
0
0
0
0
0
0
0
0
0
0
0
0
0
0
0
0
0
0
0
0
0
0
0
0
0
0
0
0
0
0
0
0
0
0
0
0
0
0
0
0
0
0
0
0
0
0
0
0
0
0
0
0
0
0
0
0
0
0
0
0
0
0
0
0
0
0
0
0
0
0
0
0
0
0
0
0
0
0
0
0
0
0
0
0
0
0
0
0
0
0
0
0
0
0
0
0
0
0
0
0
0
0
0
0
0
0
0
0
0
0
0
0
0
0
0
0
0
0
0
0
0
0
0
0
0
0
0
0
0
0
0
0
0
0
0
0
0
0
0
0
0
0
0
0
0
0
0
0
0
0
0
0
0
0
0
0
0
0
0
0
0
0
0
0
0
0
0
0
0
0
0
0
0
0
0
0
0
0
0
0
0
0
0
0
0
0
0
0
0
0
0
0
0
0
0
0
0
0
0
0
0
0
0
0
0
0
0
0
0
0
0
0
0
0
0
0
0
0
0
0
0
0
0
0
0
0
0
0
0
0
0
0
0
0
0
0
0
0
0
0
0
0
0
0
0
0
0
0
0
0
0
0
0
0
0
0
0
0
0
0
0
0
0
0
0
0
0
0
0
0
0
0
0
0
0
0
0
0
0
0
0
0
0
0
0
0
0
0
0
0
0
0
0
0
0
0
0
0
0
0
0
0
0
0
0
0
0
0
0
0
0
0
0
0
0
0
0
0
0
0
0
0
0
0
0
0
0
0
0
0
0
0
0
0
0
0
0
0
0
0
0
0
0
0
0
0
0
0
0
0
0
0
0
0
0
0
0
0
0
0
0
0
0
0
0
0
0
0
0
0
0
0
0
0
0
0
0
0
0
0
0
0
0
0
0
0
0
0
0
0
0
0
0
0
0
0
0
0
0
0
0
0
0
0
0
0
0
0
0
0
0
0
0
0
0
0
0
0
0
0
0
0
0
0
0
0
0
0
0
0
0
0
0
0
0
0
0
0
0
0
0
0
0
0
0
0
0
0
0
0
0
0
0
0
0
0
0
0
0
0
0
0
0
0
0
0
0
0
0
0
0
0
0
0
0
0
0
0
0
0
0
0
0
0
0
0
0
0
0
0
0
0
0
0
0
0
0
0
0
0
0
0
0
0
0
0
0
0
0
0
0
0
0
0
0
0
0
0
0
0
0
0
0
0
0
0
0
0
0
0
0
0
0
0
0
0
0
0
0
0
0
0
0
0
0
0
0
0
0
0
0
0
0
0
0
0
0
0
0
0
0
0
0
0
0
0
0
0
0
0
0
0
0
0
0
0
0
0
0
0
0
0
0
0
0
0
0
0
0
0
0
0
0
0
0
0
0
0
0
0
0
0
0
0
0
0
0
0
0
0
0
0
0
0
0
0
0
0
0
0
0
0
0
0
0
0
0
0
0
0
0
0
0
0
0
0
0
0
0
0
0
0
0
0
0
0
0
0
0
0
0
0
0
0
0
0
0
0
0
0
0
0
0
0
0
0
0
0
0
0
0
0
0
0
0
0
0
0
0
0
0
0
0
0
0
0
0
0
0
0
0
0
0
0
0
0
0
0
0
0
0
0
0
0
0
0
0
0
0
0
0
0
0
0
0
0
0
0
0
0
0
0
0
0
0
0
0
0
0
0
0
0
0
0
0
0
0
0
0
0
0
0
0
0
0
0
0
0
0
0
0
0
0
0
0
0
0
0
0
0
0
0
0
0
0
0
0
0
0
0
0
0
0
0
0
0
0
0
0
0
0
0
0
0
0
0
0
0
0
0
0
0
0
0
0
0
0
0
0
0
0
0
0
0
0
0
0
0
0
0
0
0
0
0
0
0
0
0
0
0
0
0
0
0
0
0
0
0
0
0
0
0
0
0
0
0
0
0
0
0
0
0
0
0
0
0
0
0
0
0
0
0
0
0
0
0
0
0
0
0
0
0
0
0
0
0
0
0
0
0
0
0
0
0
0
0
0
0
0
0
0
0
0
0
0
0
0
0
0
0
0
0
0
0
0
0
0
0
0
0
0
0
0
0
0
0
0
0
0
0
0
0
0
0
0
0
0
0
0
0
0
0
0
0
0
0
0
0
0
0
0
0
0
0
0
0
0
0
0
0
0
0
0
0
0
0
0
0
0
0
0
0
0
0
0
0
0
0
0
0
0
0
0
0
0
0
0
0
0
0
0
0
0
0
0
0
0
0
0
0
0
0
0
0
0
0
0
0
0
0
0
0
0
0
0
0
0
0
0
0
0
0
0
0
0
0
0
0
0
0
0
0
0
0
0
0
0
0
0
0
0
0
0
0
0
0
0
0
0
0
0
0
0
0
0
0
0
0
0
0
0
0
0
0
0
0
0
0
0
0
0
0
0
0
0
0
0
0
0
0
0
0
0
0
0
0
0
0
0
0
0
0
0
0
0
0
0
0
0
0
0
0
0
0
0
0
0
0
0
0
0
0
0
0
0
0
0
0
0
0
0
0
0
0
0
0
0
0
0
0
0
0
0
0
0
0
0
0
0
0
0
0
0
0
0
0
0
0
0
0
0
0
0
0
0
0
0
0
0
0
0
0
0
0
0
0
0
0
0
0
0
0
0
0
0
0
0
0
0
0
0
0
0
0
0
0
0
0
0
0
0
0
0
0
0
0
0
0
0
0
0
0
0
0
0
0
0
0
0
0
0
0
0
0
0
0
0
0
0
0
0
0
0
0
0
0
0
0
0
0
0
0
0
0
0
0
0
0
0
0
0
0
0
0
0
0
0
0
0
0
0
0
0
0
0
0
0
0
0
0
0
0
0
0
0
0
0
0
0
0
0
0
0
0
0
0
0
0
0
0
0
0
0
0
0
0
0
0
0
0
0
0
0
0
0
0
0
0
0
0
0
0
0
0
0
0
0
0
0
0
0
0
0
0
0
0
0
0
0
0
0
0
0
0
0
0
0
0
0
0
0
0
0
0
0
0
0
0
0
0
0
0
0
0
0
0
0
0
0
0
0
0
0
0
0
0
0
0
0
0
0
0
0
0
0
0
0
0
0
0
0
0
0
0
0
0
0
0
0
0
0
0
0
0
0
0
0
0
0
0
0
0
0
0
0
0
0
0
0
0
0
0
0
0
0
0
0
0
0
0
0
0
0
0
0
0
0
0
0
0
0
0
0
0
0
0
0
0
0
0
0
0
0
0
0
0
0
0
0
0
0
0
0
0
0
0
0
0
0
0
0
0
0
0
0
0
0
0
0
0
0
0
0
0
0
0
0
0
0
0
0
0
0
0
0
0
0
0
0
0
0
0
0
0
0
0
0
0
0
0
0
0
0
0
0
0
0
0
0
0
0
0
0
0
0
0
0
0
0
0
0
0
0
0
0
0
0
0
0
0
0
0
0
0
0
0
0
0
0
0
0
0
0
0
0
0
0
0
0
0
0
0
0
0
0
0
0
0
0
0
0
0
0
0
0
0
0
0
0
0
0
0
0
0
0
0
0
0
0
0
0
0
0
0
0
0
0
0
0
0
0
0
0
0
0
0
0
0
0
0
0
0
0
0
0
0
0
0
0
0
0
0
0
0
0
0
0
0
0
0
0
0
0
0
0
0
0
0
0
0
0
0
0
0
0
0
0
0
0
0
0
0
0
0
0
0
0
0
0
0
0
0
0
0
0
0
0
0
0
0
0
0
0
0
0
0
0
0
0
0
0
0
0
0
0
0
0
0
0
0
0
0
0
0
0
0
0
0
0
0
0
0
0
0
0
0
0
0
0
0
0
0
0
0
0
0
0
0
0
0
0
0
0
0
0
0
0
0
0
0
0
0
0
0
0
0
0
0
0
0
0
0
0
0
0
0
0
0
0
0
0
0
0
0
0
0
0
0
0
0
0
0
0
0
0
0
0
0
0
0
0
0
0
0
0
0
0
0
0
0
0
0
0
0
0
0
0
0
0
0
0
0
0
0
0
0
0
0
0
0
0
0
0
0
0
0
0
0
0
0
0
0
0
0
0
0
0
0
0
0
0
0
0
0
0
0
0
0
0
0
0
0
0
0
0
0
0
0
0
0
0
0
0
0
0
0
0
0
0
0
0
0
0
0
0
0
0
0
0
0
0
0
0
0
0
0
0
0
0
0
0
0
0
0
0
0
0
0
0
0
0
0
0
0
0
0
0
0
0
0
0
0
0
0
0
0
0
0
0
0
0
0
0
0
0
0
0
0
0
0
0
0
0
0
0
0
0
0
0
0
0
0
0
0
0
0
0
0
0
0
0
0
0
0
0
0
0
0
0
0
0
0
0
0
0
0
0
0
0
0
0
0
0
0
0
0
0
0
0
0
0
0
0
0
0
0
0
0
0
0
0
0
0
0
0
0
0
0
0
0
0
0
0
0
0
0
0
0
0
0
0
0
0
0
0
0
0
0
0
0
0
0
0
0
0
0
0
0
0
0
0
0
0
0
0
0
0
0
0
0
0
0
0
0
0
0
0
0
0
0
0
0
0
0
0
0
0
0
0
0
0
0
0
0
0
0
0
0
0
0
0
0
0
0
0
0
0
0
0
0
0
0
0
0
0
0
0
0
0
0
0
0
0
0
0
0
0
0
0
0
0
0
0
0
0
0
0
0
0
0
0
0
0
0
0
0
0
0
0
0
0
0
0
0
0
0
0
0
0
0
0
0
0
0
0
0
0
0
0
0
0
0
0
0
0
0
0
0
0
0
0
0
0
0
0
0
0
0
0
0
0
0
0
0
0
0
0
0
0
0
0
0
0
0
0
0
0
0
0
0
0
0
0
0
0
0
0
0
0
0
0
0
0
0
0
0
0
0
0
0
0
0
0
0
0
0
0
0
0
0
0
0
0
0
0
0
0
0
0
0
0
0
0
0
0
0
0
0
0
0
0
0
0
0
0
0
0
0
0
0
0
0
0
0
0
0
0
0
0
0
0
0
0
0
0
0
0
0
0
0
0
0
0
0
0
0
0
0
0
0
0
0
0
0
0
0
0
0
0
0
0
0
0
0
0
0
0
0
0
0
0
0
0
0
0
0
0
0
0
0
0
0
0
0
0
0
0
0
0
0
0
0
0
0
0
0
0
0
0
0
0
0
0
0
0
0
0
0
0
0
0
0
0
0
0
0
0
0
0
0
0
0
0
0
0
0
0
0
0
0
0
0
0
0
0
0
0
0
0
0
0
0
0
0
0
0
0
0
0
0
0
0
0
0
0
0
0
0
0
0
0
0
0
0
0
0
0
0
0
0
0
0
0
0
0
0
0
0
0
0
0
0
0
0
0
0
0
0
0
0
0
0
0
0
0
0
0
0
0
0
0
0
0
0
0
0
0
0
0
0
0
0
0
0
0
0
0
0
0
0
0
0
0
0
0
0
0
0
0
0
0
0
0
0
0
0
0
0
0
0
0
0
0
0
0
0
0
0
0
0
0
0
0
0
0
0
0
0
0
0
0
0
0
0
0
0
0
0
0
0
0
0
0
0
0
0
0
0
0
0
0
0
0
0
0
0
0
0
0
0
0
0
0
0
0
0
0
0
0
0
0
0
0
0
0
0
0
0
0
0
0
0
0
0
0
0
0
0
0
0
0
0
0
0
0
0
0
0
0
0
0
0
0
0
0
0
0
0
0
0
0
0
0
0
0
0
0
0
0
0
0
0
0
0
0
0
0
0
0
0
0
0
0
0
0
0
0
0
0
0
0
0
0
0
0
0
0
0
0
0
0
0
0
0
0
0
0
0
0
0
0
0
0
0
0
0
0
0
0
0
0
0
0
0
0
0
0
0
0
0
0
0
0
0
0
0
0
0
0
0
0
0
0
0
0
0
0
0
0
0
0
0
0
0
0
0
0
0
0
0
0
0
0
0
0
0
0
0
0
0
0
0
0
0
0
0
0
0
0
0
0
0
0
0
0
0
0
0
0
0
0
0
0
0
0
0
0
0
0
0
0
0
0
0
0
0
0
0
0
0
0
0
0
0
0
0
0
0
0
0
0
0
0
0
0
0
0
0
0
0
0
0
0
0
0
0
0
0
0
0
0
0
0
0
0
0
0
0
0
0
0
0
0
0
0
0
0
0
0
0
0
0
0
0
0
0
0
0
0
0
0
0
0
0
0
0
0
0
0
0
0
0
0
0
0
0
0
0
0
0
0
0
0
0
0
0
0
0
0
0
0
0
0
0
0
0
0
0
0
0
0
0
0
0
0
0
0
0
0
0
0
0
0
0
0
0
0
0
0
0
0
0
0
0
0
0
0
0
0
0
0
0
0
0
0
0
0
0
0
0
0
0
0
0
0
0
0
0
0
0
0
0
0
0
0
0
0
0
0
0
0
0
0
0
0
0
0
0
0
0
0
0
0
0
0
0
0
0
0
0
0
0
0
0
0
0
0
0
0
0
0
0
0
0
0
0
0
0
0
0
0
0
0
0
0
0
0
0
0
0
0
0
0
0
0
0
0
0
0
0
0
0
0
0
0
0
0
0
0
0
0
0
0
0
0
0
0
0
0
0
0
0
0
0
0
0
0
0
0
0
0
0
0
0
0
0
0
0
0
0
0
0
0
0
0
0
0
0
0
0
0
0
0
0
0
0
0
0
0
0
0
0
0
0
0
0
0
0
0
0
0
0
0
0
0
0
0
0
0
0
0
0
0
0
0
0
0
0
0
0
0
0
0
0
0
0
0
0
0
0
0
0
0
0
0
0
0
0
0
0
0
0
0
0
0
0
0
0
0
0
0
0
0
0
0
0
0
0
0
0
0
0
0
0
0
0
0
0
0
0
0
0
0
0
0
0
0
0
0
0
0
0
0
0
0
0
0
0
0
0
0
0
0
0
0
0
0
0
0
0
0
0
0
0
0
0
0
0
0
0
0
0
0
0
0
0
0
0
0
0
0
0
0
0
0
0
0
0
0
0
0
0
0
0
0
0
0
0
0
0
0
0
0
0
0
0
0
0
0
0
0
0
0
0
0
0
0
0
0
0
0
0
0
0
0
0
0
0
0
0
0
0
0
0
0
0
0
0
0
0
0
0
0
0
0
0
0
0
0
0
0
0
0
0
0
0
0
0
0
0
0
0
0
0
0
0
0
0
0
0
0
0
0
0
0
0
0
0
0
0
0
0
0
0
0
0
0
0
0
0
0
0
0
0
0
0
0
0
0
0
0
0
0
0
0
0
0
0
0
0
0
0
0
0
0
0
0
0
0
0
0
0
0
0
0
0
0
0
0
0
0
0
0
0
0
0
0
0
0
0
0
0
0
0
0
0
0
0
0
0
0
0
0
0
0
0
0
0
0
0
0
0
0
0
0
0
0
0
0
0
0
0
0
0
0
0
0
0
0
0
0
0
0
0
0
0
0
0
0
0
0
0
0
0
0
0
0
0
0
0
0
0
0
0
0
0
0
0
0
0
0
0
0
0
0
0
0
0
0
0
0
0
0
0
0
0
0
0
0
0
0
0
0
0
0
0
0
0
0
0
0
0
0
0
0
0
0
0
0
0
0
0
0
0
0
0
0
0
0
0
0
0
0
0
0
0
0
0
0
0
0
0
0
0
0
0
0
0
0
0
0
0
0
0
0
0
0
0
0
0
0
0
0
0
0
0
0
0
0
0
0
0
0
0
0
0
0
0
0
0
0
0
0
0
0
0
0
0
0
0
0
0
0
0
0
0
0
0
0
0
0
0
0
0
0
0
0
0
0
0
0
0
0
0
0
0
0
0
0
0
0
0
0
0
0
0
0
0
0
0
0
0
0
0
0
0
0
0
0
0
0
0
0
0
0
0
0
0
0
0
0
0
0
0
0
0
0
0
0
0
0
0
0
0
0
0
0
0
0
0
0
0
0
0
0
0
0
0
0
0
0
0
0
0
0
0
0
0
0
0
0
0
0
0
0
0
0
0
0
0
0
0
0
0
0
0
0
0
0
0
0
0
0
0
0
0
0
0
0
0
0
0
0
0
0
0
0
0
0
0
0
0
0
0
0
0
0
0
0
0
0
0
0
0
0
0
0
0
0
0
0
0
0
0
0
0
0
0
0
0
0
0
0
0
0
0
0
0
0
0
0
0
0
0
0
0
0
0
0
0
0
0
0
0
0
0
0
0
0
0
0
0
0
0
0
0
0
0
0
0
0
0
0
0
0
0
0
0
0
0
0
0
0
0
0
0
0
0
0
0
0
0
0
0
0
0
0
0
0
0
0
0
0
0
0
0
0
0
0
0
0
0
0
0
0
0
0
0
0
0
0
0
0
0
0
0
0
0
0
0
0
0
0
0
0
0
0
0
0
0
0
0
0
0
0
0
0
0
0
0
0
0
0
0
0
0
0
0
0
0
0
0
0
0
0
0
0
0
0
0
0
0
0
0
0
0
0
0
0
0
0
0
0
0
0
0
0
0
0
0
0
0
0
0
0
0
0
0
0
0
0
0
0
0
0
0
0
0
0
0
0
0
0
0
0
0
0
0
0
0
0
0
0
0
0
0
0
0
0
0
0
0
0
0
0
0
0
0
0
0
0
0
0
0
0
0
0
0
0
0
0
0
0
0
0
0
0
0
0
0
0
0
0
0
0
0
0
0
0
0
0
0
0
0
0
0
0
0
0
0
0
0
0
0
0
0
0
0
0
0
0
0
0
0
0
0
0
0
0
0
0
0
0
0
0
0
0
0
0
0
0
0
0
0
0
0
0
0
0
0
0
0
0
0
0
0
0
0
0
0
0
0
0
0
0
0
0
0
0
0
0
0
0
0
0
0
0
0
0
0
0
0
0
0
0
0
0
0
0
0
0
0
0
0
0
0
0
0
0
0
0
0
0
0
0
0
0
0
0
0
0
0
0
0
0
0
0
0
0
0
0
0
0
0
0
0
0
0
0
0
0
0
0
0
0
0
0
0
0
0
0
0
0
0
0
0
0
0
0
0
0
0
0
0
0
0
0
0
0
0
0
0
0
0
0
0
0
0
0
0
0
0
0
0
0
0
0
0
0
0
0
0
0
0
0
0
0
0
0
0
0
0
0
0
0
0
0
0
0
0
0
0
0
0
0
0
0
0
0
0
0
0
0
0
0
0
0
0
0
0
0
0
0
0
0
0
0
0
0
0
0
0
0
0
0
0
0
0
0
0
0
0
0
0
0
0
0
0
0
0
0
0
0
0
0
0
0
0
0
0
0
0
0
0
0
0
0
0
0
0
0
0
0
0
0
0
0
0
0
0
0
0
0
0
0
0
0
0
0
0
0
0
0
0
0
0
0
0
0
0
0
0
0
0
0
0
0
0
0
0
0
0
0
0
0
0
0
0
0
0
0
0
0
0
0
0
0
0
0
0
0
0
0
0
0
0
0
0
0
0
0
0
0
0
0
0
0
0
0
0
0
0
0
0
0
0
0
0
0
0
0
0
0
0
0
0
0
0
0
0
0
0
0
0
0
0
0
0
0
0
0
0
0
0
0
0
0
0
0
0
0
0
0
0
0
0
0
0
0
0
0
0
0
0
0
0
0
0
0
0
0
0
0
0
0
0
0
0
0
0
0
0
0
0
0
0
0
0
0
0
0
0
0
0
0
0
0
0
0
0
0
0
0
0
0
0
0
0
0
0
0
0
0
0
0
0
0
0
0
0
0
0
0
0
0
0
0
0
0
0
0
0
0
0
0
0
0
0
0
0
0
0
0
0
0
0
0
0
0
0
0
0
0
0
0
0
0
0
0
0
0
0
0
0
0
0
0
0
0
0
0
0
0
0
0
0
0
0
0
0
0
0
0
0
0
0
0
0
0
0
0
0
0
0
0
0
0
0
0
0
0
0
0
0
0
0
0
0
0
0
0
0
0
0
0
0
0
0
0
0
0
0
0
0
0
0
0
0
0
0
0
0
0
0
0
0
0
0
0
0
0
0
0
0
0
0
0
0
0
0
0
0
0
0
0
0
0
0
0
0
0
0
0
0
0
0
0
0
0
0
0
0
0
0
0
0
0
0
0
0
0
0
0
0
0
0
0
0
0
0
0
0
0
0
0
0
0
0
0
0
0
0
0
0
0
0
0
0
0
0
0
0
0
0
0
0
0
0
0
0
0
0
0
0
0
0
0
0
0
0
0
0
0
0
0
0
0
0
0
0
0
0
0
0
0
0
0
0
0
0
0
0
0
0
0
0
0
0
0
0
0
0
0
0
0
0
0
0
0
0
0
0
0
0
0
0
0
0
0
0
0
0
0
0
0
0
0
0
0
0
0
0
0
0
0
0
0
0
0
0
0
0
0
0
0
0
0
0
0
0
0
0
0
0
0
0
0
0
0
0
0
0
0
0
0
0
0
0
0
0
0
0
0
0
0
0
0
0
0
0
0
0
0
0
0
0
0
0
0
0
0
0
0
0
0
0
0
0
0
0
0
0
0
0
0
0
0
0
0
0
0
0
0
0
0
0
0
0
0
0
0
0
0
0
0
0
0
0
0
0
0
0
0
0
0
0
0
0
0
0
0
0
0
0
0
0
0
0
0
0
0
0
0
0
0
0
0
0
0
0
0
0
0
0
0
0
0
0
0
0
0
0
0
0
0
0
0
0
0
0
0
0
0
0
0
0
0
0
0
0
0
0
0
0
0
0
0
0
0
0
0
0
0
0
0
0
0
0
0
0
0
0
0
0
0
0
0
0
0
0
0
0
0
0
0
0
0
0
0
0
0
0
0
0
0
0
0
0
0
0
0
0
0
0
0
0
0
0
0
0
0
0
0
0
0
0
0
0
0
0
0
0
0
0
0
0
0
0
0
0
0
0
0
0
0
0
0
0
0
0
0
0
0
0
0
0
0
0
0
0
0
0
0
0
0
0
0
0
0
0
0
0
0
0
0
0
0
0
0
0
0
0
0
0
0
0
0
0
0
0
0
0
0
0
0
0
0
0
0
0
0
0
0
0
0
0
0
0
0
0
0
0
0
0
0
0
0
0
0
0
0
0
0
0
0
0
0
0
0
0
0
0
0
0
0
0
0
0
0
0
0
0
0
0
0
0
0
0
0
0
0
0
0
0
0
0
0
0
0
0
0
0
0
0
0
0
0
0
0
0
0
0
0
0
0
0
0
0
0
0
0
0
0
0
0
0
0
0
0
0
0
0
0
0
0
0
0
0
0
0
0
0
0
0
0
0
0
0
0
0
0
0
0
0
0
0
0
0
0
0
0
0
0
0
0
0
0
0
0
0
0
0
0
0
0
0
0
0
0
0
0
0
0
0
0
0
0
0
0
0
0
0
0
0
0
0
0
0
0
0
0
0
0
0
0
0
0
0
0
0
0
0
0
0
0
0
0
0
0
0
0
0
0
0
0
0
0
0
0
0
0
0
0
0
0
0
0
0
0
0
0
0
0
0
0
0
0
0
0
0
0
0
0
0
0
0
0
0
0
0
0
0
0
0
0
0
0
0
0
0
0
0
0
0
0
0
0
0
0
0
0
0
0
0
0
0
0
0
0
0
0
0
0
0
0
0
0
0
0
0
0
0
0
0
0
0
0
0
0
0
0
0
0
0
0
0
0
0
0
0
0
0
0
0
0
0
0
0
0
0
0
0
0
0
0
0
0
0
0
0
0
0
0
0
0
0
0
0
0
0
0
0
0
0
0
0
0
0
0
0
0
0
0
0
0
0
0
0
0
0
0
0
0
0
0
0
0
0
0
0
0
0
0
0
0
0
0
0
0
0
0
0
0
0
0
0
0
0
0
0
0
0
0
0
0
0
0
0
0
0
0
0
0
0
0
0
0
0
0
0
0
0
0
0
0
0
0
0
0
0
0
0
0
0
0
0
0
0
0
0
0
0
0
0
0
0
0
0
0
0
0
0
0
0
0
0
0
0
0
0
0
0
0
0
0
0
0
0
0
0
0
0
0
0
0
0
0
0
0
0
0
0
0
0
0
0
0
0
0
0
0
0
0
0
0
0
0
0
0
0
0
0
0
0
0
0
0
0
0
0
0
0
0
0
0
0
0
0
0
0
0
0
0
0
0
0
0
0
0
0
0
0
0
0
0
0
0
0
0
0
0
0
0
0
0
0
0
0
0
0
0
0
0
0
0
0
0
0
0
0
0
0
0
0
0
0
0
0
0
0
0
0
0
0
0
0
0
0
0
0
0
0
0
0
0
0
0
0
0
0
0
0
0
0
0
0
0
0
0
0
0
0
0
0
0
0
0
0
0
0
0
0
0
0
0
0
0
0
0
0
0
0
0
0
0
0
0
0
0
0
0
0
0
0
0
0
0
0
0
0
0
0
0
0
0
0
0
0
0
0
0
0
0
0
0
0
0
0
0
0
0
0
0
0
0
0
0
0
0
0
0
0
0
0
0
0
0
0
0
0
0
0
0
0
0
0
0
0
0
0
0
0
0
0
0
0
0
0
0
0
0
0
0
0
0
0
0
0
0
0
0
0
0
0
0
0
0
0
0
0
0
0
0
0
0
0
0
0
0
0
0
0
0
0
0
0
0
0
0
0
0
0
0
0
0
0
0
0
0
0
0
0
0
0
0
0
0
0
0
0
0
0
0
0
0
0
0
0
0
0
0
0
0
0
0
0
0
0
0
0
0
0
0
0
0
0
0
0
0
0
0
0
0
0
0
0
0
0
0
0
0
0
0
0
0
0
0
0
0
0
0
0
0
0
0
0
0
0
0
0
0
0
0
0
0
0
0
0
0
0
0
0
0
0
0
0
0
0
0
0
0
0
0
0
0
0
0
0
0
0
0
0
0
0
0
0
0
0
0
0
0
0
0
0
0
0
0
0
0
0
0
0
0
0
0
0
0
0
0
0
0
0
0
0
0
0
0
0
0
0
0
0
0
0
0
0
0
0
0
0
0
0
0
0
0
0
0
0
0
0
0
0
0
0
0
0
0
0
0
0
0
0
0
0
0
0
0
0
0
0
0
0
0
0
0
0
0
0
0
0
0
0
0
0
0
0
0
0
0
0
0
0
0
0
0
0
0
0
0
0
0
0
0
0
0
0
0
0
0
0
0
0
0
0
0
0
0
0
0
0
0
0
0
0
0
0
0
0
0
0
0
0
0
0
0
0
0
0
0
0
0
0
0
0
0
0
0
0
0
0
0
0
0
0
0
0
0
0
0
0
0
0
0
0
0
0
0
0
0
0
0
0
0
0
0
0
0
0
0
0
0
0
0
0
0
0
0
0
0
0
0
0
0
0
0
0
0
0
0
0
0
0
0
0
0
0
0
0
0
0
0
0
0
0
0
0
0
0
0
0
0
0
0
0
0
0
0
0
0
0
0
0
0
0
0
0
0
0
0
0
0
0
0
0
0
0
0
0
0
0
0
0
0
0
0
0
0
0
0
0
0
0
0
0
0
0
0
0
0
0
0
0
0
0
0
0
0
0
0
0
0
0
0
0
0
0
0
0
0
0
0
0
0
0
0
0
0
0
0
0
0
0
0
0
0
0
0
0
0
0
0
0
0
0
0
0
0
0
0
0
0
0
0
0
0
0
0
0
0
0
0
0
0
0
0
0
0
0
0
0
0
0
0
0
0
0
0
0
0
0
0
0
0
0
0
0
0
0
0
0
0
0
0
0
0
0
0
0
0
0
0
0
0
0
0
0
0
0
0
0
0
0
0
0
0
0
0
0
0
0
0
0
0
0
0
0
0
0
0
0
0
0
0
0
0
0
0
0
0
0
0
0
0
0
0
0
0
0
0
0
0
0
0
0
0
0
0
0
0
0
0
0
0
0
0
0
0
0
0
0
0
0
0
0
0
0
0
0
0
0
0
0
0
0
0
0
0
0
0
0
0
0
0
0
0
0
0
0
0
0
0
0
0
0
0
0
0
0
0
0
0
0
0
0
0
0
0
0
0
0
0
0
0
0
0
0
0
0
0
0
0
0
0
0
0
0
0
0
0
0
0
0
0
0
0
0
0
0
0
0
0
0
0
0
0
0
0
0
0
0
0
0
0
0
0
0
0
0
0
0
0
0
0
0
0
0
0
0
0
0
0
0
0
0
0
0
0
0
0
0
0
0
0
0
0
0
0
0
0
0
0
0
0
0
0
0
0
0
0
0
0
0
0
0
0
0
0
0
0
0
0
0
0
0
0
0
0
0
0
0
0
0
0
0
0
0
0
0
0
0
0
0
0
0
0
0
0
0
0
0
0
0
0
0
0
0
0
0
0
0
0
0
0
0
0
0
0
0
0
0
0
0
0
0
0
0
0
0
0
0
0
0
0
0
0
0
0
0
0
0
0
0
0
0
0
0
0
0
0
0
0
0
0
0
0
0
0
0
0
0
0
0
0
0
0
0
0
0
0
0
0
0
0
0
0
0
0
0
0
0
0
0
0
0
0
0
0
0
0
0
0
0
0
0
0
0
0
0
0
0
0
0
0
0
0
0
0
0
0
0
0
0
0
0
0
0
0
0
0
0
0
0
0
0
0
0
0
0
0
0
0
0
0
0
0
0
0
0
0
0
0
0
0
0
0
0
0
0
0
0
0
0
0
0
0
0
0
0
0
0
0
0
0
0
0
0
0
0
0
0
0
0
0
0
0
0
0
0
0
0
0
0
0
0
0
0
0
0
0
0
0
0
0
0
0
0
0
0
0
0
0
0
0
0
0
0
0
0
0
0
0
0
0
0
0
0
0
0
0
0
0
0
0
0
0
0
0
0
0
0
0
0
0
0
0
0
0
0
0
0
0
0
0
0
0
0
0
0
0
0
0
0
0
0
0
0
0
0
0
0
0
0
0
0
0
0
0
0
0
0
0
0
0
0
0
0
0
0
0
0
0
0
0
0
0
0
0
0
0
0
0
0
0
0
0
0
0
0
0
0
0
0
0
0
0
0
0
0
0
0
0
0
0
0
0
0
0
0
0
0
0
0
0
0
0
0
0
0
0
0
0
0
0
0
0
0
0
0
0
0
0
0
0
0
0
0
0
0
0
0
0
0
0
0
0
0
0
0
0
0
0
0
0
0
0
0
0
0
0
0
0
0
0
0
0
0
0
0
0
0
0
0
0
0
0
0
0
0
0
0
0
0
0
0
0
0
0
0
0
0
0
0
0
0
0
0
0
0
0
0
0
0
0
0
0
0
0
0
0
0
0
0
0
0
0
0
0
0
0
0
0
0
0
0
0
0
0
0
0
0
0
0
0
0
0
0
0
0
0
0
0
0
0
0
0
0
0
0
0
0
0
0
0
0
0
0
0
0
0
0
0
0
0
0
0
0
0
0
0
0
0
0
0
0
0
0
0
0
0
0
0
0
0
0
0
0
0
0
0
0
0
0
0
0
0
0
0
0
0
0
0
0
0
0
0
0
0
0
0
0
0
0
0
0
0
0
0
0
0
0
0
0
0
0
0
0
0
0
0
0
0
0
0
0
0
0
0
0
0
0
0
0
0
0
0
0
0
0
0
0
0
0
0
0
0
0
0
0
0
0
0
0
0
0
0
0
0
0
0
0
0
0
0
0
0
0
0
0
0
0
0
0
0
0
0
0
0
0
0
0
0
0
0
0
0
0
0
0
0
0
0
0
0
0
0
0
0
0
0
0
0
0
0
0
0
0
0
0
0
0
0
0
0
0
0
0
0
0
0
0
0
0
0
0
0
0
0
0
0
0
0
0
0
0
0
0
0
0
0
0
0
0
0
0
0
0
0
0
0
0
0
0
0
0
0
0
0
0
0
0
0
0
0
0
0
0
0
0
0
0
0
0
0
0
0
0
0
0
0
0
0
0
0
0
0
0
0
0
0
0
0
0
0
0
0
0
0
0
0
0
0
0
0
0
0
0
0
0
0
0
0
0
0
0
0
0
0
0
0
0
0
0
0
0
0
0
0
0
0
0
0
0
0
0
0
0
0
0
0
0
0
0
0
0
0
0
0
0
0
0
0
0
0
0
0
0
0
0
0
0
0
0
0
0
0
0
0
0
0
0
0
0
0
0
0
0
0
0
0
0
0
0
0
0
0
0
0
0
0
0
0
0
0
0
0
0
0
0
0
0
0
0
0
0
0
0
0
0
0
0
0
0
0
0
0
0
0
0
0
0
0
0
0
0
0
0
0
0
0
0
0
0
0
0
0
0
0
0
0
0
0
0
0
0
0
0
0
0
0
0
0
0
0
0
0
0
0
0
0
0
0
0
0
0
0
0
0
0
0
0
0
0
0
0
0
0
0
0
0
0
0
0
0
0
0
0
0
0
0
0
0
0
0
0
0
0
0
0
0
0
0
0
0
0
0
0
0
0
0
0
0
0
0
0
0
0
0
0
0
0
0
0
0
0
0
0
0
0
0
0
0
0
0
0
0
0
0
0
0
0
0
0
0
0
0
0
0
0
0
0
0
0
0
0
0
0
0
0
0
0
0
0
0
0
0
0
0
0
0
0
0
0
0
0
0
0
0
0
0
0
0
0
0
0
0
0
0
0
0
0
0
0
0
0
0
0
0
0
0
0
0
0
0
0
0
0
0
0
0
0
0
0
0
0
0
0
0
0
0
0
0
0
0
0
0
0
0
0
0
0
0
0
0
0
0
0
0
0
0
0
0
0
0
0
0
0
0
0
0
0
0
0
0
0
0
0
0
0
0
0
0
0
0
0
0
0
0
0
0
0
0
0
0
0
0
0
0
0
0
0
0
0
0
0
0
0
0
0
0
0
0
0
0
0
0
0
0
0
0
0
0
0
0
0
0
0
0
0
0
0
0
0
0
0
0
0
0
0
0
0
0
0
0
0
0
0
0
0
0
0
0
0
0
0
0
0
0
0
0
0
0
0
0
0
0
0
0
0
0
0
0
0
0
0
0
0
0
0
0
0
0
0
0
0
0
0
0
0
0
0
0
0
0
0
0
0
0
0
0
0
0
0
0
0
0
0
0
0
0
0
0
0
0
0
0
0
0
0
0
0
0
0
0
0
0
0
0
0
0
0
0
0
0
0
0
0
0
0
0
0
0
0
0
0
0
0
0
0
0
0
0
0
0
0
0
0
0
0
0
0
0
0
0
0
0
0
0
0
0
0
0
0
0
0
0
0
0
0
0
0
0
0
0
0
0
0
0
0
0
0
0
0
0
0
0
0
0
0
0
0
0
0
0
0
0
0
0
0
0
0
0
0
0
0
0
0
0
0
0
0
0
0
0
0
0
0
0
0
0
0
0
0
0
0
0
0
0
0
0
0
0
0
0
0
0
0
0
0
0
0
0
0
0
0
0
0
0
0
0
0
0
0
0
0
0
0
0
0
0
0
0
0
0
0
0
0
0
0
0
0
0
0
0
0
0
0
0
0
0
0
0
0
0
0
0
0
0
0
0
0
0
0
0
0
0
0
0
0
0
0
0
0
0
0
0
0
0
0
0
0
0
0
0
0
0
0
0
0
0
0
0
0
0
0
0
0
0
0
0
0
0
0
0
0
0
0
0
0
0
0
0
0
0
0
0
0
0
0
0
0
0
0
0
0
0
0
0
0
0
0
0
0
0
0
0
0
0
0
0
0
0
0
0
0
0
0
0
0
0
0
0
0
0
0
0
0
0
0
0
0
0
0
0
0
0
0
0
0
0
0
0
0
0
0
0
0
0
0
0
0
0
0
0
0
0
0
0
0
0
0
0
0
0
0
0
0
0
0
0
0
0
0
0
0
0
0
0
0
0
0
0
0
0
0
0
0
0
0
0
0
0
0
0
0
0
0
0
0
0
0
0
0
0
0
0
0
0
0
0
0
0
0
0
0
0
0
0
0
0
0
0
0
0
0
0
0
0
0
0
0
0
0
0
0
0
0
0
0
0
0
0
0
0
0
0
0
0
0
0
0
0
0
0
0
0
0
0
0
0
0
0
0
0
0
0
0
0
0
0
0
0
0
0
0
0
0
0
0
0
0
0
0
0
0
0
0
0
0
0
0
0
0
0
0
0
0
0
0
0
0
0
0
0
0
0
0
0
0
0
0
0
0
0
0
0
0
0
0
0
0
0
0
0
0
0
0
0
0
0
0
0
0
0
0
0
0
0
0
0
0
0
0
0
0
0
0
0
0
0
0
0
0
0
0
0
0
0
0
0
0
0
0
0
0
0
0
0
0
0
0
0
0
0
0
0
0
0
0
0
0
0
0
0
0
0
0
0
0
0
0
0
0
0
0
0
0
0
0
0
0
0
0
0
0
0
0
0
0
0
0
0
0
0
0
0
0
0
0
0
0
0
0
0
0
0
0
0
0
0
0
0
0
0
0
0
0
0
0
0
0
0
0
0
0
0
0
0
0
0
0
0
0
0
0
0
0
0
0
0
0
0
0
0
0
0
0
0
0
0
0
0
0
0
0
0
0
0
0
0
0
0
0
0
0
0
0
0
0
0
0
0
0
0
0
0
0
0
0
0
0
0
0
0
0
0
0
0
0
0
0
0
0
0
0
0
0
0
0
0
0
0
0
0
0
0
0
0
0
0
0
0
0
0
0
0
0
0
0
0
0
0
0
0
0
0
0
0
0
0
0
0
0
0
0
0
0
0
0
0
0
0
0
0
0
0
0
0
0
0
0
0
0
0
0
0
0
0
0
0
0
0
0
0
0
0
0
0
0
0
0
0
0
0
0
0
0
0
0
0
0
0
0
0
0
0
0
0
0
0
0
0
0
0
0
0
0
0
0
0
0
0
0
0
0
0
0
0
0
0
0
0
0
0
0
0
0
0
0
0
0
0
0
0
0
0
0
0
0
0
0
0
0
0
0
0
0
0
0
0
0
0
0
0
0
0
0
0
0
0
0
0
0
0
0
0
0
0
0
0
0
0
0
0
0
0
0
0
0
0
0
0
0
0
0
0
0
0
0
0
0
0
0
0
0
0
0
0
0
0
0
0
0
0
0
0
0
0
0
0
0
0
0
0
0
0
0
0
0
0
0
0
0
0
0
0
0
0
0
0
0
0
0
0
0
0
0
0
0
0
0
0
0
0
0
0
0
0
0
0
0
0
0
0
0
0
0
0
0
0
0
0
0
0
0
0
0
0
0
0
0
0
0
0
0
0
0
0
0
0
0
0
0
0
0
0
0
0
0
0
0
0
0
0
0
0
0
0
0
0
0
0
0
0
0
0
0
0
0
0
0
0
0
0
0
0
0
0
0
0
0
0
0
0
0
0
0
0
0
0
0
0
0
0
0
0
0
0
0
0
0
0
0
0
0
0
0
0
0
0
0
0
0
0
0
0
0
0
0
0
0
0
0
0
0
0
0
0
0
0
0
0
0
0
0
0
0
0
0
0
0
0
0
0
0
0
0
0
0
0
0
0
0
0
0
0
0
0
0
0
0
0
0
0
0
0
0
0
0
0
0
0
0
0
0
0
0
0
0
0
0
0
0
0
0
0
0
0
0
0
0
0
0
0
0
0
0
0
0
0
0
0
0
0
0
0
0
0
0
0
0
0
0
0
0
0
0
0
0
0
0
0
0
0
0
0
0
0
0
0
0
0
0
0
0
0
0
0
0
0
0
0
0
0
0
0
0
0
0
0
0
0
0
0
0
0
0
0
0
0
0
0
0
0
0
0
0
0
0
0
0
0
0
0
0
0
0
0
0
0
0
0
0
0
0
0
0
0
0
0
0
0
0
0
0
0
0
0
0
0
0
0
0
0
0
0
0
0
0
0
0
0
0
0
0
0
0
0
0
0
0
0
0
0
0
0
0
0
0
0
0
0
0
0
0
0
0
0
0
0
0
0
0
0
0
0
0
0
0
0
0
0
0
0
0
0
0
0
0
0
0
0
0
0
0
0
0
0
0
0
0
0
0
0
0
0
0
0
0
0
0
0
0
0
0
0
0
0
0
0
0
0
0
0
0
0
0
0
0
0
0
0
0
0
0
0
0
0
0
0
0
0
0
0
0
0
0
0
0
0
0
0
0
0
0
0
0
0
0
0
0
0
0
0
0
0
0
0
0
0
0
0
0
0
0
0
0
0
0
0
0
0
0
0
0
0
0
0
0
0
0
0
0
0
0
0
0
0
0
0
0
0
0
0
0
0
0
0
0
0
0
0
0
0
0
0
0
0
0
0
0
0
0
0
0
0
0
0
0
0
0
0
0
0
0
0
0
0
0
0
0
0
0
0
0
0
0
0
0
0
0
0
0
0
0
0
0
0
0
0
0
0
0
0
0
0
0
0
0
0
0
0
0
0
0
0
0
0
0
0
0
0
0
0
0
0
0
0
0
0
0
0
0
0
0
0
0
0
0
0
0
0
0
0
0
0
0
0
0
0
0
0
0
0
0
0
0
0
0
0
0
0
0
0
0
0
0
0
0
0
0
0
0
0
0
0
0
0
0
0
0
0
0
0
0
0
0
0
0
0
0
0
0
0
0
0
0
0
0
0
0
0
0
0
0
0
0
0
0
0
0
0
0
0
0
0
0
0
0
0
0
0
0
0
0
0
0
0
0
0
0
0
0
0
0
0
0
0
0
0
0
0
0
0
0
0
0
0
0
0
0
0
0
0
0
0
0
0
0
0
0
0
0
0
0
0
0
0
0
0
0
0
0
0
0
0
0
0
0
0
0
0
0
0
0
0
0
0
0
0
0
0
0
0
0
0
0
0
0
0
0
0
0
0
0
0
0
0
0
0
0
0
0
0
0
0
0
0
0
0
0
0
0
0
0
0
0
0
0
0
0
0
0
0
0
0
0
0
0
0
0
0
0
0
0
0
0
0
0
0
0
0
0
0
0
0
0
0
0
0
0
0
0
0
0
0
0
0
0
0
0
0
0
0
0
0
0
0
0
0
0
0
0
0
0
0
0
0
0
0
0
0
0
0
0
0
0
0
0
0
0
0
0
0
0
0
0
0
0
0
0
0
0
0
0
0
0
0
0
0
0
0
0
0
0
0
0
0
0
0
0
0
0
0
0
0
0
0
0
0
0
0
0
0
0
0
0
0
0
0
0
0
0
0
0
0
0
0
0
0
0
0
0
0
0
0
0
0
0
0
0
0
0
0
0
0
0
0
0
0
0
0
0
0
0
0
0
0
0
0
0
0
0
0
0
0
0
0
0
0
0
0
0
0
0
0
0
0
0
0
0
0
0
0
0
0
0
0
0
0
0
0
0
0
0
0
0
0
0
0
0
0
0
0
0
0
0
0
0
0
0
0
0
0
0
0
0
0
0
0
0
0
0
0
0
0
0
0
0
0
0
0
0
0
0
0
0
0
0
0
0
0
0
0
0
0
0
0
0
0
0
0
0
0
0
0
0
0
0
0
0
0
0
0
0
0
0
0
0
0
0
0
0
0
0
0
0
0
0
0
0
0
0
0
0
0
0
0
0
0
0
0
0
0
0
0
0
0
0
0
0
0
0
0
0
0
0
0
0
0
0
0
0
0
0
0
0
0
0
0
0
0
0
0
0
0
0
0
0
0
0
0
0
0
0
0
0
0
0
0
0
0
0
0
0
0
0
0
0
0
0
0
0
0
0
0
0
0
0
0
0
0
0
0
0
0
0
0
0
0
0
0
0
0
0
0
0
0
0
0
0
0
0
0
0
0
0
0
0
0
0
0
0
0
0
0
0
0
0
0
0
0
0
0
0
0
0
0
0
0
0
0
0
0
0
0
0
0
0
0
0
0
0
0
0
0
0
0
0
0
0
0
0
0
0
0
0
0
0
0
0
0
0
0
0
0
0
0
0
0
0
0
0
0
0
0
0
0
0
0
0
0
0
0
0
0
0
0
0
0
0
0
0
0
0
0
0
0
0
0
0
0
0
0
0
0
0
0
0
0
0
0
0
0
0
0
0
0
0
0
0
0
0
0
0
0
0
0
0
0
0
0
0
0
0
0
0
0
0
0
0
0
0
0
0
0
0
0
0
0
0
0
0
0
0
0
0
0
0
0
0
0
0
0
0
0
0
0
0
0
0
0
0
0
0
0
0
0
0
0
0
0
0
0
0
0
0
0
0
0
0
0
0
0
0
0
0
0
0
0
0
0
0
0
0
0
0
0
0
0
0
0
0
0
0
0
0
0
0
0
0
0
0
0
0
0
0
0
0
0
0
0
0
0
0
0
0
0
0
0
0
0
0
0
0
0
0
0
0
0
0
0
0
0
0
0
0
0
0
0
0
0
0
0
0
0
0
0
0
0
0
0
0
0
0
0
0
0
0
0
0
0
0
0
0
0
0
0
0
0
0
0
0
0
0
0
0
0
0
0
0
0
0
0
0
0
0
0
0
0
0
0
0
0
0
0
0
0
0
0
0
0
0
0
0
0
0
0
0
0
0
0
0
0
0
0
0
0
0
0
0
0
0
0
0
0
0
0
0
0
0
0
0
0
0
0
0
0
0
0
0
0
0
0
0
0
0
0
0
0
0
0
0
0
0
0
0
0
0
0
0
0
0
0
0
0
0
0
0
0
0
0
0
0
0
0
0
0
0
0
0
0
0
0
0
0
0
0
0
0
0
0
0
0
0
0
0
0
0
0
0
0
0
0
0
0
0
0
0
0
0
0
0
0
0
0
0
0
0
0
0
0
0
0
0
0
0
0
0
0
0
0
0
0
0
0
0
0
0
0
0
0
0
0
0
0
0
0
0
0
0
0
0
0
0
0
0
0
0
0
0
0
0
0
0
0
0
0
0
0
0
0
0
0
0
0
0
0
0
0
0
0
0
0
0
0
0
0
0
0
0
0
0
0
0
0
0
0
0
0
0
0
0
0
0
0
0
0
0
0
0
0
0
0
0
0
0
0
0
0
0
0
0
0
0
0
0
0
0
0
0
0
0
0
0
0
0
0
0
0
0
0
0
0
0
0
0
0
0
0
0
0
0
0
0
0
0
0
0
0
0
0
0
0
0
0
0
0
0
0
0
0
0
0
0
0
0
0
0
0
0
0
0
0
0
0
0
0
0
0
0
0
0
0
0
0
0
0
0
0
0
0
0
0
0
0
0
0
0
0
0
0
0
0
0
0
0
0
0
0
0
0
0
0
0
0
0
0
0
0
0
0
0
0
0
0
0
0
0
0
0
0
0
0
0
0
0
0
0
0
0
0
0
0
0
0
0
0
0
0
0
0
0
0
0
0
0
0
0
0
0
0
0
0
0
0
0
0
0
0
0
0
0
0
0
0
0
0
0
0
0
0
0
0
0
0
0
0
0
0
0
0
0
0
0
0
0
0
0
0
0
0
0
0
0
0
0
0
0
0
0
0
0
0
0
0
0
0
0
0
0
0
0
0
0
0
0
0
0
0
0
0
0
0
0
0
0
0
0
0
0
0
0
0
0
0
0
0
0
0
0
0
0
0
0
0
0
0
0
0
0
0
0
0
0
0
0
0
0
0
0
0
0
0
0
0
0
0
0
0
0
0
0
0
0
0
0
0
0
0
0
0
0
0
0
0
0
0
0
0
0
0
0
0
0
0
0
0
0
0
0
0
0
0
0
0
0
0
0
0
0
0
0
0
0
0
0
0
0
0
0
0
0
0
0
0
0
0
0
0
0
0
0
0
0
0
0
0
0
0
0
0
0
0
0
0
0
0
0
0
0
0
0
0
0
0
0
0
0
0
0
0
0
0
0
0
0
0
0
0
0
0
0
0
0
0
0
0
0
0
0
0
0
0
0
0
0
0
0
0
0
0
0
0
0
0
0
0
0
0
0
0
0
0
0
0
0
0
0
0
0
0
0
0
0
0
0
0
0
0
0
0
0
0
0
0
0
0
0
0
0
0
0
0
0
0
0
0
0
0
0
0
0
0
0
0
0
0
0
0
0
0
0
0
0
0
0
0
0
0
0
0
0
0
0
0
0
0
0
0
0
0
0
0
0
0
0
0
0
0
0
0
0
0
0
0
0
0
0
0
0
0
0
0
0
0
0
0
0
0
0
0
0
0
0
0
0
0
0
0
0
0
0
0
0
0
0
0
0
0
0
0
0
0
0
0
0
0
0
0
0
0
0
0
0
0
0
0
0
0
0
0
0
0
0
0
0
0
0
0
0
0
0
0
0
0
0
0
0
0
0
0
0
0
0
0
0
0
0
0
0
0
0
0
0
0
0
0
0
0
0
0
0
0
0
0
0
0
0
0
0
0
0
0
0
0
0
0
0
0
0
0
0
0
0
0
0
0
0
0
0
0
0
0
0
0
0
0
0
0
0
0
0
0
0
0
0
0
0
0
0
0
0
0
0
0
0
0
0
0
0
0
0
0
0
0
0
0
0
0
0
0
0
0
0
0
0
0
0
0
0
0
0
0
0
0
0
0
0
0
0
0
0
0
0
0
0
0
0
0
0
0
0
0
0
0
0
0
0
0
0
0
0
0
0
0
0
0
0
0
0
0
0
0
0
0
0
0
0
0
0
0
0
0
0
0
0
0
0
0
0
0
0
0
0
0
0
0
0
0
0
0
0
0
0
0
0
0
0
0
0
0
0
0
0
0
0
0
0
0
0
0
0
0
0
0
0
0
0
0
0
0
0
0
0
0
0
0
0
0
0
0
0
0
0
0
0
0
0
0
0
0
0
0
0
0
0
0
0
0
0
0
0
0
0
0
0
0
0
0
0
0
0
0
0
0
0
0
0
0
0
0
0
0
0
0
0
0
0
0
0
0
0
0
0
0
0
0
0
0
0
0
0
0
0
0
0
0
0
0
0
0
0
0
0
0
0
0
0
0
0
0
0
0
0
0
0
0
0
0
0
0
0
0
0
0
0
0
0
0
0
0
0
0
0
0
0
0
0
0
0
0
0
0
0
0
0
0
0
0
0
0
0
0
0
0
0
0
0
0
0
0
0
0
0
0
0
0
0
0
0
0
0
0
0
0
0
0
0
0
0
0
0
0
0
0
0
0
0
0
0
0
0
0
0
0
0
0
0
0
0
0
0
0
0
0
0
0
0
0
0
0
0
0
0
0
0
0
0
0
0
0
0
0
0
0
0
0
0
0
0
0
0
0
0
0
0
0
0
0
0
0
0
0
0
0
0
0
0
0
0
0
0
0
0
0
0
0
0
0
0
0
0
0
0
0
0
0
0
0
0
0
0
0
0
0
0
0
0
0
0
0
0
0
0
0
0
0
0
0
0
0
0
0
0
0
0
0
0
0
0
0
0
0
0
0
0
0
0
0
0
0
0
0
0
0
0
0
0
0
0
0
0
0
0
0
0
0
0
0
0
0
0
0
0
0
0
0
0
0
0
0
0
0
0
0
0
0
0
0
0
0
0
0
0
0
0
0
0
0
0
0
0
0
0
0
0
0
0
0
0
0
0
0
0
0
0
0
0
0
0
0
0
0
0
0
0
0
0
0
0
0
0
0
0
0
0
0
0
0
0
0
0
0
0
0
0
0
0
0
0
0
0
0
0
0
0
0
0
0
0
0
0
0
0
0
0
0
0
0
0
0
0
0
0
0
0
0
0
0
0
0
0
0
0
0
0
0
0
0
0
0
0
0
0
0
0
0
0
0
0
0
0
0
0
0
0
0
0
0
0
0
0
0
0
0
0
0
0
0
0
0
0
0
0
0
0
0
0
0
0
0
0
0
0
0
0
0
0
0
0
0
0
0
0
0
0
0
0
0
0
0
0
0
0
0
0
0
0
0
0
0
0
0
0
0
0
0
0
0
0
0
0
0
0
0
0
0
0
0
0
0
0
0
0
0
0
0
0
0
0
0
0
0
0
0
0
0
0
0
0
0
0
0
0
0
0
0
0
0
0
0
0
0
0
0
0
0
0
0
0
0
0
0
0
0
0
0
0
0
0
0
0
0
0
0
0
0
0
0
0
0
0
0
0
0
0
0
0
0
0
0
0
0
0
0
0
0
0
0
0
0
0
0
0
0
0
0
0
0
0
0
0
0
0
0
0
0
0
0
0
0
0
0
0
0
0
0
0
0
0
0
0
0
0
0
0
0
0
0
0
0
0
0
0
0
0
0
0
0
0
0
0
0
0
0
0
0
0
0
0
0
0
0
0
0
0
0
0
0
0
0
0
0
0
0
0
0
0
0
0
0
0
0
0
0
0
0
0
0
0
0
0
0
0
0
0
0
0
0
0
0
0
0
0
0
0
0
0
0
0
0
0
0
0
0
0
0
0
0
0
0
0
0
0
0
0
0
0
0
0
0
0
0
0
0
0
0
0
0
0
0
0
0
0
0
0
0
0
0
0
0
0
0
0
0
0
0
0
0
0
0
0
0
0
0
0
0
0
0
0
0
0
0
0
0
0
0
0
0
0
0
0
0
0
0
0
0
0
0
0
0
0
0
0
0
0
0
0
0
0
0
0
0
0
0
0
0
0
0
0
0
0
0
0
0
0
0
0
0
0
0
0
0
0
0
0
0
0
0
0
0
0
0
0
0
0
0
0
0
0
0
0
0
0
0
0
0
0
0
0
0
0
0
0
0
0
0
0
0
0
0
0
0
0
0
0
0
0
0
0
0
0
0
0
0
0
0
0
0
0
0
0
0
0
0
0
0
0
0
0
0
0
0
0
0
0
0
0
0
0
0
0
0
0
0
0
0
0
0
0
0
0
0
0
0
0
0
0
0
0
0
0
0
0
0
0
0
0
0
0
0
0
0
0
0
0
0
0
0
0
0
0
0
0
0
0
0
0
0
0
0
0
0
0
0
0
0
0
0
0
0
0
0
0
0
0
0
0
0
0
0
0
0
0
0
0
0
0
0
0
0
0
0
0
0
0
0
0
0
0
0
0
0
0
0
0
0
0
0
0
0
0
0
0
0
0
0
0
0
0
0
0
0
0
0
0
0
0
0
0
0
0
0
0
0
0
0
0
0
0
0
0
0
0
0
0
0
0
0
0
0
0
0
0
0
0
0
0
0
0
0
0
0
0
0
0
0
0
0
0
0
0
0
0
0
0
0
0
0
0
0
0
0
0
0
0
0
0
0
0
0
0
0
0
0
0
0
0
0
0
0
0
0
0
0
0
0
0
0
0
0
0
0
0
0
0
0
0
0
0
0
0
0
0
0
0
0
0
0
0
0
0
0
0
0
0
0
0
0
0
0
0
0
0
0
0
0
0
0
0
0
0
0
0
0
0
0
0
0
0
0
0
0
0
0
0
0
0
0
0
0
0
0
0
0
0
0
0
0
0
0
0
0
0
0
0
0
0
0
0
0
0
0
0
0
0
0
0
0
0
0
0
0
0
0
0
0
0
0
0
0
0
0
0
0
0
0
0
0
0
0
0
0
0
0
0
0
0
0
0
0
0
0
0
0
0
0
0
0
0
0
0
0
0
0
0
0
0
0
0
0
0
0
0
0
0
0
0
0
0
0
0
0
0
0
0
0
0
0
0
0
0
0
0
0
0
0
0
0
0
0
0
0
0
0
0
0
0
0
0
0
0
0
0
0
0
0
0
0
0
0
0
0
0
0
0
0
0
0
0
0
0
0
0
0
0
0
0
0
0
0
0
0
0
0
0
0
0
0
0
0
0
0
0
0
0
0
0
0
0
0
0
0
0
0
0
0
0
0
0
0
0
0
0
0
0
0
0
0
0
0
0
0
0
0
0
0
0
0
0
0
0
0
0
0
0
0
0
0
0
0
0
0
0
0
0
0
0
0
0
0
0
0
0
0
0
0
0
0
0
0
0
0
0
0
0
0
0
0
0
0
0
0
0
0
0
0
0
0
0
0
0
0
0
0
0
0
0
0
0
0
0
0
0
0
0
0
0
0
0
0
0
0
0
0
0
0
0
0
0
0
0
0
0
0
0
0
0
0
0
0
0
0
0
0
0
0
0
0
0
0
0
0
0
0
0
0
0
0
0
0
0
0
0
0
0
0
0
0
0
0
0
0
0
0
0
0
0
0
0
0
0
0
0
0
0
0
0
0
0
0
0
0
0
0
0
0
0
0
0
0
0
0
0
0
0
0
0
0
0
0
0
0
0
0
0
0
0
0
0
0
0
0
0
0
0
0
0
0
0
0
0
0
0
0
0
0
0
0
0
0
0
0
0
0
0
0
0
0
0
0
0
0
0
0
0
0
0
0
0
0
0
0
0
0
0
0
0
0
0
0
0
0
0
0
0
0
0
0
0
0
0
0
0
0
0
0
0
0
0
0
0
0
0
0
0
0
0
0
0
0
0
0
0
0
0
0
0
0
0
0
0
0
0
0
0
0
0
0
0
0
0
0
0
0
0
0
0
0
0
0
0
0
0
0
0
0
0
0
0
0
0
0
0
0
0
0
0
0
0
0
0
0
0
0
0
0
0
0
0
0
0
0
0
0
0
0
0
0
0
0
0
0
0
0
0
0
0
0
0
0
0
0
0
0
0
0
0
0
0
0
0
0
0
0
0
0
0
0
0
0
0
0
0
0
0
0
0
0
0
0
0
0
0
0
0
0
0
0
0
0
0
0
0
0
0
0
0
0
0
0
0
0
0
0
0
0
0
0
0
0
0
0
0
0
0
0
0
0
0
0
0
0
0
0
0
0
0
0
0
0
0
0
0
0
0
0
0
0
0
0
0
0
0
0
0
0
0
0
0
0
0
0
0
0
0
0
0
0
0
0
0
0
0
0
0
0
0
0
0
0
0
0
0
0
0
0
0
0
0
0
0
0
0
0
0
0
0
0
0
0
0
0
0
0
0
0
0
0
0
0
0
0
0
0
0
0
0
0
0
0
0
0
0
0
0
0
0
0
0
0
0
0
0
0
0
0
0
0
0
0
0
0
0
0
0
0
0
0
0
0
0
0
0
0
0
0
0
0
0
0
0
0
0
0
0
0
0
0
0
0
0
0
0
0
0
0
0
0
0
0
0
0
0
0
0
0
0
0
0
0
0
0
0
0
0
0
0
0
0
0
0
0
0
0
0
0
0
0
0
0
0
0
0
0
0
0
0
0
0
0
0
0
0
0
0
0
0
0
0
0
0
0
0
0
0
0
0
0
0
0
0
0
0
0
0
0
0
0
0
0
0
0
0
0
0
0
0
0
0
0
0
0
0
0
0
0
0
0
0
0
0
0
0
0
0
0
0
0
0
0
0
0
0
0
0
0
0
0
0
0
0
0
0
0
0
0
0
0
0
0
0
0
0
0
0
0
0
0
0
0
0
0
0
0
0
0
0
0
0
0
0
0
0
0
0
0
0
0
0
0
0
0
0
0
0
0
0
0
0
0
0
0
0
0
0
0
0
0
0
0
0
0
0
0
0
0
0
0
0
0
0
0
0
0
0
0
0
0
0
0
0
0
0
0
0
0
0
0
0
0
0
0
0
0
0
0
0
0
0
0
0
0
0
0
0
0
0
0
0
0
0
0
0
0
0
0
0
0
0
0
0
0
0
0
0
0
0
0
0
0
0
0
0
0
0
0
0
0
0
0
0
0
0
0
0
0
0
0
0
0
0
0
0
0
0
0
0
0
0
0
0
0
0
0
0
0
0
0
0
0
0
0
0
0
0
0
0
0
0
0
0
0
0
0
0
0
0
0
0
0
0
0
0
0
0
0
0
0
0
0
0
0
0
0
0
0
0
0
0
0
0
0
0
0
0
0
0
0
0
0
0
0
0
0
0
0
0
0
0
0
0
0
0
0
0
0
0
0
0
0
0
0
0
0
0
0
0
0
0
0
0
0
0
0
0
0
0
0
0
0
0
0
0
0
0
0
0
0
0
0
0
0
0
0
0
0
0
0
0
0
0
0
0
0
0
0
0
0
0
0
0
0
0
0
0
0
0
0
0
0
0
0
0
0
0
0
0
0
0
0
0
0
0
0
0
0
0
0
0
0
0
0
0
0
0
0
0
0
0
0
0
0
0
0
0
0
0
0
0
0
0
0
0
0
0
0
0
0
0
0
0
0
0
0
0
0
0
0
0
0
0
0
0
0
0
0
0
0
0
0
0
0
0
0
0
0
0
0
0
0
0
0
0
0
0
0
0
0
0
0
0
0
0
0
0
0
0
0
0
0
0
0
0
0
0
0
0
0
0
0
0
0
0
0
0
0
0
0
0
0
0
0
0
0
0
0
0
0
0
0
0
0
0
0
0
0
0
0
0
0
0
0
0
0
0
0
0
0
0
0
0
0
0
0
0
0
0
0
0
0
0
0
0
0
0
0
0
0
0
0
0
0
0
0
0
0
0
0
0
0
0
0
0
0
0
0
0
0
0
0
0
0
0
0
0
0
0
0
0
0
0
0
0
0
0
0
0
0
0
0
0
0
0
0
0
0
0
0
0
0
0
0
0
0
0
0
0
0
0
0
0
0
0
0
0
0
0
0
0
0
0
0
0
0
0
0
0
0
0
0
0
0
0
0
0
0
0
0
0
0
0
0
0
0
0
0
0
0
0
0
0
0
0
0
0
0
0
0
0
0
0
0
0
0
0
0
0
0
0
0
0
0
0
0
0
0
0
0
0
0
0
0
0
0
0
0
0
0
0
0
0
0
0
0
0
0
0
0
0
0
0
0
0
0
0
0
0
0
0
0
0
0
0
0
0
0
0
0
0
0
0
0
0
0
0
0
0
0
0
0
0
0
0
0
0
0
0
0
0
0
0
0
0
0
0
0
0
0
0
0
0
0
0
0
0
0
0
0
0
0
0
0
0
0
0
0
0
0
0
0
0
0
0
0
0
0
0
0
0
0
0
0
0
0
0
0
0
0
0
0
0
0
0
0
0
0
0
0
0
0
0
0
0
0
0
0
0
0
0
0
0
0
0
0
0
0
0
0
0
0
0
0
0
0
0
0
0
0
0
0
0
0
0
0
0
0
0
0
0
0
0
0
0
0
0
0
0
0
0
0
0
0
0
0
0
0
0
0
0
0
0
0
0
0
0
0
0
0
0
0
0
0
0
0
0
0
0
0
0
0
0
0
0
0
0
0
0
0
0
0
0
0
0
0
0
0
0
0
0
0
0
0
0
0
0
0
0
0
0
0
0
0
0
0
0
0
0
0
0
0
0
0
0
0
0
0
0
0
0
0
0
0
0
0
0
0
0
0
0
0
0
0
0
0
0
0
0
0
0
0
0
0
0
0
0
0
0
0
0
0
0
0
0
0
0
0
0
0
0
0
0
0
0
0
0
0
0
0
0
0
0
0
0
0
0
0
0
0
0
0
0
0
0
0
0
0
0
0
0
0
0
0
0
0
0
0
0
0
0
0
0
0
0
0
0
0
0
0
0
0
0
0
0
0
0
0
0
0
0
0
0
0
0
0
0
0
0
0
0
0
0
0
0
0
0
0
0
0
0
0
0
0
0
0
0
0
0
0
0
0
0
0
0
0
0
0
0
0
0
0
0
0
0
0
0
0
0
0
0
0
0
0
0
0
0
0
0
0
0
0
0
0
0
0
0
0
0
0
0
0
0
0
0
0
0
0
0
0
0
0
0
0
0
0
0
0
0
0
0
0
0
0
0
0
0
0
0
0
0
0
0
0
0
0
0
0
0
0
0
0
0
0
0
0
0
0
0
0
0
0
0
0
0
0
0
0
0
0
0
0
0
0
0
0
0
0
0
0
0
0
0
0
0
0
0
0
0
0
0
0
0
0
0
0
0
0
0
0
0
0
0
0.000316968514688737
0
0
0
0
0
0
0
0
0
0
0
0
0
0
0
0
0
0
0
0
0
0
0
0
0
0
0
0
0
0
0
0
0
0
0
0
0
0
0
0
0
0
0
0
0
0
0
0
0
0
0
0
0
0
0
0
0
0
0
0
0
0
0
0
0
0
0
0
0
0
0
0
0
0
0
0
0
0
0
0
0
0
0
0
0
0
0
0
0
0
0
0
0
0
0
0
0
0
0
0
0
0
0
0
0
0
0
0
0
0
0
0
0
0
0
0
0
0
0
0
0
0
0
0
0
0
0
0
0
0
0
0
0
0
0
0
0
0
0
0
0
0
0
0
0
0
0
0
0
0.000328871510483966
0
0
0
0
0
0
0
0
0
0
0
0
0
0
0
0
0
0
0
0
0
0
0
0
0
0
0
0
0
0
0
0
0
0
0
0
0
0
0
0
0
0
0
0
0
0
0
0
0
0
0
0
0
0
0
0
0
0
0
0
0
0
0
0
0
0
0
0
0
0
0
0
0
0
0
0
0
0
0
0
0
0
0
0
0
0
0
0
0
0
0
0
0
0
0
0
0
0
0
0
0
0
0
0
0
0
0
0
0
0
0
0
0
0
0
0
0
0
0
0
0
0
0
0
0
0
0
0
0
0
0
0
0
0
0
0
0
0
0
0
0
0
0
0
0
0
0
0
0
0.00034080640766998
0.00303313230802283
0
0
0
0
0
0
0
0
0
0
0
0
0
0
0
0
0
0
0
0
0
0
0
0
0
0
0
0
0
0
0
0
0
0
0
0
0
0
0
0
0
0
0
0
0
0
0
0
0
0
0
0
0
0
0
0
0
0
0
0
0
0
0
0
0
0
0
0
0
0
0
0
0
0
0
0
0
0
0
0
0
0
0
0
0
0
0
0
0
0
0
0
0
0
0
0
0
0
0
0
0
0
0
0
0
0
0
0
0
0
0
0
0
0
0
0
0
0
0
0
0
0
0
0
0
0
0
0
0
0
0
0
0
0
0
0
0
0
0
0
0
0
0
0
0
0
0
0
0.00035279776178446
0.00307549278589274
0
0
0
0
0
0
0
0
0
0
0
0
0
0
0
0
0
0
0
0
0
0
0
0
0
0
0
0
0
0
0
0
0
0
0
0
0
0
0
0
0
0
0
0
0
0
0
0
0
0
0
0
0
0
0
0
0
0
0
0
0
0
0
0
0
0
0
0
0
0
0
0
0
0
0
0
0
0
0
0
0
0
0
0
0
0
0
0
0
0
0
0
0
0
0
0
0
0
0
0
0
0
0
0
0
0
0
0
0
0
0
0
0
0
0
0
0
0
0
0
0
0
0
0
0
0
0
0
0
0
0
0
0
0
0
0
0
0
0
0
0
0
0
0
0
0
0
0
0.000364971230046937
0.00311814839312993
0.00352905768447269
0
0
0
0
0
0
0
0
0
0
0
0
0
0
0
0
0
0
0
0
0
0
0
0
0
0
0
0
0
0
0
0
0
0
0
0
0
0
0
0
0
0
0
0
0
0
0
0
0
0
0
0
0
0
0
0
0
0
0
0
0
0
0
0
0
0
0
0
0
0
0
0
0
0
0
0
0
0
0
0
0
0
0
0
0
0
0
0
0
0
0
0
0
0
0
0
0
0
0
0
0
0
0
0
0
0
0
0
0
0
0
0
0
0
0
0
0
0
0
0
0
0
0
0
0
0
0
0
0
0
0
0
0
0
0
0
0
0
0
0
0
0
0
0
0
0
0
0.000377209544992496
0.00316128257799597
0.00356087654915471
0
0
0
0
0
0
0
0
0
0
0
0
0
0
0
0
0
0
0
0
0
0
0
0
0
0
0
0
0
0
0
0
0
0
0
0
0
0
0
0
0
0
0
0
0
0
0
0
0
0
0
0
0
0
0
0
0
0
0
0
0
0
0
0
0
0
0
0
0
0
0
0
0
0
0
0
0
0
0
0
0
0
0
0
0
0
0
0
0
0
0
0
0
0
0
0
0
0
0
0
0
0
0
0
0
0
0
0
0
0
0
0
0
0
0
0
0
0
0
0
0
0
0
0
0
0
0
0
0
0
0
0
0
0
0
0
0
0
0
0
0
0
0
0
0
0
0
0.000389593549922934
0.00320468507060768
0.00359308425378287
0.00345914151431914
0
0
0
0
0
0
0
0
0
0
0
0
0
0
0
0
0
0
0
0
0
0
0
0
0
0
0
0
0
0
0
0
0
0
0
0
0
0
0
0
0
0
0
0
0
0
0
0
0
0
0
0
0
0
0
0
0
0
0
0
0
0
0
0
0
0
0
0
0
0
0
0
0
0
0
0
0
0
0
0
0
0
0
0
0
0
0
0
0
0
0
0
0
0
0
0
0
0
0
0
0
0
0
0
0
0
0
0
0
0
0
0
0
0
0
0
0
0
0
0
0
0
0
0
0
0
0
0
0
0
0
0
0
0
0
0
0
0
0
0
0
0
0
0
0
0
0.000402168777081622
0.00324857331735304
0.00362570081224294
0.0035169219053896
0
0
0
0
0
0
0
0
0
0
0
0
0
0
0
0
0
0
0
0
0
0
0
0
0
0
0
0
0
0
0
0
0
0
0
0
0
0
0
0
0
0
0
0
0
0
0
0
0
0
0
0
0
0
0
0
0
0
0
0
0
0
0
0
0
0
0
0
0
0
0
0
0
0
0
0
0
0
0
0
0
0
0
0
0
0
0
0
0
0
0
0
0
0
0
0
0
0
0
0
0
0
0
0
0
0
0
0
0
0
0
0
0
0
0
0
0
0
0
0
0
0
0
0
0
0
0
0
0
0
0
0
0
0
0
0
0
0
0
0
0
0
0
0
0
0
0.000414802886654827
0.00329299039066265
0.00365896590539976
0.00357513376259539
0.0030833181344596
0
0
0
0
0
0
0
0
0
0
0
0
0
0
0
0
0
0
0
0
0
0
0
0
0
0
0
0
0
0
0
0
0
0
0
0
0
0
0
0
0
0
0
0
0
0
0
0
0
0
0
0
0
0
0
0
0
0
0
0
0
0
0
0
0
0
0
0
0
0
0
0
0
0
0
0
0
0
0
0
0
0
0
0
0
0
0
0
0
0
0
0
0
0
0
0
0
0
0
0
0
0
0
0
0
0
0
0
0
0
0
0
0
0
0
0
0
0
0
0
0
0
0
0
0
0
0
0
0
0
0
0
0
0
0
0
0
0
0
0
0
0
0
0
0
0.000427735232944635
0.00333818552483596
0.00369279384668352
0.00363390748197664
0.00314280292742648
0
0
0
0
0
0
0
0
0
0
0
0
0
0
0
0
0
0
0
0
0
0
0
0
0
0
0
0
0
0
0
0
0
0
0
0
0
0
0
0
0
0
0
0
0
0
0
0
0
0
0
0
0
0
0
0
0
0
0
0
0
0
0
0
0
0
0
0
0
0
0
0
0
0
0
0
0
0
0
0
0
0
0
0
0
0
0
0
0
0
0
0
0
0
0
0
0
0
0
0
0
0
0
0
0
0
0
0
0
0
0
0
0
0
0
0
0
0
0
0
0
0
0
0
0
0
0
0
0
0
0
0
0
0
0
0
0
0
0
0
0
0
0
0
0
0.000440888124793917
0.00338421168706727
0.00372781240206988
0.0036931997770484
0.00320271468781795
0.00263848033776712
0
0
0
0
0
0
0
0
0
0
0
0
0
0
0
0
0
0
0
0
0
0
0
0
0
0
0
0
0
0
0
0
0
0
0
0
0
0
0
0
0
0
0
0
0
0
0
0
0
0
0
0
0
0
0
0
0
0
0
0
0
0
0
0
0
0
0
0
0
0
0
0
0
0
0
0
0
0
0
0
0
0
0
0
0
0
0
0
0
0
0
0
0
0
0
0
0
0
0
0
0
0
0
0
0
0
0
0
0
0
0
0
0
0
0
0
0
0
0
0
0
0
0
0
0
0
0
0
0
0
0
0
0
0
0
0
0
0
0
0
0
0
0
0
0.000454880570536081
0.00343114860649431
0.00376394264614172
0.00375381391185218
0.0032631647641603
0.00269188743698434
0
0
0
0
0
0
0
0
0
0
0
0
0
0
0
0
0
0
0
0
0
0
0
0
0
0
0
0
0
0
0
0
0
0
0
0
0
0
0
0
0
0
0
0
0
0
0
0
0
0
0
0
0
0
0
0
0
0
0
0
0
0
0
0
0
0
0
0
0
0
0
0
0
0
0
0
0
0
0
0
0
0
0
0
0
0
0
0
0
0
0
0
0
0
0
0
0
0
0
0
0
0
0
0
0
0
0
0
0
0
0
0
0
0
0
0
0
0
0
0
0
0
0
0
0
0
0
0
0
0
0
0
0
0
0
0
0
0
0
0
0
0
0
0
0.000470912613026902
0.00348129778400558
0.00380166945206645
0.00381565053344224
0.00332490557576278
0.00274610939051583
0.00224822120994267
0
0
0
0
0
0
0
0
0
0
0
0
0
0
0
0
0
0
0
0
0
0
0
0
0
0
0
0
0
0
0
0
0
0
0
0
0
0
0
0
0
0
0
0
0
0
0
0
0
0
0
0
0
0
0
0
0
0
0
0
0
0
0
0
0
0
0
0
0
0
0
0
0
0
0
0
0
0
0
0
0
0
0
0
0
0
0
0
0
0
0
0
0
0
0
0
0
0
0
0
0
0
0
0
0
0
0
0
0
0
0
0
0
0
0
0
0
0
0
0
0
0
0
0
0
0
0
0
0
0
0
0
0
0
0
0
0
0
0
0
0
0
0
0.000487454118559514
0.00353611659210699
0.00384466391847391
0.00387953152488239
0.00338779173341315
0.00280147410434636
0.00230136787414072
0
0
0
0
0
0
0
0
0
0
0
0
0
0
0
0
0
0
0
0
0
0
0
0
0
0
0
0
0
0
0
0
0
0
0
0
0
0
0
0
0
0
0
0
0
0
0
0
0
0
0
0
0
0
0
0
0
0
0
0
0
0
0
0
0
0
0
0
0
0
0
0
0
0
0
0
0
0
0
0
0
0
0
0
0
0
0
0
0
0
0
0
0
0
0
0
0
0
0
0
0
0
0
0
0
0
0
0
0
0
0
0
0
0
0
0
0
0
0
0
0
0
0
0
0
0
0
0
0
0
0
0
0
0
0
0
0
0
0
0
0
0
0
0.000504286291460527
0.00359204843647746
0.00389331910779756
0.00394937445274387
0.00345271284068248
0.00285785255761747
0.00235556343343888
0.00189913503631525
0
0
0
0
0
0
0
0
0
0
0
0
0
0
0
0
0
0
0
0
0
0
0
0
0
0
0
0
0
0
0
0
0
0
0
0
0
0
0
0
0
0
0
0
0
0
0
0
0
0
0
0
0
0
0
0
0
0
0
0
0
0
0
0
0
0
0
0
0
0
0
0
0
0
0
0
0
0
0
0
0
0
0
0
0
0
0
0
0
0
0
0
0
0
0
0
0
0
0
0
0
0
0
0
0
0
0
0
0
0
0
0
0
0
0
0
0
0
0
0
0
0
0
0
0
0
0
0
0
0
0
0
0
0
0
0
0
0
0
0
0
0
0.000521463548587622
0.00365125573203539
0.00394307853473945
0.00402467554861561
0.00352297033682853
0.0029158840408124
0.00241038702785859
0.00194836821053092
0.00156204852947398
0
0
0
0
0
0
0
0
0
0
0
0
0
0
0
0
0
0
0
0
0
0
0
0
0
0
0
0
0
0
0
0
0
0
0
0
0
0
0
0
0
0
0
0
0
0
0
0
0
0
0
0
0
0
0
0
0
0
0
0
0
0
0
0
0
0
0
0
0
0
0
0
0
0
0
0
0
0
0
0
0
0
0
0
0
0
0
0
0
0
0
0
0
0
0
0
0
0
0
0
0
0
0
0
0
0
0
0
0
0
0
0
0
0
0
0
0
0
0
0
0
0
0
0
0
0
0
0
0
0
0
0
0
0
0
0
0
0
0
0
0
0.000538816998191561
0.00371100987474788
0.00399681716715897
0.00410101742674323
0.00359807606437402
0.00297842412345374
0.00246652902947639
0.00199801758035689
0.00160746191449844
0.00126633303278297
0
0
0
0
0
0
0
0
0
0
0
0
0
0
0
0
0
0
0
0
0
0
0
0
0
0
0
0
0
0
0
0
0
0
0
0
0
0
0
0
0
0
0
0
0
0
0
0
0
0
0
0
0
0
0
0
0
0
0
0
0
0
0
0
0
0
0
0
0
0
0
0
0
0
0
0
0
0
0
0
0
0
0
0
0
0
0
0
0
0
0
0
0
0
0
0
0
0
0
0
0
0
0
0
0
0
0
0
0
0
0
0
0
0
0
0
0
0
0
0
0
0
0
0
0
0
0
0
0
0
0
0
0
0
0
0
0
0
0
0
0.000556438818140785
0.00377170943635425
0.00405122349542706
0.00418180220710657
0.00367412631025172
0.00304432024208595
0.00252562526507216
0.00204852359037581
0.00165299219227659
0.00130338246456102
0.00104591836891673
0
0
0
0
0
0
0
0
0
0
0
0
0
0
0
0
0
0
0
0
0
0
0
0
0
0
0
0
0
0
0
0
0
0
0
0
0
0
0
0
0
0
0
0
0
0
0
0
0
0
0
0
0
0
0
0
0
0
0
0
0
0
0
0
0
0
0
0
0
0
0
0
0
0
0
0
0
0
0
0
0
0
0
0
0
0
0
0
0
0
0
0
0
0
0
0
0
0
0
0
0
0
0
0
0
0
0
0
0
0
0
0
0
0
0
0
0
0
0
0
0
0
0
0
0
0
0
0
0
0
0
0
0
0
0
0
0
0
0
0.00057502565178117
0.00383406938604011
0.00410679893903205
0.00426328889798052
0.00375415576587897
0.00311075197229535
0.00258633578198663
0.00210025637939558
0.00169913106362555
0.00134044108399595
0.00108342040421743
0.000844200942742497
0
0
0
0
0
0
0
0
0
0
0
0
0
0
0
0
0
0
0
0
0
0
0
0
0
0
0
0
0
0
0
0
0
0
0
0
0
0
0
0
0
0
0
0
0
0
0
0
0
0
0
0
0
0
0
0
0
0
0
0
0
0
0
0
0
0
0
0
0
0
0
0
0
0
0
0
0
0
0
0
0
0
0
0
0
0
0
0
0
0
0
0
0
0
0
0
0
0
0
0
0
0
0
0
0
0
0
0
0
0
0
0
0
0
0
0
0
0
0
0
0
0
0
0
0
0
0
0
0
0
0
0
0
0
0
0
0
0
0.000594436779067855
0.00389870137737047
0.004164858253403
0.00434602377381456
0.0038349097735897
0.00318106138843558
0.00264734599088261
0.00215280803434969
0.00174565953763808
0.00137803526369051
0.00112085425630544
0.000874541352374072
0.000703907834885755
0.000562331464883414
0
0
0
0
0
0
0
0
0
0
0
0
0
0
0
0
0
0
0
0
0
0
0
0
0
0
0
0
0
0
0
0
0
0
0
0
0
0
0
0
0
0
0
0
0
0
0
0
0
0
0
0
0
0
0
0
0
0
0
0
0
0
0
0
0
0
0
0
0
0
0
0
0
0
0
0
0
0
0
0
0
0
0
0
0
0
0
0
0
0
0
0
0
0
0
0
0
0
0
0
0
0
0
0
0
0
0
0
0
0
0
0
0
0
0
0
0
0
0
0
0
0
0
0
0
0
0
0
0
0
0
0
0
0
0
0
0.000614213850360892
0.00396584849992635
0.00422618718643301
0.00443189840431253
0.00391674341320915
0.00325199505082344
0.00271164332836282
0.00220539342512699
0.0017926026187655
0.00141560657939753
0.00115883765782332
0.000904880610743547
0.000735933124121621
0.000598685155762742
0.000475999507435279
0.000372235342597079
0
0
0
0
0
0
0
0
0
0
0
0
0
0
0
0
0
0
0
0
0
0
0
0
0
0
0
0
0
0
0
0
0
0
0
0
0
0
0
0
0
0
0
0
0
0
0
0
0
0
0
0
0
0
0
0
0
0
0
0
0
0
0
0
0
0
0
0
0
0
0
0
0
0
0
0
0
0
0
0
0
0
0
0
0
0
0
0
0
0
0
0
0
0
0
0
0
0
0
0
0
0
0
0
0
0
0
0
0
0
0
0
0
0
0
0
0
0
0
0
0
0
0
0
0
0
0
0
0
0
0
0
0
0
0.00063508030259583
0.00403696110571472
0.00429020933238643
0.00452090636818321
0.00400133795192426
0.00332361776896101
0.00277641096318916
0.00226066556592311
0.00183932029931372
0.00145376356923688
0.00119703560656617
0.000935721353197094
0.000767796859331419
0.000634714631394001
0.000516949482831805
0.000417572592123824
0.000315476806035231
0.000205926098161948
0.00016001662383359
0
0
0
0
0
0
0
0
0
0
0
0
0
0
0
0
0
0
0
0
0
0
0
0
0
0
0
0
0
0
0
0
0
0
0
0
0
0
0
0
0
0
0
0
0
0
0
0
0
0
0
0
0
0
0
0
0
0
0
0
0
0
0
0
0
0
0
0
0
0
0
0
0
0
0
0
0
0
0
0
0
0
0
0
0
0
0
0
0
0
0
0
0
0
0
0
0
0
0
0
0
0
0
0
0
0
0
0
0
0
0
0
0
0
0
0
0
0
0
0
0
0
0
0
0
0
0
0
0
0
0
0.000657472376364252
0.00411124224619528
0.00435954384972931
0.00461182152172234
0.00408835906195374
0.00339698013598156
0.00284163906512648
0.00231634823553046
0.00188893155236073
0.00149174667548785
0.00123688242806798
0.000967900345040396
0.00080015412189628
0.000670257238173837
0.000557466216196712
0.000463812981832126
0.000360756970038826
0.000238546573425196
0.000176489393855507
0.0001277365176707
0.000117277376416334
9.74808437427735e-05
6.52317877934575e-05
0
0
0
0
0
0
0
0
0
0
0
0
0
0
0
0
0
0
0
0
0
0
0
0
0
0
0
0
0
0
0
0
0
0
0
0
0
0
0
0
0
0
0
0
0
0
0
0
0
0
0
0
0
0
0
0
0
0
0
0
0
0
0
0
0
0
0
0
0
0
0
0
0
0
0
0
0
0
0
0
0
0
0
0
0
0
0
0
0
0
0
0
0
0
0
0
0
0
0
0
0
0
0
0
0
0
0
0
0
0
0
0
0
0
0
0
0
0
0
0
0
0
0
0
0
0
0
0.000680406849554175
0.00418868051052092
0.00443324972656326
0.0047087103081602
0.00417637976180464
0.00347201019537476
0.00290776341236265
0.00237234379712273
0.00193895594803522
0.00153281271903149
0.00127670827532288
0.00100293014285642
0.000834715495132783
0.000706257706228371
0.000597203996078116
0.000509631064160207
0.000407101002333352
0.000271235670495015
0.000208793023292048
0.000141549348522687
0.000128929190283073
0.000115832313125271
8.82628358380842e-05
9.57212092926928e-05
7.86736186128821e-05
5.76429555027386e-05
0
0
0
0
0
0
0
0
0
0
0
0
0
0
0
0
0
0
0
0
0
0
0
0
0
0
0
0
0
0
0
0
0
0
0
0
0
0
0
0
0
0
0
0
0
0
0
0
0
0
0
0
0
0
0
0
0
0
0
0
0
0
0
0
0
0
0
0
0
0
0
0
0
0
0
0
0
0
0
0
0
0
0
0
0
0
0
0
0
0
0
0
0
0
0
0
0
0
0
0
0
0
0
0
0
0
0
0
0
0
0
0
0
0
0
0
0
0
0
0
0
0
0
0
0.000703424575609793
0.00426678008854014
0.00450877289238382
0.00480930364331479
0.00426947854253209
0.00354754091780205
0.00297509784457574
0.00242875922056815
0.00198937399355674
0.0015743303655131
0.0013197977839054
0.00103747492275006
0.000870258076904762
0.000742854193539722
0.000636960300256504
0.000554551487419728
0.000452990160841247
0.000304555174799521
0.000241150560974192
0.000168193563797582
0.00014898558742284
0.000135863424318781
0.000109942401317161
0.000138061420812822
0.00011504695767869
0.000108972396624336
6.03872884768906e-05
2.22540427695495e-05
9.85975675342656e-06
0
0
0
0
0
0
0
0
0
0
0
0
0
0
0
0
0
0
0
0
0
0
0
0
0
0
0
0
0
0
0
0
0
0
0
0
0
0
0
0
0
0
0
0
0
0
0
0
0
0
0
0
0
0
0
0
0
0
0
0
0
0
0
0
0
0
0
0
0
0
0
0
0
0
0
0
0
0
0
0
0
0
0
0
0
0
0
0
0
0
0
0
0
0
0
0
0
0
0
0
0
0
0
0
0
0
0
0
0
0
0
0
0
0
0
0
0
0
0
0
0
0.000726933055039505
0.0043456040284509
0.00458486164197475
0.00490921050035095
0.0043647775359579
0.00362679879757383
0.00304268017064918
0.00248617013149792
0.00203996898910818
0.00161625044390007
0.00136329008750206
0.0010748782982087
0.000904601593414135
0.000777624647130683
0.000674802828644439
0.000598939235186563
0.000497914102060769
0.000337338797048286
0.000273436077659973
0.000194848693678384
0.000179418026310671
0.000162630832763202
0.000132964010572246
0.000179690173701081
0.000165934250237397
0.000163408788153322
0.000114125090649683
5.3025505408335e-05
6.81286256579723e-06
6.35640466369875e-06
3.87034753052845e-05
4.18479514190712e-05
1.48122236798161e-05
0
0
0
0
0
0
0
0
0
0
0
0
0
0
0
0
0
0
0
0
0
0
0
0
0
0
0
0
0
0
0
0
0
0
0
0
0
0
0
0
0
0
0
0
0
0
0
0
0
0
0
0
0
0
0
0
0
0
0
0
0
0
0
0
0
0
0
0
0
0
0
0
0
0
0
0
0
0
0
0
0
0
0
0
0
0
0
0
0
0
0
0
0
0
0
0
0
0
0
0
0
0
0
0
0
0
0
0
0
0
0
0
0
0
0
0
0
0.000750718913180686
0.00442548527012994
0.0046619746913624
0.00500919235683181
0.00445674969260658
0.00370654987005083
0.00311258963555489
0.00254408973631703
0.00209179033198484
0.00165853174372625
0.00140718701301647
0.00111263654446056
0.000941209293589602
0.000810586040338122
0.000707976502660828
0.000639013032525604
0.000541984915436248
0.000369326252157266
0.000305174303823535
0.000220729815565853
0.000209768183882557
0.000197783821310826
0.000161468850396699
0.000222394792170566
0.000216481538776046
0.000229902993995641
0.000171100210976066
0.000100857020696998
2.79849407649298e-05
2.15594490660494e-06
4.64405680015123e-05
7.58435899369453e-05
5.91835106603919e-05
2.32500903127933e-05
1.66591523740799e-05
1.29909764122116e-05
3.93729708062415e-07
0
0
0
0
0
0
0
0
0
0
0
0
0
0
0
0
0
0
0
0
0
0
0
0
0
0
0
0
0
0
0
0
0
0
0
0
0
0
0
0
0
0
0
0
0
0
0
0
0
0
0
0
0
0
0
0
0
0
0
0
0
0
0
0
0
0
0
0
0
0
0
0
0
0
0
0
0
0
0
0
0
0
0
0
0
0
0
0
0
0
0
0
0
0
0
0
0
0
0
0
0
0
0
0
0
0
0
0
0
0
0
0
0
0.000775039053961487
0.004507683672001
0.00474028411879706
0.00511031613137398
0.00454840352322099
0.00378301114089262
0.0031826703035588
0.0026035919494744
0.00214405671637545
0.00170195237506473
0.00145147648890511
0.00115056173276134
0.000978030731512745
0.000844816913041722
0.000739621553193545
0.000674783409379373
0.000582332127601606
0.000400641497719129
0.000336752173977138
0.000246290405917225
0.000239321235032389
0.000232799164661131
0.000196944302663818
0.00026942416353755
0.00026792041704628
0.000296258222875756
0.000237648869761297
0.00015127554985024
6.32536321712155e-05
1.80150521888138e-05
5.62609058371607e-05
0.000104041110369623
0.000103692994360993
6.99533807739237e-05
3.47861294899724e-05
2.7146525932477e-05
8.50467355560409e-06
1.77795360329825e-05
2.26795078042806e-05
1.1629169355751e-05
8.03511299796484e-06
0
0
0
0
0
0
0
0
0
0
0
0
0
0
0
0
0
0
0
0
0
0
0
0
0
0
0
0
0
0
0
0
0
0
0
0
0
0
0
0
0
0
0
0
0
0
0
0
0
0
0
0
0
0
0
0
0
0
0
0
0
0
0
0
0
0
0
0
0
0
0
0
0
0
0
0
0
0
0
0
0
0
0
0
0
0
0
0
0
0
0
0
0
0
0
0
0
0
0
0
0
0
0
0
0
0
0
0
0
0.000800286203128996
0.0045902015492905
0.00482164711338826
0.0052123090038869
0.0046400089693241
0.00385931229605101
0.0032504397369864
0.00266340868368206
0.00219703513887767
0.00174567986329406
0.00149695056006429
0.00118894662378994
0.00101545197360803
0.000879299665937382
0.000772350909399776
0.000709653474092886
0.000619654461848116
0.000429188097778556
0.000367629572788249
0.000272119564330204
0.000268886167113984
0.000267301744746861
0.000232614405245278
0.00032229944265299
0.000322760217830824
0.000363380717239377
0.00030400810458882
0.000209055582326832
9.86563853372357e-05
4.52952270043938e-05
8.24942483963179e-05
0.000133837470331548
0.000143319268732063
0.000116500672981088
8.06052333190968e-05
4.94837468794351e-05
2.05236648552615e-05
3.35797602964359e-05
3.60681135084836e-05
3.17945285972593e-05
2.56468254825016e-05
2.7726958402231e-05
2.89677490331964e-05
4.0310034297178e-05
0
0
0
0
0
0
0
0
0
0
0
0
0
0
0
0
0
0
0
0
0
0
0
0
0
0
0
0
0
0
0
0
0
0
0
0
0
0
0
0
0
0
0
0
0
0
0
0
0
0
0
0
0
0
0
0
0
0
0
0
0
0
0
0
0
0
0
0
0
0
0
0
0
0
0
0
0
0
0
0
0
0
0
0
0
0
0
0
0
0
0
0
0
0
0
0
0
0
0
0
0
0
0
0
0
0
0.000826926608238256
0.00467506699663896
0.00490371413076151
0.005317635942247
0.00473220566782352
0.00393503175263707
0.00331820993933438
0.00272183769262074
0.00225040562030506
0.00178957004457117
0.00154241701788808
0.00122855509830599
0.00105326066943459
0.000914544363669678
0.0008054939175803
0.000745837318518505
0.000656437378661895
0.000455831900803995
0.000396781771869681
0.000297346389983796
0.000298922716457636
0.000302334364125846
0.000267979042682131
0.000375635929155454
0.000382571411177129
0.000433124439772001
0.000371180686944871
0.000266517041003521
0.000139572826946375
7.15715995381929e-05
0.000118016741710681
0.000176827092158461
0.00018400337430653
0.000158924916996921
0.000125896814774376
9.46411322576044e-05
3.93130307914221e-05
5.26404143282088e-05
5.72257580449494e-05
4.98561052270495e-05
5.17946758674247e-05
5.50562345805476e-05
5.6627760543168e-05
9.07144849096487e-05
7.09628679610167e-05
4.28685140275351e-05
0
0
0
0
0
0
0
0
0
0
0
0
0
0
0
0
0
0
0
0
0
0
0
0
0
0
0
0
0
0
0
0
0
0
0
0
0
0
0
0
0
0
0
0
0
0
0
0
0
0
0
0
0
0
0
0
0
0
0
0
0
0
0
0
0
0
0
0
0
0
0
0
0
0
0
0
0
0
0
0
0
0
0
0
0
0
0
0
0
0
0
0
0
0
0
0
0
0
0
0
0
0
0
0
0.000854198439758651
0.00476586692778699
0.00498969217178441
0.00541850271678062
0.00482784198925225
0.00401022299683909
0.00338097804039868
0.00278029868558308
0.00230280669180509
0.00183377762729528
0.00158753189274576
0.00126805227079772
0.00109225749055065
0.00095049264114309
0.000840061431621396
0.000782544195169476
0.000694863680640125
0.000482179309133057
0.000424451053029963
0.000319901565145412
0.000327072323046488
0.000337585516440873
0.000304114474361653
0.000428937249462343
0.000443083186612319
0.000507599864326035
0.000440533908483639
0.000325105384659202
0.000180164001052497
0.000101518713670474
0.00014517110806235
0.000226698626731684
0.000235269898682844
0.00020226713553229
0.000168000108827583
0.000139083700375848
7.67853588288128e-05
7.72325287124812e-05
8.10957463189071e-05
7.42337940460064e-05
7.66649647525089e-05
9.00277305454806e-05
9.3176588843905e-05
0.00014745139205812
0.000138421485013382
0.000113890705824992
4.61030268296338e-05
0
0
0
0
0
0
0
0
0
0
0
0
0
0
0
0
0
0
0
0
0
0
0
0
0
0
0
0
0
0
0
0
0
0
0
0
0
0
0
0
0
0
0
0
0
0
0
0
0
0
0
0
0
0
0
0
0
0
0
0
0
0
0
0
0
0
0
0
0
0
0
0
0
0
0
0
0
0
0
0
0
0
0
0
0
0
0
0
0
0
0
0
0
0
0
0
0
0
0
0
0
0
0
0.000882518393734975
0.00485842448943195
0.00508318211879581
0.00552348284972317
0.00491556994644195
0.0040886961897125
0.00344253764529764
0.00283106489332407
0.00235491067539164
0.00187675058880171
0.001632748162771
0.00130676520299242
0.00113156059494603
0.00098800157233173
0.000875690950152399
0.000820777835276367
0.000733851558467804
0.000510272209448615
0.000451524750473875
0.000340156492612939
0.000350935493932166
0.000369922600567979
0.000340067606941027
0.000483052572039849
0.000503427269474059
0.000582573901650549
0.000514031713735456
0.000385422307469382
0.000221813105796029
0.000131005829189764
0.000174840497314375
0.000264339576065868
0.000291694428883202
0.000254292892524951
0.000211243646778225
0.00018123572963981
0.000114167526944357
0.000117087337973428
0.000109541544798218
0.000100877961841674
0.000106639006042122
0.000123986004798269
0.000136161932923532
0.000211594752310885
0.000210607022006727
0.000193140354307801
0.000112401423696157
5.54480003177649e-05
2.63730837118729e-05
0
0
0
0
0
0
0
0
0
0
0
0
0
0
0
0
0
0
0
0
0
0
0
0
0
0
0
0
0
0
0
0
0
0
0
0
0
0
0
0
0
0
0
0
0
0
0
0
0
0
0
0
0
0
0
0
0
0
0
0
0
0
0
0
0
0
0
0
0
0
0
0
0
0
0
0
0
0
0
0
0
0
0
0
0
0
0
0
0
0
0
0
0
0
0
0
0
0
0
0
0
0.000912382963918045
0.00495423657736015
0.0051791834833804
0.00563725556328546
0.00500702973668369
0.00415873120382251
0.00350697638356803
0.00288013657232507
0.00239851230114469
0.00191888698856338
0.00167634475321235
0.00134536038153007
0.00117011202317839
0.00102573008019243
0.000912427549345509
0.000859887478060497
0.000774280278445652
0.000538876718299443
0.000479869431090737
0.000359513530705795
0.000371870430572014
0.000396856409474348
0.000372583511047886
0.000536614912733009
0.000564257198380468
0.000657144793890269
0.000588136865924971
0.000449495229705636
0.000264726224170332
0.000161357646666319
0.000203948887453727
0.000303566243984591
0.000335058170089711
0.000310209922863426
0.00026150464632384
0.000224754450773337
0.000149761679999479
0.000156762070050096
0.000150233732850933
0.000131282321977456
0.00013844020964712
0.000161931650440816
0.000178101824626217
0.000280856095455256
0.000288680961578567
0.00027572413970664
0.000185582489220004
0.000116973728719258
5.59779549511723e-05
2.29496820756649e-05
0
0
0
0
0
0
0
0
0
0
0
0
0
0
0
0
0
0
0
0
0
0
0
0
0
0
0
0
0
0
0
0
0
0
0
0
0
0
0
0
0
0
0
0
0
0
0
0
0
0
0
0
0
0
0
0
0
0
0
0
0
0
0
0
0
0
0
0
0
0
0
0
0
0
0
0
0
0
0
0
0
0
0
0
0
0
0
0
0
0
0
0
0
0
0
0
0
0
0
0
0.00094275927940826
0.00505411261226466
0.00527954819030674
0.00575382716181239
0.0051066554010228
0.00423141995974013
0.00356612427019766
0.00293134738795115
0.00244054516539154
0.00195465893931165
0.00171842374147262
0.00138187787557898
0.00120809107534288
0.00106418163486746
0.000949064615511034
0.000899496859247743
0.00081521032464246
0.000568416830707622
0.000508740731866703
0.000379748564881947
0.000391597664267843
0.000420617582375724
0.000399511511116649
0.000587185950078686
0.000624317576924809
0.000731747883493326
0.000661483203807197
0.000514277974801703
0.000310894240780514
0.00019252125385922
0.000233547060950744
0.000342202675477492
0.000379574438157125
0.000356893470255686
0.000314939296903266
0.000273736858625921
0.000186714366209704
0.000194861483601764
0.000190533936026379
0.0001714940898835
0.000173276491210624
0.000201264774408748
0.000223081764296431
0.00034875686684278
0.000370438150150136
0.000362620347533676
0.000261244399540844
0.000184049082601403
0.000109966309957418
4.78292197971885e-05
2.89561957109635e-05
0
0
0
0
0
0
0
0
0
0
0
0
0
0
0
0
0
0
0
0
0
0
0
0
0
0
0
0
0
0
0
0
0
0
0
0
0
0
0
0
0
0
0
0
0
0
0
0
0
0
0
0
0
0
0
0
0
0
0
0
0
0
0
0
0
0
0
0
0
0
0
0
0
0
0
0
0
0
0
0
0
0
0
0
0
0
0
0
0
0
0
0
0
0
0
0
0
0
0
0.000973483014303251
0.00515590999398023
0.00538498006363628
0.00587530241789678
0.00520883078937892
0.0043114335280523
0.00362787612717953
0.00297921960278369
0.00248482604520325
0.00198891110989981
0.00175512837004035
0.00141655797626838
0.00124417062774079
0.00110216401597519
0.000987191884562091
0.000938787545054125
0.000856452381550037
0.000598096884821842
0.000538328251984344
0.000400697877216163
0.000412100078489297
0.00044302738017311
0.000423398943170053
0.000632467362025002
0.000681657180894642
0.000805787380237563
0.000735059801291843
0.000578160277000666
0.000357774098658154
0.000226490349941484
0.000263516905878636
0.000381069003262241
0.000423329031832908
0.000404163872222086
0.000361029057463579
0.00032539361329984
0.000227982698976971
0.000234174662259238
0.000229361242664106
0.00021102274134153
0.000215927626891009
0.000243059471805669
0.000269098053156164
0.000418812483082643
0.000450605077255145
0.000451974321245306
0.000339932969180688
0.000252713400278794
0.000168331281753838
9.23889166124901e-05
5.25404375212078e-05
2.51201386698737e-05
0
0
0
0
0
0
0
0
0
0
0
0
0
0
0
0
0
0
0
0
0
0
0
0
0
0
0
0
0
0
0
0
0
0
0
0
0
0
0
0
0
0
0
0
0
0
0
0
0
0
0
0
0
0
0
0
0
0
0
0
0
0
0
0
0
0
0
0
0
0
0
0
0
0
0
0
0
0
0
0
0
0
0
0
0
0
0
0
0
0
0
0
0
0
0
0
0
0
0.00100487964466533
0.00525860828355099
0.00549279122079477
0.00600213873585718
0.00531540024209167
0.00439369214076304
0.00369589906907959
0.00302976542359479
0.00252666424400042
0.00202489804780059
0.00179036818302155
0.0014467114962312
0.00127861613885576
0.00113883115839158
0.00102492944274561
0.000980010574410928
0.000897177357391943
0.00062818625722404
0.000567838268068023
0.000421957893404156
0.000433448904050344
0.000466702956880662
0.000445920128985946
0.000675518147042491
0.000734555348332248
0.000877554886724557
0.000808195344350319
0.000642486611130584
0.000403752261707421
0.000261008829896751
0.000295799762387069
0.000420013799090682
0.000467159998166858
0.000450659222934505
0.000407310458978676
0.000370997370052276
0.000271378740454392
0.000276771903630296
0.000269118302155383
0.000249122034321661
0.000257618339671106
0.000291326419446671
0.000317097519663
0.000489688860123914
0.000532233890277622
0.000539682063141741
0.000420327313684348
0.000323789753808243
0.000228180138861806
0.000140369497670286
9.19973498879878e-05
4.46013996777445e-05
6.91042807046316e-05
0
0
0
0
0
0
0
0
0
0
0
0
0
0
0
0
0
0
0
0
0
0
0
0
0
0
0
0
0
0
0
0
0
0
0
0
0
0
0
0
0
0
0
0
0
0
0
0
0
0
0
0
0
0
0
0
0
0
0
0
0
0
0
0
0
0
0
0
0
0
0
0
0
0
0
0
0
0
0
0
0
0
0
0
0
0
0
0
0
0
0
0
0
0
0
0
0
0.00103814081443279
0.00536379369639364
0.00560221527202871
0.00613156920617726
0.00542630807037023
0.00447936184983215
0.00376570809085672
0.00308532283022046
0.00257165706458465
0.00205939542996905
0.00182715515794296
0.0014755347342719
0.001309319222775
0.00117406178799603
0.00106199920210232
0.00102108616012267
0.000939290540897014
0.00065736711892361
0.000598144355083856
0.000442795219618626
0.000454670710636263
0.000491230149847448
0.000470387227355264
0.000717292619408008
0.000786067680048606
0.000946117394964202
0.000879529358042284
0.000706660082405373
0.00045054582103751
0.000294641706464324
0.000328428229010459
0.000460745202225211
0.000510670419126563
0.000497005633024469
0.000453100600506095
0.000416399985056534
0.000309397483705504
0.000321083512357854
0.000311429486785852
0.000287734377888185
0.000297819807553582
0.000338355888028829
0.000370453200225564
0.000562155964299421
0.000614462543097614
0.000628235243320683
0.000498947950733507
0.000395985212634542
0.000290220235868332
0.000190136324553707
0.000133728047218023
7.687684993934e-05
0.000100900024678214
0.000178890365915132
0
0
0
0
0
0
0
0
0
0
0
0
0
0
0
0
0
0
0
0
0
0
0
0
0
0
0
0
0
0
0
0
0
0
0
0
0
0
0
0
0
0
0
0
0
0
0
0
0
0
0
0
0
0
0
0
0
0
0
0
0
0
0
0
0
0
0
0
0
0
0
0
0
0
0
0
0
0
0
0
0
0
0
0
0
0
0
0
0
0
0
0
0
0
0
0
0.00107257182188969
0.00547394936772435
0.00571578529549828
0.00626359678985463
0.00553998466073459
0.00456794275109334
0.00383796280016398
0.00314220435997169
0.00262089508186546
0.00209799623223988
0.00186358225023743
0.00150563719529875
0.00133872058527747
0.00120593006621557
0.00109783421862824
0.00106179623424391
0.000981238228694228
0.000686841854989575
0.000627178286912894
0.00046497881422261
0.000475393553114456
0.000515472511110669
0.000495722889989826
0.00076151254488163
0.000836416294021576
0.00101359348331611
0.000948329108066166
0.00076946748039279
0.000497692733796274
0.000330113475036123
0.000360160096072997
0.000501792496048007
0.000555410271548786
0.000542626636014469
0.000498504637250629
0.000461470500217862
0.000346882577811446
0.000360373352455953
0.000355287057638586
0.000328536264405573
0.000338216834453206
0.000383940721624767
0.000422599218521415
0.000639879062396483
0.000697964498183131
0.000717162015425368
0.000577853286505976
0.000466200804777549
0.000353103271562175
0.000242076768850976
0.000177709392032303
0.000110475806894787
0.000142964746924539
0.000245376062972491
0
0
0
0
0
0
0
0
0
0
0
0
0
0
0
0
0
0
0
0
0
0
0
0
0
0
0
0
0
0
0
0
0
0
0
0
0
0
0
0
0
0
0
0
0
0
0
0
0
0
0
0
0
0
0
0
0
0
0
0
0
0
0
0
0
0
0
0
0
0
0
0
0
0
0
0
0
0
0
0
0
0
0
0
0
0
0
0
0
0
0
0
0
0
0
0
0.00110761806077227
0.00558769828293549
0.00583650325747366
0.00640071198935907
0.00565648198429549
0.00465886747933359
0.00391226969887241
0.00320058554567406
0.00267129463236817
0.00214054790713179
0.00190429105706563
0.00153604260462962
0.00136936231226109
0.00123648629698028
0.0011304779335479
0.00110120886437608
0.00102278461792173
0.000715925175492712
0.000656070911795775
0.000485726423206327
0.000497680691201029
0.000539146795112872
0.000520527201291807
0.000806382332998055
0.000889610300015333
0.00108027405238257
0.0010160771389263
0.000830401774674087
0.000543884007392783
0.000366289516325467
0.000394062289403128
0.000541905777808975
0.000600286538495459
0.000589030226893203
0.000543024036911684
0.000505990678604779
0.000384170128452832
0.000399114165686063
0.000394249082764694
0.000370727037852784
0.000380529648872115
0.000429588035485686
0.000473484495428979
0.00071671277077634
0.000785897477341383
0.00080705052296007
0.000656942763496366
0.000536348362084783
0.000414179977964173
0.000294579917968192
0.00022411508872198
0.00014667886147212
0.000185708395986199
0.000320155266449351
0.000375422580172527
0
0
0
0
0
0
0
0
0
0
0
0
0
0
0
0
0
0
0
0
0
0
0
0
0
0
0
0
0
0
0
0
0
0
0
0
0
0
0
0
0
0
0
0
0
0
0
0
0
0
0
0
0
0
0
0
0
0
0
0
0
0
0
0
0
0
0
0
0
0
0
0
0
0
0
0
0
0
0
0
0
0
0
0
0
0
0
0
0
0
0
0
0
0
0
0.00114285852702567
0.00570415750359226
0.00596270614807228
0.00654582948793879
0.0057774811693828
0.00475229834161555
0.00398853323971968
0.0032611042796339
0.00272232855296694
0.00218417887974833
0.00194928825012954
0.00157055017537243
0.00140053110197371
0.00126846710785185
0.00116201655765
0.00113765076318069
0.00106308296073417
0.000744320623002137
0.000684176828329768
0.000507340204425523
0.000518398262645777
0.000564237537640058
0.000544722519042429
0.000850577228858596
0.000943234304242003
0.00114944522775598
0.0010834403771988
0.000890280817921656
0.000588612944273901
0.000402078607303163
0.000428973113562058
0.000584418076874504
0.000644189389764426
0.000635459292468468
0.000588214288239799
0.000549665307992214
0.00042098884540467
0.000437691847097717
0.000432676434251581
0.000408266941736338
0.000423944695672026
0.000476919155698798
0.000524304610843534
0.00079247673853342
0.000872836958583259
0.000900943805762463
0.000736719364861969
0.000606507381269718
0.000475223995626802
0.000345917632394931
0.000271132500499329
0.000185183083080439
0.000230681541702438
0.000395197177472653
0.000480044631150266
0.00042327891806809
0
0
0
0
0
0
0
0
0
0
0
0
0
0
0
0
0
0
0
0
0
0
0
0
0
0
0
0
0
0
0
0
0
0
0
0
0
0
0
0
0
0
0
0
0
0
0
0
0
0
0
0
0
0
0
0
0
0
0
0
0
0
0
0
0
0
0
0
0
0
0
0
0
0
0
0
0
0
0
0
0
0
0
0
0
0
0
0
0
0
0
0
0
0
0.0011793177939861
0.00582256778591145
0.006093278290576
0.00669638159194816
0.00590489002140259
0.00484890975517729
0.00406657191655879
0.00332320066710612
0.00277566054056638
0.00222790828668106
0.00199566441752193
0.00160878033303575
0.0014345956855546
0.00130045575588696
0.00119478985219524
0.00117348601448932
0.00110064815789643
0.000771120049055926
0.0007112144762447
0.000527598868419985
0.000540970649021979
0.00058805954260982
0.000570273673429893
0.00089436068647573
0.000996746956761609
0.00121873638263897
0.00115215129379686
0.000950309378381681
0.000631741999613298
0.00043612210614534
0.000463670787041603
0.000627536515025453
0.000690152695844367
0.000680872100953399
0.00063330006149192
0.000593842075327547
0.000456985707722189
0.000475782610716368
0.000470772313623236
0.000445311016873625
0.000463445798264503
0.000525281951540842
0.00057668183180811
0.000868443216431827
0.000958784695892425
0.000993721240920426
0.000819811823600076
0.00067716286815903
0.000536157139663115
0.00039750481382805
0.000317252626605463
0.000224087296466472
0.000277350704621655
0.000471841977088977
0.000584704887376466
0.000537630559479932
0
0
0
0
0
0
0
0
0
0
0
0
0
0
0
0
0
0
0
0
0
0
0
0
0
0
0
0
0
0
0
0
0
0
0
0
0
0
0
0
0
0
0
0
0
0
0
0
0
0
0
0
0
0
0
0
0
0
0
0
0
0
0
0
0
0
0
0
0
0
0
0
0
0
0
0
0
0
0
0
0
0
0
0
0
0
0
0
0
0
0
0
0
0
0.00121751761226209
0.00594537192071887
0.00622660318971716
0.00685135551971785
0.00603599030905188
0.00494950703219651
0.00414691915199988
0.0033866553972207
0.00283044123363193
0.00227355695502156
0.0020418668613696
0.00164794177200554
0.00147183475779761
0.00133446030141462
0.0012266087797116
0.00120975885821309
0.00113770922480731
0.000795233591656185
0.000736487174504687
0.000546819039077119
0.000562264096907631
0.000613603543691925
0.000594640244296378
0.000939401340699009
0.00105012108904249
0.00128902004163157
0.0012208496372626
0.00101112160529415
0.000675314091220148
0.000467922299873924
0.000496174451139688
0.000670275904665506
0.000735840809955724
0.000728043200526183
0.000677556782856431
0.000637988968001012
0.000493385840464499
0.000513042461803449
0.000508407496988594
0.000481714953026956
0.000502374523113723
0.000570539580898162
0.000630044578668393
0.000945832675136001
0.0010454442170521
0.00108555786021093
0.000901756065767033
0.00075030137892252
0.000597430871519399
0.000448860653426033
0.000363701897757273
0.000262214347883661
0.000324315454321638
0.000549585837168589
0.000690618581064869
0.000652245969412263
0.000496161444164759
0
0
0
0
0
0
0
0
0
0
0
0
0
0
0
0
0
0
0
0
0
0
0
0
0
0
0
0
0
0
0
0
0
0
0
0
0
0
0
0
0
0
0
0
0
0
0
0
0
0
0
0
0
0
0
0
0
0
0
0
0
0
0
0
0
0
0
0
0
0
0
0
0
0
0
0
0
0
0
0
0
0
0
0
0
0
0
0
0
0
0
0
0
0.00125422289667105
0.00607026155834076
0.00636477975946847
0.00700936927202794
0.00617020349193898
0.00505211668309258
0.00422949599935783
0.00345129491356418
0.00288585733228113
0.0023203597524
0.00208923283222411
0.00168680283812604
0.00150885118100269
0.00137103147737478
0.00125963585293201
0.00124482497224873
0.0011753869855468
0.000819162279191865
0.000759072914396108
0.00056330764411139
0.000579813692177889
0.000636838523425939
0.000618970997641744
0.000983807334948398
0.00110480105431604
0.00135965632960855
0.00129120395739271
0.00107186381878325
0.000719073775848478
0.000499696793786618
0.000523186222288291
0.000708502354937988
0.000780709349889308
0.000774666476172756
0.000723235075920177
0.00068092795632547
0.000529761517521427
0.000550767804523843
0.000545486961118088
0.000517763349145598
0.000540670235560926
0.000615485273232395
0.00068125924660233
0.00102372377080079
0.00113338983336983
0.00117832225815523
0.000983158295837382
0.000822881946616744
0.000660488487584388
0.000500466711130712
0.000409766559990342
0.000300894589596108
0.000371099349128386
0.000627692831968317
0.000797374228970431
0.000767993852568733
0.000601761657553272
0.000379076844830816
0
0
0
0
0
0
0
0
0
0
0
0
0
0
0
0
0
0
0
0
0
0
0
0
0
0
0
0
0
0
0
0
0
0
0
0
0
0
0
0
0
0
0
0
0
0
0
0
0
0
0
0
0
0
0
0
0
0
0
0
0
0
0
0
0
0
0
0
0
0
0
0
0
0
0
0
0
0
0
0
0
0
0
0
0
0
0
0
0
0
0
0
0.00129148967868705
0.00619308840705387
0.00650569478751718
0.00717270692233801
0.00630733423956867
0.00515764902443924
0.00431390390115255
0.00351749379008796
0.00294187251958633
0.00236739617828759
0.00213798193648136
0.00172673779326566
0.00154573895069212
0.00140676381336492
0.00129490138209489
0.00128049191671043
0.00121224311476832
0.000844184860214441
0.000781523362948802
0.000577183175272682
0.00059389239658889
0.000654446140712212
0.000639979245302142
0.00102787815233954
0.00115913848663652
0.00143148033229647
0.00136196886116304
0.00113465073437476
0.000762712875417734
0.00053127566505079
0.000550037065569923
0.000739171662830972
0.000819543992395604
0.000820074950844852
0.000768569204328302
0.000725186755907343
0.000564578952343556
0.000588281455306781
0.000582899014017624
0.000553329649429535
0.00057854887874692
0.000659680392425458
0.000732371419249759
0.00110013197670016
0.00122141010131767
0.00127214975289412
0.00106564535204087
0.000895074101438627
0.000723236965704207
0.000553258203134647
0.000455963021731447
0.00033901196846431
0.000418333808166128
0.000705995462017886
0.000904350824867666
0.000884206148530761
0.000708170999927731
0.000458117206709983
0.000308519468747198
0
0
0
0
0
0
0
0
0
0
0
0
0
0
0
0
0
0
0
0
0
0
0
0
0
0
0
0
0
0
0
0
0
0
0
0
0
0
0
0
0
0
0
0
0
0
0
0
0
0
0
0
0
0
0
0
0
0
0
0
0
0
0
0
0
0
0
0
0
0
0
0
0
0
0
0
0
0
0
0
0
0
0
0
0
0
0
0
0
0
0
0.00132965861029416
0.00631861607994422
0.00664499662552948
0.00733884486857196
0.00644928536608998
0.00526527046717054
0.00440081940414335
0.00358510066790216
0.00299875717046301
0.00241483633318237
0.00218686069799961
0.00176811288590812
0.00158338179414341
0.00144305225256836
0.00132989679178927
0.00131899549498276
0.00124938087372604
0.00086871846339355
0.000805071384113977
0.000590821758596707
0.000605810535459187
0.000668314429188778
0.000655505123154719
0.00106880391420205
0.00121312604689079
0.00150344785859767
0.0014336927337982
0.00119763238312762
0.000807977341415796
0.000562793990742489
0.000577351313698061
0.000769458108790378
0.000851012711812307
0.000859744496100013
0.000812661274485877
0.000769024795154048
0.00060025348581659
0.000624140792776886
0.000619780082494665
0.000589017341496022
0.000616034322330157
0.000703600355881935
0.000782603195071132
0.00117724968252613
0.00130879295182228
0.00136585646513833
0.00114861324898439
0.000968415872394417
0.000786136978902462
0.00060698229689554
0.000502778923325753
0.000377171300459395
0.000464899785101992
0.000784512572868344
0.00101159663427406
0.00100043830325419
0.000814461135046184
0.00053782133060969
0.000373727283421393
0.000241271790031965
0
0
0
0
0
0
0
0
0
0
0
0
0
0
0
0
0
0
0
0
0
0
0
0
0
0
0
0
0
0
0
0
0
0
0
0
0
0
0
0
0
0
0
0
0
0
0
0
0
0
0
0
0
0
0
0
0
0
0
0
0
0
0
0
0
0
0
0
0
0
0
0
0
0
0
0
0
0
0
0
0
0
0
0
0
0
0
0
0
0
0.0013689451024987
0.00644717251642296
0.0067884040100585
0.00750231996339982
0.00659303305284916
0.00537492545993683
0.00448876380622482
0.00365553109311958
0.00305712518163691
0.0024635603895963
0.00223614574223289
0.00180982090937806
0.00162347250079951
0.00148073833089737
0.00136613817840833
0.00135737019950543
0.00128965016752213
0.000893656661763267
0.000828760591884031
0.000606014726184774
0.000617648980738294
0.000680001571992777
0.000666055341465272
0.00110115722407863
0.00126255961028907
0.00157518334211146
0.00150592632222808
0.00126216813455692
0.000854013653054867
0.000595474495151666
0.000604959098970604
0.000800766508214077
0.000880715093124723
0.000888438817995385
0.000847922625551359
0.000810910764866177
0.000635568695739818
0.000660834512020333
0.00065420897195545
0.00062380883127335
0.00065346228662948
0.000747039518679935
0.000832359290371987
0.00125355311142941
0.00139717756736701
0.00145965421889383
0.00123082308430295
0.0010418680167197
0.000850274541203948
0.000661128814835904
0.000551746999041468
0.000415850544618792
0.000511509573861722
0.000862214222218574
0.00111899168051009
0.00111707467909966
0.000920696040357993
0.000617074294712423
0.000439539398040082
0.000291591101126804
0.000198005387516002
0
0
0
0
0
0
0
0
0
0
0
0
0
0
0
0
0
0
0
0
0
0
0
0
0
0
0
0
0
0
0
0
0
0
0
0
0
0
0
0
0
0
0
0
0
0
0
0
0
0
0
0
0
0
0
0
0
0
0
0
0
0
0
0
0
0
0
0
0
0
0
0
0
0
0
0
0
0
0
0
0
0
0
0
0
0
0
0
0
0.00140807188947378
0.00657850043626706
0.00693577656777521
0.00767032456147304
0.00673479080974977
0.00548606554387637
0.00457766948528658
0.00372651516337874
0.00311798733073842
0.00251322749833251
0.0022865677809826
0.00185163606442949
0.00166398221382971
0.00152135701137307
0.00140371761243362
0.00139731295912675
0.0013305876230937
0.000921429661170551
0.000853069493015751
0.000620505462149446
0.000631685051750245
0.000691602016354808
0.000674360291373954
0.00112933094498425
0.00130457989167444
0.00164328291406063
0.00157844424810912
0.00132760275556342
0.000901657974903766
0.000628697560874924
0.000633239323000389
0.000832665671865561
0.000911709696700789
0.000915104159237313
0.000873491424468941
0.00084469942726253
0.000668744671504236
0.000697160187662268
0.000689546269554113
0.000656220147008578
0.000689771241037885
0.000790344281175573
0.000881573105406211
0.00132936543323753
0.0014846654279067
0.00155509340742339
0.0013125150710771
0.0011145220881675
0.000914386603920157
0.000716257929195529
0.000601714399443288
0.000457956160577188
0.000558452119935132
0.000940050149841908
0.00122571162536831
0.00123375294268113
0.00102726495869999
0.000696312018863144
0.000504653572369189
0.000342037391999127
0.00023953004598329
0.00017927506372466
0
0
0
0
0
0
0
0
0
0
0
0
0
0
0
0
0
0
0
0
0
0
0
0
0
0
0
0
0
0
0
0
0
0
0
0
0
0
0
0
0
0
0
0
0
0
0
0
0
0
0
0
0
0
0
0
0
0
0
0
0
0
0
0
0
0
0
0
0
0
0
0
0
0
0
0
0
0
0
0
0
0
0
0
0
0
0
0
0.0014478959346515
0.00670999317562741
0.00708653516697847
0.00784258457051238
0.00688036529804363
0.00559641977376062
0.00466793601365811
0.00379830986313448
0.00317918824950255
0.00256511292603921
0.00233746269031237
0.00189462692958765
0.00170476670575202
0.0015627972018768
0.00144443189149148
0.00143823235188698
0.00137282585686272
0.000950390302286697
0.000879797296506075
0.000635868463241896
0.000644175140343273
0.000705613002818485
0.000682470309952152
0.00115534487965654
0.00134355906636457
0.00170633024723321
0.00164843925968839
0.00139348482296394
0.000950138072929873
0.000663552475319846
0.000662155170088061
0.000864821376766321
0.00094339566891224
0.000942673262057336
0.00089736995454884
0.000871634152503229
0.000695849902282872
0.000731452782984404
0.000724537847239861
0.000689731671105143
0.000724156427047539
0.000832537866278571
0.000930626177933374
0.00140458635689762
0.00157171194318369
0.00164985186397093
0.0013957891062804
0.00118600529730899
0.000977903667492473
0.000771296554836771
0.000652617477814201
0.000501160133667954
0.000609219597154239
0.00101822661031081
0.00133265663459906
0.00134992630088191
0.00113369140771762
0.000775593616370622
0.00057010014809299
0.000392015706333408
0.000281128441970148
0.000219436513243843
0.000173103697692102
0.00012000651705918
7.243751784405e-05
0
0
0
0
0
0
0
0
0
0
0
0
0
0
0
0
0
0
0
0
0
0
0
0
0
0
0
0
0
0
0
0
0
0
0
0
0
0
0
0
0
0
0
0
0
0
0
0
0
0
0
0
0
0
0
0
0
0
0
0
0
0
0
0
0
0
0
0
0
0
0
0
0
0
0
0
0
0
0
0
0
0
0
0
0
0.00148828563267617
0.00684361501229046
0.00723734546186398
0.00801866099173933
0.00703004995646623
0.00570973514437932
0.00475817868695518
0.00387102418075295
0.00324093688113614
0.00261724707475904
0.00238964672250475
0.00193756793234745
0.00174660360468196
0.00160476181126661
0.00148593839381517
0.00148183875760932
0.00141520184749133
0.000980086073367659
0.000908231513452249
0.000652244866208711
0.00065727483762304
0.000717590042047262
0.000693496425261103
0.001181124845142
0.00138060757982608
0.00176741641073959
0.00171524992429855
0.00145792446879175
0.000998986771419569
0.000699124035778461
0.000692888015717552
0.000897991356154754
0.000975027271566446
0.00097085672729182
0.000922064327518517
0.000897080153710182
0.000718271590941977
0.000761260330260829
0.000757675409259121
0.000723035002273002
0.000759416395058115
0.000873108895075873
0.000978553977327114
0.00147954025668147
0.00165801847559343
0.00174414806935692
0.00147854329469057
0.00125911967613136
0.001039806804893
0.000825964390542189
0.000703582291553493
0.000545208523450646
0.000661272053310681
0.00110110232065279
0.00144005898959406
0.00146641181882638
0.00123978968784425
0.00085473201797245
0.000635370596629886
0.000442568060337007
0.000322457843709748
0.000259570676665032
0.000214819105950097
0.000161269182139321
0.000111962095218396
7.15568980295496e-05
5.8954752130446e-05
0
0
0
0
0
0
0
0
0
0
0
0
0
0
0
0
0
0
0
0
0
0
0
0
0
0
0
0
0
0
0
0
0
0
0
0
0
0
0
0
0
0
0
0
0
0
0
0
0
0
0
0
0
0
0
0
0
0
0
0
0
0
0
0
0
0
0
0
0
0
0
0
0
0
0
0
0
0
0
0
0
0
0
0.0015289479418925
0.00697856076480582
0.00739116633710169
0.00819440657377176
0.00718338408625361
0.0058267647489444
0.00485017389977882
0.00394439040251153
0.00330312756335219
0.00266964260184683
0.00244234845283285
0.00198149101278115
0.00178899140952789
0.00164848320334101
0.00152855591635914
0.00152659318087411
0.00146028468326832
0.00100918418595151
0.000936972041861124
0.00067022015007397
0.000670601608738395
0.00073001846824739
0.000700816417723367
0.00121062598022338
0.0014169369064206
0.00182528374173665
0.00178080374607057
0.00152041425466587
0.00104694801238744
0.000733945798962142
0.000724621822721576
0.000933156061881231
0.00100788856275653
0.000998891818140401
0.000947184917978797
0.000923974507921977
0.00073943308723393
0.000787597321025445
0.000786957941865728
0.000754470112710293
0.000794773605875864
0.000914308999350533
0.00102512041013477
0.00155338677265141
0.00174410375982062
0.00183778346580276
0.00156097202976822
0.00133182835598249
0.00110316172526949
0.000876713425819411
0.000754215540784006
0.000589647810468173
0.000714512235431503
0.00118541106342565
0.00155241363247675
0.00158343051963526
0.0013462468121379
0.00093361744502346
0.000700460771852947
0.000492968229214425
0.00036506384956665
0.000299730781745281
0.000256235736719044
0.000202700495308838
0.000153125877284941
0.000111516790644229
0.00010964455420086
7.07129073738476e-05
4.84259326587243e-05
0
0
0
0
0
0
0
0
0
0
0
0
0
0
0
0
0
0
0
0
0
0
0
0
0
0
0
0
0
0
0
0
0
0
0
0
0
0
0
0
0
0
0
0
0
0
0
0
0
0
0
0
0
0
0
0
0
0
0
0
0
0
0
0
0
0
0
0
0
0
0
0
0
0
0
0
0
0
0
0
0
0.00157072176986442
0.0071154212467671
0.00754714817352078
0.00837411676782271
0.00733485828408057
0.00594752320159473
0.00494624667990074
0.00401776684210067
0.0033658642281076
0.00272237501155569
0.00249507274151105
0.00202595412630307
0.00183236659470829
0.00169333296786297
0.00157313513329523
0.00157202526060516
0.00150649811275309
0.00104141487948641
0.0009655913324051
0.000688892251856706
0.000686045138409712
0.000742238760049459
0.000708729105798095
0.00123405392591525
0.00145766985965601
0.0018818543095098
0.00184084747021479
0.0015816483193834
0.00109392191470855
0.000769176123546937
0.000755767682637731
0.00096981627374293
0.00104392559260554
0.00102932767925795
0.000972711136546794
0.000951409657636881
0.000763290576608578
0.000812720557048843
0.000812789138912799
0.000781275014045357
0.000827634737654331
0.00095563929176215
0.00107223990185344
0.00162603504970011
0.00182917982010634
0.00193121580358039
0.00164269751550811
0.00140438534229981
0.00116593464783193
0.000928160321227039
0.000797546281581204
0.000633642623636663
0.000768512663493556
0.00127140046631105
0.00166622882126856
0.00170587729318269
0.00145331615813144
0.00101296412408429
0.00076541080386342
0.000543120764073318
0.000407546314529778
0.000341077110412832
0.000297598019618433
0.00024297991336811
0.000195057305945115
0.000152934662923929
0.000160602244979693
0.000124393406503878
9.16609007481914e-05
4.32924589242694e-05
1.87356100129896e-05
0
0
0
0
0
0
0
0
0
0
0
0
0
0
0
0
0
0
0
0
0
0
0
0
0
0
0
0
0
0
0
0
0
0
0
0
0
0
0
0
0
0
0
0
0
0
0
0
0
0
0
0
0
0
0
0
0
0
0
0
0
0
0
0
0
0
0
0
0
0
0
0
0
0
0
0
0
0
0
0.00161223461745835
0.00725563485925642
0.00770524506760593
0.00855654695664336
0.0074905053665448
0.00606479276421571
0.00504617340303132
0.00409527298633383
0.00342684294662774
0.00277557208882919
0.00254890864201653
0.00207199948543644
0.00187702720243286
0.00173898929625993
0.00161992877058974
0.00162023166520875
0.00155345825755834
0.00107491920919843
0.000998073610657435
0.000708222020545992
0.000702293677883103
0.000756922917894648
0.000716068915533711
0.00125841309529201
0.00149075169323811
0.00194400615597519
0.00189915072636197
0.00163541637474626
0.00113921692886263
0.000804008979384789
0.000787698807869031
0.00100537716592863
0.00108152446986257
0.00106384211438581
0.00100105029338358
0.000980270027263405
0.00078782030891488
0.000841680168417602
0.000837894036968027
0.000804726704829621
0.000855238104635167
0.000993923859510602
0.00111955612417094
0.00169949368407464
0.00191314047577818
0.002023731329697
0.00172429201746992
0.00147593692596786
0.00122848148032824
0.000978618381533974
0.000840636653065661
0.000667276619765581
0.000822096044660954
0.00135832540406389
0.00178208849731138
0.00182953058166592
0.00156521897013197
0.00109275310145715
0.000830808936464881
0.000593163329167219
0.000449684177979036
0.000382142084599207
0.000339588664653228
0.000282837358131398
0.000235065165755679
0.000195110339257342
0.000212826659433571
0.000178324209198503
0.000148933053335786
8.09618521964584e-05
5.0021081980427e-05
3.88395244989518e-05
0
0
0
0
0
0
0
0
0
0
0
0
0
0
0
0
0
0
0
0
0
0
0
0
0
0
0
0
0
0
0
0
0
0
0
0
0
0
0
0
0
0
0
0
0
0
0
0
0
0
0
0
0
0
0
0
0
0
0
0
0
0
0
0
0
0
0
0
0
0
0
0
0
0
0
0
0
0
0.00165358245388656
0.00739365234579696
0.00786767159344348
0.00874008547234171
0.007648536403368
0.00618545567351649
0.00513973909273461
0.00417685130327226
0.00349197002870565
0.00282477442027991
0.00260199352143438
0.00211994686952672
0.00192462247360201
0.00178646176867923
0.00166701158658668
0.00167163191798573
0.00160420378396881
0.00110939488114918
0.00103168791484345
0.000731578140464244
0.000719674559024408
0.000772424956582678
0.000725533063395986
0.00128235822247876
0.00152550193243113
0.00199497902858336
0.00196340143422842
0.00168685751722991
0.00117386316540202
0.000836953972509664
0.000818565848698036
0.00104173173512
0.00111666778060455
0.00110043983523283
0.00103466654715899
0.00101234926227509
0.000814979883198111
0.000871542026947301
0.000868578708504967
0.00082761727731471
0.000877958989232371
0.0010249434078249
0.00116273905276909
0.0017731113261433
0.00199833981517468
0.00211495788442038
0.0018048879813617
0.00154747520793965
0.00129005312729495
0.00102895620363486
0.000882722715637713
0.000699897320373474
0.000860568340281748
0.00144433708201464
0.00189934995378492
0.00195532288440616
0.0016781397453845
0.0011766766787638
0.000896590356700777
0.00064354697507509
0.000491729369814179
0.000422810583395228
0.000381457666242762
0.00032304438133941
0.000274667134557434
0.000234667980804305
0.000265998630609243
0.00023323787652242
0.000206505066740394
0.000130717281094031
8.3162087640809e-05
7.13980510310512e-05
0
0
0
0
0
0
0
0
0
0
0
0
0
0
0
0
0
0
0
0
0
0
0
0
0
0
0
0
0
0
0
0
0
0
0
0
0
0
0
0
0
0
0
0
0
0
0
0
0
0
0
0
0
0
0
0
0
0
0
0
0
0
0
0
0
0
0
0
0
0
0
0
0
0
0
0
0
0
0.00169470739748918
0.00753356048292448
0.00802766335610262
0.00892910091645225
0.00780593086470397
0.00630768316207086
0.00523632072185094
0.00425185447224502
0.00356147593271721
0.00287805338159347
0.00265055505756619
0.00216659597210479
0.00197545825921571
0.00183915724556427
0.00171676935328997
0.00172334801766612
0.00165795412432882
0.00114768772406939
0.00106657243430775
0.00075629301176528
0.000741214312104345
0.000788877360031472
0.000735310354393768
0.0013082966002506
0.00156020934938196
0.00204775319490252
0.00201537242166352
0.00174363702143374
0.00120616242102594
0.000858502283407133
0.000846886476547218
0.00107614347007781
0.00115133797137483
0.00113352306876336
0.00107054766554738
0.00104986582013544
0.000845286846294212
0.000905065182928943
0.000900335185439213
0.000855857171038143
0.000900394438789249
0.00105009911223221
0.00119758947546631
0.00184214414373766
0.00208344597163312
0.00220795793104007
0.00188411362943383
0.00161786690360492
0.001351471964921
0.00107828001741586
0.00092451593968369
0.000731437219226425
0.000898298496145161
0.00151450269451671
0.00201552957959956
0.00208236218228719
0.00179351866527216
0.00126181741470162
0.000966813302962483
0.000694167644849783
0.000534058821439148
0.000463314704240779
0.000422916935748118
0.000362845642171636
0.000314295369463719
0.000273402801454572
0.000316410081441384
0.000289102032294755
0.000265025067230567
0.000180788200170306
0.00012705981355342
0.000105482428428651
0.000117621975305239
0
0
0
0
0
0
0
0
0
0
0
0
0
0
0
0
0
0
0
0
0
0
0
0
0
0
0
0
0
0
0
0
0
0
0
0
0
0
0
0
0
0
0
0
0
0
0
0
0
0
0
0
0
0
0
0
0
0
0
0
0
0
0
0
0
0
0
0
0
0
0
0
0
0
0
0
0
0.00173619728491818
0.00767340516955064
0.00819087836392079
0.00911473093317529
0.00796765908713743
0.00642725767177749
0.00533358265732473
0.0043289617061165
0.00362413901491066
0.00293548495307366
0.00270254667598688
0.0022083815134045
0.00202513478093432
0.00189643818791035
0.00177355589465182
0.00177811822310118
0.00171215064532573
0.00118845612846684
0.00110504668489162
0.000782474583179308
0.00076414069697268
0.000808870952602374
0.0007459954078627
0.00133467746995646
0.00159706156683911
0.00210153536388607
0.00206914790465375
0.00178650094544597
0.00124316905406666
0.000877488563167362
0.000862952660270182
0.0011073314591129
0.00118434991861476
0.00116597798223515
0.00110301811491528
0.00109002507555933
0.000880635348556944
0.000941344273528353
0.000936147263851317
0.00088506900742283
0.000927060848363519
0.00107543317926665
0.00122723136284112
0.00190336368885119
0.00216393411099643
0.00230079478937981
0.00196553717362617
0.0016873872973638
0.00141174397662835
0.00112755480539121
0.000965592964099211
0.000762725160277037
0.000934913870484384
0.00158429189847572
0.00211466950136785
0.00220818543321906
0.001909469795026
0.00134924041677393
0.00103863367016815
0.000749350473551743
0.000576959810548508
0.000504146374391468
0.000464253646089239
0.000402152816680077
0.000353201742270868
0.0003112933475718
0.000365582984109173
0.000342428982474174
0.00032452048127414
0.000231629711686199
0.00017123590567199
0.000149040303360346
0.000152745323874049
0
0
0
0
0
0
0
0
0
0
0
0
0
0
0
0
0
0
0
0
0
0
0
0
0
0
0
0
0
0
0
0
0
0
0
0
0
0
0
0
0
0
0
0
0
0
0
0
0
0
0
0
0
0
0
0
0
0
0
0
0
0
0
0
0
0
0
0
0
0
0
0
0
0
0
0
0
0.00177660767604249
0.0078161686962845
0.00835501586840812
0.00930407924126133
0.0081261326767011
0.00655133567211323
0.00542636510552263
0.00440647249061084
0.0036885209459227
0.00298732407217562
0.00275906430963358
0.00225315155107293
0.00207181919429056
0.00195053804111845
0.00183424673936961
0.00183892579117091
0.00176814780062366
0.0012290964945691
0.00114592771219715
0.000811867349426637
0.000788583477686776
0.000829742397520268
0.000759397014623143
0.00136237963062423
0.0016345896207056
0.00215647419990733
0.00212377794101438
0.00183050583062651
0.0012677497139952
0.000899379992854125
0.000876402191821419
0.0011276146888001
0.00121460164663581
0.00119358150933191
0.00113290455993708
0.0011263876694446
0.000918823368426294
0.000981873608539786
0.000973925222334143
0.000918255246729626
0.000954721747553906
0.00110479741647279
0.00125613481618841
0.00195630851830002
0.0022339408029059
0.00238858388435572
0.00204642733405821
0.00175884911365992
0.0014704683471913
0.00117579525240345
0.00100648757159168
0.00079350479946256
0.000970879645097673
0.00165339478197501
0.0022153156583308
0.00231969374187623
0.00202348332301714
0.00143778070417679
0.00111258975181283
0.000806802713474094
0.000625983742256661
0.000545166417396616
0.000505939802274174
0.000441194399453888
0.000391405792756775
0.000348175050986174
0.000415102133364542
0.000395630918628271
0.000382534169498248
0.000282930099980567
0.000215982458866793
0.000192796110993656
0.000196068794034631
0.000228288955179104
0
0
0
0
0
0
0
0
0
0
0
0
0
0
0
0
0
0
0
0
0
0
0
0
0
0
0
0
0
0
0
0
0
0
0
0
0
0
0
0
0
0
0
0
0
0
0
0
0
0
0
0
0
0
0
0
0
0
0
0
0
0
0
0
0
0
0
0
0
0
0
0
0
0
0
0
0.00181768182495729
0.00795952328373248
0.00852231356545486
0.00949456834763018
0.0082877169003825
0.0066731607312809
0.0055231637197897
0.00447964254269418
0.00375311433372307
0.00304055316828558
0.0028113493435715
0.00230130042700578
0.00212038437078951
0.00200306413142888
0.00189154185603131
0.00190244453104282
0.00182937263234476
0.00127084842223795
0.00118602219912268
0.000844138038338393
0.000816079834537417
0.000852415984831138
0.000773473486132979
0.00139197303948301
0.00167325995855834
0.00221245909826252
0.00217934603781115
0.00187510523685728
0.001293053843846
0.000911569671396147
0.000891315747111893
0.00114540608934145
0.00123612252462373
0.00121930291347156
0.00115830353019655
0.00115979752287613
0.000952811008964953
0.00102482567633196
0.00101491669151474
0.000952518126370564
0.000985540936127977
0.00113493125114331
0.00128885436236487
0.0020084716760138
0.00229610713041591
0.00246657621320647
0.00212278833788713
0.00182969723826666
0.001530713956994
0.00122220797911544
0.00104630004227098
0.000823920823018961
0.00100637373395274
0.00172181585572118
0.00231537726044495
0.00243320573622934
0.00212659172712192
0.0015249334247477
0.00118816989167798
0.000866294987136358
0.00067714660359703
0.000592105346856887
0.000547311781179371
0.000480477249296587
0.00042932803762014
0.000384153683321475
0.000463238159774022
0.000449554878008932
0.00044101068705349
0.000333557671281356
0.000261503159400415
0.00023692312282873
0.000239506473867896
0.000279764709583322
0
0
0
0
0
0
0
0
0
0
0
0
0
0
0
0
0
0
0
0
0
0
0
0
0
0
0
0
0
0
0
0
0
0
0
0
0
0
0
0
0
0
0
0
0
0
0
0
0
0
0
0
0
0
0
0
0
0
0
0
0
0
0
0
0
0
0
0
0
0
0
0
0
0
0
0
0.00185973207384428
0.00810526406002098
0.00869070673325599
0.00968813032826625
0.00845018691818049
0.0067972792516578
0.0056187776263242
0.00455719703463447
0.00381453976152976
0.00309376762236851
0.00286470215248374
0.00234607152804641
0.00217165769762548
0.00205716592034876
0.00194853845075542
0.00196259731499671
0.00189214239661538
0.00131686148746621
0.00122703979382674
0.000874999468727473
0.000846785945534285
0.000877676069550143
0.000789269325026795
0.00142207224391874
0.00171325411773365
0.00226959917200733
0.00223576188026135
0.00192116782529127
0.00131922236490051
0.000924268724139529
0.000898628553898344
0.00116377241228759
0.00125539094328031
0.00123792162290438
0.00118200860224354
0.00118953373813597
0.000984032434440846
0.00106331190572673
0.00105813237165206
0.000989639838528518
0.00101743823685792
0.001167710749227
0.00132229790923792
0.00206490876660845
0.00235766824266335
0.00253787267161353
0.00219085214594453
0.00189664111326586
0.00159000831442887
0.00126959157019582
0.00108423484386342
0.000853291177060042
0.00104126341982704
0.00178964797014992
0.0024147190405717
0.00254615031659196
0.00223190611024506
0.00160362803704847
0.00126303890264117
0.000927325921276291
0.000730091587069177
0.000640977423485231
0.000594624986215649
0.000518959353483361
0.000467329858381455
0.000419846704963618
0.000510361262393333
0.000501630243470914
0.000500032086094146
0.000385176525023883
0.000307355248731884
0.000281768096151828
0.000283089293381116
0.000331268325871514
0
0
0
0
0
0
0
0
0
0
0
0
0
0
0
0
0
0
0
0
0
0
0
0
0
0
0
0
0
0
0
0
0
0
0
0
0
0
0
0
0
0
0
0
0
0
0
0
0
0
0
0
0
0
0
0
0
0
0
0
0
0
0
0
0
0
0
0
0
0
0
0
0
0
0
0
0.00190270680484394
0.00825388399145693
0.00886184568600335
0.00988392492343615
0.00861548928398571
0.0069214968572784
0.00571459905798659
0.0046314048562651
0.00387874530764338
0.00314231086107346
0.00291747242266954
0.00239131456891778
0.00221703601695157
0.00211368478693352
0.00200731643686149
0.00202032693645029
0.00195159531049932
0.0013645816715927
0.00127219982275446
0.000907632339360159
0.000875322876984808
0.000906672682054634
0.000808420690667902
0.00145553869883163
0.00175443353548001
0.00232857730557857
0.00229314550937898
0.00196835711065891
0.00134668222558495
0.000938019033994191
0.000906937263490015
0.00117006053337776
0.00127506892437539
0.00125352455301033
0.00119464451303178
0.00121718388781166
0.00101145708957611
0.00109963585856084
0.00109488441764406
0.00102919634438957
0.00105284088408888
0.00120209797493367
0.00135860402165137
0.00212214151937026
0.0024248188189265
0.00260875106641828
0.00225152221716342
0.00195433613273665
0.00164411577679077
0.00131568950717174
0.00112266867522307
0.000880816956597009
0.00107478876494111
0.00185694837870913
0.00251363570456127
0.00265849972980723
0.00233662263794483
0.0016838502729628
0.00132353226823054
0.000987282321996118
0.000784738580792495
0.000691743638429133
0.00064366643211755
0.000563400770683381
0.000504338684581136
0.000455562212356747
0.000557183998640963
0.000552319120160229
0.000556803593669168
0.000437355363767311
0.000353888835995171
0.00032637362695685
0.000327936648016074
0.000382926645382805
0
0
0
0
0
0
0
0
0
0
0
0
0
0
0
0
0
0
0
0
0
0
0
0
0
0
0
0
0
0
0
0
0
0
0
0
0
0
0
0
0
0
0
0
0
0
0
0
0
0
0
0
0
0
0
0
0
0
0
0
0
0
0
0
0
0
0
0
0
0
0
0
0
0
0
0
0.0019466059987206
0.0084053434103132
0.00903700490755855
0.0100821748286387
0.00878204520653992
0.00704852234563223
0.00581013197705452
0.00470564127236241
0.0039397079563373
0.00319320349428941
0.00296605351097862
0.0024360089387031
0.00226228210768611
0.00216461749837453
0.00206821528911512
0.00208022406032982
0.00200907700658603
0.00140919734309669
0.00131879037342011
0.000944056332683552
0.000906195058044919
0.000933318699421143
0.000831026821446188
0.001491995013735
0.00179833783983104
0.00238861206867961
0.00235243383825651
0.00201554651000354
0.00137478774491076
0.000952567211266192
0.000916178344624064
0.00117717238183679
0.00128428273800322
0.00127008316286193
0.00120435476216861
0.00123398200955688
0.00103606271256449
0.00113148308350371
0.00112901448615554
0.00106227541316581
0.00109094913140109
0.00123970973957624
0.00139707474591578
0.00218261075439071
0.00249263035004553
0.00268451438283922
0.00231215243810902
0.00200450179396428
0.00168978229069588
0.00135730730359778
0.0011600880204077
0.000908642602423081
0.00110720447744754
0.00192329004585313
0.00261204492502047
0.00277069619825699
0.0024406618087759
0.00176328822887317
0.0013858175168987
0.00103382417686456
0.00083837271448208
0.000743801191204246
0.000694553748548263
0.000609597064081341
0.000547753073302757
0.00049012757652809
0.000603959745642115
0.000602615141015998
0.000612223142589895
0.00048695037917429
0.000400521729406698
0.000371146393707753
0.000372351454053081
0.000435539390410217
0.000460514578971836
0
0
0
0
0
0
0
0
0
0
0
0
0
0
0
0
0
0
0
0
0
0
0
0
0
0
0
0
0
0
0
0
0
0
0
0
0
0
0
0
0
0
0
0
0
0
0
0
0
0
0
0
0
0
0
0
0
0
0
0
0
0
0
0
0
0
0
0
0
0
0
0
0
0
0
0.00199187830703575
0.00855984406098576
0.00921703731585577
0.0102858325522347
0.00894978748661163
0.00717610950426809
0.00590812667281442
0.00477928908435828
0.00400043804910456
0.00324149791159963
0.00301662970095118
0.00247648137585693
0.00230682618473392
0.00221452239265485
0.00212364685539917
0.00214167123726094
0.00206904628583501
0.00145188491425408
0.00136247483925362
0.000981754878507075
0.00094030379406307
0.000962672659535018
0.000851409607215709
0.00153152670226606
0.00184516753244012
0.00245148970900223
0.00241287011364462
0.00206441615560136
0.00140245313473828
0.000967303664748362
0.000925865944482544
0.00118478115994072
0.00129455659463672
0.00127813502391428
0.00121460136522803
0.0012481222723761
0.0010502814958532
0.00116002415501566
0.00115794116877207
0.00109219449504333
0.00112363975457899
0.00128076731567354
0.00143947716412787
0.00224599096702049
0.00256388717776404
0.00276073829338231
0.00237702641116878
0.00205480242285414
0.00172789950724319
0.0013910950797585
0.00119383979244061
0.000935502566651869
0.00113959053687478
0.00198944089626965
0.00271009763913064
0.00288249476615392
0.00254506565837364
0.00184205044613588
0.00144692156684989
0.00108173091914591
0.000880404475416775
0.000794575583791639
0.000746216296797739
0.000657286830736113
0.000592380967341128
0.000530166789745893
0.000649496745375165
0.000652784005940379
0.000667153698740729
0.000535323431705802
0.000444243430802051
0.000415505900012464
0.00041607741522276
0.000487654372326504
0.000521374196849656
0
0
0
0
0
0
0
0
0
0
0
0
0
0
0
0
0
0
0
0
0
0
0
0
0
0
0
0
0
0
0
0
0
0
0
0
0
0
0
0
0
0
0
0
0
0
0
0
0
0
0
0
0
0
0
0
0
0
0
0
0
0
0
0
0
0
0
0
0
0
0
0
0
0
0
0.00203824540141714
0.0087182513424978
0.00940177528237857
0.0104953033646876
0.009122742431627
0.00730354749356905
0.00600634317903685
0.0048552249315434
0.00406022622046795
0.0032900319878736
0.00306453484171084
0.00251808404053148
0.00234730790714914
0.0022636530939535
0.00217766735633067
0.00219793446228027
0.00213067983544658
0.00149789000098886
0.00140414385930232
0.00101753264375416
0.000975742427087123
0.000995142530036859
0.000875031691569272
0.00156951502323626
0.00189493720025714
0.00251775126925317
0.00247574692969262
0.00211487138131774
0.00143249502071867
0.000981499587437653
0.000935837762677745
0.001192893545109
0.00130545870036516
0.00128789755082623
0.00121739770313489
0.00126280000602807
0.00106210920162153
0.00117832357561705
0.00118334834535549
0.0011174286618597
0.00115292719139648
0.00131779342586181
0.00148591996089561
0.00231372589829985
0.00263838483989797
0.00284052335828967
0.00244244781386426
0.00210776964538514
0.00176673054654575
0.0014187694428213
0.00122098956396258
0.000959336629492869
0.00117153383040963
0.00205623527088214
0.00280885435650883
0.00299429292562943
0.00264910899321362
0.00192151768358802
0.00150743933520837
0.00112789473294277
0.000923238866458894
0.000834571669907503
0.000796409325148904
0.000705290357433269
0.000638397175270122
0.000570939748493736
0.00069931808616075
0.000701656559535267
0.000722004610212129
0.000583128693323877
0.000486693280986232
0.000456791065792752
0.000459068781342768
0.000538364093922657
0.000581254212648774
0
0
0
0
0
0
0
0
0
0
0
0
0
0
0
0
0
0
0
0
0
0
0
0
0
0
0
0
0
0
0
0
0
0
0
0
0
0
0
0
0
0
0
0
0
0
0
0
0
0
0
0
0
0
0
0
0
0
0
0
0
0
0
0
0
0
0
0
0
0
0
0
0
0
0
0.00208426613828869
0.00888001743390043
0.00959200571772227
0.0107101982231394
0.00930105787488104
0.00743503098611457
0.0061040288153612
0.00493055027096628
0.00412199012875393
0.00333734445783787
0.00311351129059098
0.00255650238649158
0.00238858505432252
0.00230898060365518
0.00223060435443157
0.0022524456665422
0.00218716835498589
0.0015454223806736
0.00144924187836174
0.00105086595873485
0.00100987072663555
0.00102969957069655
0.000902398321587825
0.00161099923150256
0.00194462500516583
0.00258705992193061
0.00254167442545934
0.00216649467085871
0.00146412698540531
0.000998616072797603
0.00094597814315179
0.00120179447174537
0.00131713446083197
0.00129978900174978
0.00122237813354241
0.00127088046754832
0.00107421648309186
0.00119430451742155
0.00119856178510798
0.00113910889523164
0.00117805929055534
0.00135150990707759
0.00153033043948801
0.00238598839369204
0.0027173807826159
0.00292393718061141
0.00251217251225617
0.0021612512434024
0.00180601647388426
0.001447868476325
0.00124313104216927
0.000977359295490192
0.00120055796623782
0.00212295453622639
0.00290890291734816
0.00310738752216366
0.0027537284294538
0.00200067293824683
0.00156887840256636
0.00117356564666805
0.000963947511110136
0.000874562229705268
0.000836196061330326
0.000751803093055089
0.000684387645415
0.000612877279713597
0.000749303832337776
0.00075305774738744
0.00077565158639088
0.000630883470153478
0.000528540790474349
0.000496814702560341
0.000499108926404759
0.000588110653423742
0.000639445768228646
0
0
0
0
0
0
0
0
0
0
0
0
0
0
0
0
0
0
0
0
0
0
0
0
0
0
0
0
0
0
0
0
0
0
0
0
0
0
0
0
0
0
0
0
0
0
0
0
0
0
0
0
0
0
0
0
0
0
0
0
0
0
0
0
0
0
0
0
0
0
0
0
0
0
0
0.00213083266847309
0.00904261010962922
0.0097861950127093
0.0109310840914613
0.00948467816696163
0.00757112070993917
0.0062046923498375
0.00500489927049025
0.00418365448976664
0.00338576622519672
0.00316135401486669
0.00259639639956879
0.00242674402549993
0.00235462642199311
0.00227967863113993
0.00230625919797893
0.00224185490545458
0.00158751585900937
0.00149575215746866
0.00108729668639696
0.00104152165865301
0.00106408373632759
0.000933024974024549
0.0016571283226482
0.00199792902596796
0.00265807342938815
0.00261124120591111
0.00222157956700121
0.00149704899498502
0.00101736432684734
0.000959234633700615
0.00121204664418356
0.00133018304750225
0.00131330273435768
0.00122993231421105
0.00128124736644177
0.00107940982816718
0.00121061520822569
0.0012116581112203
0.00115089557801225
0.00119991339519615
0.00138295456199653
0.00157286226753421
0.00245874423503451
0.00280057304110779
0.00301199037083656
0.00258496005902255
0.00221867944557143
0.00184573666321378
0.00147691953346968
0.00126704992417304
0.000992373486939538
0.00122515794493883
0.00218716497622753
0.00300899745617749
0.00322203154276243
0.00285972674241096
0.00208026589195804
0.00163002030408993
0.00121989548581176
0.00100427767055967
0.000911958873023663
0.000875040339003338
0.000787814879408835
0.000728992965086217
0.000654461474944748
0.000800010463447591
0.00080395411545168
0.000829519745565305
0.000677686990042557
0.000570404389246134
0.00053625112919581
0.000538088727881479
0.000635375558128979
0.00069626641329806
0
0
0
0
0
0
0
0
0
0
0
0
0
0
0
0
0
0
0
0
0
0
0
0
0
0
0
0
0
0
0
0
0
0
0
0
0
0
0
0
0
0
0
0
0
0
0
0
0
0
0
0
0
0
0
0
0
0
0
0
0
0
0
0
0
0
0
0
0
0
0
0
0
0
0
0.00216859871286633
0.00920619279765593
0.00998207025946755
0.0111560877179575
0.00967378854161514
0.00771132823685012
0.00630944237090215
0.00508153822877093
0.00424481775298323
0.00343223797054824
0.00321002660419901
0.00263564413054694
0.00246435607728925
0.00239658060320261
0.00232961923746864
0.00235429310868112
0.00229616716558545
0.00162735031192963
0.0015371072419316
0.00112495682063482
0.00107548783118312
0.00109591077266961
0.000960645268191052
0.00170550754362097
0.00205384043583095
0.00273199105730736
0.00268268292361817
0.0022801344947185
0.00153375646878493
0.00103733503664567
0.000973902618151837
0.00122523054622075
0.00134535833444734
0.00132864777213752
0.00123735231521198
0.00129408092968709
0.00108623918759865
0.00122018481858142
0.00122507630329509
0.00116097856006736
0.00121177146382602
0.00140930319523971
0.00160817869534654
0.00252829315955828
0.00288302406251439
0.00310404928543851
0.00266223359554548
0.00227882955014668
0.00188953379855205
0.00150638231356666
0.00129142512741858
0.00100732316604472
0.00124066644461492
0.00224201794138245
0.00310618185832394
0.00333686035936568
0.00296708150022062
0.00215995231247872
0.00169168233774217
0.00126613610674081
0.00104522884136029
0.000948925170863432
0.000911238763295274
0.000822581277287492
0.000763766733577409
0.000693700710087212
0.000850178956500301
0.000855525448192964
0.000883038841591497
0.000723485608243168
0.000611915317315239
0.000575891008218563
0.000576383033931033
0.00068234068307354
0.000752126535957375
0.000771564285038691
0
0
0
0
0
0
0
0
0
0
0
0
0
0
0
0
0
0
0
0
0
0
0
0
0
0
0
0
0
0
0
0
0
0
0
0
0
0
0
0
0
0
0
0
0
0
0
0
0
0
0
0
0
0
0
0
0
0
0
0
0
0
0
0
0
0
0
0
0
0
0
0
0
0
0.00218070003841493
0.00929254287297682
0.010177655560281
0.011385813969537
0.00986934511444479
0.00786017743841038
0.00641590401388355
0.00516575750092939
0.00430897052547169
0.00348173959268277
0.00324327516044175
0.00267816653767821
0.00250290930702226
0.00242546994117596
0.00237104410335868
0.00240877643609974
0.00232995366105115
0.00166836753366129
0.00157273601017897
0.00115898208130971
0.00111196520560902
0.00113200785769894
0.000987234640194532
0.00172895462724681
0.00210307648413577
0.00279191556878907
0.00275342160959992
0.00234024069761901
0.00157678522387515
0.00106576709967521
0.000990377159978758
0.00123949354570811
0.00136522524463925
0.00135027307548492
0.00124846317470549
0.00129574023839853
0.00109526125284314
0.00122856989155324
0.00123360280683597
0.00117188059667822
0.0012223593069577
0.00142011169741556
0.001624003007352
0.00254742890795122
0.0029422064432815
0.00318250446891282
0.00274583845901746
0.00234586704281137
0.00193832422866503
0.0015418814414389
0.00131686151280372
0.00102646190827675
0.00124387556280351
0.00223659842772267
0.00315127609356087
0.00344109434769873
0.00307567786817596
0.00224055569681692
0.00174401042172245
0.00131197794601505
0.00108648242431025
0.000987767797524505
0.000945520705046695
0.000855631355299608
0.000799010900222525
0.000725979556699184
0.000890860246275237
0.000907334496134982
0.000939221685523767
0.000771286189907965
0.000655518094074767
0.000617128631746954
0.000615569594428816
0.000727278048085015
0.000809839984660329
0.000838876287884651
0
0
0
0
0
0
0
0
0
0
0
0
0
0
0
0
0
0
0
0
0
0
0
0
0
0
0
0
0
0
0
0
0
0
0
0
0
0
0
0
0
0
0
0
0
0
0
0
0
0
0
0
0
0
0
0
0
0
0
0
0
0
0
0
0
0
0
0
0
0
0
0
0
0
0.00219387023757682
0.00935425631953136
0.0102942913103023
0.0116154051671177
0.0100701694870589
0.00801442575092446
0.00653038498429478
0.00525138839219294
0.00438072808147374
0.00353367877570304
0.00327954650249482
0.00270488560360562
0.00254486476244721
0.0024556383908132
0.00239858973419165
0.00245525510403379
0.00237102084324646
0.00168844697471499
0.00160953178145791
0.00118700482533692
0.00114499432447616
0.00117054287213244
0.00101773573695706
0.00175185964728119
0.00212646856231453
0.00284488804265152
0.00280908992690594
0.00239846734142758
0.00162112200356923
0.00110034476619999
0.00101477916685384
0.00125551153522309
0.00138606859262495
0.00137580515166151
0.0012667616986054
0.00130136338342556
0.00109320147683377
0.00123930319288126
0.00124066928506107
0.00117853258553818
0.00123360648442129
0.00142980793199067
0.00162541061152909
0.00254750046095177
0.00294998680953972
0.00323736107424286
0.00281591802769222
0.00241833337401088
0.00199334764979929
0.00158195207812521
0.00134804394347772
0.00104681731824319
0.00125313428670027
0.00221803112135907
0.00313489122895435
0.00349185061040498
0.00317346994392786
0.00232170686889335
0.00179648023882437
0.00134820229352898
0.00112733100661619
0.0010271401021532
0.000981499082301184
0.000886686245206913
0.000832709884753555
0.000759024899134122
0.000925227844283946
0.000949351597860141
0.000995489023009376
0.000821710881330143
0.000701469624993128
0.000660990978051443
0.000656395145854606
0.000773140820386105
0.00086581549477529
0.000908187233020284
0
0
0
0
0
0
0
0
0
0
0
0
0
0
0
0
0
0
0
0
0
0
0
0
0
0
0
0
0
0
0
0
0
0
0
0
0
0
0
0
0
0
0
0
0
0
0
0
0
0
0
0
0
0
0
0
0
0
0
0
0
0
0
0
0
0
0
0
0
0
0
0
0
0
0.00221282218155541
0.0094158839028858
0.0103765537359175
0.0117388983426984
0.0102698152796563
0.00817553723097809
0.00665089897850931
0.00534674531742373
0.00445382613453087
0.00359571918064676
0.00331965272997877
0.00273585527849806
0.00256598263217576
0.00249027259617763
0.00242781320439962
0.00248251405865782
0.0024033195483858
0.00171852617396995
0.00162050880639433
0.00121659716367519
0.00117026957780883
0.00120640995535947
0.00105097960128823
0.00178042441669585
0.00215157376847063
0.00286348417823927
0.00285368128526192
0.00243415145475841
0.0016613223679939
0.00113528500168721
0.00104718985526114
0.00128210242524694
0.0014094101396649
0.00140226409684102
0.00128927012232894
0.0013158201289713
0.00109656321691145
0.00123579646513742
0.00125066778928611
0.00118287337675172
0.00124317486827891
0.00143997730431452
0.00162597052039972
0.00253203276294191
0.00293289812677287
0.00322379367125246
0.00285402608214832
0.00247200320153996
0.00205425446968672
0.00162908253176992
0.00138443436771731
0.00107314330029163
0.00126389804188867
0.00220812589937507
0.00310053916404658
0.00346123059265921
0.0032011935036093
0.00238894808387575
0.00184968609133581
0.00138420857713288
0.00115477014983806
0.00106552257986397
0.00101796718558931
0.000919753907053184
0.000863741943216004
0.000791146210564948
0.000961377398786256
0.000987089697684084
0.0010393348218256
0.00087252509451681
0.000751030037043767
0.000708256404539655
0.000702134776455382
0.000821533176001167
0.000922815001941543
0.000975184923053108
0
0
0
0
0
0
0
0
0
0
0
0
0
0
0
0
0
0
0
0
0
0
0
0
0
0
0
0
0
0
0
0
0
0
0
0
0
0
0
0
0
0
0
0
0
0
0
0
0
0
0
0
0
0
0
0
0
0
0
0
0
0
0
0
0
0
0
0
0
0
0
0
0
0
0.00223230876006429
0.00948692286085248
0.0104607639598869
0.0118381410475696
0.0103960735947163
0.00833569816514993
0.00677501128476045
0.00544606036749455
0.00453443155564923
0.00365793304682249
0.00336645043804618
0.002770957565358
0.00259101122356082
0.00251013735227706
0.00245968129666398
0.00251083269512595
0.0024210067717278
0.00174133017000294
0.00163860804626124
0.00122711292279087
0.00119531772988477
0.00123552320389741
0.00108073758943486
0.00181118617528512
0.00218100043173787
0.00288322231964335
0.0028730326299555
0.00246255717342497
0.00168537247207146
0.00116733904143373
0.00107885172085769
0.00131319688366028
0.00143853187105264
0.00142795368130766
0.00131134551771723
0.0013328546930487
0.00110758457687528
0.00123810913096268
0.00125180589111765
0.00119100850388466
0.00125069250278995
0.00144710517910262
0.00162716582328564
0.00251600108913488
0.00290408649595787
0.00319229578332709
0.00284345910751684
0.00250339896166301
0.00210077279544954
0.00167910612194062
0.00142412062988343
0.00110265581940165
0.00127864179390703
0.00219951980138674
0.00307198307338564
0.00341786516947571
0.0031707291103345
0.00240562137115238
0.0018922923430729
0.00142023922726813
0.0011823595405567
0.00109413912243506
0.00105327878942262
0.000953555832592836
0.00089607909832409
0.000821664595245362
0.000996836770858348
0.00102592873751482
0.00107826204727414
0.000915232384937466
0.000801223157844905
0.000758501214260767
0.000750912352013257
0.000874302068832079
0.000982408513099932
0.00104278652230153
0.000961743455241395
0
0
0
0
0
0
0
0
0
0
0
0
0
0
0
0
0
0
0
0
0
0
0
0
0
0
0
0
0
0
0
0
0
0
0
0
0
0
0
0
0
0
0
0
0
0
0
0
0
0
0
0
0
0
0
0
0
0
0
0
0
0
0
0
0
0
0
0
0
0
0
0
0
0.00225019792791626
0.00955789947910959
0.0105541265794331
0.0119400908182559
0.0105082634753835
0.00845063485945754
0.00689797994831852
0.00554790322029197
0.0046180105177341
0.00372405219011125
0.00341189434379774
0.00280979335812983
0.00262121725318102
0.00253429187786052
0.00248265409483844
0.00254013107252377
0.00243914577152488
0.0017539970565324
0.00165182226855933
0.00124313914614434
0.00120715607451122
0.00126335137934809
0.00110425931402543
0.00183731619854919
0.00221222262219042
0.00290543859123037
0.00289218616334179
0.00247383813825215
0.00170582483045778
0.00118927934786734
0.00110862535161437
0.00134293524458123
0.00147091282152831
0.00145708816383621
0.00133183607052255
0.00134887332448593
0.00111993158166047
0.00124657208282819
0.00125660436143275
0.00119429798374993
0.00126251285324162
0.0014536513127754
0.001625218084186
0.00250115927085415
0.002874964474015
0.00315239929075189
0.00282079967259021
0.00250376946605708
0.00213357638117869
0.001719002808405
0.00146491920222479
0.00113408453275668
0.00129566025927229
0.00219346361782504
0.00304462779801985
0.00337967541406717
0.00313230281276243
0.00238497832267345
0.00190241204095675
0.00144911922110321
0.00120946253109937
0.00112294812638925
0.00108198144964047
0.000986306807336856
0.000929382346616943
0.000852879093225894
0.00103162700797397
0.00106433052998459
0.001117931982662
0.000952646282053127
0.000846941779204149
0.000809197127279061
0.000801161709455392
0.000929592798772578
0.00104616813885195
0.00111233635781064
0.00103401714395213
0
0
0
0
0
0
0
0
0
0
0
0
0
0
0
0
0
0
0
0
0
0
0
0
0
0
0
0
0
0
0
0
0
0
0
0
0
0
0
0
0
0
0
0
0
0
0
0
0
0
0
0
0
0
0
0
0
0
0
0
0
0
0
0
0
0
0
0
0
0
0
0
0
0.00226831109181633
0.00962670635678161
0.0106470206939282
0.0120509511541743
0.010622485657473
0.0085590217120678
0.006996644058687
0.00564863422760671
0.00470298606672796
0.00379216041288854
0.00345872932013524
0.00284584473173032
0.00265286043109131
0.00256424112944052
0.00250941212335621
0.00256563232233407
0.00245718006543693
0.00176671919678355
0.00165860273350293
0.00125615603496441
0.00122300904491477
0.00128216319822452
0.00112535396563023
0.00185707841882914
0.00223758414427363
0.00292897002894173
0.00291219390734308
0.0024832012601785
0.00171479558131402
0.00121009172697477
0.00113290523413531
0.00137174645227743
0.00150065931988218
0.00148807715377166
0.00135437264401712
0.00136283388016278
0.00113068256745191
0.00125510822835745
0.00126596389959467
0.00119932529346713
0.00127168312803737
0.0014637704481739
0.00162431601532344
0.00248343580869181
0.00284704443534778
0.00311258974759562
0.0027926582931455
0.00249708842782108
0.0021486586307164
0.0017514257331069
0.00149843532991812
0.00116511993352779
0.00131360746872603
0.00218842993439766
0.00301874430666102
0.00334266647152881
0.00309870134520999
0.00236001975084966
0.00189083781526802
0.00145922729942133
0.00123208572312231
0.00115098459707474
0.00111144307654488
0.00101473004331421
0.000961767723910835
0.00088528416858294
0.00106669019211217
0.00110278292808217
0.00115770374476274
0.000990429785134081
0.000887462213991632
0.000858053026202079
0.000852270434322712
0.000984983724814121
0.00111177421604307
0.00118519565622431
0.00110805726197639
0
0
0
0
0
0
0
0
0
0
0
0
0
0
0
0
0
0
0
0
0
0
0
0
0
0
0
0
0
0
0
0
0
0
0
0
0
0
0
0
0
0
0
0
0
0
0
0
0
0
0
0
0
0
0
0
0
0
0
0
0
0
0
0
0
0
0
0
0
0
0
0
0
0.00228615991725486
0.00969820309430768
0.0107382021141742
0.0121639579323767
0.0107453860992189
0.00867044876181415
0.00709198835826636
0.00573828413056365
0.00478667300803321
0.00386018991276773
0.00350735140536703
0.00288400874984383
0.00268283398400664
0.00259566847375713
0.00254073601189816
0.00259408287527056
0.00247285501941591
0.00177987198524345
0.00166518968366434
0.00126470351816774
0.00123636546700089
0.00130265097356521
0.00114001934370126
0.00187355310801046
0.00225717607740017
0.00294726472225113
0.00293334110128842
0.0024943400157732
0.00172337706358757
0.00122351834297964
0.00115788722699882
0.00139710185140383
0.00152945717746958
0.00151703702841589
0.00137750792809875
0.00137715775194211
0.00113911694767209
0.00126218133100332
0.00127457358648984
0.0012076885264586
0.00128372349335994
0.00147417008318453
0.00163024641122974
0.0024680015454647
0.0028157011835352
0.00307315802533197
0.00276426154290347
0.0024859494861581
0.00215869850930226
0.00177324211891759
0.00152745911279916
0.00119154726472899
0.00133112767450855
0.00218326942094958
0.00299286061342792
0.00330603339328332
0.00306589739278589
0.00233783748325804
0.00187655393543545
0.00145641675496457
0.00124401936801695
0.00117571162964429
0.00113950548689623
0.00104413816228294
0.000991553962783752
0.000917137991960229
0.00110310648184877
0.00114152236742015
0.00119809100319713
0.0010283599688084
0.00092817754225454
0.000901609752452579
0.00090245607501886
0.00104073075576459
0.00117731480505862
0.00125961257548192
0.00118481020600233
0
0
0
0
0
0
0
0
0
0
0
0
0
0
0
0
0
0
0
0
0
0
0
0
0
0
0
0
0
0
0
0
0
0
0
0
0
0
0
0
0
0
0
0
0
0
0
0
0
0
0
0
0
0
0
0
0
0
0
0
0
0
0
0
0
0
0
0
0
0
0
0
0
0.00230544387901279
0.00977140554546578
0.0108325976061724
0.0122758625284753
0.0108701349370028
0.00878846111124504
0.00719063965926838
0.00582630763701503
0.00486558194670971
0.00392743483337535
0.00355565087557942
0.00292408610900558
0.00271486363368835
0.00262624367931445
0.00257282645824504
0.00262561958582767
0.00249065259107842
0.00179121053698804
0.00167224959113475
0.00127339192706903
0.00124574732809536
0.00132079892200042
0.00115515026619628
0.0018849650335834
0.00227368421844434
0.00296115285220682
0.00295061791363006
0.00250581049636069
0.0017330315751496
0.00123672821136651
0.00117812216424902
0.00142356054208637
0.00155520638660923
0.00154487851925133
0.00140000658932163
0.00139238216002728
0.00114870631227441
0.0012676110826791
0.00128295711781813
0.00121539324129373
0.00129837339276091
0.00148693832985325
0.00163689362088542
0.0024609887420543
0.00278720327011824
0.00303100905105304
0.00273570041922614
0.00247414295713121
0.00216481223696326
0.00179116643982778
0.00154929349967018
0.00121442799467118
0.00134543198098304
0.00217750916395129
0.00296620496159164
0.00326907596681127
0.00303348531983242
0.00231627451586165
0.00186423357494618
0.00145205809111293
0.00124790707175318
0.00119341153298471
0.00116515618863879
0.00107275599735189
0.00102255354109335
0.000947443510239163
0.00113953524408633
0.00118160722505944
0.00123885059842915
0.00106722664377655
0.000968944694103076
0.000945312659224496
0.000947096405093195
0.00109551963545969
0.00124243707055593
0.00133376637755245
0.00126299079201901
0.00112027109942988
0
0
0
0
0
0
0
0
0
0
0
0
0
0
0
0
0
0
0
0
0
0
0
0
0
0
0
0
0
0
0
0
0
0
0
0
0
0
0
0
0
0
0
0
0
0
0
0
0
0
0
0
0
0
0
0
0
0
0
0
0
0
0
0
0
0
0
0
0
0
0
0
0.00232574119332099
0.00984783582247059
0.0109312404499856
0.0123912660493492
0.0109938778969192
0.00890819532990469
0.00729499134651652
0.00591806149226363
0.00494376027033665
0.00399302635275008
0.00360367405975194
0.0029637140261918
0.00274909728745381
0.0026596961361236
0.00260553299667988
0.00265808274673794
0.0025110986310383
0.00180332534040186
0.00167773834690517
0.00128194298995169
0.00125531574221993
0.00133453747488326
0.00116767153105024
0.00189552719150451
0.00228608531853306
0.00297233205562887
0.00296365997397766
0.00251391413072401
0.00174204200056196
0.00125053191520174
0.00119819734927539
0.0014467555346832
0.00158229545644082
0.00156928103009498
0.00142160784281747
0.0014085277363996
0.00116034790460336
0.00127554704131951
0.00128938941665855
0.0012236040819899
0.00131233971278744
0.00150203791965926
0.00164566456839196
0.00245502048985308
0.0027677881746473
0.0029919685775011
0.00270541083475133
0.00246215619288968
0.0021699989875382
0.00180512419016409
0.00156726862076786
0.00123146169976634
0.00135655695030723
0.00217057026997653
0.00293898431502687
0.003230837025297
0.00300031819785809
0.00229519031129666
0.00185238549051657
0.00144915605901441
0.00125128891859014
0.00120530044737744
0.00118564538717367
0.00109965984335397
0.00105379591937332
0.000979632999820372
0.00117532449912663
0.00122191522947705
0.00128078576631741
0.00110674264465707
0.00101090211911545
0.000988422959722938
0.000991609656201753
0.00114444997788268
0.00130644397566995
0.00140680974478448
0.00134067185059093
0.0011985471020713
0
0
0
0
0
0
0
0
0
0
0
0
0
0
0
0
0
0
0
0
0
0
0
0
0
0
0
0
0
0
0
0
0
0
0
0
0
0
0
0
0
0
0
0
0
0
0
0
0
0
0
0
0
0
0
0
0
0
0
0
0
0
0
0
0
0
0
0
0
0
0
0
0.00234706741053988
0.00992666186500069
0.0110339277817657
0.0125099212455521
0.0111197085886282
0.00902703451783909
0.00740029706231889
0.00601498821460127
0.00502555528108055
0.00405946912980735
0.00365326003971544
0.00300377060391579
0.00278371686084225
0.00269569974241369
0.00264095630482781
0.00269121765605908
0.00253231894049567
0.0018170143804732
0.00168396808304626
0.00128873134209575
0.00126451043925893
0.0013488258371547
0.00117623567525308
0.00190449864698588
0.00229876542697839
0.00298083726318524
0.0029736613760163
0.00251811559451562
0.00174797302199098
0.00126400167925535
0.00121879706616366
0.00147047583976323
0.00160732461032048
0.00159499914387734
0.00144004227680525
0.00142350317830742
0.00117272757108378
0.00128296842886359
0.00129633581219425
0.00122975804287557
0.00132695571818075
0.00151689367677767
0.00165733759190278
0.00245092846054638
0.00275025394566443
0.0029620521123666
0.00267806621316371
0.00244860638264638
0.00217388166123309
0.00181893035977239
0.00158294590023597
0.0012451005782651
0.00136410401767369
0.00216203465513417
0.00291271822099186
0.00319260307112194
0.00296647229721318
0.0022738248690893
0.00184135540775323
0.00144697501836774
0.00125698808272678
0.00121627599460356
0.00120231482985173
0.00112161311688783
0.00108325127657415
0.00101121047782068
0.00121230523771819
0.00126231754235253
0.00132317412784843
0.00114746441028587
0.00105357848777291
0.0010330611098581
0.00103555490034101
0.00119304376808557
0.00136581157323659
0.00147925415850209
0.00141688700848251
0.00127599123410149
0
0
0
0
0
0
0
0
0
0
0
0
0
0
0
0
0
0
0
0
0
0
0
0
0
0
0
0
0
0
0
0
0
0
0
0
0
0
0
0
0
0
0
0
0
0
0
0
0
0
0
0
0
0
0
0
0
0
0
0
0
0
0
0
0
0
0
0
0
0
0
0
0.0023691974181209
0.0100075038060551
0.0111393875411887
0.0126332274324697
0.0112492486328045
0.00914685340869648
0.00750432103565563
0.00611186092397434
0.00511191542353313
0.00413025247246788
0.00370465824851918
0.0030479487076256
0.00281884592881696
0.00273142561469366
0.00267968569911402
0.00272679747040393
0.00255393378755174
0.00183062522426378
0.00169061159692373
0.001296180178972
0.00127145179694145
0.00136239698652117
0.0011852099653539
0.00191011282047115
0.00230928528530643
0.00299033716993125
0.00298235889874142
0.00251903077050982
0.00175032805706215
0.00127371455892021
0.00123968022941245
0.0014949392012153
0.00163167994421983
0.00161945860356637
0.00145995298265087
0.00143607041808676
0.00118417912963864
0.00129101353793702
0.0013017861662807
0.00123536366562881
0.00133795414848199
0.00153224532055413
0.00166922231518903
0.00244981768493697
0.00273439986723848
0.00293448840622932
0.00265950245173624
0.00243795984708413
0.0021757741543415
0.00183211728321881
0.00159888901605431
0.00125673492877139
0.00136916582718992
0.00215193751664192
0.00288624474522219
0.00315642281560876
0.00293241994126596
0.00225167091174394
0.0018309225539662
0.00144637464338044
0.00126367828716707
0.00122881738342144
0.00121855066480882
0.00114185802819663
0.00110882681417702
0.00104093254468924
0.00124847662136573
0.00130411745141189
0.00136656078861577
0.00118899545854316
0.00109744965245682
0.00107822624979011
0.00108099169310543
0.00124084226972515
0.00142444145529298
0.00154599875560385
0.0014929855619995
0.00135213297646587
0.00114760702548751
0
0
0
0
0
0
0
0
0
0
0
0
0
0
0
0
0
0
0
0
0
0
0
0
0
0
0
0
0
0
0
0
0
0
0
0
0
0
0
0
0
0
0
0
0
0
0
0
0
0
0
0
0
0
0
0
0
0
0
0
0
0
0
0
0
0
0
0
0
0
0
0.00239312614244461
0.0100901616305915
0.0112470605211358
0.0127586812198168
0.0113833850796594
0.0092703917911265
0.00760861213362492
0.00620718559849027
0.00519803160852433
0.00420405839476076
0.00376054689967532
0.00309529552573148
0.00286047530855879
0.0027675371800955
0.00271808042934023
0.00276625004829846
0.00257722562300888
0.00184470373639448
0.00169709911336152
0.00130257920860071
0.00127838666942003
0.00137405411691265
0.00119321698435427
0.0019160769690852
0.00231686748159642
0.00299736819053065
0.00299224784691411
0.00251898719551234
0.00175008772346571
0.00128024489706961
0.00125592380771268
0.0015201351513806
0.00165617212473939
0.00164222329054177
0.00147984780384851
0.00145062096497009
0.00119403655234433
0.00129812727244411
0.00130781232647177
0.00123936502761935
0.0013478711775071
0.00154402092803087
0.00168166713044633
0.00244973244283358
0.00272158882531292
0.00290929267375431
0.00264346478585749
0.00243611065877669
0.00218076946106156
0.00184310297934783
0.00161548473282217
0.0012685798128297
0.00137193499377871
0.00214038701137984
0.00285991433809885
0.00312157469496063
0.00290156670940049
0.00222915682925679
0.00181926552089942
0.00144563667181479
0.00127272925396359
0.00124226734977328
0.00123627635180074
0.00116186266750059
0.00113447367627758
0.00106781739970212
0.0012825498776962
0.00134506269690236
0.00141083718448615
0.00123219384991458
0.00114276430395884
0.00112488821516164
0.00112665708130173
0.0012899564269628
0.00148210832697383
0.00161147611190374
0.00156131076172278
0.00142825163813397
0.00122032541516237
0
0
0
0
0
0
0
0
0
0
0
0
0
0
0
0
0
0
0
0
0
0
0
0
0
0
0
0
0
0
0
0
0
0
0
0
0
0
0
0
0
0
0
0
0
0
0
0
0
0
0
0
0
0
0
0
0
0
0
0
0
0
0
0
0
0
0
0
0
0
0
0.00241913266613334
0.0101768924855021
0.0113582317922456
0.0128863965728428
0.0115180778096621
0.00939815224931825
0.00771600300690913
0.00630207065447071
0.00528174251217626
0.00427705065055675
0.00381815353785353
0.00314752606682584
0.00290485983312542
0.00281092638066155
0.00275634398987097
0.00280445399619123
0.0026053686135551
0.001860108754175
0.00170384557096831
0.00130907489973394
0.0012839634932789
0.00138476338351152
0.001198430717696
0.00192109560068435
0.00232460751270087
0.00300264502313573
0.00299909444451626
0.00252101916789277
0.00174956591484434
0.00128472404238537
0.00126984470025145
0.00154050513296644
0.00168216023994613
0.00166544347719711
0.0014974532578037
0.00146631025303307
0.00120671399246563
0.00130486812806377
0.0013130821450241
0.00124379507453763
0.00135514925604823
0.00155288825277434
0.00168899870123043
0.00245015851465831
0.00271095422975391
0.002886920267432
0.00263061654647245
0.00243668008516246
0.00219477881750497
0.00185697652937918
0.00163070097664113
0.00128286580994419
0.00137444057350283
0.00212598295436747
0.00283302020961269
0.00308757394067062
0.0028724186998792
0.00221001215692501
0.0018071289600683
0.00144301351590134
0.00128253807470405
0.00125914860961514
0.00125478025167067
0.00118137460906295
0.00116044793885375
0.00109560182487954
0.00131436498169001
0.00138342956689379
0.00145433104427376
0.00127586132602969
0.00119002869953571
0.0011737129424597
0.00117404817585383
0.00133909111640861
0.00154083956906329
0.00167542806528337
0.00162870192580346
0.00149582000657331
0.00129342104911105
0
0
0
0
0
0
0
0
0
0
0
0
0
0
0
0
0
0
0
0
0
0
0
0
0
0
0
0
0
0
0
0
0
0
0
0
0
0
0
0
0
0
0
0
0
0
0
0
0
0
0
0
0
0
0
0
0
0
0
0
0
0
0
0
0
0
0
0
0
0
0
0.00244550943736978
0.0102693339923256
0.0114756406274184
0.0130188354300332
0.0116551027750502
0.00952618548389674
0.00782831644666958
0.00639971875752152
0.00536458951596808
0.00434777042502295
0.00387467085417204
0.00320050503906654
0.00295387002621955
0.00285659338039057
0.00280061430177363
0.00284215550600818
0.00263300166475267
0.00188199917558519
0.00171154738015847
0.00131586239309784
0.00128987082268073
0.0013960452654838
0.00120231869218106
0.00192349956472653
0.00233074885793598
0.00300796981424617
0.00300245988717487
0.00252028241516897
0.00175025898609979
0.00128913854170497
0.00128218222455946
0.00155870243741246
0.00170345231635968
0.00169059767605466
0.00151570502015903
0.00147931922999123
0.00122084359558108
0.00131263684204927
0.00131521058727977
0.00124759045269772
0.00136180166878428
0.00155915601268419
0.00169429849210725
0.00244660770843761
0.00270136974747351
0.00286751937944231
0.00261935865318146
0.00244090254961679
0.00221103606763891
0.00187994429895211
0.00164955362402743
0.00129801852808866
0.00138011305217918
0.00211164681960949
0.00280341751891232
0.00305267559681006
0.002843160300409
0.0021924486276191
0.00179761068394745
0.00144089832680238
0.001291433797204
0.00127734423553938
0.00127656842605582
0.00120148454776607
0.00118484632424708
0.00112337553825801
0.00134631458927621
0.00141939986360039
0.00149511006522636
0.00131916571714213
0.00123706781278124
0.00122428732619526
0.00122413688862971
0.00139011365391401
0.00159974720840995
0.0017404056599802
0.00169486280821842
0.00156236638757786
0.00135833246774783
0
0
0
0
0
0
0
0
0
0
0
0
0
0
0
0
0
0
0
0
0
0
0
0
0
0
0
0
0
0
0
0
0
0
0
0
0
0
0
0
0
0
0
0
0
0
0
0
0
0
0
0
0
0
0
0
0
0
0
0
0
0
0
0
0
0
0
0
0
0
0
0.00247228391174706
0.0103635528354181
0.011600428219252
0.0131588924290869
0.0117961820499455
0.00965531185079792
0.00793975641427524
0.00650166796545901
0.00544974618317769
0.00441692910939852
0.00392875268377358
0.00325311758519628
0.00300393012711049
0.00290643161447749
0.00284499474320859
0.00288197078537748
0.00265952649661028
0.00190392489101021
0.00172642790711712
0.00132410658961569
0.00129630163346805
0.00140864701712247
0.00120753983805767
0.00192460363550526
0.00233427225086735
0.00301139861032807
0.00300529209755078
0.00251801391718433
0.00174922062114576
0.00129574479319806
0.00129353581655708
0.00157544423689896
0.0017224166461058
0.00171086722766591
0.00153605607824255
0.00149331010939391
0.00123244430919297
0.0013214247599373
0.00131919497757712
0.00125089470797453
0.00136913373704108
0.00156381367689694
0.00169734016622264
0.00244185584629524
0.00268882969832514
0.00284899056378272
0.0026117021318067
0.0024456688900324
0.00223098272152876
0.00190440860768975
0.00167604645353193
0.00131669050399813
0.001387250780912
0.00210116914786388
0.0027737748420851
0.0030145604879702
0.00281181294685056
0.0021735845307532
0.00178908615193737
0.00143956823433479
0.00130081456952675
0.00129501318590745
0.00129884932070005
0.0012256814512912
0.00120969346808905
0.00114935555639755
0.00137865287314646
0.00145375179938422
0.00153308880479471
0.0013595098447017
0.00128413929682714
0.00127502888019901
0.0012754538382301
0.00144350240365431
0.00166017899090893
0.0018052511728781
0.00176161627389308
0.00162757645533735
0.00142174925874856
0.00117138489433415
0
0
0
0
0
0
0
0
0
0
0
0
0
0
0
0
0
0
0
0
0
0
0
0
0
0
0
0
0
0
0
0
0
0
0
0
0
0
0
0
0
0
0
0
0
0
0
0
0
0
0
0
0
0
0
0
0
0
0
0
0
0
0
0
0
0
0
0
0
0
0.00249935321581516
0.010459009172381
0.0117282936668959
0.0133076229879483
0.011944602338911
0.00978787094249836
0.00805125257245375
0.00660168750218322
0.005538232370312
0.00448750522621132
0.00398070354251734
0.00330372934363964
0.00305440313068697
0.00295822087104493
0.00289270956995913
0.00292069121234775
0.00268467933454389
0.00192450615371041
0.00174184856547402
0.00133929289878111
0.00130393648586437
0.00142164638103605
0.00121414476168693
0.00192820759539136
0.00233678324951432
0.00301219453778137
0.00300589175997747
0.00251498798277385
0.0017470100500923
0.0013013223694174
0.00130683042990831
0.00159055963724459
0.00174055303782689
0.00172863867252658
0.00155209063477799
0.00150927607466502
0.00124464971012299
0.00132766220546614
0.00132336861839397
0.0012558075658351
0.00137653707695441
0.00156968089849408
0.00169799839868858
0.00243543372474202
0.0026755032042223
0.00282833710983258
0.00260440530930229
0.00245411587309508
0.00225167603901139
0.00193322816035659
0.00170341015022895
0.00134116900364106
0.00139712822342941
0.00209262951848808
0.00274828284296996
0.0029764295724705
0.00277719785727002
0.00215176817493565
0.00177830070779169
0.00143940615997092
0.00130955462360559
0.00131323995482018
0.00132105680073219
0.00124985745528387
0.00123838585076077
0.00117553058289548
0.00140896956402409
0.00148841589427917
0.00156800630568233
0.00139665502035247
0.00132838746615481
0.00132578047232738
0.00132652410776055
0.00149742881963903
0.00172281898077723
0.00187157899059744
0.00182811180219376
0.00169298683915514
0.00148415696940259
0.00122758686251288
0
0
0
0
0
0
0
0
0
0
0
0
0
0
0
0
0
0
0
0
0
0
0
0
0
0
0
0
0
0
0
0
0
0
0
0
0
0
0
0
0
0
0
0
0
0
0
0
0
0
0
0
0
0
0
0
0
0
0
0
0
0
0
0
0
0
0
0
0
0
0.00252758044463746
0.0105564254292777
0.0118577351016575
0.0134601392929938
0.0120997679530215
0.00992712107864703
0.00816531666344462
0.00670208056224378
0.00562497673375464
0.00455996717191423
0.00403209958492349
0.00335242237926591
0.00310265441568878
0.00301115283242325
0.0029439336738654
0.00296155475636013
0.00270837512906558
0.00194226711270914
0.00175602304812881
0.00135561542189669
0.00131759771060547
0.00143516777493346
0.00122126123159789
0.00193387210759302
0.00234185480353466
0.00301225160429781
0.00300371802689324
0.00251061422824346
0.00174400390002671
0.00130580524042824
0.00131962759449499
0.00160737913180272
0.00175665794742374
0.00174479820122834
0.00156504973123495
0.00152162863668185
0.00125872289447976
0.00133414923643787
0.00132632510602033
0.00126049273111444
0.00138583265115975
0.00157646147084953
0.00169956609071686
0.00242679802373772
0.00265962347149715
0.00280544538005888
0.00259552155304212
0.00246244901521452
0.00227561430647884
0.00196315001180764
0.00173488699671345
0.00136631806067842
0.00141179378227253
0.0020859673065556
0.00272397221633046
0.00294031625370245
0.00274272903827806
0.00212720319992947
0.00176429994154366
0.00143721642726156
0.00132017473453666
0.00133085443296648
0.00134378922297101
0.00127350394872419
0.00126653653328832
0.00120513765575181
0.00143936179031927
0.00152218904328765
0.00160244476166949
0.00142969252347154
0.00136869882287464
0.0013734349885076
0.00137617841766333
0.00155036027939933
0.00178591521192913
0.00193985314896381
0.00189582738495263
0.00175831488853594
0.00154656704187875
0.00128268265481213
0
0
0
0
0
0
0
0
0
0
0
0
0
0
0
0
0
0
0
0
0
0
0
0
0
0
0
0
0
0
0
0
0
0
0
0
0
0
0
0
0
0
0
0
0
0
0
0
0
0
0
0
0
0
0
0
0
0
0
0
0
0
0
0
0
0
0
0
0
0
0.00255685165435823
0.0106569956909731
0.0119912336977053
0.0136145953351965
0.0122590341404827
0.0100706344465445
0.00828509545093222
0.00680400165019107
0.00571232125050704
0.00463104984860324
0.00408389534229283
0.00340078467213148
0.00314965515447951
0.00306128668441809
0.00299686539652353
0.00300615949194313
0.00273363833843679
0.00195849392254318
0.00176759858984504
0.00137112503059453
0.00133258607346633
0.00145314716121078
0.00122899915859062
0.00194045915925724
0.00234975763689099
0.00301376422650102
0.00300054719449442
0.00250371839524165
0.00174056996189194
0.00130957844741187
0.00133167198421925
0.00162355282229815
0.00177373074894466
0.00175886966298573
0.00157627287146328
0.00153035181155192
0.00126970960694353
0.00134243222857216
0.0013294026563448
0.00126559663041722
0.00139502379679728
0.00158576897270841
0.00170300703522742
0.00241893840377705
0.00264263127887159
0.00278050417589366
0.00258368908606256
0.00246868038772974
0.00229869452217684
0.00199603719619972
0.00176843182816853
0.00139585752351091
0.00142732011335855
0.00208358480937451
0.0027007518401551
0.00290481158767163
0.002709680934783
0.00210255829444
0.00174770091210948
0.00143142872829177
0.001329701107243
0.00135088024743107
0.00136694414191162
0.00129764788837226
0.00129323323471299
0.0012333713900238
0.00147252071289265
0.00155593683406856
0.00163648475077756
0.00146213094805672
0.00140517104066123
0.00141744773086613
0.00142293877738156
0.00160134258441204
0.00184789024925966
0.00200882754116267
0.00196510680487559
0.00182477047094863
0.00160915440817192
0.00133771128786348
0
0
0
0
0
0
0
0
0
0
0
0
0
0
0
0
0
0
0
0
0
0
0
0
0
0
0
0
0
0
0
0
0
0
0
0
0
0
0
0
0
0
0
0
0
0
0
0
0
0
0
0
0
0
0
0
0
0
0
0
0
0
0
0
0
0
0
0
0
0
0.00258656716822545
0.0107604814290756
0.0121291860432046
0.0137741827782726
0.0124202774291486
0.010218351887272
0.00840728915409373
0.0069111235869485
0.00580051533568693
0.00470303417971648
0.00413438578910135
0.00344832225329017
0.00319617990571989
0.0031113640536781
0.00304728840128157
0.00305328306247817
0.00276239778675414
0.00197559603204511
0.00177714126067957
0.0013811211139666
0.00134691160464963
0.00147274063043473
0.00124003944686906
0.00194894207095819
0.00235919850557426
0.00301966395322069
0.00299747003884636
0.00249535351850042
0.00173431869504334
0.00131487508239573
0.00134334045979743
0.0016392067354728
0.00178936797808004
0.00177357615106053
0.00158370427781215
0.00153743059383909
0.00127671818581493
0.00134775619876884
0.00133494456389331
0.00127170384730431
0.00140603945996202
0.0015945653385307
0.00170890512024146
0.00241338836547615
0.00262587747270212
0.00275453211413883
0.00257007814336275
0.00247180938575253
0.00231994264780187
0.00202797312576609
0.00180537159421456
0.00142864667881336
0.00144798646328221
0.00208153893384232
0.00268120469455899
0.00286991911627286
0.00267590545077454
0.00207935253582592
0.00173042904790258
0.00142219206648788
0.00133548193962208
0.00136859922639033
0.00139139353586726
0.00132205552202168
0.0013207458904473
0.00125954625977851
0.00150391996768398
0.00159205650949063
0.00167054915191248
0.00149415308741916
0.00144044061056788
0.00145618467182502
0.00146431815468008
0.00164872180659481
0.00190758866406774
0.00207673586653754
0.00203497557599571
0.00189257726806092
0.00167283876897566
0.00139306140433578
0.00113458451277922
0
0
0
0
0
0
0
0
0
0
0
0
0
0
0
0
0
0
0
0
0
0
0
0
0
0
0
0
0
0
0
0
0
0
0
0
0
0
0
0
0
0
0
0
0
0
0
0
0
0
0
0
0
0
0
0
0
0
0
0
0
0
0
0
0
0
0
0
0
0.00261692787593461
0.0108648251596581
0.0122712584890941
0.0139386699907752
0.0125860917846757
0.010367726548211
0.00853345356678919
0.00702068803725659
0.00589428631638419
0.00477628004532376
0.00418586806826871
0.00349416779770987
0.0032414202524652
0.00316066366604396
0.00309821344899757
0.00309761654485863
0.00279346126451509
0.00199393185018073
0.00178759274504946
0.00138999809425957
0.00135564063632717
0.00149209431859409
0.00125339694837337
0.00196080780026789
0.00237110500831459
0.0030272318287719
0.00299914215073287
0.00248586020776253
0.00172552793151438
0.00131729590638092
0.00135758992136181
0.00165479059240224
0.0018052903043295
0.00178657116383336
0.00159257374956163
0.00153991085360721
0.00128209536844777
0.0013496546559277
0.00133705831284203
0.00128085910431384
0.00141835201487313
0.00160551049310449
0.00171452533500416
0.00241112562454006
0.00261248699718106
0.00272837658123533
0.00255587076565334
0.0024730420889719
0.00233770090586452
0.00205856485166786
0.00184181622322613
0.00146486003765032
0.00147242392092145
0.00208495588458778
0.00266190352975008
0.00283920476457011
0.00264321626696577
0.00205465241812759
0.00171407420184602
0.001411847787495
0.0013371451286903
0.0013835833155495
0.00141356293764178
0.00134765189795494
0.00134919751818267
0.00128641723720886
0.00153335470463351
0.00162625465806005
0.00170755955821407
0.0015263656244168
0.00147612826193773
0.00149366734944429
0.0015005914786445
0.00169024053203745
0.00196313290312421
0.00214195540625824
0.00210345952496885
0.00196087699103996
0.00173812798975194
0.00144945737763395
0.0011831441762904
0
0
0
0
0
0
0
0
0
0
0
0
0
0
0
0
0
0
0
0
0
0
0
0
0
0
0
0
0
0
0
0
0
0
0
0
0
0
0
0
0
0
0
0
0
0
0
0
0
0
0
0
0
0
0
0
0
0
0
0
0
0
0
0
0
0
0
0
0
0.00264775246513892
0.0109710609375189
0.0124149568202798
0.014107328995856
0.0127555966917408
0.0105200477689517
0.00866064002041794
0.00713385415730035
0.00599103924973391
0.0048551350732685
0.00423955802136579
0.0035411112989263
0.00328551849852153
0.00320931635968277
0.00314838102889398
0.0031427417485952
0.00282202652951937
0.00201396447360343
0.00179777843767367
0.00139919810829484
0.00136374177862491
0.00150338137329582
0.00126680227816081
0.00197576591038313
0.00238656269531401
0.00303793562078607
0.00300265666701175
0.00248117354532345
0.00171469214927937
0.00131696695670602
0.00136954397420159
0.00167269960026261
0.00182117989742052
0.00179928277622341
0.00159942926233913
0.00154432187128135
0.00128178888320713
0.00135066050034144
0.00133581507111726
0.00128605890093938
0.00143355570469243
0.00161785571330888
0.00172173258779849
0.00240798537181572
0.00260183362260009
0.00270490650200231
0.00254108946896058
0.0024738136390185
0.00235387484903261
0.00208593777957362
0.00187774680083434
0.00150131061953794
0.00150087816585836
0.00209294001277771
0.00264828906851482
0.00280805233961333
0.00261465793181356
0.00203159632684369
0.00169613392285235
0.00140268612153437
0.00133728012812743
0.00139367079744021
0.00143338460251768
0.00136924932620714
0.00137755407086202
0.00131446799359902
0.00156368672422624
0.00165920430696027
0.00174278657738755
0.00156205842261753
0.00151224874515965
0.00153286252512228
0.00153504953773785
0.00172477624302039
0.00201060343906096
0.00220246543432753
0.0021694713174893
0.00202754377915338
0.0018035562991976
0.00150758497178655
0.00123286009506506
0
0
0
0
0
0
0
0
0
0
0
0
0
0
0
0
0
0
0
0
0
0
0
0
0
0
0
0
0
0
0
0
0
0
0
0
0
0
0
0
0
0
0
0
0
0
0
0
0
0
0
0
0
0
0
0
0
0
0
0
0
0
0
0
0
0
0
0
0
0.00267913595779884
0.0110777272435177
0.0125607940568239
0.0142789331742616
0.0129268479473722
0.010674979244417
0.0087910908782032
0.0072476608322188
0.00609051398265251
0.00493821190165811
0.00429817294524709
0.00359019949117613
0.00333061816571896
0.00325716181438948
0.00319977497579417
0.00318829036755231
0.00285158788304919
0.00203234335052052
0.00180963329217891
0.001409995194398
0.00137258478168403
0.00151327362036434
0.00127015974777644
0.00199093334789217
0.00240526416794201
0.00305165643489418
0.00300837868512683
0.00247850843590099
0.00170832030543898
0.00131547067896196
0.00138088120915358
0.00168961363066864
0.00183767659221535
0.00181154139377576
0.00160385416303293
0.00154683138401184
0.00128318455480856
0.00134641071994764
0.00133375355014772
0.00128705509662899
0.00144477007799515
0.00163013126626195
0.00172799289980284
0.00240583478367362
0.00258927645900225
0.00268356004528099
0.00252805173991787
0.00247520869448131
0.00237062266361293
0.00211314244727191
0.00190982690751945
0.00153698774922221
0.00152885559319168
0.00210347773629551
0.00263964842581804
0.00278298998585096
0.0025858895875908
0.00201405376403267
0.00167867258547713
0.00139244354293619
0.00133806086022888
0.00140251121730855
0.00144854197966521
0.00138730685063988
0.00140072173018012
0.00134155760329098
0.00159505960532856
0.00169329132023758
0.00177658039215376
0.00159601958683201
0.00155224910765152
0.00157177992741837
0.00157159666890852
0.00175767136124518
0.00204926994975512
0.00225351972434628
0.00223101843750112
0.00209154758549585
0.0018661279864532
0.00156556714185238
0.00128449602645243
0
0
0
0
0
0
0
0
0
0
0
0
0
0
0
0
0
0
0
0
0
0
0
0
0
0
0
0
0
0
0
0
0
0
0
0
0
0
0
0
0
0
0
0
0
0
0
0
0
0
0
0
0
0
0
0
0
0
0
0
0
0
0
0
0
0
0
0
0
0.00270873898410112
0.0111882050737915
0.012708389952706
0.0144520446059972
0.0130999916921837
0.0108289517422539
0.00892363278898266
0.00736463998428173
0.00619088592713425
0.00502334725629217
0.00436147521800324
0.00364199655563487
0.0033777570512273
0.00330566344642587
0.00325051699391547
0.00323734456564318
0.00288244104523936
0.00205218323401798
0.00182199069802482
0.00142278601195366
0.00138556203854868
0.00152377019418722
0.00126857885990928
0.00198958578139579
0.00242453734365187
0.00306765126440256
0.00301709820435942
0.00247947972832505
0.00170359258454428
0.00131739741305395
0.00139254908132941
0.00170686392652229
0.0018529529550355
0.00182342141144569
0.00160769409581543
0.00154464896959675
0.0012820033714928
0.00134391672453796
0.00132586688716637
0.00128744345173184
0.00145213557403405
0.0016390666889676
0.00173294131146972
0.00240187645546428
0.00257638098239731
0.00265818543390519
0.00251576077725438
0.00247577225970999
0.00238942014825509
0.00214216210670831
0.00194230268377729
0.00156876279865911
0.00155504179442302
0.00211326311310371
0.00263363038064908
0.00276372563680739
0.00256366016084702
0.00199543306151161
0.00166616284359334
0.00138143008199126
0.00133772409719927
0.00141123167125702
0.001463032236003
0.00140053883417417
0.00141950772355425
0.00135984289766239
0.00162335213585422
0.00172725772463556
0.00181123549797079
0.00162851218104234
0.00159112916643535
0.00161460067173197
0.00160776968802125
0.00179143140871501
0.00208572548681812
0.00229147988876529
0.0022790561574738
0.00215091124665666
0.00192620620543569
0.00162054508966234
0.00133492389004361
0.00110487055297959
0
0
0
0
0
0
0
0
0
0
0
0
0
0
0
0
0
0
0
0
0
0
0
0
0
0
0
0
0
0
0
0
0
0
0
0
0
0
0
0
0
0
0
0
0
0
0
0
0
0
0
0
0
0
0
0
0
0
0
0
0
0
0
0
0
0
0
0
0.00273821222846977
0.0112950109432163
0.0128624148024072
0.0146291888047463
0.0132734566970685
0.010982565363654
0.00905345168281375
0.00748419111809284
0.00629400833509379
0.00510963693139002
0.00442658733108898
0.00369755423465036
0.0034256965944439
0.00335651766154858
0.00330163045276476
0.00328591906832508
0.00291796920778526
0.00207314883281216
0.00183604937006106
0.00143682261736982
0.00140020757501456
0.00153995293295598
0.00126712398345582
0.00197926326428913
0.00242131033029882
0.00308430640363309
0.0030270219494602
0.00248359396987737
0.00170346239499694
0.00131928751708762
0.00140695846702828
0.00172598923751971
0.00186948344501351
0.001833186396236
0.00161150972688841
0.00154205435412669
0.0012753848172471
0.00133756421392687
0.00132006132840377
0.00128137740092199
0.0014586939747873
0.00164472279393721
0.00173458139546758
0.00239747237874982
0.00256263586672597
0.00263187559493444
0.00249720930484487
0.00247564821260526
0.00240536681779536
0.00217428535582218
0.00197694035491053
0.00160024413675202
0.0015770824932448
0.00211981921226943
0.00262625265256347
0.00274721655428885
0.00254671166405339
0.00198265592944169
0.00165148102831878
0.00137419145404446
0.00133592330151535
0.00141816317418654
0.00147706994916162
0.00141392468949673
0.00143322231628667
0.00137345482610961
0.00163917856731413
0.00175596743053666
0.00184392861708426
0.00166168031717975
0.00162908745023781
0.00165810223001584
0.00164775485003856
0.00182511598297405
0.00212141044537665
0.00232649580166026
0.00230983111107796
0.00219321364269351
0.00198162760257463
0.00167326078745498
0.00138291682961364
0.00115100445086888
0
0
0
0
0
0
0
0
0
0
0
0
0
0
0
0
0
0
0
0
0
0
0
0
0
0
0
0
0
0
0
0
0
0
0
0
0
0
0
0
0
0
0
0
0
0
0
0
0
0
0
0
0
0
0
0
0
0
0
0
0
0
0
0
0
0
0
0
0.00276906465555673
0.0114014506041296
0.0130098920225775
0.0148140900720869
0.0134515340898657
0.0111355204171646
0.00918189790350757
0.00759911361450758
0.00640030545688949
0.0051977768118274
0.00449306339114981
0.00375457765676581
0.00347711681614267
0.00340760806584231
0.0033556827041397
0.00333447185711018
0.00295330408516288
0.00209951338404596
0.00185137425952977
0.00145285862653456
0.0014169029292463
0.00155777432299578
0.0012716350509075
0.00196910567979711
0.00240560885698675
0.00307181263944134
0.00303737544195601
0.00248852680062142
0.00170690968660773
0.00132668883175539
0.00142008715896558
0.00174858051499912
0.00188936035286764
0.00184482356936077
0.00161136378748751
0.00154071874443046
0.00126874563449843
0.0013256754288669
0.00130940040891909
0.00127756923171571
0.00145769300316078
0.00164960265730231
0.00173324192810727
0.00238998889787262
0.00254991067950643
0.00260647474932766
0.0024787906774823
0.00246705704159654
0.00241897762496414
0.00220130998570369
0.00201490946600907
0.00163316510664737
0.0015982532801779
0.00212281218639645
0.00261530492142424
0.00272901566113342
0.0025322889321531
0.00197423072146483
0.00164224853160791
0.00136394338328297
0.00133766167546158
0.0014232486390709
0.00148927532163631
0.00142698612029453
0.00144773680900467
0.00138170784953417
0.00164900121151969
0.00176731223256375
0.00186855971560829
0.00169073561630809
0.00166797708706621
0.00170147336086484
0.00168978102298684
0.00186266896591886
0.00215736221658599
0.00235994400908195
0.00233692765418343
0.00221368454732513
0.00201645095194924
0.0017210579867332
0.00142923297487658
0.00119515474314343
0
0
0
0
0
0
0
0
0
0
0
0
0
0
0
0
0
0
0
0
0
0
0
0
0
0
0
0
0
0
0
0
0
0
0
0
0
0
0
0
0
0
0
0
0
0
0
0
0
0
0
0
0
0
0
0
0
0
0
0
0
0
0
0
0
0
0
0
0.00279735461422559
0.0115048710050008
0.0131572832212208
0.0149900808199542
0.0136368404420451
0.0112922237425764
0.00931003847635835
0.00771380596290457
0.00650186686530227
0.00528909085274494
0.00456226874149497
0.0038131709232362
0.00352935981558118
0.00346078343473624
0.00341057256688456
0.0033844645938999
0.00298976928467646
0.00212629915686662
0.00187075271836053
0.00146930002895557
0.00143632007004261
0.00157921117152857
0.00127874767873938
0.00196251519596718
0.00238855634525475
0.00304726220743391
0.00301589382008612
0.00249364385601186
0.00171069125385144
0.00133641793549207
0.00143877916815585
0.00177104706305646
0.00191375215687935
0.00185895457308598
0.00161003059032417
0.00153474281097413
0.0012643283933467
0.00131404741800641
0.00129314775672345
0.00127019145904865
0.001459764672119
0.00164701837143069
0.00173175889945017
0.00238119114837178
0.00253506393401318
0.00258313769718837
0.00246238747211298
0.00245798506472162
0.00242377112307128
0.00222467254728704
0.0020457616531964
0.00166806085998764
0.00161902404234905
0.00212473244451648
0.0026037276747197
0.00271007522970775
0.00251736469795388
0.00196837303081803
0.00163523610958867
0.00135779905754314
0.00133533474631782
0.00142772888757308
0.00150021669672664
0.00143914177291753
0.00146211718860631
0.00139089056890264
0.0016543158339621
0.00177334858988945
0.0018744088275036
0.00171072947885702
0.00170131769595396
0.00174608309028604
0.00173264442904578
0.00190159888235756
0.00219592951909223
0.00239380302342704
0.00236363777647376
0.0022290283270628
0.00202825578740999
0.00174766796575053
0.00147071265444135
0.0012382105200954
0
0
0
0
0
0
0
0
0
0
0
0
0
0
0
0
0
0
0
0
0
0
0
0
0
0
0
0
0
0
0
0
0
0
0
0
0
0
0
0
0
0
0
0
0
0
0
0
0
0
0
0
0
0
0
0
0
0
0
0
0
0
0
0
0
0
0
0
0.00282644098899305
0.0116038377352083
0.0132978479582494
0.015159019012846
0.013815275991243
0.0114549011202244
0.00944155697049674
0.00782912550337789
0.00660251710454389
0.00537792602644626
0.00463399690231233
0.00387453114163311
0.00358205854552213
0.00351438431583423
0.00346805542179051
0.00343565407755683
0.0030276842074897
0.00215504587702126
0.00189145264980234
0.00148921474431235
0.00145570331073933
0.0016038233212603
0.0012859092096901
0.00195371816406738
0.0023702156819344
0.00301944609785536
0.00298668260614227
0.00247434960294725
0.00171449895052227
0.00134689196375794
0.00145997106896033
0.00179595976202494
0.00193729540365014
0.00187507726289779
0.0016110212030068
0.00152588799824764
0.00125635035402916
0.00130334100355804
0.00127735994818724
0.00125857937512545
0.00145962076533197
0.0016488693861603
0.00172429184941095
0.00237342017889585
0.00252042237269714
0.00255793555961671
0.00244880471000158
0.00244845393530274
0.00242378410488322
0.00224131324175183
0.00207435542720298
0.00169688186648377
0.00164227612332551
0.00212689264147128
0.00259175916623907
0.00269156475492745
0.00250226260082067
0.00196296995912249
0.00163097050214879
0.00135291693301141
0.00133203609065803
0.00142698353318659
0.00150613315002366
0.00145145216299618
0.00147650378901244
0.00140094967211297
0.00166063042349829
0.00177577480117915
0.00187776728136221
0.00171676027789566
0.0017288789019388
0.00178766323228825
0.00177609163752992
0.00194223498029858
0.0022354537566861
0.00242988578657628
0.00239099619070382
0.00224570781605284
0.00203615127228644
0.00175676905036267
0.00149628242443255
0.00127757787577093
0.00113027314352958
0
0
0
0
0
0
0
0
0
0
0
0
0
0
0
0
0
0
0
0
0
0
0
0
0
0
0
0
0
0
0
0
0
0
0
0
0
0
0
0
0
0
0
0
0
0
0
0
0
0
0
0
0
0
0
0
0
0
0
0
0
0
0
0
0
0
0
0.00285370632199434
0.0117029782869162
0.0134261942209821
0.0153148116506634
0.0139834049591072
0.0116117775221376
0.00957651797518886
0.00794473190381896
0.0067039671894495
0.00546677139654358
0.0047031894865144
0.00393762325078797
0.00363860322712302
0.00356822436356075
0.0035269241760551
0.00349349772054193
0.00306771332649855
0.00218493547138618
0.00191439658166694
0.00151000309757097
0.00147884472927027
0.00162751269870123
0.00129641939998889
0.00194315447745087
0.00234728822797567
0.00298774754885231
0.00295248618543523
0.00245120259420754
0.00170137327675491
0.00135804146383799
0.00148065292297624
0.00182338918681919
0.00196225707174155
0.00189043836165045
0.00161281575686832
0.00151994665664935
0.00124120140027831
0.00129017700078987
0.00125927271766904
0.00124628419513652
0.00145665901344212
0.00164999382760494
0.00172052154554942
0.00236201765864735
0.00250737371672584
0.00253224309232078
0.00243302828035223
0.00244156484030521
0.00242169808271378
0.00224936895778527
0.00209845425948144
0.00172541142720038
0.0016601568004853
0.00213306487059192
0.00257979806586044
0.00267109666452424
0.00248750624179785
0.00195696796060771
0.00162724197603182
0.00135078247056596
0.00132953844886133
0.00142312288685207
0.00150660872122929
0.00145340605058202
0.00149183417857652
0.00141224417104822
0.0016692779364326
0.00178029936967654
0.00187878925126466
0.0017198796545467
0.00174721435609419
0.00182738671565832
0.00182034319779681
0.00198376503218014
0.0022778209876942
0.00246574063525532
0.00241984017302118
0.00226325669958107
0.00204637360540513
0.00176321021043705
0.00150899590383584
0.00130641610772511
0.00117485967385809
0
0
0
0
0
0
0
0
0
0
0
0
0
0
0
0
0
0
0
0
0
0
0
0
0
0
0
0
0
0
0
0
0
0
0
0
0
0
0
0
0
0
0
0
0
0
0
0
0
0
0
0
0
0
0
0
0
0
0
0
0
0
0
0
0
0
0
0.0028762136677327
0.0117898908687434
0.0135502006454547
0.0154393917264725
0.0141323932033174
0.0117550844102011
0.00970437271517915
0.00805699473304826
0.00679908256533094
0.00555393890854301
0.00477608883678813
0.00399149137594792
0.0036960097303254
0.00362627858307688
0.00358553399914455
0.00355474235225678
0.00312069883846755
0.00221933710593864
0.0019393940208024
0.00153402543361052
0.00150496186035878
0.00165634443056887
0.00130675792377302
0.00193731497460716
0.00231964164923187
0.00295084918345528
0.00291482000147453
0.00242114293230289
0.00168679996316117
0.0013550026782845
0.00150339317480785
0.001849184669046
0.00199033874304357
0.00190772220587267
0.00161484075535259
0.00151626119046058
0.00123105234351665
0.00126694999754751
0.00123946706679989
0.00122459600288603
0.00144934888229395
0.00164946184072151
0.00171812456398825
0.00235209438779071
0.00249255497266856
0.00250786666437161
0.00241153128472485
0.00243238395672748
0.00241943281818504
0.00225509806642831
0.00211171458113989
0.00174968837261855
0.00167995990404831
0.00213438281528619
0.00257404506179681
0.00264968588467123
0.0024672098234471
0.00195009975673789
0.00162322891393301
0.00134890312943394
0.00133026120897755
0.00142134971365606
0.00150306949986887
0.00144982219016828
0.00149263063727455
0.00142484354320894
0.00168153846957648
0.00178933323768659
0.00188413875809573
0.00172110221239961
0.00175104447826975
0.00185812251748631
0.00186478708992806
0.00203012689748732
0.00232333611170114
0.00250771037772126
0.00244897166721214
0.00228194760865542
0.00205811402843439
0.00177474523342769
0.00151929504480456
0.00132055448149141
0.0012107827446606
0
0
0
0
0
0
0
0
0
0
0
0
0
0
0
0
0
0
0
0
0
0
0
0
0
0
0
0
0
0
0
0
0
0
0
0
0
0
0
0
0
0
0
0
0
0
0
0
0
0
0
0
0
0
0
0
0
0
0
0
0
0
0
0
0
0
0
0.00289264245480653
0.0118643313610193
0.0136528970458208
0.0155581552708138
0.0142414297022916
0.0118858444266623
0.00981984180766782
0.00815949018676969
0.00688425328011342
0.00563149168449417
0.00484386206719268
0.0040505969497252
0.00373423277585405
0.00368435958858906
0.00364962202983608
0.00361601318017286
0.00317894249678943
0.00226707619919662
0.00197042662742955
0.00156290598969562
0.00153478101120328
0.00169129154966712
0.00132370604970769
0.0019346247435459
0.00229632860496617
0.0029067470018951
0.00287508422163005
0.00239491450110645
0.00166734307426204
0.00134820415599401
0.00150537515904125
0.00187754711717576
0.00201827995357391
0.00193038513505058
0.00161908107895573
0.00151382477580669
0.00122467024977822
0.00125007637119215
0.0012146766985396
0.001199320236196
0.00142748997143804
0.00164154413538567
0.00171202805693963
0.00234347767707135
0.0024768286428661
0.00248052079723776
0.00239044943398525
0.00241153806573254
0.00241599065296461
0.00225684477455326
0.00212396081282965
0.00176624025084449
0.00169297311895793
0.00213801228830471
0.00256417197508579
0.0026336312313476
0.00244716786936181
0.0019388529654864
0.00161925431839136
0.0013466845639672
0.00133218179192031
0.00142394706813392
0.00150430461098115
0.00144493937524829
0.00148919702016809
0.00142822923157414
0.00169453628217468
0.00180328098580103
0.00189440637148295
0.00172663600991887
0.0017503594797462
0.00186119117388778
0.00189458784023763
0.00207509886201571
0.00237355000468345
0.00255437605373627
0.00248519391278934
0.00230295041841023
0.00207222313648728
0.00178803472075725
0.00153607116474194
0.00133132191770412
0.00122323239048898
0
0
0
0
0
0
0
0
0
0
0
0
0
0
0
0
0
0
0
0
0
0
0
0
0
0
0
0
0
0
0
0
0
0
0
0
0
0
0
0
0
0
0
0
0
0
0
0
0
0
0
0
0
0
0
0
0
0
0
0
0
0
0
0
0
0
0
0.00291045137126991
0.0119302803343204
0.0137391472841979
0.0156540205810457
0.0143462187492413
0.0119830270360467
0.009930155135833
0.00824600339111227
0.00695526402223516
0.00569827157066419
0.00490459928925489
0.00410442565023463
0.00377783010935346
0.00372066597001567
0.00371380807990015
0.00368350557264583
0.00323695328407037
0.00231931613349658
0.00201279395072975
0.00159738730731115
0.00157098715069707
0.00172998040004247
0.00134877519138645
0.00193993661054084
0.00227884254834627
0.00286694607699619
0.00282724550641956
0.00236578094238147
0.00165459594773319
0.00133646813477446
0.0014986542328867
0.00187282534812907
0.0020476052324581
0.00195496824836591
0.0016307204358
0.00151190647393004
0.00121806117347721
0.00123669520814485
0.00119636221806749
0.00117438111553241
0.0013991260640899
0.0016206906127733
0.00169936641294697
0.00232979291973951
0.00246103017239226
0.00245347246666227
0.00236202732464223
0.00239029309000933
0.00239873425469506
0.00225737394532885
0.00213185701710357
0.00178110058209972
0.00169912789014772
0.00213006523655381
0.00255542815846705
0.00261316625550409
0.00243065713567282
0.00192815341515459
0.00161361737717016
0.00134614448977051
0.0013335227571648
0.00142783645868195
0.00150965784897161
0.00144564511398438
0.00148319706042464
0.00142493854144813
0.00170230011381306
0.00181789863983117
0.00190991198436958
0.00173650725212004
0.00175297750866878
0.00185809685933468
0.00189492705989802
0.00209730703008178
0.00241776506420653
0.00260206505368878
0.0025264812362922
0.00233089948293549
0.00209034104376189
0.00180567235767891
0.00155460316609673
0.00134877887971998
0.00123109989069671
0
0
0
0
0
0
0
0
0
0
0
0
0
0
0
0
0
0
0
0
0
0
0
0
0
0
0
0
0
0
0
0
0
0
0
0
0
0
0
0
0
0
0
0
0
0
0
0
0
0
0
0
0
0
0
0
0
0
0
0
0
0
0
0
0
0
0
0.00292796885273235
0.0119992208326602
0.013819733733983
0.0157310471964004
0.0144329108092134
0.0120751988570722
0.0100176901443462
0.00833062049523848
0.00701169407426484
0.00574628098501218
0.00495480061848605
0.00415413884861855
0.00381809355359211
0.00376172347764446
0.00375858314401538
0.00375194479639912
0.00330124571356911
0.00237298258223428
0.00205925640077417
0.00163722123606192
0.00161192559647577
0.00177469009158851
0.0013774037351585
0.0019528474760567
0.0022674851266662
0.00283340382277741
0.00278305099086818
0.00233125991484432
0.00164220442287563
0.00133160454658781
0.00148698809002846
0.00185696379363274
0.00203725653101824
0.00198016641873883
0.00164520911852349
0.00151636898194969
0.00120996836755745
0.00122187143854678
0.00118133160740663
0.00115350221886383
0.00137234842138704
0.00159082561493762
0.00167848839336092
0.00231219083857554
0.00243894607541255
0.00242555964565327
0.00233551689170001
0.00235895015218539
0.00238157367308604
0.00224650092660933
0.00213842273150603
0.0017938597593904
0.00170458915571293
0.00211749656245839
0.00253250000664133
0.00259237429650672
0.00240791980267921
0.00191605342403522
0.00160800032811767
0.00134592459747774
0.00133885453076362
0.00143257168747228
0.0015166459471874
0.00145006029266325
0.00148220304246811
0.00142015905283295
0.00170254329068834
0.0018297939669789
0.00192630761346546
0.00175097954110201
0.00175932763204176
0.00185629032076428
0.00188880272138287
0.0020955477905541
0.00243513927811177
0.00264140601208388
0.00256545220275393
0.00236268095527746
0.00211371107085798
0.00182662386851855
0.00157720392511524
0.00136786000037055
0.00124588512236139
0
0
0
0
0
0
0
0
0
0
0
0
0
0
0
0
0
0
0
0
0
0
0
0
0
0
0
0
0
0
0
0
0
0
0
0
0
0
0
0
0
0
0
0
0
0
0
0
0
0
0
0
0
0
0
0
0
0
0
0
0
0
0
0
0
0
0
0.00294590126852875
0.0120677045502064
0.0139050413572768
0.0158033817158376
0.0145031085616245
0.0121517043491401
0.0101010119267629
0.00839662576665051
0.007067111304438
0.00578336127974005
0.00498957725765085
0.00419539081645657
0.00385508956245779
0.00379949515593685
0.00380560294392404
0.00380399297338823
0.00336583796655283
0.0024319674738301
0.0021071040977679
0.00168154157064212
0.00165669476865936
0.00182474898207092
0.001411988092166
0.00196937416793911
0.00226298336147469
0.00280592669204833
0.00274473266956319
0.00229990267138505
0.00162319435942327
0.00132902459961782
0.00148443235313264
0.00183846942774631
0.00201823503747463
0.00197193632884342
0.00166000960582331
0.001524545094916
0.00120816010471066
0.00120652749203812
0.00116586536531575
0.00113745271295608
0.00135199076081325
0.00156210189548759
0.00164987583009017
0.00228766662510487
0.00241339992004801
0.0023913035927809
0.00230764106082965
0.00233020369825455
0.00235565857856888
0.00223484061238692
0.00213393938606518
0.00180346558670782
0.00170838771630177
0.00210580331268663
0.00250726713241585
0.00255903287407941
0.00238496856878997
0.00189943423991793
0.00160083017253007
0.00134371185701508
0.00134421058898614
0.0014399731569342
0.00152275924905457
0.00145559836804432
0.00148386052592178
0.00141999183008348
0.00170331799651249
0.0018363023374679
0.00194211090652085
0.00176681758314731
0.00176990471845694
0.00185780101412425
0.00188257709884109
0.0020860687381742
0.00243159100240514
0.00265740430856112
0.0025974429726567
0.00239114569883221
0.00213990704036656
0.00185142252608837
0.00160313903110754
0.0013910364049999
0.00126211533908425
0
0
0
0
0
0
0
0
0
0
0
0
0
0
0
0
0
0
0
0
0
0
0
0
0
0
0
0
0
0
0
0
0
0
0
0
0
0
0
0
0
0
0
0
0
0
0
0
0
0
0
0
0
0
0
0
0
0
0
0
0
0
0
0
0
0
0
0.00296375933044269
0.0121376401085034
0.0139898054421915
0.0158799096544221
0.0145720704165221
0.0122181179557759
0.0101742633331025
0.00846159777793446
0.00711184043387618
0.00582042946361014
0.00501694741598606
0.00422610350904214
0.00388880028908528
0.00383581090368368
0.00384992797530632
0.00385604910190139
0.0034190945288541
0.00249037987557224
0.00215855160187378
0.00172693415963601
0.00170493577291645
0.00187801160799927
0.00145066739683002
0.00199064451263406
0.00226101349061192
0.00278250795586952
0.00271294322279884
0.00227308681511277
0.00160690520674885
0.00132035103438139
0.00148373922120629
0.00182960820932701
0.0019980761014765
0.00195768960418529
0.00165026494266659
0.00153296474918754
0.00121029456921084
0.00119632760861851
0.00115030523977601
0.00112172766808634
0.00133610759071326
0.00154080308866715
0.00162156565407159
0.00225732207090179
0.00238270604330265
0.00235476366813952
0.00227277752909056
0.00229936327167731
0.00233154475823967
0.00221631516380178
0.00212854300854919
0.00180402577209592
0.0017088218399253
0.0020925426766143
0.00248267593728494
0.00252432614947592
0.00235260554792234
0.00188173641031938
0.00158963010992194
0.00134138449189032
0.00134738472071403
0.0014478084478598
0.00153090821988021
0.00145889786780125
0.0014864151436364
0.00142106430856434
0.00170754836215005
0.00184451632478536
0.0019540805045212
0.00178396540222218
0.00178209888829003
0.00186281892215132
0.00187891343852252
0.00207566507766117
0.00242037281978735
0.00265904411629701
0.002611859764734
0.00241405617985009
0.00216141754763174
0.00187761373695395
0.00163110776487137
0.0014167971957909
0.00128170974985878
0
0
0
0
0
0
0
0
0
0
0
0
0
0
0
0
0
0
0
0
0
0
0
0
0
0
0
0
0
0
0
0
0
0
0
0
0
0
0
0
0
0
0
0
0
0
0
0
0
0
0
0
0
0
0
0
0
0
0
0
0
0
0
0
0
0
0
0.00298055629097873
0.0122073301165113
0.0140757126733804
0.0159550711540425
0.0146435498960127
0.012285995630759
0.0102409097577195
0.00852093947624758
0.00715600587837366
0.00585227451834655
0.00504450688391119
0.00425239828858831
0.00391581824133567
0.00387017933031119
0.00389440784819333
0.00390643383071293
0.00347210843871437
0.00254255667748995
0.00220991846405786
0.00177557392898629
0.00175381975195381
0.00193330206090578
0.00148931355584464
0.00201509153066152
0.00226222411925409
0.00276120956449468
0.00268297909832376
0.00225083978122881
0.00159413244087717
0.00131388412371159
0.00147861282743727
0.00182182591858458
0.0019852910379229
0.00194325148922896
0.00163754291418588
0.00152570612676641
0.00121257464625153
0.00118956043343379
0.00113805184696879
0.0011051010576694
0.00132023370012718
0.00152168907559257
0.00159717724505353
0.00222746213519045
0.00234807503982759
0.00231511915450855
0.00223656149401067
0.00226256802371734
0.00230546099732363
0.00219934663167538
0.00211830175085743
0.00180355370468491
0.00170321313470596
0.00207664610153327
0.00245759999123552
0.00249083756868854
0.00231938202505331
0.00185793578144714
0.00157693317826138
0.00133592921277281
0.00135001323714108
0.00145453004061907
0.00154078317518574
0.00146522449979834
0.00148731216036375
0.00142349403213781
0.00171268504456998
0.00185507144538664
0.00196767314688455
0.0017990785557682
0.00179689046288917
0.00187027985839541
0.00187785019352106
0.00206733907183471
0.00240791616664276
0.00265497294423982
0.00261860562810061
0.00242610727443368
0.00217887735970521
0.00189893993783932
0.00165852371852008
0.0014430729146557
0.00130289636166706
0
0
0
0
0
0
0
0
0
0
0
0
0
0
0
0
0
0
0
0
0
0
0
0
0
0
0
0
0
0
0
0
0
0
0
0
0
0
0
0
0
0
0
0
0
0
0
0
0
0
0
0
0
0
0
0
0
0
0
0
0
0
0
0
0
0
0
0.00299703781211606
0.012276493157072
0.0141616906491598
0.016031072810245
0.0147125736177488
0.0123560773214741
0.0103101912821229
0.0085752232125227
0.0071967748036781
0.005882421167337
0.00506980582754818
0.00427889384987431
0.00393854896515983
0.00389840143675955
0.00393617609382696
0.00395746515681206
0.00352488979451174
0.00259470484332802
0.00225662422146125
0.0018235373479228
0.00180453638192453
0.0019893709493257
0.00152907676938374
0.00203756066269263
0.00226572350766171
0.00274237587695991
0.00265484380093078
0.00223024250041528
0.00158489830031458
0.00131038287533337
0.00147504101642581
0.00181119272020862
0.00197384746374382
0.00193470534572196
0.00162427111986851
0.00151726351171222
0.00120479454463163
0.00118311532068815
0.00112855512186542
0.00109057253000912
0.00130236265928014
0.00150217364819896
0.00157315091783695
0.0021986341267962
0.00231373138780507
0.00227171137541317
0.00219822793491293
0.00222540523330112
0.002274218840156
0.00218068851888766
0.00210881578285852
0.00179847349598228
0.00169650728857587
0.00205628400503204
0.00243040819116913
0.00245762163347034
0.00228718754113189
0.00183289796849065
0.00155930653457549
0.00132932439785592
0.00134943547041384
0.00145913576689139
0.00155031944573774
0.00147259939347355
0.00149143854622136
0.001425154548101
0.00171946230453226
0.00186590744825497
0.00198266505032364
0.00181489896936663
0.00181007080909985
0.00188087428226651
0.0018796546405668
0.00206020164580956
0.00239699345221171
0.00264966740161381
0.00262126723172653
0.00243434250529746
0.00218823768012903
0.00191710871262751
0.00168194280565816
0.00146874432607622
0.00132460984488513
0
0
0
0
0
0
0
0
0
0
0
0
0
0
0
0
0
0
0
0
0
0
0
0
0
0
0
0
0
0
0
0
0
0
0
0
0
0
0
0
0
0
0
0
0
0
0
0
0
0
0
0
0
0
0
0
0
0
0
0
0
0
0
0
0
0
0
0.00301406184853587
0.0123464477259738
0.0142471294842691
0.0161070855701235
0.0147841231146725
0.0124229177621337
0.0103814767409317
0.00863177183525458
0.00723532767997819
0.0059100594303019
0.00509394676722603
0.00430390080987976
0.00396115459638525
0.00392199480705255
0.00397282550132828
0.00400699819510038
0.00357779780899062
0.00264702019869325
0.00230313468393046
0.00186746285444982
0.00185415465764581
0.00204462602519932
0.00156899477452167
0.00206129396764641
0.00227006447906906
0.00272574348684529
0.0026286700135318
0.00221052977955596
0.00157706624687282
0.00131231124362022
0.001474354232535
0.00180198393642144
0.00196000497415807
0.00192665513365399
0.00161641767534538
0.00150799481062691
0.00119588930146127
0.00117103073559345
0.00111972328380217
0.00107856265055315
0.00128670823731082
0.00148130434301059
0.0015483542379559
0.0021704473667972
0.00228111392501513
0.00222732109493137
0.00215653776868318
0.00218661224351749
0.00224358739369559
0.00215761366549899
0.00209725195673431
0.00179301522532104
0.00168571592909909
0.00203416809535059
0.00239867004227806
0.00242116661679674
0.00225556420312264
0.0018083822555549
0.00154038943581965
0.00131837082901247
0.0013479328615736
0.00146036977316701
0.0015588241539131
0.00147808071775285
0.00149358005415023
0.00142831917080786
0.00172478767845928
0.00187721670897887
0.00199645299366878
0.00183083404483513
0.00182337419870377
0.00188981965006969
0.0018846001515946
0.00205595409848939
0.0023858146146963
0.00264546380655361
0.00262341829452208
0.00243924826423885
0.00219482654015625
0.00192842653384611
0.001703224506172
0.00149130079894729
0.00134668123300356
0
0
0
0
0
0
0
0
0
0
0
0
0
0
0
0
0
0
0
0
0
0
0
0
0
0
0
0
0
0
0
0
0
0
0
0
0
0
0
0
0
0
0
0
0
0
0
0
0
0
0
0
0
0
0
0
0
0
0
0
0
0
0
0
0
0
0
0.00303102199161526
0.0124160204743965
0.0143341200682427
0.0161801113000681
0.0148554525558125
0.0124930858886156
0.0104463140577319
0.00869040642959988
0.00727496946250812
0.00593692207248772
0.00511447913356324
0.00432277270492852
0.00398128815220026
0.00394285200904385
0.00400516911771193
0.00405018315338389
0.00362700615435669
0.00269965832350894
0.00235096420280748
0.00191131231537258
0.00190136656716211
0.00209913034171879
0.00160849531133156
0.00208517176596826
0.00227635908333444
0.00271160212654698
0.00260562329547106
0.00219272492927146
0.00157066464651106
0.00131604724281269
0.00147942208083124
0.001796116081776
0.00194733276144516
0.00191471262788311
0.00160920619433945
0.00150356013319564
0.00118547899898934
0.00115918004941878
0.0011091750240713
0.0010676225340785
0.00127277945156151
0.00146192362852299
0.00152129776667641
0.00214018315240693
0.00224998479061892
0.00218431485012196
0.00211160966666027
0.00214524530922662
0.00221211103303036
0.00213617882498556
0.00208272704919004
0.00178503877771919
0.00167551565451989
0.00200973376978394
0.00236414662005704
0.00237832677536505
0.00221696669606381
0.00178535319607986
0.001522239026611
0.00130601051346029
0.00134068797204961
0.00146095037297638
0.00156428199979479
0.0014812152079939
0.00148985586462577
0.001426233075488
0.00172894959610631
0.00188396380540807
0.00200756005014429
0.00184313714215975
0.00183700905765967
0.00189958103836437
0.00188842281887767
0.00205292402697698
0.00237791994684868
0.00264126412106967
0.00262756182057579
0.00244370327622995
0.00219907960258036
0.00193847041006995
0.00171937120498843
0.00151348200822117
0.00136754254076901
0.00127986713862555
0
0
0
0
0
0
0
0
0
0
0
0
0
0
0
0
0
0
0
0
0
0
0
0
0
0
0
0
0
0
0
0
0
0
0
0
0
0
0
0
0
0
0
0
0
0
0
0
0
0
0
0
0
0
0
0
0
0
0
0
0
0
0
0
0
0
0.00304719049892951
0.0124810704444121
0.0144173542951589
0.0162560229658337
0.0149230984292992
0.0125611686695853
0.0105147271451702
0.00874332902413404
0.00731631831158535
0.00596551857636367
0.00513397227448549
0.00433937345375334
0.0039942945737784
0.00395475141047257
0.00402661688974002
0.00408997604287057
0.00366872912855246
0.00274729194690478
0.00239659481624355
0.00195627453985741
0.00194766324453508
0.00215141441708381
0.00164800183226345
0.00210952371158158
0.00228298559061039
0.00269941228852286
0.00258597971212843
0.00217856126169014
0.00156543028124116
0.00132142673240051
0.00148480645614992
0.00179473259303064
0.00193628402245482
0.00190497494106409
0.00159844623795281
0.00150054496077882
0.00117605553617314
0.00114466335895971
0.00109956136059575
0.0010576614211639
0.00126051731198788
0.00144214293340154
0.00149396975499029
0.00210840541403083
0.00221754555406728
0.00214326646465577
0.00206618416381412
0.00209497615363037
0.00217846279815313
0.0021131076624714
0.0020694382157128
0.00177522280498502
0.00166396878468588
0.00198706403034852
0.00232998135573457
0.002334287157867
0.0021747828243248
0.00175663951694597
0.0015062926984148
0.00129488236059901
0.00133138863757906
0.00145790174931648
0.00156990629197967
0.00148045051900598
0.00148387241840156
0.00141826803936834
0.00172584469999496
0.00188940963607982
0.00201461204299785
0.00185357644040582
0.00184785332912037
0.00190835801640013
0.00189310324661426
0.00204883685711641
0.0023666724093522
0.00264026893994025
0.0026326814255411
0.00245120629247002
0.00220319281185612
0.00194693155111824
0.00173446316169869
0.00153233309848361
0.00138893523461676
0.00129981168524056
0
0
0
0
0
0
0
0
0
0
0
0
0
0
0
0
0
0
0
0
0
0
0
0
0
0
0
0
0
0
0
0
0
0
0
0
0
0
0
0
0
0
0
0
0
0
0
0
0
0
0
0
0
0
0
0
0
0
0
0
0
0
0
0
0
0
0.00306187426410255
0.0125420215387838
0.0144905298240359
0.0163222060917863
0.0149937404587102
0.0126236985654174
0.0105781208947594
0.00879885763765328
0.0073527729599332
0.00599559999673026
0.00515682063705748
0.00435313387723076
0.00400609339151911
0.00395640380128732
0.00402907917188181
0.00410791986597086
0.00370851893247961
0.0027855132340754
0.0024348433791135
0.0019931225478877
0.001995327693171
0.00220293714160266
0.00168757862509941
0.00213534204484892
0.0022928835195024
0.00268913043937922
0.00256880664511624
0.00216681545873523
0.00156460187674491
0.00132561978989584
0.00149267039207791
0.00179199563338261
0.00192663872010838
0.0018953648121908
0.00159151332456566
0.00149517401921826
0.00117050259097927
0.00112600124658344
0.00108572793261673
0.00105055110256628
0.00124978095330127
0.00142537538307692
0.00146319062580897
0.00207328198256003
0.00218381698134637
0.00210293630552795
0.00202425422801134
0.00204160315708371
0.00212884983503315
0.00208732867766118
0.00205416470724197
0.00176590843467206
0.00165158228631065
0.00196521679002799
0.00230019695615256
0.00229329741392283
0.00213378767006443
0.00172775234425744
0.00148649735165164
0.00128578139101131
0.00132246718805845
0.00145162764261032
0.00157397051735216
0.00148195292353036
0.00147409392936381
0.00140704008686308
0.00171774008848146
0.00188618927764994
0.00201934465230349
0.00186090142310065
0.00185785346651738
0.00191583427155168
0.00189795968277813
0.00204645523319815
0.00235411714210166
0.00262828862287302
0.00263940204391921
0.00246086096821364
0.00221108879340702
0.00195431960467216
0.001748233957884
0.00155016294803624
0.0014096164862445
0.00132247795522033
0
0
0
0
0
0
0
0
0
0
0
0
0
0
0
0
0
0
0
0
0
0
0
0
0
0
0
0
0
0
0
0
0
0
0
0
0
0
0
0
0
0
0
0
0
0
0
0
0
0
0
0
0
0
0
0
0
0
0
0
0
0
0
0
0
0
0.0030772808255245
0.0126019255873582
0.0145569658406687
0.016376751559473
0.0150534251002483
0.0126889371012011
0.0106364922112067
0.00884952301063018
0.0073919094385033
0.00602254753683463
0.00518117260022084
0.00436982058521711
0.00401355963915352
0.00395603736708015
0.00402099327746291
0.0041028488981893
0.00372451146068699
0.00282260813705128
0.00246456525457582
0.00202263088873761
0.00203182646624757
0.00225476386521463
0.00172749582901531
0.00216301555084816
0.00230411707336768
0.00268188271930193
0.00255375609920052
0.00215766742466371
0.00156614911205199
0.00133464132606929
0.00149761896311079
0.0017914609179674
0.00191491082839803
0.0018862353213969
0.00158544265712231
0.00149466618703249
0.00116381640927237
0.00111256873140616
0.00106733602344145
0.00103949205352151
0.00124257899370795
0.00141008058681739
0.00143527367543941
0.00203389667138268
0.00214538796596353
0.0020622720978903
0.0019848821640611
0.00199303795905832
0.00207672963284072
0.00204529406294561
0.00203658219040522
0.00175369148283098
0.0016385939696481
0.00194262911710878
0.00227264973882359
0.00225728942932005
0.00209635582878068
0.00170150730609387
0.00146742785282633
0.00127457229589912
0.00131402831191241
0.00144493993101007
0.00157484101114002
0.00148359688168378
0.0014673633450766
0.00139291243396784
0.00170763735985594
0.00187868894776283
0.00201658760766637
0.0018656468326555
0.00186600194370563
0.00192304574254625
0.00190293692439731
0.00204586879010573
0.00234381340003238
0.00261496747643957
0.00263359612555428
0.00247070608964444
0.00222171605329961
0.00196698405602865
0.00176025578716857
0.00156624166891328
0.00142703627949691
0.0013455929538771
0
0
0
0
0
0
0
0
0
0
0
0
0
0
0
0
0
0
0
0
0
0
0
0
0
0
0
0
0
0
0
0
0
0
0
0
0
0
0
0
0
0
0
0
0
0
0
0
0
0
0
0
0
0
0
0
0
0
0
0
0
0
0
0
0
0
0.00309181964406953
0.012663556330099
0.0146255240272332
0.0164250013327443
0.015102208267284
0.0127450025290379
0.0106980732703259
0.00889761372099569
0.00742729824053678
0.00605230114660776
0.00520271824366398
0.00438853666779496
0.00402312257725594
0.00395248986978868
0.00401092557988676
0.00409092553652086
0.00371870929285102
0.00283838255246016
0.00249448652243672
0.00204569656585745
0.00206349067760794
0.00229600494834469
0.00176682965513638
0.00219087669577825
0.00231674471879836
0.0026754296760276
0.00254177417502447
0.00215025588809272
0.00156973349852154
0.00134635888606917
0.00150642354490946
0.00178761591044469
0.00190541907380106
0.00187533302352529
0.00158099779127834
0.00149577281590094
0.00116381726997236
0.00109865124388782
0.00105583223373375
0.00102725066800455
0.00123264323523549
0.0013976280080765
0.00141059331003495
0.00199670481537564
0.00210296499590284
0.00201666355895213
0.00194642172658876
0.00194790903113062
0.00203025653981402
0.0020035544320744
0.00200465906599553
0.00174006632232391
0.00162239737774524
0.00191912506690674
0.0022436301880831
0.00222366387200915
0.00206349300338842
0.00167793190927735
0.0014503713952806
0.00126341271710782
0.00130347591031452
0.00143685235026543
0.00157365540574573
0.00148259140285047
0.00146143282879224
0.00138401236886211
0.00169584598887061
0.00187120410213389
0.00201157075246363
0.00186405070055082
0.00186947487081318
0.00192794354897766
0.00190681451932963
0.00204443876839952
0.00233592985584358
0.00260399831854562
0.00262720624961301
0.00247182627319637
0.00223151101588958
0.00198090715594185
0.00177676110598919
0.00158095616007333
0.00144260533981004
0.00136438495635739
0
0
0
0
0
0
0
0
0
0
0
0
0
0
0
0
0
0
0
0
0
0
0
0
0
0
0
0
0
0
0
0
0
0
0
0
0
0
0
0
0
0
0
0
0
0
0
0
0
0
0
0
0
0
0
0
0
0
0
0
0
0
0
0
0
0
0.00310643890009194
0.0127229520603606
0.0146976620029243
0.0164763565088921
0.0151451737446767
0.0127932229780978
0.0107544303721612
0.00894793815153557
0.007460944349098
0.00607797156330518
0.00522540427819449
0.00440584900379162
0.0040345308167672
0.00395140994932627
0.00399984666116933
0.00407729467171152
0.00370984297187667
0.00283861480353305
0.00251054707730985
0.00206990707728134
0.00209172200321032
0.00233534743432636
0.00179738188103653
0.00221786717180759
0.00232881138516304
0.00267129930059214
0.00252966975087964
0.00214372558430251
0.00157423652162042
0.00136028566013561
0.00151628608075001
0.00178735930266985
0.0018936814569459
0.00186630067075563
0.00157480100361156
0.00149866719428487
0.00116312912088091
0.00109032370389979
0.00104313972878471
0.00102108930447814
0.0012238799430775
0.00138382638416138
0.00138835310015096
0.00196376940316919
0.00206229663926024
0.0019690721511523
0.00190361420317648
0.0019032079695224
0.001986823336549
0.00196821217156292
0.00197392087631923
0.00171664235719177
0.00160441184322065
0.00189356324247853
0.00221401143908127
0.00218816672938305
0.00203211729074188
0.00165840822672442
0.00143492964447569
0.00125376342612146
0.0012926646427755
0.00142659618279316
0.00157098058099249
0.00147958382589528
0.00145523600454687
0.0013769289605438
0.0016899298598885
0.00186412416074676
0.00200785345241232
0.00186234514256626
0.00186659021111732
0.0019257830583552
0.00190827756719247
0.00204197672237654
0.00232719077501486
0.00259525841066723
0.00262296506073249
0.00247344426873341
0.00223758126235837
0.0019932378405356
0.00179133648395868
0.00159873334255596
0.00145691050663808
0.00138049922082417
0.00123011859422922
0
0
0
0
0
0
0
0
0
0
0
0
0
0
0
0
0
0
0
0
0
0
0
0
0
0
0
0
0
0
0
0
0
0
0
0
0
0
0
0
0
0
0
0
0
0
0
0
0
0
0
0
0
0
0
0
0
0
0
0
0
0
0
0
0
0.00312098697046628
0.012781383725266
0.0147668673198725
0.0165312720934606
0.0151898409436101
0.0128319436617963
0.0108061461584227
0.00899630155735955
0.00749591151022761
0.00610181965602898
0.00524413398888949
0.00442427088986901
0.00404560472728183
0.00395161586104473
0.00399172190312617
0.00406419582333991
0.00369924016932175
0.00283677637223289
0.00251868119823364
0.00208726942985388
0.00212104858387187
0.00237170267590795
0.00182673637729186
0.00223744293336175
0.00234006429071082
0.00266725529150755
0.00252029995352266
0.0021359323348647
0.00157608119480424
0.00137447197066158
0.00152833962516411
0.00178764348437193
0.00188508230619154
0.00185548282250711
0.00156866725053571
0.00149782961612045
0.00116483814361148
0.00107990245912523
0.00103420847721684
0.00101374666473393
0.00121966135457937
0.00137369490195108
0.00136578508508207
0.00193305856829142
0.0020251597501713
0.0019225546431127
0.00186084572374189
0.00185396393625
0.00194120686388053
0.00193421257303329
0.00194876070888058
0.00169485473660789
0.00158203142048603
0.00186733639541064
0.00218262273510724
0.002152621619612
0.00199915233097961
0.00164030365012967
0.00142423159321749
0.00124564917303294
0.001283320444133
0.00141638747922106
0.00156607865001039
0.00147392235965569
0.00144663821860356
0.0013712445745877
0.00168553560607138
0.00186164337581803
0.00200644750081911
0.00186249717320605
0.00186280652109151
0.00191821836514186
0.0019025069689144
0.00203803653596744
0.00231714820291008
0.00258442600395698
0.00262060518111209
0.00247742799044264
0.00224504347925006
0.00200508419163303
0.00180371689465632
0.00161366747262774
0.00147365171629444
0.00139465910355954
0.00124707494104245
0
0
0
0
0
0
0
0
0
0
0
0
0
0
0
0
0
0
0
0
0
0
0
0
0
0
0
0
0
0
0
0
0
0
0
0
0
0
0
0
0
0
0
0
0
0
0
0
0
0
0
0
0
0
0
0
0
0
0
0
0
0
0
0
0
0.00313578217479572
0.0128399887588089
0.0148354348545876
0.0165831107664518
0.0152374416244051
0.0128713883830679
0.010847500810991
0.00904233423210567
0.00753063858194683
0.00612686284855624
0.00526071602218124
0.00443873421497733
0.00405834559097817
0.00395186031271326
0.00398405301463402
0.00405433611617037
0.00369061746067318
0.00283354927762626
0.00252553476482183
0.0021018164482667
0.00214819817190489
0.00241017115082335
0.00185330119867167
0.00225807616053515
0.00234560918011551
0.00266264080156223
0.00251144944901471
0.00213068910526836
0.00157594684908559
0.0013839370983238
0.00154029840222962
0.00179013590544925
0.00187643296159815
0.00184692938813383
0.00156092380072851
0.00149617789409778
0.00116188270769446
0.001073094472003
0.00102202129366857
0.00100908598169832
0.00121485382186982
0.00136714295480528
0.0013490362885718
0.00190235372667061
0.00199000333816738
0.00187824587138197
0.00181941774884105
0.00180605112286626
0.00189115117168785
0.00189726592192486
0.00192379156947463
0.00167780715863288
0.00156098293271876
0.00183977825620469
0.0021513177892053
0.00211567516437157
0.001966553328453
0.00161956396814908
0.00141411530874674
0.00124216281898811
0.00127536083592376
0.00140713530431393
0.00156092218126402
0.00146551697767073
0.00143483022493485
0.0013631657384147
0.00168324890330833
0.00185983584338339
0.00200749108317754
0.00186493969560473
0.00186137040093262
0.00190886295112895
0.00189100252807082
0.0020266387860677
0.00230597401443066
0.00257214622979832
0.00261564344349104
0.00248368615601406
0.00225576851295127
0.0020185716240487
0.00181739181721246
0.00162634600017677
0.00148612368791908
0.00140981241820869
0.00126214150081076
0
0
0
0
0
0
0
0
0
0
0
0
0
0
0
0
0
0
0
0
0
0
0
0
0
0
0
0
0
0
0
0
0
0
0
0
0
0
0
0
0
0
0
0
0
0
0
0
0
0
0
0
0
0
0
0
0
0
0
0
0
0
0
0
0
0.00315064817553252
0.0129004916566007
0.0149044489902964
0.0166341911150297
0.0152831600471382
0.0129135093132413
0.0108903448003568
0.00907915029738845
0.00756375228528971
0.00615211144687395
0.00527895151855063
0.00445014207043741
0.00406782776979205
0.0039542082887447
0.00397568223832853
0.00404453887845377
0.00368437264837219
0.00283239098746421
0.00252977148399226
0.00211471472257149
0.00217507034870636
0.00244933401630507
0.00188151733117606
0.00227504468975077
0.00235262273393735
0.0026534110818827
0.00250186727033781
0.00212611621558123
0.001578253625075
0.0013914242210655
0.00154829786389187
0.00179287104249954
0.00187049175706245
0.001837804516966
0.00155441451525945
0.00149319429877309
0.00115782022068421
0.00106173779862056
0.00101375153164888
0.00100180187183308
0.00121239680943339
0.00135942537971289
0.00133499249900664
0.00187809576308619
0.00195482400191191
0.00183536730354039
0.00177885727262895
0.00175951272332399
0.00184300173249941
0.00185609712729711
0.00189532248565632
0.00165971616753661
0.00154404139397652
0.00181345797257374
0.00211979915062195
0.00207844832794525
0.00193267556997223
0.00159917486519526
0.0014009010354762
0.001238275261411
0.00127147315265484
0.00139961257117006
0.00155679769667234
0.00145524356849261
0.00141921017238864
0.00135195305540376
0.00167867152646557
0.00186049266893833
0.00200804660792434
0.00186906120189014
0.00186212937442086
0.00190190379786548
0.00187747785110885
0.00201049786637869
0.00228787108683581
0.00255759723604144
0.00260826571009656
0.00248699750600753
0.00226964490414785
0.00203550589788254
0.00183221728214678
0.00164114875718974
0.00149669294309267
0.00142043964719391
0.00127857525001393
0.00111572896432316
0
0
0
0
0
0
0
0
0
0
0
0
0
0
0
0
0
0
0
0
0
0
0
0
0
0
0
0
0
0
0
0
0
0
0
0
0
0
0
0
0
0
0
0
0
0
0
0
0
0
0
0
0
0
0
0
0
0
0
0
0
0
0
0
0.00316569360981429
0.0129610919903122
0.014976139527346
0.0166859036911023
0.0153276919904395
0.0129560117670918
0.0109351078002514
0.00911856266755826
0.00758983307557565
0.0061756624211231
0.00529734453912714
0.00446331910537402
0.00407263195794357
0.00395417864549184
0.00397004483710646
0.00403158400058309
0.00367833829464607
0.00283243837068668
0.00253662014156343
0.00212420884699616
0.00219883164536785
0.00248884998837052
0.00191188118035544
0.00229360883007168
0.00235567643805288
0.00264572994798658
0.00248897601663413
0.00212144776342425
0.00158164307842748
0.00140141105102698
0.00155358661696919
0.0017934046856119
0.00186545992979168
0.00183165760519597
0.00154653519542578
0.00149121666144957
0.00115295363087289
0.00105023455291319
0.00100242564602699
0.000998721930385775
0.00120904408192382
0.00135361074681956
0.00131866468630748
0.00185618059271107
0.0019265623749362
0.00179279820112545
0.00174059555670469
0.0017140245584391
0.0017965246671956
0.00181725986162909
0.00186310643668497
0.00163806340380072
0.00152608128261125
0.00179115557656336
0.00208880255004349
0.00204084935894145
0.00189815303245127
0.00157752798641117
0.001388189641844
0.00123035536076143
0.00126544331899347
0.00139506365915594
0.0015542153094201
0.00144533596414759
0.00139925275974957
0.00133381016292021
0.00167096734631733
0.00185959170829317
0.00201033040078456
0.00187147677753663
0.00186472646094654
0.00189695233089978
0.00186539723390848
0.0019928841038335
0.00226642541017609
0.00253742529794213
0.0025972385974712
0.00248670157732964
0.00227970799988513
0.00205670320973291
0.00185055566220016
0.00165712551465328
0.00151035979724027
0.00143016494284935
0.00128937870272238
0.0011363190190946
0
0
0
0
0
0
0
0
0
0
0
0
0
0
0
0
0
0
0
0
0
0
0
0
0
0
0
0
0
0
0
0
0
0
0
0
0
0
0
0
0
0
0
0
0
0
0
0
0
0
0
0
0
0
0
0
0
0
0
0
0
0
0
0
0.00318033558983922
0.0130199712269355
0.0150475169662972
0.0167414960819944
0.0153726879766165
0.0129952682144093
0.010981025773095
0.00915990516390046
0.00761911933157191
0.00619604313107162
0.00531462895062015
0.00447689850535368
0.00407933465492131
0.00394720591600251
0.00396166620051434
0.00402189542601115
0.00366677998722851
0.00283268938407778
0.00254371213536736
0.00213658583944181
0.00221759555464535
0.00252283004438102
0.00194303821732178
0.00231511884438108
0.00236050894969622
0.00263344094354287
0.00247610728924172
0.00211479056118839
0.00158566140213338
0.00141264504253427
0.00156210272920029
0.00179180534190454
0.00185995396877629
0.0018259983819879
0.00154230771158816
0.00148821268702906
0.00115004372455894
0.00103894074470353
0.000991657674440508
0.000993978202260348
0.00121079953815368
0.00134809346344749
0.00130362278261808
0.00183070039831227
0.0018999315894544
0.00175770813963107
0.00170291203028198
0.00167108537317358
0.00175247382630549
0.00178002893969296
0.00183297239313169
0.00161329759795528
0.0015045573769635
0.00176575852632857
0.00206254821162538
0.00200448043665059
0.00186286362580557
0.0015553162320398
0.00137539436263133
0.00122319511594116
0.00125616907975986
0.00138670244703489
0.00155396616359128
0.00143736005996858
0.00137795797945393
0.00130809262947673
0.00165260216107361
0.00185785409599087
0.00201330160578344
0.00187659801132271
0.00186392993185343
0.00189252622901942
0.00185471026888688
0.00197611777419847
0.00223965033968375
0.0025121063259011
0.00257981410449485
0.00247949428605001
0.00228370673505018
0.00207253849087155
0.00187233459356125
0.00167683625155619
0.00152528378861798
0.00144279099961509
0.0013005045149898
0.00115170162191861
0
0
0
0
0
0
0
0
0
0
0
0
0
0
0
0
0
0
0
0
0
0
0
0
0
0
0
0
0
0
0
0
0
0
0
0
0
0
0
0
0
0
0
0
0
0
0
0
0
0
0
0
0
0
0
0
0
0
0
0
0
0
0
0
0.00319565567807569
0.0130789750673045
0.0151175023078814
0.01679688112276
0.0154199775676285
0.0130347845087479
0.0110235560376688
0.00919986276585286
0.00765067638637817
0.00621806149958109
0.00533028656742842
0.00448995352271658
0.00408714764589073
0.00394111903625984
0.00394731564963391
0.00400796458303482
0.00365809256273149
0.00282743367265508
0.00255160093731958
0.00215031098383478
0.00223958285439355
0.0025522350907334
0.00196911599264606
0.00233851151747572
0.00236843233888702
0.00262384441850236
0.00245955511413583
0.00210843994474734
0.00158754672906751
0.0014245264396918
0.00157145572068745
0.00179309953056123
0.00185265165996748
0.00181734297344621
0.00153819385377176
0.00148937546852523
0.00114662182039233
0.00103000141601608
0.000981075741616746
0.000989721901121097
0.00121065489660846
0.00134735903629991
0.00128574913823988
0.00180582162603313
0.00187066855423396
0.001724774938151
0.00167371373760413
0.00162849440817667
0.00171100264537582
0.00174572026194761
0.00180464931102018
0.00159105487654277
0.0014803937713026
0.00173791029429797
0.00203312037667372
0.00197309042470718
0.00182918868882394
0.00153255938005886
0.00136175819014853
0.00121663158967692
0.00124797465006872
0.00137661599748362
0.00155088492479875
0.00143192026836528
0.00135743896762965
0.00127971068431218
0.00162748305219167
0.00184654216111001
0.00201674321444409
0.00188332385153133
0.00186657196346554
0.00188483414574889
0.00184485532765025
0.00196173964152026
0.00221393565246119
0.00248002058171242
0.00255347703534741
0.0024633406700277
0.00228152367132897
0.00208279150592303
0.00188870386620414
0.00169897063017652
0.00154424273506897
0.001457563847875
0.00131405086262125
0.00116700219289804
0.000997121624286614
0
0
0
0
0
0
0
0
0
0
0
0
0
0
0
0
0
0
0
0
0
0
0
0
0
0
0
0
0
0
0
0
0
0
0
0
0
0
0
0
0
0
0
0
0
0
0
0
0
0
0
0
0
0
0
0
0
0
0
0
0
0
0
0.00321140214493511
0.0131395210770496
0.0151884830543015
0.0168507991092846
0.0154669343326026
0.0130754908899569
0.0110655685418506
0.00923561198427661
0.00767923851724114
0.00624183340523395
0.00534671090490044
0.00450296646020561
0.00409455277610924
0.00393653933765837
0.0039334489291073
0.00399074295079534
0.00364575989958539
0.002823265459717
0.00255427255002154
0.00216536297656545
0.00226287069771007
0.00258176020107865
0.00199117831004528
0.00235774388104904
0.00237770742371421
0.00261708444575284
0.00244492938102739
0.00209787069253027
0.00158753390501861
0.00143408194113806
0.00158140894711231
0.00179491050041175
0.00184695115639843
0.0018079803539497
0.00153077124148942
0.00149038738761481
0.00114735707996646
0.00102044610532812
0.000972780322437445
0.000985746822034881
0.00121089170741464
0.00134509603295465
0.00127154785840124
0.0017786654505137
0.00184197629000441
0.00169018622163878
0.0016477156064778
0.00159420583798073
0.00167011948995189
0.00171308114636918
0.0017769517537458
0.00157000413569899
0.00145941808472293
0.00170824753464074
0.00200237708662773
0.00193897237595978
0.00179927303401359
0.00151061555632908
0.00134813905743227
0.00120935241592389
0.00124033568306853
0.00136762150627141
0.00154779890196154
0.00142516234510695
0.00134023438001092
0.00125021267033312
0.00159943273981382
0.00183005375419255
0.0020128670193286
0.00189089827588437
0.00187103568063317
0.00188073160239277
0.00183163611012295
0.00194943908304994
0.00219206260314102
0.00244766765350974
0.00252034210468418
0.00243927328019503
0.00227169221663184
0.00208881931779114
0.00190114583584267
0.0017166410355214
0.00156521856610962
0.00147622294861227
0.00132995977747337
0.00118479622829685
0.00101462119969521
0
0
0
0
0
0
0
0
0
0
0
0
0
0
0
0
0
0
0
0
0
0
0
0
0
0
0
0
0
0
0
0
0
0
0
0
0
0
0
0
0
0
0
0
0
0
0
0
0
0
0
0
0
0
0
0
0
0
0
0
0
0
0
0.0032264337307947
0.01320011096343
0.015262093371669
0.0169058847308009
0.0155119909862859
0.0131150668183672
0.0111090191566187
0.00927158709885011
0.00770407981982905
0.00626385380944503
0.00536454610821756
0.00451684337705067
0.00410293928331337
0.00393067265121805
0.0039213608749556
0.00397419745121344
0.00363081601560686
0.00281694195288378
0.00255777925666132
0.0021748829671906
0.00228879880135675
0.00261184186077674
0.00201343959232921
0.00237281681812081
0.002382432334723
0.00261126279030494
0.00243255869743045
0.002088245129565
0.00158247569832896
0.00144247354684607
0.00159047925891259
0.00179723506960517
0.00184085608661378
0.00179908918336427
0.00152359535146804
0.00148917221323503
0.00114876591703398
0.00101523812241541
0.000964255872082369
0.000983523941382615
0.00121116560478775
0.00134285396184319
0.0012561806220678
0.00175561682613268
0.00181308163015332
0.00165544693548493
0.00161941946140795
0.00156347821271318
0.00163792251558631
0.0016808615128031
0.00175011315382343
0.00154727900833693
0.00143934463825508
0.00168177220539917
0.0019703851739099
0.00190424801364697
0.00176662943948539
0.00149244271815078
0.0013364280828375
0.00120141693870381
0.00123220122147896
0.00135919873018947
0.0015456459003093
0.00141897625891584
0.00132060433623916
0.00122320605419714
0.00156883953044443
0.00181025158390195
0.00200286814729843
0.00188972492608373
0.00187677078008463
0.00187856097702093
0.00182057225508517
0.00193224885849229
0.00217244107507982
0.00242005188926268
0.00248755383208969
0.00240767865827876
0.00225527965709961
0.00208922388029748
0.00190908388745506
0.00172999776640763
0.00158134056415036
0.00149597014807665
0.00134927806815197
0.00120367336102013
0.00103378425925106
0.000839423903783613
0
0
0
0
0
0
0
0
0
0
0
0
0
0
0
0
0
0
0
0
0
0
0
0
0
0
0
0
0
0
0
0
0
0
0
0
0
0
0
0
0
0
0
0
0
0
0
0
0
0
0
0
0
0
0
0
0
0
0
0
0
0
0.00323941431380698
0.0132570508199598
0.0153359352898988
0.016963954590338
0.0155573341842153
0.0131516410569256
0.0111507965898057
0.00930902730804933
0.00772955870875692
0.00628198122589721
0.00538034872718156
0.0045316667811721
0.00411183163563087
0.00392755825101693
0.00390893400070599
0.00395982748818766
0.00361620605238274
0.0028073405644167
0.00255952546002035
0.00218535212879566
0.0023086280361902
0.00264519055425183
0.00203482625473748
0.00238645937922275
0.00238158588962912
0.00259947390016012
0.00242206450289587
0.00208054798737673
0.00157477481086036
0.00144380241884083
0.00159692938985044
0.00180015044265372
0.00183574951392493
0.00179010850309553
0.00151598797048004
0.00148886053969511
0.00114847023801051
0.00101017486356616
0.000959890903150767
0.000981518707001632
0.00121404073274303
0.00134127011871444
0.00124134417661664
0.00173298348385696
0.0017881853410845
0.00162086399776715
0.00159088464286547
0.00152870606405821
0.00160701493752527
0.00165561470203895
0.00172242444650168
0.00152420838694294
0.00141383217967996
0.00165574323661956
0.00194265152477316
0.00186922768789005
0.00173221595313854
0.00147087474645857
0.0013284259953036
0.00119483790368539
0.00122377789354402
0.00134960197994959
0.00154450488603778
0.00141436059914506
0.00130283135344056
0.00119413158802654
0.00154219267690494
0.00178682398471665
0.00198913786034852
0.00188186858945934
0.00187316144964782
0.00187845948374548
0.00181125122340493
0.00191636710442582
0.00214575149756712
0.0023945711168991
0.00246002028657851
0.00237595291217468
0.00223011279204604
0.00208295017194012
0.00191217497682451
0.00173909529670793
0.00159272897302852
0.00151024005164684
0.00136844775066098
0.00122398164005309
0.00105260653021321
0.000854858066617885
0
0
0
0
0
0
0
0
0
0
0
0
0
0
0
0
0
0
0
0
0
0
0
0
0
0
0
0
0
0
0
0
0
0
0
0
0
0
0
0
0
0
0
0
0
0
0
0
0
0
0
0
0
0
0
0
0
0
0
0
0
0
0.00325097961197442
0.0133075768176127
0.0153999044399906
0.0170219293090005
0.0156061664400579
0.0131863506882986
0.0111878150195544
0.00934395894719382
0.00775860592631324
0.00630118671822854
0.0053906264753769
0.00454461132613564
0.00412239206702077
0.00392824454855369
0.00390063914310034
0.00394695250822133
0.00360408723909295
0.00279908248090411
0.00255589656373431
0.00219497878546036
0.00233103871459316
0.00267106144031411
0.00206013388457952
0.00239654334785702
0.0023775254079745
0.00257753718016001
0.00240303933489116
0.00207624478500194
0.00156883970277989
0.00143588046891844
0.00159006796952174
0.00179973994488713
0.00183386479775274
0.00178220309389619
0.0015094096589125
0.00148777642364922
0.00114992175337369
0.00100449131993235
0.000955557460815921
0.000984298128085417
0.00121916137518359
0.00134226779554524
0.00122882691339631
0.0017107960976438
0.0017639138165475
0.00159248471281923
0.00156389779111928
0.00149463573565857
0.00156943337466158
0.00162780290109783
0.00170143624522891
0.00149802421872029
0.00138530349992485
0.00161530983708023
0.00191508903840393
0.00183939745304034
0.00169844320176232
0.00144454792022628
0.0013122484567741
0.00119084722078942
0.0012181717359379
0.00134062057844557
0.00154161464110342
0.00141075669011425
0.00128716254939444
0.00116626643076539
0.00151219090978523
0.00177004158279442
0.00197081218286996
0.00187022756964248
0.00185941872669607
0.00186491799519164
0.00180549699138741
0.00190175109560562
0.00211862743444237
0.00235698873146558
0.00243282474876123
0.00234676699023247
0.0022047979086216
0.00206560404660023
0.00190898240695191
0.00174361450367565
0.00159718147066338
0.00151670432658942
0.00138083508938068
0.00124624351848572
0.00107102629977577
0.000867437968570514
0
0
0
0
0
0
0
0
0
0
0
0
0
0
0
0
0
0
0
0
0
0
0
0
0
0
0
0
0
0
0
0
0
0
0
0
0
0
0
0
0
0
0
0
0
0
0
0
0
0
0
0
0
0
0
0
0
0
0
0
0
0
0.00326299197844392
0.0133561814551012
0.0154585785365066
0.0170700017092062
0.0156548120860706
0.0132228669695846
0.0112212204767537
0.00937508732516899
0.00778486642971964
0.00632495314106052
0.00540249441842966
0.0045530349480847
0.00413272437517713
0.00393097311701699
0.00389694748650067
0.00393803909442669
0.00359378495551199
0.00279374155693416
0.00255336207920406
0.00219915359529663
0.00235370581426975
0.00269966773642475
0.00207863429572466
0.00241129075723306
0.00236934829093954
0.00254912970370166
0.00237378253939744
0.00206276922111123
0.00156755519275685
0.00143057332572735
0.00157547727172981
0.0017827798513493
0.00183020210387306
0.00177790198590124
0.00150304791246137
0.00148799846751366
0.00114872308744133
0.0010006762525983
0.000950412911557169
0.000988279710985979
0.00122852269144142
0.00134453175468388
0.00121857257498965
0.00169079967623353
0.00174018644606569
0.00156468956352784
0.00154361726455073
0.00146324086777525
0.00153387696936852
0.00159494510855762
0.0016802287910595
0.00148065381580424
0.00135400930270856
0.00156920003928881
0.00186507099577752
0.00180960040470132
0.00166921228607289
0.00141888052087333
0.00129281343486078
0.00117922567897061
0.00121611918942518
0.00133432348538268
0.00153989491628006
0.001403323946688
0.00127339799896629
0.00114051234707127
0.00148107150124093
0.00174845272234413
0.00195936308308913
0.00185236899049249
0.00184193852013056
0.0018407690318518
0.00178606375027012
0.00189062176830265
0.00209400721990996
0.00231948874359329
0.00239089661518573
0.00231640864391413
0.00217894028780687
0.00204735911497697
0.00189542537990475
0.0017423451304468
0.00159745495036802
0.00151631066924705
0.00138523311236936
0.00126222242858596
0.0010938335829953
0.000881391401583319
0.000739518054018713
0
0
0
0
0
0
0
0
0
0
0
0
0
0
0
0
0
0
0
0
0
0
0
0
0
0
0
0
0
0
0
0
0
0
0
0
0
0
0
0
0
0
0
0
0
0
0
0
0
0
0
0
0
0
0
0
0
0
0
0
0
0.00327525454000028
0.0134041927317894
0.0155145377465666
0.017115341570366
0.0156968698279373
0.0132577759967786
0.0112545850115028
0.00940269142732571
0.0078087903525081
0.0063461879261041
0.00541942234956902
0.00456335407365773
0.00414000863228454
0.00393521347507217
0.00389596772806412
0.00393405011141731
0.00358631497778214
0.00278872518133888
0.00255433793276558
0.00220372392999604
0.00237203075037459
0.00272927415531582
0.00209945349210632
0.00242157603047869
0.00236584882402249
0.00251798311244738
0.00233687500776774
0.00204177215347858
0.00155935504948547
0.00142977538954095
0.00156451377387429
0.00176204957887778
0.00181212346399557
0.00177355252876068
0.00149904468527885
0.00148800499387405
0.00114799615011917
0.000993854206381558
0.000947014963645453
0.000991966586556709
0.00124017847099886
0.00135078346052253
0.0012082038658568
0.00167302033235656
0.00171806319404126
0.00153733962129396
0.00152344212371486
0.00143786773075785
0.00150193340227445
0.00156527713467404
0.00165546957705031
0.00146538680243943
0.00133251787283112
0.0015220435384898
0.00180870539972064
0.00175678279956868
0.00163959887546909
0.00139608458216761
0.00127396758225597
0.00116704409620399
0.0012095641906968
0.00133260862083198
0.0015396197853993
0.00139687334434516
0.00125506109344524
0.00111717150204723
0.00145147698542496
0.00172353562820157
0.00194054615543225
0.00183879960723417
0.00181732404535984
0.00181340217053666
0.00175773501746158
0.00186674023661662
0.00207212595714499
0.00228570316678362
0.00234895658594893
0.00227282688858244
0.00215160344915885
0.0020273464187635
0.00188123143310081
0.0017334062413732
0.00159307497547362
0.00151184053164601
0.00138361843647402
0.00127161651033904
0.00111202856498211
0.000900446924679345
0.000756067074051719
0
0
0
0
0
0
0
0
0
0
0
0
0
0
0
0
0
0
0
0
0
0
0
0
0
0
0
0
0
0
0
0
0
0
0
0
0
0
0
0
0
0
0
0
0
0
0
0
0
0
0
0
0
0
0
0
0
0
0
0
0
0.00328718174271749
0.0134520030807853
0.0155685776943927
0.0171584737642356
0.0157374542969997
0.0132878184123189
0.0112868677265285
0.00943078651044693
0.00783062125648246
0.00636475582960082
0.00543396183115785
0.00457792259322226
0.00414932584193043
0.0039367004471148
0.00389667338653979
0.0039323001853837
0.00358243828152583
0.00278443100809996
0.00255432792104789
0.00221015357099814
0.00239088826095269
0.00275455493526266
0.00212010110275307
0.00243459556944223
0.0023582571040807
0.00249053743983739
0.00229873179889459
0.0020151819618266
0.00154471536915487
0.00142224244806852
0.0015567955636233
0.00174251565043694
0.00179261366134325
0.00175718240085318
0.00149424713569683
0.00148846247355421
0.00114666673522147
0.000986572278567584
0.000941303033962887
0.000997410147485206
0.00125293595252218
0.0013603492537411
0.0012024112643118
0.00165512915753705
0.00169809277144917
0.0015107893627981
0.00150317141448458
0.00141179187803455
0.00147496431905506
0.00153822286595071
0.00163356653824638
0.00144655559427066
0.00131341155798753
0.0014843340899021
0.00175170414448192
0.00169852364723558
0.00159247312984683
0.00137350220669954
0.00125664340312485
0.00115489094479571
0.00120253864899764
0.00132755544136623
0.00154380491102801
0.00139190350334897
0.00123602354073485
0.00108992083307722
0.00142312690761496
0.00169953175203665
0.00191861294939194
0.00181851679926951
0.0017953672429133
0.00178061302826157
0.00172656039684809
0.00183495805456884
0.00203909875445103
0.00225409773787878
0.00231009613414711
0.00222942136035982
0.00211356515502567
0.00200614412137191
0.00186539268502753
0.00172480558053645
0.0015820244033641
0.00150193201499921
0.00137662947604924
0.00127424033598128
0.00112357700037611
0.000914966845337335
0.000776947871028207
0.00062873423868935
0
0
0
0
0
0
0
0
0
0
0
0
0
0
0
0
0
0
0
0
0
0
0
0
0
0
0
0
0
0
0
0
0
0
0
0
0
0
0
0
0
0
0
0
0
0
0
0
0
0
0
0
0
0
0
0
0
0
0
0
0.00329920042055644
0.0135003318613535
0.015622571834647
0.0172004739737797
0.0157770353089066
0.0133157715319257
0.0113140395064651
0.00945838031704203
0.00785430636482966
0.00638191757456157
0.00544444919303154
0.00458998991512109
0.00416183348551061
0.00394004908693208
0.00389432031268256
0.0039321341726353
0.00358022495006198
0.00278122836624825
0.00255368362356003
0.00221571415605138
0.00241199016450862
0.0027808195768509
0.00213595817805109
0.00244706773206653
0.00235466228133956
0.0024584302022716
0.00226379441447293
0.00198739781086349
0.00152684952850786
0.0014079618816861
0.00154211024605606
0.00172626210562354
0.00177498393962139
0.00173997498853854
0.00147986711430451
0.00148664442931082
0.00114408246439154
0.000978328280329133
0.000934792332385985
0.00100094732684159
0.00126699726269911
0.00137085023486638
0.00119972387586092
0.00164203807217413
0.00167863031392752
0.00148600905529267
0.00148333301510481
0.00138565447657825
0.00144754255732289
0.001516032323394
0.00161389548631859
0.00142948133242083
0.0012903696926562
0.00144763039996924
0.00170404947491886
0.00163999660360081
0.00154090823480927
0.00133813742307402
0.00124033720823424
0.00114398677730625
0.00119516642814957
0.00132113127006465
0.00154478506281915
0.00139083655954115
0.00121939121861353
0.00106201365809705
0.00139107280769479
0.00167584736526263
0.00189782765144692
0.00179575094521688
0.00176761553528684
0.00174942136771066
0.00169202615644662
0.00180003013327833
0.00199845728714204
0.00221271500839622
0.00227251415623543
0.00218873427271866
0.00207588512892092
0.00197530414498861
0.00184767198876169
0.00171510933009348
0.00157152208549879
0.00148392683933278
0.00136297551551356
0.00127107391410386
0.00112741097913621
0.000922453754582795
0.000791997381389244
0.000649383088090566
0
0
0
0
0
0
0
0
0
0
0
0
0
0
0
0
0
0
0
0
0
0
0
0
0
0
0
0
0
0
0
0
0
0
0
0
0
0
0
0
0
0
0
0
0
0
0
0
0
0
0
0
0
0
0
0
0
0
0
0
0.0033131550472915
0.0135484402179713
0.0156773261506381
0.0172412104842608
0.0158147336684573
0.0133420050048396
0.0113401180626886
0.0094823179105222
0.00787781077256386
0.00640155984681073
0.00545434032855188
0.00459838424883455
0.00417187252190121
0.00394562591141876
0.00389353175532129
0.00392936203003949
0.00357881106762087
0.00277880570015222
0.00255328141513916
0.00221732700347176
0.00243162973568658
0.0028098980572459
0.00215404834598459
0.00245742558581167
0.00235128305958452
0.00243040371949257
0.00222500329889255
0.0019619395852243
0.00150856785310548
0.00139168284893688
0.00152177671078084
0.00170459232844056
0.00176048800330697
0.00172416739093005
0.00146495217558629
0.00147626274257053
0.00113924991310894
0.000967880709223297
0.000927059887706127
0.00100296513979264
0.00127810552237501
0.00138260466254906
0.00119766821296204
0.00163207237919052
0.00166356186230477
0.00146256301943371
0.00146472935003179
0.00135900810562859
0.00141890332181822
0.00149246290938409
0.00159976948494324
0.00141508630035797
0.00126892747448355
0.00140723007200597
0.00165779217572995
0.00159186015954508
0.00148927596086471
0.00129840398591412
0.00121338295330115
0.00113404464753091
0.00118904351749659
0.00131384041643299
0.00154412850764629
0.00138773671500957
0.00120608396259271
0.00103632560777957
0.00135858423014991
0.00164945687590508
0.00187607166485034
0.0017738840165089
0.00173722147740748
0.00171328089449596
0.00165851492299341
0.00176179203854194
0.00195516662779618
0.00216466260082319
0.00222725327284356
0.00214750104728565
0.00203848432936452
0.00194456535362446
0.00182154097436924
0.00170420068742535
0.00156099137897238
0.0014677698801672
0.00134231795432908
0.0012617940769051
0.00112514047559816
0.000922727316441303
0.000800767428481442
0.000663997854787879
0
0
0
0
0
0
0
0
0
0
0
0
0
0
0
0
0
0
0
0
0
0
0
0
0
0
0
0
0
0
0
0
0
0
0
0
0
0
0
0
0
0
0
0
0
0
0
0
0
0
0
0
0
0
0
0
0
0
0
0
0.00331392611931513
0.0135894389780094
0.0157310488609838
0.0172800185081741
0.0158525950256722
0.0133662130342276
0.0113631861506451
0.00950553764415919
0.00790087344669055
0.00642190227807365
0.00546815306351465
0.00460637789987938
0.00417551243402859
0.00394976192780446
0.00389591807624655
0.0039286556228376
0.00357686113094508
0.00277605301153701
0.00255233947149928
0.00221945543159615
0.00242960781042824
0.00283809088052132
0.00217649585428829
0.00246946401328393
0.00234765478919419
0.00240509056293882
0.00219199602145043
0.0019337641502011
0.00149363290121604
0.00137671011672102
0.00150158539238271
0.00167943945580439
0.00173504560730815
0.00171347562217563
0.00144855255647436
0.00146659773809336
0.00112830971851691
0.000957521566048371
0.000919041444466624
0.0010035389227648
0.00128460568371506
0.00139337379708543
0.00119681420676732
0.00161255264672683
0.00165176709608068
0.00144257808551871
0.00145050599043248
0.00133258929319891
0.00138625773302634
0.00146261311911311
0.00157948852248123
0.00140673702089647
0.00125206767280934
0.00137026953664619
0.00160721334494596
0.00154621707083116
0.00144792233261757
0.0012568107906112
0.00118207373166352
0.00111261970489658
0.00118241092047316
0.00130696448735784
0.00154271199356171
0.00138468938517373
0.00119404935457338
0.00101522267978041
0.00132943566155292
0.00162399367223543
0.00185520201844543
0.00175172911141283
0.00170881706338664
0.0016765267647271
0.00162088338156826
0.0017236406942397
0.00190808624657331
0.00211556260555841
0.00217802715578114
0.00210085389077868
0.00199729889866269
0.00191224921459033
0.00179445374716896
0.00168445701132776
0.00154983735994861
0.00145383895532953
0.00132387092603613
0.0012455985314539
0.00111931004487236
0.00091886193217824
0.000805087054735197
0.000674284262060055
0
0
0
0
0
0
0
0
0
0
0
0
0
0
0
0
0
0
0
0
0
0
0
0
0
0
0
0
0
0
0
0
0
0
0
0
0
0
0
0
0
0
0
0
0
0
0
0
0
0
0
0
0
0
0
0
0
0
0
0
0.00331503196947612
0.0136031104990095
0.0157645672630125
0.0173173920059822
0.0158865178911679
0.0133933438106347
0.0113855789003945
0.00952545169414377
0.00792213463672276
0.00644487164537584
0.00548419612780576
0.00461944530156387
0.00417888646475388
0.00394469756788263
0.00389832915885838
0.00393236422909629
0.00357768584900897
0.00277577146399195
0.00255054306086312
0.00222109595309851
0.00242787059247486
0.00282841513868029
0.00219922490202606
0.00248745167499732
0.00234400976574279
0.00238062504216495
0.00216351575929007
0.00191215250033951
0.00147773867686023
0.00136742805826533
0.00148386522113355
0.00165544708870513
0.00170770824884407
0.00168623416228163
0.00143892023371147
0.00145328030480696
0.00111861092912796
0.000944394766185699
0.000913734044516432
0.00100622499287133
0.00128887571308172
0.00139606129731334
0.00119737891901462
0.00159460335865395
0.00161811437600811
0.00142554768868243
0.00143938145622437
0.00131293997272855
0.00135357437623148
0.00142549157618323
0.00154817629673297
0.0013883919787345
0.00124074438455337
0.00133905353888309
0.00156107652486478
0.00149578200690825
0.00140931420794851
0.00122319372965523
0.00114718861683973
0.00108624366258018
0.00116103558656786
0.0012981470826322
0.00154164097562349
0.001382332979856
0.0011842476310383
0.000998132468540202
0.00130626190987712
0.00160419973810804
0.00183763293498342
0.00173285498930077
0.00168160934807832
0.00164306320897003
0.00158511322336106
0.00168304148445927
0.00186039777624192
0.00206247261534222
0.00212961112972644
0.00205405821140654
0.00195388202256047
0.00187487872804836
0.00176633616225063
0.00166342424913976
0.00152931511219675
0.00143869994465752
0.00130885535691774
0.00123134779753401
0.0011061028311299
0.000914242264571446
0.000809498050140396
0.000684514751020527
0.000587742144551679
0
0
0
0
0
0
0
0
0
0
0
0
0
0
0
0
0
0
0
0
0
0
0
0
0
0
0
0
0
0
0
0
0
0
0
0
0
0
0
0
0
0
0
0
0
0
0
0
0
0
0
0
0
0
0
0
0
0
0
0.00331351695677089
0.0136186581657984
0.0157846051628832
0.0173472626587913
0.0159197915923498
0.0134186061683556
0.0114090423535771
0.00954412475254794
0.00794046081263556
0.00646661605754884
0.00550039692913186
0.00463474174477966
0.00418630159771291
0.00394053095813773
0.00389449471526571
0.00393517046994696
0.00358082686433033
0.00277699572360939
0.00254819889859222
0.00222174863173519
0.00242644267789718
0.00281938017775871
0.00220098626086142
0.00250499074630232
0.00234435726825701
0.00235653707441858
0.00213583364243466
0.00189297856118733
0.00146648951126226
0.00135561133276786
0.00147068595855306
0.00163319868581669
0.0016807867340174
0.0016563199545501
0.00141929983551171
0.00144504826260161
0.00110689137348864
0.000930603344682544
0.000904748285575831
0.00100884637202497
0.00129300452693749
0.00139720703511515
0.00119302097545577
0.00157685709056999
0.00158542847297134
0.00139669807244839
0.00143069340435299
0.00129641107447016
0.00132486138683914
0.00138892354513745
0.00151205133537057
0.00136358094129619
0.00122376141812862
0.00131242886290052
0.001518888853685
0.00144878019609785
0.00136682866225655
0.00119212229626223
0.00112042084677197
0.0010581597778636
0.00113622833534972
0.00128093400966185
0.00153923467611666
0.001380950775727
0.00117440779473356
0.000981351739715026
0.00128486763295335
0.00158849581782397
0.00182456673951186
0.00171568018050316
0.0016554738039987
0.00160978728590939
0.00155137081134475
0.00164367944801682
0.00181094145261013
0.00201002102221879
0.00207759199824579
0.00200634571852537
0.00190848555900883
0.0018339856281145
0.00173514858229118
0.00164093704357616
0.0015079286037669
0.00141649343586327
0.00129478875516131
0.00122088737653485
0.00109506891061618
0.000903409841481279
0.000811389551000061
0.000691918045880257
0.000602834980639319
0
0
0
0
0
0
0
0
0
0
0
0
0
0
0
0
0
0
0
0
0
0
0
0
0
0
0
0
0
0
0
0
0
0
0
0
0
0
0
0
0
0
0
0
0
0
0
0
0
0
0
0
0
0
0
0
0
0
0
0.00331445333546816
0.0136304086850416
0.0158065856657483
0.0173569627843717
0.0159327306509353
0.0134438823720718
0.0114299055491486
0.00956651607705016
0.00795966255898832
0.00648585421768958
0.00551024904870755
0.00464916874775576
0.00419436791203543
0.00394177352300922
0.00389097205356692
0.00392881431822414
0.00358334545336291
0.0027812014526402
0.00254830543094779
0.0022228833528103
0.00242397049324168
0.00281185746320887
0.00220045099674508
0.00249332701737413
0.00234646279302572
0.00233684085079639
0.00210654918731467
0.00187036203042102
0.00145527365363256
0.001349083898577
0.00145519199302718
0.00161578574381389
0.00165583090040908
0.0016295124699648
0.00139629466895228
0.00142185985486006
0.00110148188697613
0.000916121764501236
0.000896748351846229
0.00100940113802887
0.00129887373595702
0.00139794865237647
0.00118731067084475
0.00155397092603073
0.00155630702470994
0.00136802562968373
0.00140425441664132
0.00128200763925223
0.0013004395746585
0.00135950449358245
0.00147698512155205
0.00133289341599076
0.00119828372300958
0.00127814780316279
0.00148034165521384
0.00140247750382525
0.00132561518125501
0.0011565694411238
0.00109379876802394
0.00103611333299495
0.00110906020829428
0.00126023252312091
0.00152113298732262
0.00137857822404611
0.00116513511066157
0.000966683097835844
0.00126487469439763
0.00157425505280318
0.00181757627253028
0.00170608875801163
0.00163304647977102
0.00157782067667875
0.00152039616239218
0.00160682379101526
0.00176487390618708
0.00195622036423391
0.00202750124401248
0.00195695628456756
0.001861730918658
0.00179094629046355
0.00169946991331292
0.00161576607654177
0.00148771095186331
0.00139436212720906
0.00127124645334024
0.00120795010160698
0.00108861221163442
0.000893894906425386
0.000802195284504587
0.000695261460610973
0.000614994913325653
0
0
0
0
0
0
0
0
0
0
0
0
0
0
0
0
0
0
0
0
0
0
0
0
0
0
0
0
0
0
0
0
0
0
0
0
0
0
0
0
0
0
0
0
0
0
0
0
0
0
0
0
0
0
0
0
0
0
0
0.00331396529820679
0.0136436724422911
0.015821085153939
0.0173684102803261
0.0159334574686508
0.0134563996855774
0.0114512327863972
0.00958736555748902
0.00798133605976801
0.00650622373698817
0.00551841752223302
0.00465792590567326
0.00419921529468514
0.00394303949990104
0.00389086910628083
0.00392137518106694
0.00357910005907227
0.00278463296969257
0.00255005004004389
0.0022256133818392
0.00242095762254932
0.00280177513256713
0.00220111108273395
0.002478906837571
0.00233024420535334
0.00231925813408433
0.00208118145521528
0.00184603831609261
0.00143918079725884
0.00134034653528201
0.00144415875749272
0.0015955301837393
0.00163524178617354
0.00160334717231402
0.0013751161466121
0.00139480140755012
0.00108430868351198
0.000906816213301424
0.000889442785404917
0.00101038450549715
0.00130142060665829
0.00139946706007657
0.00118062161089916
0.00153083304747453
0.00152488223865453
0.00134128409953579
0.00137718245087254
0.00125457770046926
0.00127704123087499
0.00133403239281964
0.00144832815319279
0.00130427235813734
0.00117030476982561
0.00123902146123861
0.00143721660719892
0.00136003392996383
0.00128293609906025
0.00112085560438485
0.00106344065548191
0.00101399368615607
0.00108823092937059
0.00123751748886651
0.00150084906469209
0.00136260084525891
0.00115578647186412
0.00095337835105071
0.00124729973876117
0.00156091143823758
0.00181079995248883
0.00170244865710169
0.00161707121005707
0.0015477968610313
0.0014888606563979
0.00157274431424598
0.00172105739033208
0.00190497146492831
0.00197605362320242
0.00191053578716879
0.0018135160335549
0.00174499256911086
0.00165968270575577
0.00158465177046942
0.0014660823744241
0.00137425268669096
0.00124893537999323
0.00118617220142067
0.00108009143548376
0.000888014364871307
0.000792630972831568
0.000687391961253196
0.000619974717104172
0
0
0
0
0
0
0
0
0
0
0
0
0
0
0
0
0
0
0
0
0
0
0
0
0
0
0
0
0
0
0
0
0
0
0
0
0
0
0
0
0
0
0
0
0
0
0
0
0
0
0
0
0
0
0
0
0
0
0
0.00331331876600055
0.0136545379070685
0.0158353638924863
0.0173702937190949
0.0159348293693826
0.0134651461832535
0.0114692015495326
0.00960901986837676
0.00800262631038669
0.00652647759135674
0.00552659919578704
0.00466616426462252
0.00420095394958393
0.00394132407320284
0.00389053317094885
0.00391555027299179
0.00357282687654549
0.00278445757850633
0.00255136614172609
0.0022285789573985
0.00241837101140028
0.00279106402433434
0.00219784134989637
0.002465929128287
0.00231220268412632
0.0022953217324996
0.00205755110928348
0.00182566638754042
0.00142221807908965
0.00132815814405172
0.00142958408334318
0.00157802153253333
0.00161239452232611
0.00158027029598855
0.00135444801214839
0.00136836246335989
0.00106418074632617
0.000891497775886925
0.000885217009875007
0.00101193209781833
0.00130461106482436
0.00139826969626527
0.00117411427235988
0.00150618843528383
0.00149354211265023
0.00131329000971105
0.00135057811756591
0.00122691850607528
0.00124687870168812
0.00130860882906621
0.00142275435779939
0.00128021055414799
0.00114508080856406
0.00119993333232448
0.00139291602157409
0.00131629098401911
0.00124390655905163
0.00108261010076504
0.00103180886873443
0.000989607031730389
0.00106780854013848
0.00122145769374765
0.00147920861526173
0.00134494858076445
0.00113718339899755
0.000940373706034569
0.00123073916738895
0.0015493674867423
0.00180577847067973
0.00169897322933696
0.00160688206138842
0.0015221511197333
0.00145670922743598
0.00153620943758687
0.00167981627514572
0.001855433830786
0.0019266164438458
0.00186247844167285
0.00176783004697648
0.0016968023430809
0.00161626022416634
0.00154905954210441
0.00143927157325382
0.00135473466958693
0.00122899957265945
0.00116633873041943
0.00106538759058239
0.000881487067058823
0.000785795684506476
0.000679076139852607
0.000615818378098662
0
0
0
0
0
0
0
0
0
0
0
0
0
0
0
0
0
0
0
0
0
0
0
0
0
0
0
0
0
0
0
0
0
0
0
0
0
0
0
0
0
0
0
0
0
0
0
0
0
0
0
0
0
0
0
0
0
0
0
0.00331384568322738
0.0136604695047845
0.0158481797937641
0.01737003359233
0.0159278766378494
0.0134754298393763
0.0114872105805435
0.00963117833344859
0.00802507307299101
0.00654843852716049
0.00553621777164511
0.00467467199269481
0.00420323733727438
0.00393476602414794
0.00388588639829705
0.00390964293220961
0.00356671124381146
0.00278305938254443
0.00255014272567579
0.00223177920855563
0.00241566433352416
0.00278080650628766
0.0021935064006172
0.00244842834788621
0.00229675143227928
0.00226891657767387
0.00203204933994062
0.00180478187368735
0.00140921774774647
0.00131546893250924
0.00141370127594994
0.00155647164558613
0.00159157291742505
0.00155671230003367
0.00133844728312416
0.00134242501480523
0.00104367418520784
0.000873410182597173
0.000878595858760303
0.00101413060373385
0.00130822974848034
0.00139230828273929
0.00116514121229214
0.00147704646185603
0.00146032113082684
0.00128682459280863
0.00132397836229602
0.00119820587002401
0.00121659894576775
0.00127899244050119
0.00139560172699633
0.00125909307004371
0.001123947598337
0.00116472576586211
0.00135090965034348
0.00127341563304705
0.00120535413862499
0.00104657738327458
0.000996436096834676
0.000964347567037092
0.00104387189628495
0.00120228822892448
0.00145914989786603
0.00132417529320775
0.00111682286263172
0.000921604276653769
0.00121360947168165
0.00153934506084031
0.00180288301264918
0.00169315803879493
0.00159569345189049
0.00150037560545029
0.00142710781275049
0.00149860912800518
0.00163504018882669
0.00180719094994835
0.00187904722251418
0.00181649743621067
0.00172135983038007
0.00164994121063497
0.00157083480538655
0.00151134072593527
0.00141034418943511
0.001332662756438
0.00121068033214106
0.00114782610450907
0.00105036213763535
0.000871072963610232
0.000779723483763509
0.000672748034733451
0.00061017391722874
0
0
0
0
0
0
0
0
0
0
0
0
0
0
0
0
0
0
0
0
0
0
0
0
0
0
0
0
0
0
0
0
0
0
0
0
0
0
0
0
0
0
0
0
0
0
0
0
0
0
0
0
0
0
0
0
0
0
0
0.00331074824452204
0.0136628302437589
0.0158561893748044
0.0173686053775764
0.0159197443502745
0.0134794324409587
0.0115059552126753
0.00965579952820998
0.00804960673394494
0.00657118081833932
0.00554859770850578
0.00468186932907946
0.00420500464035037
0.00392776789710742
0.00387625823211192
0.00389959674023861
0.00356147005549754
0.00278199801996109
0.00254792408468363
0.00223386148851773
0.00241243024175825
0.00276901235168767
0.00219029385697295
0.00243128095258926
0.00227674832551883
0.00224432411795368
0.00200422846434359
0.00178241507912925
0.00139551765054705
0.00130514951850089
0.00139898811244816
0.00153717152783251
0.00156735443648513
0.00153495413842845
0.00132261628619375
0.00132110596431561
0.00102410332964534
0.000855775447249039
0.000870837063282521
0.00101707919386787
0.00131214856394117
0.0013864684509981
0.00115068378952122
0.00144273740117692
0.0014251306704813
0.00125992251616659
0.00129955703416027
0.00117010143284356
0.00118133096826935
0.00124988443426635
0.00136698264967344
0.00123727901803506
0.00110468069393326
0.00113503337367106
0.00131151614008471
0.00123228568821815
0.0011664329578241
0.00101105676751786
0.000966272681935299
0.00093743125157372
0.00102029102836771
0.00118145200626029
0.0014374140123521
0.00130632777020423
0.00109255232238932
0.000898537249187731
0.00118680460361505
0.00152939404203392
0.00180208128421897
0.00169107971993251
0.00158222640673435
0.00147709103041186
0.00140024720349227
0.00146473038686593
0.00158936436089485
0.00175581942541032
0.00183230305456004
0.00177235405316597
0.00167519823198164
0.00160308852634248
0.00152514787874822
0.00146780493382276
0.00137888267836761
0.00130735754197692
0.00119138498826293
0.00112994418696756
0.00103230282400844
0.00085906953779801
0.000768109765950008
0.000667023824480136
0.000604793476775504
0
0
0
0
0
0
0
0
0
0
0
0
0
0
0
0
0
0
0
0
0
0
0
0
0
0
0
0
0
0
0
0
0
0
0
0
0
0
0
0
0
0
0
0
0
0
0
0
0
0
0
0
0
0
0
0
0
0
0
0.00330554116664139
0.0136606614976762
0.0158604149320927
0.0173604642331086
0.0159116478995438
0.013480708765252
0.011517195015894
0.00968105488542603
0.00807761642227846
0.00659676651108173
0.00556193633239126
0.00469315888537067
0.00420516780821335
0.00392061261267827
0.00386613360337153
0.00388260008680869
0.00355131870343804
0.00278185179726896
0.0025448699504116
0.00223343272533755
0.00240900990510276
0.00275619083661966
0.00218534289926212
0.00241547295535921
0.00225671223924301
0.00221666654233914
0.00197927842282634
0.00175743689421773
0.00137787053734515
0.0012922013335977
0.00138739028313592
0.00152055265019557
0.00154680618905724
0.00150981783947789
0.00130794767766077
0.00130142043795425
0.00101009077812381
0.00083929446533542
0.000861710368993541
0.00102015246955033
0.0013187689011929
0.0013827000107526
0.00113797157097866
0.00140476789065034
0.00138141208059438
0.00123017476739585
0.00127480086555795
0.00114380338992608
0.00114646387790493
0.00121230086216443
0.00133915174719244
0.00121505713110121
0.00108534729611234
0.00110837426801641
0.0012777418378675
0.00119466954348671
0.00112965915913361
0.000975027917912672
0.000936638892298337
0.000915691245614749
0.000993942710173824
0.00116127279180579
0.00141422226321838
0.00128778193417732
0.00107203626235445
0.000871407959174362
0.00115025904457572
0.00150055077636247
0.00180052887264464
0.00169183895210616
0.0015728109448039
0.00145059586180318
0.00137257955614358
0.00143582322246896
0.00154796133158705
0.00170419942275169
0.00178013025680807
0.00172898364358222
0.00163099941906312
0.00155368783891491
0.00147885994827705
0.00142316811515734
0.00134150223353795
0.00128046379626615
0.0011692100806432
0.00111210941016184
0.00101432322376672
0.000844808303883433
0.000756983996131496
0.000653803237795122
0.000598524857954798
0
0
0
0
0
0
0
0
0
0
0
0
0
0
0
0
0
0
0
0
0
0
0
0
0
0
0
0
0
0
0
0
0
0
0
0
0
0
0
0
0
0
0
0
0
0
0
0
0
0
0
0
0
0
0
0
0
0
0
0.00329924404014442
0.0136546253504561
0.0158557108673912
0.0173391741395202
0.0158930304735533
0.0134816655720686
0.0115251851288311
0.0096974218585482
0.00810424689170049
0.00662840358638321
0.00558112710187448
0.00470465943697252
0.00421100736255831
0.00390848015898355
0.00385452183238571
0.00386369135738346
0.0035319269678371
0.00277642249364839
0.00254344477201197
0.00223100083446489
0.00240034875339031
0.00274243909049753
0.00217834823664549
0.00239948920305057
0.002238948328545
0.00219097583776962
0.00195317056342396
0.00173448284474478
0.00135964926417532
0.00127612897431737
0.00137225324205636
0.00150528923962689
0.00153223770135514
0.00149117433753166
0.00129130290379483
0.00128283081437421
0.000997985018579625
0.000826455099665233
0.000853892134484147
0.00101881190197768
0.00132627924010167
0.00138315511310722
0.00113186822678244
0.00137037417077373
0.00133362510412314
0.00118496260742454
0.00124745572682485
0.0011203257779599
0.00111333003709337
0.00117455787819259
0.00129767970178859
0.00119588843003664
0.00106976949143901
0.00108349396178685
0.00124913903673211
0.00116245541716466
0.00109533062424137
0.000939972901697132
0.000903386926017607
0.000896029199188441
0.000974334875878667
0.00114044838560433
0.00139273218161508
0.00126816303744672
0.00105134613171776
0.000849047412492022
0.00110694101084492
0.00145275733289403
0.00176547522657624
0.00169107488489139
0.00156820915812822
0.00143041799405982
0.00134230481981932
0.00140647603245958
0.00151279925210602
0.00165515349436108
0.00172788144379686
0.00167747642368459
0.00158848793692224
0.0015066064063799
0.00142731100684257
0.00137704704584331
0.00129925709804071
0.00124352935352975
0.00114630827932605
0.00108831827014366
0.000997866904542769
0.000831100704208304
0.00074180813066464
0.00064407334445393
0.000580314599628005
0
0
0
0
0
0
0
0
0
0
0
0
0
0
0
0
0
0
0
0
0
0
0
0
0
0
0
0
0
0
0
0
0
0
0
0
0
0
0
0
0
0
0
0
0
0
0
0
0
0
0
0
0
0
0
0
0
0
0
0.00329224746962297
0.0136476111147359
0.015847326599369
0.0173083951344035
0.0158582805181593
0.0134717857053987
0.0115326368242281
0.0097109203114535
0.0081228552635816
0.00665870607419203
0.00560644719708959
0.00472166576875191
0.00421649355722409
0.00390207347754982
0.00383709073998294
0.00384306258013904
0.00351010440664184
0.00276139019366305
0.00253694533633059
0.00223029786671856
0.00238992195515148
0.00272351588795263
0.00216939620801519
0.00238106978852813
0.00222181615513295
0.00216750768721133
0.001929155984528
0.00171095427451162
0.00134262326662461
0.00126016512564801
0.00135446361378203
0.00148673757158641
0.00151756088745753
0.0014793891145578
0.00128182707707946
0.00126306783825964
0.00098739237560393
0.000814651035304287
0.00084835950772125
0.00101904042242738
0.00132998361598524
0.00138460116440193
0.00112985316929442
0.00134393237037007
0.00129063302543791
0.00113656314951008
0.00120443361361192
0.00109456927008482
0.00108425257458782
0.00113881731166432
0.00125641319062213
0.0011629062538593
0.00105790272085796
0.001064175244854
0.00122283179032705
0.00113612105120819
0.00106635046779338
0.000906063579347766
0.000869843063520653
0.000871543741054405
0.000956791079181011
0.0011263609997171
0.00137156209853723
0.00125080517833871
0.0010302113472975
0.000826979373680871
0.00106895275217553
0.00139762199383665
0.00171068272252791
0.0016565691986276
0.00156190007921708
0.0014151639860909
0.00131855662412831
0.00137481917704582
0.00147706829342023
0.00161154703005272
0.00167748489139302
0.00162654350548201
0.00153871886814158
0.00146146724704486
0.00137803844383007
0.00132555945330048
0.00125553760338701
0.00120019229839286
0.00111290788432177
0.00106392236722041
0.000974449969847997
0.00081905415445773
0.000726846744631683
0.000628889191167083
0.000565672177235793
0
0
0
0
0
0
0
0
0
0
0
0
0
0
0
0
0
0
0
0
0
0
0
0
0
0
0
0
0
0
0
0
0
0
0
0
0
0
0
0
0
0
0
0
0
0
0
0
0
0
0
0
0
0
0
0
0
0
0
0.00328652720426185
0.0136396879682878
0.0158390366319894
0.0172753858984421
0.0158163271623485
0.0134494137926657
0.0115315143611766
0.00972414057252746
0.00813935152509656
0.0066829373906944
0.00563169823149909
0.00474360573538988
0.00422608394712467
0.00389520175102424
0.0038247294585855
0.00381837825837158
0.00348698269468564
0.00274406393610941
0.00252301014419657
0.00222524032038922
0.00238091410190784
0.00270313530216732
0.00215711922036853
0.0023612815170544
0.00220236244727265
0.00214370123243966
0.00190654392940142
0.00168841753045477
0.0013248189234036
0.00124498881574383
0.00133651208948759
0.00146559866368518
0.00150060041448479
0.00146823646821647
0.00127793863060147
0.00124936966477657
0.000975852082919914
0.000804876214298782
0.000842755469058637
0.00102167887500808
0.00133498665211323
0.00138407425912968
0.00112846896275863
0.00132125342014401
0.00125465220883954
0.00109316680961094
0.00116032590152124
0.00105761512552669
0.00105368962985114
0.00110624251794341
0.00121667252890656
0.00112971562391312
0.00103376372688839
0.00104755307804658
0.00120131082371478
0.00111202741602935
0.00104175118629984
0.000875860447937008
0.000836001944590731
0.000846442877512947
0.000935747653749031
0.00111383412931731
0.00135599604915152
0.00123386399195072
0.00101151826994389
0.000804763347328424
0.00103257623954728
0.00134917895781337
0.00165084593964233
0.00160771906170126
0.00153102197018092
0.00139858690259233
0.00129842507904577
0.0013479615645975
0.00143950608311456
0.0015676809510228
0.00163092334239627
0.00157823757757084
0.00149011598733214
0.00141142356409477
0.00133024269986404
0.00127595503091391
0.00120729852382249
0.00115544250710519
0.00107414433663887
0.00103145984184001
0.000949689185267867
0.000801364181325256
0.000712602922935929
0.000612729389066221
0
0
0
0
0
0
0
0
0
0
0
0
0
0
0
0
0
0
0
0
0
0
0
0
0
0
0
0
0
0
0
0
0
0
0
0
0
0
0
0
0
0
0
0
0
0
0
0
0
0
0
0
0
0
0
0
0
0
0
0
0.00327386773767733
0.0136243194553914
0.015828714735918
0.017241615815236
0.0157717886912012
0.0134161242603918
0.0115100554340697
0.00972670599724644
0.00815489054259928
0.00670553006539207
0.0056529952014306
0.00476397223914568
0.0042421600869259
0.00389508602064361
0.00381052195416
0.00379795704921123
0.00345594487752127
0.00272291002473752
0.00250494445937255
0.00221490175934636
0.0023698176957206
0.0026855965871415
0.00214516809287008
0.00234044833298428
0.00217799657446981
0.00211721845783798
0.00188370295336096
0.00166755956416012
0.00130721951867816
0.00122784314823278
0.00131807760309969
0.00144750148058886
0.00148135036696105
0.00145461801716557
0.00127103109684805
0.00124237388141941
0.000972536055561238
0.000794434972367236
0.000838979519605579
0.00102237447336479
0.00133754464103055
0.00138761300041175
0.00113104283196423
0.00130115745070688
0.00122284082284464
0.00105804390721417
0.00112134349715321
0.00102152723299614
0.00101455883524765
0.00107156507209208
0.00117990960931893
0.00109879179135159
0.00100803875082313
0.00102158667653482
0.00118396838981843
0.00109527207272605
0.0010207509483235
0.000850788601405992
0.000805803007156574
0.000817441537439441
0.000911214378690321
0.00109274707619046
0.001339737930574
0.0012230999503521
0.000995012678214565
0.000787923770295398
0.000996909072752726
0.00130302706263309
0.00159733145363595
0.00155292568256943
0.00148450883456404
0.00137066931635251
0.00127767477601454
0.00132183860015938
0.00140689202383388
0.00152278053462337
0.00158282819466087
0.00153102255793785
0.00144087798472776
0.00136212752879391
0.00127997049333273
0.00122860805390774
0.00116066570987019
0.00110920701356806
0.00103353943868165
0.000987865577260602
0.000915679573101726
0.000781261696500582
0.000690943263691106
0.000598566442541398
0
0
0
0
0
0
0
0
0
0
0
0
0
0
0
0
0
0
0
0
0
0
0
0
0
0
0
0
0
0
0
0
0
0
0
0
0
0
0
0
0
0
0
0
0
0
0
0
0
0
0
0
0
0
0
0
0
0
0
0
0.00326035438370147
0.013600010189628
0.015808785853501
0.0172068640729877
0.0157257494630359
0.0133800204324175
0.0114772394080427
0.00971016890041619
0.00816210563939034
0.00672742046652101
0.00567232009695188
0.00478061679229517
0.00425611636484157
0.00390144748986934
0.00380463336096338
0.00377549075514357
0.00342790541682488
0.0026937603112148
0.00248309177141249
0.00219993960240631
0.00235645280243259
0.00266719590733633
0.00213597132322009
0.00231918198941911
0.00215308596898401
0.00208650068908852
0.00185894329500279
0.00164635442409807
0.00129123922643621
0.00121082639346006
0.00129776928225455
0.00142957017634792
0.00146643182377645
0.0014390859907902
0.00126192151546867
0.00123237754460843
0.000975478351222131
0.0007915934504647
0.000833985744662723
0.00102490606530742
0.00133860775185838
0.00138727854700309
0.00113822645151194
0.00128676187791258
0.00119366349067499
0.00102713725949804
0.00108914652641245
0.000989281164398037
0.000977276690641784
0.00103070861048446
0.00114176950918691
0.00106995071525688
0.000984039134200626
0.000994206358823071
0.00116074666567167
0.00108202120054743
0.00100620692190588
0.000828749419917046
0.000780163210681858
0.000790045283066762
0.000883128936620643
0.00106767173164495
0.00131498542434306
0.00121093363001825
0.000984750207153347
0.000772783361485641
0.000966923454149712
0.00125763900437114
0.00154574674986295
0.00150456515719187
0.00143263250069628
0.00132867902860666
0.00125204424685955
0.0012955118715981
0.00137419901174814
0.00148125493539341
0.00153360563252153
0.00148208719443672
0.00139278749604149
0.00131101244363193
0.00123048461646643
0.00118004383763154
0.00111583947798567
0.00106378765186906
0.000991322460307012
0.000942057233762946
0.000870440843150782
0.000752783167379086
0.000666461625233375
0
0
0
0
0
0
0
0
0
0
0
0
0
0
0
0
0
0
0
0
0
0
0
0
0
0
0
0
0
0
0
0
0
0
0
0
0
0
0
0
0
0
0
0
0
0
0
0
0
0
0
0
0
0
0
0
0
0
0
0
0
0.00324658081687259
0.013574473932551
0.015782789825556
0.0171642018676188
0.015678835638519
0.0133424849657449
0.0114409435434493
0.00968528908246686
0.00815559963505427
0.00674157523941254
0.00569205265276516
0.00479447312068193
0.00426661931517394
0.00390739623823325
0.00380484416112713
0.00376108354920372
0.00339858036517606
0.00266756977072425
0.00245468729925152
0.00218225243648234
0.00233899153549161
0.00264664515821581
0.00212547773474025
0.00230109350301992
0.00212880834773811
0.00205638555102282
0.00183029887539183
0.00162303890123182
0.00127386283847051
0.00119486083190212
0.00127615912796095
0.00140980407365037
0.00145230966610412
0.00142628978935035
0.00124929424626748
0.00121958543684078
0.000977597511727209
0.000794308736419186
0.00083608606360886
0.0010258854304016
0.00134166228377265
0.00138547913765741
0.00114331948133411
0.0012767780065226
0.00117036981316947
0.000998211653138637
0.0010612731204658
0.000963064770538243
0.000943205029874879
0.000991376620937496
0.00109863748835484
0.00103801884726856
0.000959962531245517
0.000967735222144274
0.00113521799550273
0.00106248305444925
0.000994514785602395
0.000810812487858819
0.000756946416626884
0.000766574839842429
0.000856963124906686
0.00104006109256613
0.00128700030401824
0.00119153016574591
0.000972205714168172
0.000763474590063477
0.000937642338258194
0.00121685501994443
0.00149468542178671
0.00145793847932383
0.00138771326284069
0.00128325078141508
0.0012144466833855
0.00126765503160329
0.00134114989455724
0.0014386926873842
0.00148599400816838
0.00143059081938125
0.00134239773396225
0.00126078926606566
0.00118090958701295
0.00113263304014995
0.00106950884275231
0.00101897670128497
0.000950057577693159
0.000895655848476453
0.000823511016364918
0.000715854102084782
0.000636595358366848
0
0
0
0
0
0
0
0
0
0
0
0
0
0
0
0
0
0
0
0
0
0
0
0
0
0
0
0
0
0
0
0
0
0
0
0
0
0
0
0
0
0
0
0
0
0
0
0
0
0
0
0
0
0
0
0
0
0
0
0
0
0.00322991980087119
0.0135452840683074
0.0157569136400638
0.0171172568293239
0.0156245384220772
0.0133025447349499
0.0114025643655633
0.00965686302801597
0.00814336229419275
0.00674417640751475
0.00570406575274751
0.00480889837947645
0.00427482766800073
0.00391063722562089
0.00380475249055464
0.00375151691987432
0.00337778076812557
0.00264119827681876
0.00242911471729145
0.00216040580907469
0.0023203534768192
0.00262173007687541
0.00211342377317278
0.00228111254682654
0.00210633489623172
0.00202797677830893
0.00180230547275315
0.00159751258443635
0.00125405600942032
0.00117518007561184
0.0012556677288353
0.00138907580105208
0.00143570184411345
0.00141219410750607
0.00123807976641766
0.00120504914797647
0.000977627516424971
0.000798167759992493
0.000842801710179849
0.0010324264496789
0.00134356421218756
0.0013867754936706
0.00114669733645688
0.00126418556249214
0.00114963488695482
0.000975486696632969
0.00103544580105898
0.000941494728882603
0.000914010811804636
0.000955192713631975
0.00105658378455913
0.00100295853878121
0.000934122801941839
0.000942295675367681
0.00111067152364466
0.00104130413007155
0.000974692194465702
0.000795227336773731
0.000736817901063944
0.000743638612599913
0.000830856289673297
0.00101530231639257
0.0012568091127264
0.00117009155970272
0.000954116818867007
0.000751792310729206
0.000914708982619787
0.00117670120196404
0.00144813038248325
0.00141141425951148
0.0013424455254789
0.00124342550549395
0.00117491300060443
0.0012313753155118
0.00130943133500243
0.00139610820404149
0.00143726986234702
0.00138051481231341
0.00128987969787253
0.00120843387270701
0.00113073721854139
0.00108343379778619
0.00102519329325786
0.000974412133237547
0.000909307269792143
0.000850440697597633
0.000778048307029727
0.00067742020752168
0
0
0
0
0
0
0
0
0
0
0
0
0
0
0
0
0
0
0
0
0
0
0
0
0
0
0
0
0
0
0
0
0
0
0
0
0
0
0
0
0
0
0
0
0
0
0
0
0
0
0
0
0
0
0
0
0
0
0
0
0
0
0.00321188668633754
0.013513114823041
0.0157283431545042
0.0170698171398018
0.0155686073952352
0.0132567070996766
0.0113630733063106
0.00962706622808675
0.0081283582787244
0.00674322363988333
0.00571017331587098
0.00481778008704636
0.00428400015316033
0.00391280300038347
0.00380224857558164
0.00374242173471027
0.00335968661676516
0.00262223915238022
0.00240379678414036
0.00214034912740933
0.00229860627495159
0.00259570770076466
0.00209662814085034
0.00225942727433357
0.00208216602572656
0.00199922924464228
0.00177542130605779
0.00157224697414548
0.00123301692175108
0.00115394020686875
0.00123232229139083
0.00136845016272213
0.00141769512620929
0.00139667038896112
0.0012258446042053
0.00119206074202789
0.000974382462694975
0.000799531903670751
0.000852186124537187
0.00104304756118347
0.00134894973975778
0.00138695443988444
0.00115332728597678
0.00125058936392556
0.0011267651319465
0.000954001665616428
0.00101427405286897
0.000921531095760211
0.000889331766862281
0.000920820866732298
0.0010171086979483
0.000967613320694337
0.000906597362704557
0.000914443535098661
0.00108499061432284
0.00102121399084622
0.000954994904658801
0.000774119288044986
0.000717894178043231
0.000723257931512925
0.000803476608974555
0.000990033228052546
0.00123054874893685
0.00114948239508705
0.000934359707756413
0.000736603608388697
0.000889603145931309
0.00114288268966045
0.00140353026302031
0.00136831652991324
0.00129625894863155
0.00120174843439119
0.00113996708674765
0.00119460694659928
0.00127199266117938
0.00135413377729333
0.00138767112151595
0.00132991530508916
0.00123803522814316
0.00115366898118914
0.00108036273487476
0.00103525351487933
0.000978497892352328
0.000931909792416928
0.000869060767503044
0.000805308057045612
0.000733609976454737
0.000640721263775264
0
0
0
0
0
0
0
0
0
0
0
0
0
0
0
0
0
0
0
0
0
0
0
0
0
0
0
0
0
0
0
0
0
0
0
0
0
0
0
0
0
0
0
0
0
0
0
0
0
0
0
0
0
0
0
0
0
0
0
0
0
0
0.00319475769062716
0.0134793547993634
0.0156956911243951
0.0170193543932588
0.0155116282782437
0.0132082364348512
0.0113183939015527
0.00959628870909199
0.00811133361578577
0.0067401685117107
0.00571461882336241
0.00482346540402423
0.00428838995890342
0.0039157547527077
0.00379896399434833
0.00373178744309682
0.00334249207188589
0.00260441941127537
0.00238518518148239
0.0021210753151584
0.00227800463779219
0.00256823554400077
0.00207923498996925
0.00223293555635888
0.00205558284770197
0.00196919735402656
0.00174697041423175
0.00154782144294413
0.00121170505311723
0.00113213157906555
0.00120805884827906
0.00134597479731323
0.00139878569908825
0.00137920077394038
0.00121227089430291
0.00117712163259334
0.000973037576944188
0.000797593152858609
0.000858669875863741
0.00105611912864787
0.00135826080354946
0.00138898417872389
0.00115901054990636
0.00124041384927172
0.00110369024943527
0.000929481201254169
0.000993449923258763
0.000903052101868361
0.000866776236532693
0.000891371244982408
0.000977666649852606
0.0009336444735779
0.000878129221608428
0.00088534623659118
0.00105617976226155
0.000998844180706448
0.000936747722280627
0.000754670362249713
0.000694584810225613
0.000704689342758021
0.000778759898111519
0.000961844430515657
0.00120324604737402
0.00113381448207951
0.000917403280218254
0.00072043068526661
0.000862187495091489
0.00110668319555144
0.00136515967955557
0.00132815242012269
0.00125377013819272
0.00115898854603358
0.00110122900094042
0.00115976111429921
0.00123496716880742
0.00130787236833097
0.00133752539366609
0.00127816944906902
0.00118636868543406
0.00109985322796196
0.00102764382838974
0.000987475481140284
0.000932191168394404
0.000884996758601108
0.000830509210291422
0.000761326271299245
0.00068905659196182
0
0
0
0
0
0
0
0
0
0
0
0
0
0
0
0
0
0
0
0
0
0
0
0
0
0
0
0
0
0
0
0
0
0
0
0
0
0
0
0
0
0
0
0
0
0
0
0
0
0
0
0
0
0
0
0
0
0
0
0
0
0
0
0.00317771370551892
0.0134438740292041
0.0156660043094163
0.0169609649096713
0.0154499441806147
0.0131543246051597
0.0112690352052816
0.009558304064317
0.00809322343690022
0.00673170161528626
0.00571503021074279
0.004827952286113
0.00429099623747864
0.0039116268497121
0.00379583092422753
0.00372047753305641
0.00332331978316983
0.002586904398218
0.00236628314583108
0.0021093089367791
0.00225800216890145
0.00254146082920664
0.00206010304671607
0.00220667799101259
0.0020245692050565
0.00193626267397161
0.00171639190467324
0.00151920399142487
0.00119240274855977
0.0011089801819563
0.00118502425264956
0.00132287878135518
0.0013779483241882
0.00135979895949617
0.0011947228795033
0.00116303948703889
0.000967452440521736
0.000797375830302653
0.000855910740743711
0.00106430047334933
0.00137116400052157
0.00139684015741695
0.00116429028914154
0.00123070938629914
0.00108507771968174
0.00090535392213038
0.00096474665091413
0.000885146847007535
0.000845415561535616
0.00086605383959976
0.000945393152736082
0.000901981756955482
0.000852769719575789
0.000856355888761466
0.00102565164683842
0.000972721656836273
0.000913576872831616
0.000737794187367697
0.000673947603180049
0.000681401929682007
0.000757489929691684
0.000937921445706159
0.00117200222841081
0.00111605650669019
0.000906886161900768
0.000708269719913175
0.000834581458466308
0.00106847263110993
0.00132306842087555
0.00129529338289058
0.00121505622611764
0.00111918459771748
0.00106059739595819
0.0011166581040826
0.0011962720530274
0.00126361625120992
0.00128329264991739
0.00122560283286058
0.00113460713927336
0.00104752940830411
0.000972932962039114
0.000933718364759573
0.00088653511263369
0.000838806955907794
0.000783463579479974
0.000719008344521802
0
0
0
0
0
0
0
0
0
0
0
0
0
0
0
0
0
0
0
0
0
0
0
0
0
0
0
0
0
0
0
0
0
0
0
0
0
0
0
0
0
0
0
0
0
0
0
0
0
0
0
0
0
0
0
0
0
0
0
0
0
0
0
0
0.00316063434130243
0.0134081909251257
0.0156335645044758
0.0169080003327243
0.0153843311832243
0.0130965762136476
0.0112126818942074
0.00951795616855384
0.00806884935726508
0.00672213962202303
0.00571104396855498
0.00482849873399902
0.00429232320113781
0.003907739634219
0.00378662847492937
0.00370985407824094
0.00330357366898433
0.00256731999231613
0.00234868342705347
0.00209714175933376
0.00224332407124388
0.0025145855225497
0.00204187283079101
0.00217834098950356
0.00199410468108032
0.00189951042147257
0.00168270013346695
0.00148756230682117
0.00117011816856125
0.00108813656337908
0.00116203117082453
0.0013013834167248
0.00135629626547203
0.00133776634463394
0.00117607073285252
0.00114520602869459
0.000963234825656292
0.000795128666094319
0.000853400182919909
0.00105970127330045
0.00137836614617991
0.00140792766757415
0.00117443425634884
0.00122139456199168
0.00106623980510463
0.000885327556363275
0.000936674590618835
0.000863373524276463
0.000825426569757065
0.000843827648340468
0.000916299374316204
0.00087704744524628
0.000829328607388579
0.000829622928110616
0.000993605816592515
0.000944367023098046
0.00088715477664983
0.000714546462685527
0.000655858181830129
0.000660572203866081
0.000731829583282006
0.00091662858714871
0.00114346951126566
0.0010963310281123
0.00089623070531688
0.000702244270896539
0.000810422521778844
0.00102990427810037
0.00127892805412285
0.00125851379685812
0.00118358761137479
0.00108209073952812
0.00102123138003869
0.00107159602030653
0.0011506774426998
0.00121929285398073
0.0012301400881139
0.00116934257775039
0.00108073697593999
0.000995784786096604
0.000920367933411697
0.000877855271183278
0.00083271480508133
0.000792671736476624
0.000737976190664635
0.00067380771927604
0
0
0
0
0
0
0
0
0
0
0
0
0
0
0
0
0
0
0
0
0
0
0
0
0
0
0
0
0
0
0
0
0
0
0
0
0
0
0
0
0
0
0
0
0
0
0
0
0
0
0
0
0
0
0
0
0
0
0
0
0
0
0
0
0.00314315470372213
0.0133714807024109
0.0155998201073502
0.0168502387226958
0.0153235268969506
0.0130385583310724
0.0111538650994754
0.00947002422253342
0.00804443695107756
0.00670681870888637
0.00570576826561083
0.00482659664776825
0.00429131649526128
0.00390263466329916
0.00377801141593141
0.00369441291562657
0.00328492952373926
0.00254725643128924
0.00232964643854936
0.00208687386601516
0.00222633608708244
0.00249053747059912
0.00202294960202366
0.0021503401364841
0.00196156077187413
0.00186350777834673
0.00164568950155194
0.0014520107023565
0.00114430352219613
0.00106559237308193
0.00114222825891958
0.00128171642861825
0.00133484761557334
0.00131441809275059
0.00115485697609802
0.00112714293062041
0.000955609043150765
0.000793596532437279
0.00084991487252383
0.00105395637573385
0.00136820823029753
0.00141372202963151
0.00118746104447606
0.00121603058104073
0.0010496299445493
0.000864910548464179
0.000912556912525973
0.000841506321171559
0.000804715701496963
0.00082421259467516
0.000891658291132953
0.000854620661739159
0.000810534076559256
0.000804790736530775
0.000961654025792225
0.000912204828112709
0.00085774534346124
0.00068726637779748
0.000630141186185274
0.000643159267818776
0.000707819462837456
0.000891375268270852
0.0011172713936485
0.00107789319794077
0.000885452029226126
0.000697034775203997
0.000791697839335318
0.000992674326000043
0.00123318803742661
0.00121909432627444
0.00114775559455109
0.00105193059347713
0.000984501248272417
0.00102756256140273
0.00110353171367855
0.00116940645741924
0.00117849199191717
0.00111230454097633
0.00102381545353238
0.000940449787649437
0.00086860302720362
0.000823027181890197
0.000776346289055464
0.000736757407318314
0.000692000166934071
0
0
0
0
0
0
0
0
0
0
0
0
0
0
0
0
0
0
0
0
0
0
0
0
0
0
0
0
0
0
0
0
0
0
0
0
0
0
0
0
0
0
0
0
0
0
0
0
0
0
0
0
0
0
0
0
0
0
0
0
0
0
0
0
0
0.00312537081679187
0.0133334854277051
0.0155626104426475
0.0167908328388709
0.0152592500489617
0.0129830745246147
0.0110966538677503
0.00942046352041004
0.00801431952995963
0.00669322958729482
0.00569648283409982
0.00482238789079947
0.00428955091850511
0.00389775844929309
0.00376885826493993
0.00367841348854243
0.00326307719074971
0.00252827665739246
0.00231139958778243
0.00207599427412806
0.00221140587155029
0.00246360114865056
0.00200531492163763
0.00212142857328871
0.00192959887592878
0.00182634579527076
0.00160964066402051
0.00141394927391778
0.00111467188278703
0.00103881156803314
0.00112142670956052
0.00126526961772586
0.00131575569920918
0.0012905216259123
0.00113225252539925
0.00110696475166243
0.000948284542194004
0.000790444845014946
0.000846025536313933
0.00104729937000153
0.00135643456481927
0.00140488612032626
0.00119773136680811
0.00121329390317227
0.00103599658667346
0.000847258754652667
0.00088848326115286
0.000823928864978584
0.000783037679916987
0.000805499117916574
0.000868765856223508
0.000836163978414663
0.000791976539355905
0.000783000728051143
0.000931118618245962
0.000879371724861224
0.000821131868061891
0.00065723374662721
0.000601090479291734
0.000619235437710919
0.000687136352446127
0.000867469808994761
0.00108741697155668
0.00106141846418487
0.00087561403008069
0.000692294975581818
0.000773503080247022
0.000959369529452395
0.00118658581983992
0.00117777891865215
0.00110994623360613
0.00101897135507096
0.000954267687658933
0.000986890695275449
0.00105740858603315
0.00111795609836236
0.00112123300621382
0.00105745979500734
0.000964685678114976
0.0008840997014123
0.000812742599546074
0.000769448818034383
0.000720876516307793
0.000679070437961201
0
0
0
0
0
0
0
0
0
0
0
0
0
0
0
0
0
0
0
0
0
0
0
0
0
0
0
0
0
0
0
0
0
0
0
0
0
0
0
0
0
0
0
0
0
0
0
0
0
0
0
0
0
0
0
0
0
0
0
0
0
0
0
0
0
0
0.00310845806310526
0.0132953962542196
0.0155235349059089
0.0167263664918191
0.0151923900324305
0.0129248227999538
0.0110424716964327
0.00937313110540016
0.00798223805209471
0.0066764106558749
0.00568901281580154
0.00481476927295435
0.00428495334204579
0.00389284584184132
0.00376010033787738
0.00366397258591613
0.00323953547180248
0.00250417642476421
0.00229408634399241
0.00206615948944701
0.00219609498141894
0.00243857135907522
0.00198382107598122
0.00209217281481093
0.00189678184776619
0.00179072719476443
0.00157378875553815
0.00137673625872066
0.00108321733585934
0.00100830576332336
0.00109628305879548
0.00124858596418788
0.00129943737385249
0.00126891218559559
0.00110816465981082
0.0010851222392487
0.000938331066042632
0.000788440154444425
0.00084230870864881
0.00104004596645658
0.00134304233202838
0.00139321328841546
0.00119603894716629
0.00120844694548419
0.00102505250494352
0.000832231191274552
0.000867364862771924
0.000806763599017442
0.000765887032108985
0.000784828966752428
0.000848316852694535
0.000818383775501215
0.000777808807381989
0.000760564040484434
0.000901561607424292
0.000847436847151235
0.000783942360058285
0.000620509267994129
0.0005704012610541
0.000592067810260194
0.000663078906550962
0.000846379588218655
0.00105737810405911
0.00103939237514367
0.000867705977093696
0.000687880846546468
0.000756123464018015
0.000926409177664148
0.00114274646216208
0.00113442305896591
0.00107050977592555
0.000984229029704675
0.000922564398496936
0.000951738628184691
0.00101462052949106
0.00106749544732616
0.00106163877955651
0.00099774369718022
0.000907886608187874
0.000824759348092724
0.000756204113047872
0.000712789106363011
0.000666816060378013
0
0
0
0
0
0
0
0
0
0
0
0
0
0
0
0
0
0
0
0
0
0
0
0
0
0
0
0
0
0
0
0
0
0
0
0
0
0
0
0
0
0
0
0
0
0
0
0
0
0
0
0
0
0
0
0
0
0
0
0
0
0
0
0
0
0
0
0.00308553209281562
0.0132567274059694
0.015485904643582
0.0166591324733623
0.0151193618330703
0.012862875939278
0.0109879557937909
0.00932556438020963
0.00795224663734207
0.00665812577393139
0.00568096981177885
0.00480765163571242
0.00427749885502493
0.00388611080073361
0.00375237870884742
0.00365039863747176
0.00321952068549121
0.00247888263257747
0.0022702042431896
0.0020571398448257
0.00218133048233255
0.002412721409094
0.00196373374309784
0.0020626828922818
0.00186651662673083
0.00175455282020051
0.00154068120618056
0.00134052729906286
0.00105233452041803
0.000976456308286483
0.00106699102098616
0.0012286253768544
0.00128347415924076
0.00124759367575301
0.00108584114308463
0.00105990059743235
0.000927004436581808
0.000784118338879805
0.000838175022836345
0.00103112575716555
0.00132745109609374
0.00137920747752648
0.00119082380986408
0.0011996657606643
0.00101358962735873
0.000819025316457714
0.000848376840263133
0.000791634958967301
0.00074823707803824
0.000767290017439197
0.000824844871515831
0.000802403178358875
0.000764453702673817
0.000738164355281738
0.000871444261912449
0.000815581023735409
0.000748233322454145
0.000584597817676874
0.000535545120154799
0.000562878674007174
0.000630913749684497
0.000822199382841262
0.00102967616831989
0.00101731980222505
0.000854331876114259
0.000686172891589059
0.000742485527649819
0.000894013404885844
0.0010997960763741
0.0010914697492662
0.00102970342749048
0.000949154845025874
0.00089037327356432
0.000916253346149093
0.000974953349975198
0.00102104171452122
0.00100380875297359
0.000936838378305864
0.000849010133459253
0.000768853605089116
0.000698108284139035
0.000655443559837106
0.000612764134867182
0
0
0
0
0
0
0
0
0
0
0
0
0
0
0
0
0
0
0
0
0
0
0
0
0
0
0
0
0
0
0
0
0
0
0
0
0
0
0
0
0
0
0
0
0
0
0
0
0
0
0
0
0
0
0
0
0
0
0
0
0
0
0
0
0
0
0
0.00306254626404665
0.0132038058881856
0.0154435452276878
0.0165936815601569
0.0150386163248676
0.0127925951816589
0.0109303056121051
0.00927895152435001
0.00791216294563452
0.0066422576742695
0.00567219971321796
0.00480249194906605
0.00426580627673028
0.00387614843327362
0.00374330248476009
0.00363974522315619
0.00320143329911415
0.00246089462684228
0.00224461983567823
0.00203979055502009
0.00216760304721961
0.00238598836019415
0.00194316291369806
0.00203526256913529
0.00183962097088998
0.00172337115550127
0.00150806671720938
0.0013085069552975
0.00102275215837233
0.000945645998642122
0.00103583823784541
0.00119930543141984
0.00126559185643429
0.00122779403953138
0.00106260377194978
0.00103610095889865
0.000908234966082835
0.000778480239762122
0.000831296262561683
0.0010166413694225
0.00130451450823451
0.00135722260814514
0.00118111573747332
0.00118868345794931
0.00100461473048473
0.000808593097142669
0.000831705824145273
0.000780271868660894
0.000734794593294968
0.0007479510410621
0.000804858304449116
0.000781244464143021
0.000750218962014195
0.00071842484498696
0.000836361016414442
0.000786223422035502
0.00071552195934402
0.000553172187795911
0.000503375890087557
0.000533550225277853
0.000598101035140527
0.000782772564129141
0.000998265431011051
0.000998989884651948
0.000841050083068818
0.000677339318618478
0.000734327013188368
0.000869733705071364
0.00105495861402579
0.00104885590033923
0.00099044416202463
0.000912351944053059
0.000858336094381067
0.000880797088820962
0.000935438541013931
0.000977869454736849
0.000953235601627329
0.000881189507703539
0.00079281616642582
0.000714352837980647
0.000647018978882646
0.000598610742660285
0
0
0
0
0
0
0
0
0
0
0
0
0
0
0
0
0
0
0
0
0
0
0
0
0
0
0
0
0
0
0
0
0
0
0
0
0
0
0
0
0
0
0
0
0
0
0
0
0
0
0
0
0
0
0
0
0
0
0
0
0
0
0
0
0
0
0
0
0.00304169853511287
0.0131503679578015
0.0153867448949177
0.016520279474479
0.0149609574061176
0.0127154741245403
0.0108656513609435
0.00923010883224792
0.00787231294979186
0.00661595527786094
0.00566446438529232
0.0047983726441991
0.00425624449076784
0.00386057885767956
0.00373120046370283
0.00362966762371013
0.00318623046606431
0.00244542235432475
0.0022264346925888
0.0020216651812906
0.00214796381894824
0.00236075561777775
0.00192074728354335
0.00200679601337309
0.00181364041888995
0.00169617031269415
0.00148075590970911
0.00127697556789175
0.000996651779454905
0.000914811616294488
0.00100433739609203
0.00116886707883192
0.0012395417100358
0.00120815296505454
0.00104103797136095
0.00101090510793639
0.000890136719921818
0.000765312046127954
0.000824078260956614
0.00100152420913517
0.00127576596200517
0.00132810145789427
0.00116419883731378
0.00117401920551808
0.000994840535017399
0.00080101273439679
0.00081716265032891
0.000769971053684073
0.000725496724265582
0.000732033782082224
0.000782214125746992
0.000763167071985091
0.000731803838105708
0.000696393655469491
0.000805188006889529
0.000750644247849564
0.000686164930479133
0.000524255502211988
0.000473391421604797
0.000504301008252649
0.000566923844667447
0.000741735425541928
0.000951149129739628
0.00097518493703603
0.000831174761674915
0.000668306169419417
0.000721892856375541
0.000851241781901658
0.00101876454330226
0.00100429061857792
0.000951811053799361
0.000876337995441766
0.000825124837340632
0.000845215094239747
0.000895931423336916
0.000934099361805106
0.000906015858674982
0.000833324654026149
0.000742882541994598
0.000664121171092967
0.000598320431032782
0
0
0
0
0
0
0
0
0
0
0
0
0
0
0
0
0
0
0
0
0
0
0
0
0
0
0
0
0
0
0
0
0
0
0
0
0
0
0
0
0
0
0
0
0
0
0
0
0
0
0
0
0
0
0
0
0
0
0
0
0
0
0
0
0
0
0
0
0
0.00302258342489305
0.0130996878450195
0.0153292854915688
0.0164345943489587
0.0148743256071279
0.0126415660020013
0.0107966802279068
0.00917640901858414
0.00783025806863457
0.00658701241482256
0.00564891967057407
0.00479463664997585
0.00424840892755269
0.00384486823997216
0.00371366388625643
0.00361528086451494
0.00317231852542559
0.00243072707132083
0.00220827235381504
0.00200941435864997
0.00212808972645852
0.00232738004350478
0.00189932088985301
0.00197516160206452
0.00178689680228569
0.00166994915975312
0.00145726938361431
0.00125214696920658
0.000970617037199299
0.00088679531771427
0.000972314830146605
0.00113760506269117
0.00121323476101099
0.00118129713884021
0.0010197262001883
0.00098782676934936
0.00087087840506141
0.000752981867350915
0.000809666784239467
0.000986016279159452
0.00124706800347803
0.00129403494639111
0.00113980186880851
0.00115483102156394
0.000982199156945959
0.00079301762983106
0.000802973031653975
0.000759158375195493
0.000716720740027438
0.000720485374760672
0.000763454167930341
0.000743555176254376
0.00071610211326315
0.000670970958791809
0.000771912672760363
0.000719550992302443
0.000651945375820655
0.000499281897907514
0.000445582126044061
0.000477088310752927
0.000535132186487341
0.000702035291206635
0.000902059660282113
0.000934898845488452
0.000816187877736894
0.000663053175116892
0.000708952312905783
0.000829425246665792
0.000987838186485142
0.000968360184224292
0.00091145119623326
0.000841515523244191
0.000791859951990645
0.000809291178564356
0.000856209773120784
0.000890064421413664
0.000858532597720104
0.00078791500561941
0.000700257004354401
0.000620070132056951
0
0
0
0
0
0
0
0
0
0
0
0
0
0
0
0
0
0
0
0
0
0
0
0
0
0
0
0
0
0
0
0
0
0
0
0
0
0
0
0
0
0
0
0
0
0
0
0
0
0
0
0
0
0
0
0
0
0
0
0
0
0
0
0
0
0
0
0
0
0
0.00300404537776707
0.0130520514585222
0.0152760292565728
0.0163483786259545
0.0147785093781943
0.012560158289325
0.0107309425236691
0.00912005564358264
0.00778504024987612
0.00655650607077109
0.00562930452364973
0.00478536628561961
0.00424024039186291
0.00383036189871129
0.00369523516432055
0.00359730512746671
0.00315512471134699
0.00241716847115253
0.00218998282565286
0.00199638411087867
0.00211225369661934
0.00229415719762622
0.00187096106060521
0.00194354050994592
0.001756961305838
0.00164286615053903
0.00143469792713928
0.00123004986989851
0.000951564199473937
0.000858444468101712
0.000942242750212866
0.00110571385277834
0.00118527400555832
0.00115406414999641
0.000994316615453052
0.000964546401558897
0.000853554339001638
0.000739425702260833
0.000795446116476234
0.000965390498853998
0.00121811163740873
0.0012598814141484
0.00111157511220005
0.00112992786612689
0.00096686856060585
0.000782555363271994
0.000788915705974965
0.000747674423282356
0.000706837982364955
0.00070923656554451
0.000748839022168375
0.000727310805674407
0.000700073625183122
0.000648608446640894
0.000735780564489301
0.000687230828992993
0.000621688437006073
0.000471990874135978
0.000421263960472079
0.000451281436521467
0.000505202486811677
0.000661030683633169
0.000853971730279854
0.000892700120799381
0.000788755169546526
0.000655072993835154
0.000699088197811896
0.000807236428975757
0.00095472109817001
0.000936159691037211
0.00087818163525193
0.000805364172089956
0.000759522661010742
0.000772776918446392
0.000816263953345311
0.000845397914873554
0.000810969133671444
0.000742190429452065
0.000660106683633421
0
0
0
0
0
0
0
0
0
0
0
0
0
0
0
0
0
0
0
0
0
0
0
0
0
0
0
0
0
0
0
0
0
0
0
0
0
0
0
0
0
0
0
0
0
0
0
0
0
0
0
0
0
0
0
0
0
0
0
0
0
0
0
0
0
0
0
0
0
0
0
0.00298606835626618
0.013005093096322
0.0152243760937753
0.0162682209994578
0.0146814211474204
0.0124707761484524
0.0106595257911144
0.00906702121827207
0.00773795931343967
0.00652179463969193
0.00560568895103318
0.00477294752938338
0.0042295773926924
0.00381525445513548
0.00367623376139508
0.00357886545337489
0.00313634804271983
0.0024010305826183
0.00217213912238153
0.00198340482346422
0.00209573709056706
0.00226430278759656
0.00184239627403369
0.00190511977891033
0.00172730637516136
0.00161373601713997
0.00141126353863094
0.00120847354858645
0.000934847172461149
0.000837770037535299
0.000911247001791905
0.00107589118100296
0.00115785724301057
0.00112575309264233
0.000968476758050047
0.000940765446498965
0.000835195785304337
0.000727675681378033
0.000778165511181702
0.000944856440606741
0.00118499704756809
0.00122547948633763
0.00108295403366788
0.00110298884406445
0.000947614954941519
0.000770126115507555
0.000772472243613618
0.000733922193691502
0.000697744615320065
0.000697890876445195
0.00073479943023378
0.000713768047638015
0.000686209325506978
0.000626514438468867
0.000701766368559841
0.000652230579771073
0.00059145674980534
0.000447424863303321
0.00039489150851752
0.000426944649102587
0.00047388381100705
0.000622113582242877
0.000806294383190216
0.000850802912802567
0.000758617113140585
0.000635428245686417
0.000687909354427416
0.0007872970976655
0.000921754948019207
0.000901627286237894
0.000847561758808308
0.000775214762915799
0.000726627377690296
0.000736500430282003
0.000772754966696607
0.000800109624790539
0.000763135016945683
0.000697008111864079
0
0
0
0
0
0
0
0
0
0
0
0
0
0
0
0
0
0
0
0
0
0
0
0
0
0
0
0
0
0
0
0
0
0
0
0
0
0
0
0
0
0
0
0
0
0
0
0
0
0
0
0
0
0
0
0
0
0
0
0
0
0
0
0
0
0
0
0
0
0
0
0
0.0029687574285078
0.0129593289016308
0.0151731020885441
0.0161890014708619
0.0145903829195292
0.0123794465695907
0.0105811564663078
0.00900832507919289
0.00769448973098957
0.00648514175125256
0.00557908037723013
0.0047565918191112
0.00421563279319416
0.00379847596104
0.00365620369352986
0.00355983326852841
0.00311767100312199
0.0023841883967701
0.00215314164976091
0.0019707722823722
0.00207935687576962
0.00223383450866459
0.00181677016346894
0.00186685061726639
0.00169214064936373
0.00158418254836272
0.0013848540289249
0.00118573387496599
0.000918783487792884
0.000819691390878971
0.000888532519132227
0.00104514691939308
0.00113223794419995
0.00109803838407751
0.000941392402834609
0.00091710237443277
0.000818409189661658
0.000715239900420101
0.0007630011915564
0.000921102276510832
0.00115229617619174
0.00118827284615879
0.00105424829423072
0.0010754910885308
0.00092713128654088
0.000755212405995313
0.000753668968909652
0.000717729980763737
0.000685435833412174
0.000688465012403044
0.000720037750369208
0.000699978187566332
0.000674313770942641
0.000606698474650198
0.000667344570392497
0.000619102339297142
0.000558636995262799
0.00042383490727343
0.000371322149467742
0.000401116774418654
0.000443749490112138
0.000580869689693424
0.000758805388864036
0.000807537171844291
0.000729010524856663
0.000612881225191493
0.000666406897982924
0.000766341254805051
0.000891061918378325
0.00086760884328288
0.000814511704829909
0.000746720845820954
0.000698339137981226
0.000699864461442817
0.000729367461701198
0.000751038712096536
0.000714699649008494
0
0
0
0
0
0
0
0
0
0
0
0
0
0
0
0
0
0
0
0
0
0
0
0
0
0
0
0
0
0
0
0
0
0
0
0
0
0
0
0
0
0
0
0
0
0
0
0
0
0
0
0
0
0
0
0
0
0
0
0
0
0
0
0
0
0
0
0
0
0
0
0
0
0.00295206493393612
0.0129113501285921
0.0151223942033937
0.0161106896622361
0.0144994613333019
0.0122937592946569
0.0105012607541602
0.00894631200122294
0.00764586236507257
0.00645029210095119
0.00555053574220848
0.00473680949542562
0.0041988947294936
0.0037780976138748
0.00363549528097191
0.00354012106269548
0.00309873975004065
0.00236803856313346
0.00213276779901743
0.00195637516168045
0.00206263175837367
0.00220346700627245
0.00179098732824442
0.0018299667507978
0.00165435167928541
0.00154978461179596
0.00135815321658494
0.00116028549760951
0.000902185667228295
0.000801947225948435
0.000866942327811866
0.00102079043410468
0.00110536519070175
0.00107166902060103
0.000914089353701925
0.000889729287860215
0.000800492150671977
0.000704931365163099
0.000747268010962451
0.000898987878995318
0.00111780658633113
0.00115170084972597
0.00102267990999222
0.00104830934859492
0.000907128574557542
0.000740420672630098
0.000735004747867073
0.000698451251335886
0.000671061026458226
0.000677031125437455
0.000705001962149743
0.000684444036070921
0.000660907838315583
0.000589646167841281
0.000635967390457825
0.000585478621678828
0.000528437858117279
0.000398765918078135
0.000348650605400583
0.00037802469659425
0.000415549846631226
0.000539897103072296
0.000708305019831141
0.000761287848357111
0.000695734267803283
0.000588813051857867
0.000642796933672599
0.000738194483766592
0.000860889972880564
0.000835812871830043
0.0007813789718093
0.000717004515774341
0.000671911100602118
0.000666260418629641
0.000685576059386615
0.000702922603862148
0
0
0
0
0
0
0
0
0
0
0
0
0
0
0
0
0
0
0
0
0
0
0
0
0
0
0
0
0
0
0
0
0
0
0
0
0
0
0
0
0
0
0
0
0
0
0
0
0
0
0
0
0
0
0
0
0
0
0
0
0
0
0
0
0
0
0
0
0
0
0
0
0
0
0.0029327686931662
0.0128594191103847
0.0150651782419907
0.0160316534086256
0.0144098537332068
0.0122064963418693
0.0104242026766237
0.00888345537222685
0.00759416063644614
0.00641133287212345
0.00552101231026921
0.00471428464815546
0.00417576667616807
0.00375427388207079
0.00361239041081642
0.00351908763972963
0.00308070919376088
0.00235183970909272
0.00211425060674524
0.00193929312177894
0.00204310771428593
0.00217224285901442
0.00176534437963925
0.00179306596763156
0.0016174779999434
0.00150883936131598
0.00132550839615133
0.00113427974210275
0.000884312672296783
0.000784557686057022
0.000844293799050575
0.000994940121626873
0.00108261493692209
0.00104349137499235
0.000887342535461854
0.000861240544593148
0.000778227729269675
0.00069180520258021
0.000731518641945402
0.00087613274983649
0.0010843463489034
0.0011136671656474
0.00099110752060647
0.00101624384935708
0.000887987383086297
0.000727489912852118
0.000716818382691713
0.000680769113998917
0.000652109376333829
0.000662728431112866
0.000688985816421006
0.00066595919491375
0.00064665809677673
0.000570090327615359
0.000607940757814134
0.000555896169512186
0.000498593244711482
0.00037637259570515
0.00032522667984528
0.000355094940972455
0.000389918479966907
0.000501030739570578
0.000657514886546368
0.000710561672777111
0.000659701325157961
0.000560574769793969
0.000613172444046834
0.000706770228953602
0.000823411338551711
0.000806665275466135
0.000751394006733651
0.000687949805572742
0.000645391500813067
0.00063575376013359
0.000644012956422868
0.000653950387873127
0
0
0
0
0
0
0
0
0
0
0
0
0
0
0
0
0
0
0
0
0
0
0
0
0
0
0
0
0
0
0
0
0
0
0
0
0
0
0
0
0
0
0
0
0
0
0
0
0
0
0
0
0
0
0
0
0
0
0
0
0
0
0
0
0
0
0
0
0
0
0
0
0
0
0.00291389167191593
0.0128014678113022
0.015000252277133
0.0159458893003473
0.0143174144534956
0.0121208856409278
0.010346180452488
0.00882080636553842
0.00754233896742657
0.0063699439311966
0.00548825980741201
0.00469006583809318
0.00414947030732298
0.00372443871089765
0.00358609760687979
0.00349590180830998
0.00306004138087283
0.00233757853046398
0.00209702443588646
0.00192507092238679
0.0020198513382304
0.00213924304019717
0.00173965056414957
0.00175723621535052
0.00158066128832518
0.00146860279365999
0.00128541743444148
0.00110442300328482
0.000865480048254502
0.000766399981440815
0.000821516642664977
0.000966558224703028
0.00105474479655799
0.00101581755371339
0.000858744908452198
0.000831910741289215
0.000753394440128782
0.000674579790227785
0.000712477433387041
0.000851847801605935
0.00105184764401797
0.00107673128247377
0.000958422134962161
0.000982851729967849
0.000862950190981818
0.00071573449342493
0.000700988077567269
0.000662677638099799
0.000634930838965975
0.00064319844249973
0.000669555413447929
0.00064734917177062
0.000624780320724481
0.000551115027611069
0.000578035120787587
0.00053001503303534
0.000473275622366586
0.00035469024297457
0.000303792870023901
0.000331172762819062
0.000363600441971748
0.000465680212436126
0.000608034613873133
0.000661146952330713
0.000617996364007117
0.00053282970721525
0.000579190073636467
0.000671795153997961
0.000782025554604407
0.00077200081529719
0.000725310070123053
0.000661837224952806
0.00061849186527785
0.000605799167164603
0.000606269045244092
0
0
0
0
0
0
0
0
0
0
0
0
0
0
0
0
0
0
0
0
0
0
0
0
0
0
0
0
0
0
0
0
0
0
0
0
0
0
0
0
0
0
0
0
0
0
0
0
0
0
0
0
0
0
0
0
0
0
0
0
0
0
0
0
0
0
0
0
0
0
0
0
0
0
0
0.00289605655772746
0.0127444363485857
0.0149322009199928
0.0158521227202442
0.0142199293891208
0.012034129629486
0.0102692256053886
0.00875548694920062
0.00749068979665748
0.00632784066956238
0.00545235445849971
0.0046624908712855
0.00412290663332102
0.00369332162102149
0.00355521630528797
0.00346816807170604
0.00303867943697081
0.00232265498443216
0.00208172208296068
0.00191118499926546
0.00199942753203424
0.00210461075583374
0.00171220384225055
0.00172156251824244
0.0015451440124414
0.00142760557753546
0.00124640706668691
0.00106842512079734
0.000842284715854981
0.000747391223992244
0.000798208707274654
0.000937001613748344
0.0010236942577547
0.000986416019156571
0.000833081137052468
0.000800661164445666
0.000728103443674124
0.000653970069096091
0.000689494548558663
0.000824386148322627
0.00101899099885415
0.00104072626819308
0.000926297899995992
0.000946372143832141
0.000836213305359251
0.000699187348975626
0.000686098919837052
0.00064743674341564
0.000617759994431542
0.000625277614852262
0.00064708828676931
0.000625603866840281
0.000600859983296078
0.000528040562237958
0.000547932995190411
0.000502233768334891
0.000451641408049852
0.000336187541667921
0.000282540108511075
0.000306885112770815
0.000336092242727588
0.000429610887517469
0.000561018166006399
0.000610625699790994
0.000576822380722924
0.000498962646746555
0.000545120750027097
0.000633575410355433
0.000738048949472734
0.000730774290561145
0.000691590710734765
0.000637932562892916
0.000594049020386101
0.000575970597112113
0.000567704612490256
0
0
0
0
0
0
0
0
0
0
0
0
0
0
0
0
0
0
0
0
0
0
0
0
0
0
0
0
0
0
0
0
0
0
0
0
0
0
0
0
0
0
0
0
0
0
0
0
0
0
0
0
0
0
0
0
0
0
0
0
0
0
0
0
0
0
0
0
0
0
0
0
0
0
0
0.00287832816326303
0.0126890961170417
0.0148647219429179
0.0157559480384046
0.0141181225208693
0.0119442515568802
0.0101923742345047
0.00869133272946908
0.00743733861165096
0.00628413537559729
0.00541551103457582
0.00463033302537584
0.0040929649786719
0.00366358034651514
0.00352315054839664
0.00343830736215036
0.00301411350426752
0.00230736362359642
0.00206384217852531
0.0018985416915885
0.00197866889199591
0.00207213279006742
0.00168398827698032
0.00168473109725443
0.00151002708009322
0.00138799805490209
0.00120627019136783
0.00103421475834425
0.00081538078077611
0.000724439188066765
0.00077446563257538
0.000905679905182998
0.000990932857352493
0.00095511065892993
0.000808916252337471
0.00077451599287021
0.000701732182717856
0.00063403676543359
0.000664011631535499
0.000793655394584075
0.000983264750245367
0.00100327192676662
0.000894577535433086
0.000910171261291114
0.000805737577348531
0.00068081360690935
0.000667672950959628
0.00063287279810274
0.000603150560223484
0.000606224858189753
0.000624348998243436
0.000601086034631877
0.000574661097935998
0.00050326316363824
0.000517825960699879
0.00047377627707719
0.000429222267135107
0.000322348471565498
0.000264548892425729
0.00028202330579907
0.000308235592737378
0.000392077885358168
0.000513422108016936
0.000561742806127215
0.000533227066017758
0.000465304533252316
0.000507608986264361
0.000594808791024444
0.000692370233121955
0.000689011030774428
0.000651731728026235
0.000605410326236845
0.000571103543615547
0.000547928728269346
0
0
0
0
0
0
0
0
0
0
0
0
0
0
0
0
0
0
0
0
0
0
0
0
0
0
0
0
0
0
0
0
0
0
0
0
0
0
0
0
0
0
0
0
0
0
0
0
0
0
0
0
0
0
0
0
0
0
0
0
0
0
0
0
0
0
0
0
0
0
0
0
0
0
0
0
0.00286165785731223
0.0126344078619888
0.0147992065973668
0.0156604077982445
0.0140143639706423
0.0118524711167157
0.0101135327784681
0.00862731431425364
0.0073853418437579
0.0062397914642189
0.00537721028276504
0.00459698595502242
0.00405861138228164
0.00363065376438969
0.00349337038377033
0.00340738236866595
0.00298788320434375
0.00228918155451714
0.00204503984656192
0.00188346053137741
0.00195852118415514
0.00203882706147904
0.00165777883225874
0.00164797886669345
0.00147399153552332
0.00134882678940314
0.00116732692897151
0.000998863129506306
0.000790869771040363
0.00069952425717279
0.000747494540672746
0.000874903503032245
0.000956591791769829
0.00092283344564994
0.000783707242687486
0.000749625305477305
0.000680557029815936
0.000613702016833163
0.000640091024459968
0.000761329602170374
0.000944759247878084
0.000963013608151009
0.000861505124740433
0.000874226887946184
0.000775588278097003
0.000659086380404167
0.000647743201392986
0.000615389233659171
0.000589268033093933
0.000589061469241236
0.000600382701128277
0.000575804789151928
0.000546238877291833
0.000477010421286463
0.000486062691569047
0.000445733407362816
0.000405536688587526
0.000309066902659003
0.000251560806524364
0.000260446418644993
0.000280101220138797
0.00035490292817675
0.000463953198977417
0.000512999997410117
0.00049075283603258
0.000429977601632683
0.000469935032175582
0.000553225441676529
0.000645444349019702
0.0006463438587743
0.000611602401830059
0.000567581905308745
0.000539760716264896
0.000520725856836762
0
0
0
0
0
0
0
0
0
0
0
0
0
0
0
0
0
0
0
0
0
0
0
0
0
0
0
0
0
0
0
0
0
0
0
0
0
0
0
0
0
0
0
0
0
0
0
0
0
0
0
0
0
0
0
0
0
0
0
0
0
0
0
0
0
0
0
0
0
0
0
0
0
0
0
0
0.00284402808246117
0.0125777309862141
0.0147344616367013
0.0155672880980426
0.0139115630636916
0.0117591276388522
0.0100323200788057
0.00856218098256193
0.00733355594963456
0.00619659183099314
0.00533933834779281
0.00456384305891769
0.00402343034885924
0.00359460905907429
0.0034614737548551
0.00337924814121117
0.00296132971700114
0.00227014532597446
0.00202360710945534
0.00186810834887088
0.00193917436582404
0.00200550976670085
0.00162874465895727
0.00161256853037983
0.00143735474921619
0.00130910348958078
0.00112907658468813
0.000963956755254063
0.000765226333937114
0.00067641095552713
0.000717628979109936
0.000841915831071697
0.000923140551218186
0.000889761922860143
0.000756898470064296
0.000722959213133986
0.000660578046191832
0.000597997149991377
0.000616299623575321
0.000731368870867599
0.000904492705243988
0.000921217583552665
0.00082608610021731
0.000836478435298085
0.000744519602234918
0.000637539902931282
0.000623699514652665
0.000594629379737418
0.000574081407813793
0.000572050845661413
0.000578088978495197
0.000550013235331155
0.000518254180973783
0.000450275034325735
0.000453304520470115
0.000416388939365861
0.000382347338203072
0.000294714985317209
0.000240307791672182
0.000244772247647101
0.000256141805002411
0.000318958542620922
0.000415156694950614
0.000463353859387341
0.000448997717574013
0.000394367567365366
0.00042887419815473
0.000511490807821217
0.000597033055315156
0.000602979361775682
0.000571479002322475
0.000529087700407814
0.000500367501451894
0
0
0
0
0
0
0
0
0
0
0
0
0
0
0
0
0
0
0
0
0
0
0
0
0
0
0
0
0
0
0
0
0
0
0
0
0
0
0
0
0
0
0
0
0
0
0
0
0
0
0
0
0
0
0
0
0
0
0
0
0
0
0
0
0
0
0
0
0
0
0
0
0
0
0
0
0
0.00282542985621714
0.0125163427982898
0.0146606109790593
0.015475129830677
0.0138113646802592
0.0116671867772304
0.00994959773138931
0.0084897273838434
0.00728227136270733
0.00615392067841404
0.00530130992905927
0.00453001489994378
0.0039907961421605
0.0035569600324712
0.00342297830816136
0.00334938654854417
0.00293861687947201
0.00225153446761725
0.00199956750894186
0.00184577326298385
0.00192104767481466
0.00197661653111116
0.00159995481097736
0.00157248776492573
0.00140328538098174
0.00127175044000844
0.00109148399794045
0.000930674253762176
0.00074072906639558
0.000652379493769685
0.000688760467276905
0.000804641528254028
0.000886498523068236
0.000858830005348203
0.000730190604765784
0.000693592132141009
0.000637425633941568
0.000583982231219134
0.00059860004132264
0.000701515159993963
0.000867225351832156
0.000878025011010874
0.000790861030501071
0.000796933378607243
0.000711357548040078
0.000613540840673685
0.000600018187771977
0.000567198073644254
0.000553490507991155
0.000554179778458881
0.00055543202387576
0.000527157984434184
0.000491445976831879
0.000425061345455048
0.00042251385573746
0.000386244334983456
0.000355608816796805
0.000282518321806849
0.000228793908274567
0.000231007954861069
0.000236888266236254
0.000286052298951986
0.000368906315172896
0.000411692848084941
0.000407119888099818
0.000361376509848399
0.000385442652118092
0.000459125919503445
0.000546937543611144
0.0005549762555389
0.000531673490818599
0.000492196969230338
0
0
0
0
0
0
0
0
0
0
0
0
0
0
0
0
0
0
0
0
0
0
0
0
0
0
0
0
0
0
0
0
0
0
0
0
0
0
0
0
0
0
0
0
0
0
0
0
0
0
0
0
0
0
0
0
0
0
0
0
0
0
0
0
0
0
0
0
0
0
0
0
0
0
0
0
0
0
0.0028054824721731
0.0124526903258247
0.0145787658310155
0.0153688982918048
0.0137124170136783
0.011577639049757
0.00986836644636234
0.00841515589916357
0.00721879540585679
0.00611174923142878
0.0052641716977136
0.00449507043189549
0.00395581007739082
0.00352328480773889
0.00338231904800014
0.00330924600629547
0.00291440053450737
0.00223696331622664
0.00197589250304712
0.00181744325669553
0.00189217847957871
0.00195019018190561
0.00157688373552431
0.00153307651650788
0.00136333074705489
0.00123796897448114
0.00105903296804326
0.000898561343318691
0.000718521220125812
0.000630053177697229
0.000659335959892312
0.000767910677252043
0.000844275855912594
0.000822841201144716
0.000706679231474891
0.000665332133561082
0.000611348000901055
0.00056562198664577
0.000582866770604008
0.000679162462799188
0.000830021430038407
0.00083800550917614
0.000754948818950567
0.000759134238736258
0.000676940515049443
0.000586307344816898
0.000571914935766147
0.000540055185969904
0.000524751960420055
0.000529749584068922
0.000531421549450628
0.000503634525778142
0.000468432650131775
0.000402371503878088
0.000393938202677443
0.000358979774775512
0.000328347867831094
0.000265362890929584
0.000221258787465908
0.00021825460573698
0.000219687818628327
0.00025647615995712
0.000325236155834734
0.000363844675745845
0.000361154707955741
0.000329289420968474
0.000346178133050314
0.000402369725977617
0.000480844974321946
0.000503164671699193
0.000484845848380467
0
0
0
0
0
0
0
0
0
0
0
0
0
0
0
0
0
0
0
0
0
0
0
0
0
0
0
0
0
0
0
0
0
0
0
0
0
0
0
0
0
0
0
0
0
0
0
0
0
0
0
0
0
0
0
0
0
0
0
0
0
0
0
0
0
0
0
0
0
0
0
0
0
0
0
0
0
0
0
0.00278506552218798
0.0123846239882132
0.0144944933289057
0.0152559070109144
0.013601902368164
0.011489401225217
0.00978880614477531
0.00834184890466121
0.0071521472936517
0.00605766841690606
0.00522703917354445
0.00445926891712967
0.00391993308564749
0.00348749572754456
0.00334528786087476
0.00326732169485619
0.00288094368653615
0.00222102383427772
0.0019548303862249
0.0017887483372958
0.00185624356464615
0.00191297295744322
0.00155506836566151
0.00149840232720594
0.0013244288408464
0.0011996376514658
0.00103024615734829
0.000871415033558036
0.00069718804188241
0.000610148945689086
0.000631815933383054
0.000730977233192236
0.000803528424312581
0.000781957626260509
0.000678186643705707
0.000640146038406548
0.000587085970342696
0.000545766255812577
0.000563112890753655
0.000654856122463948
0.000796609608117127
0.00079773614516546
0.00072084672255523
0.00072127212736568
0.000644021221007444
0.000557544760574779
0.000540843513749626
0.000509655039410476
0.000496134483714842
0.000498621523820828
0.000501993572825348
0.000477747361562309
0.000445095777160177
0.000383669366614089
0.000367953839016492
0.000334189726366277
0.000303877178321923
0.000247228554395625
0.000209568648865277
0.000205130917027342
0.00020341339667749
0.000228732622967232
0.000283736725626283
0.000317680969224417
0.000319088127548173
0.000293580382273576
0.000307646555250643
0.000349390724042488
0.000410678354512912
0.000437697791758853
0
0
0
0
0
0
0
0
0
0
0
0
0
0
0
0
0
0
0
0
0
0
0
0
0
0
0
0
0
0
0
0
0
0
0
0
0
0
0
0
0
0
0
0
0
0
0
0
0
0
0
0
0
0
0
0
0
0
0
0
0
0
0
0
0
0
0
0
0
0
0
0
0
0
0
0
0
0
0
0
0.00276373376788452
0.0123165405164809
0.0144085459850914
0.0151423978002344
0.0134862261341496
0.0113926176630837
0.00971011648058113
0.00827003799967011
0.00708656223778118
0.00600276669842218
0.00518185221413956
0.00442332574510382
0.00388307143564179
0.003451179524654
0.00330627709359068
0.00322850073280564
0.00284595795822525
0.00219865242659449
0.00193286290791605
0.00176148981893988
0.00181976263370846
0.00187022417816787
0.00152496241643235
0.00146456258545712
0.00128934166285586
0.00116248608864176
0.00099807737283708
0.000846936404016369
0.000679591948249309
0.000591225831975749
0.000606368145512656
0.000695396250287852
0.000762159022917725
0.000743425977243158
0.000645865535536118
0.000610546001815514
0.00056488651055298
0.000527038005925916
0.000541859497587833
0.000628142593499399
0.000760272373878395
0.000759385768348075
0.00068632475455675
0.000684334961751231
0.000611164242963304
0.000529378614228792
0.000508047183187162
0.000478122889701909
0.000464903404376225
0.000467414442636288
0.000466980264624511
0.000447718212348857
0.000420019318170017
0.000364941297310167
0.000346253586645792
0.000311615014666089
0.000282027469861199
0.000231880875923135
0.000196782928293027
0.000189477302563314
0.000185999051134071
0.000200719214811309
0.000243322310234153
0.000273370979141229
0.000277585674059652
0.000260806351399399
0.000266331104583744
0.000296393163630411
0.000343211551432038
0
0
0
0
0
0
0
0
0
0
0
0
0
0
0
0
0
0
0
0
0
0
0
0
0
0
0
0
0
0
0
0
0
0
0
0
0
0
0
0
0
0
0
0
0
0
0
0
0
0
0
0
0
0
0
0
0
0
0
0
0
0
0
0
0
0
0
0
0
0
0
0
0
0
0
0
0
0
0
0
0
0.00274277438150195
0.0122447298535469
0.0143228287701158
0.01503038623572
0.0133710605659835
0.011292508366164
0.0096255011361674
0.00819884216409437
0.00702284766962692
0.00594897542558727
0.00513801926121914
0.00438387642619271
0.00384628336963823
0.00341470809380149
0.00326712306451083
0.0031879257308532
0.00281262523147482
0.0021744860617536
0.00190708413256794
0.00173376700683306
0.00178481055163365
0.00182628634337071
0.00149229220604276
0.00142580360156984
0.00125544766767891
0.00112706792985599
0.000966523260261134
0.000819782597581295
0.000663936013667441
0.000574483302656352
0.000582548370303596
0.000662047364198474
0.000721793308833712
0.00070384181340349
0.000615636111090042
0.000577827247731537
0.00053948113385934
0.00050972763450353
0.000519700566547463
0.000597361747889546
0.000723153225001022
0.000720471673326529
0.000655382747262703
0.000647474996028664
0.000579284283880017
0.000501226448123692
0.00047555167442311
0.000445162223857068
0.000433282636417005
0.000432321591639944
0.000431701708542557
0.000413191448546661
0.000391180234011349
0.00034543411468504
0.000324574723390475
0.000292186089863606
0.000261528719506159
0.000218049207032813
0.000184497967502837
0.000173155622176324
0.000167630860889165
0.000174759622292946
0.000202510718756993
0.000229957120907926
0.000237757917004632
0.000227618605403032
0.000225809457349641
0
0
0
0
0
0
0
0
0
0
0
0
0
0
0
0
0
0
0
0
0
0
0
0
0
0
0
0
0
0
0
0
0
0
0
0
0
0
0
0
0
0
0
0
0
0
0
0
0
0
0
0
0
0
0
0
0
0
0
0
0
0
0
0
0
0
0
0
0
0
0
0
0
0
0
0
0
0
0
0
0
0
0
0.00272212715848369
0.0121738816365973
0.0142340862045279
0.0149182979642025
0.0132580831191065
0.0111932019602233
0.00953897685860319
0.00812388135039986
0.00695955412641425
0.00589683710674341
0.00509503234517783
0.00434600588236353
0.0038082393851514
0.00337801566540395
0.00322807698109302
0.00314781869221377
0.00277857036307077
0.00215152684487962
0.00187985258493307
0.00170359834338062
0.00174919467116461
0.00178323971642689
0.00145881888665446
0.00138571314829791
0.00121863216193304
0.00109204466435955
0.000935541498677067
0.000792816008094312
0.000645746637181867
0.000559134022079724
0.000560328359775565
0.00062986119006081
0.000683544754375772
0.00066493061656921
0.000584640914544931
0.00054708159388647
0.000511498041852629
0.000489967563408575
0.000498267304423201
0.000565277000662601
0.000682330916482383
0.00068107491235577
0.000624062517507576
0.000614128347936976
0.000547464456040756
0.000473781210030669
0.000443036560841614
0.000412040334366909
0.00039999376609314
0.000397473262696182
0.000393402392661807
0.000378109089653146
0.000359100475592069
0.000323055705656501
0.000302329058642423
0.000272684611074106
0.00024353412767386
0.000205200558297984
0.000173352545991192
0.000157078523236921
0.000148645969773175
0.000149394628199886
0.000163796845945213
0.00018561764026715
0
0
0
0
0
0
0
0
0
0
0
0
0
0
0
0
0
0
0
0
0
0
0
0
0
0
0
0
0
0
0
0
0
0
0
0
0
0
0
0
0
0
0
0
0
0
0
0
0
0
0
0
0
0
0
0
0
0
0
0
0
0
0
0
0
0
0
0
0
0
0
0
0
0
0
0
0
0
0
0
0
0
0
0
0
0
0.00270106335398879
0.0121036432670325
0.0141458782240132
0.0148048719416034
0.0131452384434209
0.0110947386798626
0.00945311362988701
0.0080468859518472
0.00689321585368653
0.00584503981499206
0.00505356307178475
0.00430811281646982
0.00377107342764133
0.0033408590058817
0.00318894724606612
0.00310723903101025
0.00274543101183397
0.002128662525982
0.00185452150640545
0.00167260096243573
0.00171112782218117
0.00173991491803792
0.00142589006363692
0.00134574682104913
0.00118113709843624
0.0010552234264974
0.000904630289713565
0.000766581148449387
0.000627262963498556
0.000541438536539564
0.00053945986623147
0.000599392287958968
0.00064614240699085
0.000627437484760224
0.000554270853398253
0.000516512671415923
0.000483691858801099
0.000467865943665885
0.000474997638506173
0.000533381670108981
0.000640431460313216
0.000639167038606239
0.000591354442959196
0.000579902254632578
0.000518362539996139
0.000446104410521421
0.000411257399204694
0.000379619432101158
0.000364475253574871
0.000361320317897515
0.000355949246728656
0.000341651780063423
0.000326545671854283
0.000297996584322646
0.00027774874642191
0.000253172983269439
0.000225498749954436
0.00019466971137678
0
0
0
0
0
0
0
0
0
0
0
0
0
0
0
0
0
0
0
0
0
0
0
0
0
0
0
0
0
0
0
0
0
0
0
0
0
0
0
0
0
0
0
0
0
0
0
0
0
0
0
0
0
0
0
0
0
0
0
0
0
0
0
0
0
0
0
0
0
0
0
0
0
0
0
0
0
0
0
0
0
0
0
0
0
0
0
0
0
0
0
0
0.00268015400600361
0.0120329576282393
0.0140576489424204
0.0146914282708109
0.0130316261655778
0.0109965795955068
0.0093659769131248
0.00797002543795059
0.00682443999198855
0.00578959677755151
0.00501250367666713
0.00427209656583401
0.00373335584062047
0.00330344599135259
0.0031494406510953
0.00306685034355163
0.00271101232969112
0.00210694457631072
0.00182995494822356
0.00164404140033389
0.00167279636411537
0.00169429522574014
0.00139303184318859
0.00130654037929199
0.00114384256654494
0.00101817172580778
0.000872299430889106
0.000740184477776824
0.000609743464989727
0.00052335914169901
0.000516584894952156
0.000570136432483235
0.000610495510241697
0.000590960283216918
0.000525258893293469
0.000487114273119052
0.000456703145392562
0.000444008651570753
0.000449213686845482
0.000500522567297227
0.000599002792890831
0.000596389084359746
0.000556119292687603
0.000543515967608813
0.000487951186319329
0.000419970977472993
0.00037918843032534
0.000347770715539769
0.000329732942609327
0.000321466813457596
0.000317657759568395
0.000305424925594232
0.000292870939716516
0
0
0
0
0
0
0
0
0
0
0
0
0
0
0
0
0
0
0
0
0
0
0
0
0
0
0
0
0
0
0
0
0
0
0
0
0
0
0
0
0
0
0
0
0
0
0
0
0
0
0
0
0
0
0
0
0
0
0
0
0
0
0
0
0
0
0
0
0
0
0
0
0
0
0
0
0
0
0
0
0
0
0
0
0
0
0
0
0
0
0
0
0
0
0
0
0
0.00265730873893467
0.011953830659736
0.0139670772399834
0.0145777889125905
0.0129162256637243
0.0108984660314234
0.00928044167332698
0.00789364529774194
0.00675636069446077
0.0057312612922486
0.00496464478851071
0.00423700223476097
0.00369840189260904
0.00326540022418231
0.00310897756949629
0.00302632617098056
0.0026760234849654
0.00208420058583362
0.00180692371184604
0.00161698069616244
0.00163267232700192
0.00164877056864965
0.00135946907971925
0.00126712236274765
0.00110657414511709
0.000982351528994232
0.000840679570818948
0.000712660908536172
0.000589258936119059
0.000508142686526825
0.000494213989741565
0.000537659724725086
0.000574063790767226
0.000555190680934339
0.000493880373736734
0.000459293794850537
0.000428410877066989
0.000415484071622824
0.000421554820607665
0.00046421088338156
0.000546165200203271
0.000554369072616763
0.00051643268890465
0.000502936423878916
0.00045665331448187
0.000395493727976781
0.000351048937747069
0.000316744808882124
0.000296939684525019
0.000282781577119024
0
0
0
0
0
0
0
0
0
0
0
0
0
0
0
0
0
0
0
0
0
0
0
0
0
0
0
0
0
0
0
0
0
0
0
0
0
0
0
0
0
0
0
0
0
0
0
0
0
0
0
0
0
0
0
0
0
0
0
0
0
0
0
0
0
0
0
0
0
0
0
0
0
0
0
0
0
0
0
0
0
0
0
0
0
0
0
0
0
0
0
0
0
0
0
0
0
0
0
0
0.00263499554241136
0.0118730007914608
0.0138678808658795
0.0144616981454047
0.0128003455473909
0.0107984439471368
0.00919476328794998
0.0078190072532974
0.00668898581767449
0.00567356781943757
0.00491388950065609
0.00419520221053856
0.00366451730859188
0.00322998763936156
0.00306792234848135
0.0029849131591944
0.00264090933106009
0.00206053650193178
0.00178303516842456
0.00159120182508189
0.00159361903626
0.00160075643679159
0.00132622025942658
0.00122830530648876
0.00106931606372792
0.000946494735854159
0.000809948153828693
0.000686071875916039
0.000567828342395071
0.000489586848631099
0.000474330767354154
0.000506188140654963
0.000534375593531906
0.000518543131935915
0.000463073085375296
0.000429376952062003
0.000401566326076909
0.000385746338922775
0.000388869169090627
0.00042594049769566
0.000490115407271511
0.000500573828637676
0.00047795480765786
0.000457738613302138
0.000421520402815478
0.000370991179116347
0.000325417974933201
0
0
0
0
0
0
0
0
0
0
0
0
0
0
0
0
0
0
0
0
0
0
0
0
0
0
0
0
0
0
0
0
0
0
0
0
0
0
0
0
0
0
0
0
0
0
0
0
0
0
0
0
0
0
0
0
0
0
0
0
0
0
0
0
0
0
0
0
0
0
0
0
0
0
0
0
0
0
0
0
0
0
0
0
0
0
0
0
0
0
0
0
0
0
0
0
0
0
0
0
0
0
0
0.00261300867675121
0.0117930770411072
0.0137677726391275
0.0143383920637501
0.0126824380070701
0.0106979200846631
0.00910759100794927
0.00774436330600631
0.00662293463707881
0.00561691704180166
0.00486372798464155
0.00415123600897858
0.00362490681800259
0.00319555316209374
0.0030291363347584
0.00294333313707402
0.00260507599770421
0.00203650289809856
0.00175782010946243
0.00156499592439844
0.00155552697467924
0.00155324036180875
0.00129041982713484
0.00118990919099323
0.00103392288330936
0.000910531043896297
0.000779269240345084
0.000660231026689139
0.000547169794690612
0.000470124687176296
0.000451184975375054
0.000477001330741686
0.000495895553231162
0.000478946187426004
0.000431476711192129
0.000399734999663972
0.00037280706084777
0.000357326563581608
0.000355119441986535
0.000383245392174651
0.000433323462916846
0.000443887951844299
0.000429177712050425
0.000413900455110867
0
0
0
0
0
0
0
0
0
0
0
0
0
0
0
0
0
0
0
0
0
0
0
0
0
0
0
0
0
0
0
0
0
0
0
0
0
0
0
0
0
0
0
0
0
0
0
0
0
0
0
0
0
0
0
0
0
0
0
0
0
0
0
0
0
0
0
0
0
0
0
0
0
0
0
0
0
0
0
0
0
0
0
0
0
0
0
0
0
0
0
0
0
0
0
0
0
0
0
0
0
0
0
0
0
0
0.0025916297951299
0.0117139073567226
0.0136689021270596
0.0142148778968033
0.0125604122112729
0.010596038578354
0.00901984132600545
0.00766859313056931
0.00655618343143778
0.00556106491943363
0.00481424839571093
0.00410774130802846
0.00358395322587471
0.00315681548315663
0.00299106728842526
0.00290350965913176
0.00256967608618957
0.00201201323805617
0.00173208751749567
0.00153727095606873
0.00151719839240919
0.00150622105808964
0.001254138442797
0.00114978180015253
0.000998939762115877
0.000877121799106668
0.000748695561431352
0.000635129231525894
0.00052717563764903
0.000451802494444812
0.000427495872728528
0.00044565712476524
0.000459405238344167
0.000440771517781789
0.000398457078014605
0.000369764279309869
0.000344094077652901
0.000328104156379809
0.000322679410642304
0.000340037367250681
0.000373872667046688
0.000387082257200118
0
0
0
0
0
0
0
0
0
0
0
0
0
0
0
0
0
0
0
0
0
0
0
0
0
0
0
0
0
0
0
0
0
0
0
0
0
0
0
0
0
0
0
0
0
0
0
0
0
0
0
0
0
0
0
0
0
0
0
0
0
0
0
0
0
0
0
0
0
0
0
0
0
0
0
0
0
0
0
0
0
0
0
0
0
0
0
0
0
0
0
0
0
0
0
0
0
0
0
0
0
0
0
0
0
0
0
0
0.00257037303945047
0.0116353453344041
0.0135712767751556
0.0140926061776996
0.012438378193473
0.010491294949136
0.0089310182852158
0.00759232661158937
0.00648882203448327
0.00550431620538766
0.004765118362627
0.00406500399042146
0.00354352945025058
0.00311761704413593
0.00295017633925193
0.00286432005501313
0.00253572593642576
0.00198791841825581
0.00170622940053178
0.00150983926049858
0.00147775021233346
0.00145904761697399
0.00121836096025916
0.00110934865901755
0.000963120457159065
0.000843985753361832
0.000720913926162416
0.000609847917656624
0.000508193795111503
0.000434199397918716
0.000404880742066985
0.000413910769150436
0.000421050212824021
0.000404515208510405
0.000366661764081946
0.000339026101004609
0.000315087324273826
0.000298940341941627
0.000289891258415828
0.000297931864852951
0
0
0
0
0
0
0
0
0
0
0
0
0
0
0
0
0
0
0
0
0
0
0
0
0
0
0
0
0
0
0
0
0
0
0
0
0
0
0
0
0
0
0
0
0
0
0
0
0
0
0
0
0
0
0
0
0
0
0
0
0
0
0
0
0
0
0
0
0
0
0
0
0
0
0
0
0
0
0
0
0
0
0
0
0
0
0
0
0
0
0
0
0
0
0
0
0
0
0
0
0
0
0
0
0
0
0
0
0
0
0.00254921193834359
0.0115575527381313
0.0134745289934239
0.0139718583950575
0.0123171371026171
0.0103864051763096
0.00883994360790606
0.00751500011152656
0.00642116345645573
0.0054472091614165
0.00471483363391697
0.00402217415363037
0.00350372132879374
0.00307888058872601
0.00290906798254419
0.00282298865886372
0.00250230527534315
0.00196484400972944
0.00168069690322876
0.00148225593449257
0.0014387404250379
0.00141094213594219
0.00118238503248723
0.00106937128504949
0.000926979698641795
0.000810325006623553
0.000693054769249683
0.000586899498624045
0.000488385514746825
0.000417870491364353
0.00038353040533239
0.000383297247645397
0.000382314400393017
0.000366669636937341
0.000336910723041824
0.000309056071713557
0.000286046760224445
0.000269294625537931
0
0
0
0
0
0
0
0
0
0
0
0
0
0
0
0
0
0
0
0
0
0
0
0
0
0
0
0
0
0
0
0
0
0
0
0
0
0
0
0
0
0
0
0
0
0
0
0
0
0
0
0
0
0
0
0
0
0
0
0
0
0
0
0
0
0
0
0
0
0
0
0
0
0
0
0
0
0
0
0
0
0
0
0
0
0
0
0
0
0
0
0
0
0
0
0
0
0
0
0
0
0
0
0
0
0
0
0
0
0
0
0
0.00252881893385379
0.011480463075852
0.0133786970099938
0.0138523170878459
0.0121972813485759
0.0102818560236253
0.00874857579016083
0.00743584314718028
0.00635257038066829
0.00539011873555246
0.00466420878198076
0.00397791721072391
0.00346349662621968
0.00304067964937156
0.0028683094651541
0.00278131056223568
0.0024669764830213
0.00194236059556583
0.00165595148317679
0.0014550254965086
0.00139996537030055
0.00136343257439428
0.00114556664507511
0.00102937814329181
0.000891411830764858
0.000776505948340195
0.000664766107901514
0.000563683231727894
0.000470862836414416
0.000400261072726523
0.000363329296063209
0.000354108470515089
0.000345742789628994
0.000328866710267912
0.000305515532697929
0.000280480919134462
0
0
0
0
0
0
0
0
0
0
0
0
0
0
0
0
0
0
0
0
0
0
0
0
0
0
0
0
0
0
0
0
0
0
0
0
0
0
0
0
0
0
0
0
0
0
0
0
0
0
0
0
0
0
0
0
0
0
0
0
0
0
0
0
0
0
0
0
0
0
0
0
0
0
0
0
0
0
0
0
0
0
0
0
0
0
0
0
0
0
0
0
0
0
0
0
0
0
0
0
0
0
0
0
0
0
0
0
0
0
0
0
0
0
0.00250904785064562
0.0114050256154038
0.0132841239450731
0.013733273618927
0.0120780867265033
0.0101784095714978
0.00865752233212538
0.00735627769904579
0.00628235490327286
0.0053320279292286
0.0046138107923083
0.00393343757208584
0.0034217315700818
0.00300230220655121
0.00282880508422972
0.00273997953495443
0.00243075245852093
0.00191777163861688
0.0016318479010449
0.00142822180096661
0.00136125989284161
0.00131664135391696
0.00110908805011837
0.000988787110804186
0.000856186457739576
0.000742995855293502
0.00063581030683845
0.000539985988023569
0.000452784227241936
0.000384149875657672
0.000341666695890945
0.000325768524115498
0.000310396202257509
0
0
0
0
0
0
0
0
0
0
0
0
0
0
0
0
0
0
0
0
0
0
0
0
0
0
0
0
0
0
0
0
0
0
0
0
0
0
0
0
0
0
0
0
0
0
0
0
0
0
0
0
0
0
0
0
0
0
0
0
0
0
0
0
0
0
0
0
0
0
0
0
0
0
0
0
0
0
0
0
0
0
0
0
0
0
0
0
0
0
0
0
0
0
0
0
0
0
0
0
0
0
0
0
0
0
0
0
0
0
0
0
0
0
0
0
0
0.00248895373471542
0.01132798835193
0.0131919306710939
0.0136156245373737
0.0119593608634427
0.0100754901585978
0.00856700979192663
0.00727467488938799
0.00621140137651877
0.00527268701507431
0.00456261965853472
0.00388944337306481
0.00337976997375867
0.0029625650682026
0.00278732981700844
0.00270052039384278
0.00239506224753559
0.00189201500107978
0.00160690145169148
0.00140213911676851
0.00132300122577027
0.00127025841100109
0.00107432148725487
0.000949638521255616
0.000819738378570016
0.000710258743845994
0.000607455119607766
0.000516107530734007
0.000434446037224131
0.000367052820037671
0
0
0
0
0
0
0
0
0
0
0
0
0
0
0
0
0
0
0
0
0
0
0
0
0
0
0
0
0
0
0
0
0
0
0
0
0
0
0
0
0
0
0
0
0
0
0
0
0
0
0
0
0
0
0
0
0
0
0
0
0
0
0
0
0
0
0
0
0
0
0
0
0
0
0
0
0
0
0
0
0
0
0
0
0
0
0
0
0
0
0
0
0
0
0
0
0
0
0
0
0
0
0
0
0
0
0
0
0
0
0
0
0
0
0
0
0
0
0
0
0.00246918826924875
0.0112507647729262
0.0130977944237415
0.0135004702149572
0.0118420055074783
0.00997285189628151
0.00847693461178801
0.0071935683556623
0.00613860495399435
0.00521264113215672
0.00450999718369363
0.00384451669396859
0.00333817110868164
0.00292198843747243
0.00274465941928089
0.0026591016286678
0.00236135701195357
0.00186676177196505
0.00158092403701541
0.00137592141661023
0.00128554276243396
0.00122416853770378
0.00104009847866115
0.000912613422076573
0.000785100404690441
0.000676438514529074
0.000579937097632854
0
0
0
0
0
0
0
0
0
0
0
0
0
0
0
0
0
0
0
0
0
0
0
0
0
0
0
0
0
0
0
0
0
0
0
0
0
0
0
0
0
0
0
0
0
0
0
0
0
0
0
0
0
0
0
0
0
0
0
0
0
0
0
0
0
0
0
0
0
0
0
0
0
0
0
0
0
0
0
0
0
0
0
0
0
0
0
0
0
0
0
0
0
0
0
0
0
0
0
0
0
0
0
0
0
0
0
0
0
0
0
0
0
0
0
0
0
0
0
0
0
0
0
0.00244945059840474
0.0111741175278581
0.0130041664498224
0.0133841628419752
0.0117267879812025
0.00987137739178895
0.00838681575738103
0.0071126529062674
0.00606616267906626
0.00515045980504312
0.00445667286216967
0.00379850151023167
0.00329568652601617
0.002881573084314
0.00270188690372522
0.00261691821418892
0.00232597297321336
0.00184354930410538
0.00155532060023009
0.00134876605437479
0.00124832426256223
0.00117873044583163
0.00100584475789185
0.000875869330333694
0.000752307832553472
0
0
0
0
0
0
0
0
0
0
0
0
0
0
0
0
0
0
0
0
0
0
0
0
0
0
0
0
0
0
0
0
0
0
0
0
0
0
0
0
0
0
0
0
0
0
0
0
0
0
0
0
0
0
0
0
0
0
0
0
0
0
0
0
0
0
0
0
0
0
0
0
0
0
0
0
0
0
0
0
0
0
0
0
0
0
0
0
0
0
0
0
0
0
0
0
0
0
0
0
0
0
0
0
0
0
0
0
0
0
0
0
0
0
0
0
0
0
0
0
0
0
0
0
0
0.00243072211484843
0.0110984140030357
0.0129109766572052
0.0132686403298264
0.0116113814282996
0.00977232765348304
0.00829805037095252
0.00703159111866064
0.00599380121855362
0.00508877680078769
0.00440192396252105
0.00375188311478057
0.00325247767875119
0.00284031422520934
0.00265906921201676
0.00257480704509173
0.0022895336849461
0.00181934292207509
0.00153119731296794
0.00132168459300517
0.00121016871383727
0.00113328477196262
0.000972263367446589
0
0
0
0
0
0
0
0
0
0
0
0
0
0
0
0
0
0
0
0
0
0
0
0
0
0
0
0
0
0
0
0
0
0
0
0
0
0
0
0
0
0
0
0
0
0
0
0
0
0
0
0
0
0
0
0
0
0
0
0
0
0
0
0
0
0
0
0
0
0
0
0
0
0
0
0
0
0
0
0
0
0
0
0
0
0
0
0
0
0
0
0
0
0
0
0
0
0
0
0
0
0
0
0
0
0
0
0
0
0
0
0
0
0
0
0
0
0
0
0
0
0
0
0
0
0
0
0.00241214230137425
0.0110263937823737
0.0128189247461981
0.0131537249689993
0.0114966810143105
0.00967360336909445
0.00821130104254725
0.00695186481413343
0.00592136328123858
0.00502689075792752
0.00434789096937119
0.00370462220909894
0.00320886891620929
0.00279881931398996
0.00261538303823256
0.0025322747001455
0.00225314510259451
0.00179412257892309
0.0015070047877547
0.00129551504900665
0.00117174109695562
0.00108658620723705
0
0
0
0
0
0
0
0
0
0
0
0
0
0
0
0
0
0
0
0
0
0
0
0
0
0
0
0
0
0
0
0
0
0
0
0
0
0
0
0
0
0
0
0
0
0
0
0
0
0
0
0
0
0
0
0
0
0
0
0
0
0
0
0
0
0
0
0
0
0
0
0
0
0
0
0
0
0
0
0
0
0
0
0
0
0
0
0
0
0
0
0
0
0
0
0
0
0
0
0
0
0
0
0
0
0
0
0
0
0
0
0
0
0
0
0
0
0
0
0
0
0
0
0
0
0
0
0
0.0023958914836213
0.010955411970153
0.0127310968646499
0.0130397017184946
0.0113825171744906
0.00957537782391032
0.00812432281695198
0.0068737517721358
0.00584995114491451
0.00496468170310397
0.00429335994738684
0.00365817558030131
0.0031646208922676
0.00275701831709049
0.00257182121342818
0.00248906059961251
0.0022160917724987
0.00176903644322727
0.00148194308945284
0.001269077152528
0.0011340869997412
0
0
0
0
0
0
0
0
0
0
0
0
0
0
0
0
0
0
0
0
0
0
0
0
0
0
0
0
0
0
0
0
0
0
0
0
0
0
0
0
0
0
0
0
0
0
0
0
0
0
0
0
0
0
0
0
0
0
0
0
0
0
0
0
0
0
0
0
0
0
0
0
0
0
0
0
0
0
0
0
0
0
0
0
0
0
0
0
0
0
0
0
0
0
0
0
0
0
0
0
0
0
0
0
0
0
0
0
0
0
0
0
0
0
0
0
0
0
0
0
0
0
0
0
0
0
0
0
0
0.00237913452488546
0.0108891141657158
0.0126440057174161
0.0129304467965267
0.0112690746290436
0.00947726383748487
0.00803773372599147
0.0067952654258304
0.00577947928048213
0.00490308639988463
0.00423864336101547
0.00361090488138904
0.00312114637132998
0.00271478855920246
0.00252760620042708
0.00244647733192988
0.00217844544822108
0.00174317280743379
0.00145656916641502
0.00124156496739902
0.00109658703891012
0
0
0
0
0
0
0
0
0
0
0
0
0
0
0
0
0
0
0
0
0
0
0
0
0
0
0
0
0
0
0
0
0
0
0
0
0
0
0
0
0
0
0
0
0
0
0
0
0
0
0
0
0
0
0
0
0
0
0
0
0
0
0
0
0
0
0
0
0
0
0
0
0
0
0
0
0
0
0
0
0
0
0
0
0
0
0
0
0
0
0
0
0
0
0
0
0
0
0
0
0
0
0
0
0
0
0
0
0
0
0
0
0
0
0
0
0
0
0
0
0
0
0
0
0
0
0
0
0
0.00236214428734463
0.0108226989850173
0.0125635814324087
0.0128217014045929
0.0111593404540914
0.00937926909794971
0.00795132118499437
0.00671704293799552
0.00570855533169206
0.00484169151810297
0.0041844068763759
0.00356369805901287
0.00307672170912204
0.0026733212968493
0.00248315841831107
0.00240274203409853
0.00214106182172109
0.00171644854659551
0.00143020063887302
0.00121320633288628
0
0
0
0
0
0
0
0
0
0
0
0
0
0
0
0
0
0
0
0
0
0
0
0
0
0
0
0
0
0
0
0
0
0
0
0
0
0
0
0
0
0
0
0
0
0
0
0
0
0
0
0
0
0
0
0
0
0
0
0
0
0
0
0
0
0
0
0
0
0
0
0
0
0
0
0
0
0
0
0
0
0
0
0
0
0
0
0
0
0
0
0
0
0
0
0
0
0
0
0
0
0
0
0
0
0
0
0
0
0
0
0
0
0
0
0
0
0
0
0
0
0
0
0
0
0
0
0
0
0
0.00234661595707749
0.0107575602682722
0.0124837359442287
0.0127211932091997
0.0110504849638815
0.00928410395765624
0.00786473582078649
0.00663878534440621
0.00563776404208545
0.00477945099597848
0.0041299707754484
0.0035169553100105
0.00303260316754269
0.00263101143842631
0.00243986256418953
0.00235878451427893
0.00210222604803755
0.00168989896068394
0.00140302271705054
0.00118414221629212
0
0
0
0
0
0
0
0
0
0
0
0
0
0
0
0
0
0
0
0
0
0
0
0
0
0
0
0
0
0
0
0
0
0
0
0
0
0
0
0
0
0
0
0
0
0
0
0
0
0
0
0
0
0
0
0
0
0
0
0
0
0
0
0
0
0
0
0
0
0
0
0
0
0
0
0
0
0
0
0
0
0
0
0
0
0
0
0
0
0
0
0
0
0
0
0
0
0
0
0
0
0
0
0
0
0
0
0
0
0
0
0
0
0
0
0
0
0
0
0
0
0
0
0
0
0
0
0
0
0
0.00231452931964123
0.010674851217982
0.0124024632269613
0.012623448814771
0.0109528420587974
0.00918620526351327
0.00778130425968889
0.00656185322623057
0.0055679822814786
0.00471793870939355
0.00407683840863091
0.00347122563476334
0.00299083982240011
0.00258858736876376
0.00239573095450458
0.00230626279316716
0.00205750213919764
0.00166328383365804
0.00137827803734772
0
0
0
0
0
0
0
0
0
0
0
0
0
0
0
0
0
0
0
0
0
0
0
0
0
0
0
0
0
0
0
0
0
0
0
0
0
0
0
0
0
0
0
0
0
0
0
0
0
0
0
0
0
0
0
0
0
0
0
0
0
0
0
0
0
0
0
0
0
0
0
0
0
0
0
0
0
0
0
0
0
0
0
0
0
0
0
0
0
0
0
0
0
0
0
0
0
0
0
0
0
0
0
0
0
0
0
0
0
0
0
0
0
0
0
0
0
0
0
0
0
0
0
0
0
0
0
0
0
0
0
0.0022844645891037
0.010577398068371
0.0123100927803348
0.0125164061602391
0.0108574974145466
0.00909892814268953
0.00769650514114502
0.00648800363269916
0.00549928181744249
0.00465705908053739
0.00402358287674461
0.00342726023960174
0.00295016479537336
0.00254849380540817
0.00234833569262794
0.002251107766884
0.0020076324204915
0.00163364731249665
0
0
0
0
0
0
0
0
0
0
0
0
0
0
0
0
0
0
0
0
0
0
0
0
0
0
0
0
0
0
0
0
0
0
0
0
0
0
0
0
0
0
0
0
0
0
0
0
0
0
0
0
0
0
0
0
0
0
0
0
0
0
0
0
0
0
0
0
0
0
0
0
0
0
0
0
0
0
0
0
0
0
0
0
0
0
0
0
0
0
0
0
0
0
0
0
0
0
0
0
0
0
0
0
0
0
0
0
0
0
0
0
0
0
0
0
0
0
0
0
0
0
0
0
0
0
0
0
0
0
0
0
0.00225446803728538
0.0104827848369669
0.0122092898964309
0.0124044140868014
0.0107554195976246
0.00901303847802304
0.00762028421583664
0.00641347392323697
0.00543270213620214
0.00459655613017966
0.00397048678241569
0.0033830187839419
0.00291055907645271
0.00250877343935939
0.00230242989549723
0.00219322224706143
0.00195552935825369
0.00160135027423067
0
0
0
0
0
0
0
0
0
0
0
0
0
0
0
0
0
0
0
0
0
0
0
0
0
0
0
0
0
0
0
0
0
0
0
0
0
0
0
0
0
0
0
0
0
0
0
0
0
0
0
0
0
0
0
0
0
0
0
0
0
0
0
0
0
0
0
0
0
0
0
0
0
0
0
0
0
0
0
0
0
0
0
0
0
0
0
0
0
0
0
0
0
0
0
0
0
0
0
0
0
0
0
0
0
0
0
0
0
0
0
0
0
0
0
0
0
0
0
0
0
0
0
0
0
0
0
0
0
0
0
0
0.00222569570666241
0.0103882805186056
0.0121110214996437
0.0122863978157445
0.0106486619397975
0.00892389454085823
0.00754543269631991
0.00634473895578721
0.00536541018575555
0.00453763817562061
0.00391765547685513
0.00333878306228325
0.0028708491474618
0.00246979855226955
0.00225702092683557
0.00213623078129182
0.00190185510980789
0.00156759152131505
0
0
0
0
0
0
0
0
0
0
0
0
0
0
0
0
0
0
0
0
0
0
0
0
0
0
0
0
0
0
0
0
0
0
0
0
0
0
0
0
0
0
0
0
0
0
0
0
0
0
0
0
0
0
0
0
0
0
0
0
0
0
0
0
0
0
0
0
0
0
0
0
0
0
0
0
0
0
0
0
0
0
0
0
0
0
0
0
0
0
0
0
0
0
0
0
0
0
0
0
0
0
0
0
0
0
0
0
0
0
0
0
0
0
0
0
0
0
0
0
0
0
0
0
0
0
0
0
0
0
0
0
0.00219684224434947
0.0102928778852505
0.0120131642681099
0.0121707773834749
0.010539083016005
0.008832578141486
0.00746952000264116
0.00627761870043376
0.00530189148081668
0.00447831135397362
0.00386620490915322
0.00329466954238003
0.00283128347039212
0.00243060052666899
0.00221157481364218
0.00207900706505709
0.00184860838427715
0
0
0
0
0
0
0
0
0
0
0
0
0
0
0
0
0
0
0
0
0
0
0
0
0
0
0
0
0
0
0
0
0
0
0
0
0
0
0
0
0
0
0
0
0
0
0
0
0
0
0
0
0
0
0
0
0
0
0
0
0
0
0
0
0
0
0
0
0
0
0
0
0
0
0
0
0
0
0
0
0
0
0
0
0
0
0
0
0
0
0
0
0
0
0
0
0
0
0
0
0
0
0
0
0
0
0
0
0
0
0
0
0
0
0
0
0
0
0
0
0
0
0
0
0
0
0
0
0
0
0
0
0
0.00216791411183109
0.0101946298353692
0.0118981338671202
0.0120556954311715
0.0104323190125115
0.00874100195173474
0.00739382258692331
0.00621154140969492
0.00524108808309442
0.00442292119153577
0.00381471383735881
0.00325104570387973
0.00279196138852367
0.00239230042301261
0.00216554711465108
0.00202024462226706
0.00179182108125225
0
0
0
0
0
0
0
0
0
0
0
0
0
0
0
0
0
0
0
0
0
0
0
0
0
0
0
0
0
0
0
0
0
0
0
0
0
0
0
0
0
0
0
0
0
0
0
0
0
0
0
0
0
0
0
0
0
0
0
0
0
0
0
0
0
0
0
0
0
0
0
0
0
0
0
0
0
0
0
0
0
0
0
0
0
0
0
0
0
0
0
0
0
0
0
0
0
0
0
0
0
0
0
0
0
0
0
0
0
0
0
0
0
0
0
0
0
0
0
0
0
0
0
0
0
0
0
0
0
0
0
0
0
0.00213997435797074
0.0100971825175096
0.0117817639515634
0.011929299717294
0.0103259554192261
0.00865171016512548
0.00731796315281536
0.00614548609700883
0.00518097597596763
0.00437028293372622
0.00376584482401797
0.00320746415421967
0.00275398608512789
0.00235423807372772
0.00212009620559163
0.00196080547702039
0
0
0
0
0
0
0
0
0
0
0
0
0
0
0
0
0
0
0
0
0
0
0
0
0
0
0
0
0
0
0
0
0
0
0
0
0
0
0
0
0
0
0
0
0
0
0
0
0
0
0
0
0
0
0
0
0
0
0
0
0
0
0
0
0
0
0
0
0
0
0
0
0
0
0
0
0
0
0
0
0
0
0
0
0
0
0
0
0
0
0
0
0
0
0
0
0
0
0
0
0
0
0
0
0
0
0
0
0
0
0
0
0
0
0
0
0
0
0
0
0
0
0
0
0
0
0
0
0
0
0
0
0
0
0.00211249762328527
0.0100018808926133
0.0116665496959455
0.0118030415960982
0.0102151090311615
0.00856262821341808
0.00724380703688656
0.00607925963992693
0.00512077017900633
0.00431782923617502
0.00371920111935891
0.00316532324056429
0.00271609227799844
0.00231921527394752
0.00207474863390131
0.00190154482452126
0
0
0
0
0
0
0
0
0
0
0
0
0
0
0
0
0
0
0
0
0
0
0
0
0
0
0
0
0
0
0
0
0
0
0
0
0
0
0
0
0
0
0
0
0
0
0
0
0
0
0
0
0
0
0
0
0
0
0
0
0
0
0
0
0
0
0
0
0
0
0
0
0
0
0
0
0
0
0
0
0
0
0
0
0
0
0
0
0
0
0
0
0
0
0
0
0
0
0
0
0
0
0
0
0
0
0
0
0
0
0
0
0
0
0
0
0
0
0
0
0
0
0
0
0
0
0
0
0
0
0
0
0
0
0.00208570991349779
0.00990759037281056
0.0115543537574524
0.0116786853137805
0.010104900832915
0.00847192153604358
0.00716965262996734
0.00601463533547891
0.00506077067385742
0.00426549865699817
0.00367237043605369
0.00312486608911963
0.00267911971041854
0.00228427687280194
0.00203338652578963
0
0
0
0
0
0
0
0
0
0
0
0
0
0
0
0
0
0
0
0
0
0
0
0
0
0
0
0
0
0
0
0
0
0
0
0
0
0
0
0
0
0
0
0
0
0
0
0
0
0
0
0
0
0
0
0
0
0
0
0
0
0
0
0
0
0
0
0
0
0
0
0
0
0
0
0
0
0
0
0
0
0
0
0
0
0
0
0
0
0
0
0
0
0
0
0
0
0
0
0
0
0
0
0
0
0
0
0
0
0
0
0
0
0
0
0
0
0
0
0
0
0
0
0
0
0
0
0
0
0
0
0
0
0
0
0.00205918775746199
0.00981451833321123
0.0114437500331775
0.011557302535569
0.00999624366460752
0.00838206942058784
0.0070950837237696
0.00594993847892552
0.0050020227477797
0.00421342911612178
0.00362573462016471
0.00308422804609559
0.00264339931364694
0.00225012897791978
0.00199214845421756
0
0
0
0
0
0
0
0
0
0
0
0
0
0
0
0
0
0
0
0
0
0
0
0
0
0
0
0
0
0
0
0
0
0
0
0
0
0
0
0
0
0
0
0
0
0
0
0
0
0
0
0
0
0
0
0
0
0
0
0
0
0
0
0
0
0
0
0
0
0
0
0
0
0
0
0
0
0
0
0
0
0
0
0
0
0
0
0
0
0
0
0
0
0
0
0
0
0
0
0
0
0
0
0
0
0
0
0
0
0
0
0
0
0
0
0
0
0
0
0
0
0
0
0
0
0
0
0
0
0
0
0
0
0
0
0.00203292554174408
0.00972323086398122
0.0113359786115738
0.0114380215107302
0.00989042513429301
0.00829329733352286
0.0070212782015374
0.00588498047514053
0.00494317148696461
0.00416206903354309
0.00357909956841711
0.00304354819045689
0.00260720396403044
0.00221669471542357
0.00195154681710021
0
0
0
0
0
0
0
0
0
0
0
0
0
0
0
0
0
0
0
0
0
0
0
0
0
0
0
0
0
0
0
0
0
0
0
0
0
0
0
0
0
0
0
0
0
0
0
0
0
0
0
0
0
0
0
0
0
0
0
0
0
0
0
0
0
0
0
0
0
0
0
0
0
0
0
0
0
0
0
0
0
0
0
0
0
0
0
0
0
0
0
0
0
0
0
0
0
0
0
0
0
0
0
0
0
0
0
0
0
0
0
0
0
0
0
0
0
0
0
0
0
0
0
0
0
0
0
0
0
0
0
0
0
0
0
0.00200553721080672
0.00963276264030883
0.011230686512349
0.0113225791969932
0.00978649787194796
0.00820699599708994
0.00694848589155389
0.0058209347613622
0.00488422069708394
0.00411054411138227
0.00353274195216008
0.00300208576361935
0.00256997112101433
0.00218253807935478
0
0
0
0
0
0
0
0
0
0
0
0
0
0
0
0
0
0
0
0
0
0
0
0
0
0
0
0
0
0
0
0
0
0
0
0
0
0
0
0
0
0
0
0
0
0
0
0
0
0
0
0
0
0
0
0
0
0
0
0
0
0
0
0
0
0
0
0
0
0
0
0
0
0
0
0
0
0
0
0
0
0
0
0
0
0
0
0
0
0
0
0
0
0
0
0
0
0
0
0
0
0
0
0
0
0
0
0
0
0
0
0
0
0
0
0
0
0
0
0
0
0
0
0
0
0
0
0
0
0
0
0
0
0
0
0
0.00197882801930951
0.00954239040119785
0.0111263452147669
0.0112096290487659
0.00968616014540161
0.00812230341446646
0.00687779229162235
0.00575785126928412
0.00482606546067019
0.00405872311868995
0.00348624387422209
0.00296092057356328
0.0025325624104281
0.0021481376457615
0
0
0
0
0
0
0
0
0
0
0
0
0
0
0
0
0
0
0
0
0
0
0
0
0
0
0
0
0
0
0
0
0
0
0
0
0
0
0
0
0
0
0
0
0
0
0
0
0
0
0
0
0
0
0
0
0
0
0
0
0
0
0
0
0
0
0
0
0
0
0
0
0
0
0
0
0
0
0
0
0
0
0
0
0
0
0
0
0
0
0
0
0
0
0
0
0
0
0
0
0
0
0
0
0
0
0
0
0
0
0
0
0
0
0
0
0
0
0
0
0
0
0
0
0
0
0
0
0
0
0
0
0
0
0
0
0.00195276529400813
0.00945434028743589
0.0110219342478024
0.0110974613959765
0.0095883798162006
0.00804044127694256
0.00680873184001981
0.00569663602270525
0.00476893087588021
0.00400747502240661
0.00343898415307178
0.00291946744307539
0.00249538992821149
0.0021134812484683
0
0
0
0
0
0
0
0
0
0
0
0
0
0
0
0
0
0
0
0
0
0
0
0
0
0
0
0
0
0
0
0
0
0
0
0
0
0
0
0
0
0
0
0
0
0
0
0
0
0
0
0
0
0
0
0
0
0
0
0
0
0
0
0
0
0
0
0
0
0
0
0
0
0
0
0
0
0
0
0
0
0
0
0
0
0
0
0
0
0
0
0
0
0
0
0
0
0
0
0
0
0
0
0
0
0
0
0
0
0
0
0
0
0
0
0
0
0
0
0
0
0
0
0
0
0
0
0
0
0
0
0
0
0
0
0
0.00192702259153309
0.00936789373041499
0.010920287844246
0.0109818083392616
0.00949111601402348
0.0079611405970877
0.00674188886124247
0.00563711230753407
0.00471363400347983
0.00395765331839291
0.0033920051113921
0.00287698915531056
0.00245752953073695
0
0
0
0
0
0
0
0
0
0
0
0
0
0
0
0
0
0
0
0
0
0
0
0
0
0
0
0
0
0
0
0
0
0
0
0
0
0
0
0
0
0
0
0
0
0
0
0
0
0
0
0
0
0
0
0
0
0
0
0
0
0
0
0
0
0
0
0
0
0
0
0
0
0
0
0
0
0
0
0
0
0
0
0
0
0
0
0
0
0
0
0
0
0
0
0
0
0
0
0
0
0
0
0
0
0
0
0
0
0
0
0
0
0
0
0
0
0
0
0
0
0
0
0
0
0
0
0
0
0
0
0
0
0
0
0
0
0.00190205215469921
0.00928288384922378
0.0108205305606976
0.0108689927622391
0.00939131355197348
0.00788217088770714
0.0066772305360087
0.00557897694067207
0.00465988749129472
0.00390934812246597
0.00334617217276264
0.00283440091279457
0.0024183119947527
0
0
0
0
0
0
0
0
0
0
0
0
0
0
0
0
0
0
0
0
0
0
0
0
0
0
0
0
0
0
0
0
0
0
0
0
0
0
0
0
0
0
0
0
0
0
0
0
0
0
0
0
0
0
0
0
0
0
0
0
0
0
0
0
0
0
0
0
0
0
0
0
0
0
0
0
0
0
0
0
0
0
0
0
0
0
0
0
0
0
0
0
0
0
0
0
0
0
0
0
0
0
0
0
0
0
0
0
0
0
0
0
0
0
0
0
0
0
0
0
0
0
0
0
0
0
0
0
0
0
0
0
0
0
0
0
0
0.00187724577469122
0.00919989307790254
0.0107225341845633
0.0107583715367565
0.00929389445029636
0.00780028960664316
0.00661299603984376
0.00552306857176073
0.00460699469884764
0.00386290100165642
0.00330195546669894
0.00279269364081858
0.00237875951328414
0
0
0
0
0
0
0
0
0
0
0
0
0
0
0
0
0
0
0
0
0
0
0
0
0
0
0
0
0
0
0
0
0
0
0
0
0
0
0
0
0
0
0
0
0
0
0
0
0
0
0
0
0
0
0
0
0
0
0
0
0
0
0
0
0
0
0
0
0
0
0
0
0
0
0
0
0
0
0
0
0
0
0
0
0
0
0
0
0
0
0
0
0
0
0
0
0
0
0
0
0
0
0
0
0
0
0
0
0
0
0
0
0
0
0
0
0
0
0
0
0
0
0
0
0
0
0
0
0
0
0
0
0
0
0
0
0
0.00185276173840964
0.00911755752880316
0.0106272062172893
0.0106495587709614
0.00919853068601354
0.00772053947627842
0.00654699836949685
0.0054677186709411
0.0045560945485241
0.00381687514941137
0.00325950624219606
0.00275235940569115
0.00233983439386241
0
0
0
0
0
0
0
0
0
0
0
0
0
0
0
0
0
0
0
0
0
0
0
0
0
0
0
0
0
0
0
0
0
0
0
0
0
0
0
0
0
0
0
0
0
0
0
0
0
0
0
0
0
0
0
0
0
0
0
0
0
0
0
0
0
0
0
0
0
0
0
0
0
0
0
0
0
0
0
0
0
0
0
0
0
0
0
0
0
0
0
0
0
0
0
0
0
0
0
0
0
0
0
0
0
0
0
0
0
0
0
0
0
0
0
0
0
0
0
0
0
0
0
0
0
0
0
0
0
0
0
0
0
0
0
0
0
0.00182898239625002
0.00903689659455865
0.0105329243333443
0.0105434239795258
0.00910435428177385
0.00764257846655996
0.00648347057999195
0.00541158930774682
0.00450574257534891
0.00377256667341557
0.00321706697054417
0.00271359014563519
0
0
0
0
0
0
0
0
0
0
0
0
0
0
0
0
0
0
0
0
0
0
0
0
0
0
0
0
0
0
0
0
0
0
0
0
0
0
0
0
0
0
0
0
0
0
0
0
0
0
0
0
0
0
0
0
0
0
0
0
0
0
0
0
0
0
0
0
0
0
0
0
0
0
0
0
0
0
0
0
0
0
0
0
0
0
0
0
0
0
0
0
0
0
0
0
0
0
0
0
0
0
0
0
0
0
0
0
0
0
0
0
0
0
0
0
0
0
0
0
0
0
0
0
0
0
0
0
0
0
0
0
0
0
0
0
0
0
0.00180570922865857
0.00895822201300448
0.0104411175176059
0.0104380164489754
0.00901209786197748
0.00756534402914004
0.00642148637757675
0.00535805201859267
0.0044540323418141
0.00372867822455814
0.00317601320913307
0.00267451568598926
0
0
0
0
0
0
0
0
0
0
0
0
0
0
0
0
0
0
0
0
0
0
0
0
0
0
0
0
0
0
0
0
0
0
0
0
0
0
0
0
0
0
0
0
0
0
0
0
0
0
0
0
0
0
0
0
0
0
0
0
0
0
0
0
0
0
0
0
0
0
0
0
0
0
0
0
0
0
0
0
0
0
0
0
0
0
0
0
0
0
0
0
0
0
0
0
0
0
0
0
0
0
0
0
0
0
0
0
0
0
0
0
0
0
0
0
0
0
0
0
0
0
0
0
0
0
0
0
0
0
0
0
0
0
0
0
0
0
0.00178262328498286
0.00888071375447912
0.0103519416224301
0.0103352382799627
0.0089204760917143
0.00748952776036039
0.00636007759296592
0.00530569734091515
0.00440465380797222
0.00368385360493319
0.00313526770432564
0.0026364479015308
0
0
0
0
0
0
0
0
0
0
0
0
0
0
0
0
0
0
0
0
0
0
0
0
0
0
0
0
0
0
0
0
0
0
0
0
0
0
0
0
0
0
0
0
0
0
0
0
0
0
0
0
0
0
0
0
0
0
0
0
0
0
0
0
0
0
0
0
0
0
0
0
0
0
0
0
0
0
0
0
0
0
0
0
0
0
0
0
0
0
0
0
0
0
0
0
0
0
0
0
0
0
0
0
0
0
0
0
0
0
0
0
0
0
0
0
0
0
0
0
0
0
0
0
0
0
0
0
0
0
0
0
0
0
0
0
0
0
0.00175998819937733
0.00880401473561181
0.0102640644562865
0.0102350151988552
0.00883118320524975
0.00741417454903733
0.00629973712288986
0.00525402322315468
0.00435619512508188
0.0036411928102765
0.00309374695552247
0.00259858119416959
0
0
0
0
0
0
0
0
0
0
0
0
0
0
0
0
0
0
0
0
0
0
0
0
0
0
0
0
0
0
0
0
0
0
0
0
0
0
0
0
0
0
0
0
0
0
0
0
0
0
0
0
0
0
0
0
0
0
0
0
0
0
0
0
0
0
0
0
0
0
0
0
0
0
0
0
0
0
0
0
0
0
0
0
0
0
0
0
0
0
0
0
0
0
0
0
0
0
0
0
0
0
0
0
0
0
0
0
0
0
0
0
0
0
0
0
0
0
0
0
0
0
0
0
0
0
0
0
0
0
0
0
0
0
0
0
0
0
0.00173812666605315
0.00872802328222219
0.0101767565733805
0.0101362246274687
0.00874420209847757
0.00734052617610555
0.00623976769877069
0.00520357341033554
0.00430846587431698
0.00359912138493558
0.0030533133432904
0
0
0
0
0
0
0
0
0
0
0
0
0
0
0
0
0
0
0
0
0
0
0
0
0
0
0
0
0
0
0
0
0
0
0
0
0
0
0
0
0
0
0
0
0
0
0
0
0
0
0
0
0
0
0
0
0
0
0
0
0
0
0
0
0
0
0
0
0
0
0
0
0
0
0
0
0
0
0
0
0
0
0
0
0
0
0
0
0
0
0
0
0
0
0
0
0
0
0
0
0
0
0
0
0
0
0
0
0
0
0
0
0
0
0
0
0
0
0
0
0
0
0
0
0
0
0
0
0
0
0
0
0
0
0
0
0
0
0
0.00171703595931563
0.00865301588130594
0.0100897578123791
0.0100379303228729
0.00865815660179754
0.00726847780581569
0.00618120189620528
0.0051534934142596
0.0042614163336739
0.00355767715318745
0.00301328055299078
0
0
0
0
0
0
0
0
0
0
0
0
0
0
0
0
0
0
0
0
0
0
0
0
0
0
0
0
0
0
0
0
0
0
0
0
0
0
0
0
0
0
0
0
0
0
0
0
0
0
0
0
0
0
0
0
0
0
0
0
0
0
0
0
0
0
0
0
0
0
0
0
0
0
0
0
0
0
0
0
0
0
0
0
0
0
0
0
0
0
0
0
0
0
0
0
0
0
0
0
0
0
0
0
0
0
0
0
0
0
0
0
0
0
0
0
0
0
0
0
0
0
0
0
0
0
0
0
0
0
0
0
0
0
0
0
0
0
0
0.00169431455483704
0.00858033766298927
0.0100033338546015
0.00993918558688853
0.00857246474188835
0.00719692861753748
0.00612370807158738
0.00510492060105036
0.00421429551562172
0.00351551159584212
0.00297367179401467
0
0
0
0
0
0
0
0
0
0
0
0
0
0
0
0
0
0
0
0
0
0
0
0
0
0
0
0
0
0
0
0
0
0
0
0
0
0
0
0
0
0
0
0
0
0
0
0
0
0
0
0
0
0
0
0
0
0
0
0
0
0
0
0
0
0
0
0
0
0
0
0
0
0
0
0
0
0
0
0
0
0
0
0
0
0
0
0
0
0
0
0
0
0
0
0
0
0
0
0
0
0
0
0
0
0
0
0
0
0
0
0
0
0
0
0
0
0
0
0
0
0
0
0
0
0
0
0
0
0
0
0
0
0
0
0
0
0
0
0.00167230706993057
0.00849719776187437
0.00991830102227725
0.00984277138276439
0.00848764642410015
0.00712625695294969
0.00606673788182438
0.00505737695562914
0.00416869011108995
0.00347142821578325
0.00293140554395998
0
0
0
0
0
0
0
0
0
0
0
0
0
0
0
0
0
0
0
0
0
0
0
0
0
0
0
0
0
0
0
0
0
0
0
0
0
0
0
0
0
0
0
0
0
0
0
0
0
0
0
0
0
0
0
0
0
0
0
0
0
0
0
0
0
0
0
0
0
0
0
0
0
0
0
0
0
0
0
0
0
0
0
0
0
0
0
0
0
0
0
0
0
0
0
0
0
0
0
0
0
0
0
0
0
0
0
0
0
0
0
0
0
0
0
0
0
0
0
0
0
0
0
0
0
0
0
0
0
0
0
0
0
0
0
0
0
0
0
0.00165062910313749
0.00841601262776988
0.00982622585608034
0.00974784491726947
0.00840516805151084
0.0070564994095836
0.00601063972264307
0.00501011073006454
0.00412355020674668
0.00342835957296062
0.00288764566771726
0
0
0
0
0
0
0
0
0
0
0
0
0
0
0
0
0
0
0
0
0
0
0
0
0
0
0
0
0
0
0
0
0
0
0
0
0
0
0
0
0
0
0
0
0
0
0
0
0
0
0
0
0
0
0
0
0
0
0
0
0
0
0
0
0
0
0
0
0
0
0
0
0
0
0
0
0
0
0
0
0
0
0
0
0
0
0
0
0
0
0
0
0
0
0
0
0
0
0
0
0
0
0
0
0
0
0
0
0
0
0
0
0
0
0
0
0
0
0
0
0
0
0
0
0
0
0
0
0
0
0
0
0
0
0
0
0
0
0
0.00162225138027335
0.00832806773921339
0.00973508394366673
0.00965171804020085
0.00832426258170816
0.00698408894520833
0.00595223121533409
0.00496388250452478
0.00407870859458561
0.0033856769856503
0
0
0
0
0
0
0
0
0
0
0
0
0
0
0
0
0
0
0
0
0
0
0
0
0
0
0
0
0
0
0
0
0
0
0
0
0
0
0
0
0
0
0
0
0
0
0
0
0
0
0
0
0
0
0
0
0
0
0
0
0
0
0
0
0
0
0
0
0
0
0
0
0
0
0
0
0
0
0
0
0
0
0
0
0
0
0
0
0
0
0
0
0
0
0
0
0
0
0
0
0
0
0
0
0
0
0
0
0
0
0
0
0
0
0
0
0
0
0
0
0
0
0
0
0
0
0
0
0
0
0
0
0
0
0
0
0
0
0
0
0.0015939633693957
0.00822454239488775
0.00962693081022337
0.00955418053379762
0.00824521797788348
0.00691283423538623
0.00588444825037903
0.004910894276472
0.00403514285926874
0.00334351851609578
0
0
0
0
0
0
0
0
0
0
0
0
0
0
0
0
0
0
0
0
0
0
0
0
0
0
0
0
0
0
0
0
0
0
0
0
0
0
0
0
0
0
0
0
0
0
0
0
0
0
0
0
0
0
0
0
0
0
0
0
0
0
0
0
0
0
0
0
0
0
0
0
0
0
0
0
0
0
0
0
0
0
0
0
0
0
0
0
0
0
0
0
0
0
0
0
0
0
0
0
0
0
0
0
0
0
0
0
0
0
0
0
0
0
0
0
0
0
0
0
0
0
0
0
0
0
0
0
0
0
0
0
0
0
0
0
0
0
0
0
0.00156611841159938
0.00812312735758173
0.00950741011963319
0.00944393199469337
0.00816560319948946
0.00684399676764953
0.00581759441165194
0.00485070212099907
0.00398629584815373
0.00330239700441728
0
0
0
0
0
0
0
0
0
0
0
0
0
0
0
0
0
0
0
0
0
0
0
0
0
0
0
0
0
0
0
0
0
0
0
0
0
0
0
0
0
0
0
0
0
0
0
0
0
0
0
0
0
0
0
0
0
0
0
0
0
0
0
0
0
0
0
0
0
0
0
0
0
0
0
0
0
0
0
0
0
0
0
0
0
0
0
0
0
0
0
0
0
0
0
0
0
0
0
0
0
0
0
0
0
0
0
0
0
0
0
0
0
0
0
0
0
0
0
0
0
0
0
0
0
0
0
0
0
0
0
0
0
0
0
0
0
0
0
0
0.00153810970871505
0.00802248013406818
0.00939060433362334
0.00932815093535414
0.00807968609478847
0.00677583833382544
0.00575282426162151
0.00479134341573192
0.00393387604653947
0.00325846686742028
0
0
0
0
0
0
0
0
0
0
0
0
0
0
0
0
0
0
0
0
0
0
0
0
0
0
0
0
0
0
0
0
0
0
0
0
0
0
0
0
0
0
0
0
0
0
0
0
0
0
0
0
0
0
0
0
0
0
0
0
0
0
0
0
0
0
0
0
0
0
0
0
0
0
0
0
0
0
0
0
0
0
0
0
0
0
0
0
0
0
0
0
0
0
0
0
0
0
0
0
0
0
0
0
0
0
0
0
0
0
0
0
0
0
0
0
0
0
0
0
0
0
0
0
0
0
0
0
0
0
0
0
0
0
0
0
0
0
0
0
0.00150656119692566
0.00791840625705998
0.00927333905839544
0.00920696802734479
0.00798941788003774
0.00670497503746355
0.00568955608635148
0.00473388747701271
0.00388238878054575
0
0
0
0
0
0
0
0
0
0
0
0
0
0
0
0
0
0
0
0
0
0
0
0
0
0
0
0
0
0
0
0
0
0
0
0
0
0
0
0
0
0
0
0
0
0
0
0
0
0
0
0
0
0
0
0
0
0
0
0
0
0
0
0
0
0
0
0
0
0
0
0
0
0
0
0
0
0
0
0
0
0
0
0
0
0
0
0
0
0
0
0
0
0
0
0
0
0
0
0
0
0
0
0
0
0
0
0
0
0
0
0
0
0
0
0
0
0
0
0
0
0
0
0
0
0
0
0
0
0
0
0
0
0
0
0
0
0
0
0
0
0.00147473955218193
0.0078073171274707
0.00914874510255396
0.00908381792655912
0.00788484217036599
0.00662969615815388
0.00562608351312357
0.00467860570224771
0.00383309728687075
0
0
0
0
0
0
0
0
0
0
0
0
0
0
0
0
0
0
0
0
0
0
0
0
0
0
0
0
0
0
0
0
0
0
0
0
0
0
0
0
0
0
0
0
0
0
0
0
0
0
0
0
0
0
0
0
0
0
0
0
0
0
0
0
0
0
0
0
0
0
0
0
0
0
0
0
0
0
0
0
0
0
0
0
0
0
0
0
0
0
0
0
0
0
0
0
0
0
0
0
0
0
0
0
0
0
0
0
0
0
0
0
0
0
0
0
0
0
0
0
0
0
0
0
0
0
0
0
0
0
0
0
0
0
0
0
0
0
0
0
0
0.00144371079418111
0.00769663967839593
0.0090182620882522
0.00895447758156608
0.00777854363242838
0.00654212223403721
0.00555930830984782
0.00462380348963097
0.00378581900274307
0
0
0
0
0
0
0
0
0
0
0
0
0
0
0
0
0
0
0
0
0
0
0
0
0
0
0
0
0
0
0
0
0
0
0
0
0
0
0
0
0
0
0
0
0
0
0
0
0
0
0
0
0
0
0
0
0
0
0
0
0
0
0
0
0
0
0
0
0
0
0
0
0
0
0
0
0
0
0
0
0
0
0
0
0
0
0
0
0
0
0
0
0
0
0
0
0
0
0
0
0
0
0
0
0
0
0
0
0
0
0
0
0
0
0
0
0
0
0
0
0
0
0
0
0
0
0
0
0
0
0
0
0
0
0
0
0
0
0
0
0
0.00141401410087953
0.00758845414275532
0.00888862202479053
0.0088209982615079
0.00766763200659567
0.00645335573954611
0.00548369829600852
0.00456675825208772
0.00373919629943232
0
0
0
0
0
0
0
0
0
0
0
0
0
0
0
0
0
0
0
0
0
0
0
0
0
0
0
0
0
0
0
0
0
0
0
0
0
0
0
0
0
0
0
0
0
0
0
0
0
0
0
0
0
0
0
0
0
0
0
0
0
0
0
0
0
0
0
0
0
0
0
0
0
0
0
0
0
0
0
0
0
0
0
0
0
0
0
0
0
0
0
0
0
0
0
0
0
0
0
0
0
0
0
0
0
0
0
0
0
0
0
0
0
0
0
0
0
0
0
0
0
0
0
0
0
0
0
0
0
0
0
0
0
0
0
0
0
0
0
0
0
0.00138520551302996
0.0074851752557229
0.00876227258472536
0.00868857130978409
0.00755424406737976
0.0063616192307514
0.00540738764809604
0.004504616004045
0.00369116489778694
0
0
0
0
0
0
0
0
0
0
0
0
0
0
0
0
0
0
0
0
0
0
0
0
0
0
0
0
0
0
0
0
0
0
0
0
0
0
0
0
0
0
0
0
0
0
0
0
0
0
0
0
0
0
0
0
0
0
0
0
0
0
0
0
0
0
0
0
0
0
0
0
0
0
0
0
0
0
0
0
0
0
0
0
0
0
0
0
0
0
0
0
0
0
0
0
0
0
0
0
0
0
0
0
0
0
0
0
0
0
0
0
0
0
0
0
0
0
0
0
0
0
0
0
0
0
0
0
0
0
0
0
0
0
0
0
0
0
0
0
0
0.00135674811048107
0.00738381834186899
0.00864249255722158
0.00855968694248062
0.00744189427546741
0.00626905283788126
0.0053299313495115
0.00444239814166157
0.00364199829049087
0
0
0
0
0
0
0
0
0
0
0
0
0
0
0
0
0
0
0
0
0
0
0
0
0
0
0
0
0
0
0
0
0
0
0
0
0
0
0
0
0
0
0
0
0
0
0
0
0
0
0
0
0
0
0
0
0
0
0
0
0
0
0
0
0
0
0
0
0
0
0
0
0
0
0
0
0
0
0
0
0
0
0
0
0
0
0
0
0
0
0
0
0
0
0
0
0
0
0
0
0
0
0
0
0
0
0
0
0
0
0
0
0
0
0
0
0
0
0
0
0
0
0
0
0
0
0
0
0
0
0
0
0
0
0
0
0
0
0
0
0
0.00132905575473907
0.00728370032657732
0.00852452338415286
0.00843677276997021
0.00733235664991923
0.0061771678905015
0.00525117777616479
0.00437873690469234
0
0
0
0
0
0
0
0
0
0
0
0
0
0
0
0
0
0
0
0
0
0
0
0
0
0
0
0
0
0
0
0
0
0
0
0
0
0
0
0
0
0
0
0
0
0
0
0
0
0
0
0
0
0
0
0
0
0
0
0
0
0
0
0
0
0
0
0
0
0
0
0
0
0
0
0
0
0
0
0
0
0
0
0
0
0
0
0
0
0
0
0
0
0
0
0
0
0
0
0
0
0
0
0
0
0
0
0
0
0
0
0
0
0
0
0
0
0
0
0
0
0
0
0
0
0
0
0
0
0
0
0
0
0
0
0
0
0
0
0
0
0
0.00130238206015978
0.00718550155350663
0.00840852277576862
0.00831562865095623
0.00722788718414219
0.00608742119626927
0.0051729273267959
0.00431462618456159
0
0
0
0
0
0
0
0
0
0
0
0
0
0
0
0
0
0
0
0
0
0
0
0
0
0
0
0
0
0
0
0
0
0
0
0
0
0
0
0
0
0
0
0
0
0
0
0
0
0
0
0
0
0
0
0
0
0
0
0
0
0
0
0
0
0
0
0
0
0
0
0
0
0
0
0
0
0
0
0
0
0
0
0
0
0
0
0
0
0
0
0
0
0
0
0
0
0
0
0
0
0
0
0
0
0
0
0
0
0
0
0
0
0
0
0
0
0
0
0
0
0
0
0
0
0
0
0
0
0
0
0
0
0
0
0
0
0
0
0
0
0
0.00127598045354775
0.00709100795805192
0.00829521597618966
0.00819656501251787
0.00712467431190049
0.00600128958302185
0.00509606644730904
0.00425071347279457
0
0
0
0
0
0
0
0
0
0
0
0
0
0
0
0
0
0
0
0
0
0
0
0
0
0
0
0
0
0
0
0
0
0
0
0
0
0
0
0
0
0
0
0
0
0
0
0
0
0
0
0
0
0
0
0
0
0
0
0
0
0
0
0
0
0
0
0
0
0
0
0
0
0
0
0
0
0
0
0
0
0
0
0
0
0
0
0
0
0
0
0
0
0
0
0
0
0
0
0
0
0
0
0
0
0
0
0
0
0
0
0
0
0
0
0
0
0
0
0
0
0
0
0
0
0
0
0
0
0
0
0
0
0
0
0
0
0
0
0
0
0
0.00124958342449771
0.00699754964092631
0.00818623467563042
0.00808005743980146
0.00702326536793277
0.00591602929886399
0.00502169124551375
0.00418773048733913
0
0
0
0
0
0
0
0
0
0
0
0
0
0
0
0
0
0
0
0
0
0
0
0
0
0
0
0
0
0
0
0
0
0
0
0
0
0
0
0
0
0
0
0
0
0
0
0
0
0
0
0
0
0
0
0
0
0
0
0
0
0
0
0
0
0
0
0
0
0
0
0
0
0
0
0
0
0
0
0
0
0
0
0
0
0
0
0
0
0
0
0
0
0
0
0
0
0
0
0
0
0
0
0
0
0
0
0
0
0
0
0
0
0
0
0
0
0
0
0
0
0
0
0
0
0
0
0
0
0
0
0
0
0
0
0
0
0
0
0
0
0
0.00122423601333897
0.00690422520162458
0.00807840238087314
0.00796836117169781
0.00692418527859371
0.00583221593273215
0.00494794357142982
0.00412641041227445
0
0
0
0
0
0
0
0
0
0
0
0
0
0
0
0
0
0
0
0
0
0
0
0
0
0
0
0
0
0
0
0
0
0
0
0
0
0
0
0
0
0
0
0
0
0
0
0
0
0
0
0
0
0
0
0
0
0
0
0
0
0
0
0
0
0
0
0
0
0
0
0
0
0
0
0
0
0
0
0
0
0
0
0
0
0
0
0
0
0
0
0
0
0
0
0
0
0
0
0
0
0
0
0
0
0
0
0
0
0
0
0
0
0
0
0
0
0
0
0
0
0
0
0
0
0
0
0
0
0
0
0
0
0
0
0
0
0
0
0
0
0
0.00120055616535854
0.00681482261933997
0.00797090680039546
0.00785761644845265
0.00683141721356078
0.00575070988929404
0.00487524949150652
0
0
0
0
0
0
0
0
0
0
0
0
0
0
0
0
0
0
0
0
0
0
0
0
0
0
0
0
0
0
0
0
0
0
0
0
0
0
0
0
0
0
0
0
0
0
0
0
0
0
0
0
0
0
0
0
0
0
0
0
0
0
0
0
0
0
0
0
0
0
0
0
0
0
0
0
0
0
0
0
0
0
0
0
0
0
0
0
0
0
0
0
0
0
0
0
0
0
0
0
0
0
0
0
0
0
0
0
0
0
0
0
0
0
0
0
0
0
0
0
0
0
0
0
0
0
0
0
0
0
0
0
0
0
0
0
0
0
0
0
0
0
0
0.0011770842031634
0.00672755823946751
0.00786765758721661
0.00774725507135518
0.00673930935077971
0.00567501081967305
0.00480452906492718
0
0
0
0
0
0
0
0
0
0
0
0
0
0
0
0
0
0
0
0
0
0
0
0
0
0
0
0
0
0
0
0
0
0
0
0
0
0
0
0
0
0
0
0
0
0
0
0
0
0
0
0
0
0
0
0
0
0
0
0
0
0
0
0
0
0
0
0
0
0
0
0
0
0
0
0
0
0
0
0
0
0
0
0
0
0
0
0
0
0
0
0
0
0
0
0
0
0
0
0
0
0
0
0
0
0
0
0
0
0
0
0
0
0
0
0
0
0
0
0
0
0
0
0
0
0
0
0
0
0
0
0
0
0
0
0
0
0
0
0
0
0
0
0.00115379878256683
0.00664126345706088
0.0077658026086409
0.00763962779628015
0.00664752445535738
0.00559968612525404
0.0047378481255046
0
0
0
0
0
0
0
0
0
0
0
0
0
0
0
0
0
0
0
0
0
0
0
0
0
0
0
0
0
0
0
0
0
0
0
0
0
0
0
0
0
0
0
0
0
0
0
0
0
0
0
0
0
0
0
0
0
0
0
0
0
0
0
0
0
0
0
0
0
0
0
0
0
0
0
0
0
0
0
0
0
0
0
0
0
0
0
0
0
0
0
0
0
0
0
0
0
0
0
0
0
0
0
0
0
0
0
0
0
0
0
0
0
0
0
0
0
0
0
0
0
0
0
0
0
0
0
0
0
0
0
0
0
0
0
0
0
0
0
0
0
0
0
0.00113091738459394
0.00655625768083537
0.00766498885504067
0.0075327078161047
0.00655703661562856
0.00552458718961511
0.00467127619650672
0
0
0
0
0
0
0
0
0
0
0
0
0
0
0
0
0
0
0
0
0
0
0
0
0
0
0
0
0
0
0
0
0
0
0
0
0
0
0
0
0
0
0
0
0
0
0
0
0
0
0
0
0
0
0
0
0
0
0
0
0
0
0
0
0
0
0
0
0
0
0
0
0
0
0
0
0
0
0
0
0
0
0
0
0
0
0
0
0
0
0
0
0
0
0
0
0
0
0
0
0
0
0
0
0
0
0
0
0
0
0
0
0
0
0
0
0
0
0
0
0
0
0
0
0
0
0
0
0
0
0
0
0
0
0
0
0
0
0
0
0
0
0
0.00110811523903214
0.00647196707967322
0.00756601439184769
0.00742702477483134
0.00646752547581438
0.00545105307825692
0.00460491561879404
0
0
0
0
0
0
0
0
0
0
0
0
0
0
0
0
0
0
0
0
0
0
0
0
0
0
0
0
0
0
0
0
0
0
0
0
0
0
0
0
0
0
0
0
0
0
0
0
0
0
0
0
0
0
0
0
0
0
0
0
0
0
0
0
0
0
0
0
0
0
0
0
0
0
0
0
0
0
0
0
0
0
0
0
0
0
0
0
0
0
0
0
0
0
0
0
0
0
0
0
0
0
0
0
0
0
0
0
0
0
0
0
0
0
0
0
0
0
0
0
0
0
0
0
0
0
0
0
0
0
0
0
0
0
0
0
0
0
0
0
0
0
0
0.00108559755475668
0.00638826241110559
0.00746781930228712
0.00732318040574978
0.00637896570752191
0.00537810449018638
0.00453940225821045
0
0
0
0
0
0
0
0
0
0
0
0
0
0
0
0
0
0
0
0
0
0
0
0
0
0
0
0
0
0
0
0
0
0
0
0
0
0
0
0
0
0
0
0
0
0
0
0
0
0
0
0
0
0
0
0
0
0
0
0
0
0
0
0
0
0
0
0
0
0
0
0
0
0
0
0
0
0
0
0
0
0
0
0
0
0
0
0
0
0
0
0
0
0
0
0
0
0
0
0
0
0
0
0
0
0
0
0
0
0
0
0
0
0
0
0
0
0
0
0
0
0
0
0
0
0
0
0
0
0
0
0
0
0
0
0
0
0
0
0
0
0
0
0.00106343608278536
0.00630546038951216
0.00737050988766582
0.00722004617365152
0.00629178017705192
0.00530549647325282
0
0
0
0
0
0
0
0
0
0
0
0
0
0
0
0
0
0
0
0
0
0
0
0
0
0
0
0
0
0
0
0
0
0
0
0
0
0
0
0
0
0
0
0
0
0
0
0
0
0
0
0
0
0
0
0
0
0
0
0
0
0
0
0
0
0
0
0
0
0
0
0
0
0
0
0
0
0
0
0
0
0
0
0
0
0
0
0
0
0
0
0
0
0
0
0
0
0
0
0
0
0
0
0
0
0
0
0
0
0
0
0
0
0
0
0
0
0
0
0
0
0
0
0
0
0
0
0
0
0
0
0
0
0
0
0
0
0
0
0
0
0
0
0
0.0010421205524486
0.00622358633482162
0.00727441593696179
0.00711785338897817
0.00620513331115951
0.00523394485440122
0
0
0
0
0
0
0
0
0
0
0
0
0
0
0
0
0
0
0
0
0
0
0
0
0
0
0
0
0
0
0
0
0
0
0
0
0
0
0
0
0
0
0
0
0
0
0
0
0
0
0
0
0
0
0
0
0
0
0
0
0
0
0
0
0
0
0
0
0
0
0
0
0
0
0
0
0
0
0
0
0
0
0
0
0
0
0
0
0
0
0
0
0
0
0
0
0
0
0
0
0
0
0
0
0
0
0
0
0
0
0
0
0
0
0
0
0
0
0
0
0
0
0
0
0
0
0
0
0
0
0
0
0
0
0
0
0
0
0
0
0
0
0
0
0.00102187858936369
0.00614486920262275
0.00717957130516676
0.00701669906999087
0.00611913989780795
0.0051628653032848
0
0
0
0
0
0
0
0
0
0
0
0
0
0
0
0
0
0
0
0
0
0
0
0
0
0
0
0
0
0
0
0
0
0
0
0
0
0
0
0
0
0
0
0
0
0
0
0
0
0
0
0
0
0
0
0
0
0
0
0
0
0
0
0
0
0
0
0
0
0
0
0
0
0
0
0
0
0
0
0
0
0
0
0
0
0
0
0
0
0
0
0
0
0
0
0
0
0
0
0
0
0
0
0
0
0
0
0
0
0
0
0
0
0
0
0
0
0
0
0
0
0
0
0
0
0
0
0
0
0
0
0
0
0
0
0
0
0
0
0
0
0
0
0
0.00100178685687897
0.00606857031136842
0.00708927785806441
0.00691681215390653
0.00603393362584929
0.00509234170510027
0
0
0
0
0
0
0
0
0
0
0
0
0
0
0
0
0
0
0
0
0
0
0
0
0
0
0
0
0
0
0
0
0
0
0
0
0
0
0
0
0
0
0
0
0
0
0
0
0
0
0
0
0
0
0
0
0
0
0
0
0
0
0
0
0
0
0
0
0
0
0
0
0
0
0
0
0
0
0
0
0
0
0
0
0
0
0
0
0
0
0
0
0
0
0
0
0
0
0
0
0
0
0
0
0
0
0
0
0
0
0
0
0
0
0
0
0
0
0
0
0
0
0
0
0
0
0
0
0
0
0
0
0
0
0
0
0
0
0
0
0
0
0
0
0.000981726794833504
0.00599256251013218
0.00700202733745643
0.00682225774864234
0.00594986028787829
0.00502241166521763
0
0
0
0
0
0
0
0
0
0
0
0
0
0
0
0
0
0
0
0
0
0
0
0
0
0
0
0
0
0
0
0
0
0
0
0
0
0
0
0
0
0
0
0
0
0
0
0
0
0
0
0
0
0
0
0
0
0
0
0
0
0
0
0
0
0
0
0
0
0
0
0
0
0
0
0
0
0
0
0
0
0
0
0
0
0
0
0
0
0
0
0
0
0
0
0
0
0
0
0
0
0
0
0
0
0
0
0
0
0
0
0
0
0
0
0
0
0
0
0
0
0
0
0
0
0
0
0
0
0
0
0
0
0
0
0
0
0
0
0
0
0
0
0
0.000961672107936134
0.00591669513957991
0.00691505986967096
0.00673022258373263
0.00586956710417661
0.00495341862435306
0
0
0
0
0
0
0
0
0
0
0
0
0
0
0
0
0
0
0
0
0
0
0
0
0
0
0
0
0
0
0
0
0
0
0
0
0
0
0
0
0
0
0
0
0
0
0
0
0
0
0
0
0
0
0
0
0
0
0
0
0
0
0
0
0
0
0
0
0
0
0
0
0
0
0
0
0
0
0
0
0
0
0
0
0
0
0
0
0
0
0
0
0
0
0
0
0
0
0
0
0
0
0
0
0
0
0
0
0
0
0
0
0
0
0
0
0
0
0
0
0
0
0
0
0
0
0
0
0
0
0
0
0
0
0
0
0
0
0
0
0
0
0
0
0.000941968761346078
0.00584088345215555
0.00682823980641177
0.00663841881403365
0.0057911555542478
0
0
0
0
0
0
0
0
0
0
0
0
0
0
0
0
0
0
0
0
0
0
0
0
0
0
0
0
0
0
0
0
0
0
0
0
0
0
0
0
0
0
0
0
0
0
0
0
0
0
0
0
0
0
0
0
0
0
0
0
0
0
0
0
0
0
0
0
0
0
0
0
0
0
0
0
0
0
0
0
0
0
0
0
0
0
0
0
0
0
0
0
0
0
0
0
0
0
0
0
0
0
0
0
0
0
0
0
0
0
0
0
0
0
0
0
0
0
0
0
0
0
0
0
0
0
0
0
0
0
0
0
0
0
0
0
0
0
0
0
0
0
0
0
0
0.000923006500763366
0.00576727127922837
0.00674148078857379
0.00654671588635922
0.00571295421468753
0
0
0
0
0
0
0
0
0
0
0
0
0
0
0
0
0
0
0
0
0
0
0
0
0
0
0
0
0
0
0
0
0
0
0
0
0
0
0
0
0
0
0
0
0
0
0
0
0
0
0
0
0
0
0
0
0
0
0
0
0
0
0
0
0
0
0
0
0
0
0
0
0
0
0
0
0
0
0
0
0
0
0
0
0
0
0
0
0
0
0
0
0
0
0
0
0
0
0
0
0
0
0
0
0
0
0
0
0
0
0
0
0
0
0
0
0
0
0
0
0
0
0
0
0
0
0
0
0
0
0
0
0
0
0
0
0
0
0
0
0
0
0
0
0
0.000904238172798451
0.00569502672753978
0.00665794401186289
0.00645506523130573
0.00563483267042103
0
0
0
0
0
0
0
0
0
0
0
0
0
0
0
0
0
0
0
0
0
0
0
0
0
0
0
0
0
0
0
0
0
0
0
0
0
0
0
0
0
0
0
0
0
0
0
0
0
0
0
0
0
0
0
0
0
0
0
0
0
0
0
0
0
0
0
0
0
0
0
0
0
0
0
0
0
0
0
0
0
0
0
0
0
0
0
0
0
0
0
0
0
0
0
0
0
0
0
0
0
0
0
0
0
0
0
0
0
0
0
0
0
0
0
0
0
0
0
0
0
0
0
0
0
0
0
0
0
0
0
0
0
0
0
0
0
0
0
0
0
0
0
0
0
0.000885529454268539
0.00562326912527124
0.00657599890320751
0.00636690817609627
0.00555674062950566
0
0
0
0
0
0
0
0
0
0
0
0
0
0
0
0
0
0
0
0
0
0
0
0
0
0
0
0
0
0
0
0
0
0
0
0
0
0
0
0
0
0
0
0
0
0
0
0
0
0
0
0
0
0
0
0
0
0
0
0
0
0
0
0
0
0
0
0
0
0
0
0
0
0
0
0
0
0
0
0
0
0
0
0
0
0
0
0
0
0
0
0
0
0
0
0
0
0
0
0
0
0
0
0
0
0
0
0
0
0
0
0
0
0
0
0
0
0
0
0
0
0
0
0
0
0
0
0
0
0
0
0
0
0
0
0
0
0
0
0
0
0
0
0
0
0.000866938718535665
0.00555211585395404
0.00649453865961567
0.00628021817786944
0.00548181692221651
0
0
0
0
0
0
0
0
0
0
0
0
0
0
0
0
0
0
0
0
0
0
0
0
0
0
0
0
0
0
0
0
0
0
0
0
0
0
0
0
0
0
0
0
0
0
0
0
0
0
0
0
0
0
0
0
0
0
0
0
0
0
0
0
0
0
0
0
0
0
0
0
0
0
0
0
0
0
0
0
0
0
0
0
0
0
0
0
0
0
0
0
0
0
0
0
0
0
0
0
0
0
0
0
0
0
0
0
0
0
0
0
0
0
0
0
0
0
0
0
0
0
0
0
0
0
0
0
0
0
0
0
0
0
0
0
0
0
0
0
0
0
0
0
0
0.000848805519500868
0.00548177536620417
0.00641382724992312
0.00619372540216714
0.00540750134079975
0
0
0
0
0
0
0
0
0
0
0
0
0
0
0
0
0
0
0
0
0
0
0
0
0
0
0
0
0
0
0
0
0
0
0
0
0
0
0
0
0
0
0
0
0
0
0
0
0
0
0
0
0
0
0
0
0
0
0
0
0
0
0
0
0
0
0
0
0
0
0
0
0
0
0
0
0
0
0
0
0
0
0
0
0
0
0
0
0
0
0
0
0
0
0
0
0
0
0
0
0
0
0
0
0
0
0
0
0
0
0
0
0
0
0
0
0
0
0
0
0
0
0
0
0
0
0
0
0
0
0
0
0
0
0
0
0
0
0
0
0
0
0
0
0
0.000830949181598776
0.00541247894349916
0.00633437700277853
0.00610802913107183
0
0
0
0
0
0
0
0
0
0
0
0
0
0
0
0
0
0
0
0
0
0
0
0
0
0
0
0
0
0
0
0
0
0
0
0
0
0
0
0
0
0
0
0
0
0
0
0
0
0
0
0
0
0
0
0
0
0
0
0
0
0
0
0
0
0
0
0
0
0
0
0
0
0
0
0
0
0
0
0
0
0
0
0
0
0
0
0
0
0
0
0
0
0
0
0
0
0
0
0
0
0
0
0
0
0
0
0
0
0
0
0
0
0
0
0
0
0
0
0
0
0
0
0
0
0
0
0
0
0
0
0
0
0
0
0
0
0
0
0
0
0
0
0
0
0
0.000813274274407221
0.0053438176868947
0.00625625620124126
0.00602377053923774
0
0
0
0
0
0
0
0
0
0
0
0
0
0
0
0
0
0
0
0
0
0
0
0
0
0
0
0
0
0
0
0
0
0
0
0
0
0
0
0
0
0
0
0
0
0
0
0
0
0
0
0
0
0
0
0
0
0
0
0
0
0
0
0
0
0
0
0
0
0
0
0
0
0
0
0
0
0
0
0
0
0
0
0
0
0
0
0
0
0
0
0
0
0
0
0
0
0
0
0
0
0
0
0
0
0
0
0
0
0
0
0
0
0
0
0
0
0
0
0
0
0
0
0
0
0
0
0
0
0
0
0
0
0
0
0
0
0
0
0
0
0
0
0
0
0
0.000796054634612582
0.00527590552317925
0.00617896423791787
0.0059410317050286
0
0
0
0
0
0
0
0
0
0
0
0
0
0
0
0
0
0
0
0
0
0
0
0
0
0
0
0
0
0
0
0
0
0
0
0
0
0
0
0
0
0
0
0
0
0
0
0
0
0
0
0
0
0
0
0
0
0
0
0
0
0
0
0
0
0
0
0
0
0
0
0
0
0
0
0
0
0
0
0
0
0
0
0
0
0
0
0
0
0
0
0
0
0
0
0
0
0
0
0
0
0
0
0
0
0
0
0
0
0
0
0
0
0
0
0
0
0
0
0
0
0
0
0
0
0
0
0
0
0
0
0
0
0
0
0
0
0
0
0
0
0
0
0
0
0
0.000779466073415713
0.00520960302446714
0.00610286209305937
0.00585932416058132
0
0
0
0
0
0
0
0
0
0
0
0
0
0
0
0
0
0
0
0
0
0
0
0
0
0
0
0
0
0
0
0
0
0
0
0
0
0
0
0
0
0
0
0
0
0
0
0
0
0
0
0
0
0
0
0
0
0
0
0
0
0
0
0
0
0
0
0
0
0
0
0
0
0
0
0
0
0
0
0
0
0
0
0
0
0
0
0
0
0
0
0
0
0
0
0
0
0
0
0
0
0
0
0
0
0
0
0
0
0
0
0
0
0
0
0
0
0
0
0
0
0
0
0
0
0
0
0
0
0
0
0
0
0
0
0
0
0
0
0
0
0
0
0
0
0
0.000762924714765268
0.00514443042139796
0.00602908332191674
0.00577894281828251
0
0
0
0
0
0
0
0
0
0
0
0
0
0
0
0
0
0
0
0
0
0
0
0
0
0
0
0
0
0
0
0
0
0
0
0
0
0
0
0
0
0
0
0
0
0
0
0
0
0
0
0
0
0
0
0
0
0
0
0
0
0
0
0
0
0
0
0
0
0
0
0
0
0
0
0
0
0
0
0
0
0
0
0
0
0
0
0
0
0
0
0
0
0
0
0
0
0
0
0
0
0
0
0
0
0
0
0
0
0
0
0
0
0
0
0
0
0
0
0
0
0
0
0
0
0
0
0
0
0
0
0
0
0
0
0
0
0
0
0
0
0
0
0
0
0
0.000746490189758826
0.00507939355008871
0.00595652761760045
0
0
0
0
0
0
0
0
0
0
0
0
0
0
0
0
0
0
0
0
0
0
0
0
0
0
0
0
0
0
0
0
0
0
0
0
0
0
0
0
0
0
0
0
0
0
0
0
0
0
0
0
0
0
0
0
0
0
0
0
0
0
0
0
0
0
0
0
0
0
0
0
0
0
0
0
0
0
0
0
0
0
0
0
0
0
0
0
0
0
0
0
0
0
0
0
0
0
0
0
0
0
0
0
0
0
0
0
0
0
0
0
0
0
0
0
0
0
0
0
0
0
0
0
0
0
0
0
0
0
0
0
0
0
0
0
0
0
0
0
0
0
0
0
0
0
0
0.000730146522194782
0.00501475993603411
0.00588419541248053
0
0
0
0
0
0
0
0
0
0
0
0
0
0
0
0
0
0
0
0
0
0
0
0
0
0
0
0
0
0
0
0
0
0
0
0
0
0
0
0
0
0
0
0
0
0
0
0
0
0
0
0
0
0
0
0
0
0
0
0
0
0
0
0
0
0
0
0
0
0
0
0
0
0
0
0
0
0
0
0
0
0
0
0
0
0
0
0
0
0
0
0
0
0
0
0
0
0
0
0
0
0
0
0
0
0
0
0
0
0
0
0
0
0
0
0
0
0
0
0
0
0
0
0
0
0
0
0
0
0
0
0
0
0
0
0
0
0
0
0
0
0
0
0
0
0
0
