date,temperature_C,precipitation_mmd,pet_mmd,streamflow_mmd
1981-01-01,26.4379386901856,1.94549298286438,3.24007654190064,0.003593
1981-01-02,25.3698616027832,10.4202766418457,2.17693519592285,0.003593
1981-01-03,26.2228507995606,1.23621559143066,3.75986409187317,0.00196
1981-01-04,26.3483867645264,1.76538228988647,3.53520131111145,0.00196
1981-01-05,25.7667999267578,1.19249200820923,3.61328649520874,0.005879
1981-01-06,26.3321647644043,0.885770678520203,4.62896060943604,0.005879
1981-01-07,27.3579044342041,0.592092752456665,4.66717958450317,0.000817
1981-01-08,26.9222259521484,2.3477566242218,4.6803183555603,0.000817
1981-01-09,26.631477355957,1.92900431156158,4.77895069122315,0.00196
1981-01-10,26.9606075286865,1.218337059021,5.04014253616333,0.000163
1981-01-11,27.1490211486816,0.196314513683319,4.63751888275147,0
1981-01-12,27.2301769256592,1.43727898597717,5.06913995742798,0.00196
1981-01-13,26.2890892028809,0.465081095695496,4.09434032440186,0.003593
1981-01-14,27.4152812957764,0.00789723079651594,5.33847141265869,0.000817
1981-01-15,26.2209167480469,0.00489936303347349,4.73825263977051,0
1981-01-16,27.3866672515869,0.000987752573564649,5.44165897369385,0.000163
1981-01-17,26.2500076293945,1.23062372207642,3.91047477722168,0.003593
1981-01-18,26.6433258056641,2.43857455253601,3.54933834075928,0.000163
1981-01-19,25.9225196838379,1.81125044822693,4.35468149185181,0.00196
1981-01-20,25.6043224334717,0.186437949538231,4.24033784866333,0.003593
1981-01-21,26.8109035491943,0.223212480545044,4.63364601135254,0.000163
1981-01-22,27.6154041290283,1.39817214012146,4.68066644668579,0
1981-01-23,27.6407279968262,1.53323674201965,4.86590242385864,0
1981-01-24,27.4963626861572,0.474288791418076,5.16763544082642,0
1981-01-25,26.1034603118897,2.01202321052551,3.84729337692261,0
1981-01-26,25.6229400634766,1.42306816577911,3.98140358924866,0
1981-01-27,24.8758583068848,1.13078582286835,4.07213497161865,0
1981-01-28,25.5492038726807,1.38628029823303,3.87884259223938,0.000817
1981-01-29,25.9506301879883,2.72708344459534,5.23707818984985,0.003593
1981-01-30,25.9985370635986,1.00870656967163,4.42217683792114,0.008656
1981-01-31,25.2747097015381,0.973573923110962,3.86633992195129,0.008656
1981-02-01,26.4672298431397,4.94703769683838,4.70802402496338,0.008656
1981-02-02,26.5511837005615,1.9332023859024,4.82562685012817,0.005879
1981-02-03,25.9752445220947,1.36223971843719,3.77743458747864,0.005879
1981-02-04,25.4274749755859,0.693981647491455,3.9615912437439,0.003593
1981-02-05,26.1974849700928,0.520762205123901,4.43954372406006,0.000817
1981-02-06,26.7730102539063,0.0935644954442978,4.90396022796631,0.003593
1981-02-07,26.6749305725098,0.372408509254456,3.72553086280823,0.008656
1981-02-08,26.9969425201416,2.13610434532166,4.52663898468018,0.00196
1981-02-09,27.5753498077393,0.33105930685997,5.38810443878174,0
1981-02-10,26.3087139129639,0.0250399746000767,4.31100177764893,0.000817
1981-02-11,25.7007522583008,0.695124566555023,3.83363008499146,0.00196
1981-02-12,26.7246246337891,1.53290903568268,4.61094236373901,0.000817
1981-02-13,26.0900688171387,4.29557132720947,4.20157670974731,0.000163
1981-02-14,25.2324867248535,2.76005935668945,3.98467803001404,0.000163
1981-02-15,25.3265438079834,1.85213887691498,3.75675129890442,0.00196
1981-02-16,25.8840751647949,1.96201694011688,4.34409093856812,0.005879
1981-02-17,26.1457748413086,1.62204432487488,3.87640428543091,0.005879
1981-02-18,26.0785350799561,1.77715122699738,3.93615293502808,0.00196
1981-02-19,25.8316650390625,0.62497091293335,4.38899564743042,0.000163
1981-02-20,25.0562744140625,1.11772632598877,3.88535904884338,0
1981-02-21,26.2223529815674,0.958036124706268,5.46755218505859,0
1981-02-22,26.5678195953369,0.271332889795303,4.94209098815918,0.00196
1981-02-23,26.4823455810547,0.571469247341156,5.14520597457886,0.003593
1981-02-24,26.4512767791748,1.61079692840576,4.98692321777344,0.003593
1981-02-25,27.1698131561279,0.207477807998657,4.49109220504761,0.008656
1981-02-26,26.7131633758545,0.636440396308899,4.46048593521118,0.000163
1981-02-27,27.2207469940186,1.20227670669556,4.4043459892273,0
1981-02-28,27.6502170562744,0.552959442138672,4.63165807723999,0
1981-03-01,28.0280055999756,0.000570368079934269,5.3231372833252,0
1981-03-02,26.9573669433594,0.00592550216242671,5.54735851287842,0
1981-03-03,27.3687591552734,0,4.80760812759399,0
1981-03-04,27.7347316741943,0.0501733087003231,5.06130504608154,0
1981-03-05,27.6035652160645,0,5.43444919586182,0
1981-03-06,27.4014549255371,0.0238775033503771,5.87104272842407,0
1981-03-07,28.1410312652588,0,5.88128519058228,0
1981-03-08,28.7644329071045,0.000973400252405554,5.13914346694946,0.000817
1981-03-09,29.369478225708,0,5.2653980255127,0.003593
1981-03-10,29.9504127502441,2.27873682975769,4.99314975738525,0.012249
1981-03-11,27.7101287841797,31.0052471160889,3.49619221687317,0.038869
1981-03-12,27.8421745300293,10.9441318511963,2.96697974205017,0.174909
1981-03-13,27.2710971832275,24.2134685516357,2.41717410087585,0.96649
1981-03-14,26.2937717437744,12.9025735855103,3.34927535057068,0.879444
1981-03-15,25.3732872009277,4.49681520462036,2.14679741859436,0.761368
1981-03-16,25.3025608062744,6.75872278213501,1.68400931358337,0.683305
1981-03-17,26.2161331176758,6.50900411605835,3.21697330474854,0.784396
1981-03-18,25.3254089355469,21.5780811309814,2.33544325828552,1.017934
1981-03-19,24.9521656036377,18.7043724060059,2.5649905204773,1.206888
1981-03-20,25.0705184936523,9.07789421081543,2.21693778038025,1.017934
1981-03-21,25.9749774932861,16.2804164886475,2.65433883666992,1.708261
1981-03-22,25.0950107574463,28.4147567749023,1.70948731899261,1.470803
1981-03-23,24.9427604675293,34.5629959106445,1.67663216590881,1.321371
1981-03-24,23.6193962097168,74.9898529052734,1.10515463352203,2.322974
1981-03-25,23.1035671234131,45.1449394226074,1.249720454216,4.877364
1981-03-26,24.6382751464844,40.7013168334961,2.67340493202209,5.854143
1981-03-27,25.044153213501,7.38131380081177,3.43608570098877,5.479501
1981-03-28,24.8702373504639,16.2333526611328,2.37646293640137,4.924398
1981-03-29,25.016716003418,7.78295993804932,4.32967567443848,3.694319
1981-03-30,24.843132019043,4.00897932052612,4.16385793685913,3.54799
1981-03-31,25.9376964569092,0.140416756272316,3.58503985404968,3.083526
1981-04-01,26.4498691558838,0.0261413715779781,3.97216296195984,2.572354
1981-04-02,25.8628940582275,0.972733914852142,3.29784226417542,2.379481
1981-04-03,25.4628868103027,7.52863788604736,2.61419367790222,2.193303
1981-04-04,25.5565052032471,2.34021782875061,3.23285412788391,1.774403
1981-04-05,25.3348045349121,1.75913155078888,4.31382846832275,1.440427
1981-04-06,25.2512321472168,1.49486207962036,4.0398440361023,0.683305
1981-04-07,23.9458389282227,1.6404824256897,2.94350504875183,0.180952
1981-04-08,25.1311130523682,2.05594825744629,3.08562302589417,0.174909
1981-04-09,24.9119510650635,1.68367874622345,3.42815899848938,0.14094
1981-04-10,24.6527271270752,1.75036883354187,3.42158031463623,0.120036
1981-04-11,24.8943595886231,0.556166350841522,3.28952312469482,0.115136
1981-04-12,24.5879058837891,1.10477781295776,3.37368059158325,0.130324
1981-04-13,23.9240188598633,0.16036131978035,3.38021492958069,0.13555
1981-04-14,24.4813957214356,0.117592632770538,3.28708362579346,0.100765
1981-04-15,24.5317897796631,0.223989635705948,3.42452812194824,0.074471
1981-04-16,25.1213188171387,0.12856625020504,3.797926902771,0.074471
1981-04-17,25.0851612091065,0.387404292821884,3.32262825965881,0.0828
1981-04-18,25.2571620941162,11.3228855133057,2.42968583106995,0.105337
1981-04-19,22.9629211425781,7.69333744049072,1.72281277179718,0.130324
1981-04-20,23.57737159729,5.82138061523438,1.54152882099152,0.1932
1981-04-21,24.5147018432617,13.2389621734619,2.32131385803223,0.311276
1981-04-22,24.4825325012207,16.8686122894287,2.02709007263184,0.7728
1981-04-23,24.4479942321777,7.99172735214233,2.08014869689941,0.843189
1981-04-24,24.6063060760498,12.859525680542,2.24963474273682,0.795991
1981-04-25,24.3808193206787,10.2863674163818,2.20640587806702,0.727563
1981-04-26,24.863733291626,7.51453971862793,2.76554536819458,0.672526
1981-04-27,24.357629776001,1.6248733997345,3.15578460693359,0.598708
1981-04-28,24.4554653167725,1.47945082187653,2.41605114936829,0.509539
1981-04-29,24.8599681854248,0.33843144774437,2.82952213287354,0.453685
1981-04-30,24.6986064910889,0.560923576354981,3.18523478507996,0.326791
1981-05-01,24.1784820556641,0.718908250331879,2.89393281936646,0.199406
1981-05-02,23.9798088073731,3.57485103607178,2.88797116279602,0.186994
1981-05-03,24.7364463806152,3.64663696289063,3.63800311088562,0.186994
1981-05-04,24.084493637085,2.55392813682556,3.15679407119751,0.16315
1981-05-05,24.5655250549316,2.45074248313904,3.55972909927368,0.130324
1981-05-06,24.2532844543457,1.44517874717712,2.75477981567383,0.105337
1981-05-07,24.1221599578857,2.92395496368408,2.46858763694763,0.14094
1981-05-08,24.0294456481934,2.63583159446716,2.69072031974793,0.13555
1981-05-09,23.2561435699463,4.75843238830566,2.33328676223755,0.100765
1981-05-10,23.205509185791,3.30414462089539,2.19698429107666,0.05912
1981-05-11,23.0178565979004,2.57805800437927,2.56943917274475,0.041972
1981-05-12,22.5269432067871,1.09258377552032,2.77675771713257,0.016331
1981-05-13,23.4935970306397,1.14749455451965,2.93375778198242,0.000817
1981-05-14,23.1703777313232,1.31269240379334,2.64514899253845,0
1981-05-15,23.3252105712891,0.772993624210358,2.89002799987793,0
1981-05-16,22.8636016845703,0.09159304946661,2.80632543563843,0
1981-05-17,24.1604347229004,0.0862600803375244,2.96356201171875,0
1981-05-18,23.4875392913818,1.007887840271,2.61719989776611,0
1981-05-19,23.8180484771729,0.542183637619019,2.74872589111328,0
1981-05-20,23.5541687011719,1.94890522956848,2.24848079681396,0
1981-05-21,23.3489322662354,2.24332571029663,2.05358386039734,0
1981-05-22,22.6528606414795,2.69812154769897,2.65671396255493,0.000163
1981-05-23,23.0369110107422,2.10862398147583,2.45387005805969,0.003593
1981-05-24,22.3390827178955,2.33715200424194,2.4739625453949,0.008656
1981-05-25,22.9400424957275,3.54045510292053,2.37653613090515,0.008656
1981-05-26,22.9231548309326,1.22049617767334,2.62485408782959,0.00196
1981-05-27,23.0925712585449,0.914737224578857,2.37679123878479,0
1981-05-28,23.0404148101807,0.888825178146362,2.3741946220398,0
1981-05-29,22.8224639892578,0.0691341459751129,2.58338785171509,0.000817
1981-05-30,23.2915096282959,0.356489539146423,2.15244746208191,0.003593
1981-05-31,23.3247509002686,0.714440107345581,2.28152275085449,0.005879
1981-06-01,23.6180305480957,0.937827050685883,2.46210598945618,0.026783
1981-06-02,22.8019027709961,0.672747373580933,2.49233770370483,0.035929
1981-06-03,22.9785251617432,2.5936496257782,2.54935836791992,0.038869
1981-06-04,23.7106590270996,3.29111742973328,2.14343190193176,0.045238
1981-06-05,24.1021766662598,3.16723895072937,2.10592865943909,0.078717
1981-06-06,23.4536571502686,3.44603180885315,2.17444372177124,0.066632
1981-06-07,24.6331958770752,2.11211633682251,3.04160213470459,0.062712
1981-06-08,24.1716289520264,2.75637006759644,2.84713411331177,0.055527
1981-06-09,24.691385269165,2.41103482246399,2.80556750297546,0.048504
1981-06-10,22.9168186187744,8.996169090271,1.7723468542099,0.041972
1981-06-11,23.3643779754639,1.97409534454346,2.43298125267029,0.035929
1981-06-12,22.9072341918945,0.450496256351471,2.28174638748169,0.038869
1981-06-13,22.8542137145996,1.24104523658752,2.69145655632019,0.041972
1981-06-14,22.8337364196777,2.97313570976257,2.33735752105713,0.048504
1981-06-15,22.2804336547852,2.91361904144287,2.36139631271362,0.055527
1981-06-16,22.8030872344971,3.50381374359131,2.39260935783386,0.078717
1981-06-17,22.6538562774658,1.59583878517151,2.13740301132202,0.062712
1981-06-18,22.7273750305176,0.208218187093735,2.76091003417969,0.070552
1981-06-19,21.7062187194824,0.159752011299133,2.08740162849426,0.05912
1981-06-20,23.6215667724609,0.231971114873886,2.56136846542358,0.048504
1981-06-21,23.0346775054932,0.461872071027756,2.49365282058716,0.055527
1981-06-22,22.3410339355469,1.19256925582886,2.29693102836609,0.066632
1981-06-23,21.8586025238037,4.17225503921509,1.92513871192932,0.078717
1981-06-24,21.8610095977783,10.1051445007324,1.87695121765137,0.0828
1981-06-25,20.7791881561279,8.60023212432861,2.54019737243652,0.096028
1981-06-26,22.2963390350342,5.69894504547119,2.73065423965454,0.110237
1981-06-27,21.54518699646,2.845782995224,1.73953688144684,0.110237
1981-06-28,20.1399574279785,2.14276957511902,2.15780210494995,0.115136
1981-06-29,20.6341018676758,4.28869724273682,2.36210489273071,0.125098
1981-06-30,22.0630321502686,3.07595276832581,2.2752149105072,0.125098
1981-07-01,22.1361656188965,0.471795380115509,2.46010279655457,0.125098
1981-07-02,22.9461193084717,0.354388803243637,2.65141439437866,0.110237
1981-07-03,22.3922290802002,0.168709605932236,2.55237317085266,0.091619
1981-07-04,21.191291809082,3.6915009021759,2.45276737213135,0.096028
1981-07-05,19.7689914703369,12.4694948196411,0.802215993404388,0.120036
1981-07-06,20.6833610534668,11.0826377868652,2.13228750228882,0.157434
1981-07-07,20.1026420593262,13.3367080688477,2.06087613105774,0.238765
1981-07-08,21.2869529724121,8.56723880767822,2.09240317344666,0.426739
1981-07-09,20.7817935943604,4.86459493637085,2.10540318489075,0.342632
1981-07-10,21.9227962493897,2.09096550941467,2.46308493614197,0.259505
1981-07-11,22.4482231140137,1.38678884506226,1.99514222145081,0.326791
1981-07-12,22.3545379638672,1.98596847057343,2.58101963996887,0.418083
1981-07-13,21.6161499023438,1.4721165895462,2.16037225723267,0.392116
1981-07-14,23.1879959106445,0.231008395552635,3.15346431732178,0.326791
1981-07-15,21.6480865478516,0.946095645427704,2.31577825546265,0.199406
1981-07-16,21.3264942169189,0.884797692298889,2.51678800582886,0.125098
1981-07-17,21.5563488006592,1.90234434604645,2.43785190582275,0.08721
1981-07-18,22.2771873474121,0.372594177722931,2.68785905838013,0.0828
1981-07-19,21.7061347961426,0.642994999885559,2.47012639045715,0.078717
1981-07-20,22.4488487243652,0.624658226966858,2.55686497688293,0.074471
1981-07-21,21.267728805542,0.162679761648178,2.74825763702393,0.066632
1981-07-22,19.793062210083,0.386217266321182,2.11748814582825,0.066632
1981-07-23,22.085506439209,1.92612612247467,2.82745027542114,0.051934
1981-07-24,20.9293193817139,0.734045386314392,2.24888277053833,0.048504
1981-07-25,21.25856590271,0.354602038860321,2.51256203651428,0.062712
1981-07-26,21.0814990997314,1.5609530210495,2.13371229171753,0.066632
1981-07-27,21.8909072875977,6.41014814376831,1.85308349132538,0.070552
1981-07-28,21.9187393188477,1.35608303546906,2.99851632118225,0.078717
1981-07-29,21.504711151123,0.234392330050468,3.51449394226074,0.074471
1981-07-30,20.8081665039063,1.02008843421936,2.44974541664124,0.078717
1981-07-31,20.802116394043,1.66635894775391,2.22763538360596,0.070552
1981-08-01,21.6184043884277,0.737724900245667,2.16964888572693,0.05912
1981-08-02,22.0268211364746,0.802672386169434,2.58448624610901,0.048504
1981-08-03,21.2746963500977,1.1524715423584,2.51622748374939,0.038869
1981-08-04,22.4846019744873,3.4846396446228,3.35943603515625,0.041972
1981-08-05,21.4093856811523,4.77552700042725,1.82611751556396,0.048504
1981-08-06,21.060676574707,2.02951788902283,2.61375617980957,0.045238
1981-08-07,21.7331867218018,3.26643228530884,2.82051777839661,0.051934
1981-08-08,22.1480274200439,1.85495793819428,2.41861772537231,0.078717
1981-08-09,21.2698783874512,0.622320830821991,2.77336645126343,0.074471
1981-08-10,20.7586059570313,0.337511897087097,2.1956832408905,0.070552
1981-08-11,20.8679275512695,0.283479928970337,2.95240712165833,0.05912
1981-08-12,22.1872844696045,0.369874209165573,2.82593989372253,0.051934
1981-08-13,21.8837547302246,0.230865508317947,2.3061466217041,0.048504
1981-08-14,21.968713760376,0.0662464201450348,3.97955894470215,0.041972
1981-08-15,22.3903675079346,0.00516823120415211,4.15541839599609,0.041972
1981-08-16,23.1260242462158,0.0905707702040672,3.17154121398926,0.041972
1981-08-17,22.9224853515625,1.16378271579742,3.0564866065979,0.035929
1981-08-18,23.5688400268555,0.880844116210938,3.34873700141907,0.038869
1981-08-19,22.9397411346436,0.204173192381859,3.53710746765137,0.038869
1981-08-20,21.4855785369873,0.562004268169403,1.4608508348465,0.035929
1981-08-21,21.5540428161621,2.36109185218811,2.64638113975525,0.045238
1981-08-22,20.9827842712402,1.09349238872528,2.93851900100708,0.048504
1981-08-23,20.2024574279785,3.40182614326477,1.52678096294403,0.062712
1981-08-24,21.0470600128174,6.93396663665772,1.9851496219635,0.0828
1981-08-25,21.8758487701416,3.26282382011414,2.79621624946594,0.08721
1981-08-26,22.0091400146484,0.577221393585205,3.02590584754944,0.074471
1981-08-27,22.0682353973389,0.603227317333221,3.0848114490509,0.066632
1981-08-28,19.6610698699951,0.0902290046215057,3.28711771965027,0.051934
1981-08-29,20.9613647460938,0.670025527477264,2.69756722450256,0.045238
1981-08-30,22.7725734710693,0.464523166418076,3.42713904380798,0.035929
1981-08-31,21.7009677886963,0.208046704530716,3.15645027160645,0.032989
1981-09-01,22.7673568725586,0.359199851751328,3.67966723442078,0.041972
1981-09-02,22.1247940063477,0.326470196247101,3.06219887733459,0.051934
1981-09-03,22.0148181915283,0.141113430261612,3.5294246673584,0.066632
1981-09-04,22.0652961730957,0.300476491451263,3.08539533615112,0.070552
1981-09-05,23.3320007324219,0.135311126708984,3.76110410690308,0.051934
1981-09-06,23.7320232391357,0.00897182431071997,3.6508309841156,0.041972
1981-09-07,23.4524879455566,0.473954081535339,3.21741127967834,0.038869
1981-09-08,22.3467102050781,1.04896700382233,2.62347602844238,0.021231
1981-09-09,22.8841228485107,0.60665774345398,3.9268753528595,0.016331
1981-09-10,22.3817596435547,0.0022764157038182,4.15083265304565,0.003593
1981-09-11,22.0660400390625,0.0376620963215828,4.36110925674439,0.003593
1981-09-12,22.5730838775635,0.124166198074818,4.17571544647217,0.00196
1981-09-13,22.5852127075195,0.0177863128483295,4.04718255996704,0.005879
1981-09-14,21.2222709655762,0.166595056653023,3.40200543403626,0.005879
1981-09-15,23.1898918151855,0.824332118034363,3.41338610649109,0.003593
1981-09-16,24.7003955841064,0.421566992998123,4.62735509872437,0.005879
1981-09-17,24.7351379394531,0.185514345765114,3.57815980911255,0.012249
1981-09-18,25.410285949707,0.121916562318802,4.76710748672485,0.032989
1981-09-19,23.8378963470459,0.252374112606049,3.85060501098633,0.035929
1981-09-20,23.037410736084,0.142610907554626,3.45176029205322,0.041972
1981-09-21,24.5103740692139,0.0211243666708469,4.56375741958618,0.032989
1981-09-22,23.923023223877,0.159765318036079,4.06953811645508,0.026783
1981-09-23,23.5785903930664,0.869400084018707,3.22531628608704,0.016331
1981-09-24,23.7510185241699,1.08757996559143,3.51683592796326,0.008656
1981-09-25,23.5250816345215,0.374069452285767,3.33000540733337,0.005879
1981-09-26,24.6844234466553,0.385082513093948,4.42128086090088,0.000817
1981-09-27,25.1623516082764,0.0918831452727318,3.58105850219727,0.000163
1981-09-28,26.0973873138428,0.042432714253664,4.90164422988892,0.00196
1981-09-29,25.2624187469482,0.000753973261453211,4.89574289321899,0.008656
1981-09-30,26.0055274963379,0.000188536243513227,5.31496620178223,0.032989
1981-10-01,25.166145324707,0.0396125242114067,3.64665293693543,0.032989
1981-10-02,25.4494609832764,0.729042708873749,3.73896312713623,0.026783
1981-10-03,25.6689929962158,0.285878330469131,4.11330461502075,0.016331
1981-10-04,24.9525623321533,0.0605294965207577,3.71008014678955,0.005879
1981-10-05,25.88623046875,0.0820558145642281,4.37062549591064,0.003593
1981-10-06,26.040096282959,0.0834579169750214,4.14984130859375,0.000817
1981-10-07,26.3383827209473,0.0194526314735413,5.11927175521851,0.003593
1981-10-08,27.3838653564453,0.0107870791107416,5.02575302124023,0.003593
1981-10-09,27.395902633667,0.00441937334835529,4.80662631988525,0.00196
1981-10-10,25.7027549743652,0.0504781045019627,4.14269781112671,0.000817
1981-10-11,25.5109233856201,0.0683187171816826,3.60742545127869,0.000163
1981-10-12,26.5851364135742,0.0303586609661579,4.8512077331543,0
1981-10-13,26.2464103698731,0.0405585952103138,4.2019305229187,0
1981-10-14,26.5224056243897,0,5.66900300979614,0.00196
1981-10-15,26.8811874389648,0.0849708393216133,4.66667652130127,0.003593
1981-10-16,26.2261791229248,0.079690620303154,4.05899047851563,0.000163
1981-10-17,27.9783058166504,0.0317003577947617,5.59725475311279,0.000163
1981-10-18,27.1855506896973,0.103383660316467,4.34865045547485,0
1981-10-19,25.8772239685059,0.441480189561844,3.7237446308136,0
1981-10-20,26.0955791473389,0.582815706729889,4.58935403823853,0
1981-10-21,26.7027111053467,0.00176118861418217,5.74737739562988,0
1981-10-22,27.7016792297363,0.0284290034323931,5.48345232009888,0
1981-10-23,26.1556930541992,0.245334133505821,4.5955114364624,0
1981-10-24,26.2330379486084,0.43084791302681,4.68738079071045,0.000163
1981-10-25,26.3516464233398,0.00574359949678183,5.63313484191895,0.000163
1981-10-26,25.9216899871826,0.13558503985405,4.80788469314575,0.00196
1981-10-27,26.3250770568848,0.000462102558230981,5.17708444595337,0.008656
1981-10-28,26.4034004211426,0.0512439385056496,4.12045526504517,0.008656
1981-10-29,26.0445079803467,0.106262154877186,4.10110425949097,0.026783
1981-10-30,26.0083312988281,0.312714099884033,4.01919746398926,0.038869
1981-10-31,25.6651172637939,1.23641121387482,4.00693464279175,0.051934
1981-11-01,25.2047271728516,4.0419807434082,3.34940624237061,0.048504
1981-11-02,26.0476722717285,7.44718980789185,3.68358564376831,0.05912
1981-11-03,25.7548141479492,5.36325073242188,4.21345472335815,0.070552
1981-11-04,25.8219451904297,6.71151161193848,3.9085807800293,0.070552
1981-11-05,26.9507026672363,2.3257942199707,5.4889087677002,0.055527
1981-11-06,27.0930805206299,1.51591992378235,4.23974132537842,0.066632
1981-11-07,25.1435928344727,5.70374870300293,3.19415783882141,0.078717
1981-11-08,26.6909523010254,6.52046871185303,4.95232009887695,0.078717
1981-11-09,26.6007862091064,0.918401122093201,5.24822950363159,0.074471
1981-11-10,26.8660144805908,3.05539107322693,5.24512767791748,0.066632
1981-11-11,27.0293197631836,0.533984661102295,4.78364372253418,0.062712
1981-11-12,27.084493637085,0.157220304012299,4.98540830612183,0.05912
1981-11-13,26.5716896057129,0.388319760560989,4.08287334442139,0.045238
1981-11-14,26.1168231964111,0.0387852899730206,3.69518375396729,0.032989
1981-11-15,26.9162635803223,0.497878313064575,4.58755254745483,0.000163
1981-11-16,27.2670841217041,0.304211050271988,5.06794595718384,0.008656
1981-11-17,27.0527954101563,0.0232931897044182,5.53369283676148,0.005879
1981-11-18,26.3033561706543,0.543725907802582,4.42603397369385,0.000163
1981-11-19,26.7444705963135,0.114404946565628,5.47289037704468,0
1981-11-20,26.4716053009033,0.319041609764099,4.21658229827881,0.000163
1981-11-21,26.770528793335,0.013726769015193,5.25056886672974,0.005879
1981-11-22,26.8926849365234,0.0571086369454861,5.41151571273804,0.005879
1981-11-23,27.4787082672119,0.81985741853714,4.53010272979736,0.012249
1981-11-24,26.0003128051758,0.339731156826019,4.56526041030884,0.003593
1981-11-25,26.7271919250488,0.188628852367401,5.34947824478149,0.005879
1981-11-26,25.8641605377197,0.0210734996944666,4.23419189453125,0.016331
1981-11-27,26.6429386138916,5.75873571051488e-07,4.74453639984131,0.035929
1981-11-28,27.2380485534668,0.00287829106673598,5.3074049949646,0.032989
1981-11-29,26.5595359802246,0.170212730765343,3.69345569610596,0.012249
1981-11-30,27.1613502502441,0.00251118931919336,5.15810966491699,0.003593
1981-12-01,27.1993827819824,7.57867746870033e-05,5.80273675918579,0.00196
1981-12-02,27.3208179473877,0.0138353519141674,4.92523622512817,0.005879
1981-12-03,26.2670822143555,0.000578802370000631,5.8127703666687,0.005879
1981-12-04,27.2182941436768,0.0746722742915154,4.87261438369751,0.00196
1981-12-05,25.8950595855713,2.70175838470459,3.85833311080933,0.000817
1981-12-06,26.3821201324463,4.0224494934082,4.2609338760376,0.000817
1981-12-07,26.5668563842773,0.535198330879211,4.25370311737061,0
1981-12-08,26.5861110687256,0.0116107175126672,5.6775803565979,0
1981-12-09,27.0257186889648,0.214127317070961,5.29727983474731,0.000163
1981-12-10,27.1483402252197,0.383693546056747,4.41327619552612,0.003593
1981-12-11,27.2657985687256,0.441853702068329,5.23352861404419,0.005879
1981-12-12,26.4404773712158,0.168339982628822,5.07335329055786,0.016331
1981-12-13,27.2344341278076,0.322573840618134,5.35612869262695,0.016331
1981-12-14,27.3523178100586,0.0559091903269291,5.62894630432129,0.026783
1981-12-15,27.2950839996338,4.23160457611084,5.33535718917847,0.038869
1981-12-16,27.6812343597412,3.34406065940857,5.33549547195435,0.045238
1981-12-17,27.3536224365234,0.678926169872284,5.341392993927,0.045238
1981-12-18,26.6132202148438,0.217822566628456,4.69460821151733,0.051934
1981-12-19,25.510404586792,5.61120748519898,2.83473777770996,0.05912
1981-12-20,26.1535968780518,4.97416162490845,4.02236747741699,0.070552
1981-12-21,26.0339183807373,3.75953984260559,3.74220442771912,0.070552
1981-12-22,27.4767608642578,1.67085826396942,5.30619668960571,0.074471
1981-12-23,26.0785751342773,1.04297029972076,4.65607309341431,0.0828
1981-12-24,25.5820598602295,0.520608484745026,3.30295610427856,0.078717
1981-12-25,26.7483367919922,0.452695667743683,4.24295616149902,0.066632
1981-12-26,26.8863735198975,0.518262207508087,4.84144639968872,0.05912
1981-12-27,26.9329471588135,0.171941012144089,5.4349536895752,0.048504
1981-12-28,27.7611408233643,2.57920145988464,4.41654443740845,0.035929
1981-12-29,27.9603328704834,14.8264245986938,4.47082996368408,0.012249
1981-12-30,25.9403038024902,12.8460702896118,2.04642915725708,0.005879
1981-12-31,25.6870613098145,8.12271118164063,2.95822262763977,0.003593
1982-01-01,26.2608699798584,1.12556219100952,3.88229489326477,0.000817
1982-01-02,27.0833072662354,0.686162352561951,4.7220983505249,0
1982-01-03,26.1549644470215,0.00116482027806342,4.87691402435303,0
1982-01-04,26.4562168121338,0.00584867503494024,4.9137110710144,0
1982-01-05,26.3929786682129,0.0323041006922722,4.80986738204956,0
1982-01-06,25.8234481811523,0.386174649000168,3.75983905792236,0
1982-01-07,26.9520778656006,0.331557124853134,5.46316289901733,0
1982-01-08,26.1108856201172,0.234941959381104,3.99932527542114,0
1982-01-09,26.3713054656982,1.50897920131683,4.07621288299561,0
1982-01-10,26.3159141540527,1.54972064495087,3.89758729934692,0.00196
1982-01-11,26.2301654815674,0.80209082365036,4.05948162078857,0.00196
1982-01-12,27.1060810089111,0.42606121301651,5.0347957611084,0.000163
1982-01-13,27.3126430511475,0.0275224335491657,5.3465633392334,0
1982-01-14,27.8841533660889,0.902628064155579,3.86204767227173,0
1982-01-15,26.575927734375,0.927120923995972,4.69881916046143,0
1982-01-16,27.2845287322998,1.32085657119751,5.04461240768433,0
1982-01-17,27.8576316833496,2.31969165802002,3.68930459022522,0
1982-01-18,28.1712951660156,0.701418340206146,4.32313966751099,0
1982-01-19,27.0567321777344,0.0919335708022118,4.8327488899231,0.00196
1982-01-20,26.7137126922607,0.0855172425508499,4.89163684844971,0.003593
1982-01-21,26.8008213043213,0.0845037177205086,5.05452823638916,0.00196
1982-01-22,27.6372699737549,0,5.13681364059448,0
1982-01-23,27.908260345459,0.115460388362408,4.66068983078003,0
1982-01-24,26.7765979766846,0.27886763215065,4.60489797592163,0
1982-01-25,27.378625869751,0.360057681798935,4.279541015625,0
1982-01-26,25.8649787902832,0.544256269931793,4.361741065979,0
1982-01-27,27.1345520019531,0.719815135002136,5.14902687072754,0
1982-01-28,25.3162612915039,0.540895819664002,4.19033861160278,0
1982-01-29,26.2136096954346,1.42748212814331,4.39413690567017,0.000817
1982-01-30,25.8406829833984,0.8880735039711,4.23611211776733,0.000817
1982-01-31,25.9935894012451,1.85005068778992,4.54019498825073,0.003593
1982-02-01,26.548734664917,1.26331472396851,4.72964143753052,0.000817
1982-02-02,26.0728530883789,2.05723118782043,4.18450212478638,0
1982-02-03,27.0796718597412,0.514083445072174,5.30214548110962,0
1982-02-04,25.9780158996582,0.869751870632172,3.963059425354,0
1982-02-05,26.5096130371094,0.0941003262996674,4.15280532836914,0
1982-02-06,27.2616271972656,0.279190987348557,4.79054594039917,0.003593
1982-02-07,26.8576469421387,0.122782751917839,4.85776090621948,0.003593
1982-02-08,27.1074104309082,0.868730843067169,4.13385534286499,0.00196
1982-02-09,26.977819442749,1.44425284862518,4.70622682571411,0
1982-02-10,26.186882019043,1.16265547275543,4.01172828674316,0
1982-02-11,25.5887222290039,1.30853641033173,3.39440202713013,0.000163
1982-02-12,25.7037601470947,2.60065269470215,3.80868053436279,0.000163
1982-02-13,26.0235500335693,1.0612884759903,3.96750998497009,0.00196
1982-02-14,26.6222267150879,1.09136009216309,4.55593919754028,0.005879
1982-02-15,26.1610012054443,2.3661744594574,4.22164630889893,0.008656
1982-02-16,25.59739112854,2.18927311897278,3.83529138565064,0.005879
1982-02-17,25.3215999603272,1.47749423980713,3.40278553962708,0.003593
1982-02-18,26.2270698547363,3.57389068603516,3.76816391944885,0.012249
1982-02-19,25.5924167633057,3.13936042785645,3.04585480690002,0.021231
1982-02-20,25.9726638793945,2.16795229911804,3.61386203765869,0.038869
1982-02-21,25.6064338684082,1.14178144931793,2.6414008140564,0.041972
1982-02-22,26.5990619659424,5.47782230377197,3.88800454139709,0.035929
1982-02-23,27.1380138397217,3.39900541305542,4.44927883148193,0.035929
1982-02-24,27.3860874176025,0.0167122706770897,4.36176300048828,0.012249
1982-02-25,27.258695602417,0.202695399522781,3.95482087135315,0.003593
1982-02-26,27.29567527771,2.71372866630554,4.28098344802856,0.003593
1982-02-27,26.5962142944336,2.20950174331665,3.09658288955689,0.000817
1982-02-28,27.1473999023438,0.929450511932373,4.07579612731934,0
1982-03-01,27.573278427124,0.306730389595032,4.39595413208008,0.000163
1982-03-02,26.7181930541992,0.0125571312382817,5.28593683242798,0.005879
1982-03-03,27.6636066436768,0.00487518403679133,3.9276762008667,0.005879
1982-03-04,28.4186630249023,0.0033893205691129,5.06808805465698,0.003593
1982-03-05,28.3048515319824,0.0750472843647003,5.0841555595398,0.000817
1982-03-06,27.1161613464356,0,5.1158185005188,0
1982-03-07,26.8913898468018,0.0298075471073389,4.7553448677063,0
1982-03-08,28.0985088348389,0.00255926768295467,5.12271738052368,0
1982-03-09,27.8900604248047,0,5.13014078140259,0
1982-03-10,28.0312328338623,0.00596085982397199,4.31482172012329,0
1982-03-11,28.6809177398682,0.0109726721420884,5.39012670516968,0
1982-03-12,27.8579273223877,0.147449761629105,4.76354885101318,0.00196
1982-03-13,27.2165145874023,7.82367933425121e-05,4.37263011932373,0.00196
1982-03-14,27.9214611053467,0.176683589816093,4.68461513519287,0.000163
1982-03-15,27.9991588592529,0.061138104647398,5.12991189956665,0
1982-03-16,27.5196971893311,0.000120424258057028,4.64735221862793,0
1982-03-17,29.0427093505859,0.0446184501051903,4.83850288391113,0
1982-03-18,28.8913478851318,0.000488817284349352,5.44211387634277,0
1982-03-19,29.2704925537109,0.0748903304338455,5.00287914276123,0
1982-03-20,29.4885540008545,0.059447068721056,4.9704122543335,0.000163
1982-03-21,29.7443904876709,0.436478197574616,5.00548315048218,0
1982-03-22,28.8689250946045,0.123095728456974,4.61161947250366,0
1982-03-23,28.6317977905273,1.62684173119487e-05,4.96325874328613,0
1982-03-24,28.7531719207764,8.13567385193892e-06,4.70268774032593,0
1982-03-25,29.0454692840576,0,5.43702697753906,0
1982-03-26,29.4643268585205,0.0296033807098866,5.07079458236694,0
1982-03-27,28.473123550415,0.31354758143425,4.74127149581909,0
1982-03-28,28.5969696044922,0.00645750761032105,5.22196245193481,0
1982-03-29,27.1241588592529,0.000547686009667814,5.47571420669556,0
1982-03-30,26.9962635040283,0.0452572293579578,4.23588132858276,0
1982-03-31,26.8971061706543,0.35025092959404,3.99293732643127,0
1982-04-01,27.104642868042,0.482213318347931,4.25018692016602,0
1982-04-02,27.4725952148438,0.205409318208694,4.31882047653198,0
1982-04-03,26.8663730621338,1.468670129776,3.85727047920227,0
1982-04-04,27.0424976348877,0.903837025165558,3.93579411506653,0
1982-04-05,27.3614540100098,0.05021196231246,4.38623094558716,0
1982-04-06,27.3761405944824,0.031252559274435,4.97425937652588,0.00196
1982-04-07,28.8017234802246,11.3504667282105,4.00134134292603,0.005879
1982-04-08,27.8028335571289,20.026237487793,4.36891746520996,0.005879
1982-04-09,27.4138069152832,6.9228720664978,3.69684362411499,0.003593
1982-04-10,26.3506717681885,2.15028285980225,3.47580933570862,0.016331
1982-04-11,25.7312297821045,1.977499127388,3.54615187644959,0.032989
1982-04-12,25.4474716186523,4.63183355331421,3.42430973052979,0.026783
1982-04-13,25.7461090087891,3.44746112823486,3.36346006393433,0.008656
1982-04-14,25.3965873718262,0.610817432403565,3.76966834068298,0.021231
1982-04-15,27.4588375091553,0.590094029903412,3.5046751499176,0.026783
1982-04-16,27.1161365509033,0.463805347681046,3.76753067970276,0.035929
1982-04-17,27.6948833465576,3.61033630371094,3.78134608268738,0.041972
1982-04-18,25.5102500915527,15.2825517654419,2.10470795631409,0.051934
1982-04-19,23.9761753082275,24.8993721008301,2.0328266620636,0.0828
1982-04-20,24.4780826568604,15.9841527938843,2.70879554748535,0.100765
1982-04-21,23.8122692108154,6.93374729156494,2.63691020011902,0.120036
1982-04-22,23.7723617553711,0.900550901889801,2.0223503112793,0.13555
1982-04-23,24.9035739898682,1.3931599855423,2.58265852928162,0.110237
1982-04-24,25.4679412841797,2.65766286849976,3.04183006286621,0.100765
1982-04-25,25.0396022796631,2.83063340187073,2.82221078872681,0.096028
1982-04-26,24.2223339080811,0.68885213136673,2.69273233413696,0.0828
1982-04-27,24.2547092437744,1.89257895946503,2.68496227264404,0.0828
1982-04-28,23.9981155395508,0.983984768390656,3.03023982048035,0.100765
1982-04-29,23.7021217346191,1.45794868469238,2.82893443107605,0.115136
1982-04-30,23.4223594665527,4.54534959793091,2.63956379890442,0.115136
1982-05-01,22.9451084136963,5.93824052810669,1.51741874217987,0.096028
1982-05-02,23.5299015045166,7.17026472091675,2.28900361061096,0.074471
1982-05-03,24.6046619415283,1.16192162036896,2.67091298103333,0.070552
1982-05-04,24.6375865936279,1.85614478588104,2.95355868339539,0.055527
1982-05-05,22.6092224121094,3.31421446800232,1.47204220294952,0.05912
1982-05-06,21.6985321044922,3.64812135696411,2.13760089874268,0.074471
1982-05-07,22.7073841094971,3.44266057014465,2.53838729858398,0.078717
1982-05-08,23.2402114868164,3.04356598854065,2.0712366104126,0.066632
1982-05-09,23.1948528289795,2.16803455352783,1.40370464324951,0.055527
1982-05-10,23.5789031982422,2.6184253692627,2.44785833358765,0.041972
1982-05-11,24.7674579620361,2.53753018379211,3.1325044631958,0.041972
1982-05-12,24.2506561279297,4.66686916351318,2.64755034446716,0.041972
1982-05-13,24.6988277435303,3.64737677574158,2.97864842414856,0.032989
1982-05-14,23.8810405731201,1.34260404109955,2.95012640953064,0.021231
1982-05-15,23.4948577880859,7.09011316299439,2.6431086063385,0.032989
1982-05-16,23.5368995666504,5.58724737167358,1.89638864994049,0.045238
1982-05-17,24.3965759277344,3.66101670265198,2.60040378570557,0.051934
1982-05-18,24.3497123718262,0.957966268062592,3.21804547309876,0.070552
1982-05-19,24.6347026824951,0.0928811803460121,2.34534478187561,0.078717
1982-05-20,24.7733898162842,0.0623737797141075,3.33516120910645,0.078717
1982-05-21,24.9667835235596,0.259329110383987,2.95710110664368,0.074471
1982-05-22,26.2666435241699,0.417496532201767,3.12253451347351,0.070552
1982-05-23,25.4902515411377,0.417361825704575,3.30505275726318,0.05912
1982-05-24,24.4880771636963,1.09722864627838,2.76054334640503,0.051934
1982-05-25,24.3226642608643,1.17574656009674,2.6185142993927,0.048504
1982-05-26,25.0129375457764,3.23223304748535,3.67744612693787,0.041972
1982-05-27,24.0886306762695,0.826959371566773,2.65652561187744,0.032989
1982-05-28,25.2226467132568,2.30820083618164,2.66141176223755,0.032989
1982-05-29,24.5709762573242,16.8934173583984,3.09793663024902,0.062712
1982-05-30,23.380931854248,28.3526229858398,2.05318284034729,0.151882
1982-05-31,23.6365852355957,44.7265777587891,1.76888835430145,0.672526
1982-06-01,23.6143226623535,33.6409301757813,1.96219635009766,2.608446
1982-06-02,22.3590965270996,39.2789497375488,1.10534250736237,4.461077
1982-06-03,22.5854721069336,18.9403476715088,2.45573687553406,5.187006
1982-06-04,22.8290901184082,8.4998140335083,2.31703543663025,2.908944
1982-06-05,23.9294853210449,7.44619655609131,2.24548864364624,1.791061
1982-06-06,23.7738742828369,1.53301501274109,2.58508729934692,0.661747
1982-06-07,24.1111087799072,0.682518720626831,2.63488364219666,0.186994
1982-06-08,24.0823841094971,2.81951403617859,2.56979417800903,0.130324
1982-06-09,23.1286697387695,6.81169509887695,1.57706654071808,0.16903
1982-06-10,24.1309223175049,10.3267383575439,2.50042819976807,0.180952
1982-06-11,23.3836708068848,8.817626953125,2.52045941352844,0.231905
1982-06-12,23.8049697875977,6.0685248374939,1.61918711662292,0.366966
1982-06-13,23.7430362701416,18.9772243499756,1.89072406291962,0.462831
1982-06-14,23.6570854187012,8.34735774993897,2.25667023658752,0.435721
1982-06-15,23.6091423034668,4.97793388366699,2.85205173492432,0.33463
1982-06-16,22.9531059265137,1.62924182415009,2.2628288269043,0.273877
1982-06-17,23.2102451324463,3.08917045593262,2.40234780311584,0.186994
1982-06-18,23.078742980957,9.17770957946777,2.20442366600037,0.174909
1982-06-19,23.1617565155029,11.3857154846191,2.07324481010437,0.125098
1982-06-20,22.5776233673096,2.00758600234985,2.25616097450256,0.105337
1982-06-21,23.425313949585,0.135447576642036,2.44371438026428,0.105337
1982-06-22,23.5916061401367,0.563681960105896,2.41045546531677,0.0828
1982-06-23,24.0803775787354,0.865389406681061,2.82073855400085,0.105337
1982-06-24,23.4997596740723,0.340886265039444,2.89384746551514,0.110237
1982-06-25,22.51149559021,0.0525608770549297,3.30628871917725,0.115136
1982-06-26,22.4611892700195,0.865267276763916,2.78125834465027,0.146329
1982-06-27,24.2221546173096,0.944192171096802,2.62731194496155,0.16315
1982-06-28,23.8126773834229,0.18245667219162,3.57442927360535,0.180952
1982-06-29,22.112060546875,1.09189534187317,2.02681517601013,0.16315
1982-06-30,23.2919235229492,2.37791681289673,2.17090749740601,0.151882
1982-07-01,23.3113327026367,1.8939836025238,2.11296653747559,0.130324
1982-07-02,23.3564739227295,1.2182537317276,2.63753747940064,0.125098
1982-07-03,22.751880645752,1.52365469932556,1.9166167974472,0.13555
1982-07-04,23.7021236419678,2.32145500183105,2.69463276863098,0.13555
1982-07-05,22.3675899505615,2.99076318740845,3.00974798202515,0.157434
1982-07-06,22.9602947235107,5.15795040130615,2.53886246681213,0.186994
1982-07-07,22.613920211792,3.37162041664124,2.29304909706116,0.199406
1982-07-08,22.8231792449951,3.07276582717896,2.41869854927063,0.174909
1982-07-09,21.8626708984375,0.541684508323669,2.61539053916931,0.16903
1982-07-10,21.8989715576172,0.0386810079216957,3.20823645591736,0.146329
1982-07-11,22.9451293945313,0.142295062541962,2.65720438957214,0.130324
1982-07-12,21.8710613250732,0.714311420917511,2.70586490631104,0.110237
1982-07-13,22.0987854003906,1.1896800994873,2.46887040138245,0.110237
1982-07-14,23.8755855560303,0.472488582134247,2.80250954627991,0.125098
1982-07-15,24.4647407531738,0.68682211637497,2.54296636581421,0.13555
1982-07-16,23.8453922271729,5.60799264907837,2.65317392349243,0.146329
1982-07-17,22.7926750183106,5.76546001434326,2.23983001708984,0.16315
1982-07-18,23.0044860839844,3.45181965827942,2.867760181427,0.16315
1982-07-19,22.2424373626709,2.32072973251343,2.71450233459473,0.16315
1982-07-20,22.5129261016846,1.7692893743515,3.10813784599304,0.186994
1982-07-21,22.4120044708252,1.83551073074341,2.34529495239258,0.245624
1982-07-22,22.4556465148926,3.34966015815735,2.49423384666443,0.266691
1982-07-23,22.2504482269287,2.99234056472778,2.25931215286255,0.273877
1982-07-24,22.9266262054443,4.71399307250977,2.5291485786438,0.296088
1982-07-25,22.4003658294678,4.86362266540527,2.04976224899292,0.326791
1982-07-26,22.2169799804688,5.75373935699463,2.69457077980042,0.288575
1982-07-27,22.1996479034424,7.01068115234375,2.52670407295227,0.296088
1982-07-28,22.2967548370361,2.77273750305176,2.97021245956421,0.311276
1982-07-29,22.603063583374,1.40259730815887,2.48256468772888,0.311276
1982-07-30,22.3607444763184,4.01506900787354,2.40682935714722,0.311276
1982-07-31,24.3721084594727,4.47986125946045,2.761714220047,0.281226
1982-08-01,22.7260856628418,3.76063752174377,1.06946277618408,0.273877
1982-08-02,23.5768280029297,2.44079065322876,2.60605072975159,0.252483
1982-08-03,23.4369430541992,0.978270709514618,2.68722033500671,0.252483
1982-08-04,23.5497646331787,0.681814253330231,3.48826360702515,0.281226
1982-08-05,23.7572956085205,0.427952438592911,3.82071566581726,0.318952
1982-08-06,22.9462947845459,1.27325391769409,2.54896259307861,0.3036
1982-08-07,22.6679229736328,0.987076103687286,3.07295823097229,0.273877
1982-08-08,22.1643180847168,2.06252908706665,2.61605572700501,0.245624
1982-08-09,23.1982307434082,1.96421909332275,2.92546606063843,0.199406
1982-08-10,23.0506420135498,0.983961522579193,2.96675205230713,0.180952
1982-08-11,23.4303035736084,0.167921796441078,2.93971514701843,0.174909
1982-08-12,22.2054920196533,0.469827502965927,2.51806807518005,0.16315
1982-08-13,21.784200668335,3.20196962356567,2.62723088264465,0.14094
1982-08-14,22.3726577758789,3.01874375343323,3.68050098419189,0.130324
1982-08-15,23.0695171356201,1.80069124698639,2.99490261077881,0.115136
1982-08-16,22.4486618041992,0.84322863817215,3.36591863632202,0.110237
1982-08-17,22.7048149108887,0.658280849456787,3.43827891349793,0.120036
1982-08-18,23.3021087646484,0.0393537804484367,3.54703450202942,0.125098
1982-08-19,24.1147270202637,0.0405310764908791,3.55577874183655,0.125098
1982-08-20,24.4890861511231,0.0777878239750862,3.3517632484436,0.125098
1982-08-21,23.7761421203613,9.21973478398286e-05,3.31540727615356,0.110237
1982-08-22,24.2656307220459,0.0783637166023254,3.31735944747925,0.096028
1982-08-23,23.6584949493408,0.148596584796906,2.95868492126465,0.078717
1982-08-24,23.9461421966553,0.258431971073151,3.50696611404419,0.062712
1982-08-25,23.0735778808594,0.279796361923218,2.81043171882629,0.045238
1982-08-26,22.6133728027344,0.203518107533455,3.80496287345886,0.035929
1982-08-27,23.382869720459,0.740754365921021,3.04006004333496,0.035929
1982-08-28,22.7496776580811,4.89499664306641,2.87183666229248,0.026783
1982-08-29,23.1769199371338,5.09212303161621,2.93617796897888,0.038869
1982-08-30,22.509521484375,3.75771164894104,2.86111450195313,0.051934
1982-08-31,23.2729415893555,2.60829663276672,2.99965310096741,0.066632
1982-09-01,23.5529193878174,1.00471699237823,3.06090617179871,0.066632
1982-09-02,23.8289070129395,0.656624257564545,3.32274007797241,0.074471
1982-09-03,24.1797275543213,1.12277615070343,3.43338966369629,0.091619
1982-09-04,23.478141784668,1.03835499286652,3.61067342758179,0.105337
1982-09-05,23.2686347961426,2.35337567329407,3.08673882484436,0.130324
1982-09-06,23.4312915802002,1.11697494983673,3.78804755210876,0.151882
1982-09-07,23.4637565612793,0.580613732337952,2.78503346443176,0.157434
1982-09-08,22.2409248352051,2.49745082855225,2.04910373687744,0.120036
1982-09-09,22.0643539428711,2.9016797542572,2.68817520141602,0.130324
1982-09-10,23.0530338287354,0.566052794456482,3.07830405235291,0.115136
1982-09-11,22.5359191894531,0.335088521242142,3.60764932632446,0.096028
1982-09-12,23.4268016815186,0.865986704826355,2.85566473007202,0.0828
1982-09-13,23.8743782043457,1.03793251514435,3.26655340194702,0.0828
1982-09-14,23.3409862518311,2.03047800064087,3.36170101165772,0.066632
1982-09-15,23.8870468139648,1.17640793323517,3.28873777389526,0.055527
1982-09-16,23.1897068023682,0.817822992801666,3.32315444946289,0.048504
1982-09-17,23.4202423095703,0.624906659126282,3.39686870574951,0.048504
1982-09-18,24.6201992034912,2.17408013343811,2.86597752571106,0.070552
1982-09-19,25.8410568237305,0.0764719545841217,4.12616586685181,0.096028
1982-09-20,26.161958694458,0.0414908602833748,4.06944799423218,0.120036
1982-09-21,24.8577842712402,2.84298348426819,2.36406016349793,0.151882
1982-09-22,24.0435485839844,13.8200731277466,2.34973049163818,0.180952
1982-09-23,22.5421237945557,8.51478290557861,1.28185427188873,0.212144
1982-09-24,22.0615348815918,5.64428997039795,2.64866852760315,0.238765
1982-09-25,23.1904563903809,4.71924781799316,3.03852915763855,0.288575
1982-09-26,23.4464321136475,3.64060115814209,3.32968664169312,0.318952
1982-09-27,24.0246601104736,1.32237434387207,3.25166773796082,0.342632
1982-09-28,25.6445007324219,0.898769915103912,4.91014194488525,0.418083
1982-09-29,26.7184925079346,2.26823019981384,4.11700487136841,0.509539
1982-09-30,23.3180332183838,10.4191608428955,1.90103423595428,0.55837
1982-10-01,21.6535511016846,20.7441024780273,0.763897478580475,0.52881
1982-10-02,22.8943729400635,17.2421588897705,1.80588841438293,0.462831
1982-10-03,24.7164916992188,4.26868486404419,2.59527063369751,0.418083
1982-10-04,24.5678844451904,2.24792790412903,4.74710702896118,0.311276
1982-10-05,24.9438419342041,0.0618488192558289,4.67712497711182,0.273877
1982-10-06,25.0691566467285,0.0291182026267052,4.31394910812378,0.259505
1982-10-07,24.0380363464356,2.04459524154663,3.44518661499023,0.199406
1982-10-08,25.091121673584,0.304063975811005,3.76713013648987,0.180952
1982-10-09,23.4084186553955,0.348535776138306,3.4700345993042,0.174909
1982-10-10,23.8955192565918,0.00126783200539649,4.02379608154297,0.146329
1982-10-11,23.7752342224121,0.0595854446291924,3.34578156471252,0.125098
1982-10-12,25.0099353790283,0.0255344063043594,4.01774024963379,0.115136
1982-10-13,24.3284893035889,4.45215334821114e-07,4.74499797821045,0.100765
1982-10-14,24.9727993011475,0.000147605693200603,4.97795152664185,0.08721
1982-10-15,25.4279861450195,0.356249213218689,3.92465853691101,0.08721
1982-10-16,24.7593803405762,1.01333320140839,4.15569877624512,0.078717
1982-10-17,22.7996425628662,7.51754522323608,1.4673867225647,0.070552
1982-10-18,24.003007888794,9.05056285858154,3.42832803726196,0.066632
1982-10-19,24.1696701049805,1.95909595489502,5.20659637451172,0.066632
1982-10-20,24.6416130065918,0.176325187087059,4.56649494171143,0.055527
1982-10-21,24.3417301177979,0.449992567300797,5.03064250946045,0.045238
1982-10-22,23.1094722747803,0.00845265574753285,4.48174142837524,0.035929
1982-10-23,25.1221466064453,0.00598958041518927,4.37241220474243,0.026783
1982-10-24,24.4935493469238,0.344043970108032,3.88508319854736,0.016331
1982-10-25,24.0393466949463,0.0779091119766235,4.06548309326172,0.008656
1982-10-26,25.325029373169,0.25490602850914,3.89135527610779,0.003593
1982-10-27,25.4281387329102,0.845933854579926,3.77142906188965,0.000163
1982-10-28,25.0032787322998,0.742222547531128,4.27881383895874,0
1982-10-29,25.499210357666,0.140208020806313,4.90923833847046,0.00196
1982-10-30,26.8077392578125,0.539264440536499,5.198486328125,0.008656
1982-10-31,26.6273651123047,0.0025660062674433,5.8923921585083,0.026783
1982-11-01,25.8260841369629,0.218184769153595,5.11618089675903,0.041972
1982-11-02,24.501974105835,2.38628697395325,3.85932922363281,0.048504
1982-11-03,25.3383274078369,2.20716142654419,5.31971025466919,0.048504
1982-11-04,23.9028797149658,1.19833958148956,4.39958572387695,0.045238
1982-11-05,25.3068523406982,0.448278158903122,4.01676607131958,0.041972
1982-11-06,26.1834812164307,0.0219039097428322,4.19710111618042,0.041972
1982-11-07,25.7538642883301,0.294520497322083,4.13917350769043,0.038869
1982-11-08,26.5923480987549,0.0543770864605904,4.15807056427002,0.032989
1982-11-09,25.729082107544,0.0327603369951248,5.00171041488648,0.016331
1982-11-10,26.7316341400147,0.216489717364311,4.26266813278198,0.005879
1982-11-11,26.7361068725586,0.256414741277695,4.69259881973267,0.00196
1982-11-12,26.9461345672607,0.0100289899855852,5.48070955276489,0
1982-11-13,27.0921783447266,1.93844115869979e-07,4.99898099899292,0.000163
1982-11-14,26.8680686950684,0.184593081474304,5.14191675186157,0.00196
1982-11-15,26.9672546386719,0.0256609153002501,5.30682134628296,0.008656
1982-11-16,27.053050994873,2.2275175069808e-05,5.49224233627319,0.021231
1982-11-17,28.0338897705078,0.012938286177814,5.43348217010498,0.038869
1982-11-18,27.8451862335205,0.0236844327300787,5.51115226745606,0.038869
1982-11-19,27.9760913848877,0.166290730237961,5.17428636550903,0.035929
1982-11-20,27.4755020141602,0.230578795075417,5.13967895507813,0.016331
1982-11-21,27.2364864349365,0,5.82982540130615,0.005879
1982-11-22,27.157413482666,0.0782454386353493,5.06853246688843,0.000817
1982-11-23,27.4540519714355,0.15437725186348,5.22041654586792,0
1982-11-24,26.5497493743897,0.070514053106308,4.88827657699585,0
1982-11-25,25.7653255462647,0.0007586037972942,4.94844150543213,0.000163
1982-11-26,25.8463916778564,3.71169198842836e-06,5.77124643325806,0.00196
1982-11-27,26.9816665649414,0.00363725889474154,4.88326740264893,0.005879
1982-11-28,26.8407783508301,0.348337292671204,4.57460165023804,0.008656
1982-11-29,28.0310878753662,0.0318475924432278,4.81316328048706,0.008656
1982-11-30,27.7694492340088,0.0177615527063608,5.75768518447876,0.00196
1982-12-01,26.6618957519531,0.172173574566841,4.79337120056152,0.000817
1982-12-02,26.1476058959961,0.000537714280653745,5.3130259513855,0.00196
1982-12-03,28.2465572357178,0.000357782439095899,5.07686901092529,0.008656
1982-12-04,27.908088684082,3.09694223687984e-05,5.48690557479858,0.016331
1982-12-05,26.5218505859375,0.104516103863716,5.9862232208252,0.021231
1982-12-06,26.0129337310791,0.0156774502247572,4.7306604385376,0.016331
1982-12-07,26.794319152832,0.00494695687666535,5.13282155990601,0.016331
1982-12-08,27.3280906677246,0.0341620407998562,5.56790590286255,0.012249
1982-12-09,26.0737037658691,0.0208718702197075,4.68124771118164,0.016331
1982-12-10,26.7118358612061,0.357083469629288,5.37206602096558,0.026783
1982-12-11,26.5492000579834,0.1025071144104,4.79853391647339,0.038869
1982-12-12,26.4086208343506,0.552387356758118,4.487633228302,0.041972
1982-12-13,25.8114280700684,0.812177002429962,4.76298952102661,0.041972
1982-12-14,26.6775150299072,0.210147738456726,4.70306062698364,0.026783
1982-12-15,26.958381652832,0.316755026578903,4.23142099380493,0.016331
1982-12-16,28.059455871582,1.45936799049377,5.1298394203186,0.008656
1982-12-17,26.6220474243164,0.324593156576157,4.6021294593811,0.003593
1982-12-18,25.8946933746338,0.396293163299561,3.99262118339539,0.00196
1982-12-19,26.9454002380371,0.149103954434395,5.48576641082764,0
1982-12-20,28.0319519042969,0.0350440070033073,5.0981912612915,0
1982-12-21,28.1343517303467,8.28726624604315e-05,5.79537916183472,0
1982-12-22,28.4071788787842,0.331628084182739,6.10440444946289,0
1982-12-23,28.7247943878174,0.0520500242710114,5.5058126449585,0
1982-12-24,28.5012474060059,2.77819228172302,4.73413467407227,0
1982-12-25,28.5050640106201,1.14708769321442,5.74360322952271,0.000817
1982-12-26,27.4901084899902,2.53083252906799,4.86408233642578,0.005879
1982-12-27,27.0183067321777,5.04981231689453,4.53911542892456,0.012249
1982-12-28,26.543830871582,0.757361769676209,4.2240948677063,0.016331
1982-12-29,26.5894241333008,2.58439540863037,3.76230001449585,0.016331
1982-12-30,27.0737075805664,0.437484741210938,3.81959271430969,0.026783
1982-12-31,27.2399196624756,0.455897986888886,4.24823713302612,0.032989
1983-01-01,26.3597316741943,0.636270761489868,3.26500487327576,0.038869
1983-01-02,27.8076419830322,0.112279020249844,5.40949010848999,0.041972
1983-01-03,28.4422607421875,0.00509724672883749,5.15144395828247,0.041972
1983-01-04,28.1076412200928,0.170454353094101,4.51124811172485,0.032989
1983-01-05,28.1679763793945,0.134933635592461,5.03314161300659,0.016331
1983-01-06,28.1627178192139,0.0022975904867053,5.72188997268677,0.008656
1983-01-07,28.7425727844238,0.0936938598752022,5.34473896026611,0.005879
1983-01-08,28.2963962554932,0.0903673395514488,5.05580282211304,0.005879
1983-01-09,28.1616058349609,2.91712512989761e-05,5.68750381469727,0.00196
1983-01-10,27.9527969360352,0.00116635416634381,4.77043676376343,0.000817
1983-01-11,27.6056213378906,0.000887769216205925,5.81683492660523,0.005879
1983-01-12,27.652889251709,0.0132920295000076,5.00303268432617,0.032989
1983-01-13,28.4746646881104,0.0275872424244881,5.1908974647522,0.035929
1983-01-14,27.3268356323242,0.029781611636281,3.62662386894226,0.045238
1983-01-15,27.5318565368652,0.177655711770058,3.36296558380127,0.048504
1983-01-16,27.875020980835,0.849280059337616,4.42899894714355,0.048504
1983-01-17,28.1924552917481,2.02391362190247,4.65187883377075,0.048504
1983-01-18,28.6065101623535,1.37138533592224,4.79584646224976,0.041972
1983-01-19,28.9760684967041,1.1679265499115,5.22121620178223,0.032989
1983-01-20,28.8436107635498,4.68526649475098,4.01317119598389,0.032989
1983-01-21,28.6660060882568,4.07300567626953,4.97856092453003,0.041972
1983-01-22,27.5784187316895,28.7304954528809,2.24644708633423,0.055527
1983-01-23,28.4293537139893,4.3689341545105,3.56918263435364,0.066632
1983-01-24,27.7694721221924,1.47662246227264,4.13586950302124,0.0828
1983-01-25,26.9449005126953,0.484002262353897,4.05034971237183,0.0828
1983-01-26,26.0868263244629,1.06303143501282,2.57051253318787,0.0828
1983-01-27,25.5966548919678,1.80430257320404,1.55894923210144,0.074471
1983-01-28,23.6934623718262,13.0094432830811,1.11626267433167,0.066632
1983-01-29,24.4747104644775,6.96178913116455,3.48137354850769,0.055527
1983-01-30,25.5782318115234,2.39250349998474,3.65482544898987,0.048504
1983-01-31,26.5193195343018,1.19530642032623,4.44584321975708,0.045238
1983-02-01,26.4138355255127,0.6924147605896,4.49410629272461,0.038869
1983-02-02,26.9066104888916,2.638916015625,4.33158826828003,0.032989
1983-02-03,26.8014163970947,0.787769436836243,4.57379341125488,0.026783
1983-02-04,26.8108329772949,1.63358795642853,3.86195588111877,0.041972
1983-02-05,25.6631946563721,11.5783004760742,2.77605581283569,0.051934
1983-02-06,26.313871383667,15.9131383895874,2.90407943725586,0.066632
1983-02-07,25.3609619140625,23.7078304290772,2.86980772018433,0.0828
1983-02-08,25.1958408355713,26.0895214080811,2.78716135025024,0.105337
1983-02-09,25.2273559570313,18.4726734161377,2.53056025505066,0.238765
1983-02-10,26.5901889801025,10.3938035964966,3.43811178207397,0.392116
1983-02-11,26.6616725921631,0.940434873104095,5.29665184020996,0.273877
1983-02-12,25.8683605194092,1.10587155818939,4.13544893264771,0.1932
1983-02-13,27.3059196472168,0.903535068035126,4.79498720169067,0.151882
1983-02-14,26.6444873809814,1.08053684234619,4.62444686889648,0.115136
1983-02-15,26.1681842803955,2.76818323135376,3.86979651451111,0.105337
1983-02-16,26.060619354248,1.0330001115799,3.79266357421875,0.115136
1983-02-17,26.0236682891846,1.750408411026,3.68594717979431,0.151882
1983-02-18,25.151517868042,0.542666971683502,3.56949377059937,0.180952
1983-02-19,26.2342281341553,0.855616688728333,2.99747920036316,0.157434
1983-02-20,26.444803237915,1.32940280437469,3.60381937026978,0.125098
1983-02-21,26.0668830871582,7.95129632949829,3.69525718688965,0.078717
1983-02-22,26.0642642974854,3.68174958229065,3.65211987495422,0.08721
1983-02-23,26.4868850708008,1.02665114402771,3.57207560539246,0.078717
1983-02-24,25.3601245880127,1.98318195343018,3.80009412765503,0.051934
1983-02-25,26.9743461608887,1.17084789276123,3.78553748130798,0.041972
1983-02-26,26.8370380401611,0.749270439147949,4.85749053955078,0.038869
1983-02-27,26.5517845153809,0.161420732736588,4.84057140350342,0.038869
1983-02-28,27.1304664611816,0.0491996556520462,4.87060642242432,0.035929
1983-03-01,26.3938064575195,0.0471291057765484,4.56112957000732,0.026783
1983-03-02,27.0017986297607,0.19669184088707,4.76299905776978,0.026783
1983-03-03,27.2442646026611,0.00418222928419709,4.90372037887573,0.026783
1983-03-04,27.5471248626709,0.213088303804398,4.4460654258728,0.026783
1983-03-05,27.532922744751,0.232205048203468,4.37287521362305,0.026783
1983-03-06,27.4559650421143,3.34298181533814,4.6121563911438,0.021231
1983-03-07,27.0365352630615,6.94068574905396,4.72378396987915,0.016331
1983-03-08,26.4540500640869,4.71069574356079,3.99371838569641,0.035929
1983-03-09,26.3428821563721,5.81145811080933,3.47159743309021,0.051934
1983-03-10,26.7882289886475,5.40091609954834,3.88972759246826,0.074471
1983-03-11,26.8834609985352,3.10896968841553,3.76292943954468,0.0828
1983-03-12,27.6251068115234,0.33473002910614,3.43468689918518,0.066632
1983-03-13,26.6260986328125,1.7099916934967,3.7751305103302,0.045238
1983-03-14,27.946216583252,1.27251327037811,4.62737894058228,0.038869
1983-03-15,27.4550647735596,0.866970658302307,4.28154993057251,0.035929
1983-03-16,27.909854888916,1.31085526943207,4.56083965301514,0.032989
1983-03-17,26.9837894439697,0.321924179792404,3.74037599563599,0.021231
1983-03-18,26.7089672088623,0.50867760181427,4.42615222930908,0.016331
1983-03-19,27.4829521179199,1.27429234981537,4.65983724594116,0.016331
1983-03-20,27.6502532958984,0.865909337997437,4.6840705871582,0.016331
1983-03-21,27.5979690551758,3.28198552131653,3.82241678237915,0.016331
1983-03-22,27.2073211669922,6.10070419311523,4.09548377990723,0.016331
1983-03-23,25.7252750396729,3.81263661384583,3.24700236320496,0.021231
1983-03-24,25.5137042999268,11.3692569732666,2.81240344047546,0.032989
1983-03-25,24.6896686553955,18.8764419555664,1.42567801475525,0.045238
1983-03-26,25.4027709960938,18.3991069793701,1.8137971162796,0.05912
1983-03-27,25.1656494140625,16.591423034668,1.55368590354919,0.100765
1983-03-28,25.8129386901856,11.2446355819702,2.14194416999817,0.146329
1983-03-29,26.5576591491699,15.6567325592041,3.15984082221985,0.1932
1983-03-30,26.7662239074707,20.9791774749756,3.48314785957336,0.266691
1983-03-31,27.1120948791504,8.43158531188965,3.36385989189148,0.273877
1983-04-01,26.4414367675781,0.938603222370148,3.37772727012634,0.366966
1983-04-02,25.578914642334,4.08212375640869,2.41626262664795,0.444703
1983-04-03,25.690092086792,4.03885126113892,2.876544713974,0.350635
1983-04-04,25.4625644683838,9.19818592071533,3.19995498657227,0.266691
1983-04-05,25.3003215789795,2.93813371658325,2.9354088306427,0.218677
1983-04-06,25.9730758666992,2.60011053085327,3.56215810775757,0.180952
1983-04-07,26.9939575195313,3.50908708572388,3.68802666664124,0.157434
1983-04-08,26.7991161346436,1.64511978626251,2.95000839233398,0.13555
1983-04-09,27.1568355560303,3.67094588279724,4.19957780838013,0.130324
1983-04-10,26.1347846984863,0.739748001098633,3.36281728744507,0.096028
1983-04-11,25.6104354858398,1.70042729377747,3.16922450065613,0.074471
1983-04-12,25.7580184936523,0.517398297786713,3.44551992416382,0.062712
1983-04-13,25.5541286468506,1.40121078491211,3.71051931381226,0.062712
1983-04-14,25.5620918273926,1.08400249481201,3.75737762451172,0.062712
1983-04-15,26.0667057037354,1.05383467674255,3.42117500305176,0.055527
1983-04-16,25.9402694702148,1.32739019393921,3.55676817893982,0.048504
1983-04-17,26.620002746582,1.06625068187714,4.17412185668945,0.055527
1983-04-18,25.9983940124512,5.37563896179199,3.21254801750183,0.055527
1983-04-19,25.4346199035645,5.19775199890137,3.22674584388733,0.062712
1983-04-20,25.7247734069824,7.25749015808106,3.41477108001709,0.0828
1983-04-21,26.7812557220459,1.92516624927521,4.32396841049194,0.074471
1983-04-22,27.4783420562744,0.0588611774146557,4.05350589752197,0.074471
1983-04-23,27.2460594177246,0.295647948980331,3.52299332618713,0.066632
1983-04-24,26.584171295166,0.696406185626984,3.69163513183594,0.062712
1983-04-25,26.8923187255859,1.28497552871704,3.8155837059021,0.055527
1983-04-26,26.9086418151856,1.27055704593658,3.88938641548157,0.048504
1983-04-27,24.9390125274658,1.02992379665375,3.54107117652893,0.051934
1983-04-28,26.0160789489746,6.28317975997925,3.89626622200012,0.066632
1983-04-29,25.4111824035645,7.1261568069458,3.53939867019653,0.078717
1983-04-30,25.2595882415772,2.18105697631836,2.8867712020874,0.070552
1983-05-01,25.5168876647949,3.07572531700134,4.13638210296631,0.066632
1983-05-02,25.9454231262207,1.28392541408539,3.52200484275818,0.066632
1983-05-03,24.9644203186035,0.925808012485504,3.21248912811279,0.078717
1983-05-04,25.6975898742676,0.576087713241577,3.48602366447449,0.08721
1983-05-05,25.3197154998779,0.356080323457718,3.56894254684448,0.078717
1983-05-06,25.1106929779053,1.44708979129791,2.9424250125885,0.078717
1983-05-07,25.3532085418701,0.764360010623932,2.61601901054382,0.078717
1983-05-08,25.5552711486816,1.49301075935364,3.05352330207825,0.070552
1983-05-09,25.9941864013672,1.49625611305237,2.93691539764404,0.055527
1983-05-10,26.0244178771973,0.514071106910706,2.82708978652954,0.055527
1983-05-11,25.8475742340088,0.546897053718567,3.38235521316528,0.055527
1983-05-12,25.8382453918457,0.484157353639603,3.88274145126343,0.051934
1983-05-13,24.6423377990723,0.852460622787476,2.951655626297,0.041972
1983-05-14,24.6501541137695,1.20853018760681,3.03731966018677,0.041972
1983-05-15,24.6733131408691,1.2272561788559,2.91394376754761,0.041972
1983-05-16,25.4217567443848,1.01745891571045,3.04106521606445,0.041972
1983-05-17,25.3843593597412,0.159683302044868,2.96137833595276,0.041972
1983-05-18,25.4527778625488,0.578632593154907,2.64686727523804,0.035929
1983-05-19,25.9541168212891,0.373205184936523,3.01604509353638,0.026783
1983-05-20,25.663293838501,0.0993103533983231,2.52686858177185,0.016331
1983-05-21,25.9830017089844,0.0260867495089769,3.45065689086914,0.016331
1983-05-22,25.7273445129395,0.480402082204819,2.87405347824097,0.035929
1983-05-23,25.3534450531006,1.29696917533875,2.65723967552185,0.041972
1983-05-24,25.4237689971924,1.01842713356018,3.00015711784363,0.048504
1983-05-25,24.9887619018555,0.00468045333400369,3.37897181510925,0.048504
1983-05-26,24.9926567077637,0.239038780331612,2.9392671585083,0.035929
1983-05-27,24.9345474243164,0.174733266234398,3.11953592300415,0.032989
1983-05-28,24.7890930175781,0.210563287138939,3.5891797542572,0.026783
1983-05-29,24.1162414550781,0.140841573476791,2.33696722984314,0.026783
1983-05-30,25.6070442199707,0.475701093673706,2.60527682304382,0.021231
1983-05-31,25.8036308288574,0.122358664870262,3.60866355895996,0.012249
1983-06-01,25.3149166107178,0.0600149296224117,3.47421407699585,0.008656
1983-06-02,24.4865398406982,1.78499919911701e-06,3.48826885223389,0.008656
1983-06-03,25.6427059173584,0.00904652383178473,3.27333927154541,0.035929
1983-06-04,23.6177463531494,0.275701493024826,2.38932800292969,0.026783
1983-06-05,24.851411819458,0.245902955532074,3.46474385261536,0.021231
1983-06-06,23.7034473419189,1.2177642583847,2.63316440582275,0.016331
1983-06-07,24.4586544036865,0.947635591030121,2.47288107872009,0.016331
1983-06-08,23.1712589263916,0.152711898088455,2.53110194206238,0.016331
1983-06-09,24.5108547210693,0.20336426794529,3.22467541694641,0.012249
1983-06-10,23.6144981384277,0.311956435441971,2.47584676742554,0.008656
1983-06-11,23.4393615722656,0.702872514724731,2.7223846912384,0.005879
1983-06-12,24.0125942230225,1.89265525341034,2.37065482139587,0.005879
1983-06-13,24.4958400726318,1.56137871742249,2.83700776100159,0.008656
1983-06-14,24.2383632659912,1.318732380867,2.04769492149353,0.038869
1983-06-15,24.4464740753174,1.11527335643768,2.93861484527588,0.026783
1983-06-16,24.6581001281738,0.359898537397385,2.61847114562988,0.026783
1983-06-17,24.7524471282959,0.204928308725357,3.21522974967957,0.026783
1983-06-18,23.7313327789307,2.65664792060852,2.26856803894043,0.032989
1983-06-19,23.1748218536377,11.9586620330811,2.28535032272339,0.045238
1983-06-20,23.0482482910156,11.6777143478394,2.04584622383118,0.035929
1983-06-21,22.762580871582,8.00283336639404,2.31388711929321,0.032989
1983-06-22,23.6259708404541,1.45127415657043,2.41413140296936,0.026783
1983-06-23,23.5115432739258,0.667964458465576,2.42688393592834,0.012249
1983-06-24,23.8581676483154,0.176598280668259,2.82981729507446,0.005879
1983-06-25,22.5143966674805,0.511493146419525,2.51302194595337,0.008656
1983-06-26,23.8850555419922,1.0597859621048,2.26716828346252,0.032989
1983-06-27,24.206521987915,0.646128594875336,2.55657267570496,0.035929
1983-06-28,24.2332611083984,1.0523521900177,2.7455849647522,0.038869
1983-06-29,23.1081047058105,0.201050117611885,2.702561378479,0.035929
1983-06-30,22.9667053222656,0.325717866420746,2.57243227958679,0.026783
1983-07-01,23.1551952362061,0.345441162586212,2.25037717819214,0.021231
1983-07-02,23.0978202819824,0.0448536425828934,3.4083685874939,0.016331
1983-07-03,24.4579048156738,1.07075109667676e-07,2.79247522354126,0.016331
1983-07-04,24.0289402008057,0.141969710588455,2.72235536575317,0.016331
1983-07-05,23.4040241241455,2.27337765693665,2.89332056045532,0.032989
1983-07-06,23.3775119781494,1.68863224983215,2.62475752830505,0.041972
1983-07-07,23.4440593719482,8.22636890411377,2.42656826972961,0.048504
1983-07-08,24.0635242462158,9.67382144927979,2.64919447898865,0.048504
1983-07-09,23.3912124633789,4.0957088470459,2.55694389343262,0.051934
1983-07-10,23.735782623291,1.17141842842102,3.47052192687988,0.048504
1983-07-11,22.2308502197266,0.444980174303055,2.41842699050903,0.041972
1983-07-12,22.7722320556641,5.50799989700317,2.48004555702209,0.041972
1983-07-13,23.5052471160889,3.4746584892273,2.6728949546814,0.062712
1983-07-14,23.4281978607178,0.272065162658691,3.20369625091553,0.08721
1983-07-15,22.1906852722168,0.870980083942413,2.60581231117249,0.100765
1983-07-16,23.0439357757568,1.15136647224426,3.50936913490295,0.110237
1983-07-17,23.1680965423584,0.130280867218971,3.10504007339478,0.125098
1983-07-18,22.8852634429932,0.0016833379631862,3.34897351264954,0.105337
1983-07-19,23.8087368011475,6.18632566329325e-06,3.53370976448059,0.08721
1983-07-20,24.1600170135498,0.0031535173766315,3.35851049423218,0.070552
1983-07-21,23.5675296783447,0.0199320521205664,3.35027241706848,0.051934
1983-07-22,25.0326843261719,0.0642076954245567,3.28194999694824,0.035929
1983-07-23,23.6657886505127,0.242466330528259,2.65254664421082,0.026783
1983-07-24,22.8849849700928,0.948098242282867,2.68663239479065,0.026783
1983-07-25,22.8011608123779,0.51233047246933,3.17833518981934,0.026783
1983-07-26,22.7802753448486,0.263954013586044,2.50463676452637,0.026783
1983-07-27,22.9788093566895,3.15859508514404,2.58988118171692,0.041972
1983-07-28,23.1412029266357,2.40009737014771,2.94123363494873,0.055527
1983-07-29,22.2140960693359,7.84159851074219,1.6890857219696,0.062712
1983-07-30,22.5671195983887,9.94223213195801,2.41558527946472,0.070552
1983-07-31,22.3155212402344,2.17292308807373,2.65337491035461,0.05912
1983-08-01,22.5676555633545,1.31636202335358,2.70346546173096,0.048504
1983-08-02,23.978235244751,0.214236035943031,3.08220934867859,0.048504
1983-08-03,24.4793090820313,0.399259746074677,3.60662984848022,0.045238
1983-08-04,24.565637588501,1.57215201854706,2.83456945419312,0.038869
1983-08-05,22.9521541595459,8.083571434021,1.61854517459869,0.035929
1983-08-06,22.4418411254883,9.4419527053833,1.96361219882965,0.045238
1983-08-07,22.1495037078857,5.3074517250061,2.16744661331177,0.048504
1983-08-08,22.3152027130127,1.52588891983032,2.61652636528015,0.045238
1983-08-09,22.1832599639893,0.402708142995834,3.05239796638489,0.048504
1983-08-10,21.1151103973389,0.0752902179956436,3.51826763153076,0.055527
1983-08-11,21.8173046112061,2.45516443252564,2.89444351196289,0.066632
1983-08-12,22.2325553894043,3.66969466209412,2.81883430480957,0.070552
1983-08-13,22.8017520904541,0.812926650047302,3.74158930778503,0.05912
1983-08-14,23.1309700012207,0.342866837978363,3.45265173912048,0.048504
1983-08-15,23.4425601959229,0.202637210488319,3.63404726982117,0.041972
1983-08-16,22.4988441467285,2.49816226959229,1.86678802967072,0.038869
1983-08-17,23.0834369659424,5.84605598449707,2.81846451759338,0.038869
1983-08-18,22.4752616882324,1.53352737426758,2.88459753990173,0.038869
1983-08-19,22.6411991119385,0.206150621175766,2.69740629196167,0.041972
1983-08-20,23.4520454406738,0.323538661003113,3.121262550354,0.055527
1983-08-21,22.5564079284668,0.0835224837064743,3.84433007240295,0.074471
1983-08-22,22.305290222168,5.7453408241272,2.43948554992676,0.0828
1983-08-23,22.5023574829102,7.02825021743774,2.31839156150818,0.078717
1983-08-24,21.6492729187012,8.57791137695313,1.57333219051361,0.05912
1983-08-25,23.2913417816162,3.71224689483643,3.40127968788147,0.051934
1983-08-26,22.8035678863525,0.650900602340698,2.63145518302918,0.038869
1983-08-27,22.3664398193359,0.81965845823288,2.61280560493469,0.032989
1983-08-28,23.7961196899414,1.14309453964233,3.3393874168396,0.035929
1983-08-29,22.3129806518555,0.609504699707031,3.45078611373901,0.041972
1983-08-30,22.5575542449951,0.668664991855621,2.90685701370239,0.048504
1983-08-31,22.8895931243897,0.165329799056053,4.49429893493652,0.041972
1983-09-01,24.9367122650147,0.0101284505799413,4.4743275642395,0.038869
1983-09-02,26.1183929443359,0.00299666775390506,4.53541612625122,0.038869
1983-09-03,25.7447147369385,0.0389336869120598,3.6962194442749,0.038869
1983-09-04,23.9823760986328,0.240864858031273,3.41603922843933,0.032989
1983-09-05,24.6698608398438,0.13056492805481,3.78257656097412,0.026783
1983-09-06,24.1151237487793,0.0735335499048233,3.94067764282227,0.021231
1983-09-07,24.1121482849121,0.0567578934133053,4.64188432693481,0.016331
1983-09-08,23.9756603240967,0.187625005841255,4.53468084335327,0.016331
1983-09-09,22.4366188049316,0.00123611150775105,4.71387195587158,0.016331
1983-09-10,23.8373279571533,0.53251051902771,3.08053016662598,0.016331
1983-09-11,24.1769237518311,1.16267228126526,3.38146686553955,0.032989
1983-09-12,24.2720584869385,3.35622048377991,3.00133943557739,0.035929
1983-09-13,24.6635398864746,1.6788113117218,3.58330011367798,0.035929
1983-09-14,24.6452789306641,0.151221737265587,3.45993900299072,0.045238
1983-09-15,24.7140865325928,0.162502571940422,3.51699423789978,0.048504
1983-09-16,25.9595890045166,0.0553425773978233,3.71789455413818,0.045238
1983-09-17,25.9276962280273,0.0365481376647949,4.51895236968994,0.035929
1983-09-18,25.0449466705322,0.0196038205176592,4.91251420974731,0.016331
1983-09-19,24.3358268737793,0.00821175612509251,5.05829286575317,0.008656
1983-09-20,24.8247718811035,0.0040420601144433,4.81136083602905,0.005879
1983-09-21,25.9474620819092,0.20135235786438,4.42965269088745,0.005879
1983-09-22,25.306282043457,0.395610958337784,3.42362570762634,0.005879
1983-09-23,25.9248428344727,0.62079644203186,4.65733432769775,0.008656
1983-09-24,25.69801902771,0.108507834374905,4.22855949401855,0.021231
1983-09-25,26.3181095123291,0.000969888526014984,5.22459602355957,0.032989
1983-09-26,26.657190322876,0.027901777997613,4.83244609832764,0.016331
1983-09-27,25.7182235717773,1.4725581407547,3.46907424926758,0.016331
1983-09-28,25.1218338012695,1.74861133098602,3.62572717666626,0.016331
1983-09-29,25.5879669189453,0.410907685756683,3.57137584686279,0.021231
1983-09-30,24.5115032196045,5.81785345077515,4.0453987121582,0.038869
1983-10-01,24.8266315460205,6.44492530822754,4.02656173706055,0.041972
1983-10-02,24.8476905822754,1.77073311805725,3.75530171394348,0.041972
1983-10-03,24.515998840332,1.40955805778503,3.60064172744751,0.035929
1983-10-04,24.4408893585205,3.48442268371582,3.80430126190186,0.021231
1983-10-05,24.6195983886719,4.10244417190552,3.66305136680603,0.016331
1983-10-06,24.6504325866699,4.45089292526245,3.57446455955505,0.016331
1983-10-07,24.4605407714844,0.650404095649719,4.24394845962524,0.032989
1983-10-08,24.1862468719482,0.175750121474266,3.92917060852051,0.035929
1983-10-09,24.4014358520508,0.212554961442947,3.64850664138794,0.035929
1983-10-10,25.5464820861816,0.143068417906761,4.64567947387695,0.016331
1983-10-11,26.5155487060547,0,5.28356313705444,0.012249
1983-10-12,26.5255088806152,0.507852494716644,4.17586231231689,0.012249
1983-10-13,25.7909469604492,0.251629441976547,4.01857900619507,0.016331
1983-10-14,25.8428897857666,0.451053261756897,4.43524789810181,0.016331
1983-10-15,25.1190414428711,0.838115930557251,4.34015512466431,0.016331
1983-10-16,26.8549213409424,0.110842190682888,5.34918403625488,0.016331
1983-10-17,27.3377494812012,0.00226151151582599,5.17433643341065,0.016331
1983-10-18,27.6064491271973,5.54484074655193e-07,5.53925180435181,0.016331
1983-10-19,27.401538848877,0.384045720100403,5.67003059387207,0.005879
1983-10-20,26.9509334564209,0.00351039785891771,4.94624376296997,0.003593
1983-10-21,26.0200901031494,0.0367844738066196,4.3884654045105,0.005879
1983-10-22,26.6364402770996,0.0885932892560959,4.75503253936768,0.008656
1983-10-23,26.9153060913086,0.0166763011366129,4.65378522872925,0.008656
1983-10-24,26.8075981140137,0,5.97013282775879,0.008656
1983-10-25,25.7117557525635,0.618417680263519,4.2831768989563,0.026783
1983-10-26,24.0794544219971,5.08519744873047,4.03622102737427,0.038869
1983-10-27,23.8714256286621,3.57690143585205,3.97131538391113,0.038869
1983-10-28,24.3461666107178,3.30347847938538,4.15412569046021,0.035929
1983-10-29,24.1487789154053,2.55520749092102,3.93045258522034,0.016331
1983-10-30,24.1729125976563,2.24609613418579,3.49243497848511,0.008656
1983-10-31,24.1863250732422,1.10810089111328,3.95322704315186,0.016331
1983-11-01,25.5310668945313,2.48138022422791,3.74118423461914,0.026783
1983-11-02,26.3120346069336,0.999469041824341,4.19839429855347,0.021231
1983-11-03,25.8652858734131,0.906186819076538,4.22168159484863,0.012249
1983-11-04,27.0561218261719,0.0831297114491463,5.22143030166626,0.008656
1983-11-05,26.9107246398926,14.7829704284668,3.46669292449951,0.008656
1983-11-06,27.2202568054199,11.8572292327881,5.10433769226074,0.008656
1983-11-07,26.9188194274902,18.7509021759033,3.58230924606323,0.026783
1983-11-08,24.9922847747803,7.12315464019775,2.78137373924255,0.055527
1983-11-09,26.8713779449463,0.369973003864288,5.16159343719482,0.074471
1983-11-10,27.7444839477539,4.55318450927734,5.48924112319946,0.074471
1983-11-11,26.6543464660645,0.39052414894104,4.38729381561279,0.070552
1983-11-12,27.6121921539307,4.10746215493418e-05,5.54524993896484,0.05912
1983-11-13,27.035457611084,0.0667399540543556,4.8858790397644,0.05912
1983-11-14,27.7950649261475,0.00428406521677971,5.16298627853394,0.070552
1983-11-15,27.9333992004395,0.0312059614807367,6.2031946182251,0.070552
1983-11-16,27.583381652832,0.0324892699718475,4.95769834518433,0.070552
1983-11-17,27.8560581207275,0.0370076522231102,5.23946714401245,0.05912
1983-11-18,26.9473304748535,0.0313520804047585,5.80357694625855,0.048504
1983-11-19,27.2066535949707,8.86498019099236e-05,5.80006074905396,0.035929
1983-11-20,26.5503253936768,0.00431375578045845,5.25425910949707,0.032989
1983-11-21,26.9079170227051,1.27664930005267e-06,5.30476760864258,0.032989
1983-11-22,27.1841773986816,0.0406616404652596,4.33596801757813,0.032989
1983-11-23,27.6246471405029,0.654965102672577,5.38563680648804,0.026783
1983-11-24,27.1493740081787,0.0354730151593685,4.69159269332886,0.016331
1983-11-25,26.7058773040772,0.750394999980927,4.89110422134399,0.008656
1983-11-26,27.6464786529541,1.64486396312714,5.86572217941284,0.003593
1983-11-27,27.8770046234131,0.989303529262543,5.66395664215088,0.008656
1983-11-28,27.1737022399902,7.08099031448364,5.07146644592285,0.016331
1983-11-29,27.1634750366211,2.97133207321167,4.67514228820801,0.016331
1983-11-30,26.8324451446533,10.5346632003784,3.85091376304626,0.016331
1983-12-01,26.4901561737061,3.24643659591675,4.00451278686523,0.016331
1983-12-02,26.8425521850586,6.04992294311523,4.27420377731323,0.026783
1983-12-03,27.0901832580566,2.28754234313965,4.83066272735596,0.038869
1983-12-04,27.1640148162842,1.35379755496979,3.97483611106873,0.038869
1983-12-05,27.7075519561768,0.21323262155056,4.9629545211792,0.021231
1983-12-06,27.7095565795898,1.35753870010376,5.24225044250488,0.005879
1983-12-07,27.8190116882324,0.0191759802401066,5.92902898788452,0.003593
1983-12-08,27.5497341156006,0.0218884460628033,4.98541355133057,0.003593
1983-12-09,27.7251739501953,0.00192190613597631,5.59097576141357,0.003593
1983-12-10,27.7222957611084,0.00930208899080753,5.6545090675354,0.00196
1983-12-11,28.0478382110596,0.000431232794653624,5.37596893310547,0.000817
1983-12-12,28.2580337524414,0.0026931120082736,5.94332885742188,0.000817
1983-12-13,27.37477684021,0.0192652437835932,4.34600782394409,0.000817
1983-12-14,27.9770603179932,0.0246205497533083,5.41979312896729,0.000817
1983-12-15,27.454891204834,0.00230651255697012,5.7734956741333,0.000817
1983-12-16,27.1761493682861,0.0194557756185532,5.93207550048828,0
1983-12-17,27.4337158203125,0.222424194216728,4.89195060729981,0
1983-12-18,26.912727355957,0.231553956866264,4.40564870834351,0.000163
1983-12-19,27.3303775787354,1.33522927761078,4.64891338348389,0.000163
1983-12-20,27.5954933166504,0.717802822589874,4.58378648757935,0.000163
1983-12-21,27.5198230743408,0.227365210652351,5.16271352767944,0.000817
1983-12-22,28.201587677002,0.0176518149673939,5.70916604995728,0.00196
1983-12-23,28.2678623199463,0,5.82432317733765,0.00196
1983-12-24,27.5305061340332,0.161652967333794,4.43104362487793,0.00196
1983-12-25,27.3224658966064,0.287123292684555,4.28518629074097,0.00196
1983-12-26,27.3323192596436,0.621767580509186,4.49839496612549,0.000817
1983-12-27,26.4856605529785,0.527519822120667,4.54637432098389,0.000817
1983-12-28,26.7402896881104,1.84300851821899,4.17419815063477,0.000817
1983-12-29,26.2383899688721,7.74471807479858,3.45015788078308,0.000817
1983-12-30,26.5223712921143,2.95775294303894,3.79367780685425,0.000817
1983-12-31,26.1590175628662,2.27884030342102,4.02061891555786,0.003593
1984-01-01,26.7831573486328,2.11842131614685,5.53979825973511,0.003593
1984-01-02,25.3100109100342,4.81168413162231,3.13011264801025,0.00196
1984-01-03,26.0681705474854,4.6865119934082,3.58140420913696,0.00196
1984-01-04,26.6338062286377,3.27719473838806,4.09531259536743,0.00196
1984-01-05,26.6853103637695,0.575799345970154,4.5802116394043,0.00196
1984-01-06,27.3044776916504,0.0347441509366035,5.15847635269165,0.003593
1984-01-07,27.4443969726563,0,5.26403570175171,0.003593
1984-01-08,27.6713218688965,0.0740494951605797,4.37835025787354,0.003593
1984-01-09,27.3541584014893,3.43682718276978,4.54671573638916,0.003593
1984-01-10,27.101806640625,0.960544466972351,5.16972923278809,0.003593
1984-01-11,26.8851146697998,0.720373511314392,3.84096932411194,0.003593
1984-01-12,27.9694576263428,1.02188646793365,5.49395418167114,0.003593
1984-01-13,27.3553123474121,0.266473203897476,5.4454460144043,0.000817
1984-01-14,27.3860530853272,0.0178303774446249,6.10364627838135,0.000817
1984-01-15,26.1883144378662,0.603371798992157,4.38728475570679,0.000817
1984-01-16,27.7425212860107,0.0331717990338802,6.05104827880859,0.000817
1984-01-17,26.9297389984131,0,5.67161130905151,0.000817
1984-01-18,28.0256175994873,0.353804618120194,4.22247409820557,0.000817
1984-01-19,27.9319915771484,2.45354509353638,5.89525508880615,0.000817
1984-01-20,27.6526222229004,0.601096510887146,5.63126420974731,0.000817
1984-01-21,28.6303310394287,0.0394436530768871,5.46061611175537,0.000817
1984-01-22,28.7418823242188,0.00628031929954886,5.63338279724121,0.000817
1984-01-23,28.2887496948242,1.08532333374023,4.92784786224365,0.000817
1984-01-24,28.7863025665283,0.435816407203674,5.2452826499939,0.000163
1984-01-25,28.4624614715576,0.241290614008904,5.41452217102051,0
1984-01-26,29.2125473022461,0.0708116739988327,6.10752725601196,0
1984-01-27,28.5240135192871,0.467787653207779,4.8696813583374,0
1984-01-28,28.9185810089111,0.43487074971199,6.07814455032349,0
1984-01-29,29.6056213378906,0.00762090692296624,6.17619562149048,0
1984-01-30,29.6213836669922,0.647362291812897,6.12657642364502,0
1984-01-31,29.0591373443604,0.189584419131279,6.20229148864746,0
1984-02-01,28.508020401001,0.917805075645447,5.44429540634155,0
1984-02-02,28.7776393890381,0.698920130729675,5.23374652862549,0
1984-02-03,29.44211769104,0.119469366967678,5.57368516921997,0
1984-02-04,28.781099319458,2.82282114028931,5.01653814315796,0
1984-02-05,28.1353588104248,0.612234592437744,5.1321496963501,0
1984-02-06,27.7894859313965,2.37690186500549,3.36084842681885,0
1984-02-07,27.8293724060059,0.930295348167419,5.12153053283691,0
1984-02-08,28.1634693145752,0.712312877178192,4.45827531814575,0
1984-02-09,28.7639770507813,0.169693604111671,5.61107683181763,0
1984-02-10,29.1971054077148,0.38481205701828,6.29193449020386,0
1984-02-11,28.6098537445068,0.180644080042839,4.84545612335205,0
1984-02-12,27.872974395752,0.511207580566406,4.73898315429688,0
1984-02-13,27.62038230896,0.912010788917542,5.05943632125855,0
1984-02-14,27.8987522125244,1.32435441017151,4.61598205566406,0
1984-02-15,28.4955959320068,2.35918474197388,5.43152189254761,0
1984-02-16,27.8047142028809,0.473446279764175,4.81908559799194,0
1984-02-17,28.1193695068359,0.193085893988609,6.21995353698731,0
1984-02-18,27.789608001709,0.0200206469744444,5.83099222183228,0
1984-02-19,27.7847900390625,3.3179305773956e-06,6.14426946640015,0
1984-02-20,29.6013488769531,0.00128420570399612,6.17274475097656,0
1984-02-21,29.1803073883057,0,5.8640570640564,0
1984-02-22,28.8891849517822,0.130331352353096,5.07118940353394,0
1984-02-23,29.9922485351563,0.314528703689575,4.9942193031311,0
1984-02-24,28.9654045104981,0.577379703521729,5.41017293930054,0
1984-02-25,29.1534843444824,0.31952565908432,6.35489416122437,0
1984-02-26,27.9579944610596,0.425417691469193,4.70184993743897,0
1984-02-27,28.6569213867188,0.758344650268555,4.68756294250488,0
1984-02-28,29.4127578735352,1.06130564212799,4.74359560012817,0
1984-02-29,29.1939163208008,13.606650352478,5.32941389083862,0
1984-03-01,28.5108833312988,1.56335949897766,4.30001354217529,0
1984-03-02,28.1057186126709,0.723286747932434,4.22857904434204,0
1984-03-03,27.9826259613037,0.757679998874664,4.22009992599487,0
1984-03-04,28.5311336517334,0.195292845368385,4.78542709350586,0
1984-03-05,29.1921157836914,0.491658866405487,5.0369439125061,0.000817
1984-03-06,29.7135276794434,1.01413822174072,5.77021598815918,0.003593
1984-03-07,29.3234062194824,0.179310962557793,4.7841100692749,0.003593
1984-03-08,29.5153923034668,0.000406381761422381,5.48795223236084,0.000163
1984-03-09,30.4169502258301,0.0374569967389107,5.7794337272644,0
1984-03-10,30.0401611328125,0.063646487891674,4.84110498428345,0
1984-03-11,30.6669673919678,0.435074090957642,4.9482307434082,0
1984-03-12,29.7087726593018,0.0101257571950555,4.74654293060303,0
1984-03-13,30.5311126708984,0.046373475342989,5.4654278755188,0
1984-03-14,30.6447467803955,0.00703952414914966,6.09028387069702,0
1984-03-15,27.0252628326416,1.26877820491791,3.28773951530457,0
1984-03-16,25.6537837982178,16.0322132110596,3.21936321258545,0.00196
1984-03-17,26.5083332061768,7.85490417480469,4.0793833732605,0.003593
1984-03-18,27.5114288330078,2.98303031921387,3.62157821655273,0.005879
1984-03-19,27.5262832641602,5.08488321304321,3.66238760948181,0.026783
1984-03-20,28.1989059448242,5.01880741119385,4.42751264572144,0.026783
1984-03-21,27.4663505554199,0.293146193027496,4.33806848526001,0.026783
1984-03-22,28.263032913208,0.704725503921509,4.69419050216675,0.026783
1984-03-23,28.8944473266602,5.40651321411133,3.8924286365509,0.041972
1984-03-24,26.5730838775635,6.87027883529663,3.08231830596924,0.035929
1984-03-25,25.7789096832275,9.651686668396,2.631103515625,0.016331
1984-03-26,26.9674625396729,4.42880964279175,3.26621413230896,0.012249
1984-03-27,27.2517738342285,2.64183139801025,3.67930936813355,0.003593
1984-03-28,26.8637237548828,1.3822683095932,3.12886643409729,0.003593
1984-03-29,26.4545650482178,3.98914766311646,2.70305275917053,0.016331
1984-03-30,27.7792263031006,2.40113472938538,3.88835906982422,0.048504
1984-03-31,27.718599319458,0.329459726810455,4.37193632125855,0.074471
1984-04-01,26.079626083374,18.3136730194092,3.29304671287537,0.08721
1984-04-02,24.5323810577393,12.6734237670898,1.8948986530304,0.100765
1984-04-03,26.1826992034912,6.81583833694458,2.40751171112061,0.105337
1984-04-04,26.615701675415,9.47228908538818,2.5749773979187,0.14094
1984-04-05,26.711950302124,3.92039656639099,3.43902206420898,0.125098
1984-04-06,26.8826503753662,5.62509632110596,3.27556848526001,0.125098
1984-04-07,26.7802391052246,1.17459833621979,3.64791226387024,0.125098
1984-04-08,25.4629344940186,8.22676753997803,2.3571252822876,0.110237
1984-04-09,25.5028076171875,8.79647350311279,2.94633412361145,0.0828
1984-04-10,25.6180419921875,16.2914123535156,3.17044997215271,0.062712
1984-04-11,24.9387798309326,9.0815601348877,3.17557406425476,0.051934
1984-04-12,25.3753242492676,6.50062847137451,2.78134703636169,0.038869
1984-04-13,24.9742584228516,12.8342895507813,2.97591471672058,0.035929
1984-04-14,25.5660610198975,6.26260280609131,3.04168844223022,0.048504
1984-04-15,24.8310699462891,8.80309677124023,3.00149869918823,0.078717
1984-04-16,24.8961429595947,13.3282375335693,2.13694024085999,0.110237
1984-04-17,24.7878360748291,9.80296611785889,2.57334518432617,0.174909
1984-04-18,25.2592945098877,2.77933430671692,3.0655791759491,0.180952
1984-04-19,25.5720748901367,3.55374002456665,2.90859603881836,0.146329
1984-04-20,25.0020046234131,4.02863883972168,2.78462910652161,0.115136
1984-04-21,25.1230716705322,3.99432134628296,2.81164646148682,0.110237
1984-04-22,25.2392387390137,8.91464042663574,2.76903033256531,0.110237
1984-04-23,25.859375,5.63116931915283,2.8726441860199,0.096028
1984-04-24,26.1018123626709,5.11733388900757,3.15624117851257,0.08721
1984-04-25,26.2831211090088,1.85472309589386,3.48929667472839,0.074471
1984-04-26,25.7586688995361,0.959703683853149,2.70034623146057,0.074471
1984-04-27,26.2772464752197,1.13114297389984,3.53141093254089,0.070552
1984-04-28,24.9888858795166,3.54840683937073,2.70152592658997,0.041972
1984-04-29,25.1500492095947,1.62028336524963,2.97178196907043,0.035929
1984-04-30,25.6171188354492,3.04286313056946,3.15522527694702,0.032989
1984-05-01,24.7824268341065,3.35518932342529,2.74964427947998,0.032989
1984-05-02,24.9197959899902,3.08383798599243,3.02145981788635,0.032989
1984-05-03,25.089485168457,2.46184372901917,3.01774764060974,0.045238
1984-05-04,25.1139240264893,12.6102781295776,2.89947938919067,0.078717
1984-05-05,24.8464870452881,5.58405780792236,3.14144444465637,0.096028
1984-05-06,24.796688079834,2.85929727554321,3.14785432815552,0.091619
1984-05-07,23.9362258911133,4.99666881561279,2.46930980682373,0.074471
1984-05-08,24.805347442627,4.99364757537842,2.54192399978638,0.091619
1984-05-09,24.6425819396973,12.2812023162842,2.60249423980713,0.110237
1984-05-10,24.2131843566895,5.32352590560913,2.39127278327942,0.105337
1984-05-11,24.4230976104736,1.64569759368896,2.71479225158691,0.08721
1984-05-12,25.0540904998779,1.39344274997711,3.0020477771759,0.078717
1984-05-13,25.3139247894287,8.79741287231445,2.96370267868042,0.078717
1984-05-14,25.4299468994141,1.93803143501282,2.3906238079071,0.105337
1984-05-15,25.6462917327881,2.34617567062378,3.12080693244934,0.296088
1984-05-16,25.5579948425293,0.50519996881485,3.21098470687866,0.1932
1984-05-17,24.8344097137451,1.03027451038361,2.68956017494202,0.14094
1984-05-18,24.5513668060303,3.56154108047485,2.92421627044678,0.115136
1984-05-19,23.4195957183838,1.0466080904007,2.58143734931946,0.125098
1984-05-20,24.2437229156494,2.69469952583313,2.21166563034058,0.174909
1984-05-21,24.6524238586426,14.0740261077881,2.3519229888916,0.180952
1984-05-22,24.8520965576172,1.41568171977997,2.73727226257324,0.180952
1984-05-23,24.5993633270264,0.496453851461411,2.65213179588318,0.174909
1984-05-24,24.0456218719482,2.06997561454773,2.6740038394928,0.14094
1984-05-25,24.4199619293213,2.95473170280457,2.77674126625061,0.115136
1984-05-26,24.8093891143799,2.32265830039978,2.70974183082581,0.100765
1984-05-27,23.3305702209473,0.721684455871582,3.23970127105713,0.066632
1984-05-28,23.4311180114746,0.294950872659683,3.01591157913208,0.055527
1984-05-29,23.9252147674561,0.0132282366976142,3.42585873603821,0.045238
1984-05-30,24.0614166259766,3.47779393196106,2.72357225418091,0.045238
1984-05-31,24.3837814331055,1.78296411037445,3.33132719993591,0.045238
1984-06-01,24.8757019042969,1.12462890148163,3.21408176422119,0.048504
1984-06-02,24.6646919250488,2.31684470176697,2.00557422637939,0.048504
1984-06-03,24.2072582244873,3.1124951839447,2.56695199012756,0.048504
1984-06-04,23.6225433349609,9.71932983398438,2.14283919334412,0.048504
1984-06-05,24.2071418762207,3.6553750038147,2.45233297348022,0.05912
1984-06-06,24.2506217956543,0.516114592552185,2.83430290222168,0.078717
1984-06-07,24.159595489502,0.081261582672596,2.70999526977539,0.078717
1984-06-08,24.1384677886963,0.0544349178671837,2.67826151847839,0.05912
1984-06-09,23.9605808258057,0.0407799780368805,2.97514343261719,0.055527
1984-06-10,24.5172672271729,0.00115744292270392,3.18919897079468,0.045238
1984-06-11,23.4022235870361,0.101458996534348,2.76237225532532,0.041972
1984-06-12,23.2837619781494,1.8602979183197,2.66835880279541,0.038869
1984-06-13,23.3156471252441,2.85810589790344,2.16005730628967,0.026783
1984-06-14,23.8982391357422,1.9593802690506,3.06460022926331,0.008656
1984-06-15,24.0870819091797,1.6863352060318,2.51341986656189,0.041972
1984-06-16,23.950174331665,1.76203584671021,3.56750655174255,0.045238
1984-06-17,24.5708694458008,1.63330113887787,3.23090505599976,0.055527
1984-06-18,24.264139175415,2.52442121505737,2.51684355735779,0.062712
1984-06-19,25.1783084869385,6.64267492294312,3.34053826332092,0.0828
1984-06-20,23.8554649353027,3.42560458183289,2.50539231300354,0.08721
1984-06-21,23.8979969024658,2.32516169548035,2.5838029384613,0.070552
1984-06-22,23.5854873657227,2.56437206268311,2.07928776741028,0.055527
1984-06-23,24.0234050750732,2.36766910552979,3.0653829574585,0.041972
1984-06-24,23.0665969848633,8.44179630279541,2.36717581748962,0.041972
1984-06-25,23.2542972564697,2.82785654067993,3.23547458648682,0.041972
1984-06-26,22.8480262756348,0.940554261207581,2.37186479568481,0.038869
1984-06-27,22.7474784851074,0.8468217253685,2.26534390449524,0.032989
1984-06-28,23.8652801513672,2.30231642723084,3.41368412971497,0.032989
1984-06-29,23.6458339691162,1.17433786392212,2.08713054656982,0.016331
1984-06-30,22.8466300964356,1.46255159378052,2.54453873634338,0.021231
1984-07-01,23.9687461853027,0.414004653692246,2.59288191795349,0.035929
1984-07-02,23.6163692474365,0.0485644862055779,3.16363167762756,0.035929
1984-07-03,23.1371383666992,1.00017142295837,2.64188599586487,0.035929
1984-07-04,23.0804004669189,0.614957571029663,3.2243971824646,0.035929
1984-07-05,22.8179512023926,0.22744545340538,2.57801294326782,0.048504
1984-07-06,23.3191146850586,0.194621413946152,2.93361830711365,0.051934
1984-07-07,22.8713226318359,1.18197667598724,2.05680155754089,0.045238
1984-07-08,23.2466335296631,4.90138292312622,2.81290555000305,0.038869
1984-07-09,22.5812206268311,2.66384816169739,2.34904193878174,0.035929
1984-07-10,22.7176952362061,3.66715526580811,2.1943039894104,0.045238
1984-07-11,22.3091011047363,2.32482385635376,2.59381985664368,0.048504
1984-07-12,21.8948154449463,4.40957069396973,3.0589587688446,0.048504
1984-07-13,22.2712020874023,3.92456817626953,2.394850730896,0.048504
1984-07-14,22.8526000976563,4.36000156402588,2.32748031616211,0.05912
1984-07-15,22.3794231414795,0.0838960036635399,2.67570209503174,0.066632
1984-07-16,22.9947872161865,7.86896123372571e-07,3.59992957115173,0.066632
1984-07-17,23.4183502197266,8.7972657638602e-05,3.59683632850647,0.055527
1984-07-18,22.3344841003418,0.122635520994663,2.58462762832642,0.041972
1984-07-19,23.4796676635742,0.0444558411836624,3.82421183586121,0.038869
1984-07-20,24.1150321960449,0.0764384120702744,3.09899878501892,0.026783
1984-07-21,23.664457321167,0.630867183208466,2.90382385253906,0.026783
1984-07-22,23.9072284698486,1.97204554080963,2.64313173294067,0.026783
1984-07-23,25.36448097229,2.31923341751099,2.49038815498352,0.032989
1984-07-24,24.1772727966309,1.56229054927826,2.71120572090149,0.035929
1984-07-25,24.0116386413574,4.33578252792358,3.24076318740845,0.041972
1984-07-26,23.4781684875488,2.00753116607666,2.40952706336975,0.041972
1984-07-27,23.2729339599609,2.20793867111206,2.81546711921692,0.041972
1984-07-28,22.5593109130859,5.30595207214356,1.90667843818665,0.041972
1984-07-29,23.1763782501221,2.28345155715942,2.80025672912598,0.041972
1984-07-30,21.7885456085205,1.40727841854095,2.33077621459961,0.048504
1984-07-31,22.9791221618652,4.73445177078247,2.17003273963928,0.05912
1984-08-01,22.8943099975586,6.60548496246338,2.24718260765076,0.045238
1984-08-02,23.1569976806641,2.67593908309937,2.50460958480835,0.035929
1984-08-03,24.0998764038086,1.10460686683655,3.08770489692688,0.035929
1984-08-04,24.6341571807861,0.647209048271179,3.37624979019165,0.035929
1984-08-05,24.115047454834,0.000363171770004556,3.55141735076904,0.035929
1984-08-06,23.3054447174072,0.258025854825974,3.05753111839294,0.026783
1984-08-07,22.9300632476807,0.035283662378788,3.8526930809021,0.026783
1984-08-08,23.5870246887207,0.570928633213043,3.09659576416016,0.026783
1984-08-09,23.3042659759522,0.365434944629669,3.1884617805481,0.026783
1984-08-10,23.3719959259033,1.11936283111572,2.70622873306274,0.016331
1984-08-11,23.6630878448486,1.0082094669342,3.97124528884888,0.016331
1984-08-12,23.8776817321777,2.95886421203613,4.06108903884888,0.016331
1984-08-13,23.9222011566162,0.309206277132034,3.01772308349609,0.016331
1984-08-14,24.5847454071045,0.970113337039948,3.32895255088806,0.016331
1984-08-15,25.3410873413086,0.000287986360490322,3.56808710098267,0.016331
1984-08-16,25.2438888549805,0.0394827164709568,4.29125165939331,0.016331
1984-08-17,24.234561920166,0.0504517666995525,4.56133794784546,0.012249
1984-08-18,23.6060161590576,0.2057134360075,3.35510873794556,0.008656
1984-08-19,23.3926334381104,1.04912900924683,3.02518105506897,0.008656
1984-08-20,22.4579830169678,3.63365650177002,2.62173581123352,0.008656
1984-08-21,22.618860244751,2.62704634666443,2.68588638305664,0.016331
1984-08-22,23.6092624664307,4.45140790939331,2.84862112998962,0.032989
1984-08-23,23.7524948120117,1.71643507480621,2.96778440475464,0.032989
1984-08-24,23.4088287353516,0.116285778582096,2.95549178123474,0.038869
1984-08-25,25.0755214691162,0.658291697502136,3.26904821395874,0.041972
1984-08-26,24.1137657165527,0.630355000495911,3.14712429046631,0.026783
1984-08-27,23.2745895385742,0.162176892161369,2.92541813850403,0.026783
1984-08-28,24.2573204040527,0.733255684375763,3.29219460487366,0.026783
1984-08-29,24.0003509521484,0.627900421619415,3.59534764289856,0.021231
1984-08-30,23.6142272949219,1.78082776069641,3.5182101726532,0.016331
1984-08-31,23.3277969360352,7.82709693908691,2.69040608406067,0.012249
1984-09-01,23.1659278869629,5.87764501571655,3.27986931800842,0.012249
1984-09-02,22.5505142211914,4.77566003799439,2.22012662887573,0.012249
1984-09-03,22.2664966583252,5.5475435256958,1.5948314666748,0.041972
1984-09-04,23.7080764770508,7.14581441879273,2.55185461044312,0.062712
1984-09-05,23.0276508331299,10.70192527771,2.20781064033508,0.08721
1984-09-06,23.174280166626,19.6593418121338,4.05666494369507,0.110237
1984-09-07,22.4485607147217,0.502808213233948,2.79992032051086,0.115136
1984-09-08,24.3253860473633,4.83492374420166,3.57843923568726,0.100765
1984-09-09,25.0860538482666,0.913314759731293,3.77823781967163,0.070552
1984-09-10,25.5368461608887,0.28833419084549,3.4953818321228,0.062712
1984-09-11,24.6800308227539,0.685583055019379,3.40597486495972,0.062712
1984-09-12,24.622652053833,0.49203959107399,3.54231309890747,0.05912
1984-09-13,24.6591968536377,1.32198977470398,2.87411999702454,0.041972
1984-09-14,26.1983795166016,1.20878398418427,4.85536527633667,0.041972
1984-09-15,25.0592422485352,0.0022581045050174,4.79463863372803,0.032989
1984-09-16,26.3284664154053,0.00100349390413612,5.02151346206665,0.026783
1984-09-17,27.0133972167969,0.0408942624926567,5.20034599304199,0.026783
1984-09-18,25.8432121276856,0.235983282327652,4.29358959197998,0.021231
1984-09-19,24.700777053833,0.762522876262665,3.42286157608032,0.016331
1984-09-20,25.7505550384522,0.245657742023468,4.71277475357056,0.016331
1984-09-21,24.101261138916,0.062685452401638,3.82460975646973,0.016331
1984-09-22,26.3899326324463,0.102471128106117,4.86712312698364,0.012249
1984-09-23,25.46213722229,1.29425132274628,3.5646505355835,0.012249
1984-09-24,24.5139446258545,3.0480318069458,4.06736278533936,0.008656
1984-09-25,24.6725845336914,0.748098433017731,4.72886323928833,0.003593
1984-09-26,25.4163608551025,0.052166111767292,4.17260551452637,0.003593
1984-09-27,27.4899253845215,0.00397174991667271,4.99763059616089,0.003593
1984-09-28,28.4142684936523,0.00517581356689334,5.31522178649902,0.003593
1984-09-29,28.5086631774902,0.00404071295633912,5.27798366546631,0.003593
1984-09-30,27.8806285858154,0.0549432821571827,5.15797567367554,0.003593
1984-10-01,25.5966949462891,0.387050747871399,4.40625047683716,0.003593
1984-10-02,25.3664531707764,0.0392219871282578,3.92925143241882,0.003593
1984-10-03,25.6439437866211,0.968919694423676,4.38524723052979,0.00196
1984-10-04,25.9165077209473,0.56060791015625,4.10445499420166,0.00196
1984-10-05,25.7399387359619,3.69793748855591,4.16310358047485,0.00196
1984-10-06,26.0112380981445,1.37969613075256,4.23071908950806,0.003593
1984-10-07,24.0201301574707,0.022670216858387,4.49177694320679,0.008656
1984-10-08,25.9451160430908,0.384425431489944,4.6818380355835,0.008656
1984-10-09,26.71120262146,0.747347712516785,4.89191675186157,0.008656
1984-10-10,27.3125381469727,0.00485360063612461,5.21562480926514,0.008656
1984-10-11,27.1705207824707,0.00154369848314673,5.28364658355713,0.005879
1984-10-12,26.9003562927246,0.103947825729847,4.63850402832031,0.003593
1984-10-13,26.4871959686279,0.664241373538971,4.65845680236816,0.003593
1984-10-14,25.529727935791,1.11569774150848,3.84444260597229,0.003593
1984-10-15,25.9580593109131,0.438856810331345,4.3368411064148,0.003593
1984-10-16,27.2661075592041,0.253339737653732,5.50004243850708,0.003593
1984-10-17,25.9341583251953,0.579518258571625,4.0664381980896,0.005879
1984-10-18,26.4611663818359,0.195522591471672,4.70242071151733,0.008656
1984-10-19,26.2396068572998,0.186955004930496,4.573157787323,0.003593
1984-10-20,26.904691696167,0.346820890903473,5.84227752685547,0.00196
1984-10-21,27.5167446136475,7.06203400113736e-06,5.56279039382935,0.00196
1984-10-22,27.3864479064941,0.362784296274185,4.7552547454834,0.00196
1984-10-23,28.2335662841797,1.19457387924194,5.8282995223999,0.00196
1984-10-24,28.4425716400147,0.0976761654019356,4.88471794128418,0.00196
1984-10-25,28.1618633270264,0.531879544258118,5.17420291900635,0.00196
1984-10-26,25.318431854248,5.80800867080689,2.54753732681274,0.00196
1984-10-27,23.7186298370361,7.89138221740723,2.18483829498291,0.003593
1984-10-28,24.9572792053223,1.54316759109497,3.95240521430969,0.003593
1984-10-29,25.3852787017822,0.37854140996933,3.63879776000977,0.005879
1984-10-30,26.6008567810059,4.41004228591919,4.60032320022583,0.008656
1984-10-31,27.1027050018311,0.470241010189056,4.89414930343628,0.008656
1984-11-01,26.3535270690918,1.93110597133636,4.95196676254273,0.008656
1984-11-02,25.140604019165,2.47779703140259,4.19988775253296,0.008656
1984-11-03,25.5491046905518,0.753925919532776,4.09718799591064,0.008656
1984-11-04,26.6713180541992,0.0711513161659241,4.73726558685303,0.008656
1984-11-05,25.7955055236816,0.576643168926239,4.29015636444092,0.008656
1984-11-06,25.3169860839844,0.465910524129868,3.79228901863098,0.005879
1984-11-07,26.1561450958252,1.18763816356659,4.677894115448,0.00196
1984-11-08,24.7370872497559,0.843194007873535,3.92341351509094,0.00196
1984-11-09,27.0593929290772,0.330299288034439,5.66278266906738,0.00196
1984-11-10,27.3548450469971,0.0336802005767822,4.7742018699646,0.00196
1984-11-11,27.0966396331787,0.00111196236684918,5.9100399017334,0.00196
1984-11-12,28.0065593719482,0.012253150343895,5.08552694320679,0.00196
1984-11-13,29.1162872314453,0.0846163704991341,4.87743330001831,0.003593
1984-11-14,28.6545104980469,0.523458182811737,5.23181486129761,0.008656
1984-11-15,26.4433975219727,0.920088231563568,4.32572317123413,0.016331
1984-11-16,25.71946144104,7.6660213470459,4.06830835342407,0.016331
1984-11-17,23.7296886444092,12.2883033752441,1.82588839530945,0.016331
1984-11-18,26.4346961975098,1.79652655124664,5.07119750976563,0.012249
1984-11-19,26.958065032959,0.364731997251511,4.6622576713562,0.005879
1984-11-20,27.6007843017578,0,5.80671358108521,0.00196
1984-11-21,28.1028881072998,3.04401364701334e-05,5.63333559036255,0.000163
1984-11-22,28.0907459259033,0.101995773613453,5.41280460357666,0.000163
1984-11-23,27.0200080871582,0.0955623090267181,5.02343416213989,0.000163
1984-11-24,26.7978363037109,0.156453713774681,5.45276784896851,0.000163
1984-11-25,28.4426555633545,0.432422608137131,5.7025842666626,0.000163
1984-11-26,27.5850563049316,0.00649403827264905,5.23638868331909,0.000163
1984-11-27,28.131275177002,1.31820097521995e-05,5.88603496551514,0.000163
1984-11-28,28.4006309509277,0.0350947938859463,5.27021837234497,0.000163
1984-11-29,28.5593719482422,0.425401329994202,5.33648777008057,0.000163
1984-11-30,28.0872058868408,0.199418783187866,5.52627420425415,0
1984-12-01,27.0146389007568,0.131933122873306,5.00994825363159,0
1984-12-02,28.2015037536621,0.0706102550029755,5.72889137268066,0
1984-12-03,28.0200500488281,0.000194906795513816,5.87020301818848,0.000163
1984-12-04,27.892894744873,0.00237054820172489,5.6633095741272,0.000163
1984-12-05,26.7603015899658,0.144598573446274,4.64713764190674,0.000163
1984-12-06,27.317892074585,0.100377671420574,4.7151837348938,0.000163
1984-12-07,27.7732181549072,0.0297748651355505,5.21125555038452,0.000163
1984-12-08,29.4620342254639,0.00728705385699868,5.99925804138184,0.000163
1984-12-09,29.5604801177979,0.00353520223870873,5.4547004699707,0
1984-12-10,28.8418006896973,0.376261383295059,5.38915252685547,0
1984-12-11,28.8185157775879,0.000865366193465889,6.11142158508301,0.000163
1984-12-12,28.0644416809082,0.00583754060789943,4.71813535690308,0.005879
1984-12-13,29.1903991699219,0.508794367313385,5.77839136123657,0.008656
1984-12-14,27.9090671539307,0.00280163064599037,5.15343523025513,0.016331
1984-12-15,29.0976867675781,0.0125894797965884,5.4650468826294,0.041972
1984-12-16,30.2030639648438,0.274251967668533,6.22852087020874,0.041972
1984-12-17,29.9507427215576,0.0516442097723484,6.57713031768799,0.041972
1984-12-18,28.7264270782471,0.00134580757003278,5.56419610977173,0.041972
1984-12-19,29.0783672332764,0,6.07705497741699,0.041972
1984-12-20,28.8606624603272,0.212840691208839,5.5278172492981,0.041972
1984-12-21,27.7701473236084,0.304510891437531,4.84739398956299,0.032989
1984-12-22,28.058536529541,0.0652684196829796,6.03620862960815,0.016331
1984-12-23,28.3628940582275,0.0902261361479759,5.97977638244629,0.005879
1984-12-24,26.9725399017334,3.20110702514648,3.70712184906006,0.00196
1984-12-25,26.8940925598145,1.51708841323853,4.27199649810791,0.000163
1984-12-26,27.5371818542481,1.83165121078491,4.41349935531616,0.000163
1984-12-27,27.31422996521,0.38697361946106,4.63073825836182,0.000163
1984-12-28,27.3445358276367,0.509707927703857,4.316575050354,0.000163
1984-12-29,27.3540267944336,0.457136958837509,4.46415996551514,0.00196
1984-12-30,29.1149635314941,0.33024474978447,5.83356189727783,0.005879
1984-12-31,29.2057800292969,0.00136900099460036,5.80748510360718,0.021231
1985-01-01,29.452953338623,0.297113418579102,4.72735548019409,0.016331
1985-01-02,27.6673355102539,3.05568695068359,3.85307574272156,0.003593
1985-01-03,27.6929550170898,3.84630560874939,2.94860148429871,0.00196
1985-01-04,25.0598411560059,25.6410980224609,1.64521276950836,0.00196
1985-01-05,26.2894897460938,14.779842376709,3.21512126922607,0.00196
1985-01-06,26.3326568603516,1.91337978839874,3.76754355430603,0.003593
1985-01-07,27.2831287384033,1.22676372528076,4.2129921913147,0.003593
1985-01-08,27.5159721374512,1.76398229598999,4.56965208053589,0.003593
1985-01-09,28.14035987854,2.61530756950378,3.79189157485962,0.016331
1985-01-10,27.3519229888916,11.1011228561401,3.23825645446777,0.062712
1985-01-11,25.655065536499,7.68441772460938,2.06732726097107,0.186994
1985-01-12,25.5777492523193,18.1439647674561,2.10591411590576,0.588419
1985-01-13,26.4485549926758,1.11314761638641,4.84070634841919,0.481285
1985-01-14,25.6060638427734,1.67038941383362,3.76300764083862,0.252483
1985-01-15,26.071907043457,1.22396528720856,3.69655656814575,0.110237
1985-01-16,26.4420261383057,0.618239879608154,3.88989901542664,0.070552
1985-01-17,26.5678768157959,0.958196938037872,4.39623308181763,0.016331
1985-01-18,27.8487300872803,0.138739094138145,3.75599718093872,0.016331
1985-01-19,26.7896823883057,3.41649603843689,4.64217042922974,0.016331
1985-01-20,27.0286617279053,0.389579117298126,4.78529024124146,0.016331
1985-01-21,26.8667850494385,0.0927009508013725,4.57523107528687,0.016331
1985-01-22,27.4628925323486,0.317006409168243,4.07779264450073,0.016331
1985-01-23,27.3852519989014,1.46433198451996,3.68027973175049,0.016331
1985-01-24,27.3818016052246,0.760765433311462,3.99469113349915,0.012249
1985-01-25,27.6873416900635,0.929084300994873,3.84642863273621,0.012249
1985-01-26,26.7572212219238,3.23753213882446,2.88309717178345,0.012249
1985-01-27,25.5137939453125,7.3451714515686,2.22502565383911,0.012249
1985-01-28,27.4816627502441,2.55680561065674,4.5503830909729,0.012249
1985-01-29,27.1031265258789,7.07934379577637,4.82242918014526,0.012249
1985-01-30,27.6208305358887,0.503127813339233,4.77673816680908,0.012249
1985-01-31,27.3658027648926,0,5.06803369522095,0.008656
1985-02-01,27.3105945587158,0.300146609544754,4.19560956954956,0.008656
1985-02-02,27.5293960571289,0.376090466976166,4.68377733230591,0.008656
1985-02-03,26.5661125183106,0.186762809753418,4.58211088180542,0.008656
1985-02-04,27.2728900909424,0.086533285677433,4.48213958740234,0.012249
1985-02-05,27.367374420166,2.16503024101257,4.33972692489624,0.021231
1985-02-06,27.5805644989014,1.42017841339111,4.3331241607666,0.032989
1985-02-07,27.4269905090332,0.714210987091065,4.14415693283081,0.048504
1985-02-08,28.1416320800781,0.394181191921234,5.41290903091431,0.048504
1985-02-09,28.0033111572266,0.00144968694075942,5.58043909072876,0.048504
1985-02-10,27.551664352417,1.18279302120209,3.78383159637451,0.041972
1985-02-11,27.0362281799316,3.8897705078125,3.77301502227783,0.026783
1985-02-12,26.8338851928711,5.69941234588623,4.79117059707642,0.016331
1985-02-13,26.9041881561279,2.26693749427795,4.18830060958862,0.016331
1985-02-14,26.3198280334473,6.12626647949219,3.9296772480011,0.035929
1985-02-15,25.7077445983887,12.5616121292114,3.07204866409302,0.041972
1985-02-16,26.1413650512695,19.2789516448975,3.16770935058594,0.041972
1985-02-17,25.3841514587402,16.3001575469971,2.93474864959717,0.041972
1985-02-18,25.6431465148926,9.70357894897461,3.94923114776611,0.041972
1985-02-19,25.2416343688965,1.68871593475342,4.28411245346069,0.041972
1985-02-20,26.3121700286865,4.05051136016846,4.28302097320557,0.041972
1985-02-21,26.8100643157959,3.88008451461792,3.88771414756775,0.041972
1985-02-22,27.4522953033447,7.63561916351318,4.41802501678467,0.045238
1985-02-23,27.9129390716553,2.4342827796936,4.35674571990967,0.035929
1985-02-24,27.2550220489502,4.59504985809326,4.10676765441895,0.035929
1985-02-25,27.5457439422607,0.0878375470638275,4.97613286972046,0.041972
1985-02-26,27.4245471954346,0.446574240922928,5.42215299606323,0.041972
1985-02-27,27.7868938446045,0.21076200902462,4.58761167526245,0.055527
1985-02-28,28.033842086792,1.02231252193451,4.82156181335449,0.05912
1985-03-01,27.6031017303467,0.230733662843704,5.49677705764771,0.110237
1985-03-02,26.7315578460693,2.95269370079041,3.1355619430542,0.120036
1985-03-03,27.0541229248047,10.5945425033569,4.45301389694214,0.120036
1985-03-04,25.9465770721436,1.46568942070007,4.07288312911987,0.105337
1985-03-05,27.1679210662842,2.48527026176453,4.80299472808838,0.105337
1985-03-06,27.0316829681397,1.068279504776,4.13044691085815,0.0828
1985-03-07,27.2849426269531,1.58168709278107,4.23561525344849,0.074471
1985-03-08,27.1345138549805,1.82918751239777,4.43460750579834,0.055527
1985-03-09,27.949686050415,0.194455459713936,4.53623104095459,0.045238
1985-03-10,28.4062671661377,0.00871564727276564,4.73002576828003,0.035929
1985-03-11,29.0922412872314,0.0286896396428347,5.05396556854248,0.035929
1985-03-12,29.2559700012207,0.108589090406895,5.10373687744141,0.016331
1985-03-13,29.6961860656738,0.281719952821732,5.0757212638855,0.008656
1985-03-14,29.9736061096191,0.0349498502910137,5.6343936920166,0.005879
1985-03-15,28.2638683319092,0.3911492228508,3.18812561035156,0.005879
1985-03-16,27.8076362609863,3.98368382453918,3.91602468490601,0.005879
1985-03-17,27.9554672241211,2.55573868751526,4.84802532196045,0.005879
1985-03-18,28.2794399261475,0.488245695829392,5.0963830947876,0.003593
1985-03-19,29.1539821624756,0.15576858818531,4.75001001358032,0.003593
1985-03-20,29.9138717651367,0.151184722781181,5.13973808288574,0.003593
1985-03-21,28.0306377410889,2.15530872344971,4.22553682327271,0.003593
1985-03-22,26.3036518096924,6.1118803024292,2.5449104309082,0.00196
1985-03-23,26.3664512634277,9.02546215057373,3.60760951042175,0.00196
1985-03-24,26.4294052124023,5.73024082183838,4.09317111968994,0.00196
1985-03-25,26.6444091796875,1.55133402347565,4.35088396072388,0.005879
1985-03-26,27.6431007385254,0.0847874879837036,5.46715354919434,0.005879
1985-03-27,28.0428066253662,0.0210300367325544,4.91719150543213,0.003593
1985-03-28,28.2204208374023,0,5.10861158370972,0.003593
1985-03-29,29.195837020874,0.0102100027725101,4.75873041152954,0.003593
1985-03-30,28.4371032714844,1.22830271720886,4.10238361358643,0.005879
1985-03-31,27.5735588073731,8.34234619140625,2.63248419761658,0.008656
1985-04-01,27.2737255096436,3.69671654701233,3.57576274871826,0.003593
1985-04-02,27.1707382202148,7.88717174530029,4.04743003845215,0.003593
1985-04-03,26.5934829711914,2.88191080093384,3.42589545249939,0.003593
1985-04-04,25.4957408905029,4.31620693206787,2.74280333518982,0.003593
1985-04-05,25.2023544311523,4.09547138214111,2.61362409591675,0.003593
1985-04-06,24.9227485656738,5.2321572303772,3.04355812072754,0.003593
1985-04-07,25.6681118011475,5.35595464706421,2.61773681640625,0.008656
1985-04-08,25.0042095184326,13.1400995254517,1.92660570144653,0.008656
1985-04-09,24.8078765869141,6.03154468536377,1.97920680046082,0.008656
1985-04-10,25.1133289337158,10.8896017074585,3.00497317314148,0.008656
1985-04-11,24.8804588317871,4.12201929092407,2.24174189567566,0.008656
1985-04-12,25.3323764801025,7.95318078994751,2.97776985168457,0.008656
1985-04-13,25.4290428161621,8.66833209991455,2.79801726341248,0.005879
1985-04-14,24.9373722076416,4.49140357971191,3.21062612533569,0.005879
1985-04-15,25.8060417175293,2.32680201530457,3.49385857582092,0.016331
1985-04-16,25.614013671875,2.82265210151672,3.55508613586426,0.021231
1985-04-17,25.6827373504639,1.74309206008911,3.82422518730164,0.038869
1985-04-18,25.7671051025391,0.286508500576019,3.64625763893127,0.038869
1985-04-19,25.3327083587647,0.376924455165863,3.74789667129517,0.038869
1985-04-20,25.2332248687744,0.668450236320496,3.61231660842896,0.048504
1985-04-21,25.2151374816895,2.46745705604553,3.16999959945679,0.048504
1985-04-22,24.8963317871094,8.54596996307373,2.68449950218201,0.05912
1985-04-23,24.7633609771729,18.1280326843262,2.31528997421265,0.062712
1985-04-24,25.009801864624,16.0786247253418,2.65363502502441,0.062712
1985-04-25,24.422176361084,24.557544708252,2.03921580314636,0.066632
1985-04-26,24.7428169250488,27.1328945159912,2.43065714836121,0.105337
1985-04-27,24.3480262756348,56.746337890625,1.77450752258301,0.186994
1985-04-28,25.0650882720947,15.0261497497559,2.58955693244934,0.392116
1985-04-29,25.3739986419678,12.0358419418335,2.42642498016357,0.435721
1985-04-30,25.4355010986328,13.1522207260132,2.58984398841858,0.273877
1985-05-01,25.8170280456543,6.92223215103149,3.04890608787537,0.212144
1985-05-02,25.5282535552979,1.71749889850616,2.6414041519165,0.205775
1985-05-03,25.8582057952881,0.438128024339676,3.52530026435852,0.205775
1985-05-04,25.3969764709473,1.822918176651,2.52138066291809,0.318952
1985-05-05,25.0846157073975,1.33781290054321,3.13717460632324,0.462831
1985-05-06,24.1076469421387,8.29791641235352,2.32838368415833,0.891529
1985-05-07,24.3465709686279,14.7497501373291,2.36001014709473,1.455615
1985-05-08,23.7247543334961,27.5199565887451,1.35961842536926,1.548214
1985-05-09,24.6479682922363,11.9555501937866,2.48566198348999,1.440427
1985-05-10,25.7510108947754,6.95561170578003,2.93140745162964,1.501669
1985-05-11,25.6068916320801,2.73773598670959,3.46682024002075,1.165243
1985-05-12,25.8672523498535,0.158104449510574,3.47296214103699,0.941177
1985-05-13,25.0607852935791,0.0668750703334808,2.87874627113342,0.855274
1985-05-14,23.6195468902588,0.784416496753693,2.7693784236908,0.716294
1985-05-15,24.7899837493897,0.210600808262825,2.76145052909851,0.273877
1985-05-16,25.2200222015381,1.29960465431213,2.99358010292053,0.125098
1985-05-17,24.6299896240234,3.52960348129272,2.89592289924622,0.105337
1985-05-18,23.7735767364502,6.54214906692505,1.96193540096283,0.125098
1985-05-19,23.8780937194824,10.6023683547974,2.71978855133057,0.212144
1985-05-20,24.2297706604004,1.4919650554657,2.8854455947876,0.205775
1985-05-21,24.8581275939941,1.79044687747955,2.0003833770752,0.186994
1985-05-22,25.5314254760742,4.65365505218506,2.52543067932129,0.186994
1985-05-23,25.1101627349854,1.27635037899017,2.11226582527161,0.174909
1985-05-24,24.9669342041016,6.09829330444336,2.6700873374939,0.180952
1985-05-25,24.3109836578369,2.94445943832397,2.59306240081787,0.266691
1985-05-26,24.0880565643311,10.1494255065918,2.14587807655334,0.350635
1985-05-27,24.846565246582,14.9466753005981,2.96361374855042,1.08375
1985-05-28,24.0641403198242,2.06520867347717,3.021484375,1.692093
1985-05-29,24.5895442962647,3.16231298446655,2.80728602409363,1.548214
1985-05-30,24.0643920898438,6.49807167053223,2.61380767822266,1.455615
1985-05-31,23.9706592559815,4.78023862838745,2.51713538169861,1.220933
1985-06-01,23.6208572387695,3.54379916191101,2.26416039466858,0.879444
1985-06-02,24.0076599121094,1.87079966068268,2.65962028503418,0.7501
1985-06-03,24.0244235992432,2.32230162620544,2.37554740905762,0.55837
1985-06-04,24.5450191497803,0.296709507703781,2.88995027542114,0.400608
1985-06-05,26.0019073486328,0.146545976400375,3.10420870780945,0.342632
1985-06-06,26.367561340332,1.0517361164093,2.60197281837463,0.259505
1985-06-07,26.082088470459,3.26858878135681,2.8748242855072,0.174909
1985-06-08,26.2137279510498,2.22798752784729,2.55693888664246,0.120036
1985-06-09,25.5399627685547,4.10921859741211,2.62906813621521,0.096028
1985-06-10,26.2287406921387,1.17125022411346,2.75100755691528,0.0828
1985-06-11,22.5215835571289,4.22417545318604,1.02318894863129,0.078717
1985-06-12,22.4669094085693,2.72397327423096,2.27111077308655,0.078717
1985-06-13,21.9535293579102,0.830256760120392,2.397620677948,0.078717
1985-06-14,22.1085319519043,1.08637583255768,2.17855334281921,0.078717
1985-06-15,22.8368911743164,0.950609982013702,2.53779530525208,0.0828
1985-06-16,22.3854675292969,0.231914430856705,2.65520644187927,0.0828
1985-06-17,23.4131622314453,1.03218364715576,1.81823420524597,0.096028
1985-06-18,23.5935955047607,2.1277334690094,2.06620287895203,0.120036
1985-06-19,22.7314186096191,14.8237152099609,2.39735913276672,0.125098
1985-06-20,22.3840217590332,7.01031303405762,1.78126537799835,0.105337
1985-06-21,23.252498626709,13.2995338439941,2.27218961715698,0.096028
1985-06-22,24.21116065979,3.45223593711853,3.07761788368225,0.146329
1985-06-23,23.1567859649658,0.687328279018402,2.72466444969177,0.212144
1985-06-24,22.9326705932617,1.42289435863495,2.09719753265381,0.3588
1985-06-25,22.8252296447754,3.76750230789185,2.49682211875916,0.509539
1985-06-26,22.0917377471924,3.43438720703125,2.275465965271,0.444703
1985-06-27,21.777379989624,0.808140337467194,2.27518773078918,0.318952
1985-06-28,21.9612827301025,3.20140695571899,2.26031899452209,0.231905
1985-06-29,21.8598976135254,0.187527269124985,2.07892203330994,0.146329
1985-06-30,22.2809143066406,0.541947960853577,2.40259599685669,0.120036
1985-07-01,22.7881870269775,0.496274381875992,2.7271363735199,0.100765
1985-07-02,23.5205917358398,2.30661392211914,1.92588436603546,0.078717
1985-07-03,23.7952613830566,4.10331869125366,2.53941750526428,0.074471
1985-07-04,23.5857677459717,6.19117307662964,2.17096924781799,0.074471
1985-07-05,21.811990737915,0.890939295291901,2.24833178520203,0.074471
1985-07-06,23.3178043365479,1.71258020401001,2.48371505737305,0.070552
1985-07-07,23.7151432037354,3.06536936759949,2.6662871837616,0.05912
1985-07-08,23.618034362793,2.02458739280701,2.34524965286255,0.055527
1985-07-09,22.950101852417,5.41900730133057,2.22361469268799,0.055527
1985-07-10,23.3596172332764,6.89644622802734,2.77800059318543,0.066632
1985-07-11,22.9808597564697,0.762928605079651,2.66795492172241,0.0828
1985-07-12,22.5341815948486,2.34336400032043,2.32764840126038,0.16315
1985-07-13,21.8535232543945,12.2594366073608,2.1869101524353,0.761368
1985-07-14,21.577600479126,14.3916463851929,2.13808345794678,1.611416
1985-07-15,21.9124794006348,9.97109317779541,2.01673817634583,1.996347
1985-07-16,21.9386444091797,17.1041965484619,2.26748514175415,2.304193
1985-07-17,21.0960807800293,9.44719219207764,1.5349634885788,2.572354
1985-07-18,20.7990131378174,12.5782642364502,1.483717918396,2.04926
1985-07-19,20.5151348114014,7.97218322753906,2.58556962013245,1.774403
1985-07-20,21.0471439361572,7.70209980010986,2.40935325622559,2.013984
1985-07-21,21.6481952667236,8.04548168182373,2.23553800582886,1.807719
1985-07-22,20.8165111541748,10.5174598693848,1.58074176311493,1.627421
1985-07-23,21.6571197509766,7.59890222549439,2.51316809654236,1.501669
1985-07-24,21.4146785736084,0.971328914165497,2.63891196250916,1.151525
1985-07-25,20.4714241027832,3.38770174980164,2.60433650016785,1.004869
1985-07-26,19.8090572357178,1.01322305202484,2.68654298782349,0.843189
1985-07-27,20.6209278106689,0.273895621299744,2.91193246841431,0.650968
1985-07-28,21.4595012664795,0.676885068416596,2.21532464027405,0.471977
1985-07-29,22.0849056243897,0.889386475086212,2.35217046737671,0.342632
1985-07-30,22.6396350860596,4.46206188201904,2.1958212852478,0.273877
1985-07-31,23.7378959655762,2.63381838798523,3.18164014816284,0.205775
1985-08-01,22.5628166198731,4.14417839050293,2.50553703308105,0.205775
1985-08-02,22.410831451416,6.65726804733276,3.29791808128357,0.231905
1985-08-03,22.2474765777588,3.31113648414612,2.58849263191223,0.288575
1985-08-04,21.8578701019287,4.72618770599365,2.11761903762817,0.418083
1985-08-05,21.2587089538574,11.700442314148,1.16082656383514,0.619449
1985-08-06,21.24582862854,14.9220600128174,0.714713931083679,1.517184
1985-08-07,22.091869354248,4.9086275100708,2.2064733505249,2.031622
1985-08-08,21.3807697296143,4.33352851867676,1.82464551925659,1.841362
1985-08-09,22.5747375488281,2.37447690963745,2.70080995559692,1.292301
1985-08-10,22.2183895111084,0.662472546100617,2.77293610572815,1.017934
1985-08-11,22.5099353790283,0.195838898420334,3.4901556968689,0.568332
1985-08-12,23.0152034759522,0.239261016249657,2.73995208740234,0.3588
1985-08-13,23.626314163208,0.00116101850289851,3.9689838886261,0.252483
1985-08-14,22.7330055236816,0.0570880621671677,3.58674621582031,0.1932
1985-08-15,22.7975215911865,1.47825717926025,2.57740879058838,0.151882
1985-08-16,23.4857940673828,7.11442184448242,3.66779375076294,0.125098
1985-08-17,22.8899936676025,5.82545137405396,2.63085556030273,0.120036
1985-08-18,22.8038368225098,3.42016005516052,2.64843654632568,0.14094
1985-08-19,22.4014835357666,10.4052925109863,1.54721963405609,0.16315
1985-08-20,22.1795101165772,7.16328811645508,2.66414880752564,0.3036
1985-08-21,21.7821826934814,0.331972569227219,3.1202073097229,0.418083
1985-08-22,23.3166980743408,0.0369682833552361,3.078537940979,0.519174
1985-08-23,23.7054557800293,0.0268485508859158,4.11928272247314,0.538609
1985-08-24,24.592155456543,0.409079909324646,3.14651465415955,0.392116
1985-08-25,24.1137046813965,1.29688847064972,3.18517827987671,0.281226
1985-08-26,24.8340110778809,0.405077785253525,4.27807283401489,0.186994
1985-08-27,24.2799949645996,0.0158009361475706,3.65228152275085,0.146329
1985-08-28,24.3489952087402,0.0100490124896169,4.05196142196655,0.110237
1985-08-29,22.0311145782471,0.293462932109833,3.01698327064514,0.08721
1985-08-30,23.7257118225098,0.731742262840271,3.14232587814331,0.070552
1985-08-31,23.5734539031982,0.120204791426659,3.51276087760925,0.062712
1985-09-01,22.8237037658691,0.220179840922356,3.21455001831055,0.062712
1985-09-02,23.5565490722656,0.188895016908646,3.39644336700439,0.055527
1985-09-03,23.1511478424072,0.743630588054657,2.78531670570374,0.048504
1985-09-04,23.354585647583,0.570082426071167,3.65691542625427,0.045238
1985-09-05,23.8205375671387,0.368091821670532,4.13547897338867,0.035929
1985-09-06,23.995532989502,0.651294112205505,3.89303636550903,0.021231
1985-09-07,23.7367782592773,0.305077105760574,3.57569003105164,0.035929
1985-09-08,22.9036331176758,0.886213898658752,3.29009699821472,0.045238
1985-09-09,23.4650630950928,0.707004249095917,3.01656937599182,0.038869
1985-09-10,23.5958042144775,1.44230306148529,3.57417058944702,0.026783
1985-09-11,23.0765476226807,0.820384025573731,3.05428647994995,0.045238
1985-09-12,20.7680606842041,9.17416286468506,1.30968987941742,0.070552
1985-09-13,21.5688705444336,0.669513165950775,2.65511441230774,0.096028
1985-09-14,22.5507278442383,1.0532488822937,3.30635833740234,0.096028
1985-09-15,23.2811622619629,4.16937685012817,2.70159339904785,0.066632
1985-09-16,24.8688049316406,4.52981805801392,4.20541095733643,0.062712
1985-09-17,24.2679862976074,1.11899590492249,3.96830797195435,0.062712
1985-09-18,24.1732292175293,0.397102564573288,3.70437812805176,0.062712
1985-09-19,24.6085243225098,0.0120791662484407,3.9546205997467,0.055527
1985-09-20,24.0422611236572,0.0364083014428616,4.27418041229248,0.045238
1985-09-21,24.9453678131104,0.00114380603190511,4.60251522064209,0.041972
1985-09-22,24.9824352264404,0.0112867522984743,3.61206817626953,0.041972
1985-09-23,24.1237812042236,0.182351589202881,3.60850429534912,0.035929
1985-09-24,26.5790271759033,0.190731883049011,4.8527398109436,0.035929
1985-09-25,26.8206329345703,0.0022458634339273,5.08996343612671,0.035929
1985-09-26,25.7643623352051,0.156220749020576,4.11080169677734,0.032989
1985-09-27,26.5752067565918,0.658242046833038,4.41232061386108,0.021231
1985-09-28,26.8720550537109,0.0908791646361351,4.31451225280762,0.008656
1985-09-29,27.122615814209,0.109278790652752,4.65284442901611,0.008656
1985-09-30,27.5746631622314,0.00330037553794682,5.37704801559448,0.005879
1985-10-01,27.0030212402344,0.00285969348624349,5.51462745666504,0.003593
1985-10-02,27.069149017334,0.0209320839494467,4.82818031311035,0.008656
1985-10-03,27.3535900115967,0.200842991471291,4.96320629119873,0.008656
1985-10-04,26.7046813964844,0.230041280388832,3.96497297286987,0.008656
1985-10-05,26.4519004821777,0.43839892745018,4.14507722854614,0.008656
1985-10-06,27.0001583099365,0.448338806629181,4.2862753868103,0.008656
1985-10-07,26.8242511749268,0.00564913265407085,5.58184432983398,0.008656
1985-10-08,26.7431602478027,0.00749601097777486,5.14381551742554,0.012249
1985-10-09,26.5029716491699,0.0992663577198982,4.93191719055176,0.032989
1985-10-10,25.101053237915,7.68732976913452,3.40869569778442,0.041972
1985-10-11,25.7546901702881,13.0310277938843,3.97874331474304,0.041972
1985-10-12,26.0829906463623,5.35256099700928,5.18685293197632,0.051934
1985-10-13,25.0538520812988,0.835221230983734,3.69674563407898,0.070552
1985-10-14,26.2777805328369,1.61438763141632,5.35920715332031,0.091619
1985-10-15,26.6063976287842,3.10532569885254,5.04367017745972,0.105337
1985-10-16,25.644926071167,0,5.30249500274658,0.096028
1985-10-17,25.7306365966797,0.0270170550793409,3.60660076141357,0.070552
1985-10-18,26.1988487243652,3.46493792533875,3.64695477485657,0.062712
1985-10-19,25.6117782592773,4.57884120941162,4.19769430160522,0.045238
1985-10-20,26.3372955322266,3.81260323524475,5.24114322662354,0.035929
1985-10-21,26.3073387145996,0.0957492887973785,5.34690761566162,0.032989
1985-10-22,27.5524234771729,0.000416058930568397,5.10285234451294,0.032989
1985-10-23,27.61789894104,1.37469375133514,5.32854986190796,0.021231
1985-10-24,27.6029262542725,0.0638126879930496,4.33770895004272,0.012249
1985-10-25,27.8869190216065,0.00859391409903765,4.99694108963013,0.008656
1985-10-26,27.8887462615967,0.319168210029602,5.52725172042847,0.008656
1985-10-27,27.9203453063965,0.0599209815263748,5.38610076904297,0.003593
1985-10-28,26.9330081939697,0.201232135295868,5.05134296417236,0.00196
1985-10-29,24.5024127960205,0.742626845836639,3.67338681221008,0.00196
1985-10-30,25.7340908050537,0.588004946708679,4.08607864379883,0.00196
1985-10-31,25.5265197753906,0.478101193904877,4.23781204223633,0.00196
1985-11-01,27.1327209472656,0.0221496745944023,5.35311079025269,0.00196
1985-11-02,26.6796436309815,0.00319613586179912,5.51273679733276,0.000817
1985-11-03,27.7025165557861,0.00345349451526999,4.63097047805786,0.000817
1985-11-04,27.9358158111572,0.00466133654117584,5.45949077606201,0.000163
1985-11-05,28.8741436004639,0.26696565747261,5.05942058563232,0
1985-11-06,28.060661315918,4.23183536529541,4.70553827285767,0.000817
1985-11-07,25.3858089447022,14.9078683853149,3.09686279296875,0.105337
1985-11-08,24.6174335479736,9.52563095092773,2.70725727081299,0.199406
1985-11-09,23.3485641479492,11.4293165206909,1.72369360923767,0.22521
1985-11-10,24.0173740386963,17.6052780151367,2.80759525299072,0.205775
1985-11-11,24.6628112792969,3.60017919540405,4.86177110671997,0.199406
1985-11-12,25.4535083770752,6.39900350570679,4.67387628555298,0.180952
1985-11-13,24.3719139099121,18.6601257324219,2.90739583969116,0.471977
1985-11-14,23.9934101104736,47.6637916564941,2.63528180122376,1.708261
1985-11-15,24.3017501831055,37.8470726013184,3.39851641654968,5.283851
1985-11-16,24.9525012969971,5.66636848449707,2.91368460655212,3.779079
1985-11-17,25.4832153320313,2.16115164756775,3.79906845092773,2.322974
1985-11-18,25.6125316619873,3.74219083786011,4.36808824539185,2.084863
1985-11-19,25.7844924926758,1.4921168088913,3.92618012428284,1.517184
1985-11-20,24.3766994476318,0.930117845535278,2.88457846641541,1.165243
1985-11-21,25.2499217987061,0.881653964519501,3.19677233695984,0.727563
1985-11-22,25.2932186126709,1.71847534179688,4.02912759780884,0.629901
1985-11-23,25.4721126556397,0.279072314500809,4.45725107192993,0.608997
1985-11-24,26.6277561187744,0.0585797913372517,4.67608070373535,0.3588
1985-11-25,26.3938140869141,0.0367128551006317,4.42435550689697,0.273877
1985-11-26,27.2126750946045,0.00869784317910671,4.71463680267334,0.1932
1985-11-27,27.0219078063965,0.422138720750809,4.6061224937439,0.157434
1985-11-28,26.9966354370117,2.00927186012268,4.74736738204956,0.125098
1985-11-29,26.3931941986084,4.03794050216675,3.13516187667847,0.105337
1985-11-30,26.8123149871826,6.38794994354248,3.61286878585815,0.100765
1985-12-01,26.7093162536621,5.75814151763916,3.8062014579773,0.08721
1985-12-02,27.7428531646729,10.0490369796753,3.97392272949219,0.091619
1985-12-03,24.2712154388428,29.5150737762451,1.23385226726532,0.426739
1985-12-04,24.8787670135498,14.3004713058472,1.95052671432495,0.661747
1985-12-05,21.8001003265381,20.0199432373047,1.46704864501953,1.08375
1985-12-06,23.3428955078125,9.37710762023926,1.67891132831573,1.978872
1985-12-07,24.980188369751,12.1435947418213,3.35991215705872,2.067061
1985-12-08,24.8831825256348,23.3243579864502,2.50510382652283,1.659594
1985-12-09,25.1174335479736,13.2321290969849,3.06282162666321,1.517184
1985-12-10,23.4540786743164,4.61642122268677,2.25055432319641,2.013984
1985-12-11,25.134786605835,13.0627670288086,3.40029501914978,2.889673
1985-12-12,24.1728363037109,0.93724125623703,3.44202995300293,3.182331
1985-12-13,25.2989826202393,1.81217384338379,3.52336621284485,2.379481
1985-12-14,24.7962417602539,0.0320413522422314,4.20213508605957,1.410214
1985-12-15,25.1192016601563,0.00206416938453913,5.23446464538574,0.798114
1985-12-16,25.8868598937988,0.00400344235822558,4.8388671875,0.49582
1985-12-17,25.7901802062988,0.0326953567564487,4.69332790374756,0.405835
1985-12-18,26.0459098815918,0.0713770911097527,3.73370552062988,0.239908
1985-12-19,24.7218704223633,2.25004029273987,2.08991360664368,0.205449
1985-12-20,24.7961902618408,0.639603614807129,3.87874102592468,0.19222
1985-12-21,26.277889251709,0.679995775222778,4.63064861297607,0.19222
1985-12-22,25.4057731628418,0.00259405164979398,4.73614740371704,0.119872
1985-12-23,26.0318660736084,5.72763061523438,3.55652403831482,0.154495
1985-12-24,25.3603191375732,0.452551960945129,2.97507071495056,0.185688
1985-12-25,24.4931392669678,0.153084397315979,3.27278208732605,0.212144
1985-12-26,25.7504234313965,0.586801171302795,3.70346760749817,0.198753
1985-12-27,25.7523632049561,0.538111388683319,3.41113376617432,0.198753
1985-12-28,25.6399421691895,1.20444619655609,3.45242476463318,0.179155
1985-12-29,25.2426643371582,3.72656583786011,2.26089763641357,0.154495
1985-12-30,25.6722412109375,0.392982542514801,4.29340696334839,0.130978
1985-12-31,25.2972965240479,0.75286203622818,3.43252897262573,0.109094
1986-01-01,25.7606334686279,2.41370987892151,3.24649333953857,0.109094
1986-01-02,25.6380920410156,0.769381880760193,3.93305206298828,0.093742
1986-01-03,26.8341979980469,0.530933439731598,5.18983936309815,0.079207
1986-01-04,26.1477756500244,6.67886543273926,2.9995002746582,0.16658
1986-01-05,26.7399063110352,10.901554107666,4.44641923904419,0.198753
1986-01-06,26.6092014312744,1.29809331893921,4.54891920089722,0.225863
1986-01-07,26.6756591796875,0.354792565107346,4.81966304779053,0.185688
1986-01-08,25.6952285766602,0.719808518886566,4.43342638015747,0.154495
1986-01-09,25.9434852600098,0.166459336876869,4.63724708557129,0.130978
1986-01-10,26.3605098724365,0.365832716226578,4.82983112335205,0.109094
1986-01-11,26.5210151672363,1.6075439453125,4.14774799346924,0.109094
1986-01-12,25.3654537200928,0.707527279853821,3.91655540466309,0.093742
1986-01-13,25.4241104125977,0.353098273277283,4.00017642974854,0.114483
1986-01-14,25.2732791900635,0.579805612564087,4.67286443710327,0.074471
1986-01-15,25.5966205596924,0.772497832775116,3.90304803848267,0.051444
1986-01-16,26.0462875366211,2.50872087478638,4.06321430206299,0.024007
1986-01-17,26.0734615325928,0.609909892082214,4.92012453079224,0.009309
1986-01-18,25.9087104797363,0.347034960985184,4.82613229751587,0.009309
1986-01-19,25.8024845123291,0.14657823741436,5.09915590286255,0.024007
1986-01-20,26.402515411377,0.026607483625412,5.28334999084473,0.074471
1986-01-21,26.5490608215332,0.799587905406952,4.30241584777832,0.098805
1986-01-22,26.3953170776367,2.33069324493408,3.3201048374176,0.093742
1986-01-23,26.7424068450928,1.36205840110779,4.38601493835449,0.069898
1986-01-24,26.4754772186279,0.485254168510437,4.8544602394104,0.024007
1986-01-25,26.7953205108643,0.456379622220993,4.80650949478149,0.009309
1986-01-26,26.2094440460205,1.4594099521637,4.18722105026245,0.002613
1986-01-27,26.9516105651856,1.29594600200653,3.19647240638733,0.002613
1986-01-28,26.4064788818359,1.15887212753296,4.16858053207397,0.002613
1986-01-29,25.9914875030518,1.75729179382324,3.95437526702881,0.002613
1986-01-30,26.95729637146,0.854593873023987,4.17916631698608,0.001143
1986-01-31,26.7929496765137,4.9428882598877,3.28536701202393,0.001143
1986-02-01,25.3178443908691,3.41658759117126,2.1444263458252,0.005226
1986-02-02,25.6752700805664,7.60864591598511,2.49015116691589,0.015351
1986-02-03,26.0075778961182,2.8083484172821,4.18680095672607,0.015351
1986-02-04,26.2761993408203,1.63604331016541,4.08123826980591,0.015351
1986-02-05,26.9194450378418,3.06689143180847,3.50763082504272,0.001143
1986-02-06,26.7717838287354,1.18781232833862,3.55548572540283,0.002613
1986-02-07,26.81272315979,0.455074340105057,4.05827617645264,0.000327
1986-02-08,26.8971691131592,0.87129807472229,3.78575253486633,0.000163
1986-02-09,26.8361988067627,2.91617321968079,4.03037786483765,0.000163
1986-02-10,27.5101928710938,2.25818300247192,5.02432584762573,0.005226
1986-02-11,26.894832611084,0.00172450707759708,5.42972087860107,0.009309
1986-02-12,26.1842517852783,0.207665458321571,4.3184666633606,0.005226
1986-02-13,26.7788391113281,0.00280324765481055,5.30651760101318,0.001143
1986-02-14,27.2093772888184,0.00582267390564084,5.50584936141968,0.000163
1986-02-15,28.4287910461426,0.0201446823775768,5.14567613601685,0.000163
1986-02-16,28.5838851928711,0.432001113891602,4.61122846603394,0.000327
1986-02-17,28.1597747802734,0.618734359741211,4.91556072235107,0.002613
1986-02-18,28.271785736084,1.11012041568756,4.80355596542358,0.002613
1986-02-19,27.2040901184082,0.49303212761879,4.57988834381104,0.009309
1986-02-20,28.3545513153076,1.17736601829529,5.56151342391968,0.051444
1986-02-21,27.4260597229004,0.200647935271263,5.00378751754761,0.083943
1986-02-22,28.6103420257568,1.14161145687103,5.84081220626831,0.035929
1986-02-23,26.6965885162354,4.16697454452515,4.17763996124268,0.005226
1986-02-24,28.2369556427002,4.97976684570313,5.11321640014648,0.002613
1986-02-25,27.3238983154297,0.745608806610107,4.07868480682373,0.002613
1986-02-26,26.9199981689453,1.31650137901306,4.38023805618286,0.005226
1986-02-27,27.4215850830078,0.472581535577774,4.9570837020874,0.005226
1986-02-28,26.6304302215576,1.17630314826965,3.64543795585632,0.005226
1986-03-01,26.8314399719238,4.88823318481445,4.12602996826172,0.035929
1986-03-02,26.5997791290283,5.00731420516968,3.11221289634705,0.015351
1986-03-03,26.4108142852783,14.7426624298096,3.60772943496704,0.005226
1986-03-04,26.1810340881348,10.391414642334,3.78643989562988,0.009309
1986-03-05,25.9489078521729,3.22810959815979,3.23862338066101,0.009309
1986-03-06,26.5730228424072,1.98670136928558,3.82458400726318,0.002613
1986-03-07,27.5476417541504,1.57507729530334,4.63789987564087,0.009309
1986-03-08,27.1199111938477,0.959026038646698,4.2158317565918,0.035929
1986-03-09,26.2948055267334,1.56133008003235,4.26726722717285,0.002613
1986-03-10,26.339677810669,1.70974588394165,3.85002064704895,0.002613
1986-03-11,26.3146934509277,1.34968686103821,3.10900902748108,0.001143
1986-03-12,27.339485168457,1.39640319347382,4.79532766342163,0.000327
1986-03-13,26.0592823028565,1.81110346317291,3.34710311889648,0.000327
1986-03-14,26.3057727813721,1.22237408161163,2.74767470359802,0.002613
1986-03-15,26.5339736938477,5.70854711532593,2.54903697967529,0.015351
1986-03-16,26.2413597106934,4.37537097930908,2.83613348007202,0.035929
1986-03-17,26.8383655548096,6.03171157836914,4.26986598968506,0.035929
1986-03-18,26.3527889251709,3.81216931343079,3.36164832115173,0.069898
1986-03-19,26.109884262085,1.53192043304443,3.63577961921692,0.069898
1986-03-20,26.6002807617188,2.42458128929138,4.22965860366821,0.051444
1986-03-21,26.6013317108154,2.04277944564819,3.95315027236939,0.015351
1986-03-22,26.6599445343018,0.479628443717957,4.42950010299683,0.015351
1986-03-23,25.9618148803711,1.39473128318787,4.19166374206543,0.015351
1986-03-24,26.5267887115479,2.73112869262695,4.30919647216797,0.015351
1986-03-25,27.2228679656982,1.25644421577454,4.76673650741577,0.002613
1986-03-26,26.6302165985107,0.609292268753052,4.07818078994751,0.000163
1986-03-27,26.5729236602783,1.07241344451904,3.58584380149841,0.000163
1986-03-28,26.937520980835,0.830091893672943,3.51560711860657,0.000327
1986-03-29,26.152759552002,1.84542989730835,2.64248943328857,0.035929
1986-03-30,25.358943939209,19.7197284698486,2.42284965515137,0.093742
1986-03-31,26.368896484375,25.6727237701416,3.61251449584961,0.093742
1986-04-01,26.2544574737549,2.06094527244568,3.93711018562317,0.069898
1986-04-02,27.364538192749,0.475587010383606,3.76894426345825,0.015351
1986-04-03,26.7440605163574,6.52276086807251,3.66141366958618,0.069898
1986-04-04,26.2851047515869,2.04685163497925,3.68247485160828,0.093742
1986-04-05,25.8757667541504,2.61771655082703,4.76474857330322,0.148452
1986-04-06,25.5511913299561,0.136243537068367,4.41364049911499,0.125425
1986-04-07,26.9512481689453,0.000410478911362588,4.32433557510376,0.098805
1986-04-08,26.983024597168,0.207964360713959,4.34058666229248,0.098805
1986-04-09,26.6375675201416,0.0398521684110165,4.78069067001343,0.083943
1986-04-10,27.1504631042481,0.00805245246738195,4.48261833190918,0.035929
1986-04-11,26.7800827026367,0.0181429870426655,5.22835063934326,0.024007
1986-04-12,27.4297924041748,0.0301664602011442,4.02270698547363,0.024007
1986-04-13,27.9032669067383,1.38505613803864,3.76447987556458,0.005226
1986-04-14,28.0027465820313,0.759509146213532,4.08495235443115,0.005226
1986-04-15,27.7019939422607,1.74125564098358,3.78421211242676,0.005226
1986-04-16,27.781946182251,0.73196005821228,4.62906408309937,0.005226
1986-04-17,26.9729099273682,0.475151479244232,3.84928178787231,0.005226
1986-04-18,24.6369552612305,18.7043075561523,2.49296641349793,0.024007
1986-04-19,23.6981315612793,14.126501083374,1.69581639766693,0.083943
1986-04-20,24.9824924468994,9.69660568237305,2.147212266922,0.119872
1986-04-21,25.1734752655029,11.843020439148,3.02502298355103,0.098805
1986-04-22,25.6961517333984,3.70160841941834,2.98903250694275,0.074471
1986-04-23,26.2218055725098,1.5961549282074,3.38864922523499,0.074471
1986-04-24,25.45166015625,0.589497089385986,2.74334216117859,0.074471
1986-04-25,26.0110569000244,1.12111735343933,3.3119809627533,0.074471
1986-04-26,25.2129631042481,1.04619348049164,3.00482416152954,0.074471
1986-04-27,25.9191455841065,0.559458196163178,3.26295757293701,0.109094
1986-04-28,26.0265789031982,2.43045282363892,4.41828298568726,0.239908
1986-04-29,25.5603828430176,3.77256631851196,2.80436515808105,0.330874
1986-04-30,23.2904720306397,20.6975555419922,1.06750893592834,0.371865
1986-05-01,24.3678207397461,3.63328909873962,2.54492545127869,0.27649
1986-05-02,24.4726104736328,7.14341831207275,2.54439091682434,0.185688
1986-05-03,24.2698192596436,13.7032909393311,2.65909504890442,0.225863
1986-05-04,24.5373344421387,11.8006582260132,2.78716468811035,0.232885
1986-05-05,24.8486709594727,11.3125991821289,2.03875231742859,0.19222
1986-05-06,25.7728939056397,8.74168968200684,3.71672296524048,0.172949
1986-05-07,25.4670009613037,0.890657246112824,2.91003346443176,0.16658
1986-05-08,24.9939250946045,0.739057421684265,2.82843637466431,0.16658
1986-05-09,25.6487331390381,0.52537202835083,3.01655983924866,0.148452
1986-05-10,26.0821151733398,5.26233530044556,3.25092101097107,0.125425
1986-05-11,26.540340423584,0.0724072530865669,3.29292917251587,0.093742
1986-05-12,26.0127239227295,0.42012169957161,3.44240736961365,0.088679
1986-05-13,25.1636142730713,0.405494868755341,3.30712175369263,0.079207
1986-05-14,26.7741374969482,0.0199546981602907,3.67527723312378,0.074471
1986-05-15,26.2256259918213,0.240969821810722,3.22842741012573,0.069898
1986-05-16,25.589038848877,1.64886450767517,3.27448534965515,0.035929
1986-05-17,25.2818641662598,0.343009293079376,3.23115992546082,0.035929
1986-05-18,25.188045501709,1.85519206523895,2.94357991218567,0.035929
1986-05-19,24.9663906097412,0.253279834985733,3.45853400230408,0.035929
1986-05-20,25.8610973358154,0.640999674797058,3.10615968704224,0.035929
1986-05-21,25.7238597869873,0.389445215463638,3.61796092987061,0.035929
1986-05-22,24.1068897247314,0.301383942365646,2.60463738441467,0.024007
1986-05-23,25.5869064331055,0.0272992793470621,3.53036880493164,0.005226
1986-05-24,24.9614448547363,8.81152820587158,3.26744246482849,0.005226
1986-05-25,24.5225715637207,1.21148478984833,3.02519583702087,0.035929
1986-05-26,24.336893081665,3.82390642166138,2.87933683395386,0.069898
1986-05-27,23.6695404052734,2.03657841682434,2.73708963394165,0.069898
1986-05-28,24.0866432189941,0.806268036365509,3.13588452339172,0.069898
1986-05-29,24.84885597229,2.05569076538086,3.19556069374084,0.035929
1986-05-30,24.2977523803711,4.41261625289917,2.95881843566895,0.035929
1986-05-31,24.0845565795898,0.159490942955017,2.56323170661926,0.024007
1986-06-01,24.6692314147949,0.243247881531715,2.63089776039124,0.015351
1986-06-02,23.9526252746582,0.286378026008606,3.03347754478455,0.015351
1986-06-03,23.6160621643066,1.21334993839264,2.42644500732422,0.015351
1986-06-04,22.234130859375,12.6315050125122,1.57423150539398,0.035929
1986-06-05,23.0501594543457,5.09638500213623,2.97532296180725,0.088679
1986-06-06,21.7866668701172,2.62814068794251,2.06219625473022,0.088679
1986-06-07,22.6785984039307,0.198489055037498,3.01753449440002,0.109094
1986-06-08,22.8571243286133,1.82717859745026,2.54934000968933,0.103868
1986-06-09,22.9258117675781,1.02993988990784,2.3582911491394,0.083943
1986-06-10,23.2646884918213,3.03075814247131,2.37237548828125,0.083943
1986-06-11,23.8575782775879,6.5791916847229,2.88389229774475,0.083943
1986-06-12,23.3999938964844,1.06994152069092,1.66098856925964,0.088679
1986-06-13,23.5134162902832,14.1272764205933,2.24782705307007,0.119872
1986-06-14,23.3658447265625,3.7581582069397,2.996506690979,0.109094
1986-06-15,21.809907913208,3.28790068626404,2.59788274765015,0.083943
1986-06-16,22.8694400787354,3.10929489135742,2.31275415420532,0.079207
1986-06-17,23.106897354126,2.45014953613281,2.74426007270813,0.079207
1986-06-18,23.7725658416748,0.492850333452225,3.51728129386902,0.079207
1986-06-19,23.2437553405762,0.39106273651123,2.02556777000427,0.079207
1986-06-20,22.6524410247803,2.41948080062866,2.03660774230957,0.083943
1986-06-21,22.8807964324951,5.37525939941406,2.25419306755066,0.103868
1986-06-22,23.3837375640869,3.2801730632782,2.42516207695007,0.130978
1986-06-23,23.7939910888672,5.90461111068726,2.53973364830017,0.16658
1986-06-24,22.1198043823242,5.83172082901001,2.01433157920837,0.172949
1986-06-25,22.1766719818115,1.38889122009277,2.29649353027344,0.148452
1986-06-26,21.8471202850342,1.06431746482849,2.47396087646484,0.125425
1986-06-27,22.5051593780518,1.23283541202545,2.26533961296082,0.109094
1986-06-28,22.638334274292,0.297518461942673,2.35014915466309,0.109094
1986-06-29,23.3177585601807,0.872503757476807,2.49908304214478,0.109094
1986-06-30,23.270299911499,0.0437357984483242,2.44722366333008,0.093742
1986-07-01,23.4473857879639,0.21532054245472,2.62535452842712,0.083943
1986-07-02,23.010103225708,0.258329659700394,2.23999738693237,0.083943
1986-07-03,23.5658645629883,2.64102840423584,2.3178551197052,0.083943
1986-07-04,23.0032291412354,0.998159885406494,2.3208315372467,0.083943
1986-07-05,23.8523044586182,0.578169167041779,2.68297815322876,0.083943
1986-07-06,22.7982559204102,0.857305645942688,2.67548704147339,0.088679
1986-07-07,23.2452430725098,1.469398021698,2.44192957878113,0.109094
1986-07-08,21.8264598846436,7.28184843063355,1.6964316368103,0.130978
1986-07-09,20.0226459503174,29.8211345672607,0.403930574655533,0.160537
1986-07-10,20.2781887054443,11.5420570373535,1.20943892002106,0.16658
1986-07-11,20.2299938201904,0.968996465206146,1.58387899398804,0.185688
1986-07-12,20.4894962310791,1.88290822505951,1.52551472187042,0.198753
1986-07-13,20.6322116851807,1.50253582000732,0.740699887275696,0.198753
1986-07-14,22.1498222351074,1.71009922027588,1.7129203081131,0.198753
1986-07-15,22.4196071624756,1.8898811340332,2.63867139816284,0.232885
1986-07-16,21.4076347351074,4.71004724502564,0.613818645477295,0.239908
1986-07-17,22.5279350280762,4.21412324905396,2.55542540550232,0.232885
1986-07-18,21.8893604278564,0.0933364480733871,3.01186370849609,0.19222
1986-07-19,22.137809753418,0.327981531620026,2.55505132675171,0.16658
1986-07-20,23.037088394165,0.4940584897995,2.47619676589966,0.148452
1986-07-21,22.8015079498291,0.0257739443331957,2.6733226776123,0.142573
1986-07-22,22.934196472168,0.0149580128490925,3.09292387962341,0.119872
1986-07-23,22.6007175445557,0.0874441862106323,2.61970186233521,0.109094
1986-07-24,21.7263069152832,0.169870987534523,2.6536328792572,0.109094
1986-07-25,22.3022232055664,0.346727341413498,2.78453469276428,0.093742
1986-07-26,23.0964908599854,0.08797437697649,3.0943546295166,0.088679
1986-07-27,21.8349933624268,0.00395197561010718,2.52886295318604,0.088679
1986-07-28,23.6192417144775,0,3.33862113952637,0.079207
1986-07-29,23.0214252471924,0.163655653595924,3.47965264320374,0.069898
1986-07-30,22.8570041656494,1.78538596630096,2.16784691810608,0.051444
1986-07-31,21.7213726043701,2.54167294502258,2.11234402656555,0.035929
1986-08-01,23.2643814086914,5.2042727470398,2.54290676116943,0.035929
1986-08-02,23.4612426757813,4.60088443756104,3.61466002464294,0.035929
1986-08-03,23.1390247344971,0.165400817990303,3.64171290397644,0.035929
1986-08-04,23.4093341827393,0.510156869888306,3.44424510002136,0.035929
1986-08-05,23.0677814483643,1.21542608737946,3.12215256690979,0.035929
1986-08-06,22.1394367218018,3.27531623840332,2.07962465286255,0.069898
1986-08-07,22.2379055023193,8.18032836914063,2.27781510353088,0.079207
1986-08-08,22.2775745391846,7.65447044372559,2.28518581390381,0.088679
1986-08-09,21.6689319610596,4.40918874740601,2.45908308029175,0.109094
1986-08-10,22.2562618255615,1.39361917972565,3.24028611183167,0.109094
1986-08-11,22.6576690673828,4.38230228424072,2.80774593353272,0.114483
1986-08-12,22.6066589355469,3.56527090072632,3.06203460693359,0.103868
1986-08-13,23.3198471069336,0.11040510982275,3.64093589782715,0.098805
1986-08-14,23.4016895294189,0.0403919816017151,3.32182312011719,0.098805
1986-08-15,23.1874542236328,1.56811738014221,2.78651881217957,0.093742
1986-08-16,23.598295211792,0.839917659759522,3.10383319854736,0.083943
1986-08-17,23.8807983398438,0.923615694046021,3.19028949737549,0.079207
1986-08-18,24.4640579223633,0.37448525428772,3.49199938774109,0.069898
1986-08-19,23.9753875732422,0.539278984069824,4.29922246932983,0.069898
1986-08-20,24.2024745941162,0.110522478818893,3.4291729927063,0.069898
1986-08-21,24.8500537872314,1.51795411109924,3.14833855628967,0.051444
1986-08-22,25.4445724487305,0.124450191855431,3.94636011123657,0.051444
1986-08-23,25.0098705291748,4.01831021008547e-05,4.26869297027588,0.051444
1986-08-24,26.6821556091309,4.14291954040527,4.511305809021,0.051444
1986-08-25,26.0459117889404,2.06024469662225e-05,4.62596035003662,0.051444
1986-08-26,25.7104816436768,0.00663623446598649,4.15789556503296,0.035929
1986-08-27,24.5137615203857,0.00150509527884424,4.57869625091553,0.035929
1986-08-28,23.2544441223145,0.580404043197632,3.278240442276,0.035929
1986-08-29,22.6515102386475,0.629613935947418,2.3367657661438,0.069898
1986-08-30,23.1434593200684,3.27939534187317,2.81620788574219,0.083943
1986-08-31,23.5216636657715,1.90611505508423,2.82791638374329,0.093742
1986-09-01,23.0712566375732,7.85389280319214,3.56525063514709,0.109094
1986-09-02,21.4887771606445,3.55843448638916,2.36940765380859,0.125425
1986-09-03,20.3371562957764,1.25531113147736,2.57520484924316,0.114483
1986-09-04,20.4222087860107,0.642224490642548,2.72148489952087,0.109094
1986-09-05,21.2821502685547,1.54381418228149,2.91408777236939,0.098805
1986-09-06,22.2220115661621,0.80061948299408,3.12534141540527,0.088679
1986-09-07,22.6554203033447,2.06859731674194,3.37016534805298,0.088679
1986-09-08,22.2343044281006,3.07979941368103,2.90549421310425,0.109094
1986-09-09,21.8512020111084,2.81402969360352,2.89224672317505,0.142573
1986-09-10,21.6225280761719,2.64391493797302,2.75953960418701,0.172949
1986-09-11,21.9485015869141,1.33262121677399,2.52316880226135,0.16658
1986-09-12,23.2933139801025,0.544836401939392,3.03640460968018,0.142573
1986-09-13,23.8190269470215,6.40151357650757,2.83493995666504,0.119872
1986-09-14,24.034309387207,1.82837557792664,3.07947993278503,0.098805
1986-09-15,24.4386749267578,0.108715705573559,3.74821138381958,0.093742
1986-09-16,24.286922454834,0.640467822551727,3.61471629142761,0.088679
1986-09-17,23.9203987121582,0.593792259693146,3.1127610206604,0.088679
1986-09-18,24.2647228240967,0.801230490207672,3.66578030586243,0.088679
1986-09-19,22.3266868591309,0.268843084573746,3.1462390422821,0.088679
1986-09-20,24.7550849914551,0.259796947240829,4.60638952255249,0.074471
1986-09-21,23.4495697021484,0.509025573730469,3.74513220787048,0.069898
1986-09-22,24.1314926147461,0.333512336015701,3.42007255554199,0.035929
1986-09-23,24.3192729949951,0.699523627758026,3.80011177062988,0.035929
1986-09-24,25.1005954742432,0.196521610021591,4.059814453125,0.024007
1986-09-25,25.1504383087158,0.238809883594513,4.464439868927,0.015351
1986-09-26,25.4995746612549,0.00230920035392046,4.43528032302856,0.015351
1986-09-27,24.7692031860352,0.00746460352092981,4.60291242599487,0.015351
1986-09-28,24.6230239868164,0.877254009246826,3.83737087249756,0.015351
1986-09-29,23.8846778869629,3.49345660209656,3.21556115150452,0.009309
1986-09-30,25.2059478759766,1.9853390455246,4.25735950469971,0.002613
1986-10-01,25.0247077941895,2.91462111473084,3.27127933502197,0.001143
1986-10-02,24.4945850372315,2.89335799217224,2.93012714385986,0.002613
1986-10-03,23.8522415161133,1.27902436256409,2.92160940170288,0.009309
1986-10-04,24.4139881134033,1.20037090778351,3.20826053619385,0.035929
1986-10-05,24.0423393249512,0.992268979549408,3.61808562278748,0.035929
1986-10-06,24.9258041381836,0.176665112376213,4.01744318008423,0.024007
1986-10-07,23.97585105896,0.278796076774597,3.91215682029724,0.015351
1986-10-08,24.1186981201172,0.678864538669586,3.65469980239868,0.015351
1986-10-09,25.0788993835449,0.244313359260559,3.20149612426758,0.015351
1986-10-10,26.3467674255371,0.850368142127991,5.11979246139526,0.015351
1986-10-11,26.0644760131836,0.0247202664613724,4.45971822738647,0.069898
1986-10-12,26.7109966278076,0.678115785121918,4.24117946624756,0.074471
1986-10-13,26.5440769195557,0.90022200345993,4.07728338241577,0.079207
1986-10-14,26.8389110565186,0.0611546933650971,4.50223922729492,0.083943
1986-10-15,26.0139541625977,0.591439962387085,4.14430141448975,0.088679
1986-10-16,23.8052253723145,7.85734844207764,2.02505612373352,0.093742
1986-10-17,24.87815284729,1.07941520214081,3.20061302185059,0.098805
1986-10-18,25.0658588409424,1.87712168693542,4.13463592529297,0.119872
1986-10-19,26.3962745666504,0.875987112522125,5.27525520324707,0.154495
1986-10-20,26.2669677734375,0.510416328907013,4.4304256439209,0.179155
1986-10-21,25.6943645477295,0.239969983696938,5.13749265670776,0.185688
1986-10-22,25.242317199707,0,5.13066816329956,0.261629
1986-10-23,26.1171779632568,0.452929466962814,4.53260803222656,0.314869
1986-10-24,27.4674701690674,0.0865711942315102,5.88780450820923,0.423309
1986-10-25,24.1843681335449,3.66843700408936,3.50920152664185,0.524237
1986-10-26,24.0719032287598,26.277156829834,2.8656644821167,0.61259
1986-10-27,23.7010860443115,19.3041801452637,3.49735140800476,0.684774
1986-10-28,23.7466411590576,4.65723371505737,3.67254137992859,0.602464
1986-10-29,24.8910293579102,1.04780697822571,3.9519259929657,0.486511
1986-10-30,25.2731533050537,0.498157203197479,4.16820764541626,0.61259
1986-10-31,26.3176250457764,1.359410405159,5.4681568145752,0.380194
1986-11-01,24.7290210723877,0.872712671756744,3.79895496368408,0.371865
1986-11-02,24.9572257995606,1.28597569465637,4.04307746887207,0.322871
1986-11-03,24.3411865234375,1.27149271965027,3.87098550796509,0.30703
1986-11-04,25.8459625244141,0.664688050746918,5.44955253601074,0.27649
1986-11-05,25.2875881195068,0.573227763175964,4.28849267959595,0.261629
1986-11-06,25.7289295196533,0.0060507170855999,5.05957269668579,0.219004
1986-11-07,25.6522827148438,1.47513364936458e-05,4.68969297409058,0.205449
1986-11-08,25.011905670166,0.187054544687271,4.44017171859741,0.205449
1986-11-09,25.2779331207275,8.07921981811523,3.81774735450745,0.239908
1986-11-10,25.761266708374,2.50702667236328,4.59744310379028,0.219004
1986-11-11,26.2998199462891,0.803553700447083,3.86631774902344,0.205449
1986-11-12,26.4762229919434,0.209183141589165,4.09620714187622,0.205449
1986-11-13,25.0129470825195,0.615820944309235,4.1091046333313,0.205449
1986-11-14,24.1120719909668,3.62158012390137,3.33524203300476,0.185688
1986-11-15,24.9363574981689,1.59598457813263,3.55626010894775,0.172949
1986-11-16,24.5017204284668,12.1364049911499,2.44343161582947,0.284003
1986-11-17,25.1344985961914,11.647463798523,2.9008264541626,0.322871
1986-11-18,24.8340835571289,8.12378215789795,3.42578673362732,0.388687
1986-11-19,25.5160503387451,6.52188634872437,3.98464417457581,0.347042
1986-11-20,25.1207160949707,4.94891786575317,3.53509569168091,0.330874
1986-11-21,23.8147735595703,14.0626564025879,3.000657081604,0.622715
1986-11-22,24.9636840820313,8.7608118057251,3.83320569992065,0.895286
1986-11-23,24.5328731536865,7.14967012405396,3.37546873092651,0.55298
1986-11-24,25.6930694580078,3.45993852615356,4.75094079971314,0.30703
1986-11-25,26.1675567626953,0.178696364164352,4.64199733734131,0.291678
1986-11-26,25.2164497375488,0.149373531341553,4.60547399520874,0.247094
1986-11-27,26.0162525177002,2.16032910346985,4.25619745254517,0.219004
1986-11-28,26.4220237731934,1.07664775848389,3.95554375648499,0.212144
1986-11-29,27.0112419128418,0.576595723628998,4.66056871414185,0.254279
1986-11-30,24.0289039611816,24.8490715026855,2.03265333175659,0.30703
1986-12-01,25.1150207519531,15.9588670730591,3.09421730041504,0.397179
1986-12-02,25.6317615509033,1.69460189342499,2.34389758110046,0.432128
1986-12-03,25.7098121643066,3.47733688354492,4.01244354248047,0.363536
1986-12-04,26.2703380584717,0.1657684892416,4.44471120834351,0.314869
1986-12-05,25.4839458465576,0.00614885473623872,4.64154148101807,0.30703
1986-12-06,26.2817878723145,0.14491905272007,4.40157890319824,0.30703
1986-12-07,26.797399520874,0.00662716571241617,5.5225133895874,0.322871
1986-12-08,26.792594909668,0.00620556250214577,5.48780870437622,0.355207
1986-12-09,28.6225318908691,0.00308819813653827,5.76122713088989,0.397179
1986-12-10,28.5365428924561,0.289874106645584,5.34474277496338,0.338876
1986-12-11,27.8460159301758,0.13271826505661,5.53867435455322,0.284003
1986-12-12,26.3444328308105,1.47213140735403e-05,5.79413509368897,0.27649
1986-12-13,26.0858058929443,0.000244230672251433,5.72383975982666,0.27649
1986-12-14,26.4120254516602,0.0106836222112179,4.9219331741333,0.261629
1986-12-15,26.8454132080078,0.327623099088669,5.10199880599976,0.219004
1986-12-16,28.0741996765137,0.201592549681664,4.75069856643677,0.205449
1986-12-17,27.1754760742188,0.823498368263245,4.54316234588623,0.179155
1986-12-18,27.7852172851563,0.352916955947876,5.44753265380859,0.16658
1986-12-19,27.9338512420654,0.12324059009552,5.41733741760254,0.16658
1986-12-20,27.7327251434326,0,5.42207765579224,0.16658
1986-12-21,26.2999496459961,0.0613698400557041,4.95643520355225,0.148452
1986-12-22,26.857255935669,0.0359008237719536,5.55630493164063,0.130978
1986-12-23,28.1887912750244,0,5.17052173614502,0.148452
1986-12-24,27.3502311706543,2.46719026565552,3.43632912635803,0.198753
1986-12-25,27.6085815429688,0.617705523967743,3.80154752731323,0.179155
1986-12-26,27.460578918457,1.70981669425964,4.05691385269165,0.179155
1986-12-27,26.6347675323486,8.13203716278076,2.49952244758606,0.179155
1986-12-28,26.8246612548828,8.58777809143066,4.54237651824951,0.172949
1986-12-29,27.1470012664795,1.84568560123444,4.80943822860718,0.154495
1986-12-30,27.663257598877,0.00655611651018262,5.50646448135376,0.142573
1986-12-31,27.8935546875,0.297804892063141,4.44074440002441,0.136694
1987-01-01,28.3817558288574,0.194516316056252,5.62334156036377,0.136694
1987-01-02,26.5830783843994,1.0642637014389,3.72537684440613,0.136694
1987-01-03,26.5080070495605,3.56371998786926,3.74873828887939,0.154495
1987-01-04,27.8185806274414,3.2104504108429,5.25725746154785,0.19222
1987-01-05,27.3552970886231,0.232042416930199,5.89934921264648,0.225863
1987-01-06,26.7293453216553,1.53716385364532,4.65177488327026,0.212144
1987-01-07,25.7443733215332,5.2368655204773,2.72461080551147,0.172949
1987-01-08,26.678108215332,2.56994080543518,4.66832065582275,0.16658
1987-01-09,26.2444839477539,0.423579871654511,4.20784282684326,0.16658
1987-01-10,26.9919261932373,1.37786448001862,4.80744171142578,0.160537
1987-01-11,27.3713035583496,1.9941418170929,5.91040849685669,0.142573
1987-01-12,28.1597023010254,0.123932614922524,5.40847110748291,0.142573
1987-01-13,27.2419300079346,7.13013514541672e-06,5.3926157951355,0.142573
1987-01-14,26.2149524688721,0.00498106377199292,3.98481965065002,0.142573
1987-01-15,26.4188137054443,0.000557083636522293,4.3758397102356,0.130978
1987-01-16,27.7352504730225,0.00976242031902075,5.37394618988037,0.130978
1987-01-17,27.8870182037354,0.0349680371582508,5.72279691696167,0.130978
1987-01-18,29.5238628387451,0.0264263059943914,6.23206281661987,0.125425
1987-01-19,28.7049465179443,0.108428955078125,5.09264755249023,0.119872
1987-01-20,29.0059757232666,0.610352396965027,4.51691865921021,0.119872
1987-01-21,27.8012733459473,0.248428970575333,4.66394281387329,0.119872
1987-01-22,26.1983795166016,0.173022866249084,4.04221630096436,0.130978
1987-01-23,27.3511600494385,0.00352367130108178,5.0423583984375,0.172949
1987-01-24,29.8029270172119,0.0276586692780256,5.49900102615356,0.225863
1987-01-25,29.0731544494629,0.105022147297859,6.0592794418335,0.268978
1987-01-26,29.3510627746582,0.0298093762248755,6.06695079803467,0.30703
1987-01-27,29.004810333252,0.00148025900125504,5.9900712966919,0.30703
1987-01-28,28.6350231170654,0.000301035266602412,5.82126903533936,0.30703
1987-01-29,28.0364665985107,0.058188684284687,4.69128894805908,0.330874
1987-01-30,26.8551197052002,0.30711567401886,4.93502759933472,0
1987-01-31,26.7927188873291,0.571466445922852,4.78452825546265,0.000327
1987-02-01,27.7879505157471,2.09954333305359,4.73469161987305,0.001307
1987-02-02,28.0876884460449,0.109554201364517,5.7822585105896,0.001796
1987-02-03,27.9488334655762,0.00477660540491343,5.8506646156311,0.001796
1987-02-04,27.6640243530273,0.780146777629852,5.01154279708862,0.001796
1987-02-05,29.2769355773926,0.0330858826637268,6.06682443618774,0.000653
1987-02-06,28.2550411224365,0.330674588680267,4.75002670288086,0.000327
1987-02-07,29.3173561096191,0.583320319652557,5.59239912033081,0.000327
1987-02-08,28.5753746032715,0.0310863200575113,5.80106115341187,0.000327
1987-02-09,27.2507915496826,0.358318746089935,4.66507387161255,0.000163
1987-02-10,29.0116176605225,1.7312775850296,4.82256507873535,0
1987-02-11,27.6791610717773,1.95859336853027,4.81973266601563,0
1987-02-12,27.6891632080078,0.234855905175209,4.99309778213501,0
1987-02-13,27.7111301422119,0.498792737722397,5.33802604675293,0
1987-02-14,25.8819808959961,0.462169259786606,3.94394993782043,0
1987-02-15,26.7719211578369,0.853511035442352,3.74872779846191,0.00049
1987-02-16,27.2477989196777,3.7563316822052,4.61032295227051,0.001307
1987-02-17,27.0704135894775,1.4294775724411,3.82817888259888,0.001796
1987-02-18,26.7553405761719,0.740040302276611,4.7123556137085,0.001796
1987-02-19,27.881965637207,1.09229290485382,4.33974933624268,0.003103
1987-02-20,27.1610507965088,3.22777676582336,4.80803966522217,0.007186
1987-02-21,27.0002021789551,1.85036826133728,4.48469400405884,0.020251
1987-02-22,26.7136859893799,3.47823357582092,4.14871549606323,0.016821
1987-02-23,26.7626361846924,7.63629245758057,3.80098509788513,0.013718
1987-02-24,27.1108570098877,1.61548924446106,4.76709842681885,0.007186
1987-02-25,28.1058712005615,0.878015100955963,5.11501932144165,0.004736
1987-02-26,26.513542175293,2.01012802124023,3.99295830726624,0.002286
1987-02-27,27.923023223877,0.626379311084747,4.64291667938232,0.00098
1987-02-28,26.5316352844238,0.633808016777039,3.81438112258911,0.000653
1987-03-01,27.6026058197022,0.87984162569046,3.97605466842651,0.00049
1987-03-02,28.10422706604,1.79693484306335,4.4575138092041,0.001796
1987-03-03,28.3060436248779,0.0166757628321648,5.22362518310547,0.005879
1987-03-04,28.2951431274414,0.00229228474199772,5.28860187530518,0.005879
1987-03-05,28.7672843933106,0.04087795317173,5.08118295669556,0.005879
1987-03-06,29.0951404571533,0.0177623610943556,5.12392616271973,0.005879
1987-03-07,29.5477237701416,0.0402410067617893,5.73044300079346,0.005879
1987-03-08,29.5367317199707,0.0960911363363266,5.39859008789063,0.002286
1987-03-09,29.7172451019287,2.20951151847839,3.86834383010864,0.000653
1987-03-10,25.957275390625,18.766658782959,2.29857134819031,0.004736
1987-03-11,28.2328433990479,7.86316680908203,5.08288717269898,0.003103
1987-03-12,27.9556903839111,2.30075812339783,4.10240459442139,0.003756
1987-03-13,25.702018737793,7.4559907913208,3.07959723472595,0.002286
1987-03-14,26.3325901031494,3.7130560874939,3.3610680103302,0.001796
1987-03-15,27.4737510681152,1.4096736907959,4.01311683654785,0.001796
1987-03-16,26.2784061431885,7.27617025375366,3.64842104911804,0.003103
1987-03-17,26.9251441955566,1.95810508728027,4.47578048706055,0.002286
1987-03-18,26.8299522399902,1.52272486686707,4.43770313262939,0.001796
1987-03-19,26.8268337249756,2.50913524627686,4.08325672149658,0.001796
1987-03-20,27.0977573394775,3.86443901062012,3.37285614013672,0.001796
1987-03-21,27.0933666229248,3.70156049728394,3.95802688598633,0.003103
1987-03-22,27.4191665649414,2.56228518486023,4.00091361999512,0.004736
1987-03-23,27.9921855926514,1.015300989151,3.74872207641602,0.004736
1987-03-24,27.4045314788818,4.22044229507446,3.62984895706177,0.005879
1987-03-25,26.4360103607178,2.31406378746033,3.74587678909302,0.005879
1987-03-26,26.6311645507813,1.57336473464966,3.50491428375244,0.007186
1987-03-27,26.7085609436035,1.21637833118439,3.80257749557495,0.010942
1987-03-28,27.2572650909424,0.795249402523041,3.77988386154175,0.042788
1987-03-29,27.0337867736816,0.766351163387299,4.1526985168457,0.081494
1987-03-30,26.3585739135742,14.8911685943604,2.77069139480591,0.206265
1987-03-31,26.0364513397217,26.3648052215576,2.15320253372192,0.251013
1987-04-01,24.8697662353516,16.447093963623,1.76818895339966,0.308826
1987-04-02,26.5531635284424,7.69422101974487,3.59750556945801,0.232722
1987-04-03,26.1137886047363,2.62565088272095,2.73365354537964,0.097335
1987-04-04,26.8700275421143,0.981568932533264,4.21977233886719,0.028253
1987-04-05,26.1416187286377,0.0454977229237557,3.08271312713623,0.016821
1987-04-06,26.2465438842773,0.88601678609848,3.67712163925171,0.016821
1987-04-07,26.9013652801514,0.392321586608887,2.77070879936218,0.016821
1987-04-08,27.2424907684326,0.0865774974226952,4.09033155441284,0.016821
1987-04-09,27.0341892242432,0.103573642671108,4.29632759094238,0.010942
1987-04-10,26.9486389160156,0.0159492194652557,4.14222621917725,0.003756
1987-04-11,25.772008895874,1.19240713119507,3.39185070991516,0.001796
1987-04-12,26.7175922393799,1.67930805683136,3.22737836837769,0.000327
1987-04-13,26.5410594940186,0.640402972698212,4.10334587097168,0.000327
1987-04-14,26.911075592041,0.937732577323914,4.34819173812866,0
1987-04-15,25.9847221374512,1.58133316040039,3.38780283927918,0.000327
1987-04-16,25.8522205352783,2.61861228942871,3.7287871837616,0.002286
1987-04-17,26.2928142547607,2.01674795150757,4.0428318977356,0.007186
1987-04-18,25.7231979370117,1.41690576076508,3.71001362800598,0.008492
1987-04-19,25.4017009735107,0.810952425003052,3.37621474266052,0.010942
1987-04-20,24.4713249206543,0.484940320253372,3.32727646827698,0.010942
1987-04-21,25.7306365966797,0.619789242744446,3.53201651573181,0.016821
1987-04-22,26.8269557952881,0.212844595313072,4.25832033157349,0.042788
1987-04-23,26.1249656677246,0.197526812553406,4.23503589630127,0.067122
1987-04-24,26.2377738952637,1.59839653968811,3.45165514945984,0.067122
1987-04-25,26.4324016571045,0.494845032691956,3.74163866043091,0.067122
1987-04-26,25.2400550842285,12.0408935546875,2.39597034454346,0.067122
1987-04-27,25.7528610229492,18.2883930206299,2.68341422080994,0.060426
1987-04-28,25.3038768768311,14.6578235626221,2.41655421257019,0.042788
1987-04-29,25.5288753509522,11.2346220016479,2.92934036254883,0.02417
1987-04-30,25.3280086517334,9.65239906311035,3.01245641708374,0.016821
1987-05-01,25.751522064209,5.23589086532593,2.97444844245911,0.007186
1987-05-02,25.7662353515625,5.11253690719605,2.62573528289795,0.008492
1987-05-03,25.8468265533447,5.77523326873779,3.02392911911011,0.032663
1987-05-04,26.1495342254639,5.09067678451538,2.4505307674408,0.067122
1987-05-05,26.2856159210205,11.7119846343994,2.96400499343872,0.067122
1987-05-06,25.3680229187012,1.48567140102386,2.65497636795044,0.067122
1987-05-07,26.7007579803467,7.87433338165283,3.6262834072113,0.067122
1987-05-08,25.8254528045654,0.00914926920086145,3.85953593254089,0.067122
1987-05-09,24.133129119873,0.0667868033051491,3.0009241104126,0.048341
1987-05-10,24.9977149963379,0.117077395319939,3.2169234752655,0.020251
1987-05-11,25.2060871124268,0.177823156118393,3.17192649841309,0.016821
1987-05-12,25.4601421356201,0.175925463438034,3.22019100189209,0.032663
1987-05-13,25.3313407897949,1.70672690868378,3.06582260131836,0.048341
1987-05-14,26.3158721923828,2.4604115486145,3.39895272254944,0.05422
1987-05-15,25.3475608825684,0.548261404037476,2.84099006652832,0.05422
1987-05-16,26.1223697662354,3.40747261047363,2.94537615776062,0.081494
1987-05-17,25.4952907562256,14.9917554855347,2.14385533332825,0.081494
1987-05-18,24.7665824890137,8.46701145172119,2.31247663497925,0.067122
1987-05-19,25.2958736419678,2.67921710014343,3.04548716545105,0.067122
1987-05-20,25.2880191802979,0.141255453228951,2.75241494178772,0.05422
1987-05-21,26.6169967651367,0.00809115637093782,3.18696546554565,0.037562
1987-05-22,26.679048538208,0.0503969490528107,3.81442809104919,0.042788
1987-05-23,26.4858951568604,0.0811525657773018,3.76120662689209,0.05422
1987-05-24,25.5608825683594,0.625339031219482,2.48566436767578,0.05422
1987-05-25,25.9622859954834,2.54377269744873,3.12529945373535,0.074144
1987-05-26,24.6516036987305,1.39802014827728,2.32955145835876,0.097335
1987-05-27,22.4493255615234,22.3222999572754,0.997736096382141,0.097335
1987-05-28,24.0851802825928,2.99146437644959,2.50792789459229,0.114646
1987-05-29,22.823616027832,0.0273482874035835,3.20284628868103,0.114646
1987-05-30,23.0114269256592,0.000292507495032623,3.08747410774231,0.114646
1987-05-31,23.6403541564941,1.08461797237396,2.33467483520508,0.097335
1987-06-01,23.572265625,0.924540996551514,2.65278029441834,0.105827
1987-06-02,23.2219295501709,0.293271601200104,3.02557516098022,0.105827
1987-06-03,23.6994438171387,0.0607047528028488,3.1286838054657,0.105827
1987-06-04,23.5004749298096,0.102230399847031,2.39010119438171,0.081494
1987-06-05,24.8812942504883,1.89372992515564,2.65812826156616,0.067122
1987-06-06,25.2965660095215,0.604956150054932,3.06510829925537,0.048341
1987-06-07,25.5998554229736,0.806987702846527,3.42350172996521,0.042788
1987-06-08,24.0339202880859,0.649923205375671,2.52559542655945,0.037562
1987-06-09,24.5981273651123,2.84642744064331,2.78299188613892,0.037562
1987-06-10,24.0153713226318,1.19488143920898,2.66846394538879,0.028253
1987-06-11,23.8905467987061,5.4267258644104,2.35652160644531,0.020251
1987-06-12,24.9199028015137,5.81711196899414,2.50200533866882,0.037562
1987-06-13,24.9849586486816,0.252882331609726,3.03551650047302,0.05422
1987-06-14,24.0634288787842,1.51398754119873,2.28788590431213,0.05422
1987-06-15,24.7059745788574,1.67736756801605,2.39498114585876,0.074144
1987-06-16,24.2114391326904,18.2706813812256,2.18743205070496,0.097335
1987-06-17,24.2694549560547,10.7422637939453,1.71431827545166,0.114646
1987-06-18,24.5043468475342,4.86701202392578,2.80828547477722,0.105827
1987-06-19,24.4878482818604,0.658412456512451,2.84850573539734,0.081494
1987-06-20,23.6166877746582,1.07439482212067,2.42826700210571,0.05422
1987-06-21,24.3299312591553,1.01834845542908,2.38738131523132,0.042788
1987-06-22,24.2633399963379,1.70781111717224,2.60468077659607,0.042788
1987-06-23,25.10546875,0.252632975578308,3.28501152992249,0.042788
1987-06-24,23.2476997375488,0.130201488733292,3.22818541526794,0.042788
1987-06-25,23.3981018066406,1.87255764007568,2.72106647491455,0.067122
1987-06-26,22.6148471832275,8.83230113983154,2.21646285057068,0.105827
1987-06-27,21.861083984375,11.704029083252,1.21149563789368,0.154005
1987-06-28,22.0255184173584,2.18670558929443,1.49984204769135,0.154005
1987-06-29,22.0174694061279,3.36219429969788,1.58747208118439,0.154005
1987-06-30,23.681339263916,6.15126037597656,2.7408766746521,0.172786
1987-07-01,23.1598148345947,4.77154016494751,2.23778486251831,0.206265
1987-07-02,23.1108932495117,17.0131816864014,1.86326897144318,0.251013
1987-07-03,23.5542755126953,3.82434558868408,2.08849573135376,0.269794
1987-07-04,23.328742980957,1.12758207321167,2.16748595237732,0.27943
1987-07-05,23.3386116027832,0.12760978937149,2.63944959640503,0.251013
1987-07-06,23.68798828125,0.7723308801651,2.80247902870178,0.206265
1987-07-07,23.5616493225098,0.983426809310913,2.5164201259613,0.19761
1987-07-08,24.1796073913574,1.70447397232056,2.82749557495117,0.172786
1987-07-09,23.1804065704346,0.658854305744171,2.37674069404602,0.133591
1987-07-10,22.8940010070801,0.674254775047302,1.93632769584656,0.123955
1987-07-11,23.5408954620361,1.69081997871399,2.5956404209137,0.123955
1987-07-12,23.4923534393311,0.51652318239212,2.59200358390808,0.105827
1987-07-13,23.5122566223145,0.244187220931053,3.0661141872406,0.105827
1987-07-14,22.899133682251,6.4889089657072e-09,3.28680992126465,0.105827
1987-07-15,24.0751991271973,0.271580636501312,2.79648542404175,0.097335
1987-07-16,24.4830284118652,0.103976272046566,3.33472514152527,0.060426
1987-07-17,23.9161205291748,0.30579486489296,2.69253420829773,0.048341
1987-07-18,23.4820003509522,0.57190477848053,3.04074358940125,0.028253
1987-07-19,22.9063472747803,0.706164598464966,2.36392068862915,0.016821
1987-07-20,23.6030960083008,1.4504142999649,2.88445997238159,0.016821
1987-07-21,23.6613655090332,0.613061249256134,3.15493822097778,0.020251
1987-07-22,23.0236911773682,1.36128890514374,2.89757323265076,0.037562
1987-07-23,22.8248882293701,3.38411808013916,2.30612969398499,0.042788
1987-07-24,22.2936229705811,6.79126071929932,3.15570139884949,0.05422
1987-07-25,22.0455665588379,1.69698715209961,2.83468723297119,0.05422
1987-07-26,22.2410354614258,0.482632160186768,2.67682290077209,0.05422
1987-07-27,23.0050601959229,1.29126250743866,2.92303228378296,0.05422
1987-07-28,22.3808403015137,0.794320106506348,2.51195526123047,0.05422
1987-07-29,23.6912403106689,0.852921843528748,2.90744376182556,0.048341
1987-07-30,23.8692092895508,0.081357516348362,3.43111205101013,0.032663
1987-07-31,24.5364456176758,0.388718038797379,4.52328205108643,0.032663
1987-08-01,22.4565677642822,0.528870701789856,1.40778625011444,0.032663
1987-08-02,23.0500812530518,4.4054274559021,2.10633897781372,0.037562
1987-08-03,21.755069732666,9.39623165130615,1.28897702693939,0.037562
1987-08-04,22.5526218414307,1.63500261306763,2.55868887901306,0.042788
1987-08-05,22.5449314117432,2.96247172355652,2.34174871444702,0.05422
1987-08-06,22.5385074615479,0.00135741999838501,3.24963116645813,0.05422
1987-08-07,24.1167125701904,2.69139172814903e-06,3.98507332801819,0.048341
1987-08-08,25.1872577667236,0.000108220949186943,4.03658437728882,0.037562
1987-08-09,24.2842445373535,0.0131914401426911,4.0141806602478,0.032663
1987-08-10,23.9040622711182,0.00105997105129063,3.93129754066467,0.037562
1987-08-11,23.1308002471924,0.100076049566269,2.81556844711304,0.037562
1987-08-12,23.676025390625,0.0090534957125783,3.70197319984436,0.037562
1987-08-13,23.3832664489746,0.456432908773422,2.70900630950928,0.028253
1987-08-14,24.1273612976074,4.82558107376099,3.28118467330933,0.02417
1987-08-15,23.6677322387695,0.97777384519577,3.06279301643372,0.02417
1987-08-16,24.5870761871338,0.508560836315155,4.45583820343018,0.016821
1987-08-17,24.4874019622803,0.156852543354034,3.21483016014099,0.020251
1987-08-18,25.2954597473145,0.0158603601157665,3.55737638473511,0.028253
1987-08-19,24.7103481292725,0.67805153131485,3.45852637290955,0.032663
1987-08-20,23.7027835845947,0.0834759995341301,3.0618269443512,0.048341
1987-08-21,24.8445949554443,0.26009938120842,3.28462171554565,0.048341
1987-08-22,24.0071239471436,0.0256964191794395,3.70688939094543,0.074144
1987-08-23,23.2698097229004,0.774328589439392,3.34616899490356,0.074144
1987-08-24,23.0286617279053,8.1068811416626,3.27863955497742,0.097335
1987-08-25,21.993724822998,3.55325984954834,2.72937893867493,0.074144
1987-08-26,23.1355857849121,0.606067419052124,3.22708940505981,0.060426
1987-08-27,22.5778198242188,0.319621741771698,3.08733487129211,0.05422
1987-08-28,24.7577743530273,0.331538110971451,3.63528037071228,0.05422
1987-08-29,24.1549434661865,1.57702910900116,3.18012642860413,0.05422
1987-08-30,23.9063301086426,4.04915523529053,3.42499756813049,0.048341
1987-08-31,23.4852848052979,3.99263763427734,3.4693329334259,0.042788
1987-09-01,23.3246040344238,0.383162498474121,3.62150001525879,0.037562
1987-09-02,24.0507850646973,0.497766882181168,3.59658932685852,0.037562
1987-09-03,23.6273708343506,0.791347920894623,3.23268818855286,0.037562
1987-09-04,25.2843475341797,0.775640189647675,5.00320625305176,0.032663
1987-09-05,24.6028537750244,0.28697469830513,3.80617046356201,0.020251
1987-09-06,25.7386913299561,0.0237992238253355,4.7641019821167,0.020251
1987-09-07,25.7115745544434,0.00953539926558733,4.81663656234741,0.032663
1987-09-08,24.8162822723389,0.000358575343852863,4.45981359481812,0.042788
1987-09-09,25.6614646911621,0.475608915090561,3.91072010993958,0.048341
1987-09-10,24.9334087371826,3.79570317268372,3.20626521110535,0.048341
1987-09-11,25.4845180511475,1.34187066555023,3.58326697349548,0.042788
1987-09-12,25.5334644317627,1.25981438159943,3.86159801483154,0.028253
1987-09-13,25.5329990386963,1.96446263790131,3.61067938804626,0.020251
1987-09-14,25.6172332763672,0.953136563301086,4.54572582244873,0.016821
1987-09-15,25.0934314727783,0.157695323228836,4.10175228118897,0.016821
1987-09-16,25.557559967041,0.00279694818891585,4.86365461349487,0.016821
1987-09-17,26.1892509460449,0.0146178398281336,4.48496055603027,0.016821
1987-09-18,26.2163410186768,0.374267190694809,3.89319539070129,0.016821
1987-09-19,26.8196430206299,0.170077070593834,4.39474678039551,0.016821
1987-09-20,28.1023654937744,0.0079545034095645,5.37237024307251,0.02417
1987-09-21,25.9990043640137,0.655200064182282,3.91294288635254,0.05422
1987-09-22,26.8459091186523,2.54655861854553,4.81798839569092,0.081494
1987-09-23,26.703784942627,0.618892848491669,4.61692094802856,0.081494
1987-09-24,27.4850521087647,0.00354744703508914,4.81377458572388,0.081494
1987-09-25,27.0816421508789,0.109310604631901,5.35256147384644,0.067122
1987-09-26,26.6309719085693,0.047726608812809,4.25434303283691,0.067122
1987-09-27,26.4163284301758,0.158769652247429,4.62912845611572,0.05422
1987-09-28,26.1025314331055,0.141162201762199,4.01137351989746,0.032663
1987-09-29,26.9890842437744,0.0226924251765013,5.08728837966919,0.028253
1987-09-30,26.9383087158203,0.00175397016573697,5.04863929748535,0.02417
1987-10-01,26.8383293151856,0,4.82376194000244,0.016821
1987-10-02,27.637357711792,0.0118744000792503,5.50545597076416,0.016821
1987-10-03,26.5303764343262,0.000182347459485754,5.31030941009522,0.016821
1987-10-04,26.4210071563721,0.0484532862901688,5.48487377166748,0.016821
1987-10-05,25.8184204101563,0.05357651039958,4.73748350143433,0.016821
1987-10-06,26.1831741333008,0.109481751918793,4.40132427215576,0.013718
1987-10-07,27.2503547668457,0.000396968185668811,5.25379085540772,0.008492
1987-10-08,28.1173133850098,0.0563506335020065,5.8375997543335,0.007186
1987-10-09,28.6204891204834,0.0197929684072733,5.24270629882813,0.005879
1987-10-10,28.0288848876953,0.124116204679012,4.92820405960083,0.005879
1987-10-11,28.5452899932861,0.0135257700458169,5.75948143005371,0.005879
1987-10-12,28.7696838378906,0.00224342336878181,5.73949861526489,0.005879
1987-10-13,27.8866348266602,0.0131854368373752,4.93704414367676,0.005879
1987-10-14,27.0397300720215,0.00321247219108045,5.19341135025024,0.003756
1987-10-15,27.0144863128662,0.131683796644211,4.98573732376099,0.004736
1987-10-16,26.0306205749512,2.31261229515076,4.07217264175415,0.004736
1987-10-17,27.2500457763672,0.129093006253243,5.86044454574585,0.004736
1987-10-18,27.1763038635254,0.000179017195478082,6.12185668945313,0.004736
1987-10-19,27.9871063232422,0.00711605558171868,6.0747332572937,0.002286
1987-10-20,28.5973377227783,0.000665894360281527,6.11557006835938,0.001796
1987-10-21,28.3247337341309,0.0105623556300998,6.12659072875977,0.001796
1987-10-22,27.4426593780518,0.0244408622384071,5.93617486953735,0.001796
1987-10-23,28.1805591583252,0.0132730258628726,5.90278053283691,0.001796
1987-10-24,28.5263652801514,8.05098534328863e-05,5.98164224624634,0.002286
1987-10-25,28.3224773406982,0.00631024921312928,6.43666458129883,0.003756
1987-10-26,27.0484180450439,0,5.63929653167725,0.005879
1987-10-27,27.179443359375,5.69768758396094e-07,6.12520170211792,0.005879
1987-10-28,27.3515796661377,0.519304811954498,5.01833868026733,0.007186
1987-10-29,26.9459247589111,1.18491050216107e-06,5.85017156600952,0.016821
1987-10-30,28.1868152618408,0,5.59187936782837,0.016821
1987-10-31,29.4856071472168,1.21933245658875,4.77920341491699,0.020251
1987-11-01,28.0951976776123,1.7263799905777,3.88034653663635,0.02417
1987-11-02,26.6304378509522,9.54122447967529,2.97124171257019,0.02417
1987-11-03,25.1641254425049,13.332893371582,2.5751314163208,0.016821
1987-11-04,26.3548316955566,0.0884223505854607,4.31633996963501,0.016821
1987-11-05,26.7926750183106,0.276909649372101,4.11891794204712,0.016821
1987-11-06,28.2687034606934,0.372365862131119,5.76905059814453,0.016821
1987-11-07,28.7952938079834,5.11249209012021e-06,5.90147018432617,0.013718
1987-11-08,28.5617733001709,8.7578691818635e-06,6.28096532821655,0.008492
1987-11-09,28.7408390045166,0,6.12932920455933,0.005879
1987-11-10,28.2525310516357,0.0994353964924812,5.23697996139526,0.005879
1987-11-11,27.670877456665,0.18657922744751,4.98225498199463,0.005879
1987-11-12,26.9015522003174,0.00343666225671768,4.91397714614868,0.007186
1987-11-13,27.0003833770752,0.143771648406982,4.74753189086914,0.007186
1987-11-14,26.679292678833,0.0508336275815964,5.13504123687744,0.005879
1987-11-15,27.310022354126,0.133096978068352,5.41482973098755,0.004736
1987-11-16,27.5233898162842,0.170839443802834,4.72629594802856,0.003756
1987-11-17,28.9831867218018,0.287554919719696,5.93076467514038,0.003756
1987-11-18,28.2324161529541,2.08624482154846,4.07196664810181,0.001796
1987-11-19,27.7130508422852,3.05862545967102,3.19540309906006,0.001796
1987-11-20,27.8224544525147,5.70100736618042,4.4269962310791,0.001796
1987-11-21,26.7873439788818,1.21658372879028,4.34756517410278,0.001796
1987-11-22,28.4372501373291,0.309826195240021,5.66366195678711,0.002286
1987-11-23,27.4416465759277,0.147148445248604,4.36895275115967,0.004736
1987-11-24,28.2664737701416,0.403191059827805,5.49918603897095,0.005879
1987-11-25,28.3368034362793,0.0326436646282673,5.25272607803345,0.005879
1987-11-26,28.494026184082,0.120484195649624,5.56038284301758,0.005879
1987-11-27,28.8417110443115,0.020297734066844,5.50599336624146,0.005879
1987-11-28,29.387903213501,0.00521248113363981,5.76943445205689,0.005879
1987-11-29,29.5379409790039,0.0212555602192879,5.9859561920166,0.003756
1987-11-30,28.6597003936768,0.0539573766291142,4.52358150482178,0.003756
1987-12-01,28.4232788085938,0.714523375034332,4.82657051086426,0.003103
1987-12-02,29.200963973999,0.406691282987595,5.94704151153565,0.003756
1987-12-03,28.1764755249023,0.609606564044952,4.96798276901245,0.007186
1987-12-04,28.3326454162598,5.85062551498413,4.95233392715454,0.008492
1987-12-05,28.5969848632813,0.953822493553162,5.10314130783081,0.010942
1987-12-06,27.6082611083984,0.550447523593903,4.74140071868897,0.010942
1987-12-07,27.6313457489014,0.00191441271454096,6.02595710754395,0.005879
1987-12-08,28.1231899261475,0.112138010561466,5.13810634613037,0.004736
1987-12-09,28.4644660949707,0.000137901137350127,5.13274335861206,0.003756
1987-12-10,28.1607456207275,0.0480280965566635,5.29514360427856,0.003756
1987-12-11,28.658296585083,0.0301782470196486,5.42726850509644,0.003756
1987-12-12,28.3436889648438,0.14299151301384,5.56440591812134,0.003756
1987-12-13,28.052375793457,0,6.36420059204102,0.003756
1987-12-14,27.8050765991211,0.120265416800976,5.02252101898193,0.003756
1987-12-15,28.4273815155029,0.0996657460927963,5.53078126907349,0.003103
1987-12-16,28.1023845672607,0.880001246929169,4.1594934463501,0.002286
1987-12-17,26.9650611877441,2.61758756637573,4.04846525192261,0.001796
1987-12-18,26.3990345001221,0.399922609329224,3.80748414993286,0.001796
1987-12-19,27.4604377746582,0.650466561317444,4.49466133117676,0.001796
1987-12-20,27.5789909362793,1.52350211143494,4.06736135482788,0.003103
1987-12-21,27.1411724090576,0.428498029708862,4.0649995803833,0.005879
1987-12-22,28.4824886322022,0.0548696219921112,4.71917867660523,0.007186
1987-12-23,29.2165699005127,1.39142167568207,5.01015424728394,0.008492
1987-12-24,28.4822216033936,1.44254004955292,4.660231590271,0.010942
1987-12-25,27.6960868835449,0.287802457809448,4.35720825195313,0.010942
1987-12-26,27.878776550293,0.438393443822861,4.681884765625,0.010942
1987-12-27,27.93603515625,0.609743237495422,5.13465166091919,0.010942
1987-12-28,28.3641471862793,0.0636802688241005,5.28824090957642,0.010942
1987-12-29,28.7711124420166,0.0015743135008961,5.66880750656128,0.010942
1987-12-30,26.9009742736816,0.0518221296370029,4.10954761505127,0.005879
1987-12-31,28.9372520446777,0.0206171926110983,5.8570146560669,0.005879
1988-01-01,28.8960838317871,0.00891717243939638,5.16836404800415,0.005879
1988-01-02,28.6999282836914,1.38332331180573,4.69339323043823,0.004736
1988-01-03,29.3039836883545,1.32667553424835,4.07659387588501,0.004736
1988-01-04,29.3720874786377,0.188257604837418,5.11991214752197,0.002286
1988-01-05,29.2851886749268,0.221659883856773,5.82770824432373,0.002286
1988-01-06,28.1956481933594,0.0384077057242394,5.61177158355713,0.003103
1988-01-07,28.1873321533203,0,5.52773952484131,0.003103
1988-01-08,29.0835475921631,0.027361374348402,5.44448900222778,0.003103
1988-01-09,28.8943748474121,0.427768588066101,5.78300380706787,0.003103
1988-01-10,28.7404499053955,0.622311294078827,4.86044502258301,0.005879
1988-01-11,28.2405376434326,5.78259420394898,3.28296780586243,0.02417
1988-01-12,25.9990100860596,39.4551124572754,3.01476311683655,0.060426
1988-01-13,26.5858211517334,7.35352563858032,3.91256165504456,0.067122
1988-01-14,26.6750087738037,4.54115962982178,4.28135919570923,0.067122
1988-01-15,26.499626159668,1.97137415409088,3.86020350456238,0.067122
1988-01-16,27.1886882781982,3.6120879650116,4.75523900985718,0.067122
1988-01-17,27.6695404052734,0.20204670727253,4.88283777236939,0.067122
1988-01-18,27.1832447052002,0.347102731466293,4.29267549514771,0.067122
1988-01-19,27.3944473266602,1.9989196062088,4.56749391555786,0.042788
1988-01-20,27.7583446502686,0.655523896217346,4.98277091979981,0.02417
1988-01-21,26.9890899658203,0.264961391687393,4.55336761474609,0.02417
1988-01-22,27.7789573669434,0.327540993690491,5.03278589248657,0.020251
1988-01-23,27.7322273254395,0.157425090670586,5.31734132766724,0.016821
1988-01-24,27.0038719177246,0.578402519226074,4.56193685531616,0.016821
1988-01-25,28.0829906463623,0.278478115797043,5.65460443496704,0.013718
1988-01-26,27.078784942627,0.455113679170609,4.28342056274414,0.010942
1988-01-27,26.9204406738281,5.44140958786011,4.85470533370972,0.010942
1988-01-28,27.2528438568115,6.11343421041966e-05,4.67034769058228,0.008492
1988-01-29,28.1342544555664,0.293731927871704,4.96362257003784,0.007186
1988-01-30,28.6535301208496,0.000220828107558191,5.06049776077271,0.007186
1988-01-31,27.5725708007813,0.0174226108938456,4.91388463973999,0.005879
1988-02-01,28.4276905059815,0.247066155076027,5.23303604125977,0.004736
1988-02-02,27.624849319458,0.00365370349027216,5.8277850151062,0.004736
1988-02-03,27.5411472320557,0.217167377471924,4.61679840087891,0.004736
1988-02-04,28.5923404693604,0.778286695480347,5.50409126281738,0.005879
1988-02-05,28.0143642425537,0.169156387448311,4.81237268447876,0.005879
1988-02-06,28.9877300262451,0.83849048614502,4.7017297744751,0.005879
1988-02-07,29.0369033813477,0.614985704421997,5.50680017471314,0.005879
1988-02-08,28.3186111450195,0.68377149105072,5.26178550720215,0.004736
1988-02-09,27.3947315216065,0.0657932907342911,4.93864393234253,0.003756
1988-02-10,27.7653179168701,0.259849607944489,4.73115968704224,0.003103
1988-02-11,28.6756000518799,0.0354433432221413,5.40664196014404,0.003103
1988-02-12,27.5882835388184,0.00134327518753707,5.63597869873047,0.003103
1988-02-13,28.3796653747559,0,5.66700553894043,0.003103
1988-02-14,26.692440032959,0.235962226986885,4.3783802986145,0.003103
1988-02-15,28.1425228118897,0.439977377653122,4.86158657073975,0.001796
1988-02-16,28.3766956329346,0.0308914221823216,5.38874673843384,0.002286
1988-02-17,28.2212905883789,7.48570964788087e-05,5.65913343429565,0.003103
1988-02-18,28.5363883972168,0,5.88396883010864,0.003103
1988-02-19,28.8110866546631,0.0109183462336659,5.61729955673218,0.003103
1988-02-20,29.172327041626,0.719951689243317,5.55780553817749,0.001796
1988-02-21,29.2697830200195,2.11683893203735,5.19133949279785,0.001796
1988-02-22,28.3637218475342,0.626608967781067,4.93953132629395,0.001796
1988-02-23,27.7997417449951,2.45378732681274,3.91156625747681,0.001796
1988-02-24,27.0314350128174,0.780780971050263,4.18731498718262,0.001796
1988-02-25,27.8130989074707,1.50376951694489,4.52683591842651,0.001796
1988-02-26,27.2283840179443,10.5755271911621,4.03564691543579,0.001796
1988-02-27,27.1494216918945,9.89427947998047,4.20980024337769,0.001796
1988-02-28,26.6818809509277,1.6566823720932,4.13044404983521,0.001796
1988-02-29,27.6797561645508,11.4146556854248,4.53802490234375,0.001796
1988-03-01,28.0118789672852,0.426857143640518,4.67456245422363,0.002286
1988-03-02,28.8015174865723,0.348564505577087,5.09216356277466,0.003103
1988-03-03,28.5036544799805,0.00555208651348949,5.09145355224609,0.003103
1988-03-04,29.3685855865479,0.0140580693259835,5.19060230255127,0.003103
1988-03-05,29.743257522583,0.15132537484169,4.88422918319702,0.003103
1988-03-06,30.1920719146729,0.495216608047485,5.57425117492676,0.003103
1988-03-07,30.0692596435547,0.000130908418213949,5.40705394744873,0.001796
1988-03-08,30.0247421264648,0.000705654732882977,5.36507987976074,0.001796
1988-03-09,28.6324577331543,0.418295919895172,4.0194582939148,0.001796
1988-03-10,28.664758682251,1.18469202518463,3.18813252449036,0.001796
1988-03-11,27.7177581787109,8.55910491943359,2.9354236125946,0.001796
1988-03-12,26.3622093200684,5.260178565979,2.63953018188477,0.002286
1988-03-13,27.3650016784668,0.770610153675079,4.00180530548096,0.003103
1988-03-14,27.6562347412109,2.38685321807861,3.30328106880188,0.004736
1988-03-15,27.3833560943604,7.52568960189819,3.55299043655396,0.013718
1988-03-16,27.4549121856689,4.06282901763916,3.24751377105713,0.016821
1988-03-17,28.1403942108154,0.868174016475678,5.24798583984375,0.016821
1988-03-18,28.8744869232178,0.197079062461853,5.04817485809326,0.016821
1988-03-19,29.3705520629883,0.45863738656044,5.18916416168213,0.016821
1988-03-20,29.0121536254883,1.1139600276947,4.53124713897705,0.016821
1988-03-21,26.274097442627,44.9431838989258,3.66277456283569,0.010942
1988-03-22,26.9852046966553,5.61596250534058,4.75303983688355,0.010942
1988-03-23,25.9132404327393,10.0432872772217,2.84424042701721,0.010942
1988-03-24,26.4642086029053,11.3712730407715,3.25846362113953,0.010942
1988-03-25,27.0658187866211,3.43029713630676,3.71234107017517,0.028253
1988-03-26,27.1399765014648,2.51163077354431,4.19626998901367,0.037562
1988-03-27,26.9697322845459,3.20298337936401,3.85635638237,0.048341
1988-03-28,27.0522575378418,2.92815709114075,3.19636631011963,0.05422
1988-03-29,27.0321464538574,3.95203852653503,3.57964324951172,0.05422
1988-03-30,27.2193012237549,2.52970719337463,4.16019582748413,0.037562
1988-03-31,27.0468654632568,0.444110244512558,3.37920951843262,0.032663
1988-04-01,27.0376033782959,1.22105705738068,3.88870573043823,0.028253
1988-04-02,27.5749702453613,1.04112637042999,4.59227466583252,0.028253
1988-04-03,27.791410446167,0.494407832622528,4.37094211578369,0.02417
1988-04-04,27.5609283447266,0.962043642997742,3.75847983360291,0.016821
1988-04-05,27.229377746582,1.10860395431519,3.99402737617493,0.016821
1988-04-06,27.49880027771,0.412406772375107,4.18590593338013,0.016821
1988-04-07,27.4085521697998,1.16727530956268,3.9914824962616,0.016821
1988-04-08,28.2205562591553,0.103331744670868,4.63199090957642,0.016821
1988-04-09,27.1241054534912,0,4.63878631591797,0.016821
1988-04-10,27.0669441223145,1.54934072494507,3.35283136367798,0.016821
1988-04-11,26.3214530944824,3.77142548561096,2.56105089187622,0.016821
1988-04-12,25.9284534454346,7.70282936096191,2.59897589683533,0.016821
1988-04-13,27.1142196655273,4.2326488494873,3.41510391235352,0.016821
1988-04-14,27.6328067779541,0.275126934051514,4.3832745552063,0.016821
1988-04-15,28.10475730896,1.14281785488129,3.49988985061646,0.016821
1988-04-16,26.4038028717041,13.4175262451172,2.69575214385986,0.032663
1988-04-17,26.7633953094482,9.74984836578369,3.72551321983337,0.060426
1988-04-18,26.8429584503174,4.06549882888794,3.02690958976746,0.067122
1988-04-19,26.5586051940918,2.40738654136658,2.87531471252441,0.081494
1988-04-20,26.2109832763672,4.01276111602783,3.13405346870422,0.081494
1988-04-21,25.8916263580322,4.96139335632324,3.35378789901733,0.081494
1988-04-22,26.5071792602539,3.85626220703125,3.38749027252197,0.081494
1988-04-23,27.0864582061768,1.11513471603394,3.28892874717712,0.074144
1988-04-24,26.3000564575195,2.65303349494934,2.79667568206787,0.067122
1988-04-25,26.1884365081787,8.39959335327148,2.86388802528381,0.067122
1988-04-26,26.575309753418,11.1202640533447,3.22891163825989,0.067122
1988-04-27,26.6850662231445,4.02130031585693,3.34369111061096,0.067122
1988-04-28,26.5827655792236,3.97802138328552,3.31611752510071,0.097335
1988-04-29,25.8934268951416,5.26209354400635,2.84954452514648,0.172786
1988-04-30,25.5291118621826,3.53618383407593,2.69263744354248,0.241704
1988-05-01,24.9785671234131,21.3899974822998,2.68039131164551,0.339529
1988-05-02,23.9715347290039,2.64954280853272,2.32834100723267,0.437681
1988-05-03,25.6610870361328,11.8956251144409,3.19036650657654,0.569638
1988-05-04,26.4913730621338,5.2607364654541,3.8126745223999,0.520154
1988-05-05,25.9165840148926,0.93548995256424,3.36561870574951,0.460545
1988-05-06,25.4750213623047,0.222300723195076,3.47910189628601,0.403875
1988-05-07,25.7951011657715,1.88087999820709,3.29501533508301,0.241704
1988-05-08,25.88991355896,1.91624128818512,3.28960967063904,0.19761
1988-05-09,25.1101264953613,0.00291310390457511,4.02358818054199,0.123955
1988-05-10,25.4667873382568,0.299096077680588,3.29368138313293,0.089169
1988-05-11,24.8248023986816,0.256336182355881,2.86164164543152,0.067122
1988-05-12,25.5409641265869,0.56460839509964,2.97903537750244,0.089169
1988-05-13,25.3467102050781,8.15945053100586,1.83848989009857,0.180952
1988-05-14,26.2568111419678,19.8771820068359,2.60343813896179,0.371212
1988-05-15,26.6407527923584,12.6896171569824,3.29097676277161,0.620755
1988-05-16,26.6391487121582,0.374249279499054,3.80004024505615,0.8556
1988-05-17,26.4626712799072,0.44993981719017,3.19626331329346,0.620755
1988-05-18,25.593900680542,0.0236382037401199,3.2099437713623,0.472303
1988-05-19,25.5763072967529,0.4274742603302,2.9221293926239,0.308826
1988-05-20,25.6157379150391,0.357250422239304,2.81756114959717,0.206265
1988-05-21,26.4187049865723,0.558765769004822,3.8757336139679,0.133591
1988-05-22,26.5124435424805,1.14790046215057,3.8369345664978,0.081494
1988-05-23,25.8022289276123,0.407571852207184,3.24086928367615,0.074144
1988-05-24,26.2397842407227,0.323227822780609,3.06797075271606,0.067122
1988-05-25,26.7979927062988,0.569829046726227,4.01537942886353,0.067122
1988-05-26,25.422004699707,0.00734854349866509,3.68395185470581,0.067122
1988-05-27,26.9258518218994,0.193130895495415,3.68555402755737,0.067122
1988-05-28,25.7796020507813,2.38926911354065,2.78495979309082,0.067122
1988-05-29,25.8884258270264,6.20589828491211,2.89029121398926,0.143553
1988-05-30,25.7692623138428,2.90935802459717,3.21809768676758,0.32924
1988-05-31,26.7539100646973,1.31877899169922,3.92236948013306,0.508069
1988-06-01,27.4857425689697,0.394017338752747,4.07867002487183,0.449113
1988-06-02,24.7922649383545,13.4558391571045,1.72821581363678,0.472303
1988-06-03,23.530179977417,51.5090980529785,0.956526100635529,1.317452
1988-06-04,23.7416954040527,11.8756008148193,1.43977379798889,0.990988
1988-06-05,24.7576007843018,17.2535972595215,2.64940881729126,0.769534
1988-06-06,23.4066314697266,0.472485810518265,2.52715826034546,0.437681
1988-06-07,24.6629619598389,10.6702146530151,2.3096809387207,0.339529
1988-06-08,23.8925247192383,5.3088116645813,1.73625636100769,0.660114
1988-06-09,24.5280570983887,18.6033535003662,2.5429527759552,1.63967
1988-06-10,24.3865451812744,2.07715582847595,2.1976010799408,1.565688
1988-06-11,25.3997650146484,2.79449224472046,3.61118841171265,1.404334
1988-06-12,24.7071552276611,1.185711145401,2.45148062705994,0.914883
1988-06-13,23.8534717559815,2.05658769607544,2.16178727149963,0.607854
1988-06-14,23.9741039276123,2.2635555267334,2.53044247627258,0.403875
1988-06-15,23.4744815826416,1.03471159934998,2.84922623634338,0.339529
1988-06-16,23.2730445861816,1.33707618713379,2.91942048072815,0.339529
1988-06-17,22.0582218170166,8.37958908081055,1.35515856742859,0.339529
1988-06-18,21.6946716308594,3.31610083580017,2.87488865852356,0.339529
1988-06-19,20.6355762481689,2.83207178115845,2.19602990150452,0.308826
1988-06-20,21.1669979095459,2.09729957580566,2.42236661911011,0.260322
1988-06-21,22.32958984375,0.430883586406708,2.97666263580322,0.260322
1988-06-22,23.008092880249,0.00973850581794977,2.63528084754944,0.214921
1988-06-23,24.220874786377,0.0464482046663761,3.0388765335083,0.19761
1988-06-24,23.2500820159912,0.2237608730793,1.94137525558472,0.19761
1988-06-25,24.1321868896484,0.310930669307709,2.85178017616272,0.154005
1988-06-26,23.564962387085,0.000384907732950524,3.44075393676758,0.105827
1988-06-27,24.1204223632813,0.0439193472266197,3.35797119140625,0.067122
1988-06-28,22.8841247558594,5.68687629699707,1.89972031116486,0.067122
1988-06-29,22.8749008178711,17.2297859191895,2.01850652694702,0.067122
1988-06-30,22.7893352508545,12.2136011123657,2.41643333435059,0.067122
1988-07-01,22.5778293609619,12.1063108444214,2.16839909553528,0.172786
1988-07-02,22.4898223876953,9.8095121383667,2.05427384376526,0.460545
1988-07-03,23.326774597168,6.76027870178223,2.55675888061523,0.884997
1988-07-04,21.7480182647705,2.78219509124756,2.44217395782471,0.975636
1988-07-05,23.172342300415,7.09192514419556,2.62343287467957,0.714007
1988-07-06,22.6078567504883,3.17259216308594,2.45577430725098,0.437681
1988-07-07,22.475549697876,4.04081296920776,2.17181706428528,0.349981
1988-07-08,22.535228729248,0.115850351750851,3.08397746086121,0.27943
1988-07-09,22.9703712463379,1.11459362506866,2.67371439933777,0.241704
1988-07-10,23.0967578887939,6.35728597640991,2.3405876159668,0.241704
1988-07-11,23.1083545684814,4.49909734725952,2.36928534507751,0.241704
1988-07-12,23.2671394348145,4.86201286315918,2.39726901054382,0.241704
1988-07-13,22.6209716796875,3.00487875938416,2.51440811157227,0.349981
1988-07-14,20.566650390625,12.4964437484741,1.79355835914612,0.449113
1988-07-15,20.9165782928467,7.72721099853516,1.99852538108826,0.495984
1988-07-16,21.5604610443115,2.29810547828674,2.56652140617371,0.508069
1988-07-17,21.9630317687988,1.92596542835236,2.73167324066162,0.460545
1988-07-18,21.5949745178223,2.55678868293762,1.86191248893738,0.371212
1988-07-19,21.742431640625,6.12967777252197,1.79386508464813,0.318952
1988-07-20,22.0612564086914,11.212685585022,2.25733137130737,0.298864
1988-07-21,22.4509735107422,2.15767097473145,2.30917143821716,0.298864
1988-07-22,22.1297225952148,2.54793620109558,2.35317063331604,0.298864
1988-07-23,21.840892791748,0.603104472160339,2.38004803657532,0.269794
1988-07-24,22.0898609161377,0.630611598491669,2.88801407814026,0.260322
1988-07-25,23.5103054046631,0.396224915981293,3.05441117286682,0.27943
1988-07-26,21.4354953765869,1.09582889080048,2.67602705955505,0.349981
1988-07-27,21.0685844421387,11.5318603515625,2.04428720474243,0.426249
1988-07-28,19.7448711395264,3.3691291809082,2.96133017539978,0.426249
1988-07-29,20.7668285369873,2.30862951278687,2.70165944099426,0.41498
1988-07-30,19.8500366210938,3.06063008308411,2.48527765274048,0.349981
1988-07-31,19.2023410797119,0.892351090908051,1.96791803836823,0.269794
1988-08-01,20.1595687866211,3.20205783843994,2.97110080718994,0.214921
1988-08-02,20.5661773681641,1.32966446876526,2.45154857635498,0.206265
1988-08-03,20.8555946350098,0.579290926456451,2.58033156394959,0.189117
1988-08-04,21.2176246643066,2.00011110305786,2.51058554649353,0.154005
1988-08-05,21.8002700805664,2.95400214195251,2.83715033531189,0.154005
1988-08-06,21.8088760375977,3.01957130432129,2.08213138580322,0.154005
1988-08-07,22.0601539611816,5.51312589645386,2.31365966796875,0.154005
1988-08-08,22.166145324707,1.40170049667358,2.36521744728088,0.154005
1988-08-09,22.7360439300537,1.71915638446808,2.80635356903076,0.19761
1988-08-10,23.6610832214355,0.0670256614685059,2.83293414115906,0.22374
1988-08-11,23.3277282714844,0.493424832820892,2.96079850196838,0.22374
1988-08-12,21.9933948516846,4.1568922996521,2.34656476974487,0.241704
1988-08-13,21.7311420440674,3.22126436233521,3.14328742027283,0.298864
1988-08-14,20.5794334411621,1.72366440296173,2.81225252151489,0.349981
1988-08-15,20.4971122741699,1.45060622692108,2.8507227897644,0.381991
1988-08-16,20.5403213500977,5.19162130355835,2.40582132339478,0.392933
1988-08-17,21.5896167755127,2.11168527603149,3.55101490020752,0.349981
1988-08-18,22.5135478973389,1.39163410663605,3.57210731506348,0.339529
1988-08-19,22.0867404937744,0.0924337655305862,3.43871450424194,0.339529
1988-08-20,21.9246482849121,0.324983030557632,2.96768164634705,0.339529
1988-08-21,21.7942695617676,0.462552309036255,2.70041108131409,0.318952
1988-08-22,22.0056056976318,0.0332044661045074,3.73871564865112,0.27943
1988-08-23,22.1473369598389,0.438799947500229,3.06933617591858,0.214921
1988-08-24,22.0065383911133,0.983166456222534,2.94531941413879,0.19761
1988-08-25,22.2516670227051,1.57395231723785,2.76317572593689,0.172786
1988-08-26,21.5566005706787,0.181130230426788,2.92784094810486,0.105827
1988-08-27,21.7632141113281,0.292458146810532,3.00594997406006,0.067122
1988-08-28,23.4496898651123,0.956277847290039,3.40217542648315,0.067122
1988-08-29,23.3858833312988,1.32421493530273,3.6001398563385,0.067122
1988-08-30,21.9308815002441,1.91672706604004,2.78651475906372,0.067122
1988-08-31,22.7873649597168,1.33915853500366,2.89623689651489,0.067122
1988-09-01,24.0206909179688,1.42304861545563,2.81647300720215,0.067122
1988-09-02,24.7963924407959,0.430504739284515,3.38466095924377,0.067122
1988-09-03,23.9387588500977,0.11388622969389,3.8145854473114,0.067122
1988-09-04,23.7314453125,0.407265454530716,3.89212536811829,0.048341
1988-09-05,22.608097076416,0.728037357330322,2.9275758266449,0.032663
1988-09-06,22.4535675048828,6.80184841156006,3.45364379882813,0.02417
1988-09-07,21.5570220947266,1.29911279678345,3.74686288833618,0.016821
1988-09-08,22.1608982086182,4.50401544570923,2.46157193183899,0.016821
1988-09-09,22.5062141418457,1.86580693721771,4.14502096176147,0.016821
1988-09-10,23.6705627441406,2.85128474235535,3.73865270614624,0.048341
1988-09-11,24.2518501281738,3.69045758247376,3.11264276504517,0.074144
1988-09-12,24.5720710754395,3.75471949577332,4.61410427093506,0.133591
1988-09-13,24.429313659668,0.0687413811683655,4.65012168884277,0.133591
1988-09-14,23.189281463623,0.00352126732468605,4.07619428634644,0.133591
1988-09-15,23.8534450531006,0.040962465107441,3.61168766021729,0.105827
1988-09-16,24.6722660064697,0.000978766824118793,4.09235048294067,0.067122
1988-09-17,23.9276161193848,0.335961818695068,3.30928325653076,0.042788
1988-09-18,23.8308200836182,0.00912328716367483,4.42351579666138,0.037562
1988-09-19,22.7214221954346,0.51841002702713,3.19228982925415,0.028253
1988-09-20,23.4369792938232,0.599334061145783,3.42767715454102,0.02417
1988-09-21,24.5276260375977,0.603043019771576,3.80196404457092,0.02417
1988-09-22,25.644136428833,0.244576945900917,5.00553894042969,0.02417
1988-09-23,23.8857173919678,0.564107954502106,3.35461187362671,0.02417
1988-09-24,25.2750988006592,0.977035403251648,3.89317440986633,0.02417
1988-09-25,24.2207775115967,0.906516015529633,3.28546261787415,0.02417
1988-09-26,24.2428016662598,0.442207723855972,3.92581653594971,0.02417
1988-09-27,24.7673816680908,0.0309218447655439,4.03959608078003,0.020251
1988-09-28,25.0982780456543,0.0400884263217449,4.07596778869629,0.016821
1988-09-29,26.1586513519287,0.06736870855093,4.48263359069824,0.016821
1988-09-30,26.6095962524414,0.0881313309073448,5.10016202926636,0.016821
1988-10-01,24.8641166687012,0.361940652132034,3.66930627822876,0.016821
1988-10-02,25.4757385253906,2.19306111335754,3.67619609832764,0.016821
1988-10-03,25.5022411346436,5.43211603164673,4.1510968208313,0.016821
1988-10-04,25.4391403198242,0.000669299566652626,5.16801071166992,0.016821
1988-10-05,25.3338317871094,0.737672686576843,4.11606168746948,0.016821
1988-10-06,27.1172733306885,0.00941368192434311,5.38414525985718,0.016821
1988-10-07,25.883228302002,0.39351686835289,4.41807413101196,0.016821
1988-10-08,26.0340099334717,0.350154489278793,4.90309858322144,0.016821
1988-10-09,25.657751083374,0.365996211767197,4.01273393630981,0.016821
1988-10-10,25.853609085083,0.170292064547539,5.21371412277222,0.02417
1988-10-11,26.6669044494629,0.052444439381361,5.37355327606201,0.048341
1988-10-12,26.2676181793213,0.196987733244896,4.37040233612061,0.114646
1988-10-13,26.5439682006836,0.214202806353569,4.30282592773438,0.154005
1988-10-14,25.8272190093994,1.43803632259369,2.59132742881775,0.172786
1988-10-15,24.8157405853272,25.4517784118652,2.40201878547668,0.214921
1988-10-16,26.7191772460938,12.0198659896851,3.59195065498352,0.214921
1988-10-17,25.8945751190186,4.09140825271606,3.50461649894714,0.22374
1988-10-18,24.9202575683594,8.71326351165772,3.06706809997559,0.133591
1988-10-19,25.2109603881836,2.6301748752594,3.82589244842529,0.105827
1988-10-20,26.1870250701904,1.12385332584381,3.91133618354797,0.105827
1988-10-21,26.1571063995361,0.88891613483429,4.22481298446655,0.097335
1988-10-22,25.5344142913818,0.0850867182016373,4.36307859420776,0.074144
1988-10-23,25.4485111236572,0.208851143717766,4.06667518615723,0.067122
1988-10-24,25.9008274078369,0.0449871867895126,4.37053966522217,0.067122
1988-10-25,26.715913772583,0.0824337750673294,4.80432176589966,0.067122
1988-10-26,27.0857105255127,0.214310720562935,5.65747261047363,0.067122
1988-10-27,26.1963443756104,0.0830593779683113,4.75114965438843,0.05422
1988-10-28,26.0251998901367,0.484042018651962,4.069007396698,0.037562
1988-10-29,26.4288463592529,2.00298857688904,4.77147579193115,0.037562
1988-10-30,25.4211273193359,1.46730875968933,4.49537420272827,0.037562
1988-10-31,25.1318645477295,0.561149418354034,4.06213426589966,0.02417
1988-11-01,26.0189437866211,0.132982715964317,4.18084144592285,0.016821
1988-11-02,26.6574554443359,0.546921491622925,4.62178802490234,0.016821
1988-11-03,26.2768020629883,0.199704885482788,4.89443922042847,0.016821
1988-11-04,25.5194511413574,1.37902843952179,3.59882307052612,0.016821
1988-11-05,25.5348892211914,1.76322853565216,4.1048583984375,0.016821
1988-11-06,26.8123111724854,1.08684706687927,4.97914409637451,0.020251
1988-11-07,26.3215732574463,2.04297828674316,3.88145041465759,0.05422
1988-11-08,27.0655002593994,8.84112358093262,4.38036441802979,0.067122
1988-11-09,27.4904174804688,1.61452519893646,4.87583065032959,0.067122
1988-11-10,26.1294765472412,0,6.08387422561646,0.067122
1988-11-11,27.4008407592773,0.0396727733314037,4.84661626815796,0.067122
1988-11-12,27.3083629608154,0.00600622361525893,5.24730682373047,0.067122
1988-11-13,26.917875289917,0,5.69625616073608,0.067122
1988-11-14,26.5150871276856,0.43500879406929,4.71284246444702,0.042788
1988-11-15,26.571964263916,0.51517379283905,4.27532863616943,0.037562
1988-11-16,27.789852142334,0.36907023191452,5.51512098312378,0.028253
1988-11-17,25.7456092834473,0.131620451807976,4.53321981430054,0.02417
1988-11-18,25.993444442749,0.164450794458389,5.30762386322022,0.02417
1988-11-19,25.8163433074951,0.398625701665878,4.38677310943604,0.016821
1988-11-20,26.3993453979492,0.555254399776459,4.30029916763306,0.016821
1988-11-21,27.0751667022705,1.12963783740997,4.11025381088257,0.016821
1988-11-22,27.2845401763916,2.27246713638306,4.77933597564697,0.016821
1988-11-23,27.5216693878174,0,6.16863250732422,0.016821
1988-11-24,27.4009571075439,0,4.51915836334229,0.016821
1988-11-25,27.3886814117432,0.124096371233463,3.69438552856445,0.016821
1988-11-26,26.1367473602295,0.8387531042099,3.37789726257324,0.016821
1988-11-27,27.8568916320801,0.467347115278244,4.26013803482056,0.02417
1988-11-28,28.5614147186279,3.37226796150208,4.73985433578491,0.143553
1988-11-29,24.8888759613037,19.0621643066406,1.80808544158936,0.460545
1988-11-30,23.3356761932373,23.5251598358154,1.47767639160156,0.646886
1988-12-01,22.9748649597168,28.164966583252,1.33838617801666,0.63382
1988-12-02,23.6709175109863,8.93663883209229,1.98328232765198,0.557063
1988-12-03,25.4713916778564,6.31335496902466,2.80064630508423,0.472303
1988-12-04,26.1009368896484,10.5192232131958,2.57815027236939,0.371212
1988-12-05,24.8822803497314,21.9239692687988,1.55980539321899,0.308826
1988-12-06,25.3232688903809,11.1699047088623,2.29008531570435,0.426249
1988-12-07,24.5055389404297,20.617073059082,2.61292791366577,0.569638
1988-12-08,24.2832870483398,11.1299543380737,2.68378233909607,0.569638
1988-12-09,25.2650318145752,8.06680679321289,3.5877320766449,0.508069
1988-12-10,25.9982395172119,1.41524612903595,4.06694269180298,0.449113
1988-12-11,26.7871570587158,1.83801162242889,4.90728139877319,0.392933
1988-12-12,26.1501293182373,0.178316354751587,3.83205533027649,0.308826
1988-12-13,26.3818836212158,0.16068223118782,3.7590115070343,0.269794
1988-12-14,26.0854911804199,0.317135840654373,3.77276730537415,0.241704
1988-12-15,26.7580718994141,0.446367800235748,4.47798919677734,0.241704
1988-12-16,26.4922924041748,1.27290010452271,3.7865355014801,0.22374
1988-12-17,24.3450431823731,5.95186996459961,1.2052663564682,0.189117
1988-12-18,24.6477355957031,16.090763092041,2.18082118034363,0.154005
1988-12-19,25.3957405090332,1.34406447410584,4.10869312286377,0.114646
1988-12-20,25.0455093383789,0.659337460994721,4.01793813705444,0.081494
1988-12-21,25.83078956604,0.279899686574936,4.61139583587647,0.074144
1988-12-22,25.7667598724365,0.296323031187058,4.37417268753052,0.067122
1988-12-23,26.2425670623779,0.811150133609772,3.74965405464172,0.060426
1988-12-24,26.4841461181641,1.40656101703644,4.18787479400635,0.042788
1988-12-25,26.9879150390625,1.23539745807648,4.83348894119263,0.037562
1988-12-26,26.4760723114014,1.69886660575867,4.89336347579956,0.089169
1988-12-27,25.8995304107666,0.25358834862709,4.79330539703369,0.016821
1988-12-28,26.0382061004639,0.529906928539276,3.83922171592712,0.016821
1988-12-29,26.5375862121582,0.661014556884766,4.2900915145874,0.016821
1988-12-30,26.4999885559082,0.0404879525303841,4.48970937728882,0.016821
1988-12-31,26.1953887939453,0.00100864400155842,4.4090256690979,0.016821
1989-01-01,26.7636871337891,0,5.46545791625977,0.016821
1989-01-02,26.0421295166016,0.00837931968271732,4.66498756408691,0.016821
1989-01-03,26.791296005249,1.06089770793915,4.12307691574097,0.016821
1989-01-04,27.2206420898438,0.482584357261658,5.04234790802002,0.016821
1989-01-05,25.7152919769287,0.857914447784424,4.25360155105591,0.016821
1989-01-06,26.743106842041,0.318692237138748,5.01039361953735,0.016821
1989-01-07,26.4401073455811,0.0349207893013954,4.85089302062988,0.010942
1989-01-08,27.951358795166,0.0236978027969599,5.59701156616211,0.010942
1989-01-09,27.0176982879639,0.534774005413055,4.51314878463745,0.010942
1989-01-10,26.2225074768066,3.90968537330627,3.07495665550232,0.010942
1989-01-11,25.8255462646484,10.5723533630371,4.32362794876099,0.013718
1989-01-12,25.7657871246338,1.05085837841034,3.7294704914093,0.016821
1989-01-13,26.57448387146,0.475910931825638,4.55507183074951,0.028253
1989-01-14,28.0352649688721,0.182766154408455,4.3263111114502,0.042788
1989-01-15,28.0296115875244,0.717131435871124,4.58465766906738,0.037562
1989-01-16,28.4636268615723,1.60539555549622,5.08299827575684,0.037562
1989-01-17,28.5041484832764,0.0844720751047134,5.08135175704956,0.037562
1989-01-18,28.7464218139648,0.00620891433209181,5.44789218902588,0.032663
1989-01-19,28.8327140808106,0.00019976070325356,5.75196838378906,0.020251
1989-01-20,27.6599216461182,0.53063976764679,4.68032312393189,0.010942
1989-01-21,27.6982021331787,0.635952651500702,5.38126373291016,0.010942
1989-01-22,26.4825668334961,0.198044508695602,4.50899457931519,0.010942
1989-01-23,26.9814338684082,4.43870306015015,4.47765970230103,0.013718
1989-01-24,26.9748611450195,2.14278912544251,3.79059886932373,0.016821
1989-01-25,26.6618995666504,2.44245171546936,4.37477350234985,0.016821
1989-01-26,26.6917991638184,0.896789848804474,4.05962896347046,0.016821
1989-01-27,26.9767169952393,2.67592549324036,5.32976388931274,0.016821
1989-01-28,26.3938808441162,0.53831422328949,4.40476131439209,0.016821
1989-01-29,26.3611297607422,1.50365960597992,4.4151554107666,0.016821
1989-01-30,26.2540435791016,2.9125292301178,4.1664023399353,0.016821
1989-01-31,25.3163661956787,1.83082389831543,2.64912748336792,0.016821
1989-02-01,26.3973426818848,1.87570822238922,3.81213974952698,0.016821
1989-02-02,26.7692604064941,0.36662083864212,4.03198194503784,0.02417
1989-02-03,27.7781219482422,0.096304215490818,4.93485593795776,0.02417
1989-02-04,28.5822525024414,0.0660662800073624,4.34495878219605,0.02417
1989-02-05,28.6049537658691,3.18025088310242,5.86168479919434,0.02417
1989-02-06,28.0623741149902,0.398922801017761,5.11123991012573,0.016821
1989-02-07,26.4857921600342,0.365009754896164,4.75232601165772,0.016821
1989-02-08,26.7169609069824,0.345491230487824,4.30409955978394,0.016821
1989-02-09,28.1085987091064,0.677033483982086,4.87511587142944,0.016821
1989-02-10,28.8987808227539,0.25538370013237,5.47311401367188,0.016821
1989-02-11,28.282169342041,0.175207152962685,5.04071950912476,0.016821
1989-02-12,27.9397621154785,0.175617307424545,4.9807448387146,0.016821
1989-02-13,27.6269702911377,0.122621275484562,5.01114892959595,0.016821
1989-02-14,27.9309120178223,0.0241670403629541,4.82583904266357,0.008492
1989-02-15,28.8562870025635,0.277962416410446,5.30359125137329,0.005879
1989-02-16,29.4405326843262,0.0139111429452896,5.86318778991699,0.004736
1989-02-17,28.625301361084,0.926366448402405,5.99025440216065,0.004736
1989-02-18,28.7719326019287,0.121391162276268,5.90102624893189,0.004736
1989-02-19,28.1725254058838,0.33760467171669,4.85839796066284,0.003756
1989-02-20,28.8789482116699,0.295394629240036,5.05949783325195,0.003756
1989-02-21,29.3825511932373,0.162146016955376,5.35648918151856,0.005879
1989-02-22,30.0035018920898,0.020502021536231,5.88785076141357,0.005879
1989-02-23,29.5744934082031,0.0245082285255194,5.93528556823731,0.007186
1989-02-24,29.2449798583984,0.0318714082241058,5.17651319503784,0.007186
1989-02-25,29.4025936126709,0.372269153594971,4.50967741012573,0.007186
1989-02-26,29.1256084442139,0.311397343873978,5.20720624923706,0.008492
1989-02-27,28.4067077636719,0.540054500102997,5.52142238616943,0.010942
1989-02-28,28.2475700378418,0.889721572399139,4.91232824325562,0.010942
1989-03-01,28.0042304992676,1.92297971248627,4.52404737472534,0.010942
1989-03-02,29.0029163360596,0.560928463935852,5.18728351593018,0.008492
1989-03-03,28.8873538970947,0.256460458040237,5.16898488998413,0.008492
1989-03-04,29.2452793121338,0.170804888010025,5.74180173873901,0.005879
1989-03-05,29.0350532531738,0.0306916534900665,4.72573947906494,0.005879
1989-03-06,28.7575511932373,1.38256287574768,4.04194021224976,0.005879
1989-03-07,28.1648960113525,3.42005944252014,3.28399133682251,0.008492
1989-03-08,26.5752792358398,9.87495040893555,3.05193543434143,0.020251
1989-03-09,27.082691192627,2.42658543586731,3.41511988639832,0.02417
1989-03-10,28.1624641418457,2.07575678825378,4.39596271514893,0.02417
1989-03-11,28.5797595977783,0.694626152515411,5.68993282318115,0.016821
1989-03-12,28.4962940216064,0.00215854239650071,5.22863817214966,0.016821
1989-03-13,28.4296836853027,1.81127943505999e-05,5.00002431869507,0.016821
1989-03-14,28.839017868042,0.108628518879414,4.63873815536499,0.016821
1989-03-15,28.876895904541,0.0335511416196823,4.56436538696289,0.016821
1989-03-16,28.1648025512695,1.7693282365799,4.23821830749512,0.016821
1989-03-17,27.7525100708008,1.23103642463684,5.01156330108643,0.02417
1989-03-18,27.3256244659424,4.14128494262695,3.7912609577179,0.02417
1989-03-19,27.3735675811768,2.15416550636292,3.67015600204468,0.02417
1989-03-20,26.1101589202881,12.5727615356445,2.74175643920898,0.032663
1989-03-21,25.5127143859863,14.6679916381836,2.53609228134155,0.037562
1989-03-22,25.9706993103027,10.7517757415771,2.52787375450134,0.133591
1989-03-23,26.8159847259522,5.1406626701355,3.50823640823364,0.206265
1989-03-24,26.5682067871094,0.967136025428772,3.3088071346283,0.269794
1989-03-25,26.2964916229248,5.77718544006348,2.85151433944702,0.27943
1989-03-26,25.3345985412598,10.5808658599854,2.54191303253174,0.318952
1989-03-27,27.076286315918,12.2969045639038,3.84653806686401,0.318952
1989-03-28,25.6091213226318,7.27577924728394,3.04218029975891,0.298864
1989-03-29,25.1223335266113,5.91693162918091,2.25863599777222,0.241704
1989-03-30,25.470121383667,6.71521139144898,3.00596904754639,0.241704
1989-03-31,26.1000919342041,8.24835300445557,2.86701250076294,0.27943
1989-04-01,26.2827472686768,3.87528228759766,3.2384569644928,0.339529
1989-04-02,26.2565593719482,4.51953792572022,3.16166353225708,0.32924
1989-04-03,26.2332553863525,6.97844362258911,3.8104407787323,0.251013
1989-04-04,26.6885681152344,1.46832978725433,3.69902920722961,0.206265
1989-04-05,26.3567008972168,5.36309480667114,3.9143078327179,0.154005
1989-04-06,26.2166042327881,7.7441987991333,3.83753061294556,0.154005
1989-04-07,24.8331050872803,5.37335586547852,1.81551289558411,0.189117
1989-04-08,25.2064876556397,21.9131145477295,1.54668629169464,0.318952
1989-04-09,25.6396541595459,12.6837043762207,2.13408088684082,0.339529
1989-04-10,25.9420738220215,6.47164821624756,2.82855677604675,0.298864
1989-04-11,26.888916015625,12.5799627304077,4.41846942901611,0.251013
1989-04-12,25.4483947753906,0.337390005588532,3.43820405006409,0.241704
1989-04-13,26.2040004730225,0.487922072410584,3.53699731826782,0.241704
1989-04-14,26.0390758514404,7.2053279876709,3.51248645782471,0.214921
1989-04-15,26.2677555084229,3.40874934196472,3.51991844177246,0.189117
1989-04-16,26.0311985015869,4.73823308944702,3.61086821556091,0.172786
1989-04-17,25.7741546630859,1.69169485569,3.079345703125,0.154005
1989-04-18,25.6264839172363,2.46229124069214,3.40557765960693,0.154005
1989-04-19,26.5409603118897,0.153518974781036,3.92425107955933,0.154005
1989-04-20,26.9058704376221,0.379410624504089,4.24284744262695,0.189117
1989-04-21,26.8740673065186,7.91709613800049,3.48543834686279,0.251013
1989-04-22,26.8791675567627,1.19851136207581,3.14053535461426,0.32924
1989-04-23,25.919958114624,4.87991809844971,2.35975480079651,0.339529
1989-04-24,25.1117153167725,7.75916814804077,2.84619760513306,0.298864
1989-04-25,24.680383682251,10.409104347229,3.05024194717407,0.27943
1989-04-26,24.8345184326172,2.51658248901367,2.85136818885803,0.27943
1989-04-27,25.1521339416504,0.826395690441132,3.30765008926392,0.251013
1989-04-28,25.8305187225342,0.534040033817291,3.10165762901306,0.206265
1989-04-29,26.3183841705322,0.238094612956047,2.96855211257935,0.154005
1989-04-30,26.8169784545898,0.255939185619354,3.45319294929504,0.114646
1989-05-01,26.3807983398438,0.53978830575943,3.06407856941223,0.097335
1989-05-02,26.5329895019531,0.414078712463379,3.12681245803833,0.097335
1989-05-03,26.20285987854,12.4583015441895,2.88408851623535,0.097335
1989-05-04,26.2031288146973,1.3478569984436,3.97284436225891,0.097335
1989-05-05,24.732572555542,1.84421420097351,3.04534101486206,0.114646
1989-05-06,25.985897064209,0.672796785831451,3.29090309143066,0.114646
1989-05-07,26.8061695098877,0.0846054255962372,3.69518995285034,0.172786
1989-05-08,26.8201904296875,0.465018421411514,3.45205283164978,0.241704
1989-05-09,24.4451770782471,12.4733028411865,1.9811954498291,0.673506
1989-05-10,23.0927677154541,52.3450965881348,1.07894051074982,1.602597
1989-05-11,23.5271644592285,12.7931203842163,1.97983253002167,1.829767
1989-05-12,23.6482944488525,8.16043090820313,2.19339227676392,1.849201
1989-05-13,23.1828956604004,19.4872436523438,1.95452690124512,1.565688
1989-05-14,23.5415382385254,9.00408172607422,2.52914309501648,1.283156
1989-05-15,23.5556926727295,9.94866752624512,2.82678556442261,1.149892
1989-05-16,23.2013607025147,11.7483053207397,2.69253325462341,1.166223
1989-05-17,22.9646282196045,9.50802421569824,1.97513353824615,1.232528
1989-05-18,23.1399192810059,31.382942199707,1.53025352954865,1.351911
1989-05-19,23.091667175293,45.4818878173828,2.11292815208435,1.868635
1989-05-20,23.0944862365723,36.5017051696777,1.89282608032227,2.108706
1989-05-21,24.1307983398438,17.8410167694092,1.93528056144714,2.743507
1989-05-22,24.0157070159912,11.6047801971436,2.19118189811707,2.395322
1989-05-23,23.9865531921387,11.8035488128662,1.82000780105591,1.893459
1989-05-24,23.231388092041,16.8581581115723,0.963555157184601,1.856387
1989-05-25,24.3452396392822,19.4040966033936,2.76419901847839,1.949312
1989-05-26,23.865758895874,0.0534535273909569,3.01722288131714,2.005819
1989-05-27,24.8425331115723,0.0413240008056164,2.97129464149475,1.893459
1989-05-28,24.4833164215088,8.13226413726807,1.95319938659668,1.60423
1989-05-29,23.3676490783691,11.5254583358765,1.17517006397247,1.137317
1989-05-30,24.1021366119385,8.84346199035645,1.95695090293884,0.780966
1989-05-31,24.178035736084,13.5326042175293,2.24636244773865,0.447806
1989-06-01,23.725212097168,3.63423013687134,2.10639786720276,0.402078
1989-06-02,23.4393062591553,6.64724016189575,1.90000796318054,0.402078
1989-06-03,23.1595039367676,10.5513706207275,2.37517285346985,0.402078
1989-06-04,23.6747646331787,2.46258211135864,2.84176325798035,0.436211
1989-06-05,23.219856262207,1.32444965839386,2.3356876373291,0.483082
1989-06-06,23.4375514984131,1.19628047943115,2.27754688262939,0.495004
1989-06-07,23.8237628936768,1.89297497272491,2.16459727287292,0.767084
1989-06-08,23.4691829681397,2.01295042037964,2.20877265930176,0.865889
1989-06-09,24.1009006500244,2.15611934661865,2.71701884269714,0.837309
1989-06-10,23.9623947143555,0.548557102680206,2.56217384338379,0.632677
1989-06-11,23.7652416229248,1.46879875659943,2.31752443313599,0.543835
1989-06-12,23.4012966156006,0.241403147578239,2.64156675338745,0.543835
1989-06-13,22.8652153015137,0.397802352905273,2.41073346138001,0.543835
1989-06-14,22.1690273284912,2.56712460517883,2.13961124420166,0.519338
1989-06-15,21.8711490631104,3.32846426963806,2.08450102806091,0.495004
1989-06-16,21.9482517242432,0.770337045192719,2.36832666397095,0.413347
1989-06-17,22.351282119751,0.727220892906189,2.46678113937378,0.325974
1989-06-18,23.2089290618897,4.16503047943115,2.00839471817017,0.27502
1989-06-19,23.0330791473389,5.07009029388428,1.83365297317505,0.255423
1989-06-20,23.4177284240723,15.4439182281494,2.1148374080658,0.255423
1989-06-21,23.551872253418,5.65676784515381,2.34452867507935,0.265058
1989-06-22,23.1716861724854,1.26202785968781,2.02709293365479,0.315522
1989-06-23,22.8761100769043,0.758490860462189,2.24759268760681,0.402078
1989-06-24,23.2222652435303,1.53589761257172,2.34716629981995,0.447806
1989-06-25,23.5154800415039,0.552717685699463,2.31740689277649,0.424779
1989-06-26,23.8805408477783,0.674681961536408,2.78168797492981,0.424779
1989-06-27,24.4755020141602,1.01177585124969,2.57006978988647,0.413347
1989-06-28,24.2912425994873,3.43219089508057,2.37620520591736,0.315522
1989-06-29,24.3456497192383,1.88182377815247,2.25423908233643,0.236152
1989-06-30,24.2965545654297,0.804772853851318,2.6390814781189,0.236152
1989-07-01,23.7410125732422,1.10068416595459,2.28591537475586,0.236152
1989-07-02,23.431303024292,14.8374271392822,2.79895567893982,0.236152
1989-07-03,23.2954349517822,1.06222689151764,3.12110114097595,0.236152
1989-07-04,22.6332130432129,1.95751321315765,1.93537306785584,0.236152
1989-07-05,23.1410446166992,2.96391892433167,1.96528518199921,0.245787
1989-07-06,22.8036937713623,0.640875518321991,2.69882893562317,0.459401
1989-07-07,21.6800212860107,0.654314458370209,1.65672600269318,0.519338
1989-07-08,21.7795543670654,2.92508482933044,1.70832085609436,0.556246
1989-07-09,20.7605285644531,13.4792499542236,1.22846591472626,0.619775
1989-07-10,21.382640838623,11.3010940551758,1.43029916286469,0.685428
1989-07-11,20.9763870239258,8.08549976348877,1.69346618652344,0.753203
1989-07-12,21.1605682373047,2.69412708282471,2.87288093566895,1.090282
1989-07-13,20.2649154663086,2.18877530097961,2.28695678710938,1.482562
1989-07-14,21.0011405944824,0.36061155796051,2.27657699584961,1.783222
1989-07-15,21.648853302002,4.14700937271118,2.63485503196716,1.856387
1989-07-16,22.0154991149902,1.32249963283539,2.42946195602417,1.968093
1989-07-17,21.6176624298096,1.36733293533325,2.13430786132813,1.912077
1989-07-18,21.6228446960449,0.905888438224792,2.19634342193604,1.728839
1989-07-19,21.0234699249268,1.3274153470993,2.03494882583618,1.380981
1989-07-20,20.5873641967773,3.87856292724609,1.28419291973114,1.152995
1989-07-21,21.8349418640137,4.43341398239136,2.6863112449646,0.753203
1989-07-22,21.4534206390381,0.58513206243515,2.3594708442688,0.495004
1989-07-23,22.8093681335449,0.303664863109589,2.33681225776672,0.284982
1989-07-24,23.4620628356934,1.22571682929993,2.58574032783508,0.27502
1989-07-25,23.0089550018311,11.9726448059082,2.3391420841217,0.645742
1989-07-26,23.4335441589356,3.29061365127564,2.87428283691406,0.645742
1989-07-27,24.2658462524414,0.773696601390839,3.70406842231751,0.685428
1989-07-28,24.3439922332764,0.453857839107513,3.90088176727295,0.698819
1989-07-29,25.11572265625,0.00140053022187203,3.6356520652771,0.581397
1989-07-30,25.6654491424561,0,3.869873046875,0.531423
1989-07-31,24.8841533660889,4.10452994401567e-05,3.64839148521423,0.255423
1989-08-01,24.0226211547852,0.000301955617032945,3.67329502105713,0.245787
1989-08-02,22.1483917236328,2.0701687335968,2.67841744422913,0.33659
1989-08-03,20.3773422241211,16.5675983428955,0.9160276055336,0.357984
1989-08-04,20.8622055053711,11.1182584762573,0.946798622608185,0.413347
1989-08-05,21.4557819366455,9.22600364685059,2.44533157348633,0.47116
1989-08-06,20.7868576049805,0,3.25511765480042,0.47116
1989-08-07,20.7772083282471,0.454933732748032,2.8906238079071,0.447806
1989-08-08,20.3451442718506,0.900138556957245,2.42790174484253,0.413347
1989-08-09,21.6556015014648,1.61878561973572,2.03475189208984,0.357984
1989-08-10,22.9555168151855,5.53307294845581,2.77778840065002,0.357984
1989-08-11,23.5577602386475,1.64142739772797,3.21429896354675,0.357984
1989-08-12,22.9769287109375,1.67998051643372,3.05802702903748,0.357984
1989-08-13,21.9644393920898,2.11832666397095,3.47302603721619,0.368926
1989-08-14,22.5503215789795,1.77245998382568,1.87128007411957,0.436211
1989-08-15,22.6520519256592,8.98332118988037,1.7804993391037,0.47116
1989-08-16,22.9528350830078,5.92804050445557,3.20475387573242,0.459401
1989-08-17,22.4721984863281,1.39709651470184,2.43564605712891,0.413347
1989-08-18,22.3987979888916,1.89737832546234,2.33439230918884,0.368926
1989-08-19,22.8182563781738,8.76298904418945,2.00947165489197,0.357984
1989-08-20,22.7155647277832,2.89713048934937,1.82680690288544,0.357984
1989-08-21,23.7024631500244,1.8792542219162,3.11760592460632,0.347205
1989-08-22,23.9012565612793,0.683855354785919,3.29687356948853,0.295108
1989-08-23,23.3255863189697,0.56906658411026,2.90388250350952,0.245787
1989-08-24,23.6165904998779,2.01312613487244,3.38075542449951,0.217534
1989-08-25,23.7735595703125,1.42506408691406,3.51712512969971,0.190587
1989-08-26,24.1692523956299,0.395156413316727,2.94038867950439,0.181768
1989-08-27,24.3280544281006,0.477886319160461,3.09312891960144,0.181768
1989-08-28,24.6178131103516,0.213507056236267,3.52952527999878,0.173113
1989-08-29,23.960823059082,0.0953633710741997,4.09390878677368,0.156291
1989-08-30,22.2579956054688,0.316169202327728,2.4644947052002,0.148126
1989-08-31,23.2451686859131,1.21145474910736,3.82501149177551,0.148126
1989-09-01,22.5127601623535,0.72860586643219,2.99035811424255,0.10991
1989-09-02,23.6911926269531,0.0633131489157677,4.18834161758423,0.090149
1989-09-03,24.133264541626,0.00606477539986372,3.50335502624512,0.090149
1989-09-04,24.2940101623535,1.68965268135071,2.98357772827148,0.090149
1989-09-05,23.9163055419922,2.46776795387268,2.391606092453,0.090149
1989-09-06,24.5778713226318,1.74401569366455,2.88400912284851,0.120689
1989-09-07,25.5142307281494,0.888614356517792,3.553377866745,0.132284
1989-09-08,25.1593971252441,2.18172001838684,3.72051405906677,0.148126
1989-09-09,24.7357139587402,1.3807590007782,3.57955002784729,0.148126
1989-09-10,25.4866409301758,0.645708382129669,3.99277663230896,0.148126
1989-09-11,25.7353744506836,0.010377493686974,4.27185916900635,0.132284
1989-09-12,26.0276794433594,0.152312815189362,3.52324438095093,0.10991
1989-09-13,25.318826675415,0.00527207180857658,4.84680128097534,0.081167
1989-09-14,24.2456684112549,0.00066142063587904,4.68191051483154,0.072675
1989-09-15,25.9918003082275,0.238260582089424,4.62625980377197,0.072675
1989-09-16,27.1126956939697,0.00252642342820764,4.94107294082642,0.120689
1989-09-17,26.6355209350586,0.00153212214354426,3.99012160301209,0.208388
1989-09-18,24.5449924468994,1.35434854030609,3.30888509750366,0.27502
1989-09-19,22.8394680023193,9.89802646636963,2.08186888694763,0.33659
1989-09-20,22.0054550170898,14.9600582122803,1.57956445217133,0.357984
1989-09-21,23.7550315856934,1.80946171283722,3.0613534450531,0.347205
1989-09-22,23.1998596191406,0.751686632633209,2.77657175064087,0.295108
1989-09-23,24.0354232788086,3.43809700012207,2.87438702583313,0.236152
1989-09-24,24.4563808441162,4.68856334686279,4.19426441192627,0.208388
1989-09-25,23.6617164611816,1.47932589054108,4.30387353897095,0.199406
1989-09-26,23.7469577789307,0.443426787853241,3.71836686134338,0.199406
1989-09-27,24.6447944641113,0.538509130477905,3.69546151161194,0.190587
1989-09-28,24.9919548034668,0.953787088394165,3.83109927177429,0.16462
1989-09-29,25.6649475097656,0.0887039974331856,4.28930711746216,0.140123
1989-09-30,25.7284145355225,0.0114620588719845,4.50362873077393,0.132284
1989-10-01,24.3477268218994,0.0634672567248344,3.94542479515076,0.132284
1989-10-02,24.9267063140869,0.231516033411026,4.55052375793457,0.132284
1989-10-03,24.9312610626221,1.2135466337204,4.69052982330322,0.120689
1989-10-04,24.2756805419922,0.666040241718292,3.5413966178894,0.090149
1989-10-05,25.3717403411865,0.269251525402069,4.43482112884522,0.090149
1989-10-06,25.4125137329102,4.54186783827026e-06,4.68892049789429,0.090149
1989-10-07,25.1874485015869,0.0528986752033234,3.66304135322571,0.081167
1989-10-08,26.0224723815918,0.0120162032544613,4.46746683120728,0.072675
1989-10-09,26.6981887817383,0.0211658850312233,4.5340838432312,0.072675
1989-10-10,26.9643154144287,0.00276068178936839,4.5834321975708,0.072675
1989-10-11,26.3485584259033,0.00025786118931137,5.38686370849609,0.072675
1989-10-12,26.9497089385986,0.0293977912515402,5.02859830856323,0.057486
1989-10-13,27.6747665405273,0.0015970051754266,5.56940793991089,0.057486
1989-10-14,27.8380374908447,0.0337935462594032,5.31815242767334,0.057486
1989-10-15,26.6906032562256,0.454437166452408,3.9701042175293,0.057486
1989-10-16,24.7133197784424,3.43607211112976,2.88006353378296,0.064836
1989-10-17,26.2254104614258,3.3503839969635,3.79064702987671,0.090149
1989-10-18,26.8406867980957,3.40928149223328,4.75189781188965,0.090149
1989-10-19,26.1683444976807,0.0747823864221573,5.80003118515015,0.090149
1989-10-20,23.3761787414551,1.60553228855133,2.53815364837647,0.090149
1989-10-21,24.4659729003906,2.4218955039978,3.5699520111084,0.120689
1989-10-22,23.9253482818604,2.64853620529175,1.85970294475555,0.132284
1989-10-23,24.9644718170166,3.33456563949585,3.02440023422241,0.132284
1989-10-24,26.15797996521,7.8594012260437,3.75176286697388,0.156291
1989-10-25,24.6332855224609,22.4789638519287,3.16266560554504,0.16462
1989-10-26,24.8643054962158,2.29019975662231,4.45759105682373,0.148126
1989-10-27,25.241907119751,0.147192537784576,4.45439338684082,0.132284
1989-10-28,26.1121006011963,0.489717692136765,4.81518173217773,0.120689
1989-10-29,24.9793758392334,0.959813177585602,3.82650542259216,0.099785
1989-10-30,25.0329875946045,3.89660882949829,3.93393683433533,0.090149
1989-10-31,26.1630516052246,7.19849967956543,3.44597625732422,0.090149
1989-11-01,26.9011497497559,2.14468312263489,4.22506475448608,0.090149
1989-11-02,26.1249656677246,1.48874223232269,4.64510774612427,0.072675
1989-11-03,27.0489864349365,10.1867427825928,5.34978246688843,0.072675
1989-11-04,26.7319183349609,0.175919100642204,4.68651342391968,0.072675
1989-11-05,27.756290435791,0.502943634986877,4.79997158050537,0.072675
1989-11-06,27.117021560669,2.29029369354248,3.5923068523407,0.081167
1989-11-07,26.5978832244873,7.42595148086548,3.46298718452454,0.10991
1989-11-08,25.6223220825195,15.5873861312866,3.16727161407471,0.10991
1989-11-09,25.6325817108154,7.06660985946655,4.65715885162354,0.10991
1989-11-10,25.4217357635498,0.480692028999329,3.95158123970032,0.10991
1989-11-11,25.3143787384033,0.407132118940353,4.05517148971558,0.10991
1989-11-12,27.2192287445068,0.110519386827946,4.51572465896606,0.120689
1989-11-13,27.5313129425049,0.182772278785706,4.73001098632813,0.148126
1989-11-14,28.2030277252197,2.05591893196106,4.63648462295532,0.156291
1989-11-15,27.2948951721191,5.66121864318848,5.13004779815674,0.16462
1989-11-16,27.2157421112061,0.101826958358288,4.64822626113892,0.16462
1989-11-17,27.6300716400147,0.105356439948082,5.67740726470947,0.16462
1989-11-18,26.7394962310791,0.0374576225876808,4.9050874710083,0.16462
1989-11-19,26.9339427947998,0.0492140203714371,4.99489593505859,0.16462
1989-11-20,27.1824855804443,0.157351404428482,5.20860433578491,0.16462
1989-11-21,27.6182956695557,0.016240905970335,5.08463668823242,0.148126
1989-11-22,27.5841941833496,0.151351168751717,5.46255540847778,0.120689
1989-11-23,25.8138065338135,0.413180083036423,4.17968320846558,0.10991
1989-11-24,27.6332511901856,0,5.61470031738281,0.099785
1989-11-25,29.7299709320068,1.86316367489781e-06,6.02560472488403,0.081167
1989-11-26,28.9939956665039,0.412688761949539,4.1656346321106,0.072675
1989-11-27,29.1192417144775,3.82477903366089,5.27822351455689,0.072675
1989-11-28,28.3442630767822,0.00851598847657442,5.93921852111816,0.072675
1989-11-29,27.8073463439941,0.03758305311203,4.59624671936035,0.072675
1989-11-30,28.1448040008545,0.215516030788422,4.63884878158569,0.081167
1989-12-01,25.2542743682861,21.1905956268311,1.41525554656982,0.140123
1989-12-02,24.4287834167481,47.8723678588867,1.42265558242798,0.208388
1989-12-03,24.5012950897217,21.9837322235107,1.52543365955353,0.305233
1989-12-04,25.1946544647217,24.1645069122314,2.13549590110779,0.347205
1989-12-05,24.0881614685059,17.8014984130859,1.72422766685486,0.424779
1989-12-06,25.5639095306397,11.3116655349731,2.83804154396057,0.495004
1989-12-07,25.6432037353516,16.1062278747559,2.09735226631165,0.543835
1989-12-08,24.3132266998291,25.2117786407471,2.45505619049072,0.543835
1989-12-09,25.4413757324219,19.9760704040527,2.97879004478455,0.556246
1989-12-10,25.7978572845459,5.85223054885864,3.58056640625,0.672199
1989-12-11,26.4366130828857,3.3473949432373,3.90575265884399,0.837309
1989-12-12,25.5593223571777,2.75550675392151,2.16676998138428,0.894796
1989-12-13,24.5761966705322,12.8438711166382,1.2648138999939,0.9985
1989-12-14,25.8482818603516,6.49518394470215,3.75785636901855,1.013688
1989-12-15,25.8818264007568,9.49875450134277,2.09494471549988,1.074931
1989-12-16,23.9481563568115,23.0978221893311,0.857557892799377,1.152995
1989-12-17,23.7002601623535,17.553955078125,1.27737271785736,1.281686
1989-12-18,23.0598373413086,28.3434276580811,1.00179708003998,1.465577
1989-12-19,23.0963535308838,17.4517517089844,0.688541114330292,2.276103
1989-12-20,24.5927906036377,15.645359992981,1.79991233348846,3.106716
1989-12-21,25.3206100463867,20.8375110626221,1.91461527347565,3.805536
1989-12-22,25.6389884948731,37.5227813720703,3.52813363075256,3.969503
1989-12-23,24.8739128112793,21.5963134765625,1.23900711536407,3.969503
1989-12-24,25.3423480987549,11.0383319854736,2.5947117805481,3.43906
1989-12-25,24.7980842590332,9.8096399307251,2.39334583282471,3.106716
1989-12-26,24.2768802642822,6.33675336837769,1.61082625389099,2.743507
1989-12-27,24.6879405975342,5.53812503814697,3.44257283210754,2.785478
1989-12-28,25.2001628875732,8.86526584625244,3.7346522808075,2.848844
1989-12-29,25.4734668731689,5.9875340461731,3.36018538475037,2.722603
1989-12-30,25.5004005432129,1.68249404430389,4.16818284988403,2.598321
1989-12-31,25.8126335144043,0.0495503358542919,5.03330516815186,2.120302
1990-01-01,26.0007476806641,0.636426746845245,4.22811698913574,0.93889
1990-01-02,25.5815696716309,0.847902953624725,3.82152986526489,0.780966
1990-01-03,26.2984771728516,2.86788463592529,2.85745739936829,0.594135
1990-01-04,26.0420742034912,5.61718606948853,3.09991788864136,0.459401
1990-01-05,25.4365196228027,4.1817307472229,3.66950798034668,0.402078
1990-01-06,24.9315395355225,3.74068832397461,4.67570972442627,0.368926
1990-01-07,24.6051769256592,0.896682024002075,4.31081628799439,0.368926
1990-01-08,24.5417709350586,0.615457892417908,3.88697028160095,0.368926
1990-01-09,24.8952941894531,0.834975600242615,3.68781232833862,0.357984
1990-01-10,25.9281711578369,0.312284052371979,4.75180244445801,0.315522
1990-01-11,24.5567588806152,0.0519720762968063,4.64213514328003,0.27502
1990-01-12,26.0622806549072,0.202173367142677,4.84102773666382,0.255423
1990-01-13,25.5851135253906,0.255495727062225,4.35436868667603,0.236152
1990-01-14,24.6006946563721,0.74528032541275,2.84906935691834,0.236152
1990-01-15,25.6566047668457,2.42033886909485,4.90936994552612,0.236152
1990-01-16,24.523157119751,0.742893517017365,5.02867317199707,0.236152
1990-01-17,24.5015487670898,0.43849241733551,3.61976337432861,0.226843
1990-01-18,25.9699859619141,0.875127077102661,3.49377465248108,0.217534
1990-01-19,25.1155281066895,1.38879072666168,4.03496360778809,0.208388
1990-01-20,25.8059616088867,0.727543473243713,4.07001972198486,0.199406
1990-01-21,25.905969619751,1.10971903800964,4.47253894805908,0.199406
1990-01-22,26.1803588867188,0.286119163036346,4.61037540435791,0.190587
1990-01-23,26.2302436828613,0.0433522462844849,4.5100998878479,0.190587
1990-01-24,26.2371826171875,0.0900576710700989,5.18910789489746,0.181768
1990-01-25,25.6837177276611,0.11223167181015,4.68285274505615,0.181768
1990-01-26,26.1023044586182,0.172377988696098,4.36276340484619,0.173113
1990-01-27,26.27272605896,0.150980740785599,4.89547348022461,0.173113
1990-01-28,25.8058032989502,0.382881551980972,4.0974178314209,0.16462
1990-01-29,26.2863235473633,0.857142329216003,4.18664121627808,0.173113
1990-01-30,25.9300174713135,4.06293535232544,4.42314910888672,0.173113
1990-01-31,25.7311000823975,1.76617622375488,4.55026292800903,0.173113
1990-02-01,26.0798759460449,0.568077087402344,4.65129804611206,0.173113
1990-02-02,25.9002513885498,0.64737331867218,4.44944334030151,0.16462
1990-02-03,25.997142791748,0.557621121406555,4.15353298187256,0.16462
1990-02-04,26.1196403503418,0.487595558166504,5.22238302230835,0.16462
1990-02-05,26.1706619262695,0.0477362647652626,5.1115837097168,0.16462
1990-02-06,25.9052219390869,0.000805973832029849,4.3342399597168,0.16462
1990-02-07,25.6514492034912,0.167684271931648,4.33759546279907,0.156291
1990-02-08,26.0684490203857,0.573683321475983,3.50625610351563,0.148126
1990-02-09,26.5308990478516,0.463313698768616,5.00497913360596,0.148126
1990-02-10,25.9874382019043,0.0965180099010468,5.80837488174439,0.148126
1990-02-11,27.5935287475586,0.022172886878252,5.34601354598999,0.148126
1990-02-12,28.037784576416,0.0677338913083077,4.79871368408203,0.148126
1990-02-13,28.3118724822998,0.236628025770187,4.2922945022583,0.148126
1990-02-14,27.8833427429199,1.08205163478851,3.97301650047302,0.140123
1990-02-15,27.5772533416748,6.05087232589722,4.07330465316772,0.140123
1990-02-16,25.7872676849365,9.71998500823975,1.63311004638672,0.148126
1990-02-17,25.8708896636963,3.48132586479187,2.25063824653626,0.173113
1990-02-18,26.2909202575684,2.51845073699951,4.71322727203369,0.217534
1990-02-19,27.143310546875,6.4457688331604,5.16680288314819,0.236152
1990-02-20,26.7231674194336,2.3643901348114,5.08662843704224,0.208388
1990-02-21,26.0225658416748,0.969691753387451,4.1357536315918,0.181768
1990-02-22,26.204273223877,0.034086287021637,3.85302209854126,0.16462
1990-02-23,27.4075431823731,0.946330666542053,5.04751110076904,0.156291
1990-02-24,27.7520179748535,0.00822057947516441,5.304274559021,0.140123
1990-02-25,27.7039356231689,0.142995983362198,5.11068487167358,0.132284
1990-02-26,28.0458488464356,0.198899239301682,4.72753238677979,0.132284
1990-02-27,27.054838180542,0.00369172799400985,5.10092782974243,0.120689
1990-02-28,25.2310237884522,0.507696747779846,3.8759343624115,0.120689
1990-03-01,26.0048122406006,1.0545482635498,3.20839881896973,0.120689
1990-03-02,26.3199081420898,5.05855989456177,3.87620091438293,0.132284
1990-03-03,25.9670600891113,2.41593170166016,4.15387916564941,0.140123
1990-03-04,27.0872421264648,0.91975337266922,4.52565670013428,0.140123
1990-03-05,27.6410655975342,2.1126344203949,5.28358936309815,0.132284
1990-03-06,26.6864719390869,0.467356979846954,4.15142631530762,0.132284
1990-03-07,27.791036605835,0.152080163359642,4.82975292205811,0.120689
1990-03-08,27.0956153869629,1.15768110752106,4.73605632781982,0.120689
1990-03-09,26.403865814209,0.549866497516632,3.86371183395386,0.120689
1990-03-10,26.1715641021729,0.568816840648651,3.69831895828247,0.120689
1990-03-11,27.4947376251221,0.137790039181709,4.47508239746094,0.120689
1990-03-12,27.18337059021,0.439859807491303,4.07194709777832,0.132284
1990-03-13,27.5163917541504,0.304847985506058,3.99105381965637,0.140123
1990-03-14,27.8591899871826,1.42241108417511,4.89601755142212,0.156291
1990-03-15,27.7507362365723,0.132107347249985,5.06234455108643,0.120689
1990-03-16,29.0438537597656,0.000223648035898805,5.2618842124939,0.120689
1990-03-17,27.2209568023682,0.117167212069035,4.58119678497315,0.120689
1990-03-18,27.7353973388672,0.0384869016706944,4.3348503112793,0.10991
1990-03-19,27.1342029571533,0.331520020961761,4.38028430938721,0.10991
1990-03-20,27.5925350189209,0.020873986184597,5.25425958633423,0.099785
1990-03-21,27.6237754821777,0.00953741371631622,4.66689205169678,0.099785
1990-03-22,27.3751087188721,0.015642024576664,4.85733032226563,0.099785
1990-03-23,27.2745971679688,0.0191881693899632,5.47158002853394,0.099785
1990-03-24,27.4232387542725,0.013469647616148,5.19443273544312,0.099785
1990-03-25,28.4663009643555,0.380620867013931,4.39479637145996,0.099785
1990-03-26,28.8125286102295,0.144333839416504,5.66073083877564,0.099785
1990-03-27,26.5372467041016,0.149273455142975,3.75360703468323,0.099785
1990-03-28,27.5692043304443,0.410290211439133,4.25509309768677,0.099785
1990-03-29,27.7093467712402,2.07403612136841,3.39781880378723,0.120689
1990-03-30,26.9474868774414,0.922386765480042,3.91398811340332,0.10991
1990-03-31,26.8661289215088,2.04118204116821,4.01919603347778,0.10991
1990-04-01,26.5153369903564,1.45035934448242,3.83745121955872,0.120689
1990-04-02,26.763557434082,1.48528027534485,3.83510613441467,0.120689
1990-04-03,26.8724689483643,1.5031224489212,3.50347089767456,0.120689
1990-04-04,27.5573272705078,2.16834878921509,3.95179104804993,0.120689
1990-04-05,27.4246654510498,0.308013617992401,3.63621878623962,0.120689
1990-04-06,27.150016784668,0.684571862220764,2.68025898933411,0.132284
1990-04-07,26.6585369110107,2.09303975105286,2.64298582077026,0.120689
1990-04-08,26.5057220458984,8.66763782501221,4.18919277191162,0.132284
1990-04-09,27.4427738189697,1.92993676662445,4.52405309677124,0.132284
1990-04-10,27.308874130249,1.37927254399983e-05,4.39144849777222,0.132284
1990-04-11,27.8058242797852,0.0150705203413963,4.52845430374146,0.120689
1990-04-12,27.9604339599609,0.0718352645635605,4.42080020904541,0.10991
1990-04-13,27.3578491210938,0.101269990205765,5.13971471786499,0.10991
1990-04-14,27.1173229217529,0.0293470770120621,4.23558139801025,0.099785
1990-04-15,26.5401210784912,0.750491201877594,3.8969886302948,0.099785
1990-04-16,26.7998790740967,0.38156521320343,3.79853010177612,0.099785
1990-04-17,27.4302749633789,0.949650347232819,4.72946405410767,0.099785
1990-04-18,27.6559658050537,0.0207640323787928,4.70317125320435,0.099785
1990-04-19,26.3856048583984,0.24652536213398,4.16659927368164,0.099785
1990-04-20,27.3551902770996,0.0409063510596752,4.96177577972412,0.099785
1990-04-21,26.3929615020752,0.675133943557739,3.66688323020935,0.099785
1990-04-22,27.043794631958,1.60981345176697,4.84447813034058,0.099785
1990-04-23,26.7697715759277,0.938207149505615,3.62133264541626,0.099785
1990-04-24,26.8539886474609,0.988690912723541,4.68830823898315,0.099785
1990-04-25,25.6641101837158,2.09176301956177,3.21524834632874,0.099785
1990-04-26,25.9191875457764,1.98692178726196,2.8578314781189,0.099785
1990-04-27,26.7356605529785,1.77074766159058,4.08305025100708,0.099785
1990-04-28,26.7059898376465,0.78747969865799,3.11059641838074,0.099785
1990-04-29,26.9966564178467,0.300880044698715,3.80162262916565,0.10991
1990-04-30,26.6825866699219,0.0343830175697804,3.33707165718079,0.10991
1990-05-01,27.1008892059326,0.32759290933609,3.17331433296204,0
1990-05-02,27.336462020874,1.33511853218079,3.47790956497192,0
1990-05-03,27.4404811859131,0.0710107758641243,3.41538786888123,0
1990-05-04,25.8689384460449,0.10267997533083,4.30339765548706,0
1990-05-05,25.4447269439697,0.476501017808914,2.96162295341492,0
1990-05-06,25.5864448547363,1.24835193157196,3.4140043258667,0
1990-05-07,25.5675258636475,0.334925353527069,3.13753390312195,0
1990-05-08,25.5637550354004,0.522887647151947,3.41297459602356,0
1990-05-09,26.3831768035889,1.62892282009125,2.88060259819031,0
1990-05-10,25.629602432251,5.57407093048096,2.80121517181397,0
1990-05-11,27.440013885498,3.94934749603272,3.84682440757751,0
1990-05-12,27.1789608001709,0.0443186238408089,3.87990164756775,0
1990-05-13,26.2849292755127,0.135333895683289,3.76157975196838,0
1990-05-14,26.101978302002,2.05329656600952,2.8898446559906,0
1990-05-15,26.2162628173828,1.65493667125702,3.23763132095337,0
1990-05-16,26.1460876464844,2.20972204208374,3.17829942703247,0
1990-05-17,26.5069599151611,0.718606173992157,3.70424723625183,0
1990-05-18,25.9078559875488,0.0181141924113035,3.75669574737549,0
1990-05-19,26.7062721252441,0.0817862302064896,4.11136770248413,0
1990-05-20,27.3938388824463,0.337102591991425,3.79520440101624,0
1990-05-21,25.5581569671631,4.91966676712036,2.57647752761841,0
1990-05-22,25.3901119232178,8.35895824432373,2.44628572463989,0
1990-05-23,25.9262428283691,1.57194900512695,3.34378385543823,0
1990-05-24,25.3290748596191,3.04277110099793,3.03641939163208,0
1990-05-25,24.4887657165527,4.48913383483887,2.56747531890869,0
1990-05-26,24.8800888061523,3.75583219528198,3.45619916915894,0
1990-05-27,24.5699081420898,0.590036988258362,2.37140083312988,0
1990-05-28,25.4100933074951,2.64464855194092,3.11404228210449,0
1990-05-29,24.4748077392578,4.93643474578857,1.89379227161407,0
1990-05-30,24.8030090332031,4.58257818222046,2.80261635780334,0
1990-05-31,24.1253108978272,2.30532789230347,2.47043371200562,0
1990-06-01,24.7230186462402,2.28145575523376,3.19941973686218,0.072675
1990-06-02,25.6708984375,1.84246265888214,3.62815999984741,0.10991
1990-06-03,25.1026248931885,5.20826387405396,3.5345139503479,0.090149
1990-06-04,24.6825141906738,3.58566761016846,3.52293467521668,0.081167
1990-06-05,23.5917491912842,2.66886186599731,2.58475184440613,0.072675
1990-06-06,24.2210102081299,7.59171009063721,3.0117027759552,0.072675
1990-06-07,24.7462043762207,2.25776553153992,2.70450353622437,0.072675
1990-06-08,25.380277633667,2.64327692985535,3.61048078536987,0.072675
1990-06-09,23.7599201202393,0.889709770679474,2.75107789039612,0.072675
1990-06-10,23.6763439178467,5.7343282699585,2.58351349830627,0.072675
1990-06-11,23.6677989959717,0.835352540016174,3.02108454704285,0.072675
1990-06-12,23.6310653686523,1.70234358310699,2.15064597129822,0.057486
1990-06-13,22.9232730865479,9.69069480895996,2.10191631317139,0.057486
1990-06-14,23.0939121246338,10.3967342376709,2.1311616897583,0.099785
1990-06-15,22.9847965240479,6.20479869842529,2.18182730674744,0.156291
1990-06-16,23.8147754669189,0.273501098155975,3.17174649238586,0.16462
1990-06-17,23.9023380279541,0.146857723593712,3.68778300285339,0.16462
1990-06-18,23.0876541137695,0.195423498749733,2.67744731903076,0.16462
1990-06-19,23.8676376342773,3.96053504943848,2.47535300254822,0.16462
1990-06-20,24.0228271484375,2.69409203529358,2.32630801200867,0.156291
1990-06-21,24.0640907287598,4.91634607315064,2.7788987159729,0.132284
1990-06-22,24.5535297393799,0.0666900277137756,3.36971879005432,0.132284
1990-06-23,23.6393184661865,0.0324580855667591,2.71008229255676,0.099785
1990-06-24,23.8818817138672,0.396356016397476,2.43958377838135,0.090149
1990-06-25,24.3077964782715,0.892984569072723,3.17763233184814,0.090149
1990-06-26,25.136547088623,0.0604088082909584,3.64179944992065,0.090149
1990-06-27,23.6865577697754,0.386517316102982,2.6010730266571,0.072675
1990-06-28,23.088191986084,1.11159551143646,2.31304669380188,0.064836
1990-06-29,24.364953994751,1.44267988204956,3.00768089294434,0.057486
1990-06-30,24.3718662261963,0.874512374401093,2.80719804763794,0.057486
1990-07-01,23.8724002838135,3.08268427848816,2.60220885276794,0.057486
1990-07-02,23.8121948242188,4.51744174957275,2.09789824485779,0.057486
1990-07-03,23.8673782348633,1.99497938156128,2.29395365715027,0.057486
1990-07-04,23.7171630859375,2.02813816070557,2.30631875991821,0.044421
1990-07-05,24.9729518890381,0.185910612344742,3.21146249771118,0.038542
1990-07-06,23.9118728637695,3.24069333076477,2.16403746604919,0.038542
1990-07-07,23.1411209106445,4.14916896820068,2.32954955101013,0.02858
1990-07-08,23.8331031799316,1.91668736934662,1.9632306098938,0.02858
1990-07-09,23.7044982910156,3.82051110267639,2.57914590835571,0.02858
1990-07-10,22.6404800415039,0.902553915977478,2.48999428749084,0.02858
1990-07-11,23.3567123413086,0.324161648750305,3.08631110191345,0.038542
1990-07-12,24.2037792205811,0.196657657623291,3.01106071472168,0.044421
1990-07-13,22.7040061950684,1.87848246097565,2.11555147171021,0.044421
1990-07-14,21.1464576721191,8.60064220428467,1.41105568408966,0.044421
1990-07-15,22.9941291809082,4.69885492324829,2.39444088935852,0.044421
1990-07-16,23.2598972320557,0.890877187252045,2.63643622398376,0.050627
1990-07-17,23.3575382232666,2.04965114593506,2.05607867240906,0.064836
1990-07-18,23.5702724456787,1.12030827999115,2.81515979766846,0.072675
1990-07-19,23.9897193908691,4.59759140014648,3.17792630195618,0.064836
1990-07-20,22.5331592559814,0.0011390628060326,3.30410599708557,0.057486
1990-07-21,23.3059463500977,0.00158014928456396,3.31306648254395,0.050627
1990-07-22,23.1101207733154,0.0479873269796372,3.01828551292419,0.057486
1990-07-23,23.5021629333496,0.877678990364075,2.95104193687439,0.057486
1990-07-24,22.6629619598389,3.67870426177979,1.60687172412872,0.057486
1990-07-25,22.3104362487793,3.1844584941864,2.13753652572632,0.057486
1990-07-26,22.7094688415527,1.36237919330597,2.51422333717346,0.057486
1990-07-27,23.1280899047852,3.10993409156799,2.93305039405823,0.057486
1990-07-28,22.8679962158203,0.177064672112465,3.0962221622467,0.064836
1990-07-29,23.1146945953369,0.166195273399353,2.32436490058899,0.064836
1990-07-30,23.1254119873047,1.64723169803619,2.59204030036926,0.064836
1990-07-31,22.0402431488037,0.228397950530052,3.10943913459778,0.057486
1990-08-01,22.2861995697021,0.9842329621315,2.60718297958374,0.057486
1990-08-02,22.7897434234619,4.28185987472534,2.24713659286499,0.057486
1990-08-03,23.1809368133545,3.20403718948364,2.79777121543884,0.057486
1990-08-04,22.5936756134033,4.15073490142822,2.68136334419251,0.057486
1990-08-05,23.2528705596924,2.27803230285645,2.85465669631958,0.044421
1990-08-06,22.4982948303223,2.20213842391968,2.93746066093445,0.038542
1990-08-07,22.3629627227783,2.32413578033447,2.50668549537659,0.038542
1990-08-08,22.2987976074219,1.9960812330246,2.75977730751038,0.050627
1990-08-09,23.3033409118652,1.07331883907318,3.03077793121338,0.057486
1990-08-10,23.1752967834473,0.959978044033051,2.65076971054077,0.072675
1990-08-11,22.8509044647217,1.60991430282593,2.22745323181152,0.072675
1990-08-12,22.989688873291,8.68912124633789,2.50447273254395,0.072675
1990-08-13,22.6586818695068,10.5275239944458,2.11774277687073,0.072675
1990-08-14,22.9068470001221,6.71103382110596,2.23180603981018,0.057486
1990-08-15,23.3783435821533,1.08940231800079,3.38260841369629,0.057486
1990-08-16,22.7510013580322,0.681955635547638,3.92998170852661,0.057486
1990-08-17,23.3624782562256,0.196433827280998,2.92732906341553,0.081167
1990-08-18,24.6180477142334,0.188999265432358,3.18061399459839,0.090149
1990-08-19,23.8801765441895,0.400290250778198,3.11633443832397,0.090149
1990-08-20,23.0771465301514,0.746424853801727,2.86688709259033,0.090149
1990-08-21,24.0204906463623,2.7880322933197,3.14826345443726,0.072675
1990-08-22,24.0652122497559,0.484160453081131,3.29584622383118,0.072675
1990-08-23,23.4104652404785,1.58396565914154,3.32074022293091,0.072675
1990-08-24,22.1838417053223,7.27502202987671,2.28586554527283,0.050627
1990-08-25,22.0504932403564,6.4601845741272,2.24022817611694,0.044421
1990-08-26,22.1658878326416,5.84017133712769,2.08473181724548,0.044421
1990-08-27,23.7690467834473,5.8743691444397,3.12690877914429,0.044421
1990-08-28,23.9395484924316,0.509562790393829,3.77722954750061,0.044421
1990-08-29,24.7617359161377,0.18893575668335,3.37779116630554,0.044421
1990-08-30,24.2530536651611,0.563424229621887,3.44347310066223,0.044421
1990-08-31,23.3743858337402,0.181549742817879,3.75200629234314,0.044421
1990-09-01,22.9681568145752,0.0215591955929995,3.29915452003479,0.057486
1990-09-02,23.5060234069824,0.0822317972779274,3.61323714256287,0.072675
1990-09-03,24.0363235473633,1.35188603401184,2.7769660949707,0.072675
1990-09-04,23.3138523101807,4.81238317489624,3.58834838867188,0.072675
1990-09-05,23.4092426300049,1.97163569927216,3.42246222496033,0.072675
1990-09-06,23.1910419464111,4.44471597671509,3.48535919189453,0.057486
1990-09-07,23.9189338684082,2.49948596954346,3.5561056137085,0.050627
1990-09-08,25.0447864532471,0.193952202796936,3.70406579971314,0.050627
1990-09-09,25.0216770172119,0.0535811148583889,3.76545929908752,0.050627
1990-09-10,25.4070529937744,0.0358891114592552,4.06544208526611,0.044421
1990-09-11,25.2340793609619,0.515662431716919,3.62497138977051,0.044421
1990-09-12,25.2708301544189,0.381700754165649,3.35304379463196,0.050627
1990-09-13,25.6594467163086,0.446745604276657,3.55009365081787,0.050627
1990-09-14,26.4828910827637,1.61384987831116,4.459792137146,0.050627
1990-09-15,25.7453498840332,1.12913048724295e-05,5.02927398681641,0.050627
1990-09-16,25.3374729156494,0.00642855931073427,4.70640802383423,0.050627
1990-09-17,25.0181903839111,0.82388162612915,3.44611573219299,0.057486
1990-09-18,24.1399745941162,6.84860277175903,2.44821166992188,0.090149
1990-09-19,24.6520919799805,4.29240465164185,4.10863065719605,0.090149
1990-09-20,24.2379264831543,2.52215576171875,3.55115008354187,0.090149
1990-09-21,24.8396472930908,1.43979072570801,3.19276714324951,0.072675
1990-09-22,24.9086074829102,4.53733110427856,3.53155279159546,0.072675
1990-09-23,25.2063312530518,2.92135119438171,4.20101737976074,0.072675
1990-09-24,25.215181350708,0.105581685900688,4.29112958908081,0.099785
1990-09-25,25.0913505554199,0.185413837432861,4.4360179901123,0.10991
1990-09-26,21.7983169555664,2.06144523620605,0.921073317527771,0.10991
1990-09-27,21.4907169342041,4.77330303192139,1.4748911857605,0.10991
1990-09-28,21.729736328125,2.09917402267456,3.2021791934967,0.10991
1990-09-29,22.4910144805908,0.312773734331131,3.51260328292847,0.090149
1990-09-30,24.1582851409912,0.775225400924683,3.17370867729187,0.090149
1990-10-01,23.5760402679443,7.94442415237427,1.67969763278961,0.090149
1990-10-02,23.7494258880615,2.858562707901,3.86405324935913,0.090149
1990-10-03,23.3258647918701,0.762503802776337,3.34736299514771,0.072675
1990-10-04,24.2911548614502,5.84382390975952,2.63926267623901,0.072675
1990-10-05,23.9628353118897,8.43664073944092,3.48159503936768,0.072675
1990-10-06,23.8674068450928,1.41452634334564,3.43223834037781,0.081167
1990-10-07,24.9291400909424,0.886450171470642,3.68090271949768,0.10991
1990-10-08,25.0243511199951,4.2376880645752,3.18420839309692,0.10991
1990-10-09,25.1529579162598,2.80527997016907,3.38525223731995,0.120689
1990-10-10,25.2089366912842,3.6794867515564,3.95783305168152,0.148126
1990-10-11,26.1028537750244,1.95538508892059,4.01445817947388,0.148126
1990-10-12,26.7229423522949,0.316419631242752,4.4081826210022,0.140123
1990-10-13,26.28977394104,0.339585512876511,4.23844289779663,0.132284
1990-10-14,25.9911365509033,4.60051441192627,4.3164701461792,0.120689
1990-10-15,27.401496887207,0.836924612522125,4.67188835144043,0.10991
1990-10-16,27.5869331359863,0.00606526387855411,4.79669284820557,0.10991
1990-10-17,25.975378036499,1.03169441223145,4.32816123962402,0.10991
1990-10-18,25.8566780090332,0.696232259273529,4.29231071472168,0.10991
1990-10-19,26.0149097442627,0.104079887270927,4.72639417648315,0.099785
1990-10-20,26.059232711792,0.511404812335968,3.93085908889771,0.090149
1990-10-21,26.5199604034424,0.897913336753845,3.60934925079346,0.090149
1990-10-22,28.0696277618408,0.000601250096224248,5.11448860168457,0.090149
1990-10-23,27.8981533050537,1.55355464812601e-05,5.09865283966065,0.072675
1990-10-24,26.8250713348389,1.37603688240051,4.39540529251099,0.050627
1990-10-25,27.4445056915283,0.558247566223145,5.73818445205689,0.050627
1990-10-26,26.9827327728272,0.275700002908707,4.43082094192505,0.033316
1990-10-27,26.0671253204346,1.41907930374146,3.08146500587463,0.02417
1990-10-28,24.0307083129883,2.56969833374023,1.57190656661987,0.02417
1990-10-29,25.7112541198731,1.7251615524292,4.56062650680542,0.020251
1990-10-30,25.3646144866943,6.90401315689087,3.40455722808838,0.016658
1990-10-31,26.8554821014404,4.07350063323975,4.30794954299927,0.016658
1990-11-01,27.0919742584229,0.139727428555489,4.08059501647949,0.016658
1990-11-02,28.125093460083,0.00484332395717502,5.51927280426025,0.016658
1990-11-03,28.3568878173828,0,5.42681312561035,0.016658
1990-11-04,27.8126773834229,0.0922436639666557,4.67815208435059,0.016658
1990-11-05,27.4979305267334,0.0115333925932646,4.26227235794067,0.016658
1990-11-06,26.7728309631348,0.0463872961699963,4.92119598388672,0.016658
1990-11-07,27.0248851776123,0.611812651157379,4.81215858459473,0.010779
1990-11-08,26.2790679931641,0.46138608455658,3.99806380271912,0.010779
1990-11-09,26.4466800689697,0.830135822296143,4.06453418731689,0.013555
1990-11-10,27.2713584899902,0.0114819053560495,5.87278032302856,0.016658
1990-11-11,28.4020748138428,0.00261344597674906,5.4916353225708,0.016658
1990-11-12,28.9891548156738,0.00182871497236192,6.01130723953247,0.016658
1990-11-13,28.177547454834,0.106749564409256,5.70538091659546,0.020251
1990-11-14,26.0736961364746,0.413587272167206,4.63819313049316,0.033316
1990-11-15,26.651180267334,0.603925228118897,3.65534448623657,0.064836
1990-11-16,26.8219985961914,11.3230390548706,4.60200881958008,0.072675
1990-11-17,27.4085350036621,2.81189489364624,5.60515022277832,0.072675
1990-11-18,27.6156826019287,0.378699392080307,5.5491156578064,0.072675
1990-11-19,27.4603157043457,0.473357707262039,5.11258268356323,0.072675
1990-11-20,26.8591003417969,0.215382695198059,5.12627649307251,0.120689
1990-11-21,25.2401390075684,0.861153244972229,3.44930958747864,0.132284
1990-11-22,27.0109882354736,1.13301026821136,5.13766241073608,0.132284
1990-11-23,26.9967308044434,10.3868913650513,2.5098705291748,0.099785
1990-11-24,25.723237991333,5.63271951675415,2.07447075843811,0.050627
1990-11-25,27.6768131256104,1.15983533859253,4.68530178070068,0.038542
1990-11-26,28.310718536377,1.87526679039001,5.11284589767456,0.02417
1990-11-27,28.1380310058594,3.6977903842926,5.4931755065918,0.016658
1990-11-28,29.3081912994385,1.15311968326569,4.98870372772217,0.016658
1990-11-29,28.590259552002,0.861886620521545,5.55587244033814,0.016658
1990-11-30,28.3598766326904,0.0127462837845087,5.70300722122192,0.016658
1990-12-01,26.911226272583,0.272988498210907,5.00966835021973,0.016658
1990-12-02,26.5407104492188,0.782926857471466,3.53849220275879,0.016658
1990-12-03,26.5260486602783,2.10765266418457,4.4715428352356,0.020251
1990-12-04,26.7944355010986,1.43424689769745,4.19307899475098,0.044421
1990-12-05,26.3433246612549,2.91392087936401,3.77911019325256,0.081167
1990-12-06,26.1344738006592,10.4078454971313,3.70993971824646,0.120689
1990-12-07,25.2431964874268,14.4963207244873,3.45468044281006,0.132284
1990-12-08,26.6616973876953,2.51923441886902,4.45756721496582,0.132284
1990-12-09,27.2789821624756,8.164137840271,4.49284219741821,0.140123
1990-12-10,26.417760848999,8.17191028594971,3.60088801383972,0.16462
1990-12-11,27.2775497436523,0.227365672588348,4.79838562011719,0.16462
1990-12-12,27.2777633666992,0.019151296466589,5.19293308258057,0.132284
1990-12-13,27.083646774292,0.00881604384630919,6.09634685516357,0.120689
1990-12-14,27.2305145263672,1.00143852250767e-05,5.99749660491943,0.099785
1990-12-15,27.7293853759766,6.04440128881834e-06,5.89505815505981,0.064836
1990-12-16,27.2471961975098,0.000232517239055596,5.19800519943237,0.057486
1990-12-17,27.1263790130615,0.0605979301035404,5.08829116821289,0.050627
1990-12-18,26.4328269958496,0.737434327602387,4.19041347503662,0.044421
1990-12-19,27.1073513031006,7.10469341278076,5.03140878677368,0.044421
1990-12-20,26.8136024475098,0.00295820576138794,5.80632972717285,0.044421
1990-12-21,27.5951137542725,0.0262039601802826,5.76266670227051,0.033316
1990-12-22,28.1860904693604,0.113580219447613,5.84572553634644,0.038542
1990-12-23,26.3926181793213,0.469749093055725,4.13508749008179,0.02858
1990-12-24,26.6108913421631,1.39037394523621,5.04135847091675,0.016658
1990-12-25,27.2169494628906,4.65289449691773,4.94670581817627,0.016658
1990-12-26,27.1203651428223,1.31046319007874,5.1051197052002,0.016658
1990-12-27,28.3695449829102,0.0222957078367472,5.68780851364136,0.016658
1990-12-28,28.6136245727539,0.0550033301115036,4.90061759948731,0.016658
1990-12-29,29.2397575378418,0.262215465307236,5.61130332946777,0.016658
1990-12-30,27.902193069458,1.25517725944519,3.51389384269714,0.02417
1990-12-31,25.5289936065674,8.92841053009033,2.59732627868652,0.033316
1991-01-01,26.055082321167,3.21885228157043,3.5408251285553,0.033316
1991-01-02,26.7997264862061,7.12903881072998,4.02586507797241,0.02417
1991-01-03,27.5279903411865,0.685252547264099,5.38070058822632,0.02417
1991-01-04,27.5178260803223,0.106914021074772,4.61758041381836,0.020251
1991-01-05,27.7870063781738,0.00603243988007307,5.26815843582153,0.016658
1991-01-06,26.9063034057617,0.00230872817337513,4.01562309265137,0.016658
1991-01-07,27.4500236511231,0.449214428663254,4.47280073165894,0.016658
1991-01-08,27.3244590759277,0.705809712409973,4.24883460998535,0.016658
1991-01-09,27.5181217193604,3.10036492347717,5.45219802856445,0.016658
1991-01-10,27.1620445251465,0.394419968128204,4.67233800888062,0.020251
1991-01-11,27.2999038696289,0.75339013338089,4.6803297996521,0.033316
1991-01-12,27.7254810333252,0.315835505723953,4.25271654129028,0.033316
1991-01-13,28.1549110412598,1.15386998653412,4.58591222763062,0.02417
1991-01-14,27.8922748565674,0.421925038099289,4.43999528884888,0.020251
1991-01-15,28.0629653930664,0.134627148509026,4.54952144622803,0.016658
1991-01-16,28.0525760650635,0.0572026520967484,4.55249118804932,0.016658
1991-01-17,27.3016967773438,0,4.11780643463135,0.016658
1991-01-18,27.9332809448242,0.0604938082396984,5.38705253601074,0.016658
1991-01-19,26.2289047241211,1.25256299972534,3.16960978507996,0.016658
1991-01-20,26.3965644836426,2.04781794548035,4.13607263565064,0.016658
1991-01-21,25.9758644104004,1.69682121276855,4.10932016372681,0.016658
1991-01-22,26.3173580169678,0.840229868888855,3.95166945457459,0.02858
1991-01-23,27.1515007019043,0.656299352645874,5.12504243850708,0.033316
1991-01-24,28.1414623260498,3.17937421798706,4.33551359176636,0.033316
1991-01-25,28.3436088562012,0.111828103661537,5.37599325180054,0.02858
1991-01-26,28.4150199890137,0.195223748683929,4.97570848464966,0.02417
1991-01-27,28.5852699279785,0.55136251449585,4.97128629684448,0.016658
1991-01-28,28.542049407959,0.00831257645040751,5.23229169845581,0.016658
1991-01-29,26.052152633667,0.290902942419052,4.05418968200684,0.010779
1991-01-30,27.9479122161865,0.225630521774292,5.60826635360718,0.010779
1991-01-31,27.7926540374756,4.65927951154299e-06,4.91150617599487,0.010779
1991-02-01,27.0120697021484,0.13703840970993,4.31316423416138,0.010779
1991-02-02,26.24098777771,0.627829194068909,4.13882541656494,0.016658
1991-02-03,26.6828670501709,1.16232180595398,4.17994546890259,0.016658
1991-02-04,26.751350402832,2.37591409683228,4.04749011993408,0.016658
1991-02-05,26.6264171600342,3.93733358383179,3.85031962394714,0.016658
1991-02-06,26.6029872894287,8.74619865417481,3.7043924331665,0.016658
1991-02-07,26.6496334075928,5.36343860626221,3.52584910392761,0.016658
1991-02-08,27.3015861511231,13.2252044677734,4.83279228210449,0.013555
1991-02-09,28.6033344268799,0.331605464220047,5.13181924819946,0.010779
1991-02-10,27.6174812316895,0.108684241771698,4.53171348571777,0.010779
1991-02-11,27.8184967041016,2.50242692345637e-06,5.37301635742188,0.006533
1991-02-12,28.2672519683838,0.00306922011077404,4.84852361679077,0.006533
1991-02-13,28.4754905700684,0.177224591374397,5.02576065063477,0.006533
1991-02-14,28.4109649658203,0.323558539152145,4.37243843078613,0.006533
1991-02-15,28.2782440185547,3.03983449935913,4.20064496994019,0.006533
1991-02-16,28.7759628295898,0.329321056604385,5.21505546569824,0.006533
1991-02-17,27.6988086700439,0.42391899228096,4.61061382293701,0.006533
1991-02-18,28.1626491546631,0.425931870937347,4.71892833709717,0.006533
1991-02-19,28.5404167175293,0.196237400174141,4.63204050064087,0.004736
1991-02-20,28.8351516723633,0.121066443622112,5.18063974380493,0.004736
1991-02-21,28.0686931610107,0.148812115192413,4.73936653137207,0.004736
1991-02-22,28.8222694396973,0.148951947689056,5.51520538330078,0.002286
1991-02-23,28.7587242126465,0.00030456212698482,5.63913249969482,0.00147
1991-02-24,29.2034301757813,0.198045939207077,5.67955207824707,0.00147
1991-02-25,28.659029006958,0.66240268945694,4.12660217285156,0.00147
1991-02-26,28.6878032684326,1.67396426200867,5.352623462677,0.00147
1991-02-27,29.1074333190918,0.14331541955471,6.26234340667725,0.00147
1991-02-28,27.8001556396484,0.36103829741478,4.97297286987305,0.00147
1991-03-01,27.9376239776611,0.32582750916481,5.39708614349365,0.00147
1991-03-02,27.7533302307129,0.142684414982796,4.97721719741821,0.000817
1991-03-03,28.6236877441406,0.492228746414185,4.80272388458252,0.000327
1991-03-04,28.5872859954834,0.53421813249588,5.17965888977051,0.002286
1991-03-05,27.8052291870117,0.781541228294373,3.67296361923218,0.004736
1991-03-06,27.3908958435059,1.55844223499298,4.32732915878296,0.004736
1991-03-07,26.743034362793,6.07451629638672,3.59780263900757,0.004736
1991-03-08,27.1440391540527,7.74188137054443,4.37326526641846,0.00343
1991-03-09,27.1109390258789,1.05879187583923,4.49610280990601,0.00343
1991-03-10,27.2133941650391,0.364623218774796,4.38959407806397,0.00343
1991-03-11,26.9113826751709,0.757929563522339,3.99214506149292,0.00343
1991-03-12,27.207799911499,1.49142181873322,4.33275938034058,0.00343
1991-03-13,27.7506809234619,1.44801044464111,4.67155265808106,0.008492
1991-03-14,28.8580493927002,0.470041573047638,5.02682161331177,0.038542
1991-03-15,27.6235179901123,0.192197889089584,3.5856659412384,0.120689
1991-03-16,24.9086742401123,28.1804695129395,0.873976767063141,0.148126
1991-03-17,25.0923614501953,19.7408504486084,1.62885010242462,0.10991
1991-03-18,25.236026763916,35.9144134521484,1.62942814826965,0.072675
1991-03-19,26.0443115234375,23.1932315826416,2.6417338848114,0.090149
1991-03-20,26.2665157318115,12.0075531005859,4.00504541397095,0.132284
1991-03-21,26.1541767120361,1.28857755661011,3.74266123771668,0.132284
1991-03-22,25.8467178344727,2.37594509124756,4.46397542953491,0.120689
1991-03-23,26.6243152618408,0.0437113717198372,4.10514640808105,0.090149
1991-03-24,27.2509231567383,0.644119441509247,3.90723705291748,0.064836
1991-03-25,27.3855400085449,1.26722848415375,3.99943733215332,0.038542
1991-03-26,26.6282806396484,1.18167352676392,4.74724674224854,0.016658
1991-03-27,26.0444393157959,0.408853143453598,3.37502217292786,0.016658
1991-03-28,26.3186264038086,0.208077445626259,4.05048084259033,0.010779
1991-03-29,25.936559677124,0.398379802703857,3.69449138641357,0.008492
1991-03-30,26.2013893127441,0.422583371400833,3.58022236824036,0.006533
1991-03-31,26.9550228118897,0.907225549221039,3.82090044021606,0.006533
1991-04-01,27.8508911132813,0.0691093951463699,4.49732065200806,0.006533
1991-04-02,27.827543258667,0.139928102493286,4.64555740356445,0.006533
1991-04-03,27.8545627593994,0.0359322503209114,4.78551816940308,0.006533
1991-04-04,27.2271881103516,1.06840753555298,3.31101512908936,0.010779
1991-04-05,26.9179992675781,1.39937961101532,3.62830996513367,0.010779
1991-04-06,26.8781795501709,1.08497285842896,3.87040305137634,0.010779
1991-04-07,26.2369499206543,13.4889831542969,3.0902214050293,0.016658
1991-04-08,25.812858581543,16.4601039886475,2.38525748252869,0.016658
1991-04-09,26.2760601043701,8.89482402801514,2.74374437332153,0.016658
1991-04-10,26.7077579498291,4.34839153289795,3.69424939155579,0.016658
1991-04-11,26.738862991333,1.57250440120697,3.77266144752502,0.016658
1991-04-12,26.4574928283691,9.53963279724121,3.40034365653992,0.016658
1991-04-13,26.9454116821289,1.93280422687531,4.04264354705811,0.02858
1991-04-14,26.09206199646,0.322826445102692,3.61722898483276,0.033316
1991-04-15,26.0693225860596,1.43229627609253,3.29430842399597,0.033316
1991-04-16,26.2056369781494,3.07619762420654,3.53170204162598,0.033316
1991-04-17,26.1959075927734,0.29009348154068,2.95208144187927,0.016658
1991-04-18,26.8696975708008,1.55481517314911,4.2415018081665,0.016658
1991-04-19,26.2453575134277,0.41215518116951,3.43402862548828,0.016658
1991-04-20,27.1671562194824,0.0767654404044151,4.37690496444702,0.016658
1991-04-21,26.8529224395752,0.929432511329651,4.10973882675171,0.02858
1991-04-22,25.0912780761719,1.08508205413818,3.31202006340027,0.02858
1991-04-23,24.6895618438721,1.97738611698151,3.3048243522644,0.033316
1991-04-24,25.5294971466065,2.99133968353272,3.11224913597107,0.033316
1991-04-25,26.2439708709717,0.515307009220123,3.3781042098999,0.033316
1991-04-26,26.3051280975342,4.99574327468872,2.75923871994019,0.033316
1991-04-27,26.4964733123779,5.64838123321533,3.55267715454102,0.033316
1991-04-28,26.7101764678955,1.18868517875671,3.87497282028198,0.033316
1991-04-29,26.4705009460449,2.84663677215576,3.33571338653564,0.033316
1991-04-30,26.5322666168213,0.301775336265564,3.27675366401672,0.033316
1991-05-01,25.3987846374512,0.476753890514374,3.16024398803711,0.033316
1991-05-02,25.2002220153809,1.23711252212524,3.18263721466064,0.033316
1991-05-03,25.074728012085,0.755197823047638,3.38363885879517,0.033316
1991-05-04,25.4214515686035,0.51686030626297,3.53915929794312,0.033316
1991-05-05,25.6003150939941,0.330803513526917,2.958904504776,0.033316
1991-05-06,25.6319770812988,1.00754332542419,3.08598852157593,0.033316
1991-05-07,25.9075164794922,0.803135097026825,3.02976608276367,0.033316
1991-05-08,25.6099319458008,0.672670602798462,2.86824703216553,0.02417
1991-05-09,26.1262454986572,0.248869806528091,2.8145740032196,0.02417
1991-05-10,25.9042873382568,0.174389347434044,2.70455265045166,0.02858
1991-05-11,25.1582202911377,0.473861187696457,3.21725201606751,0.033316
1991-05-12,24.5838661193848,1.04332113265991,3.90605688095093,0.033316
1991-05-13,24.1591835021973,1.04134881496429,2.2999894618988,0.033316
1991-05-14,24.2367153167725,3.29076504707336,2.03289127349854,0.033316
1991-05-15,24.2775287628174,1.86630654335022,3.02369928359985,0.033316
1991-05-16,24.8585395812988,0.677908539772034,2.78542160987854,0.038542
1991-05-17,24.9103622436523,1.06280934810638,3.00881314277649,0.044421
1991-05-18,25.1995353698731,2.69430661201477,2.12597393989563,0.064836
1991-05-19,24.8617630004883,16.1022777557373,2.94822645187378,0.072675
1991-05-20,25.3422050476074,21.2464141845703,3.21301364898682,0.090149
1991-05-21,25.0600833892822,14.0275497436523,2.43786096572876,0.148126
1991-05-22,23.070032119751,47.323543548584,1.03774678707123,0.199406
1991-05-23,23.844331741333,8.51998519897461,1.43103492259979,0.265058
1991-05-24,24.7823238372803,1.95117604732513,2.55277895927429,0.27502
1991-05-25,24.5088558197022,4.74095010757446,2.59898996353149,0.217534
1991-05-26,24.0059909820557,4.32575559616089,2.40034365653992,0.208388
1991-05-27,23.8849124908447,4.04871988296509,2.34873342514038,0.173113
1991-05-28,24.4710788726807,7.82099294662476,2.88925313949585,0.132284
1991-05-29,23.8577117919922,16.0842876434326,2.21469449996948,0.072675
1991-05-30,24.6310691833496,4.79879283905029,2.93306446075439,0.072675
1991-05-31,23.8477592468262,6.13322162628174,2.11759853363037,0.132284
1991-06-01,23.5168876647949,9.51716899871826,1.58183324337006,0.148126
1991-06-02,24.1401767730713,6.79358339309692,3.39755630493164,0.181768
1991-06-03,23.4182376861572,2.20843625068665,2.66450810432434,0.181768
1991-06-04,22.9626979827881,5.34974002838135,2.30712056159973,0.226843
1991-06-05,23.1451721191406,4.69365644454956,2.59861469268799,0.255423
1991-06-06,24.1211128234863,3.17789340019226,2.25860452651978,0.255423
1991-06-07,24.170259475708,8.27684020996094,1.98128473758698,0.255423
1991-06-08,24.1259155273438,3.60744833946228,2.27215790748596,0.255423
1991-06-09,24.0230598449707,7.40557193756104,2.65389895439148,0.255423
1991-06-10,23.167818069458,3.39904928207397,2.23997473716736,0.315522
1991-06-11,22.9290313720703,5.01913166046143,2.46301412582397,0.347205
1991-06-12,22.8506107330322,5.21600675582886,2.24171686172485,0.402078
1991-06-13,22.8027076721191,2.86598014831543,2.40919899940491,0.402078
1991-06-14,23.2224197387695,6.84425783157349,2.24514532089233,0.347205
1991-06-15,22.8715057373047,2.74368405342102,2.3874843120575,0.33659
1991-06-16,23.6274185180664,7.55230903625488,1.80979514122009,0.33659
1991-06-17,23.5154399871826,14.7291193008423,2.81916427612305,0.33659
1991-06-18,22.9976673126221,2.38138270378113,2.20011067390442,0.315522
1991-06-19,24.6881465911865,4.22215414047241,2.86639404296875,0.27502
1991-06-20,24.2241744995117,1.04001045227051,2.38509821891785,0.255423
1991-06-21,25.16064453125,3.68105745315552,2.83516502380371,0.255423
1991-06-22,24.2824420928955,2.02264189720154,2.92444086074829,0.255423
1991-06-23,23.5456104278564,1.79609775543213,3.02926921844482,0.255423
1991-06-24,23.533260345459,0.435535222291946,2.72134494781494,0.245787
1991-06-25,23.0468158721924,7.4210262298584,2.6023154258728,0.226843
1991-06-26,23.1742382049561,1.89802622795105,2.81713175773621,0.217534
1991-06-27,23.0819492340088,3.41861581802368,1.78692471981049,0.217534
1991-06-28,22.7557945251465,5.83182096481323,2.40531182289124,0.217534
1991-06-29,21.6379814147949,2.10972118377686,1.29394400119782,0.27502
1991-06-30,23.2323589324951,7.71740627288818,2.15706014633179,0.315522
1991-07-01,23.342077255249,10.4121351242065,2.20373392105103,0.315522
1991-07-02,23.1505126953125,6.90166854858398,3.08420491218567,0.284982
1991-07-03,21.1246662139893,0.704321324825287,2.58895349502564,0.27502
1991-07-04,23.1266784667969,0.0445921085774899,2.98937797546387,0.27502
1991-07-05,22.3600978851318,0.0135468197986484,2.59322643280029,0.255423
1991-07-06,22.8713512420654,0.929662704467773,2.23929500579834,0.255423
1991-07-07,22.8286304473877,4.91395378112793,2.42072916030884,0.255423
1991-07-08,22.1940898895264,0.826223313808441,2.58881139755249,0.245787
1991-07-09,21.9294033050537,1.30313456058502,2.91776704788208,0.190587
1991-07-10,21.1605262756348,0.0183100141584873,2.74446606636047,0.132284
1991-07-11,21.8168506622314,0.0677860826253891,2.90269207954407,0.099785
1991-07-12,23.7526416778564,0.109377965331078,2.79955887794495,0.072675
1991-07-13,22.7005443572998,1.173868060112,2.52458548545837,0.072675
1991-07-14,23.3932437896729,1.10545372962952,2.32683300971985,0.072675
1991-07-15,21.8971538543701,3.00053477287293,1.86424899101257,0.072675
1991-07-16,22.3458995819092,4.13116216659546,1.99583733081818,0.072675
1991-07-17,22.3953094482422,5.22553253173828,2.60964226722717,0.072675
1991-07-18,23.2037868499756,4.77642440795898,3.14269948005676,0.072675
1991-07-19,23.3070335388184,0.397868007421494,3.60751748085022,0.072675
1991-07-20,22.1499633789063,1.81702780723572,3.14127254486084,0.081167
1991-07-21,21.9490489959717,6.54796361923218,2.56738042831421,0.090149
1991-07-22,21.4532356262207,2.24301528930664,2.46080756187439,0.090149
1991-07-23,21.1023559570313,0.911551833152771,2.43927931785584,0.090149
1991-07-24,22.1063251495361,1.77911293506622,2.95629024505615,0.090149
1991-07-25,21.6233882904053,2.97437977790833,2.82969975471497,0.090149
1991-07-26,22.1920471191406,1.51571440696716,2.77908873558044,0.090149
1991-07-27,21.696813583374,2.82188248634338,2.4664797782898,0.090149
1991-07-28,21.2356014251709,5.08094596862793,2.49876499176025,0.090149
1991-07-29,21.2829856872559,4.07739686965942,2.23493838310242,0.090149
1991-07-30,22.2531566619873,3.997967004776,3.0605776309967,0.081167
1991-07-31,23.1567916870117,0.773415744304657,3.24475979804993,0.072675
1991-08-01,23.3928451538086,1.12185287475586,2.85499978065491,0.072675
1991-08-02,22.7853088378906,0.593561589717865,2.3886501789093,0.072675
1991-08-03,22.1461906433105,1.58722960948944,2.45953130722046,0.072675
1991-08-04,22.1176109313965,1.60590970516205,2.83740901947022,0.072675
1991-08-05,21.8043594360352,7.95800018310547,2.09844326972961,0.072675
1991-08-06,22.6157970428467,1.15161061286926,2.35671520233154,0.072675
1991-08-07,22.9296264648438,0.455657809972763,3.22299790382385,0.072675
1991-08-08,22.0878391265869,0.0743187889456749,2.81315612792969,0.072675
1991-08-09,22.7016582489014,0.690148949623108,3.88767409324646,0.072675
1991-08-10,23.4062900543213,0.0286194421350956,3.60275268554688,0.072675
1991-08-11,22.941011428833,0.495846211910248,2.808429479599,0.072675
1991-08-12,21.7283554077148,0.319916158914566,2.42157769203186,0.090149
1991-08-13,23.6481609344482,0.62223345041275,3.79069709777832,0.090149
1991-08-14,22.9994430541992,1.71707165241241,2.66149663925171,0.099785
1991-08-15,21.6685009002686,5.57439422607422,3.01791262626648,0.120689
1991-08-16,21.1887874603271,2.17836785316467,2.57664370536804,0.132284
1991-08-17,20.7377033233643,2.29656338691711,1.70785689353943,0.132284
1991-08-18,21.034158706665,3.80248165130615,1.16334199905396,0.120689
1991-08-19,22.253963470459,3.47996282577515,2.14904546737671,0.10991
1991-08-20,22.7486972808838,3.28586792945862,2.15748500823975,0.10991
1991-08-21,21.3566303253174,6.04383182525635,1.5048896074295,0.10991
1991-08-22,21.733736038208,3.52989768981934,2.35468769073486,0.10991
1991-08-23,21.9260025024414,4.73885631561279,2.80795049667358,0.132284
1991-08-24,22.1555099487305,6.08749437332153,2.73575258255005,0.132284
1991-08-25,22.1460494995117,1.8191831111908,3.28591513633728,0.132284
1991-08-26,22.1809711456299,0.451647728681564,2.75449109077454,0.132284
1991-08-27,23.0084247589111,3.61790680885315,3.01069903373718,0.10991
1991-08-28,22.365629196167,2.59127569198608,2.66023421287537,0.10991
1991-08-29,22.5612354278564,1.73064935207367,3.29593968391418,0.099785
1991-08-30,22.4306297302246,2.04927849769592,2.34651303291321,0.090149
1991-08-31,21.8524284362793,0.761949002742767,2.78721904754639,0.090149
1991-09-01,22.9056873321533,0.271309554576874,3.41118454933167,0.072675
1991-09-02,22.3213901519775,0.859272003173828,3.11652135848999,0.072675
1991-09-03,22.7430820465088,0.345493823289871,3.23838639259338,0.072675
1991-09-04,21.6902332305908,3.86018371582031,2.26206707954407,0.072675
1991-09-05,21.0345077514648,17.3723564147949,1.60616433620453,0.072675
1991-09-06,22.0551319122314,6.91824197769165,2.93947148323059,0.072675
1991-09-07,21.1909065246582,0.0361675545573235,3.56763386726379,0.081167
1991-09-08,20.7899742126465,0,3.20511269569397,0.10991
1991-09-09,20.6487350463867,1.11295604705811,2.13644742965698,0.132284
1991-09-10,23.551212310791,0.506099462509155,3.26079630851746,0.132284
1991-09-11,23.1100234985352,0.399062365293503,2.56874513626099,0.132284
1991-09-12,23.4687118530273,0.374443262815475,3.14056634902954,0.132284
1991-09-13,23.7695426940918,0.282497525215149,3.1909282207489,0.10991
1991-09-14,24.3764400482178,0.168222352862358,3.8911280632019,0.099785
1991-09-15,23.4131126403809,0.0824946984648705,3.1340434551239,0.099785
1991-09-16,23.5617618560791,0.0580158904194832,3.43488907814026,0.090149
1991-09-17,24.6311626434326,0.13877946138382,3.6266930103302,0.090149
1991-09-18,23.691463470459,0.20579394698143,3.20148015022278,0.090149
1991-09-19,25.398458480835,0.251406818628311,3.81751012802124,0.090149
1991-09-20,25.4158058166504,0.0259186644107103,3.86665487289429,0.090149
1991-09-21,25.9194164276123,0.102189011871815,4.29019737243652,0.072675
1991-09-22,26.2775630950928,0.404701143503189,4.63593339920044,0.064836
1991-09-23,25.7241268157959,0.130303591489792,3.62484765052795,0.057486
1991-09-24,25.9939956665039,0.938325822353363,3.97181797027588,0.057486
1991-09-25,25.3232097625732,0.333000600337982,3.76551795005798,0.057486
1991-09-26,25.0505504608154,0.295077562332153,3.32456564903259,0.057486
1991-09-27,23.8816375732422,0.165252670645714,4.11839914321899,0.057486
1991-09-28,24.6215343475342,5.52728843688965,3.48586988449097,0.057486
1991-09-29,25.4617137908936,0.684923470020294,3.75376510620117,0.057486
1991-09-30,26.7452259063721,0.00072503526462242,4.7541823387146,0.057486
1991-10-01,27.6709728240967,0.000426374084781855,4.96939325332642,0.057486
1991-10-02,27.3144245147705,0.0336949601769447,4.95840358734131,0.057486
1991-10-03,26.0224323272705,0.0839895531535149,4.63076543807983,0.057486
1991-10-04,25.3548164367676,0.000348998291883618,5.08371925354004,0.050627
1991-10-05,23.5484161376953,0.188239485025406,3.38039064407349,0.044421
1991-10-06,25.5900745391846,0.254750579595566,4.22603845596314,0.02858
1991-10-07,26.4885082244873,0.00248539377935231,4.52754735946655,0.016658
1991-10-08,26.1751461029053,0.0569143109023571,4.98452806472778,0.016658
1991-10-09,24.6136608123779,0,5.28770923614502,0.010779
1991-10-10,24.892505645752,0.000481401133583859,5.05225849151611,0.006533
1991-10-11,25.1025695800781,0.322416126728058,3.78386640548706,0.006533
1991-10-12,25.7823066711426,0.484305590391159,4.40176153182983,0.006533
1991-10-13,24.0840225219727,0.413787037134171,3.80318999290466,0.006533
1991-10-14,25.3956203460693,0.478494346141815,4.7811336517334,0.004736
1991-10-15,24.8789882659912,0.000616070057731122,5.36453104019165,0.004736
1991-10-16,23.7690181732178,0.0204572156071663,3.86900162696838,0.004736
1991-10-17,25.1938133239746,0.0397906973958015,4.29830646514893,0.013555
1991-10-18,25.0111446380615,0.125998511910439,4.49266624450684,0.016658
1991-10-19,26.2437801361084,1.32644009590149,5.57043695449829,0.02417
1991-10-20,24.5290813446045,0.430370777845383,3.69046783447266,0.02417
1991-10-21,24.7010021209717,0.566409707069397,4.7397346496582,0.020251
1991-10-22,23.9745769500732,1.84289586544037,4.05604219436646,0.016658
1991-10-23,24.5379447937012,1.34958434104919,4.21457481384277,0.016658
1991-10-24,23.9837512969971,1.70789670944214,3.84333729743958,0.016658
1991-10-25,24.2167587280273,1.38998925685883,4.03740739822388,0.016658
1991-10-26,24.1762542724609,0.723107516765595,3.81625390052795,0.013555
1991-10-27,24.3652992248535,0.83815348148346,3.98713517189026,0.010779
1991-10-28,25.0897064208984,1.26612186431885,3.76674652099609,0.008492
1991-10-29,24.8004894256592,1.68429601192474,3.82556104660034,0.008492
1991-10-30,25.7022705078125,0.0782589763402939,4.84494686126709,0.006533
1991-10-31,25.0434417724609,0.0240957513451576,3.30516862869263,0.006533
1991-11-01,27.1782932281494,0.0456458330154419,4.62416458129883,0.006533
1991-11-02,27.2049808502197,0.0165289305150509,5.00589513778687,0.006533
1991-11-03,28.1193084716797,0.233587220311165,5.31799697875977,0.006533
1991-11-04,28.0601863861084,0.0367084853351116,5.35792350769043,0.006533
1991-11-05,27.7343349456787,7.38594535505399e-05,5.78171968460083,0.006533
1991-11-06,27.0039119720459,0.0684588849544525,5.23359537124634,0.006533
1991-11-07,26.6595973968506,6.04441481755202e-07,4.77784442901611,0.004736
1991-11-08,27.1372299194336,1.89556922123302e-05,5.66355466842651,0.004736
1991-11-09,28.1309871673584,0.00353811378590763,4.87403678894043,0.010779
1991-11-10,27.9957599639893,0.14118005335331,4.63934230804443,0.010779
1991-11-11,26.4632205963135,4.16900205612183,2.40811157226563,0.010779
1991-11-12,25.3048000335693,11.3303985595703,1.87717127799988,0.010779
1991-11-13,26.7377319335938,5.09266996383667,4.85982942581177,0.016658
1991-11-14,26.4856338500977,0.01534787658602,4.61056756973267,0.016658
1991-11-15,26.8989601135254,0,4.58735084533691,0.016658
1991-11-16,26.2789630889893,0.306207299232483,3.3770797252655,0.016658
1991-11-17,27.068883895874,0.475432217121124,3.72480845451355,0.057486
1991-11-18,26.0305557250977,6.46506023406982,2.33823680877686,0.120689
1991-11-19,25.6285495758057,9.92916679382324,1.82450985908508,0.199406
1991-11-20,25.7720069885254,8.62370586395264,2.36226010322571,0.284982
1991-11-21,26.6480464935303,3.28350758552551,3.75929427146912,0.413347
1991-11-22,25.8430156707764,1.56305241584778,3.40322470664978,0.495004
1991-11-23,24.9079475402832,14.3686141967773,3.61569714546204,0.543835
1991-11-24,24.8089447021484,0.418042659759522,3.70668911933899,0.556246
1991-11-25,25.1186561584473,0.984647154808044,3.8395311832428,0.568822
1991-11-26,25.7396183013916,0.678261518478394,4.17944383621216,0.507089
1991-11-27,25.9368362426758,0.157380044460297,3.38626289367676,0.413347
1991-11-28,26.0468978881836,0.61418342590332,4.43668174743652,0.357984
1991-11-29,25.4612636566162,0.147716999053955,4.33430528640747,0.347205
1991-11-30,25.7061233520508,0.196270704269409,4.89978456497192,0.295108
1991-12-01,26.4316692352295,0.0366650223731995,4.67448139190674,0.199406
1991-12-02,27.5715217590332,1.62706351280212,3.51713728904724,0.140123
1991-12-03,25.9260005950928,7.79965925216675,2.50704789161682,0.090149
1991-12-04,26.1409244537354,13.0871162414551,2.94747281074524,0.090149
1991-12-05,25.8456993103027,0.96367621421814,4.50042724609375,0.090149
1991-12-06,27.0188446044922,1.00651395320892,4.96278476715088,0.090149
1991-12-07,26.0912895202637,0.00037266276194714,5.0574426651001,0.064836
1991-12-08,27.1440734863281,0.00305183813907206,4.08878564834595,0.044421
1991-12-09,27.1183853149414,0.00283844769001007,4.3349609375,0.033316
1991-12-10,27.3921127319336,0.0411028601229191,4.65685367584229,0.033316
1991-12-11,28.0544853210449,0.7772656083107,5.04299068450928,0.033316
1991-12-12,28.0792026519775,1.23079189506825e-06,4.74407148361206,0.033316
1991-12-13,28.1788444519043,0.0471762008965015,5.72642087936401,0.033316
1991-12-14,27.2423439025879,0.00199887342751026,4.95940351486206,0.033316
1991-12-15,27.6334838867188,0.000129922977066599,4.97512340545654,0.033316
1991-12-16,27.8568706512451,0.26349738240242,4.86933851242065,0.02417
1991-12-17,27.2775096893311,0.0217313803732395,4.88883590698242,0.02417
1991-12-18,27.0655269622803,0.128345817327499,4.27114391326904,0.020251
1991-12-19,27.7439479827881,0.0066130911000073,5.47028493881226,0.013555
1991-12-20,27.0883407592773,0.00135191378649324,5.08683347702026,0.010779
1991-12-21,27.2277145385742,0.00149678520392627,4.82258796691895,0.010779
1991-12-22,28.1940155029297,0.000471947103505954,5.12256956100464,0.010779
1991-12-23,26.7636795043945,0.535836696624756,4.38518238067627,0.006533
1991-12-24,27.9428863525391,0.178389221429825,5.08619213104248,0.006533
1991-12-25,27.3744659423828,0.0714288800954819,4.33760833740234,0.006533
1991-12-26,27.127082824707,0,5.01085042953491,0.006533
1991-12-27,27.3117027282715,0.000861912034451962,5.0901894569397,0.006533
1991-12-28,27.3251152038574,0.0141878724098206,4.46725177764893,0.004736
1991-12-29,27.7358932495117,0.0268978420644999,5.31415796279907,0.004736
1991-12-30,27.7171268463135,0.0220556613057852,4.11262845993042,0.004736
1991-12-31,27.2802143096924,2.55509257316589,3.58582854270935,0.002286
1992-01-01,27.6991939544678,0.929989278316498,4.46972799301147,0.002286
1992-01-02,27.1511478424072,0.376338243484497,5.50751066207886,0.002286
1992-01-03,27.5072841644287,0.0418993830680847,5.55002927780151,0.002286
1992-01-04,27.4978904724121,0.00220005912706256,5.74450254440308,0.002286
1992-01-05,27.3868522644043,0.0223495811223984,5.69780397415161,0.002286
1992-01-06,27.9204196929932,0,5.3269829750061,0.00147
1992-01-07,28.6324901580811,0.100558504462242,4.41494512557983,0.000817
1992-01-08,27.9813747406006,5.31657695770264,3.93508982658386,0.000327
1992-01-09,28.2866802215576,2.6573441028595,3.79824876785278,0.000327
1992-01-10,28.0504913330078,1.78933203220367,4.87907218933106,0.002286
1992-01-11,26.5302429199219,3.58673048019409,2.52201390266418,0.00343
1992-01-12,27.3337936401367,9.28253650665283,2.67174959182739,0.00343
1992-01-13,26.8313083648682,4.81828784942627,3.03210258483887,0.006533
1992-01-14,26.5322036743164,5.12931537628174,3.07674884796143,0.006533
1992-01-15,25.2383537292481,1.38078224658966,1.25811803340912,0.016658
1992-01-16,27.5433387756348,5.74032974243164,3.5525598526001,0.033316
1992-01-17,26.8990783691406,0.906398773193359,4.07739210128784,0.033316
1992-01-18,28.1447811126709,0.716189026832581,4.46976900100708,0.033316
1992-01-19,28.3381099700928,1.5036358833313,5.06062841415405,0.038542
1992-01-20,28.2034816741943,1.21256160736084,4.21135234832764,0.050627
1992-01-21,27.617603302002,1.52683091163635,4.05584526062012,0.057486
1992-01-22,27.7304935455322,11.216588973999,3.93412899971008,0.057486
1992-01-23,26.8749961853027,4.52842569351196,3.40767359733582,0.072675
1992-01-24,26.9413547515869,0.893850982189179,2.41928601264954,0.072675
1992-01-25,25.7683639526367,8.21239757537842,1.5936815738678,0.081167
1992-01-26,24.7648849487305,24.907434463501,1.60604703426361,0.120689
1992-01-27,24.7818698883057,48.2247543334961,1.48786413669586,0.16462
1992-01-28,24.123233795166,24.3853244781494,0.64051765203476,0.181768
1992-01-29,24.2530250549316,22.6875743865967,0.872195363044739,0.181768
1992-01-30,24.3091812133789,31.4247398376465,1.48096334934235,0.199406
1992-01-31,24.3170337677002,10.7145700454712,1.67559146881104,0.217534
1992-02-01,25.2385959625244,12.2100296020508,2.72621011734009,0.217534
1992-02-02,25.1189708709717,8.86183071136475,2.00169968605042,0.236152
1992-02-03,24.648042678833,4.05693435668945,1.73714029788971,0.295108
1992-02-04,24.2169322967529,11.4602031707764,1.72964763641357,0.447806
1992-02-05,25.244649887085,16.1544857025147,2.08892273902893,0.645742
1992-02-06,25.5558528900147,17.9423694610596,2.96463513374329,0.823101
1992-02-07,25.590030670166,14.69176197052,2.95680451393127,0.9985
1992-02-08,25.4294719696045,15.3205070495605,2.55316424369812,0.924029
1992-02-09,24.6381931304932,5.36597537994385,1.44386208057404,0.823101
1992-02-10,24.9432926177979,14.5553016662598,2.77603220939636,0.712211
1992-02-11,23.1787796020508,7.90719795227051,1.32328808307648,0.632677
1992-02-12,23.3237266540527,18.4165058135986,1.3146744966507,0.581397
1992-02-13,24.0251960754395,7.29356575012207,2.57713675498962,0.556246
1992-02-14,25.2672710418701,4.31152868270874,2.88959860801697,0.495004
1992-02-15,26.4201774597168,1.53038763999939,4.79077911376953,0.436211
1992-02-16,25.5403614044189,0.891615688800812,3.84264230728149,0.357984
1992-02-17,25.3798580169678,3.02594971656799,3.28269243240356,0.347205
1992-02-18,25.9868583679199,1.51132047176361,3.63550424575806,0.347205
1992-02-19,25.7321262359619,7.95773506164551,2.98470282554626,0.295108
1992-02-20,26.2695446014404,3.67548441886902,3.70121121406555,0.255423
1992-02-21,26.039457321167,4.19250011444092,2.91072130203247,0.245787
1992-02-22,26.2898330688477,3.42046284675598,4.22351217269897,0.208388
1992-02-23,26.46067237854,1.39639925956726,4.36661100387573,0.156291
1992-02-24,25.582555770874,1.91285312175751,3.4743447303772,0.148126
1992-02-25,25.2812633514404,1.21436524391174,3.44967675209045,0.148126
1992-02-26,25.9476699829102,1.88227486610413,2.09813714027405,0.132284
1992-02-27,27.2257823944092,2.90412139892578,4.28957271575928,0.090149
1992-02-28,26.1871089935303,1.04227912425995,4.10584497451782,0.090149
1992-02-29,25.0233707427979,10.996862411499,4.88855075836182,0.072675
1992-03-01,25.5314807891846,0.243014514446259,4.77931451797485,0.02417
1992-03-02,25.3694362640381,0.732116103172302,4.1087384223938,0.02417
1992-03-03,25.8648643493652,2.86202144622803,3.56750679016113,0.02417
1992-03-04,26.4237766265869,0.497087866067886,4.39104795455933,0.016658
1992-03-05,26.5145320892334,0.520107984542847,4.84948301315308,0.016658
1992-03-06,24.8087692260742,1.01541602611542,3.31736373901367,0.033316
1992-03-07,26.779972076416,1.32628107070923,3.87662315368652,0.064836
1992-03-08,26.1809139251709,3.82649254798889,3.48915219306946,0.072675
1992-03-09,26.132511138916,4.50901508331299,3.17953658103943,0.072675
1992-03-10,25.8269939422607,8.01670742034912,3.5701744556427,0.090149
1992-03-11,26.4667739868164,0.591574668884277,4.57346200942993,0.090149
1992-03-12,26.4591217041016,8.00995349884033,3.26568603515625,0.10991
1992-03-13,26.027135848999,12.2515249252319,3.0185444355011,0.132284
1992-03-14,27.0361442565918,3.75491857528687,4.00092744827271,0.099785
1992-03-15,26.4436130523682,3.45226049423218,3.94001460075378,0.099785
1992-03-16,26.9249629974365,0.413078367710114,4.33781147003174,0.081167
1992-03-17,27.1323642730713,0.590106785297394,3.68545055389404,0.072675
1992-03-18,26.9228229522705,0.771325349807739,4.05281448364258,0.072675
1992-03-19,26.0410804748535,0.327488034963608,3.42956876754761,0.072675
1992-03-20,26.6441211700439,0.242629691958427,4.38241195678711,0.057486
1992-03-21,25.6295318603516,0.000221827649511397,4.43504095077515,0.050627
1992-03-22,25.372953414917,3.23928737640381,2.39073705673218,0.050627
1992-03-23,25.6788520812988,4.11881399154663,3.50519895553589,0.050627
1992-03-24,25.9214763641357,1.33734738826752,3.14189195632935,0.044421
1992-03-25,25.8731155395508,0.912170648574829,3.35615468025208,0.044421
1992-03-26,25.5663185119629,1.13597333431244,3.59627866744995,0.044421
1992-03-27,25.8511085510254,0.883402705192566,3.79753494262695,0.038542
1992-03-28,25.6699047088623,0.88783597946167,3.17126393318176,0.038542
1992-03-29,25.4853897094727,1.80491375923157,3.34775829315186,0.033316
1992-03-30,25.9042377471924,1.40221893787384,3.751051902771,0.033316
1992-03-31,25.9690589904785,4.19897747039795,3.67274737358093,0.033316
1992-04-01,25.1559619903565,2.07479906082153,3.4884021282196,0.033316
1992-04-02,26.0481643676758,1.8330751657486,3.08980083465576,0.038542
1992-04-03,26.2370986938477,2.80036354064941,3.6442403793335,0.050627
1992-04-04,26.1439342498779,1.03898477554321,3.83544325828552,0.057486
1992-04-05,25.7660827636719,1.81308150291443,3.1767303943634,0.050627
1992-04-06,26.3712158203125,0.761815011501312,3.38842225074768,0.033316
1992-04-07,25.9052982330322,1.24952042102814,3.48431491851807,0.02858
1992-04-08,27.3328857421875,0.56093841791153,3.84297466278076,0.02858
1992-04-09,27.3436985015869,1.24940311908722,3.67717862129211,0.02858
1992-04-10,25.8855056762695,1.20917427539825,3.11557626724243,0.02858
1992-04-11,25.9274101257324,4.14908123016357,3.21369004249573,0.02858
1992-04-12,25.9481372833252,1.9185403585434,3.70032382011414,0.044421
1992-04-13,25.047306060791,0.954326629638672,3.45912480354309,0.057486
1992-04-14,26.3493251800537,0.874042093753815,3.06790542602539,0.090149
1992-04-15,26.6330833435059,1.26609301567078,3.11050343513489,0.099785
1992-04-16,26.764440536499,0.152799904346466,3.90121269226074,0.064836
1992-04-17,26.7420749664307,0.000207823977689259,3.56199288368225,0.064836
1992-04-18,27.2684993743897,0.180743619799614,3.45420169830322,0.057486
1992-04-19,26.6254482269287,0.765879213809967,3.55949234962463,0.057486
1992-04-20,27.184720993042,0.148322090506554,4.26974058151245,0.044421
1992-04-21,27.399435043335,0.0265882071107626,4.08066034317017,0.033316
1992-04-22,27.6916084289551,0.490065157413483,3.75757217407227,0.02858
1992-04-23,27.1235237121582,0.53246396780014,4.22114896774292,0.02858
1992-04-24,25.9191646575928,0.0192261170595884,3.63694334030151,0.02417
1992-04-25,25.5324668884277,0.00936642941087484,3.11570572853088,0.02417
1992-04-26,26.2223358154297,0.988866209983826,2.94457483291626,0.02417
1992-04-27,26.6049175262451,2.48197150230408,3.4066743850708,0.02417
1992-04-28,26.1148662567139,0.804456949234009,3.73389768600464,0.02417
1992-04-29,25.7002773284912,0.701768696308136,3.05333852767944,0.02417
1992-04-30,26.6326484680176,0.157560467720032,3.14859294891357,0.02417
1992-05-01,26.7338962554932,0.270597994327545,3.3812460899353,0.02417
1992-05-02,27.4310169219971,0.4052794277668,3.77397322654724,0.02417
1992-05-03,26.141263961792,0.831620275974274,3.25259399414063,0.02417
1992-05-04,25.2839317321777,0.921887278556824,2.65455651283264,0.02417
1992-05-05,25.0120944976807,0.686703383922577,2.83732295036316,0.033316
1992-05-06,25.5919189453125,0.0781781524419785,3.64578151702881,0.044421
1992-05-07,26.5466194152832,0.208638161420822,2.94588088989258,0.044421
1992-05-08,26.1192817687988,2.44609022140503,3.17133760452271,0.044421
1992-05-09,26.6182842254639,1.01545691490173,3.20250749588013,0.038542
1992-05-10,26.5510272979736,5.46138906478882,3.23411226272583,0.038542
1992-05-11,25.6070804595947,3.64357948303223,2.86195278167725,0.033316
1992-05-12,25.078914642334,1.34712684154511,2.49017643928528,0.033316
1992-05-13,25.4984664916992,1.26431953907013,3.06160879135132,0.033316
1992-05-14,24.7652587890625,0.774903535842896,3.6190230846405,0.044421
1992-05-15,25.2064895629883,0.0107435276731849,3.56779599189758,0.044421
1992-05-16,24.2626705169678,0.465244710445404,2.65886354446411,0.044421
1992-05-17,24.2603416442871,0.0158563777804375,3.67477679252625,0.044421
1992-05-18,25.5329093933106,0,3.67550301551819,0.044421
1992-05-19,26.6465892791748,0.000858948740642518,3.64168095588684,0.038542
1992-05-20,26.4044647216797,0.0122922100126743,3.57722306251526,0.02858
1992-05-21,26.2741584777832,0.0130132669582963,3.3981499671936,0.02858
1992-05-22,24.9813003540039,1.16517758369446,2.88052344322205,0.02417
1992-05-23,25.0096340179443,0.281917333602905,3.43172168731689,0.02417
1992-05-24,24.9158306121826,0.0275815352797508,3.2194037437439,0.02417
1992-05-25,25.2730197906494,0.4565549492836,2.9429874420166,0.038542
1992-05-26,24.2403621673584,0.573997914791107,2.52715253829956,0.064836
1992-05-27,24.978235244751,2.84027886390686,2.79334855079651,0.090149
1992-05-28,24.8111629486084,5.25506496429443,2.81036067008972,0.099785
1992-05-29,25.169412612915,2.47642111778259,3.10394549369812,0.099785
1992-05-30,25.5807018280029,0.536027252674103,2.86845326423645,0.072675
1992-05-31,25.0277996063232,2.64306879043579,2.71327304840088,0.072675
1992-06-01,24.572099685669,1.95608508586884,3.04039335250855,0.072675
1992-06-02,24.7846851348877,0.895998418331146,2.67744755744934,0.072675
1992-06-03,25.1613235473633,1.90045249462128,2.42805314064026,0.072675
1992-06-04,25.3716220855713,3.37992238998413,2.90056371688843,0.072675
1992-06-05,23.4619369506836,0.331316083669663,2.51181411743164,0.072675
1992-06-06,22.5133304595947,1.08958542346954,2.29546666145325,0.064836
1992-06-07,24.5967960357666,0.138915494084358,3.30734753608704,0.057486
1992-06-08,24.6094379425049,0.329777717590332,2.5994246006012,0.057486
1992-06-09,24.942907333374,0.126659855246544,3.11008334159851,0.057486
1992-06-10,23.4433250427246,0.100257813930511,2.65518927574158,0.050627
1992-06-11,24.1304206848145,0.347760111093521,2.82847952842712,0.072675
1992-06-12,24.7898235321045,1.41346490383148,2.33589100837708,0.072675
1992-06-13,22.7210178375244,7.79460906982422,0.990515947341919,0.072675
1992-06-14,22.8936042785645,5.05166006088257,2.0793023109436,0.072675
1992-06-15,22.9329814910889,10.4762325286865,2.25661945343018,0.072675
1992-06-16,23.1268157958984,3.29297566413879,3.25140237808228,0.090149
1992-06-17,23.5348377227783,2.39853143692017,2.91561818122864,0.090149
1992-06-18,22.2145404815674,2.79095602035522,1.90650856494904,0.090149
1992-06-19,23.2548027038574,0.965659916400909,2.75267720222473,0.090149
1992-06-20,21.8134098052979,5.30386543273926,0.643544614315033,0.090149
1992-06-21,24.1305236816406,4.6105489730835,3.04067039489746,0.099785
1992-06-22,23.1864700317383,13.1095333099365,1.76035308837891,0.10991
1992-06-23,23.1838359832764,9.06949043273926,2.15157175064087,0.10991
1992-06-24,23.0823383331299,4.05884218215942,2.23798131942749,0.132284
1992-06-25,23.5737361907959,3.02318286895752,2.62410140037537,0.132284
1992-06-26,23.0552597045898,2.53067350387573,2.28005743026733,0.10991
1992-06-27,23.4945468902588,7.898362159729,1.83704113960266,0.099785
1992-06-28,23.6473770141602,2.54168200492859,2.00801181793213,0.099785
1992-06-29,23.2063694000244,1.33978044986725,2.66275215148926,0.090149
1992-06-30,23.6284294128418,0.817560493946075,2.39391851425171,0.090149
1992-07-01,23.7770938873291,1.70705759525299,2.47328233718872,0.090149
1992-07-02,24.6309013366699,0.942363977432251,2.42643737792969,0.090149
1992-07-03,24.0380191802979,1.17526912689209,2.55456519126892,0.090149
1992-07-04,22.7345886230469,3.28962540626526,1.55047082901001,0.099785
1992-07-05,22.528284072876,11.3358640670776,2.14697122573853,0.120689
1992-07-06,23.6436614990234,3.15519833564758,2.84551239013672,0.120689
1992-07-07,23.1646404266357,1.44741499423981,1.96322798728943,0.120689
1992-07-08,22.869010925293,4.35614061355591,1.99462878704071,0.10991
1992-07-09,22.8650169372559,1.36579287052155,2.43748378753662,0.099785
1992-07-10,22.7290554046631,1.81848466396332,2.46828985214233,0.090149
1992-07-11,21.890157699585,1.66593706607819,2.1361358165741,0.090149
1992-07-12,22.2302093505859,1.90392017364502,2.33324885368347,0.090149
1992-07-13,22.7275218963623,2.5358350276947,2.50276732444763,0.090149
1992-07-14,22.6813812255859,3.69088363647461,1.93601143360138,0.081167
1992-07-15,23.0099124908447,2.04921507835388,2.53435516357422,0.072675
1992-07-16,22.8581485748291,2.53756952285767,2.7199285030365,0.072675
1992-07-17,22.8053112030029,1.87843453884125,2.53585886955261,0.072675
1992-07-18,22.5913619995117,2.68954086303711,2.25123310089111,0.072675
1992-07-19,22.5525569915772,0.621099352836609,2.39754414558411,0.072675
1992-07-20,22.1458263397217,1.84406280517578,2.93420672416687,0.10991
1992-07-21,22.0044364929199,1.39148545265198,1.89522552490234,0.156291
1992-07-22,22.6555652618408,4.50758934020996,2.14190268516541,0.255423
1992-07-23,22.8157749176025,4.40884304046631,2.43223118782043,0.255423
1992-07-24,22.1452159881592,7.58734560012817,2.18048024177551,0.284982
1992-07-25,21.9804878234863,8.81285285949707,2.3056275844574,0.33659
1992-07-26,21.550874710083,10.1035900115967,1.76968908309937,0.33659
1992-07-27,21.4600429534912,15.7148942947388,1.62391328811646,0.357984
1992-07-28,21.2425117492676,6.18844509124756,2.55234265327454,0.305233
1992-07-29,21.7724990844727,2.21898889541626,2.63510942459106,0.255423
1992-07-30,21.4681625366211,0.476011067628861,2.61196684837341,0.245787
1992-07-31,21.1857814788818,0.110416494309902,2.71718311309814,0.199406
1992-08-01,21.7563552856445,0.537279307842255,2.60042190551758,0.181768
1992-08-02,22.615255355835,0.408644586801529,2.71717238426209,0.208388
1992-08-03,21.9596538543701,1.44354796409607,2.2549786567688,0.217534
1992-08-04,22.0328845977783,1.84353506565094,2.51636934280396,0.217534
1992-08-05,21.7403564453125,3.73233819007874,2.28779792785645,0.217534
1992-08-06,20.9471302032471,2.70113110542297,2.64953446388245,0.217534
1992-08-07,21.7643661499023,2.19508957862854,2.76018524169922,0.217534
1992-08-08,21.7285118103027,0.743542492389679,3.02204513549805,0.199406
1992-08-09,21.8878612518311,0.953306317329407,2.6135995388031,0.190587
1992-08-10,22.2787837982178,1.53281879425049,2.45516681671143,0.181768
1992-08-11,21.9818172454834,4.08611965179443,2.51744890213013,0.181768
1992-08-12,22.385892868042,0.917033493518829,2.54314827919006,0.173113
1992-08-13,22.4000930786133,1.24988293647766,2.79860353469849,0.148126
1992-08-14,23.7125720977783,1.21678125858307,3.07199740409851,0.120689
1992-08-15,22.8628120422363,0.755615592002869,2.8678457736969,0.10991
1992-08-16,23.0267066955566,4.23798656463623,2.19724488258362,0.10991
1992-08-17,22.1511669158936,6.11028385162354,1.85849046707153,0.10991
1992-08-18,22.1528415679932,1.91681468486786,2.73267388343811,0.10991
1992-08-19,22.4183197021484,1.89764153957367,2.53845310211182,0.10991
1992-08-20,22.819616317749,0.647082090377808,2.8183445930481,0.132284
1992-08-21,22.0486316680908,0.309851497411728,2.63233876228333,0.132284
1992-08-22,22.3499889373779,2.54091668128967,2.62974643707275,0.132284
1992-08-23,21.3545436859131,0.46249458193779,2.61129355430603,0.132284
1992-08-24,21.5026454925537,0.0399441346526146,3.94388699531555,0.10991
1992-08-25,22.8464775085449,0,3.96995615959168,0.099785
1992-08-26,22.3930835723877,0.492771536111832,2.64635014533997,0.099785
1992-08-27,23.9548721313477,0.0624934434890747,3.4534924030304,0.090149
1992-08-28,23.6744499206543,0.175547614693642,3.40270924568176,0.090149
1992-08-29,23.996114730835,0.0252210088074207,3.83530163764954,0.090149
1992-08-30,22.6152896881104,0.306968867778778,3.15703749656677,0.090149
1992-08-31,23.4059238433838,0.241141885519028,3.28314113616943,0.090149
1992-09-01,23.0132923126221,0.713326930999756,3.21038961410522,0.081167
1992-09-02,23.5886783599854,1.16978597640991,3.48080825805664,0.072675
1992-09-03,22.7436351776123,0.249748021364212,3.10745286941528,0.072675
1992-09-04,23.6732368469238,2.87382912635803,3.43123841285706,0.072675
1992-09-05,22.5433254241943,0.145328685641289,3.14392924308777,0.072675
1992-09-06,23.5936985015869,0.368462979793549,3.21701979637146,0.072675
1992-09-07,25.1973323822022,1.11169838905334,3.60509943962097,0.057486
1992-09-08,25.3456344604492,0.741667211055756,3.82593727111816,0.057486
1992-09-09,23.0516471862793,5.69842004776001,1.32951831817627,0.057486
1992-09-10,22.9242534637451,4.05828046798706,2.46675205230713,0.057486
1992-09-11,22.4669628143311,0.872853875160217,2.95520615577698,0.064836
1992-09-12,22.5770168304443,0.902093768119812,3.24654865264893,0.064836
1992-09-13,22.6589527130127,0.568672597408295,3.27234196662903,0.072675
1992-09-14,23.3270053863525,0.5895174741745,3.50925707817078,0.090149
1992-09-15,23.3390560150147,2.65369462966919,3.47705817222595,0.090149
1992-09-16,23.1855583190918,0.835810542106628,3.21412706375122,0.090149
1992-09-17,23.829719543457,1.50672376155853,3.52266407012939,0.090149
1992-09-18,24.5653324127197,2.60246276855469,3.82342195510864,0.099785
1992-09-19,23.3824577331543,0.662700355052948,4.15996885299683,0.120689
1992-09-20,22.7594203948975,1.27092182636261,3.36380171775818,0.132284
1992-09-21,23.9011669158936,0.740645945072174,3.31100559234619,0.132284
1992-09-22,23.1880130767822,0.815751194953919,2.75563907623291,0.120689
1992-09-23,23.7382965087891,3.3346209526062,3.35383176803589,0.099785
1992-09-24,23.7229137420654,1.76935982704163,3.15692901611328,0.090149
1992-09-25,24.4796123504639,4.53452062606812,3.75077128410339,0.090149
1992-09-26,24.6280498504639,0.480867803096771,4.35949182510376,0.072675
1992-09-27,25.0414543151856,0.0669112056493759,4.18964242935181,0.072675
1992-09-28,24.8252639770508,0.124409601092339,3.58770346641541,0.064836
1992-09-29,25.4652614593506,0.0494200177490711,4.44456434249878,0.057486
1992-09-30,23.5076293945313,0.0362800173461437,4.14652633666992,0.057486
1992-10-01,23.6394386291504,0.300452798604965,3.52377724647522,0.057486
1992-10-02,25.2654857635498,0.0811040177941322,4.50765752792358,0.057486
1992-10-03,23.8882942199707,0,4.99212312698364,0.057486
1992-10-04,23.9149799346924,1.05852086562663e-06,5.25545024871826,0.057486
1992-10-05,23.893144607544,0.00197205389849842,3.92833709716797,0.057486
1992-10-06,26.2143707275391,0.0207170359790325,4.95078659057617,0.050627
1992-10-07,26.533727645874,0.0457092970609665,4.63157653808594,0.038542
1992-10-08,26.239933013916,0.106455773115158,5.03079843521118,0.033316
1992-10-09,25.3221054077148,0.00117251207120717,5.06570911407471,0.033316
1992-10-10,26.2672271728516,2.57229658018332e-06,5.09647846221924,0.033316
1992-10-11,26.1670074462891,0.0244848169386387,4.25170183181763,0.033316
1992-10-12,24.6159420013428,0.295967906713486,3.40878248214722,0.033316
1992-10-13,26.3238945007324,0.00983902625739574,4.68400049209595,0.020251
1992-10-14,25.8267021179199,0.00019858249288518,5.51357889175415,0.016658
1992-10-15,25.8347949981689,0.058042723685503,4.06751012802124,0.016658
1992-10-16,25.2456607818604,1.59243834018707,4.25616836547852,0.016658
1992-10-17,25.2553844451904,0.304445147514343,3.96478319168091,0.016658
1992-10-18,25.0885372161865,0.0368572846055031,4.2414493560791,0.016658
1992-10-19,25.359806060791,0.629145681858063,4.42526197433472,0.016658
1992-10-20,24.4521579742432,0.141020461916924,4.00127172470093,0.016658
1992-10-21,26.6835289001465,0.141854494810104,3.86546635627747,0.016658
1992-10-22,27.3095092773438,0,5.16384696960449,0.013555
1992-10-23,27.3532600402832,0.765150785446167,4.54796886444092,0.013555
1992-10-24,25.5681419372559,0.213446915149689,3.94203472137451,0.010779
1992-10-25,25.7272167205811,0.447019875049591,4.18557834625244,0.010779
1992-10-26,25.5478954315186,0.180649489164352,3.97820711135864,0.008492
1992-10-27,25.585355758667,0.542419970035553,4.10191917419434,0.008492
1992-10-28,26.6498107910156,1.42885398864746,5.00764465332031,0.008492
1992-10-29,27.427209854126,0.036144457757473,4.90376329421997,0.008492
1992-10-30,27.6842403411865,0.145253226161003,5.29501914978027,0.008492
1992-10-31,26.8217258453369,0.0480972118675709,4.41442918777466,0.008492
1992-11-01,27.3816986083984,0.0989081412553787,5.16432189941406,0.008492
1992-11-02,25.0032920837402,1.90856206417084,1.81004011631012,0.008492
1992-11-03,27.1126403808594,1.55330955982208,4.51192569732666,0.013555
1992-11-04,26.2923908233643,3.02007412910461,3.27496790885925,0.02417
1992-11-05,23.9848175048828,6.09221458435059,1.68774747848511,0.02417
1992-11-06,24.0957469940186,2.61619257926941,2.22481179237366,0.02858
1992-11-07,24.9938182830811,0.437006801366806,3.97067546844482,0.02858
1992-11-08,26.1709671020508,0.400081366300583,4.44303941726685,0.02858
1992-11-09,25.8892440795898,0.0257651079446077,4.30014657974243,0.02858
1992-11-10,26.3591499328613,0.103861927986145,5.10319566726685,0.02858
1992-11-11,25.2455272674561,0.604306936264038,4.18889665603638,0.02858
1992-11-12,24.6425457000732,0.0716388151049614,4.3359866142273,0.020251
1992-11-13,25.5095844268799,0.0412563197314739,4.55776929855347,0.016658
1992-11-14,26.3173828125,0.347387343645096,4.51758527755737,0.010779
1992-11-15,26.6800651550293,0.0591846667230129,5.04274654388428,0.006533
1992-11-16,26.5799026489258,0.0235830787569284,4.89968872070313,0.006533
1992-11-17,26.796516418457,0,5.39864635467529,0.006533
1992-11-18,26.8017024993897,0.0163302551954985,5.35286092758179,0.004736
1992-11-19,27.0857715606689,0.0404089242219925,3.59109950065613,0.004736
1992-11-20,26.8668308258057,0.0445888265967369,4.82113218307495,0.004736
1992-11-21,27.2253437042236,0.00651650875806809,4.87246131896973,0.004736
1992-11-22,26.2485694885254,0.75283282995224,3.5302529335022,0.004736
1992-11-23,26.4160614013672,4.40739727020264,4.70717334747315,0.00343
1992-11-24,27.040657043457,0.0994090959429741,5.23846864700317,0.002286
1992-11-25,26.4477634429932,0.582221210002899,4.46118402481079,0.002286
1992-11-26,27.0245990753174,0.445387691259384,4.81598377227783,0.006533
1992-11-27,27.289981842041,0.00767684355378151,4.65889930725098,0.010779
1992-11-28,27.131706237793,0.997878909111023,4.60126686096191,0.016658
1992-11-29,25.541145324707,11.2748680114746,1.96245324611664,0.016658
1992-11-30,22.3737831115723,52.7128219604492,0.525731205940247,0.02417
1992-12-01,24.4155216217041,10.7398490905762,2.4505341053009,0.02858
1992-12-02,26.3177642822266,1.95198035240173,4.47428703308105,0.02858
1992-12-03,26.3914184570313,0.159817948937416,4.44144535064697,0.02858
1992-12-04,26.1562271118164,0.0569356046617031,4.79727649688721,0.02858
1992-12-05,24.6771869659424,0.00358794583007693,4.05885171890259,0.02417
1992-12-06,25.5531196594238,0.208968073129654,3.7014274597168,0.016658
1992-12-07,26.3550758361816,0.567656517028809,4.52413415908814,0.016658
1992-12-08,25.9220676422119,0.674188733100891,4.22949171066284,0.016658
1992-12-09,25.0048732757568,1.47631597518921,1.8731232881546,0.02858
1992-12-10,25.8785133361816,26.5080890655518,2.63845586776733,0.044421
1992-12-11,26.7899932861328,3.70628333091736,4.23691272735596,0.057486
1992-12-12,26.6083984375,0.421581715345383,4.84962129592896,0.057486
1992-12-13,26.7095394134522,1.04975974559784,3.09760999679565,0.057486
1992-12-14,24.5266437530518,18.1668491363525,0.79968136548996,0.057486
1992-12-15,24.1445865631104,21.1390495300293,1.43380892276764,0.057486
1992-12-16,25.812047958374,5.51575756072998,3.73740768432617,0.057486
1992-12-17,25.6533737182617,0.0436395891010761,4.46103572845459,0.050627
1992-12-18,25.5427379608154,0.00915719475597143,3.95569157600403,0.050627
1992-12-19,26.7253971099854,0.00398829486221075,4.74669218063355,0.044421
1992-12-20,26.2889137268066,0,5.01383876800537,0.033316
1992-12-21,25.7872924804688,9.41699327086098e-05,5.35572338104248,0.033316
1992-12-22,26.0888576507568,4.69750120828394e-05,4.71147441864014,0.033316
1992-12-23,26.0992336273193,0.148337379097939,4.56296443939209,0.033316
1992-12-24,26.0719013214111,0.00976115185767412,5.00800132751465,0.02858
1992-12-25,25.6897010803223,0.0285882689058781,4.29237604141235,0.02858
1992-12-26,26.1905746459961,1.85353874257999e-05,5.46011066436768,0.02858
1992-12-27,26.8497734069824,4.17984447267372e-05,5.33627796173096,0.02858
1992-12-28,26.7228221893311,4.07208633422852,3.40480875968933,0.02858
1992-12-29,25.7947082519531,0.297103554010391,2.97230100631714,0.02858
1992-12-30,26.258373260498,0.0713995695114136,4.51134634017944,0.02417
1992-12-31,25.1238975524902,0.896257221698761,4.03071689605713,0.013555
1993-01-01,25.4561576843262,0.23121303319931,4.33344125747681,0.010779
1993-01-02,26.5313110351563,0.207828149199486,4.48875713348389,0.010779
1993-01-03,25.9703006744385,0.00473444163799286,4.9877290725708,0.008492
1993-01-04,27.1541194915772,0.000835023238323629,5.39231872558594,0.004736
1993-01-05,28.5223121643066,0.098303385078907,5.57019567489624,0.004736
1993-01-06,27.8274364471436,0.742355227470398,4.96827793121338,0.004736
1993-01-07,27.8393173217773,0.697333931922913,4.90188837051392,0.004736
1993-01-08,27.348840713501,0.343517541885376,5.26977634429932,0.004736
1993-01-09,27.8922748565674,0.0733021423220635,5.26613140106201,0.004736
1993-01-10,27.9000492095947,0.23663704097271,4.96766519546509,0.004736
1993-01-11,27.4749088287354,0.659214377403259,4.78704023361206,0.004736
1993-01-12,26.7813377380371,0.883985817432404,5.25871562957764,0.004736
1993-01-13,27.1845188140869,0.791231155395508,5.3729772567749,0.006533
1993-01-14,26.3917789459229,1.04931676387787,3.57863306999207,0.006533
1993-01-15,25.8644046783447,3.88729190826416,4.04051923751831,0.010779
1993-01-16,26.6550960540772,0.945444583892822,4.71098375320435,0.010779
1993-01-17,26.6978187561035,0.0177803784608841,4.61896324157715,0.02858
1993-01-18,27.0135765075684,0.160284861922264,4.16646385192871,0.099785
1993-01-19,27.0346660614014,7.2650260925293,3.58089756965637,0.156291
1993-01-20,28.0295124053955,4.71897268295288,4.83438062667847,0.081167
1993-01-21,26.6333084106445,1.35947954654694,4.23929357528687,0.033316
1993-01-22,26.6886768341064,0.0905394330620766,4.77304649353027,0.016658
1993-01-23,27.1109752655029,0.245222464203835,4.75479221343994,0.010779
1993-01-24,27.1913585662842,0.726574838161469,5.0372896194458,0.008492
1993-01-25,25.3406829833984,0.410693436861038,4.31893634796143,0.006533
1993-01-26,26.4284820556641,0.402228713035584,4.37175893783569,0.006533
1993-01-27,25.9576416015625,0.497176796197891,4.46925115585327,0.006533
1993-01-28,26.5686283111572,0.0639756843447685,5.28380584716797,0.004736
1993-01-29,27.165018081665,0.737273275852203,3.59064912796021,0.004736
1993-01-30,26.4520168304443,0.873454988002777,4.42041873931885,0.004736
1993-01-31,27.0573844909668,0.581445157527924,5.08449697494507,0.004736
1993-02-01,26.869873046875,2.15350770950317,4.34284353256226,0.004736
1993-02-02,27.3270149230957,1.82823097705841,4.95377969741821,0.004736
1993-02-03,26.9044799804688,0.00134151161182672,4.86435890197754,0.004736
1993-02-04,27.2830238342285,0.283859521150589,4.74334716796875,0.004736
1993-02-05,27.2188129425049,0.35720294713974,4.16015481948853,0.00343
1993-02-06,27.5526237487793,1.49287188053131,4.79746007919312,0.00343
1993-02-07,27.4458618164063,0.000939359422773123,5.0449914932251,0.00343
1993-02-08,28.0213775634766,0.633523285388947,5.14990472793579,0.008492
1993-02-09,27.8590869903564,0.0756992250680924,5.07489395141602,0.016658
1993-02-10,27.6412963867188,0.464725524187088,4.22478437423706,0.020251
1993-02-11,27.4384632110596,0.273911863565445,4.86237382888794,0.02858
1993-02-12,27.9319458007813,0.292007833719254,4.2069411277771,0.033316
1993-02-13,28.140567779541,3.10023164749146,4.85024261474609,0.038542
1993-02-14,27.7545013427734,0.114654935896397,4.90507793426514,0.038542
1993-02-15,28.0909080505371,0.0412958972156048,5.30373620986939,0.038542
1993-02-16,26.5930614471436,0.253622561693192,4.65221166610718,0.033316
1993-02-17,27.2521114349365,1.23706150054932,4.08026027679443,0.033316
1993-02-18,26.8101806640625,0.969422399997711,4.41936683654785,0.033316
1993-02-19,26.9968509674072,0.280731052160263,4.90772485733032,0.02417
1993-02-20,27.9949569702148,0.326862215995789,5.74495220184326,0.02417
1993-02-21,27.4762706756592,0.491330534219742,4.37324142456055,0.016658
1993-02-22,27.8377094268799,0.0935773476958275,4.62890720367432,0.016658
1993-02-23,27.2236251831055,0.044314306229353,4.29058742523193,0.016658
1993-02-24,26.9927577972412,0.361758172512054,4.1870265007019,0.016658
1993-02-25,27.9121608734131,0.342783242464066,4.93314409255981,0.016658
1993-02-26,26.9425258636475,0.460045397281647,4.24649238586426,0.016658
1993-02-27,27.7065963745117,0.0829269289970398,4.57848119735718,0.016658
1993-02-28,28.3986587524414,0.554404377937317,4.84894371032715,0.016658
1993-03-01,27.3214683532715,0.440193742513657,4.32593965530396,0.020251
1993-03-02,27.8083782196045,0.392864614725113,4.91435623168945,0.02417
1993-03-03,27.6930866241455,0.285038471221924,5.05734729766846,0.02417
1993-03-04,28.2231197357178,0.00864065811038017,5.1038293838501,0.02417
1993-03-05,28.1871070861816,0.657314538955689,5.29086351394653,0.02417
1993-03-06,26.6039447784424,0.576542139053345,4.5385422706604,0.02417
1993-03-07,27.6135406494141,0.364535838365555,4.7578182220459,0.020251
1993-03-08,28.2974300384522,0.0115743847563863,5.01468515396118,0.016658
1993-03-09,28.1105079650879,0,4.93242597579956,0.010779
1993-03-10,28.1311206817627,0.0693167597055435,4.86407995223999,0.006533
1993-03-11,28.118673324585,0,5.98496913909912,0.006533
1993-03-12,26.8568801879883,0.350949674844742,5.89406394958496,0.006533
1993-03-13,27.8662433624268,0.0558471642434597,4.73430347442627,0.004736
1993-03-14,29.0006580352783,0,5.34251928329468,0.004736
1993-03-15,27.9934635162354,8.01560781837907e-06,4.73335123062134,0.004736
1993-03-16,28.8905200958252,0.0058170915581286,5.26569700241089,0.004736
1993-03-17,28.252721786499,0.395661503076553,4.13436412811279,0.004736
1993-03-18,28.524112701416,0.71954733133316,5.03839015960693,0.004736
1993-03-19,29.191743850708,0.000703974743373692,5.30162239074707,0.004736
1993-03-20,29.2691135406494,9.36177548283013e-06,5.37837219238281,0.00343
1993-03-21,28.934196472168,7.87364842835814e-06,5.54560852050781,0.00343
1993-03-22,28.5656776428223,0.49425607919693,5.21296882629395,0.00343
1993-03-23,26.1576023101807,0.262871950864792,3.81711935997009,0.00343
1993-03-24,27.1327018737793,0.3894062936306,4.24808692932129,0.00343
1993-03-25,28.2182579040527,0.314930409193039,4.53909111022949,0.00343
1993-03-26,28.6321907043457,0,5.12485980987549,0.00343
1993-03-27,27.9613304138184,0.0016191138420254,4.75866842269898,0.008492
1993-03-28,28.7299175262451,0.0252867359668016,4.68888807296753,0.013555
1993-03-29,28.5878849029541,0.363114297389984,4.74774503707886,0.016658
1993-03-30,28.2887878417969,0.442232102155685,4.39287185668945,0.02417
1993-03-31,28.2786998748779,0.0309602953493595,4.22507429122925,0.02417
1993-04-01,29.2780895233154,0.0102774146944284,4.87545394897461,0.02417
1993-04-02,29.2382698059082,0.000332937721395865,4.94538831710815,0.016658
1993-04-03,29.3304271697998,0.00160191289614886,4.75204706192017,0.010779
1993-04-04,29.0099067687988,0.0153137808665633,4.83488035202026,0.010779
1993-04-05,28.4869480133057,0.396545469760895,4.3869252204895,0.010779
1993-04-06,29.1782035827637,0.00509919784963131,5.69065237045288,0.010779
1993-04-07,27.8993740081787,7.17389775672928e-05,5.05332708358765,0.006533
1993-04-08,28.8156032562256,0.430521428585053,4.16739177703857,0.006533
1993-04-09,29.337272644043,0.0868069231510162,5.07679605484009,0.006533
1993-04-10,28.6433944702148,0.0435109548270702,5.19629907608032,0.004736
1993-04-11,29.1690788269043,0.0234613437205553,5.2231125831604,0.004736
1993-04-12,27.4649391174316,0.00441719777882099,4.28584337234497,0.008492
1993-04-13,27.0503711700439,0.293651074171066,3.66278290748596,0.010779
1993-04-14,27.0934314727783,2.08419847488403,4.13656234741211,0.02417
1993-04-15,27.8713493347168,0.471609443426132,4.44827461242676,0.02417
1993-04-16,27.9268836975098,0.141723275184631,4.60966444015503,0.02417
1993-04-17,26.8806247711182,0.115470990538597,3.50211763381958,0.02417
1993-04-18,27.5270099639893,2.74082159996033,4.00612640380859,0.02417
1993-04-19,28.280668258667,0.280276477336884,4.91322946548462,0.02417
1993-04-20,27.3145771026611,0.388858377933502,3.81123733520508,0.02417
1993-04-21,26.461669921875,1.87954962253571,3.22369122505188,0.02858
1993-04-22,27.0344581604004,7.55704832077026,3.55649662017822,0.02858
1993-04-23,27.7278079986572,0.166977852582932,4.37574481964111,0.033316
1993-04-24,27.8474006652832,0.288114279508591,3.77661919593811,0.033316
1993-04-25,28.3039588928223,0.105353690683842,4.34343147277832,0.033316
1993-04-26,28.4924602508545,0.666925966739655,3.70414471626282,0.02417
1993-04-27,26.6980037689209,0.659841299057007,2.80100846290588,0.02417
1993-04-28,26.2814102172852,0.789310932159424,2.95964312553406,0.02417
1993-04-29,25.8401374816895,2.90166449546814,2.90787220001221,0.02417
1993-04-30,25.48756980896,9.58242893218994,2.56616973876953,0.02417
1993-05-01,25.5847969055176,7.06053018569946,3.20398283004761,0.044421
1993-05-02,25.7636642456055,1.5952525138855,3.22402167320251,0.072675
1993-05-03,26.4205284118652,0.309682875871658,3.47998785972595,0.072675
1993-05-04,27.1391162872314,0.322979927062988,3.35852909088135,0.072675
1993-05-05,27.8436756134033,2.93324947357178,3.27104449272156,0.050627
1993-05-06,27.8507709503174,0.514802694320679,4.06140089035034,0.033316
1993-05-07,26.5356426239014,0.968965888023376,3.25019025802612,0.033316
1993-05-08,25.8676071166992,5.08837604522705,2.8894248008728,0.033316
1993-05-09,25.5669059753418,7.01897430419922,2.61525583267212,0.038542
1993-05-10,25.0680255889893,12.3129291534424,2.76376223564148,0.057486
1993-05-11,23.8344974517822,7.77047395706177,2.9432692527771,0.057486
1993-05-12,25.6081848144531,4.60865831375122,2.96499514579773,0.072675
1993-05-13,25.6756763458252,1.98173606395721,2.95165681838989,0.072675
1993-05-14,25.9214706420898,0.595751583576202,3.30854749679565,0.072675
1993-05-15,26.4533748626709,0.00981935672461987,3.85345506668091,0.072675
1993-05-16,26.373348236084,0.0248577501624823,3.67131233215332,0.072675
1993-05-17,25.4220600128174,0.484188675880432,2.44316720962524,0.099785
1993-05-18,25.1855392456055,0.303136229515076,3.14948320388794,0.10991
1993-05-19,24.020622253418,0.606530904769898,2.59267950057983,0.10991
1993-05-20,23.9410076141357,4.88973617553711,2.63868737220764,0.10991
1993-05-21,23.7536811828613,10.0754461288452,2.24467182159424,0.10991
1993-05-22,23.4267883300781,2.71152997016907,2.72958397865295,0.10991
1993-05-23,23.1818828582764,5.12358093261719,2.97297286987305,0.099785
1993-05-24,23.4862499237061,0.341118007898331,3.00055003166199,0.090149
1993-05-25,23.4903869628906,0.168723836541176,2.69806385040283,0.081167
1993-05-26,24.9994449615479,1.35785937309265,2.57319831848145,0.072675
1993-05-27,25.0572032928467,0.99294525384903,2.46896457672119,0.072675
1993-05-28,25.8876571655273,0.986212611198425,3.3138542175293,0.072675
1993-05-29,25.4606513977051,0.857048869132996,2.69486141204834,0.072675
1993-05-30,24.7713432312012,6.58880519866943,2.519606590271,0.072675
1993-05-31,25.1023921966553,6.74454784393311,2.5959165096283,0.072675
1993-06-01,24.9767398834229,0.808218121528626,2.24230647087097,0.072675
1993-06-02,25.387580871582,5.80945205688477,2.88081789016724,0.072675
1993-06-03,24.021505355835,1.98088026046753,2.08554625511169,0.064836
1993-06-04,23.8251838684082,3.06115555763245,2.15622806549072,0.057486
1993-06-05,23.9288272857666,1.84787154197693,2.7869279384613,0.057486
1993-06-06,23.817497253418,2.2398054599762,2.4919421672821,0.044421
1993-06-07,24.5729579925537,0.65192437171936,3.23239970207214,0.033316
1993-06-08,23.7640895843506,3.12679791450501,2.54571437835693,0.02858
1993-06-09,24.4596500396729,1.54539573192596,2.78659987449646,0.02858
1993-06-10,24.9487895965576,1.5273768901825,2.68384885787964,0.02858
1993-06-11,24.2294616699219,5.07349109649658,2.43835973739624,0.016658
1993-06-12,23.9495086669922,1.22366857528687,2.15839028358459,0.016658
1993-06-13,22.4187774658203,0.921246886253357,1.27817189693451,0.016658
1993-06-14,22.855281829834,7.14118385314941,2.07400822639465,0.016658
1993-06-15,22.5105152130127,3.82141160964966,2.38055729866028,0.016658
1993-06-16,22.8907871246338,2.70743846893311,2.85524868965149,0.02858
1993-06-17,23.3298377990723,0.884221255779266,2.90376281738281,0.038542
1993-06-18,22.7722358703613,1.12438583374023,2.32439160346985,0.038542
1993-06-19,23.614330291748,0.426313489675522,3.12907195091248,0.038542
1993-06-20,23.4867153167725,0.352804660797119,3.34336757659912,0.057486
1993-06-21,23.5242519378662,0.14415654540062,2.29096984863281,0.064836
1993-06-22,23.5699653625488,2.06167817115784,2.83788824081421,0.072675
1993-06-23,23.0878372192383,0.37447714805603,2.71483755111694,0.072675
1993-06-24,23.3552551269531,0.876007735729218,2.79760527610779,0.072675
1993-06-25,22.9446849822998,0.502403795719147,2.53375434875488,0.072675
1993-06-26,22.3648681640625,1.69322729110718,2.44078159332275,0.081167
1993-06-27,23.0867004394531,0.92082017660141,2.07730531692505,0.099785
1993-06-28,22.8113212585449,0.207014366984367,2.20954370498657,0.099785
1993-06-29,24.4761543273926,1.84134512437595e-06,2.76732015609741,0.099785
1993-06-30,24.8219051361084,0,3.36233139038086,0.090149
1993-07-01,24.569616317749,0.0252362247556448,3.27721619606018,0.072675
1993-07-02,24.6767826080322,0.0177993681281805,3.27564191818237,0.072675
1993-07-03,24.8594951629639,0.00395583268254995,3.43705010414124,0.072675
1993-07-04,23.400016784668,0.00953154359012842,3.35416078567505,0.072675
1993-07-05,22.8048362731934,0.621540784835815,2.61662983894348,0.072675
1993-07-06,23.8339214324951,0.0383229926228523,2.86568284034729,0.072675
1993-07-07,23.3153858184814,0.0215666592121124,3.48847365379334,0.064836
1993-07-08,21.8434867858887,0.000263030873611569,3.03046131134033,0.057486
1993-07-09,22.7024440765381,0.0257841199636459,2.94880986213684,0.050627
1993-07-10,24.1972789764404,0.291745156049728,3.41942381858826,0.050627
1993-07-11,23.3714847564697,0.615863680839539,2.64159655570984,0.050627
1993-07-12,22.6098613739014,0.791459023952484,2.60852575302124,0.050627
1993-07-13,23.709831237793,0.197551637887955,2.60396122932434,0.050627
1993-07-14,23.4612007141113,1.44650399684906,2.37057161331177,0.050627
1993-07-15,24.0081043243408,3.58532619476318,3.10761213302612,0.050627
1993-07-16,24.1655902862549,2.11525535583496,3.34385943412781,0.050627
1993-07-17,23.3671493530273,2.5228955745697,2.76516795158386,0.050627
1993-07-18,23.40065574646,2.13280940055847,2.86008882522583,0.050627
1993-07-19,23.1836700439453,0.673195242881775,2.74858593940735,0.044421
1993-07-20,23.770299911499,2.16149806976318,3.25885581970215,0.044421
1993-07-21,23.2919788360596,2.10990333557129,3.34954380989075,0.044421
1993-07-22,23.1192722320557,1.89391124248505,2.96888399124146,0.044421
1993-07-23,22.7315330505371,0.949812293052673,2.83280444145203,0.044421
1993-07-24,23.3703651428223,1.45575332641602,2.92578506469727,0.044421
1993-07-25,23.3315963745117,0.255244582891464,2.62942600250244,0.044421
1993-07-26,22.865406036377,0.145109623670578,3.50689554214478,0.044421
1993-07-27,23.6629219055176,0.774496495723724,2.7616560459137,0.033316
1993-07-28,23.8056526184082,0.000233461905736476,3.38644123077393,0.02417
1993-07-29,23.1235427856445,0.0388994440436363,3.18338060379028,0.02858
1993-07-30,23.2235221862793,0,3.0599193572998,0.02858
1993-07-31,23.4677391052246,1.56899213790894,2.74267363548279,0.044421
1993-08-01,24.4260959625244,1.74827897548676,3.25715208053589,0.044421
1993-08-02,24.8151454925537,2.60196661949158,3.85510444641113,0.044421
1993-08-03,23.8408660888672,3.95165944099426,2.38651609420776,0.044421
1993-08-04,23.6714706420898,1.56594467163086,3.83798980712891,0.044421
1993-08-05,22.4893627166748,2.85240983963013,2.57201290130615,0.044421
1993-08-06,23.4390506744385,1.86794996261597,3.21362590789795,0.033316
1993-08-07,22.9203128814697,0.215759217739105,3.06871891021729,0.02858
1993-08-08,23.2100486755371,0.357569932937622,2.79919600486755,0.02858
1993-08-09,23.1748275756836,0.0306676495820284,3.22428035736084,0.02858
1993-08-10,21.9835777282715,0.0537854544818401,4.04769325256348,0.02858
1993-08-11,23.5696468353272,0,3.78158497810364,0.02858
1993-08-12,23.7667694091797,0,3.68596935272217,0.02858
1993-08-13,24.2943363189697,0.256749629974365,3.52877259254456,0.033316
1993-08-14,23.2622356414795,2.68244194984436,2.96806955337524,0.033316
1993-08-15,22.7292671203613,0.123843818902969,2.81639385223389,0.038542
1993-08-16,22.9809684753418,2.9410285949707,3.230544090271,0.044421
1993-08-17,22.3799533843994,7.28404664993286,2.11708998680115,0.044421
1993-08-18,23.0952053070068,16.0042953491211,2.2848756313324,0.057486
1993-08-19,24.2071037292481,8.41382312774658,2.95897769927979,0.057486
1993-08-20,24.9103355407715,0.695665061473846,3.33705568313599,0.057486
1993-08-21,24.3968734741211,0.834351897239685,2.91161203384399,0.057486
1993-08-22,23.0919418334961,2.73992872238159,2.03380584716797,0.057486
1993-08-23,22.6188354492188,16.1937789916992,2.07330894470215,0.044421
1993-08-24,22.9247150421143,3.08666253089905,2.94716668128967,0.033316
1993-08-25,21.676456451416,0.419823676347733,3.04024696350098,0.033316
1993-08-26,23.5409278869629,0.842901766300201,2.97987484931946,0.033316
1993-08-27,24.7722015380859,1.14145946502686,4.28301286697388,0.033316
1993-08-28,24.896900177002,0.000263231253484264,3.56365776062012,0.02858
1993-08-29,24.1071834564209,0.577483952045441,3.36486530303955,0.02858
1993-08-30,23.8544216156006,0.0369572155177593,3.56243824958801,0.02417
1993-08-31,23.5694141387939,0.546696901321411,3.16138744354248,0.02417
1993-09-01,24.8752098083496,0.1039914265275,3.69892621040344,0.02417
1993-09-02,24.2629699707031,0,4.21464014053345,0.02417
1993-09-03,23.0945587158203,0.552864491939545,3.01552987098694,0.02417
1993-09-04,24.5070343017578,3.63456606864929,3.7840883731842,0.02417
1993-09-05,22.3482990264893,0.128065392374992,4.48932266235352,0.033316
1993-09-06,24.6534404754639,0.00189489708282053,4.29044055938721,0.044421
1993-09-07,26.0904064178467,0.0154047841206193,4.14449453353882,0.057486
1993-09-08,26.0426597595215,0.0306796226650476,4.10775804519653,0.057486
1993-09-09,24.7819728851318,0.126842066645622,4.17752885818481,0.057486
1993-09-10,24.5946445465088,0.364432334899902,3.42737889289856,0.057486
1993-09-11,25.1812210083008,1.06491577625275,3.66540455818176,0.057486
1993-09-12,24.1573104858398,0.554154515266419,3.66059350967407,0.038542
1993-09-13,24.4202442169189,0.428586602210999,3.73124766349793,0.033316
1993-09-14,21.7735252380371,4.22973108291626,1.26688885688782,0.02858
1993-09-15,23.3933544158936,5.82623958587647,3.09838771820068,0.02858
1993-09-16,24.4816474914551,1.82179021835327,3.35727524757385,0.02858
1993-09-17,25.8406238555908,0.471072286367416,3.73011255264282,0.02858
1993-09-18,25.8677806854248,0.01072140596807,4.90294885635376,0.02858
1993-09-19,26.5374813079834,0.00598792545497417,4.60962772369385,0.02417
1993-09-20,26.371561050415,0.000669553119223565,4.91331386566162,0.02417
1993-09-21,26.6395854949951,0.000830629607662559,4.60787105560303,0.02417
1993-09-22,26.5041389465332,0.0305214691907167,4.13765382766724,0.02417
1993-09-23,26.4037075042725,0.0213408041745424,3.81219053268433,0.02417
1993-09-24,26.4733276367188,0.00332262087613344,5.07340097427368,0.02417
1993-09-25,25.9725971221924,0.00432773167267442,4.60284662246704,0.02417
1993-09-26,26.9456214904785,0.0701882839202881,4.95118713378906,0.020251
1993-09-27,24.5648326873779,1.50542008876801,2.32829737663269,0.010779
1993-09-28,25.7719020843506,0.0720118656754494,3.85193371772766,0.010779
1993-09-29,26.6782073974609,0.521053671836853,3.8802387714386,0.010779
1993-09-30,26.228120803833,2.27073001861572,3.9451220035553,0.016658
1993-10-01,25.8756351470947,2.23348903656006,3.75916433334351,0.016658
1993-10-02,26.2476024627686,1.07382190227509,3.60269451141357,0.016658
1993-10-03,26.1899089813232,0.039769884198904,4.30033206939697,0.016658
1993-10-04,27.4961433410645,0.0461174286901951,4.66479253768921,0.010779
1993-10-05,28.0195693969727,0.042199719697237,4.69756317138672,0.006533
1993-10-06,27.7892322540283,1.3061785697937,4.92627334594727,0.006533
1993-10-07,26.6392593383789,11.6669597625732,2.83252620697022,0.004736
1993-10-08,23.5816841125488,8.78240966796875,2.42592883110046,0.004736
1993-10-09,22.5559711456299,0.614182591438294,2.8088710308075,0.004736
1993-10-10,23.2474269866943,3.53737568855286,2.77081704139709,0.004736
1993-10-11,24.9344177246094,10.2060852050781,2.94278717041016,0.010779
1993-10-12,24.9042472839356,8.37150955200195,2.50322723388672,0.016658
1993-10-13,25.2195777893066,4.30777072906494,3.92884016036987,0.02858
1993-10-14,23.784502029419,1.23519206047058,2.80073714256287,0.044421
1993-10-15,24.7017364501953,2.71294736862183,3.75705885887146,0.057486
1993-10-16,25.2972927093506,0.799669802188873,4.70366096496582,0.057486
1993-10-17,26.0801868438721,1.38407850265503,4.56978797912598,0.072675
1993-10-18,26.3776302337647,0.0864775031805039,4.8459620475769,0.072675
1993-10-19,25.5716133117676,0.00216710800305009,4.69380950927734,0.072675
1993-10-20,24.6700649261475,6.90265587763861e-05,4.13140058517456,0.072675
1993-10-21,25.5148029327393,0.0790510624647141,4.08058023452759,0.090149
1993-10-22,25.651159286499,0.0734004229307175,4.1100287437439,0.099785
1993-10-23,26.68137550354,0.038290835916996,4.56418704986572,0.099785
1993-10-24,27.6884231567383,0.000645548396278173,5.22579717636108,0.081167
1993-10-25,27.1205654144287,0.0551588274538517,4.44747543334961,0.057486
1993-10-26,27.0534000396729,0.0458208546042442,5.05355739593506,0.038542
1993-10-27,27.6497364044189,0.310129314661026,4.58218193054199,0.033316
1993-10-28,27.5867938995361,0.414711683988571,5.28152847290039,0.02417
1993-10-29,26.6137790679932,0.134095340967178,5.40945768356323,0.02417
1993-10-30,25.9926624298096,1.25452125072479,3.60949802398682,0.02417
1993-10-31,25.7741432189941,8.97521495819092,3.87399387359619,0.020251
1993-11-01,26.358528137207,1.05862677097321,4.46796655654907,0.016658
1993-11-02,26.0992546081543,0.051903210580349,5.11304712295532,0.016658
1993-11-03,26.7557754516602,0.0779408514499664,4.43013668060303,0.016658
1993-11-04,27.3562126159668,0,5.55309057235718,0.013555
1993-11-05,26.6547012329102,0.0580756962299347,5.11413955688477,0.010779
1993-11-06,27.6825885772705,0.123091168701649,4.60457134246826,0.006533
1993-11-07,27.7295036315918,0.820115983486176,5.34278202056885,0.006533
1993-11-08,27.525333404541,0.102752029895782,4.85911989212036,0.004736
1993-11-09,26.8931941986084,0.115493662655354,4.86512994766235,0.004736
1993-11-10,25.2382030487061,1.06752824783325,4.15265464782715,0.004736
1993-11-11,25.7061672210693,1.25420939922333,3.97640657424927,0.002286
1993-11-12,25.1573390960693,4.4132194519043,3.93267583847046,0.00147
1993-11-13,25.2498378753662,1.86791336536407,4.13129615783691,0.00147
1993-11-14,25.8579216003418,2.90954041481018,3.4212601184845,0.00147
1993-11-15,25.5806579589844,0.728529810905457,3.75523781776428,0.00147
1993-11-16,25.8243160247803,1.07668936252594,4.0601658821106,0.00147
1993-11-17,26.5017738342285,1.74060761928558,4.77102756500244,0.000817
1993-11-18,26.9243869781494,0.731108367443085,4.33688306808472,0.000817
1993-11-19,26.6407604217529,0.361823409795761,4.21817922592163,0.000327
1993-11-20,26.608491897583,0.265049338340759,4.37074756622314,0.000327
1993-11-21,26.5180931091309,0.356985956430435,4.51489877700806,0.000327
1993-11-22,26.9288787841797,0.192971736192703,4.436194896698,0.000327
1993-11-23,27.2690925598145,0.305237770080566,4.75892639160156,0.000327
1993-11-24,26.5306491851807,0.182739362120628,4.39848470687866,0.000327
1993-11-25,28.0094318389893,0.0344633758068085,5.83419179916382,0.000327
1993-11-26,27.4267921447754,0.000628729409072548,5.25701808929443,0.000327
1993-11-27,28.3682765960693,0.00105062883812934,4.89535236358643,0.000163
1993-11-28,27.9231929779053,0.089262843132019,3.83247375488281,0.000163
1993-11-29,28.528787612915,5.41520261764526,4.31284952163696,0
1993-11-30,27.8148593902588,6.9569239616394,3.74213171005249,0
1993-12-01,27.8113174438477,5.52451038360596,4.60809755325317,0
1993-12-02,28.1621780395508,0.977103471755981,5.32664060592651,0
1993-12-03,26.2597484588623,0.678682684898377,4.13777780532837,0
1993-12-04,26.5072708129883,0.716609656810761,4.36647081375122,0
1993-12-05,27.1167678833008,1.12928199768066,5.60239601135254,0
1993-12-06,26.7060508728027,0.15544667840004,4.99561738967896,0.000817
1993-12-07,28.2105236053467,0.0277772545814514,4.78761959075928,0.00147
1993-12-08,28.0013427734375,0.0552106909453869,5.64857149124146,0.00147
1993-12-09,26.7866439819336,0.000426491838879883,5.48071384429932,0.00147
1993-12-10,27.9753952026367,0.284518122673035,5.84148502349854,0.00147
1993-12-11,28.0046539306641,0.109761364758015,5.78236055374146,0.002286
1993-12-12,28.7592105865479,1.00001323223114,4.77328109741211,0.004736
1993-12-13,28.7959213256836,0.270764887332916,5.11988401412964,0.006533
1993-12-14,27.4939880371094,2.05957794189453,4.84545803070068,0.006533
1993-12-15,27.1155414581299,0.0893286466598511,5.16030168533325,0.006533
1993-12-16,26.152681350708,0.156880140304565,4.18873310089111,0.006533
1993-12-17,27.9627590179443,0.33137783408165,5.10737371444702,0.006533
1993-12-18,27.9054698944092,0.00411041686311364,5.44593954086304,0.006533
1993-12-19,28.3973598480225,0.0533025451004505,5.21324968338013,0.006533
1993-12-20,28.7225799560547,0.000385126419132575,5.45473766326904,0.00343
1993-12-21,29.5108642578125,0.0231614485383034,5.99803781509399,0.00343
1993-12-22,27.9805068969727,0.0133766233921051,4.93644714355469,0.00343
1993-12-23,27.2892913818359,0.571222007274628,4.357253074646,0.00343
1993-12-24,26.2641372680664,1.03581488132477,4.59624481201172,0.002286
1993-12-25,27.2879505157471,1.58579015731812,5.1484637260437,0.002286
1993-12-26,27.2201976776123,0.0201406721025705,5.67533683776856,0.00147
1993-12-27,26.6925239562988,0.253241062164307,4.15545272827148,0.00147
1993-12-28,27.6980361938477,0.405122727155685,4.63674259185791,0.00147
1993-12-29,28.7422924041748,0.00229259068146348,5.51613187789917,0.00147
1993-12-30,28.6649570465088,0.000351223716279492,5.74124097824097,0.00147
1993-12-31,28.3669872283936,0.0149208391085267,5.41648101806641,0.00147
1994-01-01,27.2522697448731,0.333286285400391,4.1802830696106,0.00147
1994-01-02,27.518669128418,0.111619621515274,4.77703189849854,0.00147
1994-01-03,27.7632694244385,0.0826753601431847,4.66019439697266,0.00147
1994-01-04,29.2258815765381,0.167476043105125,5.53744125366211,0.00147
1994-01-05,28.8485622406006,0.700297176837921,4.44979763031006,0.000817
1994-01-06,28.116304397583,1.39312350749969,4.10615253448486,0.000327
1994-01-07,28.1747150421143,1.29986441135407,4.27071857452393,0.000327
1994-01-08,28.3913440704346,0.516347289085388,4.78556060791016,0.000327
1994-01-09,27.9973526000977,0.0737767815589905,4.3445086479187,0.000327
1994-01-10,28.8991394042969,0.0208997391164303,5.30097913742065,0.000327
1994-01-11,28.3025283813477,0.0102537926286459,5.47556495666504,0.000327
1994-01-12,27.466703414917,0.983136475086212,4.73765420913696,0.000327
1994-01-13,27.9453296661377,1.5903012752533,4.63445329666138,0.000817
1994-01-14,28.2245807647705,0.0951335355639458,4.77265501022339,0.000817
1994-01-15,28.5343704223633,0.145779356360435,4.78961038589478,0.000817
1994-01-16,28.3692016601563,0.121792882680893,5.03303956985474,0.000817
1994-01-17,27.7744007110596,0.418257623910904,4.52463150024414,0.00147
1994-01-18,28.8277397155762,0.146928876638412,5.25512409210205,0.00343
1994-01-19,28.0724697113037,0.25752928853035,4.54815101623535,0.00343
1994-01-20,28.3003997802734,0.285179674625397,4.98963785171509,0.00343
1994-01-21,28.6059627532959,0.0727716982364655,5.06683731079102,0.00343
1994-01-22,28.8402004241943,0.0128288399428129,5.33513927459717,0.00147
1994-01-23,29.8375053405762,0.00867002364248037,6.00273609161377,0.00147
1994-01-24,30.5860900878906,0.0730675533413887,5.77207899093628,0.00147
1994-01-25,29.2415447235107,0.266362279653549,4.48833560943604,0.00147
1994-01-26,29.1916007995606,3.86009883880615,4.49300098419189,0.00147
1994-01-27,28.8189563751221,0.368859201669693,4.64562368392944,0.00147
1994-01-28,28.1563453674316,0.100499741733074,4.80080080032349,0.00147
1994-01-29,27.9674758911133,0.0523666702210903,5.07516241073608,0.00147
1994-01-30,28.4083709716797,0.797737956047058,4.53976821899414,0.000817
1994-01-31,28.2808074951172,1.97150361537933,4.69973516464233,0.000327
1994-02-01,28.6485576629639,2.91822814941406,4.41723680496216,0
1994-02-02,28.1639404296875,1.98168087005615,4.16046380996704,0
1994-02-03,28.8505573272705,3.28917860984802,5.24638509750366,0
1994-02-04,28.1309413909912,2.32432103157043,4.21055221557617,0
1994-02-05,27.7174816131592,8.67406177520752,3.8206205368042,0
1994-02-06,27.8443374633789,1.58240711688995,4.77288579940796,0
1994-02-07,27.9654140472412,0.461611539125443,4.61979722976685,0
1994-02-08,27.802526473999,0.569499731063843,4.67513561248779,0.000163
1994-02-09,27.8591156005859,0.825960218906403,4.26528549194336,0.000327
1994-02-10,28.9361591339111,0.765613257884979,5.31725215911865,0.000817
1994-02-11,28.1556243896484,0.331024408340454,4.71243953704834,0.000817
1994-02-12,28.2990665435791,0.178103014826775,5.38009643554688,0.000817
1994-02-13,28.3092555999756,0.0129119073972106,5.43549919128418,0.000327
1994-02-14,29.0438213348389,0.0778301730751991,5.45366859436035,0.000327
1994-02-15,28.867036819458,0.0717837736010552,5.12817478179932,0.000327
1994-02-16,29.6582431793213,0.116750411689281,6.0626163482666,0.000327
1994-02-17,28.0421695709229,0.00642686989158392,5.45984411239624,0.000327
1994-02-18,28.5859546661377,0.50790810585022,4.80920267105103,0.000327
1994-02-19,28.6142826080322,0.264256328344345,4.81033325195313,0.000327
1994-02-20,27.5439777374268,0.303121447563171,4.19201850891113,0.000327
1994-02-21,28.8867015838623,0.368037551641464,4.45814228057861,0.00147
1994-02-22,28.2394523620606,4.74790525436401,4.83115339279175,0.004736
1994-02-23,28.3253326416016,4.94569396972656,4.00025939941406,0.010779
1994-02-24,27.6912822723389,1.8489443063736,4.51097249984741,0.016658
1994-02-25,27.4038944244385,0.42704251408577,4.48817110061646,0.016658
1994-02-26,27.5423717498779,0.36697581410408,4.14684009552002,0.020251
1994-02-27,28.2375259399414,0.265160113573074,4.5042667388916,0.010779
1994-02-28,28.1164131164551,0.67645275592804,4.48389148712158,0.004736
1994-03-01,27.8883819580078,0.66195410490036,4.8430438041687,0.002286
1994-03-02,28.0096015930176,0.32516548037529,4.40445280075073,0.002286
1994-03-03,28.9789943695068,1.12597715854645,3.91840696334839,0.00343
1994-03-04,27.7281188964844,4.05936527252197,3.14079785346985,0.010779
1994-03-05,27.0131587982178,15.502703666687,3.55655241012573,0.033316
1994-03-06,27.2944412231445,6.60101318359375,3.37932300567627,0.120689
1994-03-07,27.2013206481934,2.62825226783752,3.68655443191528,0.284982
1994-03-08,27.2409610748291,7.38434934616089,3.34309935569763,0.645742
1994-03-09,27.6472129821777,1.51943778991699,3.36263656616211,0.968614
1994-03-10,27.1867122650147,2.16414165496826,3.50687837600708,1.152995
1994-03-11,26.7587985992432,3.78562235832214,2.89324831962585,0.851518
1994-03-12,26.9437561035156,3.63296413421631,2.51255631446838,0.459401
1994-03-13,26.3939876556397,17.6904850006104,2.68402075767517,0.27502
1994-03-14,26.7583293914795,11.953592300415,3.993319272995,0.217534
1994-03-15,28.0023002624512,0.254676312208176,4.02071094512939,0.16462
1994-03-16,27.1236686706543,3.71728992462158,3.81315135955811,0.156291
1994-03-17,28.2027282714844,0.571005046367645,5.02715396881104,0.132284
1994-03-18,26.7030258178711,0.186531901359558,4.15427350997925,0.132284
1994-03-19,27.5651054382324,0.056059006601572,5.01581382751465,0.132284
1994-03-20,27.1532688140869,0.686013102531433,4.06786394119263,0.10991
1994-03-21,27.812801361084,0.40127819776535,4.19903373718262,0.090149
1994-03-22,27.8814353942871,0.869719326496124,4.15515756607056,0.081167
1994-03-23,27.8478126525879,1.38696587085724,4.49997091293335,0.057486
1994-03-24,28.7025680541992,0.388378232717514,5.23918151855469,0.02858
1994-03-25,27.808572769165,0.360043823719025,4.6195387840271,0.020251
1994-03-26,27.503116607666,0.21838153898716,4.54526567459106,0.016658
1994-03-27,27.8139514923096,0.312203913927078,3.80142283439636,0.013555
1994-03-28,27.7853126525879,1.1010377407074,3.61168146133423,0.004736
1994-03-29,28.3206729888916,0.743637681007385,5.25422716140747,0.002286
1994-03-30,27.0812454223633,0.0814623311161995,4.24784898757935,0.00147
1994-03-31,26.5433464050293,0.534898519515991,3.50873064994812,0.00147
1994-04-01,27.6212158203125,1.02010917663574,4.12187767028809,0.00147
1994-04-02,28.4500389099121,0.00401475233957171,5.08577299118042,0.00147
1994-04-03,27.8832969665527,0.170974299311638,4.20223569869995,0.00343
1994-04-04,26.668550491333,3.87415504455566,3.03336119651794,0.006533
1994-04-05,26.2392692565918,11.3010206222534,3.02790260314941,0.006533
1994-04-06,26.4383220672607,9.94656944274902,3.06899070739746,0.006533
1994-04-07,27.1243839263916,5.6766152381897,3.67245268821716,0.006533
1994-04-08,27.6185455322266,2.90701270103455,4.42988348007202,0.006533
1994-04-09,27.4816761016846,1.59508240222931,3.34245753288269,0.002286
1994-04-10,26.5485897064209,15.3032760620117,3.73322987556458,0.00147
1994-04-11,26.4195213317871,2.75030183792114,3.8952100276947,0.013555
1994-04-12,27.2442245483398,1.43764007091522,3.79820656776428,0.057486
1994-04-13,26.5404586791992,3.15967750549316,3.13790798187256,0.120689
1994-04-14,25.9501609802246,4.20107173919678,2.75877833366394,0.173113
1994-04-15,25.9425582885742,7.67831945419312,3.02213287353516,0.226843
1994-04-16,26.1882572174072,2.98973989486694,3.44374489784241,0.265058
1994-04-17,26.4848384857178,3.22175312042236,3.07556796073914,0.284982
1994-04-18,26.3084926605225,0.447613745927811,3.55596160888672,0.120689
1994-04-19,25.9131755828857,0.0345027148723602,3.97818207740784,0.081167
1994-04-20,25.6217861175537,0.320499539375305,3.38636136054993,0.072675
1994-04-21,25.4333839416504,0.441834777593613,2.59896969795227,0.132284
1994-04-22,26.842155456543,9.14301300048828,3.81713795661926,0.217534
1994-04-23,26.0644340515137,13.8741540908813,2.40670394897461,0.265058
1994-04-24,26.1018142700195,18.9934692382813,3.13933396339417,0.295108
1994-04-25,25.4131336212158,4.34748840332031,3.10657906532288,0.368926
1994-04-26,25.6994132995606,2.27683019638062,3.22672724723816,0.402078
1994-04-27,25.9202613830566,1.34669876098633,3.49490571022034,0.436211
1994-04-28,25.8152732849121,0.411086887121201,3.07002472877502,0.447806
1994-04-29,25.3534336090088,0.779317259788513,2.44666075706482,0.447806
1994-04-30,25.3979740142822,1.28286612033844,2.33375978469849,0.33659
1994-05-01,25.12229347229,4.31113767623901,2.59493923187256,0.413347
1994-05-02,24.5896320343018,14.0876483917236,2.79043769836426,0.447806
1994-05-03,25.4378185272217,2.18380045890808,3.17847490310669,0.447806
1994-05-04,25.6393032073975,1.11420035362244,3.07804298400879,0.447806
1994-05-05,25.1888427734375,4.00134372711182,2.24383234977722,0.436211
1994-05-06,25.5469226837158,14.4466495513916,2.58601760864258,0.424779
1994-05-07,25.5649242401123,8.31513404846191,2.75699615478516,0.424779
1994-05-08,25.6096630096436,1.62433683872223,3.10937428474426,0.424779
1994-05-09,25.3643817901611,3.32787108421326,2.71955060958862,0.413347
1994-05-10,25.3336048126221,1.12983810901642,2.80243325233459,0.447806
1994-05-11,24.8740730285645,5.99822854995728,2.88822436332703,0.507089
1994-05-12,24.4199161529541,3.06299328804016,2.56573629379272,0.459401
1994-05-13,25.1883506774902,1.5674751996994,3.13962411880493,0.390973
1994-05-14,26.0846900939941,1.12719929218292,3.59199666976929,0.325974
1994-05-15,25.2969188690186,0.331389397382736,2.83246970176697,0.27502
1994-05-16,25.4962615966797,11.4572229385376,2.64028477668762,0.226843
1994-05-17,25.0623607635498,3.21185541152954,3.72307395935059,0.199406
1994-05-18,24.4462070465088,0.0479294136166573,2.94790291786194,0.173113
1994-05-19,24.4586162567139,0.0976192951202393,3.45774435997009,0.148126
1994-05-20,25.0646629333496,0.144767016172409,3.05456876754761,0.148126
1994-05-21,25.0545024871826,0.0416138209402561,3.13309645652771,0.148126
1994-05-22,24.5813522338867,0.0508571304380894,3.44361448287964,0.120689
1994-05-23,24.4329586029053,0.988050401210785,2.89328837394714,0.090149
1994-05-24,25.3669872283936,0.721625506877899,2.89556217193604,0.072675
1994-05-25,25.2773132324219,0.693645715713501,2.88699507713318,0.072675
1994-05-26,25.1907501220703,0.460766404867172,2.62098431587219,0.072675
1994-05-27,25.1310386657715,0.866130530834198,3.13967490196228,0.064836
1994-05-28,25.9354267120361,0.025405278429389,3.21367383003235,0.044421
1994-05-29,25.4329700469971,0.293049871921539,2.87189221382141,0.044421
1994-05-30,25.6183853149414,0.55408239364624,3.62555074691772,0.044421
1994-05-31,24.6722927093506,3.70199704170227,2.39000821113586,0.064836
1994-06-01,24.7875118255615,2.43323349952698,2.40323686599731,0.064836
1994-06-02,24.1869335174561,0.549415171146393,1.29530358314514,0.090149
1994-06-03,24.584285736084,7.05195283889771,2.74838423728943,0.090149
1994-06-04,25.1950874328613,0.332075148820877,3.48849606513977,0.072675
1994-06-05,24.525203704834,0.0435330979526043,2.95651340484619,0.072675
1994-06-06,24.8754615783691,0.734665095806122,2.91851353645325,0.064836
1994-06-07,24.9879474639893,0.37125152349472,2.66510224342346,0.044421
1994-06-08,24.9706287384033,3.42258858680725,2.70845460891724,0.02858
1994-06-09,24.6229286193848,2.00822043418884,2.63823866844177,0.02417
1994-06-10,23.9550075531006,3.66738414764404,2.58016777038574,0.038542
1994-06-11,23.0095767974854,17.1632061004639,1.60301625728607,0.099785
1994-06-12,23.0960426330566,26.9292602539063,2.04448008537292,0.16462
1994-06-13,23.7369117736816,11.7799119949341,2.03958106040955,0.27502
1994-06-14,24.0968837738037,4.61653900146484,2.50157570838928,0.402078
1994-06-15,24.3852844238281,3.35971665382385,2.06803417205811,0.447806
1994-06-16,24.2068672180176,6.42967176437378,1.67682230472565,0.402078
1994-06-17,24.0788879394531,2.79096603393555,2.38282132148743,0.33659
1994-06-18,24.0485191345215,4.14444303512573,2.71284961700439,0.284982
1994-06-19,24.1515884399414,1.92015266418457,2.38414001464844,0.236152
1994-06-20,24.6346969604492,1.9878853559494,2.63299512863159,0.181768
1994-06-21,24.5689144134522,0.152548104524612,3.04954385757446,0.16462
1994-06-22,24.3345432281494,0.429303646087647,2.34650492668152,0.140123
1994-06-23,24.7508583068848,0.218824610114098,3.14080715179443,0.099785
1994-06-24,24.4035873413086,0.358434170484543,2.32638549804688,0.090149
1994-06-25,24.6330432891846,1.28547871112823,2.40808629989624,0.072675
1994-06-26,24.8341274261475,0.0790143013000488,2.7803966999054,0.072675
1994-06-27,24.2892379760742,0.422348856925964,1.88367319107056,0.064836
1994-06-28,22.9744510650635,15.7780132293701,1.40791940689087,0.057486
1994-06-29,23.5378704071045,13.2689056396484,2.07291030883789,0.090149
1994-06-30,23.5606460571289,9.11524295806885,2.15739297866821,0.156291
1994-07-01,23.7171726226807,5.141770362854,2.18894386291504,0.217534
1994-07-02,22.8397064208984,5.85448503494263,2.13887238502502,0.27502
1994-07-03,21.8686752319336,10.137583732605,1.20357859134674,0.325974
1994-07-04,22.879789352417,19.7237739562988,2.02144169807434,0.413347
1994-07-05,22.4841117858887,12.9002876281738,1.85735213756561,0.459401
1994-07-06,23.2144031524658,6.56276702880859,2.89382338523865,0.495004
1994-07-07,22.9412345886231,8.86711120605469,2.01261615753174,0.531423
1994-07-08,23.6210994720459,2.4606237411499,2.28571581840515,0.483082
1994-07-09,23.178108215332,0.639344334602356,2.65562796592712,0.619775
1994-07-10,22.3037185668945,0.289244711399078,3.36487698554993,0.909494
1994-07-11,21.2295436859131,6.74579477310181,1.32963395118713,1.137317
1994-07-12,21.5079402923584,20.9579429626465,1.74628973007202,1.044064
1994-07-13,22.0119590759277,15.6840953826904,1.71331179141998,0.837309
1994-07-14,22.618049621582,4.6217827796936,2.1461009979248,1.265355
1994-07-15,22.684024810791,1.80197441577911,2.67675113677979,1.347501
1994-07-16,22.5977649688721,1.14191102981567,2.08225274085999,1.200682
1994-07-17,22.204517364502,1.45617377758026,1.98847484588623,0.924029
1994-07-18,23.1986789703369,4.71973752975464,2.78159117698669,0.658971
1994-07-19,23.0785083770752,2.53448534011841,2.42809438705444,0.519338
1994-07-20,23.7813854217529,2.45161461830139,3.1548957824707,0.379868
1994-07-21,23.053316116333,0.0934686660766602,3.18264603614807,0.315522
1994-07-22,23.0828552246094,0.156336918473244,2.53173923492432,0.295108
1994-07-23,23.61159324646,0.422986954450607,2.71334314346314,0.295108
1994-07-24,24.0021286010742,0.346538692712784,2.90610218048096,0.295108
1994-07-25,23.5790996551514,0.456421226263046,2.554279088974,0.27502
1994-07-26,23.7885913848877,0.300537765026093,3.26306939125061,0.226843
1994-07-27,22.8872413635254,0.792067527770996,2.29582810401917,0.190587
1994-07-28,23.8910827636719,0.849748373031616,2.90506219863892,0.190587
1994-07-29,23.0691070556641,1.57023751735687,2.48514938354492,0.148126
1994-07-30,22.5116596221924,1.72353553771973,2.6493136882782,0.10991
1994-07-31,22.925630569458,0.546096980571747,3.29122471809387,0.090149
1994-08-01,20.748363494873,0.4890156686306,2.6225118637085,0.072675
1994-08-02,22.3749561309814,0.80439031124115,2.66616606712341,0.072675
1994-08-03,22.4778289794922,1.28934824466705,2.84136509895325,0.072675
1994-08-04,23.7736911773682,0.149290531873703,2.96447801589966,0.072675
1994-08-05,22.5681953430176,0.857024312019348,2.06197237968445,0.099785
1994-08-06,21.1211662292481,9.70230197906494,1.08827126026154,0.10991
1994-08-07,21.3056945800781,1.53129601478577,2.64362382888794,0.090149
1994-08-08,22.0472087860107,0.477217555046082,3.19334602355957,0.072675
1994-08-09,21.9946041107178,0.0891056954860687,3.10061502456665,0.072675
1994-08-10,20.9920101165772,0.0676994323730469,3.16999244689941,0.072675
1994-08-11,21.1350040435791,0.00149655365385115,3.50566005706787,0.072675
1994-08-12,21.7234573364258,0.57532149553299,2.55638647079468,0.072675
1994-08-13,21.7612743377686,3.10794162750244,2.59311175346375,0.072675
1994-08-14,22.0108032226563,1.13082134723663,2.9998631477356,0.064836
1994-08-15,22.2603816986084,0.890566289424896,2.92359209060669,0.057486
1994-08-16,21.8423290252686,2.16527199745178,2.62129735946655,0.057486
1994-08-17,22.0278549194336,0.854320466518402,3.02346920967102,0.072675
1994-08-18,22.2418880462646,0.359386384487152,2.92843842506409,0.072675
1994-08-19,22.451078414917,1.08446645736694,3.08129143714905,0.057486
1994-08-20,22.9292011260986,0.570014715194702,3.00648283958435,0.050627
1994-08-21,23.0367012023926,0.951203048229218,2.89705753326416,0.044421
1994-08-22,22.4023456573486,3.69494414329529,2.42294192314148,0.038542
1994-08-23,22.5286693572998,0.701675951480866,3.50224041938782,0.033316
1994-08-24,23.2726001739502,0.00221365387551487,3.41829442977905,0.02858
1994-08-25,23.8688335418701,0.112748488783836,3.70621728897095,0.02417
1994-08-26,22.7569847106934,0.0364769622683525,3.20427298545837,0.02417
1994-08-27,23.0825519561768,0.0552870593965054,4.2799072265625,0.02417
1994-08-28,23.428092956543,0.18557445704937,3.31515669822693,0.02417
1994-08-29,23.5290222167969,0.0695897489786148,3.41017460823059,0.016658
1994-08-30,23.1436767578125,0.78262335062027,2.76034808158875,0.016658
1994-08-31,23.6898345947266,1.81583309173584,3.07737469673157,0.016658
1994-09-01,23.5034828186035,2.31583070755005,3.02273058891296,0.016658
1994-09-02,23.7933540344238,0.515266060829163,3.26327586174011,0.016658
1994-09-03,23.4201965332031,0.177792340517044,3.24095129966736,0.016658
1994-09-04,23.0323944091797,1.45104610919952,3.17219614982605,0.016658
1994-09-05,23.0470886230469,0.727954626083374,2.89856457710266,0.016658
1994-09-06,23.6650943756104,6.52618026733398,3.7520797252655,0.050627
1994-09-07,23.1215305328369,1.59049606323242,2.43575859069824,0.038542
1994-09-08,23.7157859802246,2.92105388641357,2.61979031562805,0.057486
1994-09-09,23.9717350006104,0.603097259998322,2.38656783103943,0.064836
1994-09-10,24.3140392303467,2.60237956047058,3.78593993186951,0.072675
1994-09-11,22.069299697876,1.04994761943817,2.67203259468079,0.033316
1994-09-12,22.6867332458496,1.27599990367889,3.08419442176819,0.038542
1994-09-13,21.9450721740723,0.0992958471179008,3.45069026947022,0.038542
1994-09-14,23.0437393188477,0.0837853103876114,3.53066039085388,0.02858
1994-09-15,23.5454120635986,0.336091637611389,3.04719400405884,0.02858
1994-09-16,24.3424282073975,0.597476124763489,4.06024312973022,0.02858
1994-09-17,24.3796405792236,0.192400097846985,4.25825309753418,0.02417
1994-09-18,24.3225269317627,0.00566355139017105,3.98761558532715,0.020251
1994-09-19,23.6074848175049,0.232111766934395,3.75842642784119,0.016658
1994-09-20,23.3390331268311,0.404825508594513,3.61457371711731,0.016658
1994-09-21,24.825122833252,0.451489329338074,4.48354244232178,0.016658
1994-09-22,23.8721599578857,0.527965188026428,3.73959136009216,0.016658
1994-09-23,23.7289123535156,1.97701644897461,3.14163303375244,0.016658
1994-09-24,24.59352684021,3.538409948349,3.86173391342163,0.016658
1994-09-25,24.7090530395508,0.357445627450943,3.85361576080322,0.016658
1994-09-26,24.3978137969971,0.120188266038895,3.19561958312988,0.013555
1994-09-27,24.3439044952393,0.033457737416029,3.49596452713013,0.013555
1994-09-28,24.1457061767578,0.30109241604805,3.65667772293091,0.010779
1994-09-29,24.0540370941162,0.262188583612442,3.34510636329651,0.010779
1994-09-30,23.396842956543,1.60018825531006,3.02578139305115,0.010779
1994-10-01,24.445858001709,1.59700620174408,3.90057849884033,0.008492
1994-10-02,23.7038555145264,0.00119027285836637,4.8208909034729,0.008492
1994-10-03,23.034704208374,0,5.03885364532471,0.008492
1994-10-04,24.1242237091064,0.000424551340984181,4.8180718421936,0.008492
1994-10-05,24.4980049133301,0.179210737347603,4.06436014175415,0.006533
1994-10-06,25.5411415100098,5.48168136447202e-05,4.41235160827637,0.006533
1994-10-07,24.3358516693115,0.340912103652954,3.21889662742615,0.006533
1994-10-08,26.0019454956055,0.290878504514694,4.52447414398193,0.006533
1994-10-09,26.7036094665527,0.0247236732393503,4.78241205215454,0.006533
1994-10-10,26.9120578765869,0.383737772703171,4.9223051071167,0.004736
1994-10-11,26.2359275817871,0.0611310042440891,4.93707895278931,0.010779
1994-10-12,26.5040283203125,0.043239988386631,4.53882694244385,0.013555
1994-10-13,26.5358791351318,0.00139115145429969,4.84562921524048,0.016658
1994-10-14,25.3803787231445,5.80947923660278,3.13585114479065,0.038542
1994-10-15,25.4396209716797,4.14109659194946,4.03090190887451,0.057486
1994-10-16,24.7052059173584,1.20494771003723,4.01759719848633,0.072675
1994-10-17,25.3277454376221,1.58972907066345,3.62900972366333,0.044421
1994-10-18,25.5250644683838,6.06196069717407,3.87885212898254,0.038542
1994-10-19,26.7721462249756,2.70678424835205,4.63544750213623,0.050627
1994-10-20,26.0168132781982,0.379357844591141,4.04906415939331,0.064836
1994-10-21,26.2651748657227,0.354674994945526,4.36698198318481,0.072675
1994-10-22,25.7922267913818,0.16543459892273,4.5615930557251,0.057486
1994-10-23,25.228479385376,0.376218914985657,3.99001574516296,0.02858
1994-10-24,25.3028984069824,0.0963286012411118,3.95380973815918,0.010779
1994-10-25,25.5089702606201,0.313963770866394,3.75032258033752,0.010779
1994-10-26,26.7373886108398,0.0247215460985899,4.37904453277588,0.010779
1994-10-27,26.3880386352539,0.0107145234942436,5.43902397155762,0.008492
1994-10-28,26.9078102111816,0.000780482310801745,4.642174243927,0.006533
1994-10-29,27.4506168365479,0.0993170812726021,4.50628995895386,0.006533
1994-10-30,25.6584739685059,0.138055428862572,4.18142414093018,0.006533
1994-10-31,25.6384239196777,1.27860701084137,3.86541819572449,0.004736
1994-11-01,26.2610034942627,0.583820700645447,4.60817050933838,0.004736
1994-11-02,26.6128959655762,1.4026335477829,4.82094430923462,0.004736
1994-11-03,25.9051704406738,0.0438386648893356,5.89070177078247,0.00343
1994-11-04,24.5080184936523,0.0382145829498768,4.18894481658936,0.00147
1994-11-05,25.197681427002,0.350229650735855,3.9521598815918,0.00147
1994-11-06,26.7613201141357,0.019034257158637,4.58229207992554,0.00147
1994-11-07,26.3705406188965,0.151631757616997,4.64034748077393,0.00147
1994-11-08,25.1613712310791,0.0397267900407314,4.28411626815796,0.00147
1994-11-09,26.7263698577881,0.0418041795492172,5.48605394363403,0.00147
1994-11-10,26.8998718261719,5.25079076396651e-06,5.77845478057861,0.00147
1994-11-11,28.6466751098633,0.00144937867298722,5.63406848907471,0.00147
1994-11-12,27.0767517089844,0.197547018527985,4.61366844177246,0.004736
1994-11-13,27.5476455688477,0.0366917811334133,5.46418333053589,0.008492
1994-11-14,27.3629455566406,0.00254951394163072,5.88514757156372,0.010779
1994-11-15,26.8207416534424,7.70584938436514e-06,5.4384880065918,0.010779
1994-11-16,26.7206363677979,0.726672768592835,4.29933547973633,0.020251
1994-11-17,27.6391792297363,0.488143354654312,4.78924036026001,0.02417
1994-11-18,27.3079662322998,2.2556586265564,4.28883934020996,0.255423
1994-11-19,27.7306499481201,11.1039514541626,5.63730144500732,0.120689
1994-11-20,27.9334335327148,0.153320580720902,2.96430802345276,0.072675
1994-11-21,28.1990470886231,0.691361963748932,4.97232151031494,0.057486
1994-11-22,27.974681854248,0.184119701385498,5.36112976074219,0.044421
1994-11-23,26.8898162841797,4.20460673922207e-05,4.81629753112793,0.044421
1994-11-24,26.4079856872559,1.20785462856293,4.60035037994385,0.02417
1994-11-25,26.4655170440674,0.487880676984787,4.76734113693237,0.016658
1994-11-26,26.8824901580811,0,4.98594903945923,0.016658
1994-11-27,26.5599594116211,0.280877351760864,3.97456979751587,0.016658
1994-11-28,26.7588520050049,0.444479167461395,4.65102958679199,0.016658
1994-11-29,25.077543258667,0.16604770720005,4.04330730438232,0.016658
1994-11-30,25.9525451660156,0.325521230697632,4.04160499572754,0.013555
1994-12-01,27.3006095886231,1.04678320884705,4.79259729385376,0.010779
1994-12-02,27.5248508453369,0.221661552786827,5.48496866226196,0.010779
1994-12-03,26.0778274536133,0.242977023124695,4.49916791915894,0.010779
1994-12-04,27.2745876312256,0,4.17774152755737,0.008492
1994-12-05,27.6092681884766,0.0066017210483551,5.93262195587158,0.006533
1994-12-06,27.4780578613281,0.00757629564031959,5.17042064666748,0.004736
1994-12-07,28.2119464874268,0.00208944804035127,4.69713401794434,0.004736
1994-12-08,26.9515819549561,0.00357998115941882,4.46211004257202,0.004736
1994-12-09,26.4144420623779,0.00177486822940409,5.94377613067627,0.004736
1994-12-10,25.9813499450684,1.47321534156799,3.66714954376221,0.00343
1994-12-11,26.719539642334,0.422949463129044,4.12760496139526,0.00343
1994-12-12,26.6187305450439,0.0321888737380505,4.30051136016846,0.00343
1994-12-13,27.5799808502197,0.226786777377129,5.93925094604492,0.004736
1994-12-14,27.0595245361328,0.000610565126407892,5.08563041687012,0.006533
1994-12-15,27.4859104156494,0.0101285763084888,4.92009115219116,0.006533
1994-12-16,28.9922428131104,0.0165384020656347,6.29589223861694,0.006533
1994-12-17,29.0177059173584,0.00262316549196839,5.2165584564209,0.006533
1994-12-18,28.9623241424561,0.0153804263100028,5.26400804519653,0.00343
1994-12-19,29.3735446929932,0.000410332053434104,5.45294237136841,0.002286
1994-12-20,29.9672813415527,2.09668207168579,4.13292837142944,0.00147
1994-12-21,28.5139598846436,0.561819314956665,3.9927659034729,0.00147
1994-12-22,28.6950740814209,1.58653581142426,4.89663743972778,0.00147
1994-12-23,28.0985927581787,0.0402085967361927,4.29596281051636,0.00147
1994-12-24,28.87548828125,0.0315854921936989,4.44515991210938,0.00147
1994-12-25,28.8805961608887,0.67161351442337,5.03193664550781,0.00147
1994-12-26,27.0689582824707,0.809805035591126,3.57239747047424,0.00147
1994-12-27,27.4116115570068,3.80994296073914,3.28480792045593,0.00343
1994-12-28,26.980749130249,8.0164909362793,3.6749222278595,0.008492
1994-12-29,27.1826553344727,1.78206145763397,5.00751876831055,0.010779
1994-12-30,27.7389736175537,0.239138051867485,4.78107404708862,0.008492
1994-12-31,26.7673988342285,0.149040833115578,4.79570579528809,0.006533
1995-01-01,28.0101089477539,0.0774617567658424,5.27494144439697,0.006533
1995-01-02,27.4649677276611,0.537228763103485,4.57196521759033,0.006533
1995-01-03,28.553201675415,0.463710218667984,4.86784744262695,0.006533
1995-01-04,28.1765270233154,3.70509886741638,4.24647617340088,0.004736
1995-01-05,27.7234745025635,4.86430168151856,4.35165548324585,0.00343
1995-01-06,27.5901260375977,2.70464181900024,3.84457063674927,0.00343
1995-01-07,27.9817276000977,1.49375557899475,5.71700096130371,0.00343
1995-01-08,26.9182720184326,0.622493386268616,4.36672258377075,0.00343
1995-01-09,27.7156181335449,0.180863752961159,5.20945692062378,0.00343
1995-01-10,27.8193817138672,0.0851280391216278,5.32960891723633,0.002286
1995-01-11,27.4090194702148,0.0295125152915716,5.30348968505859,0.002286
1995-01-12,26.5029697418213,0.681483685970306,4.30770635604858,0.002286
1995-01-13,27.2476196289063,2.03615522384644,3.69782590866089,0.00147
1995-01-14,26.5197525024414,1.53067684173584,4.45775413513184,0.00147
1995-01-15,27.658296585083,0.0409855879843235,5.0515022277832,0.00147
1995-01-16,27.6779670715332,0,5.66761541366577,0.00147
1995-01-17,28.1921215057373,0.00898747332394123,5.73485469818115,0.00147
1995-01-18,28.6039066314697,0.00723668374121189,5.88752365112305,0.00147
1995-01-19,28.3863506317139,0.010263729840517,5.78531551361084,0.00147
1995-01-20,27.701358795166,0.0151837067678571,5.98738384246826,0.000817
1995-01-21,27.8564510345459,0,5.84522533416748,0.000327
1995-01-22,29.0398044586182,0,5.88376188278198,0.000327
1995-01-23,30.4602756500244,0.196170374751091,6.0326771736145,0
1995-01-24,29.8852729797363,1.98833620548248,5.28716993331909,0.000817
1995-01-25,29.6892490386963,3.0896942615509,5.79249811172485,0.00147
1995-01-26,28.2002124786377,0.907553613185883,4.85381555557251,0.008492
1995-01-27,28.1959190368652,0.0304116252809763,5.65722703933716,0.00147
1995-01-28,27.8298969268799,0.00292167020961642,5.57727384567261,0.00147
1995-01-29,28.4219245910645,0,5.47757434844971,0.00147
1995-01-30,30.0927867889404,0.144491344690323,5.63899278640747,0.000817
1995-01-31,29.91672706604,0.0480591505765915,5.71519804000855,0.000327
1995-02-01,28.8267841339111,0.000436906819231808,4.9072732925415,0.000327
1995-02-02,28.5553359985352,1.9149534702301,4.08083391189575,0.000327
1995-02-03,28.4983978271484,1.39737796783447,5.69879007339478,0.000817
1995-02-04,27.3364200592041,0.264579772949219,4.45422029495239,0.000817
1995-02-05,28.3390941619873,0.318476557731628,4.47708368301392,0.000327
1995-02-06,29.0342483520508,0.104303680360317,5.2293291091919,0.000327
1995-02-07,29.3573246002197,0.0714942514896393,5.60903024673462,0.000327
1995-02-08,30.120325088501,0.0832486674189568,5.2787709236145,0.000327
1995-02-09,29.7650470733643,0.135697305202484,5.26598596572876,0.000327
1995-02-10,29.3425064086914,0.255251258611679,4.83532953262329,0.000327
1995-02-11,29.1648483276367,0.249973773956299,5.44882488250732,0
1995-02-12,29.7045822143555,0.130416169762611,5.20823955535889,0
1995-02-13,30.0279178619385,0.0636624172329903,5.33963775634766,0
1995-02-14,29.4548263549805,0.000545221497304738,5.80582761764526,0
1995-02-15,29.5610847473145,0.00295763160102069,5.55401754379273,0
1995-02-16,29.7191677093506,0.0870015472173691,5.10536670684815,0
1995-02-17,30.4780387878418,0.16182579100132,5.34874105453491,0
1995-02-18,29.2977867126465,0.527525067329407,4.22785234451294,0
1995-02-19,29.5354099273682,1.00458765029907,5.07304763793945,0
1995-02-20,28.7432155609131,0.0971557572484016,5.72687292098999,0
1995-02-21,27.3278694152832,0.265120685100555,4.8110876083374,0
1995-02-22,28.5267753601074,1.65841603279114,5.03268194198608,0
1995-02-23,28.7219524383545,0.146151378750801,5.21682977676392,0
1995-02-24,28.4637870788574,0.321547538042069,4.13209915161133,0
1995-02-25,28.6861896514893,0.492021888494492,4.90743970870972,0
1995-02-26,29.0240173339844,1.35140228271484,4.5936770439148,0
1995-02-27,27.6807041168213,2.43743467330933,4.6115083694458,0
1995-02-28,28.5588073730469,1.1982753276825,5.20031881332398,0
1995-03-01,29.5587844848633,0.688222587108612,6.15429019927979,0
1995-03-02,28.5679588317871,0.0634895637631416,5.47393703460693,0
1995-03-03,27.9789981842041,0.00931741483509541,4.57525444030762,0
1995-03-04,28.4153881072998,0,5.68483877182007,0
1995-03-05,28.2447490692139,0.00267756660468876,5.93674898147583,0
1995-03-06,28.2350234985352,0.178574979305267,4.16116142272949,0
1995-03-07,29.4005012512207,0.83593487739563,6.02091312408447,0
1995-03-08,27.9877624511719,0.364561080932617,4.13477563858032,0
1995-03-09,27.1172142028809,2.25231504440308,3.72138237953186,0.000163
1995-03-10,28.9898014068604,1.3369619846344,5.48998832702637,0.000163
1995-03-11,27.9871387481689,0.686686992645264,4.37564897537231,0.000817
1995-03-12,27.144121170044,2.04292798042297,4.03004550933838,0.00147
1995-03-13,28.7520847320557,0.417128294706345,5.46267080307007,0.00147
1995-03-14,28.0436630249023,2.10977458953857,3.63754916191101,0.00147
1995-03-15,28.4966793060303,5.02477931976318,4.30704975128174,0.00147
1995-03-16,28.3199081420898,7.32352145860205e-06,4.01356935501099,0.000327
1995-03-17,29.3390407562256,0.351726800203323,5.14188432693481,0.000327
1995-03-18,29.3322715759277,0.0520210117101669,4.11300754547119,0.000327
1995-03-19,28.240312576294,1.09712195396423,4.55543231964111,0.000327
1995-03-20,27.9994258880615,2.2669849395752,4.4875316619873,0.000327
1995-03-21,28.5415325164795,0.310893267393112,4.92968559265137,0.000327
1995-03-22,28.4167881011963,0.0716870501637459,4.37571811676025,0.000327
1995-03-23,29.4086437225342,0.00717178778722882,4.50310230255127,0.000327
1995-03-24,29.6006507873535,0.127509474754334,4.45600938796997,0.000327
1995-03-25,29.3825626373291,5.44090700149536,3.56816267967224,0.000327
1995-03-26,27.4799022674561,6.6810450553894,3.07052326202393,0
1995-03-27,27.703239440918,4.09638547897339,3.68246674537659,0
1995-03-28,27.574390411377,1.30015456676483,4.00077962875366,0
1995-03-29,27.9583988189697,0.232019752264023,3.51743507385254,0.000327
1995-03-30,27.7765789031982,0.664744257926941,4.03772878646851,0.000327
1995-03-31,28.6054039001465,0.138905912637711,4.71912002563477,0.000327
1995-04-01,28.8699550628662,0.179699644446373,4.22560691833496,0.000327
1995-04-02,29.1138591766357,0.203002363443375,4.47841453552246,0.000327
1995-04-03,28.596378326416,0.186173096299171,4.43162202835083,0.000327
1995-04-04,28.6114082336426,0.237137824296951,3.77500462532043,0.000327
1995-04-05,27.934175491333,0.808411359786987,3.72958970069885,0.000327
1995-04-06,26.4624805450439,6.22529888153076,3.24438500404358,0.000327
1995-04-07,26.8222846984863,0.583763480186462,3.55572319030762,0.000327
1995-04-08,27.0876979827881,0.894495904445648,3.63321471214294,0.000327
1995-04-09,26.9529037475586,3.50581455230713,2.68994116783142,0
1995-04-10,26.0800952911377,11.2323684692383,3.37449097633362,0.00343
1995-04-11,26.7319622039795,2.47660994529724,3.73192834854126,0.013555
1995-04-12,27.4637699127197,0.779245257377625,4.04675483703613,0.148126
1995-04-13,27.0567493438721,3.72714877128601,2.74231696128845,0.284982
1995-04-14,27.2797660827637,9.19051837921143,2.35162997245789,0.208388
1995-04-15,25.5914173126221,26.8168659210205,1.29575455188751,0.064836
1995-04-16,25.5145626068115,11.5535125732422,2.13499331474304,0.02417
1995-04-17,25.299280166626,12.5762786865234,2.56786346435547,0.038542
1995-04-18,26.02903175354,15.311408996582,2.84806966781616,0.020251
1995-04-19,26.6184272766113,14.1084241867065,3.75657391548157,0.033316
1995-04-20,26.9350471496582,1.08168649673462,3.05277991294861,0.033316
1995-04-21,26.7991199493408,1.05799067020416,3.36028242111206,0.02858
1995-04-22,25.9574089050293,0.0239713601768017,3.99545621871948,0.02417
1995-04-23,25.5584754943848,0.313271254301071,3.22179532051086,0.02417
1995-04-24,26.3878612518311,0.414745539426804,3.4331111907959,0.016658
1995-04-25,26.3811016082764,0.286297112703323,3.73427724838257,0.016658
1995-04-26,25.9538040161133,1.17261648178101,2.74922204017639,0.013555
1995-04-27,25.2652835845947,5.44121074676514,2.97330570220947,0.008492
1995-04-28,25.8393573760986,3.10507321357727,3.20267200469971,0.006533
1995-04-29,26.2005882263184,0.966002225875854,3.08074712753296,0.004736
1995-04-30,26.683557510376,0.106698118150234,3.66747617721558,0.004736
1995-05-01,25.4566802978516,0.27040508389473,2.91800284385681,0.00147
1995-05-02,26.0233516693115,1.01104116439819,3.33116364479065,0.00147
1995-05-03,26.4965724945068,0.371522068977356,3.05979561805725,0.00147
1995-05-04,26.0723495483398,0.639756500720978,2.59392189979553,0.00147
1995-05-05,26.0060558319092,1.5196727514267,2.72471117973328,0.00147
1995-05-06,25.4492359161377,0.259818196296692,3.28067374229431,0.00147
1995-05-07,26.003360748291,0.176324754953384,3.12032628059387,0.00147
1995-05-08,27.4195404052734,0.104200020432472,3.58482837677002,0.00147
1995-05-09,26.8554592132568,0.216432511806488,3.35834217071533,0.00147
1995-05-10,26.2568016052246,0.420368582010269,3.33000588417053,0.000327
1995-05-11,25.4531383514404,0.0459938384592533,3.29029393196106,0.000327
1995-05-12,26.5711040496826,1.08496940135956,3.47812747955322,0.000327
1995-05-13,25.3449783325195,10.3390884399414,2.1860613822937,0.00343
1995-05-14,25.7908992767334,6.53230619430542,2.86782670021057,0.006533
1995-05-15,25.5250358581543,1.33772885799408,2.60595440864563,0.013555
1995-05-16,25.6045207977295,3.07605886459351,3.39869713783264,0.016658
1995-05-17,26.2118072509766,0.264646142721176,3.76513171195984,0.02417
1995-05-18,25.9404830932617,5.86724615097046,2.3779935836792,0.02417
1995-05-19,26.2679061889648,3.52526712417603,2.81340909004211,0.02417
1995-05-20,26.2525787353516,0.698585271835327,2.83163642883301,0.02417
1995-05-21,26.0564479827881,0.931630253791809,2.42273664474487,0.02858
1995-05-22,26.1838226318359,4.27152109146118,2.56552195549011,0.020251
1995-05-23,25.270435333252,6.30946683883667,1.4814954996109,0.020251
1995-05-24,23.9622783660889,17.9618148803711,1.13850295543671,0.020251
1995-05-25,25.1506443023682,6.57480335235596,2.37607860565186,0.038542
1995-05-26,25.2713146209717,6.19441080093384,2.25977087020874,0.10991
1995-05-27,24.5277862548828,6.14008808135986,2.03881335258484,0.181768
1995-05-28,24.3625144958496,31.6686153411865,2.07867503166199,0.245787
1995-05-29,24.3054103851318,21.4281158447266,2.57386541366577,0.199406
1995-05-30,24.699728012085,5.73651218414307,2.6764497756958,0.140123
1995-05-31,24.1898593902588,6.5358738899231,2.85198163986206,0.072675
1995-06-01,24.1659412384033,3.32573509216309,2.5464198589325,0.072675
1995-06-02,24.0451602935791,3.14915728569031,2.34374094009399,0.072675
1995-06-03,24.1468563079834,1.7219043970108,2.51075124740601,0.072675
1995-06-04,24.6696300506592,1.37456607818604,3.33814573287964,0.072675
1995-06-05,23.6579818725586,0.653922319412231,2.44542074203491,0.044421
1995-06-06,23.3902206420898,0.341578304767609,2.91018033027649,0.038542
1995-06-07,23.3655548095703,0.26874178647995,2.99448800086975,0.033316
1995-06-08,23.8716888427734,2.41037726402283,2.631432056427,0.02858
1995-06-09,23.7017860412598,0.156335934996605,2.75504851341248,0.02858
1995-06-10,23.6544952392578,1.46643269062042,2.35960841178894,0.02417
1995-06-11,24.1209182739258,2.78386902809143,2.65675330162048,0.02417
1995-06-12,23.297248840332,1.3557585477829,2.25026082992554,0.02417
1995-06-13,23.3387012481689,1.57864820957184,2.16372656822205,0.02417
1995-06-14,23.8028831481934,1.63316440582275,2.60669779777527,0.02858
1995-06-15,23.6978244781494,0.852886497974396,2.7080295085907,0.02858
1995-06-16,23.7050094604492,0.852456867694855,2.40393686294556,0.02858
1995-06-17,23.4525909423828,0.460677355527878,2.70150899887085,0.02858
1995-06-18,23.2422485351563,0.356359750032425,2.3646833896637,0.02858
1995-06-19,23.0426158905029,0.656524837017059,2.75624322891235,0.038542
1995-06-20,23.3252696990967,0.0845099240541458,2.15713715553284,0.072675
1995-06-21,23.05153465271,0.802625060081482,2.18806958198547,0.10991
1995-06-22,23.1632766723633,3.45399522781372,1.92967927455902,0.132284
1995-06-23,23.485408782959,1.69332349300385,2.24083065986633,0.132284
1995-06-24,23.1752815246582,4.10283279418945,1.40572929382324,0.120689
1995-06-25,23.8365345001221,4.00156927108765,2.34754014015198,0.064836
1995-06-26,23.930814743042,4.54358291625977,2.70049357414246,0.038542
1995-06-27,22.8644523620606,6.30767440795898,1.96358644962311,0.033316
1995-06-28,23.0622463226318,7.42041921615601,1.95699143409729,0.033316
1995-06-29,22.9143047332764,12.0531387329102,1.51325702667236,0.033316
1995-06-30,22.8120727539063,6.13131904602051,1.9454962015152,0.02858
1995-07-01,23.333345413208,4.94553852081299,2.74968314170837,0.02858
1995-07-02,23.9577045440674,3.65608692169189,2.40098142623901,0.02858
1995-07-03,23.0991802215576,2.80233502388001,2.61963653564453,0.02417
1995-07-04,23.0810985565186,2.37606334686279,2.55265283584595,0.038542
1995-07-05,23.3076324462891,3.00448703765869,1.95734894275665,0.050627
1995-07-06,23.4213638305664,5.1697096824646,2.35208678245544,0.057486
1995-07-07,23.7408962249756,6.11291027069092,2.40509128570557,0.057486
1995-07-08,23.900276184082,0.0417311117053032,2.43492126464844,0.038542
1995-07-09,23.4899959564209,0.134769931435585,2.98454284667969,0.033316
1995-07-10,23.3687877655029,0.322236686944962,2.51829838752747,0.050627
1995-07-11,22.1104049682617,0.0228287503123283,2.85028314590454,0.064836
1995-07-12,22.6851291656494,0.109318800270557,3.16996741294861,0.072675
1995-07-13,22.6875171661377,0.191763252019882,2.80111932754517,0.072675
1995-07-14,23.4223213195801,0.278258293867111,3.43967080116272,0.090149
1995-07-15,24.0313472747803,1.3394148349762,3.25448131561279,0.090149
1995-07-16,23.4365310668945,2.90888285636902,2.14874505996704,0.072675
1995-07-17,23.1594619750977,1.88554310798645,2.78763246536255,0.072675
1995-07-18,23.1804294586182,1.50143754482269,3.15214490890503,0.072675
1995-07-19,22.8090744018555,2.13105630874634,2.48417520523071,0.072675
1995-07-20,23.5953826904297,2.11219263076782,3.05832815170288,0.072675
1995-07-21,22.6144313812256,1.03877353668213,2.22697520256042,0.072675
1995-07-22,22.2222080230713,0.316449671983719,2.56616616249084,0.057486
1995-07-23,23.0028667449951,1.53907430171967,2.49762988090515,0.044421
1995-07-24,23.3148384094238,5.79043054580689,2.06565499305725,0.044421
1995-07-25,22.7480716705322,2.18029141426086,2.04812073707581,0.038542
1995-07-26,23.3578681945801,4.43451166152954,2.47982263565064,0.02858
1995-07-27,22.1715393066406,0.368821978569031,2.54780411720276,0.02858
1995-07-28,23.2901077270508,1.6145213842392,2.54871082305908,0.02417
1995-07-29,23.3286972045898,1.98433470726013,3.28397417068481,0.02417
1995-07-30,22.9587821960449,5.07336711883545,2.16253972053528,0.02417
1995-07-31,22.4455127716064,2.95975255966187,2.5133798122406,0.020251
1995-08-01,23.7152137756348,1.61396837234497,3.05448269844055,0.016658
1995-08-02,22.6080646514893,0.0245398711413145,3.12056660652161,0.016658
1995-08-03,22.6659984588623,0.248031303286552,2.47126960754395,0.016658
1995-08-04,23.445951461792,0.663844227790833,2.6783332824707,0.016658
1995-08-05,23.7430114746094,3.10268354415894,2.79398965835571,0.016658
1995-08-06,24.3606147766113,2.4940664768219,2.43134784698486,0.016658
1995-08-07,22.9519290924072,1.19009125232697,2.51708102226257,0.016658
1995-08-08,22.1882343292236,1.57601821422577,2.10133695602417,0.016658
1995-08-09,22.1266956329346,1.02987802028656,2.27069807052612,0.016658
1995-08-10,23.6698932647705,0.104971066117287,3.12239050865173,0.016658
1995-08-11,23.4837913513184,0.324449509382248,2.90572071075439,0.016658
1995-08-12,21.6918487548828,0.247650980949402,1.94415855407715,0.013555
1995-08-13,22.2650184631348,0.66354113817215,2.42893123626709,0.013555
1995-08-14,22.5409622192383,0.160440966486931,2.86082315444946,0.013555
1995-08-15,21.9494876861572,0.0874085873365402,2.83837914466858,0.010779
1995-08-16,21.6934719085693,0.122253552079201,2.78077507019043,0.010779
1995-08-17,23.7574901580811,0.131857872009277,3.68501257896423,0.010779
1995-08-18,23.52712059021,0.398841440677643,3.39251136779785,0.013555
1995-08-19,21.8440113067627,0.491237223148346,2.32266759872437,0.016658
1995-08-20,23.2265300750732,0.133551329374313,3.43128657341003,0.016658
1995-08-21,23.0649337768555,0.880938470363617,3.1350371837616,0.016658
1995-08-22,22.8289585113525,1.53353655338287,2.38196897506714,0.016658
1995-08-23,22.6155433654785,2.09574294090271,2.9205756187439,0.016658
1995-08-24,23.0251636505127,4.12767553329468,2.61666965484619,0.016658
1995-08-25,23.0813293457031,2.20042061805725,3.14878869056702,0.016658
1995-08-26,22.9636611938477,3.3224790096283,2.46257662773132,0.016658
1995-08-27,22.7581844329834,0.848039388656616,2.97767925262451,0.013555
1995-08-28,23.9235954284668,0.290936827659607,3.22161984443665,0.013555
1995-08-29,23.017484664917,0.118333876132965,3.10376334190369,0.013555
1995-08-30,24.656759262085,0.480692595243454,4.0048131942749,0.010779
1995-08-31,23.6836051940918,0.33081516623497,3.17454123497009,0.008492
1995-09-01,24.8183345794678,0.428352802991867,3.58764338493347,0.004736
1995-09-02,24.1828422546387,0.143536508083344,4.09815168380737,0.004736
1995-09-03,23.5995044708252,0.154106914997101,3.32595181465149,0.004736
1995-09-04,23.5393466949463,1.97408604621887,3.27901911735535,0.004736
1995-09-05,23.6034927368164,1.28439331054688,3.54827308654785,0.00343
1995-09-06,23.1620197296143,3.41113042831421,3.00916647911072,0.00343
1995-09-07,23.4306564331055,4.40503644943237,3.00882124900818,0.002286
1995-09-08,23.6033172607422,4.93981409072876,2.70475697517395,0.00147
1995-09-09,24.2356376647949,1.68159258365631,3.15882444381714,0.00147
1995-09-10,24.2362689971924,0.566503405570984,3.31197667121887,0.00147
1995-09-11,24.6464653015137,0.51516205072403,3.39219212532043,0.00343
1995-09-12,23.5974292755127,0.0285243336111307,3.57351970672607,0.00343
1995-09-13,23.4372158050537,0.0400119721889496,3.55382442474365,0.00343
1995-09-14,24.3153781890869,0.191895797848701,3.24523282051086,0.004736
1995-09-15,24.9926738739014,0.136536329984665,3.56741833686829,0.004736
1995-09-16,24.7228832244873,0.0166916474699974,4.2496976852417,0.004736
1995-09-17,25.6523494720459,0.0571696236729622,3.99721074104309,0.004736
1995-09-18,25.55397605896,0.0235170405358076,4.03542613983154,0.004736
1995-09-19,25.0664901733398,0.196502193808556,3.80283379554749,0.00343
1995-09-20,24.1996841430664,0.328925162553787,3.40368390083313,0.002286
1995-09-21,24.0699253082275,0.0662726685404778,4.18693399429321,0.002286
1995-09-22,24.3522472381592,1.97539162635803,3.51625323295593,0.00343
1995-09-23,24.1427459716797,3.3246431350708,3.6267876625061,0.00343
1995-09-24,24.1302890777588,4.54547119140625,3.38040661811829,0.004736
1995-09-25,23.8719749450684,2.03180074691772,3.51136708259583,0.006533
1995-09-26,24.2197856903076,1.5244072675705,3.48791670799255,0.006533
1995-09-27,23.6639194488525,0.402024328708649,3.54612278938293,0.006533
1995-09-28,24.3925590515137,0.00792396627366543,4.15869283676147,0.006533
1995-09-29,26.2107009887695,0.00465379888191819,4.74348545074463,0.004736
1995-09-30,24.9709186553955,0.0686648264527321,4.39018821716309,0.004736
1995-10-01,25.6733245849609,0.323684573173523,4.86108636856079,0.004736
1995-10-02,25.2528018951416,0.363253116607666,3.97353959083557,0.004736
1995-10-03,25.6745014190674,0.185679107904434,3.27336764335632,0.004736
1995-10-04,26.3555488586426,0.00418990291655064,4.58741474151611,0.004736
1995-10-05,25.5117893218994,2.20463198274956e-06,5.21360397338867,0.004736
1995-10-06,25.5523853302002,0.000620423816144466,5.39906692504883,0.004736
1995-10-07,25.3701763153076,0.00422781240195036,5.32601737976074,0.004736
1995-10-08,27.9062538146973,0.00277797458693385,5.02005863189697,0.004736
1995-10-09,28.3460102081299,0.0278977230191231,5.25581359863281,0.004736
1995-10-10,27.9997138977051,1.10014195797703e-06,5.73640441894531,0.004736
1995-10-11,27.5641994476318,0.0035321528557688,4.28394794464111,0.004736
1995-10-12,27.475830078125,0.037837702780962,5.34742879867554,0.00147
1995-10-13,27.2203540802002,0.126123785972595,4.78855466842651,0.000817
1995-10-14,28.3320446014404,0.0279471036046743,5.23780870437622,0.000817
1995-10-15,27.9131851196289,0.00850958842784166,5.57761192321777,0.000817
1995-10-16,27.0018310546875,0.442704796791077,4.80203437805176,0.000817
1995-10-17,26.0521068572998,0.4334696829319,4.72369384765625,0.000817
1995-10-18,25.4908599853516,0.0330612100660801,4.62006187438965,0.000817
1995-10-19,25.983362197876,4.57068750847611e-07,5.47854852676392,0.000817
1995-10-20,25.8474769592285,0.232801973819733,4.60449695587158,0.000817
1995-10-21,27.873348236084,0.0645346418023109,5.01289033889771,0.000817
1995-10-22,28.8579578399658,0.0710756778717041,5.56582832336426,0.000817
1995-10-23,27.5698566436768,0,4.60967922210693,0.000817
1995-10-24,27.7645740509033,0.0723581984639168,4.99595069885254,0.000817
1995-10-25,26.7210445404053,0.442855924367905,4.58280754089356,0.00147
1995-10-26,26.5410060882568,0.784553706645966,5.46384334564209,0.00147
1995-10-27,26.7222347259522,0.00100895762443542,4.77447175979614,0.000817
1995-10-28,27.3064479827881,9.77096060523763e-05,5.55078649520874,0.000163
1995-10-29,27.9927768707275,0.00930092670023441,5.60356187820435,0
1995-10-30,27.644739151001,0.0181697756052017,5.32000732421875,0
1995-10-31,27.4231052398682,0.00275068054907024,5.60106658935547,0
1995-11-01,27.8672504425049,0.0481906123459339,5.05148601531982,0
1995-11-02,27.7876605987549,0.444770842790604,4.45891284942627,0
1995-11-03,26.67063331604,1.4991135597229,4.55866050720215,0
1995-11-04,27.4343280792236,1.16610813140869,5.27878665924072,0
1995-11-05,26.2806129455566,1.4261040687561,4.96352910995483,0
1995-11-06,26.2309951782227,3.18497681617737,4.3112998008728,0
1995-11-07,25.6460933685303,4.72867822647095,3.99387884140015,0.000327
1995-11-08,25.8088111877441,2.74846935272217,3.17101311683655,0.000327
1995-11-09,26.8599052429199,2.89881658554077,4.66362476348877,0.000817
1995-11-10,26.6472415924072,0.654824912548065,4.22395038604736,0.000817
1995-11-11,27.9454154968262,0.414794325828552,4.91469955444336,0.000817
1995-11-12,27.3439655303955,1.18213486671448,4.18108367919922,0.000817
1995-11-13,28.2105693817139,2.54465007781982,5.6574969291687,0.000327
1995-11-14,26.5687389373779,0.211852863430977,4.38945960998535,0.000327
1995-11-15,26.9438934326172,0.808675169944763,4.34655857086182,0
1995-11-16,28.1212863922119,0.0769317820668221,5.68372964859009,0
1995-11-17,28.1588478088379,3.64952866220847e-05,5.05183839797974,0.000817
1995-11-18,28.6734104156494,0.000291491392999887,5.14518928527832,0.00147
1995-11-19,29.31298828125,0.406662195920944,5.27720308303833,0.004736
1995-11-20,29.4663467407227,2.70729374885559,4.02144575119019,0.010779
1995-11-21,23.6500015258789,16.8909740447998,0.625357389450073,0.016658
1995-11-22,23.9403648376465,12.5955505371094,2.63316082954407,0.050627
1995-11-23,25.3640556335449,1.63243651390076,3.68543839454651,0.148126
1995-11-24,24.8908538818359,2.74607801437378,2.45118284225464,0.236152
1995-11-25,24.4758586883545,17.7301254272461,1.40903377532959,0.390973
1995-11-26,25.1829395294189,36.5657691955566,2.49870371818543,0.739484
1995-11-27,26.5128402709961,21.1124801635742,3.01080298423767,1.400905
1995-11-28,27.3015861511231,2.15372705459595,4.76609039306641,0.622388
1995-11-29,26.9039630889893,1.15382754802704,5.21498012542725,0.216881
1995-11-30,26.7059688568115,0.0564688704907894,4.65277862548828,0.121342
1995-12-01,26.8707275390625,0.714432895183563,4.42685174942017,0.058466
1995-12-02,26.223274230957,0.617719054222107,4.24304151535034,0.033643
1995-12-03,26.2984104156494,0.197946831583977,4.47280931472778,0.025314
1995-12-04,27.0432510375977,1.10233461856842,4.7843132019043,0.017801
1995-12-05,27.2966384887695,0.412001311779022,5.09184265136719,0.014372
1995-12-06,27.9263763427734,1.30716216564178,3.08722066879272,0.075451
1995-12-07,27.2298545837402,21.7082595825195,3.26328706741333,0.253136
1995-12-08,26.7999057769775,8.95918846130371,2.9388473033905,0.291352
1995-12-09,28.0551834106445,0.518072724342346,4.44316577911377,0.243827
1995-12-10,26.7204532623291,3.70443534851074,2.64049553871155,0.199569
1995-12-11,27.2579288482666,0.579247534275055,4.59473752975464,0.174582
1995-12-12,26.5904598236084,0.629906594753265,4.82409620285034,0.150902
1995-12-13,27.4402084350586,0.0107289049774408,4.63727283477783,0.100765
1995-12-14,27.8399982452393,0.0162795167416334,5.01161861419678,0.069572
1995-12-15,28.0967807769775,0.0834903120994568,4.77972316741943,0.053077
1995-12-16,28.9019813537598,0.401814490556717,5.07580041885376,0.038215
1995-12-17,28.1361675262451,0,5.49609565734863,0.033643
1995-12-18,27.642858505249,0.00132643280085176,5.26939058303833,0.029396
1995-12-19,27.6583976745606,2.94452602247475e-05,5.71182155609131,0.025314
1995-12-20,27.0188732147217,0.00106156896799803,5.49891710281372,0.021394
1995-12-21,27.7491588592529,0.0210811961442232,4.57728624343872,0.014372
1995-12-22,27.782829284668,0.0048859678208828,4.86033153533936,0.014372
1995-12-23,28.3804588317871,0.0040050195530057,4.88597440719605,0.014372
1995-12-24,28.5814113616943,0.000761764764320105,4.96576118469238,0.011269
1995-12-25,28.335880279541,0.0130502162501216,5.03713512420654,0.011269
1995-12-26,28.5397529602051,0.0744533911347389,4.87999105453491,0.008492
1995-12-27,28.1378192901611,0.0403508506715298,4.00394582748413,0.008492
1995-12-28,28.199333190918,0.13247261941433,4.46307897567749,0.008492
1995-12-29,29.0747299194336,2.01590967178345,4.71992444992065,0.008492
1995-12-30,28.6129665374756,1.81770777702332,3.86689376831055,0.005879
1995-12-31,29.5667400360107,6.15604305267334,5.74207973480225,0.005879
1996-01-01,28.3995246887207,0.000197956222109497,4.79409837722778,0.005879
1996-01-02,28.6817111968994,0.0456496886909008,5.23852300643921,0.005879
1996-01-03,28.9109992980957,0.0589814856648445,5.39849185943604,0.005879
1996-01-04,28.680793762207,0.0473787002265453,6.06846904754639,0.005879
1996-01-05,27.57421875,0.270408093929291,4.18811511993408,0.003756
1996-01-06,28.0045642852783,0.239722296595573,5.53191423416138,0.00196
1996-01-07,27.4010314941406,0.709616482257843,4.26180934906006,0.00196
1996-01-08,29.1786632537842,0.0497957058250904,5.63317537307739,0.00196
1996-01-09,28.4640827178955,0.0927724689245224,5.01985788345337,0.00196
1996-01-10,29.2954273223877,0.0563957281410694,5.5837893486023,0.00196
1996-01-11,29.0070362091064,0.0608945824205875,4.90125703811646,0.00196
1996-01-12,28.225513458252,0.000174419255927205,4.85650491714478,0.00196
1996-01-13,28.0281772613525,0.775064051151276,4.73650407791138,0.00196
1996-01-14,28.6658115386963,0.437343567609787,5.29803848266602,0.00196
1996-01-15,27.2022285461426,0.428018808364868,3.8089325428009,0.00196
1996-01-16,27.7280750274658,1.6857658624649,4.56736183166504,0.005879
1996-01-17,27.9801235198975,0.632920205593109,4.44632720947266,0.005879
1996-01-18,28.2707252502441,0.382694631814957,4.3577241897583,0.005879
1996-01-19,28.3177509307861,1.21974992752075,4.52741861343384,0.005879
1996-01-20,28.5758075714111,0.978871703147888,4.78410243988037,0.005879
1996-01-21,28.0383758544922,1.74857938289642,4.8171329498291,0.005879
1996-01-22,27.8721313476563,0.685309112071991,4.8000750541687,0.005879
1996-01-23,28.3729057312012,0.0615312680602074,5.08691740036011,0.005879
1996-01-24,29.1691856384277,0.284418404102325,4.61809492111206,0.003756
1996-01-25,28.6220378875732,1.10658538341522,5.04163122177124,0.003756
1996-01-26,28.9076919555664,0.199021354317665,4.90609931945801,0.00196
1996-01-27,26.8995494842529,1.13475716114044,4.25113487243652,0.003756
1996-01-28,27.9518222808838,2.5708749294281,3.80485653877258,0.005879
1996-01-29,29.409008026123,1.70205962657928,5.73486185073853,0.005879
1996-01-30,28.7232646942139,0.931247889995575,4.54472351074219,0.005879
1996-01-31,29.8415088653564,0.77915757894516,5.79978322982788,0.005879
1996-02-01,30.2487487792969,0.0960788577795029,5.57827377319336,0.003756
1996-02-02,30.0896587371826,0.0373083129525185,5.60645914077759,0.003756
1996-02-03,29.8284015655518,0.0452464893460274,5.43024635314941,0.00196
1996-02-04,29.9415855407715,0.0186156537383795,5.4696478843689,0.00196
1996-02-05,29.7812423706055,0.0175139121711254,5.84228801727295,0.00196
1996-02-06,29.970365524292,0.171079099178314,5.70754432678223,0.00196
1996-02-07,29.7203235626221,0.000379416975192726,6.42714166641235,0.000653
1996-02-08,29.5945377349854,0.0161086097359657,5.31794691085815,0
1996-02-09,30.6120853424072,0.064054012298584,6.35343503952026,0
1996-02-10,29.8728733062744,0.014680284075439,5.94919586181641,0
1996-02-11,29.5592994689941,0.13729140162468,5.71524810791016,0
1996-02-12,29.6107578277588,0.0486853681504726,5.53609943389893,0
1996-02-13,29.4287586212158,0.432022839784622,5.29602813720703,0
1996-02-14,28.1318111419678,2.8617742061615,4.90957593917847,0
1996-02-15,28.6459808349609,2.68202900886536,5.05032205581665,0.000653
1996-02-16,28.8981418609619,2.97798132896423,5.1287989616394,0.000653
1996-02-17,27.4954643249512,3.10584402084351,4.12831544876099,0.00196
1996-02-18,28.1276359558106,1.00471961498261,4.04173946380615,0.003756
1996-02-19,28.6518440246582,4.62017107009888,4.69090032577515,0.003756
1996-02-20,29.2922687530518,1.58336782455444,4.68980932235718,0.008492
1996-02-21,29.7970752716065,0.894635021686554,4.98340368270874,0.008492
1996-02-22,29.5091228485107,1.36437511444092,5.07916641235352,0.008492
1996-02-23,29.6438236236572,1.34232115745544,5.13350009918213,0.005879
1996-02-24,30.0899620056152,0.852169990539551,5.81069326400757,0.005879
1996-02-25,28.8566303253174,0.198200643062592,5.03762817382813,0.005879
1996-02-26,28.8643703460693,0.181902751326561,5.52156209945679,0.005879
1996-02-27,28.754451751709,4.13504531024955e-05,5.07817602157593,0.00196
1996-02-28,29.0185012817383,0.0723298788070679,5.13785266876221,0.00196
1996-02-29,28.5320816040039,11.080361366272,5.14488554000855,0.00196
1996-03-01,29.6185626983643,0.306096643209457,4.98010683059692,0.00196
1996-03-02,29.5059719085693,0.247840330004692,4.66811227798462,0
1996-03-03,29.1065711975098,0.00129479495808482,3.36035346984863,0
1996-03-04,29.1597328186035,0.0288640800863504,4.8810772895813,0
1996-03-05,29.8901348114014,0.0601351521909237,5.16741704940796,0
1996-03-06,30.2831783294678,0.425453782081604,4.66541481018066,0
1996-03-07,29.6158580780029,0.354844003915787,4.68028402328491,0
1996-03-08,30.0247631072998,0.417356759309769,4.31687688827515,0
1996-03-09,30.6774158477783,0.0322066694498062,5.16453313827515,0
1996-03-10,30.6730995178223,0.00941479299217463,5.88598203659058,0
1996-03-11,30.1019554138184,0.00313524249941111,4.97336530685425,0
1996-03-12,30.6325435638428,0.22579525411129,5.76176452636719,0
1996-03-13,30.6927280426025,0.224935263395309,6.189368724823,0
1996-03-14,30.3549003601074,0,6.5671501159668,0
1996-03-15,29.7338218688965,1.18459534645081,4.0379114151001,0
1996-03-16,29.5109691619873,0.90462052822113,4.82842636108398,0
1996-03-17,29.1230907440186,0.619893908500671,4.63421726226807,0.000653
1996-03-18,29.8658752441406,0.0934751704335213,5.85753011703491,0
1996-03-19,28.5251655578613,1.91519498825073,4.250328540802,0
1996-03-20,29.2466144561768,1.33985757827759,4.64690208435059,0.003756
1996-03-21,29.2171726226807,0.476330071687698,4.53038120269775,0.005879
1996-03-22,30.4789772033691,0.58969920873642,5.65666198730469,0.008492
1996-03-23,30.6385669708252,0.88228189945221,5.36885118484497,0.014372
1996-03-24,30.5678462982178,0.0755937397480011,5.25167608261108,0.021394
1996-03-25,31.4921913146973,0.035578016191721,5.54088401794434,0.029396
1996-03-26,30.6953144073486,0.155684292316437,5.238685131073,0.042952
1996-03-27,28.4263973236084,0.513229548931122,3.91251683235168,0.042952
1996-03-28,28.9981174468994,2.57495641708374,5.11664056777954,0.029396
1996-03-29,28.3038635253906,0.657228946685791,3.87714028358459,0.021394
1996-03-30,28.6053905487061,3.0997097492218,2.83708214759827,0.017801
1996-03-31,28.9047756195068,3.41822695732117,3.55218052864075,0.014372
1996-04-01,29.2937698364258,4.92092704772949,4.87544107437134,0.021394
1996-04-02,28.5467586517334,0.457567304372788,4.39855670928955,0.021394
1996-04-03,27.7663040161133,2.20331382751465,3.49104762077332,0.025314
1996-04-04,27.0921573638916,3.51490688323975,3.36411714553833,0.029396
1996-04-05,27.4990768432617,1.15090608596802,4.13148975372314,0.033643
1996-04-06,27.7278480529785,10.2233428955078,3.55841660499573,0.038215
1996-04-07,28.0716094970703,2.40485429763794,3.90902042388916,0.042952
1996-04-08,27.703067779541,2.38027715682983,2.76463055610657,0.042952
1996-04-09,27.5593814849854,5.97288751602173,2.93569588661194,0.048014
1996-04-10,26.5265674591064,18.4621429443359,2.72652077674866,0.069572
1996-04-11,26.9456653594971,19.1759300231934,2.75774669647217,0.081494
1996-04-12,27.9278392791748,1.90920948982239,4.05844163894653,0.038215
1996-04-13,27.2774486541748,1.19946622848511,3.72073435783386,0.042952
1996-04-14,27.8235492706299,1.4592000246048,3.83514928817749,0.048014
1996-04-15,27.5589656829834,1.32032680511475,3.70212745666504,0.053077
1996-04-16,27.911750793457,1.13109254837036,4.40375947952271,0.069572
1996-04-17,26.4178161621094,0.480961710214615,3.08642077445984,0.094232
1996-04-18,28.0197048187256,0.26907154917717,4.66648626327515,0.128528
1996-04-19,27.8025093078613,0.361613363027573,4.03759765625,0.150902
1996-04-20,26.6727962493897,3.8398711681366,2.93307900428772,0.216881
1996-04-21,24.7572364807129,29.8286762237549,2.37587976455689,0.234682
1996-04-22,24.9030265808106,5.76446390151978,3.22656464576721,0.16658
1996-04-23,26.0414371490479,0.409711837768555,3.46798729896545,0.10746
1996-04-24,26.1031475067139,2.15837669372559,3.19930791854858,0.063856
1996-04-25,26.9827079772949,1.07863998413086,3.74033904075623,0.029396
1996-04-26,27.2730312347412,0.578264832496643,4.42236137390137,0.014372
1996-04-27,25.3015155792236,0.978362083435059,1.977090716362,0.008492
1996-04-28,24.9963550567627,1.69827175140381,2.4467921257019,0.048014
1996-04-29,25.7559299468994,13.62668800354,2.14015531539917,0.11432
1996-04-30,24.8018493652344,18.6081848144531,1.85117554664612,0.135877
1996-05-01,25.4242362976074,3.1788763999939,2.45591235160828,0.10746
1996-05-02,26.3236408233643,0,3.76354193687439,0.069572
1996-05-03,25.9168300628662,0.441733717918396,3.28694081306458,0.042952
1996-05-04,26.4625358581543,0.465643167495728,3.18563342094421,0.053077
1996-05-05,25.5661067962647,5.77253723144531,2.68055319786072,0.087863
1996-05-06,25.7951107025147,0.89689564704895,3.70217514038086,0.128528
1996-05-07,25.509162902832,0.335826277732849,4.15255689620972,0.100765
1996-05-08,25.5955142974854,0.00323288049548864,4.07362222671509,0.069572
1996-05-09,24.7654304504395,0.230595633387566,2.15116691589355,0.048014
1996-05-10,25.0853214263916,0.633097410202026,3.0928955078125,0.053077
1996-05-11,24.9634914398193,0.162852242588997,3.20942306518555,0.058466
1996-05-12,26.7031841278076,0.0478731580078602,4.01161575317383,0.058466
1996-05-13,25.7043304443359,1.00320160388947,3.13818192481995,0.081494
1996-05-14,24.5874576568604,0.20427580177784,2.62149119377136,0.087863
1996-05-15,25.2373390197754,0.0320220738649368,3.71938848495483,0.069572
1996-05-16,25.178165435791,2.28951303142821e-05,4.06002140045166,0.042952
1996-05-17,27.3241672515869,0.0218584388494492,4.12147569656372,0.021394
1996-05-18,26.2107162475586,4.71732997894287,2.90235257148743,0.017801
1996-05-19,26.3707427978516,1.96530508995056,2.52167415618897,0.014372
1996-05-20,26.0852966308594,0.964458823204041,2.7339985370636,0.021394
1996-05-21,26.9972991943359,0.416470617055893,3.2596652507782,0.025314
1996-05-22,26.1264133453369,3.33522510528564,2.82300043106079,0.029396
1996-05-23,26.5372657775879,1.17811298370361,3.67835402488709,0.048014
1996-05-24,25.1477088928223,0.124859824776649,3.19896101951599,0.033643
1996-05-25,25.0791263580322,1.22811782360077,2.98113799095154,0.025314
1996-05-26,24.0254554748535,0.275669872760773,3.02911615371704,0.021394
1996-05-27,23.7274570465088,0.514461517333984,2.94285154342651,0.017801
1996-05-28,23.6773109436035,0.627701044082642,2.15087842941284,0.017801
1996-05-29,22.9406433105469,10.1161556243896,0.880320072174072,0.021394
1996-05-30,23.8660259246826,7.33243274688721,2.36251354217529,0.025314
1996-05-31,24.3112564086914,2.38013386726379,3.61997509002686,0.038215
1996-06-01,24.5738372802734,0.883311867713928,2.98260855674744,0.048014
1996-06-02,25.13010597229,1.27215421199799,2.48007464408875,0.058466
1996-06-03,23.8493480682373,3.1659369468689,2.78859925270081,0.081494
1996-06-04,22.491325378418,9.15786266326904,1.14065635204315,0.087863
1996-06-05,23.1276187896729,20.6574363708496,1.50817060470581,0.135877
1996-06-06,22.9926586151123,13.2262287139893,2.11886239051819,0.16658
1996-06-07,23.6165752410889,7.83418226242065,1.98574304580688,0.182911
1996-06-08,23.9280643463135,9.89871406555176,2.18594098091126,0.16658
1996-06-09,23.8209667205811,1.51409709453583,3.00435638427734,0.128528
1996-06-10,23.1560096740723,0.906246781349182,2.36765432357788,0.10746
1996-06-11,22.8675422668457,16.9348392486572,1.88330245018005,0.243827
1996-06-12,23.0386028289795,18.5495586395264,1.95171236991882,0.486185
1996-06-13,22.9669551849365,7.62497091293335,1.45359432697296,0.534362
1996-06-14,23.0935897827148,11.3184804916382,2.83726453781128,0.417266
1996-06-15,23.0647487640381,2.54591178894043,1.7535959482193,0.36272
1996-06-16,23.2627258300781,1.55520212650299,1.91048431396484,0.321238
1996-06-17,23.9610443115234,14.1857557296753,2.42620062828064,0.291352
1996-06-18,23.2508907318115,0.248189374804497,3.09234762191772,0.253136
1996-06-19,23.675760269165,0.00218584691174328,2.66662168502808,0.2257
1996-06-20,22.1585559844971,0.220931097865105,2.32740569114685,0.182911
1996-06-21,23.8658390045166,6.82571077346802,2.0664381980896,0.150902
1996-06-22,23.8080635070801,5.5342059135437,3.00993919372559,0.128528
1996-06-23,22.9053516387939,0.0136418044567108,3.15171074867249,0.11432
1996-06-24,23.1030197143555,0.242619127035141,2.41024398803711,0.094232
1996-06-25,23.5466213226318,0.527672111988068,2.56834316253662,0.081494
1996-06-26,24.0477523803711,1.55651354789734,2.35112047195435,0.075451
1996-06-27,23.9603137969971,0.387440145015717,2.15156030654907,0.069572
1996-06-28,24.0986137390137,0.0202412568032742,3.29169988632202,0.048014
1996-06-29,24.2940464019775,0.00573226902633905,3.03352355957031,0.033643
1996-06-30,22.7575855255127,0.00308227073401213,3.10145545005798,0.033643
1996-07-01,22.9690780639648,0.88038969039917,1.98643136024475,0.038215
1996-07-02,23.1462993621826,1.27380478382111,2.18844366073608,0.042952
1996-07-03,23.3057403564453,2.75433945655823,2.55260491371155,0.048014
1996-07-04,23.6416320800781,0.468759626150131,3.37267732620239,0.042952
1996-07-05,23.6246585845947,0.070435144007206,3.24946784973145,0.038215
1996-07-06,23.9644641876221,0.12350358068943,3.07696771621704,0.033643
1996-07-07,23.0345325469971,0.610741198062897,2.59658455848694,0.029396
1996-07-08,23.2937622070313,1.27707695960999,3.08549761772156,0.025314
1996-07-09,22.916524887085,0.469780266284943,2.34483599662781,0.021394
1996-07-10,23.2810974121094,1.00705802440643,3.1067419052124,0.017801
1996-07-11,23.0782928466797,0.698734700679779,2.79359459877014,0.021394
1996-07-12,22.6857089996338,0.000196483408217318,3.27718043327332,0.025314
1996-07-13,23.6470012664795,0.0511035248637199,3.4651792049408,0.025314
1996-07-14,24.2041778564453,0.179364427924156,2.83398413658142,0.025314
1996-07-15,23.6049575805664,0.709182381629944,3.00748610496521,0.029396
1996-07-16,22.8545436859131,3.2300488948822,1.95544135570526,0.033643
1996-07-17,23.4386157989502,9.85397434234619,2.64366269111633,0.058466
1996-07-18,23.4640922546387,1.77896726131439,3.02697038650513,0.069572
1996-07-19,22.5851230621338,2.27458024024963,2.23566436767578,0.075451
1996-07-20,23.8149166107178,5.29297637939453,2.81259226799011,0.058466
1996-07-21,22.9980354309082,0.0112908007577062,3.46143531799316,0.048014
1996-07-22,23.7655372619629,0.00175266503356397,3.84695553779602,0.042952
1996-07-23,22.2664127349854,0.637700855731964,1.45802128314972,0.038215
1996-07-24,21.4184169769287,1.87520039081573,2.64084553718567,0.033643
1996-07-25,21.2655582427979,0.703472316265106,2.56396460533142,0.029396
1996-07-26,21.0021820068359,2.15711426734924,2.37480592727661,0.025314
1996-07-27,22.7529315948486,0.586736023426056,3.13119649887085,0.025314
1996-07-28,22.6989669799805,0.127915427088738,3.13914513587952,0.025314
1996-07-29,23.0601387023926,0.555944323539734,3.25494027137756,0.021394
1996-07-30,22.7215576171875,1.48516964912415,1.62499141693115,0.021394
1996-07-31,22.2327747344971,10.2700805664063,2.34141516685486,0.021394
1996-08-01,22.2377490997314,3.81150102615356,2.5633909702301,0.021394
1996-08-02,23.2880096435547,2.19196105003357,2.72562384605408,0.033643
1996-08-03,23.3492088317871,2.19615197181702,2.6102659702301,0.033643
1996-08-04,22.7669334411621,1.25944340229034,2.68470191955566,0.033643
1996-08-05,22.6819629669189,0.916063547134399,1.69952619075775,0.033643
1996-08-06,23.0599937438965,0.637163102626801,2.62891936302185,0.033643
1996-08-07,23.1551151275635,0.506284892559052,2.54473471641541,0.029396
1996-08-08,24.4378509521484,0.0446991249918938,3.53356027603149,0.025314
1996-08-09,23.7572841644287,1.84103262424469,1.44094049930573,0.025314
1996-08-10,24.7403202056885,10.2068166732788,2.77958631515503,0.025314
1996-08-11,25.0974006652832,0.0868426188826561,3.78447937965393,0.025314
1996-08-12,24.4461936950684,0.0957045778632164,3.06909132003784,0.033643
1996-08-13,24.2463340759277,1.03682076931,2.34529066085815,0.075451
1996-08-14,23.1407909393311,12.4283304214478,2.59933543205261,0.128528
1996-08-15,24.2172794342041,1.84592771530151,3.64108204841614,0.100765
1996-08-16,22.5949535369873,0.11254858225584,3.2886745929718,0.075451
1996-08-17,22.8293209075928,0.267275124788284,3.10886549949646,0.063856
1996-08-18,21.4709320068359,4.07910871505737,1.47590792179108,0.048014
1996-08-19,22.2311573028564,1.72800970077515,2.85413265228272,0.033643
1996-08-20,21.6808185577393,1.64592409133911,2.74445033073425,0.033643
1996-08-21,22.5804252624512,0.0981166362762451,3.49935340881348,0.029396
1996-08-22,22.7048587799072,0.8527871966362,2.51707077026367,0.038215
1996-08-23,22.824613571167,12.4407606124878,2.3013436794281,0.053077
1996-08-24,23.142692565918,1.8336923122406,3.87563681602478,0.063856
1996-08-25,22.6524600982666,1.5372861623764,2.70110392570496,0.053077
1996-08-26,22.6003475189209,0.850498676300049,2.73448371887207,0.029396
1996-08-27,23.6174716949463,0.034308422356844,1.80767631530762,0.017801
1996-08-28,23.0403308868408,0.0801096558570862,2.99824619293213,0.017801
1996-08-29,23.6346778869629,0.0199511703103781,3.5434103012085,0.017801
1996-08-30,24.5353298187256,0.556406617164612,3.31272673606873,0.017801
1996-08-31,23.8373908996582,0.634432673454285,3.04739546775818,0.014372
1996-09-01,24.575517654419,0.528317034244537,3.37247085571289,0.014372
1996-09-02,25.0682010650635,0.0377846509218216,4.67144966125488,0.014372
1996-09-03,25.9466438293457,0.0546102710068226,3.85203194618225,0.014372
1996-09-04,26.0911865234375,0.089288741350174,3.74989676475525,0.014372
1996-09-05,25.4101047515869,0.0166286639869213,4.57226228713989,0.011269
1996-09-06,23.802303314209,0.338789254426956,2.97825741767883,0.011269
1996-09-07,23.1539096832275,0.427113026380539,3.06012678146362,0.011269
1996-09-08,24.3298053741455,3.56221771240234,3.52622604370117,0.011269
1996-09-09,24.3573532104492,0.870781242847443,3.24748539924622,0.011269
1996-09-10,25.131664276123,0.471137017011643,4.13431739807129,0.021394
1996-09-11,24.1334457397461,0.285169035196304,3.61617255210876,0.029396
1996-09-12,24.1817226409912,0.768300712108612,3.09018301963806,0.033643
1996-09-13,23.7440338134766,3.80806803703308,3.49484515190125,0.033643
1996-09-14,23.5154266357422,2.25695633888245,3.08466863632202,0.033643
1996-09-15,22.3946647644043,6.9504656791687,2.4114134311676,0.033643
1996-09-16,23.1715850830078,4.3140082359314,3.12629890441895,0.048014
1996-09-17,24.2581157684326,0.864838898181915,3.45693397521973,0.069572
1996-09-18,25.609245300293,0.376189440488815,3.76689624786377,0.087863
1996-09-19,24.8576316833496,0.834705710411072,3.52312135696411,0.11432
1996-09-20,24.6248474121094,6.14841270446777,3.08460307121277,0.121342
1996-09-21,24.1351985931397,6.65185451507568,3.3968653678894,0.135877
1996-09-22,23.3456439971924,3.23830318450928,3.00335383415222,0.143226
1996-09-23,24.405424118042,0.418946921825409,3.3443021774292,0.11432
1996-09-24,24.9442882537842,0.81235933303833,3.53752779960632,0.063856
1996-09-25,24.5897121429443,0.426806449890137,3.43301868438721,0.042952
1996-09-26,24.5965080261231,0.272219002246857,3.54057693481445,0.033643
1996-09-27,25.7321662902832,0.102604448795319,4.51878166198731,0.033643
1996-09-28,24.652379989624,1.10074365139008,3.09783387184143,0.033643
1996-09-29,24.6245670318604,3.60928249359131,3.82737374305725,0.029396
1996-09-30,25.1419525146484,0.990637898445129,3.8326301574707,0.025314
1996-10-01,25.8082847595215,0.34032878279686,4.25089979171753,0.025314
1996-10-02,25.3364982604981,0.450838357210159,3.34327411651611,0.025314
1996-10-03,25.6206855773926,0.901205837726593,3.71524858474731,0.025314
1996-10-04,25.8964958190918,4.78458023071289,3.23630499839783,0.021394
1996-10-05,26.1886444091797,4.45766687393189,2.68428659439087,0.021394
1996-10-06,26.6321926116943,0.830887019634247,4.65872192382813,0.017801
1996-10-07,26.8451633453369,0.0739108026027679,4.95275783538818,0.017801
1996-10-08,26.5508651733398,0.012264758348465,4.9440712928772,0.011269
1996-10-09,26.1284465789795,0.140014946460724,5.09110355377197,0.008492
1996-10-10,25.3883266448975,0.106274709105492,4.98373651504517,0.005879
1996-10-11,25.7670269012451,0.00566264381632209,4.74938583374023,0.005879
1996-10-12,25.6405715942383,0,4.87389898300171,0.003756
1996-10-13,26.0863246917725,0.00396155100315809,4.79324245452881,0.003756
1996-10-14,26.1218891143799,0.0388700589537621,4.13416910171509,0.003756
1996-10-15,27.4092330932617,0.00100757519248873,4.22496223449707,0.003756
1996-10-16,26.7251529693604,0.00247299927286804,4.73274993896484,0.00196
1996-10-17,26.1683006286621,0.0148257026448846,4.638512134552,0.00196
1996-10-18,25.9606914520264,0.503484129905701,4.06206178665161,0.00196
1996-10-19,25.3397998809814,0.880577862262726,3.58496451377869,0.000653
1996-10-20,26.0233287811279,1.15676307678223,4.34122562408447,0.000653
1996-10-21,26.5419235229492,0.478756487369537,4.85670232772827,0
1996-10-22,26.014856338501,0.300834864377975,4.57724761962891,0
1996-10-23,26.7241249084473,0.132359087467194,5.16681575775147,0
1996-10-24,26.6350555419922,0.160359591245651,4.55209255218506,0
1996-10-25,27.6792392730713,0.300578534603119,4.93483543395996,0
1996-10-26,28.0022563934326,0.0201763492077589,5.39769840240479,0
1996-10-27,27.9939155578613,0.000256270170211792,6.10906982421875,0
1996-10-28,27.7598285675049,0.0305331572890282,5.33727979660034,0.00196
1996-10-29,28.7095184326172,0.0133986594155431,5.68086814880371,0.00196
1996-10-30,27.8730201721191,0.00620309170335531,5.72580528259277,0.003756
1996-10-31,26.3788547515869,0.0388423427939415,4.42979717254639,0.003756
1996-11-01,27.6642875671387,0.107070289552212,4.80411958694458,0.003756
1996-11-02,27.3998432159424,0.497326076030731,4.92248582839966,0.00196
1996-11-03,28.3832340240479,0.178043767809868,5.24440240859985,0.00196
1996-11-04,27.9968280792236,0.0532529167830944,5.70906496047974,0.00196
1996-11-05,27.5196323394775,0.0164389610290527,5.54447793960571,0
1996-11-06,27.4925708770752,0.128534927964211,5.73720836639404,0
1996-11-07,26.2111186981201,1.15543270111084,3.90719199180603,0
1996-11-08,25.5172367095947,8.08428478240967,3.17944765090942,0
1996-11-09,24.7787628173828,4.26431941986084,3.66179537773132,0
1996-11-10,25.1293029785156,9.00130653381348,3.33899879455566,0
1996-11-11,25.9148101806641,2.61201500892639,3.54276967048645,0
1996-11-12,26.7360744476318,2.58558011054993,4.96715593338013,0
1996-11-13,26.8526287078857,0.446400374174118,4.92995119094849,0
1996-11-14,27.105167388916,1.65072679519653,4.26774501800537,0
1996-11-15,26.629508972168,1.0886390209198,4.53851318359375,0
1996-11-16,26.2484169006348,0.909139573574066,3.89332604408264,0
1996-11-17,26.4088382720947,0.789993226528168,4.0585298538208,0
1996-11-18,27.009708404541,0.496690660715103,4.28535413742065,0
1996-11-19,26.8333320617676,3.56879425048828,3.59451270103455,0
1996-11-20,27.2262516021729,4.79202127456665,4.58186864852905,0
1996-11-21,27.1988353729248,0.705123245716095,4.76550722122192,0.000653
1996-11-22,27.3327198028565,0.46588060259819,3.67729163169861,0.000653
1996-11-23,27.2477703094482,15.5429000854492,4.27588272094727,0.014372
1996-11-24,26.7612075805664,38.8058624267578,4.34101867675781,0.017801
1996-11-25,27.4964790344238,5.43602323532105,3.76581597328186,0.017801
1996-11-26,25.9157371520996,23.5299167633057,2.23293042182922,0.017801
1996-11-27,25.1155033111572,9.28125190734863,3.70453000068665,0.014372
1996-11-28,24.6302604675293,10.6181716918945,3.93007516860962,0.121342
1996-11-29,24.5999431610107,0.484390616416931,3.57575798034668,0.150902
1996-11-30,24.5634212493897,0.36913725733757,2.57401823997498,0.158741
1996-12-01,25.083683013916,5.01793432235718,3.01868438720703,0.100765
1996-12-02,25.5442790985107,7.10481262207031,4.33963060379028,0.063856
1996-12-03,25.1487808227539,1.75303375720978,3.45507454872131,0.063856
1996-12-04,25.9175605773926,6.92931985855103,3.92618489265442,0.063856
1996-12-05,26.1246204376221,0.633082807064056,4.04906892776489,0.058466
1996-12-06,26.7981204986572,0.578430891036987,4.43401527404785,0.033643
1996-12-07,26.5942707061768,0.0821917280554771,5.30507469177246,0.021394
1996-12-08,27.1010437011719,0.0047686817124486,5.31488227844238,0.017801
1996-12-09,27.5236644744873,0.108035787940025,5.50084972381592,0.014372
1996-12-10,27.8632907867432,0.00852666050195694,5.15764427185059,0.014372
1996-12-11,26.34303855896,0.000552460842300206,5.41458654403687,0.005879
1996-12-12,26.6040859222412,1.84919781531789e-06,5.75255155563355,0.005879
1996-12-13,27.4545860290527,2.36694518207514e-06,5.79093170166016,0.005879
1996-12-14,28.0562343597412,0.00282400310970843,5.56288623809815,0.005879
1996-12-15,28.229133605957,0.0917031839489937,5.61667251586914,0.00196
1996-12-16,28.0859985351563,0.0264183972030878,5.56868314743042,0.000653
1996-12-17,27.2201690673828,0.315572470426559,4.50589895248413,0
1996-12-18,27.953987121582,0.294806331396103,4.75344371795654,0
1996-12-19,28.4902286529541,0.103541746735573,5.30697917938232,0
1996-12-20,27.4489135742188,0.0940190181136131,4.71991348266602,0
1996-12-21,27.7564678192139,0.11540562659502,5.22641038894653,0
1996-12-22,27.6960182189941,0.358397036790848,4.66006898880005,0.000653
1996-12-23,28.1424808502197,1.9442275762558,4.61615133285523,0.000653
1996-12-24,28.0494270324707,0.531548261642456,4.31620121002197,0.000653
1996-12-25,27.5576572418213,6.30583572387695,5.10275554656982,0.000653
1996-12-26,27.147554397583,0.0196100100874901,5.03310441970825,0
1996-12-27,27.3501110076904,0.0801967903971672,3.7104275226593,0
1996-12-28,27.745138168335,2.37750053405762,4.00193405151367,0
1996-12-29,28.4512748718262,1.78826856613159,4.69426727294922,0
1996-12-30,28.6179904937744,1.09281742572784,5.27268838882446,0
1996-12-31,28.3676128387451,0.0989901721477509,4.9001932144165,0
1997-01-01,28.6579208374023,0.0860269889235497,5.35334730148315,0
1997-01-02,28.6705207824707,0.0286659672856331,5.4132399559021,0
1997-01-03,28.6399097442627,2.04652404785156,4.96793174743652,0
1997-01-04,28.9635829925537,0.0589987561106682,5.20152044296265,0
1997-01-05,28.3919563293457,0.564695656299591,4.74547863006592,0
1997-01-06,28.5994205474854,0.477590918540955,4.64109420776367,0
1997-01-07,28.1149787902832,1.24472737312317,5.04745006561279,0
1997-01-08,27.0518379211426,1.12875032424927,4.19037675857544,0
1997-01-09,27.4796981811523,0.825839340686798,5.23327541351318,0
1997-01-10,27.6734962463379,0.789577484130859,4.49551391601563,0
1997-01-11,28.0683174133301,0.108355484902859,4.91008996963501,0
1997-01-12,26.8275413513184,0.15416219830513,4.67726898193359,0
1997-01-13,27.4055862426758,0.445782780647278,4.66215705871582,0
1997-01-14,27.2449913024902,0.59128075838089,4.27411222457886,0
1997-01-15,28.2057838439941,8.28838443756104,4.20858526229858,0
1997-01-16,27.9615802764893,0.883171498775482,4.54735612869263,0
1997-01-17,28.2016944885254,0.509579062461853,5.42516469955444,0
1997-01-18,28.199390411377,0.0909711718559265,5.072105884552,0
1997-01-19,26.5652961730957,10.1084384918213,2.87634706497192,0
1997-01-20,27.1753902435303,0.64902526140213,4.2076621055603,0
1997-01-21,27.6174926757813,0.968058943748474,3.33394980430603,0
1997-01-22,26.9955348968506,2.88172292709351,2.75890111923218,0
1997-01-23,25.1031188964844,14.8516874313355,2.10020756721497,0
1997-01-24,26.0239391326904,10.6936130523682,2.50427746772766,0.042952
1997-01-25,25.7235374450684,19.3519153594971,2.43561863899231,0.128528
1997-01-26,26.023042678833,20.232723236084,3.52755260467529,0.253136
1997-01-27,25.939884185791,5.29907655715942,3.54490280151367,0.352104
1997-01-28,26.0756015777588,3.50008845329285,4.04008960723877,0.271917
1997-01-29,25.9419040679932,1.4858250617981,4.44191408157349,0.16658
1997-01-30,26.3627948760986,1.12055230140686,3.98796391487122,0.143226
1997-01-31,25.8416595458984,0.162969261407852,4.35338258743286,0.10746
1997-02-01,26.906831741333,0.0081447446718812,5.21993827819824,0.087863
1997-02-02,26.828634262085,1.68482255935669,3.82600283622742,0.081494
1997-02-03,26.1103324890137,3.18636322021484,3.64315509796143,0.063856
1997-02-04,26.1020812988281,1.53668081760407,3.51644325256348,0.038215
1997-02-05,25.8564720153809,3.16583442687988,4.35061550140381,0.033643
1997-02-06,26.2573871612549,5.01676177978516,3.86902070045471,0.029396
1997-02-07,25.9368648529053,1.410036444664,4.28998136520386,0.017801
1997-02-08,25.871997833252,1.35566246509552,4.00750017166138,0.017801
1997-02-09,25.9200420379639,1.5185261964798,3.79249596595764,0.014372
1997-02-10,25.8815212249756,3.95360064506531,3.79010224342346,0.014372
1997-02-11,25.3976974487305,3.49977207183838,2.98278713226318,0.011269
1997-02-12,25.7948722839356,2.8225588798523,3.62875485420227,0.011269
1997-02-13,25.8380603790283,1.58549165725708,3.77462959289551,0.014372
1997-02-14,25.4127902984619,3.20151877403259,3.02346730232239,0.058466
1997-02-15,26.0824775695801,9.40774536132812,3.6950569152832,0.10746
1997-02-16,25.9464206695557,6.98431015014648,3.48072695732117,0.150902
1997-02-17,26.0436267852783,3.36284041404724,3.57554221153259,0.135877
1997-02-18,26.1661128997803,2.24321150779724,3.33821582794189,0.11432
1997-02-19,26.2625408172607,5.36592769622803,3.63984870910645,0.094232
1997-02-20,26.0304851531982,3.41325211524963,3.09431409835815,0.16658
1997-02-21,26.2456321716309,6.59969139099121,3.66300344467163,0.208225
1997-02-22,26.831995010376,5.22270965576172,4.13128280639648,0.16658
1997-02-23,26.680326461792,2.9400577545166,3.39062142372131,0.143226
1997-02-24,26.8642826080322,2.92564058303833,4.27838134765625,0.135877
1997-02-25,27.7374706268311,0.00769264157861471,5.35471391677856,0.135877
1997-02-26,27.2239208221436,0.423753589391708,5.45509958267212,0.11432
1997-02-27,26.4991283416748,0.0259815808385611,4.67620706558228,0.087863
1997-02-28,27.590690612793,0.128354012966156,4.74902725219727,0.075451
1997-03-01,27.1129474639893,0.0183504298329353,4.32425308227539,0.058466
1997-03-02,28.0855503082275,1.14837467670441,4.47726345062256,0.048014
1997-03-03,27.5248641967773,5.1647539138794,2.90851283073425,0.048014
1997-03-04,26.6490669250488,7.01527500152588,3.63146448135376,0.048014
1997-03-05,26.1801376342773,8.5738525390625,4.22823429107666,0.081494
1997-03-06,26.2763862609863,6.19525814056397,3.8849937915802,0.087863
1997-03-07,26.1077728271484,0.639052152633667,4.49634027481079,0.10746
1997-03-08,25.9927597045898,0.419104218482971,3.51630711555481,0.087863
1997-03-09,26.2424163818359,9.54359340667725,3.39815378189087,0.069572
1997-03-10,26.4294185638428,8.99410724639893,4.43642902374268,0.053077
1997-03-11,26.568883895874,2.18076729774475,3.99021100997925,0.069572
1997-03-12,25.9727954864502,7.81554269790649,3.47554922103882,0.100765
1997-03-13,26.4484386444092,0.977988481521606,4.815101146698,0.094232
1997-03-14,27.6401214599609,0.0971045047044754,4.46500444412231,0.087863
1997-03-15,27.3267402648926,0.282886683940887,4.91339254379273,0.087863
1997-03-16,26.3895664215088,0.0362132899463177,4.10573482513428,0.128528
1997-03-17,27.3631992340088,0.357310593128204,3.93919444084168,0.191077
1997-03-18,24.5678634643555,26.281774520874,1.27281057834625,0.321238
1997-03-19,25.7017955780029,24.1431274414063,2.30060219764709,0.428372
1997-03-20,27.200611114502,6.36330795288086,3.53268074989319,0.406161
1997-03-21,25.758092880249,9.25307655334473,2.49590659141541,1.132417
1997-03-22,25.652681350708,7.42594480514526,2.66460824012756,0.870789
1997-03-23,25.2049236297607,8.73907852172852,1.98551023006439,0.486185
1997-03-24,25.4030609130859,13.1514768600464,2.90806531906128,0.688367
1997-03-25,25.8414497375488,10.5736389160156,3.36027026176453,1.57908
1997-03-26,24.380126953125,44.0171813964844,0.689076900482178,2.985211
1997-03-27,25.3499450683594,25.8354396820068,3.35003328323364,4.398691
1997-03-28,25.665943145752,7.48791694641113,3.33012628555298,2.916456
1997-03-29,24.6911354064941,4.38147449493408,2.88947987556458,2.057916
1997-03-30,25.2870903015137,2.85258054733276,2.62702202796936,1.471293
1997-03-31,25.8166446685791,1.39099264144897,3.71555042266846,1.037205
1997-04-01,25.9147834777832,0,4.06220626831055,0.546611
1997-04-02,25.7561721801758,0.349889695644379,3.99308562278748,0.462831
1997-04-03,25.0526752471924,0.0520443171262741,3.766517162323,0.395056
1997-04-04,24.6800994873047,0.0225144810974598,4.0943021774292,0.311113
1997-04-05,25.7249984741211,0.0389765240252018,4.0711236000061,0.191077
1997-04-06,26.0565128326416,0.676915407180786,2.71254086494446,0.158741
1997-04-07,25.7105598449707,2.01530885696411,3.16507172584534,0.135877
1997-04-08,24.8541259765625,7.51784324645996,2.73649549484253,0.10746
1997-04-09,24.5522289276123,1.9771511554718,3.40424776077271,0.087863
1997-04-10,23.106388092041,1.42321455478668,2.16711497306824,0.075451
1997-04-11,24.260576248169,0.727328836917877,3.26819825172424,0.058466
1997-04-12,24.5134201049805,0.84382027387619,3.27813529968262,0.058466
1997-04-13,24.4128074645996,0.837720811367035,3.99265122413635,0.053077
1997-04-14,24.998348236084,0.237988755106926,3.56332993507385,0.048014
1997-04-15,25.8562450408936,0.374337822198868,4.06608104705811,0.048014
1997-04-16,25.8244476318359,0,3.932772397995,0.042952
1997-04-17,25.4785919189453,0.576533377170563,3.06534194946289,0.042952
1997-04-18,24.6495399475098,11.0980701446533,1.88649833202362,0.048014
1997-04-19,25.4659423828125,9.70019054412842,2.80786538124084,0.053077
1997-04-20,25.4227981567383,1.29758810997009,3.21346783638001,0.058466
1997-04-21,25.9966354370117,1.67291557788849,3.40102410316467,0.053077
1997-04-22,25.6494808197022,5.19680547714233,2.70676469802856,0.048014
1997-04-23,25.6421127319336,2.77424740791321,3.5444483757019,0.042952
1997-04-24,25.5525150299072,8.45957469940186,2.81918621063232,0.042952
1997-04-25,24.639856338501,8.98966598510742,2.13748049736023,0.042952
1997-04-26,25.2558860778809,8.03029823303223,2.45473170280457,0.048014
1997-04-27,24.4515819549561,14.482497215271,1.38491082191467,0.069572
1997-04-28,24.8398132324219,11.8531045913696,1.68427991867065,0.100765
1997-04-29,25.2991371154785,12.8360767364502,3.3645601272583,0.128528
1997-04-30,25.6359176635742,1.47174990177155,2.83871507644653,0.199569
1997-05-01,24.7792415618897,4.03332042694092,3.00641584396362,0.253136
1997-05-02,24.590669631958,6.81947040557861,2.3453197479248,0.30115
1997-05-03,24.0511207580566,8.6193208694458,1.99652850627899,0.311113
1997-05-04,24.1120338439941,3.23031044006348,2.97821831703186,0.281553
1997-05-05,24.084753036499,6.28871917724609,2.18859219551086,0.271917
1997-05-06,23.4521961212158,8.54278087615967,2.20014572143555,0.30115
1997-05-07,23.3033981323242,2.88885569572449,1.8692798614502,0.321238
1997-05-08,22.7584590911865,7.58934116363525,1.1562260389328,0.281553
1997-05-09,23.5460224151611,5.24135637283325,2.07579517364502,0.262445
1997-05-10,23.3791236877441,8.74081325531006,1.91398096084595,0.311113
1997-05-11,23.0983123779297,2.66445231437683,1.8825935125351,0.331363
1997-05-12,22.661548614502,8.61928844451904,1.34317171573639,0.417266
1997-05-13,23.1426239013672,2.77789258956909,2.49224305152893,0.462831
1997-05-14,23.0650520324707,0.294473260641098,3.53360915184021,0.462831
1997-05-15,23.9753475189209,0.378665536642075,2.52760815620422,0.406161
1997-05-16,22.7258014678955,2.72171783447266,2.8049578666687,0.291352
1997-05-17,23.0101947784424,1.12351250648499,2.797043800354,0.253136
1997-05-18,23.7944412231445,2.32671880722046,3.14036250114441,0.216881
1997-05-19,23.5570869445801,0.529336869716644,2.1699230670929,0.199569
1997-05-20,23.7246761322022,2.54468202590942,2.2681770324707,0.143226
1997-05-21,23.9825038909912,3.08607244491577,1.95735156536102,0.128528
1997-05-22,24.6788177490234,0.844101011753082,3.37744927406311,0.128528
1997-05-23,24.0827445983887,4.24968671798706,2.28452730178833,0.143226
1997-05-24,23.0966205596924,1.40799152851105,2.60879111289978,0.16658
1997-05-25,24.6998825073242,0.950071930885315,2.86248731613159,0.182911
1997-05-26,24.0062770843506,0.951113343238831,2.66374182701111,0.16658
1997-05-27,23.3988857269287,1.13682281970978,2.1709451675415,0.158741
1997-05-28,23.450719833374,8.2714376449585,2.41582345962524,0.16658
1997-05-29,23.8730278015137,1.17009353637695,2.31280755996704,0.158741
1997-05-30,23.3206253051758,0.433448135852814,2.37263703346252,0.174582
1997-05-31,22.881404876709,5.67041797694401e-06,2.83192610740662,0.174582
1997-06-01,23.0812816619873,0.792557656764984,2.38727688789368,0.182911
1997-06-02,23.0710468292236,1.26959323883057,2.2392692565918,0.208225
1997-06-03,22.6540222167969,9.45624732971191,2.15800261497498,0.216881
1997-06-04,22.4860019683838,3.55595803260803,1.89157652854919,0.216881
1997-06-05,23.7802867889404,3.92629528045654,2.26031398773193,0.191077
1997-06-06,24.3307914733887,0.818689346313477,2.76772046089172,0.191077
1997-06-07,24.8795108795166,0.0955111011862755,3.48363327980042,0.199569
1997-06-08,26.2120018005371,0.0685956180095673,3.61230659484863,0.216881
1997-06-09,25.6241588592529,2.52943253517151,2.78156971931458,0.216881
1997-06-10,22.4852867126465,7.35976219177246,0.911650836467743,0.208225
1997-06-11,22.7410926818848,28.0789051055908,0.915922045707703,0.191077
1997-06-12,22.9604015350342,13.9546413421631,1.56019258499146,0.208225
1997-06-13,23.3108444213867,4.78586673736572,2.56948924064636,0.234682
1997-06-14,22.7040328979492,0.291076689958572,2.55772542953491,0.262445
1997-06-15,22.3986396789551,0.580667555332184,1.67591404914856,0.291352
1997-06-16,23.1781330108643,4.2054762840271,2.58961486816406,0.291352
1997-06-17,23.3555030822754,0.306918382644653,2.82001519203186,0.291352
1997-06-18,23.7947616577148,1.04170072078705,2.31870985031128,0.281553
1997-06-19,23.6038093566895,1.47276258468628,2.60390710830689,0.281553
1997-06-20,22.7234897613525,2.34298419952393,2.11285328865051,0.262445
1997-06-21,23.5293045043945,3.00832676887512,2.7042224407196,0.216881
1997-06-22,21.0614166259766,0.481863468885422,2.16258478164673,0.174582
1997-06-23,22.5514488220215,0.109499655663967,2.68022847175598,0.143226
1997-06-24,21.8860263824463,0.039554376155138,2.92238140106201,0.11432
1997-06-25,20.8304386138916,0.00449024839326739,3.20621752738953,0.069572
1997-06-26,21.6042137145996,0.0726410746574402,2.64519095420837,0.048014
1997-06-27,22.2627601623535,1.18344151973724,2.15107154846191,0.042952
1997-06-28,21.4002590179443,0.354292035102844,2.603187084198,0.042952
1997-06-29,23.0695972442627,0.298770993947983,2.8072452545166,0.033643
1997-06-30,22.0127029418945,0.0508281327784061,1.59763503074646,0.025314
1997-07-01,22.6080703735352,0.812626123428345,2.19722628593445,0.021394
1997-07-02,21.9019012451172,8.22459316253662,2.34251022338867,0.011269
1997-07-03,21.6023464202881,0.259051352739334,2.65931940078735,0.008492
1997-07-04,22.3822364807129,0.0195192620158196,2.65664339065552,0.017801
1997-07-05,21.9246006011963,0.543840765953064,2.53923559188843,0.021394
1997-07-06,23.0551128387451,0.718157112598419,3.26889896392822,0.017801
1997-07-07,23.0981464385986,3.26670932769775,2.36634135246277,0.014372
1997-07-08,22.7874736785889,4.15480279922485,2.59016799926758,0.014372
1997-07-09,22.0589046478272,4.4355001449585,2.02749729156494,0.017801
1997-07-10,22.4499816894531,1.88412415981293,2.64893770217896,0.017801
1997-07-11,22.7472476959229,2.95775079727173,2.23085570335388,0.021394
1997-07-12,22.858341217041,8.12154674530029,3.07255721092224,0.025314
1997-07-13,22.4261035919189,0.0525935143232346,3.10793042182922,0.025314
1997-07-14,21.4607486724854,0,3.11517333984375,0.025314
1997-07-15,22.1246566772461,0.00444994028657675,2.96228432655334,0.021394
1997-07-16,23.0062026977539,0.0219357218593359,3.22155690193176,0.038215
1997-07-17,22.8248519897461,2.14767098426819,2.48760771751404,0.058466
1997-07-18,21.8564834594727,2.95938038825989,2.12429285049438,0.058466
1997-07-19,22.4965763092041,3.57581472396851,2.03003168106079,0.042952
1997-07-20,22.0494403839111,2.98195147514343,2.70326447486877,0.042952
1997-07-21,21.8890533447266,0.0962652489542961,3.02567672729492,0.038215
1997-07-22,21.4079608917236,0.652084767818451,2.50462102890015,0.033643
1997-07-23,22.3126811981201,2.37135171890259,2.27840089797974,0.033643
1997-07-24,21.0748538970947,1.54054284095764,2.42592167854309,0.033643
1997-07-25,22.0296535491943,6.76427555084229,2.86225819587708,0.053077
1997-07-26,21.7304229736328,4.848548412323,1.97792220115662,0.063856
1997-07-27,20.7828273773193,6.97141551971436,2.46732831001282,0.063856
1997-07-28,21.1474666595459,2.95363855361939,2.39170503616333,0.063856
1997-07-29,21.6200771331787,0.278241872787476,2.75416851043701,0.069572
1997-07-30,21.465784072876,0.209287837147713,2.56835055351257,0.069572
1997-07-31,20.9073448181152,0.0791114717721939,2.94204878807068,0.058466
1997-08-01,20.514347076416,5.66657149647654e-07,3.14241528511047,0.048014
1997-08-02,20.3836441040039,0.00344526395201683,2.42517709732056,0.042952
1997-08-03,20.7931823730469,0.21872366964817,2.2893488407135,0.038215
1997-08-04,21.8178939819336,0.202811971306801,3.10195016860962,0.029396
1997-08-05,22.8361034393311,0.00587259465828538,3.27944350242615,0.025314
1997-08-06,22.8378467559815,5.10355663299561,1.92382729053497,0.025314
1997-08-07,22.7971706390381,1.25362372398376,2.67370700836182,0.025314
1997-08-08,22.3616218566895,0.458035051822662,2.15787482261658,0.021394
1997-08-09,22.3104152679443,0.476017087697983,2.93425798416138,0.021394
1997-08-10,21.751350402832,1.02168881893158,1.95987856388092,0.025314
1997-08-11,21.5290679931641,4.09219646453857,2.65092039108276,0.021394
1997-08-12,20.8934555053711,0.567668318748474,2.87653994560242,0.025314
1997-08-13,20.4211273193359,0.119556076824665,3.16263628005981,0.025314
1997-08-14,20.3428649902344,0.0587926767766476,3.19459104537964,0.025314
1997-08-15,21.1217746734619,4.07816219329834,2.1740415096283,0.021394
1997-08-16,21.3916168212891,0.844526529312134,3.19317054748535,0.021394
1997-08-17,22.2198314666748,3.7493782043457,2.80562472343445,0.021394
1997-08-18,21.4765090942383,0.861368000507355,2.60555672645569,0.021394
1997-08-19,21.387767791748,1.30920696258545,2.91463947296143,0.021394
1997-08-20,21.7558937072754,2.25500059127808,2.7662718296051,0.017801
1997-08-21,21.9047050476074,0.152166962623596,3.77445507049561,0.017801
1997-08-22,21.317497253418,0.185170143842697,2.86590242385864,0.014372
1997-08-23,21.5466766357422,0.39627543091774,2.99918699264526,0.011269
1997-08-24,22.1164245605469,0.00906946416944265,3.77462220191956,0.011269
1997-08-25,22.4885272979736,2.09543014051405e-08,4.18715381622314,0.008492
1997-08-26,23.3267841339111,0.00676495116204023,4.00517511367798,0.005879
1997-08-27,23.0028991699219,0.418697416782379,3.30284905433655,0.008492
1997-08-28,22.5935363769531,1.17621159553528,2.66226744651794,0.014372
1997-08-29,23.1258964538574,4.81411075592041,3.7281665802002,0.011269
1997-08-30,22.6936950683594,0.131589040160179,3.31792140007019,0.005879
1997-08-31,22.9088153839111,0.0769032537937164,3.38228344917297,0.005879
1997-09-01,21.8307228088379,0.119501680135727,3.39963603019714,0.005879
1997-09-02,22.1690864562988,0.0250371303409338,3.10765314102173,0.00196
1997-09-03,23.2986335754395,0.213414773344994,2.84060835838318,0.00196
1997-09-04,23.9038162231445,1.15473067760468,3.13237619400024,0.00196
1997-09-05,24.8891468048096,0.520183145999908,3.57167720794678,0.00196
1997-09-06,25.2013454437256,0.133111402392387,3.93375539779663,0.00196
1997-09-07,24.8831901550293,0.0376078151166439,3.59494972229004,0.00196
1997-09-08,25.7866497039795,0.00693539949133992,4.66481256484985,0.00196
1997-09-09,26.0891819000244,0.000544984184671193,4.98858213424683,0.00196
1997-09-10,26.3860816955566,0.000689296633936465,4.74997329711914,0.000653
1997-09-11,27.3413887023926,0,5.08226823806763,0
1997-09-12,25.8914089202881,0.0599333234131336,3.78798460960388,0
1997-09-13,25.3613052368164,0.208647862076759,3.80532956123352,0
1997-09-14,25.8056087493897,0.266250044107437,3.98176980018616,0
1997-09-15,25.9342632293701,0.000279232917819172,4.78566884994507,0
1997-09-16,26.2844486236572,0.000848305353429169,5.09928607940674,0
1997-09-17,24.3892974853516,0.00192519999109209,4.8577094078064,0
1997-09-18,25.2852573394775,0.000611829163972288,4.8197021484375,0
1997-09-19,25.4952659606934,0,4.78113508224487,0
1997-09-20,25.3428077697754,0.003383798757568,4.92792129516602,0
1997-09-21,25.3361377716064,0.194831669330597,3.30470132827759,0
1997-09-22,26.5977954864502,0.0196199063211679,5.09171485900879,0
1997-09-23,27.5179595947266,0.0159521196037531,5.14068508148193,0
1997-09-24,26.6108016967773,0.208182588219643,4.72735738754273,0
1997-09-25,25.7545909881592,0.0189775954931974,4.59077262878418,0
1997-09-26,25.6654491424561,0,5.44881582260132,0
1997-09-27,24.6223659515381,0.000176940855453722,5.29727029800415,0
1997-09-28,24.6794319152832,0.229696825146675,3.76951241493225,0
1997-09-29,26.4946022033691,0.101500950753689,5.01587438583374,0
1997-09-30,25.8527755737305,0,5.19694900512695,0
1997-10-01,26.5951328277588,0.0793440118432045,5.57361555099487,0
1997-10-02,26.6038074493408,0.0024008636828512,5.37129402160645,0
1997-10-03,28.0816822052002,0.0101588107645512,5.65749931335449,0
1997-10-04,27.4353199005127,0.0540963001549244,4.87566900253296,0
1997-10-05,25.8453102111816,1.04868280887604,3.85223579406738,0
1997-10-06,25.6166172027588,2.74702548980713,3.97813248634338,0
1997-10-07,26.1040153503418,0.251481235027313,4.45797681808472,0
1997-10-08,24.1997356414795,0.26720529794693,3.6991012096405,0.005879
1997-10-09,24.7976245880127,0.859208703041077,3.96561169624329,0.021394
1997-10-10,24.6205749511719,0.779499590396881,4.18476915359497,0.017801
1997-10-11,25.3021507263184,0.457860141992569,3.83298897743225,0.017801
1997-10-12,25.9639854431152,0.201321065425873,4.06268262863159,0.014372
1997-10-13,26.2368030548096,0.000646446656901389,5.37246465682983,0.014372
1997-10-14,25.7390651702881,0.00271957344375551,5.3500862121582,0.017801
1997-10-15,27.5673122406006,0.0542856827378273,4.55809688568115,0.021394
1997-10-16,27.6357383728027,0.167113959789276,4.78758811950684,0.025314
1997-10-17,28.7555675506592,0.579727470874786,5.48981523513794,0.042952
1997-10-18,27.2948341369629,2.55212378501892,3.35831713676453,0.058466
1997-10-19,26.7553977966309,18.639461517334,4.0321478843689,0.069572
1997-10-20,26.0696926116943,2.25932312011719,4.46361303329468,0.063856
1997-10-21,26.9589233398438,0.354994088411331,4.51362991333008,0.053077
1997-10-22,27.5266723632813,0.0646417140960693,5.43397092819214,0.042952
1997-10-23,28.293420791626,0.41009983420372,5.79182434082031,0.029396
1997-10-24,28.6084289550781,0,4.56086730957031,0.014372
1997-10-25,27.9149265289307,1.12744438648224,5.44005346298218,0.011269
1997-10-26,28.5417041778564,0.155861288309097,5.65664911270142,0.008492
1997-10-27,28.9708576202393,0.0549461655318737,6.00411987304688,0.000653
1997-10-28,28.2557563781738,0.0656833797693253,4.95236873626709,0
1997-10-29,27.6039028167725,0.0353053770959377,4.52978706359863,0
1997-10-30,27.8127670288086,0.0565103553235531,5.42614412307739,0
1997-10-31,27.089075088501,0.00137308996636421,5.86566352844238,0
1997-11-01,27.3016262054443,0.0758443549275398,4.8094630241394,0
1997-11-02,28.14674949646,0.0168551877140999,5.91403865814209,0
1997-11-03,25.8058624267578,0.0183995813131332,4.69158029556274,0
1997-11-04,26.8552856445313,0.00014942190318834,6.06811809539795,0
1997-11-05,26.9458866119385,0.00184133416041732,6.16505098342896,0
1997-11-06,27.532075881958,0.0156403295695782,6.04735422134399,0
1997-11-07,27.1088085174561,0,5.01949262619019,0
1997-11-08,27.6069869995117,0.11037914454937,4.53453063964844,0
1997-11-09,28.7976875305176,0.185408070683479,6.14740657806397,0
1997-11-10,28.0065097808838,0.014637304469943,5.26628875732422,0
1997-11-11,27.9723205566406,0.872229814529419,4.82022380828857,0
1997-11-12,28.2543849945068,1.65372395515442,4.7206654548645,0
1997-11-13,27.7902030944824,1.43208909034729,5.621262550354,0
1997-11-14,27.349573135376,1.56463181972504,5.38355159759522,0
1997-11-15,26.3492965698242,0.309715807437897,4.57448482513428,0
1997-11-16,25.7464923858643,1.58933639526367,3.59782576560974,0
1997-11-17,26.932035446167,3.12818670272827,4.30944728851318,0
1997-11-18,27.4600925445557,0.000668987748213112,5.04896402359009,0
1997-11-19,27.2726535797119,0.27690714597702,4.59779024124146,0
1997-11-20,27.8352108001709,0.249550849199295,5.1411771774292,0
1997-11-21,27.9111385345459,0.487716823816299,4.83685493469238,0
1997-11-22,27.2150459289551,0.0124549819156528,5.37264966964722,0
1997-11-23,27.9986667633057,0.000352864997694269,5.36789131164551,0
1997-11-24,27.4257583618164,0.0218559615314007,5.14659309387207,0
1997-11-25,28.0325527191162,0.000597532140091062,5.40826034545898,0
1997-11-26,28.0379962921143,0.0275505669414997,5.12827014923096,0
1997-11-27,28.1873321533203,0.140493407845497,5.21268796920776,0
1997-11-28,28.277193069458,0.00888200104236603,5.01109886169434,0
1997-11-29,28.9704418182373,0.00238441536203027,5.47019624710083,0
1997-11-30,28.2315082550049,0.826835632324219,4.06286716461182,0
1997-12-01,28.5983905792236,7.03260326385498,4.4113073348999,
1997-12-02,28.6931915283203,5.96565389633179,4.94486856460571,
1997-12-03,29.073522567749,0.924147725105286,5.12223148345947,
1997-12-04,29.6761932373047,1.46156585216522,5.2895884513855,
1997-12-05,29.1973743438721,0.00150698656216264,5.48942518234253,
1997-12-06,29.6549968719482,0.000427293620305136,5.9757227897644,
1997-12-07,29.0733623504639,0.0328078158199787,5.81654071807861,
1997-12-08,28.8566131591797,1.95077955140732e-05,5.9830060005188,
1997-12-09,28.6288681030273,0.000439532421296462,5.86268949508667,
1997-12-10,28.730993270874,0,6.13123989105225,
1997-12-11,28.7094173431397,0.0063254558481276,5.32030582427979,
1997-12-12,28.2969303131104,0.0570625029504299,4.52145051956177,
1997-12-13,29.0775585174561,0.0613706670701504,5.7342848777771,
1997-12-14,28.0136260986328,1.42094564437866,4.90022373199463,
1997-12-15,27.8979511260986,0.133792817592621,4.69276094436646,
1997-12-16,28.7984275817871,0.141213715076447,5.52441930770874,
1997-12-17,29.2656898498535,0.258832663297653,4.99016427993774,
1997-12-18,27.8115081787109,0.460917472839356,4.83467435836792,
1997-12-19,27.2374210357666,0.701766729354858,4.53179836273193,
1997-12-20,27.9119968414307,2.86817359924316,4.67293405532837,
1997-12-21,27.9429302215576,1.38915073871613,4.43163728713989,
1997-12-22,27.9438133239746,4.48901224136353,4.3241081237793,
1997-12-23,27.7383689880371,0.284790098667145,4.14505958557129,
1997-12-24,27.5906085968018,0.834606885910034,4.73063182830811,
1997-12-25,29.0697555541992,0.0036137483548373,6.11636257171631,
1997-12-26,29.1977100372315,0.0998977050185204,5.18739700317383,
1997-12-27,28.5956172943115,0.2558354139328,4.9167423248291,
1997-12-28,29.1824989318848,0.0848265513777733,4.89132261276245,
1997-12-29,27.8377304077148,0.318242281675339,4.00086164474487,
1997-12-30,29.7369575500488,0.775332450866699,6.25775909423828,
1997-12-31,28.4468307495117,0.322749108076096,5.24560070037842,
1998-01-01,29.379243850708,2.25481081008911,5.63818502426148,0
1998-01-02,29.1650161743164,0.114848136901855,5.1510009765625,0
1998-01-03,29.3800983428955,0.077934056520462,4.97093963623047,0
1998-01-04,29.4472198486328,0.100091673433781,5.03313112258911,0
1998-01-05,29.4622955322266,0.0842845588922501,5.22061586380005,0
1998-01-06,30.3605403900147,0.0790766403079033,6.00834035873413,0
1998-01-07,30.991870880127,0.00437627686187625,6.31800365447998,0
1998-01-08,30.4418201446533,0.00930396839976311,5.84909868240356,0
1998-01-09,30.3066711425781,0.348372340202332,5.03648996353149,0
1998-01-10,29.2767124176025,1.88441300392151,3.63107132911682,0
1998-01-11,29.9027404785156,0.564103007316589,5.97946262359619,0
1998-01-12,28.0409145355225,0.631722569465637,4.93498659133911,0
1998-01-13,28.3447132110596,1.35985445976257,4.00904321670532,0
1998-01-14,28.9575653076172,0.402217388153076,5.00947380065918,0
1998-01-15,29.4529151916504,0.66935807466507,5.14760255813599,0
1998-01-16,29.6407318115234,0.866979837417603,5.02960538864136,0
1998-01-17,29.4390239715576,1.51177144050598,4.63676881790161,0
1998-01-18,29.2727375030518,1.27034878730774,4.6482892036438,0
1998-01-19,28.9429454803467,1.70529818534851,4.55342626571655,0
1998-01-20,27.8425426483154,0.855059444904327,4.51172590255737,0
1998-01-21,28.0258388519287,0.84930956363678,3.72748875617981,0
1998-01-22,27.8447933197022,2.19824552536011,2.7671012878418,0
1998-01-23,26.4044361114502,9.74184226989746,2.69874954223633,0
1998-01-24,28.2709541320801,2.01883697509766,4.25756120681763,0
1998-01-25,28.2423343658447,0.667786836624146,3.9037184715271,0
1998-01-26,28.9421329498291,3.65356492996216,5.06963109970093,0
1998-01-27,29.2097969055176,0.167799264192581,5.95128917694092,0
1998-01-28,27.9069576263428,0.863679170608521,4.45376396179199,0
1998-01-29,28.9317111968994,0.69813746213913,5.17487049102783,0
1998-01-30,28.3616275787354,0.320933222770691,4.84779119491577,0
1998-01-31,27.8661861419678,0.387563079595566,3.88696002960205,0
1998-02-01,29.6189613342285,2.16402268409729,5.91271114349365,0
1998-02-02,28.714204788208,0.000111132532765623,5.94230365753174,0
1998-02-03,29.1538105010986,0.0156066315248609,5.45081043243408,0
1998-02-04,29.0568351745605,0.487579703330994,4.15298557281494,0
1998-02-05,29.9388275146484,1.01416480541229,5.69153261184692,0.00196
1998-02-06,30.0798492431641,0.000988015555776656,6.00317335128784,0
1998-02-07,30.3598213195801,0.00537744304165244,6.00935220718384,0
1998-02-08,31.0028133392334,0.0425587967038155,5.7826623916626,0
1998-02-09,30.8769721984863,0.0582317151129246,5.75793790817261,0
1998-02-10,30.1545829772949,0.0102846957743168,5.67203330993652,0
1998-02-11,29.8119983673096,0.0404876843094826,5.30087852478027,0
1998-02-12,29.7643795013428,0.0349198542535305,5.32274580001831,0
1998-02-13,29.6003837585449,0.231377124786377,5.20524406433106,0
1998-02-14,29.2465419769287,0.457915246486664,4.88917970657349,0
1998-02-15,29.8546180725098,0.895058929920197,5.75743436813355,0
1998-02-16,29.483362197876,0.291367739439011,5.56063747406006,0
1998-02-17,28.7568607330322,2.6942720413208,3.49103951454163,0
1998-02-18,29.6566791534424,2.4025936126709,5.08054304122925,0
1998-02-19,29.2250995635986,0.804076194763184,4.54726123809815,0
1998-02-20,28.8438854217529,3.74291515350342,4.56425857543945,0
1998-02-21,29.3577728271484,1.19627571105957,4.506911277771,0
1998-02-22,30.6695899963379,1.17991137504578,6.08214998245239,0
1998-02-23,29.3405876159668,0.873742520809174,4.64775037765503,0
1998-02-24,30.0457286834717,0.0216908156871796,6.20180988311768,0
1998-02-25,29.4729919433594,0.0372578538954258,5.55745553970337,0
1998-02-26,30.0871391296387,0.0426900945603848,6.03570890426636,0
1998-02-27,30.434326171875,1.44776386150625e-05,5.88246870040894,0
1998-02-28,30.2668647766113,0.103955656290054,6.21208000183106,0
1998-03-01,29.4741878509522,0.422240823507309,3.89425826072693,0
1998-03-02,30.1430816650391,1.26133513450623,5.00106143951416,0
1998-03-03,29.819580078125,0.511794090270996,4.89736938476563,0
1998-03-04,30.0705280303955,0.584067523479462,5.29960203170776,0
1998-03-05,29.6018772125244,0.108762390911579,5.55436611175537,0
1998-03-06,29.2339954376221,0.0253009740263224,5.25530099868774,0
1998-03-07,27.4297142028809,0.613668084144592,4.38954067230225,0
1998-03-08,28.5614051818848,0.384875118732452,4.05104446411133,0
1998-03-09,29.1456737518311,2.04102849960327,5.23849964141846,0
1998-03-10,28.9127540588379,1.01947665214539,4.60726737976074,0
1998-03-11,29.4435558319092,1.04494619369507,4.89252662658691,0
1998-03-12,29.8705005645752,0.560025036334992,4.75008201599121,0
1998-03-13,30.2246036529541,1.58479928970337,4.50230121612549,0
1998-03-14,29.8389110565186,0.502223551273346,4.96965312957764,0
1998-03-15,30.4604644775391,0.0612998455762863,5.73822498321533,0
1998-03-16,30.1919212341309,0.105973474681377,5.29020071029663,0.000653
1998-03-17,28.2047595977783,0.675012469291687,3.40203928947449,0.00196
1998-03-18,27.9199390411377,5.60658884048462,4.03575563430786,0.00196
1998-03-19,27.6344699859619,4.23393964767456,4.37872934341431,0.00196
1998-03-20,30.4042625427246,0.795030295848846,5.76783800125122,0.00196
1998-03-21,30.2155609130859,0.00288383942097425,5.84326505661011,0.00196
1998-03-22,29.4522972106934,0.02445163205266,5.06288623809815,0.00196
1998-03-23,29.849536895752,0.0109613817185164,4.9669337272644,0.00196
1998-03-24,30.0480327606201,0.00275703752413392,5.71624374389648,0.00196
1998-03-25,30.1238346099854,0.0170976128429174,5.21278858184815,0.00196
1998-03-26,30.6553840637207,0.017690259963274,5.3058032989502,0.000653
1998-03-27,30.5310535430908,0.155349656939507,5.26450824737549,0
1998-03-28,29.0644149780273,0.377336114645004,5.80521106719971,0
1998-03-29,28.3865489959717,1.45766794681549,4.04059839248657,0
1998-03-30,28.4016265869141,1.74834489822388,4.39184665679932,0
1998-03-31,29.2865619659424,0.639299929141998,4.40621709823608,0
1998-04-01,29.5602893829346,0.717316448688507,4.37657833099365,0
1998-04-02,30.4618511199951,0.122261725366116,5.58838176727295,0
1998-04-03,27.8638114929199,0.238100662827492,4.29397630691528,0
1998-04-04,25.6033191680908,7.59877300262451,2.11679601669312,0.003756
1998-04-05,23.4508838653564,10.3356332778931,0.850041508674622,0.029396
1998-04-06,25.3305110931397,19.8561820983887,2.49653077125549,0.053077
1998-04-07,27.712797164917,2.09762001037598,4.18301916122437,0.042952
1998-04-08,27.6720085144043,0.0742659792304039,4.50274229049683,0.042952
1998-04-09,28.9769420623779,0.418798804283142,4.487877368927,0.029396
1998-04-10,28.8695602416992,0.000775268767029047,4.85121822357178,0.017801
1998-04-11,28.1288833618164,0.0489695034921169,4.38474893569946,0.008492
1998-04-12,27.877161026001,0.220806092023849,4.98965740203857,0.005879
1998-04-13,28.370548248291,0.147653073072433,4.37308168411255,0.005879
1998-04-14,28.5825500488281,0.17539393901825,4.68436717987061,0.003756
1998-04-15,28.3200855255127,0.20916523039341,3.97177934646606,0.003756
1998-04-16,29.2664546966553,0.241366848349571,4.62234497070313,0.00196
1998-04-17,28.7068347930908,0.0241296514868736,4.58839797973633,0.00196
1998-04-18,28.4589328765869,0,4.92389488220215,0.00196
1998-04-19,28.5086498260498,9.13414567094151e-07,4.66074371337891,0.00196
1998-04-20,28.8440341949463,0.0234374105930328,5.51373672485352,0.00196
1998-04-21,29.0934906005859,2.04215717315674,5.28721284866333,0.000653
1998-04-22,27.5884628295898,2.06942081451416,3.91540384292603,0.000653
1998-04-23,28.0040550231934,5.95869064331055,4.41101455688477,0
1998-04-24,27.482738494873,2.19122195243835,3.87519979476929,0
1998-04-25,28.2184867858887,0.195113301277161,3.81905794143677,0
1998-04-26,27.937385559082,0.00194208940956742,3.89206337928772,0
1998-04-27,27.473711013794,0.560968160629273,3.86222672462463,0
1998-04-28,27.418025970459,0.338763833045959,3.41719841957092,0
1998-04-29,27.420352935791,1.59777987003326,3.70112347602844,0
1998-04-30,28.1995487213135,0.130710750818253,4.59092664718628,0
1998-05-01,28.0828266143799,0.00765937380492687,4.59387445449829,0
1998-05-02,28.6176204681397,0.00547618325799704,4.76309967041016,0
1998-05-03,28.71240234375,0.10757053643465,4.22474527359009,0
1998-05-04,28.0195960998535,0.0611993707716465,4.13795852661133,0
1998-05-05,27.6508903503418,0.598557472229004,3.21989274024963,0
1998-05-06,27.5696811676025,2.03119254112244,3.58873963356018,0
1998-05-07,25.5901527404785,8.90272617340088,2.7370457649231,0
1998-05-08,23.4549598693848,25.9697532653809,1.06222581863403,0.003756
1998-05-09,24.4368019104004,11.2235660552979,2.86510443687439,0.005879
1998-05-10,24.3442249298096,1.80892336368561,3.205650806427,0.003756
1998-05-11,25.2417507171631,0.348266094923019,3.61765384674072,0.00196
1998-05-12,25.6574192047119,3.53248167037964,2.81939363479614,0.011269
1998-05-13,25.9200572967529,4.42937850952148,3.08036375045776,0.038215
1998-05-14,26.347770690918,3.60315680503845,4.02228355407715,0.025314
1998-05-15,25.5299816131592,0,3.56402468681335,0.011269
1998-05-16,25.3030529022217,0.293580889701843,3.70548367500305,0.005879
1998-05-17,25.285572052002,0.733824372291565,2.56738758087158,0.005879
1998-05-18,25.3166065216064,4.28335475921631,3.29599571228027,0.00196
1998-05-19,25.5957832336426,1.72833263874054,3.70196056365967,0.00196
1998-05-20,24.6527442932129,2.62628507614136,2.68307447433472,0.011269
1998-05-21,24.9600448608398,5.49714279174805,2.47217178344727,0.025314
1998-05-22,25.0579090118408,8.21460628509522,2.73830652236939,0.053077
1998-05-23,25.0911960601807,2.91765379905701,3.18981981277466,0.038215
1998-05-24,25.180061340332,0.0239311121404171,3.1825966835022,0.029396
1998-05-25,25.007848739624,0.680348634719849,2.65632271766663,0.011269
1998-05-26,25.3129959106445,0.242123767733574,2.92258334159851,0.008492
1998-05-27,25.6775341033936,0.416516423225403,2.73703646659851,0.005879
1998-05-28,25.0468635559082,0.0657933205366135,3.21898889541626,0.003756
1998-05-29,25.7529544830322,0.000605660141445696,3.62798476219177,0.00196
1998-05-30,24.8028621673584,0.393510073423386,2.16161036491394,0.00196
1998-05-31,26.4979095458984,0.376354873180389,3.1181845664978,0.000653
1998-06-01,25.3050994873047,0.726682484149933,1.97226142883301,0.003756
1998-06-02,24.9358310699463,25.5248413085938,2.18012309074402,0.017801
1998-06-03,24.967716217041,3.596834897995,2.87674331665039,0.053077
1998-06-04,24.3489551544189,2.18801546096802,3.03641033172607,0.029396
1998-06-05,24.5520267486572,0.384631246328354,2.67212963104248,0.011269
1998-06-06,23.31396484375,1.56918358802795,2.20033049583435,0.011269
1998-06-07,22.5623226165772,5.67704343795776,2.04619765281677,0.014372
1998-06-08,22.4832897186279,2.79197788238525,1.12788128852844,0.021394
1998-06-09,24.3275566101074,1.90938484668732,2.41063499450684,0.033643
1998-06-10,24.1582775115967,14.6066226959229,2.31780219078064,0.038215
1998-06-11,24.1976165771484,5.4229531288147,2.85157465934753,0.042952
1998-06-12,24.4567165374756,0.392254561185837,3.31632876396179,0.042952
1998-06-13,24.2534065246582,0.0648927688598633,3.03840208053589,0.053077
1998-06-14,22.8632488250732,4.63793230056763,1.86857962608337,0.069572
1998-06-15,22.3132362365723,14.5782489776611,1.54186284542084,0.075451
1998-06-16,23.1693992614746,6.99200344085693,2.5098865032196,0.075451
1998-06-17,23.3482666015625,5.18032646179199,1.83261299133301,0.069572
1998-06-18,23.9087409973145,2.95227384567261,2.2169337272644,0.053077
1998-06-19,24.6336002349854,0.523553192615509,3.19722580909729,0.048014
1998-06-20,24.2294960021973,0.00262825866229832,3.09825682640076,0.033643
1998-06-21,23.7434883117676,0.414508372545242,2.54867434501648,0.025314
1998-06-22,23.7177333831787,1.59554648399353,2.47511768341064,0.017801
1998-06-23,23.2170352935791,3.06499624252319,2.17447757720947,0.017801
1998-06-24,23.5682163238525,7.81985282897949,2.76983308792114,0.021394
1998-06-25,23.9824714660645,0.115819290280342,2.80305480957031,0.033643
1998-06-26,23.9683818817139,0.00174382224213332,3.40650939941406,0.033643
1998-06-27,22.5143337249756,5.78241205215454,1.5833592414856,0.038215
1998-06-28,22.8970355987549,8.62948322296143,2.48961520195007,0.042952
1998-06-29,21.8543262481689,0.810295701026917,2.78499937057495,0.042952
1998-06-30,21.04660987854,0.86882209777832,0.855116426944733,0.075451
1998-07-01,22.5536689758301,20.0654582977295,1.12203431129456,0.182911
1998-07-02,23.1237411499023,14.7247285842896,1.67936420440674,0.208225
1998-07-03,23.197114944458,4.93473768234253,2.32745051383972,0.182911
1998-07-04,22.9465312957764,2.67573642730713,2.14297127723694,0.158741
1998-07-05,22.84938621521,3.32351279258728,2.67259001731873,0.121342
1998-07-06,22.6837425231934,1.00834655761719,2.35915160179138,0.069572
1998-07-07,22.8368892669678,0.334398329257965,2.32131743431091,0.048014
1998-07-08,23.2421722412109,0.473888278007507,2.52159023284912,0.033643
1998-07-09,23.8722057342529,0.143445521593094,2.55798602104187,0.025314
1998-07-10,24.0747222900391,0.720453381538391,2.27246475219727,0.025314
1998-07-11,24.2364387512207,1.18446505069733,2.25113439559937,0.021394
1998-07-12,22.551456451416,4.97707414627075,2.13556170463562,0.017801
1998-07-13,21.5885562896729,3.15098142623901,1.50594985485077,0.017801
1998-07-14,21.9997329711914,3.84750080108643,1.30587768554688,0.025314
1998-07-15,23.0023536682129,12.2938451766968,2.07132077217102,0.128528
1998-07-16,22.7939777374268,7.49061298370361,2.37747097015381,0.128528
1998-07-17,23.6012744903564,2.81773138046265,2.80157876014709,0.100765
1998-07-18,23.2022228240967,2.8489203453064,2.168860912323,0.081494
1998-07-19,23.043535232544,2.49574899673462,2.64603662490845,0.053077
1998-07-20,23.3796825408936,0.626065015792847,2.4193286895752,0.033643
1998-07-21,23.8252220153809,4.37627601623535,2.74672746658325,0.033643
1998-07-22,22.0872268676758,0.664437413215637,2.33929038047791,0.033643
1998-07-23,23.5318031311035,1.14991617202759,2.36332535743713,0.033643
1998-07-24,22.7185134887695,0.617814421653748,2.40948939323425,0.033643
1998-07-25,22.6184844970703,2.98336553573608,3.07002711296082,0.033643
1998-07-26,22.0531311035156,1.9889520406723,2.74505925178528,0.033643
1998-07-27,21.8750247955322,0.58835768699646,2.69920873641968,0.025314
1998-07-28,22.1595649719238,0.0199714992195368,2.81089735031128,0.021394
1998-07-29,22.2512607574463,0.0594599023461342,2.47667026519775,0.017801
1998-07-30,23.6840305328369,0.584795236587524,3.21194767951965,0.014372
1998-07-31,22.8819122314453,1.68494284152985,2.11665773391724,0.014372
1998-08-01,22.5737190246582,6.13635730743408,2.34367632865906,0.017801
1998-08-02,22.0974178314209,2.82909846305847,2.63033962249756,0.121342
1998-08-03,22.9683017730713,2.51172041893005,2.75291633605957,0.087863
1998-08-04,22.7069263458252,1.13737571239471,2.5487859249115,0.058466
1998-08-05,22.7846813201904,1.65258121490479,2.57570457458496,0.048014
1998-08-06,23.8549728393555,6.49878072738648,2.88492965698242,0.042952
1998-08-07,23.9069766998291,0.416446328163147,2.26926636695862,0.038215
1998-08-08,24.1348552703857,1.66810941696167,3.39376497268677,0.033643
1998-08-09,22.1452732086182,0.41937255859375,2.90519571304321,0.033643
1998-08-10,22.9050312042236,1.23605012893677,2.73661994934082,0.033643
1998-08-11,23.3431434631348,2.8206250667572,2.88083171844482,0.033643
1998-08-12,22.4440631866455,0.0590921863913536,3.17818117141724,0.033643
1998-08-13,23.3634243011475,0.343831568956375,3.17402720451355,0.033643
1998-08-14,22.9657135009766,1.00539362430573,3.04651308059692,0.025314
1998-08-15,24.5809917449951,2.11059379577637,3.54210662841797,0.017801
1998-08-16,23.673828125,0.904499411582947,3.3154022693634,0.014372
1998-08-17,22.7775840759277,0.0396000146865845,3.92551589012146,0.011269
1998-08-18,23.0569686889648,1.0810683965683,2.9728684425354,0.011269
1998-08-19,23.0932865142822,0.734965145587921,2.91086411476135,0.008492
1998-08-20,23.7661361694336,0.482518166303635,3.75963950157166,0.005879
1998-08-21,23.6044940948486,0.161127328872681,3.64266657829285,0.005879
1998-08-22,23.8104114532471,3.46278643608093,3.13851189613342,0.005879
1998-08-23,23.1593780517578,2.55906248092651,3.0943660736084,0.008492
1998-08-24,23.0764961242676,10.3309783935547,3.05671358108521,0.008492
1998-08-25,22.0405788421631,1.1261088848114,2.77607393264771,0.008492
1998-08-26,22.9137115478516,0.890346169471741,2.84158492088318,0.008492
1998-08-27,23.336519241333,0.359934031963348,3.36368727684021,0.005879
1998-08-28,22.3327751159668,0.797170579433441,2.97092437744141,0.005879
1998-08-29,23.8827018737793,6.53512620925903,3.41925001144409,0.011269
1998-08-30,24.1733150482178,0.800139904022217,3.63666081428528,0.011269
1998-08-31,24.5786228179932,1.07865405082703,3.696448802948,0.011269
1998-09-01,22.7180366516113,1.55707097053528,2.42109227180481,0.008492
1998-09-02,23.523099899292,3.11540150642395,3.20268058776855,0.003756
1998-09-03,23.6744594573975,4.14963388442993,3.28576374053955,0.003756
1998-09-04,23.8666858673096,0.754968166351318,3.51335191726685,0.003756
1998-09-05,23.6621913909912,0.131074771285057,4.32173490524292,0.003756
1998-09-06,24.5000095367432,0.00854973029345274,4.26941108703613,0.003756
1998-09-07,24.1899471282959,0.225686013698578,3.36105585098267,0.00196
1998-09-08,24.5471477508545,0.0375073440372944,3.68339014053345,0.00196
1998-09-09,24.2263240814209,0.2037263661623,3.14493775367737,0.00196
1998-09-10,24.6189517974854,1.20092868804932,3.40150499343872,0.00196
1998-09-11,23.7033023834229,1.3288848400116,3.42084407806397,0.00196
1998-09-12,23.9252185821533,2.57078409194946,3.4021782875061,0.00196
1998-09-13,22.8389472961426,1.91809594631195,2.93706107139587,0
1998-09-14,24.2879314422607,0.288421481847763,3.95337915420532,0
1998-09-15,25.3530082702637,0.426047712564468,4.42750692367554,0
1998-09-16,24.1168766021729,0.507218897342682,3.40651822090149,0
1998-09-17,24.849308013916,0.915131449699402,4.01228809356689,0
1998-09-18,24.5351619720459,0.227243661880493,3.95267677307129,0
1998-09-19,25.1093578338623,0.00342723843641579,4.02742958068848,0
1998-09-20,24.5467948913574,0.0826737433671951,3.59033513069153,0
1998-09-21,24.4437065124512,0.0268598552793264,4.94068670272827,0
1998-09-22,25.1038093566895,0.108910501003265,4.05523872375488,0
1998-09-23,25.2581977844238,0.293358951807022,4.54018878936768,0
1998-09-24,25.1531295776367,0.655279576778412,4.51599740982056,0.00196
1998-09-25,24.3920230865479,0.850848436355591,3.56844472885132,0.003756
1998-09-26,24.7957725524902,2.64052152633667,3.65261006355286,0.005879
1998-09-27,25.3138980865479,0.493233919143677,4.10333585739136,0.011269
1998-09-28,26.8178558349609,0.176326841115952,5.28532218933106,0.014372
1998-09-29,26.2740154266357,0.182433396577835,4.69906282424927,0.011269
1998-09-30,24.1481189727783,0.298486322164536,3.5948703289032,0.011269
1998-10-01,24.5992450714111,0.975843131542206,3.82645988464355,0.011269
1998-10-02,23.9518547058105,1.03350412845612,3.70837807655334,0.011269
1998-10-03,24.7955284118652,0.163966715335846,4.1846604347229,0.011269
1998-10-04,25.8879909515381,0.194989964365959,4.02593374252319,0.011269
1998-10-05,26.5272560119629,1.52982032299042,4.71361875534058,0.011269
1998-10-06,26.1754913330078,0.461203217506409,4.37469148635864,0.014372
1998-10-07,25.6301441192627,0.175531834363937,4.12920808792114,0.014372
1998-10-08,25.5789337158203,0.165251895785332,4.03641653060913,0.014372
1998-10-09,26.9266700744629,0.294130474328995,4.54600238800049,0.014372
1998-10-10,27.7448768615723,0.00108345574699342,5.44045209884644,0.014372
1998-10-11,27.5253219604492,0.101985402405262,5.1601357460022,0.014372
1998-10-12,26.9420948028565,0.0287280846387148,5.51063680648804,0.014372
1998-10-13,26.3381500244141,0.0875318869948387,4.48928642272949,0.011269
1998-10-14,26.3616714477539,0.0858730301260948,4.2338228225708,0.005879
1998-10-15,26.597038269043,0.090412050485611,4.37109899520874,0
1998-10-16,26.6621322631836,0.014386978931725,4.93361330032349,0
1998-10-17,26.9495601654053,0.00218411488458514,6.04425859451294,0
1998-10-18,29.5109729766846,0.0146136209368706,5.72113466262817,0
1998-10-19,28.0929985046387,0.0242588240653276,4.56598901748657,0
1998-10-20,27.5626468658447,0.172330886125565,5.27630853652954,0
1998-10-21,24.4324169158936,1.46875691413879,3.31324005126953,0
1998-10-22,24.6790199279785,0.875796794891357,3.71699094772339,0.000653
1998-10-23,24.8938083648682,0.952350199222565,3.71868777275085,0.008492
1998-10-24,26.0142402648926,2.28202128410339,3.88407802581787,0.008492
1998-10-25,26.5896549224854,0.603724539279938,4.5871057510376,0
1998-10-26,27.2578849792481,0.106683969497681,5.65790319442749,0
1998-10-27,27.2256660461426,0.142871648073196,5.30703830718994,0
1998-10-28,26.9868316650391,0.066078208386898,4.77099847793579,0
1998-10-29,27.0874691009522,0.00171155796851963,5.78361701965332,0
1998-10-30,26.9177989959717,0.0925716161727905,4.62574243545532,0
1998-10-31,27.5696392059326,0.365061402320862,5.44488525390625,0
1998-11-01,27.0422801971436,0.0230258107185364,4.87838315963745,0
1998-11-02,28.1206588745117,0.000305889698211104,4.95956802368164,0
1998-11-03,28.7040901184082,0.0492065474390984,5.6383810043335,0
1998-11-04,28.1588954925537,0.0273697301745415,4.89338350296021,0
1998-11-05,27.6022930145264,0.114236302673817,4.65755987167358,0
1998-11-06,27.8731746673584,0.869212806224823,5.18493509292603,0
1998-11-07,28.2081699371338,0.226777598261833,4.4737377166748,0
1998-11-08,27.4812107086182,0.525190889835358,4.41710233688355,0
1998-11-09,28.0529861450195,0.241154283285141,4.87172842025757,0
1998-11-10,27.7073402404785,1.70355677604675,2.86736011505127,0.003756
1998-11-11,27.7864437103272,2.47920703887939,4.16309118270874,0.011269
1998-11-12,27.833948135376,0.147351682186127,3.65425848960876,0.014372
1998-11-13,28.3247890472412,0.287405133247376,5.01611566543579,0.017801
1998-11-14,28.3015651702881,0.51867938041687,6.09632873535156,0.017801
1998-11-15,27.3732109069824,0.152810037136078,4.91014337539673,0.017801
1998-11-16,28.4058361053467,0.328577905893326,5.55931663513184,0.014372
1998-11-17,28.6557903289795,0.0313304774463177,5.38092136383057,0.011269
1998-11-18,28.2998447418213,0.0441686399281025,4.90431451797485,0.011269
1998-11-19,28.3508052825928,0.004667395260185,5.42240190505981,0.017801
1998-11-20,27.8937683105469,0.0700424090027809,4.76126050949097,0.021394
1998-11-21,28.4142475128174,1.29933071136475,4.99641752243042,0.021394
1998-11-22,28.7833061218262,0.0918659642338753,4.43222188949585,0.025314
1998-11-23,27.9119777679443,5.9587869644165,2.74246096611023,0.053077
1998-11-24,26.3453006744385,14.3019113540649,3.42829513549805,0.341652
1998-11-25,27.5431480407715,1.54807364940643,5.2258734703064,1.148585
1998-11-26,28.745548248291,0.189208135008812,5.51208257675171,0.341652
1998-11-27,28.3919296264648,0.100517362356186,5.68295431137085,0.10746
1998-11-28,27.8903179168701,0.447507321834564,6.02213668823242,0.069572
1998-11-29,28.4966583251953,0.0222948212176561,5.38304471969605,0.063856
1998-11-30,29.4978885650635,0.115554414689541,5.24683427810669,0.058466
1998-12-01,27.1055221557617,1.79022920131683,3.13615417480469,0.042952
1998-12-02,27.0920886993408,5.50363636016846,2.70111489295959,0.033643
1998-12-03,27.9486637115479,4.62657833099365,3.59089636802673,0.033643
1998-12-04,28.4686698913574,3.31485676765442,5.43479013442993,0.029396
1998-12-05,28.1298351287842,0.115048237144947,5.95651483535767,0.025314
1998-12-06,28.4655723571777,9.53499547904357e-05,5.87579202651978,0.021394
1998-12-07,27.9840240478516,0.0267953239381313,4.24565029144287,0.017801
1998-12-08,27.6416282653809,0.0657791718840599,4.81038427352905,0.017801
1998-12-09,28.3306541442871,0.37714147567749,4.75876569747925,0.017801
1998-12-10,28.468786239624,0.00767535949125886,5.51428985595703,0.017801
1998-12-11,27.3439102172852,0.570841610431671,4.41393613815308,0.014372
1998-12-12,29.5944156646729,1.66190004348755,5.47101259231567,0.011269
1998-12-13,28.7356357574463,0.00121265382040292,5.54683589935303,0.011269
1998-12-14,28.2514915466309,0.112148754298687,5.37246131896973,0.011269
1998-12-15,28.5274238586426,0.0308215636759996,5.20991086959839,0.011269
1998-12-16,28.6294250488281,0.10446897149086,4.41155910491943,0.008492
1998-12-17,28.7794971466064,2.13275194168091,4.3931827545166,0.00196
1998-12-18,29.4905967712402,0.0174898952245712,6.21625709533691,0.00196
1998-12-19,28.6913585662842,0.19303460419178,4.75238513946533,0.00196
1998-12-20,28.921085357666,0.746072232723236,5.04677820205689,0.00196
1998-12-21,29.1209163665772,0.131942555308342,5.57057237625122,0.00196
1998-12-22,27.9452037811279,0.294458866119385,4.42143869400024,0.00196
1998-12-23,28.7922554016113,1.16033494472504,5.41080522537231,0.00196
1998-12-24,29.116153717041,0.529238402843475,5.85484838485718,0.00196
1998-12-25,28.5725421905518,0.20804651081562,5.87136268615723,0.00196
1998-12-26,25.3985366821289,0.889779686927795,3.91131567955017,0.00196
1998-12-27,26.8264789581299,2.04231905937195,4.7023811340332,0.00196
1998-12-28,27.6710758209229,0.271109402179718,5.6453161239624,0.00196
1998-12-29,27.3101005554199,0.00320984772406518,5.3716778755188,0.00196
1998-12-30,27.9564208984375,0.0390453226864338,5.5907998085022,0.003756
1998-12-31,29.1638965606689,0.0890824720263481,5.59752893447876,0.008492
1999-01-01,29.1712913513184,0.0323745384812355,5.74596643447876,0.008492
1999-01-02,28.5357341766357,0.320409268140793,5.71637630462647,0.011269
1999-01-03,28.7308120727539,0.0182474739849567,5.50434160232544,0.011269
1999-01-04,29.1668186187744,0.0118478126823902,5.07450723648071,0.005879
1999-01-05,28.2799892425537,0.502545595169067,5.61167907714844,0.005879
1999-01-06,28.707426071167,0.0345427915453911,5.35145854949951,0.005879
1999-01-07,28.4957294464111,0.00197390513494611,5.58904027938843,0.003756
1999-01-08,27.3793125152588,0.526564180850983,4.63030672073364,0.000653
1999-01-09,27.1342906951904,4.35293960571289,4.04270601272583,0
1999-01-10,26.1208534240723,5.12760782241821,2.57497954368591,0
1999-01-11,26.3619613647461,9.41670513153076,3.00078129768372,0.000653
1999-01-12,26.692943572998,12.1987628936768,3.65995526313782,0.005879
1999-01-13,26.9201965332031,0.292001664638519,5.05285692214966,0.005879
1999-01-14,27.4696140289307,0.316651582717896,4.76940441131592,0.00196
1999-01-15,28.2301158905029,0.0473711788654327,5.52593231201172,0.00196
1999-01-16,27.1641120910645,0,5.72475337982178,0.00196
1999-01-17,27.2024383544922,0,5.43798685073853,0.00196
1999-01-18,28.5069236755371,0.065297044813633,5.51142120361328,0.000653
1999-01-19,27.2112483978272,0.454415529966354,4.67945051193237,0
1999-01-20,27.817798614502,0.0669766962528229,5.39601612091065,0
1999-01-21,27.7204895019531,0.306544154882431,4.82560300827026,0
1999-01-22,28.0176296234131,0.430542558431625,5.12078046798706,0
1999-01-23,27.7159175872803,0.0556648969650269,5.68682289123535,0
1999-01-24,27.9153957366943,0.231577798724175,5.33949518203735,0
1999-01-25,29.2164001464844,0.00702031701803207,6.32405185699463,0
1999-01-26,27.5311107635498,0.384377717971802,4.75584602355957,0
1999-01-27,28.0873794555664,3.17802786827087,4.18840742111206,0
1999-01-28,29.3899955749512,0.221194952726364,5.88385438919067,0
1999-01-29,29.007251739502,0.00711154565215111,5.32611656188965,0
1999-01-30,28.9337272644043,0.354567468166351,4.98639869689941,0
1999-01-31,27.9120693206787,0.942345082759857,5.04150581359863,0
1999-02-01,28.0096683502197,0.26467627286911,4.54220104217529,
1999-02-02,28.8495960235596,0.295000374317169,4.9311580657959,
1999-02-03,28.1084136962891,1.46783089637756,5.27797746658325,
1999-02-04,27.8909034729004,0.45447850227356,5.00644874572754,
1999-02-05,27.5848007202148,0.729429662227631,5.07187557220459,
1999-02-06,28.4680004119873,3.02807545661926,5.5873236656189,
1999-02-07,27.6407260894775,1.39962410926819,3.76851367950439,
1999-02-08,27.5632095336914,1.48778414726257,4.66680669784546,
1999-02-09,27.3405895233154,4.92293882369995,4.51997137069702,
1999-02-10,28.0336494445801,0.400489062070847,5.05810070037842,
1999-02-11,28.3159236907959,0.0378617867827415,5.45452308654785,
1999-02-12,28.4194755554199,0.0783195048570633,5.00991344451904,
1999-02-13,28.0783214569092,0.559333920478821,3.3428258895874,
1999-02-14,27.2543773651123,5.18560314178467,3.96498990058899,
1999-02-15,27.3699722290039,6.05536413192749,4.9154953956604,
1999-02-16,28.1607666015625,0.239428669214249,5.2140965461731,
1999-02-17,27.4642467498779,0.817703902721405,3.84279179573059,
1999-02-18,27.1698436737061,1.52700734138489,3.73503232002258,
1999-02-19,27.2279262542725,0.788950502872467,3.19734215736389,
1999-02-20,26.9994449615479,1.35093796253204,3.0728600025177,
1999-02-21,26.4958000183105,8.5584306716919,2.90875291824341,
1999-02-22,27.8542366027832,1.06169331073761,4.89019250869751,
1999-02-23,27.995532989502,0.555932641029358,5.64618968963623,
1999-02-24,27.4496040344238,0.184237539768219,5.16699695587158,
1999-02-25,28.1519546508789,1.21669089794159,5.03407144546509,
1999-02-26,28.4945030212402,1.09466409683228,5.60202646255493,
1999-02-27,27.803840637207,0.492332965135574,5.05793905258179,
1999-02-28,28.6831874847412,0.0321148112416267,5.18851518630981,
1999-03-01,28.2380638122559,0.177840739488602,5.29391050338745,
1999-03-02,28.9958248138428,0.0887029767036438,4.93399906158447,
1999-03-03,27.8429908752441,0.0527024306356907,3.48503184318543,
1999-03-04,28.538782119751,0.0187757071107626,4.32243347167969,
1999-03-05,28.9828186035156,7.87776007200591e-05,5.48043584823608,
1999-03-06,28.4779300689697,0.149884268641472,4.72366571426392,
1999-03-07,28.4345149993897,0.0869596898555756,5.42762327194214,
1999-03-08,29.2251968383789,0.0651024952530861,5.35098123550415,
1999-03-09,28.1490535736084,0.204182282090187,4.90067625045776,
1999-03-10,28.4279804229736,0.32550972700119,5.12799406051636,
1999-03-11,28.4157123565674,0.000153365690493956,5.10659408569336,
1999-03-12,28.4458446502686,0.000378190772607923,5.31368017196655,
1999-03-13,29.1490325927734,0.170579701662064,4.48009586334229,
1999-03-14,29.3678092956543,0.729607284069061,4.81442308425903,
1999-03-15,27.8173809051514,0.209533363580704,4.42735767364502,
1999-03-16,27.4946613311768,0.43444961309433,4.59215211868286,
1999-03-17,28.3480033874512,0.142708837985992,6.07363891601563,
1999-03-18,27.2029571533203,0,5.04626893997192,
1999-03-19,27.5249404907227,0.742010772228241,4.2332501411438,
1999-03-20,26.7029323577881,7.63489007949829,2.40818238258362,
1999-03-21,26.8150901794434,2.82159614562988,4.38913440704346,
1999-03-22,27.0179290771484,0.713488698005676,4.69647645950317,
1999-03-23,25.7865524291992,2.64295148849487,4.10363674163818,
1999-03-24,26.5640182495117,3.27135586738586,4.04917573928833,
1999-03-25,27.8120632171631,6.09739875793457,3.90413546562195,
1999-03-26,27.9050273895264,3.75784778594971,4.41332149505615,
1999-03-27,27.27028465271,0.1430903673172,5.1396222114563,
1999-03-28,26.4265098571777,0,5.1850643157959,
1999-03-29,27.6887016296387,0.0326516702771187,4.49735975265503,
1999-03-30,27.7355766296387,0.198067992925644,4.3600549697876,
1999-03-31,28.6376876831055,0.292694568634033,4.84585809707642,
1999-04-01,26.1808662414551,1.27425765991211,4.07454919815064,0
1999-04-02,26.3167228698731,2.47213172912598,4.17207813262939,0
1999-04-03,26.5409278869629,1.45807778835297,4.01118087768555,0
1999-04-04,26.9683208465576,0.168398156762123,4.17082118988037,0
1999-04-05,26.8966426849365,0.252214521169663,3.97953820228577,0
1999-04-06,27.6307277679443,0.0994803383946419,4.40299463272095,0
1999-04-07,27.6838912963867,0.0645651966333389,5.04019784927368,0
1999-04-08,26.6689300537109,0.380687087774277,3.87094807624817,0
1999-04-09,27.0768547058105,0.945510387420654,3.25631833076477,0
1999-04-10,26.9987449645996,2.05897903442383,4.36795854568481,0
1999-04-11,26.6216659545898,0.798025012016296,3.72139024734497,0
1999-04-12,26.6316165924072,1.09228312969208,3.65592622756958,0
1999-04-13,26.4768466949463,3.1361939907074,3.77874255180359,0
1999-04-14,26.9476718902588,1.73448431491852,3.80427122116089,0
1999-04-15,26.8739128112793,0.199410304427147,3.98192524909973,0
1999-04-16,27.3712196350098,0.0916658714413643,4.26656150817871,0
1999-04-17,27.3723831176758,7.76399792812299e-06,4.53879261016846,0
1999-04-18,27.5983238220215,0.112191691994667,4.27644729614258,0
1999-04-19,27.304573059082,0.0906101018190384,4.13596153259277,0
1999-04-20,26.5474586486816,0.220423921942711,2.8100266456604,0.000653
1999-04-21,27.2076473236084,1.98697173595428,3.93059849739075,0
1999-04-22,26.5698108673096,0.577114164829254,3.64162755012512,0.000653
1999-04-23,26.6098251342773,0.817236125469208,3.42017960548401,0.000653
1999-04-24,26.1808166503906,0.981616973876953,3.45319437980652,0.000653
1999-04-25,25.7649383544922,5.09467124938965,3.52756190299988,0.000653
1999-04-26,26.1922779083252,0.312906324863434,3.82547116279602,0
1999-04-27,24.9981174468994,0.767975926399231,2.07702159881592,0
1999-04-28,24.9882183074951,3.35072088241577,3.05358934402466,0
1999-04-29,24.2736988067627,3.60786461830139,2.2700047492981,0.000653
1999-04-30,24.6785373687744,16.7379455566406,3.25250768661499,0.00196
1999-05-01,25.4619045257568,3.64792323112488,3.42535305023193,0.00196
1999-05-02,24.3675212860107,2.30461716651917,1.93732011318207,0.005879
1999-05-03,24.5465412139893,1.76655888557434,2.75084280967712,0.005879
1999-05-04,23.9258728027344,10.7672061920166,2.11644220352173,0.008492
1999-05-05,25.1966819763184,0.73344886302948,3.68148565292358,0.008492
1999-05-06,24.3518409729004,3.08333015441895,3.19825720787048,0.00196
1999-05-07,25.1146259307861,0.140170022845268,3.0420458316803,0.000653
1999-05-08,25.3119277954102,0.0752121508121491,3.63477969169617,0.00196
1999-05-09,25.8408489227295,3.14532399177551,3.2050883769989,0.00196
1999-05-10,24.5100650787354,2.50283908843994,2.72237801551819,0.011269
1999-05-11,24.2767944335938,13.1365613937378,2.64493298530579,0.021394
1999-05-12,24.9346714019775,4.68579244613648,2.93922138214111,0.008492
1999-05-13,25.500825881958,0.383122235536575,2.98782873153687,0.00196
1999-05-14,25.1610832214356,2.50170612335205,2.535325050354,0.003756
1999-05-15,22.2560729980469,16.0606746673584,1.12899422645569,0.014372
1999-05-16,22.1539497375488,8.31262969970703,1.64671325683594,0.021394
1999-05-17,21.9110450744629,29.5550880432129,0.817032396793366,0.10746
1999-05-18,22.9906768798828,32.5921401977539,1.4609010219574,0.384114
1999-05-19,24.0877532958984,11.4162425994873,2.14288473129272,0.331363
1999-05-20,25.1698017120361,11.0684108734131,2.74451875686646,0.199569
1999-05-21,25.7615756988525,0.194319173693657,3.56060433387756,0.033643
1999-05-22,25.3038291931152,1.37062251567841,2.64831829071045,0.017801
1999-05-23,24.2324962615967,1.61784482002258,1.68605589866638,0.017801
1999-05-24,23.89377784729,3.6605761051178,3.50636649131775,0.017801
1999-05-25,23.4458122253418,0.347293734550476,2.8325526714325,0.017801
1999-05-26,24.4421691894531,2.49914646148682,2.34199190139771,0.021394
1999-05-27,24.0216388702393,1.35194802284241,2.5825834274292,0.021394
1999-05-28,25.5576057434082,1.92355811595917,3.68957734107971,0.021394
1999-05-29,23.8023319244385,0.626152217388153,3.03833484649658,0.017801
1999-05-30,23.3032093048096,0.0698459967970848,3.02501344680786,0.017801
1999-05-31,25.134729385376,0,3.72629380226135,0.014372
1999-06-01,24.6253070831299,0.18334773182869,2.52572202682495,0.017801
1999-06-02,24.0867767333984,7.89049434661865,1.96946024894714,0.025314
1999-06-03,23.9044933319092,5.40342998504639,2.62433981895447,0.033643
1999-06-04,24.4285526275635,0.138293236494064,3.07524967193604,0.038215
1999-06-05,24.6603050231934,0.577499449253082,3.26171135902405,0.033643
1999-06-06,23.9764652252197,2.09259724617004,2.64164423942566,0.021394
1999-06-07,23.3925876617432,4.99581718444824,2.06908297538757,0.017801
1999-06-08,23.5343151092529,6.89499521255493,2.29689478874207,0.017801
1999-06-09,22.5590724945068,4.2029914855957,1.49243032932282,0.017801
1999-06-10,23.5052089691162,4.69786882400513,2.59903573989868,0.017801
1999-06-11,23.6495914459229,1.74244344234467,2.21434378623962,0.025314
1999-06-12,22.9135322570801,4.98533058166504,2.69254302978516,0.025314
1999-06-13,22.4766902923584,2.83330631256104,2.48054504394531,0.029396
1999-06-14,22.4042091369629,0.316464483737946,1.10150158405304,0.048014
1999-06-15,21.2346801757813,7.73504161834717,0.485252261161804,0.063856
1999-06-16,21.7803325653076,6.59643125534058,0.854872226715088,0.063856
1999-06-17,22.6306533813477,2.40890502929688,1.5888694524765,0.063856
1999-06-18,23.2660388946533,0.492027044296265,2.64549255371094,0.053077
1999-06-19,23.5729370117188,2.80630946159363,2.07545924186707,0.042952
1999-06-20,23.574914932251,4.27748918533325,2.44193863868713,0.042952
1999-06-21,24.0676555633545,0.437262564897537,2.72719049453735,0.042952
1999-06-22,24.024486541748,0.151666551828384,3.00039148330689,0.038215
1999-06-23,24.1844863891602,0.145463660359383,2.82480907440186,0.033643
1999-06-24,23.8233528137207,0.225469544529915,2.58141088485718,0.025314
1999-06-25,23.3265895843506,0.23135007917881,2.99341130256653,0.011269
1999-06-26,23.2925300598145,0.654297828674316,2.76401829719543,0.008492
1999-06-27,22.9269123077393,0.97355991601944,1.88596272468567,0.008492
1999-06-28,22.4525337219238,5.16159057617188,1.46725463867188,0.008492
1999-06-29,22.8589649200439,5.11605167388916,2.66799974441528,0.011269
1999-06-30,22.5801696777344,0.596079170703888,2.23223543167114,0.011269
1999-07-01,22.6756687164307,0.496179670095444,2.45747971534729,0.005879
1999-07-02,23.0094165802002,1.29487884044647,2.10528492927551,0.005879
1999-07-03,22.9788093566895,6.99189567565918,2.59871006011963,0.005879
1999-07-04,22.489049911499,1.28672969341278,2.54337406158447,0.005879
1999-07-05,22.5222644805908,0.637786507606506,3.35288286209106,0.008492
1999-07-06,22.799409866333,0.287106841802597,2.67078495025635,0.011269
1999-07-07,22.4358692169189,0.0839309245347977,3.20401740074158,0.011269
1999-07-08,22.1354198455811,0.518016815185547,2.81053614616394,0.011269
1999-07-09,21.8054370880127,0.883869647979736,1.67564332485199,0.011269
1999-07-10,22.6065120697022,2.8533890247345,1.84422445297241,0.011269
1999-07-11,21.3218669891357,15.0923013687134,1.20292258262634,0.008492
1999-07-12,22.0167274475098,4.28923940658569,1.99500799179077,0.014372
1999-07-13,21.9906253814697,2.25242161750793,1.86081743240356,0.021394
1999-07-14,22.1475105285645,2.19716167449951,2.00443816184998,0.021394
1999-07-15,22.4358081817627,5.82438325881958,2.84927034378052,0.025314
1999-07-16,22.8683929443359,0.693493485450745,2.7395441532135,0.025314
1999-07-17,23.0908164978027,3.51804518699646,2.0690643787384,0.025314
1999-07-18,23.0856399536133,2.01155018806458,2.58860898017883,0.025314
1999-07-19,22.6147556304932,0.645771205425263,2.63190174102783,0.021394
1999-07-20,22.3644561767578,2.42038464546204,2.40640711784363,0.029396
1999-07-21,22.031494140625,8.60676383972168,3.23902583122253,0.029396
1999-07-22,22.5230197906494,0.662638485431671,2.77748894691467,0.025314
1999-07-23,22.3975124359131,1.9612340927124,2.59868717193604,0.017801
1999-07-24,22.8839912414551,2.15870308876038,2.87407422065735,0.014372
1999-07-25,22.6295623779297,0.483961969614029,2.99150705337524,0.014372
1999-07-26,23.4332809448242,2.4311740398407,3.48618340492249,0.011269
1999-07-27,22.7840766906738,0.147905126214027,3.23475766181946,0.008492
1999-07-28,21.8130283355713,0.171635299921036,2.73254776000977,0.008492
1999-07-29,21.9755229949951,1.28550970554352,2.73453545570374,0.008492
1999-07-30,22.2963962554932,3.9428231716156,2.38884782791138,0.008492
1999-07-31,22.1279296875,3.75798892974854,2.08918952941895,0.008492
1999-08-01,22.0443019866943,3.62599158287048,2.28413367271423,0.011269
1999-08-02,21.6078453063965,2.7276303768158,2.24306201934814,0.017801
1999-08-03,22.1121044158936,2.65378165245056,2.4653000831604,0.021394
1999-08-04,21.1876392364502,3.72302937507629,2.32132935523987,0.048014
1999-08-05,21.3494777679443,12.4089078903198,1.20583176612854,0.053077
1999-08-06,21.5972290039063,11.3641738891602,1.76325845718384,0.053077
1999-08-07,22.0840225219727,11.9413509368896,2.13932967185974,0.069572
1999-08-08,22.1000804901123,4.64732360839844,2.34904050827026,0.075451
1999-08-09,22.6882629394531,3.36124849319458,2.24324202537537,0.075451
1999-08-10,22.2837677001953,5.71876049041748,2.74938750267029,0.053077
1999-08-11,22.4254322052002,3.52840375900269,2.69920825958252,0.042952
1999-08-12,21.5182685852051,0.0209042150527239,2.64325284957886,0.033643
1999-08-13,22.7560729980469,1.30649852752686,3.05666255950928,0.029396
1999-08-14,21.4510326385498,0.0444378182291985,3.41706848144531,0.021394
1999-08-15,21.5878314971924,6.97305395647163e-08,3.75943160057068,0.017801
1999-08-16,21.8003063201904,0.911262512207031,3.1428906917572,0.021394
1999-08-17,20.6694412231445,15.3435249328613,1.20466411113739,0.094232
1999-08-18,21.1219272613525,36.1822547912598,1.25121665000916,0.321238
1999-08-19,21.8923931121826,14.1854162216187,2.52431917190552,0.352104
1999-08-20,21.698263168335,6.87168455123901,2.27303028106689,0.341652
1999-08-21,21.1424312591553,15.0227813720703,1.29134595394135,0.311113
1999-08-22,22.0001640319824,6.74853324890137,3.32722353935242,0.281553
1999-08-23,21.595739364624,7.71534967422485,3.09601306915283,0.281553
1999-08-24,21.3414611816406,1.42345213890076,2.69415497779846,0.262445
1999-08-25,22.4602851867676,1.9805052280426,2.42222046852112,0.253136
1999-08-26,22.2888069152832,3.75767731666565,3.09190201759338,0.208225
1999-08-27,21.0629005432129,0.548852324485779,4.53037118911743,0.11432
1999-08-28,20.9280052185059,0.540250301361084,2.60814237594605,0.081494
1999-08-29,20.1372699737549,0.286928862333298,2.8496356010437,0.069572
1999-08-30,20.9982509613037,0.152288153767586,3.06494832038879,0.053077
1999-08-31,21.4323902130127,0.355405867099762,3.22377586364746,0.038215
1999-09-01,21.7196807861328,1.68666481971741,3.01506018638611,0.033643
1999-09-02,22.229455947876,1.51915001869202,2.07564449310303,0.033643
1999-09-03,21.7726402282715,1.08168590068817,3.39875888824463,0.029396
1999-09-04,22.0714817047119,0.15822246670723,3.34516191482544,0.017801
1999-09-05,22.4526023864746,0.0074672824703157,4.21799039840698,0.017801
1999-09-06,22.5707874298096,0.0364561639726162,3.83707666397095,0.017801
1999-09-07,21.5345096588135,0.34730526804924,3.17276310920715,0.014372
1999-09-08,23.3845977783203,0.185912102460861,3.53733730316162,0.011269
1999-09-09,23.8153228759766,0.133603438735008,3.22741389274597,0.011269
1999-09-10,23.7302360534668,0.0488238707184792,4.24446249008179,0.008492
1999-09-11,23.2361316680908,0.212654128670692,3.74391293525696,0.008492
1999-09-12,23.7021408081055,1.22964799404144,3.71809315681458,0.008492
1999-09-13,23.8053493499756,0.382089465856552,3.64752101898193,0.008492
1999-09-14,24.3243618011475,0.557312071323395,4.03126955032349,0.008492
1999-09-15,22.3674201965332,0.220159873366356,3.30184507369995,0.005879
1999-09-16,22.5652770996094,0.11394827067852,3.38007307052612,0.005879
1999-09-17,23.4819564819336,0.703479647636414,3.79578733444214,0.005879
1999-09-18,23.216423034668,2.60166144371033,3.305983543396,0.005879
1999-09-19,22.8193016052246,2.35116124153137,3.43937039375305,0.005879
1999-09-20,22.994535446167,1.45882141590118,3.62925744056702,0.005879
1999-09-21,23.154016494751,0.0844481810927391,4.27345561981201,0.011269
1999-09-22,23.2348518371582,0.129731386899948,3.12456154823303,0.017801
1999-09-23,24.5750560760498,0.649809420108795,2.60214900970459,0.017801
1999-09-24,21.1344299316406,13.3481664657593,0.897470235824585,0.025314
1999-09-25,20.7861461639404,13.8977842330933,1.95609903335571,0.025314
1999-09-26,21.6479434967041,1.01912236213684,2.80146050453186,0.025314
1999-09-27,22.9594497680664,0.662318646907806,3.31581234931946,0.087863
1999-09-28,23.088737487793,0.0259755607694387,4.12609434127808,0.075451
1999-09-29,23.3552951812744,0.404384613037109,3.35494184494019,0.063856
1999-09-30,24.5279369354248,0.0481622666120529,5.0216212272644,0.058466
1999-10-01,25.1685085296631,0.0393910929560661,4.43429708480835,0.053077
1999-10-02,25.6284580230713,0,4.85758543014526,0.048014
1999-10-03,26.0188598632813,0.000515188847202808,4.91519927978516,0.042952
1999-10-04,25.3304786682129,0.00149740988854319,4.81280326843262,0.038215
1999-10-05,24.2677116394043,0.326750010251999,4.74684429168701,0.038215
1999-10-06,22.5736980438232,9.65710926055908,2.23810362815857,0.042952
1999-10-07,22.1177272796631,12.367166519165,2.93373274803162,0.042952
1999-10-08,22.5660762786865,1.94578969478607,3.48983073234558,0.038215
1999-10-09,22.2635021209717,0,3.86381387710571,0.038215
1999-10-10,24.0998802185059,0,5.07302188873291,0.038215
1999-10-11,25.0630645751953,0.254563331604004,4.43523216247559,0.033643
1999-10-12,25.4806346893311,0.04256471991539,4.79491233825684,0.033643
1999-10-13,23.285005569458,1.809525847435,3.20906472206116,0.029396
1999-10-14,22.3600444793701,1.77455925941467,1.91080915927887,0.025314
1999-10-15,23.7463207244873,6.1959924697876,2.76596140861511,0.025314
1999-10-16,23.51442527771,15.6402902603149,3.97883319854736,0.025314
1999-10-17,24.3924331665039,1.04594576358795,4.6241946220398,0.025314
1999-10-18,25.3354167938232,0.00932621024549007,4.78626537322998,0.025314
1999-10-19,26.1335277557373,0.18598760664463,4.14628171920776,0.025314
1999-10-20,25.3653411865234,0.72777646780014,3.93478631973267,0.025314
1999-10-21,25.8142700195313,0.00637931143864989,4.52321290969849,0.029396
1999-10-22,26.760612487793,0.00471367640420795,4.63325786590576,0.033643
1999-10-23,27.5118827819824,0.0408285856246948,5.16200017929077,0.033643
1999-10-24,24.55100440979,0.284844368696213,2.12506437301636,0.033643
1999-10-25,22.9154663085938,8.17326736450195,2.5849769115448,0.033643
1999-10-26,22.7543601989746,0.514213383197784,3.1319568157196,0.025314
1999-10-27,24.4209480285645,0.151069715619087,4.37307739257813,0.025314
1999-10-28,23.8121318817139,1.20987462997437,2.54285168647766,0.042952
1999-10-29,25.2691974639893,4.611252784729,3.10072112083435,0.087863
1999-10-30,24.7935829162598,10.2220506668091,2.47506237030029,0.135877
1999-10-31,21.1687507629395,7.19775247573853,0.712524175643921,0.174582
1999-11-01,21.7181873321533,12.7371988296509,1.52769541740417,0.199569
1999-11-02,21.6838817596436,13.6818466186523,1.68268942832947,0.395056
1999-11-03,21.9680843353272,3.32501673698425,1.90359091758728,0.36272
1999-11-04,24.5370864868164,1.50825905799866,3.2263810634613,0.262445
1999-11-05,25.6576614379883,5.74393892288208,3.87775921821594,0.208225
1999-11-06,25.7499217987061,1.16157233715057,5.59255170822144,0.16658
1999-11-07,26.6193866729736,0.0117896664887667,4.91781330108643,0.121342
1999-11-08,27.0611915588379,0.236447855830193,4.7021050453186,0.069572
1999-11-09,26.5572052001953,0.503539800643921,4.51792860031128,0.063856
1999-11-10,26.4201622009277,0.176783248782158,4.66550159454346,0.063856
1999-11-11,25.2000312805176,0.812116980552673,4.38170337677002,0.063856
1999-11-12,25.1009025573731,0.865287780761719,4.08250713348389,0.069572
1999-11-13,25.2490177154541,0.456559240818024,3.98909854888916,0.075451
1999-11-14,26.4762954711914,0.33841472864151,4.17324495315552,0.063856
1999-11-15,27.5021381378174,0.186255887150764,5.18095541000366,0.042952
1999-11-16,24.4412174224854,3.17977476119995,2.02081441879272,0.021394
1999-11-17,23.805362701416,1.16488075256348,2.75308585166931,0.011269
1999-11-18,24.9425487518311,1.8695559501648,3.06617712974548,0.014372
1999-11-19,24.6715831756592,9.04881763458252,2.91032099723816,0.038215
1999-11-20,24.3827857971191,25.9684200286865,3.45795321464539,0.395056
1999-11-21,25.0375385284424,4.14067649841309,4.89094161987305,0.243827
1999-11-22,26.2950191497803,0.646408438682556,4.36743021011353,0.158741
1999-11-23,26.7406463623047,0.0264008641242981,4.75808668136597,0.087863
1999-11-24,26.29518699646,0.0730516612529755,4.50605154037476,0.042952
1999-11-25,25.8028125762939,0.0269375834614038,4.03416967391968,0.033643
1999-11-26,25.372688293457,0.00663631269708276,4.50951957702637,0.033643
1999-11-27,25.2445545196533,0.000325675529893488,4.12182760238647,0.025314
1999-11-28,27.0158309936523,0.0726210474967957,4.0750732421875,0.021394
1999-11-29,26.9509658813477,0.730526208877564,4.2288966178894,0.011269
1999-11-30,26.9926338195801,0.0971278101205826,5.19980764389038,0.008492
1999-12-01,26.7720813751221,0.0165028609335423,4.79342079162598,0.008492
1999-12-02,26.5131855010986,0.126233413815498,4.61194849014282,0.008492
1999-12-03,25.9818553924561,0.715783655643463,3.82024574279785,0.008492
1999-12-04,26.1135311126709,2.00721549987793,4.07264137268066,0.008492
1999-12-05,25.908805847168,3.48210144042969,3.22427916526794,0.005879
1999-12-06,26.3322811126709,4.07831907272339,4.22143840789795,0.005879
1999-12-07,25.7990207672119,0.227222725749016,4.30904054641724,0.005879
1999-12-08,25.9909687042236,0.288560450077057,4.42234373092651,0.005879
1999-12-09,25.8729858398438,0.498026072978973,3.97582626342773,0.005879
1999-12-10,26.1444339752197,1.89422559738159,4.56627988815308,0.005879
1999-12-11,27.0813102722168,0.0412279143929482,5.11412620544434,0.005879
1999-12-12,27.4836177825928,0.0389395691454411,5.30835199356079,0.005879
1999-12-13,27.4431800842285,0.0452877171337605,4.96388006210327,0.005879
1999-12-14,27.27712059021,0.362785160541534,5.68485403060913,0.003756
1999-12-15,27.6029148101807,0.00162654870655388,5.26319408416748,0.003756
1999-12-16,28.0280437469482,0.142548948526382,2.90370011329651,0.003756
1999-12-17,26.5762710571289,6.84294652938843,2.47004866600037,0.014372
1999-12-18,25.4963397979736,19.7015762329102,1.35014128684998,0.100765
1999-12-19,26.4068813323975,14.8491735458374,2.26629328727722,0.253136
1999-12-20,25.2128276824951,44.3491859436035,2.30143475532532,0.498107
1999-12-21,25.6477947235107,18.7558155059814,3.51165962219238,0.609487
1999-12-22,25.2150497436523,0.253550320863724,3.67755794525147,0.498107
1999-12-23,25.1038112640381,1.87502634525299,3.33010292053223,0.406161
1999-12-24,26.3132762908936,1.77842175960541,3.28895783424377,0.341652
1999-12-25,25.3642082214355,1.12321162223816,4.15438890457153,0.271917
1999-12-26,25.2406578063965,0.615014374256134,3.80255937576294,0.191077
1999-12-27,25.1847362518311,2.70466065406799,3.41270732879639,0.10746
1999-12-28,24.9287357330322,1.69512987136841,3.8724799156189,0.087863
1999-12-29,25.6693668365479,4.38823795318604,3.24461936950684,0.075451
1999-12-30,25.4503955841065,24.5487842559814,3.57704305648804,0.063856
1999-12-31,26.2572402954102,10.7994747161865,3.89062118530273,0.063856
2000-01-01,26.3343257904053,4.15254688262939,4.80529451370239,0.063856
2000-01-02,26.6094264984131,3.05976247787476,4.33834886550903,0.063856
2000-01-03,26.1959743499756,1.06808888912201,4.26628923416138,0.063856
2000-01-04,25.8094940185547,1.3018718957901,3.81525659561157,0.063856
2000-01-05,24.9082736968994,1.76920580863953,3.66291666030884,0.063856
2000-01-06,25.5561237335205,2.77286314964294,3.41628408432007,0.063856
2000-01-07,25.1404609680176,2.34792470932007,3.77787113189697,0.053077
2000-01-08,25.48876953125,4.97840356826782,4.15259742736816,0.042952
2000-01-09,25.4044303894043,2.94022917747498,4.31790065765381,0.033643
2000-01-10,25.6250724792481,2.88684725761414,3.97768640518189,0.033643
2000-01-11,25.5219898223877,4.05267333984375,3.77737283706665,0.029396
2000-01-12,25.4945030212402,3.57386779785156,3.86710357666016,0.025314
2000-01-13,25.7361450195313,2.1636278629303,4.30527639389038,0.021394
2000-01-14,25.6157932281494,0.273361623287201,5.07365083694458,0.021394
2000-01-15,25.2872695922852,0.240500077605248,4.56645393371582,0.021394
2000-01-16,25.2326793670654,0.000281999120488763,5.38393402099609,0.014372
2000-01-17,25.8899154663086,0.864608228206635,4.47050666809082,0.011269
2000-01-18,27.0740985870361,0.388110160827637,4.69796752929688,0.008492
2000-01-19,27.2402725219727,0.612809419631958,4.46025228500366,0.003756
2000-01-20,28.4523029327393,0.3144770860672,5.54588317871094,0.003756
2000-01-21,27.2373542785645,5.08551406860352,4.21930980682373,0.008492
2000-01-22,26.842041015625,13.4042644500732,2.86230325698853,0.011269
2000-01-23,26.2681369781494,27.4382457733154,2.71802735328674,0.014372
2000-01-24,26.7228107452393,26.5133247375488,3.71814227104187,0.014372
2000-01-25,27.3616962432861,10.8836317062378,4.38467311859131,0.011269
2000-01-26,27.2989234924316,3.07534456253052,4.82663059234619,0.011269
2000-01-27,27.1900272369385,0.793669044971466,4.94397449493408,0.011269
2000-01-28,27.4367961883545,0.48841518163681,5.05438327789307,0.011269
2000-01-29,26.9132404327393,0.927009165287018,4.55205917358398,0.011269
2000-01-30,26.4172039031982,1.47846066951752,4.33601570129395,0.011269
2000-01-31,26.5686626434326,1.3555303812027,4.79199743270874,0.011269
2000-02-01,26.9389686584473,0.097383476793766,4.38305187225342,0.005879
2000-02-02,27.7205352783203,0.0851114094257355,5.06833600997925,0.003756
2000-02-03,28.8192329406738,0.23007170855999,5.48469209671021,0.008492
2000-02-04,27.3818130493164,7.31541204452515,3.82194375991821,0.014372
2000-02-05,27.6253452301025,4.23125076293945,5.11655616760254,0.011269
2000-02-06,27.6269378662109,0.903947651386261,5.14221477508545,0.011269
2000-02-07,27.4796257019043,0.70260214805603,5.06697368621826,0.008492
2000-02-08,26.6569690704346,0.817895829677582,4.16494131088257,0.008492
2000-02-09,27.0600547790527,0.953078389167786,4.74019765853882,0.021394
2000-02-10,26.1358985900879,3.72255063056946,3.78214406967163,0.021394
2000-02-11,26.9613552093506,5.28516149520874,4.94959497451782,0.017801
2000-02-12,26.7257976531982,2.5449595451355,4.59032106399536,0.014372
2000-02-13,26.6950130462647,4.07736444473267,3.14200758934021,0.005879
2000-02-14,26.3351612091065,4.28533792495728,3.97842574119568,0.005879
2000-02-15,26.0182285308838,4.11235904693604,3.74918389320374,0.005879
2000-02-16,25.3900299072266,5.26039123535156,3.39535140991211,0.003756
2000-02-17,27.0189666748047,8.9700870513916,4.00263833999634,0.003756
2000-02-18,26.6094169616699,9.88646984100342,3.89240860939026,0.005879
2000-02-19,26.3255405426025,3.75542378425598,4.27604484558105,0.011269
2000-02-20,25.8799076080322,3.21183252334595,3.4690363407135,0.011269
2000-02-21,24.7332191467285,7.2848744392395,2.5377299785614,0.014372
2000-02-22,25.3009853363037,6.1259822845459,2.84725499153137,0.017801
2000-02-23,25.5527381896973,14.5964193344116,2.94542598724365,0.029396
2000-02-24,25.7844638824463,14.2199859619141,2.89560985565186,0.038215
2000-02-25,26.5717067718506,5.41247034072876,3.69701528549194,0.042952
2000-02-26,26.1133556365967,15.1016273498535,3.41318082809448,0.038215
2000-02-27,25.9874267578125,13.8498306274414,3.30084729194641,0.033643
2000-02-28,26.1803340911865,13.2196598052979,3.70917129516602,0.025314
2000-02-29,25.9280033111572,2.66058921813965,4.14109897613525,0.014372
2000-03-01,25.4794807434082,3.24317502975464,2.79911828041077,0.011269
2000-03-02,25.3350715637207,3.10123443603516,3.43134880065918,0.011269
2000-03-03,25.237455368042,2.35065031051636,3.75628519058228,0.011269
2000-03-04,25.5183448791504,4.81464290618897,2.8865442276001,0.008492
2000-03-05,25.8484039306641,3.80520486831665,3.6442551612854,0.005879
2000-03-06,25.5959663391113,2.72492980957031,2.94487571716309,0.005879
2000-03-07,25.9286708831787,2.69470834732056,3.65079808235168,0.025314
2000-03-08,25.9937381744385,2.67303419113159,4.00642204284668,0.038215
2000-03-09,26.7635631561279,1.94283699989319,3.29556608200073,0.033643
2000-03-10,26.2364253997803,11.4196004867554,3.27201104164124,0.033643
2000-03-11,26.4001083374023,5.2935733795166,3.9785647392273,0.033643
2000-03-12,26.7846202850342,3.08990740776062,4.66769123077393,0.033643
2000-03-13,27.3899955749512,1.61397445201874,4.97138166427612,0.033643
2000-03-14,26.813310623169,9.05640602111816,3.04372024536133,0.033643
2000-03-15,26.6723117828369,5.25636386871338,3.92489862442017,0.042952
2000-03-16,26.6832027435303,2.28319096565247,4.50402545928955,0.048014
2000-03-17,25.6774368286133,0.365230768918991,4.90443563461304,0.048014
2000-03-18,25.130313873291,0.796467185020447,3.97365069389343,0.029396
2000-03-19,26.3464965820313,0.913641631603241,3.50317335128784,0.025314
2000-03-20,26.467306137085,6.34275436401367,3.4238805770874,0.025314
2000-03-21,26.5490016937256,2.73864555358887,4.40036773681641,0.025314
2000-03-22,26.0822639465332,1.96871519088745,3.82108592987061,0.025314
2000-03-23,26.4742965698242,0.766417860984802,4.94910764694214,0.025314
2000-03-24,25.5234851837158,0.744867444038391,4.39382457733154,0.014372
2000-03-25,26.0083274841309,2.16074156761169,4.12674856185913,0.011269
2000-03-26,26.0309028625488,2.67690110206604,4.18545436859131,0.005879
2000-03-27,26.3583469390869,1.55560278892517,3.76922512054443,0.005879
2000-03-28,25.8433933258057,4.31026887893677,3.17726540565491,0.005879
2000-03-29,25.9894218444824,2.96811604499817,4.05806064605713,0.005879
2000-03-30,26.2683830261231,2.90021514892578,4.01564025878906,0.005879
2000-03-31,25.2257976531982,3.2718608379364,3.75805139541626,0.005879
2000-04-01,25.2978038787842,5.08572149276733,2.68271231651306,0.014372
2000-04-02,25.5421733856201,6.23464155197144,2.99335718154907,0.063856
2000-04-03,24.857349395752,5.09629154205322,3.15955877304077,0.16658
2000-04-04,25.3765316009522,6.39627552032471,2.91338801383972,0.10746
2000-04-05,25.3516941070557,9.12164878845215,3.1185884475708,0.087863
2000-04-06,25.7674655914307,4.43717813491821,3.25645542144775,0.087863
2000-04-07,25.6263313293457,4.49108600616455,4.11225414276123,0.087863
2000-04-08,25.7634410858154,2.7460470199585,2.78681254386902,0.075451
2000-04-09,25.6276874542236,3.86926913261414,3.64003491401672,0.069572
2000-04-10,24.6572265625,2.70175361633301,2.70875811576843,0.069572
2000-04-11,25.1620693206787,1.98317503929138,3.4397919178009,0.069572
2000-04-12,25.8995742797852,2.82665872573853,2.97713994979858,0.058466
2000-04-13,25.8430366516113,7.50937652587891,3.00746202468872,0.048014
2000-04-14,25.5765914916992,6.70152235031128,4.09254741668701,0.042952
2000-04-15,26.0406875610352,6.24876022338867,3.57725858688355,0.042952
2000-04-16,24.9729919433594,4.42906045913696,2.58262348175049,0.033643
2000-04-17,25.4688396453857,3.91024398803711,3.03008985519409,0.033643
2000-04-18,26.0455265045166,3.19271492958069,3.33575367927551,0.025314
2000-04-19,25.4357604980469,2.7923903465271,3.0816113948822,0.021394
2000-04-20,25.5743846893311,1.81249356269836,3.10993003845215,0.017801
2000-04-21,26.8332862854004,0.569708585739136,4.11723804473877,0.017801
2000-04-22,27.7596874237061,1.41895854473114,3.93886995315552,0.017801
2000-04-23,26.2741870880127,5.5963282585144,2.58059620857239,0.017801
2000-04-24,25.0977687835693,8.99048805236816,2.43315505981445,0.025314
2000-04-25,24.3579711914063,5.06538200378418,3.0977680683136,0.038215
2000-04-26,24.1995716094971,1.7244781255722,2.81335139274597,0.042952
2000-04-27,24.3438606262207,3.32447242736816,2.86435508728027,0.058466
2000-04-28,24.5429801940918,3.48854732513428,2.35180282592773,0.081494
2000-04-29,24.6850032806397,3.83153581619263,2.77378106117249,0.100765
2000-04-30,24.9767227172852,3.11094212532043,3.01385569572449,0.10746
2000-05-01,24.838737487793,3.18453526496887,2.70533752441406,0.10746
2000-05-02,25.213960647583,3.93821716308594,3.06300210952759,0.094232
2000-05-03,24.7614002227783,3.21317648887634,3.09445738792419,0.121342
2000-05-04,24.5925769805908,4.45176696777344,2.71741771697998,0.143226
2000-05-05,24.4235095977783,4.4575366973877,2.58346724510193,0.128528
2000-05-06,24.9488620758057,3.68982124328613,3.06524181365967,0.10746
2000-05-07,25.4889812469482,2.3108491897583,2.86974716186523,0.10746
2000-05-08,25.5487747192383,3.15145897865295,2.68307518959045,0.100765
2000-05-09,25.8219394683838,1.50026273727417,3.08177256584168,0.100765
2000-05-10,24.6578273773193,1.11414003372192,3.54254221916199,0.087863
2000-05-11,24.6312103271484,0.834862887859345,2.58974003791809,0.081494
2000-05-12,23.6064472198486,6.53558349609375,2.39323735237122,0.075451
2000-05-13,22.9083156585693,4.10199546813965,2.72642493247986,0.069572
2000-05-14,23.0882968902588,4.28271627426147,2.91863918304443,0.069572
2000-05-15,23.0267467498779,2.19947957992554,2.99243903160095,0.069572
2000-05-16,22.5677833557129,0.625001132488251,2.93002057075501,0.058466
2000-05-17,24.1019325256348,0.214909061789513,2.98588967323303,0.048014
2000-05-18,24.9118804931641,0.864402770996094,2.77371597290039,0.048014
2000-05-19,25.4809684753418,1.08860623836517,3.3456597328186,0.058466
2000-05-20,25.9582691192627,0.410692393779755,3.62417387962341,0.075451
2000-05-21,24.4979648590088,9.04462432861328,1.90003526210785,0.075451
2000-05-22,23.5204372406006,8.03783988952637,1.4288717508316,0.100765
2000-05-23,23.0630340576172,15.2860374450684,2.23542428016663,0.100765
2000-05-24,22.0835914611816,6.12536334991455,2.29475593566895,0.10746
2000-05-25,22.479850769043,3.74882507324219,1.72797095775604,0.135877
2000-05-26,24.0252990722656,4.21158599853516,2.47165393829346,0.174582
2000-05-27,23.8057994842529,3.35038805007935,2.18589925765991,0.191077
2000-05-28,24.276668548584,2.10984539985657,2.65862822532654,0.208225
2000-05-29,24.4017963409424,1.41578507423401,3.3304488658905,0.291352
2000-05-30,24.6333732604981,0.626245379447937,3.02614092826843,0.451236
2000-05-31,24.1603507995606,0.045037180185318,3.18131136894226,0.341652
2000-06-01,24.1326408386231,0.137272536754608,3.04930639266968,0.30115
2000-06-02,25.8118686676025,0.325170934200287,2.45281076431274,0.243827
2000-06-03,25.0728073120117,1.25573468208313,3.24925637245178,0.199569
2000-06-04,23.5470714569092,3.57737684249878,1.95135140419006,0.243827
2000-06-05,21.6892738342285,10.9042463302612,0.760590076446533,0.384114
2000-06-06,22.6040019989014,8.44001770019531,2.09842681884766,0.428372
2000-06-07,22.9477481842041,4.08256816864014,2.74397802352905,0.384114
2000-06-08,23.2125835418701,4.81638050079346,2.36599636077881,0.271917
2000-06-09,22.9714488983154,4.42412042617798,2.48826813697815,0.262445
2000-06-10,22.4868793487549,5.20353651046753,2.27043700218201,0.243827
2000-06-11,22.129207611084,5.19517183303833,0.65609472990036,0.243827
2000-06-12,23.4497661590576,5.02547693252564,2.93495488166809,0.243827
2000-06-13,23.3750057220459,1.66174364089966,2.86079883575439,0.2257
2000-06-14,22.8453350067139,1.04455280303955,2.84109950065613,0.208225
2000-06-15,22.2516994476318,0.27978652715683,2.5211284160614,0.191077
2000-06-16,23.6873264312744,1.24161326885223,2.77251744270325,0.16658
2000-06-17,23.2324447631836,1.13329446315765,2.15723276138306,0.143226
2000-06-18,23.3103942871094,2.24130344390869,2.25234866142273,0.121342
2000-06-19,24.3983840942383,1.74563789367676,2.10779047012329,0.100765
2000-06-20,23.899356842041,1.63412761688232,2.2625617980957,0.087863
2000-06-21,24.0974674224854,0.942484855651855,2.04260396957397,0.094232
2000-06-22,24.2226028442383,2.1774160861969,3.15210008621216,0.11432
2000-06-23,23.273286819458,6.38084840774536,1.84624743461609,0.150902
2000-06-24,22.3492870330811,16.9496631622314,1.80617904663086,0.208225
2000-06-25,22.2166748046875,3.36110591888428,2.87051224708557,0.243827
2000-06-26,22.6321678161621,2.45884561538696,2.71675848960876,0.243827
2000-06-27,23.1437873840332,2.3358850479126,2.35025477409363,0.281553
2000-06-28,22.3118476867676,5.5615119934082,2.35262250900269,0.291352
2000-06-29,21.8306484222412,2.90297198295593,1.97061252593994,0.271917
2000-06-30,23.0331554412842,1.45487415790558,2.7680869102478,0.253136
2000-07-01,21.6589660644531,0.563543558120728,3.31798362731934,0.216881
2000-07-02,21.0221176147461,0.678064584732056,2.36587381362915,0.182911
2000-07-03,22.5433883666992,1.64491736888886,2.70273923873901,0.143226
2000-07-04,21.8675537109375,3.69596242904663,2.59104895591736,0.121342
2000-07-05,21.8913173675537,7.80774879455566,2.62018418312073,0.11432
2000-07-06,21.693338394165,5.65947818756104,2.30261778831482,0.10746
2000-07-07,21.4569892883301,4.06389617919922,2.29950976371765,0.100765
2000-07-08,21.3532733917236,2.67811965942383,2.38332581520081,0.100765
2000-07-09,22.4413223266602,1.42100882530212,2.30571365356445,0.087863
2000-07-10,22.5573348999023,1.7667201757431,2.21737027168274,0.087863
2000-07-11,23.2029819488525,0.924902081489563,3.10206246376038,0.087863
2000-07-12,23.2653751373291,0.782803654670715,2.99054670333862,0.075451
2000-07-13,22.6396465301514,3.79930520057678,1.95173907279968,0.063856
2000-07-14,22.3982448577881,2.19813442230225,2.41606688499451,0.063856
2000-07-15,22.2283363342285,1.91098368167877,2.90764713287354,0.058466
2000-07-16,21.9289512634277,0.741987943649292,2.81457948684692,0.058466
2000-07-17,23.8991203308105,0.787501811981201,3.37132096290588,0.053077
2000-07-18,23.2493324279785,2.92723298072815,1.5598646402359,0.053077
2000-07-19,23.0495090484619,4.27971601486206,2.17369055747986,0.053077
2000-07-20,23.6518497467041,1.84858500957489,2.71330833435059,0.053077
2000-07-21,22.8994579315186,0.90082460641861,2.99772620201111,0.048014
2000-07-22,22.7460632324219,2.37434601783752,2.07061958312988,0.038215
2000-07-23,22.8563575744629,2.73088955879211,2.66898894309998,0.033643
2000-07-24,22.3841400146484,1.81148207187653,3.26472759246826,0.033643
2000-07-25,22.4728469848633,0.082901731133461,3.13340663909912,0.033643
2000-07-26,23.2292671203613,0.679380476474762,3.48454403877258,0.014372
2000-07-27,22.559045791626,2.79613828659058,2.7473509311676,0.021394
2000-07-28,21.4562702178955,8.06247138977051,1.34105932712555,0.033643
2000-07-29,21.1096019744873,11.1672325134277,2.12896537780762,0.033643
2000-07-30,20.3016605377197,3.36614441871643,2.93041181564331,0.038215
2000-07-31,21.3252391815186,0.350154370069504,2.50315594673157,0.048014
2000-08-01,22.3385944366455,1.11750853061676,2.82987642288208,0.048014
2000-08-02,22.3280372619629,2.75630712509155,2.30264329910278,0.063856
2000-08-03,22.3522624969482,2.0523669719696,2.62476778030396,0.087863
2000-08-04,22.0855770111084,1.51602303981781,2.31335425376892,0.10746
2000-08-05,22.5531139373779,3.79583334922791,2.16735553741455,0.128528
2000-08-06,20.4276447296143,3.34929466247559,0.930908024311066,0.143226
2000-08-07,22.3515453338623,6.22444200515747,1.76735007762909,0.158741
2000-08-08,22.7882823944092,3.53790593147278,2.64690113067627,0.208225
2000-08-09,23.6983108520508,2.63310432434082,3.0809817314148,0.174582
2000-08-10,22.8838748931885,1.95985269546509,2.8269248008728,0.135877
2000-08-11,23.6500968933105,2.4574236869812,2.76746940612793,0.121342
2000-08-12,22.6606464385986,2.70840072631836,3.03332734107971,0.128528
2000-08-13,22.0338668823242,3.05790281295776,1.52071297168732,0.128528
2000-08-14,21.0482959747314,2.74486660957336,2.62931847572327,0.121342
2000-08-15,20.1971130371094,1.34477543830872,2.36348080635071,0.121342
2000-08-16,21.1254749298096,1.17784667015076,2.52086210250855,0.100765
2000-08-17,20.7760486602783,1.29460799694061,2.99556446075439,0.087863
2000-08-18,21.6683788299561,1.31872725486755,2.92654132843018,0.075451
2000-08-19,22.500337600708,1.16792106628418,2.02252697944641,0.063856
2000-08-20,22.5810260772705,1.9243665933609,2.42175245285034,0.063856
2000-08-21,22.6596546173096,2.16863965988159,3.08826756477356,0.053077
2000-08-22,22.9049530029297,4.65382099151611,2.60735821723938,0.075451
2000-08-23,23.0693225860596,4.67681550979614,3.52149176597595,0.087863
2000-08-24,22.803991317749,2.31349563598633,2.90708065032959,0.075451
2000-08-25,23.9069671630859,1.97991979122162,2.85483837127686,0.075451
2000-08-26,23.5407257080078,1.54119074344635,3.57455492019653,0.075451
2000-08-27,23.4542102813721,0.918687164783478,3.19420552253723,0.063856
2000-08-28,24.0506057739258,1.046706199646,3.15040493011475,0.053077
2000-08-29,24.8487110137939,0.465516269207001,3.79081130027771,0.042952
2000-08-30,24.3825759887695,0.470929980278015,3.81271433830261,0.042952
2000-08-31,23.9840354919434,1.79524338245392,3.46103858947754,0.038215
2000-09-01,23.4901237487793,0.557255864143372,3.040034532547,0.025314
2000-09-02,23.1929340362549,0.411171972751617,3.6441798210144,0.025314
2000-09-03,24.0733966827393,0.0952184796333313,3.21290564537048,0.025314
2000-09-04,23.2699947357178,0.0322841517627239,4.71969795227051,0.025314
2000-09-05,22.8641014099121,0.948122680187225,2.21849703788757,0.025314
2000-09-06,23.2536602020264,1.99428606033325,2.83753180503845,0.021394
2000-09-07,22.8907222747803,0.662963151931763,2.06820511817932,0.021394
2000-09-08,22.410213470459,0.599431455135346,1.89383804798126,0.017801
2000-09-09,22.9930286407471,1.77535474300385,2.53901553153992,0.021394
2000-09-10,24.1318092346191,3.18233752250671,2.88864398002625,0.033643
2000-09-11,23.8789806365967,5.5063214302063,3.05703568458557,0.063856
2000-09-12,23.6921405792236,6.92625331878662,2.27628517150879,0.11432
2000-09-13,23.4597911834717,10.0945529937744,1.56827890872955,0.158741
2000-09-14,24.0249137878418,3.04209780693054,3.66058921813965,0.182911
2000-09-15,25.3585605621338,1.35481715202332,4.04226875305176,0.174582
2000-09-16,24.3360443115234,4.19719791412354,2.84542489051819,0.174582
2000-09-17,25.1478729248047,2.7495129108429,3.95935392379761,0.16658
2000-09-18,24.2266960144043,1.52668130397797,3.18842267990112,0.143226
2000-09-19,23.8506393432617,2.16232800483704,3.43782138824463,0.11432
2000-09-20,23.8041744232178,1.7661235332489,3.59931135177612,0.087863
2000-09-21,23.9509563446045,1.84342420101166,4.30136108398438,0.075451
2000-09-22,23.8222923278809,1.17521786689758,4.87674903869629,0.058466
2000-09-23,22.8927974700928,0.975052654743195,3.37247681617737,0.048014
2000-09-24,24.4709529876709,2.6369481086731,4.53697347640991,0.048014
2000-09-25,24.7414283752441,0.0934141650795937,3.81750535964966,0.038215
2000-09-26,24.541389465332,0.297399282455444,4.61900949478149,0.033643
2000-09-27,24.5331039428711,1.21266806125641,4.28052091598511,0.033643
2000-09-28,23.1224803924561,3.2174608707428,2.65803146362305,0.033643
2000-09-29,23.2453060150147,4.49906349182129,3.37977457046509,0.058466
2000-09-30,24.1594371795654,4.82268905639648,3.72740983963013,0.075451
2000-10-01,24.0823745727539,1.361656665802,4.26476860046387,0.075451
2000-10-02,24.863697052002,2.36685514450073,4.17267990112305,0.075451
2000-10-03,24.7815017700195,0.635612189769745,4.02923774719238,0.069572
2000-10-04,24.7068691253662,0.0537518709897995,5.30205202102661,0.058466
2000-10-05,26.3617362976074,0.0882310047745705,4.95627641677856,0.038215
2000-10-06,26.7392616271973,0.800056278705597,5.42806959152222,0.029396
2000-10-07,26.5877056121826,0.0186244864016771,5.51230764389038,0.014372
2000-10-08,25.3914375305176,0.159181073307991,4.56886625289917,0.005879
2000-10-09,24.6765556335449,0.114938355982304,4.96742582321167,0.008492
2000-10-10,24.6749267578125,0.944242656230927,4.30729722976685,0.005879
2000-10-11,25.4635810852051,1.48169720172882,4.39680242538452,0.005879
2000-10-12,26.2424488067627,0.890719294548035,4.60312700271606,0.005879
2000-10-13,25.823823928833,0.5204176902771,5.27774286270142,0.005879
2000-10-14,25.3320064544678,1.09590578079224,3.86567544937134,0.00196
2000-10-15,25.962345123291,1.02640557289124,4.89742136001587,0.00196
2000-10-16,25.3150539398193,1.55470371246338,3.85699200630188,0.00196
2000-10-17,25.9894199371338,1.62219679355621,5.34864234924316,0.00196
2000-10-18,25.6004981994629,0.348514199256897,4.59920692443848,0.00196
2000-10-19,25.2008743286133,0.604604065418243,4.30302238464355,0
2000-10-20,25.0631504058838,0.542854368686676,4.92702198028565,0
2000-10-21,25.7031269073486,1.58462643623352,4.47571086883545,0
2000-10-22,27.2068557739258,0.176072329282761,5.06366443634033,0
2000-10-23,26.268102645874,0.879628598690033,4.4482479095459,0
2000-10-24,26.0347881317139,2.82707047462463,4.30766439437866,0
2000-10-25,25.5647563934326,2.09566283226013,4.03746604919434,0
2000-10-26,24.9716644287109,1.50167620182037,3.84765958786011,0
2000-10-27,24.8673057556152,0.702449917793274,4.164954662323,0
2000-10-28,25.2829074859619,2.02610015869141,4.06772565841675,0
2000-10-29,27.2609901428223,0.399692565202713,5.12818193435669,0
2000-10-30,26.4341640472412,2.11562871932983,4.52397871017456,0
2000-10-31,26.3652076721191,1.46276438236237,4.61831712722778,0
2000-11-01,26.309871673584,1.53975641727448,5.26257371902466,0
2000-11-02,26.4859657287598,2.11781573295593,3.87683486938477,0
2000-11-03,26.5756244659424,2.87894082069397,3.45704078674316,0
2000-11-04,27.1575584411621,2.94804525375366,4.02130126953125,0
2000-11-05,26.6577186584473,2.74818801879883,3.16414260864258,0
2000-11-06,27.4997997283936,3.65953016281128,5.0847373008728,0.00196
2000-11-07,28.3874969482422,1.53569912910461,5.29740571975708,0.008492
2000-11-08,24.368221282959,14.5161437988281,0.881473779678345,0.021394
2000-11-09,24.2271022796631,20.1323757171631,0.983873128890991,0.048014
2000-11-10,25.2578144073486,20.2208766937256,2.73651742935181,0.352104
2000-11-11,26.1073722839356,23.2508792877197,3.50474905967712,0.742751
2000-11-12,24.9953784942627,22.6518096923828,1.53455865383148,0.674976
2000-11-13,26.3596801757813,9.85838890075684,3.33332943916321,0.522114
2000-11-14,26.6027965545654,8.52231025695801,5.61317205429077,0.462831
2000-11-15,26.7494888305664,0.948438346385956,5.59306716918945,0.311113
2000-11-16,27.1301422119141,1.00820684432983,4.67449903488159,0.253136
2000-11-17,26.1826915740967,2.44009113311768,4.45539331436157,0.208225
2000-11-18,26.053617477417,2.55381488800049,4.50633049011231,0.143226
2000-11-19,25.3956031799316,3.85208415985107,3.57778882980347,0.128528
2000-11-20,26.1429309844971,1.05352056026459,5.15894651412964,0.11432
2000-11-21,25.497486114502,1.05205726623535,3.92044615745544,0.087863
2000-11-22,25.7365188598633,2.73184514045715,4.20608854293823,0.053077
2000-11-23,25.2475395202637,1.99753606319428,3.49845576286316,0.042952
2000-11-24,26.3858604431152,1.80221962928772,4.41155004501343,0.042952
2000-11-25,26.6149425506592,2.67239880561829,4.43476438522339,0.025314
2000-11-26,27.2810478210449,0.910746693611145,5.00736951828003,0.014372
2000-11-27,27.1136016845703,0.415967106819153,5.24104404449463,0.008492
2000-11-28,27.004243850708,0.892824649810791,5.23639106750488,0.005879
2000-11-29,27.1290702819824,1.09361624717712,5.25707054138184,0.003756
2000-11-30,27.2631378173828,0.023565324023366,4.94925689697266,0.00196
2000-12-01,28.3325958251953,0.202182784676552,5.95564985275269,0.000653
2000-12-02,27.6956634521484,0.880047261714935,5.94936609268189,0
2000-12-03,28.5186462402344,0.488192200660706,5.46399307250977,0
2000-12-04,27.4577941894531,0.138153001666069,4.85068941116333,0.00196
2000-12-05,28.2407970428467,0.0125458082184196,6.01703023910523,0.00196
2000-12-06,27.5632801055908,0.0328184776008129,2.6686589717865,0.003756
2000-12-07,27.7467136383057,0.0433275178074837,4.40324020385742,0.003756
2000-12-08,27.8092460632324,0.369866043329239,4.85265111923218,0.003756
2000-12-09,28.0797481536865,0.732015728950501,5.55160093307495,0.00196
2000-12-10,26.6978588104248,0.320280909538269,4.61773920059204,0.00196
2000-12-11,26.4190044403076,2.21890068054199,4.16876125335693,0.00196
2000-12-12,26.1316909790039,16.8674335479736,2.46677660942078,0.00196
2000-12-13,25.9174194335938,16.1712837219238,3.33722329139709,0.005879
2000-12-14,24.7371692657471,22.8563423156738,1.89365017414093,0.014372
2000-12-15,23.1438293457031,33.7702751159668,1.82446849346161,0.100765
2000-12-16,22.882287979126,28.861629486084,1.28875827789307,0.30115
2000-12-17,23.6782245635986,23.7064323425293,1.40616309642792,0.546611
2000-12-18,25.5944271087647,10.2818241119385,3.69079542160034,0.510029
2000-12-19,26.4281387329102,7.42283773422241,4.08777856826782,0.384114
2000-12-20,26.055944442749,6.35563850402832,4.7637095451355,0.271917
2000-12-21,26.2572784423828,0.388273864984512,5.29275226593018,0.208225
2000-12-22,25.7022209167481,0.273655444383621,4.42220401763916,0.158741
2000-12-23,25.2285041809082,1.61638140678406,3.54785323143005,0.121342
2000-12-24,25.9753379821777,1.95804035663605,4.22102117538452,0.087863
2000-12-25,25.8144130706787,1.54021096229553,4.23058748245239,0.075451
2000-12-26,25.96657371521,1.6000884771347,3.65417504310608,0.058466
2000-12-27,26.170373916626,2.46220326423645,3.70275378227234,0.042952
2000-12-28,25.8620052337647,3.67198610305786,4.27014112472534,0.042952
2000-12-29,26.2093334197998,2.14353322982788,5.17107725143433,0.038215
2000-12-30,25.9753742218018,0.928339958190918,5.26395750045776,0.025314
2000-12-31,26.9092636108398,0.0465996451675892,5.2561731338501,0.021394
2001-01-01,26.9621315002441,1.04007208347321,5.36172771453857,0.021394
2001-01-02,26.0288505554199,0.289277046918869,5.41565179824829,0.017801
2001-01-03,25.9674167633057,0.425674587488174,4.67576456069946,0.014372
2001-01-04,25.262228012085,14.0166215896606,2.57505393028259,0.011269
2001-01-05,25.4682655334473,7.85225534439087,3.63915610313416,0.017801
2001-01-06,25.6733589172363,2.37498021125793,3.99896168708801,0.033643
2001-01-07,26.0178108215332,3.60120129585266,4.38754034042358,0.033643
2001-01-08,25.2678947448731,1.8210369348526,4.39874744415283,0.033643
2001-01-09,25.911304473877,2.04250264167786,3.65603709220886,0.033643
2001-01-10,26.8209972381592,1.95239174365997,5.09834861755371,0.029396
2001-01-11,26.5639781951904,1.79584312438965,4.78094577789307,0.033643
2001-01-12,26.1155986785889,5.90470409393311,3.74778437614441,0.033643
2001-01-13,25.6107616424561,2.15583610534668,3.41401219367981,0.033643
2001-01-14,25.913501739502,1.2275505065918,4.73493242263794,0.021394
2001-01-15,26.1261119842529,1.26273167133331,4.48394107818604,0.014372
2001-01-16,26.2748928070068,0.430018901824951,5.1287579536438,0.008492
2001-01-17,25.5380115509033,0.565378963947296,4.22405862808228,0.005879
2001-01-18,25.390510559082,2.44992327690125,3.69785809516907,0.005879
2001-01-19,25.8388500213623,2.83459687232971,4.12611198425293,0.00196
2001-01-20,25.6222743988037,1.59709966182709,4.2123327255249,0.00196
2001-01-21,26.1433944702148,1.51491248607636,5.17165184020996,0.00196
2001-01-22,26.2726154327393,0.552129149436951,5.40358781814575,0.00196
2001-01-23,26.7912502288818,0.0527224987745285,5.26344728469849,0.00196
2001-01-24,26.3416881561279,0.301736176013947,5.51894235610962,0.005879
2001-01-25,25.658281326294,1.24711096286774,4.56011009216309,0.008492
2001-01-26,26.2820949554443,1.58078849315643,4.29653930664063,0.008492
2001-01-27,26.9227409362793,2.03530764579773,4.75175428390503,0.008492
2001-01-28,27.0547332763672,0.552211165428162,4.59897565841675,0.008492
2001-01-29,26.0648250579834,0.787154197692871,4.62354755401611,0.008492
2001-01-30,26.5009269714356,1.580362200737,4.55807495117188,0.011269
2001-01-31,27.2254123687744,0.2588150203228,5.59458494186401,0.011269
2001-02-01,27.094331741333,0.0771362408995628,5.75062227249146,0.011269
2001-02-02,28.2006187438965,0.221818834543228,4.98059511184692,0.011269
2001-02-03,28.6825523376465,1.08350920677185,5.09936761856079,0.011269
2001-02-04,28.7400875091553,0.467997789382935,3.90392899513245,0.011269
2001-02-05,28.8401699066162,2.29874110221863,5.27666187286377,0.008492
2001-02-06,28.0479278564453,0.285028219223022,5.81167459487915,0.005879
2001-02-07,29.1143321990967,0.0343836322426796,6.12695646286011,0.008492
2001-02-08,28.5352668762207,1.75334930419922,5.14503622055054,0.011269
2001-02-09,27.8963508605957,0.231145039200783,5.00488233566284,0.005879
2001-02-10,27.5898399353027,0.405841916799545,5.92283487319946,0.003756
2001-02-11,27.2968101501465,0.030265087261796,5.62898302078247,0.003756
2001-02-12,27.3357315063477,0.240888506174088,4.9959864616394,0.00196
2001-02-13,27.4243278503418,0.868455052375794,4.50484848022461,0.00196
2001-02-14,28.5876216888428,0.713179767131805,5.32872819900513,0.00196
2001-02-15,27.1095867156982,0.420930564403534,4.72330379486084,0.00196
2001-02-16,27.4711589813232,1.28959906101227,4.21832895278931,0.00196
2001-02-17,27.2318706512451,0.385917901992798,4.74912261962891,0.005879
2001-02-18,26.691333770752,0.95777952671051,3.44399666786194,0.005879
2001-02-19,26.7682285308838,1.54596400260925,3.38180541992188,0.005879
2001-02-20,27.14280128479,3.8241240978241,3.9575560092926,0.005879
2001-02-21,27.7094020843506,6.33951425552368,4.17323064804077,0.008492
2001-02-22,27.817756652832,2.62936043739319,4.35913181304932,0.008492
2001-02-23,27.9154796600342,1.97698259353638,4.47303104400635,0.008492
2001-02-24,27.4381656646729,3.33222603797913,4.05643224716187,0.005879
2001-02-25,27.1724262237549,2.46852898597717,3.58876276016235,0.005879
2001-02-26,26.8545112609863,4.49986886978149,3.61082863807678,0.005879
2001-02-27,26.7224025726318,4.45343971252441,3.15871357917786,0.008492
2001-02-28,27.2105503082275,3.1990430355072,4.05749464035034,0.008492
2001-03-01,27.2551326751709,8.27989387512207,3.11894679069519,0.021394
2001-03-02,27.4667167663574,8.64667892456055,4.26859664916992,0.042952
2001-03-03,27.8043670654297,3.37618780136108,4.90307188034058,0.029396
2001-03-04,28.202356338501,2.75934672355652,4.79169034957886,0.014372
2001-03-05,27.0123844146729,3.61988019943237,4.23629713058472,0.003756
2001-03-06,28.0066719055176,3.39104509353638,4.3760199546814,0
2001-03-07,28.1668872833252,0.29495295882225,5.65344619750977,0
2001-03-08,27.5255870819092,0.00127298966981471,5.07983064651489,0
2001-03-09,28.3320617675781,0.226231753826141,4.89855813980103,0
2001-03-10,27.9822177886963,1.24120318889618,4.42149972915649,0
2001-03-11,28.9073810577393,0.808591485023499,5.22377109527588,0
2001-03-12,28.7253837585449,4.08235597610474,4.32085847854614,0
2001-03-13,26.872579574585,4.16608142852783,3.1714973449707,0
2001-03-14,25.4961490631104,4.60869026184082,2.99445295333862,0.000653
2001-03-15,25.977954864502,3.13154745101929,3.73070430755615,0.00196
2001-03-16,25.4298667907715,4.90532970428467,2.48434567451477,0.00196
2001-03-17,26.0819492340088,13.0518550872803,2.82867765426636,0.00196
2001-03-18,27.0806579589844,2.2207088470459,4.69911193847656,0.005879
2001-03-19,26.3849048614502,1.44041776657105,4.80020666122437,0.005879
2001-03-20,27.1732501983643,1.42834091186523,4.22995185852051,0
2001-03-21,26.4011669158936,3.59540677070618,3.38844180107117,0.000653
2001-03-22,25.9536533355713,2.83112001419067,3.85984992980957,0.000653
2001-03-23,26.474479675293,1.7813241481781,3.7938551902771,0
2001-03-24,26.6556568145752,2.41685605049133,4.00556516647339,0
2001-03-25,26.9946670532227,1.43482840061188,4.48845481872559,0
2001-03-26,26.5640926361084,0.772329330444336,4.5922908782959,0
2001-03-27,27.2746295928955,0.624757528305054,4.07530069351196,0.000653
2001-03-28,27.8738899230957,2.2820086479187,4.36302518844605,0.000653
2001-03-29,27.2716789245606,1.55218195915222,4.20132255554199,0.000653
2001-03-30,26.9599227905273,1.97899949550629,3.57043743133545,0
2001-03-31,25.9623336791992,2.21296715736389,4.01387548446655,0
2001-04-01,26.4826240539551,2.60170745849609,3.96260809898376,0.00196
2001-04-02,26.6621341705322,3.43035387992859,3.21764397621155,0.00196
2001-04-03,26.5909938812256,1.36783993244171,3.51749801635742,0.00196
2001-04-04,26.9958610534668,2.45115256309509,3.68986105918884,0.000653
2001-04-05,26.2124786376953,1.20454847812653,4.01521158218384,0.000653
2001-04-06,26.0432357788086,1.74471616744995,3.29181981086731,0.00196
2001-04-07,25.5870876312256,3.05656909942627,3.633131980896,0.00196
2001-04-08,25.8879909515381,1.93140757083893,3.74736166000366,0.005879
2001-04-09,26.6504364013672,2.86933636665344,4.61097526550293,0.003756
2001-04-10,25.9696998596191,0.675966203212738,4.47344970703125,0.008492
2001-04-11,25.363561630249,1.18985557556152,3.478590965271,0.008492
2001-04-12,25.7351112365723,0.295370995998383,4.21817541122437,0.005879
2001-04-13,25.4414081573486,0.851458668708801,4.07479047775269,0.005879
2001-04-14,25.9767265319824,0.655153453350067,3.16509389877319,0.005879
2001-04-15,25.78932762146,3.39240312576294,3.24827408790588,0.005879
2001-04-16,26.3588180541992,3.17745804786682,3.20656728744507,0.005879
2001-04-17,25.8972415924072,3.0147111415863,3.59366369247437,0.005879
2001-04-18,25.702169418335,0.266916543245316,3.57141876220703,0.003756
2001-04-19,25.833948135376,2.11950349807739,3.25005030632019,0.003756
2001-04-20,26.2501907348633,4.65457630157471,3.21154093742371,0.00196
2001-04-21,26.3204002380371,2.23840880393982,3.47988128662109,0.00196
2001-04-22,27.0674381256104,1.11610949039459,4.02335834503174,0.00196
2001-04-23,26.9677925109863,1.24819529056549,4.1581244468689,0.000653
2001-04-24,25.8846607208252,2.76118469238281,3.32096767425537,0
2001-04-25,25.9691619873047,1.55965006351471,3.54119658470154,0
2001-04-26,25.7975025177002,1.39756679534912,3.73089551925659,0
2001-04-27,25.2319793701172,3.41536569595337,2.29221343994141,0
2001-04-28,24.3225498199463,6.25756788253784,3.31391310691834,0
2001-04-29,24.8765621185303,3.45757508277893,3.38880157470703,0
2001-04-30,25.1228866577148,5.68615627288818,3.04364132881165,0
2001-05-01,24.8680171966553,9.52089786529541,3.19707322120667,0
2001-05-02,25.1794166564941,4.94243431091309,2.80871367454529,0
2001-05-03,26.0372200012207,6.07769775390625,3.36721754074097,0.00196
2001-05-04,24.4775943756104,2.68950295448303,3.25978565216064,0.00196
2001-05-05,24.660701751709,2.25735592842102,3.23070859909058,0.00196
2001-05-06,26.4943256378174,0.910427749156952,3.68225169181824,0.003756
2001-05-07,26.8415718078613,0.47609555721283,3.97495055198669,0.00196
2001-05-08,26.9730453491211,0.17856153845787,3.72677254676819,0
2001-05-09,27.3002662658691,0.678339242935181,3.0734543800354,0
2001-05-10,27.0166893005371,0.23433056473732,3.44222974777222,0
2001-05-11,26.8784160614014,0.0360466912388802,3.85489177703857,0
2001-05-12,26.9327449798584,0.00015548053488601,4.10825729370117,0
2001-05-13,26.5144214630127,0.239423915743828,3.72452926635742,0
2001-05-14,26.9791622161865,0.735344231128693,3.67798662185669,0
2001-05-15,26.143087387085,1.49466288089752,2.70560312271118,0
2001-05-16,25.360631942749,4.14782905578613,2.72894906997681,0
2001-05-17,25.9661312103272,1.98989832401276,3.0567102432251,0
2001-05-18,26.571268081665,0.633347690105438,4.07677888870239,0
2001-05-19,26.6704387664795,0.484321057796478,4.15691137313843,0
2001-05-20,25.7889308929443,0.645453989505768,3.38286519050598,0
2001-05-21,24.5681343078613,0.655169486999512,3.13272213935852,0
2001-05-22,23.6313743591309,3.23822069168091,2.60407543182373,0
2001-05-23,24.5718059539795,1.32695591449738,3.78435373306274,0
2001-05-24,24.3387508392334,0.257184088230133,3.56860971450806,0
2001-05-25,24.8867454528809,1.47550940513611,2.88013362884522,0
2001-05-26,24.8540668487549,3.22334623336792,2.41022491455078,0
2001-05-27,25.2619609832764,4.66752147674561,2.34989809989929,0
2001-05-28,25.5043106079102,1.84921252727509,2.59431934356689,0
2001-05-29,26.5303058624268,4.55498695373535,3.00791001319885,0
2001-05-30,26.1835765838623,3.09837317466736,3.49652528762817,0
2001-05-31,25.2890586853027,2.70131039619446,2.71377301216126,0
2001-06-01,24.7598514556885,2.90216445922852,3.0705873966217,0
2001-06-02,24.8425426483154,2.54323434829712,2.65266227722168,0
2001-06-03,23.9735870361328,7.21862745285034,2.59850382804871,0
2001-06-04,23.8206062316895,3.37974238395691,2.37347197532654,0
2001-06-05,23.7146739959717,4.2804913520813,2.29017066955566,0
2001-06-06,24.3239040374756,2.30038738250732,3.36794185638428,0
2001-06-07,24.9930686950684,0.99408221244812,2.94258713722229,0.000653
2001-06-08,25.148889541626,1.9266152381897,3.83526730537415,0.003756
2001-06-09,23.087308883667,3.49413371086121,2.01445388793945,0.021394
2001-06-10,23.3295249938965,5.11521482467651,2.23358678817749,0.025314
2001-06-11,23.8931083679199,5.63403367996216,3.12100124359131,0.029396
2001-06-12,23.1668434143066,3.81485247612,2.89904093742371,0.025314
2001-06-13,23.4803676605225,4.49019622802734,2.903160572052,0.025314
2001-06-14,23.7640686035156,0.854343295097351,2.75368642807007,0.038215
2001-06-15,22.5249805450439,2.31948137283325,2.67709994316101,0.042952
2001-06-16,23.6174697875977,4.1579909324646,1.83994317054749,0.042952
2001-06-17,23.0129356384277,11.3523149490356,1.8734472990036,0.029396
2001-06-18,22.6095161437988,2.31670689582825,2.53364086151123,0.025314
2001-06-19,23.7071838378906,2.00012612342834,3.13699460029602,0.033643
2001-06-20,22.91819190979,0.903306126594543,2.73683547973633,0.033643
2001-06-21,22.6173400878906,0.163848370313644,2.63172221183777,0.048014
2001-06-22,23.34206199646,8.66260623931885,1.40927088260651,0.058466
2001-06-23,23.9248275756836,4.480788230896,2.92804837226868,0.063856
2001-06-24,22.6454029083252,2.97660517692566,2.38512396812439,0.063856
2001-06-25,23.438928604126,3.41158962249756,2.82830691337585,0.048014
2001-06-26,23.0500679016113,2.52715086936951,2.52381420135498,0.038215
2001-06-27,23.7421607971191,0.650087237358093,2.25257635116577,0.025314
2001-06-28,23.9106044769287,2.2654333114624,2.30842542648315,0.017801
2001-06-29,24.1075916290283,1.49589216709137,3.19870281219482,0.014372
2001-06-30,23.0046081542969,1.35657942295074,2.37610578536987,0.008492
2001-07-01,23.1755599975586,1.45470881462097,2.5718629360199,0.008492
2001-07-02,23.175012588501,1.08288776874542,2.64171266555786,0.008492
2001-07-03,22.902027130127,3.45923590660095,2.60521149635315,0.008492
2001-07-04,23.3656158447266,1.92808294296265,2.66930150985718,0.00196
2001-07-05,23.6405544281006,2.51567006111145,2.77524900436401,0.00196
2001-07-06,23.5923976898193,1.86587655544281,2.92421078681946,0.00196
2001-07-07,23.2137050628662,3.76949119567871,2.02152705192566,0.00196
2001-07-08,23.2472610473633,6.2870683670044,2.79680061340332,0.008492
2001-07-09,23.1386318206787,3.20423913002014,2.38409495353699,0.014372
2001-07-10,22.2039966583252,2.3102765083313,2.35317063331604,0.033643
2001-07-11,22.1678619384766,2.26930975914001,2.22544240951538,0.025314
2001-07-12,24.1304397583008,2.55200147628784,2.24145150184631,0.017801
2001-07-13,24.335865020752,1.1060152053833,2.58849620819092,0.017801
2001-07-14,22.3960876464844,2.9411609172821,2.13285398483276,0.017801
2001-07-15,21.9305248260498,1.53999543190002,2.89226341247559,0.017801
2001-07-16,23.4277400970459,2.1159873008728,3.32171583175659,0.029396
2001-07-17,23.124698638916,2.13033294677734,2.45258378982544,0.033643
2001-07-18,22.9503898620606,5.00506258010864,2.60264873504639,0.029396
2001-07-19,23.3030910491943,1.8534859418869,2.46460390090942,0.025314
2001-07-20,23.0159683227539,1.33115875720978,3.35793805122376,0.021394
2001-07-21,22.3354530334473,1.04252946376801,2.41614413261414,0.017801
2001-07-22,24.9031505584717,0.584012866020203,2.85783171653748,0.014372
2001-07-23,23.8506717681885,1.97659230232239,2.68158507347107,0.008492
2001-07-24,23.0621967315674,1.80887472629547,2.96474719047546,0.005879
2001-07-25,23.7497081756592,1.33450472354889,3.32553648948669,0.005879
2001-07-26,21.9150943756104,1.02907121181488,2.69165372848511,0.005879
2001-07-27,23.1518421173096,1.92689919471741,3.26524138450623,0.00196
2001-07-28,22.0682373046875,1.02316057682037,2.76735520362854,0.00196
2001-07-29,21.5278377532959,1.22765374183655,2.72355127334595,0.00196
2001-07-30,22.7501049041748,0.972383141517639,3.35593438148499,0.00196
2001-07-31,23.039400100708,1.05264604091644,3.30387544631958,0.00196
2001-08-01,22.2295818328857,2.5346360206604,2.23192429542542,0.000653
2001-08-02,22.56223487854,1.75624394416809,3.33972716331482,0
2001-08-03,22.1057453155518,0.856254398822784,3.14051675796509,0.005879
2001-08-04,22.1083068847656,1.29869854450226,2.91015219688416,0.011269
2001-08-05,22.1415672302246,3.3507125377655,2.47204446792603,0.014372
2001-08-06,21.4494647979736,1.94612419605255,2.69451975822449,0.017801
2001-08-07,23.0162315368652,1.18386793136597,3.52322006225586,0.017801
2001-08-08,21.615062713623,4.29036569595337,1.91277396678925,0.033643
2001-08-09,22.099515914917,3.31491494178772,2.60162401199341,0.033643
2001-08-10,21.6666564941406,1.75076723098755,3.02908897399902,0.042952
2001-08-11,21.6161575317383,7.86454296112061,1.12387049198151,0.042952
2001-08-12,21.7290325164795,10.8116779327393,1.57042157649994,0.042952
2001-08-13,21.7957820892334,4.56122159957886,2.34482479095459,0.042952
2001-08-14,21.1724967956543,4.99367189407349,2.70831322669983,0.033643
2001-08-15,22.0089473724365,2.77351999282837,3.009850025177,0.025314
2001-08-16,21.0128173828125,2.69087767601013,2.84728598594666,0.025314
2001-08-17,21.5777683258057,1.85982000827789,2.75617909431458,0.033643
2001-08-18,22.0064830780029,3.18503069877625,2.78893756866455,0.033643
2001-08-19,22.4018802642822,5.35412836074829,2.07072496414185,0.042952
2001-08-20,22.3357162475586,5.23481941223145,2.63640260696411,0.063856
2001-08-21,22.3425445556641,6.41316318511963,2.56631827354431,0.100765
2001-08-22,22.6603355407715,4.72227907180786,2.41974449157715,0.128528
2001-08-23,22.4281330108643,3.7597599029541,2.41233158111572,0.094232
2001-08-24,22.5427436828613,2.20803928375244,2.57991075515747,0.087863
2001-08-25,23.3749599456787,2.03011894226074,3.27589726448059,0.069572
2001-08-26,23.0755939483643,0.79120147228241,3.24823951721191,0.053077
2001-08-27,23.2480850219727,1.08381950855255,3.32991099357605,0.042952
2001-08-28,23.6463584899902,2.07597374916077,2.80718636512756,0.042952
2001-08-29,23.9267158508301,2.85765981674194,3.62514925003052,0.058466
2001-08-30,23.3948593139648,1.28119516372681,2.95295429229736,0.087863
2001-08-31,23.7367763519287,3.7458381652832,3.20409536361694,0.135877
2001-09-01,23.95263671875,4.82662343978882,3.01043462753296,0.174582
2001-09-02,22.9888381958008,6.4956841468811,1.9429624080658,0.2257
2001-09-03,23.2061233520508,3.23479533195496,2.76405501365662,0.143226
2001-09-04,23.0761699676514,2.89908456802368,2.96037554740906,0.11432
2001-09-05,23.4501094818115,2.46449780464172,3.24771404266357,0.094232
2001-09-06,22.6241588592529,2.52481842041016,2.71750426292419,0.087863
2001-09-07,22.677453994751,1.80274367332459,2.97868418693543,0.087863
2001-09-08,22.9702110290527,2.11977624893188,3.17134475708008,0.087863
2001-09-09,22.4452857971191,0.791277766227722,3.21695375442505,0.087863
2001-09-10,24.3051986694336,1.00027585029602,3.72293066978455,0.075451
2001-09-11,25.4977722167969,0.0546043105423451,4.08061075210571,0.063856
2001-09-12,25.1859226226807,0.754855334758759,3.74646234512329,0.053077
2001-09-13,24.6745471954346,0.397502928972244,3.58845043182373,0.042952
2001-09-14,24.7480716705322,0.299526810646057,3.70217728614807,0.033643
2001-09-15,24.1353511810303,0.166675582528114,3.97441959381104,0.033643
2001-09-16,24.7191219329834,0.0082835340872407,4.93365144729614,0.033643
2001-09-17,25.461446762085,0.809146404266357,4.1358904838562,0.025314
2001-09-18,23.0080738067627,13.0660457611084,1.97937834262848,0.063856
2001-09-19,21.7646198272705,23.3638668060303,1.58663821220398,0.174582
2001-09-20,22.6684494018555,15.8826551437378,2.45004296302795,0.352104
2001-09-21,23.2952671051025,9.83465480804443,2.87704014778137,0.462831
2001-09-22,23.1021862030029,3.27339220046997,3.15220022201538,0.534362
2001-09-23,23.4311809539795,1.92877101898193,3.55475807189941,0.571435
2001-09-24,22.9139041900635,1.24964332580566,3.59710478782654,0.428372
2001-09-25,22.9342613220215,0.717781841754913,3.17166233062744,0.341652
2001-09-26,24.0758934020996,0.201223894953728,4.21614980697632,0.253136
2001-09-27,24.098466873169,0.00699934968724847,4.30317306518555,0.182911
2001-09-28,23.9047393798828,1.13898718357086,4.10887384414673,0.135877
2001-09-29,24.3694515228272,0.0537017472088337,3.88175368309021,0.100765
2001-09-30,24.841480255127,0.226591736078262,4.6978120803833,0.075451
2001-10-01,23.4958477020264,0.0816205218434334,5.00790786743164,0.029396
2001-10-02,24.4902820587158,1.611088514328,5.30107402801514,0.017801
2001-10-03,25.9300937652588,0.0443029068410397,5.13128042221069,0.014372
2001-10-04,26.9569034576416,0.0163733921945095,5.37308931350708,0.011269
2001-10-05,26.5119972229004,0.00101808097679168,5.46552038192749,0.008492
2001-10-06,26.5371246337891,0.028327589854598,5.44223260879517,0.008492
2001-10-07,25.9741973876953,0.517198026180267,4.30653476715088,0.00196
2001-10-08,25.8857173919678,4.00478792190552,4.11340427398682,0.00196
2001-10-09,25.646463394165,1.32425999641418,4.14117908477783,0.00196
2001-10-10,25.0920219421387,3.11317729949951,3.8845272064209,0.005879
2001-10-11,24.6207408905029,5.58812427520752,2.93912625312805,0.021394
2001-10-12,23.7703304290772,4.42818975448608,3.27672934532166,0.053077
2001-10-13,24.7782306671143,2.3469660282135,4.52455282211304,0.048014
2001-10-14,23.8400192260742,5.24723339080811,2.28522229194641,0.029396
2001-10-15,23.8824214935303,17.5651741027832,1.88339018821716,0.053077
2001-10-16,22.1639842987061,21.7539443969727,1.04081249237061,0.352104
2001-10-17,24.0816879272461,6.97385597229004,3.57887506484985,0.406161
2001-10-18,25.7197380065918,2.3593761920929,4.44714117050171,0.417266
2001-10-19,25.8649253845215,2.26294660568237,4.71327495574951,0.36272
2001-10-20,26.5903987884522,0.0853237584233284,4.78142213821411,0.30115
2001-10-21,26.5411243438721,0.135631248354912,4.71181344985962,0.262445
2001-10-22,26.5703029632568,0.12510521709919,5.66738271713257,0.191077
2001-10-23,26.378101348877,0.0218252092599869,4.60830640792847,0.100765
2001-10-24,26.8478813171387,1.89554119110107,5.04547214508057,0.063856
2001-10-25,24.9534111022949,1.87409734725952,3.32349467277527,0.042952
2001-10-26,24.4395961761475,2.97502636909485,3.50105834007263,0.042952
2001-10-27,24.0955944061279,1.62383341789246,4.18158674240112,0.025314
2001-10-28,23.8678741455078,0.255859464406967,4.63834142684937,0.025314
2001-10-29,24.7335472106934,1.80051875114441,3.82243251800537,0.017801
2001-10-30,26.0745182037354,3.37860703468323,4.07346677780151,0.011269
2001-10-31,26.1353416442871,1.62275767326355,4.48533725738525,0.011269
2001-11-01,25.4435596466064,1.02822184562683,4.21239948272705,0.011269
2001-11-02,26.3095798492432,0.121919669210911,4.97651290893555,0.011269
2001-11-03,26.6556453704834,0.15020677447319,4.88206005096436,0.008492
2001-11-04,26.4748363494873,9.05292545212433e-05,4.98505449295044,0.00196
2001-11-05,26.8790969848633,0.0307935960590839,4.36544847488403,0.00196
2001-11-06,27.4120712280273,0.898044049739838,5.4414587020874,0.00196
2001-11-07,27.3179244995117,0.0493738688528538,5.17515230178833,0
2001-11-08,26.8763179779053,0.130371987819672,4.95253324508667,0
2001-11-09,26.5767364501953,1.48054623603821,4.34334230422974,0
2001-11-10,26.8513698577881,2.45425820350647,5.08831882476807,0
2001-11-11,25.8342971801758,0.298478484153748,4.64175271987915,0
2001-11-12,26.5064735412598,0.116849444806576,4.64746046066284,0
2001-11-13,28.0221996307373,0.0407363511621952,5.32672739028931,0
2001-11-14,27.7443771362305,0.418610066175461,6.09367656707764,0
2001-11-15,27.6485347747803,0.00272857467643917,5.24030590057373,0
2001-11-16,27.5362319946289,0.114904813468456,4.70514345169067,0
2001-11-17,27.2878093719482,0.0967606231570244,4.97946643829346,0
2001-11-18,27.8931694030762,0.479184329509735,5.56429672241211,0
2001-11-19,27.475549697876,0.29484760761261,5.66476678848267,0
2001-11-20,26.4018363952637,0.605989158153534,5.99322938919067,0
2001-11-21,26.0392971038818,0.634021818637848,5.5042142868042,0
2001-11-22,25.9826431274414,0.636739134788513,3.99854159355164,0
2001-11-23,27.0100936889648,0.651000142097473,4.45220565795898,0
2001-11-24,26.4912910461426,0.709690093994141,4.23893451690674,0
2001-11-25,26.7839469909668,2.27000427246094,4.8449273109436,0
2001-11-26,26.3151874542236,2.94617891311646,3.82302141189575,0
2001-11-27,26.5494918823242,2.15162992477417,4.57092523574829,0
2001-11-28,27.4055061340332,1.17738795280457,4.72457933425903,0.008492
2001-11-29,27.2895755767822,0.720239877700806,4.6425404548645,0.021394
2001-11-30,28.5291347503662,1.24772334098816,4.65389060974121,0.033643
2001-12-01,27.7314682006836,4.92635536193848,2.8160195350647,0.033643
2001-12-02,28.1541366577148,2.37844252586365,4.40122890472412,0.033643
2001-12-03,26.1565113067627,2.90262985229492,2.25659537315369,0.033643
2001-12-04,26.8077659606934,3.07069706916809,4.70513677597046,0.053077
2001-12-05,26.1833572387695,1.20510900020599,4.3258490562439,0.087863
2001-12-06,26.4681205749512,1.4826819896698,4.28246974945068,0.094232
2001-12-07,26.6017913818359,2.31820893287659,4.04426860809326,0.075451
2001-12-08,26.7829971313477,3.89418053627014,4.45747137069702,0.053077
2001-12-09,25.7664222717285,2.65280747413635,3.99545884132385,0.021394
2001-12-10,26.5688591003418,3.468914270401,4.47981739044189,0.005879
2001-12-11,26.5787048339844,4.25788927078247,4.16657781600952,0.005879
2001-12-12,26.6081943511963,2.06015419960022,5.03926467895508,0.005879
2001-12-13,26.4822883605957,0.979776680469513,4.75639247894287,0.003756
2001-12-14,27.5428810119629,0.322462975978851,4.8455810546875,0.003756
2001-12-15,28.5081558227539,0.349008738994598,5.51633167266846,0.003756
2001-12-16,27.2265644073486,0.58965802192688,3.88704943656921,0.00196
2001-12-17,28.3324489593506,0.352528274059296,5.05817127227783,0.00196
2001-12-18,28.4081287384033,0.140794426202774,5.24163436889648,0.00196
2001-12-19,28.2125396728516,0.104222759604454,5.33054637908936,0.00196
2001-12-20,28.1283855438232,0.295168578624725,4.51182460784912,0.000653
2001-12-21,28.7411708831787,0.376589506864548,5.27838563919067,0.000653
2001-12-22,27.5853500366211,0.591712534427643,4.73862218856812,0.000653
2001-12-23,27.3280620574951,0.307447403669357,4.48593139648438,0.000653
2001-12-24,28.0448970794678,0.644627571105957,5.34182119369507,0
2001-12-25,27.8331108093262,0.383703023195267,5.06560134887695,0
2001-12-26,27.1135444641113,0.326641231775284,4.6929144859314,0
2001-12-27,27.5434589385986,1.28641247749329,4.80691003799439,0
2001-12-28,27.88503074646,0.301789939403534,4.71845149993897,0
2001-12-29,28.020299911499,2.59020590782166,3.99874663352966,0
2001-12-30,26.7981777191162,5.72092294692993,2.25311017036438,0
2001-12-31,26.013973236084,12.5317125320435,2.04192733764648,0
2002-01-01,25.3205337524414,13.1750402450562,2.05302476882935,0
2002-01-02,26.6617240905762,15.0894346237183,3.17372226715088,0
2002-01-03,26.0655689239502,17.895637512207,2.04201579093933,0.003756
2002-01-04,24.1657829284668,33.2548980712891,0.900805652141571,0.033643
2002-01-05,24.7831077575684,25.3918514251709,2.16481447219849,0.058466
2002-01-06,24.97239112854,16.617919921875,1.91059112548828,0.075451
2002-01-07,22.9567604064941,57.8661041259766,1.73124885559082,0.087863
2002-01-08,24.8378238677979,20.9234580993652,4.04983282089233,0.11432
2002-01-09,25.7636241912842,7.97803831100464,4.47898244857788,0.063856
2002-01-10,25.2769241333008,10.8894624710083,3.40557885169983,0.038215
2002-01-11,24.8859748840332,9.41824722290039,2.50813579559326,0.069572
2002-01-12,25.6560821533203,11.2344331741333,4.06185722351074,0.075451
2002-01-13,25.6852912902832,2.68628311157227,3.87326693534851,0.087863
2002-01-14,25.2726001739502,1.4392557144165,3.03398633003235,0.10746
2002-01-15,24.6563663482666,3.3004047870636,1.91986680030823,0.191077
2002-01-16,26.1248779296875,6.81541395187378,2.42846059799194,0.648519
2002-01-17,25.6597099304199,6.10129070281982,2.36343169212341,1.856387
2002-01-18,25.7781791687012,3.45663356781006,3.27054214477539,1.893459
2002-01-19,25.6146087646484,4.8018479347229,3.68178987503052,0.780966
2002-01-20,26.0351295471191,2.52801060676575,4.19586133956909,0.47116
2002-01-21,26.4580001831055,4.23132419586182,4.1422381401062,0.33659
2002-01-22,26.3634834289551,2.12799477577209,4.64700031280518,0.245787
2002-01-23,26.4222431182861,0.536638498306274,4.91207027435303,0.199406
2002-01-24,24.6977367401123,2.09463810920715,3.27354526519775,0.16462
2002-01-25,26.4883289337158,3.21463966369629,3.22123384475708,0.133754
2002-01-26,26.9322166442871,1.20442318916321,5.41017627716065,0.091292
2002-01-27,25.1343097686768,0.0197041071951389,5.09058332443237,0.073654
2002-01-28,25.426420211792,0.2688048183918,5.06191396713257,0.05814
2002-01-29,25.3439025878906,0.0705632045865059,5.25636053085327,0.044911
2002-01-30,25.7019004821777,1.2238757610321,5.20645713806152,0.028743
2002-01-31,24.1897125244141,1.69714426994324,2.91853260993958,0.016821
2002-02-01,26.7048683166504,0.575131297111511,4.98778581619263,0.016821
2002-02-02,27.1260643005371,0.149575516581535,5.22217416763306,0.010942
2002-02-03,26.5411319732666,0.706401526927948,5.3026819229126,0.010942
2002-02-04,25.4018440246582,11.7063760757446,1.62825274467468,0.010942
2002-02-05,24.5749492645264,24.3951187133789,1.92976486682892,0.073654
2002-02-06,26.1653385162354,11.0427331924438,2.16247844696045,0.295108
2002-02-07,26.006103515625,10.9017457962036,3.55215644836426,0.357984
2002-02-08,25.6672496795654,2.36330389976501,4.24939107894897,0.315522
2002-02-09,24.7711238861084,1.61894071102142,3.88703322410584,0.27502
2002-02-10,25.9381580352783,6.57531976699829,3.73097276687622,0.226843
2002-02-11,25.9685211181641,4.29666185379028,4.1555495262146,0.181768
2002-02-12,25.6124210357666,2.21424245834351,4.60118198394775,0.091292
2002-02-13,24.6457576751709,2.54114270210266,3.99103593826294,0.073654
2002-02-14,25.859733581543,3.03288388252258,4.04942941665649,0.05814
2002-02-15,26.747688293457,8.79412078857422,3.45555377006531,0.05814
2002-02-16,26.282922744751,8.3852481842041,4.27163982391357,0.082147
2002-02-17,26.0844860076904,2.34157657623291,3.87285304069519,0.133754
2002-02-18,26.5114574432373,2.64116406440735,3.87884783744812,0.133754
2002-02-19,26.626916885376,2.37038016319275,3.93657112121582,0.091292
2002-02-20,26.9599781036377,1.5105949640274,4.46406984329224,0.073654
2002-02-21,26.6094360351563,0.52096039056778,4.3735032081604,0.073654
2002-02-22,25.6100578308106,1.1238706111908,4.2517580986023,0.051281
2002-02-23,27.2295398712158,0.579753577709198,4.56208324432373,0.028743
2002-02-24,26.9902381896973,0.00672935601323843,5.2581148147583,0.016821
2002-02-25,26.5096206665039,0.0259345676749945,5.0047492980957,0.016821
2002-02-26,25.3161869049072,0.342219740152359,4.43706321716309,0.010942
2002-02-27,26.0202674865723,2.02751898765564,3.94007563591003,0.008492
2002-02-28,26.4698715209961,1.68819355964661,4.81311225891113,0.008492
2002-03-01,26.176721572876,0.907949388027191,4.13440132141113,0.010942
2002-03-02,27.1683540344238,0.919538497924805,4.96354246139526,0.016821
2002-03-03,27.2078075408936,1.44636952877045,4.61581325531006,0.016821
2002-03-04,26.3072166442871,3.38034415245056,3.89166331291199,0.016821
2002-03-05,25.9727745056152,4.29263734817505,3.36726832389832,0.010942
2002-03-06,26.275411605835,4.55758333206177,4.17391777038574,0.00343
2002-03-07,26.2769680023193,3.13725638389587,4.22199249267578,0.00343
2002-03-08,26.1279964447022,5.01411485671997,3.67363858222961,0.002286
2002-03-09,25.7049751281738,2.72023820877075,3.94216799736023,0.002286
2002-03-10,25.4860420227051,1.65402507781982,4.1884970664978,0.00147
2002-03-11,26.8373336791992,0.874214172363281,4.58625173568726,0.00147
2002-03-12,26.4486312866211,1.4979442358017,4.02885675430298,0.00147
2002-03-13,27.0765991210938,0.385668903589249,4.77131748199463,0.00147
2002-03-14,25.7670955657959,0.559169054031372,3.47357392311096,0.00147
2002-03-15,27.2632808685303,0.222290441393852,4.76187658309937,0.000817
2002-03-16,27.0088119506836,0.371436953544617,4.25888061523438,0.000327
2002-03-17,26.8932056427002,0.327545881271362,4.04130220413208,0.000327
2002-03-18,26.6951122283936,2.37589430809021,4.05340528488159,0.000327
2002-03-19,27.4180679321289,6.61219024658203,3.27043747901917,0.000327
2002-03-20,26.9598293304443,4.64595460891724,3.88062715530396,0.000327
2002-03-21,27.3329029083252,1.58332014083862,4.30026006698608,0.00147
2002-03-22,27.1170387268066,0.792760312557221,4.46114158630371,0.006533
2002-03-23,27.52561378479,0.794209003448486,4.11240005493164,0.013718
2002-03-24,27.4549541473389,2.93428993225098,3.70512533187866,0.033643
2002-03-25,27.0699043273926,1.21857678890228,3.89588832855225,0.039032
2002-03-26,27.194206237793,2.2695996761322,5.1660475730896,0.016821
2002-03-27,27.5141944885254,1.02678203582764,4.76626253128052,0.008492
2002-03-28,27.5087757110596,0.988691210746765,4.87983131408691,0.010942
2002-03-29,26.8297786712647,3.3296115398407,4.42107677459717,0.016821
2002-03-30,26.7558135986328,3.35481405258179,3.67527985572815,0.028743
2002-03-31,26.3907108306885,5.89123773574829,3.54741644859314,0.033643
2002-04-01,26.2701187133789,3.54587650299072,3.5143027305603,0.024334
2002-04-02,26.7815647125244,4.15522050857544,3.53337740898132,0.024334
2002-04-03,27.1960716247559,3.26564192771912,4.54049634933472,0.016821
2002-04-04,26.1761322021484,0.125118643045425,4.33967590332031,0.006533
2002-04-05,26.3961772918701,1.0267641544342,4.16207122802734,0.004899
2002-04-06,25.7716541290283,1.56034243106842,3.01945066452026,0.004899
2002-04-07,26.8254070281982,9.99534130096436,3.47556447982788,0.028743
2002-04-08,27.2850379943848,2.9015429019928,3.74248266220093,0.082147
2002-04-09,26.9868717193604,2.47634196281433,3.3212673664093,0.082147
2002-04-10,26.9881286621094,1.98378992080688,4.46258401870728,0.073654
2002-04-11,26.8395214080811,1.27714323997498,3.27711701393127,0.028743
2002-04-12,26.7210731506348,5.72403717041016,3.30207371711731,0.006533
2002-04-13,26.7832527160645,5.21155166625977,3.95909690856934,0.006533
2002-04-14,26.8521118164063,4.09867143630981,3.88283705711365,0.006533
2002-04-15,26.2066860198975,3.48354029655457,3.34285402297974,0.006533
2002-04-16,25.6869411468506,3.15886473655701,2.47787809371948,0.010942
2002-04-17,25.6060104370117,2.04596257209778,3.53923177719116,0.010942
2002-04-18,26.2564105987549,2.05779600143433,3.55885243415833,0.016821
2002-04-19,26.0751609802246,1.85897254943848,3.38998413085938,0.024334
2002-04-20,26.8447227478027,2.10311412811279,4.06810760498047,0.024334
2002-04-21,26.3904895782471,1.97694182395935,3.57447719573975,0.010942
2002-04-22,26.0739879608154,1.94171667098999,3.9512414932251,0.008492
2002-04-23,25.8217105865479,3.3027765750885,3.63681101799011,0.008492
2002-04-24,25.5124588012695,3.7290723323822,3.28326368331909,0.008492
2002-04-25,26.3840637207031,3.23827338218689,3.20882296562195,0.006533
2002-04-26,26.4510154724121,1.78183710575104,3.92923498153687,0.006533
2002-04-27,26.0791301727295,1.27424883842468,3.23620676994324,0.006533
2002-04-28,24.7784996032715,1.6648895740509,3.79667353630066,0.004899
2002-04-29,25.4481372833252,0.0101938713341951,3.84571170806885,0.004899
2002-04-30,25.377046585083,0.130871921777725,3.87002897262573,0.00343
2002-05-01,25.7603778839111,0.0168904215097427,3.95614385604858,0.00343
2002-05-02,26.2712535858154,2.89466428756714,3.31676387786865,0.00343
2002-05-03,26.5873279571533,0.544800579547882,3.42122530937195,0.006533
2002-05-04,26.5557479858398,0.640235066413879,3.97789692878723,0.010942
2002-05-05,25.4130401611328,1.23722755908966,4.26495122909546,0.024334
2002-05-06,25.273250579834,17.9900093078613,1.63596487045288,0.044911
2002-05-07,25.4894313812256,18.3934783935547,3.20403289794922,0.091292
2002-05-08,25.0256195068359,8.77686786651611,2.8983039855957,0.073654
2002-05-09,24.8940944671631,2.28271627426147,3.89550995826721,0.05814
2002-05-10,24.7551441192627,3.90037488937378,3.06202363967896,0.05814
2002-05-11,25.5005054473877,7.3249192237854,2.75796508789063,0.073654
2002-05-12,25.0557308197022,5.61754322052002,3.11999011039734,0.073654
2002-05-13,24.8567028045654,4.22474670410156,2.82925844192505,0.091292
2002-05-14,24.5533752441406,4.96119594573975,2.79583787918091,0.100928
2002-05-15,24.6688899993897,0.934196531772614,3.15719556808472,0.100928
2002-05-16,24.5103282928467,1.09604477882385,2.70384073257446,0.091292
2002-05-17,25.2140693664551,0.742762207984924,3.62233257293701,0.044911
2002-05-18,25.1183853149414,0.447651892900467,3.19021034240723,0.028743
2002-05-19,25.4614391326904,3.25464940071106,2.98713731765747,0.024334
2002-05-20,25.8776397705078,1.09185218811035,3.29523515701294,0.016821
2002-05-21,26.2374057769775,0.0908344760537148,3.65397143363953,0.010942
2002-05-22,26.3865451812744,0.70286101102829,2.9199697971344,0.010942
2002-05-23,24.1274547576904,21.1160831451416,1.40053594112396,0.016821
2002-05-24,23.6372852325439,10.6977910995483,2.13769149780273,0.033643
2002-05-25,21.9310684204102,14.711277961731,1.43907833099365,0.073654
2002-05-26,22.7059211730957,14.4742202758789,2.55042576789856,0.148126
2002-05-27,22.5813407897949,3.7999906539917,2.6616108417511,0.111217
2002-05-28,23.0540428161621,1.01271641254425,2.79323244094849,0.065652
2002-05-29,22.6039352416992,0.607096672058106,2.65934443473816,0.039032
2002-05-30,23.3348693847656,2.86691355705261,2.54851412773132,0.028743
2002-05-31,23.8069858551025,1.78477025032043,2.4803352355957,0.016821
2002-06-01,24.3936634063721,2.09131264686584,2.72610712051392,0.016821
2002-06-02,24.1287517547607,3.08397912979126,2.55965447425842,0.016821
2002-06-03,23.5033016204834,5.00854206085205,2.28518104553223,0.016821
2002-06-04,24.0704135894775,5.33985042572022,2.43568134307861,0.039032
2002-06-05,24.0058975219727,2.28011083602905,3.09784460067749,0.091292
2002-06-06,23.8715190887451,0.736416101455689,2.37430930137634,0.133754
2002-06-07,24.0915489196777,1.30432569980621,3.33636736869812,0.111217
2002-06-08,24.3320255279541,1.89240086078644,2.64608979225159,0.073654
2002-06-09,24.3187847137451,3.41244769096375,2.89771819114685,0.039032
2002-06-10,23.157865524292,2.25417804718018,2.06727504730225,0.033643
2002-06-11,23.6473178863525,3.90330147743225,2.17727112770081,0.028743
2002-06-12,22.7297229766846,3.01731085777283,0.745197296142578,0.082147
2002-06-13,24.6649494171143,6.94640398025513,2.9431631565094,0.173113
2002-06-14,24.2159099578857,2.95873951911926,2.33474373817444,0.148126
2002-06-15,24.2760066986084,3.31052851676941,3.24294781684876,0.148126
2002-06-16,23.3614044189453,5.89327096939087,2.31188917160034,0.133754
2002-06-17,23.6251201629639,6.7721095085144,3.22432255744934,0.122159
2002-06-18,23.5713653564453,2.65438866615295,2.79880332946777,0.111217
2002-06-19,22.7048244476318,3.36754703521729,2.76153683662415,0.111217
2002-06-20,23.5706462860107,1.6414098739624,2.16064047813416,0.111217
2002-06-21,23.647008895874,2.79330229759216,2.17914533615112,0.122159
2002-06-22,22.6549644470215,3.58164024353027,2.41581296920776,0.133754
2002-06-23,23.1476554870606,3.23374938964844,2.84329438209534,0.133754
2002-06-24,22.5308971405029,1.72666466236115,1.17364275455475,0.133754
2002-06-25,23.6036224365234,1.73280894756317,2.39218592643738,0.133754
2002-06-26,22.8417625427246,2.62133693695068,1.78022718429565,0.100928
2002-06-27,22.9617366790772,2.49983096122742,2.75479483604431,0.100928
2002-06-28,22.5994911193848,2.85499000549316,1.80875670909882,0.111217
2002-06-29,22.3572387695313,2.90161657333374,2.78951621055603,0.111217
2002-06-30,22.983642578125,1.26302564144135,2.02141237258911,0.111217
2002-07-01,23.1479072570801,1.88627970218658,2.13037014007568,0.111217
2002-07-02,22.3252143859863,1.61221206188202,2.57439398765564,0.111217
2002-07-03,22.3246784210205,2.79861688613892,2.06910920143127,0.111217
2002-07-04,22.338191986084,5.22349548339844,2.51057291030884,0.111217
2002-07-05,23.2316131591797,1.61336410045624,2.74504637718201,0.091292
2002-07-06,22.0209369659424,1.92266345024109,2.54236936569214,0.073654
2002-07-07,21.7652072906494,1.13655400276184,2.62922430038452,0.05814
2002-07-08,22.1868095397949,0.48430922627449,3.54454708099365,0.065652
2002-07-09,22.6958465576172,0.0546352751553059,3.04350209236145,0.091292
2002-07-10,23.4540538787842,2.15841174125671,2.13296055793762,0.122159
2002-07-11,23.6797370910645,1.9227888584137,3.20488977432251,0.140123
2002-07-12,23.0081062316895,1.37016618251801,2.01688838005066,0.073654
2002-07-13,24.0152645111084,1.1789083480835,2.32345366477966,0.073654
2002-07-14,24.3194618225098,2.97577834129334,2.86225986480713,0.073654
2002-07-15,24.3731689453125,0.95704185962677,2.46205902099609,0.065652
2002-07-16,23.8598365783691,0.60845410823822,2.55627536773682,0.05814
2002-07-17,24.0538349151611,2.54264855384827,2.65656733512878,0.05814
2002-07-18,23.8244743347168,1.67378902435303,2.74148082733154,0.05814
2002-07-19,22.3744945526123,2.40098333358765,2.46793293952942,0.065652
2002-07-20,22.2031154632568,3.2249767780304,2.06738543510437,0.091292
2002-07-21,22.6997299194336,2.67789959907532,2.08755230903626,0.111217
2002-07-22,23.2204608917236,2.98538851737976,2.5470917224884,0.091292
2002-07-23,23.4026031494141,1.10787653923035,2.8382523059845,0.073654
2002-07-24,22.9267120361328,0.761173486709595,2.83003258705139,0.073654
2002-07-25,23.1303482055664,2.11231970787048,2.72199201583862,0.073654
2002-07-26,23.1323108673096,2.12558364868164,2.64008641242981,0.073654
2002-07-27,23.073579788208,2.18261814117432,2.07939028739929,0.065652
2002-07-28,24.5701065063477,1.93789434432983,2.83675241470337,0.05814
2002-07-29,24.0881023406982,1.83936023712158,2.85159540176392,0.044911
2002-07-30,23.177713394165,3.34658527374268,2.80841875076294,0.082147
2002-07-31,23.0844192504883,3.73874998092651,2.65188956260681,0.217534
2002-08-01,22.8019561767578,2.68378949165344,2.75798439979553,0.255423
2002-08-02,22.8013687133789,1.77285528182983,2.70762538909912,0.199406
2002-08-03,23.8023643493652,1.45312011241913,3.04037117958069,0.16462
2002-08-04,22.049768447876,0.740470945835114,2.40690040588379,0.156291
2002-08-05,22.9666557312012,0.189096316695213,3.30969619750977,0.133754
2002-08-06,22.6300354003906,0.139625951647758,3.10282206535339,0.111217
2002-08-07,23.5862216949463,1.40891075134277,2.8038182258606,0.091292
2002-08-08,23.6805648803711,1.53060865402222,3.34404063224793,0.073654
2002-08-09,23.5332775115967,0.874792814254761,3.44444704055786,0.073654
2002-08-10,23.4193153381348,1.05355679988861,3.38373899459839,0.051281
2002-08-11,23.1055717468262,1.24807453155518,3.0813479423523,0.044911
2002-08-12,22.7311420440674,2.1998770236969,2.24080848693848,0.044911
2002-08-13,23.2757148742676,3.18881464004517,2.82089376449585,0.044911
2002-08-14,23.2495498657227,3.06829285621643,3.12808728218079,0.051281
2002-08-15,23.0989360809326,5.79137325286865,1.23661601543427,0.122159
2002-08-16,23.5321407318115,7.29044437408447,2.8723680973053,0.16462
2002-08-17,22.5226249694824,3.02553510665894,2.85928773880005,0.16462
2002-08-18,22.7014656066895,5.42451763153076,3.16884827613831,0.133754
2002-08-19,23.2132740020752,2.39024686813355,3.46399998664856,0.100928
2002-08-20,22.7128868103027,3.4653480052948,3.0014705657959,0.100928
2002-08-21,23.5777130126953,2.57180690765381,3.59399175643921,0.111217
2002-08-22,23.2942199707031,1.46128797531128,3.3539731502533,0.133754
2002-08-23,22.8544750213623,0.636786758899689,3.48601388931274,0.133754
2002-08-24,22.0915374755859,2.06992244720459,3.07219338417053,0.133754
2002-08-25,22.2629413604736,2.68744492530823,2.87845349311829,0.100928
2002-08-26,21.4437122344971,2.36384201049805,3.19977855682373,0.111217
2002-08-27,21.8536529541016,4.47802019119263,3.053386926651,0.111217
2002-08-28,22.4470882415772,3.42052531242371,3.2182559967041,0.100928
2002-08-29,22.8153285980225,0.889152765274048,3.5038378238678,0.091292
2002-08-30,22.667013168335,1.10862302780151,2.68358612060547,0.091292
2002-08-31,24.5293998718262,0.763771414756775,3.86288380622864,0.091292
2002-09-01,24.2695217132568,0.269283026456833,3.54671573638916,0.073654
2002-09-02,26.4314651489258,0.00254087732173502,4.80028247833252,0.051281
2002-09-03,26.2475681304932,2.27684593200684,2.80710339546204,0.044911
2002-09-04,25.0256023406982,1.29226934909821,3.57976055145264,0.091292
2002-09-05,25.4219646453857,0.512070417404175,4.00805902481079,0.148126
2002-09-06,24.9920597076416,1.83653545379639,3.52096939086914,0.133754
2002-09-07,24.8270092010498,0.697734832763672,3.40181112289429,0.091292
2002-09-08,25.7164249420166,0.187630861997604,4.23579931259155,0.05814
2002-09-09,23.8011379241943,1.52218174934387,2.78258585929871,0.051281
2002-09-10,22.9254932403564,4.18764019012451,2.60513043403626,0.051281
2002-09-11,23.0512962341309,3.84144592285156,3.64257192611694,0.051281
2002-09-12,23.20924949646,3.21932125091553,2.97804760932922,0.044911
2002-09-13,23.511510848999,2.12831544876099,3.48543286323547,0.039032
2002-09-14,24.7791328430176,0.450821042060852,4.55402421951294,0.039032
2002-09-15,25.7216091156006,0.15149687230587,4.81284141540527,0.033643
2002-09-16,25.0286369323731,0.555124700069428,4.36926698684692,0.016821
2002-09-17,23.7002716064453,0.500113189220429,3.9306480884552,0.008492
2002-09-18,23.6841659545898,0.372287690639496,4.05289888381958,0.008492
2002-09-19,23.8866672515869,1.30013930797577,3.18982982635498,0.010942
2002-09-20,24.0011043548584,2.09974598884583,3.55229735374451,0.039032
2002-09-21,25.6402339935303,0.691740930080414,4.6444730758667,0.039032
2002-09-22,26.2017517089844,0.355069130659103,4.23689556121826,0.024334
2002-09-23,27.1949996948242,0.0817047283053398,4.70640754699707,0.016821
2002-09-24,26.8832721710205,0.00740759260952473,5.08441019058228,0.010942
2002-09-25,27.8929462432861,0.514254987239838,4.7834620475769,0.008492
2002-09-26,25.0545616149902,1.42053508758545,3.12827563285828,0.05814
2002-09-27,22.5875148773193,6.5857458114624,1.23383176326752,0.226843
2002-09-28,22.6511096954346,7.90582704544067,1.139279961586,0.255423
2002-09-29,24.2379951477051,3.55820298194885,3.54076242446899,0.217534
2002-09-30,24.1416244506836,3.6693606376648,3.42811274528503,0.16462
2002-10-01,24.8540668487549,1.51109325885773,3.9119143486023,0.091292
2002-10-02,25.2425327301025,0.74806559085846,4.73730373382568,0.033643
2002-10-03,25.0071544647217,0.452421724796295,4.45590209960938,0.020414
2002-10-04,25.1205959320068,0.378754019737244,4.56824111938477,0.016821
2002-10-05,25.7502250671387,0.311226397752762,5.0862455368042,0.008492
2002-10-06,25.7079734802246,0.883853673934937,4.36536169052124,0.008492
2002-10-07,26.5393123626709,1.89236843585968,5.23764610290527,0.006533
2002-10-08,26.4280948638916,0.515293538570404,4.76633739471436,0.004899
2002-10-09,24.9629364013672,0.354279816150665,4.32075643539429,0.00343
2002-10-10,25.1731815338135,1.69164502620697,4.01585578918457,0.004899
2002-10-11,25.3214893341064,2.92536544799805,3.90539526939392,0.00343
2002-10-12,24.7094593048096,0.266178637742996,3.66286706924439,0.00147
2002-10-13,25.5422801971436,0.394924759864807,4.10321092605591,0.00147
2002-10-14,25.5966548919678,0.252477139234543,4.21661520004272,0.00147
2002-10-15,26.0217189788818,0.286760300397873,4.99357557296753,0.00147
2002-10-16,26.4334259033203,0.0244035329669714,4.556800365448,0.00147
2002-10-17,25.7986145019531,0.0430715680122376,5.87333297729492,0.00147
2002-10-18,26.2947578430176,0.00101482321042567,5.74549913406372,0.00147
2002-10-19,26.8852272033691,0.520277380943298,5.24797487258911,0.00147
2002-10-20,25.7901439666748,0.668297052383423,4.51743650436401,0.00147
2002-10-21,25.6991519927979,0.801786363124847,4.62177801132202,0.00147
2002-10-22,26.5417900085449,1.09445595741272,4.59708166122437,0.00147
2002-10-23,27.4859008789063,0.912964820861816,4.85645246505737,0.00147
2002-10-24,26.8262710571289,0,5.69577503204346,0.006533
2002-10-25,26.2087173461914,0.634252548217773,5.30259609222412,0.016821
2002-10-26,27.1417198181152,1.84060263633728,6.27160358428955,0.016821
2002-10-27,27.1839237213135,0.110590241849422,5.96372890472412,0.039032
2002-10-28,27.93190574646,0.318936288356781,5.10377502441406,0.073654
2002-10-29,27.3105869293213,1.20082795619965,5.08753108978272,0.122159
2002-10-30,27.9117832183838,0.715699195861816,4.70110988616943,0.073654
2002-10-31,28.7544994354248,0.630563676357269,5.5150351524353,0.065652
2002-11-01,29.3732872009277,0.00808953680098057,6.06505441665649,0.028743
2002-11-02,28.2214870452881,0.118010856211185,5.5597996711731,0.010942
2002-11-03,28.3066997528076,0.145161658525467,4.88871145248413,0.006533
2002-11-04,27.5832443237305,1.2279280424118,3.49037599563599,0.00343
2002-11-05,28.3071060180664,0.357591360807419,5.33488178253174,0.00343
2002-11-06,28.92431640625,0.131195366382599,5.46571350097656,0.00343
2002-11-07,27.9073715209961,1.40043604373932,5.41013956069946,0.006533
2002-11-08,24.8387107849121,4.11240196228027,2.92746639251709,0.010942
2002-11-09,23.2772617340088,4.3187518119812,1.32201528549194,0.010942
2002-11-10,26.833309173584,3.9742648601532,4.78416681289673,0.013718
2002-11-11,26.1682548522949,1.08418595790863,4.47600221633911,0.010942
2002-11-12,27.9160690307617,0.592159390449524,5.5926775932312,0.008492
2002-11-13,27.0073165893555,0.366774588823319,5.61621189117432,0.008492
2002-11-14,26.9583072662354,1.16672122478485,4.74871778488159,0.008492
2002-11-15,26.9094276428223,1.37055051326752,5.17672061920166,0.006533
2002-11-16,26.5446529388428,0.00205077999271452,5.41777467727661,0.004899
2002-11-17,27.0613861083984,0.0915555059909821,6.00189542770386,0.004899
2002-11-18,28.3017845153809,0.0388894863426685,6.03995132446289,0.00343
2002-11-19,28.4722499847412,0.154995739459991,5.8995304107666,0.00147
2002-11-20,28.7458152770996,0.98997575044632,5.71115779876709,0.00147
2002-11-21,27.8101558685303,0.10362983494997,5.88071727752686,0.00147
2002-11-22,29.0719432830811,0.0739879980683327,6.21799373626709,0.00147
2002-11-23,27.6049785614014,1.51732063293457,4.10185670852661,0.006533
2002-11-24,28.5920104980469,0.985058605670929,5.20335531234741,0.028743
2002-11-25,27.7397975921631,1.71227598190308,4.99873685836792,0.05814
2002-11-26,27.9779624938965,0.272778123617172,4.99608993530273,0.100928
2002-11-27,27.6134662628174,0.507471978664398,5.92853260040283,0.091292
2002-11-28,28.342077255249,0.469286412000656,4.83770132064819,0.073654
2002-11-29,27.6024990081787,1.47882044315338,4.60429000854492,0.033643
2002-11-30,26.8087711334229,0.973801910877228,4.75913381576538,0.013718
2002-12-01,27.2523403167725,0.969134867191315,4.50174999237061,0.006533
2002-12-02,26.9729099273682,2.6078999042511,4.09362030029297,0.00147
2002-12-03,27.8227043151855,0.153521835803986,5.72989320755005,0.00147
2002-12-04,27.9803466796875,0.509059011936188,4.6192741394043,0.00147
2002-12-05,28.2362079620361,0.52194756269455,4.96633577346802,0.00147
2002-12-06,28.0173244476318,0.0861760601401329,6.24730110168457,0.00147
2002-12-07,28.8390312194824,0.0276420433074236,5.78384160995483,0.00147
2002-12-08,29.410722732544,3.79056811332703,4.26347351074219,0.00147
2002-12-09,28.3276901245117,4.48437833786011,2.61078667640686,0.00147
2002-12-10,28.4119758605957,3.40685296058655,4.66805505752564,0.000817
2002-12-11,29.0471649169922,1.47576129436493,5.38579559326172,0.000327
2002-12-12,28.6842918395996,0.234359622001648,6.04103708267212,0.000327
2002-12-13,28.2642612457275,0.122553996741772,4.37865447998047,0.000327
2002-12-14,28.26318359375,0.082931213080883,4.78358221054077,0.000327
2002-12-15,28.3130149841309,0.808109521865845,4.66601276397705,0.000327
2002-12-16,29.0114860534668,0.393816828727722,5.70056390762329,0
2002-12-17,28.9620094299316,0.0589583329856396,5.98536396026611,0
2002-12-18,29.2613639831543,0.234176591038704,5.20752620697022,0
2002-12-19,27.9582042694092,0.44350877404213,4.63099193572998,0
2002-12-20,28.1669807434082,0.0898846387863159,4.88231563568115,0
2002-12-21,28.4288349151611,0.248554080724716,5.79649972915649,0
2002-12-22,28.4900989532471,0.894853055477142,6.04044246673584,0
2002-12-23,28.4493579864502,0.433210372924805,5.3767237663269,0
2002-12-24,29.0593452453613,0.163610905408859,5.29236698150635,0
2002-12-25,30.3886413574219,2.18568205833435,4.47914886474609,0
2002-12-26,27.8781204223633,12.9405794143677,3.7946400642395,0
2002-12-27,26.1156425476074,16.8783893585205,2.23196029663086,0
2002-12-28,26.4460163116455,13.6023683547974,2.46394491195679,0.000327
2002-12-29,27.1944808959961,7.2845606803894,3.01202130317688,0.00147
2002-12-30,26.7169036865234,1.64273905754089,4.28012037277222,0.00147
2002-12-31,27.1907329559326,0.885169982910156,4.5226263999939,0.00147
2003-01-01,26.6225643157959,0.144484490156174,4.31945180892944,0.000327
2003-01-02,27.5866565704346,0.140989422798157,5.28091478347778,0.000327
2003-01-03,28.6538162231445,0.123417161405087,6.17130184173584,0.000327
2003-01-04,28.1226272583008,0.0667060241103172,5.04732418060303,0.000163
2003-01-05,28.8274364471436,0.0716654881834984,5.38281536102295,0
2003-01-06,28.9151649475098,0.13727830350399,5.8639349937439,0
2003-01-07,28.9179859161377,0.113322958350182,5.67170524597168,0
2003-01-08,29.523681640625,0.213970556855202,5.61298799514771,0
2003-01-09,28.5321311950684,0.00244708312675357,5.28227710723877,0
2003-01-10,28.711051940918,1.86525121534942e-05,5.53347015380859,0
2003-01-11,28.3291358947754,0.0686042532324791,4.7431755065918,0
2003-01-12,29.3036079406738,0.00827736966311932,5.46281051635742,0
2003-01-13,29.4017314910889,0.0487258955836296,5.29207468032837,0
2003-01-14,29.5289783477783,0.0371783152222633,5.63743162155151,0
2003-01-15,30.0928287506104,0.0359723158180714,5.47044229507446,0
2003-01-16,29.7100162506104,0.209633454680443,5.57006883621216,0
2003-01-17,28.5681285858154,0.121424831449986,4.3035945892334,0
2003-01-18,28.8535003662109,0.316526472568512,4.75998306274414,0
2003-01-19,29.7567386627197,0.0975272357463837,5.45133066177368,0
2003-01-20,29.9525127410889,0.347710162401199,5.29181623458862,0
2003-01-21,28.6519756317139,1.2866405248642,4.4459228515625,0
2003-01-22,29.2203369140625,1.2035915851593,5.37243223190308,0
2003-01-23,29.1532802581787,2.17301249504089,3.92899394035339,0
2003-01-24,27.607515335083,3.3459005355835,3.91088914871216,0
2003-01-25,28.9582023620606,1.7363383769989,5.26310253143311,0
2003-01-26,28.7929439544678,0.853610813617706,4.7128701210022,0
2003-01-27,29.4603099822998,1.31348919868469,6.15892267227173,0
2003-01-28,29.8929405212402,5.04454708099365,4.47253942489624,0
2003-01-29,29.2692203521729,11.7847661972046,4.51744747161865,0.000163
2003-01-30,27.5682907104492,8.24829387664795,4.05024290084839,0.000163
2003-01-31,27.5139064788818,6.37140893936157,4.53088569641113,0.000817
2003-02-01,27.7379169464111,5.07163143157959,3.53403735160828,0.00147
2003-02-02,27.3036479949951,8.29592609405518,4.10037803649902,0.00147
2003-02-03,27.4105205535889,2.87545800209045,4.45184278488159,0.00147
2003-02-04,28.6076126098633,3.51335215568543,5.55792331695557,0.000817
2003-02-05,28.0478172302246,2.44657778739929,5.06765031814575,0.000817
2003-02-06,27.3594303131104,0.972971439361572,4.99804258346558,0.000817
2003-02-07,28.1451721191406,1.12847781181335,4.86443614959717,0.000817
2003-02-08,28.5307216644287,1.53333878517151,6.02137565612793,0.002286
2003-02-09,27.4002285003662,1.17521107196808,4.42984342575073,0.004899
2003-02-10,27.55251121521,1.42508780956268,4.81755781173706,0.006533
2003-02-11,28.5316715240479,1.34578156471252,5.59462881088257,0.00343
2003-02-12,27.113260269165,1.42710328102112,4.46995544433594,0.002286
2003-02-13,26.8109378814697,3.11556005477905,3.51286315917969,0.002286
2003-02-14,28.7522392272949,1.23237097263336,4.76571607589722,0.00147
2003-02-15,28.8305683135986,0.82677948474884,5.02786540985107,0.00147
2003-02-16,28.7338581085205,0.734152615070343,4.94203901290894,0.000327
2003-02-17,29.2353820800781,0.172739043831825,5.35906839370728,0.000327
2003-02-18,29.1717472076416,0.334487110376358,5.37772274017334,0.000327
2003-02-19,28.6878719329834,1.08531391620636,4.10997343063355,0.000327
2003-02-20,28.051685333252,2.82613301277161,4.38529300689697,0.000327
2003-02-21,27.4233951568604,2.54359126091003,3.68303489685059,0.000327
2003-02-22,27.0313606262207,4.08705806732178,3.87631297111511,0.000327
2003-02-23,26.9567432403565,1.52687633037567,4.28503656387329,0.000327
2003-02-24,27.3520832061768,1.62902581691742,3.91277194023132,0.000327
2003-02-25,27.5318470001221,2.46480679512024,5.13490152359009,0.000327
2003-02-26,27.2054443359375,0.206150382757187,5.04412698745728,0.000327
2003-02-27,27.530632019043,0.0928134098649025,6.0314416885376,0.000327
2003-02-28,28.2748489379883,0.141131147742271,5.12222290039063,0.000327
2003-03-01,29.2541065216065,0.536307215690613,5.63801097869873,0.000327
2003-03-02,28.3395595550537,1.79753136634827,4.20419025421143,0.000327
2003-03-03,27.7940788269043,2.4939272403717,4.60586595535278,0.000327
2003-03-04,28.8024635314941,1.30421245098114,5.17755651473999,0.000327
2003-03-05,28.2826538085938,1.255894780159,4.24201250076294,0.000327
2003-03-06,28.0245399475098,2.93168497085571,4.05218601226807,0
2003-03-07,28.0348796844482,2.80381536483765,4.48761367797852,0
2003-03-08,28.2767009735107,3.82433652877808,5.24456691741943,0
2003-03-09,28.244457244873,0.44847896695137,4.7840747833252,0
2003-03-10,28.2080936431885,2.1797251701355,4.40062856674194,0.000163
2003-03-11,27.5664730072022,2.11018228530884,3.07149577140808,0.00147
2003-03-12,28.5216903686523,1.04745638370514,5.27069139480591,0.004899
2003-03-13,28.7738018035889,0.144417345523834,4.62938976287842,0.00147
2003-03-14,28.8988666534424,0.441325783729553,4.58797645568848,0.00147
2003-03-15,29.6820793151856,1.13888418674469,5.02202081680298,0.000327
2003-03-16,27.9431266784668,4.72836494445801,3.88745522499084,0.000327
2003-03-17,27.7957782745361,5.59968852996826,4.19979047775269,0.000327
2003-03-18,27.6197071075439,8.65448093414307,3.41727256774902,0.000327
2003-03-19,26.7787895202637,5.9010009765625,3.99530410766602,0.000327
2003-03-20,26.7506866455078,3.82188773155212,3.61822271347046,0.000163
2003-03-21,26.9575824737549,4.95971632003784,4.09605312347412,0.000163
2003-03-22,27.8291301727295,5.25557279586792,3.70975685119629,0.000327
2003-03-23,27.0356502532959,14.7054510116577,3.78623652458191,0.000327
2003-03-24,27.5022068023682,6.93307971954346,4.23158740997314,0.000327
2003-03-25,26.9512710571289,3.92198824882507,4.07666540145874,0.000327
2003-03-26,27.042407989502,2.62770438194275,4.16107034683228,0.000163
2003-03-27,26.876428604126,2.93951725959778,3.76460361480713,0.000163
2003-03-28,26.5699577331543,3.896644115448,3.3141233921051,0.000327
2003-03-29,26.4505748748779,5.46408891677856,3.31205463409424,0.00147
2003-03-30,26.5559120178223,1.86647963523865,3.50821089744568,0.00147
2003-03-31,27.3208084106445,2.84273290634155,3.90336656570435,0.00147
2003-04-01,27.2579364776611,1.24626576900482,3.9657142162323,0.00147
2003-04-02,27.5185394287109,3.7591700553894,4.1726713180542,0.00343
2003-04-03,27.2866725921631,2.36690521240234,4.06565046310425,0.00147
2003-04-04,27.3803443908691,1.64504408836365,4.55124807357788,0.00147
2003-04-05,27.3124370574951,0.232069209218025,4.40785551071167,0.00147
2003-04-06,27.5418148040772,0.558728158473969,4.53307199478149,0.000327
2003-04-07,28.4634666442871,0.277845859527588,4.47317981719971,0.000327
2003-04-08,29.3189868927002,0.0122157325968146,5.24442672729492,0.000163
2003-04-09,29.0600700378418,0.068267785012722,5.33877372741699,0.000163
2003-04-10,28.0872039794922,0.248181283473969,4.48446083068848,0
2003-04-11,28.5067577362061,0.437985599040985,4.50646543502808,0.00147
2003-04-12,28.2709217071533,0.0685953572392464,4.80631542205811,0.010942
2003-04-13,28.5531387329102,3.18735551834106,4.67877197265625,0.016821
2003-04-14,27.4772567749023,1.33650875091553,3.8487069606781,0.039032
2003-04-15,26.8681678771973,3.22266364097595,3.39399361610413,0.044911
2003-04-16,27.0055923461914,2.76285076141357,4.18825054168701,0.073654
2003-04-17,27.0421314239502,2.21724009513855,4.00664949417114,0.073654
2003-04-18,25.9865856170654,3.31474828720093,2.97344088554382,0.073654
2003-04-19,26.5716304779053,2.966548204422,4.03168916702271,0.091292
2003-04-20,26.0370082855225,2.66760778427124,3.08127379417419,0.100928
2003-04-21,26.3902473449707,3.0112099647522,3.67315030097961,0.111217
2003-04-22,27.0199928283691,0.614620745182037,4.63843584060669,0.148126
2003-04-23,26.7836627960205,0.503022491931915,4.3732328414917,0.181768
2003-04-24,25.7915515899658,1.54154777526855,3.41515946388245,0.217534
2003-04-25,26.3140926361084,2.82964897155762,3.28953337669373,0.217534
2003-04-26,27.2155628204346,1.89350688457489,3.923996925354,0.255423
2003-04-27,27.3918399810791,0.736524522304535,4.92120170593262,0.255423
2003-04-28,26.4411354064941,0.850214064121246,3.1632616519928,0.27502
2003-04-29,26.8381423950195,0.990651786327362,3.68843841552734,0.27502
2003-04-30,27.4534683227539,1.44850540161133,4.08518171310425,0.236152
2003-05-01,27.1379489898682,1.51443469524384,3.38257026672363,0.091292
2003-05-02,27.8756999969482,0.551440715789795,4.2839674949646,0.039032
2003-05-03,28.3496150970459,2.48298215866089,3.93842697143555,0.148126
2003-05-04,25.4353351593018,16.4616069793701,1.47647309303284,0.368926
2003-05-05,24.940113067627,21.8392486572266,2.91727066040039,0.47116
2003-05-06,25.2113437652588,3.62016797065735,2.50597929954529,0.379868
2003-05-07,25.4544582366943,4.50573205947876,3.16473293304443,0.255423
2003-05-08,26.9190483093262,1.40881907939911,4.13335847854614,0.091292
2003-05-09,26.3221187591553,0.339869469404221,3.59936809539795,0.033643
2003-05-10,25.1265296936035,12.1012191772461,2.18336701393127,0.065652
2003-05-11,23.9290790557861,10.5831127166748,1.81543505191803,0.133754
2003-05-12,24.5188846588135,5.87041902542114,2.6406991481781,0.236152
2003-05-13,24.8657836914063,7.32407999038696,2.64484977722168,0.284982
2003-05-14,24.244176864624,4.9786810874939,2.08257699012756,0.357984
2003-05-15,24.2511692047119,4.92923307418823,2.50546550750732,0.379868
2003-05-16,24.1571140289307,5.94853734970093,2.52172255516052,0.315522
2003-05-17,24.3507137298584,1.71828985214233,3.43731474876404,0.255423
2003-05-18,24.6629943847656,1.92566764354706,2.61419153213501,0.217534
2003-05-19,24.4734191894531,4.57169485092163,2.57431221008301,0.181768
2003-05-20,24.3331527709961,2.77577018737793,2.98321962356567,0.173113
2003-05-21,24.3339729309082,2.08171582221985,2.71543073654175,0.133754
2003-05-22,24.6758251190186,2.28506088256836,2.7859091758728,0.111217
2003-05-23,25.098258972168,3.32060670852661,2.8419828414917,0.05814
2003-05-24,25.0914573669434,0.429971903562546,3.71820735931397,0.039032
2003-05-25,26.4037113189697,0.0431295968592167,3.76194190979004,0.024334
2003-05-26,27.0912933349609,0.0987427905201912,3.48563313484192,0.016821
2003-05-27,26.4511795043945,1.17056322097778,2.87695956230164,0.016821
2003-05-28,24.9534683227539,4.30821657180786,2.28783011436462,0.16462
2003-05-29,22.8685150146484,9.09685325622559,1.27113056182861,0.47116
2003-05-30,23.9445972442627,13.8689279556274,1.9027453660965,0.645742
2003-05-31,23.6304321289063,7.80259847640991,1.90379250049591,0.568822
2003-06-01,23.7767791748047,6.35648775100708,2.46885514259338,0.519338
2003-06-02,24.2627105712891,6.94810724258423,2.2439239025116,0.47116
2003-06-03,24.3588428497315,5.44704246520996,2.66259527206421,0.424779
2003-06-04,24.4412860870361,3.41719079017639,2.12806344032288,0.379868
2003-06-05,24.1925678253174,2.75410127639771,2.44662499427795,0.315522
2003-06-06,23.6628646850586,1.81990540027618,2.96760773658752,0.265058
2003-06-07,24.277982711792,1.16440618038178,2.71696662902832,0.217534
2003-06-08,23.4167633056641,2.39472484588623,2.08961820602417,0.199406
2003-06-09,23.9002265930176,3.20407247543335,2.91382098197937,0.217534
2003-06-10,23.0421752929688,2.715975522995,2.32623934745789,0.199406
2003-06-11,23.7595653533936,3.61838626861572,2.46510243415833,0.379868
2003-06-12,23.9214611053467,1.91300749778748,3.00558829307556,0.594135
2003-06-13,22.7957153320313,3.7906756401062,2.78333830833435,0.495004
2003-06-14,23.7072334289551,1.2626017332077,2.64557814598084,0.379868
2003-06-15,23.1164360046387,1.27090728282928,2.1765239238739,0.255423
2003-06-16,23.5679988861084,2.4269073009491,2.67368769645691,0.133754
2003-06-17,23.42018699646,5.25481748580933,2.04951000213623,0.091292
2003-06-18,23.3067474365234,3.95635962486267,2.1877269744873,0.091292
2003-06-19,23.7575778961182,3.01307892799377,2.38920259475708,0.091292
2003-06-20,23.540153503418,3.862957239151,2.07543134689331,0.111217
2003-06-21,23.8088722229004,3.28138899803162,2.47169137001038,0.148126
2003-06-22,23.6366310119629,1.2405663728714,3.05181837081909,0.181768
2003-06-23,22.616979598999,1.08233976364136,2.59650945663452,0.217534
2003-06-24,23.4047660827637,1.98914134502411,2.16076159477234,0.27502
2003-06-25,23.2487678527832,6.06890487670898,2.2306387424469,0.315522
2003-06-26,22.799201965332,4.02450370788574,2.28137874603272,0.325974
2003-06-27,21.6543254852295,1.4621776342392,2.50673961639404,0.295108
2003-06-28,23.2688522338867,3.94154810905457,2.690265417099,0.255423
2003-06-29,22.4474639892578,2.5203959941864,2.53415012359619,0.226843
2003-06-30,22.2210578918457,0.592985689640045,2.73222184181213,0.181768
2003-07-01,22.3774356842041,2.78339385986328,2.45423007011414,0.173113
2003-07-02,22.2921657562256,2.08363890647888,2.25750470161438,0.255423
2003-07-03,21.870153427124,0.520401120185852,2.91934037208557,0.217534
2003-07-04,21.5684928894043,0.930785238742828,3.53858089447022,0.173113
2003-07-05,21.8769512176514,0.103016182780266,3.12055540084839,0.140123
2003-07-06,21.4764747619629,2.65059471130371,2.63061285018921,0.091292
2003-07-07,22.5468139648438,0.0190904978662729,3.64889883995056,0.073654
2003-07-08,22.8385772705078,0.71138471364975,2.89105987548828,0.044911
2003-07-09,22.5612030029297,1.19937407970428,2.57409858703613,0.039032
2003-07-10,21.9101257324219,0.400380223989487,1.57789838314056,0.028743
2003-07-11,23.8057460784912,4.39833450317383,2.23023343086243,0.024334
2003-07-12,23.8813934326172,2.53614211082459,2.37251615524292,0.039032
2003-07-13,22.9544887542725,1.45174717903137,2.28632140159607,0.039032
2003-07-14,22.6204071044922,3.5646026134491,2.25832867622376,0.044911
2003-07-15,22.2581520080566,8.05529975891113,1.45855975151062,0.082147
2003-07-16,22.0019779205322,9.70766925811768,1.85963499546051,0.284982
2003-07-17,22.5482730865479,13.43239402771,2.37903690338135,0.447806
2003-07-18,21.7185554504395,6.34597539901733,1.82938385009766,0.619775
2003-07-19,21.9252128601074,3.95326018333435,2.09179663658142,0.808893
2003-07-20,22.2956771850586,1.60307610034943,3.24323391914368,0.924029
2003-07-21,22.082498550415,2.48478078842163,2.42668557167053,0.725929
2003-07-22,22.8924522399902,0.907104253768921,3.51860761642456,0.519338
2003-07-23,22.6193237304688,2.09366917610168,2.49295020103455,0.447806
2003-07-24,22.5765590667725,2.31906223297119,2.48363280296326,0.379868
2003-07-25,23.1639614105225,4.3069748878479,2.39541101455689,0.255423
2003-07-26,22.9429512023926,5.50893259048462,2.93323373794556,0.236152
2003-07-27,22.4905738830566,3.1575288772583,2.92283916473389,0.217534
2003-07-28,22.4997825622559,3.03147268295288,2.89015984535217,0.181768
2003-07-29,22.2354736328125,2.20618486404419,2.81865644454956,0.133754
2003-07-30,22.0862350463867,2.03795671463013,2.75495076179504,0.091292
2003-07-31,21.9844741821289,2.07881450653076,2.84107279777527,0.073654
2003-08-01,21.7708950042725,1.64589953422546,2.89316034317017,0.05814
2003-08-02,21.9125595092773,1.7103157043457,2.58379602432251,0.05814
2003-08-03,22.219352722168,3.00353193283081,2.52232241630554,0.091292
2003-08-04,22.1103839874268,3.73714232444763,2.85105872154236,0.111217
2003-08-05,22.6700325012207,3.50724172592163,2.76518893241882,0.133754
2003-08-06,22.7452430725098,3.87742853164673,2.52900099754334,0.133754
2003-08-07,22.6182289123535,1.55276274681091,2.92810153961182,0.16462
2003-08-08,22.2259521484375,1.73194003105164,2.67018604278564,0.181768
2003-08-09,21.6405372619629,1.1036205291748,2.69565343856812,0.199406
2003-08-10,22.642333984375,0.949049592018127,2.86800336837769,0.208388
2003-08-11,23.070764541626,1.40155351161957,2.68747496604919,0.181768
2003-08-12,23.1315422058105,1.18982601165771,2.99768829345703,0.16462
2003-08-13,21.9615173339844,1.66917669773102,2.45363283157349,0.133754
2003-08-14,22.116849899292,5.71655941009522,1.92905378341675,0.111217
2003-08-15,22.7380332946777,2.51416373252869,2.93059873580933,0.091292
2003-08-16,23.7302360534668,2.05294561386108,3.12969923019409,0.091292
2003-08-17,25.0852298736572,0.65041720867157,3.55315661430359,0.073654
2003-08-18,24.8207187652588,0.611438810825348,3.55216693878174,0.073654
2003-08-19,23.1299781799316,4.25489711761475,2.72691988945007,0.111217
2003-08-20,22.8177814483643,2.90641641616821,3.02919030189514,0.199406
2003-08-21,22.9526882171631,3.08986496925354,2.7514967918396,0.255423
2003-08-22,23.5706653594971,4.37621593475342,2.64739155769348,0.295108
2003-08-23,23.1075000762939,2.58847665786743,3.28343367576599,0.33659
2003-08-24,22.7516460418701,2.00987434387207,2.95567512512207,0.33659
2003-08-25,23.1864433288574,3.05039525032043,2.71999382972717,0.315522
2003-08-26,24.2476406097412,1.18572759628296,3.53670334815979,0.27502
2003-08-27,24.695442199707,1.41899514198303,3.35155200958252,0.245787
2003-08-28,24.9206275939941,1.9979841709137,3.46950078010559,0.217534
2003-08-29,24.7501258850098,0.345947355031967,3.33082890510559,0.181768
2003-08-30,23.4289665222168,0.378714680671692,3.37833666801453,0.148126
2003-08-31,24.1722526550293,1.47735738754272,3.62453126907349,0.100928
2003-09-01,24.7152576446533,3.82497549057007,3.72077822685242,0.05814
2003-09-02,24.2610969543457,1.84900009632111,3.84119749069214,0.051281
2003-09-03,24.2652645111084,1.79851388931274,4.30479717254639,0.039032
2003-09-04,23.5168228149414,1.64767849445343,2.69553732872009,0.039032
2003-09-05,22.9942092895508,7.77118730545044,1.99212443828583,0.140123
2003-09-06,22.1484222412109,8.80978584289551,1.90675663948059,0.255423
2003-09-07,21.8914680480957,6.97003936767578,3.05885720252991,0.47116
2003-09-08,22.9457149505615,4.57478713989258,3.90047764778137,0.645742
2003-09-09,22.8720722198486,2.37813329696655,2.99515819549561,0.483082
2003-09-10,23.3714752197266,3.10510444641113,3.0726330280304,0.447806
2003-09-11,23.5204219818115,2.25967669487,3.46589779853821,0.581397
2003-09-12,23.3516807556152,0.165870189666748,4.0495343208313,0.658971
2003-09-13,23.5087223052979,0.312301844358444,4.01340770721436,0.459401
2003-09-14,22.9773025512695,0.385590642690659,3.3363573551178,0.255423
2003-09-15,24.3499031066895,1.12404024600983,4.25334453582764,0.181768
2003-09-16,23.367467880249,0.82724392414093,3.60233187675476,0.16462
2003-09-17,23.6299610137939,1.84336626529694,3.51211881637573,0.140123
2003-09-18,24.1502494812012,0.660016894340515,3.41811347007751,0.091292
2003-09-19,24.8693294525147,0.308008879423142,4.37101221084595,0.05814
2003-09-20,23.9863567352295,1.71696317195892,2.93587040901184,0.051281
2003-09-21,24.9535465240479,2.45475363731384,4.53170204162598,0.044911
2003-09-22,24.1429424285889,0.904342949390411,4.59535312652588,0.039032
2003-09-23,23.7619495391846,0.366455316543579,4.15211963653564,0.033643
2003-09-24,22.7147369384766,0.515519917011261,3.31349730491638,0.028743
2003-09-25,24.0880317687988,0.0686803460121155,5.0913290977478,0.024334
2003-09-26,24.7241630554199,0.104664787650108,4.87294149398804,0.024334
2003-09-27,26.3442802429199,0.0943411812186241,4.81251049041748,0.016821
2003-09-28,27.1614093780518,0.642064511775971,5.50997543334961,0.010942
2003-09-29,27.7201862335205,0.0478468611836433,5.41111993789673,0.010942
2003-09-30,27.9262866973877,1.87856960296631,5.36912250518799,0.008492
2003-10-01,27.6880970001221,3.59148955345154,5.20566749572754,0.008492
2003-10-02,25.8133277893066,1.5444712638855,4.4563684463501,0.006533
2003-10-03,25.5447101593018,2.79660177230835,4.44161462783814,0.006533
2003-10-04,26.1857376098633,0.654868423938751,5.14703941345215,0.006533
2003-10-05,25.181058883667,0.892850279808044,4.14831113815308,0.006533
2003-10-06,25.1350326538086,3.11856651306152,4.17609310150147,0.006533
2003-10-07,25.79612159729,1.42292213439941,4.83778715133667,0.010942
2003-10-08,26.1605529785156,0.117120243608952,4.86872148513794,0.013718
2003-10-09,26.3136405944824,0.0960396453738213,4.66326189041138,0.039032
2003-10-10,26.3368682861328,0.148163601756096,5.08257102966309,0.05814
2003-10-11,26.2516956329346,0.332379877567291,5.57960271835327,0.051281
2003-10-12,26.4021530151367,0.0061239181086421,5.36852169036865,0.024334
2003-10-13,26.4970626831055,0.36634224653244,5.76395654678345,0.008492
2003-10-14,24.8800411224365,2.20443320274353,3.16312003135681,0.00147
2003-10-15,22.5265102386475,14.649263381958,1.42349052429199,0.020414
2003-10-16,23.5661487579346,7.6325740814209,3.11323356628418,0.073654
2003-10-17,23.1165275573731,1.38757371902466,3.53079867362976,0.051281
2003-10-18,24.0439968109131,0.104853264987469,3.71640276908875,0.028743
2003-10-19,24.8395957946777,0.260920941829681,4.81106233596802,0.024334
2003-10-20,23.7314281463623,0.90489250421524,3.88110589981079,0.016821
2003-10-21,25.4276638031006,2.0037853717804,4.11245679855347,0.016821
2003-10-22,26.5352649688721,0.806614995002747,4.75077819824219,0.010942
2003-10-23,27.4198017120361,0.107141375541687,5.74251842498779,0.010942
2003-10-24,27.4593830108643,1.74290299415588,4.41583824157715,0.008492
2003-10-25,26.8499984741211,1.97453534603119,4.78804349899292,0.006533
2003-10-26,26.3222541809082,3.1541121006012,4.75724363327026,0.006533
2003-10-27,25.3033752441406,1.23008394241333,4.3575177192688,0.006533
2003-10-28,25.3889484405518,0.51223486661911,4.19778442382813,0.010942
2003-10-29,25.005407333374,2.18779587745667,4.16039991378784,0.010942
2003-10-30,26.3286476135254,0.770579338073731,4.88337278366089,0.010942
2003-10-31,25.6842098236084,0.196827873587608,4.34905576705933,0.006533
2003-11-01,26.5919895172119,0.117096930742264,5.85006713867188,0.006533
2003-11-02,27.920337677002,0.0636955425143242,4.6381368637085,0.006533
2003-11-03,27.5086002349854,5.18590545654297,3.15534043312073,0.008492
2003-11-04,22.4409561157227,28.0408229827881,0.813157916069031,0.024334
2003-11-05,22.8943347930908,22.9047737121582,1.83436989784241,0.051281
2003-11-06,23.6063232421875,6.37982749938965,2.8007698059082,0.073654
2003-11-07,24.647632598877,5.2238187789917,3.67888498306274,0.051281
2003-11-08,24.4511203765869,4.96666145324707,1.71754801273346,0.039032
2003-11-09,26.2859687805176,2.03091311454773,4.23978567123413,0.028743
2003-11-10,26.2193851470947,0.545931220054627,4.45429277420044,0.024334
2003-11-11,25.1366634368897,0.862966060638428,3.83010101318359,0.024334
2003-11-12,25.811939239502,2.10844230651855,4.16398429870605,0.024334
2003-11-13,25.5704193115234,2.42435956001282,4.00844812393189,0.016821
2003-11-14,27.1719474792481,0.783956587314606,4.94193172454834,0.016821
2003-11-15,26.4639911651611,0.605891883373261,4.02336740493774,0.016821
2003-11-16,26.2174739837647,1.79701375961304,3.87592077255249,0.013718
2003-11-17,26.4442195892334,2.84189820289612,4.29563236236572,0.010942
2003-11-18,27.0986232757568,2.01783895492554,4.56307315826416,0.008492
2003-11-19,25.771312713623,0.665481150150299,4.07380104064941,0.006533
2003-11-20,26.9465484619141,0.76626843214035,5.69057464599609,0.006533
2003-11-21,26.174596786499,1.21244812011719,4.37053203582764,0.006533
2003-11-22,26.1642532348633,3.74116826057434,3.99257349967957,0.006533
2003-11-23,25.9804039001465,1.95432841777802,4.04777050018311,0.006533
2003-11-24,25.7962627410889,0.750896453857422,4.6192216873169,0.006533
2003-11-25,26.4501953125,1.93747103214264,4.66877174377441,0.00343
2003-11-26,25.8309726715088,0.453161388635635,3.79187083244324,0.00147
2003-11-27,26.8862934112549,0.175482958555222,5.81862211227417,0.00147
2003-11-28,26.4808692932129,0.546914637088776,4.4418306350708,0.00147
2003-11-29,26.6638679504395,3.2419114112854,4.55610609054565,0.000817
2003-11-30,27.8727493286133,1.23231446743011,5.10833930969238,0.000817
2003-12-01,27.6402244567871,0.455266356468201,4.91486883163452,0.000817
2003-12-02,27.7677440643311,0.143164351582527,4.23552227020264,0.000327
2003-12-03,28.3252983093262,0.304913014173508,4.89463138580322,0.000327
2003-12-04,28.6038188934326,0.0712916553020477,5.02238082885742,0.000327
2003-12-05,28.1007442474365,0.175369381904602,4.0905237197876,0.000327
2003-12-06,28.5523929595947,0.028386177495122,5.54544544219971,0.000327
2003-12-07,28.7207641601563,0.0230479836463928,5.51353120803833,0.000327
2003-12-08,28.7506446838379,0.180628806352615,5.16416072845459,0.000327
2003-12-09,28.3137283325195,0.0506606474518776,5.79614353179932,0.000327
2003-12-10,28.0951404571533,0.0275556147098541,6.18707466125488,0.000327
2003-12-11,27.0621719360352,1.46065843105316,5.14333772659302,0.000327
2003-12-12,28.3926029205322,1.26833736896515,5.62189817428589,0.00147
2003-12-13,27.6128444671631,0.298409968614578,5.01834964752197,0.00147
2003-12-14,27.5374603271484,2.45250058174133,4.58245706558228,0.002286
2003-12-15,26.9316005706787,1.67885231971741,4.69169235229492,0.002286
2003-12-16,27.8011665344238,0.733941555023193,5.24734544754028,0.00147
2003-12-17,28.2252979278564,0.817283630371094,5.73699998855591,0.000327
2003-12-18,27.0736808776856,0.347378641366959,4.6729588508606,0.000327
2003-12-19,26.8165149688721,0.417991787195206,4.24369955062866,0.000163
2003-12-20,27.983455657959,1.00472211837769,5.70884037017822,0
2003-12-21,27.0199031829834,0.0493866167962551,5.80259037017822,0
2003-12-22,28.1442928314209,0.191894084215164,5.48894882202148,0
2003-12-23,29.193567276001,0.412212491035461,4.71449613571167,0
2003-12-24,28.8112564086914,0.705855250358582,5.78444957733154,0
2003-12-25,28.9536094665527,0.0272687524557114,5.41546583175659,0
2003-12-26,29.0734004974365,0.0769583284854889,5.74292659759522,0
2003-12-27,27.7153663635254,1.69459104537964,4.44185256958008,0
2003-12-28,28.1867237091064,3.7013521194458,4.91404342651367,0
2003-12-29,28.6293144226074,6.77505111694336,4.02479267120361,0
2003-12-30,27.8465824127197,6.27282667160034,4.33431434631348,0
2003-12-31,28.1329536437988,1.34041631221771,5.12160682678223,0
2004-01-01,26.8484878540039,0.174111366271973,4.58002471923828,0
2004-01-02,28.9551963806152,1.26607394218445,5.18516540527344,0
2004-01-03,28.7576103210449,0.0583501942455769,4.93510293960571,0
2004-01-04,29.1620616912842,0.100829564034939,5.8969316482544,0
2004-01-05,28.9645156860352,0.0686629414558411,5.95490455627441,0
2004-01-06,28.1938743591309,0.245405897498131,5.95404815673828,0
2004-01-07,27.4456462860107,1.24465644359589,4.56019115447998,0
2004-01-08,28.7891330718994,1.32018172740936,4.688551902771,0
2004-01-09,28.5241565704346,2.77536082267761,4.82566022872925,0
2004-01-10,29.2911777496338,2.01849603652954,4.77592325210571,0.000327
2004-01-11,29.3154487609863,4.99262285232544,4.14223003387451,0.000817
2004-01-12,27.5204048156738,17.1322460174561,3.26372337341309,0.00147
2004-01-13,28.459846496582,8.90517997741699,3.48801279067993,0.00147
2004-01-14,25.3277091979981,38.1934242248535,1.31715977191925,0.000327
2004-01-15,26.7837314605713,29.8198490142822,2.15386390686035,0.000327
2004-01-16,25.0631141662598,31.7934494018555,0.965737462043762,0.00343
2004-01-17,25.5334167480469,40.0699119567871,0.80802196264267,0.16462
2004-01-18,23.7195930480957,50.4590797424316,1.06060230731964,0.507089
2004-01-19,23.5930519104004,41.9343452453613,1.45138645172119,1.364159
2004-01-20,24.4921703338623,28.3465824127197,2.2193660736084,3.282605
2004-01-21,25.6878700256348,20.672176361084,2.99452042579651,1.838096
2004-01-22,26.1784248352051,8.04294109344482,3.30730748176575,1.121475
2004-01-23,26.488338470459,3.78216481208801,4.41610288619995,0.725929
2004-01-24,26.5255336761475,2.17244505882263,3.22091507911682,0.685428
2004-01-25,26.4409351348877,2.73768520355225,3.43508243560791,0.672199
2004-01-26,26.4455299377441,2.99596357345581,3.55796957015991,0.581397
2004-01-27,25.8878402709961,3.8277599811554,3.82291030883789,0.519338
2004-01-28,25.6611251831055,3.54325914382935,4.31126499176025,0.447806
2004-01-29,26.3528327941895,5.18645143508911,3.97872233390808,0.379868
2004-01-30,25.8930320739746,15.9940433502197,3.03409028053284,0.33659
2004-01-31,24.9526691436768,16.9967765808105,2.87912750244141,0.284982
2004-02-01,26.115629196167,11.3098297119141,3.65931367874146,0.315522
2004-02-02,25.9961605072022,5.66396284103394,4.62648105621338,0.402078
2004-02-03,26.2586612701416,0.730656683444977,4.4192156791687,0.357984
2004-02-04,25.4118614196777,2.205397605896,3.91530799865723,0.226843
2004-02-05,26.0169925689697,3.85082173347473,3.34285998344421,0.156291
2004-02-06,26.0240802764893,4.23590660095215,3.17359519004822,0.111217
2004-02-07,26.8433876037598,5.92118358612061,4.15553331375122,0.091292
2004-02-08,27.035436630249,9.86427307128906,3.08301281929016,0.073654
2004-02-09,27.1931533813477,4.25376892089844,5.00318574905396,0.073654
2004-02-10,26.4453926086426,1.75191879272461,5.33705711364746,0.051281
2004-02-11,26.0756702423096,1.08386182785034,3.96369934082031,0.039032
2004-02-12,26.6701354980469,0.963709592819214,5.05779409408569,0.033643
2004-02-13,26.7984485626221,0.598520457744598,4.70361328125,0.028743
2004-02-14,26.2528896331787,0.188863009214401,4.7250599861145,0.028743
2004-02-15,26.7689914703369,2.13635206222534,3.93690347671509,0.028743
2004-02-16,27.948881149292,0.860154926776886,4.84876251220703,0.028743
2004-02-17,27.3847599029541,0.522660374641419,4.63313293457031,0.016821
2004-02-18,27.5153903961182,0.785127699375153,5.25550413131714,0.010942
2004-02-19,25.9280395507813,2.82635831832886,3.80152201652527,0.010942
2004-02-20,26.3497543334961,1.45511138439178,3.57114553451538,0.008492
2004-02-21,26.3674221038818,1.28010439872742,4.00733375549316,0.008492
2004-02-22,26.5049667358398,1.36469376087189,4.41386222839355,0.008492
2004-02-23,26.9535388946533,0.401223570108414,4.47758674621582,0.008492
2004-02-24,26.8673782348633,0.335849195718765,4.41990804672241,0.008492
2004-02-25,27.6159210205078,0.36820524930954,4.69360256195068,0.010942
2004-02-26,27.0580081939697,1.22867858409882,4.21475791931152,0.013718
2004-02-27,26.8476600646973,0.0625935420393944,4.64353847503662,0.024334
2004-02-28,27.7175483703613,3.60879373550415,4.90271615982056,0.039032
2004-02-29,24.7545738220215,13.5743160247803,1.57073390483856,0.05814
2004-03-01,26.8590126037598,13.2520151138306,4.13016510009766,0.091292
2004-03-02,27.6742401123047,5.95953845977783,4.41147136688232,0.091292
2004-03-03,26.6795139312744,2.18763184547424,4.26706600189209,0.073654
2004-03-04,26.9945545196533,2.10713243484497,4.72417879104614,0.073654
2004-03-05,26.5833702087402,0.947848677635193,4.37034559249878,0.073654
2004-03-06,26.1962604522705,3.06266093254089,4.16698408126831,0.073654
2004-03-07,26.4666385650635,2.14673852920532,3.95752596855164,0.05814
2004-03-08,26.3130569458008,1.80468916893005,4.11328077316284,0.05814
2004-03-09,26.798547744751,2.00922131538391,4.06872034072876,0.065652
2004-03-10,27.1267051696777,2.25007557868958,4.13278198242188,0.091292
2004-03-11,26.6622524261475,3.80997633934021,3.79798626899719,0.111217
2004-03-12,26.3573207855225,2.99329853057861,3.03727841377258,0.133754
2004-03-13,26.0808353424072,4.3652081489563,1.98648083209991,0.091292
2004-03-14,26.4983234405518,9.15467357635498,3.19458293914795,0.091292
2004-03-15,26.8218879699707,3.89231038093567,4.21290063858032,0.073654
2004-03-16,27.5696487426758,1.94247651100159,4.44545745849609,0.065652
2004-03-17,27.6180438995361,0.706449925899506,4.46974515914917,0.051281
2004-03-18,28.6462154388428,0.000735384586732835,5.35753059387207,0.039032
2004-03-19,28.3439998626709,0.438031375408173,5.18194198608398,0.020414
2004-03-20,27.496696472168,0.0912947207689285,5.14524173736572,0.016821
2004-03-21,27.0256061553955,1.18289494514465,4.41931486129761,0.016821
2004-03-22,27.7574234008789,0.776144564151764,4.6482048034668,0.010942
2004-03-23,27.9948978424072,0.899465680122376,4.06550455093384,0.010942
2004-03-24,27.6848678588867,1.60939800739288,3.45217990875244,0.010942
2004-03-25,27.1908645629883,1.56865763664246,4.78348922729492,0.010942
2004-03-26,25.9662113189697,1.05799555778503,4.00570201873779,0.010942
2004-03-27,27.4832401275635,0.846454799175263,4.63800859451294,0.010942
2004-03-28,27.4165134429932,0.822321534156799,4.34186029434204,0.010942
2004-03-29,27.0962657928467,0.0450975820422173,4.99502182006836,0.010942
2004-03-30,26.3256893157959,0.809732973575592,3.92485046386719,0.008492
2004-03-31,27.1382350921631,0.699051916599274,4.00050735473633,0.006533
2004-04-01,27.1920928955078,1.28638434410095,3.82404375076294,0.006533
2004-04-02,27.3109874725342,0.461350679397583,4.26193284988403,0.006533
2004-04-03,27.6845207214356,0.427723854780197,4.44452571868897,0.006533
2004-04-04,27.8048458099365,0.214922308921814,4.83304834365845,0.006533
2004-04-05,27.7353420257568,0.125963643193245,5.12564039230347,0.004899
2004-04-06,27.9766464233398,0.0690798908472061,4.54088020324707,0.004899
2004-04-07,27.7957973480225,0.0829796716570854,4.19355058670044,0.006533
2004-04-08,27.2925453186035,3.22377562522888,3.63081502914429,0.006533
2004-04-09,28.2120952606201,0.90765905380249,4.41660928726196,0.006533
2004-04-10,27.2279071807861,0.299008369445801,3.94945430755615,0.006533
2004-04-11,28.3849811553955,0.278856337070465,4.25609683990479,0.006533
2004-04-12,27.7174682617188,1.00295770168304,3.73335242271423,0.008492
2004-04-13,27.1765213012695,4.35392713546753,3.81942129135132,0.008492
2004-04-14,26.1994476318359,7.82108402252197,2.61120414733887,0.008492
2004-04-15,27.0783386230469,2.49868488311768,4.36065578460693,0.008492
2004-04-16,26.4582633972168,1.56069898605347,3.87393999099731,0.008492
2004-04-17,27.1460838317871,2.38264632225037,3.62047863006592,0.006533
2004-04-18,26.8509979248047,1.74355137348175,3.85212588310242,0.006533
2004-04-19,26.8816890716553,1.3082377910614,3.86244893074036,0.004899
2004-04-20,27.1199913024902,1.48744416236877,4.1477484703064,0.004899
2004-04-21,25.4302845001221,0.37805849313736,3.59335374832153,0.004899
2004-04-22,26.7334270477295,2.22465634346008,3.75799584388733,0.006533
2004-04-23,25.9946327209473,2.56471109390259,2.82987117767334,0.013718
2004-04-24,26.0401973724365,4.14534425735474,3.15447235107422,0.016821
2004-04-25,26.4527568817139,1.92787027359009,3.54880118370056,0.016821
2004-04-26,26.9478263854981,1.89484393596649,4.31125450134277,0.016821
2004-04-27,26.2495269775391,2.68959093093872,2.67878651618958,0.010942
2004-04-28,25.6064586639404,8.48567581176758,2.54055738449097,0.016821
2004-04-29,24.6502494812012,17.615327835083,2.15584349632263,0.051281
2004-04-30,24.5368499755859,19.0418281555176,2.33678507804871,0.091292
2004-05-01,24.9635143280029,7.86745166778565,3.10302782058716,0.073654
2004-05-02,26.1004276275635,2.03577589988709,3.9931423664093,0.05814
2004-05-03,25.2818202972412,2.51878905296326,3.30823421478272,0.039032
2004-05-04,25.1560153961182,1.94735634326935,2.58293271064758,0.024334
2004-05-05,25.3179054260254,2.34966993331909,2.76343631744385,0.024334
2004-05-06,24.352388381958,2.04277873039246,2.91057848930359,0.033643
2004-05-07,26.0900650024414,1.86703634262085,3.46905016899109,0.039032
2004-05-08,25.0936794281006,1.47812378406525,2.93280506134033,0.039032
2004-05-09,25.2026901245117,1.37846863269806,3.57495021820068,0.033643
2004-05-10,24.581413269043,0.526698708534241,3.04456901550293,0.024334
2004-05-11,25.7787551879883,1.50575971603394,3.21660137176514,0.016821
2004-05-12,25.2736015319824,3.54737281799316,1.68345046043396,0.006533
2004-05-13,25.1524906158447,3.96919941902161,2.25834822654724,0.006533
2004-05-14,25.6513862609863,5.22747659683228,2.24896311759949,0.006533
2004-05-15,25.6623992919922,4.28543186187744,2.89693927764893,0.010942
2004-05-16,26.2419757843018,2.65092706680298,3.7491443157196,0.016821
2004-05-17,25.4953689575195,2.81624722480774,2.19907331466675,0.016821
2004-05-18,24.9260749816895,2.28025841712952,2.48778700828552,0.020414
2004-05-19,24.9237461090088,1.77961504459381,2.87342929840088,0.020414
2004-05-20,25.5938034057617,0.781526982784271,3.47486519813538,0.028743
2004-05-21,23.9052219390869,1.60552704334259,2.38522028923035,0.028743
2004-05-22,24.6385593414307,8.33973217010498,2.13934874534607,0.033643
2004-05-23,25.1251316070557,5.71333456039429,2.8693585395813,0.033643
2004-05-24,24.9596557617188,0.548153221607208,3.35725808143616,0.039032
2004-05-25,23.7274398803711,0.533835709095001,2.51887536048889,0.039032
2004-05-26,24.8177070617676,0.259866386651993,3.31569314002991,0.028743
2004-05-27,24.745096206665,0.119690142571926,3.68828630447388,0.024334
2004-05-28,24.5389652252197,1.45069622993469,2.71801328659058,0.024334
2004-05-29,24.3527946472168,1.74411833286285,2.05502080917358,0.020414
2004-05-30,24.5281219482422,2.34767889976501,2.30110621452332,0.016821
2004-05-31,24.7071762084961,1.57248616218567,2.79301857948303,0.016821
2004-06-01,23.4761142730713,1.35553157329559,2.28700566291809,0.028743
2004-06-02,23.7838802337647,1.51784574985504,1.42606770992279,0.039032
2004-06-03,24.3907222747803,1.25001311302185,2.79263758659363,0.051281
2004-06-04,24.1854858398438,0.753088891506195,2.56026124954224,0.039032
2004-06-05,24.7178516387939,1.02018201351166,3.24652695655823,0.039032
2004-06-06,25.1771659851074,2.11122155189514,2.13206958770752,0.039032
2004-06-07,24.8061218261719,5.5089168548584,2.4235851764679,0.051281
2004-06-08,24.5599575042725,7.30519580841065,2.10836291313171,0.133754
2004-06-09,24.3423728942871,3.90818881988525,2.79635190963745,0.16462
2004-06-10,23.6785373687744,4.38210535049439,2.11194062232971,0.16462
2004-06-11,23.9160842895508,2.72613096237183,2.9558470249176,0.122159
2004-06-12,24.4321823120117,1.04349756240845,3.33212471008301,0.073654
2004-06-13,22.9825897216797,1.80435681343079,2.72057104110718,0.05814
2004-06-14,23.2616958618164,1.95364594459534,2.52001595497131,0.039032
2004-06-15,23.504919052124,2.40311408042908,2.36359405517578,0.039032
2004-06-16,23.5146541595459,3.24168944358826,2.470299243927,0.033643
2004-06-17,24.3239879608154,1.7393079996109,3.03802967071533,0.028743
2004-06-18,23.6975345611572,1.48447561264038,2.4928765296936,0.028743
2004-06-19,23.4423561096191,2.02260851860046,2.41631531715393,0.024334
2004-06-20,23.8287334442139,3.05157351493835,2.6166524887085,0.024334
2004-06-21,23.8849010467529,2.42532348632813,2.86603164672852,0.028743
2004-06-22,23.494327545166,1.35424327850342,2.46148324012756,0.024334
2004-06-23,22.5419139862061,1.96295237541199,2.60426449775696,0.016821
2004-06-24,22.4465427398682,1.435995221138,2.47594475746155,0.016821
2004-06-25,22.7405967712402,1.42704880237579,2.8860490322113,0.016821
2004-06-26,23.8249835968018,0.44489923119545,2.94345450401306,0.028743
2004-06-27,23.6986217498779,3.57739353179932,2.48161792755127,0.039032
2004-06-28,23.2844467163086,3.87664318084717,2.59753632545471,0.051281
2004-06-29,23.4621963500977,2.55734539031982,3.45254373550415,0.051281
2004-06-30,23.3642692565918,1.79070818424225,1.56440007686615,0.05814
2004-07-01,23.3143997192383,2.03923416137695,2.25750589370728,0.051281
2004-07-02,23.4917945861816,3.47468638420105,2.34203386306763,0.044911
2004-07-03,23.3259830474854,2.13821506500244,3.24940633773804,0.039032
2004-07-04,23.674617767334,1.32231092453003,2.34375262260437,0.039032
2004-07-05,22.079553604126,3.40711259841919,0.54679661989212,0.039032
2004-07-06,23.3856182098389,1.50704085826874,1.58618152141571,0.028743
2004-07-07,23.4606952667236,2.55471873283386,2.65292954444885,0.024334
2004-07-08,23.4245491027832,0.806324541568756,2.02135181427002,0.024334
2004-07-09,24.025053024292,0.986819922924042,2.28996205329895,0.020414
2004-07-10,24.9478435516357,2.67608237266541,3.19590878486633,0.016821
2004-07-11,25.3300437927246,0.578136503696442,3.00098204612732,0.016821
2004-07-12,23.1358280181885,0.597927629947662,3.24618697166443,0.024334
2004-07-13,23.5240421295166,1.75094497203827,2.44987082481384,0.024334
2004-07-14,23.4810924530029,2.60261464118958,2.86036920547485,0.024334
2004-07-15,23.5613555908203,1.03066265583038,2.65492630004883,0.020414
2004-07-16,23.0251388549805,1.49226248264313,2.65965414047241,0.016821
2004-07-17,23.0628185272217,1.63737440109253,2.62432551383972,0.010942
2004-07-18,23.0230903625488,5.09505271911621,2.69269156455994,0.010942
2004-07-19,22.1430950164795,6.07770967483521,2.49566864967346,0.010942
2004-07-20,22.2903690338135,2.03389692306519,2.5725781917572,0.010942
2004-07-21,22.6380176544189,1.0469810962677,2.17989850044251,0.010942
2004-07-22,21.1603183746338,1.45867502689362,2.5656533241272,0.013718
2004-07-23,19.9658946990967,1.33721160888672,2.28979778289795,0.016821
2004-07-24,20.3331699371338,2.38777232170105,2.05157256126404,0.016821
2004-07-25,21.1021213531494,0.712997794151306,3.01302337646484,0.016821
2004-07-26,20.7554359436035,0.28779673576355,2.95684933662415,0.016821
2004-07-27,21.1649513244629,2.00572109222412,2.58912563323975,0.016821
2004-07-28,22.5612850189209,1.0173511505127,3.88825583457947,0.016821
2004-07-29,21.5454845428467,0.947496771812439,2.86629223823547,0.016821
2004-07-30,21.8957633972168,0.678002536296845,2.23396468162537,0.013718
2004-07-31,21.5637760162354,2.1438045501709,0.97822630405426,0.010942
2004-08-01,21.1751537322998,5.28629779815674,0.53394365310669,0.010942
2004-08-02,22.7984657287598,0.951580941677094,3.14419341087341,0.020414
2004-08-03,23.0242614746094,0.809528470039368,3.35069036483765,0.033643
2004-08-04,22.2948818206787,5.34562397003174,2.71740245819092,0.044911
2004-08-05,22.3191566467285,4.45884037017822,2.61887669563293,0.044911
2004-08-06,22.8969097137451,1.85914063453674,2.79955172538757,0.044911
2004-08-07,23.0418014526367,2.36864352226257,2.65915203094482,0.044911
2004-08-08,23.9935207366943,2.45125651359558,2.61158132553101,0.039032
2004-08-09,23.394510269165,2.67754817008972,3.11077857017517,0.039032
2004-08-10,22.0436038970947,2.81237077713013,2.35624051094055,0.039032
2004-08-11,21.2750968933105,2.44558763504028,2.84356117248535,0.033643
2004-08-12,20.5841770172119,0.846885085105896,2.67682600021362,0.028743
2004-08-13,20.1376914978027,1.2961767911911,2.88177299499512,0.024334
2004-08-14,20.3372611999512,0.830280065536499,2.22565221786499,0.024334
2004-08-15,21.3574256896973,1.01835596561432,2.73773097991943,0.024334
2004-08-16,22.1617584228516,0.980935990810394,2.94889807701111,0.020414
2004-08-17,22.330005645752,0.650124669075012,2.56137275695801,0.016821
2004-08-18,23.804256439209,0.656922101974487,3.11395072937012,0.016821
2004-08-19,24.1367740631104,0.897181153297424,2.79351758956909,0.016821
2004-08-20,23.6887264251709,1.67304039001465,3.18591928482056,0.024334
2004-08-21,23.3748607635498,1.68055617809296,2.53471350669861,0.024334
2004-08-22,23.491584777832,4.25531387329102,3.00379157066345,0.024334
2004-08-23,23.5641231536865,1.70477950572968,2.96871519088745,0.024334
2004-08-24,24.0819358825684,1.11306083202362,3.68965768814087,0.020414
2004-08-25,23.6439895629883,0.499159961938858,3.45146989822388,0.016821
2004-08-26,22.9807109832764,1.1132687330246,2.88910174369812,0.016821
2004-08-27,23.7398242950439,0.511268734931946,3.68466472625732,0.016821
2004-08-28,23.9458541870117,0.341344684362412,3.27673554420471,0.016821
2004-08-29,25.8747520446777,0.0244052652269602,4.39475345611572,0.010942
2004-08-30,25.8031101226807,0.0309694111347199,3.85513234138489,0.006533
2004-08-31,23.887659072876,0.626564621925354,3.2367696762085,0.006533
2004-09-01,24.5972728729248,0.890358746051788,4.28517484664917,0.006533
2004-09-02,24.5875015258789,0.371010273694992,4.0123438835144,0.004899
2004-09-03,24.4293632507324,0.523838818073273,4.76878690719605,0.004899
2004-09-04,23.5675182342529,0.315998584032059,4.81305456161499,0.004899
2004-09-05,23.1897296905518,0.165686547756195,3.6080641746521,0.004899
2004-09-06,23.3330459594727,0.334756374359131,3.77520823478699,0.00343
2004-09-07,23.0054798126221,1.29972064495087,3.35002636909485,0.002286
2004-09-08,22.7458152770996,0.305671244859695,2.96723461151123,0.00147
2004-09-09,23.6211090087891,0.858664870262146,3.26600360870361,0.00147
2004-09-10,23.548303604126,0.223905056715012,3.62983250617981,0.00147
2004-09-11,24.6548194885254,0.0984804779291153,4.31259393692017,0.00147
2004-09-12,23.6836757659912,0.962854743003845,3.74559712409973,0.00147
2004-09-13,24.224063873291,1.14406144618988,3.83137726783752,0.000817
2004-09-14,23.7805290222168,1.31106090545654,3.4578161239624,0.000817
2004-09-15,24.7288856506348,0.674778342247009,3.60689306259155,0.00147
2004-09-16,25.2142295837402,0.438909292221069,5.31152534484863,0.00147
2004-09-17,24.3308238983154,0.987430453300476,3.54228520393372,0.00147
2004-09-18,25.6710910797119,0.67429131269455,4.21120929718018,0.002286
2004-09-19,24.1495990753174,1.77865505218506,3.38999819755554,0.00343
2004-09-20,25.3167324066162,1.57979762554169,4.53159761428833,0.00343
2004-09-21,23.8592796325684,0.803376436233521,3.29864907264709,0.00343
2004-09-22,25.3315200805664,0.785253345966339,3.74251747131348,0.00343
2004-09-23,25.0927410125732,0.497503578662872,3.85414886474609,0.006533
2004-09-24,25.0553531646729,0.179129749536514,4.82445287704468,0.006533
2004-09-25,25.0643997192383,0.0819475501775742,3.94310855865479,0.008492
2004-09-26,24.7109241485596,0.562138795852661,3.86579275131226,0.008492
2004-09-27,24.6602535247803,2.23450517654419,3.55208778381348,0.008492
2004-09-28,24.7076282501221,2.70508503913879,3.1490318775177,0.008492
2004-09-29,24.4096488952637,0.947909832000732,3.5690393447876,0.008492
2004-09-30,25.4440956115723,0.320181727409363,4.82046365737915,0.008492
2004-10-01,25.1575088500977,0.920663595199585,4.13324069976807,0.008492
2004-10-02,24.942232131958,0.381922870874405,3.74660491943359,0.008492
2004-10-03,25.1435604095459,0.194396197795868,3.79810786247253,0.008492
2004-10-04,26.6816749572754,0.335778921842575,5.23156309127808,0.006533
2004-10-05,25.5985679626465,0.124415993690491,3.95078706741333,0.004899
2004-10-06,27.4047183990479,0.00719464244320989,4.75256633758545,0.00343
2004-10-07,27.7498092651367,0.48001229763031,3.09196829795837,0.00343
2004-10-08,27.0918998718262,5.00417041778565,3.45146584510803,0.00343
2004-10-09,26.5683288574219,8.01192283630371,3.57605028152466,0.00343
2004-10-10,27.3274192810059,0.919987440109253,5.00693798065186,0.002286
2004-10-11,27.7266521453857,0.139669314026833,5.47676992416382,0.002286
2004-10-12,27.2857322692871,0.00352559122256935,5.39246416091919,0.002286
2004-10-13,25.368579864502,0.100728489458561,3.95081758499146,0.006533
2004-10-14,26.6199455261231,0.868529260158539,4.33797073364258,0.010942
2004-10-15,26.1655311584473,1.36888027191162,4.33503341674805,0.010942
2004-10-16,26.2702007293701,1.1892397403717,4.6887640953064,0.010942
2004-10-17,26.1708641052246,0.119745038449764,4.80361270904541,0.013718
2004-10-18,26.0878410339356,0.0823028683662415,5.67944622039795,0.016821
2004-10-19,28.0765895843506,0.728973090648651,4.82552480697632,0.016821
2004-10-20,27.9350471496582,0.160686284303665,4.81886720657349,0.010942
2004-10-21,27.3580646514893,0.5914546251297,4.56976699829102,0.006533
2004-10-22,25.6982917785645,2.2084276676178,3.68107438087463,0.006533
2004-10-23,24.9865818023682,4.73690986633301,3.47495365142822,0.004899
2004-10-24,25.7065811157227,2.67589116096497,4.02934455871582,0.00343
2004-10-25,27.4028301239014,0.592796623706818,5.802321434021,0.00343
2004-10-26,27.625431060791,0.200431525707245,4.98388576507568,0.00343
2004-10-27,27.9386119842529,0.84795480966568,5.2118034362793,0.002286
2004-10-28,27.7242107391357,0.598559856414795,5.00808525085449,0.00147
2004-10-29,27.6971893310547,0.387542843818665,5.17983675003052,0.000817
2004-10-30,26.3746223449707,1.19604361057282,4.38727998733521,0.000327
2004-10-31,27.8179302215576,0.221014961600304,6.04855823516846,0.000327
2004-11-01,27.5601558685303,0.226750731468201,5.25971841812134,0.000327
2004-11-02,26.0719337463379,0.199452042579651,4.63341951370239,0.000327
2004-11-03,26.6811580657959,0.62678337097168,5.12529230117798,0.000327
2004-11-04,26.994987487793,1.17720782756805,5.03507804870606,0.000817
2004-11-05,26.2010040283203,3.38380885124207,4.19003343582153,0.00147
2004-11-06,26.9332389831543,1.74545538425446,4.41335821151733,0.00147
2004-11-07,28.133228302002,0.699938297271729,5.03737163543701,0.000817
2004-11-08,28.2445678710938,0.850504994392395,5.03476905822754,0.000817
2004-11-09,27.1190643310547,1.01793456077576,4.70617723464966,0.000327
2004-11-10,26.2303409576416,0.713909447193146,4.41322135925293,0.000327
2004-11-11,27.5383110046387,0.479768395423889,4.67402362823486,0.000327
2004-11-12,28.7342033386231,1.14978635311127,6.30844736099243,0.000327
2004-11-13,30.2504615783691,2.21490263356827e-05,6.54841136932373,0.000327
2004-11-14,29.465970993042,0.00462253391742706,5.7927885055542,0.000327
2004-11-15,28.6413192749023,0.0333030819892883,5.94727373123169,0.000327
2004-11-16,27.4875526428223,0.995855212211609,4.87880516052246,0.000327
2004-11-17,27.9778709411621,2.33842134475708,5.23025894165039,0.000327
2004-11-18,28.168327331543,0.854300498962402,5.97069549560547,0.000327
2004-11-19,30.1543674468994,0.187646746635437,5.82251787185669,0.000327
2004-11-20,31.0399990081787,0.810457706451416,5.75628042221069,0.000327
2004-11-21,28.0590476989746,7.81219959259033,3.00291299819946,0.000327
2004-11-22,26.6190814971924,14.0029201507568,2.65031147003174,0.000327
2004-11-23,24.8021755218506,17.2488136291504,1.80020344257355,0.00343
2004-11-24,24.1823177337647,15.0078945159912,1.43516540527344,0.016821
2004-11-25,23.5690727233887,8.86773109436035,2.00524520874023,0.016821
2004-11-26,24.8446388244629,2.62806415557861,4.23666334152222,0.016821
2004-11-27,26.3146591186523,1.71040570735931,4.36939001083374,0.008492
2004-11-28,26.6683483123779,1.02591037750244,3.67692351341248,0.006533
2004-11-29,27.1254615783691,0.0797139778733254,3.56183648109436,0.00343
2004-11-30,27.8266220092773,0.0477996803820133,5.29471063613892,0.00147
2004-12-01,28.4937019348145,0.213294953107834,5.4537467956543,0.000327
2004-12-02,25.9828758239746,2.51554083824158,4.06890392303467,0.000327
2004-12-03,27.7706813812256,3.05996203422546,5.53119277954102,0.000327
2004-12-04,27.8652114868164,0.856090247631073,5.95736312866211,0.000327
2004-12-05,26.6542148590088,0.463714241981506,4.35611486434937,0.000327
2004-12-06,26.7129745483398,0.149771094322205,5.15685987472534,0.000327
2004-12-07,27.1508541107178,0.0133049953728914,5.48582172393799,0
2004-12-08,27.7240161895752,0.343274295330048,4.98218154907227,0
2004-12-09,28.9331359863281,0.0349469669163227,5.58651351928711,0
2004-12-10,28.9256420135498,0.00246218149550259,5.45041990280151,0
2004-12-11,28.9163837432861,1.58157062530518,5.47817277908325,0
2004-12-12,29.4173183441162,0.961994290351868,4.89314365386963,0
2004-12-13,28.6543083190918,0.981447398662567,4.80453729629517,0
2004-12-14,27.6955680847168,0.476886749267578,4.54420566558838,0
2004-12-15,26.6195316314697,0.0873868092894554,4.83717966079712,0
2004-12-16,26.6613693237305,0.61490523815155,5.15376710891724,0
2004-12-17,26.3355922698975,0.57268100976944,5.41113758087158,0
2004-12-18,27.4696998596191,0.718178570270538,4.77695226669312,0
2004-12-19,28.5727100372315,0.165980368852615,5.14412784576416,0
2004-12-20,28.0816078186035,0.898420989513397,5.19874048233032,0
2004-12-21,29.0767822265625,1.63252294063568,5.81763410568237,0
2004-12-22,28.8804244995117,0.120890632271767,5.4980354309082,0
2004-12-23,28.7090377807617,0.165763407945633,6.02026796340942,0
2004-12-24,28.5574455261231,0.035145603120327,5.9561333656311,0
2004-12-25,28.2868938446045,0.930199086666107,4.87869167327881,0
2004-12-26,27.6383399963379,0.586798429489136,4.83134508132935,0
2004-12-27,27.7858009338379,0.47656324505806,5.88514137268066,0
2004-12-28,27.8289546966553,0.043020810931921,5.50351095199585,0
2004-12-29,29.1059665679932,0.00636668968945742,5.32932853698731,0
2004-12-30,28.3361892700195,0.266963243484497,4.59834623336792,0
2004-12-31,28.3313388824463,1.40199649333954,4.28253746032715,0
2005-01-01,28.9402084350586,1.31273376941681,4.92925786972046,0
2005-01-02,29.0546703338623,1.11194908618927,6.08589124679565,0
2005-01-03,28.4653491973877,0.930598556995392,5.4003267288208,0
2005-01-04,28.2349796295166,0.256404399871826,5.40040159225464,0.000327
2005-01-05,28.246524810791,0.0231433566659689,5.74503421783447,0.000327
2005-01-06,27.7402954101563,0.1778374761343,5.6917929649353,0.000327
2005-01-07,28.5517177581787,1.18464064598084,5.97378778457642,0.000327
2005-01-08,29.1708507537842,1.69451677799225,5.38853168487549,0.000327
2005-01-09,28.9051856994629,0.179893121123314,5.08658790588379,0
2005-01-10,29.4128170013428,0.6867635846138,5.31484699249268,0
2005-01-11,28.4589786529541,1.25291442871094,4.96441507339478,0
2005-01-12,29.7005367279053,0.541554272174835,5.59719514846802,0
2005-01-13,29.610387802124,4.03716802597046,5.04218721389771,0
2005-01-14,26.859956741333,27.6409244537354,2.8385956287384,0.000817
2005-01-15,28.0755710601807,10.8267316818237,4.84737491607666,0.008492
2005-01-16,28.3679180145264,1.34743392467499,5.11426782608032,0.033643
2005-01-17,27.3536605834961,0.869244635105133,4.69323825836182,0.024334
2005-01-18,28.546329498291,4.7601752281189,5.09935283660889,0.010942
2005-01-19,27.5443820953369,0.66302216053009,4.46164512634277,0.006533
2005-01-20,28.7849159240723,1.26440870761871,5.11605978012085,0.006533
2005-01-21,28.9979076385498,1.70891165733337,5.4343695640564,0.006533
2005-01-22,28.5990867614746,0.176805257797241,4.82916402816773,0.004899
2005-01-23,27.7405910491943,0.719139933586121,4.35824966430664,0.00343
2005-01-24,28.5595607757568,0.728295147418976,4.93106365203857,0.00343
2005-01-25,28.9425773620606,0.0526355132460594,5.61727857589722,0.073654
2005-01-26,30.267765045166,0.301558613777161,5.23551988601685,0.199406
2005-01-27,30.1688003540039,4.40137243270874,4.5430703163147,0.357984
2005-01-28,27.3150997161865,10.4389629364014,3.16394829750061,0.402078
2005-01-29,27.7950096130371,9.80025672912598,2.96437001228333,0.156291
2005-01-30,27.5003814697266,8.25214385986328,4.10846853256226,0.039032
2005-01-31,27.8008995056152,2.56440353393555,5.2476372718811,0.028743
2005-02-01,28.9806461334229,2.15205454826355,5.75430297851563,0.020414
2005-02-02,29.0861854553223,0.742688417434692,5.33500623703003,0.010942
2005-02-03,28.8474502563477,0.944067358970642,5.03146982192993,0.006533
2005-02-04,28.467399597168,1.65064442157745,5.23055839538574,0.004899
2005-02-05,28.5979557037354,0.586149096488953,5.12595891952515,0.002286
2005-02-06,27.8526382446289,2.18974423408508,4.53159999847412,0.00147
2005-02-07,27.478816986084,2.79710936546326,4.61311674118042,0.000327
2005-02-08,26.9095287322998,6.01798343658447,3.82169222831726,0.00147
2005-02-09,25.6154079437256,8.28313255310059,3.25936198234558,0.00343
2005-02-10,26.3335094451904,2.0758216381073,3.85817241668701,0.00343
2005-02-11,27.6024208068848,4.18967819213867,4.50452566146851,0.006533
2005-02-12,28.8106708526611,8.44372367858887,4.38553619384766,0.010942
2005-02-13,27.0810737609863,29.0239009857178,2.42538952827454,0.010942
2005-02-14,27.570671081543,18.9759941101074,3.60005831718445,0.016821
2005-02-15,25.7408504486084,10.7731142044067,1.46825242042542,0.016821
2005-02-16,26.9653720855713,16.3924026489258,2.97373056411743,0.028743
2005-02-17,26.9270496368408,18.148265838623,3.70804953575134,0.016821
2005-02-18,27.5558834075928,2.45771551132202,4.61918210983276,0.016821
2005-02-19,26.3311824798584,1.73687899112701,4.23627710342407,0.028743
2005-02-20,27.3133907318115,0.943829774856567,5.03364276885986,0.051281
2005-02-21,26.55078125,4.01763439178467,2.87023067474365,0.091292
2005-02-22,26.1177387237549,9.3757209777832,2.82520890235901,0.122159
2005-02-23,26.7330493927002,19.7471389770508,3.11387777328491,0.133754
2005-02-24,27.3514194488525,10.3296670913696,4.05496692657471,0.073654
2005-02-25,27.7360534667969,3.09867763519287,4.4964451789856,0.044911
2005-02-26,27.4390258789063,1.74966907501221,4.44804096221924,0.024334
2005-02-27,27.8767738342285,0.314685761928558,4.72839879989624,0.010942
2005-02-28,27.9944953918457,0.220023915171623,4.97878170013428,0.00343
2005-03-01,27.8688087463379,0.0125437509268522,4.54634666442871,0.00343
2005-03-02,28.0513496398926,0.274694263935089,4.65997695922852,0.00147
2005-03-03,27.9734020233154,0.175028413534164,5.20595359802246,0.00147
2005-03-04,27.3268241882324,0.915724813938141,4.37507152557373,0.00147
2005-03-05,27.6662273406982,1.66874945163727,4.20377635955811,0.00147
2005-03-06,28.6272716522217,1.99596583843231,4.94150447845459,0.00147
2005-03-07,28.3059673309326,0.849075436592102,5.01745796203613,0.00147
2005-03-08,28.1428508758545,0.14395946264267,5.15265560150147,0.000327
2005-03-09,27.814115524292,0.428437173366547,4.157639503479,0.000327
2005-03-10,27.6766319274902,0.293617874383926,3.34452271461487,0.000327
2005-03-11,28.525318145752,1.26128125190735,4.77084255218506,0.000327
2005-03-12,28.7697010040283,4.69861125946045,4.08654928207397,0.000327
2005-03-13,28.6158447265625,15.0639314651489,3.93258380889893,0.000327
2005-03-14,27.8966369628906,10.5475959777832,4.16400337219238,0.000327
2005-03-15,27.6535739898682,4.81265926361084,3.95439100265503,0.000327
2005-03-16,27.1349334716797,4.16142272949219,4.06627130508423,0.000327
2005-03-17,27.3292846679688,3.34154582023621,3.83065915107727,0.000327
2005-03-18,27.658655166626,3.00805354118347,4.09253454208374,0.000327
2005-03-19,27.9522857666016,1.81814992427826,4.43757390975952,0.000163
2005-03-20,28.937427520752,0.747600674629211,4.70509910583496,0.000163
2005-03-21,28.2691421508789,0.953380286693573,3.24537420272827,0.000163
2005-03-22,27.4721736907959,4.0964183807373,4.510826587677,0.000327
2005-03-23,27.5059394836426,2.61485409736633,4.29526948928833,0.00343
2005-03-24,27.5914916992188,1.9592627286911,3.83779835700989,0.024334
2005-03-25,28.1197605133057,1.76229071617126,4.07499122619629,0.073654
2005-03-26,27.1288928985596,4.01593446731567,3.31964445114136,0.16462
2005-03-27,26.8770751953125,7.62241411209106,3.50155234336853,0.091292
2005-03-28,26.7457790374756,9.16323471069336,2.95518112182617,0.044911
2005-03-29,25.7316360473633,15.1481246948242,2.46262335777283,0.010942
2005-03-30,25.6326351165772,25.4681606292725,2.57439684867859,0.00343
2005-03-31,26.4159908294678,14.5778684616089,3.45681381225586,0.00343
2005-04-01,25.9276275634766,4.17502927780151,2.61463832855225,0.00343
2005-04-02,26.5495738983154,4.94835424423218,3.58056569099426,0.00343
2005-04-03,26.0879802703857,4.53782081604004,2.95097637176514,0.00343
2005-04-04,26.3761825561523,2.13303446769714,3.95225358009338,0.006533
2005-04-05,26.463306427002,2.26627063751221,3.72963738441467,0.006533
2005-04-06,26.4090805053711,5.28438901901245,2.62706232070923,0.010942
2005-04-07,27.1614627838135,2.36553978919983,3.95174503326416,0.016821
2005-04-08,26.1980571746826,1.3944057226181,4.03439903259277,0.016821
2005-04-09,27.0823364257813,2.54092621803284,4.22308778762817,0.016821
2005-04-10,26.5540504455566,3.68309688568115,2.69649815559387,0.016821
2005-04-11,27.1246032714844,6.35678434371948,4.0264368057251,0.010942
2005-04-12,25.9936084747315,2.56189227104187,2.44025897979736,0.006533
2005-04-13,25.8109264373779,3.49192523956299,2.19984745979309,0.006533
2005-04-14,26.0816879272461,6.30975151062012,3.0120735168457,0.016821
2005-04-15,25.9515991210938,5.09077835083008,2.44549798965454,0.033643
2005-04-16,26.099910736084,7.73399639129639,3.37070727348328,0.039032
2005-04-17,26.20631980896,4.62905836105347,2.90798568725586,0.028743
2005-04-18,26.0576915740967,3.05427503585815,3.18177509307861,0.016821
2005-04-19,25.5377864837647,2.08772587776184,3.12302565574646,0.006533
2005-04-20,25.8731708526611,2.16219162940979,2.71702909469605,0.004899
2005-04-21,26.1264953613281,3.35788822174072,3.660395860672,0.004899
2005-04-22,26.4682369232178,1.19954800605774,4.1475396156311,0.00343
2005-04-23,26.0738735198975,0.0532229244709015,4.32988739013672,0.002286
2005-04-24,26.1891860961914,0.227110296487808,3.1833074092865,0.002286
2005-04-25,26.302001953125,1.93063616752625,3.30266904830933,0.002286
2005-04-26,26.1400547027588,1.17998814582825,4.22072505950928,0.00343
2005-04-27,26.8182926177979,0.844860017299652,3.87510323524475,0.004899
2005-04-28,26.1609134674072,1.08024430274963,1.94738852977753,0.004899
2005-04-29,26.4084987640381,3.61198282241821,2.6785900592804,0.004899
2005-04-30,26.5591850280762,3.86434388160706,2.95909237861633,0.004899
2005-05-01,26.7338562011719,4.53437042236328,3.36977982521057,0.010942
2005-05-02,23.0269165039063,14.3784046173096,0.72791975736618,0.05814
2005-05-03,23.5655937194824,9.10378837585449,2.29826927185059,0.173113
2005-05-04,24.1615829467773,2.86649799346924,2.49627757072449,0.315522
2005-05-05,23.8691749572754,2.59097051620483,2.4509539604187,0.357984
2005-05-06,23.94358253479,2.71864461898804,2.86777186393738,0.357984
2005-05-07,25.2085647583008,0.893491506576538,3.23527359962463,0.315522
2005-05-08,24.4220790863037,0.719759285449982,1.63354349136353,0.27502
2005-05-09,24.4717445373535,4.03859329223633,1.87599444389343,0.255423
2005-05-10,25.1408882141113,6.5686845779419,2.61294150352478,0.255423
2005-05-11,25.7881011962891,4.30755281448364,3.78275179862976,0.255423
2005-05-12,24.9830455780029,3.91227698326111,2.3814058303833,0.236152
2005-05-13,25.3154296875,5.05993556976318,2.46537804603577,0.236152
2005-05-14,25.4087257385254,4.84638071060181,2.77464890480042,0.236152
2005-05-15,25.2080364227295,3.37495756149292,2.96584463119507,0.226843
2005-05-16,25.2186088562012,3.94935393333435,2.26778101921082,0.199406
2005-05-17,24.8366775512695,4.12978219985962,2.46157813072205,0.16462
2005-05-18,25.3650341033936,2.91480422019959,3.07368111610413,0.16462
2005-05-19,24.2126426696777,0.0201247222721577,3.53380227088928,0.133754
2005-05-20,24.2966575622559,0.530259609222412,3.42726969718933,0.091292
2005-05-21,25.1434383392334,0.666522562503815,2.76578688621521,0.091292
2005-05-22,25.9395236968994,0.570454120635986,2.614013671875,0.082147
2005-05-23,26.4532299041748,1.09249794483185,2.70280694961548,0.05814
2005-05-24,26.9634914398193,1.75160992145538,3.05837488174439,0.044911
2005-05-25,27.0422668457031,1.59009063243866,3.20236825942993,0.028743
2005-05-26,26.8225383758545,0.569105267524719,3.17916870117188,0.013718
2005-05-27,26.8042755126953,1.93120110034943,3.07157349586487,0.010942
2005-05-28,25.6822376251221,2.8469922542572,3.16366529464722,0.010942
2005-05-29,24.3546009063721,3.50684785842896,2.52220940589905,0.010942
2005-05-30,24.2213230133057,2.74085116386414,2.26123833656311,0.016821
2005-05-31,24.7101993560791,2.04281878471375,2.35003066062927,0.024334
2005-06-01,24.7863864898682,6.00153350830078,2.31840229034424,0.028743
2005-06-02,23.9219532012939,6.03832483291626,2.69679951667786,0.051281
2005-06-03,23.865255355835,4.90506982803345,2.01588606834412,0.111217
2005-06-04,23.6723976135254,7.18581962585449,1.72997891902924,0.148126
2005-06-05,23.7311820983887,6.06385612487793,2.06968712806702,0.199406
2005-06-06,23.7662296295166,4.79554271697998,2.31212162971497,0.295108
2005-06-07,23.3414497375488,5.76399993896484,2.15282845497131,0.315522
2005-06-08,23.7417984008789,4.23000621795654,2.26391363143921,0.413347
2005-06-09,23.2576103210449,5.8005108833313,2.64649820327759,0.424779
2005-06-10,23.3800430297852,1.71581363677979,2.84362483024597,0.424779
2005-06-11,23.7711086273193,3.4786365032196,2.34069633483887,0.447806
2005-06-12,23.1850643157959,2.75630974769592,1.94531679153442,0.447806
2005-06-13,23.6560707092285,3.39752697944641,2.61626982688904,0.447806
2005-06-14,24.494592666626,4.0108323097229,2.06156396865845,0.47116
2005-06-15,24.4129734039307,2.43410301208496,2.94136142730713,0.47116
2005-06-16,23.7965393066406,2.84548497200012,2.07488751411438,0.47116
2005-06-17,22.2164840698242,2.12927412986755,2.59105587005615,0.424779
2005-06-18,23.2567405700684,1.10677456855774,2.73931694030762,0.325974
2005-06-19,24.6943206787109,1.60877573490143,3.02285480499268,0.226843
2005-06-20,25.0347995758057,0.348589599132538,2.4601047039032,0.190587
2005-06-21,25.3498115539551,1.30011546611786,2.74822211265564,0.16462
2005-06-22,24.0430850982666,6.80485153198242,2.07347249984741,0.16462
2005-06-23,22.908390045166,7.40349006652832,1.62065970897675,0.199406
2005-06-24,22.9804039001465,10.2970428466797,1.63658356666565,0.236152
2005-06-25,23.3882026672363,7.43611431121826,1.6057767868042,0.305233
2005-06-26,23.5567150115967,5.86513519287109,2.17087626457214,0.315522
2005-06-27,23.5800933837891,5.90658473968506,2.07723522186279,0.315522
2005-06-28,23.9041805267334,4.81152200698853,2.43791842460632,0.27502
2005-06-29,22.9659194946289,5.59319400787354,2.19706869125366,0.226843
2005-06-30,22.2787494659424,3.66627907752991,2.51699090003967,0.181768
2005-07-01,23.3556385040283,2.15372657775879,2.48364853858948,0.16462
2005-07-02,23.6249237060547,1.96184384822845,2.65425705909729,0.122159
2005-07-03,23.6235599517822,3.36666798591614,2.58174514770508,0.111217
2005-07-04,23.1088314056397,0.876481473445892,3.18042993545532,0.111217
2005-07-05,22.0324764251709,0.673524022102356,1.15741682052612,0.073654
2005-07-06,22.7471256256104,3.38181710243225,2.07484126091003,0.073654
2005-07-07,23.1921520233154,2.21687531471252,1.287144780159,0.091292
2005-07-08,22.5352325439453,7.35467767715454,1.8097437620163,0.255423
2005-07-09,19.557056427002,5.85510110855103,0.860897123813629,0.725929
2005-07-10,21.3974857330322,3.43462133407593,2.25023126602173,0.826531
2005-07-11,22.0497913360596,4.11925458908081,2.17572355270386,1.232528
2005-07-12,21.5736274719238,7.25176382064819,1.63978338241577,1.565688
2005-07-13,21.6841678619385,5.53632402420044,2.8666512966156,1.621052
2005-07-14,20.4533538818359,13.1285877227783,0.657124817371368,1.43961
2005-07-15,21.9238109588623,11.5472259521484,2.65168571472168,1.232528
2005-07-16,21.8607616424561,2.25327658653259,2.3834183216095,0.975636
2005-07-17,22.5766353607178,2.10251092910767,2.7136287689209,0.826531
2005-07-18,22.3699340820313,0.0164358783513308,3.46715497970581,0.582213
2005-07-19,21.5416641235352,2.14211058616638,1.33255064487457,0.437681
2005-07-20,23.1741104125977,6.42386817932129,1.14512407779694,0.32924
2005-07-21,22.816047668457,3.46771287918091,3.07909846305847,0.251013
2005-07-22,22.2412338256836,2.02081036567688,2.72757649421692,0.232722
2005-07-23,22.6582889556885,4.14326858520508,2.69321775436401,0.214921
2005-07-24,22.7079219818115,4.30001258850098,2.46392297744751,0.19761
2005-07-25,22.6310844421387,1.4674437046051,3.24907445907593,0.189117
2005-07-26,22.0368995666504,1.14138185977936,2.71269845962524,0.149105
2005-07-27,22.5015964508057,2.08040404319763,2.48349213600159,0.105991
2005-07-28,22.9129428863525,1.7645251750946,3.01108407974243,0.074308
2005-07-29,22.3122177124023,2.26606035232544,2.37371277809143,0.057323
2005-07-30,22.5683250427246,4.36384153366089,2.39823436737061,0.037399
2005-07-31,22.0654678344727,2.31884026527405,3.29180932044983,0.028743
2005-08-01,22.2711486816406,1.47526872158051,3.08235096931458,0.020904
2005-08-02,21.810718536377,1.06436157226563,2.67935061454773,0.020904
2005-08-03,22.2305850982666,2.42268896102905,2.56831455230713,0.020904
2005-08-04,22.2958126068115,3.57505941390991,2.5234158039093,0.017311
2005-08-05,22.5488567352295,2.12986016273499,2.92397379875183,0.013718
2005-08-06,21.8241939544678,4.79746294021606,2.0322961807251,0.013718
2005-08-07,22.1965847015381,5.10780048370361,1.97191441059113,0.013718
2005-08-08,21.8341751098633,3.74967908859253,2.83572387695313,0.013718
2005-08-09,22.0048942565918,2.80042052268982,2.40442156791687,0.013718
2005-08-10,22.8244438171387,3.7555410861969,2.85462164878845,0.005879
2005-08-11,23.3413028717041,0.841150939464569,3.23522639274597,0.004083
2005-08-12,23.5170783996582,1.43632531166077,2.67417335510254,0.004083
2005-08-13,22.8752765655518,2.65357351303101,2.98902225494385,0.005879
2005-08-14,23.1756687164307,0.736126124858856,3.22745513916016,0.008002
2005-08-15,23.4061126708984,2.11155104637146,2.18607783317566,0.013718
2005-08-16,23.611026763916,2.59775018692017,3.42627120018005,0.013718
2005-08-17,22.3126430511475,2.80176854133606,2.42645239830017,0.013718
2005-08-18,22.6608428955078,2.52799510955811,3.29558372497559,0.013718
2005-08-19,22.7910270690918,1.53871321678162,2.78094863891602,0.008002
2005-08-20,22.5308074951172,2.3438093662262,3.23441338539124,0.008002
2005-08-21,23.2543621063232,0.758141160011292,3.58168530464172,0.005879
2005-08-22,22.4923400878906,0.676517903804779,2.6737174987793,0.005879
2005-08-23,21.7428684234619,0.956493198871613,2.84832811355591,0.002613
2005-08-24,23.2126426696777,1.12066793441772,3.61388301849365,0.002613
2005-08-25,22.3948516845703,0.199115753173828,3.78998446464539,0.00147
2005-08-26,22.0663776397705,0.225342959165573,3.23239827156067,0.000327
2005-08-27,22.2783679962158,0.242571130394936,3.026447057724,0
2005-08-28,23.173641204834,2.05233931541443,3.12912535667419,0
2005-08-29,24.4555511474609,1.24186551570892,3.43928861618042,0
2005-08-30,24.7705173492432,1.01067721843719,3.67769479751587,0
2005-08-31,23.9563713073731,0.115021385252476,3.70020341873169,0
2005-09-01,23.8172740936279,0.23649662733078,3.80757832527161,0
2005-09-02,24.3782062530518,0.343477070331574,3.54564142227173,0
2005-09-03,24.4248676300049,1.56485867500305,3.72930502891541,0
2005-09-04,24.2806053161621,0.488988965749741,3.72507929801941,0
2005-09-05,24.3142204284668,0.500449657440186,4.05258083343506,0
2005-09-06,23.7358360290527,0.255980670452118,3.20973229408264,0
2005-09-07,24.8791770935059,0.626696884632111,4.00491380691528,0.000327
2005-09-08,25.1709880828857,0.233319699764252,4.21967363357544,0.002613
2005-09-09,24.7004489898682,0.181993037462235,4.13784742355347,0.020904
2005-09-10,24.0048809051514,1.09623038768768,3.82057976722717,0.032989
2005-09-11,24.2575416564941,1.24850928783417,3.61478519439697,0.037399
2005-09-12,23.8910026550293,3.84035515785217,3.37944555282593,0.02466
2005-09-13,24.7048091888428,1.83239603042603,4.01742553710938,0.010615
2005-09-14,23.5829677581787,1.36422634124756,4.03476047515869,0.004083
2005-09-15,23.6416931152344,2.05329203605652,3.19962072372437,0.000817
2005-09-16,23.5330638885498,1.25410223007202,3.26986265182495,0
2005-09-17,23.6888370513916,0.862608730792999,3.58188223838806,0
2005-09-18,23.524299621582,0.565730154514313,3.61160635948181,0
2005-09-19,23.7856731414795,0.53619521856308,3.45131683349609,0
2005-09-20,25.5754871368408,0.196354135870934,3.38673901557922,0
2005-09-21,26.8501033782959,0.037579819560051,5.07208871841431,0
2005-09-22,25.7631397247314,0.172609388828278,2.82434964179993,0
2005-09-23,25.1654815673828,1.04988288879395,3.58339500427246,0
2005-09-24,25.7925662994385,1.04641103744507,4.95421171188355,0
2005-09-25,26.6926097869873,0.144617080688477,4.75317001342773,0
2005-09-26,26.9008388519287,0.00975430477410555,4.9666895866394,0
2005-09-27,26.2323246002197,0.260013222694397,4.07803106307983,0
2005-09-28,26.3263549804688,0.495544731616974,4.823157787323,0
2005-09-29,24.638822555542,3.05618381500244,3.66274380683899,0
2005-09-30,25.495454788208,1.83647751808167,4.25541830062866,0
2005-10-01,25.7171039581299,1.91998302936554,4.14849948883057,0
2005-10-02,25.076208114624,1.19601821899414,3.663494348526,0
2005-10-03,25.4079990386963,1.50523793697357,3.79238629341126,0
2005-10-04,26.2305030822754,1.8295511007309,4.62368297576904,0
2005-10-05,26.3482456207275,1.53916275501251,4.76462602615356,0
2005-10-06,26.7098140716553,0.668399691581726,4.85129499435425,0
2005-10-07,25.5947017669678,1.05092298984528,4.18348407745361,0
2005-10-08,26.0046501159668,0.225773930549622,4.52613687515259,0
2005-10-09,25.0552864074707,0.635098159313202,4.11031293869019,0
2005-10-10,24.603235244751,0.566170275211334,3.39296245574951,0
2005-10-11,26.0206432342529,0.133810296654701,5.23336124420166,0
2005-10-12,25.2796840667725,0.30178028345108,4.24694490432739,0
2005-10-13,27.3637828826904,0.241384655237198,5.90685319900513,0
2005-10-14,26.1499328613281,0.938390374183655,4.45753479003906,0
2005-10-15,27.2287425994873,0.295816957950592,5.40725183486939,0
2005-10-16,24.3381366729736,0.306447803974152,3.91571402549744,0
2005-10-17,26.3044910430908,0.378291189670563,4.76814031600952,0
2005-10-18,27.5207500457764,0.0279289465397596,5.72925186157227,0
2005-10-19,27.0794544219971,0.219342470169067,5.9553484916687,0
2005-10-20,26.7558937072754,0.0134872179478407,5.52973747253418,0
2005-10-21,26.0100402832031,0.592623293399811,4.67922067642212,0
2005-10-22,26.6024856567383,0.933903396129608,4.63214349746704,0
2005-10-23,27.5620021820068,0.536192297935486,6.14432525634766,0
2005-10-24,27.6459407806397,0.11187644302845,5.98104810714722,0
2005-10-25,26.691385269165,0.172817587852478,5.97041416168213,0
2005-10-26,27.3489074707031,0.594302177429199,5.67946672439575,0
2005-10-27,28.6598834991455,0.6930011510849,5.04468536376953,0
2005-10-28,28.5691337585449,0.116671986877918,5.63821506500244,0
2005-10-29,29.5592403411865,0.00151093385647982,6.11378765106201,0
2005-10-30,29.921314239502,0.749929785728455,5.73496150970459,0
2005-10-31,28.6611270904541,0.367396295070648,4.77739858627319,0
2005-11-01,28.8456497192383,0.237109914422035,6.52127075195313,0
2005-11-02,28.0911197662354,0.323171317577362,5.75743436813355,0
2005-11-03,27.713752746582,0.520181596279144,5.39282560348511,0
2005-11-04,27.513708114624,0.138336554169655,5.6047248840332,0
2005-11-05,27.9014377593994,0.130030080676079,6.60326671600342,0
2005-11-06,26.6847591400147,0.446238607168198,6.34710884094238,0
2005-11-07,26.8752613067627,0,6.35155963897705,0
2005-11-08,27.4966011047363,0.243942305445671,5.68061017990112,0
2005-11-09,28.4574031829834,0.101413637399673,5.62811279296875,0
2005-11-10,28.2289619445801,0.0185075253248215,5.21122741699219,0
2005-11-11,27.6909942626953,0.0242100153118372,5.85782432556152,0
2005-11-12,27.6380882263184,0.122542776167393,4.37115907669067,0
2005-11-13,26.4527912139893,2.68539547920227,3.21019244194031,0
2005-11-14,25.1609420776367,4.88036251068115,2.31349587440491,0
2005-11-15,24.990213394165,9.2165641784668,2.45913219451904,0
2005-11-16,27.1427116394043,3.36427044868469,5.67124223709106,0
2005-11-17,27.6778316497803,0.523361086845398,5.82588005065918,0
2005-11-18,26.5592746734619,0.344298839569092,5.89858245849609,0
2005-11-19,26.6706809997559,0.00768769579008222,5.91056632995606,0
2005-11-20,26.7931900024414,0.0401159934699535,5.91532897949219,0
2005-11-21,28.6220054626465,0.730944931507111,6.0083589553833,0
2005-11-22,28.5412445068359,0.196592703461647,5.74679613113403,0
2005-11-23,28.1363792419434,0.167775616049767,5.21670532226563,0
2005-11-24,27.8112564086914,1.99987745285034,4.63447570800781,0
2005-11-25,27.178825378418,6.38018989562988,2.9039306640625,0
2005-11-26,27.1166076660156,4.29498529434204,4.35933589935303,0
2005-11-27,27.6145191192627,2.69482398033142,3.67772912979126,0
2005-11-28,26.4718189239502,7.34251546859741,3.66837882995605,0
2005-11-29,27.0670032501221,2.84470796585083,5.0175952911377,0
2005-11-30,27.428129196167,2.75923538208008,4.96878528594971,0
2005-12-01,27.1892032623291,2.05643391609192,4.70799207687378,0
2005-12-02,28.0742664337158,0.148814037442207,4.33200263977051,0
2005-12-03,27.8218803405762,1.90547406673431,5.56964826583862,0
2005-12-04,24.698808670044,0.976846516132355,2.19502329826355,0
2005-12-05,24.6350231170654,3.86817836761475,2.3519561290741,0
2005-12-06,26.6071720123291,2.44771337509155,4.41100692749023,0
2005-12-07,28.5162925720215,6.72488451004028,4.76369571685791,0
2005-12-08,26.9052486419678,20.7397518157959,3.34864592552185,0.000327
2005-12-09,27.8831462860107,8.05745315551758,5.0715913772583,0.002613
2005-12-10,27.1112499237061,2.22575330734253,4.63693857192993,0.000817
2005-12-11,26.9741172790527,2.24670004844666,4.99387454986572,0
2005-12-12,27.211051940918,3.22128391265869,4.44941806793213,0
2005-12-13,27.0150985717773,1.2001428604126,4.09215641021729,0
2005-12-14,28.2095451354981,1.21929585933685,5.6597785949707,0
2005-12-15,28.162504196167,0.196210116147995,5.27760219573975,0
2005-12-16,28.8419456481934,0.140868932008743,5.72540855407715,0
2005-12-17,27.9463443756104,0.0767074450850487,5.09191560745239,0
2005-12-18,27.4770393371582,0.958059906959534,4.45533323287964,0
2005-12-19,28.0394725799561,1.03456318378448,5.76070356369019,0
2005-12-20,28.0418453216553,1.12750673294067,5.34378719329834,0
2005-12-21,26.4900741577148,0.537867605686188,4.64663791656494,0
2005-12-22,27.0794315338135,0.304726392030716,5.29108428955078,0
2005-12-23,26.6144676208496,0.380704283714294,4.77656650543213,0
2005-12-24,26.6630630493164,1.08692240715027,4.00566148757935,0
2005-12-25,27.1241073608398,0.133974179625511,4.33102560043335,0
2005-12-26,27.2723751068115,0.190885171294212,5.18277263641357,0
2005-12-27,26.9551486968994,0.0123494071885943,5.19000005722046,0
2005-12-28,27.3508853912354,0.458272099494934,4.9760046005249,0
2005-12-29,28.4693756103516,0.935014188289642,5.91554021835327,0
2005-12-30,27.4576358795166,0.724517464637756,4.29647827148438,0
2005-12-31,27.7555484771729,0.899190902709961,4.87006187438965,0
2006-01-01,28.0489196777344,1.17352104187012,5.16545486450195,0
2006-01-02,27.6879100799561,0.0858538821339607,5.20245409011841,0
2006-01-03,27.3101272583008,0.000821102468762547,6.00659990310669,0
2006-01-04,27.5662689208984,1.01859903335571,5.01547527313232,0
2006-01-05,27.8984622955322,0.415851712226868,5.6392993927002,0
2006-01-06,28.0802841186523,0.368471294641495,5.54312515258789,0
2006-01-07,27.6409645080566,0.027379060164094,5.3742527961731,0
2006-01-08,26.6915016174316,2.21877360343933,4.19733238220215,0
2006-01-09,26.911792755127,2.3706533908844,4.65881299972534,0
2006-01-10,27.409236907959,1.55536663532257,5.09083938598633,0
2006-01-11,26.262077331543,2.08446049690247,4.49060678482056,0
2006-01-12,26.5128364562988,2.30169081687927,4.82221078872681,0
2006-01-13,27.2200298309326,1.9253191947937,5.38345956802368,0
2006-01-14,27.7977275848389,1.16010546684265,5.28960704803467,0
2006-01-15,26.152868270874,1.03644227981567,4.73182106018066,0
2006-01-16,26.7824440002441,2.49823427200317,4.48829746246338,0
2006-01-17,27.267147064209,0.646983206272125,4.89100551605225,0
2006-01-18,27.357271194458,0.655122339725494,5.16626358032227,0
2006-01-19,27.5586719512939,0.638731002807617,4.5191125869751,0
2006-01-20,27.3405990600586,0.30100405216217,5.18768072128296,0
2006-01-21,27.2038860321045,0.956287741661072,4.74932813644409,0
2006-01-22,27.6161918640137,0.876010417938232,4.64828062057495,0
2006-01-23,28.755578994751,0.697358250617981,5.51772689819336,0
2006-01-24,29.2104167938232,0.181317165493965,5.76595211029053,0
2006-01-25,29.5446376800537,0.0386009328067303,5.79548788070679,0
2006-01-26,29.7031421661377,0.0287381671369076,6.05953693389893,0
2006-01-27,30.0719776153565,0.12423288077116,6.05300045013428,0
2006-01-28,29.4105167388916,0.774957239627838,5.10830879211426,0
2006-01-29,29.029239654541,0.105580821633339,6.1251745223999,0
2006-01-30,28.9793109893799,0.430081605911255,5.23473358154297,0
2006-01-31,28.631441116333,1.66142928600311,4.55101442337036,0
2006-02-01,28.7685966491699,0.587105810642242,5.13884878158569,0
2006-02-02,27.7451763153076,0.568574130535126,4.60807180404663,0
2006-02-03,28.453462600708,1.61950826644897,5.1138014793396,0
2006-02-04,27.5728702545166,0.107089765369892,5.1483736038208,0
2006-02-05,28.4105205535889,0.275570660829544,5.12196350097656,0
2006-02-06,28.3949794769287,0.340084701776505,4.95487117767334,0
2006-02-07,28.9624156951904,0.118353880941868,5.17363977432251,0
2006-02-08,29.5572547912598,0.381272405385971,5.06875896453857,0
2006-02-09,29.675615310669,0.414346367120743,5.69955444335938,0
2006-02-10,29.3189964294434,0.994256973266602,5.16578435897827,0
2006-02-11,29.7602310180664,0.677187144756317,5.52654600143433,0
2006-02-12,29.2830028533936,2.80319380760193,4.48233270645142,0
2006-02-13,29.6592845916748,1.17126643657684,5.37106370925903,0
2006-02-14,28.7051219940186,1.47134637832642,4.04695987701416,0
2006-02-15,28.9181041717529,2.40785193443298,4.22879266738892,0
2006-02-16,28.951831817627,2.08200621604919,5.42937564849854,0
2006-02-17,28.3110198974609,0.913588404655457,4.8974404335022,0
2006-02-18,28.863525390625,1.30112886428833,4.73599100112915,0
2006-02-19,29.1762580871582,2.9704327583313,4.68895387649536,0
2006-02-20,29.9155597686768,0.901231706142426,5.87821912765503,0
2006-02-21,30.0193386077881,0.112542346119881,4.92236614227295,0
2006-02-22,30.2760581970215,0.117711588740349,5.46206283569336,0
2006-02-23,30.3585453033447,0.312403410673142,5.04728984832764,0
2006-02-24,30.9211082458496,0.375363409519196,5.31429195404053,0
2006-02-25,30.4372177124023,0.0919945538043976,5.25461196899414,0
2006-02-26,30.6101055145264,0.216226041316986,5.60530471801758,0
2006-02-27,31.0692195892334,0.197536990046501,5.80022478103638,0
2006-02-28,30.0100250244141,0.583541810512543,5.60769748687744,0
2006-03-01,28.5561790466309,0.907605230808258,4.69242143630981,0
2006-03-02,27.8429565429688,0.29213148355484,5.35344743728638,0
2006-03-03,28.8990020751953,0.161350250244141,5.17643880844116,0
2006-03-04,29.3864860534668,1.24758350849152,4.87251853942871,0
2006-03-05,30.1172275543213,0.0276873856782913,5.52612733840942,0
2006-03-06,30.4998455047607,0.526648700237274,5.6732120513916,0
2006-03-07,29.9420413970947,2.27966785430908,4.87068748474121,0
2006-03-08,29.3927688598633,3.09307169914246,4.76802587509155,0
2006-03-09,29.6625652313232,0.598225831985474,5.08138990402222,0
2006-03-10,29.4737701416016,2.15194535255432,4.30435228347778,0
2006-03-11,28.0640697479248,4.18125057220459,3.69756650924683,0
2006-03-12,28.1175765991211,10.4779500961304,3.36216926574707,0
2006-03-13,27.1623439788818,15.6407604217529,3.35024404525757,0
2006-03-14,26.9255771636963,10.9691829681396,4.00177764892578,0
2006-03-15,26.9701404571533,3.59810400009155,4.07639455795288,0
2006-03-16,27.2279262542725,3.28172636032105,3.93253588676453,0
2006-03-17,27.5775623321533,3.01829600334168,4.30135345458984,0
2006-03-18,27.0425987243652,6.5617938041687,3.02862286567688,0
2006-03-19,27.1449127197266,3.42598700523376,4.18710708618164,0
2006-03-20,26.8999614715576,2.24351954460144,4.18898248672485,0.000327
2006-03-21,26.9787158966065,3.4032347202301,4.30902099609375,0.000817
2006-03-22,27.0293254852295,4.74795055389404,4.53016519546509,0
2006-03-23,26.2815589904785,2.9205527305603,3.46916604042053,0
2006-03-24,26.3098011016846,2.8733286857605,3.29569792747498,0
2006-03-25,26.5694217681885,3.55168151855469,4.01249599456787,0
2006-03-26,27.2215538024902,2.25501179695129,3.89832305908203,0
2006-03-27,28.2084083557129,3.15368700027466,4.52212810516357,0
2006-03-28,28.1222381591797,2.99414443969727,3.66385364532471,0
2006-03-29,26.9601707458496,11.6282329559326,2.8587794303894,0
2006-03-30,26.9081554412842,17.7973594665527,3.28509831428528,0
2006-03-31,27.5850238800049,9.86642551422119,3.67736315727234,0
2006-04-01,25.6793041229248,9.68923282623291,2.5478310585022,0
2006-04-02,25.69580078125,6.85438251495361,2.92890667915344,0
2006-04-03,25.2566680908203,4.89324378967285,3.18581748008728,0
2006-04-04,26.2384948730469,3.27475929260254,4.00713348388672,0
2006-04-05,25.1439304351807,2.40869355201721,3.85158944129944,0
2006-04-06,26.0447597503662,3.55303549766541,3.76132607460022,0
2006-04-07,26.3602771759033,5.0162296295166,3.55442929267883,0
2006-04-08,26.1740913391113,4.05081987380981,3.73859143257141,0.000327
2006-04-09,26.5538520812988,2.77091383934021,3.56416797637939,0.000327
2006-04-10,26.8943195343018,2.66137146949768,3.95643830299377,0.000327
2006-04-11,26.2143707275391,5.65437364578247,2.92845511436462,0
2006-04-12,27.1295776367188,3.66497135162354,4.23353719711304,0
2006-04-13,27.5646514892578,2.14757919311523,4.2392110824585,0
2006-04-14,27.0517063140869,1.87136220932007,3.55878114700317,0
2006-04-15,26.4345932006836,7.44954061508179,3.45121002197266,0
2006-04-16,26.2373542785645,3.07706308364868,3.60277795791626,0
2006-04-17,26.4740390777588,2.11920499801636,3.52135753631592,0
2006-04-18,26.5010738372803,3.14967370033264,3.34714269638062,0
2006-04-19,25.352689743042,16.6904602050781,2.42511892318726,0
2006-04-20,24.8266849517822,6.95533657073975,2.9247670173645,0
2006-04-21,23.6351795196533,6.98830986022949,2.08023834228516,0
2006-04-22,24.7719097137451,6.92791366577148,2.78102827072144,0.00147
2006-04-23,25.3049812316895,7.27003765106201,2.80613565444946,0.002613
2006-04-24,25.2519130706787,7.63699197769165,2.72195386886597,0.004083
2006-04-25,25.0148983001709,4.37197113037109,2.35245299339294,0.010615
2006-04-26,24.8384952545166,4.09135484695435,3.27706122398376,0.02466
2006-04-27,25.3782119750977,1.68712151050568,3.16223573684692,0.037399
2006-04-28,24.8626365661621,0.957481920719147,2.9527370929718,0.037399
2006-04-29,25.2712230682373,4.21474170684814,3.02656960487366,0.028743
2006-04-30,24.8202171325684,10.0943479537964,2.94224715232849,0.008002
2006-05-01,24.116569519043,5.41142463684082,1.74005198478699,0.005879
2006-05-02,25.0509948730469,4.34836053848267,2.96089625358582,0.002613
2006-05-03,25.7295169830322,5.84198570251465,3.34551620483398,0.000817
2006-05-04,25.4786033630371,2.92903923988342,3.22456669807434,0.000817
2006-05-05,25.8042659759522,1.63635444641113,3.81829166412354,0.002613
2006-05-06,24.9240550994873,1.59432077407837,2.2578592300415,0.008002
2006-05-07,23.8098869323731,7.86748218536377,1.69727981090546,0.013718
2006-05-08,24.1714267730713,3.02036547660828,2.92112374305725,0.013718
2006-05-09,24.1292877197266,2.10224270820618,2.8553729057312,0.028743
2006-05-10,24.3007278442383,2.25346970558167,2.81446623802185,0.052097
2006-05-11,24.6447525024414,1.63821792602539,3.04122495651245,0.086556
2006-05-12,25.2985172271729,1.42943465709686,3.63366794586182,0.119709
2006-05-13,25.1097049713135,0.852962374687195,3.50951099395752,0.119709
2006-05-14,24.6361083984375,3.96553683280945,2.2639844417572,0.126895
2006-05-15,23.7414646148682,5.12987470626831,2.349360704422,0.126895
2006-05-16,23.638765335083,5.36151027679443,2.58920574188232,0.08035
2006-05-17,23.0017070770264,1.67741429805756,2.57383608818054,0.028743
2006-05-18,22.6451587677002,0.217573016881943,2.84568738937378,0.013718
2006-05-19,22.2798023223877,0.956194698810577,3.03309321403503,0.013718
2006-05-20,21.7811050415039,0.461124569177628,3.01457691192627,0.005879
2006-05-21,22.6674518585205,0.0877461656928062,3.31485605239868,0.004083
2006-05-22,22.5122337341309,0.0648595616221428,3.88522052764893,0.002613
2006-05-23,23.9417629241943,0.989165306091309,2.51411390304565,0.002613
2006-05-24,24.9058513641357,3.279944896698,2.86985278129578,0.010615
2006-05-25,24.155237197876,1.52638494968414,2.56568503379822,0.013718
2006-05-26,23.0778503417969,2.86029648780823,1.84346854686737,0.013718
2006-05-27,23.3361968994141,5.0386381149292,1.60543537139893,0.017311
2006-05-28,23.7359390258789,8.90570068359375,1.95927298069,0.02466
2006-05-29,24.2246952056885,6.2635087966919,2.4412317276001,0.032989
2006-05-30,24.0284156799316,1.24356114864349,3.31708955764771,0.032989
2006-05-31,23.2107086181641,1.14082765579224,2.62258958816528,0.032989
2006-06-01,23.0172710418701,0.490116745233536,3.45939230918884,0.028743
2006-06-02,22.3553733825684,0.0193506497889757,3.46751666069031,0.02466
2006-06-03,22.5697841644287,3.05233407020569,2.68001532554626,0.013718
2006-06-04,22.2192649841309,4.45177602767944,2.57941293716431,0.013718
2006-06-05,21.7792415618896,3.27028346061707,2.25101804733276,0.013718
2006-06-06,22.2579193115234,2.96583700180054,2.1688289642334,0.013718
2006-06-07,22.7528266906738,1.19053673744202,1.92791521549225,0.013718
2006-06-08,22.4370555877686,1.13912236690521,2.37490320205689,0.013718
2006-06-09,22.7159366607666,0.932665646076202,2.58468532562256,0.028743
2006-06-10,23.5404739379883,2.20250153541565,2.98862481117249,0.057323
2006-06-11,22.5068054199219,2.78449702262878,1.91622233390808,0.099295
2006-06-12,21.0383415222168,22.5405330657959,0.63521409034729,0.19761
2006-06-13,21.5549831390381,22.5952987670898,0.884121298789978,0.269794
2006-06-14,22.6762828826904,12.6090402603149,2.03177690505981,0.41498
2006-06-15,21.87575340271,8.69578647613525,2.20554447174072,0.508069
2006-06-16,22.5240535736084,6.19128608703613,2.4095184803009,0.557063
2006-06-17,22.7195816040039,4.89600419998169,2.55553507804871,0.392933
2006-06-18,22.3312683105469,2.7550573348999,2.25991177558899,0.214921
2006-06-19,21.7561702728272,3.02100896835327,2.31304717063904,0.180952
2006-06-20,21.8777370452881,3.32516384124756,2.2284197807312,0.180952
2006-06-21,22.1547985076904,4.3264365196228,2.20262289047241,0.164784
2006-06-22,23.0310115814209,5.02210903167725,2.50538206100464,0.134244
2006-06-23,21.1622085571289,2.71968626976013,2.24885153770447,0.134244
2006-06-24,22.218879699707,5.27367210388184,2.22817039489746,0.126895
2006-06-25,21.9487781524658,3.10243844985962,2.16594672203064,0.119709
2006-06-26,22.8015632629395,2.8964147567749,2.08368134498596,0.119709
2006-06-27,23.1110668182373,2.38423442840576,2.50212788581848,0.119709
2006-06-28,22.9568405151367,0.864952981472015,2.192706823349,0.134244
2006-06-29,22.2535610198975,3.93434405326843,1.73118257522583,0.164784
2006-06-30,20.8790321350098,12.5808029174805,1.32153987884521,0.214921
2006-07-01,21.8256454467773,5.93399143218994,2.15925669670105,
2006-07-02,21.7064170837402,5.80879878997803,2.22367167472839,
2006-07-03,21.524507522583,3.83886742591858,2.22102022171021,
2006-07-04,21.5154399871826,1.90947818756104,2.73297715187073,
2006-07-05,21.3680210113525,0.288746565580368,2.43164110183716,
2006-07-06,22.0544738769531,1.75833892822266,1.39031767845154,
2006-07-07,21.1122035980225,3.21139907836914,2.7063422203064,
2006-07-08,20.9451351165772,1.44743156433105,3.36585307121277,
2006-07-09,20.2545013427734,0.249877139925957,2.21674799919128,
2006-07-10,20.9402732849121,0.802008628845215,2.60318207740784,
2006-07-11,22.4752750396729,4.48073053359985,2.6501624584198,
2006-07-12,21.7017841339111,1.41761231422424,3.12618327140808,
2006-07-13,22.5415344238281,5.31100463867188,3.02534246444702,
2006-07-14,21.0809059143066,5.20260429382324,1.9433445930481,
2006-07-15,20.9218292236328,4.8115816116333,1.71451187133789,
2006-07-16,20.1365604400635,6.04896831512451,0.956734836101532,
2006-07-17,20.79541015625,4.4958291053772,1.78979849815369,
2006-07-18,20.8854675292969,3.1218729019165,2.2749879360199,
2006-07-19,19.9261837005615,0.951655268669128,2.4101893901825,
2006-07-20,20.4620018005371,0.606369972229004,2.83790922164917,
2006-07-21,20.2381610870361,0.0801285728812218,3.28909850120544,
2006-07-22,20.5475215911865,0.0577686280012131,2.72494268417358,
2006-07-23,19.8792552947998,1.97804081439972,1.35033321380615,
2006-07-24,22.6881713867188,4.0070104598999,3.26465439796448,
2006-07-25,21.7432994842529,1.96037662029266,2.55968141555786,
2006-07-26,22.845609664917,2.37057542800903,1.87502551078796,
2006-07-27,22.6883335113525,4.88327074050903,2.61331653594971,
2006-07-28,22.5313835144043,3.15642809867859,2.51735901832581,
2006-07-29,23.1605453491211,0.964842736721039,2.80479335784912,
2006-07-30,24.7592334747315,0.601862907409668,3.03772401809692,
2006-07-31,24.284553527832,1.12453889846802,2.86915111541748,
2006-08-01,24.1287345886231,2.51283097267151,2.38893675804138,0.02466
2006-08-02,23.066535949707,2.92173385620117,2.30925703048706,0.02466
2006-08-03,23.0971755981445,2.38199377059937,3.06432437896729,0.020904
2006-08-04,22.954158782959,3.62182712554932,2.90937805175781,0.013718
2006-08-05,22.2119846343994,3.31024479866028,2.68144917488098,0.013718
2006-08-06,22.6695499420166,2.27980494499207,3.12375092506409,0.013718
2006-08-07,21.7868499755859,1.38785719871521,2.73795914649963,0.013718
2006-08-08,23.0135555267334,5.31152439117432,2.7123601436615,0.020904
2006-08-09,23.6072483062744,2.31174731254578,3.39878034591675,0.020904
2006-08-10,22.8191528320313,0.518831253051758,3.77900528907776,0.028743
2006-08-11,22.9185085296631,0.967823386192322,2.80214953422546,0.028743
2006-08-12,22.7390918731689,0.702475488185883,3.43109631538391,0.020904
2006-08-13,22.9859390258789,1.48829460144043,3.17224884033203,0.013718
2006-08-14,22.4102840423584,3.18808794021606,2.72381281852722,0.005879
2006-08-15,22.8633651733398,3.0475869178772,1.59309601783752,0.002613
2006-08-16,23.2293872833252,3.31652855873108,2.92450046539307,0.002613
2006-08-17,22.6079425811768,1.41014277935028,2.7090425491333,0.000817
2006-08-18,22.5313854217529,0.892862021923065,3.15666818618774,0.000817
2006-08-19,22.5798873901367,1.18704104423523,3.05079960823059,0.000817
2006-08-20,23.2632102966309,0.965510845184326,3.11325216293335,0.000817
2006-08-21,24.1280250549316,0.0247825048863888,4.32903337478638,0.000817
2006-08-22,24.0482711791992,0.439650148153305,3.67581939697266,0.000817
2006-08-23,24.3370170593262,0.351652026176453,3.80977344512939,0.00147
2006-08-24,24.276891708374,0.0731220617890358,3.88795161247253,0.00147
2006-08-25,23.8569793701172,0.0632228404283524,3.81923794746399,0.002613
2006-08-26,22.4430294036865,1.38218450546265,2.758793592453,0.002613
2006-08-27,21.9371547698975,0.448028147220612,2.91095876693726,0.002613
2006-08-28,23.4025230407715,0.483428090810776,3.6674861907959,0.002613
2006-08-29,23.9286804199219,0.083326056599617,3.60398054122925,0.00147
2006-08-30,23.9940242767334,0.324221193790436,3.60120058059692,0.000817
2006-08-31,22.61572265625,3.28399848937988,2.49717783927918,0.000817
2006-09-01,21.762451171875,2.09051060676575,3.17747640609741,0.00147
2006-09-02,22.1231822967529,0.266237139701843,4.43927717208862,0.002613
2006-09-03,23.5896816253662,0.442988902330399,4.62404870986939,0.002613
2006-09-04,25.9799652099609,0.76947009563446,4.58513689041138,0.005879
2006-09-05,26.7756290435791,0.270906984806061,4.70818328857422,0.008002
2006-09-06,24.9620113372803,2.54587912559509,3.75020909309387,0.008002
2006-09-07,22.994873046875,7.44629669189453,2.03096508979797,0.008002
2006-09-08,22.2191905975342,9.23065757751465,2.5425922870636,0.010615
2006-09-09,22.1865940093994,3.28229761123657,3.09384536743164,0.017311
2006-09-10,22.7653732299805,3.56598043441772,3.01378512382507,0.020904
2006-09-11,23.9751224517822,7.53340101242065,4.540452003479,0.02466
2006-09-12,23.222936630249,2.32190084457397,3.29727292060852,0.020904
2006-09-13,22.0117855072021,1.52199947834015,3.12545919418335,0.013718
2006-09-14,23.0786609649658,0.278633594512939,3.76433730125427,0.013718
2006-09-15,23.2029438018799,1.20412397384644,3.16520476341248,0.013718
2006-09-16,24.5374774932861,1.07427167892456,3.69737100601196,0.008002
2006-09-17,24.7798824310303,1.01631343364716,3.60482382774353,0.008002
2006-09-18,25.3238430023193,0.755366206169128,3.91861581802368,0.002613
2006-09-19,25.3768615722656,0.353722184896469,4.66203308105469,0.000817
2006-09-20,25.519926071167,0.0439809486269951,4.23503351211548,0.000817
2006-09-21,25.9622936248779,0.00321479071862996,4.87128639221191,0.000327
2006-09-22,25.9551658630371,0.0853210240602493,4.07791948318481,0.00147
2006-09-23,25.1127681732178,0.380471497774124,4.04937124252319,0.004083
2006-09-24,25.2518100738525,0.0798860862851143,3.82967400550842,0.008002
2006-09-25,25.9183597564697,0.2415422052145,5.26643514633179,0.013718
2006-09-26,25.1112213134766,0.673981785774231,4.98700761795044,0.020904
2006-09-27,23.1812839508057,13.6797275543213,2.49789237976074,0.028743
2006-09-28,21.4493103027344,11.689040184021,0.983006954193115,0.037399
2006-09-29,22.8119087219238,13.7346811294556,1.94811964035034,0.047034
2006-09-30,24.2539463043213,3.05268573760986,3.35723781585693,0.057323
2006-10-01,24.6480541229248,2.42386627197266,4.01261568069458,0.068428
2006-10-02,24.3302516937256,2.55477046966553,3.45061874389648,0.057323
2006-10-03,24.5240364074707,2.4185688495636,3.51867246627808,0.047034
2006-10-04,25.0872497558594,1.41145205497742,3.99504041671753,0.037399
2006-10-05,25.0995578765869,2.79836702346802,3.64306139945984,0.020904
2006-10-06,25.1404590606689,1.32044720649719,4.32970476150513,0.010615
2006-10-07,23.7798404693604,0.936103224754333,3.26220941543579,0.002613
2006-10-08,24.6577091217041,1.46143424510956,3.76282501220703,0.002613
2006-10-09,24.5034027099609,2.32120299339294,3.34439301490784,0.002613
2006-10-10,24.7793788909912,2.2151460647583,4.11801242828369,0.00147
2006-10-11,24.4104995727539,1.2817565202713,3.55524921417236,0.00147
2006-10-12,24.9598293304443,0.658234357833862,3.81937217712402,0.000327
2006-10-13,25.2798919677734,0.75587010383606,4.04009199142456,0.000327
2006-10-14,25.2236499786377,0.0896178409457207,3.85151720046997,0.000327
2006-10-15,25.9034614562988,0.738163828849793,3.7716658115387,0
2006-10-16,26.3456878662109,0.337054133415222,4.71386241912842,0.00147
2006-10-17,25.2005920410156,0.397130817174912,3.85363674163818,0.005879
2006-10-18,25.7606582641602,0.588124096393585,4.45272970199585,0.013718
2006-10-19,25.3854446411133,0.516818284988403,4.26353979110718,0.013718
2006-10-20,27.0687847137451,0.0364461988210678,5.25528812408447,0.004083
2006-10-21,25.118709564209,1.45000994205475,3.19951820373535,0.00147
2006-10-22,23.5401191711426,0.78474622964859,2.77204442024231,0.000817
2006-10-23,23.9079284667969,1.07560133934021,3.0188729763031,0.000327
2006-10-24,24.2633895874023,2.13644099235535,3.67814874649048,0.002613
2006-10-25,25.0444850921631,15.369423866272,3.09503293037415,0.013718
2006-10-26,24.4562454223633,15.230767250061,3.46609139442444,0.013718
2006-10-27,25.269681930542,2.18027377128601,3.45567512512207,0.013718
2006-10-28,26.410457611084,0.909743905067444,5.0410213470459,0.013718
2006-10-29,25.1499004364014,12.9475793838501,2.6336715221405,0.013718
2006-10-30,25.0824661254883,18.6275672912598,3.14247846603394,0.020904
2006-10-31,25.1505889892578,7.42223119735718,3.82272267341614,0.020904
2006-11-01,24.3448219299316,4.07362842559814,3.88989639282227,0.013718
2006-11-02,25.091552734375,1.13233065605164,4.22445440292358,0.010615
2006-11-03,25.9491672515869,0.563291430473328,4.38503217697144,0.004083
2006-11-04,25.435152053833,0.278330236673355,4.9595422744751,0.002613
2006-11-05,24.5432662963867,0.0699731260538101,4.04646968841553,0.002613
2006-11-06,25.6746959686279,0.00795834977179766,3.88508534431458,0.002613
2006-11-07,26.4855136871338,0.00306485127657652,4.08572149276733,0.000327
2006-11-08,27.3946552276611,0.998347640037537,4.99778366088867,0.00147
2006-11-09,25.8597774505615,1.49777233600616,2.57585668563843,0.013718
2006-11-10,27.4073677062988,1.68115341663361,4.33625459671021,0.047034
2006-11-11,26.3819618225098,2.65961146354675,3.08964395523071,0.119709
2006-11-12,24.381498336792,10.4703712463379,2.63949632644653,0.27943
2006-11-13,24.873462677002,6.88031148910523,3.01898193359375,0.557063
2006-11-14,24.7566413879395,7.97985744476318,4.2113471031189,0.437681
2006-11-15,25.0774478912354,2.22000098228455,3.44836902618408,0.289065
2006-11-16,25.4493370056152,3.19411396980286,4.48815727233887,0.19761
2006-11-17,24.8328628540039,4.63794326782227,4.20294952392578,0.164784
2006-11-18,24.9834594726563,2.63531827926636,3.95396304130554,0.119709
2006-11-19,25.6802749633789,1.83217573165894,5.24198198318481,0.119709
2006-11-20,26.2484436035156,0.819911003112793,4.77002477645874,0.099295
2006-11-21,26.3635444641113,0.919719278812408,4.69838380813599,0.074308
2006-11-22,26.6612339019775,0.569152891635895,5.043785572052,0.037399
2006-11-23,26.5110664367676,1.5787239074707,4.23444271087647,0.020904
2006-11-24,25.7767314910889,8.64237308502197,3.66604447364807,0.005879
2006-11-25,25.8295917510986,5.2292652130127,4.86987543106079,0.004083
2006-11-26,24.6028289794922,2.83280181884766,3.51162552833557,0.004083
2006-11-27,26.1201705932617,2.68627858161926,5.12003183364868,0.00147
2006-11-28,26.5237865447998,0.385587960481644,4.78194284439087,0.000817
2006-11-29,26.00026512146,0.341647833585739,3.77456545829773,0.000817
2006-11-30,27.6095390319824,0.0600071661174297,4.10764598846436,0.000817
2006-12-01,26.9583129882813,0.51626443862915,4.64150476455689,0.000327
2006-12-02,26.372501373291,1.52178227901459,4.91892099380493,0.000327
2006-12-03,26.4690380096436,0.335889488458633,4.90864515304565,0.000327
2006-12-04,26.3147716522217,1.62519466876984,4.6852560043335,0
2006-12-05,26.2420806884766,1.97827017307282,3.7512891292572,0
2006-12-06,27.2187633514404,0.879128634929657,5.25221967697144,0
2006-12-07,27.7031383514404,0.757705450057983,5.63235664367676,0
2006-12-08,28.2601833343506,0.463065356016159,5.34525012969971,0
2006-12-09,28.67751121521,0.27114549279213,4.95095348358154,0
2006-12-10,28.7357215881348,0.34033665060997,5.0343279838562,0
2006-12-11,28.5435619354248,0.234089329838753,5.19919204711914,0
2006-12-12,28.1120014190674,1.91347599029541,4.29341506958008,0
2006-12-13,28.4529647827148,1.77165687084198,5.71825742721558,0
2006-12-14,28.2970809936523,0.05374451354146,5.72544765472412,0
2006-12-15,26.0847549438477,0.964795708656311,4.21413469314575,0
2006-12-16,27.1524124145508,0.253314703702927,4.79688262939453,0
2006-12-17,27.5872058868408,0.760434567928314,4.59111976623535,0
2006-12-18,28.1814098358154,0.764622271060944,6.02783298492432,0
2006-12-19,27.8861045837402,0.580330610275269,5.35170412063599,0
2006-12-20,27.4356994628906,0.764691889286041,4.70506143569946,0
2006-12-21,28.8146343231201,0.402629971504211,5.88806915283203,0
2006-12-22,27.5368804931641,0.0615588687360287,4.74035358428955,0
2006-12-23,27.783561706543,0.0931427702307701,4.5058274269104,0
2006-12-24,27.9519653320313,0.344740331172943,5.23621320724487,0
2006-12-25,27.5687732696533,0.53901332616806,5.02896070480347,0
2006-12-26,28.2946681976318,0.0756616666913033,5.57117414474487,0
2006-12-27,28.1525802612305,0.0288420263677835,5.00892210006714,0
2006-12-28,29.6219120025635,0.124299369752407,5.59099102020264,0
2006-12-29,28.3301544189453,0.476710617542267,5.19861555099487,0
2006-12-30,26.8207950592041,0.792924523353577,4.49782133102417,0
2006-12-31,27.0723266601563,1.77051591873169,4.9202127456665,0
2007-01-01,27.5319976806641,0.48113340139389,4.58375978469849,0
2007-01-02,27.3253803253174,1.22766900062561,4.0639123916626,0
2007-01-03,27.7108783721924,2.15088868141174,5.00771808624268,0
2007-01-04,27.1739940643311,1.36515486240387,4.16557216644287,0
2007-01-05,27.5311870574951,1.12318623065948,4.79563331604004,0
2007-01-06,27.4803409576416,0.320053517818451,4.67754554748535,0
2007-01-07,27.7283515930176,0.693151652812958,5.56387281417847,0
2007-01-08,27.0718822479248,0.841953754425049,4.18911981582642,0
2007-01-09,28.2069816589356,0.961333692073822,4.37303304672241,0
2007-01-10,28.8219985961914,0.260293036699295,4.946044921875,0
2007-01-11,28.9302787780762,0.166506305336952,5.85536098480225,0
2007-01-12,28.9066867828369,0.830992758274078,4.71196699142456,0
2007-01-13,29.2475872039795,2.25650835037231,4.57186031341553,0
2007-01-14,29.3633308410645,4.89479780197144,5.87503004074097,0
2007-01-15,29.2003517150879,0.112673237919807,6.10060739517212,0
2007-01-16,28.4434089660645,0.390086561441422,5.13404178619385,0
2007-01-17,29.0141925811768,0.176794111728668,5.59816312789917,0
2007-01-18,28.9345855712891,3.41172313690186,5.44361734390259,0
2007-01-19,28.4257259368897,0.24234676361084,5.05819511413574,0
2007-01-20,28.5138454437256,0.347094029188156,4.86396837234497,0
2007-01-21,29.8164749145508,0.57589852809906,5.80477714538574,0
2007-01-22,28.439151763916,0.0529257021844387,6.00970363616943,0
2007-01-23,28.6159706115723,0.0976111441850662,5.89783811569214,0
2007-01-24,29.4210987091065,0.156549051403999,6.29234313964844,0
2007-01-25,28.5561218261719,0.243743970990181,5.79162168502808,0
2007-01-26,28.2850570678711,0.00536513142287731,4.90912437438965,0
2007-01-27,28.660343170166,0.112008944153786,5.55138111114502,0
2007-01-28,28.7280502319336,0.0582919642329216,5.87498617172241,0
2007-01-29,29.0936279296875,0.0826887786388397,5.57196044921875,0
2007-01-30,30.1568660736084,0.679942548274994,6.06152439117432,0
2007-01-31,29.3993644714356,5.67941299323138e-07,6.19742107391357,0
2007-02-01,28.8878345489502,0.362816601991653,5.38502168655396,0
2007-02-02,29.4662113189697,0.0415757820010185,5.45707368850708,0
2007-02-03,29.1000137329102,0.0524526238441467,5.18526792526245,0
2007-02-04,29.9475154876709,0.704260587692261,5.87515640258789,0
2007-02-05,29.6334609985352,0.340473860502243,5.23461103439331,0
2007-02-06,27.5002517700195,1.20209467411041,4.87940549850464,0
2007-02-07,27.8356647491455,1.05273306369782,4.91160726547241,0
2007-02-08,27.4681377410889,2.22669863700867,4.62373638153076,0
2007-02-09,27.7312259674072,3.90507078170776,3.45377588272095,0
2007-02-10,27.2130966186523,6.30568218231201,3.40147733688355,0
2007-02-11,27.2863922119141,1.96826064586639,4.42219018936157,0
2007-02-12,28.5588970184326,1.67356717586517,5.64664173126221,0
2007-02-13,27.3887538909912,7.68517589569092,3.9008104801178,0
2007-02-14,26.3279209136963,24.8248481750488,2.66437602043152,0
2007-02-15,26.1956100463867,34.4765892028809,1.6025767326355,0
2007-02-16,25.1835021972656,19.8072910308838,1.2282098531723,0
2007-02-17,26.0991325378418,13.0536804199219,3.53123998641968,0.00147
2007-02-18,25.7306880950928,27.5394916534424,2.52970027923584,0.010615
2007-02-19,26.0085544586182,19.169361114502,3.18615126609802,0.013718
2007-02-20,26.1441421508789,11.0607528686523,3.44725060462952,0.017311
2007-02-21,24.7784614562988,16.0704441070557,2.42803120613098,0.032989
2007-02-22,23.9637832641602,12.2010927200317,1.99523365497589,0.032989
2007-02-23,24.3863010406494,16.9126205444336,2.24398684501648,0.028743
2007-02-24,24.100435256958,15.2260408401489,1.86902868747711,0.017311
2007-02-25,25.4337387084961,9.40723609924316,3.98435878753662,0.013718
2007-02-26,25.831241607666,6.42964029312134,4.19787836074829,0.010615
2007-02-27,25.6263561248779,5.93696212768555,3.09326863288879,0.008002
2007-02-28,25.7754020690918,4.92424917221069,4.51677560806274,0.004083
2007-03-01,25.4292488098145,0.98108184337616,5.07828855514526,0.004083
2007-03-02,24.8462734222412,2.78489351272583,3.1976420879364,0.002613
2007-03-03,25.7227611541748,3.59769678115845,4.88370895385742,0.00147
2007-03-04,26.0198192596436,3.1866180896759,4.65155744552612,0.00147
2007-03-05,25.469799041748,1.2530357837677,3.65347671508789,0.00147
2007-03-06,25.2416229248047,2.74954605102539,3.28299832344055,0.002613
2007-03-07,25.5254802703857,1.34959328174591,3.01438426971436,0.017311
2007-03-08,25.2247848510742,4.87048673629761,2.80697417259216,0.042135
2007-03-09,25.0497131347656,5.02705049514771,3.89050984382629,0.08035
2007-03-10,25.2566471099854,2.53543066978455,3.88372492790222,0.099295
2007-03-11,25.2460479736328,2.75897264480591,3.24651432037354,0.11285
2007-03-12,24.5749435424805,9.95672607421875,2.31053280830383,0.119709
2007-03-13,24.513692855835,13.6497459411621,2.77969336509705,0.126895
2007-03-14,25.0219440460205,8.43549919128418,3.20979976654053,0.149105
2007-03-15,25.9445896148682,7.55909156799316,4.29197454452515,0.119709
2007-03-16,25.5496635437012,1.46057641506195,3.90031266212463,0.092762
2007-03-17,24.844783782959,0.873481154441834,3.64223170280457,0.074308
2007-03-18,25.8833065032959,1.31040561199188,3.7227828502655,0.068428
2007-03-19,25.2398509979248,0.563765406608582,3.79632592201233,0.057323
2007-03-20,27.1381511688232,0.486013770103455,4.06822776794434,0.047034
2007-03-21,27.1398544311523,2.25155806541443,3.80636119842529,0.028743
2007-03-22,26.3144435882568,2.87440061569214,3.88558411598206,0.013718
2007-03-23,25.9201183319092,2.33742547035217,4.51347923278809,0.004083
2007-03-24,26.5962734222412,1.64385795593262,3.52216053009033,0.000817
2007-03-25,27.0640811920166,2.14623546600342,3.98557329177856,0.000817
2007-03-26,26.1899433135986,3.474449634552,3.48665308952332,0.000817
2007-03-27,26.5271663665772,3.1320583820343,3.7766010761261,0
2007-03-28,25.4539680480957,1.7807936668396,3.92501783370972,0
2007-03-29,26.5990600585938,0.385350674390793,4.3588342666626,0
2007-03-30,25.527759552002,0.651351451873779,4.52873611450195,0
2007-03-31,25.8699207305908,0.632677674293518,3.91952562332153,0
2007-04-01,26.2458076477051,1.02342188358307,4.97207641601563,0.000327
2007-04-02,25.543701171875,0.0511073246598244,4.43387842178345,0.000327
2007-04-03,25.8006801605225,0.0966049656271935,4.75287580490112,0.000327
2007-04-04,26.378454208374,0.0512952171266079,4.25281381607056,0
2007-04-05,26.5552539825439,0.00804666895419359,4.82126474380493,0
2007-04-06,26.3044681549072,0.000106280174804851,5.20854568481445,0
2007-04-07,26.4398555755615,0.041392233222723,4.67396593093872,0
2007-04-08,26.0915031433106,0,4.87355756759644,0
2007-04-09,26.8840045928955,0,5.01109123229981,0
2007-04-10,28.1511402130127,0.324438512325287,4.33975315093994,0
2007-04-11,27.6365127563477,1.03065037727356,4.27849388122559,0
2007-04-12,25.5107173919678,4.45931625366211,2.33349657058716,0
2007-04-13,25.5888729095459,3.05207228660584,3.30384969711304,0
2007-04-14,25.334005355835,2.83924055099487,3.05132293701172,0
2007-04-15,25.5917587280273,3.41625571250916,3.53268480300903,0
2007-04-16,25.4152774810791,6.82498788833618,3.54533338546753,0
2007-04-17,25.3243083953857,1.77618896961212,3.40222382545471,0
2007-04-18,25.3899040222168,5.55521154403687,2.95278525352478,0
2007-04-19,25.9224853515625,3.99835658073425,2.99567008018494,0
2007-04-20,25.910530090332,4.59365129470825,3.11912679672241,0
2007-04-21,26.3899574279785,4.15537977218628,3.82116365432739,0
2007-04-22,26.22483253479,3.0825560092926,3.08422327041626,0
2007-04-23,26.1914520263672,2.31894421577454,3.39395189285278,0
2007-04-24,25.8528900146484,1.09718441963196,3.17761063575745,0
2007-04-25,25.1783695220947,2.24000835418701,2.38731622695923,0
2007-04-26,26.2013988494873,0.543016850948334,3.83449339866638,0
2007-04-27,25.6810665130615,3.31454634666443,2.96582651138306,0
2007-04-28,24.9732666015625,14.4449548721313,1.89348185062408,0
2007-04-29,24.5458393096924,27.8500308990479,2.12861490249634,0
2007-04-30,25.1138858795166,4.35841655731201,3.12046432495117,0
2007-05-01,25.3544940948486,2.47937893867493,2.8818347454071,0
2007-05-02,24.7222232818604,3.34654927253723,2.42067432403564,0
2007-05-03,24.7938270568848,4.29844617843628,2.50862312316895,0
2007-05-04,24.3848628997803,1.68301212787628,3.11202168464661,0
2007-05-05,23.8671188354492,1.63266575336456,3.45328950881958,0
2007-05-06,24.633113861084,2.07953381538391,2.99776434898376,0
2007-05-07,25.4176502227783,5.89297533035278,3.34647393226624,0
2007-05-08,24.5463256835938,2.03958487510681,2.45336985588074,
2007-05-09,25.5002059936523,2.58820295333862,2.86407446861267,
2007-05-10,24.4828014373779,6.49125051498413,2.59621405601501,
2007-05-11,22.7539196014404,14.8345737457275,1.92804181575775,
2007-05-12,23.433687210083,5.53073215484619,2.81552791595459,
2007-05-13,23.6834487915039,1.29357516765594,2.54530501365662,
2007-05-14,23.9021778106689,0.593053281307221,2.31526684761047,
2007-05-15,24.9655456542969,3.75266432762146,2.74555516242981,
2007-05-16,23.8157119750977,5.62788963317871,1.56708693504334,
2007-05-17,24.7363204956055,5.54114675521851,3.24362421035767,
2007-05-18,24.2881679534912,2.44380140304565,2.79608988761902,
2007-05-19,24.5455055236816,3.21719026565552,2.74653697013855,
2007-05-20,23.953987121582,3.71670651435852,3.16935396194458,
2007-05-21,24.1470489501953,2.64909958839417,2.89919424057007,
2007-05-22,24.1967525482178,1.40724110603333,3.07850646972656,
2007-05-23,22.92893409729,0.0453220829367638,2.78484392166138,
2007-05-24,24.1742343902588,0.00594848021864891,3.65184664726257,
2007-05-25,25.6220188140869,0.259297996759415,2.91940951347351,
2007-05-26,22.9234714508057,10.4158124923706,1.04387891292572,
2007-05-27,23.4820594787598,16.8588390350342,1.61269044876099,
2007-05-28,22.4230175018311,11.4263687133789,0.353870093822479,
2007-05-29,24.3153400421143,5.05922842025757,2.85271954536438,
2007-05-30,25.2030944824219,4.77398014068604,3.33946251869202,
2007-05-31,23.211051940918,7.34373950958252,1.26505827903748,
2007-06-01,22.6962337493897,11.7508392333984,1.24825048446655,0
2007-06-02,22.5127925872803,3.42641425132751,2.66735887527466,0.00147
2007-06-03,22.3727588653564,0.464819461107254,3.39048027992249,0.002613
2007-06-04,23.6363773345947,0.494040936231613,3.35389232635498,0.002613
2007-06-05,23.7671051025391,1.63354897499084,2.44592618942261,0.010615
2007-06-06,23.7501945495605,4.75956201553345,1.86565864086151,0.013718
2007-06-07,23.1146240234375,3.73619389533997,2.51294946670532,0.013718
2007-06-08,22.7885990142822,1.22734546661377,3.37893128395081,0.013718
2007-06-09,22.1160278320313,1.6324657201767,2.54773283004761,0.020904
2007-06-10,23.0740356445313,2.24874305725098,2.1656699180603,0.020904
2007-06-11,23.4336776733398,1.31323909759521,2.52716851234436,0.020904
2007-06-12,24.1903762817383,1.55423772335053,2.78829836845398,0.017311
2007-06-13,23.5151195526123,1.40885472297668,2.60479640960693,0.017311
2007-06-14,23.4771327972412,0.651666700839996,2.82019782066345,0.013718
2007-06-15,23.5852184295654,0.132068157196045,2.902672290802,0.013718
2007-06-16,23.2585906982422,6.72074174880981,1.3687070608139,0.013718
2007-06-17,23.8370018005371,5.20509338378906,2.97548770904541,0.010615
2007-06-18,21.8365039825439,1.64323258399963,2.63161754608154,0.005879
2007-06-19,21.9677391052246,3.43882250785828,2.03109550476074,0.005879
2007-06-20,22.4968185424805,3.95341396331787,2.11593317985535,0.008002
2007-06-21,23.7260799407959,3.02481150627136,3.21964144706726,0.020904
2007-06-22,23.0564289093018,2.36614680290222,3.57818555831909,0.02466
2007-06-23,23.0792064666748,1.1860636472702,3.43253612518311,0.020904
2007-06-24,22.1221904754639,0.961664915084839,2.32725429534912,0.008002
2007-06-25,22.475154876709,4.6105899810791,2.2654721736908,0.005879
2007-06-26,22.7876148223877,3.65556144714355,2.98865962028503,0.002613
2007-06-27,22.5578155517578,1.55611348152161,2.64384508132935,0.002613
2007-06-28,21.9746704101563,2.14531397819519,2.23520469665527,0.002613
2007-06-29,21.5620956420898,3.35579061508179,1.15805494785309,0.004083
2007-06-30,22.4243717193604,4.07763195037842,1.69497644901276,0.005879
2007-07-01,22.6385726928711,0.748333692550659,2.81417608261108,0.013718
2007-07-02,22.5813217163086,2.21189546585083,2.1857476234436,0.013718
2007-07-03,22.5009288787842,2.01900124549866,2.73543834686279,0.013718
2007-07-04,21.477897644043,4.25142288208008,1.15309739112854,0.013718
2007-07-05,23.0142002105713,3.5691032409668,3.24757313728333,0.013718
2007-07-06,21.2194080352783,4.03428030014038,1.07283246517181,0.017311
2007-07-07,21.5733470916748,5.44037199020386,2.0337700843811,0.020904
2007-07-08,22.3371105194092,1.6852490901947,2.58356070518494,0.02466
2007-07-09,22.2341156005859,2.06981468200684,1.83196270465851,0.02466
2007-07-10,22.5900573730469,1.64529252052307,2.93212461471558,0.037399
2007-07-11,22.6268634796143,1.43587243556976,2.88818025588989,0.037399
2007-07-12,21.6143836975098,2.27714467048645,2.54803538322449,0.037399
2007-07-13,22.3869915008545,2.76917290687561,1.95169520378113,0.037399
2007-07-14,22.5426654815674,2.21327137947083,2.5192449092865,0.028743
2007-07-15,22.0667972564697,1.48936605453491,2.42993307113647,0.020904
2007-07-16,22.2039260864258,0.960145354270935,2.85607171058655,0.010615
2007-07-17,23.4081802368164,0.599177837371826,2.68369460105896,0.004083
2007-07-18,24.3098793029785,0.107182733714581,2.82745909690857,0.002613
2007-07-19,24.0030498504639,0.653008818626404,3.11713290214539,0.00147
2007-07-20,23.4425258636475,0.103590354323387,3.4003598690033,0.000327
2007-07-21,22.483715057373,0.46640482544899,2.70502281188965,0.000327
2007-07-22,22.9918060302734,0.524216651916504,2.77010941505432,0
2007-07-23,22.1439037322998,0.845088303089142,3.51040148735046,0
2007-07-24,22.17138671875,0.842143177986145,2.67122769355774,0
2007-07-25,23.6293163299561,1.7311874628067,2.7713930606842,0
2007-07-26,23.7315254211426,1.22642803192139,2.58579349517822,0.004083
2007-07-27,23.1768245697022,2.35519862174988,2.07329154014587,0.013718
2007-07-28,21.6087417602539,1.79890418052673,2.34157609939575,0.028743
2007-07-29,22.2878265380859,4.40330696105957,3.0531005859375,0.057323
2007-07-30,19.5673847198486,12.6529550552368,0.950550317764282,0.074308
2007-07-31,21.1348075866699,3.17315745353699,3.04633450508118,0.092762
2007-08-01,21.1755828857422,0.800944805145264,2.92051458358765,0.08035
2007-08-02,21.7975444793701,1.30405342578888,2.00099468231201,0.037399
2007-08-03,21.9674510955811,3.65125942230225,2.45355749130249,0.032989
2007-08-04,22.2084636688232,2.1488835811615,2.48493814468384,0.020904
2007-08-05,21.9683361053467,0.362296849489212,2.9390332698822,0.020904
2007-08-06,22.0119724273682,0.587824761867523,3.24700403213501,0.013718
2007-08-07,22.1154842376709,1.53949511051178,2.41961431503296,0.008002
2007-08-08,22.3729972839356,1.27885866165161,2.74382615089417,0.008002
2007-08-09,22.3217544555664,1.7565678358078,3.24556732177734,0.005879
2007-08-10,23.0064811706543,1.83086407184601,3.2265932559967,0.004083
2007-08-11,22.8034076690674,3.49535655975342,2.94426846504211,0.004083
2007-08-12,22.6895217895508,7.82514381408691,2.48784589767456,0.004083
2007-08-13,22.3320446014404,5.59469747543335,2.79183268547058,0.005879
2007-08-14,22.6444206237793,4.35082626342773,3.13089847564697,0.008002
2007-08-15,22.7741012573242,3.13897585868835,4.00326204299927,0.008002
2007-08-16,22.2617015838623,1.84658062458038,3.07894802093506,0.008002
2007-08-17,22.1033191680908,0.802631378173828,3.32010793685913,0.004083
2007-08-18,21.3237991333008,0.674716651439667,2.75855946540833,0.002613
2007-08-19,21.2831954956055,2.61184477806091,2.86342763900757,0.002613
2007-08-20,21.9738693237305,1.3178882598877,3.03745436668396,0.000817
2007-08-21,21.9945697784424,0.528026580810547,3.22585344314575,0.000817
2007-08-22,21.7910556793213,1.06122505664825,2.85222291946411,0.000817
2007-08-23,22.4329681396484,2.1569721698761,3.09146499633789,0.000817
2007-08-24,22.294605255127,3.07831859588623,1.84966862201691,0.000817
2007-08-25,21.4860572814941,2.66883134841919,2.20826530456543,0.000327
2007-08-26,23.6692085266113,0.741584420204163,3.2335102558136,0.000327
2007-08-27,23.8509140014648,0.509080946445465,3.72931337356567,0.000327
2007-08-28,23.3845329284668,1.6856677532196,3.25974869728088,0
2007-08-29,21.9072971343994,1.53979098796844,3.11935305595398,0
2007-08-30,21.7371673583984,1.08001339435577,2.39309024810791,0
2007-08-31,22.2660331726074,1.9341402053833,2.58800339698792,0
2007-09-01,22.5693912506104,2.20264887809753,3.16283297538757,0
2007-09-02,23.3358554840088,0.781982421875,3.69615292549133,0
2007-09-03,23.074405670166,2.07349467277527,3.41293692588806,0
2007-09-04,23.0662574768066,2.22604441642761,2.64504170417786,0
2007-09-05,22.0007514953613,2.38507556915283,2.6079261302948,0
2007-09-06,22.878963470459,7.4738450050354,3.16316556930542,0.000817
2007-09-07,22.931432723999,4.89123106002808,3.44720959663391,0.002613
2007-09-08,22.2888126373291,1.81038045883179,2.91482472419739,0.002613
2007-09-09,21.9914512634277,0.765499114990234,2.83261895179749,0.002613
2007-09-10,21.9763374328613,3.59275007247925,2.83826613426209,0.004083
2007-09-11,22.1579437255859,2.26966428756714,2.90105724334717,0.008002
2007-09-12,22.9243717193604,4.08425998687744,3.37503242492676,0.013718
2007-09-13,22.6538772583008,2.97823119163513,3.2861545085907,0.013718
2007-09-14,22.7404670715332,2.27218675613403,3.29660415649414,0.008002
2007-09-15,22.8423118591309,1.39832592010498,3.09286713600159,0.002613
2007-09-16,23.6648941040039,0.828113675117493,3.07890224456787,0.002613
2007-09-17,23.6390991210938,0.00325142219662666,4.802490234375,0.000817
2007-09-18,24.408634185791,0.186424255371094,4.37615346908569,0.000817
2007-09-19,23.3570384979248,1.23355317115784,3.32405924797058,0.002613
2007-09-20,21.6771602630615,1.05888438224792,2.83887577056885,0.004083
2007-09-21,23.7477855682373,2.85411024093628,2.96936774253845,0.004083
2007-09-22,23.3578338623047,2.43726539611816,3.24678778648376,0.004083
2007-09-23,23.1817207336426,1.34194111824036,3.49582290649414,0.004083
2007-09-24,25.734842300415,0.628994166851044,4.32932281494141,0.00147
2007-09-25,24.5157833099365,0.252145648002625,4.85199928283691,0.000327
2007-09-26,24.6037197113037,0.0597721040248871,5.28043031692505,0
2007-09-27,24.6313629150391,0.0222758371382952,4.82063674926758,0
2007-09-28,24.5884437561035,0.0310083832591772,4.55847215652466,0
2007-09-29,24.713623046875,0.0394455716013908,4.34398508071899,0
2007-09-30,23.3312644958496,1.0358772277832,3.94343614578247,0
2007-10-01,24.0068969726563,1.97570180892944,3.78182291984558,0
2007-10-02,23.5009899139404,2.99237370491028,3.23102140426636,0
2007-10-03,23.5775775909424,3.8039116859436,3.1234176158905,0
2007-10-04,23.8288230895996,4.04024744033814,2.84149646759033,0
2007-10-05,23.9267768859863,3.98064064979553,3.50716209411621,0
2007-10-06,24.8067035675049,2.95809769630432,4.20746946334839,0
2007-10-07,23.755298614502,0.887819647789002,4.0782642364502,0
2007-10-08,23.8383293151855,1.17332208156586,4.06276893615723,0
2007-10-09,23.3338069915772,2.05577397346497,3.67520546913147,0
2007-10-10,24.3173904418945,1.26364183425903,4.14800357818604,0
2007-10-11,23.8904418945313,0.679091691970825,3.75094318389893,0
2007-10-12,24.9447917938232,1.19960141181946,4.00612211227417,0
2007-10-13,26.1124668121338,1.01948547363281,5.51537036895752,0
2007-10-14,24.0798263549805,0.354782462120056,4.13424062728882,0
2007-10-15,25.0995597839356,0.352032512426376,5.12020874023438,0
2007-10-16,24.0604305267334,0.565637648105621,3.59842777252197,0
2007-10-17,24.7435989379883,0.259216696023941,5.64672803878784,0
2007-10-18,26.2699947357178,0.00875736586749554,5.5921049118042,0
2007-10-19,27.3562812805176,0.139715299010277,5.43874502182007,0
2007-10-20,27.7241344451904,0.00394987734034658,5.4385838508606,0
2007-10-21,26.7700462341309,0.228854075074196,4.42519760131836,0
2007-10-22,27.2752456665039,0.562599837779999,5.77422666549683,0
2007-10-23,27.2663059234619,2.23956942558289,4.78636026382446,0
2007-10-24,27.3307418823242,0.752756536006928,4.91369485855103,0
2007-10-25,26.9266109466553,0.356999278068543,5.19647741317749,0
2007-10-26,25.7570095062256,0.283149749040604,4.72902774810791,0
2007-10-27,27.2315673828125,0.0195873696357012,5.94258403778076,0
2007-10-28,27.8293018341065,0.00542825041338801,6.34869432449341,0
2007-10-29,27.7213916778564,0.0199117865413427,6.02329587936401,0
2007-10-30,28.2327690124512,0.454373210668564,5.70491123199463,0
2007-10-31,28.277156829834,0.308374345302582,5.5647029876709,0
2007-11-01,28.3203277587891,0.0146876331418753,5.71160316467285,0
2007-11-02,28.9113750457764,0.655657410621643,6.4772367477417,0
2007-11-03,29.4239444732666,1.00243365764618,6.59129571914673,0
2007-11-04,28.2094039916992,0.133076891303062,6.45813608169556,0
2007-11-05,27.8060054779053,0.122835330665112,6.1491060256958,0
2007-11-06,26.8572673797607,0.350420385599136,4.72559785842896,0
2007-11-07,27.7054119110107,0.0192380622029305,5.95692586898804,0
2007-11-08,27.3189582824707,0.454803109169006,4.86072587966919,0
2007-11-09,27.4675674438477,0.196893706917763,6.01172161102295,0
2007-11-10,26.677734375,0.116589821875095,5.01560401916504,0
2007-11-11,28.1244106292725,0.00609272345900536,6.01240253448486,0
2007-11-12,28.3390331268311,0.294340938329697,5.49037265777588,0
2007-11-13,27.5365962982178,1.77224826812744,4.83179378509522,0
2007-11-14,26.3342628479004,1.7821958065033,4.82133150100708,0
2007-11-15,26.1822662353516,2.80062341690064,4.37108373641968,0
2007-11-16,27.8929615020752,0.967532634735107,5.62325143814087,0
2007-11-17,26.180196762085,2.26827716827393,4.93880319595337,0
2007-11-18,26.467945098877,0.749083936214447,5.51183795928955,0
2007-11-19,25.7837886810303,0.550404965877533,4.6039662361145,0
2007-11-20,27.5508079528809,0.0861947387456894,6.12898063659668,0
2007-11-21,28.3990249633789,0.0949418693780899,5.5804762840271,0
2007-11-22,28.1258029937744,0.254836231470108,4.82896757125855,0
2007-11-23,27.4870853424072,2.05819892883301,3.80378389358521,0
2007-11-24,26.3275756835938,8.52879333496094,2.93221998214722,0
2007-11-25,27.0365962982178,6.60161352157593,3.5804283618927,0
2007-11-26,26.0356826782227,1.03049898147583,3.2460412979126,0
2007-11-27,27.6410369873047,2.08083915710449,3.6003999710083,0
2007-11-28,27.9509296417236,8.01982593536377,4.17961692810059,0
2007-11-29,28.2173252105713,6.03989887237549,4.49306011199951,0
2007-11-30,27.3568058013916,3.26113796234131,4.75811576843262,0
2007-12-01,27.313009262085,2.27083230018616,5.24740648269653,0
2007-12-02,26.7517642974854,0.429150521755219,4.60314273834229,0
2007-12-03,27.2938404083252,1.10808980464935,4.6829252243042,0
2007-12-04,27.0940742492676,0.534168303012848,5.69940614700317,0
2007-12-05,27.6430969238281,0.74286413192749,5.85364151000977,0
2007-12-06,27.6573600769043,0.390858232975006,4.88692855834961,0
2007-12-07,28.7528266906738,0.104841575026512,5.79986429214478,0
2007-12-08,27.6808013916016,0.581899285316467,4.60204315185547,0
2007-12-09,27.613410949707,0.845242142677307,5.17751312255859,0
2007-12-10,27.4729290008545,0.459418684244156,4.71861505508423,0
2007-12-11,26.7106647491455,0.416699379682541,4.32113742828369,0
2007-12-12,26.817268371582,0.746585607528687,5.42826461791992,0
2007-12-13,26.8307609558106,0.000165865625604056,5.68133544921875,0
2007-12-14,28.2008724212647,0.161901608109474,4.93433094024658,0
2007-12-15,28.6668930053711,0.735683500766754,5.39584398269653,0
2007-12-16,29.3072299957275,3.84595775604248,4.07105445861816,0
2007-12-17,26.4801082611084,17.7167949676514,3.54963350296021,0
2007-12-18,26.9411392211914,13.960638999939,3.6526403427124,0
2007-12-19,26.8507919311523,5.11477470397949,5.5409107208252,0
2007-12-20,26.1306915283203,1.55196702480316,5.49550580978394,0
2007-12-21,27.0953311920166,0.128031000494957,5.59524440765381,0
2007-12-22,27.0471916198731,0.0624043978750706,5.91933250427246,0
2007-12-23,26.3309783935547,0.195223227143288,5.66205835342407,0
2007-12-24,26.438814163208,0.53854238986969,4.97271203994751,0
2007-12-25,25.8840980529785,0.803652167320252,4.55089998245239,0
2007-12-26,26.1672954559326,1.03025019168854,4.88647222518921,0
2007-12-27,26.7790088653564,1.42289662361145,5.38286447525024,0
2007-12-28,27.1238803863525,0.0542395226657391,5.49521207809448,0
2007-12-29,26.3795909881592,1.59407508373261,4.75074577331543,0
2007-12-30,27.3990459442139,0.852085292339325,5.06626844406128,0
2007-12-31,26.9716281890869,0.62218165397644,5.04282522201538,0
2008-01-01,26.4627838134766,1.0484676361084,4.77922964096069,0
2008-01-02,26.7861614227295,0.360687106847763,4.80613851547241,0
2008-01-03,27.0302734375,0.169415295124054,5.90235614776611,0
2008-01-04,26.2250366210938,0.730893790721893,4.58096218109131,0
2008-01-05,27.4394607543945,2.00445818901062,4.87446737289429,0
2008-01-06,28.0175685882568,0.246757820248604,5.82081365585327,0
2008-01-07,28.4508686065674,0.0522012449800968,6.10335779190064,0
2008-01-08,28.7583522796631,0.801813781261444,5.40695333480835,0
2008-01-09,28.9482688903809,0.0720544680953026,5.59809732437134,0
2008-01-10,28.3994922637939,0.581357836723328,6.51499032974243,0
2008-01-11,27.5631256103516,0.408257037401199,5.31523704528809,0
2008-01-12,27.8737945556641,0.78615540266037,4.9260630607605,0
2008-01-13,28.7563667297363,0.103900626301765,6.23801994323731,0
2008-01-14,26.4997692108154,1.14785921573639,4.73569393157959,0
2008-01-15,27.0823211669922,1.76743042469025,5.06475496292114,0
2008-01-16,27.6532897949219,3.22081160545349,4.60829544067383,0
2008-01-17,27.2599983215332,3.30073499679565,3.78478741645813,0
2008-01-18,27.6475200653076,2.45475792884827,4.88006782531738,0
2008-01-19,27.4288940429688,3.00127673149109,4.12186861038208,0
2008-01-20,27.9561996459961,0.0150126107037067,6.13031959533691,0
2008-01-21,29.3220901489258,0.180072844028473,5.34985971450806,0
2008-01-22,29.3961296081543,0.323221504688263,5.29865169525147,0
2008-01-23,29.3610572814941,0.385361164808273,6.10948991775513,0
2008-01-24,26.7638988494873,1.08635234832764,3.68140244483948,0
2008-01-25,27.6320114135742,0.662048041820526,4.83934736251831,0
2008-01-26,27.209436416626,0.0990846678614616,4.8945255279541,0
2008-01-27,27.6580562591553,1.08065700531006,4.91169118881226,0
2008-01-28,28.2160091400147,0.403549134731293,5.5873966217041,0
2008-01-29,28.1379642486572,0.78217887878418,5.70912408828735,0
2008-01-30,28.5874404907227,0.528859198093414,4.72172689437866,0
2008-01-31,28.2498455047607,2.57241868972778,4.00302934646606,0
2008-02-01,26.6547412872314,10.9345617294312,2.35708022117615,0
2008-02-02,28.2398185729981,6.56236457824707,4.16522932052612,0.000817
2008-02-03,28.6310367584229,4.54286909103394,5.92062759399414,0
2008-02-04,28.5107860565186,0.199094012379646,6.06435871124268,0
2008-02-05,28.5463390350342,2.01742196083069,5.88688850402832,0
2008-02-06,28.3768939971924,0.318543016910553,5.79440355300903,0
2008-02-07,27.9517993927002,0.582790315151215,6.01697778701782,0
2008-02-08,28.6761283874512,0.713722705841065,4.8972749710083,0
2008-02-09,29.2482032775879,2.89273953437805,5.51364231109619,0
2008-02-10,29.0922412872314,0.188568785786629,6.18561267852783,0
2008-02-11,27.6554698944092,0.207311868667603,4.77836990356445,0
2008-02-12,28.5807456970215,0.811383843421936,4.87545680999756,0
2008-02-13,28.6614398956299,0.581190049648285,4.29758405685425,0
2008-02-14,27.8903331756592,0.989187657833099,5.05524396896362,0
2008-02-15,27.3418292999268,1.43109726905823,4.17827701568604,0
2008-02-16,26.6508941650391,2.59345078468323,4.03342771530151,0
2008-02-17,27.5631923675537,2.12678217887878,3.63064622879028,0
2008-02-18,28.0005378723145,2.07723927497864,4.7168402671814,0
2008-02-19,28.5846004486084,0.950596153736115,4.78881597518921,0
2008-02-20,27.9686851501465,1.46191954612732,4.56138420104981,0
2008-02-21,28.8444118499756,0.260294020175934,5.98404312133789,0
2008-02-22,28.9490280151367,0.0163098108023405,5.33186006546021,0
2008-02-23,29.4238204956055,0.00673906039446592,5.99263954162598,0
2008-02-24,30.0783061981201,0.0676188543438911,5.30903768539429,0
2008-02-25,29.8143577575684,0.0632853880524635,4.96592617034912,0
2008-02-26,29.6903743743897,2.92673945426941,4.43780088424683,0
2008-02-27,27.7473621368408,13.0030536651611,2.85400176048279,0
2008-02-28,26.6834259033203,25.7071189880371,2.4918737411499,0
2008-02-29,25.7928905487061,17.2983131408691,2.80191397666931,0
2008-03-01,27.0489673614502,17.8822555541992,3.25380611419678,0.00147
2008-03-02,27.8936576843262,4.33611249923706,4.6548957824707,0.028743
2008-03-03,27.7138977050781,3.05471706390381,4.73453712463379,0.086556
2008-03-04,28.1689529418945,0.0520406290888786,5.1381459236145,0.068428
2008-03-05,28.5885353088379,0.00749843195080757,5.70979356765747,0.057323
2008-03-06,27.753849029541,0.185079321265221,5.05955266952515,0.052097
2008-03-07,28.2585315704346,1.1941442489624,4.41934680938721,0.037399
2008-03-08,28.3757629394531,0.13247849047184,5.52131509780884,0.037399
2008-03-09,26.7557811737061,2.77239346504211,4.26674890518189,0.032989
2008-03-10,28.3594551086426,1.09163057804108,5.68672847747803,0.028743
2008-03-11,28.3759136199951,0.24000571668148,5.01974964141846,0.017311
2008-03-12,28.1018238067627,0.00122566136997193,4.83057260513306,0.013718
2008-03-13,29.056303024292,1.090660572052,4.70915412902832,0.013718
2008-03-14,29.4724597930908,0.0132510028779507,5.39985799789429,0.02466
2008-03-15,30.372673034668,0.00042366172419861,5.54327154159546,0.047034
2008-03-16,27.5462779998779,0.74082362651825,3.13724875450134,0.057323
2008-03-17,26.9346199035645,5.48814678192139,4.01241874694824,0.08035
2008-03-18,27.1152801513672,3.40071129798889,3.64867639541626,0.08035
2008-03-19,26.4937934875488,6.14169454574585,3.18428468704224,0.08035
2008-03-20,25.3694725036621,8.02492523193359,3.33618426322937,0.062876
2008-03-21,26.1324634552002,4.18371343612671,3.3337504863739,0.047034
2008-03-22,26.3684062957764,3.37421989440918,3.78950023651123,0.037399
2008-03-23,26.7194309234619,1.45304906368256,3.9877028465271,0.032989
2008-03-24,26.4469203948975,5.15436172485352,3.27953743934631,0.028743
2008-03-25,27.240758895874,5.39205265045166,5.0630350112915,0.005879
2008-03-26,25.8467807769775,12.2151765823364,2.39280962944031,0.000327
2008-03-27,26.6637439727783,9.01675033569336,3.72523903846741,0
2008-03-28,26.4835147857666,6.92451810836792,3.13484621047974,0
2008-03-29,26.2654705047607,21.547456741333,2.26058840751648,0
2008-03-30,26.5778961181641,10.000337600708,3.0920557975769,0
2008-03-31,24.4926834106445,14.5902261734009,2.26826786994934,0
2008-04-01,24.844669342041,13.2844066619873,2.91805624961853,0
2008-04-02,25.5907955169678,8.34344291687012,3.25600266456604,0
2008-04-03,25.6634559631348,11.8148069381714,3.26241016387939,0
2008-04-04,26.5474090576172,3.45440769195557,4.25891065597534,0
2008-04-05,26.8761348724365,0.570145487785339,4.37380504608154,0
2008-04-06,26.6671237945557,4.07852792739868,2.94013404846191,0
2008-04-07,26.6001224517822,3.99114203453064,3.87139391899109,0
2008-04-08,26.1338596343994,0.791837394237518,3.81149411201477,0
2008-04-09,26.6997127532959,3.02993679046631,3.5752911567688,0
2008-04-10,26.2729511260986,7.31732702255249,3.07651591300964,0
2008-04-11,25.842679977417,1.31972897052765,3.46096849441528,0
2008-04-12,26.1716918945313,0.888240516185761,3.69822549819946,0
2008-04-13,26.6708030700684,1.0080806016922,3.78868007659912,0
2008-04-14,26.891056060791,0.792643487453461,4.22164535522461,0
2008-04-15,27.438985824585,2.6249258518219,3.88228702545166,0
2008-04-16,26.8832340240479,1.40216636657715,3.29339170455933,0
2008-04-17,26.3828315734863,3.67921853065491,3.28246521949768,0
2008-04-18,25.9729671478272,2.84173941612244,2.83860015869141,0
2008-04-19,25.4507255554199,2.48061227798462,3.80771565437317,0
2008-04-20,25.7771453857422,2.165931224823,3.28041481971741,0
2008-04-21,26.6038131713867,1.22364270687103,4.4947338104248,0
2008-04-22,25.5600414276123,0.289768278598785,2.87895584106445,0
2008-04-23,26.5017547607422,1.76895713806152,3.37226557731628,0
2008-04-24,26.3316593170166,1.05630350112915,4.13566160202026,0
2008-04-25,27.7438850402832,0.442139774560928,4.12674808502197,0
2008-04-26,27.4397983551025,0.158820852637291,4.57261085510254,0
2008-04-27,25.9327983856201,0.0823330953717232,4.38343667984009,0
2008-04-28,26.821310043335,0.548864185810089,3.26871109008789,0
2008-04-29,26.7686939239502,4.94175004959106,3.55571150779724,0
2008-04-30,26.9159164428711,3.74992275238037,3.81569695472717,0
2008-05-01,26.3766250610352,2.01968431472778,3.69876194000244,0
2008-05-02,24.9307460784912,8.83062362670898,1.77839028835297,0
2008-05-03,25.7305126190186,5.27432584762573,3.22335958480835,0
2008-05-04,26.4804363250732,1.89596843719482,4.02365112304688,0
2008-05-05,25.6081123352051,0.370967119932175,3.44438576698303,0
2008-05-06,26.8645458221436,1.26561522483826,3.34889674186707,0
2008-05-07,26.3322525024414,0.460413783788681,3.12881541252136,0
2008-05-08,25.6409244537354,2.80574989318848,2.61357259750366,0
2008-05-09,26.051778793335,2.18371081352234,3.30255031585693,0
2008-05-10,24.5496158599854,1.85540401935577,2.52472448348999,0
2008-05-11,24.9072589874268,2.17079615592957,2.87247323989868,0
2008-05-12,23.5839214324951,3.56170797348022,2.39017724990845,0
2008-05-13,23.6697425842285,3.68494749069214,3.16259098052979,0
2008-05-14,24.0910148620605,1.75634121894836,3.03771471977234,0
2008-05-15,24.2792587280273,1.7985919713974,2.77652764320374,0
2008-05-16,24.6390647888184,1.28530824184418,3.29852223396301,0
2008-05-17,24.1005516052246,1.44856882095337,2.99441242218018,0
2008-05-18,23.8645191192627,4.96868562698364,2.63788676261902,0
2008-05-19,24.633228302002,3.72489166259766,3.00270891189575,0.000327
2008-05-20,25.0105247497559,1.13172507286072,3.36072397232056,0.000817
2008-05-21,24.8154945373535,1.24739873409271,2.94719481468201,0.000817
2008-05-22,24.4670600891113,0.458393692970276,2.78389000892639,0.000817
2008-05-23,24.817195892334,1.2845002412796,3.09652209281921,0.000817
2008-05-24,24.027379989624,1.30692315101624,1.49055147171021,0.000817
2008-05-25,24.847505569458,1.41005003452301,3.01104831695557,0.00147
2008-05-26,24.4262142181397,0.812423825263977,2.98166155815125,0.004083
2008-05-27,24.5146255493164,1.2982964515686,2.82016897201538,0.005879
2008-05-28,24.3983612060547,5.60734605789185,3.1154580116272,0.008002
2008-05-29,24.9678459167481,1.51757407188416,2.99966669082642,0.005879
2008-05-30,25.2751121520996,1.7927280664444,3.59142303466797,0.004083
2008-05-31,23.830774307251,0.791216731071472,2.43398094177246,0.004083
2008-06-01,24.1554145812988,4.01875591278076,3.20521569252014,0.004083
2008-06-02,22.5842037200928,3.11365270614624,3.01085615158081,0.004083
2008-06-03,23.3323040008545,0.923182487487793,2.02220010757446,0.004083
2008-06-04,23.8840103149414,1.74683904647827,3.14562034606934,0.004083
2008-06-05,23.3227348327637,0.868379712104797,2.68034052848816,0.004083
2008-06-06,24.2837333679199,2.10400390625,2.04027056694031,0.013718
2008-06-07,24.2054767608643,4.39844036102295,2.65839195251465,0.013718
2008-06-08,23.875638961792,3.26018142700195,1.88693535327911,0.020904
2008-06-09,25.2510280609131,3.96315455436707,3.21872186660767,0.020904
2008-06-10,23.8799438476563,3.01914620399475,2.73787665367126,0.013718
2008-06-11,22.2470722198486,1.42757844924927,2.64267635345459,0.005879
2008-06-12,23.859354019165,1.19456100463867,2.70620203018189,0.004083
2008-06-13,22.4833202362061,1.61332476139069,2.03839468955994,0.004083
2008-06-14,23.1765613555908,1.60495829582214,2.79215025901794,0.004083
2008-06-15,22.6173648834229,0.553905963897705,2.73721694946289,0.004083
2008-06-16,22.6988334655762,0.200291574001312,2.33844327926636,0.004083
2008-06-17,24.4357872009277,0.0789434239268303,3.54000282287598,0.002613
2008-06-18,23.0380744934082,3.16415357589722,2.66606712341309,0.002613
2008-06-19,22.2420425415039,0.59855443239212,2.89484453201294,0.000327
2008-06-20,23.9099159240723,0.0579196102917194,3.35473322868347,0.000327
2008-06-21,23.5376358032227,0.0421711839735508,3.21662998199463,0.000327
2008-06-22,23.5545082092285,1.91709959506989,2.55743288993835,0
2008-06-23,23.8316078186035,4.23747682571411,1.59987413883209,0
2008-06-24,23.2098045349121,5.45384311676025,2.53057909011841,0
2008-06-25,23.760763168335,1.62779188156128,2.90892386436462,0
2008-06-26,22.8123035430908,5.0292911529541,2.18338704109192,0
2008-06-27,22.5704174041748,11.0787973403931,1.94978225231171,0
2008-06-28,23.0420818328857,7.47307682037354,2.37384486198425,0
2008-06-29,22.4563865661621,3.26364541053772,2.85105514526367,0
2008-06-30,21.9944400787354,3.48602247238159,2.43863844871521,0
2008-07-01,22.9656734466553,3.29202675819397,2.37733626365662,0.00147
2008-07-02,22.8198070526123,0.313397586345673,2.85086178779602,0.010615
2008-07-03,22.3472156524658,2.16021251678467,2.36161065101624,0.013718
2008-07-04,22.1769390106201,2.45142650604248,2.41385316848755,0.020904
2008-07-05,22.3807010650635,1.29405379295349,2.2040388584137,0.037399
2008-07-06,23.0918560028076,4.17967414855957,2.14152312278748,0.042135
2008-07-07,22.6803016662598,3.20887112617493,3.01050472259522,0.037399
2008-07-08,21.4783802032471,0.322597622871399,3.18621587753296,0.020904
2008-07-09,21.9068145751953,0.27546626329422,3.62710404396057,0.013718
2008-07-10,22.2179203033447,2.36566567420959,1.88506698608398,0.008002
2008-07-11,22.4873752593994,4.01595878601074,2.18635940551758,0.005879
2008-07-12,21.8470668792725,4.12165927886963,2.31808519363403,0.002613
2008-07-13,21.1174507141113,2.62721848487854,2.53600907325745,0.005879
2008-07-14,21.3301525115967,2.90113639831543,2.31825613975525,0.010615
2008-07-15,21.8059711456299,4.26110792160034,2.42815375328064,0.013718
2008-07-16,21.9027137756348,2.10832619667053,3.01076793670654,0.013718
2008-07-17,21.4055290222168,1.85507047176361,2.42013573646545,0.037399
2008-07-18,23.0474224090576,1.65566468238831,2.72954392433167,0.047034
2008-07-19,22.6827659606934,1.01224601268768,2.88815116882324,0.047034
2008-07-20,21.1566104888916,0.68223649263382,2.57820773124695,0.047034
2008-07-21,21.1717586517334,0.236227154731751,2.31136083602905,0.032989
2008-07-22,22.5098838806152,2.55374097824097,2.56256532669067,0.032989
2008-07-23,22.3917751312256,1.04295265674591,3.03218245506287,0.032989
2008-07-24,21.538236618042,0.364776611328125,3.91870808601379,0.028743
2008-07-25,21.121789932251,0.00769387604668737,3.57539820671082,0.02466
2008-07-26,21.9097061157227,0.000364987878128886,3.2331383228302,0.020904
2008-07-27,23.2421455383301,0.32921838760376,3.63061857223511,0.013718
2008-07-28,21.8263320922852,3.78647589683533,2.35900568962097,0.013718
2008-07-29,21.9446182250977,6.05233860015869,2.48828554153442,0.008002
2008-07-30,22.5778198242188,3.9226701259613,3.63992738723755,0.008002
2008-07-31,22.2654647827148,0.60482132434845,3.0845513343811,0.008002
2008-08-01,22.3495655059814,0.466040641069412,2.6307864189148,0.013718
2008-08-02,22.799690246582,2.12115979194641,2.188720703125,0.013718
2008-08-03,23.6706371307373,1.59022009372711,1.97382402420044,0.013718
2008-08-04,24.8253574371338,0.696577072143555,3.20181179046631,0.013718
2008-08-05,25.4417629241943,0.815871834754944,3.84761142730713,0.005879
2008-08-06,22.0654525756836,0.84089982509613,2.37792038917542,0.005879
2008-08-07,22.4706077575684,0.83782833814621,2.69882726669312,0.002613
2008-08-08,23.2475509643555,1.5746431350708,2.76941871643066,0.00147
2008-08-09,22.8940124511719,0.456685662269592,3.1887047290802,0.00147
2008-08-10,22.8160877227783,0.911580741405487,2.51187992095947,0.00147
2008-08-11,22.6732177734375,1.27496433258057,2.79861617088318,0.002613
2008-08-12,23.1987342834473,2.92294645309448,3.10083556175232,0.004083
2008-08-13,21.8662853240967,2.87792038917542,2.37760591506958,0.008002
2008-08-14,22.6779804229736,2.22257256507874,2.59100604057312,0.008002
2008-08-15,22.6003875732422,3.46607255935669,3.063725233078,0.008002
2008-08-16,23.3196468353272,3.03655767440796,2.75688576698303,0.010615
2008-08-17,23.1774921417236,2.00130224227905,3.45632553100586,0.013718
2008-08-18,21.8537540435791,1.42148756980896,2.7156879901886,0.013718
2008-08-19,22.66162109375,2.46744012832642,2.87128686904907,0.013718
2008-08-20,22.0790214538574,2.37989830970764,2.95624804496765,0.013718
2008-08-21,22.3500499725342,2.81359004974365,2.31697773933411,0.013718
2008-08-22,22.8188781738281,0.813859820365906,3.26717567443848,0.013718
2008-08-23,23.3032608032227,1.22844398021698,3.3042323589325,0.013718
2008-08-24,23.5536670684814,0.615356922149658,4.07513904571533,0.013718
2008-08-25,21.9637203216553,1.18208277225494,3.10900402069092,0.013718
2008-08-26,23.5777492523193,0.935997426509857,4.53866767883301,0.013718
2008-08-27,22.5760974884033,0.194596186280251,4.55503845214844,0.017311
2008-08-28,23.3168201446533,0.105894491076469,4.08871412277222,0.010615
2008-08-29,23.6933155059814,0.0661624073982239,4.00283288955689,0.002613
2008-08-30,24.5353393554688,0.098511204123497,4.58822345733643,0.002613
2008-08-31,23.8389739990234,0.0173713453114033,4.33579206466675,0.000817
2008-09-01,23.4147205352783,0.59542441368103,2.7173182964325,0.000327
2008-09-02,23.5979976654053,2.40245032310486,3.08426475524902,0.000817
2008-09-03,23.8274784088135,1.50887012481689,3.33317112922668,0.004083
2008-09-04,23.2465152740479,1.11925435066223,3.16602540016174,0.005879
2008-09-05,23.9643478393555,0.42400649189949,5.03175354003906,0.002613
2008-09-06,23.9515953063965,0.098188228905201,4.79717588424683,0.002613
2008-09-07,26.2120475769043,0.132780149579048,4.73264503479004,0.00147
2008-09-08,26.2978897094727,0.166625663638115,4.81172275543213,0.00147
2008-09-09,25.1505374908447,0.375276982784271,4.55045175552368,0.00147
2008-09-10,23.3464469909668,2.16967463493347,2.76406216621399,0.000817
2008-09-11,24.4783840179443,2.79714250564575,3.45566153526306,0.000327
2008-09-12,25.3034954071045,1.40711784362793,3.95221924781799,0
2008-09-13,24.9461936950684,0.656465828418732,4.42159366607666,0
2008-09-14,25.6130065917969,0.276974648237228,4.22006320953369,0
2008-09-15,25.0072021484375,0.00181166094262153,4.70488023757935,0
2008-09-16,25.7211074829102,0.0282566323876381,4.63518619537354,0
2008-09-17,24.9482898712158,0.303969293832779,4.53010606765747,0
2008-09-18,24.9707679748535,0.677434504032135,5.31824111938477,0
2008-09-19,25.0273685455322,0.831640720367432,4.49914455413818,0
2008-09-20,24.0048084259033,2.39665627479553,2.97101449966431,0
2008-09-21,23.1510887145996,4.76858615875244,2.16171479225159,0
2008-09-22,24.6577491760254,0.818181693553925,3.62533354759216,0.000327
2008-09-23,26.4811477661133,2.10843263630522e-05,5.5269513130188,0.000327
2008-09-24,26.6289329528809,0.13051825761795,5.3176794052124,0.000327
2008-09-25,26.3999633789063,0.483306616544724,4.38206720352173,0.000327
2008-09-26,24.13352394104,1.82375717163086,2.94139361381531,0.000327
2008-09-27,22.8257598876953,4.28734636306763,2.00210762023926,0.000327
2008-09-28,24.4679622650147,1.36634933948517,3.19679236412048,0.000327
2008-09-29,25.4301300048828,0.190082848072052,3.82143211364746,0.000327
2008-09-30,26.5212783813477,2.12574529647827,3.47397398948669,0.000327
2008-10-01,26.4846591949463,1.980229139328,3.83582139015198,0.000327
2008-10-02,26.5370979309082,0.984115421772003,4.24514389038086,0.000327
2008-10-03,27.1407051086426,0.54889702796936,4.36221313476563,0.000327
2008-10-04,26.495548248291,0.455774873495102,4.02062368392944,0.000327
2008-10-05,26.8802070617676,1.68778145313263,4.3552770614624,0.000817
2008-10-06,26.8434715270996,0.556930780410767,5.49296569824219,0.000817
2008-10-07,25.7120609283447,1.12340319156647,4.10373401641846,0.000817
2008-10-08,24.5841789245605,1.44641780853271,3.86861848831177,0.000817
2008-10-09,24.2065544128418,2.0610830783844,3.63410902023315,0.00147
2008-10-10,24.4038410186768,2.4603066444397,4.11304903030396,0.00147
2008-10-11,25.092493057251,2.12494301795959,4.60313606262207,0.000817
2008-10-12,24.9461975097656,4.25788497924805,4.31658506393433,0.000327
2008-10-13,25.2129249572754,5.77147674560547,3.55423521995544,0
2008-10-14,26.2701740264893,2.3392972946167,4.78012609481812,0
2008-10-15,25.44482421875,1.12287867069244,3.51509046554565,0.000817
2008-10-16,26.4413299560547,0.849288761615753,5.49341821670532,0.000817
2008-10-17,26.5354804992676,0.0155068514868617,5.52583980560303,0.000817
2008-10-18,27.2828407287598,0.0620041415095329,4.918776512146,0.000817
2008-10-19,28.0701408386231,0.22949156165123,5.2344856262207,0.000817
2008-10-20,27.5759983062744,0.0743221193552017,5.6461992263794,0.00147
2008-10-21,27.2483959197998,0.500613570213318,5.34186172485352,0.000817
2008-10-22,27.350830078125,1.97042596340179,5.21954441070557,0.000327
2008-10-23,25.9617824554443,0.542590141296387,4.29516792297363,0.000327
2008-10-24,26.8068923950195,0.772687137126923,5.07865238189697,0
2008-10-25,27.3483734130859,0.367086529731751,5.26163482666016,0
2008-10-26,26.6500854492188,0.170387387275696,4.52312469482422,0
2008-10-27,27.6194763183594,0.155982911586761,5.26343774795532,0
2008-10-28,27.7878608703613,0.00620489614084363,5.84708738327026,0
2008-10-29,27.9705829620361,0.036065474152565,4.84109592437744,0
2008-10-30,27.0230941772461,0.21422490477562,4.63068342208862,0
2008-10-31,28.6329097747803,0.171997934579849,6.48276567459106,0
2008-11-01,26.7524871826172,0.221441060304642,5.73923206329346,0
2008-11-02,28.1068592071533,0.00072106154402718,5.91071939468384,0
2008-11-03,28.4299621582031,0.0250348504632711,5.44760990142822,0
2008-11-04,29.3484497070313,0.000182914038305171,5.9705286026001,0
2008-11-05,29.0490665435791,0.0296075753867626,6.10171747207642,0
2008-11-06,28.9785194396973,0.0251561813056469,6.23715305328369,0
2008-11-07,28.923620223999,0.00875881966203451,6.16062927246094,0
2008-11-08,29.4327335357666,0.0133000649511814,6.41872215270996,0
2008-11-09,29.5551280975342,0.594284474849701,6.57937097549439,0
2008-11-10,28.9772281646729,0.000167723279446363,6.06465673446655,0
2008-11-11,28.5624046325684,0.0274204798042774,5.40728378295898,0
2008-11-12,28.8384075164795,2.28035807609558,5.5528678894043,0
2008-11-13,28.8696346282959,0.811745643615723,5.33418846130371,0
2008-11-14,28.9346351623535,0.117077820003033,5.44037103652954,0
2008-11-15,28.9180507659912,0.0439987778663635,6.43260526657105,0
2008-11-16,28.7165184020996,0.0356255285441875,6.23136520385742,0
2008-11-17,28.4662399291992,0.367915958166122,5.82779598236084,0
2008-11-18,28.1874198913574,0.0472430177032948,4.71603345870972,0
2008-11-19,27.7516899108887,0.0304736979305744,4.09433364868164,0
2008-11-20,27.591495513916,0.643149197101593,4.46777296066284,0
2008-11-21,27.8120784759522,0.615511775016785,4.991623878479,0
2008-11-22,27.8321266174316,0.477565795183182,5.32626533508301,0
2008-11-23,27.06396484375,0.622755885124207,5.2127890586853,0
2008-11-24,26.1362133026123,1.31208610534668,4.37241077423096,0
2008-11-25,27.4084968566895,1.07495725154877,4.41689538955689,0
2008-11-26,28.0436668395996,4.73734617233276,5.62944984436035,0
2008-11-27,28.220853805542,0.396742969751358,5.19751596450806,0
2008-11-28,27.243839263916,0.0192660819739103,4.64887237548828,0
2008-11-29,27.700777053833,0.262909710407257,4.77632427215576,0
2008-11-30,28.0687599182129,1.39755511283875,4.70910263061523,0.002613
2008-12-01,27.5849075317383,6.09745264053345,2.86171698570251,0.004083
2008-12-02,27.2672004699707,12.8722324371338,3.83345460891724,0.005879
2008-12-03,27.182373046875,9.55902481079102,3.99786829948425,0.008002
2008-12-04,28.8931255340576,4.99662160873413,5.3654670715332,0.002613
2008-12-05,29.1050910949707,3.6114296913147,5.12674808502197,0.00147
2008-12-06,27.8094005584717,2.97101235389709,5.22102212905884,0.00147
2008-12-07,26.895528793335,4.97089195251465,4.62805080413818,0.002613
2008-12-08,25.3057823181152,5.06116962432861,2.67723369598389,0.037399
2008-12-09,25.9784469604492,5.38141345977783,3.39048910140991,0.134244
2008-12-10,26.2725696563721,9.22214031219482,3.90056586265564,0.520154
2008-12-11,26.5008277893066,9.91390800476074,4.09849882125855,0.308826
2008-12-12,27.2798480987549,3.85341906547546,4.84171009063721,0.269794
2008-12-13,27.468240737915,2.58436274528503,4.79257249832153,0.22374
2008-12-14,27.4798583984375,0.509837746620178,4.7037844657898,0.19761
2008-12-15,27.3962306976318,0.168831393122673,5.09962558746338,0.172786
2008-12-16,26.1603965759277,0.487341642379761,3.08202719688416,0.134244
2008-12-17,26.9889583587647,0.157774582505226,4.13443374633789,0.099295
2008-12-18,27.4695301055908,0.523683428764343,5.26255798339844,0.062876
2008-12-19,25.871509552002,1.23783051967621,4.18510961532593,0.057323
2008-12-20,26.0127506256104,1.07703173160553,4.23616075515747,0.047034
2008-12-21,27.0507068634033,1.81374454498291,3.96827483177185,0.028743
2008-12-22,26.935884475708,3.1618664264679,4.12450361251831,0.013718
2008-12-23,27.1084957122803,7.55608654022217,3.09533619880676,0.00147
2008-12-24,26.6479187011719,7.63048601150513,2.75138378143311,0
2008-12-25,27.8670158386231,3.58826065063477,5.27199840545654,0
2008-12-26,27.7185974121094,0.581253111362457,5.77571535110474,0
2008-12-27,27.5211887359619,0.15069517493248,4.99817323684692,0
2008-12-28,27.4142189025879,1.34846007823944,5.09870958328247,0
2008-12-29,27.7594623565674,0.145263448357582,5.31678438186646,0
2008-12-30,27.4288215637207,0.16326367855072,5.00443410873413,0
2008-12-31,28.1598682403564,0.00120492686983198,5.58744287490845,0
2009-01-01,27.7912673950195,0.100930862128735,5.28763055801392,0
2009-01-02,28.9293079376221,0.27581986784935,5.52568054199219,0
2009-01-03,28.6646518707275,0.0555392727255821,5.15151166915894,0
2009-01-04,29.5169887542725,2.40725541114807,4.81916379928589,0
2009-01-05,27.6787128448486,13.7324342727661,3.62374567985535,0
2009-01-06,27.9038047790527,13.7421712875366,4.12384462356567,0
2009-01-07,27.6653995513916,3.99761509895325,3.72542333602905,0
2009-01-08,26.9915828704834,3.74469089508057,4.68194532394409,0
2009-01-09,26.290958404541,2.09824347496033,4.37074089050293,0
2009-01-10,26.5115261077881,2.48743915557861,4.37544965744019,0
2009-01-11,26.8865051269531,2.82572221755981,4.43400716781616,0
2009-01-12,26.8227195739746,4.27794742584229,3.03201365470886,0
2009-01-13,27.6153259277344,2.16378164291382,5.4347128868103,0
2009-01-14,27.1339874267578,1.72872912883759,3.81079483032227,0
2009-01-15,27.1980628967285,1.66841328144073,5.20410490036011,0
2009-01-16,27.6361503601074,1.41625034809113,4.36266899108887,0
2009-01-17,28.5564632415772,1.1966780424118,4.92709445953369,0
2009-01-18,28.3953132629395,1.14306056499481,5.54127979278565,0
2009-01-19,25.9436874389648,0.0102552063763142,4.63789653778076,0
2009-01-20,26.9922409057617,0.0393105857074261,5.00223302841187,0
2009-01-21,27.9244327545166,0.35662829875946,5.21112823486328,0
2009-01-22,29.1267433166504,0.430195957422256,4.89191579818726,0
2009-01-23,28.8984680175781,0.768469631671906,4.98673915863037,0
2009-01-24,27.8056793212891,2.10045671463013,4.44251585006714,0
2009-01-25,28.1107006072998,2.01834297180176,4.8041934967041,0
2009-01-26,28.4333000183106,1.37622237205505,5.24031019210815,0
2009-01-27,28.8202819824219,0.607722759246826,5.46438884735107,0
2009-01-28,28.634599685669,0.114689759910107,4.9899115562439,0
2009-01-29,28.0320854187012,0.587213277816773,4.8206262588501,0
2009-01-30,28.3767929077148,1.15083396434784,5.83498811721802,0
2009-01-31,28.074052810669,0.0698432549834251,4.70976114273071,0
2009-02-01,28.9823207855225,0.176716610789299,5.08960723876953,0
2009-02-02,28.764705657959,0.523762106895447,4.98913621902466,0
2009-02-03,28.4542636871338,3.48406672477722,3.88149809837341,0
2009-02-04,28.0093517303467,1.6969393491745,4.93246269226074,0
2009-02-05,28.3765640258789,0.809270262718201,4.96477365493774,0
2009-02-06,28.7423896789551,0.416238576173782,5.01431226730347,0
2009-02-07,28.2929496765137,0.269415974617004,5.03763675689697,0
2009-02-08,28.8395767211914,1.26661813259125,4.8674521446228,0
2009-02-09,29.2252902984619,1.47386062145233,5.06293535232544,0
2009-02-10,29.535852432251,0.211390107870102,5.92077589035034,0
2009-02-11,28.8129634857178,0.374826073646545,4.60817956924439,0
2009-02-12,28.7169551849365,0.452971369028091,4.91866636276245,0
2009-02-13,29.4872856140137,0.130043894052506,5.45511436462402,0
2009-02-14,29.2418460845947,1.41767084598541,4.73099708557129,0
2009-02-15,29.0559940338135,1.830721616745,5.8662223815918,0
2009-02-16,27.4159564971924,1.15172350406647,4.85865497589111,0
2009-02-17,25.6557388305664,5.62923860549927,2.37641859054565,0
2009-02-18,25.8490028381348,9.09922122955322,2.67316913604736,0
2009-02-19,25.9863471984863,3.91802382469177,3.82931303977966,0
2009-02-20,26.3857154846191,4.04917287826538,3.9813380241394,0
2009-02-21,27.737211227417,7.12263298034668,4.16400909423828,0
2009-02-22,26.7382316589356,14.9541349411011,3.44605326652527,0
2009-02-23,26.0072479248047,6.79274415969849,2.69890856742859,0
2009-02-24,27.0093822479248,4.81385850906372,4.42280721664429,0
2009-02-25,28.0146484375,2.7295253276825,4.81640768051148,0
2009-02-26,27.5214099884033,2.72524952888489,3.9767861366272,0
2009-02-27,26.4664058685303,3.53301382064819,4.31321334838867,0
2009-02-28,26.7691783905029,1.98310971260071,3.92525196075439,0
2009-03-01,27.1984081268311,2.80153155326843,4.57649946212769,0
2009-03-02,27.1404209136963,0.46568289399147,4.36709880828857,0
2009-03-03,28.0833168029785,0.805887758731842,4.97656297683716,0
2009-03-04,29.0314540863037,0.191574707627296,4.43202590942383,0
2009-03-05,29.6973915100098,0.179469093680382,5.28538370132446,0
2009-03-06,28.8544616699219,0.0967368334531784,5.30438089370728,0
2009-03-07,29.4833755493164,0.607085824012756,5.50757837295532,0
2009-03-08,29.47287940979,0.00751123670488596,5.56658315658569,0
2009-03-09,29.0823383331299,0.478058129549027,5.39891862869263,0
2009-03-10,29.0043354034424,0.0227760169655085,5.11542987823486,0
2009-03-11,28.9966449737549,0.0341364182531834,5.15940618515015,0
2009-03-12,28.1430759429932,0.395804524421692,4.21639347076416,0
2009-03-13,29.3007106781006,0.674789905548096,4.8767237663269,0
2009-03-14,29.969690322876,0.165262311697006,5.25026559829712,0
2009-03-15,30.6524963378906,0.708402812480927,5.79451942443848,0
2009-03-16,30.8353977203369,0.0802093297243118,5.80678796768189,0
2009-03-17,28.3161449432373,6.97990465164185,3.64282727241516,0
2009-03-18,28.5611629486084,18.3614349365234,5.01639413833618,0
2009-03-19,28.5856971740723,1.12513518333435,3.98502612113953,0
2009-03-20,27.8535289764404,3.19207763671875,4.69732093811035,0
2009-03-21,29.477352142334,1.35881435871124,4.94021558761597,0
2009-03-22,29.5969772338867,0.241907000541687,5.19683790206909,0
2009-03-23,29.7391147613525,0.408305555582047,5.07080984115601,0
2009-03-24,29.9523315429688,0.0182060599327087,5.18935298919678,0
2009-03-25,30.0238552093506,0.346916884183884,4.75702333450317,0
2009-03-26,30.3795719146729,1.01227629184723,5.07989692687988,0
2009-03-27,30.3203639984131,0.86381208896637,5.06028842926025,0
2009-03-28,29.4405822753906,0.204083770513535,5.51061582565308,0
2009-03-29,30.2554740905762,0.15405897796154,5.21734380722046,0
2009-03-30,30.2467231750488,0.710196197032929,4.92016124725342,0
2009-03-31,30.3710498809815,0.0603622309863567,4.69909620285034,0
2009-04-01,30.4529151916504,0.187678471207619,4.85858011245728,0
2009-04-02,31.0374870300293,3.03363943099976,4.31933975219727,0
2009-04-03,28.0353736877441,8.07425403594971,3.42553734779358,0
2009-04-04,28.1671943664551,8.16740703582764,4.18747615814209,0
2009-04-05,28.9319324493408,2.23069000244141,4.95744276046753,0
2009-04-06,27.6755104064941,1.42865514755249,4.36558103561401,0
2009-04-07,28.9153423309326,0.375554710626602,4.60416555404663,0
2009-04-08,29.5829162597656,0.155002698302269,4.29109668731689,0
2009-04-09,29.2573566436768,0.201262444257736,4.18736743927002,0
2009-04-10,29.1900234222412,1.41744673252106,4.22895383834839,0
2009-04-11,28.9118537902832,3.09492564201355,4.14706182479858,0
2009-04-12,27.6072998046875,2.20725703239441,3.8596727848053,0
2009-04-13,27.3676910400391,2.31948709487915,3.8808913230896,0
2009-04-14,27.4809894561768,2.33109569549561,3.97938823699951,0
2009-04-15,27.7807750701904,1.56494033336639,4.59224987030029,0
2009-04-16,26.4563007354736,1.10396075248718,3.60449552536011,0
2009-04-17,27.2260036468506,2.27843761444092,3.90115594863892,0
2009-04-18,26.0646324157715,3.92531609535217,2.8215663433075,0
2009-04-19,25.6829166412354,5.74904870986939,3.26608037948608,0
2009-04-20,26.1029319763184,5.89176416397095,3.24370861053467,0
2009-04-21,25.6806392669678,12.3553018569946,2.23548650741577,0
2009-04-22,24.9645652770996,13.1184225082397,2.22572660446167,0.007186
2009-04-23,25.3363056182861,6.13352346420288,2.54486155509949,0.007186
2009-04-24,25.617733001709,4.51479387283325,2.77112507820129,0.007186
2009-04-25,26.238697052002,6.62786245346069,3.45051836967468,0.008819
2009-04-26,26.9239654541016,4.74172401428223,3.01401400566101,0.009799
2009-04-27,27.029712677002,4.50237512588501,4.31632041931152,0.011759
2009-04-28,26.8316230773926,0.403678834438324,4.02283096313477,0.011759
2009-04-29,25.5823726654053,1.08481228351593,2.82614684104919,0.012738
2009-04-30,26.1312084197998,1.79257202148438,3.34554982185364,0.015188
2009-05-01,26.3334541320801,1.76320731639862,4.00320291519165,0.017801
2009-05-02,25.8350372314453,0.0296303406357765,3.81537914276123,0.017801
2009-05-03,23.5931968688965,5.69573450088501,1.7697468996048,0.017801
2009-05-04,24.1923789978027,12.9612874984741,2.03269696235657,0.020741
2009-05-05,24.2673225402832,14.3201112747192,1.75478684902191,0.020741
2009-05-06,24.9700508117676,10.8164720535278,1.89004004001617,0.020741
2009-05-07,25.1289939880371,13.0273294448853,1.81736946105957,0.020741
2009-05-08,24.529182434082,9.21987056732178,1.78751611709595,0.02417
2009-05-09,24.6560668945313,10.1158895492554,2.05086374282837,0.02858
2009-05-10,24.7911472320557,6.0876317024231,2.47276902198792,0.033316
2009-05-11,24.7413425445557,5.00903177261353,2.22380208969116,0.033316
2009-05-12,24.7455310821533,5.91480541229248,2.16835689544678,0.033316
2009-05-13,23.2148628234863,44.6529731750488,0.352272778749466,0.038542
2009-05-14,25.0380344390869,28.2456150054932,2.44783902168274,0.132284
2009-05-15,26.2069683074951,15.1091022491455,2.79742026329041,0.255423
2009-05-16,26.2540493011475,12.7689208984375,2.92925453186035,0.447806
2009-05-17,25.3001365661621,11.5165071487427,1.86406874656677,0.594135
2009-05-18,24.0816917419434,14.9764995574951,1.82312989234924,0.767084
2009-05-19,23.3431415557861,8.40598011016846,1.87371385097504,1.074931
2009-05-20,23.1588954925537,3.0317862033844,1.37583899497986,1.364159
2009-05-21,22.1352996826172,4.19883441925049,0.922404229640961,1.569118
2009-05-22,22.7889957427979,33.1922111511231,1.08261895179749,1.819641
2009-05-23,24.191104888916,19.7548217773438,2.69572305679321,1.569118
2009-05-24,23.2125129699707,4.21142292022705,2.28413939476013,1.397802
2009-05-25,23.7343997955322,3.45185136795044,2.95737457275391,1.265355
2009-05-26,23.4745216369629,1.12344801425934,2.56731748580933,1.013688
2009-05-27,24.0351829528809,0.659591913223267,2.89726638793945,0.725929
2009-05-28,23.7825679779053,11.3224153518677,1.55933976173401,0.619775
2009-05-29,24.380500793457,11.6534748077393,1.87213516235352,0.519338
2009-05-30,24.3997669219971,9.63289833068848,2.16173052787781,0.459401
2009-05-31,24.6663265228272,6.18915557861328,2.86618995666504,0.379868
2009-06-01,24.4627571105957,0.137200102210045,2.92489886283875,0.357984
2009-06-02,25.1851634979248,0.374145925045013,3.29947209358215,0.325974
2009-06-03,25.1096439361572,0.034979335963726,2.62211227416992,0.27502
2009-06-04,23.9329376220703,2.36596846580505,2.713543176651,0.255423
2009-06-05,24.4889450073242,3.49180912971497,2.50167798995972,0.255423
2009-06-06,24.8938789367676,1.77323877811432,3.03435802459717,0.255423
2009-06-07,24.3794212341309,2.11228609085083,3.14574074745178,0.217534
2009-06-08,23.0675830841064,4.66813564300537,2.10286641120911,0.217534
2009-06-09,22.9282417297363,5.89943027496338,1.92523121833801,0.199406
2009-06-10,24.1162242889404,2.69331240653992,2.98772144317627,0.148126
2009-06-11,24.465799331665,1.00978124141693,3.2064323425293,0.10991
2009-06-12,23.1491069793701,1.37387835979462,2.62525057792664,0.099785
2009-06-13,22.7866020202637,0.712576985359192,2.0854754447937,0.090149
2009-06-14,23.3722534179688,0.427485525608063,2.61942386627197,0.072675
2009-06-15,23.1513557434082,3.54650616645813,2.03282356262207,0.072675
2009-06-16,22.838415145874,7.35008907318115,1.77981877326965,0.10991
2009-06-17,23.7612934112549,2.89145922660828,2.6843159198761,0.16462
2009-06-18,23.4507255554199,1.67414569854736,1.40236401557922,0.208388
2009-06-19,24.3431453704834,2.34357237815857,2.67937970161438,0.255423
2009-06-20,23.5255260467529,3.82932043075562,2.50689625740051,0.305233
2009-06-21,22.7152976989746,4.10361194610596,2.43385624885559,0.368926
2009-06-22,22.6066551208496,2.3867666721344,2.03504753112793,0.424779
2009-06-23,23.4852600097656,2.40188002586365,1.85956788063049,0.47116
2009-06-24,24.0661792755127,2.44987106323242,2.38189792633057,0.459401
2009-06-25,23.9180145263672,3.04763054847717,2.21900534629822,0.390973
2009-06-26,24.2332286834717,2.33140301704407,2.45858836174011,0.315522
2009-06-27,23.9717712402344,2.37712550163269,2.37303566932678,0.255423
2009-06-28,23.6537208557129,1.95014369487762,2.39620471000671,0.236152
2009-06-29,22.4735240936279,1.8143082857132,2.3385329246521,0.199406
2009-06-30,22.5411624908447,2.05525350570679,2.26499128341675,0.16462
2009-07-01,23.4170341491699,0.672066450119019,2.63255548477173,0.132284
2009-07-02,22.8863086700439,0.618218302726746,1.02425789833069,0.090149
2009-07-03,22.6619663238525,0.735993325710297,1.13039124011993,0.072675
2009-07-04,23.2328987121582,1.37934899330139,2.4785737991333,0.072675
2009-07-05,23.6770515441895,1.51558005809784,2.71041131019592,0.148126
2009-07-06,23.2864742279053,1.84370291233063,2.75141930580139,0.132284
2009-07-07,22.9136085510254,1.24894797801971,2.41724991798401,0.038542
2009-07-08,22.7226467132568,3.10564613342285,2.22887873649597,0.072675
2009-07-09,22.8666496276855,2.57723832130432,2.22456383705139,0.140123
2009-07-10,22.9754962921143,3.38819646835327,1.79280066490173,0.16462
2009-07-11,23.4548168182373,3.34384894371033,2.37553215026855,0.199406
2009-07-12,23.8862323760986,2.07808947563171,2.88469457626343,0.199406
2009-07-13,23.3383693695068,1.30225336551666,2.21591114997864,0.265058
2009-07-14,23.4587306976318,1.7418966293335,2.44948387145996,0.315522
2009-07-15,23.2400093078613,3.6513614654541,2.48866558074951,0.325974
2009-07-16,22.7076740264893,8.51661586761475,1.58880138397217,0.295108
2009-07-17,22.9399433135986,6.27274751663208,2.42283082008362,0.255423
2009-07-18,21.9540309906006,2.25645899772644,2.30609917640686,0.217534
2009-07-19,22.6785316467285,2.36352944374084,2.46875524520874,0.16462
2009-07-20,23.5204105377197,0.672308027744293,2.91147351264954,0.132284
2009-07-21,23.633918762207,0.217002779245377,2.85379314422607,0.099785
2009-07-22,23.703239440918,0.325777739286423,2.31024360656738,0.090149
2009-07-23,23.5537719726563,0.670363128185272,2.87650060653687,0.081167
2009-07-24,23.05397605896,0.727851450443268,2.55636596679688,0.072675
2009-07-25,23.0721797943115,1.67409682273865,2.72666096687317,0.072675
2009-07-26,23.0606632232666,0.86821323633194,2.8153383731842,0.044421
2009-07-27,23.0269641876221,1.77142953872681,2.43837785720825,0.044421
2009-07-28,23.3438968658447,0.772621691226959,3.073894739151,0.044421
2009-07-29,22.397310256958,1.29504561424255,2.50587272644043,0.038542
2009-07-30,23.7279987335205,2.7260434627533,3.22620677947998,0.033316
2009-07-31,23.4559955596924,2.10068845748901,3.05020833015442,0.033316
2009-08-01,23.5011253356934,5.22429847717285,2.62121629714966,0.033316
2009-08-02,23.3976898193359,2.23722815513611,2.40843558311462,0.033316
2009-08-03,23.0950889587402,3.31526064872742,2.81867456436157,0.02858
2009-08-04,23.4398441314697,1.70794808864594,2.63069629669189,0.02417
2009-08-05,22.5116062164307,2.8120641708374,2.38394570350647,0.02417
2009-08-06,22.7375030517578,5.08729648590088,2.92302966117859,0.02417
2009-08-07,23.6787090301514,1.29009699821472,2.77014875411987,0.02417
2009-08-08,23.0047664642334,3.05941581726074,2.91267251968384,0.02417
2009-08-09,22.7734794616699,3.92596983909607,2.68093705177307,0.02417
2009-08-10,22.6930313110352,0.41957101225853,3.10174870491028,0.020741
2009-08-11,22.616849899292,0.0365312248468399,3.0060088634491,0.020741
2009-08-12,23.2146549224854,0.43445873260498,3.37336421012878,0.020741
2009-08-13,22.969554901123,0.577021658420563,3.21658682823181,0.020741
2009-08-14,22.3798122406006,0.706199109554291,3.41926312446594,0.020741
2009-08-15,22.2306442260742,1.21605801582336,3.17515444755554,0.020741
2009-08-16,23.169095993042,1.53132236003876,3.03926944732666,0.020741
2009-08-17,22.4314918518066,2.31245946884155,2.22073149681091,0.020741
2009-08-18,22.8147602081299,1.85070776939392,2.83913707733154,0.020741
2009-08-19,22.4584808349609,4.53375387191773,1.11432802677155,0.019271
2009-08-20,23.1813220977783,2.49729466438293,2.70331263542175,0.019271
2009-08-21,24.3421077728272,0.0482963882386684,3.21991038322449,0.017801
2009-08-22,24.1544780731201,0.50307834148407,3.21909832954407,0.017801
2009-08-23,23.7509346008301,1.90893936157227,2.79333329200745,0.017801
2009-08-24,23.8052520751953,5.00185966491699,3.32529091835022,0.017801
2009-08-25,23.9015064239502,2.08816957473755,2.81397080421448,0.017801
2009-08-26,23.659143447876,2.25817394256592,3.37249374389648,0.017801
2009-08-27,22.874340057373,1.2586522102356,2.73242807388306,0.017801
2009-08-28,24.5006237030029,0.414109647274017,2.99115300178528,0.016495
2009-08-29,23.0804424285889,0.712315320968628,3.16688370704651,0.016495
2009-08-30,23.2068710327148,1.00953042507172,3.69248223304749,0.016495
2009-08-31,23.5425720214844,0.879638910293579,3.28589129447937,0.016495
2009-09-01,23.826114654541,0.651346504688263,3.5854606628418,0.016495
2009-09-02,23.2152652740479,0.618241727352142,3.06939148902893,0.016495
2009-09-03,23.3106803894043,1.49318695068359,3.22138428688049,0.015188
2009-09-04,24.8771171569824,0.969081282615662,3.52664184570313,0.015188
2009-09-05,25.5767726898193,0.709152221679688,3.54143023490906,0.012738
2009-09-06,24.5104904174805,0.2358378469944,4.07593393325806,0.011759
2009-09-07,25.281213760376,0.351414233446121,3.54844832420349,0.011759
2009-09-08,25.4337863922119,0.206696078181267,3.55925822257996,0.011759
2009-09-09,24.5818195343018,0.488961696624756,3.66828775405884,0.010615
2009-09-10,24.4877738952637,1.29907059669495,3.84242939949036,0.010615
2009-09-11,23.8619041442871,1.87860691547394,3.61990785598755,0.008819
2009-09-12,23.9809608459473,2.0418746471405,3.62163805961609,0.008819
2009-09-13,23.9529647827148,0.578331649303436,3.43058514595032,0.008819
2009-09-14,23.6031341552734,1.66822242736816,3.52387619018555,0.008819
2009-09-15,24.8677730560303,0.858337700366974,3.52283501625061,0.008819
2009-09-16,25.29514503479,1.81366586685181,3.63370370864868,0.008819
2009-09-17,24.9237003326416,0.806298136711121,3.95025277137756,0.008819
2009-09-18,25.1410503387451,0.731410980224609,4.31660461425781,0
2009-09-19,25.5765247344971,0.211518034338951,4.88055896759033,0
2009-09-20,25.5207004547119,0.667347192764282,4.19058990478516,0
2009-09-21,27.3969478607178,0.32031512260437,4.18905115127564,0
2009-09-22,27.2025985717773,0.941347777843475,4.69824695587158,0
2009-09-23,26.7400360107422,0.258492976427078,5.05468320846558,0
2009-09-24,25.6197776794434,0.0197314340621233,5.44161033630371,0
2009-09-25,26.0813674926758,0.0231027100235224,5.63708782196045,0
2009-09-26,26.2021732330322,0.31936576962471,4.22917747497559,0
2009-09-27,25.5013332366943,1.17225754261017,4.21751308441162,0
2009-09-28,25.5538845062256,0.681428194046021,5.56525611877441,0
2009-09-29,26.4481163024902,0.0540839023888111,5.5993127822876,0
2009-09-30,26.0149269104004,0.0535285808146,5.66114807128906,0
2009-10-01,25.3996868133545,0.712946832180023,4.43545532226563,0
2009-10-02,24.8768291473389,5.75600862503052,2.164146900177,0
2009-10-03,26.4940586090088,3.30101895332336,4.2046480178833,0
2009-10-04,25.4175357818604,1.18002784252167,4.10556411743164,0
2009-10-05,25.3085460662842,1.96476686000824,3.75842189788818,0
2009-10-06,25.8473510742188,2.02533006668091,3.92614245414734,0
2009-10-07,27.0448951721191,2.43422389030457,4.31061172485352,0
2009-10-08,26.1802654266357,1.73635923862457,4.03443336486816,0
2009-10-09,26.8795433044434,1.35496211051941,4.66448020935059,0
2009-10-10,27.3736629486084,3.00353145599365,2.96138381958008,0
2009-10-11,24.4359359741211,12.6205224990845,1.77672624588013,0
2009-10-12,25.1031074523926,21.0535793304443,1.77478742599487,0
2009-10-13,26.329345703125,7.20862817764282,3.84148669242859,0
2009-10-14,26.2918853759766,8.26170539855957,3.83898949623108,0
2009-10-15,25.7832202911377,6.70240640640259,3.84757232666016,0
2009-10-16,27.1801319122315,1.27758502960205,4.74803781509399,0
2009-10-17,26.8783054351807,0.123296737670898,5.05729961395264,0
2009-10-18,26.3055229187012,0.210996136069298,4.789719581604,0
2009-10-19,26.3551063537598,0.481250464916229,4.98817157745361,0
2009-10-20,27.020076751709,0.0186524093151093,4.90028953552246,0
2009-10-21,27.5024604797363,0.0572728775441647,4.80988216400147,0.008819
2009-10-22,27.3100414276123,0.178189367055893,4.24808216094971,0.008819
2009-10-23,27.4565811157227,0.247703462839127,4.42740821838379,0.010615
2009-10-24,26.218729019165,10.078574180603,2.10090303421021,0.010615
2009-10-25,26.6219749450684,20.2571907043457,2.62535762786865,0.010615
2009-10-26,25.4977169036865,22.8416690826416,2.27047300338745,0.011759
2009-10-27,26.4683170318604,15.6672840118408,4.0665454864502,0.012738
2009-10-28,26.3944206237793,2.5690975189209,4.49951982498169,0.012738
2009-10-29,25.4841365814209,4.59520387649536,4.19070863723755,0.012738
2009-10-30,26.1085376739502,2.61768126487732,4.36719131469727,0.013882
2009-10-31,26.5526943206787,0.405207127332687,4.616126537323,0.013882
2009-11-01,26.9917507171631,0.610261738300324,4.84208631515503,0.013882
2009-11-02,26.1316909790039,0.335242241621017,4.37095499038696,0.013882
2009-11-03,25.902250289917,0.0929690822958946,5.40812397003174,0.013882
2009-11-04,26.117618560791,1.15190243721008,4.39152669906616,0
2009-11-05,26.2098941802979,0.885917127132416,4.392897605896,0
2009-11-06,27.2971000671387,0.864011704921722,5.39534139633179,0
2009-11-07,26.3969249725342,0.410553514957428,4.48126411437988,0
2009-11-08,26.8222599029541,0.151440978050232,5.00152587890625,0
2009-11-09,26.9362030029297,0.279285997152329,5.08348321914673,0
2009-11-10,26.6419887542725,0.131205931305885,4.3695855140686,0
2009-11-11,26.8472347259522,0.0838474780321121,4.66964244842529,0
2009-11-12,26.2051506042481,0.0362697504460812,5.85788822174072,0
2009-11-13,26.3065814971924,0.773241519927979,5.03073596954346,0
2009-11-14,26.9422245025635,1.65266072750092,4.57368326187134,0
2009-11-15,27.5622310638428,2.11635065078735,5.22470188140869,0
2009-11-16,27.7691268920898,0.761384844779968,5.34602355957031,0
2009-11-17,27.8985919952393,0.0368198789656162,5.86446523666382,0
2009-11-18,28.1356372833252,0.19145730137825,5.26917266845703,0
2009-11-19,27.8895301818848,0.50716757774353,5.05616903305054,0
2009-11-20,27.6746692657471,0.39654004573822,5.40015268325806,0
2009-11-21,27.4285507202148,0.972844243049622,5.61316013336182,0
2009-11-22,28.0001411437988,0.584776997566223,5.99992370605469,0
2009-11-23,27.0650138854981,0.640659272670746,4.75596475601196,0
2009-11-24,27.5756740570068,0.103801392018795,5.58794355392456,0
2009-11-25,28.4994316101074,0.234628319740295,5.53956365585327,0
2009-11-26,28.2166862487793,0.500443994998932,5.28724956512451,0
2009-11-27,27.7884864807129,0.118186138570309,6.24414777755737,0
2009-11-28,28.6784553527832,0.0452086590230465,5.7207670211792,0
2009-11-29,28.5805530548096,0.0523394718766213,6.35808229446411,0
2009-11-30,29.5529079437256,0.0618486851453781,5.91763973236084,0
2009-12-01,28.4449253082275,0.326861888170242,4.393639087677,
2009-12-02,28.6447505950928,0.310425877571106,5.85348844528198,
2009-12-03,28.13623046875,1.66759312152863,5.36358451843262,
2009-12-04,28.6068897247315,0.41761514544487,5.80670261383057,
2009-12-05,29.7453765869141,0.266868650913239,6.33266019821167,
2009-12-06,29.5094337463379,0.552884638309479,5.64309358596802,
2009-12-07,28.4763660430908,1.48076903820038,4.99054908752441,
2009-12-08,28.8541793823242,0.486378461122513,6.00233507156372,
2009-12-09,29.0460033416748,0.573799192905426,6.2016773223877,
2009-12-10,28.5528049468994,0.0377439595758915,5.8252854347229,
2009-12-11,28.1261119842529,0.0112386215478182,5.50614309310913,
2009-12-12,28.6380443572998,0.0176421869546175,4.93852186203003,
2009-12-13,29.170804977417,0.274811923503876,4.86155509948731,
2009-12-14,29.7843112945557,0.0286360755562782,5.70769691467285,
2009-12-15,29.1168823242188,0.412731617689133,5.57332944869995,
2009-12-16,27.9682025909424,1.7871561050415,4.29565048217773,
2009-12-17,29.0279884338379,4.74519729614258,5.10066223144531,
2009-12-18,28.9261646270752,0.632709324359894,5.11205673217773,
2009-12-19,29.5681571960449,0.774242281913757,5.95738315582275,
2009-12-20,28.8801307678223,0.580602884292603,5.58720064163208,
2009-12-21,28.1435985565186,0.0532588697969914,4.90263032913208,
2009-12-22,28.3284683227539,0.172916203737259,4.60599851608276,
2009-12-23,28.4006786346436,1.14084649085999,3.68067002296448,
2009-12-24,28.6429290771484,2.06588196754456,5.25028276443481,
2009-12-25,29.0217914581299,2.09952068328857,5.01021766662598,
2009-12-26,26.6713962554932,8.71126747131348,2.96012330055237,
2009-12-27,28.4017028808594,11.6087741851807,4.05381870269775,
2009-12-28,29.4867820739746,7.40835571289063,5.85422325134277,
2009-12-29,28.572603225708,1.36187148094177,4.38018274307251,
2009-12-30,28.4023475646973,0.392308533191681,4.67823505401611,
2009-12-31,28.5287418365479,0.575027763843536,5.05189228057861,
2010-01-01,27.1644687652588,3.67494440078735,4.4662766456604,
2010-01-02,26.6797847747803,2.74038863182068,3.9170229434967,
2010-01-03,26.383810043335,4.28375482559204,3.73418045043945,
2010-01-04,27.5995121002197,4.64856433868408,4.23260593414307,
2010-01-05,27.1133823394775,6.6269097328186,4.21937990188599,
2010-01-06,27.1500644683838,6.3783917427063,4.69168710708618,
2010-01-07,27.3802967071533,4.85019159317017,5.03776264190674,
2010-01-08,27.5826301574707,4.69706583023071,4.49865818023682,
2010-01-09,26.8585872650147,4.77882719039917,3.78384113311768,
2010-01-10,27.3522472381592,1.99394726753235,5.25592422485352,
2010-01-11,27.2017078399658,2.15364384651184,4.32653570175171,
2010-01-12,28.0600681304932,4.3991527557373,4.92510938644409,
2010-01-13,27.4839553833008,5.36187791824341,3.84279179573059,
2010-01-14,27.3837833404541,8.85889053344727,4.3496413230896,
2010-01-15,28.2592506408691,2.63894081115723,5.30873012542725,
2010-01-16,26.8895835876465,1.47781383991241,4.22631454467773,
2010-01-17,27.9810123443604,2.07507371902466,5.61423873901367,
2010-01-18,27.313627243042,2.67269277572632,5.55789947509766,
2010-01-19,27.3461036682129,0.486510127782822,5.60941553115845,
2010-01-20,27.6592140197754,0.283020734786987,5.00670862197876,
2010-01-21,28.9036903381348,0.572337865829468,5.41856956481934,
2010-01-22,29.1293601989746,0.378511101007462,4.87552690505981,
2010-01-23,28.7044048309326,2.28291797637939,5.38385391235352,
2010-01-24,28.5315170288086,0.654930830001831,5.26393032073975,
2010-01-25,28.164213180542,0.291084587574005,5.48095798492432,
2010-01-26,27.9115734100342,0.905272603034973,4.62666702270508,
2010-01-27,28.5390281677246,1.52932155132294,4.57908964157105,
2010-01-28,28.6994323730469,1.4134955406189,5.13476514816284,
2010-01-29,28.903299331665,0.677014410495758,5.76263093948364,
2010-01-30,27.6671295166016,1.00529372692108,4.4405665397644,
2010-01-31,29.4254989624023,0.309677392244339,5.94090890884399,
2010-02-01,28.798547744751,0.665943086147308,4.80543327331543,
2010-02-02,28.7315273284912,0.185614034533501,5.11671447753906,
2010-02-03,28.7750949859619,0.742983877658844,5.60315227508545,
2010-02-04,28.3914527893066,2.06587910652161,4.32815456390381,
2010-02-05,28.9935760498047,1.51396310329437,4.60836029052734,
2010-02-06,29.068790435791,2.61833810806274,5.6347861289978,
2010-02-07,28.9121341705322,0.939462780952454,4.70634412765503,
2010-02-08,29.338680267334,0.630086183547974,5.05833005905151,
2010-02-09,29.4760417938232,0.749812424182892,4.9293327331543,
2010-02-10,29.3260955810547,0.930566072463989,5.65508222579956,
2010-02-11,28.1121520996094,2.5256609916687,4.10969161987305,
2010-02-12,27.2720222473145,4.57697200775147,4.8657865524292,
2010-02-13,27.1735725402832,3.34612083435059,4.3831057548523,
2010-02-14,27.2368774414063,4.52669620513916,4.83910942077637,
2010-02-15,28.2322635650635,2.39491939544678,4.98914957046509,
2010-02-16,29.6433887481689,1.5703616142273,5.45916938781738,
2010-02-17,29.0456314086914,0.540508151054382,4.97722387313843,
2010-02-18,28.8932857513428,0.878492057323456,5.08112144470215,
2010-02-19,28.6432247161865,0.341112315654755,5.12240219116211,
2010-02-20,28.5723896026611,1.77920889854431,3.98116421699524,
2010-02-21,28.7881412506104,1.4996691942215,4.81297302246094,
2010-02-22,29.1815166473389,1.90836763381958,5.05099105834961,
2010-02-23,28.1551704406738,0.392767757177353,3.50705313682556,
2010-02-24,28.2264804840088,2.09406471252441,3.04215931892395,
2010-02-25,27.8265438079834,13.0918874740601,3.61727499961853,
2010-02-26,28.0236320495606,5.87963151931763,4.36856174468994,
2010-02-27,28.4801158905029,1.59462237358093,4.4445595741272,
2010-02-28,28.5809307098389,1.28563714027405,5.10232782363892,
2010-03-01,28.5095520019531,0.0408246368169785,4.16510438919067,0
2010-03-02,28.9280586242676,1.44456493854523,4.9001088142395,0
2010-03-03,29.7532272338867,0.891189873218536,4.76827621459961,0
2010-03-04,28.9404392242432,0.0426762290298939,5.08506584167481,0.004736
2010-03-05,28.3820362091064,0.735178411006928,2.64036798477173,0.017801
2010-03-06,28.1490821838379,11.0479669570923,3.20913791656494,0.016495
2010-03-07,27.6516628265381,20.1416149139404,3.68705439567566,0.010615
2010-03-08,27.4782695770264,13.7872762680054,2.84144115447998,0.008819
2010-03-09,28.9623203277588,6.06416368484497,5.49161577224731,0.008819
2010-03-10,28.213493347168,1.04590570926666,4.88364458084106,0.008819
2010-03-11,28.2890472412109,0.125361353158951,5.2767596244812,0.008819
2010-03-12,28.6789245605469,0.499684572219849,5.55488348007202,0.008819
2010-03-13,28.2078876495361,0.0396036580204964,5.69346380233765,0.008819
2010-03-14,28.3036289215088,0.176688343286514,4.65054750442505,0.008819
2010-03-15,28.3795413970947,0.52692985534668,4.74713182449341,0.008819
2010-03-16,28.4811820983887,0.787001729011536,4.81605005264282,0.008002
2010-03-17,27.538761138916,1.22537064552307,4.02868318557739,0.007186
2010-03-18,28.1701278686523,4.94946622848511,3.88383054733276,0.003593
2010-03-19,27.9704761505127,3.68972730636597,3.79149317741394,0.002776
2010-03-20,27.8909130096436,2.95608139038086,3.75855398178101,0
2010-03-21,27.7209548950195,8.35038661956787,3.72947978973389,0
2010-03-22,26.9740943908691,11.4619054794312,3.39770531654358,0
2010-03-23,27.280158996582,18.1886920928955,3.77533936500549,0
2010-03-24,26.6699352264404,12.2484312057495,3.4899275302887,0
2010-03-25,26.0420722961426,9.38473701477051,3.33557748794556,0
2010-03-26,26.751485824585,5.09511375427246,3.53793835639954,0
2010-03-27,26.7347621917725,4.25747203826904,3.48415899276733,0
2010-03-28,26.3392772674561,5.08382797241211,3.61855125427246,0
2010-03-29,26.896728515625,5.84539318084717,3.47880363464355,0
2010-03-30,26.8581657409668,3.20800304412842,3.75580644607544,0
2010-03-31,27.1160335540772,1.94694566726685,4.21723079681397,0
2010-04-01,27.4863872528076,1.55524086952209,3.74168562889099,0.007186
2010-04-02,26.6575412750244,2.56892585754395,2.65574812889099,0.008819
2010-04-03,26.5801639556885,1.52917993068695,2.84921097755432,0.010615
2010-04-04,27.0404739379883,6.08845186233521,3.7305896282196,0.010615
2010-04-05,28.3308582305908,1.96733689308167,4.72775077819824,0.011759
2010-04-06,28.2328777313232,0.643091082572937,4.06844329833984,0.022374
2010-04-07,28.8295574188232,8.04759979248047,4.35695123672485,0.148126
2010-04-08,24.808464050293,29.9013080596924,1.05405461788177,0.217534
2010-04-09,24.5389804840088,25.9722881317139,2.05470037460327,0.347205
2010-04-10,23.8674964904785,24.5223903656006,1.27184391021729,0.236152
2010-04-11,23.8121128082275,8.15441799163818,1.79157555103302,0.47116
2010-04-12,23.9134311676025,5.59593486785889,2.1263279914856,0.531423
2010-04-13,25.072021484375,7.59410667419434,2.691565990448,0.594135
2010-04-14,25.1709861755371,12.0462884902954,2.49461054801941,0.658971
2010-04-15,25.1364822387695,12.0040197372437,2.1189820766449,0.851518
2010-04-16,25.7330112457275,7.85014772415161,2.46420121192932,0.780966
2010-04-17,26.6696758270264,4.44694709777832,3.58925271034241,0.672199
2010-04-18,26.1387844085693,2.53092312812805,3.16156911849976,0.581397
2010-04-19,25.9081726074219,6.07034683227539,3.272869348526,0.459401
2010-04-20,25.4644393920898,1.10096168518066,4.03102827072144,0.357984
2010-04-21,24.7494888305664,2.31460118293762,3.04844546318054,0.27502
2010-04-22,25.5397644042969,3.02815127372742,3.34038734436035,0.217534
2010-04-23,25.4078521728516,0.402624785900116,3.72152757644653,0.16462
2010-04-24,25.6518802642822,1.38381838798523,2.83709073066711,0.156291
2010-04-25,26.1105937957764,1.97425973415375,2.84095430374146,0.099785
2010-04-26,26.2739181518555,3.05826854705811,3.30558705329895,0.057486
2010-04-27,26.1865921020508,1.49386060237885,3.25260710716248,0.02858
2010-04-28,26.5717906951904,2.50155735015869,3.67845892906189,0.017801
2010-04-29,25.5590114593506,1.70997166633606,3.04493021965027,0.015188
2010-04-30,25.4558448791504,1.58611154556274,3.44250297546387,0.013882
2010-05-01,24.9529094696045,1.7005318403244,3.12786602973938,0.010615
2010-05-02,25.2006549835205,1.02577781677246,2.9236114025116,0.010615
2010-05-03,24.8468036651611,2.72433519363403,2.91583967208862,0.008819
2010-05-04,24.2388725280762,4.47966194152832,1.92209672927856,0.008819
2010-05-05,24.4896717071533,6.35155248641968,1.56043112277985,0.008819
2010-05-06,26.410026550293,4.2705249786377,3.6774787902832,0.007186
2010-05-07,25.5238075256348,1.89477789402008,3.61628913879395,0.006533
2010-05-08,24.7919216156006,0.286254703998566,3.54643034934998,0.006533
2010-05-09,25.7284889221191,0.56102991104126,3.1821072101593,0.005879
2010-05-10,26.0373115539551,0.740175426006317,3.94913196563721,0.005226
2010-05-11,25.1162242889404,0.783351421356201,3.05378389358521,0.004083
2010-05-12,25.7470550537109,0.757554292678833,3.12677717208862,0.003593
2010-05-13,26.6328716278076,4.13833904266357,2.7684473991394,0.003266
2010-05-14,26.7101879119873,2.21719932556152,2.30148887634277,0.002776
2010-05-15,26.6618766784668,1.56240832805634,3.38080596923828,0.004083
2010-05-16,25.1711444854736,7.18993425369263,2.11051368713379,0.007186
2010-05-17,24.8005084991455,19.0533447265625,1.88377273082733,0.007186
2010-05-18,25.0270614624023,7.39248657226563,2.89958810806274,0.007186
2010-05-19,25.2374610900879,4.15658521652222,3.09534525871277,0.005879
2010-05-20,24.6742362976074,1.88836431503296,3.3539502620697,0.005879
2010-05-21,24.541130065918,2.84310054779053,3.29545092582703,0.004083
2010-05-22,25.3599376678467,0.627531409263611,2.63331913948059,0
2010-05-23,25.4075775146484,1.50644767284393,2.25283074378967,0
2010-05-24,24.901704788208,2.34576940536499,2.82664179801941,0
2010-05-25,25.7406749725342,1.43553578853607,2.54188847541809,0
2010-05-26,24.8000564575195,2.18574094772339,2.58881831169128,0
2010-05-27,24.8764228820801,1.37179756164551,2.98689293861389,0
2010-05-28,24.3062763214111,1.00947451591492,3.02573394775391,0
2010-05-29,24.6156444549561,0.783824801445007,2.54045462608337,0
2010-05-30,25.2119464874268,3.57033586502075,2.61831092834473,0
2010-05-31,24.9130859375,1.39789533615112,2.817378282547,0
2010-06-01,25.4264163970947,0.871016204357147,3.0326075553894,0
2010-06-02,24.1568641662598,3.92805194854736,2.0762631893158,0
2010-06-03,24.8011207580566,4.02236175537109,3.14150404930115,0
2010-06-04,24.4679832458496,2.97657871246338,3.4835376739502,0.003266
2010-06-05,24.0695552825928,2.87401914596558,2.46016049385071,0.005879
2010-06-06,24.7808246612549,0.324694365262985,2.8471577167511,0.008819
2010-06-07,25.3889217376709,7.21070194244385,2.16426253318787,0.010615
2010-06-08,23.6827278137207,6.95324945449829,1.57046747207642,0.015188
2010-06-09,24.0578231811523,6.20531129837036,2.69964575767517,0.017801
2010-06-10,23.9331493377686,3.48845672607422,2.63968205451965,0.017801
2010-06-11,22.7277069091797,4.70741891860962,1.40810465812683,0.022374
2010-06-12,23.0935611724854,4.50865983963013,1.6102511882782,0.033316
2010-06-13,21.0290412902832,3.32568883895874,2.22067856788635,0.072675
2010-06-14,21.5597877502441,2.09323811531067,3.00322318077087,0.090149
2010-06-15,21.9060211181641,0.416686564683914,2.5238311290741,0.090149
2010-06-16,22.8741817474365,0.560651361942291,2.40969610214233,0.10991
2010-06-17,22.3507804870605,0.637933552265167,1.90352201461792,0.156291
2010-06-18,23.1485424041748,0.626381754875183,2.46768665313721,0.208388
2010-06-19,23.4696998596191,1.25261855125427,2.65065741539001,0.27502
2010-06-20,23.9293785095215,1.18284022808075,2.37888669967651,0.357984
2010-06-21,23.8093013763428,0.493140190839768,3.1764760017395,0.390973
2010-06-22,22.3903503417969,1.98061311244965,0.659655153751373,0.447806
2010-06-23,24.4775981903076,4.5166826248169,2.90630078315735,0.47116
2010-06-24,23.0923233032227,0.96957802772522,2.90805435180664,0.47116
2010-06-25,22.9905529022217,2.42065954208374,2.38648724555969,0.47116
2010-06-26,22.3740158081055,4.79112339019775,1.528529047966,0.459401
2010-06-27,23.3841457366943,4.28663969039917,3.39338541030884,0.424779
2010-06-28,22.5760402679443,3.15081763267517,2.04522180557251,0.459401
2010-06-29,22.6109256744385,5.81971979141235,1.93545472621918,0.47116
2010-06-30,21.878698348999,14.1945123672485,1.65469908714294,0.507089
2010-07-01,22.1805438995361,10.4068765640259,1.8625830411911,0.543835
2010-07-02,22.4533290863037,7.82110500335693,2.06732964515686,0.753203
2010-07-03,22.1578922271729,13.2389574050903,1.44983398914337,1.028876
2010-07-04,21.5832595825195,14.2358675003052,1.74935626983643,1.364159
2010-07-05,22.5586166381836,3.71117568016052,2.54140281677246,1.856387
2010-07-06,21.9870948791504,3.7784264087677,2.38741636276245,2.395322
2010-07-07,22.1419830322266,5.10812377929688,2.27036547660828,2.618898
2010-07-08,22.3029708862305,3.53352975845337,1.98523581027985,2.475836
2010-07-09,22.8492393493652,2.13389587402344,1.95608794689178,2.236908
2010-07-10,22.9617767333984,1.68186283111572,2.57130694389343,2.024763
2010-07-11,23.0594863891602,1.38742136955261,2.8609824180603,1.893459
2010-07-12,23.0898513793945,0.912903070449829,2.37343549728394,1.639506
2010-07-13,23.6560325622559,2.72062253952026,1.78272104263306,1.074931
2010-07-14,23.5952472686768,5.53761196136475,1.84441995620728,0.568822
2010-07-15,23.4292125701904,3.7179811000824,2.71912670135498,0.390973
2010-07-16,23.7803630828857,7.10726165771484,2.32950639724731,0.402078
2010-07-17,22.9278984069824,6.38944911956787,1.72880566120148,0.459401
2010-07-18,22.2530155181885,7.14969110488892,2.19673848152161,0.483082
2010-07-19,21.7162780761719,6.80430936813355,2.75778603553772,0.543835
2010-07-20,20.6424217224121,9.39753246307373,0.856116235256195,0.672199
2010-07-21,22.0326099395752,3.68389749526978,2.57089757919312,0.725929
2010-07-22,20.8175239562988,2.95367574691772,2.15856122970581,0.685428
2010-07-23,20.8660125732422,3.43184924125671,2.55627703666687,0.619775
2010-07-24,21.3897838592529,7.8391547203064,2.27811217308044,0.581397
2010-07-25,22.09619140625,3.49670052528381,2.73499512672424,0.543835
2010-07-26,21.9263324737549,3.35273504257202,2.51343941688538,0.531423
2010-07-27,22.5000839233398,4.62736129760742,2.94170928001404,0.495004
2010-07-28,22.9619731903076,5.08216905593872,3.20150184631348,0.495004
2010-07-29,21.4512729644775,2.44556069374084,2.5952684879303,0.483082
2010-07-30,21.7385234832764,2.62174701690674,2.91172575950623,0.436211
2010-07-31,22.1830291748047,1.74238359928131,3.50197720527649,0.357984
2010-08-01,22.1151676177979,2.59871244430542,2.3022768497467,0.315522
2010-08-02,22.398323059082,2.12578654289246,3.04374647140503,0.236152
2010-08-03,22.3585567474365,0.833942532539368,3.26198554039001,0.199406
2010-08-04,22.22633934021,0.839975595474243,2.71830224990845,0.16462
2010-08-05,21.8416843414307,2.40058922767639,2.50355792045593,0.16462
2010-08-06,20.664701461792,3.6921718120575,1.38685214519501,0.16462
2010-08-07,20.8910808563232,4.35581016540527,2.58962249755859,0.132284
2010-08-08,20.4524307250977,0.161394208669662,3.29185724258423,0.132284
2010-08-09,21.1686058044434,0.093267485499382,3.41693067550659,0.099785
2010-08-10,20.8866729736328,0.0762382447719574,3.40803146362305,0.072675
2010-08-11,22.0917453765869,0.230706408619881,3.18110656738281,0.072675
2010-08-12,22.1781616210938,1.55276954174042,2.8357720375061,0.072675
2010-08-13,22.1253414154053,4.08692359924316,2.42975115776062,0.072675
2010-08-14,22.3883743286133,1.27419435977936,2.75831151008606,0.072675
2010-08-15,22.3115367889404,1.86676526069641,2.51921200752258,0.072675
2010-08-16,22.5132274627686,1.15205276012421,3.14399075508118,0.072675
2010-08-17,21.1651344299316,4.08500671386719,2.25626134872437,0.072675
2010-08-18,19.9697437286377,2.97042846679688,2.3098509311676,0.044421
2010-08-19,19.5400066375732,2.27674913406372,2.14635443687439,0.033316
2010-08-20,20.0018920898438,2.61378216743469,2.7698667049408,0.033316
2010-08-21,21.0835514068604,0.530135095119476,3.08301448822022,0.033316
2010-08-22,20.8542041778564,1.32283449172974,2.40085649490356,0.033316
2010-08-23,20.8920383453369,1.74482202529907,2.69312262535095,0.033316
2010-08-24,21.1785011291504,1.23250007629395,2.70117926597595,0.02858
2010-08-25,21.6222839355469,1.31347393989563,2.76133728027344,0.02417
2010-08-26,21.4264068603516,1.5636842250824,2.86202526092529,0.02417
2010-08-27,22.7135009765625,2.4367847442627,2.78302669525147,0.02417
2010-08-28,22.4395847320557,0.646848618984222,3.62059235572815,0.02417
2010-08-29,23.3236083984375,0.39240038394928,3.32534980773926,0.02417
2010-08-30,23.2331352233887,0.353921502828598,3.71161532402039,0.02417
2010-08-31,23.1155128479004,1.16904711723328,3.12537455558777,0.02417
2010-09-01,23.6091957092285,1.1584587097168,3.99200701713562,
2010-09-02,23.395565032959,1.13420116901398,3.697749376297,
2010-09-03,21.5022392272949,1.51763904094696,2.93831324577332,
2010-09-04,21.9032649993897,0.758490681648254,3.06336092948914,
2010-09-05,22.1308479309082,0.21588808298111,4.54672002792358,
2010-09-06,21.1365966796875,0.629548907279968,3.18335700035095,
2010-09-07,22.8257999420166,2.56416463851929,3.12995290756226,
2010-09-08,23.1435203552246,2.56771874427795,3.15002226829529,
2010-09-09,23.655107498169,2.00642871856689,3.25632262229919,
2010-09-10,22.2854537963867,5.20889377593994,2.62606167793274,
2010-09-11,22.0597610473633,5.36179924011231,2.36917948722839,
2010-09-12,22.3167743682861,1.50248575210571,2.4654381275177,
2010-09-13,22.4627189636231,1.5837208032608,2.21183323860168,
2010-09-14,22.2065944671631,0.779077351093292,2.08075571060181,
2010-09-15,22.9148273468018,0.113641202449799,3.60749673843384,
2010-09-16,22.4522743225098,1.03352510929108,3.13906574249268,
2010-09-17,23.1160278320313,1.93261981010437,3.0742359161377,
2010-09-18,23.2448406219482,1.9553439617157,3.30786776542664,
2010-09-19,23.4768142700195,1.78624045848846,3.40533685684204,
2010-09-20,23.7500915527344,1.26673877239227,4.29820680618286,
2010-09-21,24.1580963134766,1.54540061950684,4.3730297088623,
2010-09-22,23.5742015838623,1.21784317493439,3.49332642555237,
2010-09-23,24.0191268920898,1.62665140628815,4.00240135192871,
2010-09-24,24.2983875274658,0.422410666942596,4.08602380752564,
2010-09-25,24.1254177093506,0.546159446239471,3.37138152122498,
2010-09-26,24.9326629638672,0.220396250486374,3.94345259666443,
2010-09-27,25.2839126586914,0.0174181740731001,5.07130336761475,
2010-09-28,24.9729862213135,0.0212809275835752,4.8710503578186,
2010-09-29,26.8109226226807,0.283766329288483,5.17562389373779,
2010-09-30,26.9751434326172,0.0236705858260393,5.08337163925171,
2010-10-01,26.6959095001221,0.815696597099304,5.66063022613525,
2010-10-02,27.1888618469238,0.220669806003571,4.76576137542725,
2010-10-03,26.7739505767822,0.0987328886985779,5.26837396621704,
2010-10-04,26.5718879699707,0.139222368597984,5.37346649169922,
2010-10-05,26.1940898895264,2.8013551235199,3.69234251976013,
2010-10-06,27.078498840332,1.26782095432282,3.58637881278992,
2010-10-07,26.7398624420166,0.441753923892975,4.148841381073,
2010-10-08,27.3948383331299,0.11876817047596,5.75686550140381,
2010-10-09,27.8618030548096,0.176525041460991,6.13706159591675,
2010-10-10,27.2137775421143,0.227560311555862,4.88554573059082,
2010-10-11,27.1509284973145,0.437463462352753,4.97266960144043,
2010-10-12,27.6542491912842,0.694940865039825,5.59401273727417,
2010-10-13,26.4594783782959,0.413624405860901,4.50927972793579,
2010-10-14,26.8562679290772,0.171034768223763,5.31027269363403,
2010-10-15,26.3948822021484,0.0227509904652834,5.09754180908203,
2010-10-16,26.3532447814941,0.0551335997879505,5.02060270309448,
2010-10-17,26.2598609924316,0.360801309347153,4.50705480575562,
2010-10-18,28.0131645202637,0.353597015142441,4.4749550819397,
2010-10-19,28.0576229095459,0.485767424106598,4.33900928497314,
2010-10-20,26.6277351379395,8.8553352355957,3.0141499042511,
2010-10-21,23.4248313903809,5.24673557281494,1.53420662879944,
2010-10-22,24.9640731811523,0.788453340530396,3.53303265571594,
2010-10-23,25.3718414306641,0.11808517575264,3.98134088516235,
2010-10-24,26.7241058349609,0.532097578048706,4.53550434112549,
2010-10-25,26.5699520111084,3.18524813652039,3.72868132591248,
2010-10-26,27.352560043335,2.61262655258179,4.77534818649292,
2010-10-27,28.3394241333008,10.6631937026978,3.80825567245483,
2010-10-28,26.5919933319092,17.2195682525635,3.03304815292358,
2010-10-29,26.6497554779053,16.0423965454102,3.30505132675171,
2010-10-30,27.65771484375,4.8052921295166,5.38258171081543,
2010-10-31,26.7639770507813,0.779477536678314,4.64921569824219,
2010-11-01,26.4923267364502,1.10249066352844,4.26200866699219,
2010-11-02,27.3054389953613,0.672972857952118,5.41984415054321,
2010-11-03,27.2789936065674,0.0124220894649625,5.87498044967651,
2010-11-04,26.6241092681885,0.100867092609406,5.51900053024292,
2010-11-05,26.5244216918945,0.0673237517476082,4.30179929733276,
2010-11-06,28.1052837371826,0.296895831823349,5.46532249450684,
2010-11-07,28.2728576660156,0.0585441030561924,5.52947568893433,
2010-11-08,28.3001880645752,0.688692271709442,5.36164665222168,
2010-11-09,27.3108386993408,0.391099095344543,5.65978765487671,
2010-11-10,26.3632202148438,1.49909317493439,4.64131736755371,
2010-11-11,26.6367797851563,1.3824610710144,4.30263519287109,
2010-11-12,27.8223838806152,2.11794996261597,5.4167594909668,
2010-11-13,27.3992576599121,0.459534823894501,4.56452560424805,
2010-11-14,27.5429859161377,0.201271682977676,4.62830018997192,
2010-11-15,27.7981834411621,0.0553284250199795,5.4800009727478,
2010-11-16,27.6252593994141,0.00136074947658926,5.72965860366821,
2010-11-17,26.8394088745117,0.0100661916658282,4.11263751983643,
2010-11-18,28.2033309936523,0.0573395304381847,5.47208261489868,
2010-11-19,28.5623321533203,0.0131099885329604,6.11119985580444,
2010-11-20,28.4405574798584,0.158551812171936,6.15855598449707,
2010-11-21,27.7154026031494,0.0686451867222786,4.9546856880188,
2010-11-22,27.8494968414307,0.283766955137253,4.88512754440308,
2010-11-23,27.4491119384766,0.0884117409586906,4.95093011856079,
2010-11-24,28.3393878936768,0.513920903205872,5.63267707824707,
2010-11-25,27.8564262390137,0.30799812078476,4.86180353164673,
2010-11-26,28.4469146728516,1.37916457653046,4.80182266235352,
2010-11-27,28.688024520874,0.389813423156738,6.10170364379883,
2010-11-28,28.0243682861328,0.0918561145663261,4.78542900085449,
2010-11-29,28.5112915039063,0.246494755148888,5.12767601013184,
2010-11-30,28.1384105682373,0.723469257354736,5.15604877471924,
2010-12-01,27.2037620544434,0.419047474861145,5.94729948043823,
2010-12-02,27.5402050018311,1.06723761558533,4.73114061355591,
2010-12-03,28.0406513214111,0.716306924819946,5.07429361343384,
2010-12-04,26.5135364532471,0.00278036226518452,6.19103097915649,
2010-12-05,28.7045040130615,0.110704116523266,5.03316926956177,
2010-12-06,29.1604137420654,0.272134840488434,4.65699577331543,
2010-12-07,28.61598777771,1.02121877670288,4.37545108795166,
2010-12-08,28.2903575897217,1.78578698635101,4.09776258468628,
2010-12-09,29.6774787902832,5.80178308486939,4.25521850585938,
2010-12-10,26.0926322937012,20.031379699707,2.37617588043213,
2010-12-11,25.4944496154785,12.4881944656372,2.64380693435669,
2010-12-12,27.3331642150879,7.18774557113648,4.74627208709717,
2010-12-13,27.4088706970215,2.28895401954651,4.4762454032898,
2010-12-14,27.0225696563721,17.7635631561279,3.98074579238892,
2010-12-15,27.1995372772217,9.69221305847168,4.63954782485962,
2010-12-16,26.8795127868652,3.94762539863586,4.9457859992981,
2010-12-17,26.7401065826416,2.31377768516541,4.60939884185791,
2010-12-18,25.3546829223633,2.18188953399658,2.74702000617981,
2010-12-19,25.9705295562744,1.13435006141663,4.44765758514404,
2010-12-20,26.8458042144775,1.56846654415131,4.36425590515137,
2010-12-21,27.6376399993897,1.17150902748108,5.31348943710327,
2010-12-22,27.5697727203369,0.00148192862980068,5.41825199127197,
2010-12-23,27.5900478363037,0.165165022015572,5.54360103607178,
2010-12-24,29.0472831726074,0.0354428179562092,5.94762563705444,
2010-12-25,28.710283279419,0.160367086529732,5.04878950119019,
2010-12-26,29.102165222168,0.270590543746948,5.53475427627564,
2010-12-27,28.1595916748047,0.000299457577057183,5.68162679672241,
2010-12-28,27.394416809082,0.420326590538025,5.67372035980225,
2010-12-29,28.654935836792,0.218517258763313,5.27543354034424,
2010-12-30,28.6492958068848,0.261094599962235,4.79713296890259,
2010-12-31,27.6323833465576,1.12592196464539,3.05485033988953,
2011-01-01,27.6346626281738,1.79234707355499,4.13962697982788,
2011-01-02,28.2177696228027,0.996100664138794,5.57347774505615,
2011-01-03,28.5185813903809,0.978511273860931,5.19831991195679,
2011-01-04,29.0206832885742,2.32542419433594,4.67550849914551,
2011-01-05,28.3600254058838,4.97716236114502,4.72801780700684,
2011-01-06,28.2351455688477,1.7857620716095,5.47825622558594,
2011-01-07,27.6855316162109,0.689978063106537,5.15239810943604,
2011-01-08,26.731330871582,4.28186655044556,3.66910648345947,
2011-01-09,26.5497226715088,3.71781086921692,3.74642682075501,
2011-01-10,27.2042198181152,3.35670709609985,4.42425441741943,
2011-01-11,28.0623226165772,14.0263576507568,3.95294141769409,
2011-01-12,26.4834461212158,15.1455783843994,2.71625089645386,
2011-01-13,27.4593524932861,12.4370183944702,4.13979244232178,
2011-01-14,27.7225284576416,3.53156590461731,5.30004692077637,
2011-01-15,26.8716449737549,0.151520013809204,4.34508228302002,
2011-01-16,26.8990783691406,0.733591914176941,4.53849506378174,
2011-01-17,28.8583507537842,0.383076965808868,5.55676412582398,
2011-01-18,27.8202056884766,0.366615146398544,5.61302280426025,
2011-01-19,26.0608463287354,1.53049302101135,4.49559354782105,
2011-01-20,26.2340240478516,5.70059442520142,2.90872192382813,
2011-01-21,26.2769184112549,9.25398349761963,3.61259508132935,
2011-01-22,26.4563598632813,2.77510404586792,4.1943039894104,
2011-01-23,26.5290451049805,2.19477438926697,3.9377543926239,
2011-01-24,25.8484935760498,3.44567465782166,3.9941554069519,
2011-01-25,26.3838424682617,4.55394554138184,4.1891942024231,
2011-01-26,26.7556037902832,4.18560314178467,3.77472257614136,
2011-01-27,26.641242980957,4.32544374465942,4.19555330276489,
2011-01-28,27.1508388519287,1.89684176445007,4.60762643814087,
2011-01-29,26.422492980957,1.18778157234192,4.30358743667603,
2011-01-30,27.4452495574951,0.818241238594055,4.76364803314209,
2011-01-31,27.6437759399414,0.182431593537331,4.6660943031311,
2011-02-01,27.5508441925049,1.62379789352417,4.65178298950195,
2011-02-02,27.4845409393311,1.81056618690491,4.24519681930542,
2011-02-03,27.9165859222412,0.520044505596161,4.99661493301392,
2011-02-04,28.0864028930664,1.51690292358398,5.30008935928345,
2011-02-05,27.562801361084,0.176080867648125,5.21167087554932,
2011-02-06,28.7191162109375,0.143198251724243,5.5696234703064,
2011-02-07,28.5268707275391,0.297761827707291,5.1597900390625,
2011-02-08,28.0669956207275,1.19433045387268,4.65838813781738,
2011-02-09,28.2218494415283,2.3249945640564,4.66929054260254,
2011-02-10,28.5048198699951,1.52352666854858,4.13651657104492,
2011-02-11,28.1855201721191,1.52146542072296,4.59030151367188,
2011-02-12,28.0146465301514,0.642928004264832,4.78118515014648,
2011-02-13,28.1145458221436,0.172857269644737,5.0334062576294,
2011-02-14,28.2843627929688,0.140965759754181,4.50883769989014,
2011-02-15,28.0448188781738,1.54498088359833,3.72300481796265,
2011-02-16,27.3183517456055,3.28124141693115,4.04458141326904,
2011-02-17,27.0379142761231,1.39564096927643,4.54609298706055,
2011-02-18,26.4281101226807,3.99264168739319,3.5395827293396,
2011-02-19,25.5137157440186,5.83549928665161,2.29544377326965,
2011-02-20,26.8173160552979,6.13681507110596,4.60950374603272,
2011-02-21,27.39573097229,1.79490518569946,5.1541600227356,
2011-02-22,27.7433261871338,4.10304689407349,4.05322027206421,
2011-02-23,28.0763740539551,5.62690925598145,4.62214088439941,
2011-02-24,28.2987079620361,2.28503060340881,4.80750513076782,
2011-02-25,28.9274139404297,0.674368381500244,4.69454145431519,
2011-02-26,28.2005596160889,1.97277426719666,4.2229175567627,
2011-02-27,28.3437824249268,2.45045280456543,4.46194124221802,
2011-02-28,28.5071067810059,1.3301967382431,4.93496656417847,
2011-03-01,27.8474922180176,0.364937514066696,5.02922821044922,
2011-03-02,29.1979846954346,0.0126156164333224,5.14164018630981,
2011-03-03,29.3991641998291,0.102973192930222,5.05061388015747,
2011-03-04,29.4440746307373,0.12544173002243,5.16374015808106,
2011-03-05,29.0731449127197,1.53031694889069,4.93179798126221,
2011-03-06,29.1794967651367,0.853578388690949,4.68752861022949,
2011-03-07,28.9427738189697,0.707707285881043,5.23053789138794,
2011-03-08,28.6295013427734,0.729525744915009,4.41992378234863,
2011-03-09,30.3616561889648,0.178228512406349,6.04781675338745,
2011-03-10,29.9167766571045,0.00410724570974708,5.94027519226074,
2011-03-11,29.9255790710449,0.173544839024544,4.82076978683472,
2011-03-12,29.4815330505371,0.995659530162811,4.50912570953369,
2011-03-13,28.7835235595703,5.79009771347046,3.69157910346985,
2011-03-14,28.3475437164307,12.9449548721313,4.08534574508667,
2011-03-15,29.1581630706787,6.40964508056641,5.21643877029419,
2011-03-16,29.8439559936523,3.59688925743103,5.70908117294312,
2011-03-17,28.9348449707031,0.889729022979736,4.99480485916138,
2011-03-18,28.1768779754639,2.52760195732117,4.17358255386353,
2011-03-19,28.1804790496826,1.30240511894226,4.48278093338013,
2011-03-20,28.5728721618652,1.65174961090088,5.07309818267822,
2011-03-21,26.7737884521484,1.34171175956726,3.30833005905151,
2011-03-22,27.1634922027588,2.80185270309448,3.87742733955383,
2011-03-23,26.1143436431885,6.69762086868286,2.58565306663513,
2011-03-24,27.7204971313477,8.71175861358643,3.90141654014587,
2011-03-25,28.1180171966553,4.82569217681885,3.79265260696411,
2011-03-26,27.9867515563965,4.90429496765137,3.89394068717957,
2011-03-27,27.2410869598389,5.86097478866577,3.1370542049408,
2011-03-28,27.1858711242676,2.25477862358093,3.26288557052612,
2011-03-29,27.0425624847412,2.96538138389587,4.09699010848999,
2011-03-30,28.245304107666,1.5525267124176,4.72252893447876,
2011-03-31,28.3219470977783,1.49120306968689,4.14723825454712,
2011-04-01,29.3003101348877,1.33498585224152,4.97054529190064,
2011-04-02,28.6003246307373,0.0638259649276733,5.03659915924072,
2011-04-03,30.0496807098389,0.0762776657938957,5.30808687210083,
2011-04-04,29.7828121185303,0.0218451898545027,5.28868627548218,
2011-04-05,29.5721893310547,0.252471745014191,5.61846971511841,
2011-04-06,28.949010848999,0.104408130049706,5.01552963256836,
2011-04-07,28.6746063232422,0.59539783000946,4.70298099517822,
2011-04-08,28.0302677154541,4.1347770690918,4.32140731811523,
2011-04-09,26.1188926696777,9.75987911224365,3.01597332954407,
2011-04-10,26.138843536377,10.2357358932495,3.89193773269653,
2011-04-11,26.5406761169434,11.310525894165,4.03975343704224,
2011-04-12,27.1884746551514,3.30366253852844,4.15758800506592,
2011-04-13,26.3634662628174,3.14427137374878,3.72728371620178,
2011-04-14,26.6708221435547,3.00669050216675,3.59426617622376,
2011-04-15,26.3261909484863,2.23291087150574,3.2260205745697,
2011-04-16,26.1151676177979,3.351238489151,2.81514811515808,
2011-04-17,26.0728988647461,4.48009967803955,3.19240760803223,
2011-04-18,25.945613861084,4.92797374725342,2.58777832984924,
2011-04-19,26.1205348968506,7.4622802734375,3.49259161949158,
2011-04-20,25.8137454986572,3.6685996055603,2.72364449501038,
2011-04-21,24.9564018249512,7.12840604782105,2.12074494361877,
2011-04-22,25.6248817443848,8.91543674468994,2.99074912071228,
2011-04-23,25.8206729888916,3.40277576446533,3.41484045982361,
2011-04-24,25.5867004394531,3.28184795379639,3.43039608001709,
2011-04-25,25.5545654296875,2.97256469726563,3.84412097930908,
2011-04-26,25.4169158935547,2.84569358825684,3.50714468955994,
2011-04-27,25.4105987548828,4.9835352897644,3.38796639442444,
2011-04-28,24.26100730896,8.52216053009033,2.01169013977051,
2011-04-29,23.4811058044434,13.8727369308472,1.1676379442215,
2011-04-30,24.1955833435059,11.4559011459351,1.96662878990173,
2011-05-01,25.100118637085,4.8023419380188,2.93405890464783,
2011-05-02,26.1144466400147,6.32665920257568,2.94952344894409,
2011-05-03,25.5964984893799,9.42791557312012,2.41946744918823,
2011-05-04,25.5949687957764,7.02540349960327,2.66961264610291,
2011-05-05,25.5357360839844,2.46792101860046,3.26525664329529,
2011-05-06,26.1008148193359,1.77597439289093,3.27161359786987,
2011-05-07,25.0714416503906,1.75194048881531,3.20537400245667,
2011-05-08,25.3596630096436,1.4965033531189,3.3618426322937,
2011-05-09,24.6161098480225,2.01284980773926,2.8943943977356,
2011-05-10,24.9954166412354,0.957119107246399,3.15603256225586,
2011-05-11,24.7139225006104,1.81958317756653,2.79847359657288,
2011-05-12,24.0933418273926,2.54483389854431,3.05062222480774,
2011-05-13,24.3032302856445,1.94380831718445,2.5801739692688,
2011-05-14,24.1002178192139,1.48101413249969,3.04274702072144,
2011-05-15,23.6740436553955,1.99516642093658,2.39737153053284,
2011-05-16,24.7333793640137,2.36268711090088,2.47843956947327,
2011-05-17,26.0383472442627,1.794065117836,3.35085344314575,
2011-05-18,24.5692081451416,3.03840684890747,2.40939426422119,
2011-05-19,23.8327312469482,10.435154914856,1.73090541362762,
2011-05-20,23.0060367584229,6.00567579269409,1.75054550170898,
2011-05-21,23.3255062103272,6.11704301834106,2.41064882278442,
2011-05-22,22.9754009246826,4.07573652267456,2.42346453666687,
2011-05-23,23.7595405578613,7.37902307510376,1.82654523849487,
2011-05-24,21.9828014373779,11.0896482467651,0.539100110530853,
2011-05-25,24.0204105377197,5.11551856994629,2.93573093414307,
2011-05-26,23.4429607391357,0.568383634090424,2.83387684822083,
2011-05-27,22.7662925720215,0.0759204179048538,3.38383722305298,
2011-05-28,23.3131847381592,0.720697462558746,2.95795679092407,
2011-05-29,23.888162612915,1.94162809848785,2.92978072166443,
2011-05-30,24.0002746582031,0.847174823284149,2.76626586914063,
2011-05-31,24.5835990905762,0.0601831339299679,3.10831475257874,
2011-06-01,23.1559963226318,1.05732500553131,1.14448952674866,
2011-06-02,24.3981800079346,2.61366581916809,2.55084657669067,
2011-06-03,23.8659725189209,5.97329092025757,2.11917185783386,
2011-06-04,24.7433891296387,2.62764167785645,2.80872511863709,
2011-06-05,24.1609935760498,3.72702574729919,3.44451284408569,
2011-06-06,23.2219142913818,6.11027574539185,1.92724621295929,
2011-06-07,23.1199226379395,1.75130963325501,2.8108057975769,
2011-06-08,22.6753940582275,0.560922384262085,3.48473024368286,
2011-06-09,23.3902530670166,0.000200874535948969,3.5115954875946,
2011-06-10,23.9563007354736,0.0119511466473341,3.44911742210388,
2011-06-11,24.9387035369873,0.94320684671402,3.05676054954529,
2011-06-12,24.1432876586914,5.87061595916748,1.98289859294891,
2011-06-13,21.6501350402832,8.45921230316162,1.0395804643631,
2011-06-14,23.5136241912842,7.64522457122803,2.77974843978882,
2011-06-15,21.863431930542,7.30671358108521,1.44703793525696,
2011-06-16,22.4147129058838,7.85738658905029,2.20263624191284,
2011-06-17,21.8425216674805,3.62053847312927,1.72487378120422,
2011-06-18,23.8240261077881,1.92014586925507,2.37813138961792,
2011-06-19,23.718448638916,2.77355098724365,2.53177094459534,
2011-06-20,23.5674495697022,2.09968113899231,2.9189305305481,
2011-06-21,22.8023433685303,0.49687135219574,2.58963394165039,
2011-06-22,23.2632904052734,0.191712021827698,2.58198118209839,
2011-06-23,23.1481323242188,0.458121597766876,2.53164553642273,
2011-06-24,22.5944080352783,0.676597237586975,2.54257130622864,
2011-06-25,22.3708171844482,0.124915808439255,2.9216570854187,
2011-06-26,22.8947162628174,0.29239547252655,2.45019745826721,
2011-06-27,23.5337810516357,1.59687638282776,2.3859977722168,
2011-06-28,23.9806709289551,1.03056120872498,3.35649681091309,
2011-06-29,24.2426242828369,0.835197329521179,2.91292572021484,
2011-06-30,23.994686126709,2.58622312545776,2.5560040473938,
2011-07-01,23.5840187072754,1.5234227180481,3.00473880767822,
2011-07-02,23.1132469177246,1.17821502685547,2.55713176727295,
2011-07-03,23.0921306610107,0.544604897499085,2.57831954956055,
2011-07-04,23.7916736602783,0.534909129142761,3.02894020080566,
2011-07-05,22.1800308227539,0.00997138116508722,2.91241693496704,
2011-07-06,22.6268348693848,5.01119066029787e-05,3.63492369651794,
2011-07-07,23.5181503295898,0.947631359100342,2.95842218399048,
2011-07-08,23.995138168335,0.355130225419998,2.89592885971069,
2011-07-09,23.270435333252,3.44463157653809,2.43890690803528,
2011-07-10,22.5291194915772,4.87670612335205,2.57244110107422,
2011-07-11,22.753662109375,2.1445472240448,3.05893874168396,
2011-07-12,22.9754753112793,1.45569825172424,2.24842000007629,
2011-07-13,22.9264640808105,1.5935320854187,2.80953812599182,
2011-07-14,22.0787391662598,1.40653157234192,2.46744060516357,
2011-07-15,22.4731864929199,0.711858212947846,2.71793293952942,
2011-07-16,23.1511192321777,0.44133847951889,3.7232677936554,0.005879
2011-07-17,22.9722175598145,0.0889910459518433,3.24634718894959,0.005879
2011-07-18,21.6522178649902,0.459000676870346,1.87759852409363,0.005226
2011-07-19,22.2090167999268,2.64690089225769,2.53722357749939,0.007186
2011-07-20,21.1961193084717,0.904331982135773,2.51810479164124,0.005879
2011-07-21,22.4993782043457,0.519997358322144,2.81969451904297,0.005879
2011-07-22,22.6831531524658,0.222654223442078,3.06352591514587,0.005879
2011-07-23,23.24045753479,0.433748185634613,3.26765012741089,0.005879
2011-07-24,22.740177154541,1.2821147441864,3.21760702133179,0.005879
2011-07-25,23.2568016052246,3.26282906532288,3.17002511024475,0.007186
2011-07-26,23.1023845672607,1.24064433574677,3.47337031364441,0.005879
2011-07-27,22.8652725219727,1.05152034759521,3.18921542167664,0.005879
2011-07-28,22.2579479217529,3.18365740776062,2.36528277397156,0.007186
2011-07-29,22.8006000518799,3.78219342231751,2.97382402420044,0.008819
2011-07-30,22.9447898864746,2.72287964820862,2.82493376731873,0.008819
2011-07-31,23.672342300415,1.57027411460876,1.58978462219238,0.008002
2011-08-01,24.8351020812988,0.608819365501404,3.49079084396362,0.012738
2011-08-02,23.8836879730225,0.303211241960526,3.47968339920044,0.010615
2011-08-03,24.1616058349609,0.0130089838057756,4.11477184295654,0.010615
2011-08-04,25.1569480895996,0.0631249845027924,4.19862508773804,0.008819
2011-08-05,24.8294563293457,0.0850841850042343,4.24042320251465,0.007186
2011-08-06,24.2533950805664,2.56279277801514,2.50674676895142,0.006533
2011-08-07,24.8714065551758,1.83961975574493,3.96898293495178,0.006533
2011-08-08,23.3213348388672,0.464188486337662,2.97363877296448,0.005879
2011-08-09,23.3814945220947,2.19624352455139,2.82131195068359,0.007186
2011-08-10,24.0543613433838,0.764495193958283,4.23311471939087,0.007186
2011-08-11,22.9212093353272,0.0138529613614082,3.99892354011536,0.005879
2011-08-12,23.0297451019287,0.186240211129189,3.22050905227661,0.005879
2011-08-13,23.1312103271484,1.83615076541901,2.86277294158936,0.005879
2011-08-14,24.2019901275635,2.20717597007751,3.19368839263916,0.007186
2011-08-15,21.5750331878662,0.644627749919891,3.57184505462647,0.012738
2011-08-16,21.9950561523438,0.818351089954376,2.60070490837097,0.012738
2011-08-17,22.5924777984619,1.95716440677643,3.08477115631104,0.009799
2011-08-18,22.6954307556152,1.48768389225006,2.79359841346741,0.008819
2011-08-19,24.0081329345703,0.678577721118927,4.25799608230591,0.008819
2011-08-20,23.1003513336182,0.74972128868103,2.45806860923767,0.008819
2011-08-21,23.5628910064697,0.295037806034088,3.57729482650757,0.005879
2011-08-22,24.2067108154297,0.989068269729614,3.75676870346069,0.006533
2011-08-23,23.0714893341064,3.31116843223572,2.35139131546021,0.005879
2011-08-24,23.2871341705322,3.24834084510803,2.93207859992981,0.005879
2011-08-25,24.1034469604492,1.85152614116669,3.96902179718018,0.005226
2011-08-26,24.3160724639893,0.890244781970978,3.4632580280304,0.005879
2011-08-27,23.9437427520752,0.580467700958252,3.38791489601135,0.005226
2011-08-28,25.3569736480713,1.37037408351898,4.65072011947632,0.005879
2011-08-29,23.2229385375977,0.941682279109955,3.22537183761597,0.005879
2011-08-30,24.605167388916,0.642320215702057,3.51542019844055,0.005879
2011-08-31,24.5174522399902,0.0159536860883236,3.79741764068604,0.005879
2011-09-01,24.5487442016602,0.112797677516937,3.86798977851868,0.005226
2011-09-02,23.7935409545898,0.225675567984581,4.87252426147461,0.005879
2011-09-03,22.5238494873047,2.15110993385315,3.21607637405396,0
2011-09-04,23.0159034729004,1.63742458820343,3.45111298561096,0
2011-09-05,22.023473739624,0.179182574152946,3.67917346954346,0
2011-09-06,22.9241008758545,0.0730127468705177,4.37867879867554,0
2011-09-07,22.899694442749,1.15141665935516,3.03107261657715,0
2011-09-08,23.5084705352783,0.169060051441193,3.37169933319092,0
2011-09-09,24.1164169311523,0.427156716585159,4.92674732208252,0
2011-09-10,24.1374855041504,0.215543061494827,3.35097289085388,0
2011-09-11,25.0042533874512,1.16157042980194,3.56366014480591,0
2011-09-12,26.0913333892822,0.231519877910614,4.77194452285767,0
2011-09-13,24.33766746521,0.473100364208221,4.07103872299194,0
2011-09-14,24.1443843841553,0.675796747207642,2.75824379920959,0
2011-09-15,25.1675415039063,0.27541846036911,4.29397201538086,0
2011-09-16,24.1968803405762,1.40245997905731,3.94875884056091,0
2011-09-17,23.1542320251465,2.65995621681213,3.07136368751526,0
2011-09-18,22.8988208770752,1.57449424266815,4.08713102340698,0
2011-09-19,21.4138011932373,0.554409801959992,3.49858260154724,0
2011-09-20,21.3342876434326,0.419185936450958,3.20988750457764,0
2011-09-21,21.5744762420654,0.054207555949688,3.33729863166809,0
2011-09-22,23.9321250915527,0.0241830237209797,4.90233421325684,0
2011-09-23,24.7164363861084,0.104340367019176,4.01754760742188,0
2011-09-24,25.8582172393799,0.0277213398367167,4.49453592300415,0
2011-09-25,25.9458389282227,0.505615532398224,5.30902814865112,0
2011-09-26,24.1296920776367,5.55305480957031,3.43300318717957,0
2011-09-27,24.5402183532715,8.07950973510742,4.19252824783325,0
2011-09-28,24.4572563171387,3.18802356719971,3.62330484390259,0
2011-09-29,25.2517108917236,0.585869669914246,4.28358459472656,0
2011-09-30,25.2422771453857,2.1620888710022,4.09743642807007,0
2011-10-01,25.2889575958252,1.78182911872864,3.69741320610046,0
2011-10-02,26.1789855957031,0.969543278217316,4.49118804931641,0
2011-10-03,26.5845775604248,0.236900672316551,5.10606384277344,0
2011-10-04,26.9188137054443,0.0918206349015236,4.88250875473023,0
2011-10-05,26.3362579345703,1.11408066749573,3.92246174812317,0
2011-10-06,26.8643951416016,1.42607033252716,4.82458925247192,0
2011-10-07,25.3177738189697,0.918890535831451,3.93896174430847,0
2011-10-08,24.9702568054199,0.336946785449982,4.63355827331543,0
2011-10-09,24.7424507141113,0.604272067546845,3.72014212608337,0
2011-10-10,25.9664497375488,0.0970895513892174,3.74090623855591,0
2011-10-11,26.9734039306641,0.445559978485107,4.09378528594971,0
2011-10-12,26.0243148803711,0.841490924358368,3.64125347137451,0
2011-10-13,26.6543788909912,0.238866299390793,4.34104633331299,0
2011-10-14,26.6694774627686,0.132990434765816,4.46975803375244,0
2011-10-15,26.4642581939697,0.811407506465912,4.50283002853394,0
2011-10-16,27.2810592651367,1.07477009296417,4.59222173690796,0
2011-10-17,28.4166793823242,0.0743657499551773,5.13124895095825,0
2011-10-18,28.4442653656006,5.053138256073,3.37686634063721,0
2011-10-19,22.4810161590576,36.2846031188965,0.628681242465973,0
2011-10-20,20.7792358398438,14.4300622940063,0.878649771213532,0
2011-10-21,20.8298473358154,17.1085166931152,0.688015401363373,0
2011-10-22,23.8990726470947,12.4568738937378,3.8801167011261,0
2011-10-23,24.5793914794922,9.27445507049561,3.1308925151825,0
2011-10-24,24.8726902008057,8.3082275390625,3.95823502540588,0
2011-10-25,24.3636569976807,3.27368450164795,3.7764151096344,0
2011-10-26,25.1845970153809,4.41952705383301,4.04762554168701,0
2011-10-27,25.381555557251,4.56772565841675,4.40342903137207,0
2011-10-28,25.9128570556641,1.8684446811676,3.94332313537598,0
2011-10-29,25.8358402252197,1.20768737792969,4.08324909210205,0
2011-10-30,25.8166065216065,0.733469367027283,4.00396776199341,0
2011-10-31,26.085693359375,1.85347247123718,4.54100131988525,0
2011-11-01,26.7613773345947,3.03322625160217,4.08693838119507,0
2011-11-02,23.2401466369629,7.02079105377197,2.14374041557312,0
2011-11-03,21.2539367675781,7.10166835784912,0.808160364627838,0
2011-11-04,22.4003295898438,11.2996788024902,1.9972779750824,0.126731
2011-11-05,23.5849552154541,2.21828699111938,3.64060163497925,0.10795
2011-11-06,23.1267032623291,2.75489354133606,3.66877245903015,0.10795
2011-11-07,22.5825080871582,4.51313495635986,1.89760673046112,0.015841
2011-11-08,23.199634552002,12.7614774703979,2.54574966430664,0.018781
2011-11-09,22.8465118408203,11.0913162231445,1.98628628253937,0.03005
2011-11-10,24.0156955718994,6.31435632705689,1.88952338695526,0.090966
2011-11-11,24.8899097442627,8.10405540466309,2.61376738548279,0.243827
2011-11-12,24.9899768829346,8.80401134490967,3.58557558059692,0.234682
2011-11-13,25.5182552337647,5.00430917739868,4.11325454711914,0.291352
2011-11-14,25.9370861053467,2.3040554523468,4.31807422637939,0.191077
2011-11-15,25.5670928955078,1.6263073682785,4.22132253646851,0.126731
2011-11-16,27.4081935882568,0.713226199150085,4.48258829116821,0.090966
2011-11-17,26.8647308349609,0.406557679176331,5.13924217224121,0.022211
2011-11-18,26.9267635345459,0.75524115562439,4.66900396347046,0.049811
2011-11-19,26.638126373291,0.486154198646545,4.51829624176025,0.003593
2011-11-20,26.5879745483398,1.09079587459564,5.20950651168823,0.00049
2011-11-21,26.2625026702881,0.128019765019417,5.3745641708374,0
2011-11-22,26.6595668792725,0.0842441096901894,5.1512656211853,0
2011-11-23,27.1615791320801,0.0065909493714571,4.18554496765137,0
2011-11-24,27.4795932769775,0.423604637384415,4.5012264251709,0
2011-11-25,27.0072917938232,0.335721135139465,5.26193714141846,0
2011-11-26,25.7724781036377,0.918742537498474,3.85511326789856,0
2011-11-27,26.6496353149414,3.97732496261597,4.53911828994751,0
2011-11-28,26.0005989074707,1.74077260494232,4.81995487213135,0
2011-11-29,25.6828536987305,0.315431028604507,4.58443641662598,0
2011-11-30,25.8524894714355,0.487108737230301,4.12061166763306,0
2011-12-01,26.1934108734131,0.473463922739029,4.25700855255127,0
2011-12-02,27.2668209075928,0.278749734163284,4.56701469421387,0
2011-12-03,27.6025371551514,0.0619638822972775,4.90171575546265,0
2011-12-04,27.39231300354,0.381434112787247,5.05010604858398,0
2011-12-05,26.5046901702881,0.20422874391079,4.39747858047485,0
2011-12-06,25.9955558776856,0.273240566253662,4.34451484680176,0
2011-12-07,26.0302696228027,1.15343725681305,4.40459394454956,0
2011-12-08,26.9167823791504,0.219722419977188,4.65703344345093,0
2011-12-09,27.2292976379395,0.195286065340042,5.12648820877075,0
2011-12-10,28.2644729614258,0.520500481128693,5.50356817245483,0
2011-12-11,28.9146251678467,1.86051857471466,5.5337061882019,0
2011-12-12,27.639799118042,15.5255737304688,2.95583772659302,0
2011-12-13,25.8901596069336,26.4632129669189,2.11099171638489,0
2011-12-14,26.204776763916,8.51102733612061,5.0504355430603,0.008492
2011-12-15,25.4614391326904,3.98864412307739,4.33684301376343,0.001633
2011-12-16,27.0436325073242,1.35845863819122,4.47278785705566,0.008492
2011-12-17,26.8379402160645,0.556471109390259,4.8007116317749,0.010615
2011-12-18,26.5889129638672,0.295293241739273,5.0906400680542,0.004899
2011-12-19,27.0174560546875,0.415604323148727,5.30003356933594,0.001633
2011-12-20,26.9015579223633,0.655925631523132,4.63137531280518,0.00049
2011-12-21,27.0870971679688,1.17944657802582,5.11122226715088,0
2011-12-22,26.6208152770996,0.178460612893105,4.42818355560303,0
2011-12-23,26.8459434509277,0.446026235818863,4.244553565979,0
2011-12-24,26.7799243927002,1.55797064304352,4.0124773979187,0
2011-12-25,27.1229839324951,1.06735336780548,4.58193969726563,0
2011-12-26,27.6080379486084,1.53068673610687,4.68649768829346,0
2011-12-27,27.5901050567627,0.422796577215195,5.02009534835815,0
2011-12-28,27.3126525878906,0.0598149597644806,4.338210105896,0
2011-12-29,28.1762657165527,0.111054874956608,5.28620576858521,0
2011-12-30,28.2071304321289,1.34444463253021,4.13473176956177,0
2011-12-31,28.2291698455811,3.84187483787537,5.05765533447266,0
2012-01-01,28.3044395446777,0.0704964473843575,4.48976421356201,0
2012-01-02,28.7233695983887,0.136421024799347,5.64420747756958,0
2012-01-03,28.4962501525879,0.397372633218765,4.74122285842896,0
2012-01-04,28.6524333953857,0.508548200130463,4.09981489181519,0
2012-01-05,27.9466018676758,0.5739786028862,4.53046178817749,0
2012-01-06,28.6051445007324,0.508313357830048,5.57169008255005,0
2012-01-07,27.8456039428711,1.19445061683655,4.67184448242188,0
2012-01-08,28.9907779693604,0.401101529598236,5.72692108154297,0
2012-01-09,29.0374565124512,2.30739331245422,4.97508192062378,0
2012-01-10,28.7095069885254,1.24029886722565,5.12502574920654,0
2012-01-11,27.5021648406982,2.88348531723022,4.40047121047974,0
2012-01-12,28.343053817749,2.26124429702759,5.12820625305176,0
2012-01-13,29.1158866882324,3.03305602073669,5.17632436752319,0
2012-01-14,28.1250286102295,2.79851341247559,3.96972417831421,0
2012-01-15,28.2265605926514,2.03111004829407,4.35777235031128,0
2012-01-16,28.5630283355713,2.64684176445007,5.78514242172241,0
2012-01-17,27.3881988525391,0.362608730792999,5.5823130607605,0
2012-01-18,27.9280014038086,1.05881989002228,5.53549814224243,0
2012-01-19,27.4358768463135,0.0869047418236733,4.81483030319214,0
2012-01-20,27.129825592041,0.273027896881104,4.7766752243042,0
2012-01-21,26.6947002410889,1.5045827627182,4.07467603683472,0
2012-01-22,26.8635368347168,3.16581749916077,4.48977088928223,0
2012-01-23,26.2244968414307,1.22642505168915,4.64754295349121,0
2012-01-24,26.5749111175537,1.66597819328308,4.59081792831421,0
2012-01-25,26.5547046661377,2.27696561813355,4.19170427322388,0
2012-01-26,27.2483558654785,1.12916195392609,4.1955680847168,0
2012-01-27,28.007640838623,0.957753121852875,5.12734889984131,0
2012-01-28,27.915225982666,0.522989690303803,5.85369157791138,0
2012-01-29,26.9947090148926,0.133109927177429,4.7442512512207,0
2012-01-30,26.8814220428467,0.489083677530289,4.3239312171936,0
2012-01-31,27.9265003204346,0.924460828304291,4.13617992401123,0
2012-02-01,27.0035209655762,1.60867834091187,3.97890996932983,0
2012-02-02,27.5879592895508,1.95351803302765,5.37157201766968,0
2012-02-03,26.5215854644775,3.36106371879578,4.10302305221558,0
2012-02-04,26.8474788665772,3.32548642158508,4.41404247283936,0
2012-02-05,27.2627735137939,1.22967875003815,5.01947069168091,0
2012-02-06,28.6098670959473,0.448132455348969,5.92070913314819,0
2012-02-07,28.0564975738525,0.223071560263634,5.42172765731812,0
2012-02-08,28.4921379089356,0.0530773438513279,5.69250679016113,0
2012-02-09,28.2457599639893,1.46916329860687,5.15355730056763,0
2012-02-10,29.0361728668213,8.5361909866333,4.31436538696289,0
2012-02-11,28.1540241241455,5.62624073028565,4.57158279418945,0
2012-02-12,27.3409385681152,2.85059952735901,4.57354354858398,0
2012-02-13,28.1849613189697,1.75623667240143,5.39572715759277,0
2012-02-14,27.945858001709,1.41620707511902,4.69160652160645,0
2012-02-15,26.9173374176025,3.64876818656921,4.33602619171143,0
2012-02-16,26.0213661193848,4.13127613067627,3.3110671043396,0
2012-02-17,27.2632637023926,2.62798237800598,5.14818000793457,0
2012-02-18,26.5377922058106,3.89818143844605,3.48546409606934,0
2012-02-19,26.1105403900147,9.65186977386475,3.37692356109619,0
2012-02-20,26.4165687561035,6.02162837982178,4.18199825286865,0
2012-02-21,27.7185020446777,2.62251949310303,5.0524468421936,0
2012-02-22,27.147554397583,0.633252799510956,4.02887153625488,0
2012-02-23,26.3985576629639,2.31481766700745,4.18944120407105,0
2012-02-24,27.4275665283203,1.09408485889435,5.61023092269898,0
2012-02-25,27.2453670501709,0.784914791584015,4.29659938812256,0
2012-02-26,27.1563549041748,1.64855790138245,4.34462690353394,0
2012-02-27,27.7108058929443,1.47253441810608,4.39974164962769,0
2012-02-28,27.9567794799805,1.81220424175262,4.25729179382324,0
2012-02-29,28.0963802337647,0.713285386562347,5.28165340423584,0
2012-03-01,27.0318927764893,0.341130495071411,4.61107730865479,0
2012-03-02,27.9366779327393,0.161429643630981,5.66573572158814,0
2012-03-03,27.939977645874,0.0415578484535217,5.62865829467773,0
2012-03-04,27.9071426391602,0.532837212085724,5.18306970596314,0
2012-03-05,28.3220825195313,1.81190419197083,4.33071517944336,0
2012-03-06,27.6903266906738,1.73666036128998,5.07517385482788,0
2012-03-07,27.7775001525879,0.190658763051033,5.47271728515625,0
2012-03-08,26.8780174255371,1.06147634983063,3.32115435600281,0
2012-03-09,28.9391670227051,1.27414178848267,5.98386812210083,0
2012-03-10,27.6322441101074,0.112144239246845,5.70855855941773,0
2012-03-11,28.3572158813477,0.599729895591736,5.40735244750977,0
2012-03-12,27.6124019622803,0.859584093093872,4.57070875167847,0
2012-03-13,28.1665897369385,1.29471695423126,4.90683221817017,0
2012-03-14,27.5821914672852,0.262127995491028,4.77844762802124,0
2012-03-15,28.1555061340332,3.86005085601937e-05,5.65713405609131,0
2012-03-16,29.528772354126,0.0146337822079659,5.14736270904541,0
2012-03-17,29.8124980926514,0.44862425327301,5.89804172515869,0
2012-03-18,28.8180770874023,0.100663743913174,5.21946048736572,0
2012-03-19,29.3061656951904,0.744158029556274,5.34012365341187,0
2012-03-20,28.8750171661377,0.000609340728260577,5.15191793441773,0
2012-03-21,28.0467071533203,0.112991012632847,4.89042234420776,0
2012-03-22,27.9263553619385,0.146099910140038,5.85178995132446,0
2012-03-23,29.1564903259277,0.0721843838691711,5.60439252853394,0
2012-03-24,28.0970325469971,0.187671631574631,6.02741527557373,0
2012-03-25,28.8800430297852,0.0940042659640312,4.8197226524353,0
2012-03-26,28.9411182403564,0.792353272438049,5.6604437828064,0
2012-03-27,28.0079517364502,1.14962339401245,4.6648473739624,0
2012-03-28,27.6748294830322,0.395161241292954,4.42339134216309,0
2012-03-29,28.4792137145996,0.183669880032539,5.3824954032898,0
2012-03-30,27.961935043335,1.44205820560455,3.85300064086914,0
2012-03-31,28.1042346954346,2.49061822891235,3.95979762077332,0
2012-04-01,28.3351192474365,1.32659780979157,4.89711380004883,0
2012-04-02,27.6561946868897,0.375890254974365,4.26322078704834,0
2012-04-03,27.4969863891602,0.25319030880928,4.36411094665527,0
2012-04-04,28.0278759002686,0.41139543056488,4.34743928909302,0
2012-04-05,27.7904663085938,0.124376177787781,4.21220588684082,0
2012-04-06,28.5051231384277,0.00677152117714286,5.62639617919922,0
2012-04-07,28.8303470611572,0.586889922618866,4.90295886993408,0
2012-04-08,29.0693683624268,0.328961402177811,5.45964574813843,0
2012-04-09,27.3692302703857,0.744810163974762,4.01463937759399,0
2012-04-10,27.7397518157959,2.9604218006134,4.72011137008667,0
2012-04-11,27.1505432128906,0.642573595046997,4.45801544189453,0
2012-04-12,26.5000324249268,0.492873102426529,3.9620943069458,0
2012-04-13,26.0419082641602,1.15432775020599,3.55069732666016,0
2012-04-14,26.7456359863281,3.02920699119568,3.76104879379272,0
2012-04-15,27.5314826965332,0.565367877483368,3.87951254844666,0
2012-04-16,28.0106735229492,0.788288772106171,3.55260348320007,0
2012-04-17,27.9309406280518,0.15351565182209,4.28420972824097,0
2012-04-18,27.6799716949463,0.584492862224579,4.36059379577637,0
2012-04-19,26.4602737426758,0.834584593772888,2.99307227134705,0
2012-04-20,26.9290390014648,2.4614679813385,3.81662273406982,0
2012-04-21,27.0382061004639,0.913697481155396,3.94833922386169,0
2012-04-22,28.1003704071045,0.479981571435928,4.86721181869507,0
2012-04-23,28.4189834594727,0.2032131254673,5.18544340133667,0.00049
2012-04-24,28.0756931304932,0.0131865823641419,5.15111207962036,0.00049
2012-04-25,26.8212413787842,0.271385550498962,3.65341973304749,0
2012-04-26,28.0331783294678,1.34493887424469,5.02204132080078,0
2012-04-27,26.6373710632324,0.00831583607941866,4.94093656539917,0
2012-04-28,26.0044784545898,0,4.95797300338745,0
2012-04-29,26.7474937438965,0.407309859991074,3.67458295822144,0
2012-04-30,26.1964473724365,3.63548421859741,3.06186890602112,0
2012-05-01,28.0216770172119,1.3769268989563,4.25348234176636,0
2012-05-02,26.2343578338623,0.232641845941544,3.63956141471863,0
2012-05-03,26.6637096405029,2.88494634628296,4.22416162490845,0
2012-05-04,25.7924690246582,0.686914026737213,4.13990688323975,0
2012-05-05,26.0954284667969,0.857980787754059,3.3991539478302,0
2012-05-06,25.704288482666,0.532704710960388,3.50378203392029,0
2012-05-07,24.6915988922119,0.629751563072205,3.20413899421692,0
2012-05-08,25.4973468780518,2.96871876716614,3.28169298171997,0
2012-05-09,26.7166500091553,1.09418106079102,4.01721048355103,0
2012-05-10,25.2420082092285,2.190349817276,2.91488933563232,0
2012-05-11,26.4095916748047,1.81780338287354,3.53468871116638,0
2012-05-12,26.6412754058838,0.443913221359253,3.32406210899353,0
2012-05-13,25.9727058410645,0.689945757389069,4.27193880081177,0
2012-05-14,26.9207553863525,0.450301796197891,4.09595251083374,0
2012-05-15,26.795166015625,0.251965045928955,3.68302917480469,0
2012-05-16,26.7856464385986,0.00836245622485876,3.61006212234497,0
2012-05-17,24.5404186248779,7.22110509872437,2.00381541252136,0
2012-05-18,23.546875,6.69270181655884,1.77609848976135,0
2012-05-19,23.665699005127,5.39940071105957,2.29822278022766,0
2012-05-20,24.7231426239014,6.29111385345459,2.31102752685547,0
2012-05-21,22.5498237609863,13.1452255249023,1.41145634651184,0
2012-05-22,23.4355754852295,8.66976642608643,2.2176570892334,0
2012-05-23,23.7871742248535,6.43162727355957,2.13178610801697,0
2012-05-24,24.3434619903564,4.7053017616272,2.53811240196228,0
2012-05-25,24.3302936553955,5.02499532699585,2.03657555580139,0
2012-05-26,24.7091770172119,3.49959826469421,2.55860543251038,0
2012-05-27,24.9293365478516,0.569996535778046,2.60356593132019,0.00049
2012-05-28,24.9431476593018,1.78640747070313,2.91463088989258,0
2012-05-29,25.5667304992676,2.00847172737122,2.86481189727783,0
2012-05-30,25.1482181549072,2.46273159980774,2.91822504997253,0
2012-05-31,24.5663185119629,2.77716088294983,2.70355415344238,0
2012-06-01,24.7195453643799,0.146275222301483,2.58541083335876,0
2012-06-02,25.4230995178223,1.06651544570923,2.59464335441589,0
2012-06-03,24.5389995574951,2.38918566703796,2.45300102233887,0
2012-06-04,24.5211334228516,0.637733042240143,2.72136664390564,0
2012-06-05,25.2300968170166,0.472446650266647,2.77161812782288,0
2012-06-06,24.8921012878418,0.57254946231842,3.10449171066284,0
2012-06-07,24.2407093048096,1.43999075889587,2.82964682579041,0
2012-06-08,24.7386264801025,0.481114119291306,2.97037768363953,0
2012-06-09,23.5135860443115,0.654307007789612,2.54107975959778,0
2012-06-10,23.9598922729492,1.12503218650818,2.78566551208496,0
2012-06-11,23.9134941101074,2.14673280715942,2.03966474533081,0
2012-06-12,23.5668659210205,10.1510763168335,1.43315052986145,0
2012-06-13,24.148380279541,2.42683291435242,2.83976340293884,0
2012-06-14,24.0664100646973,1.37761986255646,2.44514608383179,0
2012-06-15,23.5827083587647,1.68137061595917,2.61345171928406,0
2012-06-16,23.4716033935547,2.34342789649963,2.11790728569031,0
2012-06-17,23.6843891143799,1.34423160552979,2.80290651321411,0
2012-06-18,23.9207801818848,0.674824774265289,2.72410082817078,0.000163
2012-06-19,24.908576965332,0.382292002439499,2.95937895774841,0.000163
2012-06-20,24.5695209503174,0.0115229208022356,3.14518117904663,0.000163
2012-06-21,24.3046951293945,0.0864123106002808,2.92628049850464,0
2012-06-22,24.0591106414795,1.78997790813446,1.20978057384491,0
2012-06-23,25.543155670166,0.981958508491516,2.77251958847046,0
2012-06-24,24.422737121582,1.50995206832886,3.3531928062439,0.000163
2012-06-25,23.6397953033447,2.26022362709045,2.87803840637207,0
2012-06-26,23.4767570495605,3.20562148094177,2.70898842811584,0
2012-06-27,22.6961460113525,4.4480562210083,2.57435989379883,0.004899
2012-06-28,23.6602649688721,5.70788908004761,1.93377077579498,0.039195
2012-06-29,24.3355541229248,3.72328901290894,2.88104391098022,0.049811
2012-06-30,23.6798686981201,2.35932517051697,3.07213258743286,0.049811
2012-07-01,21.8602352142334,2.20576357841492,1.70195043087006,0.049811
2012-07-02,23.310131072998,2.52458834648132,3.0671443939209,0.003593
2012-07-03,22.4170932769775,0.816709280014038,2.99440813064575,0
2012-07-04,22.294246673584,2.76890110969543,2.11715245246887,0
2012-07-05,23.47265625,3.33837962150574,2.85875773429871,0
2012-07-06,23.2627906799316,1.47492253780365,2.79329085350037,0
2012-07-07,23.2100162506104,2.18564391136169,3.23609924316406,0
2012-07-08,22.5573387145996,0.665739715099335,2.7967472076416,0
2012-07-09,23.3866539001465,0.0683129504323006,3.02278399467468,0.00049
2012-07-10,22.9015369415283,1.58932852745056,2.5912811756134,0.00049
2012-07-11,22.3007888793945,1.95394194126129,1.82753646373749,0.00049
2012-07-12,23.6034507751465,0.998212337493896,2.95324397087097,0.00098
2012-07-13,24.4385681152344,0.367354482412338,3.01190543174744,0.00098
2012-07-14,26.0841217041016,1.06146430969238,3.67012214660645,0.001633
2012-07-15,23.2146816253662,1.38462293148041,2.28486657142639,0.001633
2012-07-16,22.9984569549561,1.24090731143951,2.61228466033936,0.00245
2012-07-17,22.4887733459473,2.7828266620636,1.45470702648163,0.00098
2012-07-18,24.0316295623779,2.19013643264771,3.07786417007446,0.00049
2012-07-19,22.9324455261231,0.370393186807632,3.89244174957275,0.000163
2012-07-20,23.2442207336426,0.271721243858337,3.33485889434814,0.000163
2012-07-21,23.5424213409424,0.237314820289612,3.51837682723999,0
2012-07-22,22.6345081329346,0.135078847408295,2.71031045913696,0
2012-07-23,23.2612915039063,0.405196189880371,3.62907481193543,0
2012-07-24,22.5088672637939,0.194465070962906,3.39709186553955,0
2012-07-25,23.7762565612793,0.592839777469635,3.94275712966919,0
2012-07-26,22.0386486053467,0.234515026211739,3.59795212745667,0
2012-07-27,23.009578704834,0.790879964828491,2.17424631118774,0
2012-07-28,22.5034885406494,0.250545799732208,2.9741747379303,0
2012-07-29,22.9925231933594,4.00599050521851,2.77268362045288,0.000163
2012-07-30,23.6644287109375,0.58372175693512,3.04432439804077,0.00049
2012-07-31,23.1327857971191,1.41038572788239,3.44024753570557,0.00098
2012-08-01,22.9034938812256,1.74632179737091,3.29928612709045,0.00049
2012-08-02,23.2600650787354,2.79914116859436,3.25138974189758,0.00049
2012-08-03,22.530668258667,1.30678176879883,3.20202445983887,0.00098
2012-08-04,22.5808639526367,0.71408611536026,3.31036901473999,0.00049
2012-08-05,23.3020095825195,0.113471530377865,3.22699499130249,0.00049
2012-08-06,23.0804576873779,0.266410738229752,4.17796564102173,0.000163
2012-08-07,22.8257808685303,0.444391489028931,3.35383033752441,0
2012-08-08,23.0466156005859,1.01686823368073,3.47770714759827,0.000163
2012-08-09,23.9657402038574,2.07107377052307,4.06179332733154,0.00049
2012-08-10,22.9423847198486,1.25946605205536,3.10667777061462,0.00098
2012-08-11,22.1910934448242,0.779522240161896,3.11442470550537,0.00098
2012-08-12,22.611328125,1.6746369600296,3.11551570892334,0.00049
2012-08-13,22.5151023864746,2.75025367736816,3.11917114257813,0.00049
2012-08-14,22.5280952453613,5.15684223175049,2.62007308006287,0.001633
2012-08-15,21.4288082122803,3.21210741996765,2.52088379859924,0.00245
2012-08-16,23.5594272613525,3.69934320449829,3.22487020492554,0.00098
2012-08-17,23.4402275085449,3.68090891838074,3.45370149612427,0.00049
2012-08-18,22.1628971099854,2.39283657073975,2.71947479248047,0.00098
2012-08-19,23.0378303527832,2.70209336280823,3.43862318992615,0.001633
2012-08-20,22.4785747528076,2.49638891220093,2.91250610351563,0.00245
2012-08-21,23.4801254272461,2.4738187789917,3.50185704231262,0.004899
2012-08-22,22.4697532653809,2.04072427749634,2.60942578315735,0.004899
2012-08-23,23.2700366973877,2.77936792373657,4.25550651550293,0.004899
2012-08-24,22.3542289733887,1.89246582984924,3.39766263961792,0.003593
2012-08-25,21.7565689086914,7.17274236679077,2.0993173122406,0.00245
2012-08-26,22.4216442108154,3.98961853981018,3.89087128639221,0.001633
2012-08-27,22.4944438934326,1.21511578559876,3.73103451728821,0.00098
2012-08-28,23.3556652069092,0.993976294994354,3.00587296485901,0.00049
2012-08-29,23.8990688323975,3.91472721099854,4.41991519927979,0.001633
2012-08-30,24.6862621307373,0.281608313322067,4.49515056610107,0.003593
2012-08-31,23.7856197357178,0.0987868756055832,4.50167608261108,0.004899
2012-09-01,22.7619552612305,1.5041241645813,3.00010657310486,0.008492
2012-09-02,23.0145015716553,0.861227512359619,4.35898685455322,0.010615
2012-09-03,22.9263458251953,0.400067657232285,3.58144998550415,0.013065
2012-09-04,23.5411834716797,0.727742969989777,3.7226026058197,0.010615
2012-09-05,22.7491970062256,4.41300439834595,3.43779730796814,0.008492
2012-09-06,21.6182537078857,1.02520048618317,2.60319948196411,0.004899
2012-09-07,23.5676364898682,0.214372545480728,3.87565851211548,0.004899
2012-09-08,23.4771347045898,0.0667260736227036,3.58058977127075,0.004899
2012-09-09,24.5066184997559,0.189139872789383,3.51414227485657,0.003593
2012-09-10,24.9659366607666,0.278066337108612,3.31063532829285,0.00245
2012-09-11,26.2619972229004,1.04730987548828,3.83964323997498,0.001633
2012-09-12,26.4821071624756,0.230594277381897,4.69062185287476,0.00049
2012-09-13,26.0991096496582,0.0796246826648712,5.40101671218872,0
2012-09-14,24.7566890716553,0.341583162546158,5.32623243331909,0
2012-09-15,25.3330612182617,0.339503884315491,4.09380722045898,0
2012-09-16,24.4858665466309,0.781709730625153,3.4704282283783,0
2012-09-17,25.8045768737793,0.267219185829163,5.27754259109497,0
2012-09-18,25.7636909484863,0.0105374520644546,4.84451055526733,0.00049
2012-09-19,25.7983283996582,0.0030581692699343,5.39250802993774,0.00245
2012-09-20,26.1197052001953,0.133006513118744,5.62323522567749,0.004899
2012-09-21,26.4562473297119,0.125210717320442,5.6247673034668,0.006533
2012-09-22,26.1307811737061,0.219425559043884,5.46127033233643,0.010615
2012-09-23,25.7004013061523,0.966073930263519,4.19748878479004,0.018781
2012-09-24,24.5368003845215,1.04258728027344,3.82616567611694,0.03005
2012-09-25,24.8760204315186,0.643801510334015,3.70863604545593,0.022211
2012-09-26,25.7817897796631,0.415075421333313,4.95188093185425,0.010615
2012-09-27,25.5431251525879,1.63098406791687,4.30428552627564,0.006533
2012-09-28,21.0287761688232,4.84650135040283,1.19970452785492,0.004899
2012-09-29,21.9910793304443,3.33661985397339,2.16451382637024,0.004899
2012-09-30,23.2219791412354,0.508414328098297,4.11628770828247,0.008492
2012-10-01,23.1849040985107,0.184054523706436,3.52681946754456,0.006533
2012-10-02,23.2233371734619,2.12622308731079,3.3649959564209,0.004899
2012-10-03,23.5445880889893,3.70814228057861,2.99029636383057,0.003593
2012-10-04,24.4461708068848,0.918300747871399,4.1168532371521,0.00245
2012-10-05,24.6708679199219,0.774362027645111,4.12183332443237,0.001633
2012-10-06,23.7162570953369,0.572847604751587,4.06460571289063,0.00098
2012-10-07,24.5169734954834,0.642869651317596,4.11008739471436,0.00098
2012-10-08,23.9594249725342,1.03145682811737,4.08520174026489,0.001633
2012-10-09,23.5272521972656,0.983262896537781,3.62667322158814,0.00245
2012-10-10,23.7703838348389,4.25406360626221,3.64598393440247,0.001633
2012-10-11,25.3312702178955,1.49003207683563,4.41049337387085,0.003593
2012-10-12,25.9549903869629,1.03459477424622,3.82638430595398,0.004899
2012-10-13,25.4909038543701,1.99751043319702,4.20192432403564,0.006533
2012-10-14,24.1475391387939,0.874603390693665,3.96411776542664,0.008492
2012-10-15,24.1559619903564,0.621258616447449,3.75185894966126,0.008492
2012-10-16,24.4661254882813,0.281033098697662,4.06965589523315,0.008492
2012-10-17,26.5061531066895,0.417358368635178,4.42131519317627,0.010615
2012-10-18,27.0843105316162,0.262936145067215,5.31380701065064,0.008492
2012-10-19,26.2632026672363,0.051873117685318,4.48614406585693,0.004899
2012-10-20,26.3304004669189,0.82082587480545,4.61955785751343,0.004899
2012-10-21,26.2277240753174,0.0655758380889893,5.06253814697266,0.003593
2012-10-22,26.5161876678467,0.516186535358429,5.46048879623413,0.003593
2012-10-23,27.3609046936035,0.461835771799088,5.78614139556885,0.00245
2012-10-24,27.9333324432373,0.0223624929785728,6.10371112823486,0.001633
2012-10-25,26.8633098602295,1.05567109584808,6.0973539352417,0.001633
2012-10-26,25.2597599029541,0.231610104441643,4.38130283355713,0.00098
2012-10-27,25.5126495361328,0.656358659267426,4.02089214324951,0.00049
2012-10-28,26.5298099517822,0.0546013973653317,5.41802978515625,0.00098
2012-10-29,26.4349060058594,0.675849258899689,5.58269834518433,0.00049
2012-10-30,27.1108226776123,0.284968495368958,5.65699768066406,0.000163
2012-10-31,28.1467685699463,0.26660293340683,5.86232280731201,0
2012-11-01,28.6082382202148,0.0621079206466675,5.81968116760254,0.00245
2012-11-02,28.3409900665283,6.22834587097168,4.10146474838257,0.003593
2012-11-03,27.3322620391846,10.4442253112793,4.33065032958984,0.003593
2012-11-04,28.275712966919,1.39028239250183,4.38863372802734,0.010615
2012-11-05,27.78493309021,1.46174800395966,4.68981790542603,0.018781
2012-11-06,27.5407638549805,4.34373998641968,3.71355390548706,0.044258
2012-11-07,25.7332744598389,13.2074041366577,3.77119445800781,0.756632
2012-11-08,25.9766693115234,4.47077083587647,3.8662691116333,0.216881
2012-11-09,25.5506191253662,1.86125719547272,3.92142724990845,0.034459
2012-11-10,24.9960517883301,1.9071136713028,4.1042160987854,0.003593
2012-11-11,25.9590530395508,0.964780509471893,4.48137998580933,0.044258
2012-11-12,26.6379318237305,0.907607078552246,4.5340371131897,0.00245
2012-11-13,26.7604732513428,1.23805832862854,5.43918418884277,0
2012-11-14,27.1228771209717,0.226087108254433,4.96043348312378,0
2012-11-15,27.8244132995606,0.025361517444253,4.64935541152954,0.00049
2012-11-16,28.0333766937256,0.0533653199672699,5.5479679107666,0.004899
2012-11-17,28.4386138916016,0.731195628643036,5.4197473526001,0.015841
2012-11-18,26.4947013854981,2.53796648979187,4.29833269119263,0.015841
2012-11-19,27.5548458099365,1.18359661102295,5.33289480209351,0.010615
2012-11-20,27.4224681854248,0.0371766202151775,5.15490865707398,0.00098
2012-11-21,27.6386814117432,0.116088472306728,4.73453378677368,0.00098
2012-11-22,27.7335453033447,1.01291882991791,4.98021602630615,0.00098
2012-11-23,27.9069976806641,0.593481838703156,4.7162880897522,0.00098
2012-11-24,28.3410968780518,0.765834987163544,5.88098669052124,0.00098
2012-11-25,28.4568328857422,0.00419152993708849,5.99262428283691,0.00098
2012-11-26,28.4327354431152,0.0868205949664116,5.41251707077026,0.00098
2012-11-27,28.108118057251,0.165162548422813,5.27426528930664,0.00098
2012-11-28,27.6052951812744,0.0783997178077698,4.89105129241943,0.00049
2012-11-29,28.0761470794678,0.79742169380188,4.59996700286865,0.00049
2012-11-30,28.2782859802246,2.69934606552124,5.62579154968262,0.00049
2012-12-01,27.6896724700928,0.597507536411285,5.16548299789429,0.00098
2012-12-02,27.9434051513672,0.0994430631399155,5.476393699646,0.00098
2012-12-03,28.1078910827637,1.24569058418274,5.5689549446106,0.00049
2012-12-04,27.4914321899414,1.33548521995544,4.32374238967896,0.00049
2012-12-05,26.8510818481445,2.98761892318726,4.41509008407593,0.00049
2012-12-06,26.2384071350098,0.910934805870056,4.59299516677856,0.00049
2012-12-07,26.780611038208,1.16605365276337,5.0931134223938,0.000163
2012-12-08,27.9018592834473,0.373453408479691,5.11777830123901,0.000163
2012-12-09,28.2176208496094,0.513573944568634,4.3498272895813,0.000163
2012-12-10,28.2227153778076,0.546181440353394,3.80621361732483,0.000163
2012-12-11,28.7215347290039,0.0390783995389938,5.26447200775147,0
2012-12-12,29.3229866027832,0.371229439973831,5.81573915481567,0
2012-12-13,28.8112468719482,0.553374171257019,5.2048192024231,0.00098
2012-12-14,28.3652725219727,0.281953096389771,6.29773902893066,0.00098
2012-12-15,27.3345642089844,0.032923948019743,6.34408569335938,0.00098
2012-12-16,28.0912132263184,1.16325128078461,5.82192659378052,0.000163
2012-12-17,28.2476806640625,0.281498193740845,5.95938110351563,0.000163
2012-12-18,29.0180511474609,0.0407712087035179,6.05337333679199,0
2012-12-19,28.8292102813721,0.554426550865173,5.90616989135742,0
2012-12-20,28.7656002044678,0.050449725240469,5.85570812225342,0
2012-12-21,28.3276023864746,0.0441485978662968,5.98156833648682,0
2012-12-22,27.4875564575195,0,6.32099151611328,0
2012-12-23,27.2463474273682,0.0191032737493515,6.36192560195923,0
2012-12-24,27.4238262176514,0.195774599909782,5.30459928512573,0
2012-12-25,27.3454437255859,0.0677128508687019,5.26639080047607,0.00098
2012-12-26,29.0350131988525,0.000100088189356029,5.78570079803467,0.00098
2012-12-27,29.3181247711182,0.563889384269714,5.86281633377075,0.00098
2012-12-28,28.197925567627,0.0488333739340305,5.3247766494751,0.000163
2012-12-29,29.1312103271484,1.08341991901398,5.82571935653687,0.000163
2012-12-30,28.4204177856445,0.79950886964798,5.46482706069946,0.000163
2012-12-31,26.9480514526367,0.792986929416657,4.07883358001709,0.000163
2013-01-01,27.5695171356201,2.46873164176941,4.57290554046631,0.00049
2013-01-02,28.2964859008789,1.62502884864807,4.26035022735596,0.00049
2013-01-03,28.2063941955566,0.785625874996185,4.7600417137146,0.00098
2013-01-04,28.0680522918701,0.875828564167023,4.70257902145386,0.00098
2013-01-05,27.8759117126465,1.44138467311859,4.73512697219849,0.00098
2013-01-06,28.5489387512207,0.722980260848999,5.32579660415649,0.00098
2013-01-07,28.2640590667725,0.601808607578278,5.6079626083374,0.00098
2013-01-08,28.508394241333,0.0578884482383728,5.58397102355957,0.00098
2013-01-09,27.6950931549072,0.277108043432236,4.28685998916626,0.00098
2013-01-10,27.7568759918213,0.33901771903038,4.21310901641846,0.00098
2013-01-11,28.6875,0.356725722551346,5.88395881652832,0.000163
2013-01-12,28.9127502441406,2.84005570411682,5.26723909378052,0.000163
2013-01-13,28.2883682250977,1.49512219429016,5.10047626495361,0
2013-01-14,27.8730201721191,2.52684450149536,4.89414882659912,0
2013-01-15,27.5737781524658,1.09087884426117,4.2211389541626,0
2013-01-16,29.0778636932373,1.23231649398804,4.59586906433106,0.000163
2013-01-17,28.5938606262207,1.92031157016754,4.19050693511963,0.000163
2013-01-18,29.2938919067383,4.901047706604,4.75927829742432,0.000163
2013-01-19,25.2978420257568,24.5714664459229,1.08823001384735,0.000163
2013-01-20,27.6365814208984,10.6680908203125,4.34526252746582,0.000163
2013-01-21,28.2894954681397,10.0508546829224,4.66303825378418,0.00098
2013-01-22,27.6429748535156,4.62009334564209,2.65663599967957,0.00098
2013-01-23,26.0716609954834,4.25613975524902,2.23217940330505,0.00098
2013-01-24,28.2616519927979,2.82799673080444,4.9655442237854,0.00098
2013-01-25,27.8284759521484,0.318336725234985,5.84805965423584,0.00098
2013-01-26,28.817066192627,0.172801420092583,5.20633125305176,0.00049
2013-01-27,28.6026821136475,0.127014398574829,5.04977130889893,0.00049
2013-01-28,28.9201793670654,0.150421187281609,5.70795154571533,0.00098
2013-01-29,28.7329292297363,0.122777529060841,5.63837480545044,0.00098
2013-01-30,28.0775718688965,0.0576279610395432,5.62960958480835,0.00098
2013-01-31,28.1380348205566,0.16607953608036,5.90028095245361,0.00049
2013-02-01,28.7303218841553,0.00221294071525335,6.31787538528442,0.00098
2013-02-02,28.9051742553711,0.00235525378957391,5.70567178726196,0.00098
2013-02-03,28.8672485351563,0.882572174072266,5.83716630935669,0.00098
2013-02-04,28.3479518890381,0.295262843370438,4.2645058631897,0.00098
2013-02-05,29.4115428924561,0.127771288156509,6.09086847305298,0
2013-02-06,28.2716579437256,0.303364098072052,5.07528829574585,0
2013-02-07,28.2855548858643,1.04049408435822,5.11620235443115,0
2013-02-08,28.4643688201904,2.00301814079285,4.38654232025147,0
2013-02-09,28.7828254699707,1.79923450946808,5.85081672668457,0
2013-02-10,27.7752628326416,0.633009314537048,5.18936014175415,0
2013-02-11,27.5483379364014,0.500566065311432,4.69556665420532,0
2013-02-12,27.4003677368164,0.79483824968338,4.28747272491455,0
2013-02-13,28.246675491333,0.665115118026733,4.92512845993042,0
2013-02-14,28.513708114624,0.83894956111908,4.96630239486694,0
2013-02-15,28.6788959503174,0.439530700445175,5.17383480072022,0.000163
2013-02-16,28.7225704193115,1.54346990585327,5.11129713058472,0
2013-02-17,27.9993572235107,0.931777060031891,4.78600549697876,0.000163
2013-02-18,29.1260089874268,0.756150841712952,6.04821443557739,0.000163
2013-02-19,29.578010559082,0.655892848968506,6.16060638427734,0.00049
2013-02-20,27.7754383087158,0.362474709749222,4.92666482925415,0.000163
2013-02-21,28.0520401000977,1.07402896881104,3.81106805801392,0.000163
2013-02-22,27.9985961914063,1.91674792766571,4.52951765060425,0.000163
2013-02-23,28.065845489502,0.57887464761734,4.70495462417603,0.00049
2013-02-24,27.391731262207,0.631654262542725,4.24695062637329,0.00098
2013-02-25,28.3414764404297,1.5048930644989,4.40564632415772,0.00098
2013-02-26,27.820161819458,1.89620864391327,4.69098567962647,0.00098
2013-02-27,29.6425685882568,0.504982709884644,5.76995277404785,0.00098
2013-02-28,29.4016246795654,0.104352466762066,5.83359241485596,0.00049
2013-03-01,29.0135726928711,0.0983457565307617,6.11234378814697,0.00049
2013-03-02,29.2902488708496,0.0200187936425209,6.03566694259644,0.000163
2013-03-03,29.1666393280029,0.0863207057118416,5.73075389862061,0
2013-03-04,28.707462310791,0.050113957375288,5.27344131469727,0
2013-03-05,29.7557754516602,0.349575012922287,4.99742937088013,0
2013-03-06,30.2365436553955,0.482267469167709,6.09210586547852,0.000163
2013-03-07,29.8138294219971,0.200510323047638,6.0740704536438,0
2013-03-08,28.8187007904053,0.000614035641774535,5.92961168289185,0.000163
2013-03-09,29.1471309661865,0.786448299884796,5.10604572296143,0.000163
2013-03-10,29.7931137084961,0.0447094179689884,5.68677616119385,0.000163
2013-03-11,30.5240993499756,0.043676882982254,5.60582637786865,0.000163
2013-03-12,31.0169239044189,1.31942903995514,6.41982221603394,0.00049
2013-03-13,30.3148994445801,0.00232141767628491,5.71933746337891,0.00049
2013-03-14,29.8428611755371,0.00629604887217283,5.25854873657227,0.000163
2013-03-15,28.1249713897705,0.301847338676453,4.57385444641113,0.000163
2013-03-16,27.6776542663574,2.32699084281921,3.91366410255432,0.000163
2013-03-17,27.6102504730225,2.33595156669617,3.91431736946106,0.000163
2013-03-18,28.717041015625,4.62050008773804,4.05515003204346,0.000163
2013-03-19,27.9295120239258,3.72166967391968,4.47439956665039,0
2013-03-20,27.5933628082275,2.43402695655823,3.46772837638855,0.00049
2013-03-21,28.4589004516602,2.25244927406311,4.7003231048584,0
2013-03-22,28.8927135467529,3.23955345153809,4.13610506057739,0
2013-03-23,28.4580612182617,3.52946162223816,4.39403009414673,0
2013-03-24,28.3568992614746,2.16380071640015,4.5112943649292,0
2013-03-25,27.7130699157715,0.638334691524506,4.30264234542847,0
2013-03-26,28.9053268432617,1.14641487598419,4.52708530426025,0
2013-03-27,29.2909164428711,0.581386148929596,4.90945482254028,0
2013-03-28,29.8619709014893,0.069538913667202,5.05174160003662,0
2013-03-29,29.5544471740723,0.150198623538017,5.22969341278076,0
2013-03-30,27.5266704559326,2.49157452583313,3.80719232559204,0
2013-03-31,28.1934928894043,4.03346490859985,4.93755102157593,0
2013-04-01,27.1697483062744,2.37399649620056,4.22387027740479,0
2013-04-02,28.329704284668,3.14650535583496,4.85065937042236,0
2013-04-03,27.8979835510254,1.90609741210938,5.11099147796631,0
2013-04-04,27.545581817627,0.101592697203159,4.03273487091064,0
2013-04-05,28.5403671264648,0.75466400384903,4.11699533462524,0
2013-04-06,29.6565704345703,0.152406185865402,4.69477987289429,0
2013-04-07,30.4384803771973,0.218284338712692,4.90178823471069,0
2013-04-08,29.7674007415772,0.393353760242462,4.87924289703369,0
2013-04-09,29.2055225372314,0.222826510667801,4.94493627548218,0
2013-04-10,29.3617343902588,0.161804988980293,5.53219318389893,0
2013-04-11,29.0548667907715,0.00572622427716851,5.28950214385986,0
2013-04-12,29.5264434814453,0.0215344857424498,5.67427110671997,0
2013-04-13,29.8044013977051,0.192635670304298,4.89192342758179,0
2013-04-14,29.1941547393799,0.00388761376962066,4.80903720855713,0
2013-04-15,29.6572551727295,0.614931106567383,4.20940923690796,0
2013-04-16,28.2589282989502,2.60749840736389,3.70651793479919,0
2013-04-17,28.5136566162109,5.04183340072632,2.98150062561035,0
2013-04-18,26.4581565856934,11.1523180007935,3.04624104499817,0
2013-04-19,26.8641204833984,4.28470945358276,3.61152935028076,0
2013-04-20,25.2609844207764,14.5851573944092,1.99168765544891,0
2013-04-21,23.8558444976807,11.3338832855225,1.55838525295258,0.000163
2013-04-22,24.5698585510254,6.60108423233032,2.87521052360535,0.00049
2013-04-23,24.6232128143311,2.37559175491333,3.00526738166809,0.008492
2013-04-24,24.4512157440186,7.67214632034302,2.04131817817688,0.015841
2013-04-25,23.3792743682861,9.0814323425293,0.928070485591888,0.022211
2013-04-26,23.8528957366943,10.4837760925293,1.54575884342194,0.025967
2013-04-27,24.5441761016846,3.13899731636047,3.12851786613464,0.022211
2013-04-28,24.4329643249512,3.79431247711182,3.2785804271698,0.018781
2013-04-29,24.3441963195801,3.76735329627991,2.51443314552307,0.015841
2013-04-30,24.2442321777344,9.19840812683105,2.09608507156372,0.015841
2013-05-01,25.0818367004395,2.60811853408814,2.96288013458252,0.00049
2013-05-02,25.3070030212402,1.86609983444214,3.07449555397034,0.001633
2013-05-03,24.2223377227783,3.51605105400085,2.63653683662415,0.00245
2013-05-04,24.7203559875488,1.27141714096069,3.20281410217285,0.003593
2013-05-05,24.8533058166504,0.679139077663422,3.47432255744934,0.003593
2013-05-06,25.0106601715088,0.210741400718689,3.84963583946228,0.004899
2013-05-07,25.3670959472656,0.0014780240599066,4.08811330795288,0.006533
2013-05-08,26.178279876709,0.218957051634789,3.5145366191864,0.010615
2013-05-09,25.3560447692871,5.56470489501953,2.30741572380066,0.013065
2013-05-10,24.439453125,11.5228033065796,2.08155131340027,0.015841
2013-05-11,22.4885349273682,8.52663803100586,1.03147673606873,0.022211
2013-05-12,23.7921829223633,14.0538053512573,1.77302622795105,0.025967
2013-05-13,24.3788185119629,4.58237791061401,2.67211556434631,0.025967
2013-05-14,24.9512882232666,5.463303565979,3.01253867149353,0.025967
2013-05-15,24.6653785705566,5.77748155593872,2.87089157104492,0.03005
2013-05-16,24.8053226470947,3.66578769683838,2.5549430847168,0.034459
2013-05-17,24.9952259063721,3.71934986114502,2.49523711204529,0.039195
2013-05-18,25.1518211364746,3.11581015586853,3.19909906387329,0.034459
2013-05-19,24.2510299682617,3.95579838752747,2.66387701034546,0.03005
2013-05-20,23.0075035095215,4.30822706222534,1.48079705238342,0.022211
2013-05-21,24.0484733581543,4.68600273132324,2.32262229919434,0.022211
2013-05-22,24.4374485015869,1.3460248708725,3.86088824272156,0.018781
2013-05-23,24.8229026794434,0.0139179946854711,3.51381206512451,0.013065
2013-05-24,25.6286792755127,0,3.10735845565796,0.013065
2013-05-25,25.2342166900635,1.76474678516388,2.98457384109497,0.015841
2013-05-26,24.8857135772705,2.44610786437988,2.7684600353241,0.018781
2013-05-27,24.2691974639893,2.59996771812439,2.6419894695282,0.022211
2013-05-28,24.2872314453125,4.99582052230835,2.20440196990967,0.025967
2013-05-29,24.8416576385498,2.97309374809265,2.7485568523407,0.022211
2013-05-30,25.6751689910889,0.225802287459373,3.05601406097412,0.018781
2013-05-31,25.2782878875732,1.78520393371582,2.9686975479126,0.015841
2013-06-01,25.3208885192871,2.53897380828857,2.57619071006775,0.015841
2013-06-02,24.7378597259522,5.48344564437866,2.56001281738281,0.018781
2013-06-03,24.6712474822998,2.39181900024414,2.47115755081177,0.015841
2013-06-04,24.5297756195068,1.95858919620514,2.48138236999512,0.018781
2013-06-05,24.8236083984375,3.54209232330322,2.66489005088806,0.022211
2013-06-06,24.0523700714111,9.23963928222656,1.6573486328125,0.025967
2013-06-07,24.791223526001,4.86153745651245,3.04977369308472,0.03005
2013-06-08,24.1603870391846,3.2578489780426,2.75926280021668,0.039195
2013-06-09,24.3818168640137,5.15117073059082,2.52294540405273,0.044258
2013-06-10,23.6184883117676,4.61754274368286,2.42310738563538,0.049811
2013-06-11,23.6925182342529,2.68800854682922,2.23936367034912,0.049811
2013-06-12,23.7976722717285,3.66236162185669,2.12220907211304,0.044258
2013-06-13,24.0912437438965,4.0320200920105,2.53637790679932,0.039195
2013-06-14,23.7012538909912,1.37455379962921,2.53232622146606,0.034459
2013-06-15,23.8524150848389,2.83921003341675,2.69173002243042,0.034459
2013-06-16,23.4068698883057,3.11434531211853,2.30589580535889,0.049811
2013-06-17,23.8704853057861,1.81677854061127,2.2832670211792,0.049811
2013-06-18,24.4157733917236,2.20822334289551,2.40520334243774,0.044258
2013-06-19,24.081148147583,2.75969219207764,2.8153760433197,0.039195
2013-06-20,24.2929878234863,2.8767580986023,2.69866156578064,0.039195
2013-06-21,24.1117973327637,2.40265703201294,2.53597664833069,0.044258
2013-06-22,23.856294631958,0.980466425418854,3.20268511772156,0.049811
2013-06-23,23.285774230957,0.0538133159279823,3.02536392211914,0.015841
2013-06-24,23.6971530914307,0.0882022306323052,3.23879098892212,0.015841
2013-06-25,23.2038097381592,0.072352297604084,3.07608246803284,0.013065
2013-06-26,23.8650856018066,0.0232941303402185,2.8824508190155,0.013065
2013-06-27,23.0219688415527,1.69369769096375,2.23644280433655,0.010615
2013-06-28,24.0702476501465,2.67419600486755,2.64883732795715,0.010615
2013-06-29,23.6166095733643,0.92140519618988,3.02069091796875,0.013065
2013-06-30,23.9963321685791,0.293808996677399,3.18635654449463,0.015841
2013-07-01,23.82346534729,0.311887085437775,2.79353666305542,0.015841
2013-07-02,23.856164932251,2.40671253204346,2.54908323287964,0.013065
2013-07-03,23.384708404541,2.47009778022766,2.57619547843933,0.010615
2013-07-04,24.1778717041016,3.27220702171326,2.9403293132782,0.018781
2013-07-05,22.8920707702637,2.49789166450501,2.30936193466187,0.022211
2013-07-06,23.0149459838867,6.86822462081909,2.33968067169189,0.025967
2013-07-07,22.2893409729004,2.78684878349304,2.25174069404602,0.022211
2013-07-08,22.8896617889404,2.75544857978821,2.72930335998535,0.022211
2013-07-09,22.8974723815918,1.78331255912781,2.53473114967346,0.022211
2013-07-10,22.8089008331299,2.63308095932007,2.7713794708252,0.022211
2013-07-11,22.7305965423584,6.87165594100952,2.29143381118774,0.022211
2013-07-12,23.2774982452393,3.01016759872437,2.87415957450867,0.03005
2013-07-13,22.9062385559082,4.99665069580078,1.66953933238983,0.034459
2013-07-14,23.1974449157715,12.8483943939209,2.42682600021362,0.039195
2013-07-15,23.7163715362549,3.31950378417969,2.70892548561096,0.039195
2013-07-16,24.1037750244141,1.00141906738281,3.59559941291809,0.049811
2013-07-17,23.4190807342529,0.0798680260777473,3.37504482269287,0.044258
2013-07-18,22.9422492980957,1.10362088680267,2.736896276474,0.034459
2013-07-19,22.8241844177246,0.854590356349945,0.858888030052185,0.03005
2013-07-20,23.7541332244873,2.55300688743591,2.51896834373474,0.025967
2013-07-21,23.746265411377,0.568850874900818,3.17752552032471,0.022211
2013-07-22,23.8568916320801,0.198611721396446,3.09837913513184,0.015841
2013-07-23,23.6499862670898,0.903469622135162,2.16696047782898,0.018781
2013-07-24,23.7916564941406,0.30963334441185,3.29166746139526,0.022211
2013-07-25,21.8475742340088,0.451278984546661,1.07038295269012,0.05569
2013-07-26,23.5116786956787,10.8685293197632,1.44181132316589,0.062059
2013-07-27,22.1596393585205,26.7259063720703,0.98385751247406,0.075614
2013-07-28,22.7857608795166,10.4733304977417,2.40740084648132,0.083127
2013-07-29,22.4455814361572,2.40946364402771,2.97721648216248,0.099295
2013-07-30,22.3334770202637,2.18781208992004,2.58047199249268,0.10795
2013-07-31,22.2294864654541,3.77922224998474,2.30080795288086,0.126731
2013-08-01,22.3352565765381,1.5229264497757,2.97895693778992,0.158088
2013-08-02,22.0393905639648,0.709265887737274,3.44982075691223,0.16952
2013-08-03,22.9755878448486,1.25643622875214,3.17794275283814,0.062059
2013-08-04,22.1551475524902,1.41519868373871,3.00620126724243,0.090966
2013-08-05,21.5221061706543,0.665226459503174,2.662358045578,0.049811
2013-08-06,23.1077995300293,2.69996023178101,1.79083454608917,0.062059
2013-08-07,22.9501342773438,11.8676662445068,2.92262673377991,0.075614
2013-08-08,21.8974018096924,4.30600690841675,2.53338646888733,0.083127
2013-08-09,22.1764240264893,4.22037315368652,2.69851279258728,0.090966
2013-08-10,22.2585563659668,3.6383581161499,2.62127995491028,0.099295
2013-08-11,22.6131057739258,0.984482526779175,2.89275789260864,0.10795
2013-08-12,22.59157371521,1.49093186855316,2.65417551994324,0.117096
2013-08-13,22.8465557098389,2.654536485672,2.25617504119873,0.126731
2013-08-14,23.0679264068604,3.173907995224,2.87334752082825,0.117096
2013-08-15,22.4077491760254,2.6889214515686,2.88647437095642,0.039195
2013-08-16,22.3275852203369,1.58837854862213,2.97844934463501,0.044258
2013-08-17,23.1072120666504,4.00761318206787,2.63645315170288,0.034459
2013-08-18,22.7057228088379,3.26322841644287,2.78999710083008,0.03005
2013-08-19,22.3576641082764,2.83901500701904,2.65817403793335,0.044258
2013-08-20,22.8488502502441,4.4443531036377,2.53452491760254,0.044258
2013-08-21,22.2577743530273,6.33972311019898,2.55892562866211,0.049811
2013-08-22,23.3160820007324,2.77779579162598,3.47689843177795,0.05569
2013-08-23,22.7742328643799,2.02023005485535,3.10668063163757,0.062059
2013-08-24,23.0356349945068,1.88348293304443,2.97964954376221,0.05569
2013-08-25,24.0839099884033,1.9593733549118,3.74932599067688,0.049811
2013-08-26,24.6973628997803,1.5248167514801,3.81311917304993,0.039195
2013-08-27,24.1428871154785,0.797163128852844,2.96887969970703,0.039195
2013-08-28,24.0687389373779,0.144053757190704,4.47906255722046,0.034459
2013-08-29,24.2855606079102,0.0847716778516769,3.81094551086426,0.03005
2013-08-30,22.9762077331543,3.09117698669434,2.35027623176575,0.025967
2013-08-31,22.8110084533691,5.6993203163147,2.42848110198975,0.022211
2013-09-01,23.8280181884766,3.46894311904907,3.60415148735046,0.03005
2013-09-02,22.7988967895508,0.829090714454651,3.33902668952942,0.03005
2013-09-03,23.4482116699219,0.606480658054352,3.86545825004578,0.025967
2013-09-04,24.2395210266113,0.00832356046885252,3.66837978363037,0.022211
2013-09-05,23.8591499328613,0.674362421035767,3.63093113899231,0.025967
2013-09-06,23.0366821289063,3.09093451499939,2.98703980445862,0.03005
2013-09-07,23.1200428009033,4.69150638580322,2.80199384689331,0.034459
2013-09-08,23.2169132232666,6.79611492156982,3.12179064750671,0.039195
2013-09-09,23.1945400238037,4.19928169250488,3.19832134246826,0.044258
2013-09-10,23.0831127166748,4.76146984100342,3.35857725143433,0.044258
2013-09-11,22.4012508392334,3.17607736587524,3.42198538780212,0.049811
2013-09-12,22.5663261413574,2.63406229019165,3.39674353599548,0.062059
2013-09-13,22.6534252166748,2.53040361404419,3.02606892585754,0.075614
2013-09-14,23.6684913635254,2.29223299026489,3.06609654426575,0.05569
2013-09-15,24.3103790283203,2.30853056907654,3.36384177207947,0.05569
2013-09-16,24.4511413574219,1.15125405788422,3.4610595703125,0.049811
2013-09-17,23.8613376617432,0.423957198858261,4.11487102508545,0.044258
2013-09-18,24.8018169403076,2.00993084907532,3.4295072555542,0.039195
2013-09-19,25.0339488983154,1.36172878742218,4.07316589355469,0.008492
2013-09-20,23.5344676971436,0.259328693151474,3.49637293815613,0.008492
2013-09-21,24.9375514984131,0.116966933012009,4.2629861831665,0.006533
2013-09-22,24.8842182159424,0.28814622759819,3.64615893363953,0.008492
2013-09-23,25.9697856903076,0.141604572534561,4.7447075843811,0.008492
2013-09-24,24.6020526885986,0.011995593085885,5.29776811599731,0.03005
2013-09-25,24.972993850708,0.100974708795547,5.36544847488403,0.03005
2013-09-26,25.5439701080322,0.0526034943759441,4.61722469329834,0.025967
2013-09-27,24.9154491424561,0.0563128180801868,3.7910692691803,0.022211
2013-09-28,25.4127922058106,0.318041086196899,4.34665822982788,0.018781
2013-09-29,24.8023319244385,0.801535785198212,3.41706442832947,0.015841
2013-09-30,24.8911476135254,0.736939191818237,4.5063533782959,0.003593
2013-10-01,24.1312160491943,0.106693781912327,4.97213506698608,0.03005
2013-10-02,25.0922431945801,0.410193264484406,4.42160320281982,0.022211
2013-10-03,26.1888599395752,0.0579801611602306,5.04901027679443,0.018781
2013-10-04,26.6037178039551,0.0822035595774651,5.49889421463013,0.00049
2013-10-05,27.1736888885498,0.384904325008392,5.7374210357666,0.00098
2013-10-06,27.0795116424561,0.540813386440277,5.19910335540772,0.00098
2013-10-07,26.3105239868164,1.60389769077301,4.13376474380493,0.001633
2013-10-08,26.3501262664795,1.16173052787781,4.91000747680664,0.001633
2013-10-09,24.1260013580322,6.3436164855957,3.04029130935669,0.001633
2013-10-10,20.9191246032715,26.0224761962891,0.392576515674591,0.00245
2013-10-11,22.9381771087647,10.4734020233154,3.0464289188385,0.003593
2013-10-12,23.1460266113281,4.5632700920105,2.64569711685181,0.004899
2013-10-13,24.1658267974854,1.40639662742615,4.5998592376709,0.010615
2013-10-14,23.7831764221191,2.098384141922,2.63376879692078,0.03005
2013-10-15,24.5483341217041,6.01001596450806,3.39394974708557,0.022211
2013-10-16,24.1683979034424,2.18254542350769,3.21364140510559,0.022211
2013-10-17,25.3730373382568,1.36125731468201,4.09444332122803,0.022211
2013-10-18,24.438362121582,0.425004184246063,3.65569424629211,0.025967
2013-10-19,25.9473781585693,0.305670499801636,4.52886295318604,0.03005
2013-10-20,26.7305221557617,0.243496030569077,5.09608554840088,0.025967
2013-10-21,26.5223274230957,0.0125351352617145,4.7989559173584,0.022211
2013-10-22,26.4870052337647,0.457652121782303,4.86067724227905,0.018781
2013-10-23,25.4977703094482,0.855943083763123,4.16195917129517,0.015841
2013-10-24,25.5193672180176,0.750767946243286,4.53525543212891,0.00245
2013-10-25,25.2802639007568,0.142016425728798,4.58055019378662,0.003593
2013-10-26,24.8612861633301,0.452675521373749,4.60022068023682,0.006533
2013-10-27,23.9792881011963,0.309238374233246,4.10344934463501,0.004899
2013-10-28,26.734281539917,0.637352049350739,5.11509656906128,0.003593
2013-10-29,27.2842140197754,0.731294393539429,4.98374938964844,0.05569
2013-10-30,26.1789379119873,2.06189751625061,4.16878938674927,0.004899
2013-10-31,26.6295261383057,1.54133439064026,4.95853853225708,0.004899
2013-11-01,25.9640007019043,0.506341516971588,4.58339881896973,0.03005
2013-11-02,25.0583591461182,1.52567541599274,4.24749422073364,0.034459
2013-11-03,22.8625926971436,9.27462768554688,1.9007306098938,0.025967
2013-11-04,22.9872798919678,6.86212158203125,3.29358339309692,0.03005
2013-11-05,25.0051994323731,8.94056510925293,3.67094969749451,0.03005
2013-11-06,26.2235355377197,9.41646480560303,4.5132999420166,0.015841
2013-11-07,26.424898147583,2.81443810462952,4.31069135665894,0.008492
2013-11-08,25.5356407165527,1.14476478099823,3.97115206718445,0.00245
2013-11-09,26.2181015014648,0.190488561987877,5.25561189651489,0.001633
2013-11-10,27.1127891540527,0.14473369717598,4.54305362701416,0.00245
2013-11-11,26.656608581543,0.216249376535416,4.30006504058838,0.001633
2013-11-12,26.5610218048096,0.109683156013489,4.80274868011475,0.003593
2013-11-13,26.6652450561523,0.31027963757515,4.40488958358765,0.00245
2013-11-14,26.0459938049316,1.74535155296326,4.75667953491211,0.001633
2013-11-15,25.0329914093018,0.781073212623596,4.31860303878784,0.00245
2013-11-16,25.9396438598633,1.1066027879715,4.76483583450317,0.00245
2013-11-17,25.5067596435547,0.114895790815353,5.76283168792725,0.003593
2013-11-18,26.3763637542725,0.742547690868378,5.31848859786987,0.003593
2013-11-19,25.5688495635986,2.73075795173645,3.53347182273865,0.004899
2013-11-20,26.0660934448242,3.84497594833374,5.14631795883179,0.004899
2013-11-21,24.6228923797607,1.39560997486115,3.91920018196106,0.003593
2013-11-22,24.9480571746826,0.6538405418396,4.59422969818115,0.00245
2013-11-23,26.5709705352783,0.416261494159699,4.74732208251953,0.001633
2013-11-24,27.5011119842529,2.12316918373108,4.98282718658447,0.00245
2013-11-25,26.8742752075195,1.75594329833984,4.48595094680786,0.003593
2013-11-26,26.6979389190674,2.41237998008728,3.83638858795166,0.004899
2013-11-27,26.3718566894531,6.03239011764526,2.6228518486023,0.006533
2013-11-28,25.2070541381836,11.4695196151733,2.33489537239075,0.008492
2013-11-29,25.9257774353027,9.50444316864014,4.35644865036011,0.010615
2013-11-30,25.897762298584,1.76534926891327,4.4966402053833,0.03005
2013-12-01,27.0165920257568,2.18534326553345,4.87860012054443,0.003593
2013-12-02,26.2358589172363,0.891631782054901,4.40255308151245,0.003593
2013-12-03,27.166109085083,0.207227006554604,4.96902656555176,0.00245
2013-12-04,27.8560314178467,0.0841130539774895,5.44085931777954,0.001633
2013-12-05,28.6312122344971,0.468666821718216,5.52460384368897,0.00245
2013-12-06,27.0726566314697,0.323949903249741,3.80602288246155,0.00098
2013-12-07,27.3982982635498,1.20181047916412,4.41531038284302,0.00098
2013-12-08,27.3197803497314,2.88912987709045,4.57014894485474,0.001633
2013-12-09,26.9828090667725,0.0177340935915709,5.10922241210938,0.001633
2013-12-10,26.7418251037598,0.012772592715919,5.87667036056519,0.00245
2013-12-11,26.9879817962647,0.0206346306949854,6.04135322570801,0.003593
2013-12-12,28.6621170043945,0.168885767459869,5.3167929649353,0.003593
2013-12-13,28.6552906036377,1.70443606376648,4.03402090072632,0.004899
2013-12-14,27.9689311981201,3.96741390228272,4.59228038787842,0.004899
2013-12-15,28.1419372558594,3.69747924804688,5.37923240661621,0.006533
2013-12-16,27.0569019317627,1.79361617565155,3.82700252532959,0.006533
2013-12-17,26.8097839355469,7.1599612236023,2.76433682441711,0.003593
2013-12-18,23.7537651062012,32.2265701293945,0.951308369636536,0.00245
2013-12-19,25.43385887146,15.9559707641602,2.0000696182251,0.001633
2013-12-20,25.511510848999,8.20846939086914,2.91112947463989,0.00098
2013-12-21,26.1730823516846,7.34125137329102,3.53970575332642,0.00049
2013-12-22,25.7000102996826,8.12889385223389,2.33706569671631,0.00049
2013-12-23,26.8558673858643,2.51017594337463,4.25136232376099,0.00049
2013-12-24,26.5387325286865,0.988912463188171,4.24399566650391,0.000163
2013-12-25,26.890625,0.037569098174572,4.45640277862549,0.001633
2013-12-26,27.2951622009277,0.0385955534875393,5.58071517944336,0.001633
2013-12-27,26.8479270935059,0.662421345710754,4.11991453170776,0.00245
2013-12-28,26.977144241333,1.04020142555237,3.94535446166992,0.00245
2013-12-29,27.2722091674805,0.231664136052132,4.35992574691772,0.003593
2013-12-30,26.0763339996338,0.122039042413235,4.61232614517212,0.003593
2013-12-31,27.0120105743408,0.0883988961577416,4.9664192199707,0.003593
2014-01-01,27.1741142272949,0.0563184432685375,5.00998544692993,0.00049
2014-01-02,27.1279602050781,0.211102604866028,5.52337503433228,0.00049
2014-01-03,27.096809387207,1.25625514984131,5.02543020248413,0.00098
2014-01-04,26.7833290100098,0.178537011146545,5.73936700820923,0.00098
2014-01-05,26.8388023376465,0.358492374420166,4.86304903030396,0.00098
2014-01-06,25.8093681335449,1.97355818748474,4.1294093132019,0.00098
2014-01-07,25.9930324554443,2.5363461971283,4.57717657089233,0.00049
2014-01-08,25.5448722839355,2.55147624015808,4.46859836578369,0.00049
2014-01-09,26.2866878509522,2.53493046760559,5.08084583282471,0.00049
2014-01-10,26.7080726623535,1.78668892383575,3.85355806350708,0.000163
2014-01-11,27.2898445129395,1.6712406873703,5.61376428604126,0.00098
2014-01-12,26.8025093078613,0.967876255512238,4.87639999389648,0.00098
2014-01-13,26.7276000976563,2.36534595489502,4.56004953384399,0.001633
2014-01-14,27.9753570556641,2.14312839508057,5.47091436386108,0.001633
2014-01-15,26.8121204376221,1.67195391654968,4.69933176040649,0.00245
2014-01-16,26.1874732971191,1.12598598003387,4.34930467605591,0.00245
2014-01-17,26.7052764892578,0.0697222724556923,4.93339586257935,0.003593
2014-01-18,27.7744274139404,0.416106730699539,4.64334964752197,0.001633
2014-01-19,27.6262302398682,0.592426776885986,4.49043369293213,0.00098
2014-01-20,28.9990959167481,0.969797968864441,5.3032865524292,0.001633
2014-01-21,27.7168922424316,0.605698168277741,4.12777280807495,0.001633
2014-01-22,27.3412170410156,0.540908098220825,4.88921451568604,0.00098
2014-01-23,27.1168327331543,0.00114816275890917,5.45202875137329,0.001633
2014-01-24,26.0147552490234,1.9598423242569,4.17718362808228,0.00245
2014-01-25,28.0460605621338,0.874648153781891,5.52428483963013,0.00245
2014-01-26,28.0756664276123,0.488790929317474,5.33855295181274,0.001633
2014-01-27,27.3548622131348,2.06462812423706,4.52590417861939,0.001633
2014-01-28,26.6592254638672,1.8313330411911,4.70743465423584,0.00245
2014-01-29,26.695484161377,1.26418876647949,4.79361772537231,0.003593
2014-01-30,28.2143650054932,0.289148509502411,6.05870723724365,0.003593
2014-01-31,25.7247753143311,1.41030657291412,4.17928647994995,0.003593
2014-02-01,26.8193054199219,2.04959392547607,4.85683536529541,0.003593
2014-02-02,25.9092884063721,1.51727080345154,3.62992310523987,0.003593
2014-02-03,27.4550552368164,1.87449514865875,5.30222797393799,0.004899
2014-02-04,25.9870166778564,3.77697372436523,3.11377692222595,0.004899
2014-02-05,26.2462558746338,4.22357320785522,4.32298421859741,0.00245
2014-02-06,25.8305282592773,3.86125922203064,4.69385719299316,0.00245
2014-02-07,26.1120758056641,2.685870885849,4.06519222259522,0.003593
2014-02-08,25.7857933044434,2.26577091217041,3.79447507858276,0.003593
2014-02-09,26.324390411377,1.97116005420685,4.41717529296875,0.003593
2014-02-10,26.6484832763672,2.0716118812561,4.62635374069214,0.006533
2014-02-11,26.280782699585,2.6021192073822,4.1603479385376,0.004899
2014-02-12,26.1911811828613,3.0318877696991,4.30638837814331,0.004899
2014-02-13,26.3458404541016,1.22617077827454,4.51157665252686,0.003593
2014-02-14,26.7720851898193,1.24192821979523,4.60884284973145,0.003593
2014-02-15,27.0067729949951,3.36002063751221,4.43111562728882,0.00245
2014-02-16,26.9749431610107,5.43764448165894,4.14735794067383,0.00245
2014-02-17,27.2773036956787,1.57304859161377,4.70827865600586,0.00245
2014-02-18,27.0416221618652,2.00308895111084,5.01928520202637,0.001633
2014-02-19,27.6018943786621,1.81268489360809,4.38378047943115,0.001633
2014-02-20,27.2800407409668,3.83296370506287,3.40918636322022,0.00245
2014-02-21,26.9955825805664,10.3074684143066,4.05800151824951,0.00245
2014-02-22,26.5275783538818,4.26370716094971,4.18324089050293,0.00245
2014-02-23,26.8104267120361,8.72277450561523,4.02181911468506,0.003593
2014-02-24,26.6342811584473,8.06907463073731,3.70342636108398,0.003593
2014-02-25,26.3898792266846,3.64904618263245,3.25932598114014,0.004899
2014-02-26,26.3698463439941,3.07692074775696,3.93544912338257,0.004899
2014-02-27,25.8286418914795,1.82211518287659,3.11016201972961,0.004899
2014-02-28,26.0383033752441,3.17835402488709,2.63694882392883,0.004899
2014-03-01,26.9175815582275,5.46127700805664,2.71601486206055,0.003593
2014-03-02,25.2418632507324,16.898307800293,3.14073348045349,0.003593
2014-03-03,25.9336853027344,5.12168884277344,4.03791379928589,0.004899
2014-03-04,26.5543518066406,5.15644931793213,3.26481318473816,0.004899
2014-03-05,26.6853790283203,2.66824722290039,4.72046136856079,0.00245
2014-03-06,26.4397315979004,0.886170566082001,4.20427227020264,0.00245
2014-03-07,26.9086761474609,0.856711268424988,4.36769771575928,0.006533
2014-03-08,26.6395473480225,1.01212298870087,4.10791254043579,0.001633
2014-03-09,26.8319244384766,1.12352740764618,4.29044771194458,0.00098
2014-03-10,27.2349987030029,0.852810621261597,4.05744552612305,0.00049
2014-03-11,26.6233730316162,1.06366443634033,4.87360668182373,0.00049
2014-03-12,26.9045639038086,1.75990974903107,4.31300640106201,0.00049
2014-03-13,27.2355556488037,0.601532101631165,4.56275701522827,0.00049
2014-03-14,26.517599105835,1.19878613948822,3.64780807495117,0.00098
2014-03-15,26.4808540344238,2.10448884963989,3.38627505302429,0.00098
2014-03-16,26.9397583007813,1.81316339969635,3.82472348213196,0.001633
2014-03-17,26.8158283233643,3.53305387496948,3.8877899646759,0.001633
2014-03-18,26.3593101501465,0.821258962154388,3.72327208518982,0.00245
2014-03-19,26.1413021087647,1.55185353755951,4.46595907211304,0.00245
2014-03-20,26.9987831115723,0.782621443271637,4.53883266448975,0.000163
2014-03-21,27.4539127349854,2.02196764945984,4.25322866439819,0.006533
2014-03-22,27.9004669189453,0.461550831794739,4.57946443557739,0.004899
2014-03-23,27.9230136871338,1.0679657459259,4.76837396621704,0.00245
2014-03-24,27.9697132110596,0.329605847597122,4.48986291885376,0.003593
2014-03-25,27.5726261138916,0.700681686401367,4.55826234817505,0.003593
2014-03-26,27.9226150512695,1.88462090492249,4.11111164093018,0.003593
2014-03-27,26.8664398193359,3.63032841682434,4.1851692199707,0.003593
2014-03-28,27.2611713409424,2.36566543579102,4.7293643951416,0.00245
2014-03-29,27.8354034423828,0.946913957595825,4.32659482955933,0.00245
2014-03-30,27.8377418518066,1.00322282314301,4.16923809051514,0.003593
2014-03-31,27.2879371643066,1.1233628988266,4.27072715759277,0.003593
2014-04-01,27.1946296691895,0.805093228816986,3.99236869812012,0.003593
2014-04-02,28.3068733215332,2.00131154060364,4.6721625328064,0.003593
2014-04-03,28.0439605712891,0.723722457885742,3.8375928401947,0.00245
2014-04-04,28.7087326049805,0.879894375801086,4.89851999282837,0.00245
2014-04-05,28.3897075653076,1.4582484960556,4.22274112701416,0.001633
2014-04-06,27.5466575622559,1.78989815711975,3.87191462516785,0.001633
2014-04-07,27.6782207489014,2.44677400588989,3.90105199813843,0.00245
2014-04-08,28.1728210449219,2.72444367408752,3.94314932823181,0.003593
2014-04-09,26.3025989532471,20.9069957733154,2.23238968849182,0.003593
2014-04-10,27.3001346588135,12.5536613464355,3.78888416290283,0.003593
2014-04-11,27.0290222167969,5.5992283821106,3.1901969909668,0.003593
2014-04-12,27.0401496887207,2.68824577331543,3.8198881149292,0.00245
2014-04-13,26.9143676757813,5.29320096969605,3.65164351463318,0.001633
2014-04-14,26.4562110900879,3.98645091056824,3.481693983078,0.00098
2014-04-15,27.4195556640625,1.75752305984497,4.08375072479248,0.00049
2014-04-16,26.6764068603516,1.79242670536041,3.98154330253601,0.00049
2014-04-17,26.4297981262207,0.798672497272492,3.6380136013031,0.001633
2014-04-18,26.687894821167,2.66956901550293,3.65447783470154,0.00245
2014-04-19,27.658899307251,1.38104224205017,3.65031886100769,0.003593
2014-04-20,27.1287422180176,1.37948894500732,3.31606674194336,0.004899
2014-04-21,26.8777618408203,0.898268401622772,3.8570716381073,0.006533
2014-04-22,27.3365859985352,0.422759652137756,4.6718864440918,0.006533
2014-04-23,27.3439865112305,0.113098226487637,3.88249897956848,0.006533
2014-04-24,27.3134593963623,0.591159820556641,3.51545572280884,0.006533
2014-04-25,27.2711048126221,0.701978921890259,3.7665843963623,0.003593
2014-04-26,27.0148792266846,2.43167686462402,3.75115180015564,0.003593
2014-04-27,24.5982189178467,6.62383937835693,1.88147485256195,0.003593
2014-04-28,24.8169002532959,6.70970869064331,3.21350359916687,0.003593
2014-04-29,23.5718364715576,5.38234424591065,2.48102974891663,0.003593
2014-04-30,24.4393177032471,3.63705730438232,3.06291246414185,0.003593
2014-05-01,23.8409900665283,0.697564125061035,1.87277901172638,0.003593
2014-05-02,25.8686218261719,2.62285828590393,3.1259777545929,0.003593
2014-05-03,25.2367458343506,3.17735958099365,3.2129533290863,0.00245
2014-05-04,25.767650604248,3.02854490280151,4.02001762390137,0.00245
2014-05-05,25.1082363128662,3.51763606071472,3.36885404586792,0.003593
2014-05-06,25.2813701629639,4.40945911407471,2.90586638450623,0.00245
2014-05-07,25.1997337341309,5.60977792739868,3.09230875968933,0.00245
2014-05-08,25.1288299560547,5.27966403961182,3.22882223129272,0.00245
2014-05-09,25.0765171051025,2.54860067367554,2.96819424629211,0.003593
2014-05-10,25.9369831085205,0.36364409327507,4.16135454177856,0.00245
2014-05-11,24.4108123779297,3.09756350517273,1.8964968919754,0.003593
2014-05-12,23.3481674194336,5.39013051986694,2.49922776222229,0.003593
2014-05-13,22.9485168457031,1.34666085243225,2.89653277397156,0.004899
2014-05-14,23.6207141876221,0.583000361919403,2.48222994804382,0.006533
2014-05-15,25.1777820587158,4.41879606246948,2.32829880714417,0.008492
2014-05-16,24.981388092041,7.68291902542114,2.34361910820007,0.010615
2014-05-17,25.7437286376953,9.15526390075684,3.22382974624634,0.010615
2014-05-18,24.3339920043945,1.6740208864212,2.51896142959595,0.034459
2014-05-19,24.5307273864746,9.21337223052979,2.46802663803101,0.034459
2014-05-20,24.3080177307129,3.23988628387451,2.86151194572449,0.039195
2014-05-21,25.2045745849609,1.62557458877563,3.39015531539917,0.039195
2014-05-22,24.5212688446045,4.60045909881592,2.34850168228149,0.044258
2014-05-23,25.7484169006348,6.03930902481079,3.05124521255493,0.015841
2014-05-24,26.3900718688965,0.910872042179108,3.43005847930908,0.013065
2014-05-25,25.5191478729248,0.656656622886658,3.00131344795227,0.010615
2014-05-26,25.1266613006592,1.58285868167877,2.9382312297821,0.010615
2014-05-27,23.8591442108154,1.06409394741058,3.78745245933533,0.008492
2014-05-28,24.1025638580322,0.32549723982811,3.60221099853516,0.008492
2014-05-29,24.4598979949951,1.34781539440155,2.91759014129639,0.006533
2014-05-30,24.0369873046875,3.33524608612061,2.43651366233826,0.03005
2014-05-31,22.9775447845459,4.66076278686523,2.07560110092163,0.03005
2014-06-01,23.9921817779541,2.81983685493469,3.16918659210205,0.03005
2014-06-02,23.0340404510498,0.828036963939667,3.37929511070251,0.03005
2014-06-03,24.2790203094482,0.00312227639369667,3.64241337776184,0.008492
2014-06-04,24.7326240539551,0.0581050589680672,3.31597256660461,0.008492
2014-06-05,24.9081363677979,0.754857122898102,2.901526927948,0.010615
2014-06-06,24.7948246002197,3.07282543182373,3.03149771690369,0.013065
2014-06-07,25.152946472168,1.776691198349,3.52037596702576,0.008492
2014-06-08,23.7227668762207,0.542083919048309,2.31580972671509,0.015841
2014-06-09,24.2970600128174,5.62242317199707,2.15267753601074,0.018781
2014-06-10,24.6340656280518,6.33136081695557,3.01510787010193,0.015841
2014-06-11,23.5052433013916,4.73860120773315,2.30480599403381,0.015841
2014-06-12,23.3553199768066,4.39561223983765,2.58138084411621,0.015841
2014-06-13,24.6865005493164,5.99177551269531,3.01020908355713,0.015841
2014-06-14,22.9136161804199,4.15868997573853,2.12319231033325,0.018781
2014-06-15,24.626106262207,1.76026690006256,3.14089202880859,0.022211
2014-06-16,23.6131839752197,1.74793660640717,2.49844217300415,0.015841
2014-06-17,24.298526763916,2.70798468589783,2.12465596199036,0.015841
2014-06-18,24.2819976806641,0.975450336933136,3.34632086753845,0.015841
2014-06-19,23.3514652252197,4.00029277801514,2.2964494228363,0.018781
2014-06-20,22.3645153045654,1.99734508991241,2.40610647201538,0.018781
2014-06-21,22.2615947723389,1.54617297649384,2.55690383911133,0.022211
2014-06-22,23.1008281707764,2.24184608459473,2.11686563491821,0.025967
2014-06-23,23.1161231994629,4.21716976165772,2.50273418426514,0.022211
2014-06-24,23.0016098022461,2.44608449935913,2.65458178520203,0.025967
2014-06-25,22.5286540985107,0.542912781238556,2.43369317054749,0.022211
2014-06-26,23.0053386688232,1.93331265449524,2.44000244140625,0.022211
2014-06-27,23.6713218688965,1.48363518714905,1.8470903635025,0.022211
2014-06-28,23.8425712585449,2.81845355033875,2.31532406806946,0.025967
2014-06-29,24.1827030181885,1.34089457988739,2.33591246604919,0.03005
2014-06-30,23.6705474853516,2.27942514419556,3.26926279067993,0.010615
2014-07-01,23.0553703308106,0.40729296207428,3.04096126556397,0.015841
2014-07-02,23.3337059020996,1.0638839006424,2.61324167251587,0.018781
2014-07-03,23.0898113250732,2.34493708610535,2.46409940719605,0.015841
2014-07-04,23.7858905792236,1.06616795063019,3.2892951965332,0.022211
2014-07-05,22.9731597900391,1.33560729026794,2.43926382064819,0.022211
2014-07-06,23.7038631439209,1.90220296382904,2.81982159614563,0.025967
2014-07-07,22.9972248077393,2.13130950927734,2.51665306091309,0.022211
2014-07-08,23.1531505584717,4.04938936233521,2.24772596359253,0.022211
2014-07-09,23.1019172668457,4.38163423538208,3.00102210044861,0.018781
2014-07-10,22.4504680633545,1.54316854476929,2.67181348800659,0.015841
2014-07-11,22.6183757781982,1.82644426822662,2.75993037223816,0.013065
2014-07-12,21.9209671020508,0.404731035232544,2.9007728099823,0.015841
2014-07-13,23.0828342437744,1.67874503135681,2.43008494377136,0.015841
2014-07-14,22.4238471984863,7.26108264923096,1.80276131629944,0.018781
2014-07-15,21.9991016387939,5.97077655792236,2.37872624397278,0.018781
2014-07-16,22.3384246826172,2.73001646995544,2.08744215965271,0.022211
2014-07-17,21.6880302429199,3.51333522796631,1.13359880447388,0.022211
2014-07-18,22.4887809753418,5.9865403175354,1.99795269966126,0.010615
2014-07-19,23.4176654815674,4.8477840423584,2.63016414642334,0.008492
2014-07-20,23.6916599273682,2.35689663887024,2.75601053237915,0.006533
2014-07-21,22.831111907959,7.93638134002686,1.63178253173828,0.006533
2014-07-22,22.6720180511475,16.5178527832031,2.58082962036133,0.006533
2014-07-23,22.2534408569336,7.64388561248779,1.81038355827332,0.004899
2014-07-24,22.7616710662842,4.53456974029541,2.65404534339905,0.004899
2014-07-25,23.6186447143555,3.20296812057495,2.71761298179626,0.003593
2014-07-26,24.0247974395752,3.39126181602478,3.12534880638123,0.00245
2014-07-27,23.0765342712402,2.89327931404114,2.60860419273376,0.003593
2014-07-28,23.6440124511719,3.8824360370636,2.97437858581543,0.004899
2014-07-29,22.79860496521,3.14338350296021,3.00514507293701,0.006533
2014-07-30,22.8207187652588,5.29455614089966,2.81017899513245,0.008492
2014-07-31,22.3138809204102,6.56039762496948,2.17696642875671,0.013065
2014-08-01,22.0953598022461,3.85804986953735,2.16150045394897,0.00049
2014-08-02,22.8157749176025,4.43696355819702,2.65654969215393,0.001633
2014-08-03,23.4468097686768,2.23996019363403,3.13201451301575,0.00245
2014-08-04,23.3438663482666,1.3114447593689,3.14007925987244,0.004899
2014-08-05,23.3298568725586,0.461674064397812,3.51074647903442,0.006533
2014-08-06,23.4886741638184,1.29554998874664,3.41044068336487,0.008492
2014-08-07,20.0783271789551,3.70625329017639,0.838149964809418,0.013065
2014-08-08,21.8284111022949,3.36562442779541,2.7358877658844,0.013065
2014-08-09,20.9917526245117,0.160176917910576,3.04565834999084,0.015841
2014-08-10,22.2142696380615,0.243428751826286,3.26893782615662,0.018781
2014-08-11,22.1498508453369,0.452498733997345,3.08845973014832,0.022211
2014-08-12,21.8701877593994,0.373616367578506,2.89548492431641,0.03005
2014-08-13,22.3229637145996,1.39720189571381,2.37473630905151,0.034459
2014-08-14,22.1581707000732,3.06279277801514,2.97826194763184,0.039195
2014-08-15,22.4284934997559,3.52400350570679,3.30626225471497,0.039195
2014-08-16,22.5073261260986,5.75596427917481,2.48964929580689,0.044258
2014-08-17,22.5362663269043,4.02513313293457,2.70582795143127,0.03005
2014-08-18,22.9208469390869,7.26826810836792,3.10103893280029,0.025967
2014-08-19,21.8418407440186,2.33161091804504,2.67446327209473,0.022211
2014-08-20,22.3383522033691,1.0638552904129,3.09390187263489,0.018781
2014-08-21,22.2442989349365,2.6514585018158,2.63466763496399,0.018781
2014-08-22,22.224250793457,4.27640819549561,3.09459757804871,0.022211
2014-08-23,22.4360599517822,1.2198828458786,3.31697559356689,0.025967
2014-08-24,21.5119380950928,0.373326390981674,3.11066818237305,0.03005
2014-08-25,21.9684066772461,0.12222833186388,3.06207346916199,0.03005
2014-08-26,21.4343681335449,0.23869289457798,3.10412240028381,0.025967
2014-08-27,22.6597366333008,1.42268049716949,2.66352200508118,0.022211
2014-08-28,23.7404098510742,0.78943943977356,3.49286794662476,0.022211
2014-08-29,23.8565731048584,0.651582837104797,3.363445520401,0.018781
2014-08-30,24.6825313568115,0.189077779650688,3.78179264068604,0.018781
2014-08-31,24.0892391204834,0.625115513801575,3.44113373756409,0.018781
2014-09-01,23.3951644897461,0.207493305206299,3.89555072784424,0.00049
2014-09-02,24.6637744903564,0,4.72106504440308,0.00049
2014-09-03,26.0318069458008,0.298453778028488,4.64988994598389,0.000163
2014-09-04,26.2879905700684,0.00276091927662492,3.82692170143127,0.00049
2014-09-05,23.3223152160645,1.97457945346832,2.1477689743042,0.00245
2014-09-06,22.3223400115967,2.7587423324585,3.76061058044434,0.008492
2014-09-07,21.4667797088623,0.918690085411072,3.19065499305725,0.010615
2014-09-08,21.9148540496826,0.494344145059586,3.42697286605835,0.013065
2014-09-09,22.9041156768799,0.28300479054451,3.79866695404053,0.015841
2014-09-10,23.021541595459,1.24744153022766,2.89881753921509,0.018781
2014-09-11,22.8318119049072,2.28719973564148,2.87808704376221,0.022211
2014-09-12,23.6570835113525,1.98606669902802,3.54698753356934,0.025967
2014-09-13,22.2094345092773,2.05243468284607,3.22445440292358,0.03005
2014-09-14,23.0977020263672,2.01319646835327,3.22073864936829,0.022211
2014-09-15,22.2488174438477,1.73531031608582,2.9171347618103,0.018781
2014-09-16,23.5845603942871,0.989759206771851,3.493807554245,0.015841
2014-09-17,23.6219654083252,0.300086498260498,3.60405373573303,0.018781
2014-09-18,23.8119163513184,0.117623321712017,4.75439548492432,0.022211
2014-09-19,24.4970951080322,0.565962076187134,3.43533849716187,0.022211
2014-09-20,24.8481826782227,0.144870638847351,3.98788714408875,0.022211
2014-09-21,25.8610000610352,0.569004535675049,5.07630205154419,0.025967
2014-09-22,26.7533473968506,0.407710641622543,5.63129425048828,0.00245
2014-09-23,25.0574531555176,2.47039175033569,3.47946810722351,0.00245
2014-09-24,24.6589050292969,2.25600838661194,3.79641723632813,0.001633
2014-09-25,24.2773818969727,1.21232008934021,3.08201384544373,0.001633
2014-09-26,24.1779747009277,3.14352202415466,3.33737778663635,0.00098
2014-09-27,24.9224147796631,1.8687915802002,3.93450307846069,0.00049
2014-09-28,26.3044662475586,0.983653545379639,4.77518272399902,0.000163
2014-09-29,24.988468170166,0.506539404392242,4.4685435295105,0
2014-09-30,26.6667060852051,0.084319494664669,4.74123430252075,0
2014-10-01,26.1819267272949,0.00349396979436278,5.12652969360352,0.010615
2014-10-02,26.0247592926025,0.414527297019959,3.92704153060913,0.013065
2014-10-03,24.693904876709,5.37308120727539,2.53395867347717,0.015841
2014-10-04,20.8394145965576,7.8119068145752,0.963205516338348,0.025967
2014-10-05,22.2557601928711,7.97845697402954,3.38061738014221,0.025967
2014-10-06,22.5427265167236,0.451986491680145,3.77609801292419,0.03005
2014-10-07,21.8684768676758,0.952366352081299,3.08360981941223,0.03005
2014-10-08,23.0186653137207,0.86911278963089,2.25503277778626,0.022211
2014-10-09,23.6978359222412,3.51733613014221,3.72067260742188,0.018781
2014-10-10,24.4657135009766,1.11412489414215,4.12518930435181,0.015841
2014-10-11,25.0784912109375,0.908270001411438,4.07599639892578,0.018781
2014-10-12,24.2999515533447,1.99793457984924,2.72810363769531,0.022211
2014-10-13,26.021110534668,0.993034422397614,4.76495027542114,0.022211
2014-10-14,25.7933120727539,0.480561167001724,4.66910648345947,0.015841
2014-10-15,26.2909698486328,0.0534409023821354,5.1180009841919,0.015841
2014-10-16,24.4837760925293,0.231747537851334,4.19234943389893,0.013065
2014-10-17,25.7502422332764,0.355031490325928,4.63498210906982,0.013065
2014-10-18,25.7181377410889,0.227940440177918,3.8093945980072,0.010615
2014-10-19,26.4932155609131,0.0198642890900373,5.6636905670166,0.010615
2014-10-20,26.8089046478272,0.397645890712738,4.9745364189148,0.013065
2014-10-21,26.5801162719727,0.28049311041832,4.54583930969238,0.010615
2014-10-22,24.3005771636963,0.40413236618042,3.82588219642639,0.008492
2014-10-23,25.6276817321777,0.737896859645844,5.73767471313477,0.008492
2014-10-24,26.0405387878418,0.0303220693022013,5.01411390304565,0.006533
2014-10-25,25.1281700134277,0.729767382144928,4.10287857055664,0.006533
2014-10-26,27.0992393493652,0.534903466701508,5.80162858963013,0.008492
2014-10-27,26.6812572479248,0.602424144744873,4.71205472946167,0.010615
2014-10-28,27.0396633148193,1.3888965845108,4.45026588439941,0.010615
2014-10-29,28.0533466339111,0.60722017288208,5.26158285140991,0.006533
2014-10-30,27.4733486175537,0.382811963558197,5.06381940841675,0.008492
2014-10-31,26.9771423339844,0.576716423034668,4.19603443145752,0.008492
2014-11-01,25.908390045166,0.929404556751251,4.04367208480835,0.00098
2014-11-02,25.4671878814697,1.57264864444733,3.73538064956665,0.001633
2014-11-03,26.2994346618652,1.18131470680237,4.89300012588501,0.001633
2014-11-04,24.9995098114014,1.13219118118286,4.16811656951904,0.00245
2014-11-05,26.3607425689697,1.14463436603546,4.227707862854,0.003593
2014-11-06,26.773063659668,0.469698488712311,3.90593647956848,0.00049
2014-11-07,25.580207824707,1.54893159866333,3.60078358650208,0.00098
2014-11-08,26.5706615447998,0.396919548511505,4.89607381820679,0.001633
2014-11-09,27.3745574951172,0.00765219843015075,4.20167016983032,0.00245
2014-11-10,27.8002338409424,0.709921777248383,4.94318675994873,0.00245
2014-11-11,28.1570453643799,0.488230556249619,4.82540035247803,0.003593
2014-11-12,28.0575637817383,0.0110718384385109,5.39234256744385,0.004899
2014-11-13,27.7149925231934,0.276838332414627,4.44595336914063,0.004899
2014-11-14,28.8055534362793,1.08034360408783,4.89184999465942,0.006533
2014-11-15,28.4103450775147,0.121986448764801,4.78997039794922,0.006533
2014-11-16,27.7112598419189,2.71763324737549,3.37311315536499,0.008492
2014-11-17,22.5256252288818,20.3393211364746,1.10949194431305,0.004899
2014-11-18,22.7551689147949,17.3970489501953,2.2437596321106,0.010615
2014-11-19,23.2341918945313,5.60507392883301,2.3826961517334,0.010615
2014-11-20,22.2542247772217,19.9614315032959,0.757039904594421,0.010615
2014-11-21,25.1317405700684,17.0917911529541,3.46520924568176,0.010615
2014-11-22,25.5266246795654,5.3524980545044,4.03317546844482,0.013065
2014-11-23,26.2052555084229,2.8826596736908,4.17148494720459,0.013065
2014-11-24,26.1473846435547,0.882250428199768,4.66119909286499,0.013065
2014-11-25,25.9907836914063,0.318576991558075,4.55273342132568,0.015841
2014-11-26,25.2780075073242,0.562119364738464,3.91909718513489,0.018781
2014-11-27,25.8230819702148,0.0980415716767311,5.248948097229,0.018781
2014-11-28,26.1570606231689,0.0404077433049679,4.41570711135864,0.013065
2014-11-29,26.2995185852051,1.0240980386734,4.74500894546509,0.010615
2014-11-30,25.3233375549316,0.0721596032381058,4.79741668701172,0.008492
2014-12-01,25.194507598877,0.883676171302795,4.3644871711731,
2014-12-02,24.9912033081055,1.70080029964447,3.60971117019653,
2014-12-03,25.6914119720459,0.936864495277405,4.33157110214233,
2014-12-04,25.3855361938477,0.540217339992523,4.16473817825317,
2014-12-05,25.9036960601807,1.08207738399506,4.12085390090942,
2014-12-06,26.8581638336182,8.1169023513794,3.40386176109314,
2014-12-07,26.2423706054688,6.27357196807861,3.96958804130554,
2014-12-08,27.1133098602295,2.45888590812683,5.01297235488892,
2014-12-09,25.5463085174561,2.55415081977844,2.75785422325134,
2014-12-10,26.2657241821289,3.35760307312012,3.24831700325012,
2014-12-11,26.1112766265869,4.35685586929321,3.9046802520752,
2014-12-12,26.2865753173828,8.71781349182129,3.94901394844055,
2014-12-13,26.0180053710938,8.17118167877197,3.74289774894714,
2014-12-14,25.877311706543,6.69760131835938,4.33061981201172,
2014-12-15,26.3747406005859,2.92742156982422,2.73517966270447,
2014-12-16,27.1802654266357,9.2565860748291,3.46444654464722,
2014-12-17,26.2808609008789,11.3238649368286,4.01223611831665,
2014-12-18,25.8228359222412,6.61959552764893,3.00187754631043,
2014-12-19,26.6003646850586,6.95998859405518,3.70815253257751,
2014-12-20,27.4036998748779,8.32238864898682,5.51630926132202,
2014-12-21,26.8725833892822,1.92205989360809,4.30797052383423,
2014-12-22,26.1748847961426,1.72916495800018,4.07272052764893,
2014-12-23,26.5036563873291,2.94559216499329,3.92586088180542,
2014-12-24,27.1519889831543,1.75891256332397,4.65542507171631,
2014-12-25,26.5655498504639,2.83123803138733,4.21720504760742,
2014-12-26,26.3159255981445,0.845535635948181,4.55151748657227,
2014-12-27,25.3500175476074,1.69612002372742,3.6353325843811,
2014-12-28,26.6295013427734,0.290632516145706,4.39530515670776,
2014-12-29,26.1982975006104,0.133564889431,5.51612901687622,
2014-12-30,27.4054527282715,0.135036438703537,5.27179431915283,
2014-12-31,26.7826843261719,0.000279774278169498,5.15461158752441,
2015-01-01,27.7003002166748,0.151710107922554,5.24424505233765,0.003593
2015-01-02,28.5135746002197,0.283577710390091,5.6627368927002,0.003593
2015-01-03,27.2945709228516,0.201825752854347,4.96902132034302,0.000653
2015-01-04,26.0502433776855,2.23057961463928,4.58372259140015,0
2015-01-05,26.5846824645996,8.71054649353027,4.43966007232666,0
2015-01-06,27.2628803253174,1.12275338172913,4.46463584899902,0.00196
2015-01-07,26.736478805542,1.44624412059784,4.11392259597778,0.00196
2015-01-08,25.4816799163818,4.28895044326782,3.22853422164917,0.004736
2015-01-09,26.1078205108643,4.18183517456055,4.16909265518189,0.007022
2015-01-10,26.6122264862061,2.45075964927673,4.4534125328064,0.005716
2015-01-11,27.4127388000488,1.26017427444458,5.25112533569336,0.003593
2015-01-12,27.9059619903564,0.285350203514099,5.33535671234131,0.003593
2015-01-13,27.7002010345459,0.609053790569305,5.43975877761841,0.000653
2015-01-14,27.0377902984619,0.409566402435303,5.10263395309448,0
2015-01-15,26.8654880523682,1.07169830799103,4.41636323928833,0
2015-01-16,26.8315391540527,1.38596904277802,4.82863712310791,0
2015-01-17,27.4124870300293,0.928527176380157,5.15729284286499,0
2015-01-18,28.9142932891846,0.0409647859632969,5.63802576065064,0
2015-01-19,27.2541446685791,1.06301748752594,4.6581597328186,0.000653
2015-01-20,27.9967136383057,0.0510798767209053,5.68087911605835,0.000653
2015-01-21,28.7450675964356,0.466999471187592,4.87478017807007,0
2015-01-22,27.9522209167481,0.312129229307175,4.39813280105591,0
2015-01-23,28.4673652648926,0.50789749622345,5.39037561416626,0
2015-01-24,27.0311450958252,1.96212184429169,3.98763155937195,0
2015-01-25,27.3531608581543,1.34594774246216,4.23047733306885,0
2015-01-26,27.4670658111572,1.8185750246048,4.48120021820068,0.000653
2015-01-27,28.0266857147217,0.718205332756043,5.59970283508301,0.000653
2015-01-28,27.8750228881836,0.246021449565887,4.9666428565979,0.00196
2015-01-29,28.2461090087891,0.283176988363266,5.49726724624634,0.00196
2015-01-30,28.4679546356201,1.03820049762726,4.60101842880249,0.003593
2015-01-31,28.4593830108643,1.67319989204407,4.27253866195679,0.003593
2015-02-01,27.6017894744873,1.85837626457214,4.79266548156738,0
2015-02-02,27.283317565918,1.20048785209656,4.75052690505981,0
2015-02-03,27.6558265686035,1.42229270935059,4.5558385848999,0
2015-02-04,27.5975246429443,1.21788918972015,3.32896041870117,0
2015-02-05,28.4302139282227,2.84167122840881,4.69111824035645,0
2015-02-06,28.5623188018799,3.95079135894775,5.45840644836426,0
2015-02-07,29.2971267700195,0.151215612888336,4.34242677688599,0
2015-02-08,29.0174236297607,0.451650351285934,5.31977605819702,0
2015-02-09,27.6577968597412,4.48985910415649,4.76919507980347,0
2015-02-10,29.1847095489502,2.05877590179443,6.08452415466309,0
2015-02-11,27.456449508667,1.33964109420776,4.91256904602051,0
2015-02-12,27.8317413330078,0.499978601932526,4.97287750244141,0.000653
2015-02-13,27.9986743927002,0.796725392341614,4.95465421676636,0.000653
2015-02-14,28.892219543457,0.656200528144836,5.31575965881348,0.00196
2015-02-15,28.245138168335,2.12116312980652,4.26702213287354,0.003593
2015-02-16,28.3613910675049,7.85598516464233,4.73868608474731,0.007022
2015-02-17,28.432674407959,4.82214784622192,4.58982372283936,0.012412
2015-02-18,28.2590198516846,6.59109497070313,4.19065046310425,0.014045
2015-02-19,27.2293472290039,3.82684087753296,4.12230682373047,0.017311
2015-02-20,25.7331600189209,5.96423006057739,3.79132199287415,0.022701
2015-02-21,25.9546699523926,5.47036457061768,3.4477858543396,0.030866
2015-02-22,25.6799640655518,9.68716716766357,2.66797232627869,0.047034
2015-02-23,25.1956577301025,13.990138053894,2.09203624725342,0.047034
2015-02-24,25.6435108184814,6.71954250335693,3.54069924354553,0.052097
2015-02-25,26.3193359375,4.57684946060181,4.29777193069458,0.032989
2015-02-26,26.7501850128174,2.39837956428528,3.86966109275818,0.032989
2015-02-27,27.3018035888672,1.16870415210724,3.94536876678467,0.035112
2015-02-28,27.0991535186768,0.276844143867493,4.27174949645996,0.042135
2015-03-01,27.2065277099609,1.15781593322754,4.39604711532593,0.032989
2015-03-02,27.3244495391846,1.9948023557663,4.55938005447388,0.039849
2015-03-03,26.9732074737549,2.30601191520691,4.43521785736084,0.047034
2015-03-04,26.5248069763184,1.98057186603546,4.46003770828247,0.042135
2015-03-05,27.6969509124756,2.06727695465088,4.51814556121826,0.042135
2015-03-06,25.2986831665039,8.01420879364014,2.81986141204834,0.037399
2015-03-07,26.6239643096924,2.7815375328064,4.14271545410156,0.003593
2015-03-08,26.8430347442627,2.28987956047058,4.04587125778198,0.003593
2015-03-09,26.920166015625,1.86389946937561,4.43634128570557,0.00196
2015-03-10,27.4613761901855,2.96778702735901,4.25804948806763,0.00196
2015-03-11,28.3086032867432,1.46613562107086,5.34325075149536,0.003593
2015-03-12,26.9845867156982,1.47685670852661,5.78533315658569,0.005716
2015-03-13,27.6514301300049,0.647726476192474,4.91001319885254,0.005716
2015-03-14,27.5545558929443,0.189157158136368,4.9167218208313,0.003593
2015-03-15,26.6591911315918,0.207302764058113,5.1783037185669,0.003593
2015-03-16,28.2322082519531,0.0761210918426514,5.13483190536499,0.005716
2015-03-17,28.2091579437256,0.777976214885712,4.50139236450195,0.005716
2015-03-18,28.1532936096191,1.07035160064697,4.65798616409302,0.005716
2015-03-19,27.9939517974854,0.477323174476624,4.72877979278565,0.008166
2015-03-20,28.1998062133789,0.711765706539154,5.40305519104004,0.010942
2015-03-21,27.4293823242188,2.22547054290771,3.28296637535095,0.014045
2015-03-22,27.9612140655518,6.44311857223511,4.22046613693237,0.010942
2015-03-23,28.5222225189209,1.73054933547974,4.82590293884277,0.008166
2015-03-24,28.4864540100098,0.804468393325806,4.6818790435791,0.008166
2015-03-25,28.2662334442139,1.79445338249207,4.38063430786133,0.010942
2015-03-26,27.2692184448242,3.0187566280365,3.84386396408081,0.014045
2015-03-27,28.2031669616699,1.89016127586365,4.65969038009644,0.012412
2015-03-28,28.177038192749,0.559339225292206,4.54507637023926,0.009472
2015-03-29,28.222957611084,0.541306018829346,4.93950891494751,0.008166
2015-03-30,28.5235691070557,0.0327505767345428,5.06979703903198,0.010942
2015-03-31,27.5095996856689,0.0315092764794827,4.86438608169556,0.008166
2015-04-01,26.8708438873291,0.00396665930747986,5.49442148208618,0.000653
2015-04-02,27.8428516387939,0.0147756617516279,5.20652103424072,0.00196
2015-04-03,26.9987640380859,0.0498200505971909,4.73174381256104,0.003593
2015-04-04,28.0043468475342,0.865167140960693,4.1753249168396,0.003593
2015-04-05,28.6435928344727,5.23920679092407,3.81409406661987,0.005716
2015-04-06,28.2838306427002,2.48664450645447,4.32231998443604,0.005716
2015-04-07,29.4614925384522,3.30452442169189,4.1771559715271,0.008166
2015-04-08,27.5043983459473,30.338357925415,3.00571155548096,0.047034
2015-04-09,27.0424175262451,13.0656719207764,3.10603666305542,0.052097
2015-04-10,26.1133708953857,8.788987159729,2.57649230957031,0.035112
2015-04-11,25.3397598266602,11.4855308532715,2.67774963378906,0.02662
2015-04-12,26.4658756256104,3.95483136177063,3.44453692436218,0.037399
2015-04-13,26.1850891113281,5.80476951599121,3.11621642112732,0.032989
2015-04-14,26.0860710144043,7.44380474090576,2.88825607299805,0.032989
2015-04-15,26.2171764373779,9.51705074310303,3.29504895210266,0.032989
2015-04-16,26.5109596252441,4.37660789489746,3.5240523815155,0.032989
2015-04-17,26.7359962463379,1.52558755874634,3.61657500267029,0.003593
2015-04-18,26.9727535247803,1.75438809394836,3.48903775215149,0.003593
2015-04-19,26.9414196014404,1.66257417201996,3.73383331298828,0.008166
2015-04-20,27.2280139923096,2.68214297294617,3.55680847167969,0.005716
2015-04-21,27.6857147216797,3.11537885665894,3.40265607833862,0.003593
2015-04-22,27.2851543426514,2.19838690757751,4.10881614685059,0.005716
2015-04-23,27.8641567230225,7.40251970291138,3.01316165924072,0.008166
2015-04-24,26.9644718170166,5.90896844863892,3.0458071231842,0.012412
2015-04-25,27.4734401702881,3.21710205078125,3.48412680625916,0.096028
2015-04-26,27.400598526001,5.01641178131104,3.17407512664795,0.109257
2015-04-27,26.0763359069824,6.04640769958496,2.365318775177,0.241704
2015-04-28,25.7692012786865,5.27802896499634,3.06276893615723,0.251013
2015-04-29,26.0304126739502,2.19102263450623,3.18782687187195,0.141593
2015-04-30,25.9921321868897,4.08482456207275,2.98900151252747,0.141593
2015-05-01,25.2476577758789,7.70783615112305,2.07751321792603,0.381991
2015-05-02,24.2891960144043,4.07178831100464,2.18886542320251,0.381991
2015-05-03,24.7282257080078,7.08167600631714,2.00784730911255,0.431965
2015-05-04,24.7315292358398,6.3522310256958,3.07722783088684,0.141593
2015-05-05,25.1463661193848,4.74491357803345,2.87644672393799,0.149105
2015-05-06,24.9539470672607,2.28678393363953,2.98965239524841,0.141593
2015-05-07,25.5297241210938,3.81202721595764,3.02743458747864,0.099295
2015-05-08,25.4634265899658,2.79805088043213,3.13797163963318,0.099295
2015-05-09,24.9376049041748,6.27246761322022,2.84769916534424,0.119709
2015-05-10,25.4496574401855,5.60897588729858,2.8897340297699,0.119709
2015-05-11,25.0187644958496,1.36438572406769,2.33516025543213,0.044585
2015-05-12,26.396951675415,1.49448800086975,3.4368143081665,0.052097
2015-05-13,26.6416549682617,0.856052100658417,3.52990484237671,0.060099
2015-05-14,25.8581581115723,4.9460391998291,2.92194747924805,0.071368
2015-05-15,23.3685398101807,14.912935256958,1.41107773780823,0.083453
2015-05-16,24.3299674987793,12.1768035888672,1.9354076385498,0.11285
2015-05-17,23.9539585113525,15.8952684402466,1.57856011390686,0.168703
2015-05-18,24.0088615417481,10.7947721481323,2.29209518432617,0.265058
2015-05-19,23.9278774261475,6.92613315582275,2.29729437828064,0.324014
2015-05-20,24.0767478942871,8.60674571990967,2.2717456817627,0.490104
2015-05-21,24.2760524749756,5.81914186477661,2.49038672447205,0.360433
2015-05-22,23.8485870361328,9.97541332244873,2.3350977897644,0.371212
2015-05-23,23.3956031799316,6.24911403656006,1.80452966690063,0.360433
2015-05-24,23.6255722045898,3.27405333518982,1.3613166809082,0.349981
2015-05-25,24.4278163909912,4.70058488845825,2.55709910392761,0.334303
2015-05-26,25.0963916778565,5.55135250091553,2.09209728240967,0.324014
2015-05-27,24.4881801605225,3.7101879119873,3.09618496894836,0.308826
2015-05-28,24.3889408111572,0.318297743797302,3.09917736053467,0.308826
2015-05-29,24.2933025360107,0.231130689382553,2.578852891922,0.298864
2015-05-30,24.1533260345459,0.558983385562897,2.60050415992737,0.289065
2015-05-31,24.6959857940674,9.30919933319092,2.5522882938385,0.289065
2015-06-01,24.5543823242188,1.65777969360352,2.71985602378845,0.032989
2015-06-02,24.4001789093018,2.15078377723694,2.39503026008606,0.032989
2015-06-03,24.0786266326904,2.56144595146179,2.61034440994263,0.037399
2015-06-04,23.0993423461914,3.84006190299988,1.34284114837646,0.037399
2015-06-05,23.471212387085,6.36834001541138,2.33977675437927,0.042135
2015-06-06,24.4568729400635,5.61105155944824,2.04921698570251,0.047034
2015-06-07,24.2050666809082,3.53037357330322,2.20000767707825,0.052097
2015-06-08,23.7282295227051,7.05654048919678,2.10187554359436,0.060099
2015-06-09,24.1431541442871,3.94195914268494,1.98042917251587,0.068428
2015-06-10,24.3593082427979,3.96376967430115,2.05798888206482,0.077247
2015-06-11,23.9922103881836,3.94451642036438,2.16497445106506,0.089659
2015-06-12,23.9095802307129,3.15401601791382,2.20105266571045,0.102561
2015-06-13,24.7138042449951,4.44776964187622,2.30565786361694,0.105991
2015-06-14,24.2119255065918,1.83491539955139,1.86737430095673,0.116279
2015-06-15,24.766939163208,2.18510365486145,2.47652673721314,0.123302
2015-06-16,24.4495468139648,0.583243370056152,3.16269421577454,0.134244
2015-06-17,23.8235988616943,0.15855810046196,2.87935185432434,0.141593
2015-06-18,23.4705181121826,0.339052051305771,2.28588199615479,0.149105
2015-06-19,22.7718524932861,0.921716272830963,1.93552994728088,0.134244
2015-06-20,23.8535919189453,3.15947437286377,3.31742262840271,0.134244
2015-06-21,23.3222560882568,1.07613587379456,2.90745759010315,0.119709
2015-06-22,23.3782272338867,1.84355568885803,2.53977704048157,0.109257
2015-06-23,23.0021953582764,5.50211429595947,1.76935195922852,0.123302
2015-06-24,23.5908985137939,5.26976156234741,2.43810153007507,0.137837
2015-06-25,21.8326225280762,3.0070059299469,0.588379085063934,0.153025
2015-06-26,21.5248336791992,6.3247275352478,1.14573609828949,0.172786
2015-06-27,22.1363697052002,5.25957250595093,1.87942564487457,0.180952
2015-06-28,22.7372989654541,5.96051502227783,2.23351502418518,0.180952
2015-06-29,22.7843914031982,4.70856332778931,1.84369766712189,0.164784
2015-06-30,23.2260818481445,3.62623167037964,1.78958868980408,0.164784
2015-07-01,23.3724060058594,2.42907643318176,2.58114266395569,0.020904
2015-07-02,23.042049407959,1.72758221626282,2.6891508102417,0.02466
2015-07-03,23.4387054443359,0.651503503322601,2.37871623039246,0.02466
2015-07-04,23.5528450012207,1.39602208137512,1.70630061626434,0.030866
2015-07-05,24.2504329681397,1.9168781042099,2.53130769729614,0.037399
2015-07-06,24.303258895874,3.49810171127319,2.89034557342529,0.047034
2015-07-07,23.2182674407959,13.768575668335,1.57138705253601,0.05471
2015-07-08,23.2245941162109,12.4990844726563,1.97728908061981,0.065652
2015-07-09,23.3201732635498,4.12757682800293,1.93625319004059,0.074308
2015-07-10,23.2164268493652,3.43618321418762,2.41118431091309,0.08035
2015-07-11,23.7865943908691,3.21789932250977,3.07619953155518,0.086556
2015-07-12,22.3231315612793,3.75719308853149,2.1648154258728,0.092762
2015-07-13,23.4708423614502,2.12396788597107,2.67380166053772,0.08035
2015-07-14,24.010871887207,2.98913049697876,3.15080213546753,0.08035
2015-07-15,23.7224521636963,2.77236557006836,2.7960422039032,0.074308
2015-07-16,22.6893444061279,1.62753570079803,2.49519634246826,0.08035
2015-07-17,22.8186149597168,1.63601994514465,2.92473649978638,0.086556
2015-07-18,22.7821998596191,2.06698775291443,3.22590065002441,0.096028
2015-07-19,22.3410778045654,1.00022673606873,2.82516407966614,0.105991
2015-07-20,22.8757495880127,0.409681111574173,2.78784584999084,0.109257
2015-07-21,22.1338768005371,0.626633942127228,2.92929863929749,0.119709
2015-07-22,22.2119560241699,0.203886285424232,2.94064450263977,0.126895
2015-07-23,22.4204845428467,4.5245041847229,1.92591524124146,0.134244
2015-07-24,22.2565441131592,7.36663198471069,1.65505826473236,0.134244
2015-07-25,22.6463947296143,3.61053347587585,2.7601170539856,0.119709
2015-07-26,23.4002323150635,1.37905049324036,3.01588201522827,0.105991
2015-07-27,23.641092300415,1.09127199649811,3.2994863986969,0.099295
2015-07-28,23.1544094085693,1.46968150138855,2.80876040458679,0.11285
2015-07-29,23.4319972991943,1.34618079662323,3.22729158401489,0.105991
2015-07-30,22.0098114013672,1.2089855670929,2.69008588790894,0.08035
2015-07-31,23.2560577392578,0.57076770067215,3.6340606212616,0.074308
2015-08-01,21.6345119476318,2.92362499237061,1.99106228351593,0.035112
2015-08-02,21.7427387237549,2.34591507911682,2.89118909835815,0.039849
2015-08-03,21.6850776672363,1.19869422912598,2.40551018714905,0.047034
2015-08-04,20.9152946472168,0.846248805522919,2.33260798454285,0.047034
2015-08-05,21.1534786224365,0.821200549602509,2.73963379859924,0.042135
2015-08-06,22.4593944549561,2.32443308830261,2.89326357841492,0.052097
2015-08-07,22.5856971740723,1.09592247009277,3.32502150535584,0.057323
2015-08-08,20.548376083374,0.520296633243561,3.23197937011719,0.068428
2015-08-09,21.5182609558105,3.02265882492065,1.98741567134857,0.065652
2015-08-10,22.3173961639404,5.30154895782471,2.5678129196167,0.077247
2015-08-11,21.6384372711182,2.30507636070251,3.36227202415466,0.08035
2015-08-12,21.2175750732422,0.421612232923508,2.72550487518311,0.086556
2015-08-13,21.6639156341553,0.187145486474037,3.86439180374146,0.096028
2015-08-14,22.2583789825439,3.79210233688355,2.36715292930603,0.099295
2015-08-15,23.2069911956787,3.96587228775024,2.31728172302246,0.086556
2015-08-16,22.7037315368652,2.7204921245575,3.31103205680847,0.086556
2015-08-17,22.0976886749268,1.77675545215607,2.85614228248596,0.003593
2015-08-18,22.2836265563965,2.54032492637634,2.48092031478882,0.002776
2015-08-19,22.8028221130371,4.20368766784668,2.82544684410095,0.003593
2015-08-20,22.6408405303955,1.98791289329529,2.95761847496033,0.003593
2015-08-21,22.7295799255371,0.925807893276215,3.29046320915222,0.005716
2015-08-22,23.6185131072998,0.355553776025772,3.02041792869568,0.008166
2015-08-23,23.5543270111084,0.776269614696503,3.2176308631897,0.010942
2015-08-24,22.272180557251,1.15532648563385,3.45209360122681,0.010942
2015-08-25,22.3606510162354,0.679555535316467,3.22701454162598,0.014045
2015-08-26,23.4971237182617,1.78638696670532,2.51050782203674,0.017311
2015-08-27,24.7690238952637,1.07228672504425,2.87288594245911,0.020904
2015-08-28,23.4376640319824,0.58525812625885,2.74743032455444,0.02466
2015-08-29,22.5859832763672,2.27806878089905,2.90882182121277,0.020904
2015-08-30,23.5179748535156,1.99921894073486,3.08677625656128,0.020904
2015-08-31,23.3941631317139,1.110187292099,3.47277760505676,0.020904
2015-09-01,23.1799907684326,1.42589235305786,3.30161714553833,0.003593
2015-09-02,22.8824272155762,0.741540908813477,3.56775641441345,0.00196
2015-09-03,23.3275337219238,0.919232964515686,3.07392072677612,0.000163
2015-09-04,23.8986568450928,0.183684155344963,4.18274688720703,0
2015-09-05,26.41379737854,0.0792548358440399,4.78976774215698,0.000653
2015-09-06,26.1254940032959,0.398909389972687,4.4209361076355,0
2015-09-07,25.445161819458,0.0260594040155411,4.41128635406494,0.000653
2015-09-08,24.2225379943848,0.31125009059906,4.03028440475464,0.00196
2015-09-09,25.0995979309082,0.211180925369263,3.54447484016418,0.00196
2015-09-10,25.1249828338623,0.165176078677177,4.00575685501099,0.003593
2015-09-11,24.4489402770996,0.426591366529465,3.41118812561035,0.005716
2015-09-12,25.8195724487305,1.1649055480957,4.17874908447266,0.008166
2015-09-13,26.1007537841797,0.236805647611618,4.18368816375732,0.008166
2015-09-14,24.8823471069336,0.782019078731537,3.20135307312012,0.008166
2015-09-15,24.9912338256836,1.30260670185089,4.73316478729248,0.010942
2015-09-16,24.8686103820801,1.81820034980774,3.51557326316834,0.010942
2015-09-17,23.3846797943115,1.5270574092865,3.22418975830078,0.014045
2015-09-18,23.8142604827881,2.14650678634644,3.56211996078491,0.010942
2015-09-19,24.4270420074463,2.49343323707581,2.60937094688416,0.014045
2015-09-20,24.7726917266846,1.63719880580902,3.34989309310913,0.010942
2015-09-21,24.6496391296387,0.949642419815063,3.8001697063446,0.009472
2015-09-22,23.040433883667,0.452677309513092,3.55234265327454,0.008166
2015-09-23,25.1885967254639,0.109243869781494,4.37847328186035,0.005716
2015-09-24,25.3070240020752,0.524297535419464,4.04227685928345,0.010942
2015-09-25,25.4986019134522,0.410346865653992,4.30373430252075,0.010942
2015-09-26,25.4410400390625,0.0014271781546995,4.45493698120117,0.010942
2015-09-27,25.6943664550781,0.0644326061010361,4.2393593788147,0.010942
2015-09-28,25.3411312103272,0.495188623666763,4.29739761352539,0.010942
2015-09-29,25.6453361511231,0.000591541989706457,5.25948333740234,0.010942
2015-09-30,24.9727325439453,1.32397794723511,4.02833127975464,0.010942
2015-10-01,27.0046939849854,1.63597249984741,5.22860431671143,0.010942
2015-10-02,24.5027637481689,0.679935574531555,3.7055869102478,0.010942
2015-10-03,25.288516998291,0.340749591588974,4.33152151107788,0.010942
2015-10-04,26.0382862091064,0.459729164838791,5.21540832519531,0.008166
2015-10-05,27.3819828033447,0.153483629226685,5.75803232192993,0.010942
2015-10-06,27.1650733947754,0.4792420566082,3.88927364349365,0.010942
2015-10-07,25.1594867706299,3.57846450805664,3.11163902282715,0.010942
2015-10-08,25.1100311279297,2.17293000221252,3.97983932495117,0.008166
2015-10-09,24.7151145935059,2.61723446846008,3.12501955032349,0.008166
2015-10-10,24.9104900360107,4.187584400177,4.04371356964111,0.005716
2015-10-11,25.8669891357422,2.11161136627197,5.33665704727173,0.008166
2015-10-12,24.9747543334961,0.312319666147232,4.72270250320435,0.010942
2015-10-13,25.2650356292725,0.146308973431587,4.64462995529175,0.010942
2015-10-14,26.8403282165527,0.985227942466736,4.21102905273438,0.008166
2015-10-15,26.7247333526611,0.757052898406982,4.54759407043457,0.005716
2015-10-16,26.5313625335693,0.843625903129578,4.32286024093628,0.005716
2015-10-17,26.0083866119385,0.124508768320084,4.96056604385376,0.003593
2015-10-18,25.259916305542,0.0743896290659905,4.47444343566895,0.003593
2015-10-19,27.0047187805176,1.80097019672394,4.73212003707886,0.003593
2015-10-20,27.0820465087891,0.628448069095612,5.39020586013794,0.00196
2015-10-21,26.871940612793,0.0188273526728153,5.46120357513428,0.00196
2015-10-22,27.34450340271,0.337271362543106,4.92109632492065,0.00196
2015-10-23,27.1489639282227,0.291699767112732,4.35006713867188,0.003593
2015-10-24,27.6357402801514,0.107671022415161,4.66196203231812,0.003593
2015-10-25,27.1795501708984,0.0456250011920929,4.80146408081055,0.003593
2015-10-26,26.42453956604,0.00233905809000134,5.39139413833618,0.005716
2015-10-27,26.4290180206299,0.211564898490906,4.34353542327881,0.005716
2015-10-28,27.0632152557373,0,6.07325601577759,0.003593
2015-10-29,28.1347980499268,0,5.7351279258728,0.003593
2015-10-30,27.3751926422119,0.617589890956879,4.32246112823486,0.003593
2015-10-31,26.2670860290527,1.51781213283539,4.34311580657959,0.003593
2015-11-01,26.7050590515137,0.321842432022095,5.41065311431885,0.005716
2015-11-02,26.2809810638428,1.58913600444794,5.1919436454773,0.005716
2015-11-03,27.6754093170166,0.485583394765854,5.45857954025269,0.005716
2015-11-04,27.5866298675537,0.405076146125793,5.21923828125,0.005716
2015-11-05,27.0490856170654,0.212925106287003,5.69366979598999,0.003593
2015-11-06,28.439208984375,0.145601063966751,4.82592868804932,0.003593
2015-11-07,27.2137336730957,0.00273768394254148,4.33661556243897,0.003593
2015-11-08,26.159236907959,0.789969801902771,3.80224609375,0.003593
2015-11-09,25.7870235443115,1.19456791877747,4.02455282211304,0.00196
2015-11-10,26.2069988250732,1.12132453918457,4.91002225875855,0.00196
2015-11-11,26.794153213501,0.0970610082149506,5.19777154922485,0.00196
2015-11-12,26.9509201049805,0,5.96025276184082,0.00196
2015-11-13,27.9461555480957,0.0834586322307587,6.28362464904785,0.00196
2015-11-14,28.7367744445801,0.000423915917053819,6.34597158432007,0.00196
2015-11-15,29.2112884521484,0.0216946639120579,5.9979043006897,0.00196
2015-11-16,29.3277053833008,0.135077998042107,5.54144954681397,0.001143
2015-11-17,28.6151027679443,0.0693550705909729,5.9370002746582,0.000653
2015-11-18,27.9949359893799,0.0548041015863419,6.10299873352051,0.000653
2015-11-19,28.0992488861084,0.885805308818817,5.75864791870117,0.000653
2015-11-20,28.887767791748,2.35918188095093,6.08348894119263,0.000653
2015-11-21,29.0651969909668,0.109305761754513,6.01355457305908,0.00196
2015-11-22,28.9858589172363,1.28526782989502,5.09856081008911,0.00196
2015-11-23,28.7708625793457,0.00126472965348512,5.91878986358643,0.00196
2015-11-24,28.7270126342773,0.218567222356796,5.0701265335083,0.00196
2015-11-25,29.9519290924072,0.00350882159546018,5.80870151519775,0.00196
2015-11-26,31.3200130462647,0.0253907479345799,6.0821852684021,0.00196
2015-11-27,29.6401882171631,0.786648035049439,4.29384088516235,0.00196
2015-11-28,28.6973361968994,1.09545350074768,4.84370803833008,0.000653
2015-11-29,28.8040428161621,0.272024363279343,6.03281545639038,0
2015-11-30,28.5063285827637,0.768635392189026,6.39620351791382,0
2015-12-01,27.999813079834,0.438291996717453,6.09123229980469,0.00196
2015-12-02,27.8443279266357,0.00602556858211756,5.12733173370361,0.00196
2015-12-03,28.0778846740723,0.00215826160274446,6.03378629684448,0.003593
2015-12-04,28.8950252532959,0.012608366087079,5.59906387329102,0.003593
2015-12-05,29.7291488647461,0.116720601916313,5.62931442260742,0.003593
2015-12-06,29.7021102905273,0.0164258945733309,5.72939205169678,0.005716
2015-12-07,29.6217079162598,0.083113394677639,5.74918079376221,0.005716
2015-12-08,29.2202854156494,9.97411771095358e-05,6.56778621673584,0.003593
2015-12-09,28.4865169525147,0.0462492033839226,5.41690158843994,0.003593
2015-12-10,28.438570022583,0.0997118800878525,5.73653745651245,0.003593
2015-12-11,27.9098224639893,0.000977843068540096,6.31360673904419,0.003593
2015-12-12,29.0776805877686,0.00244509824551642,5.68670225143433,0.00196
2015-12-13,28.0287628173828,0.0235396269708872,6.20115184783936,0.00196
2015-12-14,28.4437313079834,0.897853553295136,5.73936605453491,0.00196
2015-12-15,27.2205181121826,0.979417860507965,5.01795959472656,0.00196
2015-12-16,28.1640338897705,0.170758724212646,5.58455038070679,0.00196
2015-12-17,28.9693298339844,0.0819484144449234,5.63939523696899,0.00196
2015-12-18,28.2868251800537,0.0171624217182398,5.37288475036621,0.00196
2015-12-19,27.6254825592041,0.599301636219025,4.78493881225586,0.00196
2015-12-20,27.2917079925537,1.34050309658051,4.48331785202026,0.000653
2015-12-21,26.7471179962158,0.555034995079041,4.56093263626099,0.000653
2015-12-22,27.1510906219482,0.829720437526703,4.27696514129639,0.000653
2015-12-23,27.425479888916,0.152169734239578,5.01039552688599,0.000653
2015-12-24,27.3823337554932,0.368485927581787,5.07335758209229,0.00196
2015-12-25,28.139289855957,1.03754007816315,4.64856100082398,0.00196
2015-12-26,29.3637409210205,1.56468844413757,6.03217172622681,0.00196
2015-12-27,27.7355403900147,0.268145024776459,5.24370098114014,0.003593
2015-12-28,28.1128273010254,0.282620817422867,4.84499788284302,0.003593
2015-12-29,28.5611934661865,1.83894038200378,4.67244052886963,0.003593
2015-12-30,28.2949371337891,1.04882073402405,4.86462926864624,0.003593
2015-12-31,28.1278457641602,1.13251352310181,5.14139175415039,0.003593
2016-01-01,29.1565914154053,0.704637885093689,5.61235857009888,0.008166
2016-01-02,28.5050182342529,0.0684490501880646,5.76498508453369,0.010942
2016-01-03,30.159029006958,0.601103663444519,6.13140916824341,0.008166
2016-01-04,29.8142280578613,9.2013988494873,3.80138564109802,0.005716
2016-01-05,27.1976165771484,38.0376625061035,2.37197041511536,0.003593
2016-01-06,25.3350830078125,24.7855453491211,2.07704973220825,0.003593
2016-01-07,26.4198112487793,25.3534832000732,2.71756052970886,0.003593
2016-01-08,26.7579917907715,20.1176662445068,3.29438495635986,0.008166
2016-01-09,26.065580368042,9.22607612609863,3.15322232246399,0.008166
2016-01-10,27.0532341003418,9.66948127746582,3.88709115982056,0.010942
2016-01-11,27.1850986480713,4.86185073852539,3.67400527000427,0.010942
2016-01-12,27.2882747650147,1.60393571853638,4.10130977630615,0.009472
2016-01-13,27.8057804107666,1.27474772930145,4.13872194290161,0.008166
2016-01-14,28.2379131317139,0.89604264497757,3.85958313941956,0.008166
2016-01-15,28.1695079803467,0.407652318477631,5.01523017883301,0.014045
2016-01-16,28.8887176513672,0.232646018266678,4.70705080032349,0.014045
2016-01-17,27.3254871368408,1.82141888141632,2.39582085609436,0.010942
2016-01-18,26.9885120391846,7.25163793563843,3.25098347663879,0.010942
2016-01-19,27.2188568115234,3.93383193016052,4.71412372589111,0.014045
2016-01-20,27.2287712097168,8.54666805267334,3.18778204917908,0.014045
2016-01-21,24.758020401001,19.1274356842041,1.08783185482025,0.014045
2016-01-22,24.6447582244873,40.2153205871582,0.713828325271606,0.017311
2016-01-23,25.0880813598633,23.6359920501709,2.69802665710449,0.020904
2016-01-24,26.7901058197022,12.7431087493897,2.81697344779968,0.02466
2016-01-25,27.4342937469482,12.5119953155518,3.94480133056641,0.032989
2016-01-26,27.1381072998047,2.83061051368713,4.67539691925049,0.037399
2016-01-27,27.4778842926025,1.23849952220917,4.23773670196533,0.042135
2016-01-28,27.7705249786377,1.62743616104126,4.69481468200684,0.049484
2016-01-29,27.2191352844238,1.12735950946808,4.91472625732422,0.052097
2016-01-30,26.688512802124,2.06676983833313,4.98719263076782,0.047034
2016-01-31,25.6195831298828,4.78718852996826,3.3781566619873,0.047034
2016-02-01,26.7659606933594,2.98789358139038,4.75510215759277,0.032989
2016-02-02,26.1327075958252,1.63908517360687,3.88849377632141,0.039849
2016-02-03,25.5849952697754,2.56445026397705,3.50825500488281,0.042135
2016-02-04,26.1938400268555,1.75051927566528,4.09362411499023,0.028743
2016-02-05,26.4611110687256,0.923579216003418,4.82438707351685,0.02466
2016-02-06,26.8828163146973,0.339404582977295,4.42420291900635,0.020904
2016-02-07,26.7455577850342,0.0999953076243401,4.81478309631348,0.017311
2016-02-08,25.8171730041504,0.0301170367747545,4.34000110626221,0.014045
2016-02-09,27.0497131347656,0.384743541479111,4.731605052948,0.010942
2016-02-10,27.7692756652832,0.927878975868225,4.52707290649414,0.008166
2016-02-11,27.7608127593994,1.26387023925781,4.95757865905762,0.008166
2016-02-12,27.8390350341797,0.0904414877295494,5.47569704055786,0.005716
2016-02-13,27.6577949523926,1.02475333213806,4.58314514160156,0.005716
2016-02-14,28.0133399963379,1.19907736778259,4.14289140701294,0.047034
2016-02-15,28.4689311981201,0.852890610694885,5.09204626083374,0.047034
2016-02-16,28.820520401001,1.09263217449188,5.41441488265991,0.042135
2016-02-17,28.7984867095947,0.257744401693344,5.82278823852539,0.042135
2016-02-18,27.5391445159912,1.13865971565247,4.663414478302,0.037399
2016-02-19,26.7648220062256,4.05782794952393,3.25648236274719,0.02466
2016-02-20,28.2027187347412,2.0435037612915,4.95934438705444,0.022701
2016-02-21,28.3142852783203,1.07351958751678,5.56115293502808,0.017311
2016-02-22,26.6555938720703,3.78746199607849,4.38325881958008,0.014045
2016-02-23,28.4897632598877,0.394105046987534,5.40268516540527,0.010942
2016-02-24,27.7086734771729,0.606279075145721,4.05709457397461,0.005716
2016-02-25,28.458703994751,1.16598653793335,5.07562446594238,0.005716
2016-02-26,28.5850563049316,0.855508089065552,4.99374628067017,0.005716
2016-02-27,28.909065246582,0.747044920921326,5.41726541519165,0.005716
2016-02-28,28.0721645355225,0.48379522562027,4.68072557449341,0.005716
2016-02-29,28.2423553466797,2.33700323104858,4.82824087142944,0.005716
2016-03-01,28.2708034515381,0.0878890305757523,4.77720499038696,0.005716
2016-03-02,26.8120670318604,1.47883319854736,4.16304159164429,0.005716
2016-03-03,27.2270908355713,2.87425756454468,3.96863627433777,0.005716
2016-03-04,27.897294998169,3.75869226455689,4.38269567489624,0.00196
2016-03-05,29.2730808258057,1.45096909999847,4.91003370285034,0.00196
2016-03-06,28.1421279907227,0.987341105937958,4.49809646606445,0.00196
2016-03-07,27.5966835021973,0.263383954763413,4.57510280609131,0.003593
2016-03-08,27.3174571990967,0.796518504619598,4.22615432739258,0.003593
2016-03-09,28.4632186889648,0.88574355840683,4.69395160675049,0.00196
2016-03-10,28.9152641296387,0.777121424674988,4.9173378944397,0.00196
2016-03-11,29.1878242492676,0.0909567475318909,5.37490510940552,0.00196
2016-03-12,29.3671951293945,0.204941481351852,5.4400520324707,0.00196
2016-03-13,29.5148220062256,0.30950802564621,5.0530858039856,0.003593
2016-03-14,28.3281383514404,0.949385941028595,4.61963415145874,0.003593
2016-03-15,27.4369621276855,1.42161548137665,4.47352027893066,0.003593
2016-03-16,27.5955810546875,2.57623195648193,4.53226327896118,0.00196
2016-03-17,29.1738395690918,0.900589942932129,5.44450569152832,0.00196
2016-03-18,28.170690536499,0.801547944545746,4.32974863052368,0.00196
2016-03-19,28.4118061065674,0.469120740890503,4.23797988891602,0.00196
2016-03-20,29.0592842102051,0.588986098766327,5.3721604347229,0.00196
2016-03-21,28.9380970001221,0.673405647277832,4.84509038925171,0.00196
2016-03-22,30.3693809509277,0.945689558982849,5.29525661468506,0.00196
2016-03-23,30.5263061523438,1.93129408359528,4.50858640670776,0.003593
2016-03-24,30.3619556427002,1.02818489074707,5.5080189704895,0.003593
2016-03-25,29.0018444061279,1.43942666053772,4.64471673965454,0.003593
2016-03-26,29.7646865844727,0.458163738250732,5.14367437362671,0.00196
2016-03-27,28.5160980224609,0.750674605369568,4.52118349075317,0.00196
2016-03-28,27.5396156311035,1.1485230922699,3.90878701210022,0.00196
2016-03-29,27.5366153717041,1.28207433223724,3.83660745620728,0.00196
2016-03-30,27.7993316650391,2.44953513145447,4.25640487670898,0.00196
2016-03-31,27.4673519134522,1.67080056667328,4.23523855209351,0.00196
2016-04-01,28.5664596557617,2.06953883171082,4.67956972122192,0.003593
2016-04-02,27.5349140167236,0.44512289762497,4.13726186752319,0.003593
2016-04-03,27.2711639404297,2.71225762367249,3.59263134002686,0.00196
2016-04-04,27.0535278320313,0.738761603832245,2.92797923088074,0.00196
2016-04-05,27.9279499053955,0.877098083496094,4.5274338722229,0.00196
2016-04-06,27.3597755432129,1.06262767314911,3.56136155128479,0.003593
2016-04-07,27.9836330413818,1.39458096027374,3.9251024723053,0.003593
2016-04-08,28.400426864624,0.580969929695129,4.33080005645752,0.00196
2016-04-09,28.9665813446045,0.291737884283066,4.75066804885864,0.00196
2016-04-10,28.2154235839844,0.473420739173889,4.1898627281189,0.00196
2016-04-11,28.0747165679932,1.82039749622345,4.20724105834961,0.003593
2016-04-12,28.5615711212158,1.38109517097473,4.49115467071533,0.003593
2016-04-13,28.1068725585938,1.48494470119476,4.33070278167725,0.005716
2016-04-14,26.7180080413818,1.88740384578705,3.57970643043518,0.005716
2016-04-15,27.2092723846436,2.28095173835754,3.26535248756409,0.008166
2016-04-16,27.1131916046143,0.467426985502243,3.74351453781128,0.008166
2016-04-17,27.7113666534424,0.995365083217621,3.90605163574219,0.008166
2016-04-18,27.3460578918457,1.52138340473175,4.24038743972778,0.003593
2016-04-19,27.009765625,1.73132789134979,4.30602836608887,0.003593
2016-04-20,27.1955509185791,1.20972299575806,5.19177198410034,0.00196
2016-04-21,26.7815799713135,0.00167273019906133,3.93252468109131,0.00196
2016-04-22,27.0944843292236,0.26205649971962,4.6102876663208,0.003593
2016-04-23,27.2594203948975,0.0347425304353237,4.60131502151489,0.003593
2016-04-24,26.3521900177002,1.14712381362915,3.78417491912842,0.00196
2016-04-25,27.8176383972168,0.0574989095330238,4.79044198989868,0.00196
2016-04-26,27.7252597808838,0.00864800065755844,4.72808027267456,0.00196
2016-04-27,27.5808200836182,0.0901475995779037,4.40660238265991,0.00196
2016-04-28,28.5087585449219,1.12889540195465,4.20442676544189,0.003593
2016-04-29,28.2811412811279,0.696990311145783,4.43364810943604,0.003593
2016-04-30,28.2544231414795,1.99410212039948,4.16560077667236,0.003593
2016-05-01,27.5155830383301,1.25323438644409,4.71989917755127,0.00196
2016-05-02,27.3799209594727,0.200566217303276,4.22016382217407,0.00196
2016-05-03,26.0120620727539,1.26586282253265,2.77362203598022,0.003593
2016-05-04,25.7408294677734,4.89474487304688,3.41731142997742,0.003593
2016-05-05,25.4547882080078,5.25122976303101,4.11437892913818,0.005716
2016-05-06,26.5083065032959,0.989701688289642,3.40641474723816,0.005716
2016-05-07,25.5121021270752,4.47223281860352,2.82406997680664,0.005716
2016-05-08,26.4348735809326,1.88250339031219,3.65059638023376,0.008166
2016-05-09,25.7493362426758,2.23414635658264,4.07549476623535,0.008166
2016-05-10,25.0923290252686,0.971355199813843,2.85426616668701,0.008166
2016-05-11,26.444543838501,0.0878524333238602,3.28917026519775,0.008166
2016-05-12,26.9535007476807,0.136485144495964,3.81429815292358,0.008166
2016-05-13,27.1166076660156,0.0427234917879105,4.01532173156738,0.014045
2016-05-14,26.021993637085,3.23865032196045,3.05069875717163,0.014045
2016-05-15,25.4282054901123,5.20164012908936,2.63786554336548,0.010942
2016-05-16,25.1659736633301,6.24715948104858,2.65818405151367,0.010942
2016-05-17,25.9038162231445,1.94339573383331,2.9240357875824,0.008166
2016-05-18,26.6233406066895,0.966388523578644,4.0993824005127,0.005716
2016-05-19,26.4818992614746,0.48012113571167,3.38545227050781,0.005716
2016-05-20,24.7330455780029,0.648146510124207,3.20366549491882,0.00196
2016-05-21,25.5056285858154,3.15666794776917,2.95511674880981,0.00196
2016-05-22,25.5116081237793,1.14527130126953,3.32764029502869,0.003593
2016-05-23,25.33327293396,1.48584735393524,2.21449446678162,0.003593
2016-05-24,25.9163589477539,5.94307041168213,2.1149799823761,0.008166
2016-05-25,24.2618427276611,12.0441408157349,2.48897075653076,0.010942
2016-05-26,23.808277130127,15.0946311950684,2.01729130744934,0.014045
2016-05-27,22.8176727294922,6.76252794265747,1.2037912607193,0.037399
2016-05-28,24.4711418151856,3.56001114845276,2.57863759994507,0.037399
2016-05-29,24.087797164917,2.83022141456604,2.24756693840027,0.042135
2016-05-30,24.5820503234863,1.48259603977203,2.59773015975952,0.042135
2016-05-31,24.1603183746338,1.16843473911285,2.52096438407898,0.042135
2016-06-01,23.9372119903564,1.09419679641724,2.90516638755798,0.005716
2016-06-02,24.9044418334961,0.0262585543096066,3.04199385643005,0.005716
2016-06-03,25.575553894043,0.207473427057266,3.46214962005615,0.008166
2016-06-04,25.1183929443359,0.0478468909859657,2.82094931602478,0.008166
2016-06-05,26.0178375244141,1.17403388023376,2.89601874351501,0.010942
2016-06-06,26.3486557006836,0.432646602392197,3.53668856620789,0.010942
2016-06-07,26.628532409668,0.399689376354218,3.4873309135437,0.010942
2016-06-08,27.0296192169189,0.0258658938109875,3.55779695510864,0.005716
2016-06-09,26.4710197448731,0.500264227390289,3.5506865978241,0.008166
2016-06-10,26.5348453521729,1.17110455036163,3.07666683197022,0.00196
2016-06-11,25.585470199585,0.0803001523017883,3.20933961868286,0.003593
2016-06-12,24.6922836303711,0.109218887984753,3.5781044960022,0.003593
2016-06-13,24.4426918029785,2.76149129867554,2.4366819858551,0.003593
2016-06-14,22.3553409576416,14.5979652404785,1.42114472389221,0.005716
2016-06-15,21.7078628540039,23.170934677124,1.7172292470932,0.005716
2016-06-16,22.7335414886475,7.02529573440552,2.28388500213623,0.008166
2016-06-17,22.4251194000244,1.3871603012085,1.3523416519165,0.010942
2016-06-18,21.6680812835693,7.20314645767212,0.803476214408875,0.014045
2016-06-19,23.4999713897705,6.75012016296387,2.31782507896423,0.014045
2016-06-20,23.0425834655762,3.40039658546448,2.45037460327148,0.014045
2016-06-21,22.6594657897949,5.92747449874878,2.50137042999268,0.017311
2016-06-22,23.1692733764648,5.82783174514771,2.63493227958679,0.020904
2016-06-23,23.4337940216064,0.545173943042755,2.81508255004883,0.020904
2016-06-24,22.9284229278564,1.39446353912354,2.88494563102722,0.02466
2016-06-25,23.0612258911133,2.22792887687683,2.54614758491516,0.02466
2016-06-26,21.625545501709,10.6353073120117,1.55387687683105,0.028743
2016-06-27,22.4217681884766,4.62911605834961,3.13620352745056,0.032989
2016-06-28,22.3189735412598,0.454439878463745,3.3064661026001,0.032989
2016-06-29,22.7230281829834,3.20320510864258,2.68063259124756,0.032989
2016-06-30,22.6786689758301,4.65375709533691,2.11720180511475,0.032989
2016-07-01,22.4881706237793,2.83595943450928,2.64718627929688,0.037399
2016-07-02,23.0354862213135,2.93572545051575,3.05062389373779,0.037399
2016-07-03,22.8420009613037,4.15431118011475,2.46485614776611,0.042135
2016-07-04,22.9956092834473,4.7027702331543,2.11119318008423,0.037399
2016-07-05,22.6998043060303,3.06939220428467,2.16218066215515,0.032989
2016-07-06,22.9533271789551,2.49003148078918,2.82045698165894,0.02662
2016-07-07,22.7554569244385,0.779967129230499,2.32689905166626,0.02662
2016-07-08,23.0273361206055,1.43818295001984,2.7461268901825,0.02466
2016-07-09,22.339786529541,1.86900925636292,2.10195302963257,0.02466
2016-07-10,22.0133666992188,3.23336553573608,1.83375954627991,0.020904
2016-07-11,23.0470752716064,0.682683527469635,2.66745805740356,0.017311
2016-07-12,22.2801475524902,0.173341318964958,2.99319243431091,0.017311
2016-07-13,22.7891387939453,0.0818180665373802,3.03070783615112,0.017311
2016-07-14,22.1432723999023,0.574192643165588,2.52801656723022,0.020904
2016-07-15,23.9507389068604,0.605399549007416,3.31279158592224,0.005716
2016-07-16,22.7458057403564,0.299858391284943,2.45339584350586,0.014045
2016-07-17,23.9902095794678,1.06345963478088,3.40887069702148,0.014045
2016-07-18,23.8200588226318,0.271670311689377,3.71386337280273,0.008166
2016-07-19,23.6077117919922,0.107755862176418,3.40954184532166,0.014045
2016-07-20,23.6191635131836,1.5820859670639,2.54938292503357,0.019108
2016-07-21,22.6932067871094,2.35311913490295,3.11803579330444,0.020904
2016-07-22,21.8662776947021,0.0763393267989159,3.35326147079468,0.008166
2016-07-23,23.108642578125,0.886120975017548,3.09406352043152,0.014045
2016-07-24,23.5845470428467,2.42667603492737,3.30228447914124,0.014045
2016-07-25,23.2465534210205,1.53306984901428,3.05045437812805,0.014045
2016-07-26,23.1972560882568,2.51263213157654,3.15704393386841,0.017311
2016-07-27,23.7918720245361,0.722757637500763,3.22252559661865,0.003593
2016-07-28,22.4310569763184,0.54101300239563,2.35045742988586,0.009472
2016-07-29,22.3747253417969,0.987954497337341,3.10917735099793,0.020904
2016-07-30,23.2110004425049,0.834656417369843,3.17864942550659,0.020904
2016-07-31,22.8607482910156,3.32057547569275,2.78666496276855,0.020904
2016-08-01,22.5604686737061,4.99880886077881,2.52018547058105,0.008166
2016-08-02,22.8928050994873,2.81148862838745,2.89622759819031,0.008166
2016-08-03,23.9762344360352,2.20534229278564,3.80309629440308,0.005716
2016-08-04,22.6238861083984,0.572904467582703,2.71157550811768,0.005716
2016-08-05,21.9561958312988,2.97858572006226,2.46693825721741,0.005716
2016-08-06,23.1962566375732,1.54214584827423,3.30567264556885,0.003593
2016-08-07,22.4932975769043,0.837351083755493,3.14478945732117,0.003593
2016-08-08,23.2102298736572,1.20851612091064,2.8737587928772,0.003593
2016-08-09,23.3038158416748,0.00600312557071447,4.10459041595459,0.00196
2016-08-10,23.3356342315674,0.0100992433726788,3.31944441795349,0.00196
2016-08-11,24.010425567627,0.0582146793603897,3.4423987865448,0.00196
2016-08-12,22.9143829345703,0.0625355616211891,4.27250003814697,0.003593
2016-08-13,22.9021186828613,1.27655577659607,2.75766205787659,0.003593
2016-08-14,23.5598487854004,0.022186690941453,3.18048906326294,0.005716
2016-08-15,22.9390659332275,0.00013386583304964,4.14946174621582,0.005716
2016-08-16,24.3304691314697,0.133644551038742,4.10119533538818,0.005716
2016-08-17,25.8785018920898,0.0310971848666668,3.72845196723938,0.005716
2016-08-18,25.585111618042,0.31123960018158,4.47832202911377,0.003593
2016-08-19,24.864200592041,0.249506786465645,3.94697594642639,0.003593
2016-08-20,24.6089649200439,0.978722512722015,3.20223569869995,0.003593
2016-08-21,24.5230121612549,0.30961936712265,3.72402787208557,0.005716
2016-08-22,25.4621543884277,0.359750598669052,4.32547616958618,0.005716
2016-08-23,25.1517372131348,0.707350373268127,4.27233934402466,0.008166
2016-08-24,23.9745712280273,6.21478462219238,2.54122185707092,0.008166
2016-08-25,22.0328006744385,11.0478754043579,1.55078303813934,0.008166
2016-08-26,21.6560649871826,4.08715867996216,1.90817666053772,0.010942
2016-08-27,22.9405822753906,5.70686483383179,2.70401406288147,0.010942
2016-08-28,23.3549251556397,1.20636081695557,4.14590120315552,0.010942
2016-08-29,23.2720069885254,2.183913230896,3.07309794425964,0.010942
2016-08-30,25.3208904266357,0.772406399250031,3.95932531356812,0.010942
2016-08-31,25.1933498382568,0.492606490850449,3.95942568778992,0.010942
2016-09-01,24.3159332275391,1.34902119636536,3.65017509460449,0.042135
2016-09-02,24.6366596221924,1.38066375255585,3.70929503440857,0.047034
2016-09-03,23.2546482086182,1.98706555366516,2.91850709915161,0.047034
2016-09-04,23.4105358123779,1.4552835226059,3.38078832626343,0.052097
2016-09-05,23.099739074707,1.67658710479736,3.273104429245,0.052097
2016-09-06,23.0339794158936,1.98215508460999,3.10610032081604,0.057323
2016-09-07,23.2335510253906,1.89007413387299,3.36859560012817,0.057323
2016-09-08,24.1252021789551,0.656001329421997,4.05372095108032,0.062876
2016-09-09,23.8492889404297,0.159493252635002,3.88688516616821,0.062876
2016-09-10,23.3227405548096,2.65651321411133,3.33320164680481,0.062876
2016-09-11,22.6758136749268,1.99188077449799,3.26727080345154,0.057323
2016-09-12,23.5627403259277,2.92171573638916,3.60370016098022,0.052097
2016-09-13,23.9477996826172,1.39175999164581,4.85257863998413,0.052097
2016-09-14,23.5965480804443,1.03250861167908,3.13992786407471,0.052097
2016-09-15,24.0118255615234,2.21038413047791,3.46401381492615,0.037399
2016-09-16,25.2512035369873,0.432202100753784,3.7076735496521,0.037399
2016-09-17,25.3758010864258,0.472483187913895,3.88702082633972,0.032989
2016-09-18,24.9445514678955,0.845087647438049,4.37124395370483,0.032989
2016-09-19,24.3168983459473,0.30509740114212,4.18576955795288,0.028743
2016-09-20,24.8594741821289,0.259414166212082,4.9114351272583,0.028743
2016-09-21,26.8629169464111,0.104155637323856,5.04969787597656,0.02466
2016-09-22,26.8096389770508,0.544900357723236,4.97315549850464,0.020904
2016-09-23,24.8774585723877,1.01687777042389,2.93628835678101,0.020904
2016-09-24,25.515230178833,5.77051401138306,3.67051148414612,0.020904
2016-09-25,25.3415756225586,0.941295564174652,3.65883111953735,0.017311
2016-09-26,26.3065071105957,0.177320152521133,4.11632108688355,0.017311
2016-09-27,26.1520385742188,0.34480693936348,4.2379207611084,0.014045
2016-09-28,24.1795654296875,0.850569725036621,2.08807301521301,0.010942
2016-09-29,25.874568939209,2.36918830871582,3.57925915718079,0.010942
2016-09-30,26.2535381317139,2.38970756530762,4.7758731842041,0.010942
2016-10-01,26.4277515411377,1.22906029224396,3.3166925907135,0.00196
2016-10-02,26.1785144805908,2.14031219482422,4.31598663330078,0.003593
2016-10-03,25.8584709167481,2.64379358291626,3.99383759498596,0.005716
2016-10-04,26.5379886627197,1.59518671035767,3.88495564460754,0.005716
2016-10-05,26.4162578582764,0.213025450706482,4.94859552383423,0.008166
2016-10-06,27.4333591461182,0.50129246711731,4.42928266525269,0.008166
2016-10-07,28.7302322387695,4.09185552597046,4.21340274810791,0.010942
2016-10-08,26.7943325042725,9.95980358123779,3.05710434913635,0.010942
2016-10-09,27.3562297821045,4.56853199005127,5.10294818878174,0.010942
2016-10-10,26.0976543426514,2.17779541015625,4.46874666213989,0.010942
2016-10-11,26.5361976623535,1.60713291168213,4.9582781791687,0.008166
2016-10-12,25.3561782836914,3.33815288543701,4.10978078842163,0.010942
2016-10-13,25.6381950378418,2.61938762664795,4.4859881401062,0.010942
2016-10-14,26.1138095855713,3.00531005859375,4.55019664764404,0.010942
2016-10-15,26.1254005432129,0.719355285167694,4.70516729354858,0.010942
2016-10-16,25.6879653930664,1.31178033351898,4.34868955612183,0.010942
2016-10-17,25.3827323913574,3.86222410202026,4.03127765655518,0.014045
2016-10-18,25.4609928131104,1.69854199886322,4.44327926635742,0.014045
2016-10-19,26.0170974731445,1.55505681037903,4.26812648773193,0.014045
2016-10-20,26.5795345306397,0.179501593112946,5.1766209602356,0.010942
2016-10-21,26.8693981170654,0.251985520124435,4.40952253341675,0.010942
2016-10-22,26.88743019104,0.731046915054321,4.54254579544067,0.010942
2016-10-23,26.9944458007813,1.25319218635559,5.32885122299194,0.014045
2016-10-24,26.5512275695801,0.268522590398788,4.676917552948,0.014045
2016-10-25,27.6246604919434,0.113416381180286,5.41880798339844,0.014045
2016-10-26,26.9878482818604,0.0606842115521431,4.77768516540527,0.014045
2016-10-27,26.4659595489502,0.0227120108902454,4.98494148254395,0.010942
2016-10-28,27.4963836669922,0.000146146005135961,6.21180009841919,0.010942
2016-10-29,27.9921817779541,1.08267986774445,5.90782785415649,0.008166
2016-10-30,27.0469493865967,0.943593144416809,5.26251554489136,0.008166
2016-10-31,26.6676540374756,2.0583598613739,5.05748128890991,0.008166
2016-11-01,26.8930549621582,1.62222576141357,4.90977382659912,0.008166
2016-11-02,27.4445514678955,0.601137459278107,5.67927694320679,0.008166
2016-11-03,27.2060451507568,0.295117944478989,5.51279783248901,0.010942
2016-11-04,26.9478759765625,1.19671821594238,4.81532096862793,0.010942
2016-11-05,25.9105644226074,1.96512567996979,4.41313076019287,0.010942
2016-11-06,25.7386722564697,2.08734202384949,4.26345634460449,0.010942
2016-11-07,26.2619552612305,3.01713037490845,4.64415502548218,0.010942
2016-11-08,26.1889133453369,1.84706628322601,4.65302324295044,0.010942
2016-11-09,26.9925861358643,0.454731911420822,5.00050783157349,0.014045
2016-11-10,27.3101005554199,0.75143575668335,4.23529243469238,0.014045
2016-11-11,26.2513675689697,1.90379202365875,2.99542570114136,0.014045
2016-11-12,26.9774208068848,8.61519813537598,3.5153079032898,0.010942
2016-11-13,26.5791931152344,3.92207860946655,3.33953213691711,0.008166
2016-11-14,26.4574317932129,1.62473773956299,4.16648435592651,0.008166
2016-11-15,27.9697074890137,0.22869698703289,5.35559701919556,0.008166
2016-11-16,28.6039638519287,3.04563426971436,4.28705072402954,0.010942
2016-11-17,28.2639083862305,7.77548360824585,5.55006885528565,0.014045
2016-11-18,28.5676555633545,1.83511543273926,5.4673376083374,0.017311
2016-11-19,27.9662914276123,0.535748720169067,4.51328372955322,0.017311
2016-11-20,23.8489112854004,7.24778127670288,2.06162619590759,0.017311
2016-11-21,25.3260688781738,10.75745677948,3.16571593284607,0.052097
2016-11-22,26.7525539398193,6.4344482421875,5.24460363388062,0.052097
2016-11-23,26.9778022766113,2.80219411849976,5.36821413040161,0.047034
2016-11-24,27.6501693725586,0.390898376703262,5.98360252380371,0.042135
2016-11-25,27.3336353302002,0.398315608501434,5.54003047943115,0.037399
2016-11-26,27.4589138031006,0.282384604215622,5.59457349777222,0.028743
2016-11-27,26.3299617767334,0.0445957705378532,5.74510145187378,0.00196
2016-11-28,26.8402919769287,1.52463018894196,5.63243293762207,0.00196
2016-11-29,27.2950477600098,1.01518952846527,6.18052625656128,0.00196
2016-11-30,28.0172824859619,0.225167259573936,6.10205411911011,0.00196
2016-12-01,28.2010021209717,0.438116043806076,5.43111038208008,0.00196
2016-12-02,27.2293682098389,2.13026857376099,3.79753661155701,0.00196
2016-12-03,27.5199718475342,2.16003918647766,4.72934007644653,0.00196
2016-12-04,28.7487964630127,0.353937804698944,5.54454803466797,0.00196
2016-12-05,29.4199771881104,0.16596582531929,5.75976991653442,0.002776
2016-12-06,29.175666809082,0.433811068534851,5.58746004104614,0.003593
2016-12-07,29.4125080108643,0.000770600512623787,6.05225133895874,0.003593
2016-12-08,29.0499629974365,0.804157495498657,5.48474502563477,0.003593
2016-12-09,28.642370223999,0.000678462733048946,5.84263801574707,0.005716
2016-12-10,28.3005619049072,0.0192543193697929,5.47510147094727,0.005716
2016-12-11,28.0606517791748,0.618594944477081,5.01276731491089,0.005716
2016-12-12,28.577449798584,0.000921915343496948,5.5007472038269,0.005716
2016-12-13,28.7749443054199,0.0264167003333569,5.94851016998291,0.008166
2016-12-14,27.4838695526123,0.00747581385076046,5.76668214797974,0.008166
2016-12-15,28.3231048583984,0.0866909697651863,5.24790716171265,0.008166
2016-12-16,27.6654739379883,1.3065801858902,5.93014526367188,0.008166
2016-12-17,26.6551132202148,6.07225894927979,3.84503841400147,0.010942
2016-12-18,25.7524700164795,5.3955512046814,4.35500335693359,0.010942
2016-12-19,26.0556774139404,5.82993412017822,3.21504378318787,0.010942
2016-12-20,25.6479339599609,8.41570568084717,3.36764669418335,0.003593
2016-12-21,26.0494117736816,4.65599918365479,3.95617365837097,0.003593
2016-12-22,27.4680957794189,2.12654304504395,5.48125600814819,0.003593
2016-12-23,25.8287506103516,1.94219172000885,3.88115310668945,0.003593
2016-12-24,26.1108684539795,4.93175363540649,4.51215887069702,0.005716
2016-12-25,26.0216598510742,1.72591269016266,3.95253872871399,0.005716
2016-12-26,26.5676345825195,1.26181817054749,4.55004358291626,0.005716
2016-12-27,28.2158794403076,0.955041110515594,5.14212989807129,0.003593
2016-12-28,27.8602123260498,0.290016233921051,5.11783266067505,0.003593
2016-12-29,27.6021156311035,0.297688513994217,4.27959394454956,0.003593
2016-12-30,26.5216484069824,0.428347945213318,4.41143941879272,0.003593
2016-12-31,27.4617881774902,0.356924206018448,5.16401624679565,0.003593
2017-01-01,27.0667476654053,1.55773222446442,4.61799287796021,0.003593
2017-01-02,27.595645904541,0.348518192768097,5.60194540023804,0.003593
2017-01-03,28.0021095275879,0.168243482708931,5.9207878112793,0.003593
2017-01-04,28.0944652557373,0.274877041578293,5.14645338058472,0.005716
2017-01-05,28.1781558990479,0.826074123382568,5.39297819137573,0.005716
2017-01-06,27.1602516174316,0.49649778008461,4.99854469299316,0.00196
2017-01-07,26.2042083740234,0.355337381362915,4.12736225128174,0.00196
2017-01-08,26.0084381103516,0.470431327819824,4.97706413269043,0.00196
2017-01-09,26.8980751037598,0.143048346042633,5.4826455116272,0.000653
2017-01-10,28.347339630127,0.266910135746002,5.07891607284546,0.000653
2017-01-11,28.5911178588867,0.454581022262573,4.99294805526733,0.00196
2017-01-12,28.9025840759277,1.35304665565491,4.76200437545776,0.00196
2017-01-13,28.3611679077148,0.811635553836823,4.51217603683472,0.003593
2017-01-14,27.3047676086426,0.322700887918472,3.79936122894287,0.003593
2017-01-15,28.0196189880371,0.425186812877655,5.04835605621338,0.003593
2017-01-16,27.6205539703369,0.103955842554569,5.0541844367981,0.005716
2017-01-17,27.7066764831543,0.187340289354324,5.28778219223023,0.005716
2017-01-18,27.9803218841553,0.0593827068805695,5.51024293899536,0.005716
2017-01-19,27.1126194000244,0.661178827285767,4.66393661499023,0.008166
2017-01-20,27.4139156341553,1.94302690029144,4.7532901763916,0.008166
2017-01-21,27.0810031890869,0.243326127529144,4.58789157867432,0.008166
2017-01-22,28.5470867156982,0.170834675431252,5.47120523452759,0.010942
2017-01-23,28.5467109680176,0.131765127182007,5.55383777618408,0.010942
2017-01-24,28.8537883758545,1.11666786670685,5.41062831878662,0.005716
2017-01-25,28.7929954528809,0.737237751483917,5.35167407989502,0.005716
2017-01-26,27.5032024383545,0.338081359863281,4.91277027130127,0.005716
2017-01-27,29.1326675415039,0.324262022972107,5.82029819488525,0.003593
2017-01-28,28.5475120544434,1.83419466018677,5.23316097259522,0.003593
2017-01-29,27.6560726165772,0.150270342826843,5.21782064437866,0.003593
2017-01-30,27.3020172119141,0.469916015863419,4.93112087249756,0.003593
2017-01-31,28.4060192108154,1.33109819889069,5.65977954864502,0.003593
2017-02-01,29.5146007537842,1.0485907793045,5.51851272583008,0.005716
2017-02-02,28.9063110351563,0.62554258108139,4.91490316390991,0.005716
2017-02-03,28.7075634002686,0.34114021062851,4.95559215545654,0.003593
2017-02-04,28.8129863739014,0.0603001974523068,5.36942958831787,0.003593
2017-02-05,28.2576007843018,0.171468168497086,4.72034025192261,0.003593
2017-02-06,29.3602123260498,0.00484362244606018,5.93948364257813,0.003593
2017-02-07,28.65478515625,0.0783444195985794,4.79932117462158,0.003593
2017-02-08,28.0796566009522,1.01575541496277,4.49010133743286,0.00196
2017-02-09,28.3249034881592,1.09126853942871,5.08045959472656,0.00196
2017-02-10,27.9721641540527,4.22289514541626,4.01624393463135,0.00196
2017-02-11,27.6968765258789,0.915762543678284,5.09725379943848,0.00196
2017-02-12,27.1913375854492,0.89094603061676,4.77242469787598,0.000653
2017-02-13,26.9474029541016,1.46144151687622,4.64370441436768,0.000653
2017-02-14,26.7562980651856,0.171208322048187,3.91585922241211,0.005716
2017-02-15,27.4980068206787,0.60839855670929,4.82346534729004,0.005716
2017-02-16,28.0635795593262,0.779689311981201,5.04416990280151,0.005716
2017-02-17,27.2112998962402,0.62728762626648,4.59966516494751,0.003593
2017-02-18,27.9277458190918,0.857558071613312,5.36695528030396,0.003593
2017-02-19,27.7210502624512,0.339051604270935,4.80170249938965,0.003593
2017-02-20,27.1571350097656,3.62904381752014,4.02546691894531,0.00196
2017-02-21,26.2351856231689,9.49910449981689,3.98853087425232,0.00196
2017-02-22,27.484260559082,5.15337944030762,5.24911642074585,0
2017-02-23,26.6951408386231,0.30726420879364,4.38023614883423,0
2017-02-24,27.8548259735107,1.18966996669769,5.17689180374146,0
2017-02-25,28.6467533111572,0.0933520644903183,5.02579355239868,0
2017-02-26,28.7482795715332,0.227624103426933,5.60205078125,0
2017-02-27,27.4499473571777,1.3527272939682,3.79869341850281,0
2017-02-28,28.4428825378418,3.83128619194031,4.25224208831787,0
2017-03-01,28.728479385376,0.668661296367645,5.18840265274048,0
2017-03-02,28.369421005249,0.0525579303503037,5.18426275253296,0
2017-03-03,26.8290748596191,0.109603352844715,4.60960483551025,0
2017-03-04,27.6819229125977,0.0933759137988091,5.11260271072388,0
2017-03-05,27.7997970581055,0.015202809125185,5.3206262588501,0
2017-03-06,28.254150390625,0.724225461483002,5.29133033752441,0
2017-03-07,29.0747470855713,0.496133476495743,4.98840188980103,0
2017-03-08,27.7205047607422,0.592447340488434,4.56598520278931,0
2017-03-09,29.0181179046631,0.378868490457535,5.87053680419922,0
2017-03-10,26.7747592926025,0.308914184570313,4.28761434555054,0
2017-03-11,26.9772682189941,1.44888353347778,4.51618242263794,0
2017-03-12,27.4787158966064,0.552567541599274,4.1919264793396,0
2017-03-13,27.4840793609619,0.43519127368927,4.13864040374756,0
2017-03-14,28.0147895812988,0.487453073263168,4.75303745269775,0
2017-03-15,27.2528553009033,1.28546178340912,4.23272895812988,0
2017-03-16,27.4250812530518,3.53505706787109,3.86067414283752,0
2017-03-17,26.3081550598145,2.75941371917725,2.29398226737976,0
2017-03-18,27.1633319854736,3.5935742855072,3.82437086105347,0.000163
2017-03-19,28.0618572235107,2.4100878238678,4.61305475234985,0.005716
2017-03-20,28.2724838256836,0.47445622086525,4.82380199432373,0.005716
2017-03-21,27.632682800293,0.0687073767185211,4.70298910140991,0.005716
2017-03-22,26.7242641448975,1.13584434986115,3.9910945892334,0.005716
2017-03-23,26.9982032775879,3.56489562988281,4.33050584793091,0.005716
2017-03-24,27.869815826416,0.321892619132996,4.99685382843018,0.005716
2017-03-25,27.6453056335449,0.393068313598633,4.44997787475586,0.005716
2017-03-26,28.6366882324219,0.904823899269104,4.64272308349609,0.005716
2017-03-27,29.0272216796875,0.185218378901482,5.27694511413574,0.005716
2017-03-28,28.7633686065674,0.229264914989471,5.3619499206543,0.005716
2017-03-29,29.3333988189697,1.4265034198761,4.41466426849365,0.003593
2017-03-30,26.4691410064697,5.82340335845947,2.87582921981812,0.003593
2017-03-31,27.457706451416,6.75838613510132,4.08447360992432,0.003593
2017-04-01,27.1387100219727,4.84262084960938,3.40074729919434,0.00196
2017-04-02,24.9657535552979,7.29704523086548,1.75041770935059,0.00196
2017-04-03,25.5829524993897,9.17311477661133,2.48502135276794,0.003593
2017-04-04,25.5721855163574,6.65604972839356,2.87514805793762,0.003593
2017-04-05,26.1634654998779,4.56152296066284,3.77074074745178,0.000653
2017-04-06,26.5307331085205,2.71274876594543,4.10540008544922,0.000653
2017-04-07,26.0125751495361,1.11696791648865,3.89525532722473,0.000653
2017-04-08,26.3228893280029,2.29052090644836,3.78274440765381,0.000653
2017-04-09,26.7161483764648,1.94156098365784,4.1882905960083,0.003593
2017-04-10,26.5175495147705,1.33573961257935,3.61618590354919,0.003593
2017-04-11,27.2983589172363,1.81781041622162,4.03844118118286,0.003593
2017-04-12,27.3123111724854,0.397948861122131,4.51364660263062,0.003593
2017-04-13,27.504711151123,0.755397319793701,4.44644212722778,0.003593
2017-04-14,26.3249683380127,5.64891624450684,2.82734274864197,0.005716
2017-04-15,26.3418998718262,9.84142017364502,3.22910785675049,0.005716
2017-04-16,25.9000415802002,5.79656553268433,2.8309121131897,0.005716
2017-04-17,26.1964435577393,4.30205249786377,3.68312335014343,0.008166
2017-04-18,25.6775722503662,0.565437078475952,3.56573677062988,0.008166
2017-04-19,25.3553695678711,2.10038566589355,3.34391188621521,0.010942
2017-04-20,24.8943157196045,6.06747961044312,2.80508351325989,0.010942
2017-04-21,24.0889759063721,7.69601011276245,1.47261548042297,0.012412
2017-04-22,26.0262489318848,2.05661249160767,3.24601793289185,0.014045
2017-04-23,27.2290782928467,2.16811513900757,3.9372501373291,0.008166
2017-04-24,26.8033199310303,2.27312564849854,3.62428140640259,0.008166
2017-04-25,26.2418460845947,2.64065146446228,3.49134683609009,0.005716
2017-04-26,26.1928672790527,3.75708842277527,2.83941602706909,0.005716
2017-04-27,25.7807788848877,1.45219969749451,3.37970471382141,0.008166
2017-04-28,26.2537631988525,2.72906589508057,3.7546501159668,0.010942
2017-04-29,26.3147449493408,1.28822898864746,3.22729086875916,0.010942
2017-04-30,25.4602718353272,1.02135443687439,3.61133742332459,0.010942
2017-05-01,24.9125499725342,1.64942216873169,3.20343494415283,0.010942
2017-05-02,25.4337940216064,4.27593851089478,3.26753687858582,0.010942
2017-05-03,25.1467914581299,3.19055509567261,2.85724282264709,0.010942
2017-05-04,24.9064235687256,5.09606122970581,2.63940477371216,0.010942
2017-05-05,24.8470878601074,6.20360231399536,2.81129455566406,0.014045
2017-05-06,25.0442409515381,3.46266937255859,2.73943495750427,0.014045
2017-05-07,25.5702610015869,3.11138319969177,3.302894115448,0.014045
2017-05-08,24.9144477844238,0.375931859016418,3.90663027763367,0.017311
2017-05-09,25.0612888336182,0.087966226041317,3.77215361595154,0.017311
2017-05-10,25.0228652954102,0.167101189494133,3.24749231338501,0.017311
2017-05-11,25.803503036499,0.0878452584147453,3.84340119361877,0.014045
2017-05-12,23.8695106506348,0.368190795183182,3.15330243110657,0.014045
2017-05-13,23.8356494903564,1.73831701278687,2.60246348381043,0.010942
2017-05-14,24.53049659729,1.11659634113312,2.51394104957581,0.010942
2017-05-15,26.5245609283447,0.690051794052124,3.70057797431946,0.010942
2017-05-16,27.2266788482666,0.0986378490924835,4.07957935333252,0.008166
2017-05-17,25.4858551025391,2.14363932609558,2.2930736541748,0.008166
2017-05-18,22.6581745147705,36.0307807922363,0.728672981262207,0.008166
2017-05-19,24.0030460357666,12.9055395126343,2.28522205352783,0.005716
2017-05-20,24.3353824615479,2.85692167282105,1.97559356689453,0.005716
2017-05-21,24.7419052124023,3.62655472755432,3.09679865837097,0.005716
2017-05-22,24.2666358947754,5.21481418609619,2.10713887214661,0.008166
2017-05-23,24.8266620635986,3.56345558166504,2.68525886535645,0.008166
2017-05-24,24.8396663665772,0.631281435489655,3.22770810127258,0.014045
2017-05-25,24.2759838104248,2.0455014705658,2.73455452919006,0.014045
2017-05-26,24.1416110992432,2.99555277824402,3.13720083236694,0.014045
2017-05-27,22.8764934539795,4.78662824630737,1.44754314422607,0.014045
2017-05-28,22.8706588745117,6.06432199478149,3.27280282974243,0.00196
2017-05-29,22.8811092376709,2.38365960121155,2.66539597511292,0.057323
2017-05-30,22.7935905456543,1.24153506755829,2.44733452796936,0.062876
2017-05-31,23.2414741516113,4.47589254379272,1.59125792980194,0.062876
2017-06-01,22.6661987304688,6.24949407577515,0.693663537502289,0.052097
2017-06-02,24.6372928619385,10.5867729187012,2.26585173606873,0.052097
2017-06-03,24.5250873565674,8.42266845703125,1.82903301715851,0.057323
2017-06-04,24.5365600585938,4.30551528930664,2.75700259208679,0.057323
2017-06-05,23.9850215911865,3.38674259185791,2.61740303039551,0.057323
2017-06-06,23.8822383880615,2.22730588912964,2.84888243675232,0.057323
2017-06-07,24.5416240692139,0.863666236400604,2.92627668380737,0.057323
2017-06-08,24.0695858001709,1.0360301733017,2.97435617446899,0.052097
2017-06-09,24.3070697784424,1.10569655895233,2.72926545143127,0.052097
2017-06-10,24.213508605957,1.03646218776703,2.96449637413025,0.052097
2017-06-11,23.8340492248535,1.9197553396225,2.61354279518127,0.052097
2017-06-12,24.8248252868652,0.792102217674255,3.48616075515747,0.052097
2017-06-13,23.9567813873291,1.06840562820435,2.36777186393738,0.052097
2017-06-14,23.6783084869385,0.163250088691711,3.32447648048401,0.052097
2017-06-15,22.7467765808105,1.30903100967407,2.48813652992249,0.052097
2017-06-16,23.0050487518311,1.73466157913208,2.34714293479919,0.010942
2017-06-17,22.5325660705566,6.42772388458252,2.40066766738892,0.010942
2017-06-18,21.8061103820801,5.80528736114502,1.96461534500122,0.010942
2017-06-19,22.6460018157959,2.91874384880066,2.69345712661743,0.010942
2017-06-20,22.6059036254883,2.21793174743652,2.14348101615906,0.014045
2017-06-21,23.0572528839111,3.53253316879272,2.63277506828308,0.014045
2017-06-22,22.6577739715576,4.21917772293091,2.68380236625671,0.017311
2017-06-23,22.2819862365723,3.81125521659851,2.17823886871338,0.017311
2017-06-24,21.9476585388184,4.67225313186646,2.28137898445129,0.017311
2017-06-25,21.9643669128418,3.04871082305908,2.06703591346741,0.020904
2017-06-26,21.673412322998,4.23994398117065,2.15594458580017,0.020904
2017-06-27,21.9259834289551,7.57497596740723,1.91046512126923,0.020904
2017-06-28,22.3993358612061,5.25887680053711,2.53420042991638,0.02466
2017-06-29,21.9293994903564,3.35813498497009,2.57914233207703,0.02466
2017-06-30,21.1742839813232,4.16296768188477,0.627508103847504,0.02466
2017-07-01,21.9586334228516,2.58807158470154,1.8552839756012,0.032989
2017-07-02,22.0646743774414,0.551606297492981,2.57086539268494,0.032989
2017-07-03,20.8112621307373,3.01955270767212,2.14132523536682,0.032989
2017-07-04,20.6405010223389,7.25390911102295,2.64138174057007,0.032989
2017-07-05,21.372594833374,1.59262871742249,3.14461827278137,0.032989
2017-07-06,20.5895385742188,2.08137273788452,2.29756164550781,0.037399
2017-07-07,21.0521450042725,1.84533798694611,2.5229389667511,0.032989
2017-07-08,20.9829940795898,3.41089963912964,2.54833698272705,0.032989
2017-07-09,22.0268211364746,3.81287503242493,3.27329611778259,0.032989
2017-07-10,21.7444820404053,2.25399017333984,2.2383348941803,0.032989
2017-07-11,22.1103057861328,4.96757459640503,2.67968440055847,0.032989
2017-07-12,22.4245929718018,2.82703328132629,2.90200066566467,0.032989
2017-07-13,22.1888847351074,2.21836996078491,3.03742933273315,0.032989
2017-07-14,21.1619033813477,4.69190645217896,2.47036552429199,0.032989
2017-07-15,21.7629280090332,3.44899463653564,2.93631815910339,0.032989
2017-07-16,21.3326454162598,1.64350521564484,2.59426379203796,0.032989
2017-07-17,22.1235580444336,1.0974954366684,3.28277730941772,0.02466
2017-07-18,21.2531681060791,2.59450149536133,2.34142088890076,0.017311
2017-07-19,21.4378967285156,0.586130917072296,2.64095330238342,0.010942
2017-07-20,21.1970119476318,1.92274713516235,1.70242702960968,0.010942
2017-07-21,22.7841682434082,0.521992862224579,2.6671359539032,0.010942
2017-07-22,21.9782028198242,0.737058877944946,2.4544460773468,0.010942
2017-07-23,22.1541767120361,1.85462820529938,2.63164305686951,0.014045
2017-07-24,21.8350830078125,4.16739654541016,2.22598099708557,0.010942
2017-07-25,21.46217918396,6.04161691665649,2.70933794975281,0.010942
2017-07-26,21.6011695861816,5.56106328964233,2.29218316078186,0.010942
2017-07-27,22.1564788818359,3.75752854347229,3.60481786727905,0.010942
2017-07-28,21.7534217834473,3.43217897415161,2.81902956962585,0.012412
2017-07-29,21.2484436035156,5.02402353286743,2.50848650932312,0.014045
2017-07-30,20.4651336669922,7.84464883804321,2.11730551719666,0.014045
2017-07-31,20.5352783203125,6.36721992492676,2.63755512237549,0.014045
2017-08-01,20.737247467041,2.42008543014526,2.2796003818512,0.008166
2017-08-02,21.3000564575195,2.43907070159912,2.68299317359924,0.008166
2017-08-03,22.1564273834229,0.719159364700317,2.76936054229736,0.008166
2017-08-04,23.189172744751,0.00277700740844011,3.60625314712524,0.008166
2017-08-05,22.6517391204834,0.0907495245337486,2.97691988945007,0.008166
2017-08-06,22.902515411377,0.944067716598511,3.05838441848755,0.010942
2017-08-07,21.8390846252441,1.94057774543762,2.77644801139832,0.010942
2017-08-08,21.6797657012939,0.23163104057312,2.92735838890076,0.008166
2017-08-09,22.8560562133789,0.496838182210922,3.04128813743591,0.008166
2017-08-10,23.4144287109375,0.103373885154724,3.24838876724243,0.008166
2017-08-11,22.0174407958984,0.532197058200836,2.86306643486023,0.010942
2017-08-12,21.9474830627441,1.88260936737061,2.78192400932312,0.010942
2017-08-13,21.5066776275635,1.47634744644165,2.73460721969605,0.008166
2017-08-14,20.9788208007813,0.485425919294357,3.00380444526672,0.008166
2017-08-15,21.2761611938477,0.529991090297699,2.65714335441589,0.02466
2017-08-16,22.1685104370117,0.0582555532455444,2.86794209480286,0.047034
2017-08-17,23.0223655700684,0.0824320316314697,3.23831725120544,0.052097
2017-08-18,23.1356639862061,0.210029348731041,3.03670287132263,0.052097
2017-08-19,22.6373157501221,1.31864893436432,2.58739542961121,0.047034
2017-08-20,23.9880504608154,0.314987510442734,3.09624457359314,0.047034
2017-08-21,23.8847522735596,0.264416068792343,3.28087377548218,0.052097
2017-08-22,23.3307113647461,1.71138334274292,2.85439682006836,0.052097
2017-08-23,22.5470428466797,3.85496520996094,2.88479232788086,0.008166
2017-08-24,22.8611831665039,3.48886942863464,3.24629545211792,0.008166
2017-08-25,22.2938327789307,2.51316380500793,3.40424060821533,0.008166
2017-08-26,21.293628692627,4.23539924621582,2.33244633674622,0.005716
2017-08-27,21.9866886138916,3.22379755973816,2.71618485450745,0.005716
2017-08-28,22.0362300872803,1.35180950164795,2.98765277862549,0.005716
2017-08-29,21.7239723205566,0.252503097057343,3.06450772285461,0.005716
2017-08-30,22.9479827880859,0.170135587453842,3.12016534805298,0.008166
2017-08-31,22.4424819946289,0.288174986839294,3.49357271194458,0.008166
2017-09-01,24.0738506317139,0.137077182531357,4.28901243209839,0.005716
2017-09-02,22.6881275177002,3.29939532279968,3.30271291732788,0.005716
2017-09-03,21.5123767852783,4.56048965454102,2.30423521995544,0.005716
2017-09-04,21.7099838256836,7.38576936721802,3.05653524398804,0.008166
2017-09-05,21.8810443878174,5.00549650192261,1.63253462314606,0.008166
2017-09-06,21.2449474334717,6.52816915512085,0.778437554836273,0.005716
2017-09-07,23.4480495452881,3.07638335227966,3.37604212760925,0.005716
2017-09-08,22.7610321044922,1.54823672771454,3.03908562660217,0.008166
2017-09-09,22.5474319458008,1.78518974781036,3.11776638031006,0.008166
2017-09-10,22.7727584838867,1.06192421913147,3.20457243919373,0.008166
2017-09-11,22.4135799407959,2.46989464759827,3.29705190658569,0.005716
2017-09-12,23.1056976318359,1.01645350456238,4.330650806427,0.005716
2017-09-13,22.6916637420654,2.17470383644104,3.57433605194092,0.005716
2017-09-14,22.529914855957,2.75916910171509,3.24323487281799,0.008166
2017-09-15,22.6497364044189,1.75940322875977,3.44933319091797,0.008166
2017-09-16,22.1492652893066,2.99021482467651,2.7142870426178,0.010942
2017-09-17,23.08815574646,5.96011638641357,2.50389361381531,0.010942
2017-09-18,22.5891704559326,2.75667548179626,3.39084649085999,0.010942
2017-09-19,22.7957954406738,3.79227423667908,2.89377522468567,0.014045
2017-09-20,23.2153491973877,1.16700100898743,3.87500429153442,0.014045
2017-09-21,22.9819774627686,1.0912172794342,3.22423267364502,0.017311
2017-09-22,22.9325485229492,0.963567197322845,3.495436668396,0.017311
2017-09-23,22.1335201263428,0.894783020019531,3.24512124061584,0.020904
2017-09-24,22.1569175720215,3.28262543678284,2.82327222824097,0.020904
2017-09-25,22.5157413482666,2.39258551597595,3.33484888076782,0.028743
2017-09-26,23.347095489502,1.36313366889954,3.53321194648743,0.028743
2017-09-27,24.3412609100342,1.87981200218201,3.80572271347046,0.032989
2017-09-28,24.7829875946045,0.311237096786499,3.74139547348022,0.042135
2017-09-29,24.2357368469238,1.03119111061096,3.65891933441162,0.037399
2017-09-30,24.9415950775147,1.13961029052734,4.50499677658081,0.037399
2017-10-01,25.0099067687988,0.290580719709396,4.19348430633545,0.010942
2017-10-02,24.1014003753662,0.255414843559265,3.55705952644348,0.010942
2017-10-03,25.4179611206055,0.0217805597931147,4.70001649856567,0.008166
2017-10-04,25.2827224731445,0.455629616975784,4.14090299606323,0.008166
2017-10-05,24.720890045166,1.68040525913239,3.91223406791687,0.005716
2017-10-06,24.0159301757813,3.93760991096497,3.75578546524048,0.005716
2017-10-07,24.026445388794,1.57453513145447,4.05776500701904,0.003593
2017-10-08,23.6439685821533,0.639030635356903,3.67603516578674,0.003593
2017-10-09,24.015214920044,0.362879574298859,3.6303231716156,0.003593
2017-10-10,23.4801387786865,0.566568374633789,4.29073333740234,0.005716
2017-10-11,24.2630405426025,0.123370178043842,4.82325220108032,0.005716
2017-10-12,24.6592750549316,0.0201374106109142,4.29557228088379,0.005716
2017-10-13,24.7361965179443,1.49817371368408,4.01863813400269,0.008166
2017-10-14,24.3560199737549,3.45008945465088,3.65747737884522,0.008166
2017-10-15,25.07981300354,3.60965275764465,3.81098628044128,0.010942
2017-10-16,24.2055473327637,0.18827548623085,4.33056926727295,0.007022
2017-10-17,23.8102378845215,2.12523460388184,3.9424946308136,0.005716
2017-10-18,24.0603713989258,2.24719095230103,3.46132040023804,0.005716
2017-10-19,24.8172588348389,2.53352928161621,4.45169448852539,0.003593
2017-10-20,25.7053413391113,1.54358220100403,4.36786508560181,0.003593
2017-10-21,26.898063659668,0.582717895507813,4.80878019332886,0.003593
2017-10-22,26.3303775787354,1.00579953193665,4.94773006439209,0.005716
2017-10-23,25.9093494415283,0.389345705509186,4.61250257492065,0.005716
2017-10-24,25.1990604400635,0.293157309293747,3.52729344367981,0.008166
2017-10-25,25.3634719848633,0.285520166158676,4.53345489501953,0.008166
2017-10-26,24.828275680542,0.718560814857483,3.43183636665344,0.010942
2017-10-27,25.8330078125,0.789911866188049,3.99738311767578,0.010942
2017-10-28,26.7785911560059,0.0604035668075085,5.23148918151856,0.010942
2017-10-29,26.90505027771,0.0316862165927887,5.44507694244385,0.008166
2017-10-30,26.7992725372315,0.228684902191162,5.46264410018921,0.008166
2017-10-31,25.8601913452148,0.200111582875252,3.38399410247803,0.008166
2017-11-01,26.4550228118897,0.242498904466629,3.76753830909729,0.010942
2017-11-02,26.6691627502441,1.44254899024963,4.31467056274414,0.010942
2017-11-03,23.8603553771973,9.75982093811035,1.08567941188812,0.008166
2017-11-04,25.8608493804932,9.0256519317627,4.27034378051758,0.008166
2017-11-05,26.0600662231445,1.96444070339203,4.41627597808838,0.008166
2017-11-06,25.7680416107178,0.58678126335144,3.84327745437622,0.010942
2017-11-07,25.3773193359375,3.28928112983704,2.94843053817749,0.010942
2017-11-08,25.6339015960693,3.1025767326355,4.13619136810303,0.010942
2017-11-09,25.3166198730469,1.75606548786163,4.01278352737427,0.010942
2017-11-10,26.1270732879639,0.383517682552338,4.33919954299927,0.008166
2017-11-11,27.2335681915283,0.0939156413078308,4.46693992614746,0.008166
2017-11-12,27.8355693817139,0.00189995451364666,5.06680393218994,0.008166
2017-11-13,28.3880157470703,1.78330862522125,4.32305812835693,0.005716
2017-11-14,26.5402851104736,8.60679340362549,3.81513237953186,0.005716
2017-11-15,25.0126781463623,8.25258636474609,3.42363095283508,0.008166
2017-11-16,25.5301208496094,4.53964900970459,4.54760551452637,0.003593
2017-11-17,24.5521774291992,3.10488390922546,3.81805062294006,0.003593
2017-11-18,24.9720439910889,3.08287024497986,4.09944677352905,0.00196
2017-11-19,25.7662944793701,0.148023366928101,3.79187035560608,0.00196
2017-11-20,26.9150733947754,1.07570660114288,4.35949850082397,0.00196
2017-11-21,26.3217372894287,0.395931124687195,5.1291561126709,0.00196
2017-11-22,27.2434597015381,0.668241024017334,5.28729963302612,0.003593
2017-11-23,27.5872039794922,0.0159537997096777,5.26326370239258,0.003593
2017-11-24,27.11083984375,0.332492053508759,4.76608562469482,0.003593
2017-11-25,25.9393768310547,2.85416412353516,3.80626440048218,0.005716
2017-11-26,26.1982650756836,2.18246507644653,4.80219554901123,0.005716
2017-11-27,25.6602649688721,1.56781756877899,5.00024890899658,0.003593
2017-11-28,25.9092960357666,0.193228036165237,5.4358377456665,0.003593
2017-11-29,26.358283996582,0.00234424881637096,5.22415447235107,0.003593
2017-11-30,27.6436939239502,0.0131731675937772,5.47180318832398,0.003593
2017-12-01,27.9334201812744,0.528140544891357,4.87938213348389,0.00196
2017-12-02,27.6965446472168,0.1523647159338,5.03908252716065,0.00196
2017-12-03,28.2034358978272,0.247549057006836,4.7404317855835,0.00196
2017-12-04,28.9203567504883,0.0952721610665321,5.67091751098633,0.003593
2017-12-05,29.0777587890625,0.0577304810285568,5.54947566986084,0.003593
2017-12-06,28.8185615539551,0.824193954467773,5.77663135528565,0.003593
2017-12-07,28.6518440246582,0.665704548358917,5.35841751098633,0.003593
2017-12-08,28.1599311828613,0.699991822242737,4.73667478561401,0.005716
2017-12-09,28.4470882415772,4.06494474411011,4.09799766540527,0.005716
2017-12-10,26.3542938232422,8.67669296264648,1.96773171424866,0.005716
2017-12-11,27.1532402038574,8.12079811096191,3.69438457489014,0.008166
2017-12-12,27.6974258422852,10.1423482894897,3.74152660369873,0.008166
2017-12-13,26.8214435577393,4.13423252105713,4.10479736328125,0.008166
2017-12-14,26.8076591491699,2.07342529296875,4.92897176742554,0.010942
2017-12-15,25.9670925140381,1.953040599823,4.40137910842896,0.010942
2017-12-16,25.475154876709,1.49219608306885,4.33355903625488,0.008166
2017-12-17,26.4760932922363,2.72680854797363,3.79764795303345,0.008166
2017-12-18,26.0485572814941,2.72839951515198,3.75985670089722,0.010942
2017-12-19,26.5758533477783,2.41330909729004,4.77837562561035,0.010942
2017-12-20,24.9600830078125,1.55061757564545,2.98125529289246,0.010942
2017-12-21,25.2549896240234,0.822182297706604,3.77095580101013,0.008166
2017-12-22,26.5816287994385,1.21890807151794,4.74519157409668,0.008166
2017-12-23,27.3110542297363,0.512246787548065,4.39848566055298,0.010942
2017-12-24,26.3197994232178,1.52274203300476,4.64478397369385,0.010942
2017-12-25,27.033727645874,0,5.59171772003174,0.010942
2017-12-26,26.8935565948486,0.0194032825529575,4.8418345451355,0.014045
2017-12-27,27.0719013214111,0.0428954772651196,4.96759796142578,0.014045
2017-12-28,26.4886608123779,0.000136778864543885,4.80916118621826,0.014045
2017-12-29,27.7740383148193,0.255034983158112,5.05423593521118,0.010942
2017-12-30,28.3274192810059,0.185466259717941,4.18547248840332,0.010942
2017-12-31,28.498556137085,0.0629130750894547,4.41413068771362,0.010942
2018-01-01,28.6106586456299,0.190437644720078,5.59695339202881,0.010942
2018-01-02,28.745662689209,0.628526091575623,5.5667405128479,0.010942
2018-01-03,28.6798934936523,0.101335011422634,5.56813287734985,0.010942
2018-01-04,28.2744140625,0.514637887477875,5.14573907852173,0.008166
2018-01-05,27.4495697021484,0.898463368415833,4.74770545959473,0.008166
2018-01-06,27.4826011657715,1.49034488201141,4.73821258544922,0.008166
2018-01-07,27.6301441192627,1.67702317237854,5.0217752456665,0.014045
2018-01-08,27.4474029541016,0.652325034141541,5.49144172668457,0.014045
2018-01-09,26.658805847168,2.83090376853943,4.2174072265625,0.014045
2018-01-10,26.6917171478272,4.48782444000244,3.32105779647827,0.010942
2018-01-11,25.4700756072998,3.00802326202393,3.27895998954773,0.010942
2018-01-12,27.4818649291992,0.901928544044495,5.20671319961548,0.008166
2018-01-13,26.7142372131348,1.53739702701569,3.71090030670166,0.008166
2018-01-14,27.84401512146,3.83056640625,4.67138147354126,0.005716
2018-01-15,28.5620994567871,1.62282276153564,6.23739719390869,0.005716
2018-01-16,27.4349822998047,0.98414820432663,5.39162015914917,0.005716
2018-01-17,27.0793476104736,0.42628288269043,5.09587669372559,0.005716
2018-01-18,27.300760269165,1.54186570644379,4.60083913803101,0.003593
2018-01-19,28.448205947876,1.78729343414307,5.69405651092529,0.003593
2018-01-20,28.1004734039307,0.72600269317627,5.27134037017822,0
2018-01-21,28.3872890472412,1.46665620803833,5.74011564254761,0
2018-01-22,27.6512928009033,0.0946091264486313,5.25305557250977,0
2018-01-23,28.4095268249512,0.328290164470673,6.05862331390381,0
2018-01-24,27.3900871276856,1.89701879024506,4.49803876876831,0
2018-01-25,27.5845527648926,0.122605845332146,5.61201572418213,0
2018-01-26,28.2091503143311,0.109639078378677,5.16016864776611,0
2018-01-27,28.365665435791,0.26434725522995,5.13991832733154,0
2018-01-28,28.6706485748291,0.927843451499939,4.52724170684815,0
2018-01-29,28.8786640167236,0.577849090099335,5.99109888076782,0
2018-01-30,28.7206649780273,0.567772030830383,5.1028733253479,0
2018-01-31,29.2993755340576,0.599863052368164,5.81304454803467,0
2018-02-01,29.5841960906982,1.41816139221191,5.73135280609131,0.00196
2018-02-02,29.3183250427246,0.681917428970337,5.49128723144531,0.00196
2018-02-03,28.761926651001,2.86515212059021,4.84889554977417,0.00196
2018-02-04,28.4665718078613,4.12825775146484,5.3982720375061,0.000653
2018-02-05,28.3356456756592,2.07128500938416,4.849693775177,0.000653
2018-02-06,28.6803035736084,0.480892181396484,4.93371677398682,0.000653
2018-02-07,27.3504848480225,9.16241455078125,2.12758350372314,0.000653
2018-02-08,27.3699855804443,14.4650382995605,3.64715647697449,0.00196
2018-02-09,27.9269905090332,5.03350639343262,4.59350728988648,0.00196
2018-02-10,27.4080772399902,3.66013431549072,4.7666974067688,0.00196
2018-02-11,26.6075553894043,1.67966079711914,5.06908130645752,0.005716
2018-02-12,26.5901393890381,1.50378751754761,4.36404752731323,0.005716
2018-02-13,26.8067131042481,1.22708714008331,4.23423051834106,0.005716
2018-02-14,26.5559139251709,2.3766348361969,4.53971481323242,0.005716
2018-02-15,26.7425575256348,2.69450259208679,3.35945439338684,0.003593
2018-02-16,27.130615234375,2.25940179824829,4.83083724975586,0.003593
2018-02-17,27.1151390075684,0.666018426418304,4.76019287109375,0.003593
2018-02-18,27.0419178009033,0.486126780509949,4.2610559463501,0.003593
2018-02-19,27.6260013580322,0.28160434961319,4.68666696548462,0.00196
2018-02-20,27.9714164733887,0.551028490066528,4.81365013122559,0.00196
2018-02-21,28.4060535430908,0.327097058296204,4.68390798568726,0.00196
2018-02-22,29.2352981567383,0.3261938393116,5.0533242225647,0.00196
2018-02-23,30.2653751373291,0.0873766466975212,5.09180927276611,0.000653
2018-02-24,29.4442577362061,0.240196973085403,5.20678949356079,0.000653
2018-02-25,28.5315723419189,1.92593145370483,5.1856632232666,0.000653
2018-02-26,27.7203807830811,0.21483513712883,4.97928428649902,0.000653
2018-02-27,28.3019504547119,1.21763050556183,5.13752794265747,0.00196
2018-02-28,27.7933006286621,0.926753163337708,4.50332593917847,0.00196
2018-03-01,28.1012134552002,0.835358142852783,4.68443489074707,0
2018-03-02,27.7887897491455,0.751148223876953,4.00442886352539,0
2018-03-03,28.6983261108398,0.995561122894287,4.79144191741943,0
2018-03-04,29.6815128326416,0.405592441558838,5.33315420150757,0
2018-03-05,29.6294784545898,0.00326465675607324,5.5715479850769,0
2018-03-06,30.9733829498291,0.0801873803138733,5.62450981140137,0
2018-03-07,31.1539001464844,2.62282705307007,4.39387083053589,0
2018-03-08,28.9437637329102,12.8320150375366,3.51161694526672,0
2018-03-09,28.5056648254395,6.08385324478149,3.59442591667175,0
2018-03-10,28.6870250701904,2.07761240005493,4.21090841293335,0
2018-03-11,28.9691028594971,2.11032509803772,3.50873160362244,0
2018-03-12,29.6070690155029,5.0781192779541,4.13259696960449,0
2018-03-13,27.6545791625977,9.25037479400635,3.04252147674561,0
2018-03-14,28.3838768005371,6.66296720504761,4.68447780609131,0
2018-03-15,28.1362419128418,4.39613723754883,4.70215129852295,0
2018-03-16,27.824670791626,1.27643501758575,4.95491790771484,0
2018-03-17,28.6545925140381,0.203829318284988,4.83144235610962,0
2018-03-18,27.8606243133545,1.6519216299057,4.56406116485596,0
2018-03-19,28.522928237915,0.735775351524353,4.77845573425293,0
2018-03-20,28.3859596252441,0.488916248083115,4.85582065582275,0
2018-03-21,28.869291305542,0.764651417732239,4.54447984695435,0
2018-03-22,29.3963623046875,0.927247405052185,5.28222465515137,0
2018-03-23,28.0626468658447,2.2029299736023,4.04594087600708,0
2018-03-24,26.5356407165527,9.66482448577881,2.8786244392395,0
2018-03-25,26.1129322052002,5.33778476715088,3.99361157417297,0
2018-03-26,26.0050354003906,3.56179547309876,3.23001074790955,0
2018-03-27,25.6816425323486,3.67628192901611,2.70871782302856,0
2018-03-28,26.1857032775879,5.33335208892822,3.63080072402954,0
2018-03-29,26.7467422485352,3.92485189437866,4.83612251281738,0
2018-03-30,26.1769886016846,2.69270944595337,4.03239917755127,0
2018-03-31,26.5726108551025,2.5718138217926,4.21397638320923,0
2018-04-01,27.0519847869873,1.74083364009857,4.12513208389282,0
2018-04-02,26.7859611511231,0.683501362800598,4.01117324829102,0
2018-04-03,27.7129535675049,0.0784827619791031,4.49964761734009,0
2018-04-04,28.1987361907959,0.150636121630669,4.49601602554321,0
2018-04-05,28.1792545318604,0.661591827869415,4.06121301651001,0
2018-04-06,27.8343238830566,0.557235777378082,4.41972970962524,0
2018-04-07,27.8783321380615,0.229605078697205,5.16329288482666,0
2018-04-08,28.2123870849609,0.275833606719971,4.7947154045105,0
2018-04-09,27.0054359436035,1.64859008789063,4.0008373260498,0
2018-04-10,26.4004096984863,0.634366631507874,4.26918888092041,0
2018-04-11,25.3774032592773,2.41408562660217,3.34464621543884,0
2018-04-12,25.9146137237549,5.92493009567261,2.40078401565552,0
2018-04-13,27.6184692382813,4.38257789611816,4.37275695800781,0
2018-04-14,26.580924987793,3.07102847099304,3.72225999832153,0
2018-04-15,26.9058589935303,2.0331084728241,4.47311496734619,0
2018-04-16,26.3820266723633,0.482371777296066,3.80811715126038,0
2018-04-17,25.6065559387207,2.39847111701965,3.34194302558899,0.008166
2018-04-18,25.8484725952148,3.99015951156616,3.2227668762207,0.008166
2018-04-19,25.2824211120605,4.28657293319702,2.69377017021179,0.010942
2018-04-20,25.3148288726807,8.89165496826172,2.3612642288208,0.014045
2018-04-21,24.6449279785156,23.0496883392334,1.80062031745911,0.014045
2018-04-22,25.8906326293945,4.86026287078857,3.354811668396,0.014045
2018-04-23,24.6877784729004,3.42077994346619,2.67813372612,0.014045
2018-04-24,25.4433784484863,4.85347318649292,2.63859391212463,0.017311
2018-04-25,24.7738094329834,6.96471691131592,1.92818999290466,0.020904
2018-04-26,25.4101543426514,4.76009654998779,3.04012179374695,0.020904
2018-04-27,25.4069938659668,2.70396113395691,3.02864933013916,0.02466
2018-04-28,25.9890251159668,5.04022407531738,3.59479451179504,0.02466
2018-04-29,25.4500045776367,3.28108954429626,3.22759604454041,0.028743
2018-04-30,25.2389335632324,2.69481325149536,2.78847146034241,0.028743
2018-05-01,25.334077835083,2.33159375190735,2.98511934280396,0.02466
2018-05-02,26.4670543670654,3.41851782798767,3.23544383049011,0.017311
2018-05-03,26.2549324035645,1.39965534210205,3.73313665390015,0.014045
2018-05-04,25.393684387207,3.06843829154968,3.02849125862122,0.010942
2018-05-05,25.386308670044,4.01763963699341,3.11851668357849,0.010942
2018-05-06,25.0627613067627,3.61975598335266,2.62830805778503,0.014045
2018-05-07,24.7991199493408,5.12698841094971,2.81729030609131,0.017311
2018-05-08,24.6141700744629,3.36695575714111,3.01414322853088,0.062876
2018-05-09,24.2981700897217,3.10240387916565,3.09254813194275,0.014045
2018-05-10,24.6262874603272,1.3481377363205,3.05645036697388,0.010942
2018-05-11,24.4683723449707,1.3336775302887,2.33966159820557,0.014045
2018-05-12,25.3353958129883,0.885099351406097,2.75993704795837,0.017311
2018-05-13,25.3780326843262,0.859814703464508,3.22037959098816,0.017311
2018-05-14,25.2247352600098,1.39334952831268,2.62803816795349,0.014045
2018-05-15,24.9861850738525,4.6403980255127,2.62648797035217,0.010942
2018-05-16,25.0686206817627,2.82479333877564,2.58385300636292,0.014045
2018-05-17,25.6360588073731,2.77666783332825,3.10005640983582,0.014045
2018-05-18,25.1650447845459,0.890309929847717,2.76887917518616,0.017311
2018-05-19,24.9619445800781,3.8674807548523,3.39592742919922,0.017311
2018-05-20,24.9247589111328,0.518441438674927,3.61043572425842,0.010942
2018-05-21,25.3869571685791,0.117508269846439,3.36628937721252,0.010942
2018-05-22,25.6206512451172,0.566500902175903,2.25249099731445,0.017311
2018-05-23,25.1740589141846,4.89688491821289,2.96400046348572,0.010942
2018-05-24,25.2814102172852,2.48762965202332,3.35709691047668,0.003593
2018-05-25,24.9058494567871,3.55889296531677,2.89698815345764,0.005716
2018-05-26,22.8475379943848,5.6700963973999,1.35426330566406,0.005716
2018-05-27,24.2669486999512,3.62088966369629,3.5399284362793,0.008166
2018-05-28,23.8789920806885,5.64451313018799,2.42578315734863,0.008166
2018-05-29,23.799617767334,6.74141597747803,2.21730160713196,0.008166
2018-05-30,23.2747783660889,5.3255033493042,2.42189693450928,0.010942
2018-05-31,23.3817195892334,3.86609506607056,2.40322303771973,0.010942
2018-06-01,23.7579879760742,2.94065976142883,2.44513583183289,0.014045
2018-06-02,25.2353763580322,4.73856782913208,2.02370285987854,0.014045
2018-06-03,24.9697704315186,5.24400806427002,2.17581367492676,0.014045
2018-06-04,24.1902103424072,4.53221082687378,2.16186928749084,0.010942
2018-06-05,23.6314659118652,5.48734474182129,2.09613037109375,0.010942
2018-06-06,23.3966197967529,5.93744564056397,2.6091673374176,0.008166
2018-06-07,23.6414127349854,2.96942949295044,2.64293813705444,0.008166
2018-06-08,25.0170917510986,1.21831274032593,2.40532040596008,0.008166
2018-06-09,25.1963195800781,0.984768450260162,2.36330890655518,0.010942
2018-06-10,24.9045600891113,1.61760056018829,2.7660551071167,0.010942
2018-06-11,24.1771011352539,3.26956486701965,2.64490008354187,0.010942
2018-06-12,24.0079402923584,2.40791058540344,2.37221240997314,0.010942
2018-06-13,24.2917327880859,1.95008873939514,2.71578025817871,0.008166
2018-06-14,24.286750793457,1.74634921550751,2.88372611999512,0.008166
2018-06-15,24.1851768493652,2.09221959114075,3.21240782737732,0.008166
2018-06-16,23.6329288482666,2.8300473690033,2.47202706336975,0.010942
2018-06-17,23.9778366088867,3.56356334686279,3.13258647918701,0.010942
2018-06-18,24.0163822174072,4.36378812789917,2.29212403297424,0.010942
2018-06-19,22.8905410766602,7.27512788772583,2.21091198921204,0.014045
2018-06-20,23.0224933624268,3.74343252182007,2.54485130310059,0.014045
2018-06-21,22.9600791931152,3.22765135765076,2.20336771011353,0.010942
2018-06-22,23.6524696350098,1.96273672580719,2.89789009094238,0.010942
2018-06-23,24.4332828521729,1.14195549488068,3.11476826667786,0.008166
2018-06-24,24.6080417633057,0.673081159591675,3.1329402923584,0.008166
2018-06-25,23.3567562103272,1.41473662853241,2.89113259315491,0.005716
2018-06-26,21.8481254577637,3.16436433792114,2.33487248420715,0.005716
2018-06-27,23.1740875244141,1.69448947906494,2.73641037940979,0.005716
2018-06-28,23.0919532775879,4.02968454360962,2.6456503868103,0.008166
2018-06-29,22.6529273986816,2.74874138832092,1.91293299198151,0.008166
2018-06-30,22.0004463195801,1.3908132314682,2.34383392333984,0.008166
2018-07-01,22.9502925872803,2.92560005187988,2.55779194831848,0.008166
2018-07-02,23.039083480835,1.75582814216614,2.14513039588928,0.008166
2018-07-03,23.1625633239746,1.79585421085358,2.24216938018799,0.010942
2018-07-04,23.0490760803223,1.44294726848602,2.63533997535706,0.010942
2018-07-05,23.239444732666,1.51991868019104,2.59524416923523,0.010942
2018-07-06,23.5117435455322,2.14413857460022,2.93128180503845,0.010942
2018-07-07,23.1476593017578,1.49144208431244,2.78308367729187,0.008166
2018-07-08,22.4558162689209,0.293367296457291,2.49850869178772,0.010942
2018-07-09,22.7801723480225,0.611919343471527,2.65698623657227,0.010942
2018-07-10,21.2754459381104,0.00835822056978941,2.23217630386353,0.008166
2018-07-11,22.887601852417,0.321183413267136,2.8282949924469,0.008166
2018-07-12,23.7359867095947,0.650337755680084,2.62136960029602,0.008166
2018-07-13,23.4640846252441,1.56918847560883,2.71775794029236,0.010942
2018-07-14,23.8086585998535,1.89541709423065,3.43324279785156,0.010942
2018-07-15,22.4589729309082,0.156775087118149,3.48107361793518,0.010942
2018-07-16,22.8407459259033,0.728858828544617,2.95225787162781,0.010942
2018-07-17,23.8692893981934,0.548826575279236,3.51613426208496,0.014045
2018-07-18,23.7649593353272,0.45814847946167,3.22595572471619,0.014045
2018-07-19,23.8524951934814,0.655710816383362,3.25566959381104,0.014045
2018-07-20,23.0931129455566,2.42708659172058,3.01990032196045,0.017311
2018-07-21,22.2940063476563,0.426167279481888,2.37429571151733,0.017311
2018-07-22,22.4059295654297,0.104475982487202,2.64450716972351,0.017311
2018-07-23,23.1247062683106,0.532526016235352,3.11853909492493,0.017311
2018-07-24,23.7651119232178,2.66749215126038,3.26888918876648,0.017311
2018-07-25,23.0955924987793,3.15186810493469,3.09973907470703,0.017311
2018-07-26,22.5021839141846,0.906925201416016,2.59376525878906,0.014045
2018-07-27,22.9554481506348,0.610751867294312,3.14309906959534,0.014045
2018-07-28,22.1502304077148,1.30893504619598,2.49372720718384,0.014045
2018-07-29,22.3884353637695,1.20608866214752,2.86327624320984,0.014045
2018-07-30,22.5373668670654,1.32688200473785,2.78250479698181,0.017311
2018-07-31,23.8650970458984,1.1459789276123,2.95118355751038,0.017311
2018-08-01,22.7576103210449,0.580054402351379,2.93060803413391,0.017311
2018-08-02,23.7444171905518,0.65333104133606,3.69869256019592,0.010942
2018-08-03,23.7169589996338,0.0744802430272102,3.2938220500946,0.008166
2018-08-04,23.0162887573242,0.471859812736511,2.6437771320343,0.008166
2018-08-05,23.9998569488525,0.0635970830917358,3.60986399650574,0.010942
2018-08-06,23.3003120422363,0.223297417163849,2.82186889648438,0.010942
2018-08-07,23.9621887207031,1.03784334659576,3.02278637886047,0.010942
2018-08-08,24.5512733459473,0.71194863319397,3.22696614265442,0.017311
2018-08-09,24.7074089050293,1.45387232303619,3.18771171569824,0.017311
2018-08-10,24.2595043182373,0.187273427844048,3.02284741401672,0.017311
2018-08-11,24.7403221130371,0.301416248083115,3.69952344894409,0.017311
2018-08-12,25.2355060577393,0.250398427248001,4.11580610275269,0.014045
2018-08-13,26.3280410766602,0.490529596805573,2.96346569061279,0.014045
2018-08-14,25.268913269043,3.12452793121338,2.84143590927124,0.014045
2018-08-15,24.8853855133057,2.56490111351013,3.03323578834534,0.017311
2018-08-16,24.7737064361572,0.699220359325409,4.31916475296021,0.017311
2018-08-17,24.9871959686279,0.0651619806885719,3.77189636230469,0.017311
2018-08-18,23.7952117919922,0.961578726768494,3.28463363647461,0.017311
2018-08-19,23.8100318908691,4.25065279006958,3.03232145309448,0.017311
2018-08-20,23.2459697723389,2.1969268321991,2.6925847530365,0.014045
2018-08-21,24.0871047973633,1.04753017425537,3.27328181266785,0.010942
2018-08-22,23.0322818756104,2.17892527580261,3.09554386138916,0.010942
2018-08-23,25.0020904541016,1.29213869571686,3.94380831718445,0.008166
2018-08-24,24.4043827056885,2.1824426651001,3.66085505485535,0.008166
2018-08-25,22.7103233337402,0.926488220691681,2.73896646499634,0.010942
2018-08-26,22.9922752380371,1.34931218624115,3.3986394405365,0.010942
2018-08-27,23.6787414550781,2.22178077697754,3.26001191139221,0.014045
2018-08-28,23.0124702453613,5.56378889083862,2.67259693145752,0.014045
2018-08-29,23.202672958374,4.04928112030029,3.30401635169983,0.014045
2018-08-30,22.3339862823486,2.47330904006958,2.89417600631714,0.017311
2018-08-31,23.6104583740234,1.70265197753906,3.95975375175476,0.017311
2018-09-01,23.0066299438477,0.243038430809975,4.11307430267334,0.017311
2018-09-02,23.289026260376,0.298818826675415,3.16930222511292,0.017311
2018-09-03,23.2147464752197,0.428156644105911,3.02777934074402,0.017311
2018-09-04,24.7795505523682,0.0143204350024462,3.14863634109497,0.017311
2018-09-05,25.4191093444824,0,4.675133228302,0.017311
2018-09-06,24.4527683258057,0.119062572717667,3.45124888420105,0.017311
2018-09-07,23.6104183197022,3.03264403343201,2.69112324714661,0.014045
2018-09-08,23.0445747375488,9.36041736602783,3.22976779937744,0.014045
2018-09-09,23.4778881072998,3.85451769828796,3.36332082748413,0.014045
2018-09-10,23.8974208831787,1.29664695262909,3.4494526386261,0.014045
2018-09-11,23.1172657012939,1.01818203926086,3.12364768981934,0.010942
2018-09-12,23.9647789001465,0.123093612492085,5.01495599746704,0.010942
2018-09-13,23.6270694732666,0.443226844072342,4.0431661605835,0.010942
2018-09-14,23.0366973876953,0.586749494075775,3.23041200637817,0.010942
2018-09-15,23.0301151275635,0.0572774969041348,3.42700529098511,0.010942
2018-09-16,26.5796337127686,0.00484451232478023,4.95748615264893,0.010942
2018-09-17,26.7983379364014,1.18422794342041,4.47873497009277,0.010942
2018-09-18,27.1669979095459,0.122509472072124,4.73870658874512,0.008166
2018-09-19,26.5929183959961,0.809103965759277,4.3436713218689,0.008166
2018-09-20,26.8207702636719,1.28965938091278,4.61366939544678,0.008166
2018-09-21,26.8654346466064,0.311965107917786,4.55553245544434,0.005716
2018-09-22,25.6197147369385,0.398642748594284,3.80599641799927,0.005716
2018-09-23,25.7359943389893,1.85045862197876,3.6580216884613,0.005716
2018-09-24,25.6192989349365,0.484910398721695,3.9477653503418,0.005716
2018-09-25,26.3561115264893,0.0984487384557724,4.74322462081909,0.005716
2018-09-26,26.137041091919,0.297834664583206,4.28021287918091,0.005716
2018-09-27,25.9990768432617,1.17837250232697,4.04620885848999,0.005716
2018-09-28,26.6094398498535,0.128317207098007,4.33925771713257,0.010942
2018-09-29,27.0761489868164,0.0408666282892227,4.64582061767578,0.010942
2018-09-30,26.7693576812744,0.920251309871674,4.46585369110107,0.010942
2018-10-01,26.8662090301514,0.283256351947784,4.69236040115356,0.008166
2018-10-02,25.0647525787354,0.858249068260193,3.31580185890198,0.008166
2018-10-03,26.1521549224854,0.29870817065239,4.37620544433594,0.010942
2018-10-04,27.0608520507813,0.42907577753067,4.51846885681152,0.010942
2018-10-05,26.323938369751,0.0698410868644714,4.44787549972534,0.010942
2018-10-06,25.9534549713135,1.36584103107452,3.96735572814941,0.010942
2018-10-07,25.7231559753418,1.42178618907928,4.25872755050659,0.008166
2018-10-08,26.5704021453857,0.768826961517334,4.86284685134888,0.008166
2018-10-09,27.3339290618897,0.250056833028793,5.38809776306152,0.008166
2018-10-10,26.2343120574951,0.015869252383709,4.85118055343628,0.010942
2018-10-11,26.0650138854981,0.186175391077995,4.66934728622437,0.010942
2018-10-12,27.0461578369141,0.0803689211606979,5.02171325683594,0.010942
2018-10-13,26.7532367706299,0.303745657205582,4.22542381286621,0.008166
2018-10-14,27.7239398956299,0.571788132190704,4.97776603698731,0.008166
2018-10-15,27.7989902496338,0.00881170853972435,4.59929943084717,0.008166
2018-10-16,28.0473518371582,0.293063551187515,4.67458772659302,0.010942
2018-10-17,26.7845439910889,0.910510540008545,4.64086532592773,0.010942
2018-10-18,27.4209117889404,0.689725816249847,3.96071195602417,0.010942
2018-10-19,27.7424297332764,0.652499198913574,4.29046440124512,0.010942
2018-10-20,28.3530292510986,0.269300788640976,5.50895738601685,0.014045
2018-10-21,23.6619834899902,3.06399202346802,1.9539487361908,0.014045
2018-10-22,23.2299537658691,3.20993137359619,1.77653098106384,0.014045
2018-10-23,24.2243309020996,6.61982870101929,1.77835857868195,0.014045
2018-10-24,26.0759429931641,4.99919509887695,2.50150227546692,0.010942
2018-10-25,26.5209770202637,1.21633636951447,5.32337522506714,0.010942
2018-10-26,27.5418796539307,0.549187302589417,5.14724779129028,0.010942
2018-10-27,28.5673885345459,0.447880059480667,5.28304147720337,0.008166
2018-10-28,28.1497917175293,0.533414840698242,5.18393993377686,0.008166
2018-10-29,27.1159629821777,3.01444697380066,3.62319540977478,0.008166
2018-10-30,28.0350227355957,2.03685927391052,5.10822200775147,0.008166
2018-10-31,27.9015560150147,0.24437803030014,4.85867357254028,0.008166
2018-11-01,27.8937282562256,0.238688513636589,4.84641599655151,0.008166
2018-11-02,27.1901798248291,0.0745621472597122,5.30410051345825,0.008166
2018-11-03,27.8509826660156,0.48324179649353,4.92917108535767,0.008166
2018-11-04,28.0296859741211,0.308759599924088,4.70858907699585,0.008166
2018-11-05,27.0752220153809,0.0112181706354022,4.21522188186646,0.010942
2018-11-06,27.2726097106934,0.691220760345459,5.33540391921997,0.010942
2018-11-07,26.9639129638672,0.911799848079681,5.07939147949219,0.010942
2018-11-08,27.0456714630127,1.46432042121887,4.43413305282593,0.010942
2018-11-09,27.2675552368164,0.91334992647171,5.02952194213867,0.010942
2018-11-10,27.0749168395996,0.548137664794922,4.35940837860107,0.010942
2018-11-11,27.4668941497803,0.301752328872681,4.53545522689819,0.008166
2018-11-12,27.2470703125,0.903777897357941,3.33459043502808,0.008166
2018-11-13,27.6751537322998,1.22216629981995,5.35756826400757,0.008166
2018-11-14,27.7266139984131,0.152157843112946,4.71877765655518,0.008166
2018-11-15,26.8393459320068,0.278667598962784,4.35307264328003,0.010942
2018-11-16,27.8947715759277,0.847652971744537,5.3776478767395,0.010942
2018-11-17,27.9716129302979,0.279812723398209,5.71081781387329,0.010942
2018-11-18,27.9879093170166,0.214009001851082,5.45093011856079,0.010942
2018-11-19,27.6654777526856,1.21373081207275,5.42962789535523,0.008166
2018-11-20,28.069507598877,0.164383143186569,5.67717027664185,0.008166
2018-11-21,26.9216327667236,1.19649696350098,4.77295589447022,0.008166
2018-11-22,27.1437358856201,1.27242136001587,5.15330410003662,0.008166
2018-11-23,26.4953155517578,1.88353681564331,4.32366561889648,0.008166
2018-11-24,26.9361209869385,2.66049790382385,4.75882196426392,0.014045
2018-11-25,27.1735382080078,2.39166188240051,3.87135076522827,0.014045
2018-11-26,24.8852043151856,7.82888793945313,1.77501356601715,0.017311
2018-11-27,24.2164573669434,9.20326137542725,2.34349131584168,0.017311
2018-11-28,25.322135925293,4.11884498596191,3.99522924423218,0.017311
2018-11-29,26.1941108703613,3.92308902740479,4.16578483581543,0.017311
2018-11-30,26.7788181304932,4.10869407653809,3.95867276191711,0.017311
2018-12-01,27.4905605316162,3.07971739768982,4.6475248336792,0.017311
2018-12-02,27.1051692962647,9.10994911193848,2.63758182525635,0.017311
2018-12-03,26.9818325042725,16.8770790100098,2.82802391052246,0.017311
2018-12-04,25.2014408111572,17.6917152404785,1.47710204124451,0.014045
2018-12-05,25.8704738616943,5.8379020690918,2.79515337944031,0.014045
2018-12-06,27.2089023590088,3.75137734413147,4.3185887336731,0.010942
2018-12-07,27.7340183258057,2.46964287757874,5.08422756195068,0.010942
2018-12-08,27.4165458679199,2.0310115814209,5.47396898269653,0.010942
2018-12-09,25.9798717498779,4.83338022232056,3.30678844451904,0.008166
2018-12-10,25.6935997009277,8.55896091461182,3.11992239952087,0.008166
2018-12-11,26.6286926269531,5.67143249511719,4.31631517410278,0.008166
2018-12-12,26.5435752868652,2.76900672912598,4.50833511352539,0.005716
2018-12-13,26.1021862030029,3.26322317123413,4.13233137130737,0.005716
2018-12-14,26.0881786346436,0.937798619270325,4.73669767379761,0.005716
2018-12-15,25.5200481414795,0.998000979423523,4.3163743019104,0.008166
2018-12-16,26.3644580841065,0.77351039648056,5.42208099365234,0.008166
2018-12-17,24.6012363433838,0.164927914738655,3.8566267490387,0.005716
2018-12-18,26.3327007293701,0.150853082537651,4.24843692779541,0.010942
2018-12-19,26.7086563110352,0.171714067459106,5.30973386764526,0.010942
2018-12-20,26.5654811859131,0.351305246353149,5.52355337142944,0.008166
2018-12-21,26.019510269165,0.0831784531474114,5.63765048980713,0.008166
2018-12-22,26.9505672454834,0.0405471436679363,5.44823169708252,0.008166
2018-12-23,27.9724712371826,0.136091977357864,5.06060647964478,0.010942
2018-12-24,27.3936138153076,7.65807104110718,3.82289457321167,0.010942
2018-12-25,27.5313014984131,6.48301839828491,4.83213520050049,0.010942
2018-12-26,27.1002254486084,0.148807629942894,5.67319202423096,0.014045
2018-12-27,27.0125732421875,0.262475699186325,5.86776399612427,0.014045
2018-12-28,27.9245262145996,0.26052987575531,5.60487604141235,0.014045
2018-12-29,28.7292251586914,0.533547878265381,5.01294326782227,0.014045
2018-12-30,27.6556758880615,0.144583120942116,5.33997821807861,0.014045
2018-12-31,27.8801746368408,0.129104748368263,5.33293724060059,0.014045
2019-01-01,29.1525115966797,0.514675617218018,5.58334875106812,
2019-01-02,28.6818828582764,1.07717561721802,5.31732225418091,
2019-01-03,27.9481029510498,0.951948344707489,5.24693870544434,
2019-01-04,28.2016735076904,0.00757909007370472,5.41838264465332,
2019-01-05,28.7911624908447,0.0547134019434452,5.81116104125977,
2019-01-06,27.783224105835,1.1787987947464,4.13641691207886,
2019-01-07,26.7344074249268,1.17135512828827,3.92944598197937,
2019-01-08,26.5286846160889,1.29030501842499,4.63755989074707,
2019-01-09,27.0504989624023,0.859483301639557,4.53146553039551,
2019-01-10,27.8987922668457,2.12338805198669,4.74543142318726,
2019-01-11,27.3620758056641,0.908579707145691,4.71210479736328,
2019-01-12,28.4895858764648,0.483572483062744,5.59845161437988,
2019-01-13,28.6634731292725,0.273436218500137,5.19850730895996,
2019-01-14,29.1575469970703,0.319878846406937,5.61669683456421,
2019-01-15,28.0722999572754,0.384431183338165,4.55325555801392,
2019-01-16,28.1035003662109,0.124183036386967,6.00805902481079,
2019-01-17,28.2217216491699,1.08745098114014,4.26942777633667,
2019-01-18,27.7863788604736,0.314707100391388,4.9111065864563,
2019-01-19,29.2522201538086,0.329886972904205,6.17757749557495,
2019-01-20,29.5655918121338,0.01117286644876,5.85246467590332,
2019-01-21,29.7259826660156,0.13024577498436,5.59183502197266,
2019-01-22,29.1693458557129,0.581618189811707,6.29440259933472,
2019-01-23,28.6093845367432,0.840179562568665,4.76190662384033,
2019-01-24,28.927526473999,2.50791692733765,4.93274641036987,
2019-01-25,29.2474060058594,0.924414217472076,5.59973955154419,
2019-01-26,29.0331077575684,0.206854790449142,5.37093162536621,
2019-01-27,28.5839748382568,0.240198403596878,5.92174863815308,
2019-01-28,27.8193645477295,7.86367511749268,4.12660455703735,
2019-01-29,27.8504867553711,3.86101341247559,4.87116479873657,
2019-01-30,28.0738506317139,0.990270733833313,5.54749441146851,
2019-01-31,29.0803089141846,2.42199444770813,5.17700338363648,
2019-02-01,29.0047950744629,0.0959811583161354,4.62408638000488,
2019-02-02,29.1238040924072,0.413239508867264,4.71689176559448,
2019-02-03,30.1438236236572,0.725523591041565,5.59384441375732,
2019-02-04,30.3828239440918,0.00692118844017386,5.84287405014038,
2019-02-05,30.981653213501,1.10623466968536,5.3244423866272,
2019-02-06,29.3125953674316,5.7170262336731,3.71099400520325,
2019-02-07,29.32639503479,4.75242757797241,5.15871286392212,
2019-02-08,29.9793281555176,1.27272570133209,6.07377767562866,
2019-02-09,28.1285877227783,2.57853317260742,4.64876365661621,
2019-02-10,29.8855972290039,2.55411124229431,5.46864223480225,
2019-02-11,30.0995292663574,0.475095927715302,6.36502885818481,
2019-02-12,30.2235317230225,0.122246578335762,6.52835988998413,
2019-02-13,29.6454010009766,0.147001579403877,5.67737770080566,
2019-02-14,30.4155788421631,0.25830951333046,5.04811477661133,
2019-02-15,30.2264652252197,0.10476628690958,4.53390789031982,
2019-02-16,30.6270427703857,0.770133078098297,5.38624238967896,
2019-02-17,30.5944862365723,7.16376733779907,4.8581428527832,
2019-02-18,29.6616897583008,11.042706489563,4.66137838363648,
2019-02-19,29.5244102478027,3.05514550209045,5.19951486587524,
2019-02-20,28.7582130432129,0.548106849193573,5.34571838378906,
2019-02-21,29.6209983825684,0.70466160774231,5.5774393081665,
2019-02-22,30.6325931549072,1.76277160644531,5.96254682540894,
2019-02-23,29.7567863464356,1.0527206659317,5.45011377334595,
2019-02-24,30.7808399200439,0.0140032302588224,5.22773551940918,
2019-02-25,30.5787620544434,0.382126778364182,5.4025297164917,
2019-02-26,30.7030601501465,0.918736100196838,5.19785928726196,
2019-02-27,30.825023651123,0.920042812824249,5.3255467414856,
2019-02-28,31.0231971740723,0.216449424624443,5.65237617492676,
2019-03-01,29.6439533233643,0.391114711761475,4.93196678161621,
2019-03-02,29.3125247955322,0.822581052780151,4.89196300506592,
2019-03-03,29.759651184082,0.721376597881317,4.77636861801148,
2019-03-04,29.0406475067139,2.79340052604675,3.97661066055298,
2019-03-05,28.6613922119141,3.04768919944763,4.43040132522583,
2019-03-06,28.9567832946777,1.5821521282196,5.41462230682373,
2019-03-07,29.4213733673096,2.2681097984314,5.3989405632019,
2019-03-08,29.3576240539551,0.202682927250862,5.4536018371582,
2019-03-09,29.673023223877,0.628953158855438,5.71878147125244,
2019-03-10,30.0750141143799,0.0175791252404451,5.68954038619995,
2019-03-11,29.3798065185547,0.275214731693268,5.56256055831909,
2019-03-12,30.2143745422363,0.425566703081131,5.96449136734009,
2019-03-13,30.8658828735352,0.606873571872711,5.81335878372192,
2019-03-14,28.7952632904053,3.70627546310425,3.4592502117157,
2019-03-15,29.9241962432861,1.42537581920624,5.2806248664856,
2019-03-16,28.2255916595459,0.904255151748657,5.9386739730835,
2019-03-17,29.4377002716064,0,5.37353134155273,
2019-03-18,30.7811813354492,0.0181296933442354,5.44126653671265,
2019-03-19,30.4691619873047,0.000371610512956977,5.13673734664917,
2019-03-20,31.6524410247803,1.8594765663147,5.49251079559326,
2019-03-21,28.8733921051025,6.31442785263062,3.3634672164917,
2019-03-22,29.6411819458008,11.2435302734375,3.87149810791016,
2019-03-23,27.0457344055176,16.3467273712158,2.25331830978394,
2019-03-24,26.8868808746338,15.074369430542,2.40185642242432,
2019-03-25,25.5910758972168,29.2054042816162,1.54909026622772,
2019-03-26,27.153299331665,16.3722095489502,3.92376232147217,
2019-03-27,26.3382930755615,15.0523796081543,2.80314183235168,
2019-03-28,26.920108795166,15.0245218276978,4.22201204299927,
2019-03-29,26.9039707183838,6.61334657669067,3.79379463195801,
2019-03-30,26.4523620605469,6.58480072021484,3.57980155944824,
2019-03-31,26.7304935455322,8.94235324859619,3.13450503349304,
2019-04-01,26.2057094573975,7.09520864486694,3.45717263221741,
2019-04-02,26.6908836364746,12.186785697937,3.18505525588989,
2019-04-03,27.0935802459717,7.46136426925659,3.38025403022766,
2019-04-04,26.8632202148438,4.66126155853272,3.13745713233948,
2019-04-05,27.4876976013184,4.45248556137085,3.66842794418335,
2019-04-06,26.9619216918945,2.86756253242493,3.90388178825378,
2019-04-07,27.0882549285889,2.85998678207397,3.59267377853394,
2019-04-08,27.0481605529785,2.62533092498779,3.63170766830444,
2019-04-09,27.15989112854,3.88910984992981,3.91479706764221,
2019-04-10,27.3338298797607,1.68724763393402,4.04167127609253,
2019-04-11,27.2733402252197,1.33706831932068,3.52694916725159,
2019-04-12,26.7221565246582,5.95153665542603,3.52917003631592,
2019-04-13,27.4611053466797,3.36730265617371,4.3777642250061,
2019-04-14,26.5409736633301,1.95514392852783,3.52080535888672,
2019-04-15,26.9995784759522,1.25104570388794,4.0115966796875,
2019-04-16,26.212287902832,4.05729150772095,2.07957887649536,
2019-04-17,26.9243717193604,5.14931535720825,3.47901129722595,
2019-04-18,27.5396633148193,1.82630026340485,3.38736033439636,
2019-04-19,27.6044673919678,0.0743711441755295,4.18672609329224,
2019-04-20,27.164083480835,0.958494424819946,4.36318635940552,
2019-04-21,27.8383274078369,1.71729457378387,3.5731258392334,
2019-04-22,27.5999393463135,2.47096800804138,4.34180355072022,
2019-04-23,27.2838268280029,6.84248161315918,3.21604943275452,
2019-04-24,26.3582191467285,4.06610584259033,3.5779721736908,
2019-04-25,25.7061424255371,2.62594127655029,3.5419294834137,
2019-04-26,26.4888572692871,1.48454320430756,3.57935309410095,
2019-04-27,26.2899036407471,1.89249646663666,3.63344097137451,
2019-04-28,26.4566764831543,1.74669218063355,3.30315136909485,
2019-04-29,26.8593215942383,0.875773072242737,4.40724897384644,
2019-04-30,27.5201511383057,0.485903054475784,4.27543354034424,
2019-05-01,27.3947200775147,1.90926682949066,3.1408269405365,
2019-05-02,27.0052070617676,2.63354396820068,3.84231996536255,
2019-05-03,26.6951560974121,0.945729553699493,3.57727789878845,
2019-05-04,26.8512268066406,1.30057871341705,3.23853611946106,
2019-05-05,25.9406204223633,1.12608194351196,3.14291143417358,
2019-05-06,26.1690235137939,0.779009521007538,3.11032485961914,
2019-05-07,24.9431877136231,0.74314957857132,2.59740805625916,
2019-05-08,26.9861660003662,0.897625267505646,3.08677196502686,
2019-05-09,25.9810218811035,2.45107531547546,2.34926724433899,
2019-05-10,25.578987121582,5.90771102905273,2.48255324363709,
2019-05-11,24.4669246673584,10.7811460494995,1.62172210216522,
2019-05-12,25.5600833892822,7.68291807174683,2.89908838272095,
2019-05-13,25.8382549285889,6.14353656768799,2.63787698745728,
2019-05-14,25.7698860168457,3.10595393180847,2.27036428451538,
2019-05-15,26.2491264343262,1.98576426506042,3.03977537155151,
2019-05-16,25.5574703216553,1.61034607887268,3.01803421974182,
2019-05-17,25.8634204864502,1.7031215429306,2.80903148651123,
2019-05-18,25.7948875427246,2.66703486442566,2.95539259910584,
2019-05-19,25.2715492248535,1.35567677021027,2.76374626159668,
2019-05-20,26.0524711608887,2.05075573921204,2.86517524719238,
2019-05-21,25.9990634918213,2.14602422714233,2.81049990653992,
2019-05-22,25.9588661193848,3.49803709983826,2.61106729507446,
2019-05-23,26.2725524902344,2.79685807228088,3.30124735832214,
2019-05-24,27.03981590271,0.651566803455353,3.68513870239258,
2019-05-25,25.8717823028564,0.372955352067947,3.91173458099365,
2019-05-26,25.8836498260498,0.00492129940539599,3.53276944160461,
2019-05-27,25.7088756561279,1.65376138687134,3.31386303901672,
2019-05-28,25.6207027435303,2.00862312316895,2.80867648124695,
2019-05-29,25.9164505004883,1.67296934127808,2.97448635101318,
2019-05-30,25.7555313110352,1.94074630737305,2.7545747756958,
2019-05-31,25.5791435241699,1.50810432434082,3.24477434158325,
2019-06-01,24.4990119934082,3.20629787445068,2.80225276947022,
2019-06-02,26.1988964080811,2.32260251045227,2.96451854705811,
2019-06-03,25.8181743621826,0.526026725769043,3.48676419258118,
2019-06-04,25.6678409576416,0.0131556550040841,3.27658200263977,
2019-06-05,24.1170253753662,0.851864457130432,3.53842449188232,
2019-06-06,21.898063659668,25.0696468353272,0.450858861207962,
2019-06-07,23.8894596099854,15.1749534606934,2.71188163757324,
2019-06-08,23.5195808410645,3.22274875640869,2.48034977912903,
2019-06-09,23.8823852539063,5.11984586715698,2.20935988426209,
2019-06-10,23.6727161407471,12.839524269104,1.98750913143158,
2019-06-11,23.821231842041,4.62289476394653,2.61224412918091,
2019-06-12,23.3890228271484,4.16317892074585,2.34008884429932,
2019-06-13,23.9758262634277,5.53750801086426,2.25337862968445,
2019-06-14,24.0642013549805,2.5947368144989,2.80331563949585,
2019-06-15,23.7442970275879,1.57807171344757,2.89294052124023,
2019-06-16,23.1667137145996,2.07221436500549,2.55846333503723,
2019-06-17,23.9330444335938,5.27301931381226,2.29647731781006,
2019-06-18,23.5112056732178,4.70819473266602,2.17074847221375,
2019-06-19,23.2440853118897,3.18015909194946,1.96411180496216,
2019-06-20,24.0974197387695,4.24213600158691,2.67485094070435,
2019-06-21,23.4578037261963,3.47328948974609,2.8100163936615,
2019-06-22,23.30224609375,3.7596640586853,2.41542387008667,
2019-06-23,23.6945171356201,4.53809261322022,2.14851760864258,
2019-06-24,23.4403209686279,4.57787084579468,2.19986462593079,
2019-06-25,22.580888748169,4.71790599822998,1.97876191139221,
2019-06-26,24.1206378936768,2.91261720657349,3.10010766983032,
2019-06-27,23.3298263549805,2.82718896865845,2.88799643516541,
2019-06-28,22.6130447387695,2.2313494682312,2.55458450317383,
2019-06-29,23.435115814209,1.25726664066315,2.58546495437622,
2019-06-30,23.6960296630859,4.09724855422974,2.72442531585693,
2019-07-01,23.7922325134277,2.00601530075073,3.21022915840149,
2019-07-02,23.3417491912842,0.812521457672119,2.27934837341309,
2019-07-03,23.5911560058594,0.153550162911415,3.26075458526611,
2019-07-04,25.1538867950439,0.00915638729929924,3.20386171340942,
2019-07-05,25.7995452880859,0.013633294031024,2.83370232582092,
2019-07-06,26.2193069458008,0.479944854974747,3.76673913002014,
2019-07-07,23.5183181762695,8.48566055297852,1.83847033977509,
2019-07-08,22.1079273223877,16.8751010894775,2.03951549530029,
2019-07-09,21.4714431762695,12.7243909835815,1.70367658138275,
2019-07-10,22.2358741760254,4.20153331756592,1.92763876914978,
2019-07-11,22.5641479492188,2.57462406158447,2.50397205352783,
2019-07-12,22.3515796661377,2.70959424972534,2.09936141967773,
2019-07-13,22.5140151977539,2.02121448516846,2.4707019329071,
2019-07-14,22.8820133209229,0.989125728607178,2.50900363922119,
2019-07-15,22.6409416198731,0.446346074342728,2.47190499305725,
2019-07-16,22.3189468383789,0.344084739685059,3.40387725830078,
2019-07-17,22.3251399993897,0.724129736423492,3.25806832313538,
2019-07-18,21.2436256408691,3.07971119880676,1.19655287265778,
2019-07-19,22.1776924133301,3.94753766059876,2.8890860080719,
2019-07-20,21.380521774292,2.93234062194824,2.54111933708191,
2019-07-21,21.9442520141602,3.49800276756287,2.35716152191162,
2019-07-22,21.703540802002,4.33136415481567,2.47447729110718,
2019-07-23,23.0226192474365,4.17627954483032,2.49276614189148,
2019-07-24,23.4579620361328,3.03933429718018,2.82589602470398,
2019-07-25,22.8742790222168,3.61704993247986,2.63729119300842,
2019-07-26,22.0623836517334,3.65955567359924,2.98110413551331,
2019-07-27,22.2157020568848,2.80220222473145,2.72488951683044,
2019-07-28,22.4225330352783,2.59114360809326,2.36983013153076,
2019-07-29,21.2752571105957,2.14075946807861,2.16222596168518,
2019-07-30,21.9765872955322,2.39465999603272,1.57710027694702,
2019-07-31,22.0122890472412,0.963403284549713,2.82190203666687,
2019-08-01,22.1550827026367,0.807047009468079,3.01320767402649,
2019-08-02,22.9503307342529,0.72007817029953,2.6605658531189,
2019-08-03,21.5577869415283,0.455734819173813,2.75329828262329,
2019-08-04,21.9581527709961,1.89395904541016,2.72509241104126,
2019-08-05,24.2715225219727,2.66280746459961,3.71445918083191,
2019-08-06,22.9542465209961,1.34848153591156,2.71214556694031,
2019-08-07,22.6409683227539,0.8421311378479,2.57907152175903,
2019-08-08,22.9359760284424,1.20447778701782,4.17622995376587,
2019-08-09,22.6466655731201,2.32754230499268,2.32070469856262,
2019-08-10,23.5056228637695,5.35916185379028,2.38239216804504,
2019-08-11,23.5893821716309,3.40838360786438,2.78296995162964,
2019-08-12,23.8060111999512,2.15060472488403,2.81927633285522,
2019-08-13,21.3124179840088,3.11068463325501,2.36678981781006,
2019-08-14,23.338996887207,1.50945830345154,3.56196641921997,
2019-08-15,22.0208301544189,2.46236729621887,3.07240700721741,
2019-08-16,22.9136581420898,6.08759641647339,2.97038102149963,
2019-08-17,22.0727787017822,4.21708297729492,2.44659876823425,
2019-08-18,23.1303691864014,4.93331861495972,2.19033312797546,
2019-08-19,24.109058380127,3.42716002464294,3.3075795173645,
2019-08-20,23.5291290283203,1.0161429643631,3.19316101074219,
2019-08-21,23.3729858398438,0.2488112449646,3.51369738578796,
2019-08-22,22.7030792236328,0.623790323734283,3.85881185531616,
2019-08-23,22.9704399108887,1.10248970985413,2.46576952934265,
2019-08-24,23.0021800994873,2.22658920288086,3.08362460136414,
2019-08-25,23.2245216369629,3.32612657546997,3.06829905509949,
2019-08-26,23.5669288635254,3.53405785560608,3.29546594619751,
2019-08-27,23.4347381591797,1.67895698547363,3.85150861740112,
2019-08-28,22.2116622924805,1.78788220882416,3.08542799949646,
2019-08-29,21.7743911743164,7.5957727432251,2.04188466072083,
2019-08-30,22.2651290893555,11.217583656311,2.76131415367126,
2019-08-31,22.7122020721436,4.32712268829346,3.14360022544861,
2019-09-01,23.2076511383057,2.97299838066101,3.23171734809876,
2019-09-02,24.2712574005127,2.49436736106873,3.16788029670715,
2019-09-03,24.4822025299072,1.23975837230682,3.60549569129944,
2019-09-04,24.2388324737549,0.595769762992859,3.25131416320801,
2019-09-05,24.8870277404785,0.991510510444641,3.7338137626648,
2019-09-06,23.8940715789795,2.34414267539978,3.17626595497131,
2019-09-07,23.9653663635254,1.18242120742798,3.91652774810791,
2019-09-08,23.9251575469971,2.77248644828796,2.75070881843567,
2019-09-09,23.8345050811768,7.39820289611816,3.01096844673157,
2019-09-10,24.1433792114258,2.42504525184631,3.1122419834137,
2019-09-11,23.2382469177246,3.63286638259888,2.31653237342834,
2019-09-12,24.8011131286621,2.25742936134338,3.43622827529907,
2019-09-13,24.4559230804443,1.07617712020874,4.58630752563477,
2019-09-14,23.3791408538818,2.09087204933167,3.42886519432068,
2019-09-15,23.6915760040283,3.777019739151,3.23617267608643,
2019-09-16,23.8939056396484,1.01146650314331,3.6699070930481,
2019-09-17,23.1400852203369,0.402870655059814,3.35564613342285,
2019-09-18,24.2385482788086,0.674208641052246,3.41925597190857,
2019-09-19,25.5376853942871,0.0422416739165783,3.88312530517578,
2019-09-20,24.0370292663574,0.535611867904663,3.69604539871216,
2019-09-21,24.5242328643799,0.415636539459229,3.64800834655762,
2019-09-22,23.6849479675293,0.0777340680360794,4.28294563293457,
2019-09-23,24.2685146331787,1.11368477344513,3.01159048080444,
2019-09-24,24.0727462768555,1.722616314888,3.83197379112244,
2019-09-25,23.9895267486572,1.62593126296997,3.25916790962219,
2019-09-26,24.7626514434814,1.14125573635101,4.27461576461792,
2019-09-27,25.2622890472412,0.633139133453369,5.06307697296143,
2019-09-28,26.6929302215576,0.195767313241959,4.63736057281494,
2019-09-29,26.0077419281006,0.419756978750229,3.54561114311218,
2019-09-30,25.773832321167,0.642750382423401,3.32051920890808,
2019-10-01,25.1354675292969,1.0551518201828,3.71817684173584,
2019-10-02,24.4478569030762,3.09443020820618,2.711909532547,
2019-10-03,24.0442066192627,2.52637791633606,3.14640069007874,
2019-10-04,25.988130569458,1.87228941917419,4.28717184066772,
2019-10-05,25.2587203979492,1.87833094596863,4.17972469329834,
2019-10-06,24.4296703338623,0.409811705350876,4.9788179397583,
2019-10-07,25.4083862304688,1.15625953674316,3.73677635192871,
2019-10-08,25.9392280578613,0.145719215273857,4.40716075897217,
2019-10-09,24.2607936859131,0.441845834255219,3.74712824821472,
2019-10-10,24.9774036407471,0.847164571285248,3.67064332962036,
2019-10-11,25.9126586914063,1.22547388076782,4.46358060836792,
2019-10-12,25.6190166473389,2.2679386138916,3.71642851829529,
2019-10-13,24.9244022369385,1.79781639575958,3.91710114479065,
2019-10-14,25.2176036834717,0.419213265180588,3.8369128704071,
2019-10-15,25.5976696014404,1.58645737171173,3.69657444953918,
2019-10-16,26.0113906860352,0.179284423589706,4.15262699127197,
2019-10-17,24.8335113525391,0.257702201604843,4.50330209732056,
2019-10-18,25.6632804870605,0.2135990858078,4.61040687561035,
2019-10-19,26.7998180389404,0.00100752443540841,4.73888492584229,
2019-10-20,27.622091293335,0.0358002372086048,5.54977035522461,
2019-10-21,28.9004497528076,1.31855475902557,5.11023807525635,
2019-10-22,27.8473663330078,0.169438317418098,4.03700590133667,
2019-10-23,28.0823287963867,0.103448659181595,5.16762542724609,
2019-10-24,28.5650367736816,0.0614618882536888,5.64316987991333,
2019-10-25,27.8796520233154,0.585031270980835,5.88103771209717,
2019-10-26,26.7569408416748,0.493356853723526,5.68274831771851,
2019-10-27,27.4681205749512,0.171107664704323,4.75368738174439,
2019-10-28,27.8019218444824,0.0202550645917654,5.40825462341309,
2019-10-29,26.6845436096191,1.19674158096313,4.32163095474243,
2019-10-30,26.7401180267334,0.278108060359955,4.43883180618286,
2019-10-31,27.2125549316406,1.31334447860718,4.57141494750977,
2019-11-01,27.0518913269043,2.16775679588318,4.11327314376831,
2019-11-02,26.4287242889404,0.0994691699743271,5.13635444641113,
2019-11-03,27.323766708374,0.0717796832323074,5.89409160614014,
2019-11-04,27.9052848815918,0.21295902132988,4.92179584503174,
2019-11-05,29.0669727325439,0.271278440952301,6.32010841369629,
2019-11-06,28.0735702514648,0.0963027775287628,6.08373880386353,
2019-11-07,27.8966503143311,0.580108880996704,5.27165269851685,
2019-11-08,27.7284660339356,0.260862290859222,5.29664850234985,
2019-11-09,27.3449821472168,0.0732932090759277,4.8011064529419,
2019-11-10,28.6701068878174,0.428583174943924,5.31072330474854,
2019-11-11,29.3320007324219,0.0478096790611744,5.57301378250122,
2019-11-12,28.0990734100342,0.844500184059143,6.03658533096314,
2019-11-13,27.4155559539795,0.430183589458466,5.21328496932983,
2019-11-14,28.207462310791,0.821824431419373,5.42615556716919,
2019-11-15,27.9204921722412,0.090332567691803,6.22061824798584,
2019-11-16,29.2546272277832,0.0788943246006966,5.79563760757446,
2019-11-17,28.1574249267578,0.0804938897490501,4.59975671768189,
2019-11-18,28.3803119659424,0.0586091727018356,5.46863317489624,
2019-11-19,28.71240234375,0.247062847018242,5.9169397354126,
2019-11-20,27.4543895721436,0.289298206567764,5.10610437393189,
2019-11-21,27.7325248718262,0.910235226154327,6.12364959716797,
2019-11-22,27.550630569458,0.462138652801514,4.88335561752319,
2019-11-23,29.3705024719238,0.153550773859024,5.56156969070435,
2019-11-24,29.2029991149902,0.0814531072974205,5.00804758071899,
2019-11-25,27.5205898284912,7.92994594573975,3.21837711334229,
2019-11-26,24.3776111602783,29.1296157836914,1.55487036705017,
2019-11-27,23.69162940979,16.6654186248779,1.06989514827728,
2019-11-28,26.1853904724121,4.55633878707886,3.17974829673767,
2019-11-29,27.0146293640137,1.42642712593079,5.87029981613159,
2019-11-30,27.1395835876465,0.00610722089186311,6.12042951583862,
2019-12-01,27.5099487304688,0.0445578210055828,6.17600536346436,
2019-12-02,28.0504665374756,0.0790725648403168,5.90010976791382,
2019-12-03,27.6694736480713,0.227159351110458,5.50569772720337,
2019-12-04,28.1366138458252,0.517693519592285,5.59914207458496,
2019-12-05,26.9537544250488,0.0120417643338442,5.37116050720215,
2019-12-06,28.0398330688477,0.405544489622116,5.84755086898804,
2019-12-07,28.9533519744873,0.357481569051743,4.94129276275635,
2019-12-08,29.0775775909424,0.363492250442505,5.25607395172119,
2019-12-09,27.2461891174316,0.46622771024704,4.95119142532349,
2019-12-10,26.7604179382324,0.409613311290741,4.48635530471802,
2019-12-11,28.0341625213623,0.13978622853756,6.35582113265991,
2019-12-12,27.0667572021484,0.13784247636795,5.64411306381226,
2019-12-13,27.0866947174072,0.134672865271568,6.25129270553589,
2019-12-14,26.7290802001953,0.829200208187103,4.28993225097656,
2019-12-15,26.4374465942383,6.17545747756958,4.38577747344971,
2019-12-16,26.7006225585938,2.55524086952209,4.46921157836914,
2019-12-17,27.2491798400879,0.947717249393463,4.7779688835144,
2019-12-18,28.0481357574463,0.825938284397125,5.32313776016235,
2019-12-19,27.1612071990967,0.21219402551651,4.25875568389893,
2019-12-20,28.0868110656738,0.304114073514938,5.15484523773193,
2019-12-21,27.6375465393066,0,5.46488380432129,
2019-12-22,28.3024654388428,0.0296691916882992,5.4793496131897,
2019-12-23,27.6955509185791,0.32581627368927,6.06366729736328,
2019-12-24,28.3328094482422,0.796115100383759,5.14220952987671,
2019-12-25,28.8707256317139,1.30731403827667,5.07436370849609,
2019-12-26,28.1436672210693,0.17461185157299,5.02340316772461,
2019-12-27,27.1791305541992,0.595977544784546,4.48839235305786,
2019-12-28,26.9804668426514,1.26023280620575,4.49575853347778,
2019-12-29,27.4476051330566,2.49975609779358,4.77438592910767,
2019-12-30,27.5194129943848,4.74761295318604,3.63215589523315,
2019-12-31,27.043270111084,13.7732267379761,3.61219191551209,
