date,temperature_C,precipitation_mmd,pet_mmd,streamflow_mmd
1981-01-01,24.31858253479,6.01028871536255,1.63824903964996,0.189024
1981-01-02,24.6803340911865,8.94708251953125,1.82723593711853,0.180672
1981-01-03,24.8535957336426,7.21683216094971,3.783118724823,0.377723
1981-01-04,24.7318134307861,1.11455392837524,3.7291271686554,0.342692
1981-01-05,24.0031547546387,0.410076349973679,3.3334653377533,0.246817
1981-01-06,24.8710689544678,1.33864462375641,4.34303998947144,0.208735
1981-01-07,24.878833770752,1.56476438045502,4.3967342376709,0.197636
1981-01-08,26.2137718200684,0.41692903637886,5.31763458251953,0.164747
1981-01-09,26.0223331451416,0.131816938519478,4.52064609527588,0.157152
1981-01-10,25.5167407989502,0.428839415311813,4.56966781616211,0.119719
1981-01-11,26.3837757110596,0.41126561164856,4.73928689956665,0.079344
1981-01-12,26.3710994720459,0.345841974020004,4.79847621917725,0.054786
1981-01-13,25.5052089691162,0.337385624647141,3.28597569465637,0.04321
1981-01-14,25.9975433349609,0.346674144268036,4.60767555236816,0.033473
1981-01-15,24.9593753814697,0.0113917458802462,5.0941333770752,0.027544
1981-01-16,25.9387226104736,0.311584293842316,4.47413635253906,0.026441
1981-01-17,25.986047744751,1.22610700130463,3.96119451522827,0.023347
1981-01-18,25.5051116943359,1.76482093334198,3.79239892959595,0.022373
1981-01-19,24.9843349456787,0.442113786935806,4.14778184890747,0.021421
1981-01-20,25.5038223266602,1.39468932151794,4.12426948547363,0.017937
1981-01-21,25.7311267852783,0.399514824151993,4.22690868377686,0.017115
1981-01-22,27.0008277893066,0.660071074962616,5.02185392379761,0.017115
1981-01-23,26.6836795806885,2.14498567581177,4.3071403503418,0.019625
1981-01-24,25.5879306793213,1.56030750274658,4.29123210906982,0.016336
1981-01-25,25.7963523864746,2.03314685821533,4.54947805404663,0.015579
1981-01-26,24.5117206573486,1.01383864879608,3.41164326667786,0.017115
1981-01-27,24.3466758728027,5.48135232925415,3.76124167442322,0.024342
1981-01-28,24.4110221862793,6.58612012863159,3.95104932785034,0.025381
1981-01-29,24.3283939361572,6.90312719345093,4.20536756515503,0.033473
1981-01-30,24.8946056365967,2.82135891914368,3.77853155136108,0.044768
1981-01-31,24.7948188781738,0.669835507869721,4.31986331939697,0.044768
1981-02-01,25.4426937103272,2.19316267967224,3.51819324493408,0.040267
1981-02-02,26.4014358520508,2.05999040603638,4.59340858459473,0.036091
1981-02-03,24.8100490570068,1.29768669605255,3.84057331085205,0.027544
1981-02-04,24.5351314544678,0.749360322952271,4.19361400604248,0.026441
1981-02-05,25.4554805755615,0.663228571414948,4.08795166015625,0.024342
1981-02-06,25.1792411804199,0.500630617141724,4.37698554992676,0.020512
1981-02-07,24.9886112213135,1.54213738441467,3.6858491897583,0.01876
1981-02-08,25.3243770599365,1.31147193908691,3.67553973197937,0.01876
1981-02-09,26.357063293457,1.13683652877808,4.54426860809326,0.01876
1981-02-10,26.2309513092041,0.42877322435379,4.11885213851929,0.01876
1981-02-11,26.3864498138428,0.471020847558975,4.20215129852295,0.01876
1981-02-12,25.0289154052734,0.542763233184815,3.89300847053528,0.017937
1981-02-13,24.8136215209961,2.16289949417114,3.72214365005493,0.017115
1981-02-14,24.3922672271729,4.45909929275513,3.58103370666504,0.017115
1981-02-15,24.7194576263428,5.88351106643677,3.66107726097107,0.017115
1981-02-16,24.5734596252441,3.2373366355896,3.65603280067444,0.01876
1981-02-17,24.7180156707764,3.14714360237122,3.92020893096924,0.023347
1981-02-18,25.2588882446289,2.83553409576416,4.08582401275635,0.024342
1981-02-19,24.9902648925781,2.960688829422,3.45560598373413,0.024342
1981-02-20,24.1495132446289,4.03240728378296,3.80149459838867,0.033473
1981-02-21,24.7869262695313,7.40854454040527,3.93380260467529,0.038839
1981-02-22,24.5548877716064,2.7980535030365,3.44545435905457,0.036091
1981-02-23,24.8255805969238,1.71017241477966,4.05612325668335,0.038839
1981-02-24,24.7424659729004,2.19480681419373,4.3992166519165,0.040267
1981-02-25,24.9672222137451,4.35127878189087,3.93828916549683,0.046326
1981-02-26,25.0459766387939,1.77842557430267,4.22390460968018,0.040267
1981-02-27,25.6325435638428,0.631736040115356,4.24138069152832,0.038839
1981-02-28,25.8580379486084,2.27836632728577,3.49377632141113,0.044768
1981-03-01,26.158992767334,3.03612899780273,3.46684002876282,0.037433
1981-03-02,25.7093887329102,1.15825569629669,4.12628555297852,0.027544
1981-03-03,25.7953491210938,1.96527004241943,3.36278033256531,0.027544
1981-03-04,25.726203918457,0.430222153663635,4.47877311706543,0.024342
1981-03-05,26.3624858856201,0.185558423399925,4.78817987442017,0.021421
1981-03-06,25.7966613769531,0.462187826633453,3.86659479141235,0.01876
1981-03-07,26.9410247802734,0.609934628009796,4.3251051902771,0.017937
1981-03-08,27.2014636993408,0.105281993746758,5.09670782089233,0.014843
1981-03-09,27.5615959167481,0.443640828132629,4.72840070724487,0.014151
1981-03-10,26.7088069915772,5.44205188751221,2.95638394355774,0.014151
1981-03-11,25.951416015625,38.1760520935059,3.26077914237976,0.024342
1981-03-12,26.4643211364746,17.5751686096191,2.7732629776001,0.742918
1981-03-13,26.7254066467285,9.43929100036621,3.56815457344055,1.597529
1981-03-14,26.0782070159912,1.93560457229614,3.9496111869812,0.439454
1981-03-15,25.8011226654053,0.109020501375198,4.56987571716309,0.309198
1981-03-16,26.4456424713135,0.761113584041596,3.24626684188843,0.197636
1981-03-17,25.7379760742188,3.05812764167786,3.2160177230835,0.153452
1981-03-18,26.1146812438965,2.90469574928284,3.62793111801147,0.091526
1981-03-19,25.5516757965088,5.01999664306641,2.94658899307251,0.16862
1981-03-20,24.7372226715088,14.9011363983154,1.71786558628082,0.532755
1981-03-21,25.1242752075195,19.2397785186768,2.29711270332336,4.293455
1981-03-22,25.0165233612061,23.5277729034424,2.78183746337891,5.380364
1981-03-23,24.945650100708,45.0617561340332,3.17960786819458,29.40907
1981-03-24,23.4706974029541,15.945182800293,1.3342217206955,24.082972
1981-03-25,22.695520401001,49.3784942626953,1.22643899917603,40.384851
1981-03-26,23.3153762817383,37.8866920471191,1.46913492679596,58.865309
1981-03-27,24.5804996490479,16.4703044891357,3.11487317085266,32.719129
1981-03-28,23.6938591003418,9.55489921569824,1.78027248382568,11.343011
1981-03-29,23.5150089263916,6.24160003662109,2.39125895500183,6.085266
1981-03-30,25.0687599182129,4.44108581542969,2.90944910049439,3.639856
1981-03-31,25.6041870117188,0.80713301897049,3.54664468765259,2.559027
1981-04-01,25.9928245544434,1.75485694408417,3.56925535202026,1.44254
1981-04-02,24.6056060791016,7.56163358688355,2.59605836868286,1.689249
1981-04-03,24.6217098236084,10.4899225234985,2.33689260482788,6.22249
1981-04-04,24.3749027252197,13.9806776046753,2.3728039264679,8.528555
1981-04-05,23.5704669952393,8.02329921722412,3.00336623191834,8.420368
1981-04-06,23.9900226593018,3.83123421669006,3.09813213348389,3.815746
1981-04-07,24.0648651123047,7.6207709312439,3.10240173339844,3.170412
1981-04-08,24.2589664459229,8.56080532073975,3.20487380027771,5.552338
1981-04-09,23.8026256561279,5.44586944580078,3.19045519828796,4.760692
1981-04-10,23.5800113677979,5.68987703323364,3.2832670211792,4.720793
1981-04-11,23.9732990264893,1.44986438751221,3.05886507034302,3.074234
1981-04-12,23.0411758422852,0.0892859101295471,4.05264902114868,1.420989
1981-04-13,22.5423412322998,0.717380583286285,2.8428680896759,0.842385
1981-04-14,22.6500701904297,0.102002739906311,3.35853552818298,0.604266
1981-04-15,23.0204830169678,0.258526414632797,3.24178075790405,0.478467
1981-04-16,23.8148822784424,0.0143337538465858,3.67486834526062,0.414269
1981-04-17,24.2923069000244,0.0852301195263863,3.60711169242859,0.365888
1981-04-18,23.6011600494385,10.2486095428467,2.70227766036987,0.320189
1981-04-19,21.9203243255615,0.377659112215042,2.26994299888611,1.78322
1981-04-20,21.8536224365234,1.59701561927795,2.28475689888001,0.604266
1981-04-21,22.3671951293945,0.830205917358398,2.40319132804871,0.414269
1981-04-22,22.8884220123291,0.701086759567261,2.61047410964966,0.320189
1981-04-23,22.9966907501221,12.5891227722168,2.02201581001282,1.057742
1981-04-24,23.5778102874756,6.25832176208496,2.36724996566772,0.649055
1981-04-25,23.7133674621582,4.26885938644409,3.03394174575806,0.575186
1981-04-26,24.0063705444336,11.7921543121338,2.60767841339111,3.235411
1981-04-27,23.2266426086426,4.79921054840088,2.96786642074585,2.207615
1981-04-28,23.1120910644531,1.72620272636414,2.72227740287781,1.173523
1981-04-29,23.1906261444092,1.61857855319977,2.85393786430359,0.695294
1981-04-30,23.8579216003418,0.910113215446472,2.22396874427795,0.491795
1981-05-01,23.7042655944824,1.10846829414368,2.61365842819214,0.365888
1981-05-02,23.0117664337158,2.81335067749023,2.86443376541138,0.842385
1981-05-03,23.1681537628174,7.33058261871338,2.54803776741028,2.207615
1981-05-04,23.3127822875977,5.52374935150147,2.31049823760986,1.855186
1981-05-05,23.0475444793701,3.08467245101929,2.08411812782288,1.378277
1981-05-06,23.5321960449219,3.21466541290283,2.72579431533814,0.894185
1981-05-07,22.8965930938721,3.14356875419617,2.72235369682312,0.726885
1981-05-08,22.3822154998779,6.83047962188721,2.35837769508362,1.095758
1981-05-09,22.4364356994629,6.07527875900269,2.36011433601379,1.735943
1981-05-10,22.3723335266113,6.60855197906494,2.14534687995911,1.464264
1981-05-11,22.2894840240479,2.38833141326904,2.69899868965149,1.294627
1981-05-12,20.7336177825928,2.15293073654175,2.09937787055969,1.076674
1981-05-13,21.9514808654785,1.38991737365723,2.34929656982422,0.842385
1981-05-14,21.4775371551514,3.004065990448,2.47990107536316,0.619044
1981-05-15,22.7166595458984,1.17853736877441,2.77790570259094,0.560883
1981-05-16,23.0511417388916,0.752495884895325,3.20640802383423,0.465289
1981-05-17,22.9087963104248,0.573629379272461,2.49166250228882,0.342692
1981-05-18,22.8069458007813,1.44865071773529,2.51698517799377,0.331354
1981-05-19,22.6335926055908,1.35155546665192,2.32159447669983,0.287712
1981-05-20,22.3889102935791,5.9823956489563,1.4706449508667,0.256792
1981-05-21,21.6003437042236,5.55608034133911,2.22799468040466,0.389732
1981-05-22,22.0188179016113,5.15958213806152,2.53814768791199,1.643097
1981-05-23,21.8389434814453,10.660982131958,2.62160348892212,2.366931
1981-05-24,21.1377353668213,21.2149562835693,1.832439661026,13.730822
1981-05-25,21.4468994140625,10.1123571395874,1.65759587287903,9.306114
1981-05-26,21.42751121521,9.91150856018066,2.29684400558472,3.815746
1981-05-27,22.1462497711182,1.83331060409546,2.32944869995117,2.028004
1981-05-28,21.3449935913086,1.27521061897278,2.14414668083191,2.028004
1981-05-29,21.7923984527588,0.453938722610474,2.21309185028076,0.825421
1981-05-30,21.5357418060303,1.87213635444641,2.00697875022888,0.619044
1981-05-31,20.9303722381592,1.31615722179413,1.83349096775055,0.51895
1981-06-01,20.8386249542236,0.489613741636276,2.22532272338867,0.465289
1981-06-02,21.9090766906738,2.53658699989319,2.55277252197266,0.426775
1981-06-03,22.0881900787354,5.78344583511353,2.54812860488892,0.465289
1981-06-04,22.8394050598145,4.00614261627197,2.3602569103241,0.649055
1981-06-05,22.7652759552002,2.95984983444214,2.09669828414917,0.604266
1981-06-06,22.0854930877686,1.80736708641052,1.5897114276886,2.053233
1981-06-07,22.5283126831055,1.25663089752197,2.34308862686157,1.336171
1981-06-08,22.815845489502,3.36102843284607,1.71464192867279,0.711003
1981-06-09,22.8034553527832,1.1063152551651,1.97863984107971,0.51895
1981-06-10,21.8193855285645,1.41670429706573,1.82851421833038,0.439454
1981-06-11,21.3827724456787,8.4695463180542,1.03795886039734,0.726885
1981-06-12,20.6655540466309,3.92520689964294,1.87459909915924,0.679716
1981-06-13,21.4498805999756,4.41722679138184,2.09129571914673,0.589639
1981-06-14,20.8643894195557,1.13996970653534,1.93857765197754,0.491795
1981-06-15,20.9130744934082,1.89961278438568,1.83831226825714,0.452285
1981-06-16,21.7259368896484,0.77716851234436,2.01899981498718,0.401914
1981-06-17,22.1007537841797,3.71114253997803,2.41114091873169,0.389732
1981-06-18,22.3501682281494,1.03259313106537,1.81295156478882,0.389732
1981-06-19,21.6958618164063,0.797359704971314,2.5665020942688,0.414269
1981-06-20,21.9183731079102,0.477179020643234,2.21264719963074,0.414269
1981-06-21,22.149995803833,0.73472136259079,1.88004195690155,0.377723
1981-06-22,21.808349609375,4.18374156951904,2.21546363830566,0.298357
1981-06-23,20.0748615264893,6.15513849258423,0.859011471271515,0.309198
1981-06-24,20.74755859375,4.76476669311523,2.3326473236084,0.365888
1981-06-25,18.5874938964844,3.54163384437561,1.47678637504578,0.377723
1981-06-26,19.7219295501709,7.92762088775635,1.54948663711548,0.342692
1981-06-27,20.0987682342529,6.73527956008911,1.74110579490662,0.679716
1981-06-28,19.5119380950928,4.4443531036377,2.30362272262573,0.876767
1981-06-29,20.5894565582275,3.28123188018799,2.2467257976532,0.695294
1981-06-30,21.0253429412842,0.355592489242554,1.81516051292419,0.560883
1981-07-01,21.9134654998779,0.0195010714232922,2.4532425403595,0.452285
1981-07-02,22.1901664733887,0.123122073709965,2.30846500396729,0.354203
1981-07-03,22.0343456268311,0.360653758049011,2.57499814033508,0.309198
1981-07-04,20.4917221069336,1.19183731079102,2.10195255279541,0.266918
1981-07-05,18.7528991699219,0.329714775085449,1.99699914455414,0.237037
1981-07-06,18.3505039215088,0.200676083564758,2.05343127250671,0.237037
1981-07-07,17.6222019195557,1.36784136295319,1.21326076984406,0.22743
1981-07-08,18.3452911376953,2.42224621772766,0.914536774158478,0.237037
1981-07-09,18.7923469543457,2.49925827980042,1.0736643075943,0.246817
1981-07-10,19.8321285247803,4.02971839904785,1.28844797611237,0.256792
1981-07-11,20.0897483825684,2.03798198699951,1.39091145992279,0.342692
1981-07-12,20.9409084320068,5.1924901008606,1.83656668663025,0.389732
1981-07-13,20.8769874572754,1.166823387146,1.73709452152252,0.377723
1981-07-14,21.6804141998291,2.17895102500916,1.98022091388702,0.331354
1981-07-15,20.4906234741211,1.42026209831238,2.4899537563324,0.287712
1981-07-16,19.9256343841553,2.42603993415833,2.04258608818054,0.309198
1981-07-17,20.1715850830078,2.53380537033081,2.24607181549072,0.309198
1981-07-18,20.6588764190674,0.532579004764557,2.30785274505615,0.277239
1981-07-19,20.8868446350098,0.525255560874939,2.3946795463562,0.256792
1981-07-20,21.7360992431641,0.383061349391937,2.29834985733032,0.246817
1981-07-21,21.179557800293,0.215338051319122,2.24798464775085,0.237037
1981-07-22,20.0630416870117,0.250620871782303,2.74673914909363,0.217996
1981-07-23,21.1292934417725,1.1905654668808,2.66894030570984,0.217996
1981-07-24,19.9977626800537,0.878229975700378,1.50933849811554,0.217996
1981-07-25,20.2099227905273,2.02929258346558,2.19045114517212,0.217996
1981-07-26,20.5935001373291,1.0455414056778,2.94165873527527,0.217996
1981-07-27,21.1629772186279,2.90531301498413,2.29719018936157,0.217996
1981-07-28,20.1410465240479,0.393554717302322,1.93677282333374,0.217996
1981-07-29,20.2160415649414,0.965250253677368,2.1060779094696,0.217996
1981-07-30,19.2799873352051,0.619821965694428,2.04092788696289,0.217996
1981-07-31,19.9936790466309,2.09344625473022,2.38323569297791,0.217996
1981-08-01,19.6426696777344,1.68359875679016,2.08651828765869,0.237037
1981-08-02,20.9446125030518,1.77997922897339,2.11495471000671,0.237037
1981-08-03,21.1968955993652,1.45217895507813,2.34022521972656,0.237037
1981-08-04,21.2929630279541,2.3697817325592,2.6653299331665,0.217996
1981-08-05,20.8409080505371,2.47517585754395,2.11875748634338,0.217996
1981-08-06,19.47678565979,3.57117486000061,1.82265746593475,0.217996
1981-08-07,19.685962677002,2.3077130317688,2.1654064655304,0.217996
1981-08-08,20.9482612609863,1.41983187198639,2.20155835151672,0.217996
1981-08-09,20.717737197876,0.996049106121063,2.35136461257935,0.217996
1981-08-10,20.7022094726563,0.884068667888641,2.69444441795349,0.217996
1981-08-11,20.832010269165,0.488555133342743,2.67136979103088,0.217996
1981-08-12,20.6146411895752,0.490926116704941,2.23016428947449,0.208735
1981-08-13,21.0648555755615,0.623648583889008,2.44088888168335,0.197636
1981-08-14,22.4058017730713,0.00845818594098091,3.72182464599609,0.197636
1981-08-15,22.5332336425781,0.0595020353794098,3.0789270401001,0.197636
1981-08-16,22.2669925689697,0.503121674060822,2.4530553817749,0.197636
1981-08-17,22.6023502349854,1.08651030063629,2.73155975341797,0.184805
1981-08-18,22.5578117370605,0.459887266159058,2.85874080657959,0.180672
1981-08-19,21.9991912841797,0.823824167251587,1.89136135578156,0.193308
1981-08-20,20.449951171875,2.182452917099,1.50020527839661,0.193308
1981-08-21,19.8159828186035,0.715081512928009,2.95379638671875,0.180672
1981-08-22,18.7885513305664,0.54736852645874,1.96571207046509,0.180672
1981-08-23,18.3777332305908,0.79790610074997,2.34727716445923,0.180672
1981-08-24,19.8432655334473,0.322539746761322,2.09313416481018,0.180672
1981-08-25,19.9716968536377,0.216672956943512,2.32474565505981,0.180672
1981-08-26,21.0859813690186,0.581396341323853,2.60245752334595,0.180672
1981-08-27,21.6926326751709,0.126270055770874,2.95268177986145,0.180672
1981-08-28,20.3502178192139,0.00623355619609356,2.70597743988037,0.180672
1981-08-29,20.0653343200684,0.0153136653825641,3.71901655197144,0.180672
1981-08-30,22.0808334350586,0.0958603993058205,2.76094198226929,0.180672
1981-08-31,21.1150360107422,0.132282599806786,2.8137629032135,0.172579
1981-09-01,19.9608821868897,0.428293377161026,2.54321932792664,0.172579
1981-09-02,21.0958442687988,0.934146881103516,2.82722115516663,0.172579
1981-09-03,21.6549415588379,0.706637740135193,2.8408043384552,0.172579
1981-09-04,22.4263973236084,0.808284878730774,2.72169995307922,0.172579
1981-09-05,23.1196060180664,0.048857294023037,4.21079921722412,0.16862
1981-09-06,22.6067924499512,1.18441009521484,2.11522197723389,0.164747
1981-09-07,21.3045673370361,2.73486137390137,2.53452777862549,0.172579
1981-09-08,20.334171295166,0.405251234769821,2.67786145210266,0.172579
1981-09-09,19.5129909515381,0.509076297283173,2.41900277137756,0.176582
1981-09-10,20.1376876831055,0.0847118496894836,2.94592952728272,0.184805
1981-09-11,20.3948650360107,0.655239045619965,2.76040482521057,0.172579
1981-09-12,20.5705623626709,0.482579261064529,2.5031270980835,0.172579
1981-09-13,20.9139404296875,0.21509738266468,3.28853011131287,0.172579
1981-09-14,22.6606998443604,0.0949044451117516,3.69597315788269,0.172579
1981-09-15,22.7331027984619,0.470365583896637,3.26828956604004,0.172579
1981-09-16,23.1190242767334,0.0475246943533421,3.68400692939758,0.172579
1981-09-17,24.0510444641113,0.48241400718689,3.29987645149231,0.172579
1981-09-18,23.1714057922363,1.22104775905609,3.02279496192932,0.172579
1981-09-19,22.4626941680908,0.465190172195435,3.43813300132751,0.16862
1981-09-20,22.3216342926025,0.179349884390831,3.11385655403137,0.164747
1981-09-21,22.7017936706543,0.198486834764481,3.22446441650391,0.172579
1981-09-22,22.3227195739746,0.309624344110489,3.52960395812988,0.172579
1981-09-23,22.4376239776611,0.719964802265167,2.86592769622803,0.172579
1981-09-24,22.1393527984619,0.355037689208984,3.53454685211182,0.16862
1981-09-25,22.7379055023193,0.255293279886246,2.9444055557251,0.164747
1981-09-26,23.4960079193115,0.191176757216454,3.44754409790039,0.164747
1981-09-27,23.4366188049316,0.134773179888725,3.75806498527527,0.164747
1981-09-28,24.3112850189209,0.37422052025795,3.78537249565125,0.160917
1981-09-29,24.2890357971191,0.0662606582045555,4.03489398956299,0.157152
1981-09-30,25.2163391113281,0.0965361669659615,4.13211297988892,0.157152
1981-10-01,23.9444942474365,0.108563221991062,2.9809410572052,0.14272
1981-10-02,22.5164127349854,2.81684184074402,1.5013530254364,0.066275
1981-10-03,23.5729351043701,1.12710297107697,3.39147615432739,0.04321
1981-10-04,23.3082504272461,1.7233681678772,3.13977217674255,0.038839
1981-10-05,24.2274742126465,0.709157645702362,3.7273428440094,0.047948
1981-10-06,24.391092300415,0.590784192085266,3.65289998054504,0.056582
1981-10-07,24.5576572418213,0.0695052221417427,3.5638473033905,0.066275
1981-10-08,25.4069709777832,0.0147049305960536,4.72824621200562,0.072593
1981-10-09,24.6253051757813,1.15939450263977,3.32982015609741,0.064241
1981-10-10,22.419490814209,5.50183248519898,1.95555782318115,0.058442
1981-10-11,22.3608493804932,0.565231442451477,1.97703862190247,0.054786
1981-10-12,23.4030914306641,1.66657543182373,2.22382211685181,0.053011
1981-10-13,25.0983581542969,2.63570523262024,4.3546781539917,0.064241
1981-10-14,25.5112457275391,0.561940848827362,4.20964336395264,0.0748
1981-10-15,24.356746673584,0.499484330415726,3.49289917945862,0.096762
1981-10-16,25.0129222869873,0.468657702207565,5.12287616729736,0.094122
1981-10-17,26.0112419128418,0.256856828927994,4.84411525726318,0.068331
1981-10-18,22.3304405212402,2.38981008529663,1.45020401477814,0.056582
1981-10-19,21.1072006225586,4.44740962982178,0.995932698249817,0.054786
1981-10-20,23.9144706726074,5.53933429718018,3.35072445869446,0.081681
1981-10-21,25.3357524871826,0.747443735599518,4.92187595367432,0.116669
1981-10-22,24.9250888824463,1.01275277137756,2.34318542480469,0.149817
1981-10-23,24.5067749023438,2.96513605117798,3.47745370864868,0.14272
1981-10-24,23.3235397338867,3.72212862968445,2.5451033115387,0.132507
1981-10-25,23.310525894165,1.97573566436768,3.40845584869385,0.110697
1981-10-26,24.221529006958,1.13198459148407,3.88888645172119,0.0748
1981-10-27,24.9375247955322,0.730494976043701,4.60298490524292,0.072593
1981-10-28,23.7966175079346,2.21108198165894,2.33284187316895,0.0748
1981-10-29,23.2018394470215,14.8416862487793,1.90474343299866,0.119719
1981-10-30,21.2895603179932,23.5152969360352,1.00610160827637,0.287712
1981-10-31,20.7379817962646,14.2160120010376,0.745208203792572,0.320189
1981-11-01,20.4892292022705,6.34230852127075,0.833152532577515,0.532755
1981-11-02,21.7803745269775,4.56515693664551,0.626892149448395,0.575186
1981-11-03,23.0449619293213,6.14819669723511,1.63034319877625,0.546732
1981-11-04,23.9116249084473,5.54247093200684,3.43429327011108,0.465289
1981-11-05,24.7590885162354,8.2814359664917,2.50344371795654,0.532755
1981-11-06,24.5832920074463,8.11671924591065,3.49635219573975,0.619044
1981-11-07,24.7688426971436,9.28105926513672,2.80465984344482,0.726885
1981-11-08,24.290376663208,2.1369993686676,2.01109528541565,0.825421
1981-11-09,24.2112083435059,2.19757795333862,3.3719367980957,0.51895
1981-11-10,25.0125179290772,1.18645977973938,3.98067784309387,0.298357
1981-11-11,24.9063835144043,1.1922310590744,3.86873173713684,0.208735
1981-11-12,24.886116027832,1.27355635166168,3.20705270767212,0.193308
1981-11-13,24.8775863647461,2.28683137893677,3.32842135429382,0.176582
1981-11-14,24.9973831176758,0.269778251647949,4.02965879440308,0.164747
1981-11-15,25.2070140838623,4.62504768371582,3.55276250839233,0.16862
1981-11-16,24.7174530029297,10.3114862442017,2.29287242889404,0.164747
1981-11-17,24.6158790588379,1.88239419460297,3.00864362716675,1.552544
1981-11-18,24.6515922546387,1.36927473545074,3.24096655845642,0.679716
1981-11-19,24.868688583374,1.16691541671753,3.37132024765015,0.354203
1981-11-20,24.7204475402832,2.39908647537231,3.9358537197113,0.217996
1981-11-21,24.6916351318359,4.28392791748047,3.49587416648865,0.176582
1981-11-22,24.6777362823486,1.36675930023193,4.0479474067688,0.309198
1981-11-23,24.8518314361572,5.41177988052368,3.03542542457581,0.546732
1981-11-24,23.9441967010498,8.22608470916748,2.63271594047546,0.532755
1981-11-25,24.4811477661133,3.24065494537354,3.42611527442932,0.342692
1981-11-26,24.616361618042,1.13328444957733,3.92888784408569,0.309198
1981-11-27,23.7124004364014,3.95657300949097,2.18627309799194,0.22743
1981-11-28,24.6442699432373,4.5708909034729,3.37141418457031,0.193308
1981-11-29,25.3549003601074,2.07639479637146,3.83962774276733,0.414269
1981-11-30,24.9636783599854,1.31810903549194,3.85011768341064,0.66431
1981-12-01,24.5858364105225,0.514184176921845,3.58732151985168,0.354203
1981-12-02,25.1284065246582,0.330524504184723,4.79830884933472,0.266918
1981-12-03,24.9628429412842,0.793445765972138,4.44792985916138,0.217996
1981-12-04,24.2851390838623,0.803998291492462,3.8681788444519,0.189024
1981-12-05,24.5813961029053,1.57655107975006,4.00766372680664,0.22743
1981-12-06,24.8159866333008,2.27350401878357,4.48013210296631,0.320189
1981-12-07,25.2874946594238,0.328699916601181,4.52541303634644,0.237037
1981-12-08,25.1975593566895,0.0723375231027603,4.29214906692505,0.153452
1981-12-09,25.1642513275147,0.319123506546021,4.63110780715942,0.110697
1981-12-10,25.3320026397705,0.832034409046173,4.516921043396,0.081681
1981-12-11,25.1087760925293,6.08899402618408,3.67097473144531,0.079344
1981-12-12,24.8368816375732,1.39368832111359,4.3051438331604,0.16862
1981-12-13,25.5381107330322,0.491091191768646,4.88239145278931,0.157152
1981-12-14,24.6378688812256,0.120005451142788,4.79807043075562,0.12924
1981-12-15,24.1499500274658,0.491123497486115,3.58965110778809,0.081681
1981-12-16,25.5116424560547,4.35566520690918,4.46099042892456,0.056582
1981-12-17,24.9940567016602,1.86951398849487,3.94853258132935,0.066275
1981-12-18,25.4268856048584,0.883051693439484,4.56666421890259,0.066275
1981-12-19,24.6892528533936,0.965408384799957,4.05459022521973,0.068331
1981-12-20,24.8759841918945,3.06688284873962,3.24015522003174,0.107819
1981-12-21,24.0990657806397,0.224124521017075,3.44745659828186,0.102172
1981-12-22,25.1628684997559,0.706200778484345,4.32382011413574,0.099445
1981-12-23,25.6979713439941,0.121468253433704,4.54346561431885,0.086506
1981-12-24,25.6877536773682,0.0415090918540955,4.24943685531616,0.066275
1981-12-25,25.4279842376709,0.00142342376057059,5.29616641998291,0.046326
1981-12-26,25.5271129608154,0.235153079032898,4.48066759109497,0.023347
1981-12-27,25.2959575653076,0.640434861183167,3.95794057846069,0.022373
1981-12-28,25.5901794433594,3.33547925949097,3.38557028770447,0.022373
1981-12-29,25.026554107666,26.7465572357178,2.18096613883972,0.022373
1981-12-30,22.9689044952393,47.8026084899902,0.981903851032257,4.641514
1981-12-31,23.7695541381836,28.888090133667,1.48741018772125,16.054586
1982-01-01,25.1427478790283,4.86677074432373,3.73284125328064,3.92337
1982-01-02,25.7736339569092,0.659567952156067,4.747718334198,1.712531
1982-01-03,24.7366714477539,0.389361083507538,4.24145174026489,0.633974
1982-01-04,25.217658996582,0.283754020929337,4.11717891693115,0.389732
1982-01-05,25.1326675415039,0.794714212417603,3.56021857261658,0.287712
1982-01-06,24.6159534454346,5.91756439208984,3.22636771202087,0.246817
1982-01-07,24.6264228820801,3.89283609390259,3.7024781703949,0.619044
1982-01-08,24.7676410675049,0.968954086303711,3.99696755409241,0.320189
1982-01-09,25.532112121582,4.55002546310425,4.14261865615845,0.287712
1982-01-10,24.7694625854492,10.547327041626,3.75056982040405,0.491795
1982-01-11,24.8818817138672,1.83585608005524,4.08532094955444,0.452285
1982-01-12,26.1084957122803,2.05256581306458,4.36378240585327,0.298357
1982-01-13,26.2533798217773,3.70404767990112,4.30139493942261,0.237037
1982-01-14,26.2219314575195,9.81031608581543,2.79667115211487,0.237037
1982-01-15,25.7940769195557,5.00353813171387,4.13038158416748,0.389732
1982-01-16,25.4373455047607,3.62917637825012,3.66018533706665,1.173523
1982-01-17,24.0802822113037,18.2952556610107,1.55018508434296,2.503463
1982-01-18,24.8233489990234,12.7302951812744,2.55159139633179,7.994848
1982-01-19,25.0422801971436,9.93387794494629,3.88412523269653,3.67467
1982-01-20,24.4057464599609,2.90048122406006,3.65274143218994,1.357159
1982-01-21,24.4275245666504,7.35998916625977,3.89789462089539,2.855827
1982-01-22,25.5230693817139,1.26367044448853,4.29728889465332,0.983547
1982-01-23,25.3792400360107,0.715680480003357,3.94448137283325,0.825421
1982-01-24,25.4934043884277,1.60353219509125,4.04591846466064,0.633974
1982-01-25,25.2112522125244,1.58411610126495,4.22709226608276,0.287712
1982-01-26,24.3859519958496,3.45909309387207,3.55242276191711,0.217996
1982-01-27,24.8797740936279,6.83648300170898,4.14739656448364,0.266918
1982-01-28,24.2536716461182,4.59507751464844,3.73363947868347,0.266918
1982-01-29,24.1217384338379,11.2569732666016,3.7567241191864,0.414269
1982-01-30,23.8106994628906,4.23982954025269,4.02443361282349,0.859479
1982-01-31,23.7956886291504,6.52555656433106,3.65503740310669,0.859479
1982-02-01,24.5478687286377,5.34677076339722,3.70687317848206,0.726885
1982-02-02,24.0374584197998,2.18212723731995,3.36394572257996,0.604266
1982-02-03,24.4650650024414,3.28882074356079,3.35713076591492,0.439454
1982-02-04,25.1645526885986,1.97771286964417,3.9087815284729,0.365888
1982-02-05,24.6094264984131,2.07063102722168,3.80105471611023,0.309198
1982-02-06,25.3286247253418,1.1423921585083,4.56742906570435,0.22743
1982-02-07,25.3226299285889,2.96765780448914,4.02726459503174,0.193308
1982-02-08,24.9383563995361,7.60509824752808,3.89315676689148,0.679716
1982-02-09,24.8495044708252,4.96129751205444,3.71329188346863,0.342692
1982-02-10,24.3422679901123,3.46280002593994,2.82004618644714,0.246817
1982-02-11,24.1980037689209,7.31190395355225,3.57310628890991,0.365888
1982-02-12,24.1198883056641,4.07106781005859,3.86482524871826,0.354203
1982-02-13,24.1832065582275,6.01145648956299,3.64041829109192,0.320189
1982-02-14,24.3399810791016,9.62417888641357,3.54026007652283,0.679716
1982-02-15,23.7960090637207,9.4070463180542,3.14147210121155,2.340036
1982-02-16,24.3523864746094,3.08272647857666,3.67934632301331,0.929475
1982-02-17,23.9941387176514,2.7073073387146,3.27111434936523,0.546732
1982-02-18,24.4630470275879,12.3097343444824,2.83489537239075,0.791949
1982-02-19,24.1908664703369,4.85809230804443,3.84399724006653,1.735943
1982-02-20,24.2770500183106,8.92452907562256,3.03111529350281,6.03987
1982-02-21,24.8710632324219,11.0863647460938,3.86280250549316,3.367442
1982-02-22,24.8834819793701,3.03675770759583,2.73848509788513,2.286656
1982-02-23,25.3577461242676,11.5226621627808,3.426433801651,4.96285
1982-02-24,25.8017864227295,2.14297962188721,4.11295890808105,2.028004
1982-02-25,25.7469787597656,2.59260654449463,3.69547486305237,0.808609
1982-02-26,25.5170116424561,0.313983976840973,4.26193857192993,0.560883
1982-02-27,25.6331157684326,1.2110435962677,3.8486659526825,0.414269
1982-02-28,25.1442985534668,2.00109815597534,3.47713804244995,0.354203
1982-03-01,25.7547569274902,0.599014520645142,3.92100024223328,0.309198
1982-03-02,25.0643348693848,0.421101242303848,3.904452085495,0.266918
1982-03-03,25.7867202758789,0.182042106986046,4.71652412414551,0.237037
1982-03-04,25.7012348175049,3.6157534122467,3.70283627510071,0.22743
1982-03-05,25.1946849822998,4.80192089080811,3.0777313709259,0.389732
1982-03-06,24.4770526885986,5.9095401763916,2.33797335624695,0.342692
1982-03-07,25.0359210968018,1.54015636444092,4.10206985473633,0.331354
1982-03-08,25.3327922821045,0.470345973968506,2.79699683189392,0.266918
1982-03-09,25.3790073394775,0.443615764379501,3.8084499835968,0.237037
1982-03-10,25.5245742797852,0.382270395755768,3.80963468551636,0.22743
1982-03-11,25.7068500518799,0.40264418721199,4.27253150939941,0.189024
1982-03-12,25.4053153991699,0.322231501340866,3.64469909667969,0.16862
1982-03-13,24.854082107544,0.255578756332397,3.49645018577576,0.157152
1982-03-14,25.2754936218262,0.46628475189209,3.63569307327271,0.157152
1982-03-15,25.6548328399658,0.0462400354444981,4.12031126022339,0.14272
1982-03-16,25.8105449676514,0.0467098727822304,4.65389251708984,0.116669
1982-03-17,27.0190525054932,0.321366250514984,3.76810765266418,0.091526
1982-03-18,26.5997467041016,1.24656689167023,3.9270179271698,0.079344
1982-03-19,26.4027252197266,5.5563850402832,3.31239628791809,0.081681
1982-03-20,26.9241046905518,0.228581458330154,3.5644474029541,0.096762
1982-03-21,26.9731273651123,0.320741385221481,3.62981867790222,0.084083
1982-03-22,26.6651592254639,0.856275796890259,4.04519271850586,0.0748
1982-03-23,26.5733737945557,0.879294633865356,3.77886271476746,0.0748
1982-03-24,26.9678955078125,0.0655514374375343,4.12087154388428,0.072593
1982-03-25,26.8083095550537,0.101837024092674,4.80524349212647,0.068331
1982-03-26,27.2518939971924,0.020969370380044,4.51236581802368,0.053011
1982-03-27,26.4765281677246,0.0520237609744072,4.31559133529663,0.04321
1982-03-28,26.3896331787109,0.571910738945007,4.20118713378906,0.037433
1982-03-29,25.0724601745605,0.0363903529942036,4.09433221817017,0.031006
1982-03-30,25.4728202819824,0.124462381005287,3.37351751327515,0.031006
1982-03-31,25.5520839691162,0.972391128540039,3.29026079177856,0.029816
1982-04-01,25.7644653320313,2.92790865898132,3.68625235557556,0.028669
1982-04-02,25.9131336212158,0.655464947223663,3.77052426338196,0.028669
1982-04-03,25.747428894043,3.19488048553467,3.43821334838867,0.027544
1982-04-04,25.5665912628174,4.7870397567749,3.5332236289978,0.027544
1982-04-05,25.9086647033691,2.97439670562744,3.65877056121826,0.028669
1982-04-06,25.6956729888916,5.4721531867981,3.76912665367126,0.028669
1982-04-07,24.7017154693604,36.6755981445313,2.07521653175354,0.028669
1982-04-08,23.9824924468994,10.7548084259033,2.38883686065674,0.104963
1982-04-09,24.24538230896,16.6514682769775,2.25488328933716,1.020352
1982-04-10,23.2827854156494,16.2740154266357,1.5544261932373,2.559027
1982-04-11,23.7018661499023,17.3327598571777,2.52761697769165,5.99467
1982-04-12,23.7996025085449,3.91400074958801,2.68546390533447,2.645858
1982-04-13,24.3545608520508,6.76103925704956,2.62020254135132,0.965372
1982-04-14,24.3616447448731,8.21183300018311,2.62672638893127,1.735943
1982-04-15,25.2540969848633,3.43104529380798,3.08171892166138,1.399568
1982-04-16,25.6262741088867,0.693814337253571,2.98751497268677,1.173523
1982-04-17,24.0830764770508,8.5151252746582,1.4344288110733,0.791949
1982-04-18,23.5689525604248,11.5267448425293,2.28011870384216,3.70968
1982-04-19,23.4686374664307,1.62259674072266,3.24902319908142,2.129807
1982-04-20,22.906759262085,0.99950635433197,2.79178714752197,0.759103
1982-04-21,21.633918762207,0.713933229446411,3.87795805931091,0.389732
1982-04-22,22.8610801696777,0.630546569824219,2.11608815193176,0.309198
1982-04-23,23.3456859588623,0.368170559406281,3.75267481803894,0.217996
1982-04-24,22.7086181640625,0.114646352827549,3.26975631713867,0.208735
1982-04-25,23.0168533325195,0.211931392550468,2.55312824249268,0.197636
1982-04-26,22.3666286468506,1.02917325496674,2.5282473564148,0.176582
1982-04-27,21.8759155273438,0.301517277956009,2.56771683692932,0.16862
1982-04-28,21.8717632293701,0.338683128356934,2.51901030540466,0.160917
1982-04-29,22.1453475952148,1.14973306655884,2.94698429107666,0.139258
1982-04-30,21.2982025146484,0.955230414867401,1.39454591274261,0.113661
1982-05-01,20.4908847808838,1.26743924617767,1.0320897102356,0.088994
1982-05-02,21.4396915435791,2.01813125610352,1.32134592533112,0.088994
1982-05-03,22.3944454193115,1.1560595035553,2.64881110191345,0.088994
1982-05-04,22.8083190917969,1.94698333740234,3.00419211387634,0.125994
1982-05-05,21.4763126373291,1.10070443153381,2.53873229026794,0.146225
1982-05-06,19.6554489135742,0.851427435874939,2.64239716529846,0.176582
1982-05-07,20.0093555450439,0.473844289779663,2.25064992904663,0.160917
1982-05-08,21.1235122680664,0.986196041107178,1.95433759689331,0.12924
1982-05-09,21.4290294647217,2.63584733009338,2.1100959777832,0.104963
1982-05-10,21.6086807250977,0.758029699325562,2.31126284599304,0.102172
1982-05-11,21.8875007629395,1.21009373664856,1.92151772975922,0.099445
1982-05-12,22.6215209960938,2.19001007080078,1.82013607025146,0.122835
1982-05-13,22.7581653594971,6.20266437530518,2.1713809967041,0.153452
1982-05-14,22.3907032012939,1.25111818313599,2.55450963973999,0.146225
1982-05-15,22.2619972229004,0.574784994125366,2.38469624519348,0.153452
1982-05-16,22.6365509033203,10.9525604248047,1.68575763702393,0.176582
1982-05-17,22.7688617706299,1.82414352893829,2.62891173362732,0.184805
1982-05-18,21.7058525085449,2.27168798446655,2.75397443771362,0.22743
1982-05-19,23.3163166046143,0.469218909740448,2.21645879745483,0.217996
1982-05-20,23.9047718048096,2.26532888412476,2.80763697624207,0.189024
1982-05-21,24.161491394043,0.742976427078247,2.3750946521759,0.16862
1982-05-22,23.6795959472656,1.58194494247437,1.90927362442017,0.153452
1982-05-23,23.5603580474854,1.9755003452301,2.31599450111389,0.113661
1982-05-24,22.6165714263916,9.47796535491943,1.83393490314484,0.180672
1982-05-25,22.709135055542,12.363284111023,1.69983422756195,0.491795
1982-05-26,22.8231983184815,2.05708646774292,1.96659529209137,0.389732
1982-05-27,23.5266361236572,1.01092493534088,2.42795395851135,0.298357
1982-05-28,23.8875865936279,1.19420409202576,2.55874919891357,0.197636
1982-05-29,21.8736705780029,2.70624256134033,1.84673452377319,0.164747
1982-05-30,20.8605442047119,5.49671363830566,0.683033108711243,0.197636
1982-05-31,21.5318756103516,1.39618408679962,2.15844774246216,0.22743
1982-06-01,20.9739570617676,0.0894305780529976,2.25102782249451,0.22743
1982-06-02,21.3366355895996,1.78099250793457,2.11865663528442,0.217996
1982-06-03,21.069034576416,2.47591638565064,2.10556936264038,0.197636
1982-06-04,21.8693466186523,3.02072429656982,2.17138481140137,0.208735
1982-06-05,21.6199226379395,9.22104072570801,0.903432905673981,0.256792
1982-06-06,22.3560199737549,1.64271306991577,2.27929615974426,0.309198
1982-06-07,22.7748699188232,0.879923641681671,1.95666813850403,0.298357
1982-06-08,22.5022468566895,0.60336172580719,2.21980619430542,0.22743
1982-06-09,22.2585792541504,1.20419442653656,2.12084245681763,0.217996
1982-06-10,21.5217247009277,2.54334425926209,1.57827007770538,0.237037
1982-06-11,21.0265960693359,1.41559505462646,1.36164426803589,0.197636
1982-06-12,22.397705078125,2.76202344894409,1.89164471626282,0.197636
1982-06-13,21.4692802429199,3.4614405632019,2.02440094947815,0.217996
1982-06-14,22.4591655731201,5.66079664230347,2.40474843978882,0.256792
1982-06-15,21.9492855072021,1.56423282623291,2.47811484336853,0.331354
1982-06-16,21.582576751709,1.10002148151398,1.90434920787811,0.22743
1982-06-17,21.6949787139893,1.85365056991577,2.08588457107544,0.217996
1982-06-18,21.6704006195068,4.46141910552979,2.23730945587158,0.22743
1982-06-19,21.8064975738525,5.8225564956665,2.04810166358948,0.256792
1982-06-20,21.3226528167725,1.37814903259277,2.62541007995605,0.320189
1982-06-21,21.9355945587158,0.0217555835843086,2.9268319606781,0.277239
1982-06-22,22.4722938537598,0.647370278835297,1.81656050682068,0.208735
1982-06-23,22.8081893920898,0.404487878084183,2.14656400680542,0.189024
1982-06-24,23.0209560394287,0.700364470481873,2.86545395851135,0.172579
1982-06-25,22.6274547576904,0.407500237226486,2.85804986953735,0.16862
1982-06-26,21.9556121826172,0.277269273996353,2.91330599784851,0.164747
1982-06-27,22.360294342041,0.0991755947470665,2.24519991874695,0.139258
1982-06-28,22.0084571838379,0.503417253494263,1.81057476997376,0.125994
1982-06-29,21.7546443939209,0.376358181238174,2.43309926986694,0.096762
1982-06-30,22.5657577514648,0.378238886594772,2.42258048057556,0.066275
1982-07-01,21.5363159179688,1.27671027183533,2.13643956184387,0.107819
1982-07-02,22.1418685913086,2.32575964927673,1.95706939697266,0.094122
1982-07-03,22.2384700775147,4.95392322540283,2.15545654296875,0.081681
1982-07-04,22.0826301574707,7.693115234375,2.07207369804382,0.12924
1982-07-05,21.7257308959961,1.42994999885559,2.35645985603333,0.208735
1982-07-06,21.9131870269775,1.52009463310242,2.57437086105347,0.22743
1982-07-07,21.2558479309082,0.54990541934967,1.9962557554245,0.208735
1982-07-08,22.0612125396729,1.06380867958069,2.10823535919189,0.16862
1982-07-09,21.7439365386963,0.201829016208649,2.95368909835815,0.149817
1982-07-10,20.9505252838135,0.0438474752008915,3.01235795021057,0.135861
1982-07-11,21.6472682952881,0.0154194878414273,2.66720986366272,0.119719
1982-07-12,20.8241539001465,0.59460175037384,2.76105952262878,0.094122
1982-07-13,21.8151683807373,0.668855965137482,2.92621445655823,0.077051
1982-07-14,22.4853687286377,0.4150011241436,3.02531886100769,0.056582
1982-07-15,22.6952228546143,1.8449147939682,1.95470142364502,0.054786
1982-07-16,21.2291488647461,4.04507541656494,0.790768146514893,0.049593
1982-07-17,20.8667774200439,0.772916495800018,1.98853278160095,0.047948
1982-07-18,21.9360542297363,0.83741307258606,2.07838654518127,0.062272
1982-07-19,21.2714157104492,0.716521501541138,2.34117841720581,0.066275
1982-07-20,21.0730209350586,1.58997213840485,2.39838981628418,0.058442
1982-07-21,20.9433059692383,1.76620125770569,2.61334586143494,0.058442
1982-07-22,21.319314956665,1.40279316902161,2.25727438926697,0.058442
1982-07-23,21.4730396270752,7.26440954208374,2.38033962249756,0.04321
1982-07-24,21.7807559967041,4.36233520507813,2.50955295562744,0.058442
1982-07-25,21.5644302368164,5.77341175079346,2.45973753929138,0.110697
1982-07-26,20.989013671875,4.24543619155884,2.358229637146,0.184805
1982-07-27,20.7447109222412,4.33524370193481,2.09667897224426,0.208735
1982-07-28,21.114839553833,3.63538599014282,2.69766306877136,0.246817
1982-07-29,21.1424827575684,1.82228970527649,1.87347555160522,0.237037
1982-07-30,21.5517921447754,0.787791013717651,2.78131127357483,0.217996
1982-07-31,22.1446228027344,0.601531744003296,2.41880631446838,0.164747
1982-08-01,21.3688640594482,0.628430366516113,1.79561913013458,0.176582
1982-08-02,21.3119144439697,0.796550571918488,1.68998789787292,0.146225
1982-08-03,22.102596282959,0.0542291402816773,3.08109021186829,0.113661
1982-08-04,22.785436630249,0.368031531572342,2.70859408378601,0.102172
1982-08-05,21.6868209838867,0.459220290184021,2.20470213890076,0.077051
1982-08-06,21.7656574249268,2.26010632514954,2.16214823722839,0.056582
1982-08-07,21.1835670471191,2.63737750053406,2.25643277168274,0.04321
1982-08-08,21.4251079559326,2.93114042282105,2.73696136474609,0.038839
1982-08-09,20.9737091064453,4.40420198440552,1.8499368429184,0.040267
1982-08-10,22.1864147186279,5.17028474807739,2.63754272460938,0.064241
1982-08-11,21.840892791748,0.693698644638062,2.56419825553894,0.176582
1982-08-12,20.9768962860107,1.73425829410553,2.35220241546631,0.176582
1982-08-13,20.7015247344971,1.26284492015839,2.58281064033508,0.14272
1982-08-14,20.4912509918213,2.34159731864929,2.69743299484253,0.084083
1982-08-15,21.6443290710449,1.49913501739502,2.65868043899536,0.084083
1982-08-16,21.2360382080078,1.41822552680969,2.11152863502502,0.077051
1982-08-17,22.0497245788574,0.508848190307617,2.5345675945282,0.056582
1982-08-18,22.9233283996582,0.186884090304375,3.62985992431641,0.04321
1982-08-19,23.0554809570313,0.382170766592026,3.69910621643066,0.037433
1982-08-20,22.7370872497559,1.9153813123703,2.17157697677612,0.033473
1982-08-21,21.5639228820801,5.21743535995483,1.34070432186127,0.038839
1982-08-22,22.6768207550049,4.21578550338745,2.76055264472961,0.049593
1982-08-23,22.6320018768311,2.63295078277588,2.47559785842896,0.088994
1982-08-24,22.9603881835938,5.22193336486816,3.09138488769531,0.208735
1982-08-25,22.66259765625,2.0171799659729,2.76774740219116,0.246817
1982-08-26,22.3887214660645,3.14644598960876,2.87407827377319,0.208735
1982-08-27,22.0901851654053,2.30335807800293,2.36287260055542,0.197636
1982-08-28,21.0710201263428,4.20226812362671,2.51683926582336,0.246817
1982-08-29,21.0419445037842,5.41202259063721,1.96249949932098,0.277239
1982-08-30,21.8020057678223,2.16896486282349,3.03248691558838,0.354203
1982-08-31,21.594388961792,0.649241387844086,2.69249606132507,0.266918
1982-09-01,23.0087108612061,0.555724799633026,3.02418828010559,0.208735
1982-09-02,22.0722351074219,0.466013312339783,2.89802360534668,0.184805
1982-09-03,22.1230220794678,1.40618014335632,2.82618641853333,0.172579
1982-09-04,21.6672534942627,1.97065913677216,2.90740513801575,0.172579
1982-09-05,22.296236038208,3.08076739311218,3.15579962730408,0.160917
1982-09-06,22.1564502716064,0.482788115739822,2.76799774169922,0.157152
1982-09-07,22.1870899200439,0.686617910861969,2.66218113899231,0.157152
1982-09-08,19.9518909454346,1.59046590328217,2.26471900939941,0.14272
1982-09-09,19.8463325500488,0.170370697975159,3.57625341415405,0.116669
1982-09-10,20.5345268249512,0.348988980054855,3.20303177833557,0.107819
1982-09-11,21.7660884857178,0.450367480516434,3.23641920089722,0.094122
1982-09-12,21.7191638946533,0.283092021942139,2.93702340126038,0.068331
1982-09-13,21.8059787750244,0.548126757144928,2.17764353752136,0.056582
1982-09-14,22.8278465270996,3.62002539634705,2.87507319450378,0.054786
1982-09-15,22.7715740203857,1.5643755197525,3.62541246414185,0.049593
1982-09-16,21.4952850341797,3.1906521320343,2.82522392272949,0.04321
1982-09-17,21.8459701538086,4.3921799659729,2.78048729896545,0.049593
1982-09-18,23.3692150115967,2.83704733848572,3.09005188941956,0.079344
1982-09-19,25.0728931427002,1.17018270492554,3.38471794128418,0.110697
1982-09-20,22.4272575378418,7.06106185913086,1.05513823032379,0.266918
1982-09-21,21.1272430419922,12.204794883728,1.06211185455322,0.309198
1982-09-22,20.5444374084473,4.30790281295776,1.19387269020081,0.246817
1982-09-23,21.2885608673096,0.832514703273773,2.47607445716858,0.193308
1982-09-24,20.8926181793213,1.29900121688843,2.60032653808594,0.287712
1982-09-25,20.7091808319092,0.704505205154419,2.68199181556702,0.22743
1982-09-26,20.7180500030518,0.676940143108368,3.63054013252258,0.193308
1982-09-27,23.1326656341553,0.111960396170616,3.60109639167786,0.172579
1982-09-28,24.9770336151123,0.105011142790318,4.50487184524536,0.160917
1982-09-29,22.390567779541,4.41414976119995,1.45494282245636,0.149817
1982-09-30,20.4393196105957,6.7974591255188,1.20231640338898,0.125994
1982-10-01,20.1033573150635,3.00384712219238,1.72739124298096,0.113661
1982-10-02,20.9792995452881,0.846167862415314,2.45128393173218,0.110697
1982-10-03,23.0522575378418,0.342765271663666,3.69091248512268,0.164747
1982-10-04,23.9819660186768,0.433146178722382,3.5134551525116,0.193308
1982-10-05,24.4199867248535,0.352520972490311,3.57892441749573,0.176582
1982-10-06,24.0980949401856,0.449091255664825,3.83695864677429,0.157152
1982-10-07,24.7752914428711,0.0589029751718044,4.4552435874939,0.125994
1982-10-08,24.377290725708,0.711707234382629,3.60059237480164,0.094122
1982-10-09,23.9733009338379,2.00310921669006,3.79532551765442,0.0748
1982-10-10,23.916955947876,0.0588983148336411,4.60039138793945,0.064241
1982-10-11,24.2251224517822,0.140391767024994,4.80705118179321,0.046326
1982-10-12,24.8802433013916,0.762016773223877,4.44335603713989,0.041717
1982-10-13,24.6207427978516,0.00317946285940707,5.10489177703857,0.038839
1982-10-14,25.0742950439453,0.211896046996117,3.64280390739441,0.033473
1982-10-15,23.8958377838135,0.854816198348999,3.17138385772705,0.032218
1982-10-16,21.3846988677979,4.94457006454468,1.10049164295197,0.033473
1982-10-17,21.4890041351318,5.20143461227417,2.43874382972717,0.034771
1982-10-18,22.9661445617676,2.01484107971191,2.88600778579712,0.049593
1982-10-19,24.9609394073486,3.9232063293457,4.62638425827026,0.099445
1982-10-20,24.6325836181641,0.55828583240509,4.73708295822144,0.146225
1982-10-21,23.3900356292725,3.25165033340454,4.53234767913818,0.139258
1982-10-22,22.2320747375488,3.7510187625885,3.17450141906738,0.122835
1982-10-23,23.7054290771484,0.562550008296967,3.71879768371582,0.072593
1982-10-24,23.9380931854248,0.105550169944763,3.36754679679871,0.046326
1982-10-25,23.5124073028564,0.395069718360901,3.42288255691528,0.037433
1982-10-26,23.783805847168,0.123564995825291,3.61534357070923,0.033473
1982-10-27,24.4678707122803,0.193027496337891,4.15717220306397,0.027544
1982-10-28,24.290599822998,0.361165881156921,3.63693714141846,0.026441
1982-10-29,24.9487800598145,0.342651665210724,3.91586804389954,0.023347
1982-10-30,25.8505268096924,1.80392694473267,4.28221845626831,0.022373
1982-10-31,25.4727172851563,3.69752216339111,3.99427342414856,0.022373
1982-11-01,24.3493995666504,2.43245124816895,4.06674861907959,0.022373
1982-11-02,23.3863983154297,5.3703236579895,3.72274732589722,0.023347
1982-11-03,23.8306217193604,3.06817054748535,4.74560308456421,0.026441
1982-11-04,22.939790725708,0.528420805931091,3.75346088409424,0.038839
1982-11-05,24.7100524902344,1.38465869426727,4.24393129348755,0.066275
1982-11-06,24.6568851470947,0.42326158285141,3.91469597816467,0.062272
1982-11-07,24.4059200286865,0.500088930130005,3.67609143257141,0.04321
1982-11-08,24.6100769042969,0.834792912006378,3.810622215271,0.040267
1982-11-09,24.7700519561768,0.228527918457985,4.23544836044312,0.028669
1982-11-10,24.6425724029541,1.19511544704437,3.85357642173767,0.026441
1982-11-11,24.7636604309082,2.18259978294373,3.49463486671448,0.023347
1982-11-12,26.0989322662354,0.443331837654114,4.37318992614746,0.020512
1982-11-13,25.2481632232666,0.0759801641106606,4.18673610687256,0.020512
1982-11-14,24.5231952667236,1.12310421466827,4.00220441818237,0.020512
1982-11-15,24.9475955963135,1.11890578269959,5.16940975189209,0.020512
1982-11-16,25.8464641571045,0.0290394593030214,4.6421275138855,0.01876
1982-11-17,26.4620933532715,0.127171412110329,4.47286462783814,0.01876
1982-11-18,26.462574005127,0.101598806679249,5.10320663452148,0.01876
1982-11-19,26.0832328796387,0.182334080338478,4.38195896148682,0.017937
1982-11-20,25.724910736084,0.0389009863138199,4.7589430809021,0.015579
1982-11-21,26.4869289398193,0.00434782961383462,5.62490081787109,0.014843
1982-11-22,25.8654956817627,0.0125401597470045,4.863609790802,0.014151
1982-11-23,26.3220844268799,0.17756575345993,4.83690643310547,0.014151
1982-11-24,25.4241466522217,0.0382551625370979,4.31728267669678,0.01216
1982-11-25,24.9662094116211,1.01467669010162,4.88388967514038,0.011533
1982-11-26,25.4199390411377,0.00649665808305144,5.07385778427124,0.011533
1982-11-27,25.659631729126,0.229751646518707,5.04120874404907,0.009823
1982-11-28,25.9165458679199,0.00304104574024677,5.42154788970947,0.009304
1982-11-29,26.1524066925049,0.118532612919807,4.08730602264404,0.009304
1982-11-30,26.0788040161133,0.0348965749144554,4.31788921356201,0.009304
1982-12-01,25.3542461395264,0.0607775561511517,4.01842927932739,0.008785
1982-12-02,25.8863258361816,0.333637565374374,5.40133237838745,0.008287
1982-12-03,26.6089267730713,4.0331449508667,4.97314167022705,0.008287
1982-12-04,26.2808513641357,6.54013586044312,4.24134254455566,0.008287
1982-12-05,24.958179473877,1.52523136138916,4.35864782333374,0.008287
1982-12-06,25.5757007598877,0.364782333374023,4.64877796173096,0.066275
1982-12-07,24.621057510376,0.0714889392256737,3.79927539825439,0.049593
1982-12-08,26.0331344604492,0.0917701721191406,5.18041181564331,0.04321
1982-12-09,24.357234954834,0.622137129306793,4.39773988723755,0.033473
1982-12-10,24.8832302093506,4.34101152420044,4.31406211853027,0.027544
1982-12-11,24.0479373931885,1.86240518093109,3.4777626991272,0.023347
1982-12-12,24.6423816680908,0.73364120721817,4.19180822372437,0.020512
1982-12-13,24.7886009216309,0.386570274829865,4.91861772537231,0.019625
1982-12-14,24.9074821472168,0.606163203716278,4.34295463562012,0.016336
1982-12-15,25.0287208557129,0.850413501262665,3.65686249732971,0.015579
1982-12-16,25.5884742736816,4.35038995742798,3.68006706237793,0.015579
1982-12-17,25.6642227172852,0.823683083057404,4.23494911193848,0.017115
1982-12-18,25.4716110229492,0.36794126033783,3.56939101219177,0.014843
1982-12-19,25.5902042388916,0.0273490007966757,4.60724115371704,0.014151
1982-12-20,26.4085884094238,0.152084186673164,5.01216173171997,0.01216
1982-12-21,26.9865264892578,0.141736298799515,4.70900535583496,0.011533
1982-12-22,26.8875503540039,0.0328107140958309,5.07085371017456,0.011533
1982-12-23,27.4024887084961,0.0389973260462284,4.54539775848389,0.010948
1982-12-24,27.7622413635254,0.268439173698425,4.47990798950195,0.009823
1982-12-25,27.3628768920898,0.425060659646988,4.62777853012085,0.008287
1982-12-26,24.6225471496582,3.09005856513977,3.26476907730103,0.006946
1982-12-27,24.1382293701172,5.91676139831543,1.8525687456131,0.005756
1982-12-28,24.58567237854,3.65730667114258,2.36219549179077,0.005756
1982-12-29,24.8694324493408,12.2624473571777,3.53030776977539,0.005756
1982-12-30,24.7554798126221,6.42491388320923,3.30943441390991,0.005756
1982-12-31,25.4752941131592,11.7252330780029,3.62469911575317,0.005756
1983-01-01,24.6301422119141,16.3306407928467,2.28254461288452,0.023347
1983-01-02,26.1508769989014,2.25632047653198,4.67893028259277,0.044768
1983-01-03,26.2271728515625,0.897585153579712,3.13613820075989,0.16862
1983-01-04,26.5216789245606,1.13895010948181,3.53240156173706,0.146225
1983-01-05,26.6585197448731,0.330440640449524,4.27265024185181,0.091526
1983-01-06,26.3776531219482,0.504412829875946,4.43297624588013,0.046326
1983-01-07,27.0033016204834,0.0892271995544434,5.0185718536377,0.036091
1983-01-08,27.1665859222412,0.522602140903473,4.68879175186157,0.032218
1983-01-09,26.8316555023193,0.340463727712631,5.21976280212402,0.027544
1983-01-10,26.659387588501,0.104284331202507,4.17970705032349,0.017937
1983-01-11,26.628173828125,0.01418053265661,5.36071920394898,0.013458
1983-01-12,27.058256149292,0.0549326278269291,5.29752254486084,0.011533
1983-01-13,27.0836524963379,0.868185341358185,4.1759672164917,0.010364
1983-01-14,26.4597511291504,0.620473980903626,4.51767015457153,0.010364
1983-01-15,25.9908676147461,0.118992194533348,2.72794389724731,0.010364
1983-01-16,26.5445327758789,0.858498990535736,4.09013557434082,0.009304
1983-01-17,27.1218185424805,3.09810996055603,4.51953601837158,0.008287
1983-01-18,27.6779747009277,0.558118104934692,4.76384353637695,0.007378
1983-01-19,28.5748596191406,1.83862495422363,4.94982671737671,0.025381
1983-01-20,27.6418170928955,9.92714405059814,4.14569807052612,0.034771
1983-01-21,28.2457313537598,1.82020449638367,3.39079880714417,0.025381
1983-01-22,26.9205799102783,10.9995164871216,2.17907047271729,0.019625
1983-01-23,26.478889465332,2.50302529335022,2.38232135772705,0.014151
1983-01-24,25.070671081543,2.01434111595154,1.69683539867401,0.014151
1983-01-25,24.9930839538574,1.73508131504059,2.23025870323181,0.011533
1983-01-26,24.4514636993408,3.35807132720947,1.90280699729919,0.011533
1983-01-27,24.2064342498779,10.042160987854,1.65975379943848,0.031006
1983-01-28,24.3006210327148,10.2696380615234,2.83374309539795,0.041717
1983-01-29,25.0302085876465,4.60178089141846,4.35680389404297,0.046326
1983-01-30,25.0551452636719,3.40498900413513,4.00785684585571,0.062272
1983-01-31,25.2946376800537,2.39390730857849,3.96346426010132,0.077051
1983-02-01,25.5802345275879,1.00982582569122,3.84960389137268,0.068331
1983-02-02,26.065221786499,2.37414240837097,4.46186208724976,0.054786
1983-02-03,25.5797729492188,1.39939951896667,2.79898166656494,0.040267
1983-02-04,25.7507801055908,5.20300674438477,3.30027461051941,0.028669
1983-02-05,25.3048114776611,9.21181488037109,2.98986768722534,0.04321
1983-02-06,25.3692455291748,9.67090702056885,3.0493323802948,0.077051
1983-02-07,25.6106300354004,14.402702331543,4.0393328666687,0.320189
1983-02-08,24.6869773864746,8.05796527862549,2.51922607421875,0.947348
1983-02-09,25.0918312072754,18.9588108062744,2.36906099319458,0.947348
1983-02-10,24.8874034881592,23.7637367248535,1.69239461421967,3.334185
1983-02-11,26.5573272705078,2.18747401237488,4.05557250976563,3.67467
1983-02-12,26.8617820739746,1.45432937145233,4.98983430862427,1.953095
1983-02-13,26.7728500366211,0.406618535518646,4.45200872421265,0.726885
1983-02-14,25.8741188049316,1.47521114349365,4.12995433807373,0.505297
1983-02-15,25.8932952880859,1.03492343425751,4.60867786407471,0.189024
1983-02-16,25.5059089660645,2.6011643409729,3.75007343292236,0.184805
1983-02-17,25.9687347412109,4.93943023681641,4.36095952987671,0.157152
1983-02-18,25.4718322753906,1.95135009288788,3.60686922073364,0.116669
1983-02-19,24.8124580383301,6.63762617111206,2.49845933914185,0.0748
1983-02-20,25.2889385223389,8.96311283111572,4.12153196334839,0.086506
1983-02-21,25.378511428833,6.28262329101563,3.87684464454651,0.146225
1983-02-22,25.1995105743408,10.5167484283447,3.43047094345093,0.287712
1983-02-23,25.8218402862549,8.96807956695557,4.14929485321045,0.575186
1983-02-24,26.2835922241211,1.86817538738251,3.91631007194519,0.619044
1983-02-25,26.7572841644287,1.23171985149384,4.47664785385132,0.401914
1983-02-26,26.0271701812744,0.452898681163788,4.12375354766846,0.309198
1983-02-27,26.5266151428223,0.285036116838455,4.07059669494629,0.197636
1983-02-28,26.3627395629883,0.355872839689255,4.12530851364136,0.164747
1983-03-01,27.0834522247315,0.288024991750717,5.18937540054321,0.160917
1983-03-02,26.7293682098389,1.01829504966736,4.95008182525635,0.12924
1983-03-03,26.3663387298584,0.0799839943647385,4.16118144989014,0.079344
1983-03-04,25.8031730651856,1.34606206417084,3.76052618026733,0.054786
1983-03-05,26.5516452789307,1.41839647293091,4.08816766738892,0.037433
1983-03-06,25.8270359039307,3.36189985275269,4.08498668670654,0.029816
1983-03-07,25.6278972625732,6.15576696395874,3.56236171722412,0.023347
1983-03-08,25.1788711547852,4.5296630859375,2.88575148582459,0.022373
1983-03-09,25.7073841094971,7.57120370864868,3.68104267120361,0.04321
1983-03-10,25.6605567932129,1.66746091842651,3.62219548225403,0.157152
1983-03-11,25.5130863189697,0.282829433679581,3.23289012908936,0.149817
1983-03-12,26.7666530609131,0.532604873180389,3.3609836101532,0.14272
1983-03-13,27.4095306396484,1.03349769115448,4.13087749481201,0.094122
1983-03-14,27.2277812957764,0.158927157521248,4.09295701980591,0.060347
1983-03-15,26.1481990814209,0.919755160808563,3.94804692268372,0.040267
1983-03-16,25.7962322235107,0.853663802146912,3.38007020950317,0.027544
1983-03-17,26.2584133148193,0.69381707906723,3.58771324157715,0.019625
1983-03-18,26.2977123260498,1.67654383182526,3.80625534057617,0.017115
1983-03-19,26.457670211792,0.531063854694367,3.91501712799072,0.014843
1983-03-20,26.2892627716064,0.36140164732933,4.57535791397095,0.01216
1983-03-21,26.6794681549072,1.02761793136597,4.20338535308838,0.009304
1983-03-22,25.339183807373,2.633376121521,3.2952287197113,0.008287
1983-03-23,24.1256732940674,4.76383638381958,2.10986185073853,0.010364
1983-03-24,24.2835578918457,1.26834571361542,2.78748393058777,0.011533
1983-03-25,23.8656024932861,2.18581104278564,1.92191660404205,0.011533
1983-03-26,24.5608177185059,6.53047561645508,1.49151313304901,0.028669
1983-03-27,24.1247787475586,21.2467441558838,1.52981197834015,0.054786
1983-03-28,24.0827102661133,12.7782554626465,1.09759283065796,0.146225
1983-03-29,25.3858661651611,15.8480014801025,3.67935085296631,0.894185
1983-03-30,26.1446399688721,9.56054019927979,4.09579133987427,2.421132
1983-03-31,26.3326740264893,3.69116258621216,3.38249278068543,2.181542
1983-04-01,25.688627243042,5.93883800506592,3.17881512641907,1.953095
1983-04-02,25.1312255859375,2.4849591255188,3.25773239135742,1.597529
1983-04-03,24.4106540679932,1.43970823287964,3.13783383369446,1.001874
1983-04-04,23.8061580657959,1.02087938785553,2.88988184928894,0.505297
1983-04-05,23.4987754821777,0.0402693264186382,2.89566898345947,0.342692
1983-04-06,25.0517864227295,0.400938183069229,3.35648989677429,0.176582
1983-04-07,26.8269958496094,1.97197878360748,4.32100296020508,0.149817
1983-04-08,26.6515464782715,7.66710901260376,3.37464499473572,0.12924
1983-04-09,25.6166553497314,8.16096496582031,3.05622172355652,0.077051
1983-04-10,24.8162136077881,8.48710823059082,2.36253547668457,0.079344
1983-04-11,24.4691295623779,10.7345371246338,2.51726984977722,1.553367
1983-04-12,24.3139247894287,2.27396893501282,2.78572058677673,0.894661
1983-04-13,24.6301651000977,0.687514364719391,2.73231220245361,0.505557
1983-04-14,25.352128982544,1.27957165241241,3.26952242851257,0.20906
1983-04-15,24.830207824707,0.37786003947258,2.90660953521729,0.101674
1983-04-16,25.5066146850586,0.940645694732666,3.29296827316284,0.081962
1983-04-17,24.8042507171631,1.16863417625427,3.02536344528198,0.063895
1983-04-18,23.4658126831055,1.36214900016785,2.54420495033264,0.063895
1983-04-19,25.30495262146,0.253239125013351,3.39004707336426,0.055521
1983-04-20,25.4397087097168,0.553757965564728,4.02469396591187,0.055521
1983-04-21,25.402063369751,0.126830741763115,3.67950534820557,0.047602
1983-04-22,26.4730815887451,0.00608101161196828,3.92733526229858,0.047602
1983-04-23,25.7580127716065,1.78977596759796,2.69203495979309,0.047602
1983-04-24,25.4213562011719,5.52653646469116,2.90734720230103,0.047602
1983-04-25,25.8936042785645,3.35602521896362,3.30558729171753,0.047602
1983-04-26,26.0732269287109,0.0733448415994644,3.3808856010437,0.047602
1983-04-27,25.1804676055908,0.475969642400742,3.59601449966431,0.055521
1983-04-28,23.9843978881836,0.689097106456757,2.5145571231842,0.063895
1983-04-29,24.1923446655273,2.09428954124451,2.95007228851318,0.047602
1983-04-30,25.1319446563721,3.7766649723053,3.18827033042908,0.047602
1983-05-01,24.1474857330322,8.20370388031006,3.05119037628174,0.047602
1983-05-02,24.353157043457,2.16654467582703,2.75708413124084,0.047602
1983-05-03,23.6627311706543,1.01297402381897,2.55976343154907,0.047602
1983-05-04,23.9431076049805,2.49517416954041,2.66121649742126,0.047602
1983-05-05,23.6753406524658,3.638747215271,2.7069616317749,0.047602
1983-05-06,23.8183403015137,0.955676913261414,2.50298595428467,0.047602
1983-05-07,23.196590423584,10.7170629501343,1.76693165302277,0.055521
1983-05-08,23.5515155792236,20.0131855010986,2.37069249153137,1.154482
1983-05-09,24.515100479126,2.45806908607483,2.61250638961792,0.519231
1983-05-10,24.7809753417969,2.33243918418884,2.34003734588623,0.393756
1983-05-11,24.0848445892334,1.05207419395447,1.70223116874695,0.236713
1983-05-12,23.5330390930176,0.658518493175507,3.0283739566803,0.134195
1983-05-13,22.9122543334961,3.53945708274841,2.85600709915161,0.081962
1983-05-14,23.0299625396729,2.12756109237671,2.32729911804199,0.081962
1983-05-15,22.7792930603027,3.71174907684326,2.39902067184448,0.072723
1983-05-16,23.5003185272217,5.4133038520813,2.37651443481445,0.063895
1983-05-17,23.0752182006836,1.20239508152008,2.49869680404663,0.081962
1983-05-18,23.6782817840576,2.8413302898407,2.62075304985046,0.122987
1983-05-19,23.8896255493164,7.68256378173828,2.6837637424469,0.295891
1983-05-20,24.172737121582,2.44500494003296,2.74464797973633,0.20906
1983-05-21,24.620906829834,1.20497906208038,2.93973445892334,0.170048
1983-05-22,24.5561695098877,0.897629797458649,2.53096985816956,0.134195
1983-05-23,24.3497581481934,3.73929667472839,2.49974203109741,0.182706
1983-05-24,23.7696132659912,3.63759350776672,2.42787957191467,0.157758
1983-05-25,24.7319107055664,0.279302299022675,2.98156452178955,0.112146
1983-05-26,24.2937965393066,0.475210160017014,2.86925530433655,0.081962
1983-05-27,23.379825592041,0.477007567882538,2.23742723464966,0.055521
1983-05-28,22.8588199615479,0.387619346380234,1.90465497970581,0.047602
1983-05-29,23.6530094146729,0.0670231208205223,2.70710897445679,0.047602
1983-05-30,24.104700088501,0.194300502538681,2.13969612121582,0.047602
1983-05-31,24.4051380157471,0.0840493366122246,2.26480793952942,0.040159
1983-06-01,23.7007808685303,0.34868323802948,2.5170476436615,0.040159
1983-06-02,24.1089973449707,0.0671070218086243,2.55420923233032,0.040159
1983-06-03,23.5790977478027,0.742244482040405,2.27178502082825,0.033192
1983-06-04,22.7330112457275,0.0394456498324871,2.78726506233215,0.033192
1983-06-05,22.448299407959,0.318906098604202,2.97397208213806,0.033192
1983-06-06,22.3760662078857,2.71619558334351,1.69519412517548,0.040159
1983-06-07,23.7928905487061,10.1006393432617,2.48311972618103,0.040159
1983-06-08,23.0721797943115,0.450601667165756,2.39768958091736,0.047602
1983-06-09,22.3969955444336,0.552768528461456,2.25077033042908,0.047602
1983-06-10,22.901159286499,0.569243431091309,2.09837794303894,0.040159
1983-06-11,22.5223808288574,1.62664175033569,2.3257417678833,0.047602
1983-06-12,21.7570171356201,1.91402935981751,1.35424220561981,0.063895
1983-06-13,23.0438346862793,9.13640213012695,2.31862616539001,0.072723
1983-06-14,23.0785617828369,5.15470027923584,2.30827140808105,0.055521
1983-06-15,22.6974811553955,0.919611871242523,2.30992794036865,0.047602
1983-06-16,23.0211200714111,1.58851194381714,2.41501450538635,0.047602
1983-06-17,22.0075378417969,3.30788826942444,1.50902509689331,0.047602
1983-06-18,21.9898548126221,11.5976419448853,1.2225399017334,0.055521
1983-06-19,21.8355464935303,7.1244854927063,2.45617032051086,0.081962
1983-06-20,21.4092788696289,9.46518611907959,1.17601120471954,0.112146
1983-06-21,20.8588218688965,9.21039199829102,1.18427491188049,0.236713
1983-06-22,22.1837310791016,8.81989765167236,2.12252306938171,0.759514
1983-06-23,21.9684829711914,5.55855369567871,2.08614087104797,0.589964
1983-06-24,21.990686416626,5.23593044281006,2.18427705764771,0.711393
1983-06-25,21.8188018798828,1.68360340595245,2.10122156143188,1.575805
1983-06-26,22.6539726257324,0.930758833885193,2.57687425613403,0.842818
1983-06-27,23.1902923583984,0.731930673122406,2.21054673194885,0.547035
1983-06-28,22.9717521667481,3.30653595924377,2.07172346115112,0.359959
1983-06-29,23.0886764526367,4.56275129318237,2.34218335151672,0.280636
1983-06-30,21.9681949615479,3.25106763839722,1.96422922611237,0.222713
1983-07-01,22.5077323913574,1.03087377548218,1.83121454715729,0.19571
1983-07-02,22.8721027374268,0.518405556678772,2.50285053253174,0.134195
1983-07-03,23.3749923706055,0.807329714298248,2.85011100769043,0.101674
1983-07-04,21.9804153442383,1.1656813621521,2.50020933151245,0.101674
1983-07-05,22.3006172180176,7.31923389434815,2.10519981384277,0.091613
1983-07-06,22.4183158874512,3.39083409309387,2.25960612297058,0.063895
1983-07-07,22.9565143585205,3.83118653297424,2.53254461288452,0.112146
1983-07-08,22.8147869110107,3.28839373588562,2.25081896781921,0.170048
1983-07-09,22.1148452758789,0.499715656042099,2.80012917518616,0.170048
1983-07-10,21.4794597625732,0.440052449703217,2.73770594596863,0.122987
1983-07-11,22.3856887817383,0.430867403745651,1.94616448879242,0.112146
1983-07-12,22.2968502044678,0.831016659736633,2.36158490180969,0.101674
1983-07-13,21.8935985565186,0.575209379196167,2.27991676330566,0.072723
1983-07-14,21.5366230010986,2.04010939598084,1.95184516906738,0.063895
1983-07-15,20.9866371154785,2.14486956596375,2.24427008628845,0.063895
1983-07-16,22.2062129974365,1.63400399684906,2.7487645149231,0.063895
1983-07-17,21.6088275909424,0.371302515268326,2.44826483726501,0.063895
1983-07-18,22.2827529907227,0.0932904183864594,2.70545840263367,0.063895
1983-07-19,22.8307914733887,1.46072101593018,2.48052954673767,0.063895
1983-07-20,23.3495349884033,1.56336307525635,2.86399054527283,0.047602
1983-07-21,22.9638576507568,0.476564675569534,2.70632481575012,0.047602
1983-07-22,22.5031929016113,0.50608766078949,2.02757501602173,0.047602
1983-07-23,22.8373279571533,6.26543807983398,2.24657440185547,0.047602
1983-07-24,22.4053764343262,0.820158302783966,2.14607810974121,0.072723
1983-07-25,22.5107612609863,1.11642956733704,2.51026821136475,0.101674
1983-07-26,21.6523246765137,1.36819732189178,2.18443751335144,0.063895
1983-07-27,22.3529834747314,1.45120406150818,2.75429916381836,0.081962
1983-07-28,21.6722183227539,8.29006767272949,1.52210223674774,0.236713
1983-07-29,21.2867221832275,7.31758737564087,2.36110591888428,0.411088
1983-07-30,20.7401008605957,1.37698519229889,2.15991353988647,0.393756
1983-07-31,20.3825607299805,1.21590852737427,2.04749989509583,0.251036
1983-08-01,21.8037090301514,0.618693053722382,2.31557178497314,0.145792
1983-08-02,22.3526096343994,0.0241692010313273,3.4093074798584,0.101674
1983-08-03,22.7528553009033,0.25505456328392,3.10069918632507,0.081962
1983-08-04,20.4693050384522,0.410547643899918,1.17523181438446,0.063895
1983-08-05,19.5271110534668,0.325272530317307,1.43720054626465,0.063895
1983-08-06,19.925048828125,0.230922728776932,1.77005660533905,0.055521
1983-08-07,19.5169200897217,0.238610088825226,1.81718838214874,0.055521
1983-08-08,19.4957618713379,0.0799810886383057,3.16235041618347,0.047602
1983-08-09,21.1581039428711,0.00606139609590173,3.03779077529907,0.047602
1983-08-10,19.9574298858643,0.0409417301416397,2.57511186599731,0.047602
1983-08-11,20.3030529022217,0.0137388687580824,3.21004128456116,0.047602
1983-08-12,20.0857315063477,4.35401105880737,1.54485034942627,0.047602
1983-08-13,21.5331516265869,6.07320499420166,2.21770572662354,0.055521
1983-08-14,21.5661964416504,1.85364639759064,2.35335445404053,0.055521
1983-08-15,22.2285308837891,2.14037728309631,2.91340827941895,0.063895
1983-08-16,20.2522945404053,0.581187009811401,2.58519840240479,0.063895
1983-08-17,21.6345672607422,1.08832108974457,2.54911589622498,0.055521
1983-08-18,21.3069896697998,0.103294484317303,2.68066334724426,0.055521
1983-08-19,21.910285949707,0.0630412548780441,3.13758087158203,0.047602
1983-08-20,22.5295276641846,0.160109341144562,2.76335120201111,0.047602
1983-08-21,22.2740631103516,0.326242625713348,2.68247437477112,0.047602
1983-08-22,22.1995410919189,0.600882887840271,2.5758740901947,0.040159
1983-08-23,20.6889038085938,0.711871922016144,2.07398676872253,0.040159
1983-08-24,20.1986446380615,0.21814027428627,3.0906834602356,0.040159
1983-08-25,21.0819911956787,1.12563514709473,2.00176239013672,0.033192
1983-08-26,22.3731269836426,1.81937325000763,3.41083192825317,0.033192
1983-08-27,22.1848678588867,3.16398978233337,3.2331006526947,0.033192
1983-08-28,21.9115829467773,0.878335237503052,3.11607933044434,0.033192
1983-08-29,21.6835193634033,0.760754883289337,2.86636447906494,0.040159
1983-08-30,22.6658115386963,0.355631172657013,2.64076352119446,0.040159
1983-08-31,22.6961650848389,0.0176538173109293,4.04583406448364,0.040159
1983-09-01,23.207368850708,0.00066548929316923,4.09055280685425,0.040159
1983-09-02,24.4416923522949,0.00733717624098063,4.15029287338257,0.033192
1983-09-03,24.6315097808838,0.50325483083725,3.24601006507874,0.033192
1983-09-04,23.3867282867432,0.682694971561432,3.04568600654602,0.033192
1983-09-05,23.2347240447998,0.606828927993774,2.71286296844482,0.033192
1983-09-06,23.1033401489258,0.411566376686096,2.8468451499939,0.026765
1983-09-07,23.3116207122803,0.220600455999374,2.70134663581848,0.026765
1983-09-08,23.1659908294678,0.662567973136902,2.96871042251587,0.026765
1983-09-09,22.6745891571045,0.57306307554245,3.04962730407715,0.026765
1983-09-10,23.3173027038574,2.61584520339966,3.15524482727051,0.026765
1983-09-11,23.2103977203369,13.431544303894,1.79835593700409,0.020858
1983-09-12,23.0333824157715,14.9667854309082,1.82273864746094,0.026765
1983-09-13,23.5531196594238,15.7314414978027,2.77679228782654,0.063895
1983-09-14,24.4094333648682,7.30528545379639,3.24664306640625,0.145792
1983-09-15,23.8231410980225,0.61867082118988,3.13619995117188,0.157758
1983-09-16,24.015588760376,0.0799470469355583,3.98695111274719,0.134195
1983-09-17,24.6517791748047,0.14121088385582,3.75939631462097,0.101674
1983-09-18,23.0729732513428,0.348778694868088,3.00282025337219,0.063895
1983-09-19,22.635368347168,0.268481224775314,4.45558404922485,0.063895
1983-09-20,23.2243461608887,0.14164511859417,4.238121509552,0.055521
1983-09-21,22.9430503845215,0.201181039214134,3.6882004737854,0.055521
1983-09-22,23.4919185638428,0.273612290620804,3.67230629920959,0.047602
1983-09-23,23.5881099700928,0.289270520210266,3.53231453895569,0.040159
1983-09-24,24.2302913665772,0.166044756770134,4.82460975646973,0.033192
1983-09-25,25.4898796081543,0.590357661247253,4.00102376937866,0.026765
1983-09-26,24.2185516357422,5.88660192489624,2.3028039932251,0.020858
1983-09-27,23.461856842041,21.2976036071777,2.78004789352417,0.033192
1983-09-28,22.6020889282227,38.4638023376465,2.39123320579529,1.643984
1983-09-29,22.5702781677246,23.5976448059082,2.36350727081299,3.400893
1983-09-30,22.4633750915527,18.5240726470947,2.37974548339844,3.010967
1983-10-01,22.5207557678223,14.01966381073,2.23311495780945,4.800765
1983-10-02,22.7824249267578,12.0448703765869,3.1633460521698,2.368208
1983-10-03,22.7691879272461,5.9570517539978,3.2674548625946,1.575805
1983-10-04,22.4814014434814,3.35531353950501,3.1215283870697,0.809042
1983-10-05,22.1344814300537,4.90243101119995,3.10126495361328,0.561186
1983-10-06,21.8498706817627,2.20558595657349,2.38884782791138,0.519231
1983-10-07,22.760181427002,8.68919372558594,3.38333821296692,1.234086
1983-10-08,22.2286682128906,2.75138378143311,3.0456907749176,0.809042
1983-10-09,23.1831035614014,0.284134030342102,3.0773983001709,0.519231
1983-10-10,24.9856510162354,0.590874552726746,3.85592699050903,0.295891
1983-10-11,25.153902053833,0.272423386573792,3.57441425323486,0.236713
1983-10-12,24.8563079833984,0.789518773555756,4.05460405349731,0.134195
1983-10-13,23.5194416046143,3.76711583137512,3.31181645393372,0.091613
1983-10-14,23.3670959472656,7.9682035446167,2.35399413108826,0.411088
1983-10-15,24.1659526824951,1.76597559452057,4.01775074005127,0.478726
1983-10-16,25.9381904602051,0.374308705329895,4.40167331695557,0.31147
1983-10-17,25.8389358520508,0.273391485214233,3.60488271713257,0.222713
1983-10-18,26.0362033843994,0.0335704423487186,4.27856540679932,0.157758
1983-10-19,25.8229198455811,0.425740301609039,4.28024816513062,0.145792
1983-10-20,25.1315650939941,0.115749605000019,3.86567401885986,0.145792
1983-10-21,24.8291416168213,0.106999300420284,3.70248961448669,0.145792
1983-10-22,24.7343654632568,0.273550748825073,3.92834401130676,0.112146
1983-10-23,25.5115833282471,0.0451370254158974,4.07229804992676,0.101674
1983-10-24,24.9441509246826,0.223772406578064,3.82728409767151,0.101674
1983-10-25,22.338285446167,4.6464409828186,2.18521189689636,0.091613
1983-10-26,22.2473316192627,5.37987327575684,3.33856296539307,0.081962
1983-10-27,22.2554779052734,7.78280067443848,2.61732697486877,0.081962
1983-10-28,22.6896572113037,1.02977609634399,3.32136535644531,0.101674
1983-10-29,23.0822486877441,4.6695032119751,3.47152590751648,0.134195
1983-10-30,23.0626487731934,1.30170369148254,4.04524421691895,0.145792
1983-10-31,23.0825519561768,1.2568142414093,4.1505765914917,0.145792
1983-11-01,23.8330955505371,2.88545036315918,3.48559665679932,0.134195
1983-11-02,24.626880645752,12.1201419830322,3.11677694320679,0.122987
1983-11-03,24.3321361541748,10.0204496383667,3.1462984085083,0.20906
1983-11-04,24.2950553894043,4.42479705810547,2.86153697967529,0.222713
1983-11-05,24.8940811157227,5.33024120330811,3.54670572280884,0.20906
1983-11-06,25.097599029541,3.12059617042542,3.2549159526825,0.20906
1983-11-07,25.1911392211914,9.58855056762695,3.46798014640808,0.170048
1983-11-08,24.7258815765381,5.12655162811279,3.84330248832703,0.492055
1983-11-09,24.6004848480225,4.36777877807617,3.0148549079895,0.604591
1983-11-10,24.5199489593506,2.19424247741699,2.60470843315125,0.32733
1983-11-11,24.9904098510742,1.70194947719574,3.58946537971497,0.236713
1983-11-12,25.4298419952393,7.55779504776001,3.72959494590759,0.182706
1983-11-13,24.6386394500732,3.00569629669189,4.08374357223511,0.170048
1983-11-14,25.1016082763672,0.839047610759735,2.86823534965515,0.145792
1983-11-15,25.7162246704102,1.41377079486847,4.91766929626465,0.145792
1983-11-16,25.6075954437256,0.249925270676613,4.54906177520752,0.145792
1983-11-17,25.9765644073486,1.20622527599335,3.84349846839905,0.134195
1983-11-18,25.6756496429443,0.254930734634399,4.67983675003052,0.101674
1983-11-19,25.6096267700195,0.105566173791885,5.00860595703125,0.091613
1983-11-20,24.9899959564209,0.0430630221962929,4.76449584960938,0.063895
1983-11-21,24.8508281707764,0.0624093487858772,4.60949850082398,0.063895
1983-11-22,25.576940536499,0.0351788401603699,4.7053074836731,0.072723
1983-11-23,26.0350761413574,2.75374555587769,4.19640207290649,0.055521
1983-11-24,23.7479515075684,2.041095495224,2.44429707527161,0.047602
1983-11-25,24.7866840362549,1.41281986236572,3.49364614486694,0.047602
1983-11-26,25.1136341094971,1.63108766078949,2.97353982925415,0.091613
1983-11-27,24.1915054321289,6.10884618759155,2.51453852653503,0.055521
1983-11-28,22.274471282959,3.35593032836914,1.38825583457947,0.091613
1983-11-29,22.4942302703857,2.28883576393127,1.63954150676727,0.101674
1983-11-30,23.5560035705566,0.898239254951477,3.25071907043457,0.072723
1983-12-01,24.2982521057129,3.56110143661499,2.86552381515503,0.019993
1983-12-02,24.6900272369385,0.777705550193787,2.58307647705078,0.01863
1983-12-03,24.7182350158691,7.94891166687012,2.46048283576965,0.01863
1983-12-04,24.7389335632324,13.2881298065186,2.46555328369141,0.01863
1983-12-05,23.7271823883057,21.3918190002441,1.63100004196167,0.31147
1983-12-06,24.2406616210938,10.90491771698,2.31183266639709,1.400304
1983-12-07,25.3431529998779,1.43557584285736,4.20757532119751,0.877221
1983-12-08,24.5576057434082,0.238146588206291,4.48483276367188,0.561186
1983-12-09,24.8245449066162,0.00940181780606508,4.5348391532898,0.280636
1983-12-10,25.2457752227783,0.014386136084795,4.59490299224854,0.19571
1983-12-11,25.7346076965332,0.00657759886234999,4.71508264541626,0.134195
1983-12-12,25.1636428833008,0.04172308370471,4.84764289855957,0.101674
1983-12-13,24.2158069610596,0.410369634628296,5.15511751174927,0.072723
1983-12-14,26.022777557373,0.0560839027166367,4.5898060798645,0.055521
1983-12-15,25.5529308319092,0.0601883456110954,4.31451368331909,0.026765
1983-12-16,24.2881736755371,0.108166672289371,4.19732284545898,0.017332
1983-12-17,25.1202487945557,2.62383031845093,4.31547117233276,0.170048
1983-12-18,25.1038608551025,6.71032190322876,4.46692657470703,0.145792
1983-12-19,25.9624271392822,0.712483465671539,5.05873584747315,0.091613
1983-12-20,26.0543003082275,0.676213204860687,4.58028173446655,0.063895
1983-12-21,26.1852378845215,0.398090422153473,4.98196506500244,0.055521
1983-12-22,26.4218845367432,0.30531045794487,4.6775336265564,0.047602
1983-12-23,25.8804721832275,0.115484647452831,4.85216522216797,0.047602
1983-12-24,25.9731254577637,0.40765580534935,4.35098695755005,0.047602
1983-12-25,25.7051582336426,0.875959515571594,4.28396987915039,0.047602
1983-12-26,25.2333469390869,0.174380123615265,3.72519183158875,0.072723
1983-12-27,24.7510890960693,0.771016299724579,3.69167351722717,0.081962
1983-12-28,24.592378616333,3.95344376564026,3.22182059288025,0.047602
1983-12-29,24.4866790771484,13.9196834564209,3.18936157226563,0.055521
1983-12-30,24.8694915771484,6.7719030380249,3.57006907463074,0.101674
1983-12-31,24.5165271759033,9.43961524963379,3.46939921379089,0.091613
1984-01-01,23.8648910522461,7.08691740036011,2.17410445213318,0.182706
1984-01-02,24.4507713317871,13.0060386657715,2.28200936317444,0.727274
1984-01-03,24.2753810882568,5.65547323226929,3.76366710662842,0.547035
1984-01-04,25.9430618286133,3.25505924224854,4.20232963562012,0.575488
1984-01-05,25.7416133880615,0.837215065956116,4.1719183921814,0.359959
1984-01-06,25.9429225921631,0.200650751590729,4.72141075134277,0.20906
1984-01-07,26.0801830291748,0.0177638065069914,4.9561243057251,0.134195
1984-01-08,25.7021083831787,0.0980266109108925,4.09710025787354,0.101674
1984-01-09,25.5869598388672,1.67573213577271,4.04852151870728,0.091613
1984-01-10,25.5128173828125,0.334568560123444,4.30779600143433,0.072723
1984-01-11,26.063943862915,0.0940602496266365,4.35390424728394,0.063895
1984-01-12,26.7803020477295,0.176719769835472,4.82194662094116,0.055521
1984-01-13,26.0950832366943,0.0642176941037178,4.62730264663696,0.047602
1984-01-14,25.3387203216553,0.0134746208786964,5.33280611038208,0.047602
1984-01-15,25.3864402770996,0.0141051588580012,5.06564044952393,0.033192
1984-01-16,25.2280330657959,0.00541447382420301,5.37129020690918,0.026765
1984-01-17,24.4922122955322,0.0856537371873856,4.59357738494873,0.020858
1984-01-18,26.3468399047852,0.69986617565155,3.80318355560303,0.020858
1984-01-19,26.0864791870117,2.10064911842346,3.78900146484375,0.020858
1984-01-20,25.3493347167969,1.48729979991913,4.94801473617554,0.020858
1984-01-21,26.3872680664063,0.00472815474495292,5.46457147598267,0.01863
1984-01-22,27.4414005279541,0.0395088493824005,5.26520252227783,0.017332
1984-01-23,27.3706779479981,0.0186893716454506,5.05244159698486,0.017332
1984-01-24,27.7067909240723,0.156316816806793,4.94261026382446,0.017332
1984-01-25,26.622522354126,0.0765058174729347,4.95189380645752,0.017332
1984-01-26,26.5278854370117,0.170746758580208,4.48312664031982,0.017332
1984-01-27,26.7361717224121,0.802248954772949,5.34530639648438,0.014973
1984-01-28,26.4030990600586,0.115036867558956,4.8051347732544,0.012896
1984-01-29,27.5421657562256,0.127851039171219,4.68120098114014,0.012896
1984-01-30,27.543493270874,0.150373339653015,5.05210876464844,0.012896
1984-01-31,26.8249282836914,0.173727139830589,4.56249475479126,0.012896
1984-02-01,27.2255172729492,0.159601598978043,3.67594647407532,0.014973
1984-02-02,27.1985015869141,1.50495159626007,4.72292613983154,0.014973
1984-02-03,26.6621150970459,1.18756794929504,3.30264520645142,0.014973
1984-02-04,26.6536884307861,1.63404250144959,3.81042551994324,0.012896
1984-02-05,26.5572776794434,1.05133247375488,4.61605072021484,0.012896
1984-02-06,25.6459331512451,8.28782176971436,2.34600377082825,0.012896
1984-02-07,26.3519172668457,0.681777894496918,4.48336553573608,0.012896
1984-02-08,27.0345439910889,0.644321262836456,5.16438484191895,0.012896
1984-02-09,26.7558937072754,0.52567321062088,4.38902044296265,0.012896
1984-02-10,26.3240947723389,3.33334064483643,2.62435150146484,0.012896
1984-02-11,25.7463912963867,4.50674438476563,3.76295471191406,0.011057
1984-02-12,26.2198352813721,1.33745801448822,3.2784218788147,0.011057
1984-02-13,25.7999782562256,2.71574926376343,3.78596663475037,0.012896
1984-02-14,25.8290939331055,14.7231283187866,3.98138666152954,0.017332
1984-02-15,26.4184169769287,3.49880194664001,4.50306510925293,0.01863
1984-02-16,26.8449077606201,0.90792316198349,4.3293890953064,0.020858
1984-02-17,26.7227268218994,2.18092966079712,4.49622535705566,0.033192
1984-02-18,26.6290912628174,0.155608460307121,5.15384244918823,0.040159
1984-02-19,26.5400543212891,0.967185437679291,3.83909463882446,0.033192
1984-02-20,26.4097442626953,10.9661903381348,3.38838267326355,0.040159
1984-02-21,26.3759651184082,0.821597516536713,3.64365386962891,0.033192
1984-02-22,26.3258666992188,6.05629205703735,3.27458262443543,0.026765
1984-02-23,27.4717063903809,1.27336251735687,3.97290325164795,0.033192
1984-02-24,26.399377822876,8.05651950836182,4.0879282951355,0.033192
1984-02-25,26.9093475341797,5.32922172546387,4.89312839508057,0.033192
1984-02-26,25.7816581726074,0.0414325781166554,4.36952924728394,0.026765
1984-02-27,26.3536891937256,0.058417271822691,4.52173471450806,0.026765
1984-02-28,27.6816215515137,0.594214975833893,4.30929756164551,0.033192
1984-02-29,27.1408805847168,16.3911933898926,3.45963191986084,0.040159
1984-03-01,26.418779373169,5.44210433959961,4.1231255531311,0.040159
1984-03-02,26.8489418029785,3.84921455383301,3.97494673728943,0.033192
1984-03-03,27.4490413665772,0.967500388622284,4.52016973495483,0.033192
1984-03-04,27.125358581543,0.174456462264061,4.28798723220825,0.026765
1984-03-05,27.6866893768311,0.141219899058342,4.79600286483765,0.026765
1984-03-06,27.6195621490479,0.0623301453888416,4.59490585327148,0.020858
1984-03-07,27.6442279815674,0.135755851864815,4.60260057449341,0.01863
1984-03-08,28.1276760101318,0.0590694472193718,4.61017847061157,0.017332
1984-03-09,28.1734485626221,0.381438255310059,4.38106870651245,0.014973
1984-03-10,28.1704387664795,0.723420321941376,4.31982469558716,0.014973
1984-03-11,27.8409385681152,1.52557051181793,3.39682722091675,0.014973
1984-03-12,26.8901767730713,6.9466552734375,2.5873863697052,0.014973
1984-03-13,26.3732223510742,7.34621334075928,2.49806642532349,0.012896
1984-03-14,24.9307975769043,8.60156059265137,1.55625402927399,0.012896
1984-03-15,24.3003959655762,4.31957006454468,3.33802485466003,0.017332
1984-03-16,23.4026279449463,0.256853997707367,3.27866840362549,0.040159
1984-03-17,24.2835941314697,0.172718405723572,3.53866195678711,0.072723
1984-03-18,24.3090038299561,10.4604063034058,2.47905206680298,0.063895
1984-03-19,25.597806930542,7.16912651062012,3.39206910133362,0.063895
1984-03-20,26.5402450561523,9.98056030273438,3.68881797790527,0.063895
1984-03-21,27.132303237915,0.767743408679962,4.66884422302246,0.047602
1984-03-22,27.5026340484619,0.00494442135095596,4.44753980636597,0.040159
1984-03-23,25.4043273925781,20.2091522216797,2.17209196090698,0.040159
1984-03-24,24.514139175415,0.423003196716309,2.58664512634277,0.033192
1984-03-25,24.6790580749512,0.122205875813961,2.55219268798828,0.222713
1984-03-26,25.1277751922607,0.20749220252037,3.12039613723755,0.32733
1984-03-27,25.6467056274414,2.62349390983582,3.24404168128967,0.182706
1984-03-28,25.7207756042481,5.63068342208862,2.22727417945862,0.091613
1984-03-29,26.0253105163574,14.0968437194824,3.04271554946899,0.072723
1984-03-30,27.0317192077637,1.60295796394348,3.74725961685181,0.063895
1984-03-31,26.6501617431641,0.72990083694458,3.11304974555969,0.063895
1984-04-01,23.2736568450928,6.12937498092651,2.43447184562683,0.063895
1984-04-02,23.6306037902832,1.59186708927155,2.13831281661987,0.055521
1984-04-03,24.1772117614746,0.0453859381377697,2.68166732788086,0.047602
1984-04-04,26.0767860412598,0.438462823629379,3.81571221351624,0.040159
1984-04-05,26.3163108825684,1.49466824531555,3.92180967330933,0.040159
1984-04-06,26.7675800323486,3.97773861885071,2.55547285079956,0.040159
1984-04-07,25.7168884277344,1.66128671169281,2.73901748657227,0.040159
1984-04-08,25.078857421875,9.06950950622559,2.24070525169373,0.040159
1984-04-09,24.5616054534912,15.8711519241333,2.17077136039734,0.047602
1984-04-10,23.1467342376709,20.6201477050781,1.5611115694046,0.170048
1984-04-11,23.4872570037842,14.8915309906006,2.52584600448608,0.533036
1984-04-12,24.6627998352051,6.092369556427,2.57992124557495,0.393756
1984-04-13,23.7918491363525,10.1978311538696,2.06817936897278,0.280636
1984-04-14,24.0517921447754,19.3017196655273,2.05854463577271,0.393756
1984-04-15,24.2254161834717,7.92348766326904,3.09321737289429,0.965891
1984-04-16,24.6369857788086,3.08006906509399,3.22123456001282,0.825854
1984-04-17,24.5961017608643,0.695852518081665,3.19407892227173,0.505557
1984-04-18,24.5503635406494,4.21948146820068,2.99737524986267,0.32733
1984-04-19,24.4741630554199,16.4948596954346,2.75757551193237,0.695662
1984-04-20,24.6879291534424,7.42464447021484,3.35309648513794,0.711393
1984-04-21,24.5916709899902,1.77031815052032,2.90234088897705,0.465549
1984-04-22,25.0324420928955,2.86132597923279,3.03084993362427,0.280636
1984-04-23,25.0479202270508,3.95816349983215,2.69349718093872,0.236713
1984-04-24,25.3098640441895,2.33430433273315,2.65711760520935,0.19571
1984-04-25,25.5610237121582,3.03326439857483,2.78044986724854,0.428701
1984-04-26,25.117057800293,2.5746431350708,3.280442237854,0.759514
1984-04-27,25.2484550476074,1.57780802249908,2.92467188835144,0.533036
1984-04-28,24.8833980560303,1.29974341392517,2.73821210861206,0.428701
1984-04-29,24.6592388153076,3.39733409881592,2.49334502220154,0.31147
1984-04-30,24.2962055206299,5.77126550674439,2.97886967658997,0.376706
1984-05-01,24.1008567810059,3.85800361633301,3.10377740859985,0.533036
1984-05-02,24.1221446990967,6.17244386672974,2.69954776763916,0.695662
1984-05-03,24.2266960144043,8.27748966217041,3.28552842140198,0.649423
1984-05-04,24.4965343475342,19.4138832092285,2.77160501480103,3.138194
1984-05-05,24.1376438140869,4.77927494049072,3.25965356826782,3.106128
1984-05-06,23.2066459655762,2.54242825508118,2.56015396118164,2.314525
1984-05-07,23.9535865783691,1.17507982254028,2.75447940826416,1.357873
1984-05-08,23.8269081115723,3.57349944114685,2.38692259788513,0.809042
1984-05-09,24.1203346252441,5.41971397399902,2.87145757675171,0.63432
1984-05-10,24.1416435241699,0.693142354488373,2.76685976982117,0.561186
1984-05-11,23.7601737976074,0.267753690481186,2.99081420898438,0.428701
1984-05-12,24.0694961547852,0.146907538175583,3.09455299377441,0.31147
1984-05-13,24.3166770935059,0.629000008106232,2.80561375617981,0.236713
1984-05-14,24.4641056060791,5.0660252571106,2.63835000991821,0.439693
1984-05-15,25.0222835540772,0.379266887903214,3.19134783744812,0.343493
1984-05-16,24.4024047851563,1.16943967342377,2.71925640106201,0.236713
1984-05-17,24.2382564544678,7.64786005020142,2.88216042518616,0.31147
1984-05-18,24.3137855529785,3.43503093719482,2.99882912635803,0.411088
1984-05-19,23.104362487793,0.188511565327644,3.10207366943359,0.236713
1984-05-20,23.502555847168,1.61716115474701,2.58264350891113,0.170048
1984-05-21,24.1148529052734,0.622329533100128,2.92057824134827,0.359959
1984-05-22,23.6806125640869,2.30848932266235,2.61015200614929,0.157758
1984-05-23,23.8197269439697,0.844404458999634,2.76119923591614,0.182706
1984-05-24,23.1426582336426,0.852615535259247,2.29078650474548,0.251036
1984-05-25,22.7277202606201,0.397119253873825,2.45923566818237,0.182706
1984-05-26,24.1951599121094,0.109391830861568,2.65402555465698,0.182706
1984-05-27,23.9176063537598,0.0126993227750063,2.74517393112183,0.19571
1984-05-28,23.0616607666016,0.00492095202207565,2.93085527420044,0.134195
1984-05-29,24.0853958129883,0.112156227231026,2.2873899936676,0.101674
1984-05-30,23.5912628173828,0.00839502643793821,2.95611906051636,0.091613
1984-05-31,23.0012187957764,0.1978779733181,2.70212125778198,0.101674
1984-06-01,22.4780902862549,2.83792495727539,1.69544970989227,0.101674
1984-06-02,23.5136909484863,7.80708980560303,2.0361065864563,0.112146
1984-06-03,22.9807453155518,18.8524837493897,2.08445239067078,0.743329
1984-06-04,22.5676116943359,8.20550155639648,1.7286171913147,1.784172
1984-06-05,23.2629299163818,5.24102926254273,2.33579707145691,1.508924
1984-06-06,22.5932083129883,1.309157371521,2.72857260704041,0.912231
1984-06-07,22.3056640625,0.0259673744440079,2.97503232955933,0.589964
1984-06-08,22.9584102630615,0.000984586193226278,3.13822436332703,0.411088
1984-06-09,23.3008079528809,0.0147981140762568,2.87730002403259,0.134195
1984-06-10,23.9848556518555,0.0154678588733077,3.12863063812256,0.134195
1984-06-11,22.4863700866699,0.343953251838684,2.58844780921936,0.19571
1984-06-12,22.8020401000977,0.563271224498749,1.77855956554413,0.145792
1984-06-13,23.1328372955322,0.778291165828705,1.7606874704361,0.063895
1984-06-14,23.070728302002,0.136340022087097,2.82124900817871,0.072723
1984-06-15,22.1193962097168,0.00708409352228046,2.4870765209198,0.091613
1984-06-16,22.1748161315918,0.270532429218292,1.70288777351379,0.072723
1984-06-17,22.4308280944824,0.0489124990999699,2.04640984535217,0.055521
1984-06-18,22.6467609405518,0.271580249071121,1.95121395587921,0.063895
1984-06-19,23.4540119171143,0.911715865135193,2.37331700325012,0.047602
1984-06-20,23.0954303741455,0.34097957611084,2.64049124717712,0.047602
1984-06-21,22.6292858123779,3.2231240272522,2.2625036239624,0.072723
1984-06-22,22.5428562164307,3.66989588737488,2.27825498580933,0.063895
1984-06-23,22.0144958496094,6.05862045288086,2.23810315132141,0.072723
1984-06-24,22.2833194732666,4.36894512176514,2.18267750740051,0.101674
1984-06-25,22.4940624237061,4.93188905715942,2.19224309921265,0.122987
1984-06-26,23.0335521697998,5.79226064682007,2.26394104957581,0.091613
1984-06-27,22.5032119750977,0.114712253212929,2.38036203384399,0.134195
1984-06-28,22.5801334381104,0.0779375657439232,2.6534423828125,0.122987
1984-06-29,22.4901390075684,0.772254884243012,2.06119108200073,0.101674
1984-06-30,21.912525177002,4.21117639541626,2.38339233398438,0.072723
1984-07-01,21.9858093261719,6.85865306854248,1.6440132856369,0.091613
1984-07-02,22.5504055023193,5.40029287338257,2.1583571434021,0.134195
1984-07-03,22.5361709594727,6.76941967010498,2.35978507995605,0.265685
1984-07-04,21.9594993591309,3.09489631652832,1.97525954246521,0.465549
1984-07-05,22.7038917541504,1.27947807312012,2.50554966926575,0.533036
1984-07-06,21.7536602020264,0.25627601146698,2.48155927658081,0.31147
1984-07-07,21.641674041748,0.462029993534088,2.48311161994934,0.236713
1984-07-08,21.3466911315918,6.85531949996948,2.38491988182068,0.265685
1984-07-09,21.1375980377197,4.77256298065186,1.97081446647644,0.32733
1984-07-10,21.4266605377197,6.38723945617676,2.00157785415649,0.492055
1984-07-11,22.2830028533936,5.36857128143311,2.4546205997467,0.604591
1984-07-12,21.4431247711182,0.260808855295181,2.16732478141785,0.411088
1984-07-13,21.7241744995117,0.343787163496017,2.06525540351868,0.251036
1984-07-14,22.0786323547363,0.528712630271912,2.56815814971924,0.182706
1984-07-15,20.574161529541,0.194030404090881,2.12993049621582,0.145792
1984-07-16,20.7573394775391,0.181274205446243,1.71353220939636,0.134195
1984-07-17,21.5272693634033,0.20090289413929,2.21009397506714,0.091613
1984-07-18,22.1867008209229,0.144607871770859,2.9444887638092,0.081962
1984-07-19,21.8893451690674,5.003830909729,1.79885411262512,0.112146
1984-07-20,21.791202545166,6.82049417495728,2.25982975959778,0.112146
1984-07-21,21.8348693847656,2.38885807991028,2.37890005111694,0.265685
1984-07-22,22.2335109710693,0.391644895076752,3.06245970726013,0.20906
1984-07-23,23.2035388946533,1.2442946434021,2.48393845558167,0.134195
1984-07-24,22.9280338287354,2.34132528305054,2.32990384101868,0.112146
1984-07-25,22.5665721893311,6.48046064376831,2.18248963356018,0.251036
1984-07-26,22.0017890930176,6.50579071044922,1.94947350025177,0.505557
1984-07-27,22.1234436035156,2.021653175354,2.63213872909546,0.505557
1984-07-28,21.0116195678711,1.51650154590607,2.20290756225586,0.295891
1984-07-29,21.5669021606445,2.32753968238831,2.71919894218445,0.359959
1984-07-30,21.8725490570068,4.68965196609497,2.37274622917175,0.533036
1984-07-31,20.3519115447998,4.50625038146973,1.37252533435822,0.664678
1984-08-01,20.8596668243408,4.09418678283691,1.10497200489044,0.561186
1984-08-02,21.6965274810791,3.37907242774963,2.43770408630371,0.743329
1984-08-03,22.7480754852295,0.862211048603058,2.71917319297791,0.561186
1984-08-04,23.3521881103516,0.157673254609108,2.46240830421448,0.411088
1984-08-05,23.0163307189941,0.216194406151772,2.50863170623779,0.343493
1984-08-06,21.7530727386475,0.170854642987251,1.98610424995422,0.145792
1984-08-07,22.6444835662842,0.655685365200043,2.62822771072388,0.145792
1984-08-08,23.0932006835938,0.671312689781189,2.67705988883972,0.112146
1984-08-09,22.0138378143311,0.872142195701599,2.37517023086548,0.081962
1984-08-10,21.7519130706787,1.82233536243439,2.03299069404602,0.091613
1984-08-11,21.4031238555908,1.98260962963104,2.36934351921082,0.101674
1984-08-12,22.134162902832,0.436122924089432,2.2788610458374,0.091613
1984-08-13,21.3816986083984,0.155756562948227,3.4945182800293,0.081962
1984-08-14,22.919713973999,0.0205007400363684,2.91939353942871,0.081962
1984-08-15,24.2366447448731,0.0600723698735237,3.7659649848938,0.063895
1984-08-16,23.5464305877686,0.0241719670593739,3.76530408859253,0.063895
1984-08-17,22.3910007476807,0.0256848484277725,2.91003060340881,0.063895
1984-08-18,22.1183300018311,0.721316337585449,1.94819915294647,0.063895
1984-08-19,19.7524509429932,8.28248691558838,0.967084646224976,0.134195
1984-08-20,19.8875331878662,3.88744282722473,1.96210360527039,0.134195
1984-08-21,19.7142162322998,0.183365255594254,2.23278522491455,0.170048
1984-08-22,20.5384407043457,1.12812352180481,2.56296992301941,0.122987
1984-08-23,22.4601249694824,1.64660084247589,2.59743356704712,0.134195
1984-08-24,22.8270530700684,0.13405978679657,2.96528720855713,0.101674
1984-08-25,23.7838706970215,2.17724823951721,2.9488513469696,0.101674
1984-08-26,23.0795040130615,3.317214012146,2.44348478317261,0.091613
1984-08-27,20.8222770690918,2.93181204795837,1.12444078922272,0.122987
1984-08-28,20.3254127502441,1.99877595901489,1.32391679286957,0.134195
1984-08-29,20.421781539917,3.30452609062195,0.831857085227966,0.649423
1984-08-30,21.4029941558838,8.80219459533691,2.0801043510437,1.465043
1984-08-31,21.2165241241455,9.01797199249268,1.53838169574738,2.003964
1984-09-01,19.8003005981445,3.31974649429321,1.45694839954376,0.842818
1984-09-02,20.6329727172852,2.94858026504517,2.62866640090942,0.619369
1984-09-03,20.9801635742188,15.7247200012207,1.41293430328369,4.255655
1984-09-04,21.8953552246094,11.4977312088013,2.57771921157837,2.560412
1984-09-05,21.6173496246338,5.23299169540405,1.53798854351044,2.10527
1984-09-06,22.1028728485107,1.64317548274994,2.63750863075256,1.058326
1984-09-07,22.4593143463135,0.660783588886261,3.38560509681702,0.575488
1984-09-08,22.2438983917236,0.208922445774078,2.99120187759399,0.393756
1984-09-09,24.1921672821045,2.60077714920044,3.2493097782135,0.411088
1984-09-10,23.1107692718506,15.1299200057983,3.02175974845886,0.561186
1984-09-11,20.6694622039795,9.3715877532959,1.09556066989899,0.561186
1984-09-12,21.00022315979,0.651537954807282,1.12437582015991,0.894661
1984-09-13,22.385082244873,1.25375783443451,2.67418694496155,1.29532
1984-09-14,24.423677444458,0.198587447404861,3.48282766342163,0.619369
1984-09-15,24.7259349822998,0.0228173527866602,4.31321716308594,0.505557
1984-09-16,25.0678253173828,0.00192075839731842,4.89479160308838,0.295891
1984-09-17,24.5072040557861,0.0120575549080968,3.93952107429504,0.170048
1984-09-18,23.5759811401367,1.24190068244934,3.08896780014038,0.376706
1984-09-19,21.8318214416504,7.72801971435547,1.66844594478607,0.947846
1984-09-20,23.2683162689209,2.03516936302185,2.88039374351501,0.519231
1984-09-21,23.8224754333496,1.04354608058929,3.32137060165405,0.439693
1984-09-22,24.1916446685791,3.13400411605835,3.13265013694763,0.343493
1984-09-23,24.3910732269287,1.19717264175415,3.38240575790405,0.359959
1984-09-24,23.6200180053711,0.891012191772461,3.63191366195679,0.222713
1984-09-25,22.7726459503174,0.486522436141968,3.11972308158875,0.170048
1984-09-26,23.9258842468262,0.479531824588776,4.03262615203857,0.31147
1984-09-27,25.9196262359619,0.0451236218214035,4.98968315124512,0.359959
1984-09-28,26.3370494842529,0.0156237604096532,4.6062822341919,0.170048
1984-09-29,26.3524703979492,0.0983659699559212,4.53682708740234,0.145792
1984-09-30,26.0829086303711,1.02283716201782,4.0678825378418,0.112146
1984-10-01,24.3937492370605,0.404497921466827,3.0401349067688,0.101674
1984-10-02,23.7781887054443,4.4266939163208,3.46079349517822,0.32733
1984-10-03,24.3721504211426,0.364080101251602,3.51734280586243,0.359959
1984-10-04,24.18581199646,3.67209887504578,3.64314150810242,0.182706
1984-10-05,24.9299926757813,0.614233672618866,4.09359169006348,0.145792
1984-10-06,24.8513584136963,0.0580739229917526,4.18432521820068,0.134195
1984-10-07,23.1151695251465,0.106731243431568,3.43991136550903,0.236713
1984-10-08,23.352840423584,0.0328796356916428,4.01983737945557,0.145792
1984-10-09,24.3590774536133,0.0567924752831459,3.67871069908142,0.112146
1984-10-10,25.6116065979004,0.0407466404139996,3.9974091053009,0.091613
1984-10-11,25.6532516479492,0.0122079020366073,4.29876899719238,0.091613
1984-10-12,24.1656227111816,0.236084043979645,3.02015733718872,0.081962
1984-10-13,23.0616149902344,2.00566053390503,2.11090302467346,0.081962
1984-10-14,22.9383525848389,0.372095465660095,2.95373511314392,0.081962
1984-10-15,23.8753108978272,0.265863239765167,3.31323456764221,0.081962
1984-10-16,24.242733001709,6.0125322341919,3.51539611816406,0.112146
1984-10-17,24.5995464324951,11.3071508407593,3.95119571685791,1.25436
1984-10-18,24.16090965271,2.95300698280334,2.43815875053406,0.411088
1984-10-19,25.2041473388672,0.189189270138741,4.29139375686646,0.182706
1984-10-20,25.0478954315186,0.0403584390878677,4.90266609191895,0.222713
1984-10-21,24.8766002655029,0.155466467142105,3.31751227378845,0.122987
1984-10-22,24.3467197418213,6.11299467086792,2.66995668411255,0.343493
1984-10-23,24.5158424377441,17.9910507202148,2.5422523021698,1.929445
1984-10-24,25.4512748718262,5.01586866378784,3.60657620429993,1.274764
1984-10-25,22.8940238952637,9.89180660247803,0.662989675998688,1.077259
1984-10-26,22.1473064422607,23.8341503143311,0.909084677696228,2.079738
1984-10-27,22.9742641448975,10.9469375610352,3.36700105667114,2.645858
1984-10-28,22.1572113037109,0.00678453454747796,4.86682224273682,1.357873
1984-10-29,23.6876697540283,0.247957155108452,4.3570351600647,0.664678
1984-10-30,24.3286037445068,0.459796577692032,3.86647891998291,0.505557
1984-10-31,25.0859355926514,0.95304399728775,3.9574761390686,0.295891
1984-11-01,24.9160442352295,0.437135934829712,4.89193630218506,0.222713
1984-11-02,23.6657028198242,3.2141854763031,3.61321091651917,0.236713
1984-11-03,24.336986541748,2.82002758979797,4.63383007049561,0.295891
1984-11-04,25.3639030456543,0.0158542469143868,5.06894302368164,0.280636
1984-11-05,24.9760589599609,0.159576222300529,4.29343891143799,0.157758
1984-11-06,24.5994358062744,0.281630665063858,4.22353267669678,0.182706
1984-11-07,24.1632633209229,0.444140285253525,4.90607261657715,0.122987
1984-11-08,24.7721710205078,0.237416803836823,4.9975152015686,0.101674
1984-11-09,23.5326347351074,0.536880016326904,3.14553689956665,0.101674
1984-11-10,25.3386898040772,1.20650446414948,5.60990524291992,0.081962
1984-11-11,25.87522315979,0.000192197752767243,5.43449783325195,0.101674
1984-11-12,25.8969974517822,0.0518934428691864,4.17891597747803,0.081962
1984-11-13,26.5246429443359,0.0104928901419044,4.03435850143433,0.091613
1984-11-14,26.2083835601807,0.416831433773041,3.01524901390076,0.170048
1984-11-15,22.0825824737549,12.8907642364502,0.860284209251404,0.134195
1984-11-16,23.6417942047119,2.91730237007141,3.54935145378113,0.122987
1984-11-17,23.5772666931152,0.0680878758430481,5.00110864639282,0.081962
1984-11-18,24.0165691375732,0.0812267884612083,3.86934661865234,0.081962
1984-11-19,25.1767845153809,0.40627446770668,3.90493154525757,0.157758
1984-11-20,24.7109928131104,9.66389942169189,3.62943625450134,0.157758
1984-11-21,25.4385452270508,2.53061890602112,3.82255387306213,0.561186
1984-11-22,26.6606636047363,0.963324844837189,4.49475145339966,0.505557
1984-11-23,26.2583160400391,0.0998741909861565,4.76286745071411,0.236713
1984-11-24,25.0773983001709,0.365872740745544,4.10824203491211,0.157758
1984-11-25,26.1335182189941,0.26908752322197,4.28300094604492,0.081962
1984-11-26,26.880916595459,0.0672832801938057,5.08230447769165,0.101674
1984-11-27,26.7975559234619,0.0212427508085966,5.34264326095581,0.081962
1984-11-28,26.1961479187012,0.634372532367706,4.06037139892578,0.072723
1984-11-29,25.6164875030518,10.1380624771118,2.94688892364502,0.091613
1984-11-30,25.2876167297363,4.5747537612915,3.59461951255798,0.081962
1984-12-01,25.2214832305908,1.46240925788879,3.8243203163147,0.295891
1984-12-02,25.3160076141357,1.67505371570587,3.93593978881836,0.393756
1984-12-03,25.1400852203369,0.0376872792840004,3.73288869857788,0.170048
1984-12-04,24.507303237915,0.0794451758265495,4.10277318954468,0.145792
1984-12-05,24.3550872802734,0.170173600316048,3.79752063751221,0.112146
1984-12-06,24.9495658874512,0.625728011131287,3.85170030593872,0.091613
1984-12-07,25.3694248199463,1.44438719749451,4.05230903625488,0.091613
1984-12-08,26.9879302978516,0.238300815224648,4.58529138565064,0.091613
1984-12-09,27.547342300415,0.0539670437574387,4.68890810012817,0.072723
1984-12-10,26.4679203033447,3.03721356391907,3.29261875152588,0.063895
1984-12-11,26.6833972930908,6.08130264282227,4.68832206726074,0.055521
1984-12-12,26.0616149902344,0.756546199321747,3.67216277122498,0.063895
1984-12-13,26.6151542663574,1.34793102741241,4.61526823043823,0.063895
1984-12-14,26.8737487792969,0.225753039121628,4.38526916503906,0.081962
1984-12-15,26.690486907959,24.1297817230225,4.46250438690186,0.134195
1984-12-16,27.6584243774414,2.11579012870789,5.12488555908203,0.280636
1984-12-17,27.6076984405518,0.198417827486992,5.61294937133789,0.182706
1984-12-18,27.1674156188965,0.0101579837501049,5.47673177719116,0.134195
1984-12-19,27.1827621459961,0.0274117942899466,5.51868963241577,0.145792
1984-12-20,26.6927814483643,0.0999026224017143,4.64230298995972,0.134195
1984-12-21,26.7589263916016,0.454009741544724,5.03716468811035,0.134195
1984-12-22,27.3686008453369,1.00849735736847,5.63892412185669,0.101674
1984-12-23,27.0543918609619,0.43961101770401,4.76199388504028,0.101674
1984-12-24,25.7482070922852,0.72348016500473,4.00985383987427,0.091613
1984-12-25,26.3370666503906,1.46032321453094,4.41708707809448,0.072723
1984-12-26,26.0282535552979,1.94614160060883,3.77105593681335,0.072723
1984-12-27,27.1766796112061,0.116796895861626,5.4412112236023,0.101674
1984-12-28,27.7469539642334,2.00914192199707,5.18710374832153,0.063895
1984-12-29,26.7210750579834,0.0404812060296536,4.5623836517334,0.063895
1984-12-30,27.6123237609863,0.125252425670624,5.05040550231934,0.134195
1984-12-31,28.3666286468506,0.230300933122635,5.46708488464356,0.122987
1985-01-01,28.2469387054443,23.3237056732178,4.74599933624268,0.122987
1985-01-02,27.240026473999,5.44004821777344,3.63937497138977,0.134195
1985-01-03,25.9946403503418,24.6682090759277,2.53659868240356,0.859955
1985-01-04,23.6683216094971,41.0952949523926,1.10819971561432,1.465043
1985-01-05,24.6665534973145,17.2756023406982,2.42249941825867,4.681067
1985-01-06,25.6701107025147,3.50862717628479,3.61047625541687,4.293455
1985-01-07,26.480712890625,3.08591270446777,3.93080306053162,2.855827
1985-01-08,27.1320037841797,0.315264016389847,4.5089955329895,1.929445
1985-01-09,27.0719547271729,1.06831407546997,3.2833206653595,1.174172
1985-01-10,25.7775688171387,9.26326560974121,1.86136209964752,0.505557
1985-01-11,23.6755790710449,50.8464202880859,1.0748678445816,4.293455
1985-01-12,25.0492210388184,7.58150577545166,2.93608593940735,7.890275
1985-01-13,24.9019947052002,5.31965970993042,2.65159869194031,3.67467
1985-01-14,24.8234901428223,2.33687043190002,3.84509563446045,1.274764
1985-01-15,25.0211620330811,2.19652009010315,3.46587252616882,0.965891
1985-01-16,25.5516090393066,6.80673313140869,3.16265273094177,1.25436
1985-01-17,26.3502902984619,1.37546336650848,4.45174121856689,0.792381
1985-01-18,25.8636093139648,0.265988975763321,2.8278534412384,0.547035
1985-01-19,26.106279373169,0.972975134849548,3.19029974937439,0.295891
1985-01-20,25.9342823028564,2.52302169799805,3.53404593467712,0.20906
1985-01-21,25.2689456939697,0.800640642642975,2.67316651344299,0.265685
1985-01-22,25.8565292358398,1.28360772132874,3.0731508731842,0.343493
1985-01-23,26.0782737731934,0.919440984725952,3.59913778305054,0.465549
1985-01-24,26.0473880767822,0.443865895271301,3.5362503528595,0.439693
1985-01-25,26.4763126373291,12.2577991485596,3.62266063690186,0.393756
1985-01-26,25.8067951202393,11.7270212173462,2.95034313201904,0.695662
1985-01-27,25.6630935668945,16.1984424591064,2.82793593406677,1.274764
1985-01-28,26.7464046478272,18.4705810546875,3.46409034729004,4.293455
1985-01-29,27.0641136169434,10.0295829772949,4.46655225753784,5.086248
1985-01-30,26.3831672668457,1.68874669075012,4.86217927932739,3.074234
1985-01-31,26.4552783966064,0.116532169282436,4.56449365615845,2.422452
1985-02-01,25.8212070465088,0.194547608494759,4.36116313934326,2.734809
1985-02-02,26.1072311401367,3.37888050079346,4.28355646133423,0.428701
1985-02-03,25.2840881347656,0.403741300106049,4.51493501663208,0.265685
1985-02-04,26.0558300018311,0.210936948657036,4.44329452514648,0.20906
1985-02-05,26.9162254333496,0.170212656259537,4.60542154312134,0.157758
1985-02-06,27.0432109832764,0.197193130850792,5.0241379737854,0.134195
1985-02-07,27.3045711517334,0.0342974849045277,5.25447750091553,0.091613
1985-02-08,26.0784454345703,0.705471515655518,3.86131358146668,0.101674
1985-02-09,25.6903266906738,1.1615138053894,2.70218133926392,0.091613
1985-02-10,25.6445388793945,5.39541912078857,4.25640344619751,0.072723
1985-02-11,25.4766368865967,1.00086522102356,3.71561050415039,0.081962
1985-02-12,25.9817943572998,0.997156500816345,4.01795625686646,0.091613
1985-02-13,26.1607704162598,2.70518469810486,3.76065015792847,0.101674
1985-02-14,25.189905166626,2.03118872642517,3.90521168708801,0.091613
1985-02-15,24.9120330810547,4.87343645095825,3.48755884170532,0.091613
1985-02-16,24.648193359375,11.2985925674438,2.89838361740112,0.122987
1985-02-17,24.9990367889404,8.02348136901856,4.19794034957886,0.20906
1985-02-18,25.2939586639404,6.01190519332886,4.9652886390686,0.575488
1985-02-19,25.14040184021,5.03586530685425,4.26112461090088,0.589964
1985-02-20,25.6572933197022,0.498897433280945,4.60932588577271,0.295891
1985-02-21,25.7735157012939,2.81957912445068,4.33673906326294,0.20906
1985-02-22,25.8012981414795,0.861831367015839,4.33679389953613,0.170048
1985-02-23,27.1002178192139,0.19274865090847,4.36814403533936,0.145792
1985-02-24,26.0963516235352,12.8642044067383,3.78400921821594,0.222713
1985-02-25,27.4900455474854,0.726344347000122,4.54990482330322,0.411088
1985-02-26,26.9259586334229,1.59514784812927,4.82795238494873,0.343493
1985-02-27,25.7093181610107,0.0251191183924675,4.78575420379639,0.236713
1985-02-28,26.5976409912109,0.0506865531206131,4.37323760986328,0.19571
1985-03-01,25.2220764160156,0.410670757293701,4.0486888885498,0.134195
1985-03-02,25.3957653045654,0.843180775642395,3.85188412666321,0.091613
1985-03-03,25.3874912261963,1.71819174289703,3.88475918769836,0.081962
1985-03-04,26.3034648895264,1.35796749591827,4.70868349075317,0.081962
1985-03-05,25.7947940826416,0.43943127989769,3.80948948860168,0.072723
1985-03-06,25.5917320251465,2.07296466827393,4.05283784866333,0.072723
1985-03-07,26.2656269073486,0.103189304471016,4.63631391525269,0.072723
1985-03-08,26.6669368743897,0.0890551507472992,4.09024858474731,0.072723
1985-03-09,26.8293075561523,0.077604778110981,3.69632434844971,0.063895
1985-03-10,27.1860790252686,0.0628564730286598,4.63543367385864,0.063895
1985-03-11,27.4791393280029,0.0722771063446999,4.31770515441895,0.055521
1985-03-12,27.5965251922607,0.396334320306778,3.63405609130859,0.047602
1985-03-13,27.4139442443848,0.745744705200195,4.15108394622803,0.040159
1985-03-14,27.1987781524658,0.563579738140106,4.4554386138916,0.040159
1985-03-15,26.9866447448731,0.808824300765991,4.21502733230591,0.033192
1985-03-16,26.8075942993164,0.0362141579389572,3.81005215644836,0.033192
1985-03-17,26.7994251251221,0.0819591209292412,4.29253053665161,0.033192
1985-03-18,26.8063125610352,0.0827574208378792,4.01792144775391,0.033192
1985-03-19,26.9224243164063,0.133893564343452,4.65089750289917,0.026765
1985-03-20,26.5349140167236,0.850003480911255,3.7716863155365,0.026765
1985-03-21,25.9250221252441,1.9395170211792,3.13519620895386,0.026765
1985-03-22,25.6010189056397,15.171010017395,3.59151744842529,0.040159
1985-03-23,25.3478527069092,20.9107131958008,3.67263007164001,0.295891
1985-03-24,25.2927150726318,3.12030029296875,3.68868327140808,0.343493
1985-03-25,25.6851787567139,3.1514880657196,3.75557684898376,0.236713
1985-03-26,26.6911773681641,0.170254990458488,4.12572956085205,0.182706
1985-03-27,26.2109756469727,0.0666141733527184,3.67745780944824,0.134195
1985-03-28,26.8900260925293,2.41884994506836,3.59875249862671,0.112146
1985-03-29,26.5902709960938,2.28291916847229,3.77007651329041,0.134195
1985-03-30,26.5365352630615,0.192347094416618,4.14553928375244,0.157758
1985-03-31,26.3165283203125,0.32469654083252,3.10021901130676,0.134195
1985-04-01,25.6231536865234,5.21091032028198,2.89339256286621,0.561186
1985-04-02,25.0899543762207,15.7322778701782,2.28688359260559,0.376706
1985-04-03,25.2095108032227,17.0565948486328,3.25832748413086,1.508924
1985-04-04,24.70387840271,5.65524291992188,3.12477660179138,1.832034
1985-04-05,24.0396881103516,11.7828435897827,2.04280304908752,2.449759
1985-04-06,23.837646484375,4.75257110595703,2.98848986625671,1.954134
1985-04-07,24.9359874725342,3.96294808387756,3.26023101806641,1.29532
1985-04-08,22.4209632873535,6.97925710678101,1.04559481143951,1.53108
1985-04-09,23.6079521179199,10.6722421646118,2.21401453018188,1.379035
1985-04-10,24.6797657012939,4.2141604423523,2.82520532608032,1.154482
1985-04-11,23.8540878295898,2.43670773506165,2.69801878929138,0.792381
1985-04-12,25.08935546875,0.574288070201874,2.86372494697571,0.519231
1985-04-13,24.4799880981445,5.01723527908325,2.86374568939209,0.619369
1985-04-14,24.6233730316162,6.01953601837158,3.40301585197449,0.478726
1985-04-15,24.3516826629639,2.35313367843628,3.12804055213928,0.439693
1985-04-16,24.4500675201416,1.44019877910614,2.88713121414185,0.519231
1985-04-17,24.6834964752197,10.6674957275391,3.49497032165527,0.533036
1985-04-18,25.0862483978272,1.15698742866516,3.16622424125671,0.411088
1985-04-19,24.5637493133545,0.270465880632401,3.94839239120483,0.359959
1985-04-20,24.1402034759522,0.338191688060761,3.07893371582031,0.280636
1985-04-21,23.606782913208,0.557473301887512,2.04566407203674,0.20906
1985-04-22,23.1106758117676,0.274760276079178,2.03333640098572,0.157758
1985-04-23,22.8972625732422,0.77037638425827,1.50160336494446,0.145792
1985-04-24,23.3828296661377,4.38483142852783,1.96441233158112,0.145792
1985-04-25,24.1245536804199,1.32997715473175,2.54549741744995,0.295891
1985-04-26,24.1174144744873,0.0975823327898979,3.11808848381043,0.20906
1985-04-27,24.2949733734131,0.437463253736496,2.27871036529541,0.134195
1985-04-28,24.2979640960693,2.18405389785767,1.94383108615875,0.134195
1985-04-29,23.7530117034912,3.25768756866455,1.41388356685638,0.112146
1985-04-30,24.8892688751221,3.86563968658447,2.36188745498657,0.134195
1985-05-01,25.3041343688965,1.33205878734589,3.0601499080658,0.145792
1985-05-02,24.636157989502,1.43566918373108,3.01886773109436,0.145792
1985-05-03,24.3271369934082,1.49138200283051,2.00185132026672,0.145792
1985-05-04,24.5336456298828,8.01909160614014,2.2354428768158,0.145792
1985-05-05,23.3946857452393,4.87647104263306,2.2148175239563,0.145792
1985-05-06,22.3652820587158,1.26022636890411,1.35067689418793,0.157758
1985-05-07,22.4318218231201,0.273482382297516,2.28554368019104,0.145792
1985-05-08,22.0159702301025,0.0412142984569073,2.72131729125977,0.134195
1985-05-09,22.3528881072998,0.103935331106186,2.06804728507996,0.112146
1985-05-10,24.1477527618408,0.120111331343651,2.71286535263062,0.091613
1985-05-11,25.93479347229,0.169591337442398,3.21283483505249,0.081962
1985-05-12,24.6379661560059,0.275626599788666,2.2960216999054,0.063895
1985-05-13,23.9085922241211,0.503250062465668,2.45656323432922,0.063895
1985-05-14,24.347957611084,0.217988386750221,2.7484986782074,0.063895
1985-05-15,23.5140113830566,0.196593210101128,2.72744631767273,0.063895
1985-05-16,23.9713096618652,1.67192196846008,2.64501118659973,0.055521
1985-05-17,23.4611721038818,2.59250426292419,1.99177980422974,0.063895
1985-05-18,23.3302402496338,8.41725730895996,2.58084034919739,0.081962
1985-05-19,23.3807144165039,23.4638481140137,2.55786991119385,0.619369
1985-05-20,22.8615913391113,1.26338481903076,2.09230709075928,0.711393
1985-05-21,23.2984352111816,0.486405491828919,2.41191029548645,0.439693
1985-05-22,24.2817268371582,0.559648752212524,2.48173785209656,0.31147
1985-05-23,24.6812000274658,0.210697129368782,2.32264113426209,0.222713
1985-05-24,23.9807300567627,7.5353536605835,2.00875234603882,0.170048
1985-05-25,22.2617359161377,4.74268817901611,1.83647453784943,0.20906
1985-05-26,22.8981647491455,0.521002650260925,1.96099901199341,0.251036
1985-05-27,23.195972442627,0.207575246691704,2.25282645225525,0.20906
1985-05-28,22.1208267211914,0.0391602627933025,2.72435712814331,0.182706
1985-05-29,23.0057334899902,0.603923618793488,2.32926678657532,0.157758
1985-05-30,23.4997520446777,2.59517455101013,2.56300711631775,0.134195
1985-05-31,22.6851367950439,4.24808788299561,1.80487871170044,0.134195
1985-06-01,23.2813320159912,5.54945182800293,2.46379494667053,0.134195
1985-06-02,22.8131732940674,14.8758449554443,2.38361430168152,0.376706
1985-06-03,22.6777954101563,0.911090314388275,2.26918268203735,0.411088
1985-06-04,24.0974826812744,0.732859373092651,2.99539732933044,0.295891
1985-06-05,24.9416580200195,1.65229892730713,2.66411209106445,0.31147
1985-06-06,25.2617321014404,0.940594792366028,2.51853609085083,0.19571
1985-06-07,25.2682704925537,0.577430546283722,2.59638595581055,0.170048
1985-06-08,24.5544204711914,2.56150555610657,2.09068822860718,0.157758
1985-06-09,24.2864170074463,7.28991746902466,2.28050446510315,0.343493
1985-06-10,21.4576244354248,9.1645450592041,0.678207933902741,0.236713
1985-06-11,20.3535137176514,1.08137965202332,1.45966124534607,0.170048
1985-06-12,19.5424842834473,0.0196338649839163,2.71256113052368,0.19571
1985-06-13,19.3308773040772,0.0591728240251541,2.1272554397583,0.182706
1985-06-14,19.4300193786621,0.0520929731428623,2.433673620224,0.157758
1985-06-15,18.9674949645996,0.0076850950717926,2.75490808486939,0.134195
1985-06-16,19.4575214385986,0.000639817968476564,2.66233825683594,0.081962
1985-06-17,20.0231246948242,0.0988432839512825,1.84928047657013,0.101674
1985-06-18,21.4824256896973,0.0358290784060955,2.74586153030396,0.101674
1985-06-19,20.3898239135742,0.77131861448288,1.95295166969299,0.081962
1985-06-20,19.9296550750732,1.66751968860626,2.16494035720825,0.101674
1985-06-21,20.5715141296387,0.237486883997917,0.701200902462006,0.101674
1985-06-22,21.8644504547119,14.8597183227539,1.55953276157379,0.122987
1985-06-23,22.5409755706787,9.81263446807861,1.97931408882141,0.112146
1985-06-24,21.8484859466553,7.40155744552612,2.40994310379028,0.280636
1985-06-25,21.2439632415771,0.607582271099091,2.21373724937439,0.295891
1985-06-26,20.6814041137695,0.0688142031431198,2.57053780555725,0.280636
1985-06-27,19.6131439208984,0.322068274021149,2.06886029243469,0.251036
1985-06-28,20.2136878967285,0.121273279190063,2.11130881309509,0.182706
1985-06-29,20.4956359863281,0.118857853114605,2.25496649742126,0.157758
1985-06-30,20.7913932800293,0.210808247327805,1.98398649692535,0.145792
1985-07-01,21.4390144348145,0.491642266511917,2.44713592529297,0.122987
1985-07-02,21.0945491790772,0.188909202814102,1.98884105682373,0.101674
1985-07-03,22.2030220031738,0.407134562730789,2.03840708732605,0.112146
1985-07-04,22.2881660461426,2.37955498695374,1.70225942134857,0.145792
1985-07-05,21.5999717712402,15.3490495681763,1.99619162082672,0.295891
1985-07-06,21.7444267272949,9.12398338317871,2.19352316856384,0.265685
1985-07-07,22.5560512542725,1.78600037097931,2.27359747886658,0.222713
1985-07-08,22.4932556152344,0.709946274757385,2.21971487998962,0.20906
1985-07-09,22.0980319976807,6.10962104797363,2.33130621910095,0.359959
1985-07-10,22.4418334960938,1.25880658626556,2.48379421234131,0.519231
1985-07-11,21.6595916748047,0.303717643022537,2.72234916687012,0.265685
1985-07-12,19.7904376983643,5.41962432861328,0.908251166343689,0.170048
1985-07-13,19.4976463317871,3.17139601707459,1.2199079990387,0.32733
1985-07-14,19.5548458099365,4.57383346557617,0.89805394411087,0.428701
1985-07-15,19.7207794189453,5.42470502853394,1.14055871963501,0.505557
1985-07-16,20.4680595397949,2.78520178794861,2.24730849266052,0.664678
1985-07-17,19.794506072998,0.492509096860886,1.91187679767609,0.649423
1985-07-18,19.8026485443115,0.248593538999558,2.62646484375,0.411088
1985-07-19,18.838550567627,0.441465675830841,2.63072109222412,0.265685
1985-07-20,19.6930389404297,2.76828646659851,2.05753374099731,0.182706
1985-07-21,19.7727031707764,6.15327072143555,2.46090793609619,0.251036
1985-07-22,20.1195449829102,1.92972874641418,2.15289163589478,0.428701
1985-07-23,19.8286762237549,0.476595640182495,2.34761571884155,0.236713
1985-07-24,20.3036270141602,0.614039182662964,2.56110548973084,0.20906
1985-07-25,19.6054306030273,0.0983062088489532,2.7205548286438,0.157758
1985-07-26,18.3726329803467,0.285123556852341,2.02399110794067,0.145792
1985-07-27,17.5115222930908,0.27374729514122,1.36931777000427,0.145792
1985-07-28,18.5028400421143,1.71424317359924,1.97783398628235,0.145792
1985-07-29,20.8135299682617,1.94497120380402,2.06102967262268,0.145792
1985-07-30,20.4317779541016,2.80622935295105,1.12627160549164,0.19571
1985-07-31,22.0040054321289,20.8776569366455,1.954097032547,0.695662
1985-08-01,20.6887798309326,7.73513174057007,1.75083184242249,1.234086
1985-08-02,19.8433456420898,8.93638229370117,1.74278581142426,0.711393
1985-08-03,20.6920738220215,8.59250640869141,1.60397028923035,0.809042
1985-08-04,20.6952857971191,7.85094213485718,2.74232769012451,1.234086
1985-08-05,19.8820953369141,1.01467871665955,2.18610906600952,0.680083
1985-08-06,20.9861907958984,0.515063226222992,2.3843879699707,0.519231
1985-08-07,20.5504932403564,2.68104934692383,1.86485493183136,0.393756
1985-08-08,19.2436580657959,3.19236254692078,1.12579214572907,0.280636
1985-08-09,21.5277576446533,5.03225135803223,3.17500686645508,0.295891
1985-08-10,21.1963920593262,0.726399898529053,2.10492420196533,0.31147
1985-08-11,21.9741439819336,2.53701877593994,2.81568455696106,0.295891
1985-08-12,22.8631896972656,0.35872158408165,3.53178191184998,0.32733
1985-08-13,23.8497486114502,0.0628888681530953,3.33326292037964,0.280636
1985-08-14,22.0038414001465,1.71377229690552,1.66685998439789,0.236713
1985-08-15,21.5140743255615,0.684669196605682,2.7834529876709,0.170048
1985-08-16,20.7444877624512,2.17079186439514,1.17143857479095,0.157758
1985-08-17,20.6305389404297,3.18070149421692,1.08158218860626,0.145792
1985-08-18,21.5101737976074,10.135931968689,1.83841562271118,0.680083
1985-08-19,21.6249046325684,6.50585794448853,2.70957612991333,1.039523
1985-08-20,21.4216403961182,0.302783757448196,3.09132266044617,0.519231
1985-08-21,21.4898090362549,0.0286688152700663,2.98691868782043,0.343493
1985-08-22,22.2514476776123,0.0500332973897457,2.83222055435181,0.265685
1985-08-23,22.5926609039307,0.0466515496373177,2.79520058631897,0.236713
1985-08-24,22.269401550293,0.181541725993156,2.12332630157471,0.182706
1985-08-25,22.2434577941895,0.230421870946884,2.4006462097168,0.170048
1985-08-26,22.6709899902344,0.0325992107391357,3.29045677185059,0.145792
1985-08-27,23.062047958374,0.00609934749081731,3.54869771003723,0.112146
1985-08-28,22.9064674377441,0.0543042533099651,3.06787133216858,0.122987
1985-08-29,22.7121849060059,0.144714221358299,3.36926698684692,0.112146
1985-08-30,22.5484008789063,0.045793954282999,3.442134141922,0.081962
1985-08-31,22.7166576385498,0.00373573182150722,3.53715968132019,0.072723
1985-09-01,23.0676250457764,0.434896171092987,3.3646388053894,0.063895
1985-09-02,21.932710647583,4.49860143661499,3.22432851791382,0.063895
1985-09-03,21.8159103393555,7.06177377700806,2.56099271774292,0.072723
1985-09-04,22.0118103027344,0.865698575973511,3.10029792785645,0.063895
1985-09-05,21.9013500213623,0.0529465638101101,2.52996230125427,0.063895
1985-09-06,22.2904644012451,0.149252384901047,3.07679104804993,0.055521
1985-09-07,22.1005458831787,0.148056268692017,3.59075903892517,0.063895
1985-09-08,21.1934280395508,6.42807340621948,2.51250624656677,0.063895
1985-09-09,21.6326065063477,2.13758063316345,2.49248862266541,0.063895
1985-09-10,22.1045608520508,1.93754804134369,2.98324131965637,0.063895
1985-09-11,21.2031650543213,8.96255779266357,2.08183312416077,0.101674
1985-09-12,19.4974594116211,0.215208992362022,2.27444863319397,0.112146
1985-09-13,19.3569049835205,0.0140746710821986,2.91796255111694,0.145792
1985-09-14,20.8931789398193,0.00869082286953926,3.30921196937561,0.170048
1985-09-15,20.1567573547363,0.0189742762595415,2.4098858833313,0.122987
1985-09-16,22.1443939208984,0.611492037773132,2.5721116065979,0.122987
1985-09-17,23.5825614929199,0.552583575248718,4.0443959236145,0.101674
1985-09-18,23.4038887023926,0.0178465694189072,4.3209056854248,0.091613
1985-09-19,22.207389831543,0.002574831712991,3.93976068496704,0.081962
1985-09-20,23.1855354309082,0.0421660915017128,4.04675626754761,0.063895
1985-09-21,23.451530456543,0.00131737813353539,4.55852651596069,0.055521
1985-09-22,23.8718643188477,0.249962598085403,2.88577103614807,0.055521
1985-09-23,22.393648147583,2.47439122200012,1.72524189949036,0.055521
1985-09-24,24.3888320922852,3.78829503059387,3.70167207717896,0.063895
1985-09-25,25.4269065856934,0.191311299800873,3.8584897518158,0.072723
1985-09-26,24.9954376220703,0.482393532991409,4.16068744659424,0.072723
1985-09-27,24.841215133667,1.07017779350281,3.30749106407166,0.091613
1985-09-28,24.9133338928223,8.03050708770752,3.91873955726624,0.112146
1985-09-29,24.9127578735352,1.42933368682861,3.11192631721497,0.122987
1985-09-30,24.7234935760498,2.60791516304016,3.81741619110107,0.134195
1985-10-01,25.4689807891846,0.517115473747253,3.46428561210632,0.091613
1985-10-02,25.0371055603027,3.83461618423462,2.99654674530029,0.101674
1985-10-03,24.4589195251465,5.54192018508911,3.04699373245239,0.112146
1985-10-04,24.4273071289063,40.8000450134277,2.33600616455078,1.421747
1985-10-05,23.9757442474365,3.40155458450317,2.80079197883606,0.664678
1985-10-06,24.6383647918701,0.227911397814751,3.17803978919983,0.295891
1985-10-07,24.9945583343506,0.016922440379858,4.13161134719849,0.236713
1985-10-08,25.8518848419189,0.00378347141668201,5.25394058227539,0.157758
1985-10-09,22.8116111755371,0.461425542831421,1.95881152153015,0.101674
1985-10-10,22.3529968261719,0.872628092765808,2.0781877040863,0.081962
1985-10-11,22.6974906921387,0.212127849459648,2.14630389213562,0.072723
1985-10-12,22.2215671539307,0.631106317043304,2.22921085357666,0.072723
1985-10-13,23.2874298095703,1.01211130619049,2.5226411819458,0.072723
1985-10-14,23.5323085784912,0.237419232726097,3.17170763015747,0.081962
1985-10-15,24.9178771972656,0.0862230286002159,4.45229196548462,0.081962
1985-10-16,24.6389122009277,0.0762278586626053,4.47473430633545,0.081962
1985-10-17,24.7608890533447,0.214030921459198,4.89032983779907,0.063895
1985-10-18,24.4872779846191,1.23738372325897,2.61752724647522,0.055521
1985-10-19,24.1427974700928,7.34373569488525,3.83160996437073,0.072723
1985-10-20,23.253812789917,0.249867036938667,3.25346660614014,0.063895
1985-10-21,24.6419277191162,0.323898524045944,3.97689318656921,0.063895
1985-10-22,25.7788181304932,9.49917697906494,3.52384209632874,0.081962
1985-10-23,25.0384674072266,5.7008113861084,3.12580299377441,0.072723
1985-10-24,25.0177135467529,4.24072360992432,2.63191986083984,0.091613
1985-10-25,25.210786819458,1.0779801607132,3.04585671424866,0.101674
1985-10-26,24.7091884613037,37.6839256286621,2.91064834594727,0.929973
1985-10-27,24.9460983276367,1.0509626865387,3.51358604431152,1.736873
1985-10-28,24.0457439422607,8.27545356750488,2.60799169540405,1.336885
1985-10-29,23.7505702972412,3.16235733032227,2.21713495254517,1.553367
1985-10-30,24.0233879089356,0.430094987154007,3.04640436172485,0.842818
1985-10-31,24.9247360229492,0.65904712677002,4.60623693466187,0.575488
1985-11-01,25.0895690917969,0.060257863253355,4.03082513809204,0.265685
1985-11-02,24.9636783599854,0.0257127396762371,5.29299926757813,0.20906
1985-11-03,24.7286033630371,0.00838022492825985,4.27394962310791,0.157758
1985-11-04,26.444881439209,0.0181773975491524,4.42584753036499,0.122987
1985-11-05,26.8077945709229,1.14542818069458,4.20963764190674,0.122987
1985-11-06,23.7969036102295,37.7809791564941,1.86395215988159,4.446388
1985-11-07,21.8693866729736,21.300142288208,1.35999965667725,7.42862
1985-11-08,22.4160003662109,0.271496653556824,2.82016515731812,6.03987
1985-11-09,21.627140045166,1.20133650302887,2.0028178691864,2.948413
1985-11-10,21.5863990783691,2.7671844959259,1.85015320777893,3.780217
1985-11-11,23.1656589508057,16.0561676025391,2.96023631095886,0.711393
1985-11-12,23.6311588287354,1.36477255821228,2.5287492275238,0.759514
1985-11-13,23.1776313781738,13.1579113006592,2.61909699440002,1.357873
1985-11-14,23.6482982635498,2.77212595939636,3.87556529045105,1.213963
1985-11-15,23.2004642486572,0.0954088494181633,3.79077792167664,0.727274
1985-11-16,23.9315376281738,1.47380423545837,3.44583749771118,0.439693
1985-11-17,24.0801067352295,1.21605467796326,3.68130993843079,0.343493
1985-11-18,24.0632858276367,0.717179298400879,3.91475796699524,0.265685
1985-11-19,24.4503192901611,1.36486101150513,3.80118632316589,0.20906
1985-11-20,24.1934146881104,6.49598455429077,4.02950525283814,0.343493
1985-11-21,24.1168079376221,5.00876712799072,3.92215394973755,0.452523
1985-11-22,24.5296535491943,0.511927485466003,3.81242847442627,0.492055
1985-11-23,25.9277629852295,0.0649098083376885,5.1414065361023,0.265685
1985-11-24,26.1606578826904,0.0494886562228203,4.76085758209229,0.182706
1985-11-25,26.1682014465332,0.00871915929019451,5.1046085357666,0.170048
1985-11-26,26.2243213653565,0.103355266153812,3.93991255760193,0.134195
1985-11-27,26.2917098999023,0.0276079662144184,4.09724235534668,0.101674
1985-11-28,25.2942008972168,1.07458078861237,2.52807283401489,0.072723
1985-11-29,22.608549118042,26.4533786773682,0.47721391916275,0.170048
1985-11-30,24.7343559265137,4.50923156738281,2.04790878295898,0.859955
1985-12-01,25.3081455230713,19.4783039093018,1.74603402614594,1.621113
1985-12-02,23.3901176452637,48.0235023498535,1.04568254947662,8.528555
1985-12-03,21.7891521453857,19.3120956420898,0.670721292495728,30.456642
1985-12-04,21.0896453857422,18.6726360321045,1.06871807575226,11.982351
1985-12-05,21.6069450378418,18.7728023529053,2.44301176071167,19.062112
1985-12-06,21.7659950256348,21.7263736724854,1.41841161251068,29.20187
1985-12-07,23.1304912567139,10.5363502502441,2.94208884239197,10.298187
1985-12-08,24.2172183990479,4.95686101913452,2.92646169662476,13.730822
1985-12-09,23.2392063140869,11.5775470733643,2.20798277854919,5.904767
1985-12-10,23.089054107666,17.9852313995361,2.87953734397888,9.766427
1985-12-11,23.5219612121582,4.70273494720459,3.00111889839172,4.523915
1985-12-12,24.6660251617432,0.387198448181152,4.77792739868164,1.904887
1985-12-13,25.1922912597656,0.357657074928284,3.74867582321167,1.002415
1985-12-14,25.2637958526611,0.383911281824112,4.09096193313599,0.695662
1985-12-15,25.5360355377197,0.0177402757108212,4.63558197021484,0.492055
1985-12-16,26.1786155700684,0.028535183519125,4.78696346282959,0.393756
1985-12-17,25.636360168457,1.32553160190582,3.25817894935608,0.295891
1985-12-18,24.7307720184326,12.7115440368652,2.42771220207214,0.649423
1985-12-19,23.7648639678955,8.51027679443359,3.61576151847839,2.029085
1985-12-20,24.126522064209,8.53816890716553,3.71737313270569,3.202825
1985-12-21,25.4880886077881,0.28478878736496,4.303382396698,1.154482
1985-12-22,25.6143054962158,0.414253830909729,4.95504522323608,0.649423
1985-12-23,24.6359596252441,0.902217090129852,1.91895687580109,0.411088
1985-12-24,24.8894271850586,15.8995351791382,2.27242946624756,0.825854
1985-12-25,24.3254737854004,0.551111578941345,3.11073088645935,1.096343
1985-12-26,24.4155712127686,0.168775707483292,2.4375684261322,0.561186
1985-12-27,25.8704509735107,3.19142580032349,4.92331886291504,0.411088
1985-12-28,24.7645206451416,2.97363948822022,3.74669981002808,0.359959
1985-12-29,24.7377166748047,0.765512347221375,2.90377974510193,0.393756
1985-12-30,24.1853942871094,4.82585668563843,2.24641871452332,0.343493
1985-12-31,25.0312614440918,4.00840759277344,3.63251137733459,0.664678
1986-01-01,25.2870445251465,0.76916891336441,3.94747829437256,0.376706
1986-01-02,24.9632091522217,3.36605381965637,5.00307750701904,0.280636
1986-01-03,25.7672100067139,7.66275262832642,3.67330408096314,1.421747
1986-01-04,25.2033538818359,41.7092437744141,2.30274820327759,1.25436
1986-01-05,26.3608875274658,4.20474576950073,4.8002552986145,8.692176
1986-01-06,26.4169235229492,0.419638365507126,4.58028411865234,2.532543
1986-01-07,25.6457328796387,0.4775031208992,4.04966259002686,1.29532
1986-01-08,25.3659839630127,0.955666124820709,4.23643636703491,0.809042
1986-01-09,24.8796520233154,0.00292855245061219,4.53014469146729,0.561186
1986-01-10,25.3847808837891,0.113370038568974,4.67085886001587,0.343493
1986-01-11,25.7640571594238,0.0755678415298462,4.41864490509033,0.251036
1986-01-12,25.4476108551025,0.413079082965851,5.10817527770996,0.222713
1986-01-13,24.4056453704834,0.574365794658661,3.94111728668213,0.19571
1986-01-14,24.2667922973633,0.212353974580765,4.29016828536987,0.170048
1986-01-15,25.2383632659912,1.12380504608154,4.40073251724243,0.157758
1986-01-16,24.6879901885986,0.502404928207398,3.81570076942444,0.145792
1986-01-17,24.8695220947266,0.235948666930199,4.27008724212647,0.134195
1986-01-18,24.7377166748047,0.712410926818848,4.28102207183838,0.122987
1986-01-19,25.4126739501953,0.442227512598038,4.64410543441773,0.112146
1986-01-20,24.7306423187256,0.142446622252464,4.36744499206543,0.101674
1986-01-21,24.479471206665,0.166955128312111,4.14829921722412,0.101674
1986-01-22,25.1615962982178,1.98093378543854,3.33262610435486,0.081962
1986-01-23,25.2462978363037,5.71036005020142,4.52580547332764,0.081962
1986-01-24,24.8950424194336,0.419532179832459,4.07603693008423,0.081962
1986-01-25,25.1217517852783,0.292264968156815,3.35769724845886,0.081962
1986-01-26,25.3513450622559,0.161138936877251,4.62278747558594,0.081962
1986-01-27,26.1096305847168,0.368150264024735,4.18372631072998,0.081962
1986-01-28,25.8142375946045,0.80603414773941,4.66162490844727,0.072723
1986-01-29,25.538761138916,0.0757977068424225,4.1789116859436,0.063895
1986-01-30,25.3446426391602,9.77393341064453,3.63812255859375,0.063895
1986-01-31,25.4764709472656,3.61872267723084,3.99909901618958,0.112146
1986-02-01,24.9165325164795,3.16474032402039,2.51607346534729,0.112146
1986-02-02,24.8955936431885,2.72004985809326,3.65927743911743,0.112146
1986-02-03,25.4211750030518,0.0933371186256409,4.67542695999146,0.101674
1986-02-04,25.1719341278076,2.0239565372467,3.56305980682373,0.101674
1986-02-05,25.6766452789307,2.46941113471985,3.56383275985718,0.081962
1986-02-06,25.9277420043945,2.26345419883728,3.74148464202881,0.081962
1986-02-07,25.9803276062012,6.21208238601685,3.82629585266113,0.091613
1986-02-08,25.9221782684326,2.89450526237488,4.18145561218262,0.112146
1986-02-09,25.9972171783447,1.82997369766235,4.36997842788696,0.122987
1986-02-10,26.3022651672363,11.2396459579468,4.41036367416382,0.112146
1986-02-11,26.038501739502,0.192266047000885,4.44591951370239,0.112146
1986-02-12,26.1417770385742,0.0512803085148335,4.40999889373779,0.112146
1986-02-13,26.8145980834961,0.014927432872355,4.90173101425171,0.101674
1986-02-14,26.8608512878418,0.0325503572821617,4.93415594100952,0.091613
1986-02-15,26.1079425811768,0.0027759128715843,5.32851886749268,0.081962
1986-02-16,27.0584487915039,0.432838618755341,5.24098682403565,0.063895
1986-02-17,27.4970531463623,2.42163705825806,4.74660634994507,0.063895
1986-02-18,27.5335330963135,0.0884403064846993,3.95480990409851,0.055521
1986-02-19,27.5005588531494,0.279683470726013,4.88809776306152,0.072723
1986-02-20,27.140718460083,0.39966881275177,5.47250938415527,0.063895
1986-02-21,25.9812355041504,0.164770722389221,4.58833169937134,0.055521
1986-02-22,27.0379638671875,1.76948940753937,4.69805812835693,0.055521
1986-02-23,25.7300891876221,0.357607543468475,3.36681342124939,0.055521
1986-02-24,26.3127918243408,1.35850238800049,3.86095333099365,0.047602
1986-02-25,27.2504234313965,4.40293025970459,4.85341835021973,0.063895
1986-02-26,26.2129516601563,0.42721500992775,3.91521215438843,0.063895
1986-02-27,26.4991397857666,0.362190216779709,4.0325665473938,0.047602
1986-02-28,26.1477489471436,2.17392110824585,3.38556885719299,0.063895
1986-03-01,25.5426654815674,5.0041298866272,4.11971378326416,0.072723
1986-03-02,25.4549331665039,5.28198385238648,3.1797149181366,0.081962
1986-03-03,25.6330585479736,3.50222158432007,3.7914571762085,0.072723
1986-03-04,25.6248607635498,4.15258979797363,3.9705057144165,0.134195
1986-03-05,25.7182712554932,4.2868537902832,3.89394569396973,0.170048
1986-03-06,26.0184879302979,4.52300786972046,4.16170263290405,0.157758
1986-03-07,26.1040897369385,0.388010114431381,4.16800832748413,0.145792
1986-03-08,26.0242881774902,0.267077922821045,3.59544897079468,0.145792
1986-03-09,25.0381870269775,2.68430995941162,4.0602593421936,0.134195
1986-03-10,25.7671737670898,3.15614581108093,3.57990407943726,0.101674
1986-03-11,25.2688465118408,5.68277454376221,3.76654052734375,0.101674
1986-03-12,25.1943778991699,3.26424789428711,3.99142932891846,0.101674
1986-03-13,25.7076377868652,3.61923265457153,4.08767700195313,0.134195
1986-03-14,26.2628574371338,0.529276251792908,3.89888381958008,0.145792
1986-03-15,26.0248584747314,0.106667280197144,4.24583387374878,0.145792
1986-03-16,26.2280826568604,0.48219832777977,3.6058943271637,0.145792
1986-03-17,26.2784767150879,1.11370754241943,3.63057136535645,0.134195
1986-03-18,26.0356330871582,1.12567436695099,3.81434082984924,0.122987
1986-03-19,26.1287021636963,0.406084835529327,4.63466262817383,0.101674
1986-03-20,26.0905513763428,0.211165130138397,3.75609755516052,0.081962
1986-03-21,26.156867980957,0.79593551158905,4.06411361694336,0.072723
1986-03-22,25.8955230712891,0.730868875980377,3.67958688735962,0.081962
1986-03-23,25.8738918304443,0.968332767486572,3.92459464073181,0.072723
1986-03-24,25.3467788696289,1.80820941925049,3.6592698097229,0.072723
1986-03-25,25.2454700469971,1.9946916103363,3.39464592933655,0.072723
1986-03-26,25.5375804901123,0.502165615558624,3.78950715065002,0.072723
1986-03-27,26.0055732727051,0.161868676543236,3.74440288543701,0.055521
1986-03-28,26.2416973114014,0.254264742136002,3.62887787818909,0.055521
1986-03-29,25.2754364013672,0.458329111337662,3.44428324699402,0.063895
1986-03-30,25.981330871582,1.03627955913544,4.14128971099854,0.063895
1986-03-31,25.8224391937256,0.460560262203217,3.56243538856506,0.063895
1986-04-01,25.900691986084,0.103272840380669,3.67273950576782,0.063895
1986-04-02,25.6518478393555,1.06422758102417,3.28733897209168,0.063895
1986-04-03,25.4452114105225,0.966063320636749,3.38378643989563,0.063895
1986-04-04,25.4976234436035,2.83654189109802,3.58896064758301,0.081962
1986-04-05,25.6438140869141,0.772390365600586,3.25767946243286,0.063895
1986-04-06,26.008638381958,0.153675481677055,3.42641925811768,0.063895
1986-04-07,26.0170116424561,0.114338003098965,3.83217310905457,0.063895
1986-04-08,25.4555568695068,0.386748552322388,3.56831431388855,0.063895
1986-04-09,25.3825397491455,2.25342917442322,3.28293061256409,0.063895
1986-04-10,25.4455699920654,0.645820438861847,3.30587458610535,0.063895
1986-04-11,25.9117984771729,0.534949660301209,3.5715274810791,0.055521
1986-04-12,26.4550323486328,0.167094990611076,4.33862829208374,0.055521
1986-04-13,26.2439746856689,0.322920560836792,2.84389233589172,0.055521
1986-04-14,27.0112934112549,2.16105937957764,3.593754529953,0.040159
1986-04-15,26.7016754150391,0.102977432310581,4.15994453430176,0.033192
1986-04-16,26.9082088470459,0.0249385572969914,4.04120779037476,0.047602
1986-04-17,25.566837310791,1.56701517105103,2.76881814002991,0.040159
1986-04-18,24.2966690063477,0.0891371294856072,2.9933500289917,0.026765
1986-04-19,23.5629367828369,0.075391910970211,3.07258868217468,0.026765
1986-04-20,23.8855991363525,0.248882606625557,2.31258988380432,0.112146
1986-04-21,24.9077816009522,1.356081366539,3.23623919487,0.091613
1986-04-22,25.0915756225586,3.62696886062622,2.53022480010986,0.081962
1986-04-23,25.3667221069336,1.05004453659058,3.00431609153748,0.063895
1986-04-24,24.771556854248,1.04078817367554,2.69322228431702,0.055521
1986-04-25,24.4459190368652,1.53224396705627,2.31327843666077,0.055521
1986-04-26,24.7171211242676,1.11511647701263,2.90632057189941,0.055521
1986-04-27,25.7763347625732,0.0798983797430992,3.46786093711853,0.055521
1986-04-28,25.6132965087891,0.646367847919464,3.00487327575684,0.063895
1986-04-29,23.9386940002441,9.33419704437256,2.48276519775391,0.063895
1986-04-30,23.4710750579834,0.0204113405197859,3.27260255813599,0.063895
1986-05-01,22.5647144317627,0.070593036711216,2.84222388267517,0.072723
1986-05-02,22.8655395507813,0.197290450334549,2.03210043907166,0.101674
1986-05-03,23.1435966491699,1.7702009677887,2.76699495315552,0.091613
1986-05-04,22.7721920013428,0.051358949393034,2.79191398620605,0.081962
1986-05-05,23.5106525421143,0.116463728249073,2.35234999656677,0.072723
1986-05-06,24.0103206634522,1.89285969734192,2.49628233909607,0.072723
1986-05-07,25.0096378326416,0.279311418533325,3.02044129371643,0.063895
1986-05-08,24.2972087860107,0.617588639259338,2.56235361099243,0.063895
1986-05-09,24.5124549865723,4.81519651412964,2.41715288162231,0.081962
1986-05-10,24.686502456665,2.27289819717407,2.4217369556427,0.072723
1986-05-11,25.4664974212647,0.116350196301937,3.12610840797424,0.072723
1986-05-12,25.2665348052979,0.04472341760993,2.82978582382202,0.063895
1986-05-13,25.3081436157227,0.00358163868077099,3.64528584480286,0.063895
1986-05-14,25.8084011077881,0.00378413219004869,3.65823483467102,0.072723
1986-05-15,25.7918815612793,0.0839792042970657,2.84557199478149,0.063895
1986-05-16,25.013708114624,0.709291696548462,3.10121917724609,0.063895
1986-05-17,24.118335723877,2.41022992134094,2.49737977981567,0.063895
1986-05-18,23.6577377319336,1.2998628616333,1.70726728439331,0.055521
1986-05-19,24.3145084381104,2.98073053359985,1.98486602306366,0.055521
1986-05-20,24.6065464019775,0.212653577327728,2.94752335548401,0.055521
1986-05-21,23.5270595550537,0.105508163571358,2.9387640953064,0.047602
1986-05-22,22.2113094329834,0.226267278194428,1.62214875221252,0.055521
1986-05-23,22.9978771209717,1.52456521987915,1.49425423145294,0.055521
1986-05-24,22.6296634674072,4.48932027816772,1.94583475589752,0.063895
1986-05-25,23.0237064361572,3.59764409065247,1.90178549289703,0.063895
1986-05-26,23.0356407165527,5.27150583267212,2.39487767219543,0.091613
1986-05-27,22.7209873199463,1.11049580574036,2.42708587646484,0.081962
1986-05-28,22.592493057251,2.47498059272766,2.5468921661377,0.055521
1986-05-29,22.9015579223633,4.54044485092163,1.88818061351776,0.072723
1986-05-30,22.1846446990967,0.512655198574066,2.27013039588928,0.072723
1986-05-31,23.1130046844482,1.13947904109955,2.43671560287476,0.081962
1986-06-01,23.4038753509522,0.204829275608063,2.6347336769104,0.072723
1986-06-02,23.0052242279053,1.92100930213928,2.50597023963928,0.063895
1986-06-03,22.2507209777832,1.70036613941193,1.71697807312012,0.055521
1986-06-04,21.2671031951904,0.012214700691402,2.99587845802307,0.055521
1986-06-05,19.6724853515625,0.160240739583969,2.28413391113281,0.047602
1986-06-06,20.7313365936279,0.0346312969923019,2.24702715873718,0.040159
1986-06-07,21.0843448638916,0.499066561460495,1.81496477127075,0.040159
1986-06-08,21.4483661651611,8.70678424835205,2.36615657806397,0.047602
1986-06-09,22.4475402832031,10.4127769470215,2.14900350570679,0.072723
1986-06-10,22.2855396270752,3.68054580688477,2.17215442657471,0.091613
1986-06-11,22.3615970611572,8.53822422027588,1.85440814495087,0.091613
1986-06-12,22.4047946929932,1.49130082130432,2.23295569419861,0.091613
1986-06-13,22.3040008544922,2.84253430366516,2.15521264076233,0.112146
1986-06-14,21.9593677520752,19.6547164916992,2.23550224304199,0.112146
1986-06-15,21.1637630462646,11.7331132888794,1.86436676979065,0.112146
1986-06-16,21.4434986114502,4.74767351150513,2.18226885795593,0.157758
1986-06-17,21.4940395355225,4.0195803642273,2.10029888153076,0.157758
1986-06-18,21.7561588287354,3.64967489242554,1.6576566696167,0.182706
1986-06-19,22.3534526824951,3.10322761535645,1.49453258514404,0.170048
1986-06-20,21.9793510437012,12.0891447067261,2.06809735298157,0.157758
1986-06-21,21.9800415039063,2.67691040039063,2.41972947120667,0.145792
1986-06-22,21.4542369842529,4.64714765548706,1.70009076595306,0.145792
1986-06-23,21.6399097442627,19.8194541931152,2.09381008148193,0.20906
1986-06-24,20.4380989074707,3.26179099082947,2.1667046546936,0.32733
1986-06-25,20.8807525634766,0.740209877490997,2.15896081924438,0.295891
1986-06-26,20.600492477417,0.339541345834732,2.27538990974426,0.20906
1986-06-27,21.7198734283447,0.313503444194794,2.15182280540466,0.182706
1986-06-28,21.369499206543,0.30970299243927,1.90153765678406,0.145792
1986-06-29,20.8710269927979,0.135611787438393,1.88131868839264,0.122987
1986-06-30,20.792106628418,0.207904309034348,1.83402621746063,0.101674
1986-07-01,21.1687088012695,0.259532332420349,1.90592432022095,0.081962
1986-07-02,22.0627117156982,0.176157131791115,2.4401171207428,0.072723
1986-07-03,22.3565559387207,0.443450659513474,1.80756318569183,0.072723
1986-07-04,21.4264469146729,15.4353103637695,2.00353741645813,0.122987
1986-07-05,22.2117805480957,4.46651124954224,2.22201991081238,0.122987
1986-07-06,22.0863361358643,0.838746607303619,2.19269180297852,0.122987
1986-07-07,21.608304977417,4.59936237335205,1.93989396095276,0.122987
1986-07-08,19.8639621734619,1.49820148944855,1.59768605232239,0.122987
1986-07-09,18.9797515869141,0.718861520290375,1.86803209781647,0.112146
1986-07-10,19.4427623748779,1.34632539749146,2.18249416351318,0.112146
1986-07-11,18.5986518859863,0.368322223424912,1.74926590919495,0.091613
1986-07-12,18.4107341766357,0.0842360928654671,1.90982854366303,0.091613
1986-07-13,20.0882205963135,0.198846384882927,1.8168842792511,0.072723
1986-07-14,21.0633678436279,0.818965196609497,1.9069766998291,0.072723
1986-07-15,21.0025768280029,1.85515797138214,3.04469060897827,0.072723
1986-07-16,20.698823928833,0.187709137797356,1.89025664329529,0.063895
1986-07-17,21.8934059143066,0.245823413133621,1.97053003311157,0.063895
1986-07-18,21.7242889404297,0.134681925177574,2.92121553421021,0.063895
1986-07-19,21.9739284515381,0.046936709433794,2.6529688835144,0.063895
1986-07-20,22.8169822692871,0.0552696026861668,2.95160317420959,0.055521
1986-07-21,21.8720951080322,0.008569804020226,3.28447341918945,0.055521
1986-07-22,21.7499027252197,0.848705947399139,2.46165442466736,0.055521
1986-07-23,22.2853622436523,10.0464372634888,2.22178053855896,0.055521
1986-07-24,21.5087604522705,0.406458586454392,2.04329967498779,0.055521
1986-07-25,22.0845565795898,0.0188539009541273,2.90247130393982,0.063895
1986-07-26,22.5495223999023,0.0969934687018394,2.33380270004272,0.081962
1986-07-27,22.8092555999756,0.191463991999626,2.59241652488709,0.091613
1986-07-28,22.6857604980469,0.0330751165747643,2.91562366485596,0.072723
1986-07-29,22.2739543914795,0.585214555263519,1.69228637218475,0.063895
1986-07-30,21.2050304412842,0.585948348045349,1.87132251262665,0.063895
1986-07-31,20.0331401824951,0.0179975368082523,3.113201379776,0.055521
1986-08-01,20.6908531188965,0.0559109821915627,2.82949256896973,0.055521
1986-08-02,22.7475566864014,1.32218205928803,2.40516877174377,0.055521
1986-08-03,22.096399307251,2.37360954284668,1.93621575832367,0.055521
1986-08-04,21.7149295806885,5.21750783920288,2.46160411834717,0.055521
1986-08-05,21.4592304229736,3.92272663116455,1.83115065097809,0.055521
1986-08-06,20.8160343170166,5.01522016525269,3.08541965484619,0.055521
1986-08-07,20.7181777954102,0.350433051586151,2.30600500106812,0.055521
1986-08-08,20.8517322540283,0.202769339084625,3.08465766906738,0.047602
1986-08-09,19.2319736480713,0.227052643895149,2.17135715484619,0.047602
1986-08-10,20.9727516174316,0.742363214492798,2.79084539413452,0.047602
1986-08-11,20.7635078430176,0.35992220044136,2.44315099716187,0.047602
1986-08-12,22.5481853485107,0.0660603865981102,2.8668532371521,0.047602
1986-08-13,21.7430210113525,0.0162053164094687,3.4547643661499,0.047602
1986-08-14,22.2818775177002,0.306436985731125,2.91008758544922,0.047602
1986-08-15,22.050609588623,0.4199238717556,2.7281129360199,0.040159
1986-08-16,22.1495666503906,0.242631882429123,2.72262406349182,0.040159
1986-08-17,23.6706390380859,0.378440469503403,3.19451475143433,0.040159
1986-08-18,23.5099391937256,0.281259655952454,2.59282565116882,0.040159
1986-08-19,23.5976734161377,0.0205169375985861,3.69806599617004,0.040159
1986-08-20,23.2316226959229,0.142078593373299,2.6920862197876,0.040159
1986-08-21,23.945104598999,0.0332743637263775,3.70996832847595,0.040159
1986-08-22,24.6295318603516,0.0932372808456421,2.96806311607361,0.040159
1986-08-23,24.1244049072266,0.257137387990952,2.8066418170929,0.040159
1986-08-24,25.4165725708008,2.41111946105957,3.84340834617615,0.033192
1986-08-25,24.8774261474609,1.16683042049408,3.30227255821228,0.026765
1986-08-26,24.3986682891846,0.0550387986004353,3.50975894927979,0.020858
1986-08-27,23.2433757781982,0.0261696577072144,3.6564826965332,0.020858
1986-08-28,20.8875885009766,2.27341747283936,1.82073950767517,0.026765
1986-08-29,22.1315631866455,0.298358470201492,3.72391510009766,0.091613
1986-08-30,21.7391586303711,0.0639224275946617,1.80693590641022,0.081962
1986-08-31,21.4796504974365,0.103854343295097,2.48876976966858,0.072723
1986-09-01,20.031494140625,0.138318657875061,1.86161839962006,0.063895
1986-09-02,19.2375202178955,0.817889928817749,2.39868187904358,0.063895
1986-09-03,18.7836875915527,0.204330518841743,2.29066467285156,0.063895
1986-09-04,18.0765895843506,0.575008690357208,2.44255304336548,0.063895
1986-09-05,19.6701240539551,0.608727633953095,2.635662317276,0.047602
1986-09-06,20.5711078643799,0.652167618274689,2.54906582832336,0.040159
1986-09-07,21.6162586212158,2.92322301864624,3.03749418258667,0.040159
1986-09-08,20.7661914825439,3.52434062957764,3.14998126029968,0.047602
1986-09-09,20.9996776580811,0.561548948287964,3.18321990966797,0.047602
1986-09-10,20.9112987518311,0.384008586406708,3.33231568336487,0.040159
1986-09-11,20.3692893981934,0.109559893608093,4.15581464767456,0.040159
1986-09-12,21.8135681152344,0.00563015742227435,3.18114256858826,0.040159
1986-09-13,21.7142238616943,0.774300038814545,1.87562549114227,0.040159
1986-09-14,22.956449508667,3.3903603553772,2.4907078742981,0.040159
1986-09-15,23.1305980682373,0.315242797136307,2.5908989906311,0.040159
1986-09-16,24.2643642425537,0.221538886427879,3.72799921035767,0.033192
1986-09-17,23.8841247558594,1.36149823665619,4.2245774269104,0.033192
1986-09-18,23.1491527557373,0.708390653133392,4.21545314788818,0.026765
1986-09-19,21.7524471282959,0.3658107817173,2.4458167552948,0.020858
1986-09-20,23.2838935852051,0.27188041806221,3.5887508392334,0.020858
1986-09-21,22.3373737335205,0.531383454799652,2.87387561798096,0.020858
1986-09-22,23.3196334838867,0.634658634662628,3.40911889076233,0.020858
1986-09-23,23.3858222961426,2.20863127708435,3.47928905487061,0.020858
1986-09-24,24.2085361480713,0.534562230110169,3.99820780754089,0.020858
1986-09-25,23.6514797210693,0.111102253198624,3.63438630104065,0.020858
1986-09-26,24.5080337524414,0.0960771590471268,3.96404004096985,0.020858
1986-09-27,23.5771636962891,0.0764894559979439,3.71916961669922,0.020858
1986-09-28,22.1730117797852,1.55993616580963,3.04089641571045,0.020858
1986-09-29,21.5827865600586,0.0726421177387238,2.02888751029968,0.020858
1986-09-30,21.9627075195313,0.21983827650547,2.93283748626709,0.020858
1986-10-01,23.3924102783203,0.161863297224045,1.94420194625855,0.020858
1986-10-02,23.5605869293213,0.143934920430183,3.11492991447449,0.019993
1986-10-03,22.9661083221436,0.0228223260492086,2.89930248260498,0.017332
1986-10-04,23.3174858093262,0.193566903471947,3.42365193367004,0.017332
1986-10-05,23.919641494751,0.574810028076172,3.67772078514099,0.014973
1986-10-06,24.0385665893555,0.259406566619873,4.14966011047363,0.014973
1986-10-07,23.2991943359375,0.0667181685566902,3.75101232528687,0.014973
1986-10-08,24.0958461761475,0.0481305941939354,4.23709297180176,0.012896
1986-10-09,23.9178009033203,0.253973990678787,3.49632573127747,0.012896
1986-10-10,24.1627559661865,0.220819920301437,3.85107040405273,0.012896
1986-10-11,25.4347457885742,0.0244526267051697,4.97191143035889,0.012896
1986-10-12,25.6032772064209,0.323688179254532,3.75637006759644,0.012896
1986-10-13,24.5010471343994,8.18936538696289,2.36370539665222,0.011057
1986-10-14,24.4944515228272,2.38631415367126,3.06884050369263,0.011057
1986-10-15,20.7536277770996,4.40442705154419,0.855998992919922,0.011057
1986-10-16,21.1952705383301,17.5530071258545,1.13857769966126,0.011057
1986-10-17,22.3851070404053,0.0919140353798866,2.44534277915955,0.011057
1986-10-18,23.671667098999,0.16552472114563,3.80223822593689,0.011057
1986-10-19,25.6562232971191,0.0581255815923214,5.3060998916626,0.047602
1986-10-20,24.8353843688965,0.287459850311279,3.42105340957642,0.040159
1986-10-21,24.4647731781006,1.12408697605133,4.67593240737915,0.040159
1986-10-22,23.2152042388916,0.100886195898056,4.02323150634766,0.033192
1986-10-23,25.4265956878662,0.00921827554702759,5.25269794464111,0.020858
1986-10-24,25.1852626800537,0.0539082251489162,3.83976292610168,0.020858
1986-10-25,20.5666885375977,3.46193695068359,1.75695443153381,0.017332
1986-10-26,21.6651725769043,1.0806245803833,1.98585629463196,0.017332
1986-10-27,19.7420482635498,2.7684600353241,0.865100085735321,0.017332
1986-10-28,20.8320941925049,14.9601640701294,1.96273946762085,0.019993
1986-10-29,22.8447647094727,0.527362644672394,2.85166430473328,0.033192
1986-10-30,23.958288192749,2.14629197120667,3.69004774093628,0.040159
1986-10-31,24.21217918396,3.26528668403626,3.54987025260925,0.047602
1986-11-01,24.0990810394287,10.1784582138062,4.02520322799683,0.091613
1986-11-02,24.3500804901123,2.03990459442139,3.84004473686218,0.122987
1986-11-03,24.2109794616699,5.11990165710449,4.01919555664063,0.091613
1986-11-04,24.0230255126953,2.28260517120361,3.66044211387634,0.072723
1986-11-05,24.4877548217773,0.294750332832336,3.9222149848938,0.091613
1986-11-06,23.7974224090576,0.339552134275436,3.66733169555664,0.081962
1986-11-07,23.8175964355469,0.145398676395416,3.77361083030701,0.091613
1986-11-08,23.8702392578125,0.630151331424713,4.41767454147339,0.091613
1986-11-09,22.768310546875,5.61670112609863,3.02004790306091,0.072723
1986-11-10,23.6049728393555,6.43025541305542,3.55753421783447,0.072723
1986-11-11,24.3674621582031,10.981707572937,3.47079563140869,0.112146
1986-11-12,24.7567672729492,4.70211410522461,3.50063610076904,0.134195
1986-11-13,20.1168384552002,9.10002136230469,1.43336057662964,0.122987
1986-11-14,19.2538166046143,3.94235253334045,1.02524328231812,0.122987
1986-11-15,19.3315734863281,6.69381713867188,1.14091956615448,0.112146
1986-11-16,23.0938606262207,24.0071430206299,2.62972140312195,0.122987
1986-11-17,22.4286346435547,21.7910957336426,2.74897027015686,0.505557
1986-11-18,23.0321960449219,5.8428521156311,3.33722639083862,0.63432
1986-11-19,23.9438438415527,12.2484359741211,3.96751141548157,0.984066
1986-11-20,23.8182563781738,4.75372409820557,3.78422689437866,1.134944
1986-11-21,23.7096614837647,8.24759674072266,3.87912726402283,0.727274
1986-11-22,24.5635833740234,7.43089437484741,4.02328443527222,1.077259
1986-11-23,24.6826400756836,0.666542589664459,4.13782215118408,0.664678
1986-11-24,24.7441577911377,0.00992879364639521,4.63514947891235,0.376706
1986-11-25,24.6559314727783,0.186868861317635,3.66855502128601,0.222713
1986-11-26,25.5276889801025,0.0739423707127571,4.4404091835022,0.170048
1986-11-27,25.9265022277832,0.0551656186580658,4.27914762496948,0.122987
1986-11-28,25.4681148529053,0.23483207821846,3.34914493560791,0.101674
1986-11-29,24.8884239196777,0.350753158330917,3.38607287406921,0.101674
1986-11-30,22.6894378662109,6.17309331893921,1.51407527923584,0.081962
1986-12-01,23.1231307983398,4.72917079925537,1.95899724960327,0.072723
1986-12-02,25.122106552124,0.770009934902191,3.9711811542511,0.072723
1986-12-03,24.7336692810059,1.76663255691528,3.66040825843811,0.072723
1986-12-04,24.9876022338867,0.251776576042175,3.95474576950073,0.063895
1986-12-05,24.1024131774902,0.0128229698166251,4.54982376098633,0.072723
1986-12-06,25.1560077667236,0.0165102370083332,4.67140436172485,0.055521
1986-12-07,25.2678661346436,0.0436004064977169,4.39348125457764,0.072723
1986-12-08,26.118013381958,0.00418279925361276,4.97415161132813,0.081962
1986-12-09,27.4324760437012,0.154064610600472,4.85035419464111,0.081962
1986-12-10,26.4222354888916,1.02054762840271,3.27554893493652,0.063895
1986-12-11,26.2750244140625,8.93930625915527,3.33689069747925,0.072723
1986-12-12,25.2694263458252,0.069733127951622,4.50241327285767,0.055521
1986-12-13,24.1139850616455,0.0135502079501748,4.61675119400024,0.112146
1986-12-14,24.7235488891602,0.228641346096993,4.25405406951904,0.112146
1986-12-15,24.7822799682617,0.166489943861961,4.14324045181274,0.101674
1986-12-16,26.010856628418,0.390365689992905,3.81474304199219,0.101674
1986-12-17,25.9331398010254,0.546041429042816,4.60359764099121,0.091613
1986-12-18,25.3676090240479,0.313457936048508,4.2533655166626,0.091613
1986-12-19,26.1943969726563,0.708184719085693,4.63487482070923,0.072723
1986-12-20,25.0976257324219,0.165270641446114,3.91205787658691,0.063895
1986-12-21,25.0320587158203,0.183193892240524,4.55447196960449,0.047602
1986-12-22,25.2142791748047,1.09531545639038,4.85751342773438,0.040159
1986-12-23,25.3590545654297,12.6966524124146,3.57353711128235,0.026765
1986-12-24,25.1960582733154,0.870905578136444,2.2647876739502,0.040159
1986-12-25,25.2350578308106,7.7649040222168,2.56894373893738,0.081962
1986-12-26,25.7166595458984,2.60356783866882,3.61519241333008,0.081962
1986-12-27,24.503080368042,8.44822216033936,1.57999515533447,0.081962
1986-12-28,24.7808322906494,14.9863967895508,3.05438590049744,0.112146
1986-12-29,25.8816871643066,6.82805252075195,3.92927265167236,0.343493
1986-12-30,25.7789859771729,0.0554893761873245,4.29980611801147,0.376706
1986-12-31,25.5024223327637,0.112405218183994,4.52557897567749,0.20906
1987-01-01,25.4678115844727,0.547964870929718,4.34805917739868,0.145792
1987-01-02,25.9462623596191,0.171201005578041,4.20784091949463,0.112146
1987-01-03,26.1834335327148,0.991319298744202,4.32464027404785,0.112146
1987-01-04,25.4198226928711,0.302722096443176,4.03672027587891,0.081962
1987-01-05,25.3475322723389,6.16437578201294,3.59264159202576,0.081962
1987-01-06,25.6766376495361,3.15854954719543,3.89562797546387,0.072723
1987-01-07,25.8267612457275,1.39560854434967,4.66571950912476,0.063895
1987-01-08,25.1131954193115,27.953239440918,3.94311928749084,0.112146
1987-01-09,25.6664791107178,3.85195922851563,4.84414958953857,0.547035
1987-01-10,26.0448513031006,0.1255983710289,4.46472072601318,0.376706
1987-01-11,26.2870483398438,0.0535291023552418,5.59800910949707,0.222713
1987-01-12,25.7856140136719,1.30132365226746,4.92725849151611,0.157758
1987-01-13,26.0808486938477,0.00584135856479406,5.19502925872803,0.134195
1987-01-14,25.3555698394775,0.0288495421409607,4.35801553726196,0.091613
1987-01-15,24.7547073364258,0.183237999677658,3.86862850189209,0.072723
1987-01-16,25.3150482177734,0.102116324007511,4.5123233795166,0.063895
1987-01-17,26.3583240509033,0.042205698788166,5.09151124954224,0.063895
1987-01-18,27.7897796630859,0.03252162784338,5.70783233642578,0.063895
1987-01-19,26.7050437927246,4.73777151107788,4.71820735931397,0.055521
1987-01-20,27.2381992340088,0.457935333251953,4.07189893722534,0.040159
1987-01-21,26.6551685333252,4.6119966506958,4.56394815444946,0.040159
1987-01-22,26.3621559143066,0.151143133640289,4.55362367630005,0.040159
1987-01-23,26.5853996276856,0.0259322747588158,4.92328357696533,0.063895
1987-01-24,28.1127586364746,0.0810503512620926,5.07540655136108,0.072723
1987-01-25,27.11012840271,0.198149248957634,5.75423955917358,0.063895
1987-01-26,27.8571357727051,0.0325373336672783,5.52720451354981,0.047602
1987-01-27,27.5066566467285,0.00491172354668379,5.61697244644165,0.047602
1987-01-28,27.144380569458,0.0343868359923363,5.11184549331665,0.047602
1987-01-29,26.6682796478272,0.0503503568470478,5.15824842453003,0.033192
1987-01-30,26.4535312652588,0.0265832897275686,4.68405055999756,0.020858
1987-01-31,25.7252178192139,0.0928104445338249,4.58293914794922,0.026765
1987-02-01,25.864465713501,0.224124416708946,4.27549648284912,0.026765
1987-02-02,26.9874858856201,2.40671849250793,4.43081188201904,0.019993
1987-02-03,26.1106853485107,0.0160793345421553,5.26590728759766,0.019993
1987-02-04,27.1178417205811,0.0191784538328648,5.3136944770813,0.01863
1987-02-05,26.7979602813721,0.0443833284080029,4.61718130111694,0.017332
1987-02-06,26.6795272827148,0.0522925667464733,4.9372091293335,0.017332
1987-02-07,27.6941566467285,0.110730946063995,4.82654523849487,0.013891
1987-02-08,27.5589752197266,0.0888127610087395,5.1623740196228,0.013891
1987-02-09,26.5605506896973,0.0759032368659973,5.32837152481079,0.013891
1987-02-10,26.1178569793701,0.11124774068594,4.18620443344116,0.013891
1987-02-11,25.6846923828125,1.52446043491364,3.68518447875977,0.012896
1987-02-12,24.9540309906006,1.64646863937378,3.45933699607849,0.011944
1987-02-13,25.250581741333,8.19289302825928,3.47795581817627,0.011944
1987-02-14,25.4391994476318,3.39401817321777,3.91836786270142,0.014973
1987-02-15,25.3599433898926,2.68457961082459,3.98553848266602,0.017332
1987-02-16,25.8293609619141,1.08949649333954,4.12696599960327,0.033192
1987-02-17,26.0351600646973,7.14598846435547,4.07277822494507,0.040159
1987-02-18,25.2656536102295,7.00354290008545,4.0811882019043,0.026765
1987-02-19,25.7468852996826,1.92753851413727,4.36285209655762,0.040159
1987-02-20,26.2586174011231,2.3587019443512,4.35570430755615,0.047602
1987-02-21,25.9031829833984,2.04211091995239,4.49104118347168,0.047602
1987-02-22,25.3325634002686,2.82329726219177,3.21904301643372,0.047602
1987-02-23,26.2748355865479,1.76788449287415,4.26624917984009,0.047602
1987-02-24,25.5004253387451,5.07505798339844,2.72430062294006,0.063895
1987-02-25,26.1252365112305,4.10772466659546,3.63944721221924,0.063895
1987-02-26,25.5750846862793,9.18718719482422,3.49333095550537,0.112146
1987-02-27,25.5900630950928,10.3319959640503,3.83755946159363,0.428701
1987-02-28,25.082576751709,1.72189033031464,3.78707432746887,0.411088
1987-03-01,26.2230110168457,2.09706449508667,4.92077112197876,0.222713
1987-03-02,26.2950782775879,2.70906138420105,4.95561790466309,0.20906
1987-03-03,26.4816417694092,0.0468731820583344,4.42934894561768,0.170048
1987-03-04,26.6431179046631,0.0485709607601166,5.07713842391968,0.134195
1987-03-05,26.7679576873779,0.0161037407815456,4.95234632492065,0.081962
1987-03-06,27.5961208343506,0.0607494153082371,4.40059757232666,0.072723
1987-03-07,27.1489009857178,0.575644195079804,2.92183446884155,0.063895
1987-03-08,27.023307800293,0.293361812829971,4.48323249816895,0.063895
1987-03-09,26.5588455200195,2.60592007637024,2.30113863945007,0.055521
1987-03-10,26.631965637207,20.539924621582,3.40339851379395,0.055521
1987-03-11,26.8606414794922,2.03254199028015,4.42795944213867,0.533036
1987-03-12,26.5370388031006,1.23260307312012,3.44589114189148,0.452523
1987-03-13,24.7300338745117,4.7850923538208,2.63651251792908,0.236713
1987-03-14,25.5360565185547,5.04027080535889,3.32302594184876,0.170048
1987-03-15,26.142900466919,1.19829940795898,3.51411461830139,0.145792
1987-03-16,26.1894493103027,1.74044871330261,3.66915273666382,0.145792
1987-03-17,25.4196510314941,2.68848896026611,3.2735550403595,0.134195
1987-03-18,25.596866607666,10.5389852523804,3.73691368103027,0.157758
1987-03-19,25.8688697814941,7.5404224395752,3.86806511878967,0.31147
1987-03-20,25.9327068328857,0.863360106945038,3.6194109916687,0.265685
1987-03-21,26.4751033782959,3.26644897460938,3.75357365608215,0.20906
1987-03-22,26.4580173492432,2.240642786026,3.75256776809692,0.19571
1987-03-23,26.8146057128906,0.626637637615204,3.7949492931366,0.170048
1987-03-24,26.0896835327148,7.34629678726196,2.51169061660767,0.145792
1987-03-25,25.9856967926025,7.2655782699585,3.69078254699707,0.792381
1987-03-26,25.7513790130615,6.07962417602539,3.39848279953003,0.343493
1987-03-27,25.6378860473633,10.5687398910522,3.66483306884766,0.825854
1987-03-28,25.7922821044922,1.89361917972565,3.25671362876892,1.443319
1987-03-29,24.8859996795654,6.53457641601563,2.68622350692749,0.894661
1987-03-30,24.4644870758057,4.51093482971191,2.84758448600769,0.63432
1987-03-31,24.3390369415283,4.84553098678589,1.59804737567902,0.492055
1987-04-01,25.017505645752,12.5382986068726,2.33322477340698,0.695662
1987-04-02,25.8453540802002,3.01480460166931,3.35631442070007,0.547035
1987-04-03,26.5649700164795,2.03993082046509,3.94747567176819,0.439693
1987-04-04,25.9481315612793,4.21613025665283,3.300213098526,0.393756
1987-04-05,25.3108291625977,4.35152006149292,3.28826880455017,0.411088
1987-04-06,25.6216163635254,1.98738873004913,3.40553545951843,0.376706
1987-04-07,26.4076519012451,1.49321711063385,3.3635356426239,0.295891
1987-04-08,26.1739120483398,0.49332582950592,3.41317129135132,0.265685
1987-04-09,25.9027919769287,0.155215173959732,3.31876087188721,0.20906
1987-04-10,26.4467449188232,0.0583790875971317,3.44790005683899,0.145792
1987-04-11,26.0513744354248,0.387631833553314,3.63498306274414,0.091613
1987-04-12,26.0125408172607,0.519788265228272,3.43014979362488,0.072723
1987-04-13,25.6342678070068,0.563085973262787,3.4680335521698,0.091613
1987-04-14,25.5664596557617,1.25219190120697,3.5332567691803,0.081962
1987-04-15,24.8659286499023,7.57319498062134,2.99334192276001,0.081962
1987-04-16,24.8525810241699,7.98427820205689,3.12085461616516,0.122987
1987-04-17,24.5199546813965,4.43971157073975,3.18898439407349,0.145792
1987-04-18,24.8863868713379,7.65759181976318,3.62039422988892,0.145792
1987-04-19,24.0913276672363,6.98134136199951,2.50666379928589,0.182706
1987-04-20,25.0130462646484,7.13725662231445,3.4069926738739,0.20906
1987-04-21,24.983606338501,0.3799047768116,3.47622919082642,0.265685
1987-04-22,24.518762588501,0.289090752601624,3.00563263893127,0.170048
1987-04-23,25.4145660400391,0.250629186630249,3.63488245010376,0.122987
1987-04-24,25.321231842041,0.233603358268738,3.34925007820129,0.122987
1987-04-25,24.5049858093262,0.130119249224663,3.30663871765137,1.690158
1987-04-26,24.8508548736572,17.8191013336182,2.83220052719116,0.465549
1987-04-27,24.8227500915527,0.770798146724701,2.89945244789124,0.182706
1987-04-28,24.8338947296143,0.219085291028023,2.86738181114197,0.145792
1987-04-29,24.1729431152344,0.161572754383087,2.79355645179749,0.112146
1987-04-30,23.5349159240723,2.12164163589478,1.22831642627716,0.101674
1987-05-01,23.7485389709473,3.05084466934204,2.59610843658447,0.101674
1987-05-02,24.1783256530762,0.126187816262245,3.13915371894836,0.091613
1987-05-03,25.4614391326904,1.63594925403595,3.16938781738281,0.091613
1987-05-04,25.7692470550537,2.8913094997406,2.69559264183044,0.081962
1987-05-05,26.0714988708496,1.52985298633575,3.01341509819031,0.081962
1987-05-06,25.9429893493652,0.607042014598846,2.97752046585083,0.063895
1987-05-07,25.8223934173584,0.367497384548187,3.05515050888062,0.081962
1987-05-08,25.7410202026367,0.719605147838593,3.1493182182312,0.101674
1987-05-09,24.8643207550049,0.00175259390380234,3.74277067184448,0.081962
1987-05-10,24.3941993713379,0.271307915449142,2.71759724617004,0.170048
1987-05-11,23.3239765167236,7.86242246627808,1.49413549900055,0.081962
1987-05-12,22.903284072876,14.4135122299194,0.983489573001862,0.081962
1987-05-13,23.6696224212647,3.34850883483887,2.14482307434082,0.091613
1987-05-14,23.9775638580322,1.47955679893494,2.34230780601501,0.101674
1987-05-15,24.5311145782471,1.49682462215424,2.58153462409973,0.101674
1987-05-16,25.0928592681885,0.523688495159149,2.72887921333313,0.101674
1987-05-17,24.7446708679199,0.715373575687408,2.18150472640991,0.081962
1987-05-18,24.156888961792,2.80682682991028,2.33573365211487,0.101674
1987-05-19,23.8224182128906,1.16975784301758,2.49980592727661,0.101674
1987-05-20,24.4679565429688,0.20532400906086,2.79014897346497,0.091613
1987-05-21,26.2529182434082,0.0124282846227288,3.52699613571167,0.081962
1987-05-22,26.2539787292481,0.00555081851780415,3.51712322235107,0.081962
1987-05-23,25.5434951782227,0.46256360411644,2.67459559440613,0.063895
1987-05-24,25.2689628601074,0.454923868179321,2.9308385848999,0.063895
1987-05-25,24.5061264038086,0.141362741589546,2.73583841323853,0.055521
1987-05-26,23.2429542541504,0.440116852521896,1.9734970331192,0.055521
1987-05-27,21.7696552276611,0.0226574502885342,2.28562521934509,0.047602
1987-05-28,21.8854293823242,0.0448019802570343,2.16020059585571,0.040159
1987-05-29,21.7511787414551,0.0128184603527188,2.52290940284729,0.040159
1987-05-30,22.2919654846191,1.28894771478372e-06,3.52727580070496,0.040159
1987-05-31,22.5552253723145,0.0320645347237587,2.31982159614563,0.040159
1987-06-01,21.9256038665772,0.000178083559148945,2.97066307067871,0.033192
1987-06-02,22.5394535064697,0.0306607764214277,2.57096147537231,0.040159
1987-06-03,22.352445602417,0.231389671564102,2.9795970916748,0.033192
1987-06-04,22.4920845031738,0.113002151250839,1.90201759338379,0.033192
1987-06-05,22.2304840087891,0.144910082221031,1.81416893005371,0.026765
1987-06-06,23.5484981536865,0.368533670902252,2.27248907089233,0.026765
1987-06-07,24.2097454071045,0.0998751744627953,2.51873922348022,0.026765
1987-06-08,23.6700706481934,0.25053134560585,2.37253189086914,0.026765
1987-06-09,23.3035011291504,0.378117769956589,2.28586673736572,0.026765
1987-06-10,23.2867660522461,0.631138563156128,1.94241368770599,0.026765
1987-06-11,22.1492385864258,0.489213705062866,1.4902116060257,0.026765
1987-06-12,22.8776092529297,0.55596786737442,1.59072268009186,0.026765
1987-06-13,23.7440013885498,5.99002599716187,2.07215714454651,0.026765
1987-06-14,23.9127941131592,2.15940690040588,2.11485481262207,0.026765
1987-06-15,23.9771327972412,0.85989236831665,2.55251884460449,0.033192
1987-06-16,23.6691722869873,0.0331259928643703,2.63521957397461,0.040159
1987-06-17,24.0209712982178,0.594046652317047,1.79883778095245,0.040159
1987-06-18,23.8581695556641,0.672145307064056,2.08344578742981,0.026765
1987-06-19,23.7418994903564,0.33781573176384,2.22389245033264,0.026765
1987-06-20,23.8525066375732,0.230634644627571,2.57910585403442,0.026765
1987-06-21,23.6674385070801,0.25117963552475,2.29445242881775,0.026765
1987-06-22,23.6479549407959,0.51725047826767,2.20874810218811,0.026765
1987-06-23,24.6873359680176,0.120144672691822,2.46588945388794,0.026765
1987-06-24,24.5449466705322,0.0626863613724709,2.85894441604614,0.026765
1987-06-25,21.1178760528564,8.6309757232666,1.22834622859955,0.020858
1987-06-26,20.8177661895752,0.473073869943619,1.1348180770874,0.026765
1987-06-27,20.8668270111084,0.0256049558520317,2.78298234939575,0.020858
1987-06-28,19.7248706817627,0.0580692812800407,1.92106544971466,0.020858
1987-06-29,21.6185340881348,1.06205213069916,2.30284595489502,0.033192
1987-06-30,21.7393779754639,12.2020301818848,1.24450278282166,0.040159
1987-07-01,21.9155979156494,5.22452878952026,1.13053941726685,0.040159
1987-07-02,22.1556415557861,0.686174511909485,2.00296545028687,0.055521
1987-07-03,23.3739814758301,1.31492865085602,2.63353896141052,0.055521
1987-07-04,22.7640552520752,1.06455373764038,2.32895016670227,0.055521
1987-07-05,22.5679054260254,0.0704477578401566,2.57489991188049,0.055521
1987-07-06,22.9146728515625,3.17137861251831,2.55196332931519,0.047602
1987-07-07,22.4494609832764,1.64911592006683,2.42933797836304,0.055521
1987-07-08,22.6956615447998,0.771770060062408,2.22467255592346,0.055521
1987-07-09,22.9327869415283,0.671894192695618,2.21381235122681,0.047602
1987-07-10,22.8329277038574,0.623879134654999,2.39718532562256,0.047602
1987-07-11,22.7593460083008,1.95707404613495,2.12143850326538,0.040159
1987-07-12,23.0199699401856,0.625936150550842,2.1568751335144,0.040159
1987-07-13,23.3128147125244,1.88444983959198,2.3047022819519,0.040159
1987-07-14,22.6508655548096,0.688470959663391,2.28210878372192,0.040159
1987-07-15,23.3466758728027,0.0677507594227791,3.01107811927795,0.040159
1987-07-16,22.275728225708,0.554435789585114,1.97455644607544,0.040159
1987-07-17,22.6277236938477,1.09447693824768,2.24807453155518,0.033192
1987-07-18,22.5964469909668,1.32565581798553,2.91137909889221,0.033192
1987-07-19,21.0127105712891,0.304214268922806,2.53840589523315,0.026765
1987-07-20,23.4380321502686,0.120900981128216,2.90109872817993,0.026765
1987-07-21,22.4524669647217,0.780067980289459,2.20530676841736,0.026765
1987-07-22,23.1342296600342,0.108297526836395,3.06572890281677,0.026765
1987-07-23,21.9083976745605,1.08411145210266,2.01373720169067,0.026765
1987-07-24,20.7650814056397,0.165362551808357,2.69882154464722,0.026765
1987-07-25,20.3951663970947,0.516745984554291,2.06809568405151,0.020858
1987-07-26,21.0739002227783,9.03580379486084,2.03367567062378,0.026765
1987-07-27,21.6900005340576,4.56090354919434,2.36582660675049,0.026765
1987-07-28,21.6350708007813,1.30813336372376,2.46946358680725,0.033192
1987-07-29,22.7894859313965,4.95277690887451,2.52244710922241,0.055521
1987-07-30,23.5293769836426,0.199462428689003,2.72830390930176,0.055521
1987-07-31,24.6142272949219,0.0400672145187855,3.75607895851135,0.047602
1987-08-01,21.2929954528809,16.0507888793945,2.16723465919495,0.072723
1987-08-02,20.4267902374268,0.127143427729607,2.15536522865295,0.101674
1987-08-03,20.3358211517334,0.00273831095546484,2.48285412788391,0.091613
1987-08-04,19.9298038482666,0.0461315363645554,2.45350551605225,0.072723
1987-08-05,20.1617774963379,0.0273443926125765,2.26508665084839,0.063895
1987-08-06,21.1642017364502,0.201619282364845,3.32742166519165,0.055521
1987-08-07,23.6133556365967,0,3.86856627464294,0.047602
1987-08-08,24.2155609130859,0.0442197881639004,3.19994306564331,0.040159
1987-08-09,24.3150100708008,0.0101236654445529,3.54973268508911,0.040159
1987-08-10,24.3706016540527,0.0100353835150599,3.39574813842773,0.040159
1987-08-11,23.7173538208008,0.260395973920822,2.76056003570557,0.033192
1987-08-12,23.2839908599854,0.0290466453880072,3.61175227165222,0.026765
1987-08-13,22.7648639678955,0.178954631090164,2.59259462356567,0.026765
1987-08-14,23.6921405792236,1.21669793128967,2.88346719741821,0.026765
1987-08-15,23.7032661437988,0.369019448757172,3.08952808380127,0.026765
1987-08-16,23.7564487457275,0.532522559165955,2.72718262672424,0.026765
1987-08-17,23.1522827148438,0.0521880500018597,3.70184683799744,0.020858
1987-08-18,23.8841114044189,0.0174047332257032,3.25297856330872,0.020858
1987-08-19,24.0881576538086,0.0332073271274567,3.31624555587769,0.01863
1987-08-20,23.621997833252,0.0402633100748062,3.89866995811462,0.014973
1987-08-21,23.6893329620361,0.0478629283607006,3.62894058227539,0.014973
1987-08-22,23.591100692749,0.0409586206078529,3.34359550476074,0.012896
1987-08-23,21.9301147460938,0.0546602159738541,2.1602897644043,0.012896
1987-08-24,21.4305782318115,0.0246759653091431,3.63167333602905,0.010213
1987-08-25,20.8402328491211,0.0361702814698219,3.52654123306274,0.010213
1987-08-26,21.9831771850586,0.0387235283851624,3.1269154548645,0.010213
1987-08-27,22.8761787414551,0.0559626631438732,2.99017286300659,0.010213
1987-08-28,24.173433303833,0.236778616905212,3.18934845924377,0.008027
1987-08-29,24.3315505981445,0.022749125957489,4.10429668426514,0.006232
1987-08-30,23.8502750396729,0.153618350625038,3.54058575630188,0.010213
1987-08-31,21.8740482330322,0.231494441628456,2.4009313583374,0.006232
1987-09-01,22.3943138122559,0.890730440616608,2.83358454704285,0.006232
1987-09-02,23.5861206054688,1.98928880691528,4.15929126739502,0.008027
1987-09-03,22.7565441131592,0.182504281401634,2.8472318649292,0.004803
1987-09-04,24.0417766571045,0.0118421874940395,4.14539480209351,0.008027
1987-09-05,23.6328716278076,0.00853785220533609,4.04466533660889,0.006232
1987-09-06,24.8914299011231,0.0616516657173634,3.61825847625732,0.006232
1987-09-07,25.4191627502441,0.014532933011651,4.5345778465271,0.006232
1987-09-08,23.5827121734619,0.0413477756083012,3.42565035820007,0.006232
1987-09-09,22.6039428710938,1.90034735202789,1.45057141780853,0.008027
1987-09-10,23.6204643249512,1.69751083850861,2.36135959625244,0.008027
1987-09-11,24.091215133667,0.457938492298126,3.14824175834656,0.008027
1987-09-12,25.105396270752,0.331538677215576,3.26088190078735,0.006232
1987-09-13,24.3762989044189,1.3213928937912,2.82885432243347,0.010213
1987-09-14,24.3114261627197,0.617043793201447,3.86662530899048,0.010213
1987-09-15,24.0574855804443,0.405455321073532,4.36504459381104,0.008027
1987-09-16,24.7583522796631,0.00511154951527715,4.48378658294678,0.008027
1987-09-17,25.0469932556152,0.035949282348156,3.74657154083252,0.008027
1987-09-18,25.0677757263184,0.119345262646675,3.23345422744751,0.008027
1987-09-19,25.3104362487793,0.916178405284882,3.79452109336853,0.008027
1987-09-20,25.8036632537842,0.349991232156754,3.90728306770325,0.004803
1987-09-21,24.9051208496094,1.11040258407593,3.64861965179443,0.006232
1987-09-22,24.8366432189941,7.68805027008057,4.02906084060669,0.008027
1987-09-23,25.6966648101807,0.696785748004913,4.48209285736084,0.008027
1987-09-24,25.7699203491211,5.97253799438477,3.44375586509705,0.008027
1987-09-25,24.9284191131592,9.42501544952393,3.57395267486572,0.008027
1987-09-26,22.935525894165,2.15205049514771,1.30461418628693,0.008027
1987-09-27,23.3291873931885,9.87407684326172,2.52420520782471,0.026765
1987-09-28,24.4288082122803,31.0374641418457,4.20571851730347,0.072723
1987-09-29,25.1212387084961,4.00646829605103,3.75304841995239,0.122987
1987-09-30,24.1339664459229,0.931432008743286,3.56453394889832,0.122987
1987-10-01,24.470630645752,0.162552610039711,3.96722173690796,0.091613
1987-10-02,25.1696262359619,0.0179386250674725,4.2390022277832,0.081962
1987-10-03,24.7575225830078,0.0542158596217632,4.31581401824951,0.081962
1987-10-04,23.3315486907959,5.44607973098755,2.50083088874817,0.072723
1987-10-05,21.5187301635742,7.32177782058716,1.52792549133301,0.063895
1987-10-06,23.4150524139404,2.34517192840576,3.37939071655273,0.055521
1987-10-07,25.5550022125244,0.0430939085781574,4.38134336471558,0.055521
1987-10-08,25.3423099517822,0.0217507313936949,4.49442434310913,0.072723
1987-10-09,25.5967197418213,0.363010764122009,3.45194911956787,0.055521
1987-10-10,26.0248107910156,0.227668076753616,4.11387586593628,0.040159
1987-10-11,26.4754123687744,0.0472887940704823,4.31241416931152,0.040159
1987-10-12,26.3819389343262,0.0138776982203126,4.77143287658691,0.040159
1987-10-13,26.6167602539063,0.0471921525895596,5.18129777908325,0.040159
1987-10-14,26.4167022705078,0.0156787931919098,4.37538862228394,0.040159
1987-10-15,25.1253337860107,0.875624418258667,3.77041506767273,0.026765
1987-10-16,25.7469615936279,1.30347847938538,4.36298608779907,0.026765
1987-10-17,25.9840621948242,0.120166473090649,4.57200813293457,0.026765
1987-10-18,26.0117893218994,0.0775779858231545,5.01853227615356,0.020858
1987-10-19,25.8759613037109,0.0131654515862465,5.34114646911621,0.01863
1987-10-20,26.5420227050781,0.00810759235173464,5.36310243606567,0.014973
1987-10-21,26.0271492004395,0.0350021906197071,4.50666332244873,0.012896
1987-10-22,26.0847988128662,0.0554099157452583,4.83202409744263,0.010213
1987-10-23,26.101583480835,0.0444589704275131,5.28951406478882,0.010213
1987-10-24,25.5422496795654,0.258572161197662,3.88483333587647,0.008027
1987-10-25,25.6183853149414,0.0363311134278774,4.96967840194702,0.008027
1987-10-26,26.0801162719727,0.0753854736685753,5.33728456497192,0.008027
1987-10-27,26.1251831054688,0.0178766325116158,5.39187669754028,0.004803
1987-10-28,25.7319240570068,0.236875131726265,5.28371143341065,0.004803
1987-10-29,25.7455291748047,0.00182710262015462,5.62644338607788,0.003008
1987-10-30,27.0635890960693,0.00257715373300016,5.52558040618897,0.002012
1987-10-31,27.1029720306397,2.64486932754517,3.62850141525269,0.003008
1987-11-01,24.5942134857178,7.3492283821106,1.88599228858948,0.003008
1987-11-02,24.0529727935791,4.64914751052856,1.81651031970978,0.003008
1987-11-03,23.5988883972168,0.158961057662964,3.46706628799439,0.003008
1987-11-04,23.7667636871338,0.0264503210783005,4.02003717422485,0.003008
1987-11-05,25.2949123382568,0.323391616344452,4.79555511474609,0.004803
1987-11-06,27.3761825561523,0.831075429916382,4.56724882125855,0.004803
1987-11-07,27.9367408752441,0.00880958139896393,5.08419466018677,0.004803
1987-11-08,26.7671508789063,0.193196892738342,3.80040836334229,0.003008
1987-11-09,26.4351234436035,0.48309314250946,2.61159706115723,0.003008
1987-11-10,26.824333190918,0.471569031476975,4.49178171157837,0.002012
1987-11-11,25.9099273681641,3.48008275032043,4.13823986053467,0.002012
1987-11-12,25.4227752685547,2.35003685951233,3.56835103034973,0.003008
1987-11-13,25.160551071167,2.03713417053223,3.8861939907074,0.003008
1987-11-14,25.1135063171387,2.97920274734497,4.20035171508789,0.003008
1987-11-15,25.3332939147949,2.68798208236694,4.4007453918457,0.003008
1987-11-16,26.2854976654053,2.81709170341492,4.98920297622681,0.004803
1987-11-17,26.1788864135742,2.08809638023376,2.86527109146118,0.008027
1987-11-18,24.2579879760742,8.71775245666504,1.18254411220551,0.012896
1987-11-19,24.2846164703369,6.37639617919922,1.5380551815033,0.012896
1987-11-20,23.6815128326416,2.40481090545654,2.69730949401855,0.017332
1987-11-21,24.2633571624756,3.04871439933777,2.08907556533813,0.026765
1987-11-22,24.8368358612061,3.97042298316956,2.57303309440613,0.040159
1987-11-23,24.143985748291,9.65610218048096,2.28670883178711,0.047602
1987-11-24,25.2175159454346,3.6839497089386,3.33584547042847,0.072723
1987-11-25,25.3065166473389,6.84225463867188,3.94201970100403,0.081962
1987-11-26,25.8270130157471,0.62781947851181,3.9704442024231,0.101674
1987-11-27,26.3545150756836,0.0534108206629753,4.67071580886841,0.112146
1987-11-28,26.7862453460693,0.0459035411477089,4.49515056610107,0.091613
1987-11-29,26.5466365814209,0.151200190186501,4.0604887008667,0.081962
1987-11-30,25.7324562072754,1.62538647651672,2.55977630615234,0.081962
1987-12-01,25.7633323669434,8.83012962341309,2.45050692558289,0.081962
1987-12-02,25.370491027832,4.06322860717773,2.64430856704712,0.157758
1987-12-03,25.668493270874,5.65426301956177,3.79083561897278,0.359959
1987-12-04,25.4653644561768,1.28012871742249,3.54457974433899,0.265685
1987-12-05,26.831958770752,3.8357949256897,4.26832628250122,0.236713
1987-12-06,26.7617778778076,4.09962844848633,5.14596748352051,0.20906
1987-12-07,26.490852355957,0.0693033114075661,4.86530017852783,0.157758
1987-12-08,25.6738224029541,0.212463915348053,3.40099549293518,0.122987
1987-12-09,25.860424041748,0.103144288063049,4.50604820251465,0.122987
1987-12-10,26.296178817749,0.200199946761131,4.43760681152344,0.112146
1987-12-11,26.3617763519287,0.256381899118423,4.56657457351685,0.101674
1987-12-12,26.095458984375,0.237833634018898,4.85487413406372,0.091613
1987-12-13,26.2127437591553,0.0933377966284752,4.52719593048096,0.081962
1987-12-14,25.6467876434326,0.128778904676437,2.82902550697327,0.072723
1987-12-15,24.9551162719727,0.165093690156937,2.49867987632751,0.063895
1987-12-16,25.0684928894043,3.24547123908997,2.93861031532288,0.047602
1987-12-17,24.8016681671143,2.1641252040863,3.11251330375671,0.055521
1987-12-18,25.3850135803223,2.76533102989197,3.89446878433228,0.047602
1987-12-19,26.4412631988525,0.509022116661072,4.59973001480103,0.040159
1987-12-20,24.869421005249,6.40679359436035,1.95594727993011,0.047602
1987-12-21,23.9878005981445,16.1414566040039,1.55391919612885,0.072723
1987-12-22,24.2981338500977,2.92764377593994,1.68047034740448,0.122987
1987-12-23,25.5615329742432,16.2839584350586,1.96230733394623,0.182706
1987-12-24,25.2880344390869,18.345329284668,2.85286021232605,0.533036
1987-12-25,23.6377964019775,24.6216468811035,1.32246816158295,0.743329
1987-12-26,25.4207534790039,16.041015625,4.17006063461304,0.547035
1987-12-27,25.5386161804199,0.938207507133484,3.7256441116333,0.393756
1987-12-28,25.7219524383545,0.728706181049347,3.78731298446655,0.359959
1987-12-29,25.7596969604492,1.94725739955902,4.18572807312012,0.295891
1987-12-30,25.7219944000244,1.68930971622467,4.17684125900269,0.265685
1987-12-31,26.6514835357666,0.164777457714081,4.21589279174805,0.19571
1988-01-01,26.6879940032959,0.00611236412078142,5.00090026855469,5.380364
1988-01-02,26.7762565612793,21.9653244018555,4.11122131347656,8.259451
1988-01-03,26.5736083984375,3.64381670951843,2.32983756065369,2.704993
1988-01-04,26.9482536315918,0.410798013210297,4.21757411956787,1.174172
1988-01-05,26.4576034545898,0.134803012013435,4.16014909744263,0.505557
1988-01-06,26.4053134918213,0.0361410789191723,4.81449031829834,0.20906
1988-01-07,26.2505226135254,0.016762537881732,5.01298904418945,0.145792
1988-01-08,25.8843269348145,0.0154025396332145,4.87338256835938,0.145792
1988-01-09,26.3166084289551,0.0182012896984816,4.82552576065064,0.134195
1988-01-10,26.0654468536377,1.1204080581665,3.8371274471283,0.122987
1988-01-11,25.2809104919434,8.00506210327148,2.03702306747437,0.157758
1988-01-12,23.8164291381836,23.6410274505615,1.74885010719299,0.251036
1988-01-13,25.9955635070801,1.4947851896286,4.36726760864258,0.31147
1988-01-14,25.5080585479736,1.32280802726746,4.17173767089844,0.222713
1988-01-15,25.8593044281006,3.53940081596375,4.07920789718628,0.19571
1988-01-16,25.8137187957764,1.06322371959686,4.12304735183716,0.145792
1988-01-17,26.6948890686035,0.285662680864334,4.99841833114624,0.122987
1988-01-18,26.0274753570557,5.43273639678955,4.4150128364563,0.101674
1988-01-19,26.1084518432617,1.10419273376465,4.47262525558472,0.081962
1988-01-20,26.2516212463379,0.398761749267578,4.61303091049194,0.072723
1988-01-21,25.9148921966553,0.59329617023468,4.41177463531494,0.072723
1988-01-22,26.9137725830078,0.0642256513237953,4.9351806640625,0.072723
1988-01-23,25.7252140045166,1.02694022655487,4.64077043533325,0.072723
1988-01-24,25.7918033599854,4.22711992263794,4.22309494018555,0.081962
1988-01-25,25.967212677002,0.613860130310059,4.10958003997803,0.072723
1988-01-26,25.5628318786621,1.1153769493103,3.94811868667603,0.063895
1988-01-27,25.9402961730957,6.23233938217163,4.71680688858032,0.063895
1988-01-28,26.136589050293,0.126860663294792,4.38207149505615,0.055521
1988-01-29,26.7895107269287,0.03118128888309,4.48467206954956,0.047602
1988-01-30,27.0624809265137,0.0657351836562157,4.30779504776001,0.033192
1988-01-31,26.4798526763916,0.00745704490691423,4.85680103302002,0.033192
1988-02-01,27.1865749359131,0.15749204158783,4.72910261154175,0.033192
1988-02-02,26.5325717926025,0.143776923418045,4.46167182922363,0.033192
1988-02-03,26.4359149932861,0.0912916287779808,4.23742246627808,0.026765
1988-02-04,26.3915996551514,0.814856290817261,4.59836483001709,0.033192
1988-02-05,26.664794921875,0.130824267864227,4.88372468948364,0.047602
1988-02-06,26.9564456939697,0.119490593671799,4.03876495361328,0.047602
1988-02-07,27.484468460083,0.0960697084665298,4.99588537216187,0.047602
1988-02-08,27.1623477935791,0.215263828635216,5.32700538635254,0.040159
1988-02-09,26.0023651123047,0.107033900916576,4.48327779769897,0.026765
1988-02-10,27.1000099182129,0.181851878762245,4.86168575286865,0.020858
1988-02-11,27.3410701751709,0.16877518594265,4.74523115158081,0.019993
1988-02-12,26.8097095489502,0.0339502468705177,5.35499477386475,0.019993
1988-02-13,27.0325202941895,0.0686936005949974,4.81853437423706,0.019993
1988-02-14,26.23703956604,0.364860266447067,4.28650379180908,0.020858
1988-02-15,26.5180377960205,0.435369431972504,4.35692930221558,0.020858
1988-02-16,26.782995223999,0.131323337554932,4.63435506820679,0.026765
1988-02-17,26.7610893249512,0.0524576529860497,4.46610832214355,0.033192
1988-02-18,27.8300666809082,0.147536545991898,4.60401391983032,0.033192
1988-02-19,27.1558113098145,0.14441691339016,4.43150281906128,0.019993
1988-02-20,27.4314441680908,5.29660654067993,4.1126561164856,0.01612
1988-02-21,27.1044807434082,7.19817972183228,3.87177896499634,0.026765
1988-02-22,27.5209465026856,2.99735593795776,4.06939125061035,0.026765
1988-02-23,26.5214729309082,1.51036751270294,4.31885576248169,0.081962
1988-02-24,25.6893348693848,2.36226844787598,3.43739748001099,0.055521
1988-02-25,25.6490573883057,2.58669757843018,4.29570770263672,0.033192
1988-02-26,26.277645111084,1.21261310577393,3.89324593544006,0.040159
1988-02-27,25.9407024383545,4.52014827728272,3.72463226318359,0.063895
1988-02-28,26.9288368225098,2.66082334518433,4.63924312591553,0.091613
1988-02-29,26.3081760406494,16.6717910766602,3.99699854850769,0.101674
1988-03-01,26.9122047424316,3.77870440483093,4.26158952713013,0.101674
1988-03-02,27.0950260162354,0.102412775158882,4.40135955810547,0.063895
1988-03-03,28.264986038208,0.0402802079916,4.86319398880005,0.047602
1988-03-04,28.329532623291,0.00805528368800879,4.56762075424194,0.033192
1988-03-05,29.3033447265625,0.0365056470036507,4.73856830596924,0.026765
1988-03-06,29.622371673584,0.186545714735985,4.51108169555664,0.020858
1988-03-07,29.293306350708,0.0777045488357544,4.9100513458252,0.020858
1988-03-08,28.681453704834,0.52806293964386,4.01064109802246,0.020858
1988-03-09,24.9684906005859,4.24199962615967,2.38068747520447,0.019993
1988-03-10,25.0381507873535,8.51600170135498,1.52835369110107,0.033192
1988-03-11,24.240966796875,11.657657623291,1.65474152565002,0.280636
1988-03-12,25.4249038696289,6.45686483383179,3.71270418167114,0.265685
1988-03-13,26.0507507324219,0.681191682815552,3.8361291885376,0.19571
1988-03-14,26.7851066589355,0.133896589279175,3.38001751899719,0.047602
1988-03-15,25.9677829742432,0.0454463958740234,3.54652643203735,0.040159
1988-03-16,26.7751884460449,0.159158423542976,4.06733274459839,0.020858
1988-03-17,27.1308002471924,0.416629880666733,4.45775508880615,0.019993
1988-03-18,27.5324726104736,0.207595095038414,4.39496755599976,0.01863
1988-03-19,27.4378261566162,0.0464264005422592,4.40142440795898,0.019993
1988-03-20,28.0888633728027,1.24700367450714,4.35881948471069,0.020858
1988-03-21,25.3847274780273,11.1325244903564,2.38418245315552,0.020858
1988-03-22,24.4289588928223,1.77280747890472,3.64406871795654,0.01863
1988-03-23,23.9743347167969,1.91317927837372,2.37309551239014,0.026765
1988-03-24,24.5422859191895,28.1663341522217,2.05739402770996,5.211247
1988-03-25,25.1864681243897,5.08659219741821,2.98862409591675,2.88653
1988-03-26,25.4395885467529,9.90734195709229,3.74246263504028,2.208805
1988-03-27,25.6835975646973,4.61872625350952,3.64910960197449,0.236713
1988-03-28,25.5691986083984,8.42915058135986,2.91098117828369,0.19571
1988-03-29,25.8590507507324,2.5041561126709,4.00472736358643,0.170048
1988-03-30,24.9279842376709,0.327103167772293,3.5093936920166,0.157758
1988-03-31,26.060920715332,1.53745782375336,3.86465120315552,0.145792
1988-04-01,26.0326614379883,0.188689991831779,4.21644687652588,0.145792
1988-04-02,26.7501029968262,0.0221489612013102,4.11367654800415,0.145792
1988-04-03,26.3674240112305,0.0639679580926895,3.6724591255188,0.112146
1988-04-04,26.1874809265137,0.0598652251064777,3.62469005584717,0.081962
1988-04-05,26.1515331268311,0.241418704390526,4.18752574920654,0.072723
1988-04-06,26.8176364898682,0.237694665789604,3.65103816986084,0.063895
1988-04-07,26.1459922790527,0.593564510345459,3.85362505912781,0.063895
1988-04-08,26.0610027313232,3.71609687805176,3.38409280776978,0.055521
1988-04-09,26.2435855865479,1.0888524055481,4.06307697296143,0.055521
1988-04-10,25.0167503356934,4.82418632507324,2.03165650367737,0.047602
1988-04-11,24.845760345459,5.81902360916138,2.13390898704529,0.040159
1988-04-12,25.9698066711426,5.16244840621948,3.53790950775147,0.033192
1988-04-13,26.103551864624,0.1015689894557,3.24083375930786,0.033192
1988-04-14,27.1758060455322,0.0899623557925224,4.28337955474854,0.033192
1988-04-15,25.5818729400635,28.1323337554932,2.19440221786499,0.091613
1988-04-16,23.9752979278564,11.3466377258301,0.659724771976471,0.428701
1988-04-17,25.1910762786865,3.96589374542236,2.92826199531555,0.20906
1988-04-18,25.8507347106934,0.373064875602722,2.9870445728302,0.145792
1988-04-19,25.7411994934082,2.35320568084717,3.42031168937683,0.112146
1988-04-20,24.9621658325195,1.58944427967072,2.98564195632935,0.101674
1988-04-21,25.5482730865479,1.89638948440552,3.26697182655334,0.072723
1988-04-22,25.2394618988037,0.799984633922577,3.00485372543335,0.101674
1988-04-23,26.1111965179443,0.360590368509293,3.29044580459595,0.072723
1988-04-24,26.0527362823486,0.836468696594238,2.83248496055603,0.047602
1988-04-25,26.0167713165283,1.11593663692474,3.34331059455872,0.040159
1988-04-26,25.7336101531982,0.677840828895569,2.910315990448,0.033192
1988-04-27,25.1336441040039,0.50712263584137,3.15956091880798,0.026765
1988-04-28,25.6168251037598,0.113078966736794,3.28096270561218,0.026765
1988-04-29,25.0457000732422,0.447907358407974,2.92337489128113,0.020858
1988-04-30,24.859920501709,5.84694766998291,2.46269679069519,0.01863
1988-05-01,23.4562454223633,9.62954807281494,2.55672240257263,0.020858
1988-05-02,22.3787860870361,0.0300453063100576,2.76220107078552,0.01863
1988-05-03,23.5861892700195,1.05449879169464,1.16154110431671,0.01863
1988-05-04,25.1683597564697,3.45310354232788,3.28701853752136,0.020858
1988-05-05,25.2388477325439,0.773503422737122,2.7807629108429,0.033192
1988-05-06,24.9091606140137,0.592290282249451,2.81535196304321,0.026765
1988-05-07,24.9725475311279,0.48528003692627,2.97798109054565,0.020858
1988-05-08,24.9183864593506,0.487404644489288,2.8372278213501,0.01863
1988-05-09,24.94580078125,0.000584813882596791,3.62877345085144,0.026765
1988-05-10,24.2389106750488,0.400241941213608,1.66751706600189,0.026765
1988-05-11,24.5954418182373,0.234879106283188,2.59791612625122,0.026765
1988-05-12,23.9468078613281,0.180397719144821,2.63715767860413,0.01863
1988-05-13,24.5791454315186,2.83502960205078,1.66501975059509,0.026765
1988-05-14,24.6710891723633,3.88544058799744,2.5344295501709,0.01863
1988-05-15,25.6550559997559,1.28632998466492,2.71150326728821,0.01863
1988-05-16,25.3171901702881,0.0966297909617424,3.05638980865479,0.01612
1988-05-17,25.3581447601318,0.144141584634781,2.94985008239746,0.012896
1988-05-18,25.5907402038574,0.0240692533552647,3.33706903457642,0.010213
1988-05-19,25.0641212463379,0.358223378658295,2.70014643669128,0.012896
1988-05-20,25.2737159729004,2.35037970542908,2.52925038337708,0.01863
1988-05-21,24.8578224182129,0.711138486862183,2.61050009727478,0.01612
1988-05-22,25.4919891357422,0.0734180882573128,2.82717394828796,0.01612
1988-05-23,24.5001792907715,0.0139822503551841,3.03742551803589,0.012896
1988-05-24,24.6178302764893,0.00220385403372347,3.31961798667908,0.010213
1988-05-25,25.3496646881104,0.0277279913425446,3.52427649497986,0.012896
1988-05-26,25.4316253662109,0.02795185521245,2.91759896278381,0.010213
1988-05-27,25.103702545166,2.60882186889648,2.59224152565002,0.010213
1988-05-28,24.6324939727783,1.67297053337097,2.35969662666321,0.007378
1988-05-29,24.4753513336182,0.453126043081284,2.07505083084106,0.007378
1988-05-30,25.4601268768311,0.125124841928482,3.44585061073303,0.005712
1988-05-31,26.144868850708,0.00727071706205607,3.40630555152893,0.005712
1988-06-01,24.5665225982666,4.61302900314331,1.52550280094147,0.005712
1988-06-02,22.3395576477051,2.25809550285339,1.76106441020966,0.003635
1988-06-03,22.7202243804932,0.0712104290723801,1.80794179439545,0.003635
1988-06-04,22.5624656677246,0.257844418287277,2.2729434967041,0.002467
1988-06-05,24.9560947418213,0.219636842608452,2.6838207244873,0.002467
1988-06-06,23.5583114624023,0.943085908889771,2.10349202156067,0.003635
1988-06-07,23.8621768951416,4.33686876296997,1.95887398719788,0.005712
1988-06-08,23.2212753295898,9.85605525970459,1.50171196460724,0.010213
1988-06-09,23.5947227478027,2.76651000976563,2.3035581111908,0.010213
1988-06-10,23.6009082794189,0.972683727741241,2.56170082092285,0.010213
1988-06-11,23.1354370117188,0.864010155200958,2.15642762184143,0.010213
1988-06-12,22.9939785003662,17.2045288085938,1.95332050323486,0.033192
1988-06-13,22.9215641021729,7.84485912322998,1.62604153156281,0.033192
1988-06-14,23.1315479278564,10.1102313995361,2.25553917884827,0.055521
1988-06-15,23.2421226501465,2.53367352485657,2.93611359596252,0.134195
1988-06-16,22.7075214385986,0.428103506565094,1.98755836486816,0.112146
1988-06-17,21.6502323150635,0.226024731993675,2.24481320381165,0.091613
1988-06-18,19.6182460784912,0.0231305919587612,2.6085684299469,0.072723
1988-06-19,19.2826061248779,0.00962996110320091,2.455486536026,0.055521
1988-06-20,19.8643054962158,0.00140196224674582,2.57715654373169,0.055521
1988-06-21,22.1640853881836,0.0094080101698637,2.91476988792419,0.055521
1988-06-22,22.9406452178955,2.69566774368286,2.95800399780273,0.047602
1988-06-23,22.5254077911377,2.16782760620117,2.3755316734314,0.033192
1988-06-24,21.9202423095703,0.00230591464787722,2.60995173454285,0.033192
1988-06-25,22.3137283325195,0.000540807493962348,2.88631296157837,0.033192
1988-06-26,22.8141975402832,0.07745411247015,2.91279578208923,0.026765
1988-06-27,21.4945583343506,2.6924409866333,1.25772821903229,0.020858
1988-06-28,21.1514682769775,8.98546028137207,2.07971453666687,0.020858
1988-06-29,21.7203369140625,0.159751281142235,1.71157646179199,0.020858
1988-06-30,21.8911952972412,2.70847320556641,2.01638460159302,0.020858
1988-07-01,21.5796890258789,0.463308095932007,1.89502167701721,0.01863
1988-07-02,22.7148857116699,7.47082233428955,2.76631593704224,0.020858
1988-07-03,22.3070888519287,2.61552047729492,2.36343765258789,0.033192
1988-07-04,21.9819183349609,10.0494823455811,1.71149909496307,0.040159
1988-07-05,21.4088726043701,3.04141592979431,2.1501030921936,0.047602
1988-07-06,21.3828430175781,5.07546758651733,1.98704826831818,0.063895
1988-07-07,21.2238636016846,1.34995782375336,2.38862705230713,0.091613
1988-07-08,21.4876308441162,4.02909708023071,2.88264656066895,0.101674
1988-07-09,21.1259860992432,0.623749077320099,2.51495313644409,0.081962
1988-07-10,20.95583152771,0.510399103164673,2.17782378196716,0.072723
1988-07-11,22.0021915435791,0.343479871749878,2.52428483963013,0.072723
1988-07-12,22.9450263977051,0.169916450977325,2.35161471366882,0.055521
1988-07-13,20.727237701416,0.123922757804394,2.18176913261414,0.047602
1988-07-14,18.1092109680176,0.0783683732151985,2.20422005653381,0.040159
1988-07-15,18.671012878418,0.107025876641274,2.04392409324646,0.033192
1988-07-16,19.7221145629883,0.66625839471817,2.24351572990417,0.033192
1988-07-17,19.9460430145264,2.51577520370483,1.55345296859741,0.033192
1988-07-18,20.3842277526855,4.85724496841431,2.25403738021851,0.026765
1988-07-19,19.0678558349609,0.472553879022598,0.795568704605103,0.026765
1988-07-20,19.0759773254395,9.20918273925781,0.408324748277664,0.040159
1988-07-21,21.4391937255859,4.90139150619507,2.29156160354614,0.101674
1988-07-22,20.9437446594238,1.19083952903748,2.1844265460968,0.145792
1988-07-23,19.595796585083,0.0735559910535812,2.21142292022705,0.145792
1988-07-24,20.9590129852295,0.490910202264786,2.20494055747986,0.112146
1988-07-25,22.4450855255127,0.037380188703537,2.62974715232849,0.081962
1988-07-26,19.9355411529541,0.411125302314758,0.863061785697937,0.091613
1988-07-27,20.0125503540039,0.0310788210481405,3.08487558364868,0.072723
1988-07-28,17.375358581543,0.0510567016899586,2.05533027648926,0.072723
1988-07-29,17.4474449157715,0.124736614525318,1.79222679138184,0.055521
1988-07-30,18.2485980987549,0.241276159882545,2.24800443649292,0.047602
1988-07-31,18.0687942504883,2.14096713066101,2.02023148536682,0.047602
1988-08-01,18.6707210540771,1.67081689834595,2.19636797904968,0.040159
1988-08-02,18.7400989532471,2.27061033248901,1.84493350982666,0.040159
1988-08-03,19.225959777832,0.850306868553162,0.948050320148468,0.040159
1988-08-04,20.5456676483154,0.497820287942886,2.52082538604736,0.047602
1988-08-05,20.7950782775879,0.623473823070526,2.57120490074158,0.047602
1988-08-06,20.0483894348145,0.68795382976532,2.17242455482483,0.047602
1988-08-07,20.6590900421143,1.18791770935059,2.26576662063599,0.047602
1988-08-08,20.8910331726074,1.65815269947052,1.83792817592621,0.047602
1988-08-09,21.565486907959,6.70630025863648,2.3869206905365,0.047602
1988-08-10,23.0186157226563,0.0157903097569942,3.42397117614746,0.040159
1988-08-11,21.510763168335,1.17750751972198,1.98242139816284,0.040159
1988-08-12,20.3725566864014,0.429261177778244,2.18760848045349,0.033192
1988-08-13,19.80202293396,0.0911412835121155,2.44304370880127,0.040159
1988-08-14,17.6419944763184,0.258974969387054,1.64167141914368,0.033192
1988-08-15,18.8113822937012,2.46849083900452,1.84134554862976,0.033192
1988-08-16,19.0441970825195,1.07694220542908,2.17695307731628,0.033192
1988-08-17,19.5277557373047,2.17083024978638,2.09351396560669,0.033192
1988-08-18,20.3610382080078,5.52417421340942,2.06536364555359,0.033192
1988-08-19,20.6723976135254,3.87997126579285,2.64106297492981,0.033192
1988-08-20,20.4344692230225,3.73655200004578,2.24800992012024,0.047602
1988-08-21,21.0692005157471,0.520681977272034,2.71227335929871,0.047602
1988-08-22,21.8680763244629,0.0411988608539104,3.58931016921997,0.047602
1988-08-23,21.4681529998779,0.971519768238068,2.95578002929688,0.055521
1988-08-24,21.7440624237061,1.56106841564178,3.21830081939697,0.063895
1988-08-25,21.4309406280518,2.01729917526245,3.01162481307983,0.055521
1988-08-26,21.7142200469971,0.00452262768521905,3.4994204044342,0.055521
1988-08-27,21.2793560028076,0.0206322316080332,2.88859796524048,0.072723
1988-08-28,21.555606842041,0.227756232023239,3.48235058784485,0.055521
1988-08-29,21.2847785949707,3.97338271141052,1.90826654434204,0.047602
1988-08-30,21.7564868927002,1.33573603630066,2.33617067337036,0.047602
1988-08-31,21.6558628082275,2.3431408405304,2.23165988922119,0.047602
1988-09-01,21.9657001495361,0.437743186950684,2.33013939857483,0.040159
1988-09-02,23.7752170562744,0.0794970095157623,2.7585780620575,0.040159
1988-09-03,23.1366405487061,1.0161634683609,3.6183385848999,0.047602
1988-09-04,22.0978260040283,0.534606218338013,2.74232292175293,0.040159
1988-09-05,21.0438289642334,7.82891368865967,1.29737162590027,0.040159
1988-09-06,20.0978908538818,0.447448313236237,2.7919008731842,0.033192
1988-09-07,19.0539417266846,2.32898306846619,2.24100279808044,0.033192
1988-09-08,20.5315570831299,0.998999834060669,3.29220414161682,0.033192
1988-09-09,21.0855274200439,0.476802974939346,3.2618567943573,0.047602
1988-09-10,21.992359161377,2.54604053497314,2.54448342323303,0.047602
1988-09-11,22.481782913208,3.10149335861206,3.02182173728943,0.047602
1988-09-12,23.5402565002441,0.1651651263237,4.16778898239136,0.040159
1988-09-13,23.1927738189697,0.943299293518066,4.20532035827637,0.040159
1988-09-14,22.5727958679199,0.0141546698287129,4.29947328567505,0.040159
1988-09-15,23.3994007110596,0.031316488981247,3.70747447013855,0.040159
1988-09-16,23.2358455657959,0.504214704036713,3.91382241249084,0.040159
1988-09-17,23.1191711425781,1.5191878080368,3.22324109077454,0.047602
1988-09-18,21.9167995452881,0.423624098300934,3.19570589065552,0.033192
1988-09-19,21.7824153900147,0.137031883001328,3.23700594902039,0.033192
1988-09-20,22.2563381195068,0.948883175849915,3.38543844223022,0.033192
1988-09-21,23.0130386352539,3.55009841918945,2.81058263778687,0.033192
1988-09-22,23.1876544952393,12.9732761383057,3.46744823455811,0.040159
1988-09-23,22.7341728210449,0.0235563442111015,4.46335124969482,0.040159
1988-09-24,23.9533061981201,0.288736373186111,3.32276320457459,0.047602
1988-09-25,21.7872657775879,0.542820751667023,2.70093560218811,0.055521
1988-09-26,23.6315002441406,1.26186752319336,3.59327077865601,0.063895
1988-09-27,23.5584697723389,2.11137890815735,3.24758148193359,0.047602
1988-09-28,23.5300846099854,0.797052145004273,3.26715135574341,0.047602
1988-09-29,24.7517547607422,0.114198885858059,4.02439212799072,0.040159
1988-09-30,24.4643154144287,1.55741584300995,3.50149917602539,0.047602
1988-10-01,24.5848007202148,2.59192395210266,4.56015253067017,0.040159
1988-10-02,23.0586471557617,0.613355755805969,2.57904648780823,0.040159
1988-10-03,23.9713802337647,3.5971896648407,4.02686595916748,0.033192
1988-10-04,24.16383934021,0.160881623625755,3.88672757148743,0.033192
1988-10-05,24.5700206756592,0.180259555578232,4.10075092315674,0.033192
1988-10-06,25.4472789764404,0.140320047736168,3.73433589935303,0.033192
1988-10-07,24.8334980010986,0.446594268083572,4.02935457229614,0.026765
1988-10-08,23.6025638580322,0.52994829416275,3.83506631851196,0.026765
1988-10-09,24.0730857849121,1.53157663345337,4.10114908218384,0.026765
1988-10-10,23.9919586181641,0.394102156162262,3.89532375335693,0.020858
1988-10-11,23.7495670318604,0.258884578943253,3.75576734542847,0.020858
1988-10-12,23.8966445922852,0.799110352993012,3.57019448280334,0.020858
1988-10-13,23.4668617248535,1.60444533824921,3.11567807197571,0.020858
1988-10-14,22.4468040466309,13.2951335906982,0.670109450817108,0.072723
1988-10-15,23.7955341339111,39.5015983581543,3.25185084342957,0.265685
1988-10-16,25.7199935913086,0.405503541231155,3.72292065620422,0.251036
1988-10-17,24.7517147064209,0.807054758071899,2.85331416130066,0.170048
1988-10-18,24.2815570831299,1.77473378181458,3.68741035461426,0.222713
1988-10-19,23.5686912536621,7.9622049331665,2.88788843154907,0.393756
1988-10-20,24.4778232574463,6.20135641098023,3.68953657150269,0.359959
1988-10-21,24.5095272064209,1.36133575439453,3.55222082138062,0.170048
1988-10-22,24.4099464416504,3.1714768409729,3.70175266265869,0.145792
1988-10-23,24.8202056884766,1.58527946472168,4.16302633285522,0.145792
1988-10-24,24.8052845001221,0.0249918196350336,4.93547964096069,0.134195
1988-10-25,24.8024253845215,0.149222493171692,3.80670523643494,0.101674
1988-10-26,24.9707565307617,1.61525356769562,3.7106192111969,0.101674
1988-10-27,24.6949138641357,0.135404661297798,3.86489176750183,0.101674
1988-10-28,24.90598487854,0.6384397149086,4.4286732673645,0.101674
1988-10-29,24.4643688201904,0.711288034915924,3.95854496955872,0.081962
1988-10-30,23.9908390045166,0.164234429597855,4.01489019393921,0.063895
1988-10-31,24.2789707183838,1.17292416095734,3.86545658111572,0.063895
1988-11-01,24.0753021240234,0.130159616470337,4.51502132415772,0.063895
1988-11-02,24.7883415222168,0.193773552775383,3.82172846794128,0.047602
1988-11-03,24.1069755554199,0.605984032154083,3.98362469673157,0.040159
1988-11-04,22.2621612548828,0.146263271570206,2.06532144546509,0.040159
1988-11-05,22.3686676025391,0.636983454227448,2.66974878311157,0.040159
1988-11-06,23.4220752716064,5.88703536987305,2.84140062332153,0.063895
1988-11-07,24.3599987030029,9.1571216583252,3.9968638420105,0.182706
1988-11-08,25.1238880157471,8.75730991363525,3.94058561325073,0.157758
1988-11-09,25.847635269165,0.292849630117416,4.32902956008911,0.134195
1988-11-10,25.0403671264648,0.00814570672810078,4.74433565139771,0.101674
1988-11-11,24.0581932067871,0.0758859738707542,3.84968161582947,0.063895
1988-11-12,24.8933391571045,0.179939702153206,4.03610181808472,0.047602
1988-11-13,25.6144771575928,0.0769920498132706,4.57630395889282,0.033192
1988-11-14,24.4594287872314,0.118049867451191,4.19198083877564,0.033192
1988-11-15,25.8993072509766,0.132199078798294,4.65696144104004,0.026765
1988-11-16,24.5686931610107,0.1957987844944,4.09607696533203,0.026765
1988-11-17,23.8603363037109,1.85442245006561,3.81294965744019,0.026765
1988-11-18,24.4523124694824,4.29000520706177,4.38691759109497,0.020858
1988-11-19,25.0016422271729,2.45722150802612,4.4211893081665,0.020858
1988-11-20,25.7243824005127,0.609881699085236,3.9237539768219,0.019993
1988-11-21,25.7082405090332,0.0447411797940731,4.3085241317749,0.019993
1988-11-22,25.2191944122314,0.396249741315842,3.28736042976379,0.01863
1988-11-23,25.76149559021,0.747451901435852,4.50982856750488,0.01863
1988-11-24,26.594762802124,0.455356121063232,4.42393064498901,0.019993
1988-11-25,23.8271903991699,33.113395690918,1.91183471679688,0.019993
1988-11-26,24.225736618042,1.5392017364502,2.78471684455872,0.465549
1988-11-27,25.0091342926025,1.50424814224243,3.22401976585388,0.265685
1988-11-28,25.4385185241699,16.2993316650391,2.18415641784668,0.20906
1988-11-29,22.4769306182861,41.8301048278809,1.77091789245605,5.466005
1988-11-30,22.3712558746338,0.232359990477562,2.44134664535522,5.727124
1988-12-01,23.0707206726074,1.89901232719421,3.17389702796936,4.922063
1988-12-02,23.3018550872803,0.235304042696953,3.288813829422,2.341291
1988-12-03,22.8953857421875,0.252971887588501,1.29779815673828,1.274764
1988-12-04,24.0752868652344,45.599739074707,0.903592467308044,3.536408
1988-12-05,22.1682071685791,46.3617134094238,0.819529831409454,28.584838
1988-12-06,23.5448741912842,26.4892292022705,2.39712285995483,18.650916
1988-12-07,24.058235168457,16.856201171875,3.86857080459595,11.788632
1988-12-08,23.4700164794922,4.27500104904175,4.86856746673584,7.632011
1988-12-09,23.7845325469971,0.340535223484039,4.23370409011841,3.502264
1988-12-10,25.1385402679443,0.195472612977028,3.93280267715454,0.695662
1988-12-11,25.2330265045166,1.53479754924774,3.8901469707489,0.478726
1988-12-12,25.0844631195068,3.15390419960022,2.38849234580994,0.359959
1988-12-13,25.2245349884033,4.9925856590271,3.40755224227905,0.265685
1988-12-14,25.4220657348633,2.93841195106506,4.37973356246948,0.20906
1988-12-15,25.421781539917,0.23368738591671,2.74718809127808,0.182706
1988-12-16,24.7824420928955,1.75585114955902,1.9696809053421,0.170048
1988-12-17,22.8858451843262,10.4087772369385,1.10302066802979,0.411088
1988-12-18,24.21457862854,17.3950023651123,2.57072854042053,3.074234
1988-12-19,25.2134914398193,6.44582462310791,4.28416156768799,2.588411
1988-12-20,24.8627548217773,0.490832149982452,4.87312459945679,1.832034
1988-12-21,24.3312587738037,0.0247500948607922,4.03037452697754,0.792381
1988-12-22,24.7355365753174,0.0380301810801029,4.33409738540649,0.411088
1988-12-23,25.2775611877441,0.0245262682437897,4.48455619812012,0.295891
1988-12-24,25.8917636871338,0.0305443089455366,4.43219470977783,0.251036
1988-12-25,25.340747833252,0.0274329520761967,3.7461142539978,0.20906
1988-12-26,25.1879272460938,0.187106296420097,3.89912080764771,0.19571
1988-12-27,24.2595100402832,0.367221981287003,3.73011541366577,0.157758
1988-12-28,25.103816986084,1.04397857189178,5.03171300888062,0.122987
1988-12-29,26.2943801879883,0.509632349014282,4.06425714492798,0.101674
1988-12-30,24.9964275360107,0.156841307878494,3.69489026069641,0.101674
1988-12-31,24.9159450531006,0.118646323680878,3.60345458984375,0.101674
1989-01-01,25.7256908416748,0.121914945542812,4.12531852722168,0.091613
1989-01-02,25.8059158325195,0.0124675054103136,5.06625556945801,0.081962
1989-01-03,25.5217456817627,0.0426550060510635,5.10470104217529,0.081962
1989-01-04,26.2719841003418,0.359906435012817,4.69835901260376,0.081962
1989-01-05,25.8924083709717,0.158286392688751,4.55856704711914,0.081962
1989-01-06,25.6844348907471,0.257770150899887,4.72355270385742,0.081962
1989-01-07,25.925968170166,0.0784431397914887,4.61618089675903,0.072723
1989-01-08,25.5602569580078,0.00246352283284068,5.18259191513062,0.063895
1989-01-09,26.2117919921875,0.134937062859535,4.37085628509522,0.063895
1989-01-10,26.0467281341553,1.83061671257019,3.95331811904907,0.063895
1989-01-11,25.5423088073731,2.01412296295166,4.13390636444092,0.063895
1989-01-12,25.1679840087891,0.320810079574585,4.13492155075073,0.063895
1989-01-13,26.0400676727295,0.115790247917175,4.35148763656616,0.047602
1989-01-14,26.8683948516846,0.0159419775009155,5.07771492004395,0.047602
1989-01-15,27.1001491546631,0.152203023433685,4.44224643707275,0.047602
1989-01-16,27.8822040557861,0.135126873850822,4.70789337158203,0.047602
1989-01-17,28.039155960083,0.0488050952553749,5.06618404388428,0.047602
1989-01-18,27.7901954650879,0.119419805705547,4.82818412780762,0.047602
1989-01-19,26.8644428253174,0.742963790893555,4.77705335617065,0.047602
1989-01-20,26.475715637207,0.745852887630463,4.55075216293335,0.040159
1989-01-21,26.0781898498535,0.959970951080322,4.82906627655029,0.040159
1989-01-22,26.4534645080566,2.23807740211487,4.39736366271973,0.033192
1989-01-23,26.1977710723877,1.56280910968781,4.45444345474243,0.047602
1989-01-24,25.916093826294,1.52893817424774,3.70853734016418,0.047602
1989-01-25,25.4233417510986,1.83351671695709,3.38550424575806,0.047602
1989-01-26,25.6042060852051,1.2041335105896,4.08990716934204,0.047602
1989-01-27,25.7853889465332,5.11364126205444,3.95672988891602,0.040159
1989-01-28,24.5025405883789,2.19159293174744,3.04704356193543,0.033192
1989-01-29,24.0441455841065,7.68842935562134,2.75252032279968,0.040159
1989-01-30,24.9985904693604,5.73880624771118,3.75781798362732,0.047602
1989-01-31,25.561393737793,2.50575876235962,3.44952392578125,0.047602
1989-02-01,26.0254955291748,1.60808682441711,4.63917922973633,0.047602
1989-02-02,25.7437572479248,0.307141125202179,5.0103759765625,0.055521
1989-02-03,26.4944400787354,0.0266084913164377,4.50991487503052,0.063895
1989-02-04,27.1264019012451,0.217612281441689,4.21698379516602,0.063895
1989-02-05,26.5592231750488,1.67298150062561,4.09130859375,0.063895
1989-02-06,26.1687107086182,0.248719021677971,4.52068710327148,0.055521
1989-02-07,26.1006832122803,0.147453561425209,4.37813949584961,0.047602
1989-02-08,25.7793102264404,0.133181914687157,4.5622820854187,0.047602
1989-02-09,26.3487071990967,0.171301156282425,4.54514932632446,0.047602
1989-02-10,26.3945999145508,0.0851006284356117,4.87682056427002,0.047602
1989-02-11,27.0331592559814,0.0487008616328239,4.90712738037109,0.047602
1989-02-12,26.2759475708008,0.0207468215376139,4.74479627609253,0.047602
1989-02-13,26.3738479614258,0.033613532781601,4.38949012756348,0.033192
1989-02-14,26.7824974060059,0.250974148511887,4.54832887649536,0.033192
1989-02-15,26.408052444458,0.187197014689446,4.79024267196655,0.020858
1989-02-16,26.9187622070313,0.20571368932724,4.307053565979,0.019993
1989-02-17,26.9994411468506,0.152090460062027,4.81375598907471,0.01863
1989-02-18,26.7320117950439,0.0945358350872993,4.44022798538208,0.020858
1989-02-19,26.5191745758057,3.65390133857727,3.69083833694458,0.020858
1989-02-20,27.2626132965088,0.508602678775787,4.28048992156982,0.020858
1989-02-21,27.7074089050293,0.213544398546219,5.03679037094116,0.026765
1989-02-22,27.8464012145996,0.039240125566721,4.95015668869019,0.033192
1989-02-23,27.931001663208,0.271299064159393,5.46511173248291,0.033192
1989-02-24,27.4743404388428,0.136566013097763,4.31552743911743,0.033192
1989-02-25,27.6935787200928,0.424846887588501,4.42032909393311,0.040159
1989-02-26,27.9100914001465,0.378846526145935,4.26685619354248,0.026765
1989-02-27,27.1312084197998,0.709090411663055,4.91779136657715,0.020858
1989-02-28,26.2691078186035,2.29756379127502,4.42882966995239,0.020858
1989-03-01,25.9308433532715,1.23789155483246,4.18606424331665,0.020858
1989-03-02,27.028018951416,0.0284940376877785,5.33346319198608,0.020858
1989-03-03,26.9935970306397,0.0210887063294649,4.92407751083374,0.020858
1989-03-04,26.9587440490723,0.0681828036904335,4.71313619613648,0.020858
1989-03-05,27.1999015808106,0.0548112876713276,4.85076999664307,0.020858
1989-03-06,28.032793045044,0.974827229976654,4.19399356842041,0.033192
1989-03-07,26.3916416168213,10.6988801956177,2.53744339942932,0.033192
1989-03-08,26.0742893218994,21.1301956176758,3.43142700195313,0.033192
1989-03-09,26.4350414276123,8.07043552398682,3.4412887096405,0.033192
1989-03-10,26.7444095611572,8.78494644165039,3.26794981956482,0.033192
1989-03-11,26.2825698852539,8.84417533874512,2.97850322723389,0.047602
1989-03-12,26.5290145874023,2.77123403549194,2.85500574111939,0.063895
1989-03-13,27.1985206604004,0.158902868628502,4.24651098251343,0.072723
1989-03-14,27.3830986022949,0.423792719841003,4.36311817169189,0.081962
1989-03-15,27.0848331451416,0.392060846090317,4.29243421554565,0.081962
1989-03-16,26.9074726104736,0.936124861240387,4.14852571487427,0.081962
1989-03-17,24.8522434234619,2.04346513748169,3.75286531448364,0.081962
1989-03-18,25.8280029296875,1.70457756519318,3.37622213363647,0.072723
1989-03-19,25.9680824279785,6.49471807479858,3.7168505191803,0.063895
1989-03-20,25.6020107269287,4.84292268753052,3.59257316589355,0.047602
1989-03-21,25.5615501403809,7.63608884811401,3.57504534721375,0.047602
1989-03-22,25.7620964050293,0.830597698688507,3.30191135406494,0.047602
1989-03-23,25.9440402984619,1.03565716743469,3.70930099487305,0.047602
1989-03-24,25.9187812805176,0.320625394582748,3.77411413192749,0.047602
1989-03-25,24.1578140258789,6.84402561187744,3.29179668426514,0.047602
1989-03-26,23.4669456481934,11.4073429107666,1.92695915699005,0.047602
1989-03-27,24.9856548309326,2.29591012001038,3.42332434654236,0.047602
1989-03-28,24.9258804321289,2.82154035568237,4.00678825378418,0.047602
1989-03-29,25.2441692352295,3.40877056121826,2.7452392578125,0.063895
1989-03-30,24.9421043395996,11.1823415756226,2.52770113945007,0.091613
1989-03-31,25.4004669189453,7.50361490249634,3.58075380325317,0.122987
1989-04-01,25.0943927764893,0.26923742890358,3.20353674888611,0.145792
1989-04-02,25.4421463012695,0.647799253463745,4.11029434204102,0.145792
1989-04-03,25.6626834869385,1.3955420255661,4.40434265136719,0.122987
1989-04-04,26.1760501861572,0.351628661155701,3.60575604438782,0.112146
1989-04-05,25.6593532562256,2.27866744995117,3.70265436172485,0.101674
1989-04-06,25.7759208679199,3.09417748451233,3.69372296333313,0.157758
1989-04-07,25.0345401763916,2.98181843757629,3.25189232826233,0.393756
1989-04-08,24.4778022766113,2.58713960647583,2.01504254341126,0.63432
1989-04-09,24.8523235321045,6.74991130828857,2.23317885398865,0.561186
1989-04-10,25.257043838501,8.15043449401856,3.01413750648499,0.519231
1989-04-11,26.4046592712402,5.99861764907837,4.06299114227295,0.465549
1989-04-12,25.3641929626465,2.83730673789978,3.46836066246033,0.359959
1989-04-13,24.9004936218262,7.29932498931885,3.02341032028198,0.32733
1989-04-14,25.1079425811768,4.64409065246582,3.3944833278656,0.649423
1989-04-15,25.2278060913086,6.90197515487671,3.24363732337952,0.894661
1989-04-16,25.120418548584,4.33527374267578,2.98638582229614,0.711393
1989-04-17,25.3342952728272,4.72706031799316,3.5440194606781,0.519231
1989-04-18,24.9982490539551,1.21045851707459,3.69028568267822,0.222713
1989-04-19,25.2429656982422,0.0377617552876472,3.73853302001953,0.182706
1989-04-20,25.7979621887207,0.0226141847670078,3.77725577354431,0.145792
1989-04-21,26.0154495239258,0.359372854232788,3.2859206199646,0.145792
1989-04-22,25.2179565429688,0.23938025534153,3.10441660881043,0.134195
1989-04-23,24.8042030334473,5.3940544128418,2.03323340415955,0.112146
1989-04-24,24.6061573028564,1.64668071269989,2.9450786113739,0.081962
1989-04-25,24.4396438598633,0.463715761899948,3.96741271018982,0.072723
1989-04-26,24.4807929992676,0.292712688446045,3.22945761680603,0.072723
1989-04-27,24.2136974334717,0.944326281547546,2.89360284805298,0.063895
1989-04-28,24.3254108428955,0.158011868596077,2.9585108757019,0.063895
1989-04-29,26.1676273345947,0.0534026436507702,3.59712171554565,0.063895
1989-04-30,26.5935935974121,0.0773155391216278,3.4939546585083,0.063895
1989-05-01,26.6280498504639,0.0484350733458996,3.74304223060608,0.063895
1989-05-02,25.9356136322022,0.308376640081406,3.06604838371277,0.063895
1989-05-03,25.8258495330811,5.80907583236694,3.08070945739746,0.081962
1989-05-04,25.379301071167,13.3712730407715,3.26006960868835,0.063895
1989-05-05,25.6655597686768,0.960294187068939,3.54328107833862,0.063895
1989-05-06,25.6028518676758,0.324597150087357,3.08333015441895,0.081962
1989-05-07,26.4106979370117,0.0370190553367138,3.56277203559876,0.091613
1989-05-08,25.6683540344238,1.7692186832428,2.70059657096863,0.134195
1989-05-09,23.3687572479248,0.87103670835495,1.90730917453766,0.122987
1989-05-10,22.8893146514893,0.607489347457886,2.3204710483551,0.091613
1989-05-11,22.6337642669678,0.5221928358078,2.63671875,0.072723
1989-05-12,23.2244110107422,1.28214299678803,3.17703223228455,0.063895
1989-05-13,23.4711437225342,0.979485213756561,3.09519839286804,0.091613
1989-05-14,23.3364677429199,0.832838773727417,2.70030903816223,0.112146
1989-05-15,22.96923828125,3.08323812484741,3.05383086204529,0.122987
1989-05-16,22.4056930541992,0.453601866960526,2.76782321929932,0.091613
1989-05-17,21.8460807800293,0.0215919390320778,2.08201146125793,0.063895
1989-05-18,22.6923542022705,0.340237587690353,2.59825563430786,0.063895
1989-05-19,22.6157760620117,1.60957479476929,2.40123987197876,0.063895
1989-05-20,22.515567779541,0.684123873710632,2.25225329399109,0.063895
1989-05-21,23.7927017211914,1.94404983520508,2.27821397781372,0.081962
1989-05-22,23.8657360076904,2.94779539108276,2.17092800140381,0.101674
1989-05-23,23.5016975402832,4.20032453536987,2.24296689033508,0.122987
1989-05-24,22.5791034698486,5.67567873001099,1.45726847648621,0.170048
1989-05-25,23.4037647247314,6.57231140136719,2.56681108474731,0.236713
1989-05-26,23.6372509002686,0.1329675167799,2.85060286521912,0.236713
1989-05-27,23.8313884735107,0.616386592388153,3.16411828994751,0.20906
1989-05-28,23.8971862792969,0.269494712352753,2.41592955589294,0.19571
1989-05-29,22.347095489502,0.543945014476776,2.28889989852905,0.170048
1989-05-30,22.4232158660889,0.0312978178262711,2.60566329956055,0.170048
1989-05-31,22.0507469177246,0.0475092492997646,2.34632182121277,0.145792
1989-06-01,22.5967597961426,0.0705352202057838,1.80270445346832,0.112146
1989-06-02,22.7874965667725,0.551735877990723,1.26136684417725,0.112146
1989-06-03,22.8017501831055,0.949924230575562,2.34538435935974,0.101674
1989-06-04,23.2710990905762,0.388417899608612,2.8541247844696,0.101674
1989-06-05,22.6068859100342,0.0805578008294106,2.4460346698761,0.101674
1989-06-06,23.1262283325195,3.03862714767456,2.70804333686829,0.091613
1989-06-07,22.8780078887939,5.17674541473389,2.20030093193054,0.091613
1989-06-08,23.2372856140137,1.05713534355164,2.35995769500732,0.091613
1989-06-09,23.4819831848145,0.497091233730316,2.5694899559021,0.091613
1989-06-10,24.2364368438721,0.443036705255508,2.50294470787048,0.081962
1989-06-11,24.3103733062744,0.0436515994369984,2.7337429523468,0.081962
1989-06-12,23.8229846954346,0.0508173853158951,2.14103198051453,0.081962
1989-06-13,22.7191009521484,0.206676319241524,2.11870503425598,0.081962
1989-06-14,21.9524250030518,0.00614329567179084,3.33445239067078,0.081962
1989-06-15,20.8105773925781,0.277544766664505,2.14520168304443,0.081962
1989-06-16,20.4175453186035,2.0925235748291,1.78060448169708,0.081962
1989-06-17,21.2550220489502,6.26469612121582,2.01424956321716,0.081962
1989-06-18,21.6083106994629,2.35031390190125,1.51742613315582,0.091613
1989-06-19,21.7540588378906,20.9359664916992,1.09205043315887,0.122987
1989-06-20,22.7116012573242,2.71527910232544,2.18648457527161,0.145792
1989-06-21,22.2833499908447,1.17167830467224,2.12328958511353,0.251036
1989-06-22,22.3366413116455,2.3721137046814,1.66370522975922,0.280636
1989-06-23,22.0743560791016,3.90023899078369,1.95073592662811,0.295891
1989-06-24,22.4977188110352,2.66462063789368,2.29290509223938,0.31147
1989-06-25,22.8064918518066,5.44968700408936,2.18087124824524,0.32733
1989-06-26,23.3221912384033,2.08829712867737,1.76736569404602,0.343493
1989-06-27,22.2565670013428,47.0307922363281,1.89038193225861,0.533036
1989-06-28,23.3901443481445,6.35421323776245,2.32561635971069,0.775872
1989-06-29,24.7814979553223,0.0611878968775272,2.75111103057861,2.261384
1989-06-30,24.0531902313232,0.203842267394066,2.43251347541809,3.074234
1989-07-01,23.2935085296631,2.58538198471069,2.1079044342041,2.314525
1989-07-02,23.1227760314941,9.03707313537598,2.48742723464966,1.832034
1989-07-03,22.4690093994141,3.64114999771118,2.36432194709778,0.619369
1989-07-04,21.6392097473145,3.4748547077179,2.37594532966614,0.519231
1989-07-05,22.1437110900879,1.29298281669617,2.24808597564697,0.411088
1989-07-06,21.7323303222656,1.10521566867828,2.32104110717773,0.411088
1989-07-07,20.45583152771,0.569591045379639,1.70335865020752,0.32733
1989-07-08,20.4173603057861,0.580593764781952,1.55881297588348,0.295891
1989-07-09,19.8180198669434,0.377008259296417,1.63285231590271,0.251036
1989-07-10,20.3716125488281,0.287261992692947,1.68448638916016,0.182706
1989-07-11,19.9444217681885,0.193844094872475,2.65719127655029,0.134195
1989-07-12,18.4691505432129,0.0573865324258804,2.13337826728821,0.145792
1989-07-13,18.7124366760254,0.171204403042793,1.49427878856659,0.145792
1989-07-14,20.2224655151367,1.69340896606445,2.09571480751038,0.122987
1989-07-15,20.1840534210205,0.0562746673822403,2.96466279029846,0.101674
1989-07-16,20.4091262817383,0.00546875363215804,2.34949684143066,0.091613
1989-07-17,20.1958103179932,0.00567496055737138,2.76411080360413,0.091613
1989-07-18,19.6900100708008,0.0364704839885235,1.78879868984222,0.081962
1989-07-19,19.3756790161133,0.219067111611366,1.84708380699158,0.072723
1989-07-20,19.1527690887451,0.691947460174561,1.99651753902435,0.072723
1989-07-21,20.0345611572266,0.269463688135147,2.15847253799438,0.072723
1989-07-22,20.8015747070313,0.0460062175989151,2.61077737808228,0.072723
1989-07-23,21.0314521789551,0.150590419769287,2.47069931030273,0.072723
1989-07-24,22.0367012023926,0.350474298000336,2.38461661338806,0.063895
1989-07-25,22.689697265625,0.167989656329155,2.29960417747498,0.063895
1989-07-26,23.3785781860352,0.21109738945961,2.53060126304626,0.063895
1989-07-27,25.5344390869141,0.073245145380497,3.76556253433228,0.063895
1989-07-28,25.0841884613037,0,3.77039766311646,0.063895
1989-07-29,26.0594120025635,0.00888768024742603,3.80685377120972,0.063895
1989-07-30,25.8658218383789,0.092183880507946,3.49325561523438,0.055521
1989-07-31,25.8287773132324,0.0319949649274349,3.72203683853149,0.055521
1989-08-01,23.8248729705811,0.612555980682373,1.88579559326172,0.055521
1989-08-02,20.9632720947266,12.3257722854614,1.19523119926453,0.055521
1989-08-03,20.3709392547607,0.705006897449493,2.37517762184143,0.055521
1989-08-04,20.6206169128418,0.0860483571887016,2.76560688018799,0.055521
1989-08-05,19.674280166626,0.0302631743252277,2.84281039237976,0.063895
1989-08-06,20.0703315734863,0.00020342091738712,3.2225501537323,0.063895
1989-08-07,19.0887298583984,0.00344015704467893,2.98121476173401,0.063895
1989-08-08,19.4054851531982,0.0369091965258122,2.47415399551392,0.063895
1989-08-09,20.3077392578125,0.0165537800639868,2.38065123558044,0.063895
1989-08-10,21.7095146179199,0.0235621798783541,2.31477165222168,0.055521
1989-08-11,23.8749713897705,0.0220366138964891,3.29995369911194,0.055521
1989-08-12,23.5111103057861,0.17053110897541,2.78871560096741,0.055521
1989-08-13,21.3303184509277,0.310084789991379,2.43570399284363,0.055521
1989-08-14,22.0535373687744,0.31311696767807,1.96753549575806,0.047602
1989-08-15,21.3691997528076,0.0696456283330917,1.35674440860748,0.047602
1989-08-16,22.6014041900635,1.39570045471191,2.71472024917603,0.047602
1989-08-17,22.5358924865723,2.8276162147522,2.79800152778626,0.047602
1989-08-18,21.9880924224854,4.22490549087524,2.12298703193665,0.047602
1989-08-19,21.2674827575684,16.3749980926514,0.937079012393951,0.047602
1989-08-20,21.5612373352051,18.5655117034912,1.56338465213776,0.091613
1989-08-21,22.3578395843506,6.02203798294067,2.74010562896729,0.452523
1989-08-22,23.3421993255615,0.782435059547424,2.96741700172424,0.452523
1989-08-23,22.6281127929688,0.442491739988327,2.81789803504944,0.182706
1989-08-24,23.078441619873,2.62856149673462,3.08740139007568,0.182706
1989-08-25,23.6781806945801,3.25913882255554,3.18662643432617,0.182706
1989-08-26,24.0633735656738,1.02416884899139,3.27748680114746,0.170048
1989-08-27,23.5095043182373,0.925593256950378,3.04583263397217,0.170048
1989-08-28,24.0182418823242,0.46739798784256,3.00252270698547,0.170048
1989-08-29,22.5739459991455,1.10717570781708,2.27010154724121,0.145792
1989-08-30,22.3735771179199,11.3891534805298,2.94663953781128,0.145792
1989-08-31,21.5910186767578,6.11922121047974,2.68669652938843,0.145792
1989-09-01,22.1993942260742,2.62828183174133,2.77673768997192,0.145792
1989-09-02,23.201940536499,0.012164712883532,3.75734949111939,0.122987
1989-09-03,23.2233943939209,0.291695326566696,2.28819799423218,0.122987
1989-09-04,21.389741897583,0.647977888584137,1.45540261268616,0.101674
1989-09-05,21.6663608551025,0.383483856916428,1.87448287010193,0.101674
1989-09-06,23.4905891418457,0.160206332802773,2.28670883178711,0.101674
1989-09-07,25.0144386291504,0.254002720117569,3.29053616523743,0.101674
1989-09-08,24.6530647277832,0.306272327899933,3.10973978042603,0.081962
1989-09-09,24.3098735809326,3.75243926048279,3.15590596199036,0.072723
1989-09-10,24.0349273681641,1.41727828979492,2.99735236167908,0.063895
1989-09-11,24.1987457275391,0.0822825133800507,3.46828842163086,0.063895
1989-09-12,24.706916809082,0.0602930225431919,3.64339399337769,0.063895
1989-09-13,25.5606517791748,0.0377379767596722,4.71064186096191,0.063895
1989-09-14,25.0268363952637,0.156106010079384,4.75487613677979,0.055521
1989-09-15,25.2659091949463,0.0269341971725225,4.18431282043457,0.055521
1989-09-16,26.4716281890869,0.657480537891388,4.51616144180298,0.047602
1989-09-17,23.8532333374023,2.85178470611572,2.18902897834778,0.047602
1989-09-18,20.4285373687744,12.2734470367432,1.0819286108017,0.047602
1989-09-19,18.8054027557373,4.09783935546875,0.920339524745941,0.047602
1989-09-20,20.89328956604,9.55274772644043,2.5894672870636,0.047602
1989-09-21,20.5349750518799,0.235575124621391,2.1227171421051,0.063895
1989-09-22,21.5228233337402,0.0421103611588478,3.34768438339233,0.081962
1989-09-23,21.6305370330811,0.0258942637592554,2.86848306655884,0.081962
1989-09-24,22.904956817627,0.983435213565826,2.86027264595032,0.101674
1989-09-25,23.8670902252197,2.20882201194763,3.69848704338074,0.112146
1989-09-26,23.4903221130371,0.0495431758463383,3.84393405914307,0.101674
1989-09-27,23.5989856719971,0.0963682159781456,3.55345940589905,0.101674
1989-09-28,24.3369636535645,0.0309160947799683,4.35724067687988,0.101674
1989-09-29,25.1121673583984,0.324775040149689,4.12604808807373,0.101674
1989-09-30,25.6045227050781,0.0300821419805288,4.38442993164063,0.101674
1989-10-01,24.5468063354492,1.75582849979401,3.78591132164001,0.091613
1989-10-02,22.5125579833984,14.1142282485962,2.4418797492981,0.091613
1989-10-03,23.7934474945068,10.0572862625122,3.66914892196655,0.091613
1989-10-04,23.7324848175049,0.188213557004929,3.66040802001953,0.091613
1989-10-05,23.8129711151123,0.0710231363773346,4.21454095840454,0.091613
1989-10-06,24.387529373169,0.0253783836960793,3.82729458808899,0.091613
1989-10-07,24.1451034545898,0.226143658161163,3.55120468139648,0.081962
1989-10-08,24.6068077087402,0.0683737397193909,3.67034840583801,0.081962
1989-10-09,26.2593116760254,0.0608009211719036,4.12292194366455,0.081962
1989-10-10,25.5354385375977,0.136735245585442,4.04060745239258,0.081962
1989-10-11,25.3991718292236,0.875234723091126,3.93945646286011,0.081962
1989-10-12,25.9189205169678,0.0328786596655846,4.42479753494263,0.063895
1989-10-13,26.8376750946045,0.0131250824779272,5.04939270019531,0.063895
1989-10-14,25.7404727935791,1.09380948543549,3.11821460723877,0.063895
1989-10-15,22.0467224121094,5.7097749710083,1.59590911865234,0.055521
1989-10-16,22.3894023895264,0.19378225505352,2.00327181816101,0.055521
1989-10-17,23.5217761993408,0.14807790517807,2.03155589103699,0.055521
1989-10-18,25.041145324707,1.61554110050201,3.36560678482056,0.063895
1989-10-19,20.5981349945068,19.7749919891357,0.772997856140137,0.063895
1989-10-20,19.4459400177002,6.55202341079712,1.55975258350372,0.081962
1989-10-21,21.637659072876,0.0456184931099415,2.72303748130798,0.081962
1989-10-22,22.1389503479004,0.00614463770762086,4.29130458831787,0.081962
1989-10-23,22.5732460021973,0.131768897175789,3.55065631866455,0.081962
1989-10-24,24.0601902008057,3.47038650512695,2.27503490447998,0.091613
1989-10-25,23.2544174194336,10.0666999816895,2.90852737426758,0.091613
1989-10-26,23.4354190826416,6.29948997497559,2.86030387878418,0.091613
1989-10-27,23.9696426391602,6.89254570007324,3.56278586387634,0.112146
1989-10-28,24.2240886688232,1.75275874137878,3.70000624656677,0.134195
1989-10-29,24.4954624176025,6.25236797332764,3.83890962600708,0.170048
1989-10-30,24.3372821807861,0.509748578071594,4.33237791061401,0.251036
1989-10-31,24.8530235290527,0.28312274813652,3.77382302284241,0.343493
1989-11-01,25.9636516571045,0.37060871720314,4.49426031112671,0.343493
1989-11-02,22.934534072876,6.59626817703247,1.76957678794861,0.280636
1989-11-03,24.0883102416992,0.949684202671051,2.88588547706604,0.20906
1989-11-04,26.1178703308106,0.265034198760986,4.65006065368652,0.122987
1989-11-05,25.4120483398438,1.96172368526459,2.49340772628784,0.145792
1989-11-06,25.5248165130615,12.143328666687,3.0888557434082,0.20906
1989-11-07,23.7519817352295,24.7275485992432,2.87598466873169,0.63432
1989-11-08,23.8338527679443,6.61357688903809,3.56691861152649,0.809042
1989-11-09,24.656909942627,12.3620882034302,4.15478563308716,1.115578
1989-11-10,24.4006977081299,0.593368411064148,3.75470781326294,1.193992
1989-11-11,26.0961589813232,0.202185526490211,4.4162917137146,1.25436
1989-11-12,25.7551612854004,0.826339244842529,3.98723435401917,1.234086
1989-11-13,26.2073173522949,0.296320915222168,3.47820496559143,1.213963
1989-11-14,25.9417934417725,1.87023901939392,2.75109362602234,1.193992
1989-11-15,24.940128326416,5.46599769592285,1.71191942691803,1.193992
1989-11-16,25.2936134338379,0.613429486751556,3.35284614562988,1.154482
1989-11-17,24.6299953460693,0.729221522808075,3.29003500938416,1.002415
1989-11-18,24.9956569671631,0.820480942726135,3.75213027000427,0.894661
1989-11-19,24.8692760467529,0.466175436973572,4.34223556518555,0.859955
1989-11-20,25.5299453735352,3.08799481391907,4.77181482315064,0.825854
1989-11-21,25.9233932495117,0.507186770439148,4.17355442047119,0.825854
1989-11-22,25.698299407959,0.0757192522287369,4.81068134307861,0.775872
1989-11-23,24.6402072906494,0.0188398994505405,4.57751178741455,0.711393
1989-11-24,27.2720050811768,0.037416972219944,5.43152332305908,0.727274
1989-11-25,27.7108993530273,0.122716277837753,4.54100751876831,0.775872
1989-11-26,26.7933387756348,1.64876770973206,3.09464335441589,0.894661
1989-11-27,25.920597076416,14.7072649002075,3.27871084213257,0.929973
1989-11-28,26.2421169281006,8.35597610473633,3.12108755111694,0.984066
1989-11-29,24.9595890045166,0.177353158593178,1.58541440963745,1.002415
1989-11-30,25.525182723999,0.597001552581787,2.50534605979919,1.039523
1989-12-01,23.293664932251,32.9077491760254,0.644132375717163,1.134944
1989-12-02,21.8077945709229,35.8219680786133,0.688948333263397,1.213963
1989-12-03,20.9235591888428,22.9217529296875,0.887924671173096,1.234086
1989-12-04,22.2624588012695,12.2778739929199,0.995369911193848,4.84101
1989-12-05,24.683219909668,20.0702667236328,2.4261302947998,5.815599
1989-12-06,23.2735843658447,13.4330549240112,1.3977677822113,10.000933
1989-12-07,22.6564884185791,34.0811080932617,1.23487746715546,18.083152
1989-12-08,22.7139320373535,5.7433614730835,3.23579072952271,25.699671
1989-12-09,24.2474994659424,2.20693421363831,2.44969201087952,18.979501
1989-12-10,24.5023040771484,8.21058082580566,3.33384728431702,14.941626
1989-12-11,25.0040168762207,12.2350549697876,2.63071727752686,7.632011
1989-12-12,24.6862010955811,4.09424018859863,1.55426156520844,4.641514
1989-12-13,23.8449630737305,9.43636417388916,1.04221272468567,5.509085
1989-12-14,23.908863067627,7.07380342483521,2.41045665740967,6.884138
1989-12-15,23.9985218048096,3.97472596168518,1.55643260478973,19.729798
1989-12-16,21.8684368133545,50.1875152587891,0.757579684257507,20.92723
1989-12-17,21.5579090118408,25.6695098876953,0.858615756034851,21.101324
1989-12-18,21.9816951751709,39.683723449707,1.26082122325897,20.840486
1989-12-19,22.2205810546875,37.1861305236816,1.2952481508255,21.101324
1989-12-20,23.1653385162354,16.3918495178223,1.21341979503632,21.101324
1989-12-21,23.8866596221924,40.724983215332,1.68793344497681,21.36385
1989-12-22,24.6059722900391,10.8891849517822,2.19622135162354,27.571799
1989-12-23,23.568208694458,17.4971160888672,0.970619857311249,13.453712
1989-12-24,24.1191444396973,14.5943546295166,2.10577511787415,15.087613
1989-12-25,23.7799892425537,13.101357460022,3.38296151161194,13.661258
1989-12-26,23.6870079040527,10.1402912139893,1.67640769481659,7.632011
1989-12-27,23.7077884674072,13.5750141143799,2.08799481391907,7.52997
1989-12-28,24.1308574676514,11.1797714233398,2.99427485466003,8.047405
1989-12-29,24.86452293396,8.77959156036377,3.75783443450928,7.228129
1989-12-30,24.7186107635498,1.48132884502411,3.95706796646118,3.605193
1989-12-31,24.1773548126221,0.637879729270935,3.94443774223328,1.020893
1990-01-01,25.227071762085,0.246271684765816,4.03865957260132,0.929973
1990-01-02,25.0274448394775,0.145279869437218,4.62533760070801,0.929973
1990-01-03,26.0176200866699,1.05020427703857,3.46427440643311,0.877221
1990-01-04,24.4773101806641,0.961617350578308,1.87089049816132,0.877221
1990-01-05,24.9434146881104,20.2912292480469,3.4413206577301,0.877221
1990-01-06,24.4610443115234,4.96129274368286,4.92026376724243,0.877221
1990-01-07,23.8466033935547,3.8307523727417,4.12805032730103,0.912231
1990-01-08,23.7464046478272,0.97128164768219,4.41088914871216,0.877221
1990-01-09,24.5233135223389,0.13594414293766,4.50956678390503,0.859955
1990-01-10,25.3663215637207,0.232801839709282,4.04004573822022,0.759514
1990-01-11,24.7397270202637,0.455369770526886,4.2443265914917,0.680083
1990-01-12,24.3619346618652,1.03348100185394,3.976731300354,0.561186
1990-01-13,25.0319519042969,1.87818348407745,4.59523773193359,0.492055
1990-01-14,23.8941440582275,3.01971626281738,3.99680614471436,0.561186
1990-01-15,23.8673477172852,2.81725382804871,3.94802641868591,0.63432
1990-01-16,24.0054740905762,0.546511352062225,4.02610206604004,0.492055
1990-01-17,24.5525913238525,0.235121473670006,3.83869600296021,0.393756
1990-01-18,24.974739074707,0.417875826358795,3.99091982841492,0.32733
1990-01-19,24.751314163208,0.78773033618927,4.07295799255371,0.295891
1990-01-20,24.8270111083984,2.75010752677918,4.05216836929321,0.265685
1990-01-21,24.8001976013184,1.293372631073,3.71848201751709,0.251036
1990-01-22,24.4118137359619,1.10346722602844,3.84179759025574,0.251036
1990-01-23,25.8828926086426,0.118862211704254,5.2663950920105,0.222713
1990-01-24,26.1585540771484,0.0137834092602134,4.75211954116821,0.222713
1990-01-25,25.8243370056152,0.0131912901997566,5.07916450500488,0.19571
1990-01-26,25.2541389465332,0.416896939277649,4.15521764755249,0.182706
1990-01-27,24.6832714080811,0.889328956604004,4.25989484786987,0.182706
1990-01-28,24.8348178863525,1.18923127651215,4.06102752685547,0.182706
1990-01-29,25.021240234375,2.18333697319031,3.79876112937927,0.170048
1990-01-30,24.8826599121094,6.0768404006958,3.58829355239868,0.170048
1990-01-31,24.4899845123291,3.12976264953613,3.89490628242493,0.222713
1990-02-01,24.6958961486816,11.1239414215088,4.120689868927,0.280636
1990-02-02,24.4289016723633,0.92406302690506,3.75739431381226,0.236713
1990-02-03,24.9254245758057,3.14473843574524,3.51941657066345,0.222713
1990-02-04,24.749059677124,7.10598039627075,3.70485591888428,0.411088
1990-02-05,24.5483303070068,3.26598215103149,3.98666048049927,0.680083
1990-02-06,24.7105293273926,7.41495513916016,3.91013860702515,0.63432
1990-02-07,24.8220806121826,2.89519882202148,3.84891033172607,0.619369
1990-02-08,25.976806640625,0.0490595288574696,4.64714479446411,0.439693
1990-02-09,26.4202575683594,0.0392350256443024,4.72680282592773,0.295891
1990-02-10,26.3563747406006,0.0184623263776302,5.23435115814209,0.251036
1990-02-11,25.8512344360352,0.0205213334411383,5.34304523468018,0.20906
1990-02-12,26.0448112487793,0.187419921159744,4.09051561355591,0.170048
1990-02-13,26.8262042999268,0.350113034248352,4.33638668060303,0.145792
1990-02-14,27.0937843322754,0.203784227371216,4.47315645217896,0.112146
1990-02-15,26.7529811859131,1.73115432262421,2.67343235015869,0.112146
1990-02-16,25.6177349090576,5.89963293075562,1.49391138553619,0.101674
1990-02-17,25.9273777008057,0.245876476168633,1.30065894126892,0.101674
1990-02-18,27.251859664917,0.443617254495621,4.88386058807373,0.101674
1990-02-19,27.0000820159912,1.37454175949097,3.84125590324402,0.101674
1990-02-20,24.3722171783447,25.0852470397949,2.05268478393555,0.122987
1990-02-21,25.5841846466064,5.53175830841065,3.89096283912659,0.145792
1990-02-22,26.0337142944336,3.29567837715149,3.76599097251892,0.561186
1990-02-23,26.0389919281006,0.083700954914093,4.17124080657959,0.393756
1990-02-24,26.4778919219971,0.171054154634476,3.71644282341003,0.452523
1990-02-25,26.9062976837158,0.0641931891441345,5.01846933364868,0.265685
1990-02-26,27.1983757019043,0.0931258425116539,4.27550745010376,0.170048
1990-02-27,25.3294105529785,0.0241918433457613,4.82495212554932,0.122987
1990-02-28,24.2832145690918,0.251696139574051,3.84125804901123,0.112146
1990-03-01,24.5017261505127,1.25193679332733,3.63116645812988,0.101674
1990-03-02,25.0033168792725,7.44636869430542,4.0466947555542,0.101674
1990-03-03,24.9367256164551,1.52709257602692,3.83391976356506,0.101674
1990-03-04,25.2637405395508,1.76301860809326,3.14080405235291,0.101674
1990-03-05,25.2426433563232,2.17395830154419,3.60199666023254,0.122987
1990-03-06,25.457052230835,3.41009449958801,4.25223398208618,0.122987
1990-03-07,25.37571144104,0.281782537698746,3.39332985877991,0.134195
1990-03-08,25.6828708648682,1.55811107158661,3.94433093070984,0.134195
1990-03-09,25.4730567932129,2.53462529182434,4.12025356292725,0.122987
1990-03-10,25.2804660797119,0.755728840827942,3.88585829734802,0.122987
1990-03-11,25.9071254730225,6.60874843597412,3.9796941280365,0.122987
1990-03-12,25.8013668060303,0.107791252434254,4.1732063293457,0.170048
1990-03-13,26.3887329101563,0.60464209318161,3.87109160423279,0.222713
1990-03-14,26.4930763244629,0.0875744819641113,4.51117372512817,0.19571
1990-03-15,27.0470695495606,0.137371376156807,4.54139804840088,0.157758
1990-03-16,27.0476398468018,3.52349400520325,4.20515727996826,0.122987
1990-03-17,26.6999111175537,0.753445148468018,4.6618447303772,0.122987
1990-03-18,26.4166793823242,0.052512601017952,4.27349185943604,0.101674
1990-03-19,26.3030834197998,0.168728798627853,4.00155210494995,0.101674
1990-03-20,25.6717376708984,0.0416129641234875,4.42981624603272,0.101674
1990-03-21,24.2782363891602,0.000138761664857157,4.64461421966553,0.081962
1990-03-22,25.1018199920654,0.00305359484627843,4.50819301605225,0.081962
1990-03-23,26.2087554931641,0.00930626876652241,4.47745084762573,0.081962
1990-03-24,26.4738578796387,0.0125707387924194,4.36544609069824,0.072723
1990-03-25,26.2339744567871,0.0810899436473846,3.98160648345947,0.063895
1990-03-26,27.2202854156494,0.113779492676258,4.17675876617432,0.063895
1990-03-27,26.78590965271,0.0514492280781269,4.54841184616089,0.063895
1990-03-28,26.6406211853027,0.100944548845291,3.73143339157105,0.047602
1990-03-29,26.1718807220459,2.11041903495789,3.36756825447083,0.047602
1990-03-30,25.8735179901123,1.55111384391785,2.89844226837158,0.055521
1990-03-31,25.3018836975098,2.00862693786621,3.47396922111511,0.134195
1990-04-01,26.0046844482422,0.857468962669373,4.31074571609497,0.101674
1990-04-02,25.8347301483154,0.122728832066059,3.87014222145081,0.101674
1990-04-03,26.7592315673828,0.000956297270022333,4.37186288833618,0.101674
1990-04-04,26.9042625427246,0.0401359163224697,3.91247034072876,0.081962
1990-04-05,26.6905040740967,0.101871535181999,3.35480952262878,0.072723
1990-04-06,25.8455944061279,0.0930320098996162,3.34245610237122,0.055521
1990-04-07,26.1440410614014,2.21157145500183,3.19927453994751,0.055521
1990-04-08,25.8387641906738,3.53670811653137,4.04175281524658,0.055521
1990-04-09,25.7020168304443,0.155708178877831,3.66843581199646,0.055521
1990-04-10,26.0804862976074,0.134999573230743,3.94178533554077,0.055521
1990-04-11,26.4013004302979,0.0281961150467396,4.17991876602173,0.055521
1990-04-12,26.7672348022461,0.246282577514648,3.90549850463867,0.047602
1990-04-13,25.451265335083,1.30663502216339,3.27396631240845,0.047602
1990-04-14,25.5361232757568,2.36172294616699,3.37277483940125,0.055521
1990-04-15,25.7623920440674,0.513416051864624,3.51871728897095,0.047602
1990-04-16,25.4189910888672,0.462220430374146,3.22625637054443,0.047602
1990-04-17,25.054235458374,1.79845035076141,3.29433941841126,0.040159
1990-04-18,25.9867858886719,0.550703346729279,3.26484346389771,0.047602
1990-04-19,25.160888671875,1.46539163589478,3.32455706596375,0.047602
1990-04-20,24.5832691192627,2.36390995979309,3.0346143245697,0.047602
1990-04-21,24.6124572753906,5.02438831329346,2.89412093162537,0.047602
1990-04-22,24.549840927124,5.35183429718018,3.02584362030029,0.063895
1990-04-23,25.0069980621338,4.98502540588379,2.24935483932495,0.081962
1990-04-24,24.964729309082,11.1729221343994,3.12844944000244,0.091613
1990-04-25,25.053897857666,7.67341613769531,2.74204349517822,0.112146
1990-04-26,24.8175010681152,3.96676325798035,2.86711049079895,0.134195
1990-04-27,24.8696746826172,3.59942626953125,3.07101488113403,0.134195
1990-04-28,25.0216369628906,2.72385573387146,3.01487612724304,0.122987
1990-04-29,25.0705146789551,4.38289594650269,2.6904890537262,0.122987
1990-04-30,25.5614318847656,1.66224110126495,3.34961843490601,0.122987
1990-05-01,25.3080062866211,0.193845584988594,3.83204388618469,0.101674
1990-05-02,26.0187435150147,0.425321221351624,2.8434145450592,0.101674
1990-05-03,26.435525894165,0.186147764325142,3.41709637641907,0.081962
1990-05-04,25.196268081665,5.82303190231323,2.47430634498596,0.081962
1990-05-05,24.3572654724121,1.26442623138428,2.97851252555847,0.081962
1990-05-06,23.9070644378662,0.1595578789711,2.63630390167236,0.081962
1990-05-07,23.4833240509033,0.104503303766251,2.64892029762268,0.072723
1990-05-08,23.4406661987305,0.0674604773521423,2.5310754776001,0.072723
1990-05-09,23.4704914093018,0.434893280267715,2.42207098007202,0.091613
1990-05-10,23.9601383209229,2.27060675621033,1.94985890388489,0.081962
1990-05-11,25.4186534881592,2.3872983455658,3.01613426208496,0.072723
1990-05-12,26.3819198608398,0.260082602500916,3.3630199432373,0.063895
1990-05-13,24.3910655975342,14.5722322463989,1.24142599105835,0.081962
1990-05-14,24.317834854126,1.16113030910492,2.34538865089417,0.081962
1990-05-15,24.6740913391113,1.11150813102722,2.56192183494568,0.101674
1990-05-16,24.816370010376,0.443188518285751,2.42710900306702,0.081962
1990-05-17,25.2650985717773,0.157452180981636,2.74703454971314,0.072723
1990-05-18,25.3255634307861,0.0176267605274916,3.55575299263001,0.072723
1990-05-19,25.3184776306152,0.0101466178894043,3.78412652015686,0.063895
1990-05-20,23.6850204467773,0.0333417020738125,1.93287193775177,0.047602
1990-05-21,23.4037570953369,0.150779440999031,1.96880090236664,0.047602
1990-05-22,23.4147109985352,0.0613950043916702,2.93719625473022,0.047602
1990-05-23,23.723352432251,0.966428458690643,1.82103216648102,0.055521
1990-05-24,22.8168926239014,1.48657977581024,2.09394288063049,0.063895
1990-05-25,22.4046573638916,5.70661067962647,1.91748034954071,0.063895
1990-05-26,22.2483825683594,1.7081960439682,2.28103494644165,0.063895
1990-05-27,23.5105495452881,2.25973224639893,2.6700005531311,0.063895
1990-05-28,23.1356601715088,3.64191722869873,2.19486355781555,0.072723
1990-05-29,23.3943176269531,3.90752601623535,2.48077630996704,0.072723
1990-05-30,22.4860610961914,1.68238139152527,2.25971674919128,0.072723
1990-05-31,22.6992092132568,3.24237489700317,2.15834927558899,0.081962
1990-06-01,22.6728954315186,3.44298672676086,1.93814241886139,0.081962
1990-06-02,22.6986808776856,4.5505805015564,2.28347659111023,0.081962
1990-06-03,22.4692554473877,4.78493309020996,1.85000288486481,0.091613
1990-06-04,22.9502105712891,5.73212718963623,2.60008883476257,0.122987
1990-06-05,23.3377838134766,0.803547322750092,2.65171432495117,0.122987
1990-06-06,23.6449794769287,0.0820404067635536,2.66995882987976,0.112146
1990-06-07,22.5348987579346,0.2025136500597,2.05385780334473,0.101674
1990-06-08,23.3689136505127,1.07115602493286,2.5642716884613,0.101674
1990-06-09,22.8278427124023,0.556201159954071,2.29574584960938,0.081962
1990-06-10,23.0264263153076,0.70797610282898,2.1362931728363,0.081962
1990-06-11,22.8260288238525,0.445816993713379,2.96177768707275,0.081962
1990-06-12,21.2718734741211,4.76015567779541,1.58547294139862,0.091613
1990-06-13,20.8547821044922,7.49930572509766,1.21099877357483,0.101674
1990-06-14,21.45436668396,0.548584222793579,2.21362519264221,0.101674
1990-06-15,21.3703193664551,0.00420331908389926,3.02284646034241,0.134195
1990-06-16,21.9125347137451,0.159429743885994,1.97457098960876,0.134195
1990-06-17,22.21315574646,0.302802979946136,1.70262861251831,0.101674
1990-06-18,22.250617980957,0.620672166347504,2.30836820602417,0.101674
1990-06-19,22.7839336395264,2.80730509757996,1.03071820735931,0.101674
1990-06-20,22.20046043396,8.9642858505249,1.84258997440338,0.122987
1990-06-21,23.0196418762207,3.72798776626587,2.3447380065918,0.145792
1990-06-22,23.2530708312988,2.35351729393005,2.15949153900146,0.134195
1990-06-23,23.3145217895508,0.44421374797821,2.25640225410461,0.122987
1990-06-24,23.0641288757324,0.324587166309357,1.91774415969849,0.122987
1990-06-25,22.5389213562012,0.244608700275421,2.32193899154663,0.122987
1990-06-26,21.7562236785889,0.100185856223106,2.25627827644348,0.101674
1990-06-27,22.1150703430176,0.519849896430969,2.15526747703552,0.101674
1990-06-28,21.7190265655518,0.627976655960083,1.84363996982574,0.101674
1990-06-29,21.971565246582,5.03869390487671,2.1865382194519,0.091613
1990-06-30,21.7787857055664,6.35390758514404,1.61414837837219,0.101674
1990-07-01,21.9572296142578,12.2631645202637,1.75072932243347,0.112146
1990-07-02,22.2844257354736,4.85420179367065,2.01030421257019,0.101674
1990-07-03,22.9727725982666,1.03141820430756,2.31821656227112,0.122987
1990-07-04,22.3752212524414,0.623417317867279,2.02255320549011,0.145792
1990-07-05,22.9446258544922,0.96289473772049,1.95620882511139,0.122987
1990-07-06,21.7811622619629,0.201951757073402,1.07469975948334,0.122987
1990-07-07,21.5204410552979,2.93978452682495,1.96749460697174,0.122987
1990-07-08,21.8809299468994,1.37714099884033,1.92465972900391,0.101674
1990-07-09,22.8628597259522,0.333074033260345,2.32924461364746,0.101674
1990-07-10,22.7357959747314,0.139970302581787,2.60538482666016,0.091613
1990-07-11,23.1001014709473,0.0488914661109448,2.92116117477417,0.081962
1990-07-12,21.3113346099854,0.875692069530487,2.09669280052185,0.081962
1990-07-13,21.1087474822998,2.14611577987671,1.70429730415344,0.081962
1990-07-14,20.7336502075195,0.0724609792232513,1.36541330814362,0.072723
1990-07-15,22.2009601593018,0.080712728202343,1.80948984622955,0.072723
1990-07-16,22.4343433380127,0.527635157108307,2.02960753440857,0.081962
1990-07-17,22.883279800415,2.49929046630859,2.20235800743103,0.081962
1990-07-18,23.694709777832,0.0320325531065464,2.82403755187988,0.081962
1990-07-19,23.2696037292481,0.0474777892231941,2.84688878059387,0.091613
1990-07-20,22.9556121826172,0.00664881896227598,3.03184247016907,0.091613
1990-07-21,21.7113170623779,0.593118846416473,2.90827870368958,0.072723
1990-07-22,22.0373954772949,0.720483124256134,3.23074793815613,0.072723
1990-07-23,23.0186252593994,0.10772205889225,3.09946990013123,0.072723
1990-07-24,22.1551780700684,3.03366947174072,1.80135071277618,0.081962
1990-07-25,21.7472057342529,0.620819926261902,1.94859302043915,0.072723
1990-07-26,22.6839218139648,0.457217991352081,2.58398079872131,0.091613
1990-07-27,21.7389373779297,1.87638926506042,2.16494798660278,0.081962
1990-07-28,22.054651260376,3.16414880752564,2.72123527526855,0.072723
1990-07-29,21.6592102050781,0.694609642028809,3.0232253074646,0.072723
1990-07-30,22.4528503417969,0.552301943302155,2.46374201774597,0.063895
1990-07-31,22.6144733428955,0.420848309993744,2.73299217224121,0.081962
1990-08-01,22.1583442687988,0.712371647357941,2.57589554786682,0.091613
1990-08-02,21.3316631317139,2.26530456542969,1.31631863117218,0.081962
1990-08-03,20.4798278808594,10.8303775787354,0.658090114593506,0.091613
1990-08-04,21.244722366333,6.93551015853882,1.3806859254837,0.101674
1990-08-05,20.8877487182617,0.853387296199799,2.51912641525269,0.122987
1990-08-06,20.70969581604,0.799585223197937,2.62499475479126,0.134195
1990-08-07,20.4266700744629,5.81717157363892,1.63196694850922,0.145792
1990-08-08,21.233850479126,10.9933366775513,1.98833119869232,0.145792
1990-08-09,21.8172016143799,10.6098299026489,1.91602098941803,0.251036
1990-08-10,21.8365783691406,6.85684156417847,2.40757751464844,0.251036
1990-08-11,21.5230026245117,0.718312323093414,2.77092504501343,0.251036
1990-08-12,22.1322765350342,1.66922080516815,2.81423139572144,0.20906
1990-08-13,21.184850692749,0.445211380720139,2.71071195602417,0.182706
1990-08-14,22.3517208099365,0.329917967319489,2.84036993980408,0.157758
1990-08-15,22.1647987365723,0.818859815597534,2.88429522514343,0.145792
1990-08-16,21.7569351196289,0.670099437236786,2.92085886001587,0.134195
1990-08-17,21.9862270355225,0.196081951260567,3.24988174438477,0.112146
1990-08-18,23.9087047576904,0.0269014853984118,3.03110671043396,0.101674
1990-08-19,23.6384620666504,0.161723554134369,2.9804425239563,0.101674
1990-08-20,23.9985198974609,0.0974870920181274,3.33123326301575,0.091613
1990-08-21,24.3593711853027,0.210588812828064,2.90026044845581,0.091613
1990-08-22,23.0284442901611,0.360397100448608,2.77137565612793,0.081962
1990-08-23,21.6635341644287,4.47402000427246,1.09244120121002,0.101674
1990-08-24,20.589958190918,8.29191493988037,1.6995815038681,0.091613
1990-08-25,19.8100109100342,3.38038229942322,1.55405652523041,0.091613
1990-08-26,20.3982067108154,6.73184013366699,1.78445243835449,0.122987
1990-08-27,22.0389785766602,11.9856357574463,1.83738267421722,1.336885
1990-08-28,23.1525249481201,5.54573488235474,2.83289837837219,0.649423
1990-08-29,23.5418910980225,0.379218071699142,2.92446136474609,0.439693
1990-08-30,23.0787200927734,2.78982901573181,2.88571619987488,0.343493
1990-08-31,22.4025249481201,11.5654430389404,2.53688788414001,1.929445
1990-09-01,23.0935516357422,4.04393196105957,3.16756677627564,0.63432
1990-09-02,22.4370536804199,0.154544278979301,3.82922291755676,0.465549
1990-09-03,23.6280651092529,0.0983930751681328,3.19097566604614,0.295891
1990-09-04,21.4558544158936,2.93341684341431,2.1592173576355,0.20906
1990-09-05,21.2346038818359,7.73887443542481,1.25647950172424,0.561186
1990-09-06,21.6696701049805,1.01609671115875,2.96123170852661,0.505557
1990-09-07,21.5148258209229,0.774742186069489,2.41562151908875,0.32733
1990-09-08,23.4305953979492,1.08193612098694,3.18441319465637,0.236713
1990-09-09,24.3072605133057,0.234103858470917,3.26724743843079,0.19571
1990-09-10,23.9617118835449,1.50342404842377,2.87008118629456,0.182706
1990-09-11,24.1152839660645,0.590839743614197,3.04747724533081,0.145792
1990-09-12,24.3091239929199,0.301760762929916,3.16260004043579,0.145792
1990-09-13,24.9895877838135,0.675851404666901,3.29429221153259,0.145792
1990-09-14,24.78049659729,0.618582427501679,3.3570351600647,0.122987
1990-09-15,24.1879043579102,0.443697720766068,3.12859511375427,0.122987
1990-09-16,24.1497268676758,0.737835824489594,3.98600912094116,0.101674
1990-09-17,22.6706123352051,0.276061594486237,3.07471323013306,0.101674
1990-09-18,22.9375514984131,1.70987057685852,2.99189591407776,0.122987
1990-09-19,22.9083557128906,9.74395942687988,3.25368237495422,0.280636
1990-09-20,23.2088947296143,0.733064711093903,3.43399262428284,0.19571
1990-09-21,23.5400257110596,0.690621137619019,3.00580596923828,0.170048
1990-09-22,23.1367473602295,2.98052644729614,3.2290370464325,0.265685
1990-09-23,23.4068126678467,3.27126049995422,3.34426856040955,0.265685
1990-09-24,23.4181213378906,1.0351881980896,4.01887178421021,0.236713
1990-09-25,22.1892776489258,0.879992425441742,2.97155785560608,0.170048
1990-09-26,20.1458549499512,1.01531958580017,1.29388010501862,0.145792
1990-09-27,20.1958770751953,0.29640406370163,1.68643665313721,0.122987
1990-09-28,20.5673561096191,0.588481485843658,4.35782432556152,0.122987
1990-09-29,20.461555480957,0.501213788986206,3.19402861595154,0.122987
1990-09-30,22.6448364257813,0.263660609722137,2.72545218467712,0.112146
1990-10-01,23.5938339233398,10.296480178833,2.85055661201477,0.465549
1990-10-02,22.3668155670166,1.27820372581482,2.7443585395813,0.343493
1990-10-03,22.7208309173584,0.493309110403061,3.28790211677551,0.157758
1990-10-04,23.4779987335205,1.20460176467896,3.1429169178009,0.145792
1990-10-05,23.5157279968262,3.55274271965027,4.04838609695435,0.122987
1990-10-06,22.4910621643066,2.58278799057007,2.96627044677734,0.170048
1990-10-07,22.7814502716064,14.0608339309692,3.18458843231201,0.775872
1990-10-08,23.572546005249,8.62738037109375,3.27092957496643,1.193992
1990-10-09,23.5839214324951,14.5280418395996,3.36472392082214,1.880458
1990-10-10,23.7850017547607,7.75479793548584,3.5809600353241,1.357873
1990-10-11,24.7989692687988,4.87691354751587,3.83277249336243,0.894661
1990-10-12,25.0829906463623,2.95675301551819,4.18362236022949,0.575488
1990-10-13,25.0187358856201,0.58403217792511,3.79961109161377,0.411088
1990-10-14,24.4379482269287,0.55426687002182,3.45475602149963,0.31147
1990-10-15,25.2518939971924,1.79204857349396,3.88593673706055,0.251036
1990-10-16,25.6819725036621,1.98174262046814,3.54329514503479,0.236713
1990-10-17,25.1115703582764,0.956218302249908,4.49176168441772,0.19571
1990-10-18,24.5648765563965,1.71139347553253,3.55622625350952,0.170048
1990-10-19,24.1644630432129,0.647756993770599,3.60773468017578,0.145792
1990-10-20,24.7191753387451,1.11994063854218,3.51830244064331,0.134195
1990-10-21,25.8516387939453,1.48286807537079,3.84346437454224,0.122987
1990-10-22,25.3773803710938,8.64843845367432,2.92375683784485,0.122987
1990-10-23,22.0982856750488,6.86605405807495,1.26501452922821,0.695662
1990-10-24,24.0625667572022,5.39530801773071,2.52838969230652,0.280636
1990-10-25,24.2193126678467,10.5279836654663,2.31799554824829,0.411088
1990-10-26,23.5156650543213,12.9680852890015,2.82477307319641,1.174172
1990-10-27,21.3668994903564,8.40958881378174,0.822409868240356,1.274764
1990-10-28,23.3620719909668,22.5880317687988,2.35151267051697,2.029085
1990-10-29,23.0270099639893,8.30251121520996,3.47330832481384,1.954134
1990-10-30,24.0149574279785,6.08683061599731,3.62383484840393,1.856181
1990-10-31,24.7685699462891,0.905447125434875,4.34078645706177,1.274764
1990-11-01,24.6028537750244,0.100468777120113,4.32831811904907,0.664678
1990-11-02,26.3974132537842,0.00549605209380388,4.72486448287964,0.428701
1990-11-03,25.849536895752,0.0833281949162483,3.53102779388428,0.280636
1990-11-04,25.8275604248047,0.156140744686127,4.1375675201416,0.236713
1990-11-05,25.3877544403076,0.0990187376737595,3.19594407081604,0.19571
1990-11-06,24.6202926635742,0.0453000105917454,4.65313005447388,0.170048
1990-11-07,24.698881149292,5.06012058258057,3.66407608985901,0.182706
1990-11-08,24.4649848937988,5.2277717590332,3.73501825332642,0.157758
1990-11-09,24.8719882965088,0.0403263904154301,3.82366132736206,0.145792
1990-11-10,25.6741790771484,0.113188415765762,4.8018159866333,0.145792
1990-11-11,25.6681632995605,0.00605526519939303,4.55439949035645,0.145792
1990-11-12,26.311918258667,0.0462149791419506,3.99807572364807,0.134195
1990-11-13,25.1038684844971,0.024684265255928,4.27190971374512,0.134195
1990-11-14,24.9739284515381,0.207569479942322,4.67318344116211,0.122987
1990-11-15,25.0028591156006,0.37091663479805,4.53046703338623,0.101674
1990-11-16,24.9914836883545,0.540629327297211,4.17405843734741,0.101674
1990-11-17,25.3831596374512,1.27844476699829,4.90401601791382,0.112146
1990-11-18,25.8384761810303,0.110023945569992,4.49389410018921,0.112146
1990-11-19,25.9106349945068,0.0260732844471931,4.23770618438721,0.101674
1990-11-20,23.6784839630127,0.169707924127579,3.07632684707642,0.091613
1990-11-21,24.1939144134522,0.515737771987915,3.74180245399475,0.134195
1990-11-22,24.3300514221191,2.7763843536377,3.07683205604553,0.134195
1990-11-23,25.4304141998291,1.81240665912628,3.33689045906067,0.101674
1990-11-24,25.6590347290039,4.41051006317139,3.15419435501099,0.101674
1990-11-25,25.8247928619385,0.773099780082703,3.12738275527954,0.101674
1990-11-26,26.1715774536133,0.890513181686401,4.23377466201782,0.091613
1990-11-27,26.8312587738037,1.50050759315491,4.64314413070679,0.101674
1990-11-28,27.4228000640869,9.92496967315674,4.33583354949951,0.134195
1990-11-29,25.4273586273193,22.5096683502197,2.21536469459534,1.193992
1990-11-30,25.1510009765625,56.2182426452637,2.90572667121887,11.788632
1990-12-01,25.3782978057861,22.1412105560303,3.98150324821472,21.451741
1990-12-02,24.6448745727539,3.77996206283569,2.52617073059082,8.420368
1990-12-03,24.849084854126,8.68895435333252,4.15785646438599,5.904767
1990-12-04,24.8849029541016,3.47110867500305,3.64282727241516,2.704993
1990-12-05,24.4558486938477,8.81340503692627,3.59483909606934,2.079738
1990-12-06,23.6732425689697,10.3393602371216,3.07422518730164,5.337825
1990-12-07,23.4554557800293,9.75801277160645,3.80434632301331,5.466005
1990-12-08,25.0889987945557,0.381794929504395,4.34216451644897,2.029085
1990-12-09,25.3639831542969,0.663715362548828,3.67390131950378,1.115578
1990-12-10,24.6737308502197,4.63299608230591,3.28315019607544,1.154482
1990-12-11,25.6390933990479,4.23523807525635,4.11164283752441,1.134944
1990-12-12,26.625997543335,1.20949673652649,4.63510751724243,1.058326
1990-12-13,26.3326282501221,0.119733616709709,4.83842849731445,0.63432
1990-12-14,25.593448638916,0.0889441147446632,5.60973930358887,0.452523
1990-12-15,25.8777828216553,0.024858208373189,5.35280466079712,0.411088
1990-12-16,25.6940746307373,0.0595460683107376,4.36776924133301,0.295891
1990-12-17,25.2730045318604,0.166798934340477,4.06269645690918,0.20906
1990-12-18,24.9338684082031,0.608130276203156,4.08820343017578,0.182706
1990-12-19,25.2258319854736,2.48765015602112,4.2679500579834,0.170048
1990-12-20,25.4495677947998,0.399032413959503,5.01320934295654,0.170048
1990-12-21,25.6303424835205,0.00644723745062947,5.11398220062256,0.145792
1990-12-22,25.8176403045654,1.41052401065826,4.27608633041382,0.145792
1990-12-23,25.1575260162354,0.522659659385681,3.78050947189331,0.182706
1990-12-24,25.3759212493897,0.0771963968873024,4.12370347976685,0.157758
1990-12-25,26.2983493804932,0.365473955869675,4.59612369537354,0.145792
1990-12-26,26.8287353515625,0.185665398836136,5.26210451126099,0.145792
1990-12-27,27.1423110961914,0.700188100337982,5.49029016494751,0.145792
1990-12-28,26.2545413970947,0.0621921643614769,4.65574932098389,0.157758
1990-12-29,27.3831291198731,7.33952808380127,4.30195045471191,0.134195
1990-12-30,22.4018745422363,20.1719036102295,1.33904182910919,0.170048
1990-12-31,22.3288097381592,7.79200172424316,2.33954930305481,0.236713
1991-01-01,23.37815284729,0.838172078132629,2.1696879863739,0.222713
1991-01-02,24.3888683319092,3.71818947792053,3.00663757324219,0.20906
1991-01-03,25.5837421417236,1.51701760292053,4.25514507293701,0.19571
1991-01-04,26.1073741912842,0.228750109672546,4.70772123336792,0.170048
1991-01-05,25.7934455871582,0.111479952931404,3.44376707077026,0.145792
1991-01-06,24.6069240570068,0.286526709794998,2.27444744110107,0.122987
1991-01-07,25.2873058319092,19.004940032959,4.24558591842651,0.122987
1991-01-08,25.3397827148438,1.34323608875275,4.24727058410645,1.213963
1991-01-09,24.2736701965332,0.908856153488159,3.99638438224793,0.711393
1991-01-10,25.7227897644043,0.819742977619171,5.12482690811157,0.428701
1991-01-11,26.4751205444336,5.30501413345337,5.0931601524353,0.251036
1991-01-12,25.7459678649902,1.56778562068939,2.86493277549744,0.19571
1991-01-13,25.7035446166992,15.6503143310547,2.81925249099731,0.589964
1991-01-14,26.0659904479981,3.07915329933167,4.64915180206299,0.877221
1991-01-15,25.4934959411621,0.390763252973557,2.76075720787048,0.505557
1991-01-16,26.9016151428223,0.0725484937429428,4.64515161514282,0.428701
1991-01-17,26.2871913909912,0.0545254275202751,3.98286581039429,0.265685
1991-01-18,26.1213111877441,1.79768741130829,4.59565114974976,0.20906
1991-01-19,24.9248943328857,3.2027325630188,3.34450435638428,0.170048
1991-01-20,24.7801265716553,3.69047355651855,3.63130688667297,0.145792
1991-01-21,24.6007308959961,1.42709243297577,3.94416356086731,0.145792
1991-01-22,25.7023410797119,1.19776797294617,4.74301910400391,0.134195
1991-01-23,25.9572982788086,0.136107906699181,4.30947923660278,0.134195
1991-01-24,26.1806182861328,0.192839547991753,4.49677515029907,0.122987
1991-01-25,27.1676826477051,0.382312417030334,4.95550346374512,0.122987
1991-01-26,26.9294471740723,0.126236766576767,4.33897113800049,0.112146
1991-01-27,27.6753902435303,0.11297994852066,4.51624155044556,0.101674
1991-01-28,27.3495273590088,0.113656632602215,4.64662742614746,0.101674
1991-01-29,26.4191665649414,0.00946567021310329,5.50067281723023,0.091613
1991-01-30,26.6268329620361,0.0323767960071564,4.62971448898315,0.091613
1991-01-31,26.0852394104004,0.13878732919693,4.52122211456299,0.081962
1991-02-01,26.3885898590088,0.230470299720764,4.92808771133423,0.081962
1991-02-02,25.632116317749,0.155680060386658,4.2247748374939,0.091613
1991-02-03,25.0594863891602,0.297718703746796,4.30738639831543,0.081962
1991-02-04,25.3972301483154,2.17409086227417,3.38962745666504,0.081962
1991-02-05,25.327320098877,3.00001573562622,4.01308345794678,0.081962
1991-02-06,25.4605388641357,1.49638378620148,3.82850527763367,0.091613
1991-02-07,26.1011123657227,5.51368522644043,3.52408242225647,0.122987
1991-02-08,26.3382549285889,11.1378879547119,4.07948207855225,0.182706
1991-02-09,26.8903255462647,8.73463153839111,4.12744140625,0.145792
1991-02-10,27.2437858581543,0.0248739141970873,5.05573225021362,0.157758
1991-02-11,27.4043827056885,0.00643724575638771,5.39512825012207,0.145792
1991-02-12,27.6034450531006,0.186825379729271,5.12568807601929,0.122987
1991-02-13,28.3282203674316,0.0559748634696007,4.70834732055664,0.122987
1991-02-14,26.8233795166016,0.505340218544006,3.41912484169006,0.101674
1991-02-15,27.541467666626,1.20858585834503,3.76952266693115,0.101674
1991-02-16,26.9960498809814,1.26905977725983,4.36395692825317,0.101674
1991-02-17,26.3872966766357,0.248852878808975,4.17236471176147,0.081962
1991-02-18,26.5931205749512,0.0538083575665951,4.16099643707275,0.081962
1991-02-19,27.1648063659668,0.0648514330387116,4.48353052139282,0.081962
1991-02-20,27.8031463623047,0.0275451019406319,4.61896991729736,0.081962
1991-02-21,26.8546829223633,1.13874685764313,3.78709578514099,0.072723
1991-02-22,26.9007186889648,1.54089367389679,4.20589590072632,0.063895
1991-02-23,27.7166156768799,0.0694757550954819,4.84819173812866,0.063895
1991-02-24,26.247974395752,0.811590850353241,5.17734050750732,0.063895
1991-02-25,26.2171764373779,0.64801549911499,3.28476119041443,0.072723
1991-02-26,25.8233051300049,2.05245590209961,2.78930974006653,0.081962
1991-02-27,27.6282711029053,6.13684463500977,4.51310253143311,0.081962
1991-02-28,26.7641658782959,2.28294444084168,4.14328861236572,0.134195
1991-03-01,25.8382873535156,1.2141261100769,3.55972146987915,0.101674
1991-03-02,26.1052474975586,1.51771235466003,4.25663948059082,0.101674
1991-03-03,25.3910388946533,2.12796449661255,3.36226439476013,0.101674
1991-03-04,25.6804790496826,1.39591097831726,3.46264481544495,0.081962
1991-03-05,25.1746616363525,4.66279315948486,2.43201065063477,0.081962
1991-03-06,26.8705997467041,9.5172872543335,5.10944414138794,0.122987
1991-03-07,25.4747562408447,2.15037322044373,3.48849701881409,0.145792
1991-03-08,25.3741798400879,3.4229850769043,3.79448223114014,0.101674
1991-03-09,25.6005840301514,9.32667541503906,3.94508576393127,0.081962
1991-03-10,25.6634635925293,4.71848964691162,4.08030843734741,0.091613
1991-03-11,25.5166110992432,3.42160367965698,3.93140459060669,0.112146
1991-03-12,26.4248294830322,0.89281564950943,4.53500843048096,0.101674
1991-03-13,26.4455547332764,0.105498127639294,4.24157238006592,0.063895
1991-03-14,27.3514766693115,0.750244617462158,5.12949180603027,0.033192
1991-03-15,27.4355869293213,7.1385817527771,3.21050548553467,0.157758
1991-03-16,25.0279808044434,13.2472476959229,2.1320583820343,0.295891
1991-03-17,24.3813800811768,2.10674238204956,2.23929214477539,0.101674
1991-03-18,24.4929618835449,1.58465552330017,2.05040979385376,0.072723
1991-03-19,25.4824924468994,1.13423156738281,2.94648933410645,0.145792
1991-03-20,26.3820152282715,4.48515892028809,3.7263514995575,0.452523
1991-03-21,27.0945510864258,0.733090400695801,4.19721698760986,0.343493
1991-03-22,26.4173049926758,0.246936708688736,4.15578317642212,0.157758
1991-03-23,26.1069622039795,0.499027848243713,3.21062469482422,0.091613
1991-03-24,26.5165538787842,2.24251341819763,3.94247126579285,0.055521
1991-03-25,26.3953609466553,0.882533133029938,3.70256662368774,0.040159
1991-03-26,26.3063659667969,0.383459836244583,4.4290132522583,0.026765
1991-03-27,25.7702312469482,0.38718169927597,3.96490001678467,0.01863
1991-03-28,25.2160091400147,0.300551414489746,3.51482057571411,0.040159
1991-03-29,25.5915203094482,5.07659769058228,3.69795393943787,0.040159
1991-03-30,26.1048946380615,0.979335010051727,3.72876167297363,0.033192
1991-03-31,25.810546875,0.566100597381592,3.57051587104797,0.020858
1991-04-01,26.0544815063477,0.846316039562225,3.40742301940918,0.033192
1991-04-02,26.7408294677734,0.142908707261086,3.94799637794495,0.020858
1991-04-03,26.4948139190674,0.852643132209778,3.53652763366699,0.019993
1991-04-04,26.2246532440186,1.78819191455841,3.76085734367371,0.011057
1991-04-05,25.8416175842285,0.650392949581146,3.78982162475586,0.006794
1991-04-06,25.9024295806885,0.165517896413803,2.64061641693115,0.003311
1991-04-07,25.0599193572998,0.437142282724381,2.74047923088074,0.007378
1991-04-08,24.8392772674561,0.324177592992783,3.17374038696289,0.01612
1991-04-09,24.7794704437256,0.598323225975037,2.65428924560547,0.013891
1991-04-10,24.6114616394043,14.9212284088135,1.60695493221283,0.055521
1991-04-11,24.6998996734619,11.1800489425659,2.88014888763428,0.063895
1991-04-12,25.0091457366943,2.55814075469971,2.48043036460876,0.182706
1991-04-13,26.0600299835205,3.08413577079773,3.31558084487915,0.170048
1991-04-14,25.5224342346191,2.13039994239807,3.10204982757568,0.182706
1991-04-15,25.2024955749512,0.999146819114685,3.01817536354065,0.182706
1991-04-16,24.9084739685059,1.07461762428284,3.16799664497376,0.157758
1991-04-17,25.1327419281006,2.00940895080566,3.15185880661011,0.145792
1991-04-18,25.8844699859619,1.40685665607452,3.46448516845703,0.145792
1991-04-19,25.4990558624268,0.335908383131027,3.11458277702332,0.122987
1991-04-20,25.5567092895508,0.586784541606903,3.45262670516968,0.091613
1991-04-21,25.1737480163574,0.441438466310501,3.5860800743103,0.063895
1991-04-22,22.0890369415283,2.38200783729553,1.46815919876099,0.055521
1991-04-23,23.0116157531738,3.4216456413269,2.43639850616455,0.047602
1991-04-24,24.5409355163574,1.4617725610733,3.12238121032715,0.040159
1991-04-25,24.8996734619141,0.641907334327698,2.63899970054626,0.040159
1991-04-26,25.3764343261719,0.943179249763489,2.84194564819336,0.040159
1991-04-27,25.1792526245117,1.32884800434113,2.55277609825134,0.040159
1991-04-28,24.4543838500977,1.17512202262878,2.3806300163269,0.040159
1991-04-29,25.2204170227051,0.0973257347941399,3.219557762146,0.040159
1991-04-30,24.4834022521973,2.14670825004578,3.10627794265747,0.040159
1991-05-01,24.4588508605957,0.90117734670639,2.78844618797302,0.033192
1991-05-02,23.8361911773682,0.0395828410983086,3.19118022918701,0.026765
1991-05-03,22.9996032714844,0.133184731006622,2.81586980819702,0.026765
1991-05-04,22.3639011383057,0.183413341641426,3.23275351524353,0.020858
1991-05-05,22.7079486846924,0.231002107262611,2.68353509902954,0.01863
1991-05-06,23.3297119140625,0.23318275809288,2.54288911819458,0.020858
1991-05-07,24.0542488098145,0.0647520944476128,2.71762084960938,0.011944
1991-05-08,24.513822555542,0.0994513183832169,2.55961751937866,0.007378
1991-05-09,25.1674118041992,0.270336449146271,3.13655471801758,0.007378
1991-05-10,23.8891105651856,0.106188155710697,2.4598753452301,0.009434
1991-05-11,22.6115894317627,0.1503586769104,2.60776376724243,0.014973
1991-05-12,22.7267951965332,0.264020353555679,3.42089223861694,0.009434
1991-05-13,22.5838832855225,0.278096199035645,3.61084508895874,0.005712
1991-05-14,23.0961761474609,0.564381659030914,2.35338282585144,0.004003
1991-05-15,23.2934799194336,0.166948333382607,2.75201392173767,0.002726
1991-05-16,23.8513278961182,0.157121956348419,2.22940444946289,0.004003
1991-05-17,23.7306747436523,0.379930913448334,2.28186726570129,0.004003
1991-05-18,22.5675411224365,3.48847246170044,1.19171130657196,0.009434
1991-05-19,22.5705680847168,24.4799823760986,1.48365306854248,0.033192
1991-05-20,22.7782440185547,17.2957572937012,1.359992146492,0.072723
1991-05-21,22.8001232147217,21.5060539245605,1.35717701911926,2.560412
1991-05-22,23.7876377105713,21.2335147857666,1.35941767692566,5.253245
1991-05-23,24.109733581543,0.485419362783432,2.78823328018189,1.274764
1991-05-24,24.4936065673828,4.8248028755188,2.76026773452759,0.727274
1991-05-25,24.1565704345703,2.16778969764709,2.6294858455658,0.478726
1991-05-26,23.6404247283936,4.16328001022339,2.24523067474365,0.295891
1991-05-27,23.4952697753906,2.0295901298523,2.57452178001404,0.222713
1991-05-28,23.7541961669922,8.7386417388916,2.65881133079529,0.170048
1991-05-29,22.930721282959,5.07571268081665,2.2010657787323,0.170048
1991-05-30,23.6328182220459,5.70235824584961,2.78844571113586,0.182706
1991-05-31,23.0227279663086,7.1149525642395,2.36868858337402,0.411088
1991-06-01,23.1706771850586,8.54113483428955,2.42427182197571,0.492055
1991-06-02,22.8114719390869,7.685959815979,1.72672593593597,0.519231
1991-06-03,22.57887840271,12.4758176803589,2.55006456375122,1.213963
1991-06-04,22.1654510498047,1.93284213542938,1.85528349876404,1.096343
1991-06-05,21.7544498443604,6.44202756881714,2.35625624656677,0.825854
1991-06-06,22.0832214355469,0.461395621299744,2.5190417766571,0.547035
1991-06-07,22.8285102844238,1.28245973587036,1.45614039897919,0.411088
1991-06-08,23.4009513854981,4.95968437194824,2.06178379058838,1.154482
1991-06-09,23.3469753265381,1.93233740329742,2.48393249511719,1.077259
1991-06-10,22.5937595367432,2.19199419021606,2.70007419586182,0.465549
1991-06-11,21.2349472045898,0.508034765720367,2.64109373092651,0.295891
1991-06-12,22.0921020507813,0.541386544704437,2.2397243976593,0.19571
1991-06-13,22.0618724822998,0.285350263118744,2.26269149780273,0.170048
1991-06-14,22.5706214904785,0.483527690172195,1.99727249145508,0.145792
1991-06-15,22.3582859039307,1.36603724956512,2.61096239089966,0.145792
1991-06-16,22.3113136291504,5.39554214477539,1.54477560520172,0.157758
1991-06-17,22.7923851013184,4.43505144119263,2.19286775588989,0.31147
1991-06-18,22.2245140075684,0.620908737182617,2.56080293655396,0.265685
1991-06-19,23.92431640625,3.74313426017761,2.43269443511963,0.251036
1991-06-20,23.4203491210938,1.22774362564087,2.29777121543884,0.236713
1991-06-21,23.5711917877197,1.78737616539001,2.45162224769592,0.222713
1991-06-22,23.1055183410645,0.812883794307709,2.39891624450684,0.251036
1991-06-23,23.164098739624,1.05238795280457,2.72825264930725,0.295891
1991-06-24,20.7581996917725,0.593305468559265,1.55383896827698,0.157758
1991-06-25,21.6829681396484,7.81945848464966,2.14209914207459,0.145792
1991-06-26,21.1562919616699,0.477162152528763,1.96294772624969,0.145792
1991-06-27,22.5485954284668,4.86747789382935,2.44006133079529,0.145792
1991-06-28,21.9598064422607,3.32566094398499,2.29619288444519,0.170048
1991-06-29,21.4527282714844,0.406904995441437,2.09673738479614,0.182706
1991-06-30,22.3008270263672,0.359261780977249,2.3614866733551,0.170048
1991-07-01,21.9295482635498,0.811500728130341,1.72806632518768,0.182706
1991-07-02,21.7193489074707,8.82621288299561,2.20691013336182,0.20906
1991-07-03,21.2476863861084,0.350396424531937,2.06241679191589,0.222713
1991-07-04,22.3619594573975,0.362618654966354,2.5137038230896,0.20906
1991-07-05,22.1599044799805,0.13365226984024,2.45564484596252,0.170048
1991-07-06,22.0285091400147,0.89250248670578,1.94543433189392,0.170048
1991-07-07,21.4356670379639,0.299904495477676,2.06575441360474,0.145792
1991-07-08,20.4615249633789,0.363274067640305,2.48526978492737,0.134195
1991-07-09,20.1316967010498,0.0547058321535587,2.7994487285614,0.112146
1991-07-10,21.4619369506836,0.158059403300285,1.93529713153839,0.101674
1991-07-11,21.6636753082275,0.0549201220273972,3.14257192611694,0.101674
1991-07-12,22.5410194396973,0.108786575496197,2.39502239227295,0.101674
1991-07-13,22.7045021057129,0.492846637964249,2.56402802467346,0.101674
1991-07-14,22.0879764556885,0.880544364452362,2.00424957275391,0.101674
1991-07-15,22.0743827819824,2.92061471939087,2.79857158660889,0.091613
1991-07-16,22.371410369873,1.33741354942322,2.28106904029846,0.091613
1991-07-17,21.932580947876,6.14117479324341,2.21020340919495,0.091613
1991-07-18,21.9140033721924,4.70230770111084,2.28828287124634,0.122987
1991-07-19,22.0041179656982,4.63558101654053,1.98476696014404,0.19571
1991-07-20,20.487268447876,11.7589406967163,2.18756604194641,0.19571
1991-07-21,20.0683326721191,4.4971399307251,1.87062382698059,0.251036
1991-07-22,20.3635196685791,3.55690860748291,2.1205940246582,0.280636
1991-07-23,20.9814376831055,4.87210178375244,2.3374547958374,0.343493
1991-07-24,20.6039218902588,1.27285254001617,2.42912673950195,0.280636
1991-07-25,21.3045654296875,0.855203866958618,2.53394508361816,0.20906
1991-07-26,20.3323993682861,1.02878701686859,2.55311632156372,0.170048
1991-07-27,21.5836372375488,0.56328409910202,2.69229912757874,0.145792
1991-07-28,20.3470401763916,2.85673356056213,2.2172064781189,0.122987
1991-07-29,19.8085079193115,5.7016921043396,1.78269875049591,0.134195
1991-07-30,20.7429943084717,3.68958592414856,2.54289627075195,0.145792
1991-07-31,21.3983764648438,2.10659122467041,2.28245115280151,0.157758
1991-08-01,22.3581027984619,1.2315708398819,2.71299934387207,0.170048
1991-08-02,21.5858020782471,0.657265901565552,2.33027315139771,0.134195
1991-08-03,21.7768859863281,3.09308338165283,2.34443068504334,0.122987
1991-08-04,19.6707458496094,0.501151442527771,1.20190143585205,0.122987
1991-08-05,19.7644195556641,0.484383642673492,2.17407250404358,0.101674
1991-08-06,19.7560787200928,0.270280092954636,2.66975426673889,0.101674
1991-08-07,20.7346172332764,0.0135666849091649,2.31087017059326,0.101674
1991-08-08,21.0704803466797,0.0159364901483059,2.50274896621704,0.101674
1991-08-09,21.4673500061035,0.0212470814585686,2.56061148643494,0.101674
1991-08-10,21.3573837280273,0.208412200212479,2.79328393936157,0.101674
1991-08-11,21.7497310638428,0.0166217647492886,2.79799389839172,0.101674
1991-08-12,20.9897079467773,0.295212000608444,2.31423020362854,0.091613
1991-08-13,22.4308586120605,1.48342311382294,2.79863238334656,0.081962
1991-08-14,22.4676094055176,5.89096927642822,2.66884303092957,0.081962
1991-08-15,20.6401100158691,0.951160609722137,3.20899891853333,0.063895
1991-08-16,18.7211017608643,2.83216023445129,2.68685102462769,0.072723
1991-08-17,19.186372756958,2.93080544471741,2.41156077384949,0.101674
1991-08-18,20.0568504333496,2.89809107780457,2.6867413520813,0.101674
1991-08-19,20.5304183959961,2.23526215553284,2.36425518989563,0.112146
1991-08-20,20.9499683380127,11.9221973419189,1.85863351821899,0.222713
1991-08-21,20.0587768554688,7.56859874725342,1.66902840137482,0.825854
1991-08-22,20.2500228881836,2.31807374954224,2.16948580741882,0.619369
1991-08-23,20.6823806762695,8.28653335571289,2.60413432121277,0.575488
1991-08-24,21.2408351898193,0.629217088222504,2.6188063621521,0.575488
1991-08-25,21.1078395843506,0.958398103713989,2.90639495849609,0.393756
1991-08-26,21.6764736175537,0.189940318465233,3.41965985298157,0.295891
1991-08-27,22.3245811462402,1.93945610523224,2.93169212341309,0.280636
1991-08-28,21.4055061340332,1.46939659118652,2.98084783554077,0.295891
1991-08-29,21.0952835083008,0.352306872606277,2.90765857696533,0.222713
1991-08-30,20.3127994537354,0.0318388342857361,2.71009206771851,0.182706
1991-08-31,21.0851268768311,0.0528061985969544,2.77908825874329,0.157758
1991-09-01,21.1942749023438,0.126508012413979,2.84001183509827,0.145792
1991-09-02,20.9864177703857,0.45660787820816,3.29354429244995,0.122987
1991-09-03,20.1699905395508,3.94432258605957,1.2726583480835,0.122987
1991-09-04,19.3627262115479,3.32860255241394,2.03656649589539,0.122987
1991-09-05,19.4870262145996,0.475715190172195,2.00381684303284,0.157758
1991-09-06,19.6918563842773,0.409819900989532,2.50656199455261,0.157758
1991-09-07,19.1281566619873,0.01929278858006,3.12237286567688,0.145792
1991-09-08,19.2650508880615,0.00627598213031888,3.30447554588318,0.122987
1991-09-09,21.358377456665,0.00575532438233495,3.36582612991333,0.134195
1991-09-10,21.0649318695068,0.100611984729767,2.51387310028076,0.134195
1991-09-11,23.0771350860596,1.27658236026764,2.29897022247314,0.134195
1991-09-12,23.7903900146484,0.198269307613373,3.19568085670471,0.122987
1991-09-13,22.6260623931885,0.43369522690773,2.56073427200317,0.122987
1991-09-14,23.7905902862549,0.0697185546159744,3.28951334953308,0.101674
1991-09-15,24.3129081726074,0.0217821132391691,4.0938982963562,0.101674
1991-09-16,23.7210311889648,0.0127730406820774,4.25863933563232,0.101674
1991-09-17,23.0974102020264,0.358544081449509,3.1093442440033,0.081962
1991-09-18,23.9153575897217,1.17623472213745,3.83996200561523,0.081962
1991-09-19,23.3477993011475,0.0425358079373837,3.10082697868347,0.081962
1991-09-20,23.9617233276367,0.156210690736771,3.21187806129456,0.072723
1991-09-21,22.9254856109619,1.90584981441498,2.1547212600708,0.063895
1991-09-22,21.8687896728516,2.99772167205811,0.707649648189545,0.081962
1991-09-23,22.7329025268555,10.4629707336426,1.58307063579559,0.081962
1991-09-24,24.2047863006592,0.801584243774414,3.27436065673828,0.101674
1991-09-25,24.233907699585,0.338571339845657,3.52956080436707,0.122987
1991-09-26,24.6970081329346,1.39804637432098,3.30865097045898,0.134195
1991-09-27,21.7596092224121,0.561796426773071,1.35677599906921,0.101674
1991-09-28,22.4486770629883,2.32519865036011,2.61670970916748,0.112146
1991-09-29,23.6094036102295,0.313205510377884,3.00876402854919,0.101674
1991-09-30,26.1933860778809,0.0540325902402401,4.52892160415649,0.101674
1991-10-01,26.5386734008789,0.0337036475539207,3.89053130149841,0.081962
1991-10-02,26.0535869598389,0.385682940483093,3.20984506607056,0.081962
1991-10-03,25.4529781341553,0.128069296479225,4.19569444656372,0.072723
1991-10-04,24.2958545684814,0.033315371721983,2.91623258590698,0.063895
1991-10-05,23.7121677398682,5.31075191497803,2.87448477745056,0.072723
1991-10-06,24.7358798980713,0.136041447520256,4.50441265106201,0.091613
1991-10-07,25.6610641479492,0.703790664672852,4.77550840377808,0.081962
1991-10-08,22.4913120269775,2.38219499588013,1.06466138362885,0.081962
1991-10-09,21.7854671478272,5.68319749832153,1.93156516551971,0.122987
1991-10-10,22.9300346374512,6.48597860336304,2.82874417304993,0.134195
1991-10-11,23.5891857147217,0.122494079172611,4.70534372329712,0.157758
1991-10-12,24.072452545166,0.109817914664745,3.53590869903564,0.157758
1991-10-13,23.9661884307861,0.245565235614777,4.52227687835693,0.134195
1991-10-14,23.0747222900391,0.73220819234848,2.93461680412293,0.134195
1991-10-15,22.9900169372559,3.36791896820068,3.43285012245178,0.112146
1991-10-16,23.5061168670654,1.92739462852478,4.44160604476929,0.112146
1991-10-17,24.6705570220947,0.220950603485107,4.01292562484741,0.112146
1991-10-18,24.9603290557861,0.140071123838425,4.03336381912231,0.101674
1991-10-19,23.6636486053467,1.216681599617,3.36367917060852,0.081962
1991-10-20,23.9805946350098,4.23223829269409,4.55722904205322,0.091613
1991-10-21,22.3957481384277,5.34956550598145,2.77989840507507,0.122987
1991-10-22,21.8417835235596,3.89363384246826,3.53546380996704,0.145792
1991-10-23,22.3944149017334,3.66623163223267,3.14206385612488,0.157758
1991-10-24,22.7108745574951,4.57535266876221,3.27131748199463,0.157758
1991-10-25,22.5554790496826,14.9431667327881,3.3179714679718,0.236713
1991-10-26,22.742094039917,6.09424686431885,3.03422498703003,0.222713
1991-10-27,22.9361419677734,7.2212290763855,2.95352506637573,0.393756
1991-10-28,24.0494689941406,3.73725986480713,3.83284783363342,0.439693
1991-10-29,23.935697555542,2.73741030693054,4.02558374404907,0.428701
1991-10-30,23.9258995056152,0.651942849159241,4.05974388122559,0.265685
1991-10-31,24.7710590362549,0.126699477434158,4.44811010360718,0.170048
1991-11-01,25.6136035919189,0.00479927472770214,4.36285829544067,0.134195
1991-11-02,25.5065021514893,0.0140350162982941,4.15726470947266,0.134195
1991-11-03,25.5452098846436,0.227885395288467,2.68833088874817,0.122987
1991-11-04,24.895055770874,19.293514251709,2.29083895683289,0.619369
1991-11-05,25.0279331207275,9.65676784515381,2.85762667655945,0.359959
1991-11-06,25.1248683929443,6.61356544494629,4.0035343170166,0.236713
1991-11-07,25.4462051391602,0.148847311735153,5.18313217163086,0.20906
1991-11-08,25.8146133422852,0.289553910493851,5.04661130905151,0.182706
1991-11-09,24.8503665924072,2.76193165779114,2.04681205749512,0.145792
1991-11-10,25.1575756072998,19.2211036682129,2.69726848602295,0.492055
1991-11-11,24.4975395202637,35.2002944946289,2.25024175643921,12.243254
1991-11-12,23.5148143768311,16.4833126068115,0.913416266441345,6.130834
1991-11-13,24.1052112579346,14.9136629104614,2.30334901809692,5.04492
1991-11-14,25.0247554779053,2.05386853218079,3.76079678535461,3.780217
1991-11-15,25.2893695831299,0.37804526090622,3.41325616836548,1.808038
1991-11-16,25.1027507781982,1.43197298049927,2.76862549781799,0.859955
1991-11-17,24.5870342254639,3.28991198539734,1.23833668231964,0.547035
1991-11-18,25.1138610839844,46.8552513122559,2.08732342720032,11.788632
1991-11-19,25.4517784118652,4.83227205276489,3.2696316242218,7.942486
1991-11-20,26.3210754394531,1.61772561073303,4.00004100799561,1.929445
1991-11-21,25.2427940368652,4.65246295928955,2.71784353256226,1.077259
1991-11-22,21.5934638977051,37.3407554626465,0.87240469455719,17.053063
1991-11-23,22.4860057830811,23.0259342193604,1.54990243911743,35.180594
1991-11-24,23.3341045379639,4.71778678894043,2.4866087436676,7.734789
1991-11-25,23.9905128479004,2.6165771484375,3.04660153388977,2.28789
1991-11-26,24.080997467041,1.61956512928009,3.22997212409973,1.53108
1991-11-27,24.8229351043701,0.866481244564056,4.43692636489868,1.234086
1991-11-28,25.7561550140381,0.0523976385593414,4.13663387298584,0.759514
1991-11-29,23.9165134429932,3.41018533706665,3.25413227081299,0.561186
1991-11-30,24.7332382202148,1.34763836860657,4.01489210128784,0.547035
1991-12-01,26.1721992492676,0.757003724575043,4.68853902816773,0.452523
1991-12-02,25.1703014373779,16.8473949432373,1.70407903194428,1.553367
1991-12-03,23.7335948944092,20.7481803894043,1.23444724082947,3.851448
1991-12-04,23.349479675293,41.9964294433594,1.92225086688995,18.650916
1991-12-05,24.7799873352051,3.1931574344635,3.81323051452637,12.841008
1991-12-06,25.1810340881348,0.92154860496521,3.74891996383667,3.202825
1991-12-07,25.246675491333,0.0284256581217051,4.41874217987061,1.486918
1991-12-08,25.4491882324219,0.0270736198872328,3.37227082252502,0.894661
1991-12-09,25.4820919036865,0.0277727879583836,2.98155045509338,0.604591
1991-12-10,25.9843769073486,0.0428098849952221,3.24603867530823,0.505557
1991-12-11,26.4183502197266,2.39753985404968,2.79578876495361,0.359959
1991-12-12,26.1417369842529,3.53766322135925,3.44032073020935,0.31147
1991-12-13,26.4990386962891,2.16179776191711,3.85940980911255,0.393756
1991-12-14,26.5032844543457,0.613590896129608,4.84909820556641,0.452523
1991-12-15,26.1865043640137,0.0234256405383348,4.56995868682861,0.465549
1991-12-16,25.9630527496338,0.038081593811512,4.26374578475952,0.280636
1991-12-17,26.1232719421387,0.0437280125916004,4.21602010726929,0.20906
1991-12-18,26.451602935791,0.00516426842659712,4.8636736869812,0.170048
1991-12-19,26.1258201599121,0.0446147993206978,4.71984624862671,0.157758
1991-12-20,26.0273323059082,0.0923576578497887,4.65615034103394,0.134195
1991-12-21,25.6364822387695,0.0156132895499468,5.07859325408936,0.145792
1991-12-22,25.5620574951172,0.164032325148582,3.9166419506073,0.145792
1991-12-23,26.2242774963379,1.42893087863922,4.34663915634155,0.134195
1991-12-24,26.5315055847168,0.0372541658580303,4.66027975082398,0.122987
1991-12-25,26.8077983856201,0.200879365205765,3.92610836029053,0.122987
1991-12-26,26.2689571380615,0.194415420293808,4.84928321838379,0.122987
1991-12-27,26.1443176269531,0.00623903190717101,4.94638872146606,0.112146
1991-12-28,25.6834907531738,0.0952838510274887,5.05000591278076,0.112146
1991-12-29,25.1176300048828,0.110225349664688,4.29127264022827,0.101674
1991-12-30,26.0293827056885,0.147068753838539,3.93054246902466,0.101674
1991-12-31,25.8328113555908,4.6150164604187,3.65863966941834,0.101674
1992-01-01,25.5045146942139,1.89856469631195,3.34327244758606,0.112146
1992-01-02,25.6424655914307,0.956967115402222,3.82255530357361,0.122987
1992-01-03,25.0318222045898,0.531753897666931,4.89624452590942,0.101674
1992-01-04,25.9498558044434,0.117036454379559,5.47945976257324,0.101674
1992-01-05,26.3814964294434,0.0234143119305372,5.29027080535889,0.101674
1992-01-06,25.9251518249512,0.0608264170587063,4.41862297058105,0.101674
1992-01-07,26.6642208099365,1.71964550018311,3.77738332748413,0.101674
1992-01-08,25.9231777191162,3.10903215408325,3.31884837150574,0.101674
1992-01-09,26.3944969177246,3.70085763931274,3.30458784103394,1.058326
1992-01-10,25.7744560241699,11.4076614379883,3.22411870956421,0.743329
1992-01-11,24.2617111206055,29.3495807647705,1.94289469718933,0.428701
1992-01-12,23.8974609375,10.4850988388062,0.829716503620148,1.621113
1992-01-13,25.0166072845459,13.0423345565796,2.25564050674439,0.711393
1992-01-14,24.2835083007813,16.4741897583008,1.75281810760498,0.63432
1992-01-15,23.0244750976563,13.3276805877686,1.45203077793121,0.877221
1992-01-16,23.7287483215332,13.4572105407715,1.61393916606903,0.743329
1992-01-17,25.7069454193115,1.3904937505722,4.82463312149048,0.984066
1992-01-18,25.6385250091553,1.66910266876221,2.9414587020874,0.680083
1992-01-19,25.2484283447266,0.539474368095398,2.71160864830017,0.575488
1992-01-20,25.8546009063721,0.549177944660187,3.80478119850159,0.411088
1992-01-21,26.5659828186035,1.72196483612061,3.97572612762451,0.222713
1992-01-22,26.0751838684082,3.84778642654419,3.29500842094421,0.343493
1992-01-23,25.6150875091553,4.48813629150391,3.57268452644348,0.428701
1992-01-24,25.33740234375,4.3799901008606,2.04516553878784,0.376706
1992-01-25,24.6980228424072,9.30564785003662,1.8678879737854,0.32733
1992-01-26,24.4196586608887,19.4292659759522,1.44670462608337,0.965891
1992-01-27,23.4886932373047,22.6235942840576,0.807195603847504,1.667006
1992-01-28,23.1564750671387,80.1085052490234,0.62500011920929,29.305383
1992-01-29,23.5226020812988,26.2108688354492,0.81240314245224,34.274703
1992-01-30,22.5080032348633,28.0922470092773,0.623071372509003,19.062112
1992-01-31,22.8032188415527,7.21787691116333,1.56731677055359,6.407965
1992-02-01,22.6808185577393,9.6220874786377,1.37938439846039,5.99467
1992-02-02,22.4619178771973,8.78946685791016,1.03924345970154,2.559027
1992-02-03,22.0763931274414,23.6708488464355,0.742202043533325,2.286656
1992-02-04,22.3559131622314,16.9769268035889,0.530105590820313,5.552338
1992-02-05,22.8508396148682,29.5451602935791,1.27538251876831,34.500013
1992-02-06,21.7858715057373,19.3907794952393,0.788956642150879,19.983279
1992-02-07,22.3085842132568,12.6315240859985,1.11950623989105,5.04492
1992-02-08,22.3157558441162,13.2655897140503,1.1716080904007,3.887322
1992-02-09,22.6193866729736,7.97624588012695,1.27848482131958,3.959591
1992-02-10,23.3649806976318,5.24533748626709,2.97600221633911,3.367442
1992-02-11,22.2852039337158,14.2335052490234,1.38069307804108,4.485076
1992-02-12,22.1009864807129,20.9244403839111,1.92039096355438,17.131174
1992-02-13,24.1995830535889,9.66941452026367,4.27533054351807,14.365164
1992-02-14,24.3165893554688,6.15337419509888,3.00672721862793,4.681067
1992-02-15,24.4863529205322,9.89829921722412,3.92225122451782,7.128943
1992-02-16,24.972541809082,3.41538739204407,4.12914562225342,3.268148
1992-02-17,24.8500595092773,6.22486305236816,3.01041173934937,3.367442
1992-02-18,24.8200492858887,3.62178063392639,3.92720556259155,1.689249
1992-02-19,24.9122314453125,1.47003901004791,3.79462075233459,1.193343
1992-02-20,25.3692169189453,2.16782689094543,4.09931230545044,0.947348
1992-02-21,25.4353446960449,1.62649893760681,4.12746667861939,0.876767
1992-02-22,25.0373573303223,2.49407458305359,3.38814187049866,0.808609
1992-02-23,24.7378673553467,4.05004692077637,3.64107203483582,0.633974
1992-02-24,24.8347587585449,4.49676036834717,3.53755307197571,0.619044
1992-02-25,24.8924560546875,0.770549476146698,3.40568113327026,0.51895
1992-02-26,25.0532379150391,0.193864837288857,3.56596899032593,0.505297
1992-02-27,26.5606212615967,0.38114532828331,4.09921073913574,0.391052
1992-02-28,26.0049953460693,0.39846795797348,4.84536981582642,0.331311
1992-02-29,25.9147071838379,15.5288791656494,4.79610633850098,0.294008
1992-03-01,25.17409324646,0.082026869058609,4.22034358978272,0.225634
1992-03-02,25.4103050231934,0.592872262001038,4.19213008880615,0.194585
1992-03-03,25.5299644470215,0.0463300049304962,4.34430551528931,0.194585
1992-03-04,25.1035385131836,0.185423955321312,3.58311772346497,0.194585
1992-03-05,25.8673000335693,0.1891910135746,4.01723051071167,0.17985
1992-03-06,24.5656757354736,0.315550088882446,3.16445994377136,0.165634
1992-03-07,25.9564418792725,0.759240090847015,3.76207447052002,0.138868
1992-03-08,25.4673328399658,0.47899404168129,4.02042245864868,0.138868
1992-03-09,24.8407878875732,0.962685525417328,3.45782971382141,0.138868
1992-03-10,25.062780380249,2.80084991455078,3.19284200668335,0.126297
1992-03-11,24.7987842559814,7.55463695526123,3.44532990455627,0.209839
1992-03-12,25.0465049743652,5.88346767425537,2.67169094085693,0.225634
1992-03-13,25.6196746826172,5.40967464447022,3.71028900146484,0.258783
1992-03-14,26.199878692627,5.82584714889526,3.43316984176636,0.331311
1992-03-15,25.8826694488525,3.51585650444031,3.31945323944092,0.433374
1992-03-16,25.6432762145996,2.53430676460266,3.70923686027527,0.350698
1992-03-17,26.5441284179688,2.79498338699341,4.16908550262451,0.294008
1992-03-18,25.8276214599609,0.344075828790665,3.50383949279785,0.294008
1992-03-19,25.0395832061768,0.59485650062561,3.28228092193604,0.241949
1992-03-20,24.4776077270508,0.804536938667297,2.81163144111633,0.194585
1992-03-21,24.5063247680664,4.09068441390991,2.53206825256348,0.194585
1992-03-22,25.1338958740234,1.51532125473022,3.83005237579346,0.17985
1992-03-23,24.3953895568848,2.38605809211731,2.62875938415527,0.17985
1992-03-24,24.1799869537354,6.01585531234741,3.24773001670837,0.276136
1992-03-25,25.2844371795654,4.65817213058472,3.55633902549744,0.66431
1992-03-26,25.0189342498779,1.57793140411377,3.28616237640381,0.711003
1992-03-27,25.0776596069336,1.91736948490143,3.27668809890747,0.546732
1992-03-28,25.1039600372314,3.51662945747376,3.55493521690369,0.532755
1992-03-29,24.9903507232666,1.5338522195816,2.8578987121582,0.477709
1992-03-30,25.2029895782471,2.14697265625,3.33331656455994,0.491795
1992-03-31,24.5922832489014,0.707910716533661,2.44780826568604,0.3124
1992-04-01,24.7649211883545,4.76425933837891,3.12901854515076,0.258783
1992-04-02,25.2171764373779,5.91544055938721,3.25110578536987,0.633974
1992-04-03,25.4008541107178,0.335881173610687,3.49249029159546,0.331311
1992-04-04,25.517614364624,0.090596616268158,3.71492290496826,0.241949
1992-04-05,25.4882469177246,0.270696550607681,3.49479222297668,0.138868
1992-04-06,25.5531558990479,0.514789283275604,2.89614510536194,0.138868
1992-04-07,26.1531867980957,0.012726959772408,3.37161183357239,0.126297
1992-04-08,26.5505142211914,0.0181991998106241,3.21210479736328,0.114267
1992-04-09,26.4638957977295,0.766806423664093,3.50801801681519,0.114267
1992-04-10,24.5738983154297,2.13598704338074,3.1387083530426,0.17985
1992-04-11,24.0791721343994,1.53825807571411,2.99117374420166,0.138868
1992-04-12,24.8483276367188,1.74622750282288,2.93605136871338,0.165634
1992-04-13,24.6160526275635,3.69182753562927,3.35703182220459,0.165634
1992-04-14,25.3509368896484,0.212763413786888,3.61933851242065,0.138868
1992-04-15,25.8152751922607,2.61338472366333,3.23326301574707,0.114267
1992-04-16,25.2348117828369,0.600587248802185,2.93169808387756,0.114267
1992-04-17,25.4802894592285,0.132064521312714,3.3323667049408,0.114267
1992-04-18,25.9083003997803,0.0275601949542761,3.67604517936707,0.114267
1992-04-19,26.188606262207,0.255602926015854,3.13649749755859,0.091894
1992-04-20,26.8084678649902,0.430782437324524,3.2532331943512,0.071793
1992-04-21,27.2818546295166,0.104767017066479,3.7347936630249,0.071793
1992-04-22,26.6288623809814,0.272893220186234,2.92455983161926,0.071793
1992-04-23,25.9478912353516,0.0874422192573547,2.9068706035614,0.053964
1992-04-24,25.0793342590332,0.165675565600395,2.52656483650208,0.053964
1992-04-25,25.5699844360352,0.271548986434937,3.31912755966187,0.053964
1992-04-26,25.6164035797119,2.11768126487732,2.80726432800293,0.071793
1992-04-27,25.4022026062012,3.81851196289063,2.87199068069458,0.071793
1992-04-28,25.2080154418945,4.54021835327148,2.85513663291931,0.071793
1992-04-29,25.4497756958008,3.34166312217712,2.51897811889648,0.071793
1992-04-30,26.2667274475098,0.378214687108994,3.03584980964661,0.114267
1992-05-01,25.5229454040527,0.459144920110703,2.53801918029785,0.102799
1992-05-02,25.7167053222656,0.769872188568115,2.83788442611694,0.081551
1992-05-03,24.8999977111816,2.89401531219482,2.68993663787842,0.071793
1992-05-04,24.1660804748535,3.86118078231812,2.18154287338257,0.071793
1992-05-05,24.0660839080811,10.2108039855957,2.51222801208496,0.165634
1992-05-06,24.2915592193604,0.710720956325531,2.98869609832764,0.165634
1992-05-07,24.1147079467773,0.346877545118332,2.93333649635315,0.241949
1992-05-08,25.2168693542481,0.173453494906425,3.0248908996582,0.276136
1992-05-09,25.3470420837402,2.80410861968994,2.70713877677918,0.241949
1992-05-10,25.2173748016357,1.87865972518921,2.85739350318909,0.138868
1992-05-11,24.6552829742432,2.54926657676697,2.55552244186401,0.138868
1992-05-12,24.5048427581787,1.47813415527344,2.25439190864563,0.126297
1992-05-13,24.9184474945068,0.0557481944561005,2.80451011657715,0.114267
1992-05-14,25.0549831390381,0.18442165851593,2.78715348243713,0.091894
1992-05-15,24.2432060241699,0.0039203786291182,3.16079187393189,0.091894
1992-05-16,23.7625675201416,0.00451423181220889,3.17251515388489,0.071793
1992-05-17,24.1686000823975,0.000706138554960489,3.53201484680176,0.053964
1992-05-18,24.5260257720947,0.000187730795005336,3.55749702453613,0.053964
1992-05-19,25.7721691131592,0.00159045704640448,3.10967183113098,0.053964
1992-05-20,25.6371269226074,0.00933131203055382,2.81894612312317,0.053964
1992-05-21,24.7526836395264,0.314060598611832,2.70032644271851,0.053964
1992-05-22,23.6820030212402,0.442743957042694,2.3460476398468,0.038514
1992-05-23,23.7940826416016,0.209695890545845,2.81458401679993,0.038514
1992-05-24,22.6305828094482,0.685016214847565,2.46121978759766,0.038514
1992-05-25,22.8528308868408,1.06309974193573,1.85080909729004,0.038514
1992-05-26,22.8052158355713,4.28894519805908,1.74595355987549,0.038514
1992-05-27,23.0880336761475,6.06150913238525,2.58885526657105,0.053964
1992-05-28,23.5621280670166,2.69771218299866,2.42661046981812,0.102799
1992-05-29,23.7173137664795,6.09156799316406,2.48878717422485,0.165634
1992-05-30,23.8682842254639,2.70040488243103,2.71868562698364,0.165634
1992-05-31,23.7821350097656,5.24774742126465,1.89575743675232,0.194585
1992-06-01,23.2477607727051,1.7856936454773,2.39089918136597,0.477709
1992-06-02,23.4216842651367,0.322660982608795,1.86276888847351,0.331311
1992-06-03,23.6896514892578,5.08720684051514,1.87083089351654,0.225634
1992-06-04,24.2701377868652,18.0770988464355,2.27239990234375,0.911754
1992-06-05,23.370023727417,0.20768928527832,2.47062873840332,0.477709
1992-06-06,22.6137676239014,0.154810056090355,2.63184332847595,0.258783
1992-06-07,22.0661277770996,0.217093601822853,2.53055429458618,0.194585
1992-06-08,22.6642322540283,2.55514550209045,2.00034403800964,0.165634
1992-06-09,22.9798259735107,0.753934323787689,2.14703464508057,0.138868
1992-06-10,23.1602439880371,2.0041332244873,2.44950151443481,0.138868
1992-06-11,22.4743785858154,0.349741756916046,2.44328689575195,0.138868
1992-06-12,22.2203884124756,0.215548321604729,2.36807775497437,0.114267
1992-06-13,22.9723377227783,2.7337601184845,2.19957304000855,0.114267
1992-06-14,22.4804782867432,3.12683892250061,2.35209155082703,0.091894
1992-06-15,21.6578693389893,2.29205417633057,2.48704028129578,0.071793
1992-06-16,21.3009090423584,1.29193246364594,2.40535855293274,0.071793
1992-06-17,21.2897357940674,1.11422061920166,1.83394980430603,0.071793
1992-06-18,20.7633590698242,6.19498205184937,1.74075317382813,0.081551
1992-06-19,20.1959457397461,13.3655710220337,0.836098492145538,0.929475
1992-06-20,21.5356731414795,7.87765693664551,1.96002578735352,0.791949
1992-06-21,21.4937591552734,7.41154098510742,1.48502707481384,0.775461
1992-06-22,21.7160892486572,41.6211624145508,1.7457822561264,11.343011
1992-06-23,21.8204002380371,3.60962224006653,2.24595499038696,4.446388
1992-06-24,21.9500617980957,3.62173271179199,2.40811991691589,2.207615
1992-06-25,22.1321887969971,2.58793592453003,2.5688636302948,1.294627
1992-06-26,21.5513706207275,2.85895586013794,1.29603362083435,1.378277
1992-06-27,21.666618347168,18.7125968933105,1.86556708812714,1.464264
1992-06-28,22.0573406219482,2.10088920593262,2.09796357154846,1.233415
1992-06-29,21.8641967773438,0.24595183134079,2.65014004707336,0.726885
1992-06-30,21.7245063781738,0.109403364360332,2.50206875801086,0.51895
1992-07-01,22.7582340240479,2.64846158027649,2.22861075401306,0.350698
1992-07-02,23.3426914215088,0.379332184791565,2.2012300491333,0.258783
1992-07-03,23.1808738708496,1.30291891098022,1.78742551803589,0.276136
1992-07-04,22.3104724884033,6.74068021774292,2.44946956634522,0.3124
1992-07-05,21.7052516937256,4.69384288787842,1.87618708610535,0.370626
1992-07-06,21.3780651092529,9.11329555511475,1.93367993831635,0.695294
1992-07-07,22.2607822418213,2.28273272514343,2.80587792396545,1.038982
1992-07-08,21.4987964630127,2.19187331199646,1.78111350536346,0.842385
1992-07-09,21.9011039733887,2.03036856651306,2.51113510131836,0.560883
1992-07-10,21.0397968292236,1.55414032936096,2.06168651580811,0.391052
1992-07-11,21.1838092803955,5.23222637176514,1.79865777492523,0.391052
1992-07-12,21.3958625793457,7.02813768386841,1.60062789916992,0.742918
1992-07-13,21.3272914886475,1.59092032909393,2.52488970756531,0.775461
1992-07-14,21.3290729522705,0.121173597872257,2.29096364974976,0.546732
1992-07-15,21.4445552825928,0.00463804230093956,2.87855887413025,0.331311
1992-07-16,22.544361114502,0.0270326416939497,2.3071014881134,0.209839
1992-07-17,22.4672241210938,0.112200953066349,2.51665449142456,0.17985
1992-07-18,21.2348117828369,0.88829106092453,2.11232471466064,0.151981
1992-07-19,21.1346778869629,2.88532137870789,2.58227109909058,0.138868
1992-07-20,21.0682106018066,0.428489029407501,2.72251224517822,0.114267
1992-07-21,20.832612991333,0.445519089698792,1.4663667678833,0.114267
1992-07-22,20.5612106323242,3.04054093360901,2.31066823005676,0.114267
1992-07-23,20.2204704284668,0.991645455360413,0.443152457475662,0.114267
1992-07-24,20.5860538482666,7.37607955932617,1.43649518489838,0.114267
1992-07-25,20.5839996337891,2.93557739257813,1.71969747543335,0.165634
1992-07-26,20.5161952972412,7.26902008056641,1.77857661247253,0.66431
1992-07-27,19.6062183380127,3.23695850372314,2.07092237472534,0.759103
1992-07-28,18.8836116790772,0.10497958958149,2.54924249649048,0.560883
1992-07-29,19.9955596923828,0.093988336622715,2.75251650810242,0.491795
1992-07-30,20.022346496582,0.134065613150597,2.34158444404602,0.258783
1992-07-31,20.2420387268066,0.0106679378077388,2.90176701545715,0.209839
1992-08-01,20.6811847686768,0.060851089656353,3.19222664833069,0.165634
1992-08-02,21.6026821136475,0.0110397189855576,3.13188195228577,0.126297
1992-08-03,21.3955478668213,1.01996624469757,2.0411696434021,0.114267
1992-08-04,21.3571796417236,5.01233720779419,2.69388556480408,0.114267
1992-08-05,20.960973739624,0.787440478801727,2.64893341064453,0.114267
1992-08-06,21.3690166473389,1.71116745471954,3.04130578041077,0.194585
1992-08-07,20.2528343200684,2.10396409034729,2.37695932388306,0.225634
1992-08-08,20.9423294067383,6.21631383895874,2.48750782012939,0.225634
1992-08-09,20.4007987976074,4.37285947799683,2.37505793571472,0.491795
1992-08-10,20.1149387359619,7.12466526031494,2.55487322807312,0.560883
1992-08-11,20.2418556213379,1.03856194019318,2.8524317741394,0.51895
1992-08-12,21.4717617034912,5.94061470031738,2.58025860786438,0.505297
1992-08-13,22.0228900909424,1.15432524681091,2.59715604782105,0.433374
1992-08-14,22.8847236633301,0.201962873339653,2.65219664573669,0.3124
1992-08-15,22.0672149658203,1.05816996097565,2.6595299243927,0.225634
1992-08-16,21.873384475708,1.60701370239258,2.49857020378113,0.225634
1992-08-17,21.2872371673584,2.89667677879334,2.52004098892212,0.209839
1992-08-18,20.3451652526855,0.818499743938446,2.30770373344421,0.17985
1992-08-19,20.9342823028564,0.932742774486542,2.10166049003601,0.151981
1992-08-20,21.0223655700684,0.0477065667510033,2.72479748725891,0.138868
1992-08-21,21.5248050689697,0.176937609910965,2.47009491920471,0.114267
1992-08-22,22.0750064849854,0.265038311481476,2.51848363876343,0.114267
1992-08-23,22.2377376556397,0.0703600645065308,3.27687478065491,0.114267
1992-08-24,22.5774593353272,0.155095458030701,3.97386193275452,0.114267
1992-08-25,22.6021194458008,0.30569526553154,2.46627926826477,0.091894
1992-08-26,21.8471088409424,0.384509801864624,2.19665145874023,0.091894
1992-08-27,22.5750770568848,3.14775681495667,2.23753762245178,0.091894
1992-08-28,22.0662593841553,6.31953001022339,2.17492604255676,0.114267
1992-08-29,22.6161327362061,6.08557796478272,2.81215047836304,0.17985
1992-08-30,22.2518329620361,1.40473616123199,3.13863587379456,0.225634
1992-08-31,21.7064952850342,2.89941596984863,2.08331036567688,0.241949
1992-09-01,21.258150100708,8.63531589508057,2.60559105873108,0.619044
1992-09-02,21.645486831665,4.07809209823608,2.3840126991272,0.477709
1992-09-03,22.2509136199951,9.11990356445312,2.96410822868347,1.399568
1992-09-04,22.5908489227295,0.17480006814003,3.64349770545959,1.574961
1992-09-05,22.1824550628662,0.0594633109867573,3.3769474029541,0.575186
1992-09-06,22.3678569793701,0.0472829379141331,3.02156662940979,0.3124
1992-09-07,24.2350883483887,0.485539078712463,3.24962091445923,0.209839
1992-09-08,23.5295028686523,0.39185443520546,2.30715346336365,0.17985
1992-09-09,21.8624305725098,2.07422566413879,1.91449475288391,0.126297
1992-09-10,21.8715305328369,0.356265544891357,2.94432663917542,0.114267
1992-09-11,20.2560520172119,2.63315653800964,2.35342001914978,0.114267
1992-09-12,20.5582866668701,2.24346351623535,2.67038750648499,0.126297
1992-09-13,20.6749935150147,0.648507595062256,2.41989612579346,0.114267
1992-09-14,21.8577117919922,4.55235767364502,2.314528465271,0.138868
1992-09-15,21.9969425201416,12.5180759429932,3.20834445953369,0.209839
1992-09-16,21.9931602478027,3.28400778770447,3.21951484680176,0.331311
1992-09-17,22.0359153747559,0.330127596855164,3.07638335227966,0.258783
1992-09-18,23.0958690643311,0.312336385250092,3.15147280693054,0.258783
1992-09-19,22.5307598114014,0.590229511260986,3.1101770401001,0.209839
1992-09-20,21.65553855896,0.531840920448303,2.75981736183167,0.165634
1992-09-21,22.224063873291,7.87727499008179,3.01393246650696,0.138868
1992-09-22,21.7103271484375,8.5184268951416,3.11216855049133,0.370626
1992-09-23,22.5907669067383,5.4584641456604,3.05725312232971,0.505297
1992-09-24,22.8154983520508,3.45786309242249,3.12515664100647,0.505297
1992-09-25,23.324010848999,2.02390456199646,3.29189348220825,0.433374
1992-09-26,23.7430324554443,0.841483175754547,3.51771545410156,0.331311
1992-09-27,23.6892318725586,0.381125032901764,3.7200493812561,0.225634
1992-09-28,24.0540370941162,0.0526872463524342,4.49452829360962,0.209839
1992-09-29,23.884765625,0.0844507664442062,3.63777327537537,0.165634
1992-09-30,23.218132019043,0.100639976561069,3.83475399017334,0.114267
1992-10-01,23.1033611297607,0.118134155869484,3.87140417098999,0.114267
1992-10-02,23.0780162811279,0.0150724174454808,4.3691258430481,0.091894
1992-10-03,22.8626213073731,0.00539345527067781,4.28111791610718,0.071793
1992-10-04,22.730504989624,0.0149017944931984,4.04785346984863,0.071793
1992-10-05,23.504243850708,0.027934979647398,3.52324295043945,0.071793
1992-10-06,23.3506488800049,0.581446349620819,2.92141437530518,0.071793
1992-10-07,25.5266361236572,0.188805237412453,4.16632652282715,0.071793
1992-10-08,24.7490882873535,0.257122665643692,3.64252233505249,0.053964
1992-10-09,24.7961730957031,0.143622726202011,4.5789999961853,0.053964
1992-10-10,23.9281196594238,0.244219720363617,3.13155937194824,0.053964
1992-10-11,22.1800479888916,1.08390331268311,1.24112868309021,0.053964
1992-10-12,22.8339977264404,7.22645092010498,2.07135057449341,0.071793
1992-10-13,24.9308338165283,0.966840982437134,4.48740577697754,0.071793
1992-10-14,24.9154071807861,0.0249444954097271,4.98504018783569,0.091894
1992-10-15,24.2918834686279,0.109847083687782,3.6361997127533,0.091894
1992-10-16,24.3969421386719,0.113433197140694,4.05494594573975,0.091894
1992-10-17,24.7901973724365,0.0465359352529049,4.37318229675293,0.071793
1992-10-18,24.4157104492188,0.1883854418993,4.03447103500366,0.053964
1992-10-19,24.5191783905029,0.0577687136828899,4.33023500442505,0.053964
1992-10-20,24.5817031860352,0.0598957650363445,4.07254600524902,0.053964
1992-10-21,24.2601261138916,0.0489315576851368,5.36342477798462,0.053964
1992-10-22,25.8316287994385,0.431764960289001,3.40591907501221,0.071793
1992-10-23,24.5969715118408,15.8231525421143,2.51742124557495,0.091894
1992-10-24,23.6163139343262,5.66956996917725,2.34460759162903,0.091894
1992-10-25,23.9653129577637,11.1576089859009,3.49315333366394,0.091894
1992-10-26,23.9912242889404,1.78538846969605,3.80720186233521,0.165634
1992-10-27,24.2291793823242,2.33625841140747,3.70494103431702,0.194585
1992-10-28,24.144495010376,6.97790908813477,3.46010684967041,0.3124
1992-10-29,24.9108695983887,1.97617614269257,3.93486857414246,0.411953
1992-10-30,23.8881130218506,2.45850777626038,1.45755016803741,0.225634
1992-10-31,24.3402099609375,4.4202299118042,3.02284932136536,0.165634
1992-11-01,24.5114936828613,2.96769428253174,3.31804394721985,0.51895
1992-11-02,23.0601005554199,6.17118310928345,1.85015642642975,1.357159
1992-11-03,22.8413562774658,10.6780958175659,0.839697957038879,3.334185
1992-11-04,23.7267627716064,10.3526878356934,2.0825617313385,3.887322
1992-11-05,23.804988861084,10.6171321868896,3.5087194442749,5.380364
1992-11-06,23.0792083740234,1.81056773662567,2.88679671287537,1.378277
1992-11-07,23.2800331115723,6.02029895782471,1.85969984531403,1.233415
1992-11-08,23.9190769195557,9.30163955688477,2.65912532806397,1.294627
1992-11-09,24.4668350219727,2.72874665260315,3.6859233379364,1.076674
1992-11-10,23.9243984222412,0.225568950176239,3.8115119934082,0.742918
1992-11-11,23.4609375,0.172634825110435,3.3326256275177,0.477709
1992-11-12,23.9655704498291,0.39847320318222,4.38162803649902,0.225634
1992-11-13,23.7099494934082,0.196594104170799,3.85421061515808,0.225634
1992-11-14,24.7281723022461,0.888346314430237,4.00878620147705,0.194585
1992-11-15,25.0562591552734,1.8486465215683,4.29332542419434,0.194585
1992-11-16,24.8163776397705,2.60464572906494,4.20003414154053,0.194585
1992-11-17,25.510461807251,0.0110761430114508,4.90414428710938,0.151981
1992-11-18,25.4258728027344,0.09302619099617,4.55631732940674,0.091894
1992-11-19,24.6497116088867,1.54527080059052,1.87497210502625,0.091894
1992-11-20,24.1597537994385,1.91761159896851,2.36273241043091,0.091894
1992-11-21,25.0680503845215,0.885624349117279,2.7845299243927,0.091894
1992-11-22,25.1623668670654,0.0117690376937389,4.79395484924316,0.081551
1992-11-23,25.2226428985596,0.136181399226189,3.9512984752655,0.071793
1992-11-24,25.2214031219482,0.103556402027607,4.18215990066528,0.071793
1992-11-25,24.0474796295166,0.577321469783783,4.69924163818359,0.053964
1992-11-26,25.7867259979248,0.432224988937378,4.65722322463989,0.053964
1992-11-27,25.0688419342041,0.420500844717026,3.93055367469788,0.053964
1992-11-28,24.9383659362793,6.58673000335693,2.88253855705261,0.062597
1992-11-29,22.3684310913086,44.6013069152832,0.835278153419495,4.446388
1992-11-30,21.893497467041,11.641562461853,1.61998915672302,3.138194
1992-12-01,22.5465221405029,11.7031831741333,2.33363389968872,2.734809
1992-12-02,24.0321483612061,4.29219579696655,2.63859820365906,1.953095
1992-12-03,24.902774810791,2.16564345359802,3.17838001251221,1.689249
1992-12-04,24.8764343261719,0.286268204450607,2.43260908126831,0.842385
1992-12-05,24.1741714477539,0.958656311035156,3.11817288398743,0.455293
1992-12-06,24.6165599822998,0.50602662563324,3.8815233707428,0.241949
1992-12-07,25.0992069244385,1.38309979438782,3.888751745224,0.209839
1992-12-08,24.9012928009033,0.156481102108955,3.4439103603363,0.138868
1992-12-09,23.7995853424072,7.86641645431519,2.7297682762146,0.194585
1992-12-10,24.8394260406494,5.17568922042847,4.51278829574585,0.649055
1992-12-11,25.6758327484131,0.828594088554382,4.32514810562134,0.575186
1992-12-12,25.6133251190186,0.200593665242195,2.76247906684876,0.532755
1992-12-13,24.8473243713379,12.0423355102539,1.92987811565399,0.455293
1992-12-14,22.127462387085,31.9583129882813,1.27512466907501,4.88145
1992-12-15,22.2429008483887,19.1627864837647,1.60275268554688,11.982351
1992-12-16,24.4452705383301,1.31983435153961,3.86278748512268,4.143335
1992-12-17,25.2657852172852,2.66417026519775,4.83418655395508,1.643097
1992-12-18,25.4227561950684,0.477247595787048,4.34941339492798,0.947348
1992-12-19,25.9575424194336,0.568369805812836,4.77175760269165,0.604266
1992-12-20,25.9000988006592,0.1369808614254,4.25502109527588,0.3124
1992-12-21,25.116325378418,0.147713884711266,4.42446947097778,0.258783
1992-12-22,24.7932319641113,0.0733568444848061,3.85659432411194,0.194585
1992-12-23,25.3363437652588,0.140561446547508,4.50592517852783,0.126297
1992-12-24,24.3822822570801,0.16250666975975,4.02937173843384,0.114267
1992-12-25,24.7996997833252,0.337106347084045,4.18407249450684,0.114267
1992-12-26,25.423978805542,2.44110774993897,5.02941465377808,0.091894
1992-12-27,24.6004791259766,12.5913591384888,2.10450124740601,0.091894
1992-12-28,23.3892803192139,10.6351089477539,0.9550421833992,0.51895
1992-12-29,23.9906673431397,1.36586618423462,1.85482776165009,1.057742
1992-12-30,24.9080085754395,8.63262844085693,4.37099123001099,2.104145
1992-12-31,24.1502170562744,2.70665788650513,2.99351596832275,1.038982
1993-01-01,23.5010643005371,3.24241018295288,3.58964085578918,0.560883
1993-01-02,24.8526554107666,0.227338850498199,3.90789151191711,0.350698
1993-01-03,24.9313850402832,0.0676203295588493,5.12708950042725,0.258783
1993-01-04,26.6263236999512,0.0369480513036251,5.52418088912964,0.225634
1993-01-05,27.1227798461914,5.08938980102539,5.26906728744507,0.194585
1993-01-06,26.4804401397705,0.150368899106979,4.22594356536865,0.695294
1993-01-07,26.6857089996338,0.114045016467571,4.8260440826416,0.51895
1993-01-08,26.0569953918457,0.0106093278154731,4.9951982498169,0.241949
1993-01-09,25.7613792419434,0.0411595180630684,4.78246450424194,0.091894
1993-01-10,25.0872497558594,0.110936366021633,4.13844060897827,0.081551
1993-01-11,26.2991409301758,0.082412451505661,4.14323902130127,0.071793
1993-01-12,25.8653774261475,0.190551817417145,4.47799777984619,0.071793
1993-01-13,24.9935779571533,0.330720394849777,4.07735252380371,0.071793
1993-01-14,25.179557800293,2.2291271686554,3.86366963386536,0.071793
1993-01-15,24.923849105835,3.46922779083252,4.08071613311768,0.071793
1993-01-16,25.2682132720947,4.23039960861206,4.29083871841431,0.071793
1993-01-17,25.7147560119629,0.519588589668274,4.38309049606323,0.091894
1993-01-18,26.7237071990967,0.367195785045624,5.06238746643066,0.091894
1993-01-19,25.8272953033447,4.74567842483521,3.07225728034973,0.091894
1993-01-20,25.0787391662598,13.3865375518799,2.38686609268189,0.091894
1993-01-21,24.8541698455811,2.80194902420044,3.37126779556274,0.091894
1993-01-22,25.600830078125,4.64230346679688,4.0256495475769,0.091894
1993-01-23,25.3778476715088,0.839181184768677,3.82894134521484,0.546732
1993-01-24,25.5385322570801,0.448612779378891,4.07132577896118,0.350698
1993-01-25,24.4061298370361,0.060647327452898,4.22032594680786,0.209839
1993-01-26,25.0408840179443,0.250123828649521,3.70541906356812,0.114267
1993-01-27,24.7771873474121,1.46346819400787,4.1155571937561,0.091894
1993-01-28,24.4043807983398,0.215693533420563,3.97118139266968,0.091894
1993-01-29,24.762487411499,0.918546259403229,2.86664438247681,0.091894
1993-01-30,24.9324073791504,0.992355704307556,3.82643175125122,0.091894
1993-01-31,25.2247848510742,2.71526956558228,3.42851328849793,0.091894
1993-02-01,24.7343063354492,1.82095193862915,3.92400527000427,0.091894
1993-02-02,24.7242794036865,2.14441585540771,3.68960404396057,0.081551
1993-02-03,25.2446918487549,0.911216974258423,4.35082340240479,0.151981
1993-02-04,25.5179691314697,0.516649305820465,3.91377878189087,0.114267
1993-02-05,25.2874946594238,2.85833668708801,3.63142275810242,0.091894
1993-02-06,25.6100158691406,5.76250076293945,3.75310015678406,0.071793
1993-02-07,25.5488777160645,1.50690937042236,3.80297636985779,0.071793
1993-02-08,25.2560958862305,1.73375630378723,3.03548622131348,0.091894
1993-02-09,25.294376373291,1.54043424129486,3.41995358467102,0.091894
1993-02-10,25.1861534118652,1.56491672992706,3.6482424736023,0.091894
1993-02-11,25.3435077667236,1.01324927806854,3.51631474494934,0.091894
1993-02-12,25.9042472839356,18.8984661102295,4.20383310317993,1.315334
1993-02-13,25.8239116668701,1.0992773771286,3.71934080123901,1.233415
1993-02-14,25.3233413696289,2.6313042640686,2.77899265289307,0.575186
1993-02-15,26.3230171203613,1.36142039299011,4.595290184021,0.225634
1993-02-16,25.7348976135254,2.07444787025452,3.75952625274658,0.209839
1993-02-17,24.7934226989746,8.27579498291016,3.24776530265808,0.370626
1993-02-18,25.47802734375,6.57601881027222,3.81410312652588,0.491795
1993-02-19,24.9228515625,4.27870750427246,3.40414023399353,0.411953
1993-02-20,24.8991394042969,5.20070552825928,3.61084151268005,0.276136
1993-02-21,25.4149036407471,9.36331272125244,3.68129467964172,0.51895
1993-02-22,25.8859481811523,0.641377031803131,4.00484895706177,0.225634
1993-02-23,25.0836791992188,0.297656744718552,3.79639172554016,0.225634
1993-02-24,25.5230903625488,0.529358983039856,4.04992532730103,0.194585
1993-02-25,25.1704235076904,0.5400750041008,3.98205995559692,0.165634
1993-02-26,25.143762588501,0.48725700378418,4.26733064651489,0.138868
1993-02-27,25.6329288482666,0.406871169805527,4.08196115493774,0.126297
1993-02-28,25.4456233978272,0.355614721775055,4.02801752090454,0.102799
1993-03-01,25.5379886627197,0.445862412452698,3.4145131111145,0.091894
1993-03-02,25.0441455841064,0.785760283470154,4.05931997299194,0.091894
1993-03-03,25.115701675415,0.299260884523392,4.27793645858765,0.091894
1993-03-04,25.5217437744141,0.881561875343323,3.98738217353821,0.081551
1993-03-05,25.7249393463135,2.38127541542053,4.27481079101563,0.081551
1993-03-06,25.1119823455811,0.813347637653351,3.63661766052246,0.071793
1993-03-07,26.0553817749023,2.03567218780518,4.36479187011719,0.071793
1993-03-08,26.2678890228272,0.678609609603882,3.97114825248718,0.071793
1993-03-09,25.7966690063477,0.0248999893665314,4.39898300170898,0.071793
1993-03-10,25.8011856079102,0.0125318635255098,4.46852684020996,0.062597
1993-03-11,25.6603660583496,0.149380207061768,5.06383180618286,0.062597
1993-03-12,25.1205062866211,0.154983282089233,3.55803108215332,0.053964
1993-03-13,24.6842727661133,0.178818091750145,4.83362436294556,0.053964
1993-03-14,25.8768482208252,0.00482008419930935,4.90834665298462,0.053964
1993-03-15,25.6302490234375,0.00340033113025129,4.83336210250855,0.045958
1993-03-16,26.3121223449707,0.0282037798315287,4.26874208450317,0.045958
1993-03-17,26.3441791534424,0.02900605276227,4.41260671615601,0.045958
1993-03-18,26.381233215332,0.157209560275078,4.26245260238647,0.038514
1993-03-19,26.2533435821533,0.196776136755943,3.95228457450867,0.038514
1993-03-20,25.4267883300781,0.0825936272740364,4.90148115158081,0.031699
1993-03-21,25.6670303344727,0.0921315923333168,4.36335134506226,0.031699
1993-03-22,26.2583694458008,3.76128005981445,4.30214786529541,0.038514
1993-03-23,24.5575885772705,0.75235378742218,3.4549195766449,0.045958
1993-03-24,25.5125904083252,0.935820460319519,3.8300187587738,0.038514
1993-03-25,26.2421607971191,0.107236549258232,4.63792562484741,0.038514
1993-03-26,26.0079383850098,0.0937981009483337,3.82500743865967,0.038514
1993-03-27,26.3128662109375,0.189446479082108,4.44361352920532,0.038514
1993-03-28,25.6952991485596,0.271658360958099,3.70660042762756,0.038514
1993-03-29,25.9918117523193,0.798849284648895,3.48437905311584,0.038514
1993-03-30,26.5130023956299,0.81196653842926,3.79489469528198,0.031699
1993-03-31,26.8920574188232,0.140927746891975,3.74191975593567,0.031699
1993-04-01,27.3495750427246,0.0289077907800674,4.37525081634522,0.025489
1993-04-02,27.1970729827881,0.170448169112206,4.23299407958984,0.025489
1993-04-03,26.7523593902588,0.0354968570172787,4.0352029800415,0.025489
1993-04-04,26.5149917602539,0.27841317653656,3.69559264183044,0.025489
1993-04-05,26.2995853424072,0.15307742357254,3.08297491073608,0.025489
1993-04-06,26.7854957580566,0.0760944038629532,4.22059488296509,0.019906
1993-04-07,26.4942035675049,0.0157285388559103,4.28710174560547,0.019906
1993-04-08,26.7434749603272,0.00881456956267357,4.64838981628418,0.01863
1993-04-09,27.9144439697266,0.0107635948807001,4.35129547119141,0.01863
1993-04-10,27.5087375640869,0.0119761833921075,3.96281981468201,0.01612
1993-04-11,25.7578392028809,0.415988147258759,2.84220480918884,0.01863
1993-04-12,26.1152153015137,1.50430071353912,3.78528594970703,0.019906
1993-04-13,26.6183433532715,0.578204333782196,3.88567113876343,0.01863
1993-04-14,25.8369026184082,0.366536796092987,3.41887402534485,0.01863
1993-04-15,25.8499431610107,0.44415682554245,2.80431818962097,0.01612
1993-04-16,26.0384159088135,1.01210808753967,3.47698521614075,0.013891
1993-04-17,26.3057823181152,0.0998659953474998,3.8958568572998,0.013891
1993-04-18,25.4679832458496,0.105721488595009,3.11177897453308,0.011944
1993-04-19,25.3690700531006,0.497012615203857,3.20165228843689,0.01863
1993-04-20,25.1055889129639,3.7151186466217,2.6161515712738,0.01612
1993-04-21,25.1210861206055,4.80003356933594,3.36959791183472,0.01863
1993-04-22,25.3232135772705,0.564508378505707,3.13000321388245,0.01863
1993-04-23,25.2353324890137,0.263987064361572,2.97813129425049,0.01863
1993-04-24,25.9013652801514,0.624171674251556,3.01279330253601,0.025489
1993-04-25,26.0700016021729,0.183632254600525,3.29469108581543,0.025489
1993-04-26,26.3930587768555,1.39380538463593,2.85141611099243,0.025489
1993-04-27,25.5889148712158,1.09359538555145,3.2292308807373,0.025489
1993-04-28,24.8902969360352,3.7398042678833,2.28308248519897,0.025489
1993-04-29,24.7970428466797,6.55349493026733,2.58141350746155,0.025489
1993-04-30,24.7879734039307,3.49051141738892,2.8195276260376,0.025489
1993-05-01,24.2191429138184,4.88250541687012,2.62941694259644,0.025489
1993-05-02,24.9234218597412,2.36755609512329,3.20641016960144,0.031699
1993-05-03,24.5208644866943,0.782962083816528,3.02005839347839,0.038514
1993-05-04,25.4455814361572,0.302322626113892,2.85864496231079,0.038514
1993-05-05,25.9400329589844,3.23345351219177,2.54693102836609,0.045958
1993-05-06,26.1154708862305,2.24317264556885,2.96191239356995,0.053964
1993-05-07,25.4054412841797,8.94934272766113,1.87954914569855,0.045958
1993-05-08,24.9375514984131,7.08405303955078,2.74886035919189,0.053964
1993-05-09,25.0803775787354,0.317723006010056,3.50393581390381,0.053964
1993-05-10,24.3747863769531,1.36275732517242,3.05028939247131,0.045958
1993-05-11,22.6092872619629,0.108046777546406,2.97982335090637,0.045958
1993-05-12,23.5943260192871,4.91908359527588,1.87707698345184,0.053964
1993-05-13,24.2734050750732,7.15428018569946,2.59549236297607,0.062597
1993-05-14,24.8832454681397,1.40029752254486,3.52323508262634,0.081551
1993-05-15,26.4025821685791,0.0384126678109169,3.75561046600342,0.062597
1993-05-16,25.2058486938477,0.775187909603119,2.62127470970154,0.062597
1993-05-17,22.8845291137695,5.89485597610474,1.11630201339722,0.062597
1993-05-18,22.4013195037842,16.4239120483398,1.67097723484039,0.102799
1993-05-19,22.0203266143799,1.87226903438568,2.13859748840332,0.114267
1993-05-20,22.8144435882568,0.168675720691681,2.86037826538086,0.126297
1993-05-21,22.0628623962402,0.335305958986282,2.20793581008911,0.138868
1993-05-22,22.3338661193848,0.517365872859955,2.57563400268555,0.138868
1993-05-23,21.8297367095947,0.28218936920166,2.38669919967651,0.114267
1993-05-24,20.5836944580078,0.220444351434708,2.30443024635315,0.091894
1993-05-25,21.2639427185059,0.0217920504510403,3.21211886405945,0.071793
1993-05-26,23.340892791748,0.00200865231454372,3.03184676170349,0.062597
1993-05-27,24.2397117614746,0.215572044253349,2.26104164123535,0.062597
1993-05-28,24.6600971221924,0.0801488384604454,3.05033469200134,0.053964
1993-05-29,24.244707107544,0.489701956510544,2.76812338829041,0.038514
1993-05-30,22.8728771209717,0.291303664445877,1.82137656211853,0.038514
1993-05-31,23.3981456756592,0.123850971460342,1.47988104820251,0.038514
1993-06-01,24.2599544525147,0.346615463495255,2.37642526626587,0.038514
1993-06-02,24.003381729126,3.24562072753906,1.63923728466034,0.031699
1993-06-03,22.5697956085205,15.8879241943359,2.16404604911804,0.038514
1993-06-04,22.583797454834,9.23750782012939,1.93230736255646,0.038514
1993-06-05,23.0496101379395,1.71273493766785,2.52792119979858,0.045958
1993-06-06,22.4254703521729,1.73364555835724,2.45972585678101,0.045958
1993-06-07,22.5175228118896,1.88491475582123,2.31268382072449,0.062597
1993-06-08,22.2629909515381,2.43267893791199,1.96278262138367,0.091894
1993-06-09,23.0854454040527,10.9460687637329,2.24483466148376,0.091894
1993-06-10,22.7723712921143,2.36533904075623,1.94448792934418,0.081551
1993-06-11,22.4810791015625,0.13983416557312,2.50088334083557,0.071793
1993-06-12,22.5674419403076,0.35051366686821,2.33811068534851,0.062597
1993-06-13,21.7013778686523,3.00611519813538,1.81295680999756,0.091894
1993-06-14,20.7987384796143,4.03968381881714,2.81609582901001,0.091894
1993-06-15,20.7921943664551,0.896557152271271,2.47926735877991,0.071793
1993-06-16,21.381311416626,0.705740392208099,2.39610290527344,0.062597
1993-06-17,21.522008895874,2.99348402023315,2.33046865463257,0.062597
1993-06-18,20.811637878418,0.319357395172119,1.9311044216156,0.062597
1993-06-19,21.8568897247314,0.187831223011017,2.29029774665833,0.053964
1993-06-20,21.8204860687256,0.191403791308403,2.01606178283691,0.053964
1993-06-21,21.5976390838623,0.287863492965698,1.30371975898743,0.053964
1993-06-22,21.0656299591064,0.198180004954338,2.18584132194519,0.045958
1993-06-23,20.3176727294922,0.000342983694281429,2.78593158721924,0.045958
1993-06-24,20.3228454589844,0.0106149464845657,2.37079739570618,0.045958
1993-06-25,21.1755294799805,0.321466743946075,1.91149842739105,0.045958
1993-06-26,21.5052375793457,5.21176671981812,2.36743426322937,0.053964
1993-06-27,22.3627624511719,4.33214521408081,2.20628905296326,0.053964
1993-06-28,22.2019481658936,0.135108813643456,2.90434885025024,0.053964
1993-06-29,22.4249954223633,0.00046778327669017,3.02263402938843,0.053964
1993-06-30,23.6291694641113,0.00750952865928412,2.90460920333862,0.062597
1993-07-01,23.4814796447754,0.0819569975137711,2.57245135307312,0.071793
1993-07-02,24.1155414581299,0.158063605427742,2.95901083946228,0.053964
1993-07-03,23.6399574279785,0.00211854069493711,3.13388180732727,0.045958
1993-07-04,23.3782405853272,0.0159630142152309,2.6602475643158,0.045958
1993-07-05,23.1435070037842,0.0442238710820675,2.40487456321716,0.038514
1993-07-06,22.8389701843262,0.0425957068800926,2.91641974449158,0.038514
1993-07-07,23.1319389343262,0.0631442666053772,3.17378902435303,0.031699
1993-07-08,22.170202255249,0.00894898921251297,2.7653272151947,0.031699
1993-07-09,22.1840705871582,0.0519919544458389,2.61551070213318,0.031699
1993-07-10,20.7725028991699,0.636111974716187,2.01853251457214,0.031699
1993-07-11,21.6983661651611,2.98040461540222,2.08214831352234,0.038514
1993-07-12,22.1695003509522,2.71381616592407,2.18330359458923,0.038514
1993-07-13,22.0579376220703,1.57262241840363,2.33072710037231,0.038514
1993-07-14,22.6778240203857,3.66444683074951,1.76592862606049,0.038514
1993-07-15,21.6168327331543,1.22169744968414,2.3019163608551,0.045958
1993-07-16,21.3367919921875,1.607102394104,1.73552298545837,0.045958
1993-07-17,21.8639736175537,4.0914831161499,1.90007257461548,0.053964
1993-07-18,22.0112819671631,7.17035484313965,2.4258725643158,0.062597
1993-07-19,21.6787567138672,2.6356692314148,1.86750292778015,0.071793
1993-07-20,22.2354202270508,4.00669527053833,2.5573673248291,0.081551
1993-07-21,20.9919338226318,0.633630573749542,2.4832546710968,0.071793
1993-07-22,21.90989112854,1.35897302627563,2.54534578323364,0.071793
1993-07-23,21.1804676055908,0.26336020231247,2.31560683250427,0.071793
1993-07-24,21.7506904602051,1.96442210674286,2.12010455131531,0.062597
1993-07-25,22.1588573455811,1.02983903884888,2.93874144554138,0.062597
1993-07-26,22.8033638000488,0.0711161568760872,2.9404981136322,0.053964
1993-07-27,22.2237167358398,0.134410604834557,2.34078645706177,0.053964
1993-07-28,22.2887992858887,0.23611144721508,2.30731272697449,0.053964
1993-07-29,21.9160003662109,1.26944732666016,1.75614929199219,0.053964
1993-07-30,21.6907711029053,5.277672290802,2.97437429428101,0.053964
1993-07-31,21.6909484863281,0.391142308712006,1.7898553609848,0.053964
1993-08-01,21.8065223693848,1.41331124305725,2.33544445037842,0.053964
1993-08-02,22.5046215057373,1.70879149436951,2.58512139320374,0.053964
1993-08-03,21.7369041442871,2.1182107925415,2.02561259269714,0.053964
1993-08-04,21.8277778625488,2.22948241233826,2.69657731056213,0.045958
1993-08-05,20.4781913757324,0.327276557683945,2.02899861335754,0.045958
1993-08-06,21.5134449005127,0.583272814750671,2.62306189537048,0.045958
1993-08-07,20.7376346588135,0.0120843034237623,2.80822372436523,0.045958
1993-08-08,21.5853214263916,0.0614645071327686,2.35769867897034,0.045958
1993-08-09,21.8829307556152,0.152896240353584,2.26805686950684,0.045958
1993-08-10,21.7562656402588,0.0580148920416832,3.18957686424255,0.038514
1993-08-11,21.9665241241455,0.00499750999733806,3.44555377960205,0.038514
1993-08-12,21.8061676025391,0.164867997169495,2.24586963653564,0.038514
1993-08-13,20.9515361785889,1.42830669879913,1.16504740715027,0.031699
1993-08-14,21.2705879211426,3.12261843681335,2.25681638717651,0.038514
1993-08-15,20.9571285247803,1.24575352668762,2.51287913322449,0.038514
1993-08-16,20.5437660217285,0.0971086472272873,2.60912799835205,0.031699
1993-08-17,19.4848556518555,0.821790397167206,1.75392520427704,0.038514
1993-08-18,20.3621082305908,1.2962954044342,1.8924947977066,0.031699
1993-08-19,21.4126434326172,0.0203709360212088,3.49262475967407,0.031699
1993-08-20,23.1282501220703,0.58154171705246,2.58287358283997,0.031699
1993-08-21,23.0262622833252,1.90252649784088,2.73145937919617,0.053964
1993-08-22,20.7501602172852,3.72130966186523,1.30270373821259,0.045958
1993-08-23,20.4407062530518,1.87037885189056,2.09650421142578,0.045958
1993-08-24,20.5489978790283,0.400114744901657,2.21116065979004,0.053964
1993-08-25,20.6333179473877,0.209807187318802,2.73081398010254,0.045958
1993-08-26,22.6475677490234,0.247812002897263,2.4741096496582,0.045958
1993-08-27,23.2723083496094,0.32665827870369,3.31293296813965,0.053964
1993-08-28,24.1250877380371,0.0502053014934063,3.59303259849548,0.053964
1993-08-29,23.6765213012695,0.350041657686234,2.93635416030884,0.053964
1993-08-30,23.3056602478027,0.217425644397736,3.56488847732544,0.062597
1993-08-31,22.4085350036621,0.0805389136075974,3.56885385513306,0.045958
1993-09-01,24.61305809021,0.0483835376799107,3.37712574005127,0.038514
1993-09-02,23.4613285064697,0.268695116043091,2.89142632484436,0.031699
1993-09-03,22.2382297515869,0.0746190473437309,3.70035004615784,0.031699
1993-09-04,23.6157913208008,0.676422894001007,2.81420063972473,0.025489
1993-09-05,22.3414421081543,1.86326825618744,3.4126501083374,0.025489
1993-09-06,22.9150257110596,0.0220959708094597,4.32315826416016,0.019906
1993-09-07,24.5389270782471,0.169077202677727,3.46195340156555,0.019906
1993-09-08,24.6324920654297,0.0959116891026497,3.62523722648621,0.01612
1993-09-09,23.1505584716797,0.150545194745064,3.3444094657898,0.011944
1993-09-10,22.4279251098633,0.0913809835910797,2.9058563709259,0.010213
1993-09-11,24.0786094665527,0.0896276235580444,3.11170697212219,0.008027
1993-09-12,24.1648807525635,0.849398016929627,3.34534549713135,0.008027
1993-09-13,22.56422996521,1.76771867275238,2.68628525733948,0.008027
1993-09-14,21.8905849456787,0.0197957120835781,3.63889288902283,0.008027
1993-09-15,20.2720317840576,0.0268935393542051,1.73934102058411,0.008027
1993-09-16,22.6908760070801,0.464539229869843,3.11203193664551,0.008027
1993-09-17,25.0749130249023,0.182751446962357,3.72226738929749,0.008027
1993-09-18,25.363920211792,0.156905397772789,4.09244441986084,0.006232
1993-09-19,24.1223640441895,0.236651286482811,2.35068130493164,0.006232
1993-09-20,24.9903297424316,0.0091062905266881,4.55448961257935,0.005236
1993-09-21,26.1526279449463,0.0330401696264744,4.84430837631226,0.003635
1993-09-22,25.5529518127441,0.036991011351347,4.13282155990601,0.003635
1993-09-23,25.7085094451904,0.0611763559281826,4.06824159622192,0.005236
1993-09-24,25.1646633148193,0.0320865288376808,4.64676666259766,0.005236
1993-09-25,25.0590724945068,0.154229536652565,4.90428447723389,0.006232
1993-09-26,24.4571952819824,1.8644654750824,2.52237176895142,0.008027
1993-09-27,23.3964424133301,1.7163462638855,3.07979798316956,0.008027
1993-09-28,24.6402931213379,0.00887917168438435,3.72945356369019,0.006232
1993-09-29,24.598295211792,0.203083738684654,2.71664428710938,0.005236
1993-09-30,24.2857398986816,0.51077401638031,3.09125947952271,0.003635
1993-10-01,25.1982479095459,0.340548515319824,3.39272260665894,0.008027
1993-10-02,24.937873840332,0.085654228925705,3.10190916061401,0.008027
1993-10-03,24.9148750305176,0.156092762947083,3.24859499931335,0.006232
1993-10-04,25.233585357666,0.0256755370646715,3.46333861351013,0.005236
1993-10-05,26.3737602233887,0.0966409966349602,3.98585534095764,0.002726
1993-10-06,27.6568698883057,0.720234096050263,4.52750205993652,0.001818
1993-10-07,23.1435947418213,26.5680389404297,1.20424151420593,0.005236
1993-10-08,21.1111602783203,1.07995772361755,1.87624430656433,0.005236
1993-10-09,21.5160255432129,0.77083158493042,4.2143440246582,0.006232
1993-10-10,20.9825344085693,0.340152084827423,1.74666726589203,0.008027
1993-10-11,23.3381042480469,0.235023647546768,3.08953976631165,0.01612
1993-10-12,23.9568557739258,0.639823853969574,3.00150847434998,0.031699
1993-10-13,24.2080879211426,6.56237888336182,3.78080463409424,0.031699
1993-10-14,23.467378616333,2.52611756324768,2.63218212127686,0.031699
1993-10-15,22.7744750976563,6.8883056640625,1.77212142944336,0.025489
1993-10-16,23.491096496582,7.08752202987671,3.8675525188446,0.031699
1993-10-17,24.3560123443604,0.143281877040863,4.00236082077026,0.031699
1993-10-18,24.1858329772949,0.495319873094559,3.63435029983521,0.025489
1993-10-19,24.1722831726074,0.405348241329193,3.87397599220276,0.025489
1993-10-20,23.2792682647705,0.552173137664795,3.21013975143433,0.031699
1993-10-21,24.3664207458496,0.0424927063286304,3.7460925579071,0.031699
1993-10-22,24.4970645904541,0.0514225140213966,3.58974742889404,0.025489
1993-10-23,26.0129070281982,0.0725102946162224,4.38253450393677,0.019906
1993-10-24,26.8553333282471,0.150751277804375,4.09808874130249,0.01612
1993-10-25,26.0728912353516,0.109178774058819,3.94254636764526,0.011944
1993-10-26,26.1425075531006,0.0304633304476738,5.08370590209961,0.010213
1993-10-27,25.7379989624023,0.203722044825554,4.4118824005127,0.011944
1993-10-28,24.6289482116699,1.01623368263245,2.53866267204285,0.008027
1993-10-29,24.1637535095215,2.43435144424439,3.52022099494934,0.006232
1993-10-30,24.1495323181152,0.568743407726288,3.98325276374817,0.003635
1993-10-31,24.0557842254639,0.227947413921356,3.4303560256958,0.001818
1993-11-01,23.9065551757813,0.0196570288389921,3.98802781105042,0.001818
1993-11-02,25.6776943206787,0.0109230931848288,5.01336097717285,0.001818
1993-11-03,24.8408908843994,0.0175624806433916,4.75027322769165,0.00093
1993-11-04,25.595853805542,0.0905230194330215,4.37941312789917,0.001818
1993-11-05,24.9831733703613,4.75591039657593,3.83068442344666,0.001818
1993-11-06,25.3971176147461,0.71538382768631,3.95232677459717,0.00093
1993-11-07,26.2071704864502,0.26246789097786,4.83888101577759,0.00093
1993-11-08,25.679874420166,0.00855820626020432,4.88914918899536,0.000433
1993-11-09,25.3657283782959,0.127522855997086,4.50679159164429,0.000216
1993-11-10,25.8975467681885,0.121118664741516,5.38118553161621,0.000216
1993-11-11,24.2325859069824,0.682924449443817,3.48152351379395,0.017332
1993-11-12,23.6941204071045,3.92805695533752,3.10899186134338,0.025489
1993-11-13,24.3626194000244,4.84709024429321,3.65883684158325,0.000216
1993-11-14,24.6338996887207,11.1656303405762,3.46391201019287,0.002726
1993-11-15,24.9616661071777,1.31679141521454,3.97775483131409,0.000433
1993-11-16,24.5615177154541,1.70071840286255,3.80438923835754,0.00093
1993-11-17,24.9692478179932,1.02434289455414,3.8839602470398,0.000433
1993-11-18,25.7992858886719,1.30816626548767,4.20607900619507,0.002726
1993-11-19,26.1348381042481,0.358163505792618,4.29308414459229,0.005236
1993-11-20,25.5962162017822,3.16122317314148,4.14141225814819,0.008027
1993-11-21,25.2411823272705,0.491416305303574,3.59538245201111,0.006232
1993-11-22,25.3506050109863,0.446801483631134,3.87528514862061,0.006232
1993-11-23,25.3561935424805,1.07170605659485,4.05980825424194,0.005236
1993-11-24,25.6779880523682,0.678213775157929,4.30701160430908,0.003635
1993-11-25,25.9877872467041,0.289809197187424,4.42647552490234,0.001818
1993-11-26,25.4914245605469,0.00702248280867934,5.37690401077271,0.002726
1993-11-27,26.0321197509766,0.256676614284515,4.02776622772217,0.005236
1993-11-28,27.6901016235352,0.739585161209106,4.18256187438965,0.006232
1993-11-29,27.6820793151856,6.25328493118286,4.34794235229492,0.005236
1993-11-30,27.6830921173096,1.70398056507111,4.6361608505249,0.002726
1993-12-01,27.3865127563477,0.345792323350906,5.1424126625061,0.001818
1993-12-02,26.8566246032715,0.0342700034379959,4.83624935150147,0.00093
1993-12-03,25.7509746551514,0.340906798839569,4.20454931259155,0.000433
1993-12-04,25.56591796875,0.414215236902237,4.18100023269653,0.000216
1993-12-05,25.8605194091797,0.918120741844177,3.64129495620728,0.000216
1993-12-06,25.752592086792,1.55934274196625,4.73112773895264,0.00132
1993-12-07,26.1381435394287,1.34006416797638,4.45689535140991,0.003635
1993-12-08,25.3866710662842,4.74047040939331,4.06059646606445,0.001818
1993-12-09,25.7494430541992,0.641688823699951,4.9565749168396,0.00093
1993-12-10,27.3606376647949,0.0262534357607365,4.78878021240234,0.000216
1993-12-11,27.2735824584961,0.100046418607235,5.58166408538818,0.000216
1993-12-12,26.8423080444336,0.332157552242279,3.74206376075745,0.000433
1993-12-13,26.0572090148926,23.8067092895508,2.74641084671021,0.011944
1993-12-14,25.091760635376,31.0221462249756,3.68779349327087,0.102799
1993-12-15,25.5034885406494,8.32877635955811,5.04627180099487,0.258783
1993-12-16,26.3058395385742,4.1260552406311,4.77440166473389,0.491795
1993-12-17,26.8611888885498,0.105826064944267,5.55837488174439,0.258783
1993-12-18,27.1132278442383,0.296422094106674,5.34718942642212,0.151981
1993-12-19,26.5786056518555,0.200847744941711,4.67802715301514,0.114267
1993-12-20,26.9611263275147,2.28677868843079,4.90673494338989,0.091894
1993-12-21,27.1863517761231,0.675302445888519,3.41310858726501,0.062597
1993-12-22,24.8130512237549,8.80198478698731,2.87952446937561,0.053964
1993-12-23,23.8451614379883,10.2477350234985,2.49756217002869,0.053964
1993-12-24,25.080020904541,7.10180282592773,4.124267578125,0.138868
1993-12-25,24.6946411132813,0.328938841819763,4.04157876968384,0.258783
1993-12-26,25.6298561096191,1.56186056137085,4.05980396270752,0.411953
1993-12-27,25.7285213470459,1.41585600376129,4.32515144348145,0.276136
1993-12-28,26.0631523132324,0.0522053800523281,4.15911388397217,0.165634
1993-12-29,26.8877773284912,0.019297868013382,5.55471038818359,0.114267
1993-12-30,26.6998386383057,0.0217972286045551,4.73006010055542,0.091894
1993-12-31,26.071138381958,0.00584478490054607,5.13807201385498,0.071793
1994-01-01,26.8965911865234,0.238858461380005,4.67434644699097,0.053964
1994-01-02,26.8894119262695,0.299239337444305,4.67892599105835,0.045958
1994-01-03,27.1900482177734,0.038124106824398,5.09575128555298,0.031699
1994-01-04,27.1306571960449,0.0495095141232014,4.47958898544312,0.031699
1994-01-05,26.6129245758057,1.51765418052673,4.24742269515991,0.025489
1994-01-06,26.3269939422607,4.11078643798828,3.86787104606628,0.019906
1994-01-07,26.4211483001709,0.7433061003685,3.39786291122437,0.038514
1994-01-08,26.420108795166,0.576108038425446,4.16444826126099,0.062597
1994-01-09,26.9157695770264,0.406099140644074,5.17306041717529,0.053964
1994-01-10,27.3671379089356,0.290454000234604,4.57026147842407,0.038514
1994-01-11,27.0240612030029,0.675274312496185,4.74402952194214,0.031699
1994-01-12,26.0304355621338,0.709477961063385,3.57211399078369,0.025489
1994-01-13,25.9884910583496,10.9964590072632,4.15072345733643,0.031699
1994-01-14,26.8483104705811,2.11236906051636,5.07660436630249,0.019906
1994-01-15,26.8313159942627,0.227561816573143,3.7437424659729,0.013891
1994-01-16,27.4475345611572,0.23147951066494,4.77619028091431,0.010213
1994-01-17,26.7686748504639,6.34774780273438,4.62847137451172,0.008027
1994-01-18,27.490348815918,1.95545792579651,4.8961443901062,0.010213
1994-01-19,26.6914005279541,0.199303507804871,4.53524255752564,0.010213
1994-01-20,27.186185836792,0.0390123017132282,4.65930557250977,0.013891
1994-01-21,26.6202163696289,0.0145241711288691,4.21578502655029,0.013891
1994-01-22,27.7124938964844,0.0226287823170424,5.21766901016235,0.013891
1994-01-23,27.126708984375,0.00708156730979681,4.75759267807007,0.01863
1994-01-24,27.9858322143555,0.0423105806112289,4.56790399551392,0.01612
1994-01-25,27.4199047088623,0.286651045084,4.39046621322632,0.01612
1994-01-26,27.6817741394043,0.283672153949738,4.762291431427,0.011944
1994-01-27,27.5545387268066,0.351014703512192,4.82772350311279,0.008027
1994-01-28,27.2745018005371,0.211550399661064,4.70410203933716,0.005236
1994-01-29,25.9863224029541,0.580749690532684,4.35462331771851,0.003635
1994-01-30,26.4976959228516,3.29906439781189,4.49513578414917,0.002726
1994-01-31,26.5207996368408,0.0695255398750305,4.73070192337036,0.001818
1994-02-01,27.0726356506348,0.893659174442291,4.23839282989502,0.00093
1994-02-02,26.1837844848633,0.440146028995514,4.44379138946533,0.000433
1994-02-03,26.4331531524658,0.582011997699738,3.5586268901825,0.000216
1994-02-04,25.7997932434082,5.55435276031494,2.99188041687012,0.000216
1994-02-05,26.3737010955811,3.05142283439636,4.08374738693237,0.002726
1994-02-06,26.940393447876,0.441882133483887,4.73655033111572,0.006232
1994-02-07,26.8686084747315,1.53452515602112,3.87832450866699,0.006232
1994-02-08,25.8553791046143,4.11361646652222,2.56570506095886,0.005236
1994-02-09,26.3578090667725,4.25501775741577,3.91064763069153,0.006232
1994-02-10,27.4156131744385,2.11299133300781,4.89860963821411,0.01863
1994-02-11,26.3270645141602,0.639610946178436,3.6507716178894,0.01612
1994-02-12,26.7015323638916,2.57491660118103,4.44965219497681,0.008027
1994-02-13,26.6340808868408,0.520819127559662,4.38178968429565,0.006232
1994-02-14,27.6248588562012,0.213512107729912,4.90783834457398,0.002726
1994-02-15,27.8767318725586,0.0561660751700401,4.62393426895142,0.00093
1994-02-16,26.8039569854736,1.87701559066772,4.16805934906006,0.000216
1994-02-17,26.8046340942383,0.0652889609336853,4.60482549667358,0.038514
1994-02-18,27.2463932037354,0.0136367343366146,5.15588331222534,0.038514
1994-02-19,27.5037860870361,0.0481741391122341,4.78134393692017,0.038514
1994-02-20,26.98876953125,0.741187870502472,4.42466974258423,0.038514
1994-02-21,26.794095993042,0.885219633579254,3.8106632232666,0.038514
1994-02-22,25.780403137207,15.3073558807373,3.52705407142639,0.053964
1994-02-23,25.8251476287842,16.0190410614014,2.68296027183533,0.071793
1994-02-24,25.2072601318359,15.7506895065308,3.02421760559082,0.000216
1994-02-25,25.8886585235596,1.63269746303558,3.90428161621094,0.01863
1994-02-26,26.5267238616943,3.14074611663818,4.49923133850098,0.062597
1994-02-27,26.6099071502686,0.15494792163372,4.08415126800537,0.138868
1994-02-28,27.6099033355713,0.132314398884773,4.10747385025024,0.114267
1994-03-01,26.9772644042969,0.0488805957138538,4.60209560394287,0.071793
1994-03-02,26.9318561553955,0.104200348258018,4.32973098754883,0.062597
1994-03-03,27.6575012207031,0.944752633571625,4.29614353179932,0.038514
1994-03-04,26.8308658599854,1.19943428039551,3.55251359939575,0.038514
1994-03-05,26.2225093841553,7.13447427749634,2.76466631889343,0.053964
1994-03-06,25.2907524108887,7.92784452438355,2.20406103134155,0.053964
1994-03-07,26.28076171875,9.69172763824463,3.63706803321838,0.091894
1994-03-08,26.1486530303955,23.6369609832764,2.94733810424805,0.151981
1994-03-09,26.4071464538574,2.40423655509949,4.08536767959595,0.17985
1994-03-10,25.7247867584229,2.45067930221558,2.25106930732727,0.194585
1994-03-11,25.8366565704346,5.13220262527466,2.91560482978821,0.241949
1994-03-12,26.0890312194824,3.2532434463501,3.33029079437256,0.3124
1994-03-13,25.8764953613281,1.82133460044861,3.22906684875488,0.276136
1994-03-14,25.501672744751,18.1791477203369,2.97267127037048,0.165634
1994-03-15,27.0439128875732,3.19241261482239,3.69805145263672,0.411953
1994-03-16,25.8002185821533,28.8516731262207,2.40589308738709,0.742918
1994-03-17,26.2805862426758,14.5127792358398,3.33616995811462,22.521188
1994-03-18,26.8364143371582,0.790319323539734,4.76047563552856,3.851448
1994-03-19,26.7137775421143,0.0756576955318451,4.28569269180298,1.038982
1994-03-20,26.2312660217285,0.0299405213445425,4.55281496047974,0.575186
1994-03-21,27.3401432037354,0.042255025357008,4.74594449996948,0.370626
1994-03-22,27.2205600738525,0.0203259103000164,4.20100259780884,0.165634
1994-03-23,27.9693508148193,0.020847961306572,4.87109851837158,0.138868
1994-03-24,27.0444927215576,0.354314059019089,4.00525522232056,0.138868
1994-03-25,26.1725025177002,0.256759107112885,3.51461696624756,0.114267
1994-03-26,26.6545028686523,0.8235964179039,4.0880446434021,0.114267
1994-03-27,26.6824550628662,0.248374193906784,3.6370964050293,0.114267
1994-03-28,25.6757373809814,3.57661700248718,2.33934569358826,0.151981
1994-03-29,25.7335472106934,29.3855972290039,3.58953857421875,0.808609
1994-03-30,25.628475189209,4.49790382385254,3.66823554039001,0.679716
1994-03-31,26.1069202423096,1.17829608917236,3.89815664291382,0.51895
1994-04-01,26.1744365692139,0.978615581989288,3.59443187713623,0.258783
1994-04-02,26.1326236724854,4.51589870452881,3.65761590003967,0.17985
1994-04-03,25.2085914611816,12.7166757583618,1.72336554527283,0.151981
1994-04-04,24.763053894043,11.2358703613281,2.43720817565918,3.815746
1994-04-05,23.9999809265137,0.119232922792435,2.53693628311157,1.420989
1994-04-06,24.7973003387451,0.0177299063652754,3.77267479896545,0.649055
1994-04-07,25.0385036468506,0.000976957380771637,3.40768957138062,0.294008
1994-04-08,26.6078224182129,0.41323909163475,3.07265758514404,0.241949
1994-04-09,23.7573165893555,18.3340606689453,0.658915460109711,0.225634
1994-04-10,24.0511341094971,10.9756565093994,1.56476223468781,0.411953
1994-04-11,24.8749866485596,4.18376731872559,2.01808571815491,1.038982
1994-04-12,25.443826675415,7.41428852081299,3.39921927452087,1.597529
1994-04-13,25.6176662445068,6.60435438156128,3.40597081184387,1.807065
1994-04-14,24.8597221374512,3.30056118965149,3.20159816741943,1.114972
1994-04-15,24.4950275421143,0.89984542131424,3.09705853462219,0.695294
1994-04-16,23.931827545166,0.229921519756317,3.14443302154541,0.649055
1994-04-17,24.0530033111572,0.539848625659943,2.61629223823547,0.411953
1994-04-18,25.0899143218994,6.489586353302,2.52670454978943,0.589639
1994-04-19,25.9611415863037,0.074230395257473,3.61514687538147,0.241949
1994-04-20,25.3092174530029,0.0834558680653572,3.30214834213257,0.209839
1994-04-21,25.2768821716309,2.4217312335968,3.00138878822327,0.17985
1994-04-22,25.1351661682129,1.69965887069702,3.076003074646,0.126297
1994-04-23,25.1937255859375,1.01754283905029,2.81378436088562,0.114267
1994-04-24,24.761043548584,4.20183229446411,2.15014481544495,0.114267
1994-04-25,24.2066383361816,10.4466609954834,2.43046545982361,0.114267
1994-04-26,24.5004978179932,4.84510469436646,2.80188274383545,0.114267
1994-04-27,25.0505962371826,3.24941301345825,3.19972062110901,0.791949
1994-04-28,25.1713333129883,3.59858345985413,3.11229872703552,0.51895
1994-04-29,24.9363384246826,5.36767959594727,2.83636069297791,0.350698
1994-04-30,24.7723903656006,8.70328998565674,3.22293138504028,0.331311
1994-05-01,24.1844329833984,2.80916690826416,2.59616613388062,0.331311
1994-05-02,24.1028995513916,2.76392269134522,3.12054491043091,0.331311
1994-05-03,24.0100555419922,0.966369450092316,2.31918334960938,0.241949
1994-05-04,24.2382164001465,0.943770170211792,2.54036688804626,0.194585
1994-05-05,24.6506271362305,0.625137448310852,3.0689902305603,0.138868
1994-05-06,24.7750759124756,1.00096094608307,2.46562767028809,0.138868
1994-05-07,24.690938949585,2.87354445457459,3.00540542602539,0.138868
1994-05-08,24.2077293395996,3.99303555488586,2.81648898124695,0.138868
1994-05-09,23.7352561950684,6.62865734100342,2.69671535491943,0.209839
1994-05-10,24.560510635376,4.46829080581665,2.87886619567871,0.225634
1994-05-11,23.6971607208252,4.06367349624634,2.70780110359192,0.225634
1994-05-12,23.8047618865967,1.26198017597198,2.61588311195374,0.194585
1994-05-13,23.512939453125,2.33745670318604,2.44060468673706,0.225634
1994-05-14,24.1751499176025,24.296142578125,2.33652114868164,1.193343
1994-05-15,23.6676692962647,3.1514720916748,2.22239685058594,1.315334
1994-05-16,24.1971435546875,7.10737276077271,2.63285899162293,1.399568
1994-05-17,24.3208904266357,2.8150053024292,2.59420728683472,1.057742
1994-05-18,24.1180763244629,0.596902191638947,2.42845129966736,0.791949
1994-05-19,23.3773746490479,0.0992023050785065,2.67006134986877,0.604266
1994-05-20,24.135046005249,1.11828088760376,2.71395540237427,0.433374
1994-05-21,24.0626602172852,0.324950605630875,2.46803379058838,0.331311
1994-05-22,23.7898044586182,0.288259416818619,2.43288040161133,0.3124
1994-05-23,23.4955139160156,0.16751728951931,2.31559634208679,0.209839
1994-05-24,23.7548408508301,0.094849482178688,2.37621402740479,0.17985
1994-05-25,24.1906604766846,0.33663684129715,2.17725038528442,0.165634
1994-05-26,24.4047393798828,2.92782402038574,2.36158990859985,0.165634
1994-05-27,23.8482551574707,2.00002884864807,2.4373779296875,0.51895
1994-05-28,24.7195434570313,0.537106275558472,2.94571232795715,0.3124
1994-05-29,24.775764465332,0.00725321704521775,2.85254526138306,0.209839
1994-05-30,24.0128841400147,0.436289995908737,2.52289581298828,0.126297
1994-05-31,23.2203769683838,3.73616719245911,1.72258949279785,0.114267
1994-06-01,23.2800407409668,8.48041152954102,1.75285971164703,0.114267
1994-06-02,23.647834777832,6.06960487365723,2.35523223876953,0.225634
1994-06-03,23.1448459625244,0.660452485084534,2.34484314918518,0.258783
1994-06-04,23.8786811828613,1.19152665138245,2.73917126655579,0.225634
1994-06-05,23.5394992828369,0.0931886211037636,2.71299386024475,0.194585
1994-06-06,23.5329399108887,0.145671129226685,2.47472429275513,0.138868
1994-06-07,23.3995666503906,0.396700978279114,2.30543065071106,0.114267
1994-06-08,23.0729274749756,0.322874128818512,2.45274829864502,0.091894
1994-06-09,23.3064250946045,0.264168292284012,2.54290628433228,0.091894
1994-06-10,22.7259826660156,0.667195916175842,2.39497852325439,0.091894
1994-06-11,21.8253555297852,0.114773146808147,2.35162758827209,0.091894
1994-06-12,21.6113777160645,0.265266209840775,1.81272745132446,0.091894
1994-06-13,21.4627323150635,0.13568289577961,1.18293929100037,0.071793
1994-06-14,22.8867835998535,0.203020468354225,2.0960910320282,0.071793
1994-06-15,23.6102695465088,0.398793190717697,2.35602450370789,0.071793
1994-06-16,22.8103542327881,4.87233781814575,2.24235224723816,0.071793
1994-06-17,22.7644081115723,2.83491945266724,2.16456174850464,0.071793
1994-06-18,22.2663078308105,0.428318113088608,2.28072714805603,0.071793
1994-06-19,23.131986618042,0.525042235851288,2.83873772621155,0.071793
1994-06-20,22.7918472290039,0.329795658588409,2.31539702415466,0.071793
1994-06-21,22.9875602722168,0.367121905088425,2.57988142967224,0.071793
1994-06-22,23.3350353240967,0.213837668299675,2.30077719688416,0.071793
1994-06-23,23.4757862091064,0.169672474265099,2.90632462501526,0.071793
1994-06-24,22.7540836334229,0.206598609685898,2.1357753276825,0.071793
1994-06-25,24.4784660339356,1.444655418396,2.12589359283447,0.053964
1994-06-26,24.4740295410156,0.322296440601349,2.82427787780762,0.053964
1994-06-27,21.2766342163086,2.74298810958862,1.26536798477173,0.053964
1994-06-28,21.0086517333984,0.853468477725983,1.89800155162811,0.062597
1994-06-29,20.2433967590332,0.809129059314728,1.19146382808685,0.138868
1994-06-30,21.3644599914551,9.37497901916504,1.23102593421936,0.165634
1994-07-01,22.3336391448975,19.2748584747314,2.14429354667664,0.138868
1994-07-02,22.0865840911865,1.73288309574127,2.36184883117676,0.138868
1994-07-03,21.4202632904053,0.333782196044922,1.58420860767365,0.138868
1994-07-04,22.0010204315186,1.18227565288544,2.18457078933716,0.138868
1994-07-05,21.4487323760986,1.02544796466827,1.55369877815247,0.114267
1994-07-06,22.1635704040527,4.5599513053894,2.58025121688843,0.114267
1994-07-07,21.8315830230713,1.03412246704102,2.10184669494629,0.102799
1994-07-08,21.8325634002686,1.91847813129425,2.14502882957459,0.091894
1994-07-09,22.3935794830322,0.183538481593132,2.70543503761292,0.091894
1994-07-10,19.4653053283691,0.69151771068573,0.748253881931305,0.091894
1994-07-11,18.2151641845703,1.36126101016998,1.38445365428925,0.091894
1994-07-12,19.3975620269775,2.24319648742676,1.46688377857208,0.091894
1994-07-13,20.3836498260498,0.516542851924896,1.28925859928131,0.114267
1994-07-14,21.0785007476807,8.79748344421387,1.61827874183655,0.138868
1994-07-15,20.9938335418701,8.78853702545166,1.68315804004669,0.138868
1994-07-16,21.8070087432861,5.79858350753784,2.3149471282959,0.331311
1994-07-17,21.6108360290527,2.22335743904114,2.50594687461853,0.241949
1994-07-18,21.5745372772217,0.622565627098084,2.6770613193512,0.225634
1994-07-19,20.7144775390625,0.818918943405151,1.18102943897247,0.194585
1994-07-20,22.1313800811768,2.35083222389221,2.30098581314087,0.194585
1994-07-21,21.7963943481445,0.753891587257385,2.1442756652832,0.138868
1994-07-22,22.6017284393311,1.91282439231873,2.74776458740234,0.126297
1994-07-23,22.8524684906006,0.3948934674263,2.37275648117065,0.114267
1994-07-24,22.4930019378662,2.01025915145874,2.61505770683289,0.114267
1994-07-25,22.33131980896,3.20799326896668,1.58177149295807,0.114267
1994-07-26,21.9423084259033,4.67896890640259,2.33597254753113,0.091894
1994-07-27,21.5975131988525,4.22234773635864,1.6661788225174,0.102799
1994-07-28,22.333963394165,1.34290897846222,2.95682907104492,0.102799
1994-07-29,22.4323272705078,2.6928505897522,2.53702473640442,0.126297
1994-07-30,21.8749713897705,1.00202965736389,2.54035758972168,0.194585
1994-07-31,20.5243816375732,1.56196844577789,2.17841458320618,0.165634
1994-08-01,19.8323822021484,3.20636677742004,1.59604120254517,0.151981
1994-08-02,20.9436702728271,17.88254737854,1.75816750526428,1.735943
1994-08-03,21.7225227355957,10.4255485534668,2.85360407829285,1.486118
1994-08-04,23.2102699279785,0.357552886009216,2.86996293067932,0.619044
1994-08-05,21.4004306793213,2.35586333274841,1.58900904655457,0.51895
1994-08-06,19.9917411804199,0.76139497756958,2.25378322601318,0.370626
1994-08-07,18.7613887786865,0.127867296338081,2.56557440757751,0.225634
1994-08-08,19.3661880493164,0.00151892751455307,2.86867713928223,0.17985
1994-08-09,19.7158355712891,0.182824969291687,2.76509380340576,0.138868
1994-08-10,19.3428993225098,7.14885100023821e-05,3.52433490753174,0.114267
1994-08-11,20.2787799835205,0.0122708920389414,2.76380157470703,0.114267
1994-08-12,19.9523754119873,0.105953529477119,2.55255889892578,0.091894
1994-08-13,20.2842388153076,1.00647366046906,1.73904478549957,0.091894
1994-08-14,20.1403942108154,2.72701096534729,2.35102009773254,0.091894
1994-08-15,20.6522579193115,1.81905853748322,1.71678841114044,0.091894
1994-08-16,20.3189811706543,1.02451539039612,2.07270646095276,0.091894
1994-08-17,19.6544170379639,0.217396154999733,2.02654218673706,0.091894
1994-08-18,20.0059394836426,0.687985062599182,1.41055035591126,0.091894
1994-08-19,21.6202907562256,0.602128148078919,3.20410513877869,0.091894
1994-08-20,21.0273342132568,1.64715993404388,2.04208970069885,0.071793
1994-08-21,19.9391288757324,0.373404175043106,1.25420737266541,0.071793
1994-08-22,22.4263477325439,1.737100481987,2.96891617774963,0.071793
1994-08-23,22.2451152801514,0.134030804038048,2.49500226974487,0.071793
1994-08-24,22.0166130065918,0.101034678518772,3.63709616661072,0.071793
1994-08-25,22.4369735717773,0.115065418183804,3.33555555343628,0.071793
1994-08-26,22.0624694824219,0.3569196164608,2.72975206375122,0.071793
1994-08-27,21.6994285583496,0.00839919503778219,3.86088871955872,0.071793
1994-08-28,22.8040904998779,0.0702450424432755,3.29983425140381,0.071793
1994-08-29,22.2771015167236,0.251994132995605,2.19109582901001,0.071793
1994-08-30,21.9152755737305,0.185705199837685,2.31602430343628,0.071793
1994-08-31,21.6640739440918,0.583489418029785,2.29050970077515,0.071793
1994-09-01,22.0033321380615,1.85227036476135,2.09725666046143,0.071793
1994-09-02,22.5253124237061,3.03052306175232,2.95389413833618,0.071793
1994-09-03,22.5143775939941,1.41751766204834,2.78956580162048,0.071793
1994-09-04,22.6319408416748,1.82020854949951,3.49493741989136,0.071793
1994-09-05,22.17995262146,2.23487305641174,2.29219794273376,0.091894
1994-09-06,22.5578022003174,11.5389909744263,2.8194842338562,0.081551
1994-09-07,22.435375213623,0.861030519008637,3.16899824142456,0.091894
1994-09-08,23.0975513458252,0.720016539096832,2.7473418712616,0.102799
1994-09-09,23.3911819458008,0.0272003374993801,3.84989356994629,0.091894
1994-09-10,23.4098930358887,0.134849026799202,3.4258975982666,0.091894
1994-09-11,21.8988189697266,0.950871527194977,2.79979252815247,0.091894
1994-09-12,21.704761505127,0.119443416595459,3.80730962753296,0.091894
1994-09-13,19.8645420074463,0.156417414546013,3.92203211784363,0.091894
1994-09-14,21.1896781921387,0,4.50964212417603,0.071793
1994-09-15,22.1101932525635,0.204634502530098,3.56921029090881,0.071793
1994-09-16,23.6974868774414,0.356872826814652,3.33750891685486,0.071793
1994-09-17,23.8650856018066,0.301013082265854,3.35323429107666,0.053964
1994-09-18,23.7160606384277,0.103161089122295,3.84995818138123,0.053964
1994-09-19,21.8125133514404,4.02555894851685,1.84676098823547,0.071793
1994-09-20,22.9699230194092,8.40963077545166,3.41498875617981,0.071793
1994-09-21,22.5127277374268,2.85803580284119,2.95224928855896,0.071793
1994-09-22,22.7800369262695,4.54193544387817,3.85447120666504,0.081551
1994-09-23,22.5221633911133,1.22246444225311,3.95945858955383,0.091894
1994-09-24,22.6712398529053,0.738960683345795,3.37424492835999,0.081551
1994-09-25,22.4952793121338,0.451197177171707,3.17427206039429,0.071793
1994-09-26,23.8615131378174,0.153858125209808,3.13260102272034,0.071793
1994-09-27,23.9350471496582,0.163824811577797,3.56671810150147,0.071793
1994-09-28,22.8424663543701,0.86570280790329,3.34664583206177,0.071793
1994-09-29,21.8422584533691,1.75753140449524,2.20996689796448,0.071793
1994-09-30,21.8060626983643,0.0908339247107506,3.10831713676453,0.071793
1994-10-01,22.187952041626,0.108391106128693,4.43607616424561,0.053964
1994-10-02,22.5458278656006,0.000540052191354334,4.88489484786987,0.053964
1994-10-03,22.22194480896,3.75223899027333e-05,4.81851387023926,0.053964
1994-10-04,23.6875057220459,0.000254224753007293,4.75205516815186,0.062597
1994-10-05,23.4601135253906,0.161457106471062,3.49042296409607,0.053964
1994-10-06,23.7589073181152,0.372461497783661,3.25611996650696,0.053964
1994-10-07,22.6780395507813,0.723156809806824,2.79993772506714,0.053964
1994-10-08,22.759593963623,7.07767152786255,2.56152033805847,0.062597
1994-10-09,23.5795135498047,11.3177490234375,2.7212872505188,0.071793
1994-10-10,24.123291015625,7.76088380813599,3.53956913948059,0.071793
1994-10-11,24.7163486480713,1.29548037052155,4.05324125289917,0.081551
1994-10-12,23.0443058013916,0.259793996810913,3.53678297996521,0.071793
1994-10-13,22.3869304656982,1.77058410644531,1.79742300510407,0.071793
1994-10-14,23.7774887084961,0.019095653668046,4.33177709579468,0.071793
1994-10-15,22.8345508575439,0.0043371831998229,3.83675718307495,0.071793
1994-10-16,21.4839477539063,0.211926713585854,3.08417296409607,0.071793
1994-10-17,22.6518001556397,0.507976830005646,3.3427619934082,0.071793
1994-10-18,23.9539928436279,2.64083361625671,3.09282231330872,0.071793
1994-10-19,25.1167278289795,3.89994788169861,3.93380260467529,0.071793
1994-10-20,24.7935523986816,6.61598682403565,3.5539391040802,0.071793
1994-10-21,25.1209869384766,0.807038843631744,3.7060854434967,0.071793
1994-10-22,24.8332977294922,1.13665366172791,3.81416344642639,0.071793
1994-10-23,23.9323692321777,3.66453504562378,3.72538042068481,0.071793
1994-10-24,24.30837059021,2.67623329162598,4.1175799369812,0.071793
1994-10-25,23.8759899139404,0.321761012077332,3.80145668983459,0.071793
1994-10-26,25.4697437286377,0.169624477624893,3.80635929107666,0.071793
1994-10-27,25.9831256866455,0.0295640844851732,5.07533025741577,0.071793
1994-10-28,25.7289276123047,0.0120439305901527,3.99307060241699,0.071793
1994-10-29,25.8377876281738,0.931148111820221,3.72011280059814,0.071793
1994-10-30,24.4086971282959,0.502103805541992,3.64416432380676,0.071793
1994-10-31,25.0883960723877,1.7575318813324,4.569260597229,0.062597
1994-11-01,25.2236862182617,0.534994661808014,4.93101835250855,0.053964
1994-11-02,24.8514823913574,0.128883168101311,3.31923866271973,0.053964
1994-11-03,24.646858215332,0.0521882809698582,4.37784719467163,0.053964
1994-11-04,24.3571224212647,0.0247399713844061,4.73559951782227,0.053964
1994-11-05,25.6123924255371,0.357290744781494,4.66863393783569,0.053964
1994-11-06,25.5580806732178,0.231986045837402,4.7851505279541,0.053964
1994-11-07,24.8007202148438,0.1280257999897,4.6761326789856,0.053964
1994-11-08,24.9692497253418,0.0161940157413483,4.87551879882813,0.053964
1994-11-09,25.5335998535156,0.0123721258714795,5.42368268966675,0.053964
1994-11-10,25.7186107635498,0.0100008696317673,5.50459575653076,0.053964
1994-11-11,26.6160469055176,0.0588516779243946,4.10991334915161,0.053964
1994-11-12,26.4253349304199,0.0631887465715408,4.86203527450562,0.045958
1994-11-13,26.1382751464844,0.133969277143478,4.40078115463257,0.053964
1994-11-14,26.0661907196045,0.0370169430971146,5.11027956008911,0.053964
1994-11-15,25.6239547729492,0.186199650168419,4.23813581466675,0.053964
1994-11-16,25.7215843200684,1.81545603275299,3.89999532699585,0.053964
1994-11-17,25.5577583312988,2.17607307434082,4.03152513504028,0.038514
1994-11-18,25.9746723175049,1.9951468706131,4.45170068740845,0.038514
1994-11-19,25.6632404327393,1.01739609241486,3.8854386806488,0.038514
1994-11-20,25.7046508789063,7.07989263534546,2.23407745361328,0.038514
1994-11-21,23.5732707977295,33.5791473388672,1.30849099159241,0.053964
1994-11-22,22.8764171600342,4.10322046279907,1.82082152366638,0.081551
1994-11-23,22.187967300415,3.24568200111389,1.46939253807068,0.165634
1994-11-24,22.3209857940674,1.17040586471558,1.85553777217865,0.091894
1994-11-25,22.3231315612793,5.55394744873047,1.50950396060944,0.091894
1994-11-26,23.9530658721924,8.47449970245361,3.39498400688171,0.091894
1994-11-27,24.487268447876,2.98227477073669,4.22259426116943,0.091894
1994-11-28,25.0451030731201,1.39314949512482,3.52272582054138,0.091894
1994-11-29,25.0018882751465,2.40058064460754,4.02619981765747,0.091894
1994-11-30,25.3772754669189,0.351134985685349,4.77878618240356,0.091894
1994-12-01,26.1125774383545,0.42320054769516,3.68818783760071,0.091894
1994-12-02,24.7964534759522,0.760030508041382,3.17233228683472,0.091894
1994-12-03,24.1304149627686,2.55862236022949,3.10436606407166,0.071793
1994-12-04,24.9758892059326,0.289098650217056,3.52586245536804,0.071793
1994-12-05,25.9770011901855,1.0083886384964,5.06846523284912,0.071793
1994-12-06,25.2144222259522,0.193185836076736,4.84443330764771,0.071793
1994-12-07,25.6972599029541,0.0451422855257988,4.14232110977173,0.062597
1994-12-08,25.4243259429932,0.099983312189579,3.67194271087647,0.062597
1994-12-09,25.1532382965088,0.538844227790833,4.37310981750488,0.053964
1994-12-10,24.4362010955811,0.473078101873398,3.99250030517578,0.053964
1994-12-11,24.8235015869141,3.29103493690491,3.84444570541382,0.053964
1994-12-12,24.741003036499,1.61120939254761,3.69390463829041,0.053964
1994-12-13,25.7449913024902,0.535446882247925,3.99525308609009,0.053964
1994-12-14,25.5492973327637,0.432148635387421,4.93375539779663,0.053964
1994-12-15,26.6308517456055,0.00715302769094706,4.8192720413208,0.053964
1994-12-16,27.5569248199463,0.0361331291496754,5.1748161315918,0.053964
1994-12-17,27.0830898284912,0.123739033937454,4.70642423629761,0.053964
1994-12-18,27.4899005889893,0.016650727018714,5.76672697067261,0.053964
1994-12-19,27.9266567230225,0.776383578777313,4.95525169372559,0.053964
1994-12-20,26.3740749359131,9.58373928070068,2.46325612068176,0.053964
1994-12-21,26.4487323760986,1.15162312984467,3.4787380695343,0.053964
1994-12-22,27.0346221923828,2.4330427646637,4.20234251022339,0.053964
1994-12-23,27.029504776001,0.178036615252495,4.48036956787109,0.053964
1994-12-24,27.078145980835,0.109689921140671,4.80384635925293,0.053964
1994-12-25,26.078296661377,0.263082176446915,2.65745234489441,0.053964
1994-12-26,26.4970073699951,0.0875407084822655,4.76508760452271,0.053964
1994-12-27,26.2420845031738,0.0430351197719574,4.52074575424194,0.053964
1994-12-28,26.3314323425293,0.0972673296928406,4.60903882980347,0.053964
1994-12-29,25.8454265594482,0.587533056735992,3.89269518852234,0.053964
1994-12-30,25.9547748565674,0.592347681522369,3.99967622756958,0.053964
1994-12-31,26.0803451538086,0.148098215460777,4.25941133499146,0.053964
1995-01-01,26.1344432830811,0.0966063365340233,4.87861967086792,0.053964
1995-01-02,26.4475784301758,0.212206810712814,4.19321537017822,0.053964
1995-01-03,26.5569534301758,0.658892869949341,4.28835916519165,0.053964
1995-01-04,26.5722618103027,0.445796817541122,4.32826280593872,0.053964
1995-01-05,26.4498043060303,1.18479371070862,4.19923686981201,0.053964
1995-01-06,26.1331214904785,2.21169328689575,4.11962938308716,0.053964
1995-01-07,27.290678024292,0.20267853140831,5.10549306869507,0.053964
1995-01-08,26.9544372558594,0.0149978408589959,4.77286148071289,0.053964
1995-01-09,27.0627307891846,0.0365051440894604,5.4196572303772,0.053964
1995-01-10,27.3553409576416,0.0880233719944954,5.18911504745483,0.038514
1995-01-11,27.6180114746094,0.0156593061983585,5.55058526992798,0.038514
1995-01-12,26.2250823974609,0.168898090720177,5.00064563751221,0.038514
1995-01-13,26.5138473510742,0.120355755090714,4.8658618927002,0.025489
1995-01-14,26.4129180908203,0.0893541499972343,4.90027046203613,0.025489
1995-01-15,26.8647975921631,0.00895501021295786,5.3844747543335,0.025489
1995-01-16,27.1835269927979,0.0161611270159483,5.36747264862061,0.025489
1995-01-17,27.7689418792725,0.0191371254622936,5.61839437484741,0.025489
1995-01-18,27.9057540893555,0.0611523389816284,5.91619968414307,0.025489
1995-01-19,28.1714897155762,0.0432510152459145,5.41470193862915,0.025489
1995-01-20,27.560359954834,0.337452262639999,5.8197135925293,0.025489
1995-01-21,27.9523181915283,0.00649744691327214,5.97230434417725,0.025489
1995-01-22,28.8227043151856,0.609489500522614,5.56773853302002,0.025489
1995-01-23,29.2864074707031,1.99770653247833,5.08863306045532,0.025489
1995-01-24,27.3995227813721,6.44787073135376,3.42979836463928,0.025489
1995-01-25,27.182653427124,7.66343832015991,3.55425548553467,0.025489
1995-01-26,27.1938457489014,0.176427990198135,5.10276174545288,0.025489
1995-01-27,27.3918647766113,0.0116301821544766,5.23716592788696,0.025489
1995-01-28,26.9807815551758,0.000827621319331229,5.76020193099976,0.025489
1995-01-29,26.9586887359619,0.00176757643930614,5.83994960784912,0.025489
1995-01-30,28.0593433380127,0.131903737783432,5.04285955429077,0.025489
1995-01-31,28.7494449615479,0.109895549714565,5.12936735153198,0.025489
1995-02-01,27.2538871765137,0.0512977913022041,4.04746103286743,
1995-02-02,26.9939651489258,0.150241449475288,4.20581483840942,
1995-02-03,27.1764430999756,0.478278398513794,5.24386501312256,
1995-02-04,27.0028457641602,1.65167999267578,4.74948215484619,
1995-02-05,26.7861423492432,3.12458443641663,4.54607057571411,
1995-02-06,27.708044052124,0.515840470790863,5.2567253112793,
1995-02-07,27.9514999389648,0.0144055774435401,5.41108131408691,
1995-02-08,27.9102344512939,0.0136127127334476,5.02339124679565,
1995-02-09,28.2463684082031,0.0729691982269287,5.00699138641357,
1995-02-10,28.1513748168945,0.0376039557158947,5.05689096450806,
1995-02-11,27.9255771636963,0.0259846169501543,5.35976696014404,
1995-02-12,28.2336139678955,0.0243956707417965,4.82848882675171,
1995-02-13,29.0355358123779,0.0178160928189754,5.18011093139648,
1995-02-14,29.0129241943359,0.0671734362840653,5.48363256454468,
1995-02-15,28.6046714782715,0.0166854579001665,5.52092361450195,
1995-02-16,29.0514793395996,0.0129049401730299,5.42532157897949,
1995-02-17,29.052619934082,0.0271758940070868,5.81999826431274,
1995-02-18,27.9021759033203,0.303558647632599,4.36105680465698,
1995-02-19,28.1117305755615,0.272090524435043,4.7612771987915,
1995-02-20,27.0074596405029,0.0514869578182697,4.66283130645752,
1995-02-21,26.7436122894287,0.0547257587313652,4.26460695266724,
1995-02-22,27.0947093963623,1.28840434551239,4.60942602157593,
1995-02-23,27.2927188873291,1.28421330451965,4.75177764892578,
1995-02-24,27.6117534637451,0.332997590303421,4.61816596984863,
1995-02-25,27.6957874298096,0.154311850667,4.5312123298645,
1995-02-26,27.5313415527344,0.546651959419251,4.63215017318726,
1995-02-27,27.6256237030029,0.419930249452591,5.03772735595703,
1995-02-28,27.5556964874268,0.257889717817307,4.43079900741577,
1995-03-01,27.9446468353272,0.520001828670502,4.50084829330444,0
1995-03-02,27.2241020202637,0.31391853094101,4.54515361785889,0
1995-03-03,27.4693069458008,0.24297060072422,4.7822904586792,0
1995-03-04,27.0575923919678,0.548295557498932,3.68708419799805,0
1995-03-05,26.8452224731445,4.19287919998169,4.69902896881104,0
1995-03-06,26.98166847229,0.902681469917297,4.2794132232666,0
1995-03-07,26.7022304534912,0.365923404693604,4.28992033004761,0
1995-03-08,26.4106254577637,0.669018149375916,4.50810050964356,0
1995-03-09,26.2933883666992,1.40083587169647,4.26191091537476,0
1995-03-10,26.3368644714356,3.85030364990234,3.92299890518189,0
1995-03-11,26.7709732055664,1.1275235414505,4.82642650604248,0
1995-03-12,27.1353340148926,0.251158893108368,5.09122705459595,0
1995-03-13,27.4198150634766,1.42946481704712,4.47253370285034,0
1995-03-14,27.5127563476563,2.68967866897583,4.66463136672974,0
1995-03-15,25.1578807830811,4.72020626068115,2.62088370323181,0
1995-03-16,27.5505695343018,3.56731820106506,3.97923564910889,0
1995-03-17,27.3671016693115,4.34428262710571,3.70416069030762,0
1995-03-18,26.1632499694824,9.84121990203857,2.53174090385437,0
1995-03-19,26.4720649719238,16.508659362793,3.42033219337463,0
1995-03-20,26.6357860565186,3.06467151641846,3.9001944065094,0
1995-03-21,26.5428123474121,1.0188981294632,3.97521758079529,0
1995-03-22,26.8617897033691,0.408159017562866,3.92974615097046,0
1995-03-23,27.2508907318115,0.161395609378815,4.08463668823242,0
1995-03-24,26.9699649810791,16.6979713439941,2.44900560379028,0.045958
1995-03-25,26.8971614837647,7.70319700241089,2.70283102989197,0.053964
1995-03-26,25.7846145629883,16.3975296020508,1.95107018947601,0.546732
1995-03-27,24.2855319976807,13.9424409866333,0.934127748012543,
1995-03-28,25.1497974395752,4.18070125579834,1.74879515171051,
1995-03-29,25.9109554290772,1.54941034317017,2.96146416664124,0.726885
1995-03-30,26.1148414611816,0.730838000774384,3.67504024505615,0.532755
1995-03-31,26.6739177703857,4.27463722229004,3.54578757286072,0.294008
1995-04-01,26.864294052124,1.871333360672,3.66093730926514,0.225634
1995-04-02,27.4363384246826,0.527728796005249,3.77024483680725,0.51895
1995-04-03,27.2837238311768,0.701073408126831,3.73049473762512,0.225634
1995-04-04,26.1306858062744,1.58915221691132,2.73299431800842,0.194585
1995-04-05,25.7601127624512,4.0207371711731,2.97397446632385,0.114267
1995-04-06,25.2255840301514,3.19923329353333,2.47430109977722,0.151981
1995-04-07,25.435619354248,7.02662944793701,2.5136981010437,0.331311
1995-04-08,24.6013355255127,7.60908603668213,1.64715647697449,0.560883
1995-04-09,24.6991882324219,4.32692670822144,2.13219738006592,0.433374
1995-04-10,24.7538223266602,5.49533891677856,3.38161396980286,0.589639
1995-04-11,24.5807456970215,4.94694757461548,2.61014461517334,0.546732
1995-04-12,26.0240249633789,3.79308605194092,3.19988775253296,0.619044
1995-04-13,26.3634490966797,3.74559831619263,3.80824756622314,0.619044
1995-04-14,25.8410320281982,17.4836101531982,2.58336162567139,
1995-04-15,24.3316802978516,5.63740634918213,1.08263385295868,
1995-04-16,23.3470993041992,6.84176969528198,1.21008312702179,
1995-04-17,24.3402824401856,2.34752535820007,2.69807267189026,
1995-04-18,24.2102222442627,0.141378715634346,2.53034663200378,
1995-04-19,25.4690704345703,0.558076739311218,3.08413910865784,
1995-04-20,25.8360614776611,4.40751218795776,3.48645710945129,
1995-04-21,25.7914924621582,0.125543087720871,3.46294951438904,
1995-04-22,26.0596141815186,0.231524005532265,3.36216306686401,
1995-04-23,26.3178596496582,0.219301491975784,3.48236727714539,0.151981
1995-04-24,25.4356346130371,0.296188086271286,3.31472659111023,0.114267
1995-04-25,25.5856246948242,0.710186779499054,3.38429760932922,0.114267
1995-04-26,24.4857959747315,3.71402335166931,2.10920882225037,0.138868
1995-04-27,23.2709178924561,2.73325896263123,2.28504300117493,0.114267
1995-04-28,22.8882942199707,1.37139165401459,1.57734858989716,0.091894
1995-04-29,24.4645671844482,6.80143451690674,2.26501059532166,0.091894
1995-04-30,24.9860916137695,1.44136488437653,2.5107364654541,0.126297
1995-05-01,25.505973815918,0.582928657531738,3.09252595901489,0.114267
1995-05-02,25.454963684082,0.250834822654724,3.17609333992004,0.091894
1995-05-03,25.8963260650635,0.136726394295692,2.99527668952942,0.091894
1995-05-04,25.3243980407715,0.525356829166412,2.48543047904968,0.091894
1995-05-05,24.5262851715088,2.82275176048279,2.97498822212219,0.091894
1995-05-06,24.6067390441895,1.38580906391144,2.59325432777405,0.091894
1995-05-07,25.0526809692383,0.225266337394714,2.63205146789551,0.071793
1995-05-08,25.6645278930664,0.316950857639313,3.26570677757263,0.071793
1995-05-09,25.7289867401123,0.613822221755981,2.04085731506348,0.081551
1995-05-10,24.8025417327881,12.2682085037231,2.06754374504089,0.071793
1995-05-11,25.4500713348389,1.57787525653839,2.68607521057129,0.071793
1995-05-12,25.293758392334,2.9287006855011,2.48575067520142,0.102799
1995-05-13,24.6850070953369,3.03865075111389,2.50298571586609,0.411953
1995-05-14,24.6804237365723,8.80804634094238,2.23970293998718,0.633974
1995-05-15,24.3123359680176,4.62261915206909,2.22145223617554,0.331311
1995-05-16,24.5362854003906,5.7522783279419,2.86432695388794,0.225634
1995-05-17,24.3807067871094,2.4280800819397,2.46016430854797,0.209839
1995-05-18,24.9863147735596,1.03672611713409,2.90705418586731,0.194585
1995-05-19,24.7801342010498,0.26775848865509,3.20517158508301,0.151981
1995-05-20,24.5464172363281,0.958810210227966,2.12767744064331,0.114267
1995-05-21,24.4123668670654,0.63822865486145,2.05768942832947,0.114267
1995-05-22,24.4086399078369,3.08568596839905,1.89783453941345,0.17985
1995-05-23,23.5553112030029,4.99630069732666,1.02844178676605,0.51895
1995-05-24,23.4315662384033,5.72005939483643,1.49423253536224,0.225634
1995-05-25,23.7114543914795,2.14476203918457,1.63541734218597,0.151981
1995-05-26,24.0921001434326,4.32644462585449,2.14082336425781,0.151981
1995-05-27,23.0114002227783,5.58416175842285,2.16791272163391,0.138868
1995-05-28,22.1413135528564,0.806850016117096,2.49403715133667,0.114267
1995-05-29,22.6515617370605,0.0108979372307658,2.44087505340576,0.114267
1995-05-30,22.7707958221436,0.00783614255487919,2.82673263549805,0.114267
1995-05-31,22.5711860656738,0.155380249023438,2.12309265136719,0.114267
1995-06-01,22.0373477935791,0.0658400058746338,2.31159639358521,0.091894
1995-06-02,22.3909358978272,0.0766161605715752,2.62377905845642,0.071793
1995-06-03,22.6753463745117,0.108131885528564,3.03435897827148,0.071793
1995-06-04,21.9604988098145,0.0745857879519463,2.11778712272644,0.071793
1995-06-05,21.1706104278564,0.025164220482111,2.66270470619202,0.071793
1995-06-06,20.8886528015137,0.0746048837900162,2.45446538925171,0.071793
1995-06-07,21.087682723999,0.180556640028954,2.64237546920776,0.071793
1995-06-08,21.2584323883057,0.0608709789812565,2.8745710849762,0.071793
1995-06-09,21.7574596405029,0.95709240436554,2.26446270942688,0.071793
1995-06-10,22.3417110443115,0.928150951862335,2.31599712371826,0.071793
1995-06-11,22.1315593719482,3.71656656265259,1.87987697124481,0.071793
1995-06-12,22.5303802490234,2.49076390266418,2.31653308868408,0.071793
1995-06-13,22.5963668823242,2.00548148155212,2.24731969833374,0.071793
1995-06-14,22.1450042724609,2.58003783226013,2.13169932365417,0.071793
1995-06-15,22.2497310638428,0.887589931488037,2.33745098114014,0.071793
1995-06-16,22.0429000854492,0.296412348747253,2.13084936141968,0.071793
1995-06-17,22.3490600585938,0.122639901936054,2.59694194793701,0.071793
1995-06-18,22.4952793121338,0.345437943935394,2.62387752532959,0.071793
1995-06-19,22.8162498474121,1.19973170757294,2.57597327232361,0.071793
1995-06-20,22.1038131713867,0.297812461853027,2.27972745895386,0.071793
1995-06-21,21.9334564208984,2.92199325561523,1.4985568523407,0.071793
1995-06-22,21.7996120452881,0.57708752155304,1.6204195022583,0.071793
1995-06-23,21.7632465362549,0.566036522388458,2.8425121307373,0.071793
1995-06-24,22.4972820281982,1.17715406417847,2.01253128051758,0.071793
1995-06-25,23.0269165039063,6.33032941818237,2.20670747756958,0.071793
1995-06-26,22.9369888305664,1.23835957050323,2.39965319633484,0.071793
1995-06-27,22.8686332702637,1.53341102600098,1.68337690830231,0.071793
1995-06-28,22.11305809021,12.5489883422852,1.88304078578949,0.071793
1995-06-29,22.6632595062256,10.3667621612549,2.23223829269409,0.091894
1995-06-30,22.0760917663574,1.63770413398743,2.04095387458801,0.114267
1995-07-01,21.9820938110352,3.85258674621582,1.75573694705963,0.114267
1995-07-02,22.9746417999268,4.26358366012573,2.45335006713867,0.114267
1995-07-03,22.2129573822021,1.18399155139923,2.21070909500122,0.114267
1995-07-04,22.0627250671387,8.1077766418457,1.94515597820282,0.114267
1995-07-05,22.2169075012207,2.62921571731567,1.99583780765533,0.114267
1995-07-06,22.1306171417236,3.09668111801147,2.23296809196472,0.114267
1995-07-07,21.226863861084,0.318953484296799,2.1899266242981,0.114267
1995-07-08,22.5539150238037,0.109828904271126,2.57328176498413,0.114267
1995-07-09,23.4528102874756,0.0324899293482304,2.87749314308167,0.114267
1995-07-10,23.3213634490967,0.0952148213982582,2.41084694862366,0.114267
1995-07-11,22.8071422576904,0.0301951598376036,2.47010469436646,0.102799
1995-07-12,21.4963798522949,3.51784086227417,0.596272230148315,0.091894
1995-07-13,21.5614471435547,11.606348991394,2.03258991241455,0.102799
1995-07-14,22.0082683563232,19.8994064331055,1.58496987819672,0.294008
1995-07-15,21.5900402069092,27.5170421600342,1.30772924423218,0.604266
1995-07-16,21.3378295898438,11.8342161178589,2.32240676879883,0.876767
1995-07-17,21.8143100738525,4.96043491363525,2.27771592140198,1.213314
1995-07-18,21.8629722595215,6.76057720184326,2.49204230308533,0.876767
1995-07-19,21.768087387085,5.91962432861328,1.74525463581085,0.876767
1995-07-20,21.6082305908203,3.48796033859253,2.48043942451477,0.775461
1995-07-21,21.0817470550537,7.33700180053711,1.43320167064667,0.619044
1995-07-22,21.0636539459229,10.4412126541138,2.38114833831787,0.983547
1995-07-23,21.7375812530518,2.45753812789917,2.4962432384491,0.911754
1995-07-24,22.4812679290772,1.27375304698944,2.12401580810547,0.633974
1995-07-25,21.154806137085,6.12959814071655,1.56805992126465,0.633974
1995-07-26,22.1147155761719,7.00330209732056,2.90418887138367,1.114972
1995-07-27,21.7973728179932,8.55879402160645,2.0394811630249,1.057742
1995-07-28,21.149076461792,2.55631875991821,2.41575360298157,0.983547
1995-07-29,20.9782867431641,6.83287239074707,1.55089902877808,0.894185
1995-07-30,21.5309238433838,8.05331802368164,2.43280625343323,1.486118
1995-07-31,20.8208351135254,1.68698716163635,1.95364630222321,0.791949
1995-08-01,21.9456996917725,5.35902786254883,3.05667018890381,1.114972
1995-08-02,20.674783706665,0.518122613430023,3.03613591194153,0.711003
1995-08-03,21.0368556976318,0.340530604124069,2.36795043945313,0.477709
1995-08-04,22.2001399993896,1.34315621852875,2.83082175254822,0.294008
1995-08-05,22.5383071899414,0.366844117641449,2.41087436676025,0.225634
1995-08-06,22.9661655426025,0.996596455574036,2.31903600692749,0.17985
1995-08-07,22.9004306793213,3.7722315788269,2.94358420372009,0.165634
1995-08-08,22.46803855896,0.773417353630066,2.80023694038391,0.165634
1995-08-09,21.3406963348389,0.0131830833852291,2.65055704116821,0.165634
1995-08-10,21.1677112579346,0.100484400987625,3.22362351417542,0.138868
1995-08-11,21.2707996368408,0.0388257652521133,3.06142902374268,0.102799
1995-08-12,21.3817443847656,0.227722629904747,2.30023789405823,0.091894
1995-08-13,22.0923500061035,0.88527899980545,2.02606105804443,0.091894
1995-08-14,21.5162239074707,0.673473358154297,2.26951456069946,0.091894
1995-08-15,21.4309825897217,0.130196586251259,2.62725949287415,0.081551
1995-08-16,22.3100738525391,0.0316015891730785,3.27265119552612,0.091894
1995-08-17,23.1196136474609,0.564972102642059,2.94689464569092,0.091894
1995-08-18,22.523946762085,2.44975996017456,2.9056568145752,0.091894
1995-08-19,22.6707077026367,0.200719937682152,3.0623996257782,0.091894
1995-08-20,22.2277240753174,1.28649294376373,2.73703026771545,0.091894
1995-08-21,21.3125743865967,1.56531548500061,2.16633558273315,0.091894
1995-08-22,21.4039840698242,7.16606664657593,2.17689847946167,0.091894
1995-08-23,21.6919288635254,2.71367621421814,3.00046396255493,0.102799
1995-08-24,21.06813621521,0.879436612129211,2.80153846740723,0.102799
1995-08-25,20.9056034088135,2.11022591590881,2.58936738967896,0.091894
1995-08-26,21.5245132446289,4.18225812911987,2.3552508354187,0.081551
1995-08-27,21.6635799407959,1.9368040561676,3.17808723449707,0.081551
1995-08-28,21.8677845001221,0.552880942821503,3.07097744941711,0.081551
1995-08-29,22.911096572876,0.25006115436554,2.97485756874084,0.081551
1995-08-30,21.9088134765625,0.615171194076538,2.62131786346436,0.081551
1995-08-31,21.5705394744873,0.274406403303146,2.89237904548645,0.071793
1995-09-01,23.2799167633057,4.03522062301636,2.63919973373413,0.071793
1995-09-02,23.240119934082,1.19962334632874,3.60038328170776,0.071793
1995-09-03,21.4872760772705,7.20767930033617e-05,3.63042998313904,0.071793
1995-09-04,21.7554512023926,0.36156576871872,3.51335096359253,0.071793
1995-09-05,19.9090843200684,8.02090263366699,1.01810920238495,0.071793
1995-09-06,21.070686340332,17.4266300201416,2.03596806526184,0.071793
1995-09-07,20.138786315918,1.39658534526825,1.32809674739838,0.17985
1995-09-08,21.4750709533691,3.17982339859009,2.13395667076111,0.17985
1995-09-09,22.2882747650146,5.14134740829468,2.89409232139587,0.165634
1995-09-10,23.4127101898193,4.60911893844605,3.40959405899048,0.151981
1995-09-11,23.4200763702393,0.13547295331955,3.24496603012085,0.126297
1995-09-12,22.9683856964111,0.023422135040164,3.91750335693359,0.114267
1995-09-13,22.7432994842529,0.140764340758324,3.47014665603638,0.114267
1995-09-14,23.250883102417,0.0720306187868118,3.64325952529907,0.091894
1995-09-15,23.644323348999,0.239940643310547,3.68451976776123,0.071793
1995-09-16,24.5701713562012,0.0195741206407547,4.53036737442017,0.071793
1995-09-17,24.3376312255859,0.177729859948158,3.81941556930542,0.071793
1995-09-18,24.6773586273193,0.225088089704514,3.58540916442871,0.071793
1995-09-19,24.0842819213867,0.512590169906616,3.37192940711975,0.062597
1995-09-20,23.8865413665772,0.104015715420246,3.51890873908997,0.053964
1995-09-21,23.3727550506592,0.3987917304039,3.36181163787842,0.053964
1995-09-22,23.1187019348145,0.218040019273758,3.4517502784729,0.053964
1995-09-23,22.9837150573731,0.659377455711365,3.25418066978455,0.053964
1995-09-24,22.6408920288086,1.86069405078888,3.34378743171692,0.053964
1995-09-25,23.2627449035645,0.739142656326294,4.04548120498657,0.053964
1995-09-26,23.4301147460938,2.12769722938538,3.52324557304382,0.071793
1995-09-27,23.524097442627,2.2113037109375,3.27799963951111,0.053964
1995-09-28,23.9285392761231,1.47495996952057,3.74663972854614,0.053964
1995-09-29,24.5027198791504,0.204043477773666,3.48294377326965,0.053964
1995-09-30,24.0940628051758,0.249042436480522,4.10430431365967,0.053964
1995-10-01,22.7868556976318,0.156581193208694,2.99373197555542,0.053964
1995-10-02,23.4277229309082,2.55722880363464,3.56830024719238,0.053964
1995-10-03,24.7563591003418,0.175917655229568,3.92176246643066,0.053964
1995-10-04,24.9119548797607,0.046634167432785,3.43529796600342,0.053964
1995-10-05,24.8015995025635,0.0173552911728621,3.40103554725647,0.053964
1995-10-06,23.9402866363525,0.00451793754473329,4.84322166442871,0.053964
1995-10-07,24.8910903930664,0.00100602314341813,5.22511100769043,0.053964
1995-10-08,26.119068145752,0.050209891051054,3.38320994377136,0.038514
1995-10-09,26.9919414520264,0.0384952239692211,3.74539136886597,0.038514
1995-10-10,26.5081729888916,0.458616018295288,3.59620046615601,0.038514
1995-10-11,25.6354274749756,1.49035918712616,2.39520835876465,0.038514
1995-10-12,25.8909511566162,0.933836102485657,3.45994520187378,0.038514
1995-10-13,26.0361328125,0.629861772060394,4.70054864883423,0.038514
1995-10-14,26.6729755401611,0.0454978868365288,5.26489305496216,0.038514
1995-10-15,26.6545753479004,0.0162645522505045,5.0208215713501,0.038514
1995-10-16,25.4420757293701,0.0429753884673119,4.50056505203247,0.038514
1995-10-17,24.2435474395752,0.22530297935009,3.59864830970764,0.038514
1995-10-18,24.5482940673828,1.39382493495941,3.65802454948425,0.038514
1995-10-19,25.0784549713135,0.094286248087883,3.55919408798218,0.038514
1995-10-20,24.2906494140625,0.292382806539536,3.93666195869446,0.038514
1995-10-21,25.8925228118897,0.0268357992172241,4.89989614486694,0.038514
1995-10-22,26.3200187683105,0.150690749287605,4.03268718719482,0.038514
1995-10-23,24.7607612609863,4.54835510253906,2.80848741531372,0.045958
1995-10-24,23.0793113708496,17.5912246704102,1.32892024517059,0.053964
1995-10-25,24.2157516479492,11.9171457290649,3.88756608963013,0.053964
1995-10-26,23.7959651947022,7.59381484985352,2.77756190299988,0.053964
1995-10-27,24.3538303375244,2.96183204650879,3.79427433013916,0.053964
1995-10-28,25.6987190246582,0.0545977875590324,4.65400409698486,0.053964
1995-10-29,25.1045398712158,0.00640816008672118,4.3482928276062,0.053964
1995-10-30,24.4325504302979,0.0242089610546827,4.57678604125977,0.053964
1995-10-31,24.1146106719971,0.220363274216652,4.2125997543335,0.053964
1995-11-01,24.3766746520996,0.274768143892288,4.92991590499878,0.053964
1995-11-02,24.5374507904053,0.645979046821594,3.58420825004578,0.053964
1995-11-03,25.2197723388672,4.46402597427368,4.10785293579102,0.053964
1995-11-04,24.2853450775147,2.95503306388855,3.53808116912842,0.053964
1995-11-05,24.1721992492676,2.35288619995117,4.00146007537842,0.053964
1995-11-06,23.5730018615723,4.83722639083862,3.16542625427246,0.053964
1995-11-07,23.6248207092285,6.93606185913086,3.28813624382019,0.053964
1995-11-08,23.3650665283203,7.19069242477417,3.06163930892944,0.091894
1995-11-09,23.955322265625,3.62378239631653,3.37885189056397,0.102799
1995-11-10,25.1919384002686,5.4665117263794,4.31433820724487,0.091894
1995-11-11,25.742359161377,0.0569502897560597,4.82516050338745,0.091894
1995-11-12,25.5273685455322,0.23388597369194,3.97735786437988,0.081551
1995-11-13,26.4763088226318,3.75884675979614,4.80243158340454,0.081551
1995-11-14,25.0929298400879,0.488107562065125,3.86783909797668,0.071793
1995-11-15,25.6448287963867,0.186148092150688,3.90877842903137,0.062597
1995-11-16,25.7510738372803,0.00599364656955004,4.30320119857788,0.062597
1995-11-17,25.5909900665283,0.710185348987579,2.81061506271362,0.053964
1995-11-18,26.1944561004639,0.0883163064718247,3.17281007766724,0.062597
1995-11-19,26.0794334411621,0.542285442352295,2.89991974830627,0.053964
1995-11-20,24.618932723999,17.6542663574219,1.51412558555603,0.091894
1995-11-21,22.6253910064697,13.437294960022,2.75765156745911,0.294008
1995-11-22,22.5776290893555,0.193882212042809,3.3541214466095,0.091894
1995-11-23,23.2230129241943,1.2980055809021,3.75565791130066,0.091894
1995-11-24,23.3552703857422,0.516741275787354,2.81824588775635,0.091894
1995-11-25,24.1675148010254,2.6351146697998,3.54175043106079,0.081551
1995-11-26,24.6434783935547,6.19882726669312,2.32741856575012,0.071793
1995-11-27,24.2739753723145,34.5898628234863,1.88872408866882,0.225634
1995-11-28,25.4259777069092,3.9344961643219,2.68948173522949,0.17985
1995-11-29,25.9828586578369,1.70359230041504,3.6893036365509,0.209839
1995-11-30,25.1007461547852,0.885386765003204,3.88820695877075,0.294008
1995-12-01,24.9718379974365,0.255481958389282,3.91963124275208,0.151981
1995-12-02,25.2697353363037,1.3004298210144,4.05449867248535,0.102799
1995-12-03,25.3706016540527,0.238455206155777,4.1933388710022,0.071793
1995-12-04,25.4699363708496,0.0928192362189293,4.8560676574707,0.071793
1995-12-05,25.7613143920898,0.300906777381897,4.21049928665161,0.053964
1995-12-06,24.1509513854981,5.22536325454712,1.16779983043671,0.053964
1995-12-07,24.2006454467773,19.7275085449219,1.36607158184052,0.053964
1995-12-08,25.0955123901367,16.1198787689209,2.55831170082092,0.370626
1995-12-09,25.6640129089356,11.454963684082,2.82275795936584,0.759103
1995-12-10,24.1828937530518,32.4685821533203,0.948433518409729,1.597529
1995-12-11,24.4459075927734,4.49139976501465,2.09079003334045,3.502264
1995-12-12,25.81298828125,2.79244565963745,3.72484087944031,1.464264
1995-12-13,26.0310497283936,1.93714189529419,4.30768203735352,1.076674
1995-12-14,27.2212333679199,0.00766353821381927,5.13931941986084,0.825421
1995-12-15,25.9363098144531,6.02415180206299,2.8090512752533,2.233818
1995-12-16,26.5866317749023,9.12665557861328,3.55248069763184,1.001874
1995-12-17,26.3023262023926,0.371689587831497,4.65479230880737,1.643097
1995-12-18,26.4642505645752,0.0393101498484612,4.98726987838745,1.038982
1995-12-19,25.7355442047119,0.00109611102379859,5.35539102554321,0.560883
1995-12-20,25.7938003540039,0.00160417438019067,5.46045970916748,0.411953
1995-12-21,25.5422344207764,0.0222739279270172,4.69876384735107,0.114267
1995-12-22,26.5875587463379,1.5993537902832,4.78532028198242,0.114267
1995-12-23,25.410530090332,8.21924686431885,2.77773070335388,0.51895
1995-12-24,25.5137615203857,1.43132770061493,2.57888841629028,0.276136
1995-12-25,25.4655590057373,0.647324085235596,2.79384064674377,0.194585
1995-12-26,25.738187789917,0.858829498291016,2.91181015968323,0.138868
1995-12-27,25.3775901794434,1.66342115402222,2.4058530330658,0.091894
1995-12-28,25.8829917907715,6.3444094657898,3.15918469429016,0.091894
1995-12-29,25.9892997741699,5.31341600418091,2.32925200462341,0.091894
1995-12-30,26.404260635376,1.65412747859955,3.12661719322205,0.091894
1995-12-31,26.4286594390869,0.549351155757904,3.53400421142578,0.091894
1996-01-01,26.3198699951172,0.0867051780223846,4.31949377059937,0.138868
1996-01-02,26.3105926513672,0.0374456383287907,4.54787635803223,0.126297
1996-01-03,25.5173873901367,0.208209648728371,4.28204250335693,0.091894
1996-01-04,25.5693988800049,5.96624374389648,4.59540462493897,0.091894
1996-01-05,25.511287689209,0.0346097201108933,4.24934530258179,0.071793
1996-01-06,25.093391418457,0.0370534807443619,4.69961023330689,0.071793
1996-01-07,25.6699676513672,0.0914543494582176,4.76244068145752,0.071793
1996-01-08,26.0167808532715,0.158786728978157,4.30411386489868,0.053964
1996-01-09,25.9317378997803,0.052519790828228,4.07162141799927,0.053964
1996-01-10,26.3811168670654,0.0815517753362656,4.06192588806152,0.038514
1996-01-11,26.2404174804688,0.318484991788864,3.58677983283997,0.038514
1996-01-12,25.4722671508789,0.0766678974032402,3.34118604660034,0.038514
1996-01-13,24.8618469238281,1.39091432094574,4.11099863052368,0.038514
1996-01-14,25.1561126708984,1.77044379711151,4.1392707824707,0.038514
1996-01-15,25.2848014831543,2.8176543712616,4.07869958877564,0.053964
1996-01-16,24.7814788818359,1.25660169124603,3.869060754776,0.053964
1996-01-17,25.3714847564697,5.22574281692505,4.07551097869873,0.053964
1996-01-18,26.5955371856689,0.528450429439545,4.87537860870361,0.053964
1996-01-19,26.5576782226563,0.0346648544073105,4.35902070999146,0.038514
1996-01-20,25.9124870300293,0.408327788114548,3.99003982543945,0.038514
1996-01-21,25.7014999389648,0.40640589594841,4.32573509216309,0.038514
1996-01-22,25.6095085144043,0.19368115067482,4.24891757965088,0.038514
1996-01-23,26.2327461242676,0.182358264923096,5.06698751449585,0.038514
1996-01-24,26.5160083770752,0.21148781478405,4.20149421691895,0.038514
1996-01-25,26.1709880828857,1.24181365966797,4.01678085327148,0.038514
1996-01-26,27.0729141235352,1.05668914318085,5.12383079528809,0.038514
1996-01-27,26.2971324920654,0.0726758316159248,4.38098049163818,0.038514
1996-01-28,25.8656902313232,0.404707878828049,3.31818771362305,0.038514
1996-01-29,26.0045833587647,1.38451755046844,3.23797607421875,0.038514
1996-01-30,26.7440700531006,8.29041767120361,4.26006984710693,0.045958
1996-01-31,26.7530460357666,0.507600545883179,4.17216014862061,0.045958
1996-02-01,27.1273326873779,0.497136652469635,4.98106908798218,0.045958
1996-02-02,27.5578384399414,0.159080788493156,4.87045764923096,0.045958
1996-02-03,27.0948867797852,0.26264038681984,4.46278858184814,0.038514
1996-02-04,27.0217189788818,0.192635849118233,5.61044836044312,0.038514
1996-02-05,26.9809741973877,0.0669373273849487,4.72440242767334,0.038514
1996-02-06,27.0626792907715,0.0847086012363434,4.5666880607605,0.038514
1996-02-07,26.9139499664307,0.0275689717382193,5.33523225784302,0.038514
1996-02-08,27.996883392334,0.0454457774758339,5.28127288818359,0.038514
1996-02-09,27.560302734375,0.0104296077042818,5.21128368377686,0.038514
1996-02-10,27.4597053527832,0.00739879300817847,5.49195623397827,0.038514
1996-02-11,26.5590667724609,0.0149104231968522,5.0849814414978,0.031699
1996-02-12,25.8731346130371,0.180227637290955,4.15709638595581,0.031699
1996-02-13,26.2045574188232,2.61635041236877,3.87347841262817,0.038514
1996-02-14,25.9392242431641,3.55502986907959,4.01264667510986,0.038514
1996-02-15,25.5795135498047,3.94674062728882,3.0117461681366,0.038514
1996-02-16,26.2746353149414,3.49292707443237,3.83484387397766,0.038514
1996-02-17,26.1462078094482,3.03779888153076,3.33408951759338,0.038514
1996-02-18,26.888521194458,2.29798555374146,4.3020167350769,0.038514
1996-02-19,26.6005363464356,0.940767705440521,3.65037202835083,0.038514
1996-02-20,26.913272857666,0.583655953407288,4.22776317596436,0.038514
1996-02-21,27.4158344268799,0.199505835771561,4.48496389389038,0.038514
1996-02-22,28.2979774475098,0.241224259138107,4.67889356613159,0.038514
1996-02-23,27.9831314086914,0.219654604792595,4.36103105545044,0.025489
1996-02-24,27.6242275238037,0.130456820130348,4.90530014038086,0.025489
1996-02-25,26.446252822876,0.0715883001685143,4.74128150939941,0.025489
1996-02-26,25.8588256835938,0.0212302748113871,5.08885860443115,0.025489
1996-02-27,26.7218570709229,0.144465565681458,4.48802089691162,0.025489
1996-02-28,26.7125015258789,0.169958844780922,4.3566312789917,0.025489
1996-02-29,26.2208232879639,16.7729206085205,4.19627475738525,0.025489
1996-03-01,27.3420391082764,0.121508896350861,4.47984266281128,0.031699
1996-03-02,27.6900329589844,0.307562202215195,4.65168142318726,0.031699
1996-03-03,27.632287979126,0.234195753931999,4.51837968826294,0.031699
1996-03-04,26.7884426116943,0.451117783784866,4.4158787727356,0.031699
1996-03-05,27.1873931884766,0.111611433327198,4.29155826568604,0.025489
1996-03-06,27.4959945678711,1.24320435523987,3.75082015991211,0.025489
1996-03-07,27.7632026672363,0.575648546218872,3.78564190864563,0.038514
1996-03-08,28.1739540100098,1.08077526092529,4.15625476837158,0.031699
1996-03-09,28.5533180236816,0.344873547554016,4.41383981704712,0.031699
1996-03-10,28.8000183105469,0.0394415631890297,4.79567718505859,0.025489
1996-03-11,27.7539443969727,0.298142939805985,3.75133275985718,0.025489
1996-03-12,27.7056674957275,0.880402803421021,3.90050315856934,0.025489
1996-03-13,28.5126075744629,0.574081778526306,3.69334769248962,0.025489
1996-03-14,28.0426082611084,1.91051495075226,3.78014183044434,0.025489
1996-03-15,25.9872722625732,19.9478149414063,1.79272043704987,0.276136
1996-03-16,26.6858253479004,3.52222394943237,3.56151580810547,0.138868
1996-03-17,27.6659412384033,0.338488221168518,3.98389720916748,0.102799
1996-03-18,27.3229351043701,0.76070511341095,3.8940007686615,0.091894
1996-03-19,28.0520458221436,2.82885980606079,4.7446665763855,0.071793
1996-03-20,27.5469608306885,0.072204053401947,4.09752988815308,0.053964
1996-03-21,27.9663696289063,0.113702423870564,4.18790531158447,0.038514
1996-03-22,27.7075977325439,0.310003906488419,4.26624393463135,0.025489
1996-03-23,27.9604911804199,0.076597310602665,4.30480432510376,0.025489
1996-03-24,28.4318618774414,0.160065606236458,4.820387840271,0.025489
1996-03-25,28.9799556732178,5.05076932907105,4.66703605651856,0.025489
1996-03-26,28.3635482788086,1.10742974281311,3.69217991828918,0.025489
1996-03-27,27.1448268890381,0.803786873817444,3.50422430038452,0.025489
1996-03-28,27.0457153320313,3.73495650291443,3.83499073982239,0.025489
1996-03-29,26.296895980835,4.51820659637451,3.40485048294067,0.025489
1996-03-30,26.5289077758789,18.4879417419434,2.08219575881958,0.031699
1996-03-31,27.2640533447266,3.76325106620789,3.69937562942505,0.045958
1996-04-01,27.2070503234863,2.99883460998535,4.22850275039673,0.209839
1996-04-02,27.335958480835,1.79510974884033,4.35289525985718,0.165634
1996-04-03,27.0506153106689,1.54131066799164,3.08192491531372,0.126297
1996-04-04,26.3398551940918,3.66852259635925,2.70460534095764,0.091894
1996-04-05,26.2019996643066,4.62691164016724,3.602046251297,0.081551
1996-04-06,26.9627513885498,0.352962136268616,3.95513868331909,0.081551
1996-04-07,26.5551109313965,0.335758626461029,3.48192811012268,0.081551
1996-04-08,27.4169902801514,0.188668116927147,3.63939261436462,0.071793
1996-04-09,26.9928016662598,0.126007467508316,3.80604887008667,0.053964
1996-04-10,26.715087890625,0.062756359577179,4.17367887496948,0.053964
1996-04-11,26.5770511627197,0.257828384637833,3.55664491653442,0.062597
1996-04-12,27.0878582000732,0.460601329803467,3.95958542823792,0.062597
1996-04-13,26.8929119110107,0.999688386917114,3.61825108528137,0.062597
1996-04-14,26.6884117126465,3.76247310638428,3.00608801841736,0.062597
1996-04-15,26.8029613494873,8.54177474975586,3.41467642784119,0.062597
1996-04-16,26.3341312408447,1.6655820608139,3.56753659248352,0.071793
1996-04-17,26.6684856414795,0.029587883502245,4.17981386184692,0.062597
1996-04-18,26.978702545166,0.00736173056066036,4.1929030418396,0.062597
1996-04-19,24.6421165466309,0.563979983329773,2.08232188224792,0.062597
1996-04-20,23.3926010131836,0.398396909236908,1.72880184650421,0.053964
1996-04-21,23.7273197174072,0.490925550460815,2.65170097351074,0.053964
1996-04-22,24.0393257141113,0.0328677296638489,3.45935010910034,0.053964
1996-04-23,24.8793888092041,0.00422181654721499,3.99582004547119,0.053964
1996-04-24,24.8637466430664,0.0403724499046803,1.85307729244232,0.053964
1996-04-25,25.9934539794922,1.76736831665039,2.62700009346008,0.053964
1996-04-26,26.5287170410156,4.69379663467407,3.29493451118469,0.053964
1996-04-27,25.7347259521484,0.456076234579086,3.67301750183105,0.053964
1996-04-28,24.5038051605225,0.575534224510193,2.86659049987793,0.053964
1996-04-29,23.5029926300049,0.508353412151337,1.83725464344025,0.053964
1996-04-30,23.6362228393555,3.64082360267639,1.78808116912842,0.038514
1996-05-01,24.0407752990723,2.00230669975281,2.07176947593689,0.038514
1996-05-02,24.7989692687988,1.97705590724945,2.80295085906982,0.038514
1996-05-03,25.2098197937012,0.455075412988663,2.9789137840271,0.038514
1996-05-04,25.3325881958008,2.86301350593567,2.78459763526917,0.038514
1996-05-05,24.3422660827637,0.686704933643341,2.51542949676514,0.038514
1996-05-06,23.9365310668945,0.00405141152441502,3.08756232261658,0.038514
1996-05-07,22.9377727508545,0.0129264984279871,3.74782514572144,0.038514
1996-05-08,24.0291366577148,0.0704061165452004,3.31618499755859,0.031699
1996-05-09,23.499303817749,0.00631421804428101,3.19535970687866,0.038514
1996-05-10,23.3803520202637,0.0033103812020272,3.30537748336792,0.038514
1996-05-11,24.0217018127441,0.000702697783708572,3.74057626724243,0.038514
1996-05-12,24.3671455383301,0.00259120855480433,3.15343594551086,0.038514
1996-05-13,23.7060508728027,0.0400934033095837,2.81643104553223,0.031699
1996-05-14,23.3779621124268,0.00341790961101651,3.43174910545349,0.025489
1996-05-15,24.268159866333,2.01449965970824e-05,3.8434042930603,0.025489
1996-05-16,25.3231658935547,1.83792326424737e-05,4.00461626052856,0.025489
1996-05-17,25.1341972351074,0.00141537678427994,3.23469924926758,0.025489
1996-05-18,24.2396602630615,0.0973878279328346,1.57793009281158,0.031699
1996-05-19,25.5097560882568,0.264120280742645,2.33426976203918,0.031699
1996-05-20,26.123046875,0.172199204564095,2.71400833129883,0.031699
1996-05-21,24.8416385650635,2.29613733291626,1.82062911987305,0.031699
1996-05-22,23.9056415557861,0.406217008829117,2.28649592399597,0.031699
1996-05-23,24.973274230957,0.0243060663342476,3.4601149559021,0.031699
1996-05-24,24.5133266448975,0.0631254985928536,2.46446967124939,0.031699
1996-05-25,23.5421581268311,0.0607689432799816,2.69250726699829,0.025489
1996-05-26,22.5971813201904,0.00469909235835075,3.41427159309387,0.025489
1996-05-27,21.7465972900391,0.0879834666848183,2.25501799583435,0.025489
1996-05-28,22.3406543731689,0.0419843420386314,2.3125593662262,0.025489
1996-05-29,22.6412200927734,0.0782570540904999,1.82424986362457,0.019906
1996-05-30,23.0348453521729,0.230844706296921,2.20962738990784,0.025489
1996-05-31,22.4785976409912,0.102384656667709,2.47104573249817,0.025489
1996-06-01,22.4406986236572,0.0221771206706762,3.08416485786438,0.025489
1996-06-02,23.2256126403809,0.118013672530651,2.10549855232239,0.025489
1996-06-03,23.2270431518555,0.259146898984909,3.00222492218018,0.025489
1996-06-04,21.7290191650391,0.212799489498138,2.00371718406677,0.025489
1996-06-05,21.9362850189209,0.192182004451752,2.17520546913147,0.025489
1996-06-06,22.7068576812744,4.78069543838501,2.25444340705872,0.025489
1996-06-07,23.046459197998,1.61923050880432,2.55584168434143,0.025489
1996-06-08,23.9709854125977,0.075492300093174,2.63851976394653,0.025489
1996-06-09,23.1425914764404,0.26393935084343,2.72983956336975,0.025489
1996-06-10,21.8923435211182,1.13154077529907,2.22011995315552,0.025489
1996-06-11,21.5070819854736,0.672368228435516,1.90291392803192,0.025489
1996-06-12,22.0371265411377,0.92607969045639,2.08108115196228,0.025489
1996-06-13,21.8964557647705,3.2496657371521,1.74137401580811,0.025489
1996-06-14,21.8520908355713,3.1863968372345,2.2256817817688,0.025489
1996-06-15,22.3047389984131,0.443440496921539,2.74124097824097,0.025489
1996-06-16,21.9133586883545,0.534003913402557,1.90279316902161,0.025489
1996-06-17,23.0898723602295,0.283965200185776,2.16477751731873,0.025489
1996-06-18,23.3159236907959,0.347178071737289,2.88930010795593,0.025489
1996-06-19,22.951753616333,0.0136349629610777,2.84330630302429,0.025489
1996-06-20,21.7975826263428,0.00726462295278907,2.58038067817688,0.025489
1996-06-21,23.1800289154053,4.90298223495483,1.89921963214874,0.038514
1996-06-22,23.1352920532227,5.93136978149414,2.2562689781189,0.038514
1996-06-23,22.7467041015625,0.0227484628558159,3.04590201377869,0.038514
1996-06-24,23.2699928283691,0.0303631108254194,2.66872239112854,0.031699
1996-06-25,22.195743560791,0.070718914270401,1.62248766422272,0.025489
1996-06-26,22.5456123352051,0.202362582087517,2.00583171844482,0.038514
1996-06-27,24.3535537719727,0.028180630877614,3.13198637962341,0.038514
1996-06-28,24.373405456543,0.00664016138762236,3.16514778137207,0.038514
1996-06-29,24.1932888031006,0.0834014341235161,3.01636695861816,0.038514
1996-06-30,23.2598762512207,0.107898935675621,3.00545644760132,0.045958
1996-07-01,22.3891048431397,7.18575239181519,2.06283164024353,0.038514
1996-07-02,21.1419525146484,6.0725679397583,1.00379574298859,0.038514
1996-07-03,22.1834926605225,1.68052232265472,2.11554646492004,0.038514
1996-07-04,22.8518886566162,0.158274605870247,2.8619339466095,0.038514
1996-07-05,22.6202259063721,0.747034549713135,2.37255144119263,0.038514
1996-07-06,23.1677074432373,0.216073662042618,2.46006798744202,0.038514
1996-07-07,22.7938289642334,0.106009617447853,2.62518548965454,0.038514
1996-07-08,21.7779750823975,0.372171968221664,2.32940483093262,0.038514
1996-07-09,22.1266345977783,0.242846772074699,2.43102145195007,0.038514
1996-07-10,21.6952953338623,0.787569165229797,2.20177793502808,0.038514
1996-07-11,22.4700260162354,0.220440596342087,2.12975120544434,0.038514
1996-07-12,22.8424377441406,0.00614170311018825,3.43328380584717,0.045958
1996-07-13,22.6084117889404,0.263103187084198,2.21912312507629,0.038514
1996-07-14,23.0647258758545,0.437801152467728,2.29243087768555,0.038514
1996-07-15,22.6334533691406,0.0224315784871578,2.9781060218811,0.038514
1996-07-16,21.7327995300293,0.119619213044643,1.49981737136841,0.038514
1996-07-17,21.7964820861816,0.334849387407303,2.12663292884827,0.038514
1996-07-18,21.7476787567139,0.490757405757904,2.60333752632141,0.031699
1996-07-19,20.4901313781738,0.0722245201468468,1.78201425075531,0.031699
1996-07-20,22.8289775848389,0.469471842050552,2.15522146224976,0.025489
1996-07-21,23.1114120483398,0.285369783639908,3.42037391662598,0.031699
1996-07-22,22.2214756011963,0.233421817421913,2.75969862937927,0.031699
1996-07-23,20.1066074371338,0.220339879393578,1.89816439151764,0.025489
1996-07-24,19.3426265716553,0.115957364439964,2.2807445526123,0.019906
1996-07-25,19.5027599334717,0.149864599108696,1.72528374195099,0.025489
1996-07-26,20.0851573944092,0.0521134622395039,2.20192980766296,0.025489
1996-07-27,20.3985157012939,0.0142731964588165,2.98762536048889,0.025489
1996-07-28,21.6187648773193,2.65763688087463,2.49080634117126,0.025489
1996-07-29,22.3402423858643,1.12494575977325,2.76002860069275,0.038514
1996-07-30,22.6585826873779,0.0721816048026085,3.24417471885681,0.038514
1996-07-31,20.3609466552734,1.96441614627838,0.965237736701965,0.038514
1996-08-01,21.3054676055908,8.41957473754883,2.30272030830383,0.025489
1996-08-02,22.1802539825439,1.51303374767303,2.37592005729675,0.025489
1996-08-03,21.6026191711426,3.59883570671082,2.18367433547974,0.025489
1996-08-04,21.044153213501,0.6040118932724,2.50334453582764,0.025489
1996-08-05,21.2101955413818,0.00043382408330217,3.14895582199097,0.025489
1996-08-06,21.1084728240967,0.0300120357424021,2.09544730186462,0.025489
1996-08-07,22.1545276641846,0.0819805935025215,2.20735120773315,0.025489
1996-08-08,23.4058513641357,0.00416554976254702,3.2669403553009,0.025489
1996-08-09,23.3120594024658,0.0227091144770384,3.30647253990173,0.031699
1996-08-10,23.5202236175537,0.220319822430611,2.33863854408264,0.031699
1996-08-11,25.3425941467285,0.075137235224247,2.90048599243164,0.031699
1996-08-12,22.9785614013672,1.77819836139679,0.991326689720154,0.038514
1996-08-13,23.5268268585205,2.30712413787842,2.71436762809753,0.038514
1996-08-14,21.660062789917,3.84401226043701,2.2802996635437,0.038514
1996-08-15,22.0836963653564,0.384367018938065,3.49208688735962,0.025489
1996-08-16,21.6681289672852,0.000633922580163926,3.21608138084412,0.025489
1996-08-17,22.1721706390381,0.0432908944785595,2.65491318702698,0.025489
1996-08-18,21.9305191040039,0.00239894888363779,3.0943706035614,0.025489
1996-08-19,20.227331161499,0.342765331268311,2.26534056663513,0.025489
1996-08-20,21.2427577972412,0.529784619808197,2.82076787948608,0.025489
1996-08-21,20.307861328125,0.42228490114212,2.46417999267578,0.025489
1996-08-22,21.5516033172607,2.93270134925842,2.2306010723114,0.025489
1996-08-23,21.9030933380127,2.95792365074158,2.83892917633057,0.025489
1996-08-24,19.5413303375244,1.63723003864288,2.4938850402832,0.025489
1996-08-25,21.3812923431396,7.0516095161438,2.83549284934998,0.025489
1996-08-26,20.9365520477295,0.327915519475937,3.50656867027283,0.025489
1996-08-27,21.9386425018311,0.0150273265317082,3.53821015357971,0.025489
1996-08-28,23.4279003143311,0.0110491560772061,3.44912695884705,0.025489
1996-08-29,22.6240234375,0.377387911081314,2.79409766197205,0.031699
1996-08-30,22.6631450653076,3.23642897605896,2.89434385299683,0.031699
1996-08-31,22.6901626586914,1.69706451892853,2.98122692108154,0.025489
1996-09-01,24.2468490600586,1.73102498054504,3.35586524009705,0.025489
1996-09-02,25.1989040374756,0.0786319002509117,3.43133401870728,0.025489
1996-09-03,24.9429569244385,0.0301320664584637,4.0610466003418,0.025489
1996-09-04,25.7512302398682,0.038630697876215,4.05913496017456,0.025489
1996-09-05,24.8510875701904,0.0416106395423412,4.27962636947632,0.025489
1996-09-06,22.7229499816895,0.0328412279486656,3.58958077430725,0.025489
1996-09-07,21.5654640197754,0.174239918589592,2.38063287734985,0.025489
1996-09-08,22.2403221130371,0.149870038032532,2.75801873207092,0.025489
1996-09-09,23.8006114959717,3.58388090133667,3.91940927505493,0.031699
1996-09-10,23.908275604248,1.53945505619049,3.41463875770569,0.031699
1996-09-11,23.1473159790039,2.29392743110657,3.0068724155426,0.031699
1996-09-12,22.46120262146,7.19538545608521,2.02009296417236,0.038514
1996-09-13,22.1933479309082,15.1371698379517,2.96480178833008,0.038514
1996-09-14,21.8602924346924,2.88986396789551,2.47242140769959,0.038514
1996-09-15,21.2041854858398,8.46918678283691,2.52975559234619,0.038514
1996-09-16,21.890998840332,4.4787745475769,3.07290244102478,0.038514
1996-09-17,23.3985996246338,1.21292579174042,3.51432776451111,0.038514
1996-09-18,24.1055412292481,0.79192441701889,3.40857338905334,0.038514
1996-09-19,21.6136493682861,6.05139541625977,1.50770425796509,0.062597
1996-09-20,21.6596736907959,3.26383686065674,1.33852815628052,0.062597
1996-09-21,21.8771934509277,0.0504548326134682,2.53232932090759,0.053964
1996-09-22,22.7207889556885,0.0569081008434296,2.67230033874512,0.053964
1996-09-23,23.9178314208984,0.183956190943718,3.08604311943054,0.045958
1996-09-24,23.9672451019287,0.168535634875298,3.17019772529602,0.038514
1996-09-25,23.5838470458984,0.0527151897549629,3.53010129928589,0.038514
1996-09-26,24.1118469238281,0.0496681369841099,3.55992746353149,0.038514
1996-09-27,23.5858631134033,0.084014892578125,3.17524313926697,0.038514
1996-09-28,23.3051605224609,0.391451299190521,3.33565473556519,0.038514
1996-09-29,23.4044437408447,1.6421126127243,3.31148767471314,0.038514
1996-09-30,23.6542587280273,0.720098972320557,3.30845665931702,0.038514
1996-10-01,24.265552520752,0.509740591049194,3.57829308509827,0.031699
1996-10-02,24.0250873565674,0.64044451713562,3.53335380554199,0.031699
1996-10-03,23.5509967803955,0.262184619903564,3.10349249839783,0.031699
1996-10-04,24.2196674346924,1.02436351776123,3.15190744400024,0.045958
1996-10-05,23.8402118682861,4.34251260757446,2.48311042785645,0.053964
1996-10-06,25.6441230773926,0.348951399326324,4.35283279418945,0.045958
1996-10-07,25.9056015014648,0.13547495007515,4.57732248306274,0.031699
1996-10-08,25.1972846984863,0.261214137077332,3.91207647323608,0.031699
1996-10-09,23.9354381561279,0.78135883808136,3.57907295227051,0.031699
1996-10-10,23.0340023040772,1.38560044765472,3.48244500160217,0.038514
1996-10-11,23.3675384521484,0.830176770687103,2.9021372795105,0.038514
1996-10-12,23.8907623291016,0.380833387374878,3.60244107246399,0.038514
1996-10-13,24.6117115020752,0.832897663116455,3.99599194526672,0.038514
1996-10-14,24.9240589141846,0.0870393738150597,3.68491148948669,0.038514
1996-10-15,26.0526695251465,0.050917312502861,4.19574499130249,0.038514
1996-10-16,23.7929573059082,4.84578704833984,2.62913656234741,0.038514
1996-10-17,22.2890167236328,3.80117106437683,2.0162398815155,0.038514
1996-10-18,23.6405391693115,4.40900468826294,3.14631152153015,0.038514
1996-10-19,24.5570030212402,1.56056118011475,4.69790649414063,0.038514
1996-10-20,25.0236568450928,1.69847452640533,4.0708212852478,0.038514
1996-10-21,25.1479320526123,0.0852363780140877,4.05606460571289,0.038514
1996-10-22,24.3440704345703,0.538257777690888,3.61317300796509,0.038514
1996-10-23,24.6645488739014,4.83706617355347,4.29747438430786,0.038514
1996-10-24,25.1260375976563,0.0958532691001892,4.40022277832031,0.038514
1996-10-25,25.0929012298584,0.208732411265373,3.86226034164429,0.038514
1996-10-26,26.1066913604736,0.138653367757797,4.64341640472412,0.038514
1996-10-27,26.2705154418945,0.0394179113209248,4.54691457748413,0.038514
1996-10-28,26.6421566009522,0.0178180281072855,4.45269441604614,0.045958
1996-10-29,26.3406734466553,0.483227133750916,3.12760400772095,0.045958
1996-10-30,24.7459335327148,3.00018358230591,2.15770578384399,0.045958
1996-10-31,25.0501461029053,0.812441110610962,5.17858409881592,0.045958
1996-11-01,25.7885246276856,0.0184360798448324,4.47779560089111,0.045958
1996-11-02,26.5650272369385,0.0281740911304951,4.61292266845703,0.045958
1996-11-03,26.0821743011475,0.188417866826057,3.96514892578125,0.038514
1996-11-04,26.9571571350098,0.0300346575677395,5.19390869140625,0.031699
1996-11-05,26.6957340240479,0.0535285212099552,4.86278200149536,0.031699
1996-11-06,24.5687961578369,0.87904816865921,3.82625222206116,0.031699
1996-11-07,23.7920761108398,10.4213361740112,2.65898966789246,0.038514
1996-11-08,23.0522022247314,10.2282571792603,2.75791668891907,0.038514
1996-11-09,23.2954864501953,6.93805885314941,3.73073101043701,0.031699
1996-11-10,22.8132076263428,7.25773811340332,2.24843668937683,0.031699
1996-11-11,24.3945865631104,4.47800588607788,3.58219599723816,0.038514
1996-11-12,24.9771461486816,3.07044911384583,4.42453765869141,0.031699
1996-11-13,25.009241104126,5.62474584579468,3.0463879108429,0.031699
1996-11-14,24.9869270324707,3.85160994529724,3.02187085151672,0.031699
1996-11-15,24.9692134857178,5.82490921020508,3.57330536842346,0.025489
1996-11-16,24.8414287567139,2.81178712844849,3.15661406517029,0.045958
1996-11-17,23.5722103118897,7.49524736404419,2.22080659866333,0.053964
1996-11-18,24.559362411499,0.716838777065277,2.47630739212036,0.053964
1996-11-19,25.7199096679688,0.529524385929108,3.95066952705383,0.053964
1996-11-20,25.1788864135742,9.96954441070557,3.32060432434082,0.053964
1996-11-21,26.1424808502197,7.58230304718018,4.17132043838501,0.062597
1996-11-22,25.3871898651123,2.40540099143982,1.97147822380066,0.053964
1996-11-23,26.1347389221191,12.8442220687866,3.00943279266357,0.126297
1996-11-24,25.7204074859619,25.3673191070557,3.30652451515198,0.126297
1996-11-25,24.177734375,52.9613609313965,1.45918953418732,0.209839
1996-11-26,23.8691825866699,7.71358489990234,2.19387912750244,0.350698
1996-11-27,22.9036693572998,0.138800591230392,3.47906875610352,0.350698
1996-11-28,22.7893619537354,0.319954365491867,3.43501710891724,0.505297
1996-11-29,22.6445579528809,0.146028712391853,3.05968499183655,0.276136
1996-11-30,23.8605003356934,0.204568549990654,3.85362410545349,0.17985
1996-12-01,23.806079864502,0.314810484647751,3.59194612503052,0.151981
1996-12-02,24.3248672485352,1.5868159532547,3.24668335914612,0.17985
1996-12-03,24.2885494232178,8.53945446014404,3.79086375236511,0.138868
1996-12-04,24.5981788635254,1.21648919582367,3.73122382164001,0.114267
1996-12-05,25.2018661499023,3.6831488609314,4.33589744567871,0.114267
1996-12-06,25.8577499389648,0.0756391808390617,4.81379795074463,0.114267
1996-12-07,26.8315620422363,0.0352457351982594,5.12745332717896,0.114267
1996-12-08,27.4927463531494,0.0439422205090523,5.36404275894165,0.071793
1996-12-09,26.9099636077881,0.402884602546692,4.0253701210022,0.062597
1996-12-10,25.9958591461182,8.23216724395752,3.57919454574585,0.053964
1996-12-11,26.1303176879883,0.636058390140533,4.56360769271851,0.053964
1996-12-12,26.4916172027588,0.125195816159248,5.2241063117981,0.053964
1996-12-13,26.71799659729,0.0710260197520256,5.01914739608765,0.053964
1996-12-14,27.0233821868897,0.00105528067797422,5.59231853485107,0.053964
1996-12-15,26.5283927917481,0.0274206083267927,5.10972881317139,0.053964
1996-12-16,26.2894706726074,0.0383835174143314,5.0142388343811,0.053964
1996-12-17,25.9320030212402,0.0233706068247557,4.69835233688355,0.053964
1996-12-18,26.1449546813965,0.0108819715678692,4.52423238754273,0.053964
1996-12-19,26.9732437133789,0.0513730496168137,4.87551021575928,0.053964
1996-12-20,26.0561904907227,0.0551536567509174,4.81911182403565,0.053964
1996-12-21,25.8253993988037,0.0152681805193424,4.9603066444397,0.053964
1996-12-22,25.7238864898682,0.0268733594566584,4.97093057632446,0.053964
1996-12-23,26.5461540222168,0.0932438299059868,4.66908740997315,0.053964
1996-12-24,26.0612125396729,0.357311397790909,3.40092539787293,0.053964
1996-12-25,25.4155292510986,2.62025332450867,4.36180973052979,0.053964
1996-12-26,25.8203639984131,0.78449958562851,4.9935564994812,0.045958
1996-12-27,25.9796047210693,1.36226415634155,4.09341526031494,0.045958
1996-12-28,25.8293132781982,0.670509994029999,4.22063255310059,0.045958
1996-12-29,27.2489490509033,1.19206368923187,4.57342672348023,0.045958
1996-12-30,27.4932746887207,0.445802092552185,4.62659978866577,0.038514
1996-12-31,27.1140155792236,0.0465908460319042,4.72939538955689,0.031699
1997-01-01,27.4335117340088,0.58071106672287,4.19946956634522,0.031699
1997-01-02,27.5233402252197,0.879383504390717,5.11191606521606,0.031699
1997-01-03,27.2619152069092,0.303178697824478,4.62622451782227,0.031699
1997-01-04,27.2019882202148,0.138097018003464,4.75371885299683,0.031699
1997-01-05,27.0262260437012,0.0548666939139366,4.62987232208252,0.031699
1997-01-06,27.3304347991943,1.91069233417511,4.79435443878174,0.031699
1997-01-07,26.7832527160645,0.480493068695068,4.68664836883545,0.038514
1997-01-08,25.6399307250977,0.972049117088318,4.32851076126099,0.038514
1997-01-09,26.0194931030273,0.777599096298218,4.25980615615845,0.031699
1997-01-10,26.5977268218994,0.159831494092941,4.20966720581055,0.031699
1997-01-11,26.6332550048828,0.0601788014173508,4.75075101852417,0.031699
1997-01-12,26.0560855865479,0.151852265000343,3.85801076889038,0.031699
1997-01-13,26.6334571838379,0.122443169355392,4.74803590774536,0.031699
1997-01-14,26.0929489135742,0.134535402059555,4.44259166717529,0.025489
1997-01-15,26.46018409729,1.55249428749084,4.29179620742798,0.025489
1997-01-16,26.7268447875977,0.173172473907471,4.6292986869812,0.025489
1997-01-17,26.9966850280762,0.0996475145220757,4.77160310745239,0.025489
1997-01-18,26.7638912200928,0.798751890659332,3.3747706413269,0.025489
1997-01-19,25.7917423248291,2.47976565361023,2.70995450019836,0.025489
1997-01-20,26.1211624145508,0.283067017793655,4.36180543899536,0.025489
1997-01-21,25.763708114624,1.10245037078857,3.06435608863831,0.025489
1997-01-22,26.0733737945557,0.388637781143189,4.99070978164673,0.025489
1997-01-23,25.1791019439697,0.377048820257187,3.71976017951965,0.025489
1997-01-24,24.5645561218262,2.92942357063293,1.84215140342712,0.025489
1997-01-25,24.5682067871094,4.5525107383728,2.62370491027832,0.025489
1997-01-26,25.5648994445801,1.93932616710663,4.11235523223877,0.031699
1997-01-27,24.7843341827393,4.99324226379395,3.7251136302948,0.045958
1997-01-28,24.8365859985352,7.49282550811768,2.58305191993713,0.045958
1997-01-29,25.5853023529053,2.21498560905457,4.81376361846924,0.038514
1997-01-30,25.509449005127,2.32814455032349,4.48975467681885,0.038514
1997-01-31,25.5569095611572,1.12054431438446,3.83677172660828,0.038514
1997-02-01,25.7416591644287,0.264214038848877,4.23168516159058,0.038514
1997-02-02,26.0911464691162,0.874988377094269,2.60851311683655,0.038514
1997-02-03,24.5544681549072,1.69768965244293,3.47491216659546,0.038514
1997-02-04,24.8978538513184,4.68942880630493,3.81646537780762,0.038514
1997-02-05,24.7786560058594,9.50946426391602,3.86418962478638,0.038514
1997-02-06,24.7899646759033,5.98283433914185,4.07466888427734,0.038514
1997-02-07,25.0571746826172,1.67799746990204,4.12102222442627,0.038514
1997-02-08,24.7586841583252,2.31246042251587,4.02503728866577,0.038514
1997-02-09,24.7665405273438,4.28393459320068,3.42211890220642,0.038514
1997-02-10,24.8401432037354,14.0506324768066,3.01185417175293,0.045958
1997-02-11,24.6314163208008,14.4701442718506,3.92971515655518,0.038514
1997-02-12,25.0521030426025,6.40893936157227,3.41974997520447,0.038514
1997-02-13,24.404016494751,3.88469362258911,2.96461892127991,0.045958
1997-02-14,23.5233154296875,7.36814689636231,1.88998246192932,0.053964
1997-02-15,24.3444805145264,10.398699760437,3.50224113464355,0.062597
1997-02-16,24.9643802642822,4.44254398345947,4.29088163375855,0.091894
1997-02-17,25.1305084228516,1.79140913486481,4.01479721069336,0.151981
1997-02-18,25.4228076934814,2.11495018005371,3.1737596988678,0.241949
1997-02-19,25.3875846862793,10.223726272583,4.00779962539673,0.165634
1997-02-20,25.1522388458252,1.73207938671112,3.89623284339905,0.151981
1997-02-21,25.1767349243164,9.56652736663818,3.46254754066467,0.575186
1997-02-22,25.8873062133789,8.92751121520996,4.36564111709595,0.575186
1997-02-23,25.4210472106934,0.882395386695862,4.31915044784546,0.3124
1997-02-24,25.9636631011963,0.157501369714737,4.33685493469238,0.209839
1997-02-25,25.5982818603516,0.425399303436279,3.59824919700623,0.114267
1997-02-26,26.2421398162842,3.81859564781189,4.32898330688477,0.091894
1997-02-27,25.241491317749,0.0493009872734547,4.30922937393189,0.114267
1997-02-28,25.2484741210938,18.5124855041504,2.72880125045776,2.181542
1997-03-01,26.147439956665,3.52495360374451,3.33497714996338,3.639856
1997-03-02,25.4519653320313,6.84997606277466,2.6778450012207,0.759103
1997-03-03,24.2978706359863,19.7544136047363,1.23415541648865,2.475897
1997-03-04,25.3707618713379,4.65583658218384,3.5933940410614,1.134338
1997-03-05,24.9244556427002,13.2214279174805,3.02690243721008,4.255655
1997-03-06,24.7349319458008,4.27452087402344,3.95781636238098,2.825318
1997-03-07,24.7114219665527,0.245610892772675,3.8383412361145,1.001874
1997-03-08,24.636266708374,1.61036562919617,2.65195631980896,0.876767
1997-03-09,24.7214012145996,14.4138898849487,2.92807650566101,2.825318
1997-03-10,25.207633972168,2.48059940338135,2.87145471572876,0.983547
1997-03-11,24.459566116333,8.09634876251221,3.16252326965332,1.574961
1997-03-12,24.5450019836426,4.64218425750732,3.49834823608398,1.378277
1997-03-13,24.7229900360107,5.91432857513428,3.43711185455322,1.001874
1997-03-14,25.7444095611572,1.86310625076294,4.23916912078857,0.775461
1997-03-15,25.1737575531006,1.48867344856262,4.24139881134033,0.505297
1997-03-16,25.6065311431885,0.142045721411705,4.29398202896118,0.194585
1997-03-17,24.4151630401611,4.4593071937561,1.1155458688736,0.138868
1997-03-18,23.8821849822998,54.1781005859375,0.930652022361755,4.293455
1997-03-19,23.2758922576904,45.0453872680664,0.981717646121979,35.409019
1997-03-20,24.1625652313232,6.17501306533814,1.4108966588974,21.539827
1997-03-21,23.5026721954346,36.2605743408203,1.27288365364075,11.406127
1997-03-22,23.812931060791,9.37364482879639,1.65803325176239,12.243254
1997-03-23,24.0929222106934,24.6516246795654,2.75120711326599,11.154788
1997-03-24,24.0245304107666,36.5833206176758,3.20691132545471,29.72134
1997-03-25,24.1690216064453,9.70259094238281,1.37256217002869,23.157629
1997-03-26,22.6500377655029,20.0707168579102,0.565447211265564,18.083152
1997-03-27,23.7021770477295,10.9349794387817,2.81014037132263,11.030221
1997-03-28,23.7446117401123,4.17762184143066,2.51340746879578,6.643812
1997-03-29,23.2426853179932,11.6823892593384,2.64426946640015,5.295438
1997-03-30,23.9920845031738,5.8437933921814,2.28112101554871,4.485076
1997-03-31,24.6179828643799,1.66057288646698,3.35806512832642,3.074234
1997-04-01,24.7223567962647,1.47021305561066,3.19665145874023,2.207615
1997-04-02,25.0124034881592,0.423109173774719,3.19201707839966,1.038982
1997-04-03,24.9926414489746,6.29052305221558,3.1972827911377,0.775461
1997-04-04,24.6908626556397,0.185331448912621,4.21142053604126,0.726885
1997-04-05,24.2938499450684,0.00502851186320186,4.42197847366333,0.947348
1997-04-06,24.9246673583984,0.550337076187134,3.2249276638031,1.193343
1997-04-07,24.6455459594727,8.70981121063232,2.59082937240601,1.464264
1997-04-08,23.2342739105225,24.5261344909668,2.04784440994263,1.759506
1997-04-09,23.2558116912842,7.74918794631958,2.98270010948181,2.078613
1997-04-10,22.5814628601074,0.243152856826782,3.03549408912659,1.378277
1997-04-11,21.8568668365479,0.0248553287237883,2.84111166000366,0.742918
1997-04-12,22.7652950286865,0.0171226114034653,3.11614036560059,
1997-04-13,23.1482563018799,0.501491725444794,3.58051133155823,
1997-04-14,24.3049983978272,0.333327442407608,3.40713453292847,
1997-04-15,24.2471103668213,0.249073013663292,3.36562633514404,
1997-04-16,22.7528247833252,0.0391700491309166,1.75424492359161,
1997-04-17,22.9989643096924,0.342570662498474,2.32437348365784,
1997-04-18,22.6293048858643,2.38830351829529,1.56748843193054,
1997-04-19,22.6472835540772,8.84636783599854,1.03235197067261,
1997-04-20,23.5788421630859,5.57215595245361,2.0754029750824,
1997-04-21,24.2133445739746,3.90756678581238,2.31521058082581,0.138868
1997-04-22,24.5843048095703,5.94834613800049,2.58532071113586,0.649055
1997-04-23,24.3091163635254,2.2077968120575,2.2479739189148,0.3124
1997-04-24,24.2259006500244,9.18333625793457,1.85483574867249,0.3124
1997-04-25,24.7480659484863,7.10036039352417,2.70672845840454,0.505297
1997-04-26,24.6058311462402,0.724339067935944,3.01374363899231,0.350698
1997-04-27,25.1492099761963,0.776195764541626,2.71279358863831,0.276136
1997-04-28,24.2189483642578,2.4655327796936,2.09475493431091,0.209839
1997-04-29,23.9569969177246,12.8934106826782,1.10230386257172,0.194585
1997-04-30,24.3809680938721,23.4210205078125,1.89107573032379,0.791949
1997-05-01,23.5310764312744,3.88987278938293,2.84575414657593,2.979614
1997-05-02,23.8643951416016,8.14633369445801,2.59944772720337,1.233415
1997-05-03,23.6375217437744,1.7997819185257,2.53037738800049,1.399568
1997-05-04,23.3943557739258,5.65383291244507,3.0561351776123,1.020352
1997-05-05,23.2910175323486,1.78216230869293,2.53090643882751,1.076674
1997-05-06,22.9435291290283,2.99702644348145,2.6418776512146,0.66431
1997-05-07,22.2054233551025,0.402477264404297,2.48234820365906,0.433374
1997-05-08,22.0170001983643,0.0753711760044098,2.86332488059998,0.331311
1997-05-09,21.4979724884033,0.234047025442123,2.17763876914978,0.225634
1997-05-10,21.837854385376,0.270460277795792,2.65172553062439,0.165634
1997-05-11,21.4988479614258,0.205159813165665,2.70852088928223,0.126297
1997-05-12,21.2594661712647,0.108443565666676,3.03334045410156,0.114267
1997-05-13,21.6698322296143,0.00427940208464861,3.22874879837036,0.114267
1997-05-14,21.7695751190186,0.0445958115160465,3.09567832946777,0.102799
1997-05-15,21.2337894439697,0.22630301117897,2.03349256515503,0.091894
1997-05-16,19.6720447540283,1.37862730026245,1.94200146198273,0.091894
1997-05-17,20.7018547058106,0.208691015839577,1.89715886116028,0.091894
1997-05-18,21.9404182434082,0.881458342075348,2.40776681900024,0.091894
1997-05-19,21.9703979492188,0.287706136703491,1.86750209331512,0.091894
1997-05-20,22.7055187225342,4.24192571640015,2.22707581520081,0.091894
1997-05-21,23.0518474578857,2.94017386436462,2.35654377937317,0.091894
1997-05-22,22.6203327178955,2.9456946849823,1.96471202373505,0.102799
1997-05-23,23.0155639648438,2.30886101722717,2.38921666145325,0.114267
1997-05-24,22.3650035858154,2.04378199577332,1.64820516109467,0.138868
1997-05-25,22.886381149292,7.56202363967896,2.34166932106018,0.241949
1997-05-26,22.6137599945068,1.15487122535706,2.62266302108765,0.276136
1997-05-27,22.2495670318604,3.1499125957489,2.11000204086304,0.17985
1997-05-28,21.1458282470703,0.163387849926949,1.87774705886841,0.138868
1997-05-29,21.9087390899658,0.00547791365534067,2.74058628082275,0.114267
1997-05-30,21.8136692047119,0.041506215929985,3.13640475273132,0.102799
1997-05-31,21.9612731933594,0.46230274438858,2.16085696220398,0.091894
1997-06-01,20.8947467803955,0.196140602231026,1.73876214027405,0.091894
1997-06-02,20.2137908935547,0.083284966647625,1.8198025226593,0.091894
1997-06-03,19.5642871856689,0.115101888775826,1.71230244636536,0.091894
1997-06-04,20.6545238494873,0.0390040725469589,2.12203931808472,0.091894
1997-06-05,21.5277004241943,0.0139414584264159,2.64780116081238,0.081551
1997-06-06,24.0817184448242,0.0197070129215717,3.12811064720154,0.081551
1997-06-07,24.2735481262207,0.438125371932983,3.27544569969177,0.081551
1997-06-08,24.3618278503418,3.87666273117065,2.16478252410889,0.081551
1997-06-09,22.9333477020264,7.33692455291748,1.84696877002716,0.081551
1997-06-10,21.2095699310303,21.2942199707031,1.58415842056274,0.091894
1997-06-11,20.9582118988037,6.6271448135376,2.06201338768005,0.225634
1997-06-12,21.7960987091064,0.302479833364487,1.76207733154297,0.209839
1997-06-13,22.1562519073486,0.867738723754883,1.98492085933685,0.17985
1997-06-14,22.4491519927979,0.719806253910065,2.34258770942688,0.151981
1997-06-15,22.3965244293213,0.0168039612472057,2.64350152015686,0.102799
1997-06-16,22.1458492279053,0.0026539359241724,2.58519458770752,0.091894
1997-06-17,23.1365184783936,0.00851497612893581,2.50150895118713,0.071793
1997-06-18,22.3485679626465,0.0388479940593243,2.55755400657654,0.071793
1997-06-19,22.2388687133789,4.93680143356323,1.47204267978668,0.062597
1997-06-20,22.4151039123535,3.28305268287659,2.50759363174439,0.053964
1997-06-21,22.0818901062012,0.176046207547188,2.23898315429688,0.053964
1997-06-22,20.6904106140137,0.0532471425831318,2.62265229225159,0.045958
1997-06-23,20.6410007476807,0.0148918125778437,2.84541845321655,0.045958
1997-06-24,21.4503555297852,0.0100542344152927,2.4125816822052,0.045958
1997-06-25,21.3541564941406,0.0674671307206154,2.66451454162598,0.053964
1997-06-26,21.0570602416992,0.00651396717876196,2.55723547935486,0.045958
1997-06-27,21.5272388458252,0.25967076420784,2.08999514579773,0.045958
1997-06-28,22.6860275268555,0.23797732591629,2.73149299621582,0.038514
1997-06-29,21.1474800109863,0.0152986636385322,2.85625791549683,0.038514
1997-06-30,20.9173049926758,0.000168566955835558,2.93706250190735,0.038514
1997-07-01,21.821195602417,0.000139173265779391,2.98086166381836,0.038514
1997-07-02,21.1488170623779,0.023352874442935,2.31676292419434,0.038514
1997-07-03,20.0031909942627,0.00296395877376199,2.609206199646,0.038514
1997-07-04,21.3158569335938,0.023068755865097,2.3617856502533,0.031699
1997-07-05,21.3321285247803,0.522097229957581,2.49836802482605,0.031699
1997-07-06,21.1672401428223,4.73143815994263,1.09129726886749,0.038514
1997-07-07,21.5240993499756,10.7824535369873,1.27958393096924,0.045958
1997-07-08,21.6254253387451,7.41834449768066,2.17278981208801,0.053964
1997-07-09,20.7651748657227,1.9684830904007,1.75269317626953,0.091894
1997-07-10,21.237377166748,2.867427110672,1.96727335453033,0.102799
1997-07-11,21.0604667663574,1.63287770748138,1.7339870929718,0.102799
1997-07-12,21.8301792144775,0.368849456310272,2.33310794830322,0.102799
1997-07-13,21.0366916656494,0.00522524537518621,2.8362090587616,0.091894
1997-07-14,19.8676872253418,0.0496297664940357,1.88753771781921,0.071793
1997-07-15,20.466007232666,0.339104652404785,1.80444061756134,0.062597
1997-07-16,21.657922744751,2.75219011306763,2.34061288833618,0.053964
1997-07-17,19.1152801513672,0.0787329971790314,0.981874287128448,0.045958
1997-07-18,21.3399353027344,3.15026593208313,2.93638706207275,0.062597
1997-07-19,21.100866317749,5.76328849792481,1.33029770851135,0.062597
1997-07-20,21.1485805511475,4.88018989562988,2.43175506591797,0.071793
1997-07-21,20.8642120361328,0.959775626659393,2.3769166469574,0.081551
1997-07-22,20.4982776641846,0.399787396192551,2.17175626754761,0.091894
1997-07-23,19.7181224822998,0.723805487155914,1.82520401477814,0.071793
1997-07-24,20.2959117889404,4.29804944992065,2.03601288795471,0.081551
1997-07-25,19.9704399108887,1.57378053665161,2.48718500137329,0.091894
1997-07-26,20.8991470336914,0.753963589668274,2.46104860305786,0.081551
1997-07-27,20.0518093109131,0.381020277738571,2.60927963256836,0.081551
1997-07-28,18.6436557769775,0.241597235202789,1.74444234371185,0.071793
1997-07-29,20.2301807403564,0.334404915571213,2.26121854782105,0.062597
1997-07-30,20.5084247589111,0.151517182588577,2.17515182495117,0.062597
1997-07-31,19.7008037567139,0.0670037344098091,2.78947472572327,0.053964
1997-08-01,20.0875110626221,0.0257812794297934,2.28409814834595,0.053964
1997-08-02,19.8883190155029,0.00127460132353008,2.84277582168579,0.053964
1997-08-03,19.7558116912842,0.0831354334950447,1.70376479625702,0.045958
1997-08-04,21.0188312530518,0.694407165050507,2.35753726959229,0.045958
1997-08-05,21.0492706298828,0.732007801532745,2.23727822303772,0.045958
1997-08-06,20.9928150177002,3.27583622932434,1.7885993719101,0.045958
1997-08-07,21.7166290283203,6.579749584198,2.63248777389526,0.045958
1997-08-08,21.397741317749,0.0669325739145279,2.69858598709106,0.053964
1997-08-09,21.2402954101563,0.0280852466821671,3.2483377456665,0.045958
1997-08-10,19.7641067504883,0.412579298019409,2.43153524398804,0.045958
1997-08-11,18.4945869445801,0.00997971091419458,2.6451678276062,0.045958
1997-08-12,18.5757446289063,0.000146502250572667,2.85945463180542,0.045958
1997-08-13,18.8616008758545,2.08775418286677e-05,3.61983060836792,0.045958
1997-08-14,18.9232864379883,0.857253670692444,2.33180165290833,0.038514
1997-08-15,18.7939167022705,0.163462236523628,2.45288324356079,0.038514
1997-08-16,19.6802635192871,0.0557660274207592,1.98424577713013,0.031699
1997-08-17,20.1408252716064,0.440144032239914,2.5765380859375,0.031699
1997-08-18,20.0554389953613,0.537458837032318,2.69557857513428,0.031699
1997-08-19,20.5314140319824,1.59700930118561,2.84042549133301,0.031699
1997-08-20,21.0094051361084,0.941596210002899,2.82815599441528,0.025489
1997-08-21,20.9165554046631,0.019900094717741,3.49996399879456,0.025489
1997-08-22,20.6020259857178,0.0767204537987709,2.7007839679718,0.025489
1997-08-23,20.5084590911865,0.345547735691071,2.12976789474487,0.025489
1997-08-24,21.6906471252441,3.26451754570007,3.02210855484009,0.031699
1997-08-25,22.7258605957031,0.0370248109102249,3.39060926437378,0.031699
1997-08-26,22.0688419342041,0.105953879654408,2.90546989440918,0.031699
1997-08-27,21.2788524627686,0.419513672590256,2.81514072418213,0.031699
1997-08-28,21.5995235443115,1.4437894821167,2.93750023841858,0.025489
1997-08-29,21.4510955810547,0.699386060237885,2.84824633598328,0.025489
1997-08-30,21.5701923370361,0.0857081040740013,3.44945693016052,0.025489
1997-08-31,21.8962059020996,0.22048956155777,2.9758083820343,0.025489
1997-09-01,20.7786235809326,0.0115229105576873,3.79004669189453,0.019906
1997-09-02,20.0177822113037,0.38091704249382,2.32322406768799,0.019906
1997-09-03,22.4422073364258,0.626018166542053,2.42265462875366,0.019906
1997-09-04,22.4016990661621,2.37033104896545,2.96144366264343,0.019906
1997-09-05,23.6489753723145,0.301780700683594,3.32344651222229,0.019906
1997-09-06,24.2886753082275,0.161797508597374,3.35991716384888,0.025489
1997-09-07,24.2748432159424,0.750532329082489,3.31195330619812,0.025489
1997-09-08,24.7189559936523,0.77245020866394,2.7960216999054,0.019906
1997-09-09,25.5799026489258,0.0509905591607094,4.47475147247314,0.019906
1997-09-10,26.4920978546143,0.00423159962520003,4.85086154937744,0.019906
1997-09-11,25.5571880340576,0.0487803295254707,2.67759966850281,0.017332
1997-09-12,23.370698928833,1.31797361373901,1.51648759841919,0.017332
1997-09-13,23.6027297973633,8.32760524749756,2.44410419464111,0.019906
1997-09-14,24.5737819671631,0.288253515958786,3.82400512695313,0.017332
1997-09-15,25.1224403381348,0.0110148331150413,4.65342521667481,0.017332
1997-09-16,25.0202217102051,0.0547098256647587,3.92271685600281,0.01612
1997-09-17,23.9142818450928,0.0079922117292881,4.65800857543945,0.013891
1997-09-18,24.0846214294434,0.00971230491995811,4.34122037887573,0.012896
1997-09-19,24.0414505004883,0.167273804545403,2.37049865722656,0.011057
1997-09-20,24.1003456115723,0.261200398206711,3.25110816955566,0.011057
1997-09-21,25.3387432098389,0.0209086574614048,4.79515600204468,0.010213
1997-09-22,26.1953506469727,0.00360634364187717,4.72385692596436,0.010213
1997-09-23,25.1996440887451,0.676115274429321,2.92236351966858,0.011057
1997-09-24,24.8802089691162,1.86516749858856,3.59969449043274,0.011057
1997-09-25,25.2911720275879,0.71222048997879,4.91047096252441,0.011057
1997-09-26,24.9851188659668,0.00314692431129515,5.07514238357544,0.008698
1997-09-27,23.830171585083,0.04618014767766,4.09700441360474,0.008698
1997-09-28,23.851411819458,1.1640350818634,2.79574847221375,0.008027
1997-09-29,24.0024471282959,10.7780475616455,2.21365666389465,0.006794
1997-09-30,25.7059307098389,1.14333629608154,4.99790334701538,0.006794
1997-10-01,25.7177448272705,0.0101882787421346,4.06669282913208,0.005712
1997-10-02,26.3853855133057,0.00829131156206131,5.1935305595398,0.008027
1997-10-03,26.7226848602295,0.139132738113403,4.86887693405151,0.008698
1997-10-04,23.0889148712158,0.372942209243774,1.62387263774872,0.008698
1997-10-05,23.2098350524902,0.428375035524368,2.49860882759094,0.010213
1997-10-06,23.4361839294434,0.253504037857056,2.93076014518738,0.008698
1997-10-07,23.5059700012207,0.0424424149096012,3.71489334106445,0.010213
1997-10-08,23.0120506286621,0.335181564092636,3.39046382904053,0.010213
1997-10-09,21.9124507904053,0.409495115280151,2.69501852989197,0.011057
1997-10-10,22.8311862945557,0.856016874313355,2.69736003875732,0.011057
1997-10-11,24.2640361785889,0.9162557721138,3.58312392234802,0.010213
1997-10-12,24.630428314209,0.0227977987378836,3.73146200180054,0.008698
1997-10-13,25.2746982574463,0.00957627594470978,4.50952434539795,0.008027
1997-10-14,24.909969329834,0.00917771458625793,4.96007251739502,0.006794
1997-10-15,25.1165904998779,0.0689261555671692,3.9816906452179,0.005712
1997-10-16,26.475154876709,0.0260094627737999,5.35551834106445,0.004003
1997-10-17,27.4392261505127,0.0735922455787659,4.76930999755859,0.004003
1997-10-18,22.664083480835,17.1027069091797,0.77868926525116,0.01612
1997-10-19,21.1963958740234,4.3699517250061,0.887123048305512,0.019906
1997-10-20,22.5856323242188,11.4426355361938,1.57156193256378,0.019906
1997-10-21,24.3753242492676,2.5778660774231,3.70852875709534,0.045958
1997-10-22,25.1988410949707,0.111415162682533,4.07602500915527,0.045958
1997-10-23,26.2109794616699,0.0531583577394486,3.47790813446045,0.038514
1997-10-24,24.0401992797852,18.0590972900391,1.16482889652252,0.038514
1997-10-25,25.3718967437744,2.34533905982971,2.88964128494263,0.045958
1997-10-26,24.8364677429199,1.98548817634583,2.21843028068542,0.053964
1997-10-27,25.8067626953125,0.916124641895294,3.0437376499176,0.045958
1997-10-28,25.4311275482178,1.11297225952148,2.65972805023193,0.038514
1997-10-29,25.8968906402588,0.710686802864075,3.50150299072266,0.038514
1997-10-30,25.8494625091553,0.039352934807539,4.37982034683228,0.031699
1997-10-31,25.9523773193359,0.0367253609001637,4.46273994445801,0.025489
1997-11-01,25.6746501922607,0.0938294306397438,4.23082256317139,0.025489
1997-11-02,25.9444599151611,0.0128851449117064,5.02712345123291,0.019906
1997-11-03,24.7704029083252,0.0120502104982734,4.83992576599121,0.017332
1997-11-04,24.5415267944336,0.000153709028381854,5.49439859390259,0.013891
1997-11-05,25.2069759368897,0.0159352496266365,4.46793746948242,0.012896
1997-11-06,24.7923431396484,0.118479743599892,4.22269821166992,0.011057
1997-11-07,25.6669464111328,1.36949110031128,3.96483874320984,0.010213
1997-11-08,26.7869663238525,1.35154461860657,4.2432656288147,0.008698
1997-11-09,27.6824951171875,1.4310759305954,4.89498853683472,0.006794
1997-11-10,26.7373142242432,17.4306125640869,4.07765293121338,0.006794
1997-11-11,25.6390037536621,2.64272618293762,3.63389348983765,0.008698
1997-11-12,26.4387798309326,1.6382771730423,3.43149304389954,0.008698
1997-11-13,26.2434501647949,0.622893810272217,4.44735383987427,0.008027
1997-11-14,26.4002437591553,0.0934122502803802,5.14093494415283,0.010213
1997-11-15,25.8664302825928,0.498272120952606,4.3941478729248,0.013891
1997-11-16,24.9008846282959,2.21576452255249,3.2738311290741,0.01612
1997-11-17,24.991361618042,5.8368091583252,3.1781370639801,0.017332
1997-11-18,25.0981330871582,11.7408390045166,3.55011987686157,0.019906
1997-11-19,26.0146617889404,0.915121018886566,4.66578817367554,0.025489
1997-11-20,25.9660491943359,0.0976876839995384,4.14202499389648,0.025489
1997-11-21,25.5941371917725,1.85149049758911,4.76134252548218,0.025489
1997-11-22,24.984504699707,0.221465691924095,5.20275354385376,0.019906
1997-11-23,25.566011428833,0.48809415102005,4.33143901824951,0.019906
1997-11-24,26.0580787658691,0.101187273859978,3.99964880943298,0.019906
1997-11-25,26.8059539794922,0.0518516674637795,4.86372566223145,0.017332
1997-11-26,26.1547260284424,0.0851913094520569,4.60452699661255,0.01612
1997-11-27,26.477087020874,0.0250208098441362,5.23063802719116,0.013891
1997-11-28,27.134391784668,0.0411340221762657,4.41435956954956,0.013891
1997-11-29,27.5465488433838,0.0202835276722908,4.55524873733521,0.012896
1997-11-30,26.3356380462647,13.4742946624756,2.55629920959473,0.011057
1997-12-01,26.4598083496094,5.64988708496094,3.27711606025696,0.008698
1997-12-02,27.1484050750732,8.92654228210449,2.82531499862671,0.006794
1997-12-03,27.7442207336426,2.24182033538818,2.64135956764221,0.008027
1997-12-04,27.7259750366211,18.1929702758789,4.02646064758301,0.012896
1997-12-05,27.1258449554443,7.92597627639771,3.58990335464478,0.025489
1997-12-06,26.4248371124268,5.91277122497559,2.53923726081848,0.031699
1997-12-07,26.7107753753662,3.05023765563965,4.72756242752075,0.894185
1997-12-08,26.9079685211182,4.03252267837524,5.47952699661255,0.276136
1997-12-09,26.5086002349854,0.00327021419070661,5.53378772735596,0.126297
1997-12-10,26.2659339904785,0.0196699444204569,4.80383586883545,0.081551
1997-12-11,25.5438671112061,0.137010291218758,3.02823066711426,0.053964
1997-12-12,25.7139320373535,0.598656058311462,3.94326758384705,0.045958
1997-12-13,26.0859851837158,0.158426970243454,4.29665040969849,0.031699
1997-12-14,25.4597263336182,1.59515345096588,2.92091298103333,0.025489
1997-12-15,26.4386215209961,1.69115042686462,5.11698436737061,0.025489
1997-12-16,27.2953109741211,0.0046439515426755,5.35800743103027,0.019906
1997-12-17,26.5157794952393,0.221098616719246,4.01983022689819,0.017332
1997-12-18,25.6290416717529,13.0077543258667,3.40736389160156,0.025489
1997-12-19,25.8597278594971,8.91064548492432,3.74204111099243,0.053964
1997-12-20,25.5327243804932,7.5327091217041,2.35147547721863,0.038514
1997-12-21,25.9421463012695,3.59290266036987,3.30073428153992,0.031699
1997-12-22,26.9686584472656,3.60264182090759,4.76190900802612,0.025489
1997-12-23,26.1213493347168,0.585334777832031,4.452965259552,0.025489
1997-12-24,26.2941513061523,0.490217119455338,4.12690925598145,0.025489
1997-12-25,26.9974899291992,0.0296593736857176,4.98020124435425,0.019906
1997-12-26,26.9990386962891,0.0109626911580563,4.95152091979981,0.013891
1997-12-27,27.5376682281494,0.00589405838400126,4.69976854324341,0.011057
1997-12-28,27.484992980957,0.00680904649198055,4.91206073760986,0.010213
1997-12-29,26.7129058837891,0.113168872892857,4.19810152053833,0.008027
1997-12-30,27.3361568450928,1.40509581565857,4.49471235275269,0.008027
1997-12-31,26.2727069854736,4.49720525741577,4.2118763923645,0.006794
1998-01-01,26.5352191925049,0.226043924689293,4.43042755126953,0.005712
1998-01-02,27.0782947540283,0.0920820012688637,5.18616962432861,0.005712
1998-01-03,27.5052928924561,0.107573993504047,4.62691688537598,0.004803
1998-01-04,27.645263671875,0.00949164479970932,5.12940120697022,0.004803
1998-01-05,27.9455699920654,0.0281567703932524,4.81090688705444,0.004003
1998-01-06,27.9954509735107,0.00901796389371157,4.65560531616211,0.004003
1998-01-07,28.2785472869873,0.0169205833226442,4.99618339538574,0.003635
1998-01-08,29.0423622131348,1.76145267486572,4.79209423065186,0.003008
1998-01-09,28.1516590118408,4.59853887557983,4.71937417984009,0.002012
1998-01-10,27.4766845703125,5.35317087173462,3.93841361999512,0.002467
1998-01-11,27.1418781280518,1.3733423948288,4.25638961791992,0.002012
1998-01-12,26.5534629821777,1.82609868049622,4.34246063232422,0.002012
1998-01-13,26.8642044067383,0.755570471286774,3.95462107658386,0.002012
1998-01-14,27.4268836975098,6.78385496139526,4.69541549682617,0.002012
1998-01-15,27.6661739349365,6.99132871627808,4.63458585739136,0.002012
1998-01-16,27.1314315795898,0.805613458156586,3.99457311630249,0.002467
1998-01-17,27.4255466461182,1.02479708194733,3.46599960327148,0.002467
1998-01-18,27.3441486358643,6.7249641418457,3.88822102546692,0.002467
1998-01-19,26.9474277496338,19.2810153961182,3.74388861656189,0.002467
1998-01-20,26.3615417480469,4.8539924621582,4.10208988189697,0.003635
1998-01-21,26.8130931854248,7.90839195251465,3.67004060745239,0.005712
1998-01-22,25.9511966705322,5.69365549087524,2.68746423721314,0.045958
1998-01-23,25.7767276763916,7.20301485061646,2.93476271629334,0.062597
1998-01-24,26.3947525024414,1.9297833442688,3.26645302772522,0.053964
1998-01-25,26.8175926208496,1.99868750572205,3.69106411933899,0.053964
1998-01-26,27.2310886383057,2.89636826515198,4.3827657699585,0.102799
1998-01-27,27.2540512084961,1.48898363113403,3.8760392665863,0.17985
1998-01-28,26.8766689300537,1.39818787574768,4.51958084106445,0.114267
1998-01-29,27.0360908508301,0.57477331161499,4.68284034729004,0.091894
1998-01-30,26.5708885192871,0.138201251626015,4.44015789031982,0.081551
1998-01-31,27.2461967468262,0.279276669025421,4.36330986022949,0.071793
1998-02-01,27.8374462127686,0.793711602687836,4.81154680252075,0.053964
1998-02-02,27.1372108459473,0.264152199029923,3.71727085113525,0.031699
1998-02-03,27.0250053405762,0.813455581665039,4.13852977752686,0.025489
1998-02-04,27.6599464416504,0.257393509149551,4.22735166549683,0.019906
1998-02-05,28.8805637359619,0.189537137746811,5.54812288284302,0.01612
1998-02-06,28.3016338348389,0.00981930736452341,5.28008699417114,0.012896
1998-02-07,28.4550724029541,0.00849947333335877,5.29841279983521,0.010213
1998-02-08,28.1960163116455,0.0359226614236832,4.61759233474731,0.008027
1998-02-09,28.7290668487549,0.137054920196533,4.82855224609375,0.005712
1998-02-10,28.8128490447998,0.156290411949158,5.06872034072876,0.004803
1998-02-11,28.2331352233887,0.0667261034250259,4.69510841369629,0.004003
1998-02-12,27.6752033233643,0.281982988119125,3.86327409744263,0.003635
1998-02-13,27.4003944396973,0.328364551067352,5.03372859954834,0.003008
1998-02-14,27.1817836761475,0.548841714859009,4.45618486404419,0.003008
1998-02-15,27.3523139953613,0.541103005409241,4.71952438354492,0.002467
1998-02-16,26.8795909881592,0.135334432125092,4.81434154510498,0.002012
1998-02-17,25.8972606658936,2.5813090801239,2.44599723815918,0.002467
1998-02-18,25.3106555938721,15.7441864013672,2.05740213394165,0.002012
1998-02-19,26.3256034851074,1.50406742095947,4.03965711593628,0.001471
1998-02-20,27.0427551269531,4.57502746582031,3.90148830413818,0.002012
1998-02-21,27.6795864105225,2.38847422599793,4.58796453475952,0.002467
1998-02-22,28.182315826416,0.841867327690125,4.59331750869751,0.002012
1998-02-23,27.9567527770996,0.242352113127708,4.63077354431152,0.002467
1998-02-24,27.9840660095215,0.0872310176491737,4.81517601013184,0.002467
1998-02-25,28.1026268005371,0.111133463680744,4.66335725784302,0.002012
1998-02-26,26.9622230529785,0.132183626294136,4.41352939605713,0.002467
1998-02-27,27.9741020202637,0.319690763950348,4.47089815139771,0.002012
1998-02-28,28.2812652587891,0.262699127197266,5.57464408874512,0.002012
1998-03-01,28.3680953979492,0.051875714212656,4.77391576766968,0.002012
1998-03-02,28.8385906219482,0.264046490192413,4.77189493179321,0.002012
1998-03-03,28.3976230621338,0.929864466190338,4.44059896469116,0.002012
1998-03-04,27.7448215484619,0.336494117975235,4.39506340026855,0.003008
1998-03-05,27.226375579834,0.805257737636566,4.22682285308838,0.002467
1998-03-06,27.2060070037842,0.981487929821014,3.27483916282654,0.002012
1998-03-07,26.683406829834,2.279132604599,4.32762813568115,0.001471
1998-03-08,27.3654651641846,2.64769458770752,4.66004610061646,0.001471
1998-03-09,27.0807075500488,0.598394691944122,4.18199491500855,0.002012
1998-03-10,27.3322200775147,1.46173858642578,4.11753368377686,0.002467
1998-03-11,28.1487083435059,0.10720581561327,4.84827423095703,0.002012
1998-03-12,29.1639080047607,0.0771428793668747,4.92856407165527,0.001168
1998-03-13,28.6394004821777,0.171865552663803,4.13063335418701,0.001168
1998-03-14,28.2547245025635,0.269268155097961,4.52426862716675,0.00093
1998-03-15,29.5060691833496,0.291992515325546,4.94463109970093,0.00093
1998-03-16,28.2912635803223,0.170829519629478,4.342857837677,0.00093
1998-03-17,26.851432800293,0.929349362850189,3.90723299980164,0.000736
1998-03-18,26.612813949585,1.31135821342468,3.75891709327698,0.000736
1998-03-19,26.4066314697266,7.46561670303345,2.44151639938355,0.001168
1998-03-20,27.6014785766602,9.09346771240234,3.77059412002564,0.003635
1998-03-21,28.3479766845703,0.318881988525391,3.95111489295959,0.001471
1998-03-22,27.9318389892578,0.315078258514404,4.04014778137207,0.001168
1998-03-23,28.3273410797119,1.82775616645813,4.2604866027832,0.00093
1998-03-24,28.2096366882324,0.0113596245646477,4.87677431106567,0.000736
1998-03-25,28.3682193756104,0.00326190004125237,5.06014776229858,0.000736
1998-03-26,28.7333240509033,0.0264803506433964,4.53157711029053,0.000498
1998-03-27,25.3345050811768,12.1173391342163,2.23279166221619,0.000736
1998-03-28,27.05153465271,2.70656633377075,4.36516809463501,0.000736
1998-03-29,27.6559257507324,2.69615364074707,4.13013601303101,0.000736
1998-03-30,27.4406661987305,2.96324706077576,4.27683544158936,0.000736
1998-03-31,27.7071151733398,0.0955365598201752,4.43183708190918,0.000498
1998-04-01,28.6691551208496,0.100650779902935,4.22918510437012,0.000498
1998-04-02,28.633134841919,0.0192937720566988,4.60449457168579,0.000498
1998-04-03,25.6764545440674,16.3254699707031,2.39266085624695,0.000736
1998-04-04,24.512170791626,3.73043155670166,2.82740616798401,0.000736
1998-04-05,23.8662109375,0.192077085375786,3.01462650299072,0.000498
1998-04-06,24.4999465942383,0.039208073168993,2.77103209495544,0.000498
1998-04-07,25.5343437194824,0.0199542380869389,2.12565064430237,0.000498
1998-04-08,26.8264846801758,1.24414658546448,3.26016664505005,0.000498
1998-04-09,27.9528484344482,0.337548643350601,4.46915102005005,0.000498
1998-04-10,28.0422592163086,0.13712266087532,3.92108845710754,0.000498
1998-04-11,27.3775215148926,0.463363140821457,3.80100703239441,0.000498
1998-04-12,27.1732120513916,0.799017250537872,3.93583726882935,0.00026
1998-04-13,26.7332229614258,0.128328308463097,3.74571490287781,0.00026
1998-04-14,26.8075790405273,0.313060373067856,3.28702449798584,0.00026
1998-04-15,27.5376567840576,0.25296276807785,3.93338918685913,0.00026
1998-04-16,28.0102615356445,0.0269850771874189,4.28672170639038,0.00093
1998-04-17,28.2491207122803,0.0471758432686329,3.89660716056824,0.001471
1998-04-18,27.9281139373779,0.0166257154196501,4.02715253829956,0.001168
1998-04-19,28.2895240783691,0.0176393613219261,4.53699922561646,0.001168
1998-04-20,27.5788955688477,1.85331761837006,3.62188386917114,0.001168
1998-04-21,27.5081005096436,0.49190628528595,3.84931945800781,0.001168
1998-04-22,26.6102409362793,6.9279670715332,3.11725163459778,0.001471
1998-04-23,26.4672183990479,7.56256723403931,3.34679555892944,0.002467
1998-04-24,26.2925701141357,1.16520917415619,3.33619666099548,0.002012
1998-04-25,27.2893161773682,0.558244347572327,4.10592603683472,0.001471
1998-04-26,26.9354686737061,0.019155727699399,3.78871536254883,0.002012
1998-04-27,26.2991828918457,4.21761131286621,2.95026564598084,0.002012
1998-04-28,26.2499618530273,0.344789773225784,3.05397033691406,0.002012
1998-04-29,27.1986789703369,0.0620506331324577,3.54904675483704,0.001471
1998-04-30,27.9958686828613,0.0577154941856861,3.94095993041992,0.001471
1998-05-01,28.0742454528809,0.0153941940516233,4.21247720718384,0.001471
1998-05-02,28.0154285430908,0.140174850821495,3.38288593292236,0.001168
1998-05-03,27.3322448730469,0.301344990730286,3.15849351882935,0.001168
1998-05-04,26.6615085601807,0.688390135765076,3.34874320030212,0.001168
1998-05-05,27.8264636993408,0.205219075083733,3.59093523025513,0.00093
1998-05-06,25.730598449707,1.31970822811127,2.05456304550171,0.00093
1998-05-07,23.99289894104,1.00974977016449,2.36843514442444,0.00093
1998-05-08,24.2657260894775,0.247147083282471,3.26536011695862,0.000736
1998-05-09,22.6828441619873,0.082272469997406,2.58591270446777,0.000736
1998-05-10,23.4175834655762,0.0561673194169998,2.95548629760742,0.000736
1998-05-11,22.7046947479248,0.24282494187355,2.33402895927429,0.000736
1998-05-12,24.1839351654053,6.79186487197876,1.83399200439453,0.00093
1998-05-13,24.4848499298096,20.7811737060547,2.36022782325745,0.002467
1998-05-14,25.0440902709961,7.717698097229,2.87383675575256,0.002467
1998-05-15,23.8279094696045,0.162876009941101,2.93678832054138,0
1998-05-16,23.5467567443848,0.172885850071907,2.61681818962097,0
1998-05-17,24.0500202178955,0.425870597362518,2.71885943412781,0
1998-05-18,24.6647605895996,0.69427365064621,3.18398833274841,0
1998-05-19,23.8780689239502,3.11471509933472,2.75360989570618,0.000736
1998-05-20,24.7965297698975,0.460942327976227,3.35093832015991,0.00093
1998-05-21,23.9394702911377,1.39554679393768,1.47797906398773,0.00093
1998-05-22,24.2277011871338,1.83163809776306,2.74621915817261,0.001471
1998-05-23,24.3478527069092,0.646118879318237,2.74358367919922,0.003008
1998-05-24,23.3677673339844,0.032883532345295,2.48897814750671,0.004003
1998-05-25,23.5163078308106,0.0109783476218581,3.13393950462341,0.003635
1998-05-26,22.8602523803711,0.100275300443172,2.12901020050049,0.003635
1998-05-27,24.8691730499268,0.035781268030405,2.58473181724548,0.003635
1998-05-28,25.1188468933105,0.0149600906297565,3.16621804237366,0.003635
1998-05-29,24.1925983428955,1.13440275192261,2.20030522346497,0.002467
1998-05-30,24.7459335327148,1.01932716369629,2.43703436851501,0.002467
1998-05-31,25.5080699920654,0.0123349269852042,3.62111663818359,0.002467
1998-06-01,25.0800838470459,0.435317248106003,2.24021220207214,0.002467
1998-06-02,23.597318649292,0.091479018330574,1.93184900283813,0.002012
1998-06-03,23.4423980712891,0.0805095881223679,2.2871994972229,0.002467
1998-06-04,22.7988815307617,0.0567347444593906,2.40983557701111,0.002012
1998-06-05,21.9431762695313,0.142403095960617,2.47514486312866,0.002012
1998-06-06,21.8747463226318,0.222188711166382,2.51179838180542,0.002467
1998-06-07,20.7465438842773,0.371303737163544,2.3957347869873,0.002012
1998-06-08,21.3587303161621,0.00302214361727238,2.4211413860321,0.001471
1998-06-09,23.2742576599121,0.00678599486127496,2.87433123588562,0.001471
1998-06-10,23.081937789917,0.178319036960602,2.0005190372467,0.001471
1998-06-11,23.7985076904297,0.10624436289072,2.58389377593994,0.001471
1998-06-12,24.3936939239502,0.115963019430637,2.82880330085754,0.001168
1998-06-13,22.7664260864258,0.551657021045685,1.91710019111633,0.001168
1998-06-14,21.461446762085,1.7263298034668,2.20305132865906,0.001168
1998-06-15,21.1471729278564,0.0964253470301628,2.39843368530273,0.00093
1998-06-16,20.9387111663818,0.122974753379822,1.51607155799866,0.00093
1998-06-17,21.9431972503662,0.0262066833674908,2.17680978775024,0.001168
1998-06-18,22.9336452484131,0.693878531455994,2.58850502967834,0.001471
1998-06-19,23.8465003967285,7.03256464004517,2.86624956130981,0.002467
1998-06-20,23.5776290893555,0.051307275891304,2.78608655929565,0.001168
1998-06-21,23.8117580413818,0.154969692230225,3.08638048171997,0.001168
1998-06-22,23.2009983062744,0.434240460395813,2.2861692905426,0.001168
1998-06-23,22.1219310760498,3.36603355407715,1.38945519924164,0.001471
1998-06-24,22.2732543945313,3.31284976005554,2.34998464584351,0.002012
1998-06-25,23.068338394165,0.161028265953064,3.07184433937073,0.001471
1998-06-26,21.5579261779785,2.34993743896484,1.27194893360138,0.002012
1998-06-27,20.9819812774658,2.06298923492432,1.99067378044128,0.002012
1998-06-28,20.4453220367432,0.314935266971588,1.87662351131439,0.001471
1998-06-29,21.0186214447022,0.0220628976821899,2.77848076820374,0.001168
1998-06-30,21.280065536499,0.267786800861359,1.69762825965881,0.001168
1998-07-01,21.1540355682373,0.340542405843735,0.88570773601532,0.002012
1998-07-02,20.8959865570068,14.8632307052612,0.249668776988983,0.002467
1998-07-03,21.0220203399658,5.48661804199219,0.496818423271179,0.003008
1998-07-04,22.5549030303955,2.39444041252136,2.53137898445129,0.002467
1998-07-05,21.2717018127441,0.0721029937267304,2.24645233154297,0.002012
1998-07-06,22.0808811187744,0.301093727350235,2.40475749969482,0.002012
1998-07-07,22.7653160095215,0.18721316754818,2.41904759407043,0.001471
1998-07-08,23.0095252990723,0.00888056959956884,2.68847918510437,0.002012
1998-07-09,23.3308143615723,0.0741381421685219,2.61167025566101,0.002012
1998-07-10,23.8103866577148,0.0283765904605389,2.86254978179932,0.001471
1998-07-11,23.3816738128662,0.365091979503632,2.56800079345703,0.004003
1998-07-12,21.3064079284668,4.25941753387451,2.05509471893311,0.004803
1998-07-13,21.2061805725098,0.22183583676815,3.10090851783752,0.004003
1998-07-14,20.4732131958008,0.0213678628206253,2.25845623016357,0.003635
1998-07-15,20.9872264862061,0.136544287204742,1.35553646087646,0.003635
1998-07-16,22.1476860046387,0.944800972938538,1.7519736289978,0.003008
1998-07-17,22.7959766387939,0.992376506328583,2.61692333221436,0.002467
1998-07-18,22.7819004058838,0.909061551094055,2.23449468612671,0.002467
1998-07-19,21.995756149292,0.41164043545723,2.46665692329407,0.002012
1998-07-20,22.2692375183106,0.773423194885254,2.0920774936676,0.001471
1998-07-21,22.7295989990234,2.27156329154968,1.69843721389771,0.002012
1998-07-22,22.6096820831299,3.13301491737366,2.66862559318543,0.002467
1998-07-23,22.0740604400635,0.00407731113955379,3.01944017410278,0.002467
1998-07-24,22.1746234893799,0.601703941822052,2.51663613319397,0.001471
1998-07-25,19.9148216247559,0.564748704433441,1.49875819683075,0.001471
1998-07-26,20.4570503234863,0.458554536104202,2.61017680168152,0.002012
1998-07-27,20.6087131500244,0.00372460414655507,2.99852991104126,0.002012
1998-07-28,20.3954944610596,0.0484139807522297,2.64292168617249,0.001471
1998-07-29,22.2800254821777,0.123784333467484,2.26179480552673,0.001471
1998-07-30,22.316276550293,0.0658194497227669,2.77636241912842,0.002012
1998-07-31,21.5031566619873,0.469896554946899,1.60004734992981,0.002012
1998-08-01,21.1758823394775,1.58983790874481,1.89018774032593,0.001471
1998-08-02,21.5604419708252,0.906672060489655,2.36868143081665,0.001168
1998-08-03,22.3939456939697,0.226134896278381,2.58856749534607,0.001168
1998-08-04,22.0897426605225,1.45133781433105,1.84133267402649,0.001471
1998-08-05,22.7386932373047,4.77851533889771,2.85897612571716,0.002012
1998-08-06,22.2007598876953,0.404408067464829,1.04574167728424,0.002012
1998-08-07,23.2602138519287,0.566931545734406,2.87138390541077,0.001471
1998-08-08,23.0927410125732,2.41633367538452,2.31622409820557,0.001168
1998-08-09,22.5486431121826,3.31777334213257,2.49730134010315,0.001168
1998-08-10,22.383207321167,0.848585307598114,2.24172449111938,0.001168
1998-08-11,23.536735534668,0.21371166408062,2.45627117156982,0.001168
1998-08-12,23.7475128173828,0.326818883419037,3.15815949440002,0.001471
1998-08-13,23.840087890625,0.18482306599617,2.72535872459412,0.002012
1998-08-14,23.7376880645752,0.670575022697449,2.85028719902039,0.001471
1998-08-15,23.3670673370361,1.78663885593414,2.52797365188599,0.001168
1998-08-16,23.0220355987549,1.99009466171265,2.53413105010986,0.001471
1998-08-17,21.8759155273438,2.25775051116943,2.29872870445251,0.001471
1998-08-18,22.5296058654785,9.85904216766357,2.58009147644043,0.002467
1998-08-19,22.6771507263184,4.3994927406311,2.668208360672,0.002012
1998-08-20,23.9932403564453,1.31084287166595,3.06973576545715,0.001471
1998-08-21,22.7778568267822,0.00357805681414902,3.1420431137085,0.001168
1998-08-22,22.8760452270508,0.124639615416527,3.32739615440369,0.001168
1998-08-23,21.1482486724854,0.0237565040588379,3.49067330360413,0.00093
1998-08-24,21.5828895568848,0.380062699317932,2.37464570999146,0.00093
1998-08-25,21.9656829833984,0.538818538188934,2.66506409645081,0.000736
1998-08-26,23.0015068054199,0.0449637249112129,3.45683145523071,0.000736
1998-08-27,23.4599704742432,0.464735150337219,3.22813320159912,0.000736
1998-08-28,23.0037746429443,0.274958550930023,2.86253976821899,0.000736
1998-08-29,23.1449546813965,0.143000155687332,3.16890788078308,0.00093
1998-08-30,22.8974685668945,0.0305289532989264,3.15969300270081,0.001168
1998-08-31,22.6001510620117,0.368485242128372,2.68908786773682,0.003635
1998-09-01,21.8746566772461,7.89940547943115,2.24030351638794,0.004003
1998-09-02,21.3218154907227,16.5349178314209,2.41856074333191,0.004803
1998-09-03,22.5903339385986,6.67541122436523,3.24706125259399,0.004003
1998-09-04,22.9465274810791,0.472492784261704,3.01967406272888,0.004003
1998-09-05,23.5014705657959,0.20668126642704,4.17870712280273,0.004003
1998-09-06,23.7191600799561,0.00216434267349541,4.07028770446777,0.003635
1998-09-07,23.9599800109863,0.0213066544383764,3.79710721969605,0.003008
1998-09-08,23.8699436187744,0.161974772810936,3.01284527778626,0.003008
1998-09-09,24.4031753540039,0.0171148832887411,4.19965934753418,0.002467
1998-09-10,23.9647808074951,0.655793607234955,3.20286130905151,0.003008
1998-09-11,22.7544174194336,1.35241544246674,2.54613399505615,0.002467
1998-09-12,23.7252445220947,1.73983216285706,3.75387740135193,0.002012
1998-09-13,23.2431182861328,0.603164434432983,3.06527853012085,0.002012
1998-09-14,24.1479835510254,0.0574595145881176,4.04598045349121,0.002467
1998-09-15,22.8910465240479,0.119463481009007,2.93586707115173,0.003635
1998-09-16,23.9570045471191,0.0033245044760406,4.49927377700806,0.003008
1998-09-17,24.079288482666,0.205017879605293,3.37336206436157,0.002467
1998-09-18,24.3805141448975,0.384435057640076,3.88106727600098,0.002012
1998-09-19,24.1471691131592,0.0128393778577447,3.94845390319824,0.001471
1998-09-20,24.2029037475586,0.00528898881748319,3.88239479064941,0.002012
1998-09-21,24.6435451507568,0.00396375078707933,4.73822069168091,0.002012
1998-09-22,24.5461044311523,0.0248300842940807,4.08625221252441,0.001471
1998-09-23,23.3627300262451,0.379839897155762,2.97456336021423,0.001471
1998-09-24,23.102180480957,0.530376076698303,2.19870281219482,0.001471
1998-09-25,23.1702575683594,0.440358310937881,3.56469225883484,0.001168
1998-09-26,22.7098541259766,0.0500712841749191,2.6525354385376,0.001168
1998-09-27,24.4482269287109,0.197496980428696,3.84771156311035,0.001168
1998-09-28,25.2182655334473,0.127329126000404,3.95036435127258,0.001168
1998-09-29,25.6429023742676,0.135061889886856,4.7291750907898,0.00093
1998-09-30,25.1474666595459,0.0267671141773462,3.83182144165039,0.000736
1998-10-01,23.00927734375,0.37704998254776,3.00315117835999,0.00093
1998-10-02,23.7611026763916,1.04357028007507,3.66905689239502,0.001471
1998-10-03,23.811372756958,1.68643629550934,3.61517071723938,0.002012
1998-10-04,24.2168598175049,2.47998547554016,3.77436566352844,0.003008
1998-10-05,25.094841003418,1.01135456562042,3.83995604515076,0.003635
1998-10-06,25.0713748931885,0.158410727977753,3.61220550537109,0.003635
1998-10-07,25.107536315918,0.442904412746429,3.82613635063171,0.001471
1998-10-08,25.1576251983643,0.179183378815651,3.95661592483521,0.001168
1998-10-09,26.2191562652588,0.0406500324606895,4.12333631515503,0.001471
1998-10-10,26.6573448181152,0.010424517095089,4.02472019195557,0.001471
1998-10-11,26.1354694366455,0.104132913053036,4.12377977371216,0.002012
1998-10-12,26.4845485687256,0.0388670079410076,5.33635234832764,0.001168
1998-10-13,25.6915550231934,0.129729941487312,4.70095825195313,0.000736
1998-10-14,25.5797996520996,0.0564875304698944,4.02997636795044,0.000498
1998-10-15,25.8417415618897,0.0393442548811436,4.23886156082153,0.000498
1998-10-16,25.7533588409424,0.013315643183887,5.11215353012085,0.00026
1998-10-17,26.127893447876,0.00312544847838581,5.65232229232788,0.000498
1998-10-18,28.3300247192383,0.387339204549789,5.0158748626709,0.000498
1998-10-19,24.1767597198486,62.6884574890137,1.75330924987793,0.002012
1998-10-20,22.0105934143066,8.90036773681641,1.18114876747131,0.3124
1998-10-21,21.6691436767578,3.10492944717407,1.75909388065338,0.194585
1998-10-22,21.3070430755615,5.5061616897583,1.74632346630096,0.151981
1998-10-23,23.8695449829102,4.23857641220093,3.2604992389679,0.081551
1998-10-24,24.3225154876709,1.23743855953217,3.73853182792664,0.053964
1998-10-25,24.8203620910645,3.18149924278259,4.10386037826538,0.053964
1998-10-26,24.4539260864258,1.33518600463867,3.17020606994629,0.053964
1998-10-27,24.7480812072754,4.30556106567383,4.08153438568115,0.045958
1998-10-28,25.4131450653076,0.16511869430542,4.98941993713379,0.038514
1998-10-29,25.7382335662842,0.0184289775788784,4.72564458847046,0.031699
1998-10-30,25.488395690918,0.0162866208702326,4.91075086593628,0.019906
1998-10-31,24.4540462493897,0.116002209484577,3.61696624755859,0.019906
1998-11-01,25.2572937011719,0.678856253623962,3.69612002372742,0.01863
1998-11-02,25.1706409454346,1.81629037857056,2.05168724060059,0.01863
1998-11-03,25.3890419006348,4.54875421524048,3.40537905693054,0.017332
1998-11-04,25.3613014221191,2.80243444442749,3.41521263122559,0.014973
1998-11-05,26.0776805877686,1.9320433139801,3.50106310844421,0.012896
1998-11-06,24.023567199707,2.04974889755249,1.86138594150543,0.013891
1998-11-07,24.4963874816895,20.1833972930908,2.96766948699951,0.014973
1998-11-08,24.9091491699219,6.15439414978027,2.6868462562561,0.038514
1998-11-09,25.5418758392334,2.90066266059876,3.28621649742126,0.126297
1998-11-10,23.4633350372314,21.3346176147461,0.840005159378052,1.020352
1998-11-11,24.861988067627,21.3307933807373,2.18412089347839,3.400893
1998-11-12,23.4313354492188,6.19156742095947,1.04562985897064,3.074234
1998-11-13,23.0373497009277,12.9943046569824,1.35082805156708,3.815746
1998-11-14,22.4536952972412,1.32795691490173,0.91746586561203,1.399568
1998-11-15,23.2811584472656,3.7692596912384,2.20898604393005,0.876767
1998-11-16,23.8847274780273,37.3739624023438,2.26748180389404,14.579936
1998-11-17,25.0486164093018,2.50842642784119,4.10381126403809,3.334185
1998-11-18,26.0886478424072,0.224949300289154,4.91841983795166,1.357159
1998-11-19,25.5034084320068,0.0190195254981518,4.66692781448364,0.66431
1998-11-20,25.4045391082764,0.0322038903832436,4.26357555389404,0.331311
1998-11-21,25.7042617797852,0.523640632629395,4.54424333572388,0.225634
1998-11-22,25.0437488555908,6.87160968780518,2.43244028091431,0.276136
1998-11-23,24.0592651367188,14.8727703094482,2.30730700492859,1.855186
1998-11-24,23.3480091094971,23.738697052002,2.25925588607788,7.079631
1998-11-25,23.2705879211426,40.5526885986328,1.24003851413727,26.775134
1998-11-26,24.9135398864746,5.58184957504273,2.97340822219849,5.949621
1998-11-27,26.2092418670654,0.192341431975365,4.65902900695801,1.620248
1998-11-28,25.7510280609131,0.0185500662773848,4.80790662765503,0.775461
1998-11-29,25.0624694824219,0.286705493927002,3.07448697090149,0.455293
1998-11-30,25.828634262085,3.56716179847717,2.90394854545593,0.241949
1998-12-01,25.0262603759766,13.5455846786499,1.45805406570435,0.505297
1998-12-02,24.441967010498,25.5739116668701,1.36804115772247,6.361336
1998-12-03,24.0478038787842,10.1246089935303,0.959443867206573,4.446388
1998-12-04,25.5890045166016,14.7438373565674,2.82152938842773,8.420368
1998-12-05,26.6199283599854,0.556077718734741,4.87818050384522,3.268148
1998-12-06,26.2760314941406,0.0144848395138979,5.02192544937134,1.095758
1998-12-07,25.9447994232178,0.0216532070189714,4.68443727493286,0.560883
1998-12-08,25.4275398254395,0.0825296491384506,4.13798236846924,0.370626
1998-12-09,25.4024066925049,0.192215368151665,4.03124856948853,0.225634
1998-12-10,25.655237197876,0.406630545854569,5.1287202835083,0.151981
1998-12-11,25.4607410430908,0.815915882587433,4.41096305847168,0.114267
1998-12-12,25.7094535827637,0.376731544733048,4.18745899200439,0.091894
1998-12-13,25.9495449066162,0.528172135353088,4.33218097686768,0.091894
1998-12-14,25.5262451171875,0.0602313503623009,3.76028656959534,0.081551
1998-12-15,26.0420455932617,0.1277746707201,4.85184860229492,0.071793
1998-12-16,25.8822174072266,0.138952746987343,4.08406066894531,0.038514
1998-12-17,25.4232540130615,0.256417781114578,2.23593997955322,0.014973
1998-12-18,26.1063442230225,0.368796229362488,4.0570125579834,0.011944
1998-12-19,25.603910446167,1.38723337650299,3.55050373077393,0.010213
1998-12-20,25.4549045562744,1.54759073257446,3.91542220115662,0.008698
1998-12-21,25.3844833374023,1.00626635551453,4.32876920700073,0.008698
1998-12-22,25.1934986114502,0.309587448835373,3.69497537612915,0.008027
1998-12-23,25.135181427002,1.97444772720337,4.12801170349121,0.007378
1998-12-24,25.2969913482666,0.124099589884281,4.61823749542236,0.004003
1998-12-25,25.1317863464356,1.35623455047607,3.82722783088684,0.004392
1998-12-26,25.0062141418457,0.145559728145599,4.93642425537109,0.004803
1998-12-27,24.4193840026855,0.968871891498566,3.66415357589722,0.004392
1998-12-28,24.8893299102783,1.35423076152802,3.85796356201172,0.004003
1998-12-29,25.4481887817383,0.0876028165221214,4.21909141540527,0.003008
1998-12-30,25.605525970459,0.0598803944885731,4.51705026626587,0.002229
1998-12-31,25.7511978149414,0.177033513784409,4.34431266784668,0.001818
1999-01-01,25.8912124633789,0.275116145610809,3.5733482837677,0.001644
1999-01-02,25.4293231964111,0.522189736366272,4.21665382385254,0.001471
1999-01-03,25.9905281066895,0.228004649281502,4.27167797088623,0.001471
1999-01-04,26.2759017944336,0.457465648651123,3.12843060493469,0.002012
1999-01-05,25.7885932922363,14.8251972198486,4.33653163909912,0.001818
1999-01-06,25.5096416473389,0.409684300422668,4.25267553329468,0.001818
1999-01-07,25.6501884460449,0.0970977172255516,5.03573942184448,0.004803
1999-01-08,25.5686454772949,0.197881519794464,4.05834245681763,0.008698
1999-01-09,25.1050472259522,0.656864285469055,3.8451247215271,0.005236
1999-01-10,24.1573715209961,12.4515428543091,2.09504079818726,0.006794
1999-01-11,24.029670715332,33.0913352966309,2.71225810050964,0.008698
1999-01-12,24.526741027832,3.31629872322083,2.81187987327576,0.165634
1999-01-13,25.1335754394531,10.6206398010254,4.20088291168213,1.712531
1999-01-14,25.875280380249,1.29549360275269,4.43819856643677,0.911754
1999-01-15,26.016716003418,0.34302693605423,4.4550576210022,0.604266
1999-01-16,25.6002407073975,0.0496749542653561,4.81954383850098,0.391052
1999-01-17,25.3545761108398,0.039677869528532,4.26836967468262,0.053964
1999-01-18,24.7474498748779,0.373521029949188,3.47183752059937,0.011944
1999-01-19,25.5436477661133,1.54741525650024,3.90279078483582,0.008698
1999-01-20,26.1029224395752,7.19384431838989,4.59679889678955,0.006794
1999-01-21,25.9947109222412,0.0798987224698067,4.11600637435913,0.005712
1999-01-22,25.8563289642334,0.186742395162582,4.5942702293396,0.005236
1999-01-23,25.4621658325195,0.117546580731869,4.36857795715332,0.004392
1999-01-24,25.6782703399658,0.230085492134094,3.81164979934692,0.004392
1999-01-25,26.1427097320557,2.15621495246887,3.90281891822815,0.003635
1999-01-26,25.5616607666016,3.52515769004822,3.80349707603455,0.003008
1999-01-27,25.7822723388672,0.49513253569603,4.49899101257324,0.002726
1999-01-28,26.0910301208496,0.448627293109894,3.40293002128601,0.002467
1999-01-29,26.6790809631348,0.124026767909527,4.94998168945313,0.002012
1999-01-30,27.4836692810059,0.0524563193321228,4.99863576889038,0.002012
1999-01-31,26.9582099914551,0.0305415950715542,5.04717826843262,0.002012
1999-02-01,25.8152484893799,0.364282160997391,3.8177056312561,0.002012
1999-02-02,25.8106136322022,0.752538025379181,4.0414252281189,0.001818
1999-02-03,26.2812805175781,5.78006792068481,4.76009654998779,0.004392
1999-02-04,25.1611385345459,1.98535335063934,3.9852032661438,0.009434
1999-02-05,25.2890396118164,2.73849439620972,4.20128536224365,0.025489
1999-02-06,26.0888347625732,2.62907528877258,4.60880041122437,0.114267
1999-02-07,25.9567680358887,1.65350341796875,4.72911643981934,0.241949
1999-02-08,25.7666912078857,0.145796537399292,4.62528705596924,0.391052
1999-02-09,26.9647426605225,0.0279665123671293,4.63818073272705,0.51895
1999-02-10,26.6431293487549,0.0197234209626913,4.88330078125,0.51895
1999-02-11,26.5437126159668,0.0250729918479919,4.82036638259888,0.003008
1999-02-12,26.8283424377441,0.00603601615875959,4.95384788513184,0.00132
1999-02-13,25.6541957855225,0.629923522472382,3.23608112335205,0.001644
1999-02-14,26.4020233154297,3.50331664085388,4.49157333374023,0.001644
1999-02-15,26.3233318328857,0.972104489803314,4.36372709274292,0.001471
1999-02-16,26.0133571624756,1.65243792533875,4.1840991973877,0.001818
1999-02-17,26.0152988433838,4.53349447250366,4.02122116088867,0.001644
1999-02-18,25.784200668335,0.575627207756043,4.52400159835815,0.001471
1999-02-19,25.5208015441895,0.201926693320274,3.82485604286194,0.00132
1999-02-20,25.8424434661865,0.6492560505867,3.64878392219543,0.001471
1999-02-21,25.8412017822266,9.91227626800537,2.67449426651001,0.010213
1999-02-22,24.8994922637939,5.29912757873535,3.17722368240356,0.008027
1999-02-23,25.3478393554688,3.50453233718872,3.23684740066528,0.004003
1999-02-24,25.1722354888916,1.23579514026642,2.92893052101135,0.003635
1999-02-25,25.547700881958,12.6629114151001,3.02335119247437,0.002012
1999-02-26,24.6899032592773,10.1114025115967,2.00711250305176,0.071793
1999-02-27,24.9767150878906,5.17293643951416,2.66461610794067,0.091894
1999-02-28,24.8695316314697,5.01580905914307,3.06188035011292,0.138868
1999-03-01,25.0087356567383,6.19038009643555,3.11578488349915,0.165634
1999-03-02,25.6435241699219,4.98609495162964,3.42220664024353,0.679716
1999-03-03,25.872241973877,17.7609272003174,3.88119149208069,0.695294
1999-03-04,25.6152114868164,43.8750839233398,3.07229900360107,6.596296
1999-03-05,25.8487701416016,7.11379861831665,2.46848273277283,5.04492
1999-03-06,25.599781036377,2.75463151931763,3.57055592536926,2.366931
1999-03-07,25.7180671691895,2.12282299995422,3.90129137039185,0.894185
1999-03-08,25.5960311889648,0.98311710357666,4.059889793396,0.477709
1999-03-09,25.9092617034912,0.141901910305023,4.00260543823242,0.294008
1999-03-10,25.6028480529785,0.177734181284904,4.8237624168396,0.151981
1999-03-11,25.4976196289063,0.0448619909584522,4.3533935546875,0.114267
1999-03-12,25.8309993743897,0.19154180586338,4.13204717636108,0.091894
1999-03-13,26.8970146179199,0.200777813792229,4.050940990448,0.102799
1999-03-14,26.4889659881592,0.790480196475983,3.26731204986572,0.071793
1999-03-15,26.0796203613281,6.37325620651245,4.37840223312378,1.076674
1999-03-16,25.7958564758301,0.385773628950119,3.67816853523254,0.455293
1999-03-17,24.743257522583,2.03364586830139,3.54081225395203,0.194585
1999-03-18,23.9827480316162,4.23852062225342,2.55141878128052,0.126297
1999-03-19,24.1692428588867,13.1121730804443,2.90073204040527,0.126297
1999-03-20,24.4188556671143,5.70393037796021,2.7888617515564,0.505297
1999-03-21,24.7910861968994,5.72413301467896,3.70253348350525,0.633974
1999-03-22,25.2837467193604,1.09855079650879,3.6699743270874,0.370626
1999-03-23,25.2196044921875,1.13324630260468,4.13941144943237,0.17985
1999-03-24,24.9669818878174,0.180557370185852,4.21705722808838,0.091894
1999-03-25,25.2393112182617,0.815595209598541,3.72550392150879,0.071793
1999-03-26,26.0605621337891,0.221349254250526,3.8107488155365,0.053964
1999-03-27,25.8167552947998,0.193951517343521,4.39973640441895,0.038514
1999-03-28,25.065523147583,0.0203310642391443,4.07011461257935,0.031699
1999-03-29,24.6814117431641,0.000676247989758849,4.43828582763672,0.019906
1999-03-30,25.8353862762451,0.0385584682226181,4.02668714523315,0.017332
1999-03-31,25.7101764678955,0.804322600364685,3.41438770294189,0.014973
1999-04-01,23.9101676940918,2.35597348213196,2.38256525993347,0.013891
1999-04-02,24.8555736541748,9.80231189727783,3.34786629676819,0.011944
1999-04-03,25.8703269958496,9.1633358001709,4.22210884094238,0.010213
1999-04-04,25.4288806915283,1.30687344074249,3.66407132148743,0.008698
1999-04-05,25.1489067077637,1.60353124141693,3.11035943031311,0.008027
1999-04-06,25.9916076660156,4.10168933868408,3.58465528488159,0.006794
1999-04-07,25.543098449707,0.649050891399384,3.75400185585022,0.005712
1999-04-08,25.6212768554688,0.315065026283264,3.41668891906738,0.004803
1999-04-09,25.3225650787354,0.669281423091888,2.19657826423645,0.004392
1999-04-10,24.8603420257568,5.47098255157471,3.14542365074158,0.003635
1999-04-11,23.9385528564453,8.16350364685059,1.87520718574524,0.126297
1999-04-12,23.6724605560303,5.33449983596802,1.7929048538208,0.505297
1999-04-13,24.2587814331055,4.37190961837769,2.60751938819885,0.151981
1999-04-14,24.899845123291,0.38079708814621,2.97566485404968,0.258783
1999-04-15,25.5658092498779,0.602594256401062,3.28940391540527,0.876767
1999-04-16,25.7786140441895,2.2031581401825,3.34781503677368,0.546732
1999-04-17,26.48681640625,1.17614352703094,4.05812883377075,0.031699
1999-04-18,26.1200542449951,0.115072645246983,3.6447434425354,0.010213
1999-04-19,25.1308345794678,1.16398549079895,2.7362105846405,0.062597
1999-04-20,24.4385604858398,7.01625156402588,2.43886065483093,0.477709
1999-04-21,25.3049964904785,13.9088897705078,3.40661406517029,0.17985
1999-04-22,24.1348552703857,0.463160485029221,2.6716799736023,0.114267
1999-04-23,24.7015991210938,6.46281385421753,3.05992221832275,0.225634
1999-04-24,24.242769241333,8.51476573944092,2.74901986122131,0.151981
1999-04-25,24.21022605896,19.0382804870605,2.62324333190918,0.276136
1999-04-26,23.5955238342285,7.55020809173584,2.18568992614746,0.491795
1999-04-27,23.5307579040527,3.42390537261963,2.52136421203613,0.3124
1999-04-28,23.3756256103516,2.40221762657166,2.28068733215332,0.225634
1999-04-29,22.8045253753662,4.53717947006226,2.02777051925659,0.194585
1999-04-30,23.4761734008789,2.12446761131287,2.41763257980347,0.17985
1999-05-01,23.9453582763672,12.5057945251465,2.31850862503052,3.502264
1999-05-02,23.1013336181641,7.05775690078735,1.85099899768829,2.645858
1999-05-03,23.2553195953369,3.74591159820557,2.62520456314087,1.378277
1999-05-04,23.11328125,1.15220701694489,2.60452961921692,1.420989
1999-05-05,23.0763549804688,2.46590256690979,2.35783815383911,0.808609
1999-05-06,23.1050987243652,2.74143648147583,2.40466785430908,1.620248
1999-05-07,24.0388202667236,0.370542079210281,2.71854400634766,0.983547
1999-05-08,24.2814540863037,0.141569331288338,3.29726505279541,0.589639
1999-05-09,24.1384868621826,4.16949224472046,2.24705600738525,0.3124
1999-05-10,23.1305046081543,5.00513887405396,1.89711344242096,1.378277
1999-05-11,23.1990165710449,1.97334539890289,2.29122281074524,1.038982
1999-05-12,23.4077968597412,0.803588211536408,2.25603485107422,0.546732
1999-05-13,24.1616668701172,0.279794186353683,2.89337038993835,0.433374
1999-05-14,22.294620513916,2.37202501296997,1.23670017719269,0.411953
1999-05-15,21.5797843933105,0.16607977449894,2.65122222900391,0.575186
1999-05-16,20.9136486053467,0.0395903661847115,2.52191162109375,0.294008
1999-05-17,21.6539974212647,0.0873772725462914,2.32032442092896,0.151981
1999-05-18,21.7142219543457,0.196474298834801,1.95536267757416,0.102799
1999-05-19,22.4416027069092,0.173520743846893,2.45989322662354,0.071793
1999-05-20,23.7789173126221,0.0653586089611054,2.73986530303955,0.071793
1999-05-21,24.4164485931397,0.0227310638874769,3.29177331924439,0.053964
1999-05-22,23.1122817993164,0.200557857751846,2.02498769760132,0.045958
1999-05-23,22.7099456787109,0.163775041699409,2.02512693405151,0.045958
1999-05-24,21.5062007904053,0.0797785222530365,2.89566946029663,0.038514
1999-05-25,21.4487628936768,0.135256752371788,2.85239267349243,0.025489
1999-05-26,21.8168430328369,0.483869761228561,1.17384886741638,0.025489
1999-05-27,22.7157745361328,4.03033256530762,1.73270320892334,0.045958
1999-05-28,23.5459079742432,11.3284635543823,2.03848314285278,0.062597
1999-05-29,22.8938484191895,1.44320201873779,2.58247470855713,0.194585
1999-05-30,22.4568557739258,0.00785460881888866,3.11636710166931,0.194585
1999-05-31,23.1377639770508,0.0343302302062511,3.32144665718079,0.194585
1999-06-01,23.0424633026123,1.31845355033875,2.05600881576538,0.151981
1999-06-02,22.4892749786377,1.25391054153442,1.92999458312988,0.102799
1999-06-03,22.263147354126,0.799510776996613,1.51033055782318,0.071793
1999-06-04,22.4103412628174,1.14492189884186,1.58774518966675,0.053964
1999-06-05,22.4922866821289,0.316293805837631,2.39165258407593,0.053964
1999-06-06,22.1099452972412,0.368572682142258,2.58848142623901,0.038514
1999-06-07,22.4625263214111,1.65790903568268,2.02070355415344,0.038514
1999-06-08,22.5016117095947,3.56565642356873,2.30288195610046,0.038514
1999-06-09,21.6858997344971,3.19852709770203,1.65950763225555,0.045958
1999-06-10,21.4367580413818,14.468768119812,1.25046944618225,0.081551
1999-06-11,22.2947978973389,9.04065990447998,1.84542655944824,5.295438
1999-06-12,21.4205169677734,1.46959900856018,2.54174971580505,2.855827
1999-06-13,21.7010307312012,0.848560988903046,2.09544801712036,1.336171
1999-06-14,21.4261131286621,0.129986450076103,2.22232747077942,0.633974
1999-06-15,21.3342189788818,0.255146086215973,1.83717155456543,0.391052
1999-06-16,21.1872158050537,0.171430513262749,1.97222292423248,0.276136
1999-06-17,20.9526481628418,0.00777525082230568,2.50604629516602,0.17985
1999-06-18,21.6996288299561,0.0219934973865747,2.47323179244995,0.114267
1999-06-19,21.9475574493408,0.106103830039501,2.37337851524353,0.081551
1999-06-20,22.6514358520508,0.307742565870285,2.07424974441528,0.071793
1999-06-21,23.5814380645752,0.284632980823517,2.53905153274536,0.071793
1999-06-22,23.9622325897217,0.178813144564629,2.52512216567993,0.053964
1999-06-23,23.6489086151123,0.052097424864769,2.80370116233826,0.045958
1999-06-24,23.5040950775147,0.207047700881958,2.26083302497864,0.019906
1999-06-25,23.3242244720459,0.521114826202393,2.36901688575745,0.01612
1999-06-26,22.9064426422119,0.210305154323578,2.50205540657043,0.014973
1999-06-27,22.678071975708,0.410590052604675,2.42139959335327,0.01612
1999-06-28,21.7164516448975,0.745158970355988,2.09781384468079,0.019906
1999-06-29,22.4253635406494,2.72056150436401,2.25170254707336,0.01863
1999-06-30,22.9306392669678,0.610218286514282,2.79552125930786,0.01863
1999-07-01,21.7410926818848,0.0883467271924019,2.6516375541687,0.01612
1999-07-02,21.519287109375,1.11951279640198,0.954299867153168,0.014973
1999-07-03,20.4928760528564,3.64635062217712,0.878542840480804,0.081551
1999-07-04,22.3474311828613,11.933629989624,2.46355319023132,0.151981
1999-07-05,21.774356842041,2.69725871086121,1.88847553730011,0.151981
1999-07-06,21.6531143188477,6.79012298583984,2.06312584877014,0.126297
1999-07-07,20.2258033752441,12.2479619979858,0.590795934200287,1.928407
1999-07-08,21.0651779174805,2.44287586212158,1.41793537139893,1.274072
1999-07-09,21.2690391540527,0.305735498666763,1.92288589477539,0.679716
1999-07-10,21.3654155731201,0.18473145365715,2.1504487991333,0.391052
1999-07-11,21.424898147583,0.359997719526291,2.68366026878357,0.209839
1999-07-12,20.8882999420166,0.694909811019898,2.19924926757813,0.126297
1999-07-13,20.8166255950928,4.36915159225464,1.44213426113129,0.126297
1999-07-14,20.3995628356934,14.0517606735229,1.17094075679779,0.649055
1999-07-15,20.8941764831543,11.5018367767334,1.16736245155334,3.570703
1999-07-16,21.3872051239014,6.15374422073364,1.99088215827942,3.042514
1999-07-17,22.0133018493652,3.06929588317871,2.30424475669861,1.735943
1999-07-18,22.0537891387939,3.17545986175537,2.46961355209351,0.929475
1999-07-19,22.5505485534668,2.98938179016113,2.55719637870789,0.619044
1999-07-20,22.0012187957764,1.52273046970367,2.49354648590088,0.455293
1999-07-21,21.6392879486084,0.470337092876434,2.42801809310913,0.294008
1999-07-22,20.7083740234375,0.411686837673187,2.30567121505737,0.194585
1999-07-23,20.2485256195068,1.66139101982117,1.79861068725586,0.241949
1999-07-24,22.0686225891113,12.3551998138428,2.26461029052734,1.020352
1999-07-25,21.555305480957,3.09148979187012,2.37609314918518,1.552544
1999-07-26,22.2683849334717,3.72947549819946,2.68345832824707,1.038982
1999-07-27,21.8468761444092,10.1525220870972,1.98002791404724,0.911754
1999-07-28,21.5405864715576,4.16185760498047,2.39442658424377,0.911754
1999-07-29,21.2576389312744,1.34027326107025,2.40665793418884,0.575186
1999-07-30,21.5601902008057,1.83726871013641,2.65119004249573,0.491795
1999-07-31,21.0312156677246,1.71598958969116,2.28126692771912,0.350698
1999-08-01,20.7806949615479,2.5511736869812,2.01332235336304,0.477709
1999-08-02,21.3259296417236,2.316481590271,2.36189389228821,0.649055
1999-08-03,20.7857036590576,0.479590624570847,3.23601722717285,0.455293
1999-08-04,19.8997688293457,0.00793913938105106,3.22290253639221,0.276136
1999-08-05,19.6280765533447,0.456579953432083,2.24002695083618,0.17985
1999-08-06,20.7631435394287,0.494778722524643,2.59216785430908,0.126297
1999-08-07,20.7056827545166,0.0932992994785309,2.14056801795959,0.102799
1999-08-08,21.1711654663086,0.0593916513025761,2.70988726615906,0.071793
1999-08-09,22.0406436920166,0.0427337102591991,2.61590266227722,0.071793
1999-08-10,21.4615726470947,0.0234705358743668,2.65583562850952,0.071793
1999-08-11,21.6081104278564,0.834531664848328,2.49485421180725,0.053964
1999-08-12,21.4114303588867,0.252458721399307,2.89494276046753,0.053964
1999-08-13,21.731689453125,1.15111887454987,1.36801600456238,0.053964
1999-08-14,21.8845996856689,0.398289352655411,3.17961835861206,0.045958
1999-08-15,21.9589500427246,0.0126990731805563,3.00454163551331,0.045958
1999-08-16,19.9695606231689,0.699232757091522,1.44286012649536,0.045958
1999-08-17,19.1646690368652,0.548068761825562,2.05258703231812,0.038514
1999-08-18,20.0167560577393,0.231349736452103,2.62528824806213,0.031699
1999-08-19,20.3234558105469,1.42835295200348,1.22144210338593,0.091894
1999-08-20,19.536792755127,15.7118473052979,0.375160127878189,0.350698
1999-08-21,19.8559627532959,9.71372413635254,1.22561812400818,1.574961
1999-08-22,20.3723316192627,7.8808650970459,2.69594931602478,1.357159
1999-08-23,20.5062236785889,1.81506049633026,2.84395599365234,0.825421
1999-08-24,19.6996479034424,0.890528500080109,2.24422526359558,0.808609
1999-08-25,20.397705078125,3.27785634994507,1.55662178993225,1.399568
1999-08-26,21.4489364624023,6.97955989837647,2.58379364013672,3.30108
1999-08-27,21.3645095825195,1.8018034696579,2.90645527839661,2.88653
1999-08-28,20.8142395019531,0.0658649280667305,3.5494589805603,1.508123
1999-08-29,21.4298629760742,0.24812676012516,2.82108020782471,0.842385
1999-08-30,21.085241317749,0.0107895387336612,3.93361258506775,0.51895
1999-08-31,20.7147445678711,0.811012804508209,2.85082960128784,0.350698
1999-09-01,20.5169506072998,0.682202398777008,2.43220400810242,0.276136
1999-09-02,21.227466583252,2.42236948013306,2.83741211891174,0.209839
1999-09-03,22.0415019989014,0.0752746313810349,3.42371678352356,0.151981
1999-09-04,21.7537097930908,0.0808651968836784,3.02990436553955,0.138868
1999-09-05,21.9097557067871,0.437210500240326,2.74741721153259,0.114267
1999-09-06,22.048978805542,0.85407817363739,3.18825626373291,0.114267
1999-09-07,22.4712448120117,0.353359907865524,3.49487233161926,0.102799
1999-09-08,21.2603054046631,0.156613662838936,2.89704203605652,0.114267
1999-09-09,22.6238269805908,0.613150298595429,2.94980764389038,0.081551
1999-09-10,22.5615196228027,0.47861659526825,3.05270719528198,0.071793
1999-09-11,22.2242393493652,0.919654428958893,3.13599348068237,0.091894
1999-09-12,23.0729312896729,1.17921531200409,3.25823569297791,0.091894
1999-09-13,23.4823455810547,4.03594779968262,3.57319641113281,0.071793
1999-09-14,23.028413772583,0.645694553852081,3.29426574707031,0.071793
1999-09-15,23.4452533721924,1.03280639648438,3.20083212852478,0.071793
1999-09-16,22.8674831390381,0.0991697013378143,3.45674300193787,0.062597
1999-09-17,22.5412445068359,0.850346684455872,3.11065888404846,0.062597
1999-09-18,21.7288589477539,0.7607182264328,3.30833792686462,0.053964
1999-09-19,21.9627113342285,1.06711530685425,3.3918993473053,0.053964
1999-09-20,21.9467639923096,1.07841658592224,3.33567309379578,0.053964
1999-09-21,22.0888557434082,0.532429933547974,2.98451280593872,0.053964
1999-09-22,22.5570220947266,0.104106985032558,3.70714640617371,0.045958
1999-09-23,22.0586757659912,2.59179425239563,1.49945497512817,0.053964
1999-09-24,17.9621467590332,6.93255424499512,0.825490772724152,0.114267
1999-09-25,17.8812637329102,3.31739854812622,1.24998712539673,0.165634
1999-09-26,19.1666259765625,1.13940346240997,2.55950212478638,0.138868
1999-09-27,21.3932971954346,0.0801133662462235,3.12118029594421,0.114267
1999-09-28,21.7677268981934,0.0373079217970371,3.7637984752655,0.091894
1999-09-29,22.0738220214844,0.0823457539081574,4.53589344024658,0.102799
1999-09-30,23.6776294708252,0.00804045889526606,4.50494384765625,0.081551
1999-10-01,24.5069732666016,0.0322892814874649,4.43272113800049,0.071793
1999-10-02,24.5772819519043,0.0116112194955349,4.25400161743164,0.053964
1999-10-03,25.348913192749,0.0261196978390217,4.45294046401978,0.031699
1999-10-04,23.5896034240723,3.70619440078735,3.63923072814941,0.019906
1999-10-05,20.3727130889893,5.61685037612915,1.04755592346191,0.01612
1999-10-06,20.317081451416,2.9650022983551,2.29439759254456,0.017332
1999-10-07,19.7609748840332,0.70371824502945,2.60209679603577,0.038514
1999-10-08,20.8541088104248,0.196651771664619,3.21289014816284,0.102799
1999-10-09,21.7810287475586,0.0705534815788269,3.34061026573181,0.071793
1999-10-10,22.6166763305664,0.00404257979243994,4.70215654373169,0.053964
1999-10-11,23.1143665313721,1.06579649448395,3.03764152526855,0.062597
1999-10-12,21.7332000732422,5.66259670257568,1.21079111099243,0.114267
1999-10-13,21.0866012573242,0.386510819196701,3.09465217590332,0.17985
1999-10-14,21.5203342437744,0.136995479464531,3.87464499473572,0.225634
1999-10-15,22.047945022583,0.165289431810379,2.97748231887817,0.138868
1999-10-16,22.9574909210205,0.172136500477791,3.53847336769104,0.091894
1999-10-17,24.2856750488281,0.301160097122192,4.19727802276611,0.071793
1999-10-18,24.5240459442139,0.288740187883377,3.84526920318604,0.053964
1999-10-19,24.0971965789795,0.0474403984844685,3.73133182525635,0.053964
1999-10-20,23.9196033477783,0.645313262939453,3.16770792007446,0.038514
1999-10-21,23.8215408325195,0.279508322477341,3.38912439346314,0.025489
1999-10-22,24.9135818481445,0.0913251265883446,3.89527821540833,0.019906
1999-10-23,24.6261882781982,3.1784782409668,3.27040910720825,0.038514
1999-10-24,22.5774612426758,17.677827835083,2.31889367103577,0.019906
1999-10-25,21.6990947723389,0.443252682685852,3.02020525932312,0.038514
1999-10-26,21.4399299621582,0.094628669321537,3.94733643531799,0.053964
1999-10-27,20.5848388671875,0.212279245257378,2.26320385932922,0.053964
1999-10-28,21.5699234008789,1.65307211875916,1.51379644870758,0.071793
1999-10-29,22.2125015258789,5.64054775238037,2.08625531196594,0.053964
1999-10-30,22.259069442749,1.81648647785187,1.19302082061768,0.038514
1999-10-31,20.2608699798584,2.99302339553833,1.82378017902374,0.038514
1999-11-01,20.7542839050293,1.94971084594727,2.09425520896912,0.081551
1999-11-02,19.8503894805908,1.05565619468689,1.68854546546936,0.091894
1999-11-03,21.9173545837402,0.30944761633873,3.30756425857544,0.126297
1999-11-04,23.1286430358887,0.808252573013306,2.76402997970581,0.114267
1999-11-05,24.8987312316895,0.655632078647614,3.77007484436035,0.102799
1999-11-06,25.2388019561768,0.242513388395309,5.25543165206909,0.071793
1999-11-07,25.0936336517334,0.0473957508802414,4.17361783981323,0.071793
1999-11-08,24.8165683746338,0.109441705048084,3.82281088829041,0.053964
1999-11-09,25.8849391937256,0.372319996356964,4.34346866607666,0.038514
1999-11-10,25.7898502349854,0.0292266681790352,4.61704921722412,0.01612
1999-11-11,23.9742259979248,2.00071358680725,3.28727865219116,0.011944
1999-11-12,23.0092506408691,9.64534854888916,2.06012272834778,0.009434
1999-11-13,23.9728450775147,3.59876704216003,4.01001977920532,0.007378
1999-11-14,25.1177940368652,0.547179222106934,4.21547222137451,0.006232
1999-11-15,24.725700378418,2.87308263778687,2.92238259315491,0.007378
1999-11-16,22.6569805145264,6.82562589645386,2.05826163291931,0.031699
1999-11-17,21.9033756256104,0.94525146484375,1.46319246292114,0.053964
1999-11-18,21.5556964874268,4.29868173599243,1.50671207904816,0.081551
1999-11-19,21.1641750335693,9.18887805938721,0.736698567867279,0.126297
1999-11-20,22.4065837860107,6.85401630401611,2.33001756668091,0.331311
1999-11-21,23.049654006958,12.2542581558228,2.41547679901123,1.294627
1999-11-22,24.4492340087891,2.56266665458679,3.69683575630188,1.90387
1999-11-23,24.9598922729492,4.25748872756958,3.65186405181885,2.286656
1999-11-24,25.3914966583252,18.0725479125977,3.77411103248596,1.336171
1999-11-25,25.0939159393311,2.15859651565552,3.15536308288574,0.695294
1999-11-26,24.0535259246826,0.55319619178772,4.0557656288147,0.491795
1999-11-27,24.5618171691895,0.0898418202996254,3.55930209159851,0.3124
1999-11-28,25.3616046905518,0.278569281101227,3.59717679023743,0.258783
1999-11-29,24.851921081543,19.028507232666,1.99191808700562,0.151981
1999-11-30,24.30153465271,34.0697402954102,2.35930681228638,4.84101
1999-12-01,22.9574184417725,30.3804225921631,0.869454145431519,11.660387
1999-12-02,23.692310333252,16.4301719665527,2.93851613998413,14.010896
1999-12-03,23.7125778198242,8.1808500289917,2.78826308250427,5.04492
1999-12-04,24.4516010284424,5.51538848876953,3.92544388771057,9.942036
1999-12-05,24.6742362976074,1.45779359340668,3.17988324165344,5.423098
1999-12-06,25.2124481201172,1.01768052577972,3.90095448493958,3.268148
1999-12-07,25.4396209716797,0.21972069144249,4.60662364959717,1.508123
1999-12-08,25.3252468109131,0.421685248613358,4.21597051620483,1.038982
1999-12-09,24.6056423187256,0.34384149312973,4.09460830688477,0.695294
1999-12-10,24.6342830657959,0.442592352628708,4.27268886566162,0.51895
1999-12-11,24.3860874176025,0.174728810787201,3.91274261474609,0.350698
1999-12-12,25.1107864379883,0.253168851137161,4.64889240264893,0.225634
1999-12-13,26.074068069458,0.0498325861990452,4.64380121231079,0.17985
1999-12-14,26.3491191864014,0.0418514311313629,5.05727672576904,0.138868
1999-12-15,25.9473571777344,0.311317563056946,3.13602161407471,0.114267
1999-12-16,25.7223930358887,12.081392288208,2.62203550338745,0.114267
1999-12-17,26.0592994689941,13.9171104431152,2.81299114227295,0.138868
1999-12-18,25.2063407897949,29.9450778961182,2.60871076583862,0.505297
1999-12-19,23.9966735839844,21.6718826293945,0.988914847373962,14.651902
1999-12-20,23.9612445831299,19.2597255706787,2.05709862709045,16.358439
1999-12-21,24.7260189056397,12.3009338378906,3.47190880775452,3.815746
1999-12-22,24.6420841217041,2.47766160964966,4.15481853485107,1.574961
1999-12-23,24.5814723968506,1.00057816505432,4.10164499282837,0.842385
1999-12-24,25.1442623138428,2.77683353424072,3.78606724739075,0.649055
1999-12-25,25.3233070373535,3.44776463508606,4.071533203125,0.619044
1999-12-26,24.7781276702881,2.54369139671326,3.34892225265503,0.411953
1999-12-27,24.1939888000488,2.81489586830139,4.05895280838013,0.505297
1999-12-28,24.4042892456055,1.54473006725311,3.91103768348694,0.759103
1999-12-29,24.9468193054199,5.78431606292725,4.19734668731689,3.235411
1999-12-30,24.9696483612061,3.16843628883362,3.94995641708374,1.712531
1999-12-31,25.5373096466064,5.68933963775635,3.88255715370178,3.30108
2000-01-01,25.9361438751221,5.43142223358154,4.47139739990234,13.730822
2000-01-02,25.4866600036621,0.458620309829712,3.73289775848389,3.605193
2000-01-03,25.2949485778809,1.04716837406158,3.93893432617188,1.530258
2000-01-04,25.2607765197754,0.599675476551056,3.8085994720459,0.859479
2000-01-05,24.2889633178711,3.41723203659058,2.85822653770447,0.808609
2000-01-06,25.34352684021,4.55861473083496,4.10577011108398,1.928407
2000-01-07,23.8761501312256,5.8494291305542,3.13299036026001,1.315334
2000-01-08,24.1016139984131,1.93796420097351,3.31236052513123,1.095758
2000-01-09,23.9570713043213,2.2329843044281,3.36002230644226,1.530258
2000-01-10,24.4210681915283,8.50777244567871,3.69682240486145,2.704993
2000-01-11,24.8092041015625,0.360437959432602,4.36072778701782,2.825318
2000-01-12,24.7226219177246,1.86150598526001,4.28087425231934,1.530258
2000-01-13,25.4663352966309,1.55016303062439,4.49661779403687,0.929475
2000-01-14,25.6520195007324,0.270834624767303,4.4435920715332,0.633974
2000-01-15,24.5343894958496,0.240794792771339,4.7897801399231,0.477709
2000-01-16,24.8224983215332,0.0373754277825356,4.74154329299927,0.331311
2000-01-17,25.8514041900635,0.127596795558929,4.38723039627075,0.225634
2000-01-18,25.8910274505615,0.0935610756278038,4.34995174407959,0.194585
2000-01-19,27.3377189636231,0.0202922932803631,5.52609729766846,0.165634
2000-01-20,27.4257507324219,7.4439697265625,3.90338921546936,0.138868
2000-01-21,25.9408950805664,16.553165435791,3.29405117034912,0.151981
2000-01-22,24.7277412414551,21.3253307342529,2.01711130142212,0.433374
2000-01-23,25.3208789825439,6.2102541923523,2.15744090080261,1.928407
2000-01-24,25.9462051391602,17.0812034606934,3.25467419624329,5.003788
2000-01-25,26.373176574707,4.12874317169189,4.37567138671875,1.735943
2000-01-26,27.3922443389893,1.15043711662292,5.04881381988525,0.947348
2000-01-27,27.5676956176758,0.0762659832835197,4.88683271408081,0.575186
2000-01-28,26.6262664794922,0.830554366111755,3.81950044631958,0.51895
2000-01-29,25.6345310211182,4.53548192977905,3.91687202453613,0.51895
2000-01-30,25.8409042358398,2.67949938774109,4.24665975570679,0.825421
2000-01-31,25.8815956115723,0.890550911426544,4.16498804092407,0.575186
2000-02-01,25.8424224853516,0.116034276783466,4.80942058563232,0.331311
2000-02-02,27.3040409088135,0.00775037379935384,5.21642351150513,0.225634
2000-02-03,28.3346366882324,9.21573257446289,4.57405519485474,0.17985
2000-02-04,26.9487838745117,12.4384899139404,2.48786640167236,0.808609
2000-02-05,27.0489273071289,0.830711126327515,4.37713193893433,0.575186
2000-02-06,26.939380645752,1.85634589195251,4.50452899932861,0.276136
2000-02-07,26.4010543823242,0.144052356481552,4.47603988647461,0.241949
2000-02-08,26.312068939209,0.147671163082123,4.54132461547852,0.370626
2000-02-09,26.5510921478272,0.61877828836441,4.6654200553894,0.241949
2000-02-10,25.5532817840576,2.73159742355347,3.21098566055298,0.194585
2000-02-11,25.7380027770996,4.45824241638184,4.02721881866455,0.165634
2000-02-12,25.4895076751709,0.593999326229096,4.38603448867798,0.138868
2000-02-13,25.9076862335205,3.98436331748962,3.50611519813538,0.165634
2000-02-14,25.3929042816162,5.74860000610352,3.57473349571228,0.151981
2000-02-15,24.8862285614014,9.45233345031738,3.4057674407959,0.165634
2000-02-16,25.3378410339356,8.04351997375488,4.43095636367798,0.138868
2000-02-17,25.3072853088379,1.38402915000916,3.79321789741516,0.241949
2000-02-18,25.2551898956299,4.33442878723145,3.14238405227661,0.491795
2000-02-19,24.4290618896484,9.35901832580566,3.18515157699585,0.3124
2000-02-20,24.8731937408447,4.77939891815186,3.16117596626282,0.546732
2000-02-21,24.5216865539551,2.4886634349823,2.93108057975769,0.391052
2000-02-22,24.5516815185547,6.47119045257568,3.41737389564514,0.505297
2000-02-23,24.7304420471191,4.72602367401123,2.85043549537659,0.560883
2000-02-24,24.8698101043701,4.96265029907227,3.93842816352844,0.66431
2000-02-25,25.5422382354736,0.371821045875549,3.96751046180725,0.633974
2000-02-26,25.2830543518066,0.852452278137207,3.11389923095703,0.433374
2000-02-27,25.7082004547119,3.24792790412903,3.74461126327515,0.331311
2000-02-28,25.376127243042,1.70760595798492,3.69209837913513,0.808609
2000-02-29,25.1042232513428,18.2034282684326,3.75871968269348,0.929475
2000-03-01,24.3968982696533,4.07634496688843,2.32233786582947,1.274072
2000-03-02,24.4992141723633,13.8670520782471,3.28345680236816,1.807065
2000-03-03,24.9598999023438,6.51368284225464,3.2650990486145,1.076674
2000-03-04,25.0994911193848,8.46820640563965,2.72842049598694,0.876767
2000-03-05,24.5513706207275,4.20616722106934,3.70637321472168,2.616539
2000-03-06,25.0649509429932,4.7584662437439,3.96692156791687,1.134338
2000-03-07,25.2527599334717,1.3351548910141,3.89881420135498,0.808609
2000-03-08,25.0455379486084,0.462682723999023,4.29327154159546,0.711003
2000-03-09,25.7351036071777,0.482548892498016,3.81120324134827,0.842385
2000-03-10,24.9207191467285,1.27572977542877,3.55410146713257,0.983547
2000-03-11,25.4995021820068,4.76991319656372,3.4574339389801,1.020352
2000-03-12,25.7919254302979,6.06621551513672,2.33472394943237,0.532755
2000-03-13,26.4936275482178,4.83987665176392,2.3530113697052,0.411953
2000-03-14,24.7486724853516,44.1615104675293,1.4523047208786,16.054586
2000-03-15,25.3355484008789,3.00757122039795,3.46778678894043,14.579936
2000-03-16,25.4808883666992,5.01088047027588,3.81939458847046,10.783296
2000-03-17,24.6521167755127,0.141879826784134,4.46777582168579,3.570703
2000-03-18,24.2375450134277,0.00347942695952952,4.60224533081055,1.001874
2000-03-19,24.6220684051514,0.104333505034447,3.63317561149597,0.679716
2000-03-20,25.3496112823486,2.25189566612244,2.62515640258789,0.51895
2000-03-21,25.4075012207031,4.43388175964355,4.02259159088135,0.633974
2000-03-22,23.9234676361084,3.18560719490051,1.79556083679199,0.575186
2000-03-23,24.9692134857178,6.62305784225464,3.22579860687256,0.859479
2000-03-24,25.2930412292481,1.58292853832245,4.07549142837524,0.695294
2000-03-25,25.2272033691406,1.96467423439026,3.5232937335968,0.51895
2000-03-26,25.3936138153076,2.78157353401184,3.33746004104614,0.411953
2000-03-27,25.4064559936523,4.31363344192505,3.26731514930725,1.095758
2000-03-28,25.1049365997315,7.21986770629883,2.86410856246948,1.134338
2000-03-29,24.4557323455811,3.22286367416382,3.15185165405273,0.965372
2000-03-30,24.447904586792,2.52490496635437,3.23521661758423,0.759103
2000-03-31,24.5307388305664,4.66080760955811,3.49386739730835,0.775461
2000-04-01,24.8086757659912,1.45006263256073,3.63708853721619,0.649055
2000-04-02,24.7708206176758,3.49155378341675,3.05086588859558,0.66431
2000-04-03,24.1281185150147,3.89603638648987,2.85947465896606,0.742918
2000-04-04,24.5189571380615,7.50223350524902,2.96237134933472,1.689249
2000-04-05,24.3349056243897,5.6710352897644,3.19515419006348,1.399568
2000-04-06,24.4311847686768,7.16390371322632,2.47681021690369,1.134338
2000-04-07,24.4666557312012,8.3695764541626,3.10788893699646,1.486118
2000-04-08,24.689567565918,4.33975219726563,2.66878223419189,3.502264
2000-04-09,24.2982330322266,3.35463333129883,3.26549434661865,3.138194
2000-04-10,24.2998237609863,3.60194087028503,2.89214086532593,1.807065
2000-04-11,24.4708423614502,2.10679817199707,3.28868174552918,2.559027
2000-04-12,24.3761138916016,0.890052497386932,2.98655223846436,1.90387
2000-04-13,24.9478588104248,2.16048836708069,2.96825385093689,1.076674
2000-04-14,24.8505210876465,1.62589931488037,3.19908475875855,0.66431
2000-04-15,24.7384777069092,0.557891070842743,3.06030750274658,0.575186
2000-04-16,24.4437732696533,0.921649873256683,3.22421407699585,0.560883
2000-04-17,24.3717002868652,3.03956031799316,2.61236000061035,0.433374
2000-04-18,24.1522636413574,1.80215263366699,2.60471057891846,0.276136
2000-04-19,24.7135791778564,1.19519424438477,3.11155939102173,0.241949
2000-04-20,25.1763687133789,0.646392703056335,2.99264883995056,0.194585
2000-04-21,26.857889175415,0.162600502371788,3.8184187412262,0.138868
2000-04-22,26.0184535980225,8.83496284484863,2.5057475566864,0.209839
2000-04-23,24.0494251251221,3.24649930000305,1.10152983665466,5.509085
2000-04-24,24.0049476623535,0.34774386882782,2.93661952018738,1.855186
2000-04-25,22.7133541107178,0.363912224769592,3.04016447067261,0.726885
2000-04-26,22.6313858032227,0.347897171974182,2.93047881126404,0.411953
2000-04-27,23.2509880065918,3.29822754859924,2.39508104324341,0.411953
2000-04-28,23.040355682373,5.77678537368774,1.60380017757416,0.604266
2000-04-29,23.5594463348389,10.2327747344971,2.04402232170105,0.983547
2000-04-30,23.5215663909912,11.0516767501831,1.89886689186096,1.076674
2000-05-01,23.6905555725098,11.5760736465454,2.10908317565918,4.106227
2000-05-02,23.9879169464111,5.78453207015991,2.55326366424561,4.255655
2000-05-03,23.3574886322022,7.44209432601929,1.9414347410202,5.466005
2000-05-04,23.3610458374023,3.73357725143433,2.17229199409485,3.170412
2000-05-05,23.5501289367676,5.84141492843628,2.82558345794678,1.643097
2000-05-06,23.6423416137695,0.105912946164608,2.84775495529175,1.114972
2000-05-07,23.7970695495606,0.181579113006592,3.14010906219482,0.711003
2000-05-08,23.9540901184082,0.855541348457336,2.09856462478638,0.532755
2000-05-09,24.2421112060547,0.397343009710312,2.56572675704956,0.391052
2000-05-10,23.3726100921631,0.0754416063427925,2.81731343269348,0.3124
2000-05-11,22.8925552368164,0.493033409118652,2.20275235176086,0.225634
2000-05-12,21.7044906616211,0.095830611884594,2.81683278083801,0.165634
2000-05-13,21.3408870697022,0.149154365062714,2.76923656463623,0.165634
2000-05-14,21.7969779968262,0.789456486701965,2.05437207221985,0.138868
2000-05-15,20.9981880187988,0.294087082147598,2.45315480232239,0.114267
2000-05-16,21.2971096038818,0.0092005142942071,3.00466299057007,0.114267
2000-05-17,22.1649265289307,0,3.439621925354,0.114267
2000-05-18,23.0708312988281,0.00263832346536219,3.31822490692139,0.102799
2000-05-19,25.1881904602051,0.172658294439316,3.51568102836609,0.091894
2000-05-20,24.1424198150635,0.804409801959992,2.29549527168274,0.138868
2000-05-21,23.1944046020508,1.92077684402466,2.09856534004211,0.165634
2000-05-22,21.4474182128906,2.33054113388062,1.10352003574371,0.165634
2000-05-23,20.796106338501,1.27200782299042,1.74210500717163,0.165634
2000-05-24,19.9014644622803,0.919932544231415,2.26884889602661,0.138868
2000-05-25,21.211799621582,1.35162043571472,2.26490521430969,0.126297
2000-05-26,22.0833759307861,0.693397104740143,1.60915529727936,0.114267
2000-05-27,22.5550746917725,0.802350103855133,1.30531394481659,0.114267
2000-05-28,23.8929977416992,0.138226538896561,2.89713573455811,0.114267
2000-05-29,24.4321594238281,0.0705044195055962,2.95554828643799,0.102799
2000-05-30,23.5036506652832,1.54137480258942,2.1051652431488,0.102799
2000-05-31,23.3499965667725,1.18094658851624,2.62056875228882,0.091894
2000-06-01,24.0498962402344,0.0943160057067871,3.11226153373718,0.091894
2000-06-02,23.4370899200439,0.195289820432663,2.59877443313599,0.091894
2000-06-03,23.5388126373291,0.793107092380524,2.55606961250305,0.081551
2000-06-04,21.6739959716797,2.71981883049011,1.41306459903717,0.071793
2000-06-05,20.0243377685547,1.49384832382202,1.91760861873627,0.071793
2000-06-06,20.4002723693848,1.9711651802063,1.61312103271484,0.071793
2000-06-07,21.3353233337402,4.49862623214722,1.79215276241303,0.071793
2000-06-08,21.6907215118408,7.43093729019165,1.92272293567657,0.081551
2000-06-09,21.5568294525146,1.36699390411377,2.39410662651062,0.151981
2000-06-10,21.6198806762695,1.21017670631409,2.3919370174408,0.17985
2000-06-11,21.7963790893555,1.55210375785828,1.08297491073608,0.209839
2000-06-12,22.0649318695068,2.19907355308533,2.3757746219635,0.276136
2000-06-13,21.849967956543,0.416125893592834,2.21971869468689,0.225634
2000-06-14,21.489767074585,0.482114464044571,2.52694392204285,0.17985
2000-06-15,21.3855400085449,1.25984048843384,2.25890302658081,0.138868
2000-06-16,21.9756755828857,2.70702958106995,2.1703155040741,0.138868
2000-06-17,21.9257793426514,1.34854733943939,2.14497208595276,0.126297
2000-06-18,22.2378730773926,1.29324150085449,2.10742521286011,0.114267
2000-06-19,22.7313194274902,1.22691714763641,1.89035832881928,0.102799
2000-06-20,23.2451114654541,1.99433708190918,1.92827033996582,0.102799
2000-06-21,23.7614936828613,1.28404235839844,2.48856139183044,0.091894
2000-06-22,22.6868000030518,0.656390130519867,2.06382989883423,0.091894
2000-06-23,20.8248252868652,1.39099609851837,2.42860913276672,0.091894
2000-06-24,19.8668060302734,0.0341183058917522,2.56243968009949,0.091894
2000-06-25,20.1910972595215,0.0061730076558888,2.55969548225403,0.081551
2000-06-26,20.0945644378662,0.000206331547815353,2.75071978569031,0.081551
2000-06-27,19.9474258422852,0.00232336041517556,2.4388575553894,0.071793
2000-06-28,19.7985248565674,0.241285875439644,1.84307992458344,0.071793
2000-06-29,20.8401260375977,0.463881403207779,2.409823179245,0.053964
2000-06-30,22.0794582366943,1.46171820163727,1.43678152561188,0.081551
2000-07-01,21.3094959259033,0.62428230047226,2.19849348068237,0.071793
2000-07-02,19.7530574798584,0.508415341377258,1.01099574565887,0.071793
2000-07-03,20.6027297973633,3.00552535057068,1.99491393566132,0.081551
2000-07-04,20.503454208374,1.59294402599335,2.58092308044434,0.091894
2000-07-05,20.5694847106934,2.74985074996948,1.43695819377899,0.091894
2000-07-06,20.5897693634033,9.93024158477783,1.22724175453186,0.225634
2000-07-07,20.6027812957764,7.43645715713501,1.57215714454651,0.455293
2000-07-08,20.44704246521,4.45243883132935,2.62259435653687,0.51895
2000-07-09,20.669490814209,3.40342307090759,1.93532598018646,0.3124
2000-07-10,21.1464538574219,4.12514591217041,1.73584651947021,0.433374
2000-07-11,21.2030296325684,7.6537652015686,2.34909796714783,0.575186
2000-07-12,21.6490116119385,0.745896816253662,2.93094062805176,0.505297
2000-07-13,21.8612976074219,2.72119069099426,1.20805680751801,0.433374
2000-07-14,21.1222743988037,3.93705892562866,2.05226349830627,0.3124
2000-07-15,21.363094329834,2.24279165267944,2.57362794876099,0.331311
2000-07-16,20.5323162078857,0.0112871965393424,3.07494473457336,0.294008
2000-07-17,21.7886028289795,0.0345186479389668,3.23342609405518,0.225634
2000-07-18,21.1347980499268,0.160146057605743,1.26297760009766,0.165634
2000-07-19,21.3517761230469,0.710078418254852,2.32933568954468,0.151981
2000-07-20,22.4991054534912,0.301815986633301,2.48601293563843,0.126297
2000-07-21,21.7177963256836,0.992029666900635,2.36770725250244,0.114267
2000-07-22,21.9204273223877,0.508995831012726,2.63616180419922,0.114267
2000-07-23,22.6923313140869,0.278176873922348,2.4148325920105,0.091894
2000-07-24,22.5314998626709,0.122187316417694,2.58236336708069,0.091894
2000-07-25,21.5981941223145,1.37019836902618,2.12919211387634,0.091894
2000-07-26,22.0482501983643,3.81080031394959,1.86296617984772,0.081551
2000-07-27,21.7836418151855,4.78723859786987,1.92433512210846,0.081551
2000-07-28,20.4969692230225,8.61225032806397,1.59330141544342,0.081551
2000-07-29,18.7845897674561,0.494606196880341,2.97124028205872,0.071793
2000-07-30,18.6109580993652,0.124665640294552,2.38741588592529,0.081551
2000-07-31,19.4751262664795,0.0347215123474598,3.02034640312195,0.102799
2000-08-01,19.3874759674072,0.501593589782715,1.80334758758545,0.114267
2000-08-02,21.1990242004395,4.06635475158691,1.77286326885223,0.114267
2000-08-03,21.1413631439209,2.17194032669067,2.61530494689941,0.114267
2000-08-04,21.3403644561768,0.120731718838215,3.31337213516235,0.091894
2000-08-05,20.2959117889404,0.38971409201622,1.94478106498718,0.091894
2000-08-06,18.9116859436035,0.0311850626021624,2.88336062431335,0.091894
2000-08-07,19.0014934539795,0.699745178222656,1.69530463218689,0.091894
2000-08-08,20.3699340820313,6.49145793914795,0.675156831741333,0.114267
2000-08-09,22.4658889770508,8.72202777862549,2.28961396217346,0.433374
2000-08-10,22.6909885406494,0.287629097700119,2.4215099811554,0.546732
2000-08-11,22.1144886016846,0.258556485176086,2.09567093849182,0.350698
2000-08-12,22.064525604248,1.82757294178009,2.2699408531189,0.17985
2000-08-13,19.8129062652588,0.750226140022278,1.83353853225708,0.138868
2000-08-14,19.3860378265381,0.102934800088406,2.65026807785034,0.138868
2000-08-15,18.7712459564209,0.0823895782232285,2.46947550773621,0.114267
2000-08-16,19.0190868377686,0.0875774770975113,2.57367134094238,0.091894
2000-08-17,19.6420707702637,0.286033272743225,2.41880106925964,0.091894
2000-08-18,18.8178386688232,0.303577780723572,2.24250960350037,0.081551
2000-08-19,20.5224151611328,0.45254448056221,2.665287733078,0.081551
2000-08-20,21.2305583953857,0.499235063791275,2.81602501869202,0.071793
2000-08-21,21.2201080322266,2.72026968002319,3.01314926147461,0.081551
2000-08-22,21.1802787780762,1.86040985584259,2.16990756988525,0.091894
2000-08-23,21.3158397674561,2.11722469329834,1.8534129858017,0.114267
2000-08-24,21.9145698547363,1.11531043052673,2.74483585357666,0.138868
2000-08-25,21.7332878112793,0.616123557090759,2.29256153106689,0.114267
2000-08-26,23.2678985595703,0.724471271038055,2.64725303649902,0.114267
2000-08-27,22.2050189971924,0.136180534958839,3.43190550804138,0.102799
2000-08-28,23.2074546813965,0.0127177154645324,3.62073230743408,0.102799
2000-08-29,24.3279857635498,0.0482771769165993,3.5274829864502,0.091894
2000-08-30,23.5566692352295,0.181521460413933,3.65836119651794,0.071793
2000-08-31,21.8175106048584,1.52828228473663,2.66144061088562,0.071793
2000-09-01,22.2754154205322,0.234050929546356,3.16791915893555,0.062597
2000-09-02,22.6449718475342,0.212795346975327,3.15076899528503,0.053964
2000-09-03,23.1285743713379,1.2614438533783,2.93368577957153,0.053964
2000-09-04,21.5156173706055,2.88799095153809,1.66831254959106,0.053964
2000-09-05,21.1832294464111,3.14343190193176,1.65312421321869,0.053964
2000-09-06,21.6965465545654,0.302189767360687,2.60079622268677,0.053964
2000-09-07,19.9880180358887,2.48592352867126,1.06256461143494,0.053964
2000-09-08,21.2411575317383,2.24338293075562,2.79053163528442,0.053964
2000-09-09,21.6152381896973,2.35070943832397,3.23246836662293,0.062597
2000-09-10,22.1565589904785,2.80310726165772,2.84754323959351,0.081551
2000-09-11,22.2047004699707,3.37073397636414,2.7441942691803,0.091894
2000-09-12,21.9509906768799,4.17852306365967,3.09456706047058,0.114267
2000-09-13,21.909481048584,3.61266827583313,1.13094425201416,0.114267
2000-09-14,23.0769729614258,8.80206108093262,2.57376384735107,0.225634
2000-09-15,23.0625114440918,1.15846216678619,2.41314768791199,0.138868
2000-09-16,23.1721649169922,2.70056128501892,3.00846266746521,0.138868
2000-09-17,23.5161457061768,1.36603903770447,3.27832198143005,0.102799
2000-09-18,23.1922016143799,2.06158518791199,3.53511261940002,0.102799
2000-09-19,22.2966461181641,2.86428260803223,2.90972280502319,0.091894
2000-09-20,21.9931182861328,3.85156393051147,3.11118674278259,0.091894
2000-09-21,21.6674785614014,1.27189528942108,3.2706184387207,0.091894
2000-09-22,20.9792747497559,0.337951809167862,3.42958188056946,0.091894
2000-09-23,22.0132541656494,0.474223464727402,2.98710536956787,0.091894
2000-09-24,22.2587757110596,0.914369583129883,3.33335447311401,0.091894
2000-09-25,23.1251316070557,0.134070217609406,3.96788167953491,0.081551
2000-09-26,23.1930046081543,0.130542248487473,3.76568460464478,0.081551
2000-09-27,21.9134368896484,9.56270599365234,2.54359316825867,0.071793
2000-09-28,22.3546447753906,5.77556943893433,3.7636501789093,0.071793
2000-09-29,22.2657871246338,2.12121653556824,3.44682598114014,0.071793
2000-09-30,21.8789176940918,4.59558868408203,2.46631550788879,0.071793
2000-10-01,22.7317295074463,1.4930374622345,3.37190794944763,0.091894
2000-10-02,23.383768081665,0.7188401222229,3.56512641906738,0.114267
2000-10-03,24.0287933349609,0.301802456378937,3.72888803482056,0.114267
2000-10-04,23.9768218994141,0.0695057660341263,4.76966094970703,0.091894
2000-10-05,24.8829479217529,0.00401842314749956,4.9562783241272,0.071793
2000-10-06,25.9725494384766,0.115474797785282,4.53794145584106,0.062597
2000-10-07,25.0740299224854,0.239318668842316,4.59552335739136,0.053964
2000-10-08,24.4467163085938,0.0676802918314934,4.34000682830811,0.053964
2000-10-09,23.3829917907715,0.164388507604599,3.58049273490906,0.045958
2000-10-10,22.7836246490479,0.11922612786293,4.05977439880371,0.038514
2000-10-11,23.8305644989014,0.569941997528076,3.85952711105347,0.038514
2000-10-12,23.9252967834473,0.111823365092278,4.01672029495239,0.031699
2000-10-13,24.2422428131104,0.0112081989645958,4.74579906463623,0.031699
2000-10-14,23.8305702209473,0.831010103225708,3.77899432182312,0.031699
2000-10-15,22.8911647796631,0.326490163803101,3.40873289108276,0.031699
2000-10-16,23.0558052062988,0.777569234371185,3.70387387275696,0.031699
2000-10-17,24.1611862182617,1.97155356407166,4.27060842514038,0.031699
2000-10-18,24.5282192230225,0.440532475709915,3.86807918548584,0.031699
2000-10-19,24.8637542724609,5.24098539352417,4.30008840560913,0.038514
2000-10-20,24.0302753448486,0.0498035959899426,4.0972752571106,0.038514
2000-10-21,24.4248523712158,0.348338544368744,3.73983573913574,0.031699
2000-10-22,24.9311389923096,0.193216383457184,4.16564273834229,0.031699
2000-10-23,24.9823036193848,0.27306193113327,3.87587785720825,0.031699
2000-10-24,24.1771087646484,0.995430052280426,2.97223949432373,0.038514
2000-10-25,24.1077499389648,2.83134770393372,3.72740983963013,0.038514
2000-10-26,23.6499557495117,0.803477168083191,3.86229538917542,0.045958
2000-10-27,23.7156867980957,0.478403180837631,4.29597997665405,0.045958
2000-10-28,24.4593696594238,0.395307093858719,4.30727863311768,0.045958
2000-10-29,26.0154514312744,0.283407956361771,4.13991451263428,0.045958
2000-10-30,24.4326095581055,7.72334480285645,3.39147543907166,0.038514
2000-10-31,23.4999771118164,7.27331733703613,2.1288366317749,0.038514
2000-11-01,23.3099117279053,4.96744012832642,1.98022568225861,0.045958
2000-11-02,23.4751358032227,24.4437408447266,2.52852320671082,0.17985
2000-11-03,23.906379699707,5.13391256332398,3.66029834747314,1.057742
2000-11-04,25.2802925109863,0.114187359809876,4.5023889541626,0.477709
2000-11-05,24.7001323699951,0.165705323219299,2.56734180450439,0.350698
2000-11-06,24.9965591430664,0.679507434368134,2.60282945632935,0.546732
2000-11-07,24.5161895751953,6.55840301513672,1.36559879779816,0.455293
2000-11-08,23.7192764282227,27.4691410064697,1.99124383926392,0.225634
2000-11-09,24.2913150787354,3.66853547096252,3.24744510650635,0.138868
2000-11-10,25.0327816009522,2.72063565254211,3.15097975730896,0.114267
2000-11-11,24.7875728607178,0.989630579948425,2.80841994285584,0.194585
2000-11-12,25.2837505340576,2.79589152336121,4.00807619094849,0.775461
2000-11-13,25.2275505065918,18.9374446868896,2.61316204071045,2.233818
2000-11-14,25.7838859558106,9.45933055877686,3.5947105884552,1.530258
2000-11-15,25.6380558013916,1.16406655311584,3.38425159454346,1.173523
2000-11-16,25.9525260925293,1.38768827915192,4.19377613067627,0.546732
2000-11-17,24.9020004272461,1.19469380378723,4.1282057762146,0.455293
2000-11-18,24.914379119873,0.315723031759262,4.45157957077026,0.350698
2000-11-19,24.8660564422607,0.658975005149841,4.04296398162842,0.225634
2000-11-20,24.7282485961914,0.172685280442238,4.07338619232178,0.17985
2000-11-21,23.4583606719971,0.385739684104919,3.45803046226501,0.126297
2000-11-22,25.7181072235107,0.296357870101929,4.41679573059082,0.091894
2000-11-23,24.6476001739502,0.341303676366806,4.26314067840576,0.071793
2000-11-24,24.7313041687012,1.08565866947174,3.62501788139343,0.062597
2000-11-25,25.7733058929443,0.411886066198349,3.95466065406799,0.062597
2000-11-26,25.7488079071045,0.377330482006073,3.81551623344421,0.053964
2000-11-27,24.8369941711426,0.365564435720444,4.46497011184692,0.045958
2000-11-28,25.0627384185791,0.808513641357422,4.33359098434448,0.045958
2000-11-29,25.0204410552979,0.576444387435913,3.86848258972168,0.045958
2000-11-30,25.482349395752,0.306805074214935,4.04707908630371,0.045958
2000-12-01,26.7926731109619,0.0939656719565392,5.15370035171509,0.038514
2000-12-02,25.0378398895264,3.39440941810608,2.78243279457092,0.045958
2000-12-03,24.356595993042,4.92681503295898,1.44122040271759,0.114267
2000-12-04,25.8097724914551,14.4205303192139,2.80751419067383,0.102799
2000-12-05,25.854850769043,0.209251433610916,3.83106327056885,0.114267
2000-12-06,26.3297080993652,0.131729558110237,3.91542673110962,0.102799
2000-12-07,24.7335720062256,8.80927467346191,1.69413542747498,1.378277
2000-12-08,24.8173675537109,16.9428958892822,3.36806893348694,4.069314
2000-12-09,24.6684036254883,15.5694942474365,3.25444531440735,2.181542
2000-12-10,25.2109031677246,7.61894750595093,4.33692407608032,1.001874
2000-12-11,22.8417377471924,1.39902341365814,2.18447685241699,0.575186
2000-12-12,24.1495246887207,2.88893222808838,3.70193934440613,0.51895
2000-12-13,24.4154605865479,17.703649520874,2.49238276481628,3.959591
2000-12-14,23.0912704467773,22.7195510864258,1.12346720695496,3.30108
2000-12-15,23.7022266387939,7.69441604614258,1.94925177097321,1.357159
2000-12-16,22.9348049163818,7.22204446792603,1.90151405334473,0.894185
2000-12-17,24.0915012359619,6.24839401245117,1.95355927944183,0.575186
2000-12-18,24.7049007415772,20.429178237915,2.72992014884949,0.759103
2000-12-19,25.4748649597168,1.56626319885254,4.03333139419556,0.560883
2000-12-20,26.4753875732422,11.84339427948,4.08529233932495,0.294008
2000-12-21,26.0735836029053,0.523086547851563,4.04607915878296,3.400893
2000-12-22,25.6069812774658,2.85350322723389,4.94755125045776,1.420989
2000-12-23,24.9530582427979,0.221217483282089,4.86053037643433,0.711003
2000-12-24,25.6133823394775,0.718772411346436,3.84991359710693,0.350698
2000-12-25,25.5174999237061,0.854791164398193,4.55722284317017,0.17985
2000-12-26,25.0631198883057,1.15124189853668,4.23459815979004,0.126297
2000-12-27,25.2209815979004,0.617357313632965,3.90256214141846,0.091894
2000-12-28,25.7454528808594,1.50286400318146,4.1723256111145,0.071793
2000-12-29,25.3724136352539,1.59007728099823,3.92287611961365,0.071793
2000-12-30,25.6510105133057,0.554933249950409,5.42756652832031,0.126297
2000-12-31,26.106071472168,0.143213421106339,4.78801202774048,0.091894
2001-01-01,26.2268447875977,0.185130909085274,4.54621601104736,0.138868
2001-01-02,25.9804306030273,0.0833657383918762,4.82745933532715,0.126297
2001-01-03,24.8079032897949,0.0391147322952747,4.54439687728882,0.114267
2001-01-04,24.2553787231445,0.693487167358398,3.05093502998352,0.102799
2001-01-05,24.6282196044922,2.83336925506592,3.77477979660034,0.102799
2001-01-06,24.850772857666,2.75271129608154,3.92013883590698,0.091894
2001-01-07,25.0604858398438,2.42645597457886,4.05061435699463,0.091894
2001-01-08,24.9243278503418,0.789169192314148,4.11901569366455,0.071793
2001-01-09,24.7822246551514,0.876337885856628,3.83146619796753,0.071793
2001-01-10,25.5264778137207,2.10685014724731,4.30019664764404,0.071793
2001-01-11,25.3977718353272,1.3830474615097,4.52540874481201,0.062597
2001-01-12,24.7581119537354,1.87458968162537,3.26474213600159,0.071793
2001-01-13,24.7491474151611,4.42567777633667,3.53317642211914,0.081551
2001-01-14,24.1337337493897,3.544429063797,2.25883221626282,0.091894
2001-01-15,24.3582420349121,3.4338800907135,3.29299902915955,0.091894
2001-01-16,24.6905498504639,2.80237793922424,3.43528056144714,0.091894
2001-01-17,25.0958385467529,4.48473596572876,4.93866157531738,0.071793
2001-01-18,24.0654850006104,2.74820613861084,3.76116919517517,0.071793
2001-01-19,25.000919342041,3.09395313262939,3.64496684074402,0.071793
2001-01-20,25.5141315460205,2.01050305366516,4.34166717529297,0.071793
2001-01-21,25.8929443359375,1.73461616039276,4.55817365646362,0.071793
2001-01-22,24.8746566772461,2.81229472160339,4.15287160873413,0.071793
2001-01-23,25.388370513916,3.34075951576233,3.97514986991882,0.071793
2001-01-24,25.6139430999756,1.3316650390625,4.88983535766602,0.071793
2001-01-25,24.880163192749,0.778070390224457,4.23157453536987,0.053964
2001-01-26,25.2227306365967,1.94121515750885,4.05008935928345,0.053964
2001-01-27,25.327543258667,1.13901937007904,4.36135244369507,0.053964
2001-01-28,26.127368927002,1.13880014419556,4.37197875976563,0.053964
2001-01-29,25.2767467498779,0.910856008529663,4.19770193099976,0.053964
2001-01-30,25.4726219177246,0.934915006160736,4.40504598617554,0.038514
2001-01-31,25.7225875854492,0.490217119455338,4.84964370727539,0.038514
2001-02-01,25.3748912811279,0.0357925891876221,4.87258148193359,0.038514
2001-02-02,26.2593555450439,0.0291625913232565,5.22078704833984,0.038514
2001-02-03,27.5717487335205,0.112888991832733,5.34811210632324,0.038514
2001-02-04,27.5226287841797,0.508839130401611,4.57282304763794,0.038514
2001-02-05,27.1414756774902,0.684944152832031,4.46145486831665,0.031699
2001-02-06,27.4554882049561,0.157576739788055,4.82160139083862,0.031699
2001-02-07,27.2052307128906,0.0204844884574413,4.94394826889038,0.025489
2001-02-08,27.3642654418945,0.159950971603394,5.11050081253052,0.025489
2001-02-09,27.2473907470703,0.0814442709088326,5.50379800796509,0.025489
2001-02-10,25.6736755371094,0.200989454984665,4.50300168991089,0.019906
2001-02-11,25.6769714355469,0.829935073852539,4.30882835388184,0.025489
2001-02-12,26.4180183410645,1.20016992092133,4.43558502197266,0.025489
2001-02-13,25.894702911377,1.05595934391022,3.98436522483826,0.025489
2001-02-14,26.7593040466309,0.706616103649139,4.22116136550903,0.025489
2001-02-15,26.5556621551514,0.215156808495522,5.03551530838013,0.025489
2001-02-16,26.3456935882568,1.26411235332489,3.63343572616577,0.019906
2001-02-17,25.9875068664551,5.25502872467041,3.93694615364075,0.019906
2001-02-18,25.3295021057129,1.3414763212204,4.01390504837036,0.019906
2001-02-19,26.0703449249268,1.43226897716522,4.06243896484375,0.019906
2001-02-20,26.1980171203613,1.90959477424622,4.45197534561157,0.019906
2001-02-21,26.1822261810303,1.19660639762878,3.87611103057861,0.019906
2001-02-22,26.2920665740967,0.729112923145294,3.87907910346985,0.019906
2001-02-23,26.7251319885254,0.683459639549255,4.00838947296143,0.019906
2001-02-24,26.3100929260254,2.7971818447113,3.40646982192993,0.025489
2001-02-25,26.4372386932373,3.10310769081116,3.46954584121704,0.025489
2001-02-26,25.5649356842041,4.18833780288696,3.17581653594971,0.025489
2001-02-27,25.4439830780029,4.7396879196167,3.38148331642151,0.025489
2001-02-28,25.6101150512695,4.03395843505859,2.85874176025391,0.025489
2001-03-01,26.2334575653076,3.96343398094177,3.93025135993958,0.025489
2001-03-02,25.4989814758301,7.7614049911499,3.46005940437317,0.025489
2001-03-03,26.4085578918457,9.32343101501465,3.51276874542236,0.045958
2001-03-04,26.0715293884277,5.46025228500366,3.20931959152222,0.225634
2001-03-05,26.2268657684326,1.9403201341629,3.99907040596008,0.151981
2001-03-06,25.6237869262695,3.4868278503418,3.29489183425903,0.081551
2001-03-07,26.3692035675049,1.08444797992706,4.34452199935913,0.071793
2001-03-08,26.2908000946045,0.583924412727356,3.99165391921997,0.062597
2001-03-09,26.3182430267334,1.1939582824707,3.85471820831299,0.053964
2001-03-10,26.2016773223877,0.702155470848084,4.4138445854187,0.045958
2001-03-11,26.4293403625488,0.976180553436279,4.04399299621582,0.045958
2001-03-12,25.5216007232666,1.67625975608826,3.14980506896973,0.038514
2001-03-13,25.1839771270752,2.534095287323,3.08695363998413,0.045958
2001-03-14,24.9534358978272,5.08423566818237,3.08185887336731,0.038514
2001-03-15,24.617338180542,4.65037202835083,2.99897956848145,0.045958
2001-03-16,24.6630916595459,2.47370672225952,3.72642421722412,0.045958
2001-03-17,25.9858436584473,2.42496204376221,3.48166584968567,0.062597
2001-03-18,26.1182174682617,1.78766763210297,3.70944142341614,0.062597
2001-03-19,25.6889820098877,0.522980391979218,4.20105028152466,0.062597
2001-03-20,25.8665809631348,0.885751664638519,3.74340152740479,0.071793
2001-03-21,26.2065372467041,1.45180904865265,4.05906629562378,0.053964
2001-03-22,25.4139556884766,0.888736724853516,3.82712864875793,0.053964
2001-03-23,25.393928527832,3.23999786376953,3.61134052276611,0.071793
2001-03-24,26.0078163146973,2.79132723808289,3.85299968719482,0.071793
2001-03-25,26.1162109375,0.8756023645401,3.52883315086365,0.053964
2001-03-26,26.0569190979004,1.80797684192657,3.6284761428833,0.053964
2001-03-27,25.9311828613281,2.47126150131226,3.22477602958679,0.053964
2001-03-28,25.9540824890137,1.73459994792938,3.46606731414795,0.038514
2001-03-29,25.84250831604,3.34777331352234,3.92585039138794,0.038514
2001-03-30,25.4352188110352,1.8150098323822,3.03655505180359,0.038514
2001-03-31,25.289981842041,3.1408212184906,3.3060941696167,0.038514
2001-04-01,25.1837673187256,2.58582615852356,3.28675007820129,0.038514
2001-04-02,25.7858963012695,2.33287787437439,3.79996800422668,0.038514
2001-04-03,25.3732414245606,1.25852143764496,3.61889171600342,0.038514
2001-04-04,25.7238578796387,2.41601967811584,3.41752123832703,0.038514
2001-04-05,24.9504146575928,1.22555220127106,2.92480421066284,0.038514
2001-04-06,24.9852695465088,2.97863864898682,3.26724910736084,0.038514
2001-04-07,25.2968444824219,2.42706322669983,3.64268016815186,0.038514
2001-04-08,24.7798118591309,1.16534662246704,3.5086133480072,0.045958
2001-04-09,24.7897357940674,4.70356225967407,3.18513941764832,0.038514
2001-04-10,25.3419647216797,1.92168569564819,4.0007209777832,0.038514
2001-04-11,24.6019248962402,0.0251726340502501,4.06134128570557,0.038514
2001-04-12,24.9168319702148,0.209205225110054,4.18261432647705,0.053964
2001-04-13,24.3094005584717,0.553659677505493,3.20732498168945,0.053964
2001-04-14,24.3360176086426,3.39717364311218,3.05073308944702,0.045958
2001-04-15,24.1952495574951,5.48619079589844,2.8754415512085,0.038514
2001-04-16,24.3887233734131,5.17375040054321,2.16823029518127,0.038514
2001-04-17,24.7397804260254,8.49474430084229,2.85299324989319,0.053964
2001-04-18,24.4133853912354,6.08649587631226,3.290602684021,0.350698
2001-04-19,24.89013671875,1.48771631717682,3.22807812690735,0.294008
2001-04-20,24.8459510803223,1.29622948169708,3.04338884353638,0.151981
2001-04-21,25.2487659454346,0.791015803813934,3.3081214427948,0.114267
2001-04-22,25.5012817382813,1.80265009403229,2.86168694496155,0.062597
2001-04-23,25.7265663146973,2.15158152580261,3.24245500564575,0.053964
2001-04-24,25.0270671844482,2.8309280872345,3.0475800037384,0.045958
2001-04-25,24.4908332824707,4.58524131774902,2.84279131889343,0.038514
2001-04-26,24.1626873016357,4.41143703460693,2.90546369552612,0.038514
2001-04-27,24.3243598937988,1.37229919433594,3.27737307548523,0.031699
2001-04-28,23.7767639160156,1.25269293785095,2.93755674362183,0.038514
2001-04-29,24.186897277832,1.07073426246643,3.2078697681427,0.038514
2001-04-30,23.8351135253906,3.00036025047302,1.89394187927246,0.025489
2001-05-01,24.6093044281006,3.54234957695007,3.20263600349426,0.031699
2001-05-02,24.948902130127,2.40035223960876,2.99440407752991,0.038514
2001-05-03,24.6112117767334,3.14734864234924,2.59951281547546,0.038514
2001-05-04,24.1717433929443,4.0806941986084,2.93870067596436,0.053964
2001-05-05,22.8292922973633,0.347221553325653,3.6263427734375,0.053964
2001-05-06,25.6320552825928,0.280826658010483,3.74848890304565,0.053964
2001-05-07,25.4521827697754,1.91316318511963,2.40299916267395,0.053964
2001-05-08,25.0614070892334,2.6295211315155,2.79388761520386,0.053964
2001-05-09,24.622241973877,2.28217244148254,2.32223391532898,0.053964
2001-05-10,25.4067611694336,1.76208901405334,2.50232791900635,0.053964
2001-05-11,26.7033138275147,0.389528572559357,3.37973046302795,0.053964
2001-05-12,26.7362499237061,0.0935574471950531,3.45134735107422,0.053964
2001-05-13,26.1080665588379,0.0564828179776669,3.09256029129028,0.053964
2001-05-14,24.7851638793945,0.216717436909676,2.74893593788147,0.053964
2001-05-15,24.4790859222412,2.13109683990479,2.2590229511261,0.053964
2001-05-16,23.4149112701416,3.70897960662842,1.71398866176605,0.038514
2001-05-17,24.8923892974854,2.30701279640198,2.35308194160461,0.038514
2001-05-18,26.0783462524414,0.299682199954987,3.53079414367676,0.038514
2001-05-19,25.6759777069092,0.490450024604797,3.15623545646668,0.038514
2001-05-20,23.8395881652832,0.476365953683853,3.50821042060852,0.038514
2001-05-21,22.3153114318848,0.921725392341614,2.59699106216431,0.031699
2001-05-22,22.2150268554688,0.388146668672562,2.59403848648071,0.038514
2001-05-23,21.7605686187744,0.0251766946166754,3.22687101364136,0.038514
2001-05-24,22.4562606811523,0.179490655660629,2.61879062652588,0.038514
2001-05-25,23.2257633209229,1.6173712015152,2.14852643013001,0.038514
2001-05-26,21.9588012695313,12.6911277770996,0.774052917957306,0.038514
2001-05-27,22.2599754333496,13.2500009536743,0.384064674377441,0.038514
2001-05-28,23.441349029541,4.67045164108276,1.70944702625275,0.038514
2001-05-29,24.2014026641846,3.02133941650391,2.02527809143066,0.062597
2001-05-30,24.0935440063477,4.14841556549072,2.38149499893189,0.091894
2001-05-31,23.3212585449219,2.72905230522156,1.57502806186676,0.225634
2001-06-01,23.484016418457,9.98620700836182,2.4956214427948,0.391052
2001-06-02,23.0552806854248,7.43629598617554,2.06728982925415,0.165634
2001-06-03,23.132942199707,7.22142362594605,2.15342235565186,0.165634
2001-06-04,22.3596591949463,5.87613344192505,2.12198090553284,0.17985
2001-06-05,22.6914577484131,5.98967266082764,1.93878138065338,0.225634
2001-06-06,21.6628437042236,1.40161919593811,2.25992226600647,0.138868
2001-06-07,21.8235721588135,0.229745835065842,2.81333112716675,0.138868
2001-06-08,22.8233757019043,0.819704651832581,2.49455547332764,0.126297
2001-06-09,22.5529556274414,1.57349443435669,2.55917835235596,0.114267
2001-06-10,22.1741256713867,1.18948984146118,2.11036825180054,0.114267
2001-06-11,21.4526958465576,3.52217316627502,2.05579209327698,0.114267
2001-06-12,22.153341293335,0.930616438388824,2.7428138256073,0.091894
2001-06-13,22.2289638519287,1.7998902797699,2.47922992706299,0.081551
2001-06-14,22.2550754547119,1.12158846855164,2.07168817520142,0.071793
2001-06-15,21.4893474578857,1.09495174884796,2.22371745109558,0.071793
2001-06-16,22.45534324646,0.548486590385437,2.76198506355286,0.071793
2001-06-17,21.3161125183105,0.82509446144104,2.09235572814941,0.062597
2001-06-18,21.8786315917969,1.36311948299408,2.40914416313171,0.053964
2001-06-19,21.5343990325928,0.723517715930939,2.30413293838501,0.053964
2001-06-20,21.6569080352783,0.420740723609924,2.44106101989746,0.053964
2001-06-21,21.564962387085,0.356251120567322,3.07728672027588,0.062597
2001-06-22,21.360034942627,0.495449542999268,0.885226011276245,0.071793
2001-06-23,22.1431274414063,5.86026668548584,1.66379153728485,0.071793
2001-06-24,21.9963703155518,4.12903928756714,2.4066469669342,0.102799
2001-06-25,22.3389339447021,3.22893595695496,2.21179103851318,0.225634
2001-06-26,21.0372505187988,1.93913471698761,1.85029220581055,0.17985
2001-06-27,21.9823780059814,1.14236319065094,2.2839047908783,0.17985
2001-06-28,21.8260345458984,0.466667085886002,2.85549473762512,0.165634
2001-06-29,21.9925403594971,2.29180145263672,2.16689586639404,0.151981
2001-06-30,21.9259624481201,2.44106864929199,2.00709056854248,0.126297
2001-07-01,21.5616416931152,0.476533949375153,1.88916504383087,0.114267
2001-07-02,21.1292552947998,0.162845924496651,2.06732249259949,0.102799
2001-07-03,21.1444511413574,0.229808762669563,2.31241202354431,0.081551
2001-07-04,20.7948436737061,0.910436511039734,1.62356007099152,0.081551
2001-07-05,22.023983001709,1.82334506511688,2.30405569076538,0.081551
2001-07-06,22.0084247589111,1.64936804771423,2.65673685073853,0.081551
2001-07-07,21.9182891845703,8.29934310913086,1.76427388191223,0.091894
2001-07-08,22.0654945373535,4.37616634368897,2.55173921585083,0.091894
2001-07-09,21.6833419799805,3.99841594696045,2.26858568191528,0.091894
2001-07-10,21.1924591064453,2.24914979934692,2.3689546585083,0.114267
2001-07-11,21.1475200653076,1.09183192253113,2.53038311004639,0.114267
2001-07-12,23.1550102233887,0.652550399303436,2.65277814865112,0.091894
2001-07-13,23.1141719818115,0.310126274824142,2.86505818367004,0.091894
2001-07-14,20.9065265655518,2.34045481681824,1.77582609653473,0.071793
2001-07-15,19.954044342041,1.71152186393738,2.43304085731506,0.071793
2001-07-16,20.6540012359619,2.03960824012756,2.00348353385925,0.091894
2001-07-17,21.2256546020508,6.59407806396484,2.15812158584595,0.091894
2001-07-18,22.1821537017822,6.95003271102905,2.41956329345703,0.102799
2001-07-19,22.3423023223877,3.94604253768921,2.48566770553589,0.138868
2001-07-20,20.4768829345703,0.517409980297089,2.15264177322388,0.126297
2001-07-21,22.5750331878662,0.278075188398361,3.09901666641235,0.114267
2001-07-22,22.9170742034912,0.0490132756531239,3.31316637992859,0.091894
2001-07-23,22.9869003295898,1.75015795230865,2.29733061790466,0.091894
2001-07-24,22.2854862213135,2.26661157608032,2.11110663414001,0.091894
2001-07-25,22.0108013153076,6.10687160491943,2.30934381484985,0.091894
2001-07-26,22.3543395996094,4.88194274902344,2.69616103172302,0.081551
2001-07-27,21.5608463287354,4.60156869888306,2.49726486206055,0.071793
2001-07-28,21.6340084075928,2.1940131187439,2.24809908866882,0.091894
2001-07-29,22.2176704406738,1.71543192863464,2.68514847755432,0.091894
2001-07-30,21.3041343688965,2.90403890609741,1.96007597446442,0.091894
2001-07-31,21.4279136657715,8.46299171447754,2.30745840072632,0.091894
2001-08-01,21.286771774292,4.06147813796997,1.88776803016663,0.102799
2001-08-02,21.0722751617432,3.96473455429077,2.37590742111206,0.209839
2001-08-03,21.026388168335,5.86537313461304,2.04443383216858,0.619044
2001-08-04,20.830545425415,4.86817169189453,2.21322584152222,0.929475
2001-08-05,20.9310855865479,6.42430877685547,2.45254778862,0.775461
2001-08-06,20.5055294036865,1.48151850700378,2.66999411582947,0.604266
2001-08-07,20.4105529785156,1.82472097873688,2.51206684112549,0.241949
2001-08-08,20.5499305725098,2.03419375419617,2.96467161178589,0.194585
2001-08-09,20.0001525878906,0.634070515632629,2.30675387382507,0.165634
2001-08-10,20.7157497406006,2.49158811569214,2.53425860404968,0.165634
2001-08-11,20.2866458892822,1.30582344532013,1.97760009765625,0.165634
2001-08-12,20.8001937866211,2.36692476272583,1.99530529975891,0.165634
2001-08-13,20.8743457794189,2.83605217933655,2.52946901321411,0.209839
2001-08-14,20.0762443542481,2.3155951499939,2.79749965667725,0.225634
2001-08-15,19.746509552002,2.41688132286072,2.8007390499115,0.225634
2001-08-16,18.9328479766846,0.675163805484772,2.06547808647156,0.194585
2001-08-17,20.3348121643066,0.84711104631424,2.34538388252258,0.151981
2001-08-18,21.179723739624,2.37412238121033,2.08533954620361,0.114267
2001-08-19,21.4134788513184,3.23066067695618,2.80448055267334,0.114267
2001-08-20,21.3553714752197,1.8679506778717,2.70058798789978,0.114267
2001-08-21,21.2594757080078,1.40239250659943,2.32481622695923,0.102799
2001-08-22,21.4333992004395,0.636706352233887,2.0417811870575,0.091894
2001-08-23,22.6721916198731,1.66136980056763,2.31518220901489,0.091894
2001-08-24,21.2763042449951,1.67745161056519,2.05074286460876,0.091894
2001-08-25,21.8959732055664,0.410239338874817,3.18153667449951,0.081551
2001-08-26,22.7393074035645,0.3076191842556,3.30807399749756,0.081551
2001-08-27,21.8160724639893,0.521441996097565,2.70116114616394,0.081551
2001-08-28,22.3982028961182,1.10868310928345,2.46667885780334,0.071793
2001-08-29,22.0292682647705,2.55221843719482,2.69047570228577,0.071793
2001-08-30,22.4673690795898,3.3740062713623,2.33928847312927,0.091894
2001-08-31,21.7765960693359,5.95734596252441,2.12843465805054,0.114267
2001-09-01,21.9765739440918,2.29071402549744,2.07221150398254,0.17985
2001-09-02,21.6293296813965,7.74328136444092,1.57712352275848,0.276136
2001-09-03,22.2540912628174,2.09195613861084,3.0240466594696,0.294008
2001-09-04,21.8777351379395,1.82408845424652,2.73016715049744,0.241949
2001-09-05,22.3750839233398,2.24360775947571,2.74520516395569,0.17985
2001-09-06,21.6682624816895,0.794467151165009,3.20773863792419,0.114267
2001-09-07,22.1691017150879,1.73972988128662,3.23417162895203,0.091894
2001-09-08,22.1666297912598,0.852302193641663,2.79665541648865,0.091894
2001-09-09,22.4857997894287,0.0698436051607132,3.78825521469116,0.091894
2001-09-10,23.61501121521,0.103747136890888,3.79473328590393,0.071793
2001-09-11,24.993350982666,0.0180885139852762,4.61322689056397,0.071793
2001-09-12,24.3972835540772,0.813792109489441,2.81817197799683,0.071793
2001-09-13,23.7530097961426,3.20753383636475,2.90353918075562,0.062597
2001-09-14,24.0655632019043,1.26150834560394,3.30324339866638,0.053964
2001-09-15,24.5549087524414,0.204120352864265,4.64523553848267,0.053964
2001-09-16,25.8220443725586,0.135837018489838,4.61195135116577,0.053964
2001-09-17,23.7095603942871,3.49547243118286,3.19103002548218,0.053964
2001-09-18,17.9830093383789,18.2885780334473,0.79687112569809,0.859479
2001-09-19,20.2575492858887,7.16305780410767,2.42793416976929,0.165634
2001-09-20,20.9203014373779,2.49691462516785,2.3316798210144,0.114267
2001-09-21,21.7013359069824,4.24092960357666,3.41697835922241,0.081551
2001-09-22,20.9231567382813,1.82721674442291,2.99138164520264,0.071793
2001-09-23,21.3840885162354,2.55488324165344,1.95799350738525,0.071793
2001-09-24,22.3481025695801,1.94030654430389,3.50541043281555,0.071793
2001-09-25,22.678258895874,1.94731211662292,3.01208853721619,0.071793
2001-09-26,23.7479953765869,1.57635188102722,4.17917156219482,0.071793
2001-09-27,23.706470489502,0.0786636769771576,4.15803956985474,0.071793
2001-09-28,23.3397102355957,0.598875224590302,3.50037217140198,0.053964
2001-09-29,23.2025241851807,0.431592881679535,3.24866843223572,0.053964
2001-09-30,22.1728363037109,2.96210122108459,1.73106181621552,0.053964
2001-10-01,23.7640552520752,3.62307715415955,3.49129700660706,0.053964
2001-10-02,24.43922996521,0.640439748764038,5.03251791000366,0.053964
2001-10-03,25.0218563079834,1.01412522792816,5.05027008056641,0.053964
2001-10-04,26.1265659332275,0.328990906476975,5.10942363739014,0.053964
2001-10-05,26.3559722900391,0.551089227199554,5.48390817642212,0.045958
2001-10-06,25.7757377624512,0.129461377859116,4.68122243881226,0.038514
2001-10-07,25.2310314178467,0.357475489377975,3.71459603309631,0.038514
2001-10-08,25.208366394043,0.882487058639526,3.91515636444092,0.025489
2001-10-09,22.6033229827881,5.51305532455444,1.71882045269012,0.038514
2001-10-10,22.1750717163086,10.3226232528687,1.33994007110596,0.126297
2001-10-11,22.0457935333252,16.427885055542,1.50664699077606,0.3124
2001-10-12,21.0366191864014,1.69964456558228,1.91916465759277,0.455293
2001-10-13,21.3761386871338,1.66214382648468,3.04765462875366,0.258783
2001-10-14,22.0645160675049,2.52868437767029,2.21015191078186,0.126297
2001-10-15,21.9508399963379,0.897171318531036,2.5783519744873,0.102799
2001-10-16,20.2032661437988,8.65581226348877,1.54879009723663,0.102799
2001-10-17,20.901180267334,20.0527420043945,1.40231692790985,0.102799
2001-10-18,22.2222518920898,6.13272047042847,1.81472992897034,0.126297
2001-10-19,22.4054584503174,9.84195804595947,0.810302913188934,0.225634
2001-10-20,23.8932418823242,5.36640357971191,2.07024788856506,0.331311
2001-10-21,25.2866439819336,6.75968217849731,3.49770832061768,0.225634
2001-10-22,25.7279243469238,2.16313004493713,3.21080422401428,0.165634
2001-10-23,25.0725555419922,8.15748596191406,2.96807813644409,0.138868
2001-10-24,24.6547870635986,3.53601789474487,3.37841272354126,0.126297
2001-10-25,23.4797229766846,3.8471417427063,3.13308882713318,0.126297
2001-10-26,22.6769275665283,5.97236251831055,3.86523461341858,0.126297
2001-10-27,21.8551845550537,0.824783027172089,3.62072229385376,0.114267
2001-10-28,21.4140491485596,0.182275697588921,4.17279243469238,0.091894
2001-10-29,22.0947437286377,0.227591767907143,3.87453842163086,0.091894
2001-10-30,23.9838104248047,0.857904851436615,3.6081280708313,0.091894
2001-10-31,25.1880989074707,2.49567627906799,4.13112545013428,0.091894
2001-11-01,24.7906970977783,0.676253139972687,4.03698492050171,0.081551
2001-11-02,25.0155372619629,1.02750015258789,3.76187634468079,0.071793
2001-11-03,25.5057983398438,2.01490712165833,3.98749184608459,0.071793
2001-11-04,25.6966705322266,0.453499883413315,4.70721769332886,0.053964
2001-11-05,25.8668365478516,0.116034887731075,4.16833066940308,0.045958
2001-11-06,25.9890060424805,0.510722935199738,3.72703766822815,0.053964
2001-11-07,24.6212463378906,1.17914927005768,2.83634734153748,0.045958
2001-11-08,25.1958751678467,1.07042729854584,4.61894750595093,0.038514
2001-11-09,24.9134273529053,0.126625537872314,3.76374769210815,0.038514
2001-11-10,24.683198928833,0.621366560459137,3.90979385375977,0.038514
2001-11-11,25.1746597290039,0.168442219495773,5.19617176055908,0.038514
2001-11-12,24.2776584625244,0.101455345749855,5.27855110168457,0.038514
2001-11-13,26.2249259948731,0.440511971712112,5.15607595443726,0.025489
2001-11-14,26.6898250579834,0.221198037266731,4.46548843383789,0.025489
2001-11-15,25.4543266296387,0.41002094745636,2.83382344245911,0.025489
2001-11-16,26.0628299713135,0.266643613576889,3.89176416397095,0.025489
2001-11-17,25.9044437408447,0.157742097973824,3.83552432060242,0.025489
2001-11-18,26.1523609161377,1.1733090877533,4.53931140899658,0.025489
2001-11-19,25.9132328033447,1.39930844306946,4.65119171142578,0.019906
2001-11-20,25.7609004974365,0.161182045936584,5.26056337356567,0.019906
2001-11-21,24.669864654541,0.0784922391176224,4.5919680595398,0.01863
2001-11-22,23.9951438903809,2.0999391078949,2.59768724441528,0.01863
2001-11-23,25.1885070800781,0.730973780155182,4.11640167236328,0.019906
2001-11-24,25.4767875671387,0.426203548908234,4.69267463684082,0.01863
2001-11-25,25.4702033996582,0.166301280260086,4.54701995849609,0.025489
2001-11-26,24.6377925872803,1.17587625980377,3.80687522888184,0.025489
2001-11-27,25.0613288879395,3.17787337303162,3.92340040206909,0.038514
2001-11-28,25.5215797424316,1.28971016407013,4.27259874343872,0.038514
2001-11-29,26.1579036712647,0.297343552112579,5.45274972915649,0.038514
2001-11-30,25.4488792419434,3.92659306526184,2.20702052116394,0.045958
2001-12-01,24.6896343231201,18.0661373138428,1.65141463279724,0.081551
2001-12-02,25.1704578399658,10.9993600845337,2.16075539588928,0.091894
2001-12-03,22.6519203186035,18.8251075744629,1.24865484237671,3.536408
2001-12-04,22.0053100585938,12.4254398345947,0.77995777130127,2.313292
2001-12-05,24.3285694122315,8.37866020202637,3.69705748558044,1.879463
2001-12-06,24.1178703308105,3.30330681800842,3.78955554962158,1.953095
2001-12-07,24.7909641265869,2.78869843482971,3.83047938346863,0.825421
2001-12-08,23.8444919586182,3.63092041015625,3.27505421638489,0.560883
2001-12-09,24.5462131500244,3.00201201438904,4.19004106521606,0.370626
2001-12-10,24.6629009246826,3.68457961082459,4.0185079574585,0.209839
2001-12-11,24.2942085266113,1.89991807937622,4.03115367889404,0.151981
2001-12-12,24.5685615539551,2.89870262145996,3.4520480632782,0.138868
2001-12-13,24.6477298736572,3.27314066886902,4.47994327545166,0.114267
2001-12-14,25.5005016326904,1.79975187778473,3.88758516311646,0.165634
2001-12-15,25.7430953979492,1.62761282920837,4.0637993812561,0.138868
2001-12-16,26.4930076599121,2.9060845375061,5.10065841674805,0.114267
2001-12-17,26.7034549713135,0.295497834682465,4.71649789810181,0.091894
2001-12-18,27.0655612945557,0.16164156794548,4.67238664627075,0.081551
2001-12-19,26.631908416748,0.323591858148575,4.09655714035034,0.071793
2001-12-20,26.0531177520752,0.371978163719177,3.89051485061646,0.071793
2001-12-21,26.6226406097412,0.0704339593648911,4.91516399383545,0.071793
2001-12-22,25.9775085449219,0.221160069108009,3.99818539619446,0.071793
2001-12-23,25.9940528869629,0.62633603811264,4.62548971176148,0.062597
2001-12-24,25.9877033233643,0.339601218700409,4.50277996063232,0.053964
2001-12-25,26.0895137786865,0.646698176860809,4.12876653671265,0.053964
2001-12-26,25.5562191009522,1.69652998447418,4.1586127281189,0.053964
2001-12-27,25.5343322753906,1.75952076911926,3.41768407821655,0.053964
2001-12-28,25.7140083312988,1.66523194313049,4.09337663650513,0.053964
2001-12-29,25.9030914306641,4.12524127960205,2.84671497344971,0.045958
2001-12-30,24.4447593688965,10.0037260055542,1.80968821048737,0.071793
2001-12-31,23.0881156921387,23.0392036437988,0.676074028015137,0.194585
2002-01-01,24.0972995758057,13.97682762146,2.60159420967102,0.66431
2002-01-02,24.4569206237793,16.0555763244629,2.03719520568848,2.44846
2002-01-03,24.8308029174805,14.5643730163574,2.15781331062317,0.965372
2002-01-04,26.0841426849365,17.8086948394775,3.62249183654785,0.726885
2002-01-05,25.3064746856689,14.2311906814575,3.51853704452515,4.720793
2002-01-06,24.6997165679932,14.6604433059692,3.38589262962341,1.44254
2002-01-07,24.2993850708008,12.2690925598145,2.6814455986023,22.251284
2002-01-08,25.5695724487305,6.890953540802,4.2653636932373,20.068141
2002-01-09,25.1521129608154,5.45815277099609,4.0234751701355,2.825318
2002-01-10,24.3016719818115,9.69009304046631,2.46975827217102,1.953095
2002-01-11,24.2146263122559,9.65401935577393,2.80052328109741,9.942036
2002-01-12,24.9964199066162,6.06495523452759,3.99603843688965,15.381795
2002-01-13,25.3443393707275,5.80949401855469,3.77491688728333,3.780217
2002-01-14,24.9264068603516,9.60875034332275,3.39505052566528,2.053233
2002-01-15,23.9142799377441,29.7738838195801,1.86309468746185,27.772875
2002-01-16,24.0881748199463,25.2099704742432,1.47402834892273,9.824783
2002-01-17,24.6424160003662,17.5258502960205,1.37194466590881,8.637455
2002-01-18,25.3817176818848,10.8588094711304,2.94811415672302,14.010896
2002-01-19,25.2582206726074,3.98595190048218,4.13010406494141,4.106227
2002-01-20,24.8826179504395,4.42853593826294,2.60430979728699,2.078613
2002-01-21,25.2230625152588,2.36845207214355,4.04351711273193,2.129807
2002-01-22,25.2547149658203,2.68808007240295,3.96965718269348,1.530258
2002-01-23,25.0935935974121,1.18442678451538,3.95810103416443,1.020352
2002-01-24,25.8901691436768,0.506577730178833,4.92516899108887,0.695294
2002-01-25,26.1587505340576,0.368951559066772,4.25478887557983,0.51895
2002-01-26,26.0160369873047,1.60302019119263,3.90208172798157,0.3124
2002-01-27,25.7916622161865,1.43294501304626,4.09417772293091,0.241949
2002-01-28,24.8545398712158,0.133574485778809,5.19593334197998,0.194585
2002-01-29,24.0181388854981,0.0298617277294397,4.44364261627197,0.17985
2002-01-30,25.0882434844971,0.244285061955452,5.09476900100708,0.165634
2002-01-31,24.3203887939453,0.374528050422668,4.99386358261108,0.165634
2002-02-01,25.8280944824219,0.707626581192017,4.64880132675171,0.151981
2002-02-02,26.4739608764648,0.924812734127045,4.41085767745972,0.151981
2002-02-03,25.840353012085,5.07585906982422,3.43820762634277,0.151981
2002-02-04,24.5632095336914,22.7699756622314,1.43737351894379,0.151981
2002-02-05,24.8073692321777,24.3082828521729,2.25284314155579,24.364279
2002-02-06,23.4767894744873,24.8251609802246,0.796963453292847,42.496462
2002-02-07,24.0635318756104,22.6874103546143,1.65819334983826,14.796396
2002-02-08,25.285120010376,4.20182514190674,4.08793163299561,8.747092
2002-02-09,24.4909744262695,2.59446787834168,4.21998023986816,1.574961
2002-02-10,25.2309093475342,3.48026251792908,3.36904549598694,1.213314
2002-02-11,24.98366355896,4.1734414100647,3.73139905929565,1.233415
2002-02-12,24.0515384674072,2.17617607116699,4.06459331512451,1.420989
2002-02-13,24.0041198730469,1.59282112121582,4.04917812347412,1.114972
2002-02-14,24.852861404419,1.17044806480408,4.75136995315552,0.633974
2002-02-15,25.7278022766113,0.735188782215118,4.31771326065064,0.433374
2002-02-16,25.5692749023438,1.66939067840576,2.99207544326782,0.276136
2002-02-17,25.9808044433594,0.471038371324539,4.25151252746582,0.225634
2002-02-18,26.3844451904297,1.0493586063385,4.23647212982178,0.17985
2002-02-19,26.124418258667,1.09972524642944,4.00298833847046,0.151981
2002-02-20,25.7443313598633,1.17741942405701,3.73464679718018,0.138868
2002-02-21,25.6237621307373,0.485193908214569,4.20783281326294,0.126297
2002-02-22,25.1070327758789,0.10389182716608,4.98911714553833,0.114267
2002-02-23,26.9739856719971,0.00684483209624887,5.34057712554932,0.102799
2002-02-24,27.0324230194092,0.124121278524399,4.92370557785034,0.091894
2002-02-25,26.4586315155029,0.261382967233658,4.37674999237061,0.091894
2002-02-26,25.1217098236084,0.0180788338184357,4.65365076065064,0.081551
2002-02-27,24.576135635376,0.117849126458168,4.81970834732056,0.071793
2002-02-28,24.6315517425537,1.19788920879364,3.76082420349121,0.071793
2002-03-01,24.7950325012207,2.76485157012939,4.17776441574097,0.071793
2002-03-02,25.8177318572998,2.16354846954346,3.90566372871399,0.071793
2002-03-03,25.6243553161621,1.96920073032379,3.51326966285706,0.071793
2002-03-04,25.5889205932617,6.16804599761963,3.08420872688293,0.081551
2002-03-05,23.4772186279297,7.06900405883789,1.90260171890259,0.081551
2002-03-06,24.6153202056885,5.12648010253906,3.79360842704773,0.194585
2002-03-07,25.2632293701172,4.65834760665894,3.73325395584106,0.876767
2002-03-08,25.8152637481689,4.21732997894287,4.14226007461548,0.546732
2002-03-09,24.5793952941895,2.48186206817627,3.71529102325439,0.241949
2002-03-10,24.7637557983398,4.04305744171143,3.87222194671631,0.194585
2002-03-11,24.7819328308105,4.31141757965088,3.37772297859192,0.165634
2002-03-12,25.3483066558838,3.33500242233276,3.37456488609314,0.194585
2002-03-13,25.4479694366455,2.99556636810303,3.87931132316589,0.209839
2002-03-14,25.3251934051514,3.15402317047119,3.68767499923706,0.194585
2002-03-15,25.8661460876465,0.645197927951813,4.40254020690918,0.165634
2002-03-16,25.4806365966797,1.50015890598297,3.87591552734375,0.138868
2002-03-17,25.5845146179199,1.54801344871521,3.82098031044006,0.114267
2002-03-18,25.1500644683838,0.727708756923676,3.71521615982056,0.114267
2002-03-19,25.6034908294678,1.73490762710571,3.35480737686157,0.114267
2002-03-20,25.7132816314697,1.66269338130951,3.73425340652466,0.102799
2002-03-21,26.3620300292969,0.582179605960846,4.47768783569336,0.091894
2002-03-22,26.300760269165,0.740318179130554,3.89134764671326,0.091894
2002-03-23,26.0292091369629,3.78746581077576,3.97703051567078,0.071793
2002-03-24,25.4799098968506,1.56907510757446,3.83119344711304,0.071793
2002-03-25,26.1287269592285,0.937225997447968,3.68166661262512,0.071793
2002-03-26,26.10471534729,2.19827008247376,4.08472204208374,0.071793
2002-03-27,25.4252662658691,1.14568889141083,3.50057458877564,0.071793
2002-03-28,25.0796432495117,1.69199395179749,3.71333718299866,0.071793
2002-03-29,25.2404975891113,2.22128343582153,2.97522115707397,0.071793
2002-03-30,25.4381160736084,3.15927290916443,3.42805433273315,0.071793
2002-03-31,25.285213470459,4.59468030929565,3.80271983146668,0.071793
2002-04-01,25.1887798309326,4.72770881652832,3.22399044036865,0.081551
2002-04-02,25.4378318786621,1.37568366527557,3.58139991760254,0.091894
2002-04-03,24.8441524505615,1.94122993946075,3.56565380096436,0.091894
2002-04-04,24.4440841674805,2.87325477600098,3.39498710632324,0.091894
2002-04-05,25.0477313995361,2.94919419288635,3.52793169021606,0.091894
2002-04-06,24.1463451385498,3.60627126693726,3.01334691047668,0.091894
2002-04-07,25.0209350585938,7.16806364059448,3.38695645332336,0.091894
2002-04-08,25.3788738250732,3.25065088272095,3.5036153793335,0.081551
2002-04-09,25.1556587219238,1.15118789672852,3.10790705680847,0.081551
2002-04-10,25.142261505127,2.18541383743286,3.18105292320251,0.071793
2002-04-11,25.0278205871582,4.70995616912842,2.85177111625671,0.071793
2002-04-12,25.4936046600342,4.12676048278809,3.2142276763916,0.071793
2002-04-13,25.2643432617188,1.34515702724457,3.70980548858643,0.071793
2002-04-14,25.3253498077393,2.20257210731506,3.22459769248962,0.062597
2002-04-15,24.9919815063477,0.781159102916718,3.51989459991455,0.062597
2002-04-16,25.2705669403076,0.829965889453888,3.24488568305969,0.053964
2002-04-17,25.1106300354004,1.98308289051056,2.89375758171082,0.053964
2002-04-18,25.0407638549805,2.59613585472107,3.25360226631165,0.053964
2002-04-19,25.1724643707275,3.46039915084839,2.75427579879761,0.045958
2002-04-20,25.1326580047607,4.15110635757446,3.08199334144592,0.053964
2002-04-21,25.1655712127686,4.84376955032349,2.81002950668335,0.053964
2002-04-22,24.6468753814697,4.59958791732788,3.20359396934509,0.053964
2002-04-23,24.6270179748535,5.83557081222534,3.33008146286011,0.071793
2002-04-24,24.3413715362549,3.1161949634552,3.06462860107422,0.071793
2002-04-25,24.9255828857422,3.53220772743225,3.37013363838196,0.071793
2002-04-26,24.576545715332,1.65960395336151,3.10087871551514,0.102799
2002-04-27,24.6856555938721,2.67552828788757,2.74095964431763,0.138868
2002-04-28,23.8887252807617,1.56743514537811,3.60305404663086,0.165634
2002-04-29,22.6899490356445,0.165089517831802,3.06260251998901,0.138868
2002-04-30,23.8972415924072,0.089901328086853,3.41811060905457,0.114267
2002-05-01,23.3297061920166,0.34457790851593,3.31902766227722,0.091894
2002-05-02,22.3606338500977,0.489035606384277,2.21622395515442,0.071793
2002-05-03,23.882682800293,0.825238049030304,2.60676622390747,0.071793
2002-05-04,24.4108448028564,0.708430349826813,3.10077333450317,0.053964
2002-05-05,24.8150806427002,0.200095698237419,3.0447371006012,0.053964
2002-05-06,23.639835357666,0.215856999158859,3.1496741771698,0.053964
2002-05-07,23.8147411346436,0.332285523414612,2.99423551559448,0.038514
2002-05-08,23.8768444061279,3.5798077583313,2.47319269180298,0.038514
2002-05-09,23.4381408691406,0.712774038314819,3.24577474594116,0.038514
2002-05-10,24.3373756408691,0.150352194905281,3.38595628738403,0.038514
2002-05-11,23.7155609130859,3.66325736045837,2.02987670898438,0.053964
2002-05-12,23.7855091094971,16.2845249176025,2.00049257278442,0.091894
2002-05-13,23.5101470947266,9.01690578460693,1.90365564823151,0.091894
2002-05-14,23.4584941864014,4.3007984161377,2.2894721031189,0.091894
2002-05-15,23.2523822784424,3.22179818153381,2.46087980270386,0.138868
2002-05-16,23.0508937835693,2.3092520236969,2.40486788749695,0.151981
2002-05-17,22.9400100708008,0.336651235818863,3.20760321617126,0.194585
2002-05-18,23.7427940368652,0.671835005283356,2.93423271179199,0.151981
2002-05-19,23.9399547576904,0.470040023326874,2.60859274864197,0.114267
2002-05-20,23.6174144744873,0.764263093471527,2.98059701919556,0.091894
2002-05-21,24.6184501647949,0.389258652925491,3.04051041603088,0.071793
2002-05-22,24.8735179901123,0.588803470134735,2.90529441833496,0.053964
2002-05-23,23.7358455657959,6.75473499298096,2.1657977104187,0.053964
2002-05-24,21.8134250640869,3.71358156204224,1.83760702610016,0.411953
2002-05-25,21.092586517334,1.04772734642029,3.03718900680542,0.546732
2002-05-26,20.9876861572266,0.578732788562775,2.83983492851257,0.258783
2002-05-27,21.0911121368408,0.681218206882477,3.04803276062012,0.126297
2002-05-28,21.0451354980469,0.0845057293772697,2.63625955581665,0.071793
2002-05-29,22.3890323638916,0.669334173202515,2.18481755256653,0.071793
2002-05-30,21.8881053924561,1.36480617523193,2.46120095252991,0.071793
2002-05-31,22.0511817932129,0.174381047487259,2.81248068809509,0.053964
2002-06-01,23.0344848632813,0.177180394530296,3.02686977386475,0.053964
2002-06-02,22.7003211975098,0.81265789270401,2.63599967956543,0.053964
2002-06-03,22.4673633575439,1.55989670753479,2.23465704917908,0.053964
2002-06-04,23.0019607543945,3.49390244483948,1.87325465679169,0.053964
2002-06-05,23.2131042480469,4.76665019989014,2.50151300430298,0.053964
2002-06-06,23.1403980255127,3.57722640037537,2.41992831230164,0.053964
2002-06-07,22.8690795898438,1.3287101984024,2.35208630561829,0.053964
2002-06-08,23.0638179779053,3.05049681663513,2.20995020866394,0.053964
2002-06-09,22.3786392211914,1.33345127105713,2.25779914855957,0.053964
2002-06-10,22.1585025787354,1.0129417181015,2.46506142616272,0.071793
2002-06-11,22.9358692169189,1.11408674716949,2.30154848098755,0.091894
2002-06-12,22.1686725616455,1.10989105701447,1.54901480674744,0.091894
2002-06-13,22.8441123962402,2.87047338485718,2.10009860992432,0.091894
2002-06-14,23.001091003418,1.52043759822845,2.07998442649841,0.071793
2002-06-15,22.906343460083,1.49767851829529,2.77064108848572,0.062597
2002-06-16,22.7543430328369,0.881647765636444,2.4843544960022,0.071793
2002-06-17,21.6441860198975,2.32635760307312,1.33119261264801,0.071793
2002-06-18,21.2936477661133,3.57990646362305,1.92085981369019,0.091894
2002-06-19,21.9842395782471,4.59059047698975,2.36920881271362,0.894185
2002-06-20,21.3530178070068,2.80096483230591,2.16853046417236,0.825421
2002-06-21,22.1449794769287,2.62906002998352,2.31875538825989,0.619044
2002-06-22,22.0643138885498,2.48037028312683,2.3195276260376,0.455293
2002-06-23,21.6842918395996,1.70409107208252,2.17244791984558,0.370626
2002-06-24,21.5866832733154,1.55041074752808,1.6093612909317,0.294008
2002-06-25,21.7621688842773,2.35192465782166,2.21034741401672,0.258783
2002-06-26,21.5384483337402,1.90479874610901,0.91105455160141,0.225634
2002-06-27,21.8470802307129,1.02970707416534,2.29230284690857,0.209839
2002-06-28,21.6474094390869,1.78093492984772,1.84101140499115,0.194585
2002-06-29,21.6007652282715,1.75634324550629,2.23514580726624,0.194585
2002-06-30,21.0086421966553,0.47359174489975,2.43333029747009,0.194585
2002-07-01,21.3359146118164,0.384901434183121,2.07043433189392,0.151981
2002-07-02,21.8009738922119,0.725219428539276,2.02585935592651,0.114267
2002-07-03,21.3819904327393,2.86535882949829,1.47820484638214,0.138868
2002-07-04,20.3602237701416,6.4699125289917,1.5281537771225,0.209839
2002-07-05,21.1030464172363,3.44191908836365,1.86790192127228,0.258783
2002-07-06,21.5327434539795,2.66368675231934,2.57141208648682,0.225634
2002-07-07,20.9901123046875,0.5186527967453,2.6137957572937,0.225634
2002-07-08,21.2704334259033,0.0745656490325928,3.13065981864929,0.225634
2002-07-09,20.9235782623291,0.0146671701222658,2.7659330368042,0.209839
2002-07-10,21.1031227111816,0.353873163461685,2.07910823822021,0.165634
2002-07-11,21.5586605072021,0.838587701320648,2.31775641441345,0.138868
2002-07-12,21.7396640777588,0.193978607654572,1.99746525287628,0.091894
2002-07-13,22.5735912322998,0.148618414998055,2.92183494567871,0.091894
2002-07-14,23.7883358001709,0.156258568167686,2.94505143165588,0.071793
2002-07-15,22.4181594848633,2.24981093406677,1.40007030963898,0.071793
2002-07-16,22.1855773925781,4.64027452468872,1.68706822395325,0.114267
2002-07-17,22.4515285491943,3.82163023948669,2.28736543655396,0.091894
2002-07-18,22.1310539245605,0.514303743839264,2.89790177345276,0.091894
2002-07-19,21.1677551269531,0.574668407440186,2.22726345062256,0.091894
2002-07-20,20.9100894927979,0.519400715827942,2.46753621101379,0.17985
2002-07-21,20.9518280029297,1.30368900299072,1.50613439083099,0.331311
2002-07-22,21.8187656402588,7.03393173217773,1.97861266136169,1.020352
2002-07-23,23.0224075317383,3.36413979530334,2.26669335365295,0.575186
2002-07-24,22.0108184814453,6.1306939125061,1.78850424289703,0.66431
2002-07-25,21.4340133666992,11.2375745773315,2.19739556312561,2.366931
2002-07-26,21.0586490631104,1.40457093715668,2.11978197097778,0.808609
2002-07-27,21.5269203186035,0.369855642318726,2.03060102462769,0.455293
2002-07-28,23.2245540618897,0.279881685972214,3.01888585090637,0.294008
2002-07-29,22.6643295288086,3.03046321868897,1.79878735542297,0.194585
2002-07-30,21.2240238189697,5.24468803405762,0.896774768829346,0.911754
2002-07-31,21.3647842407227,5.86247396469116,1.28589677810669,0.965372
2002-08-01,22.4414749145508,4.81243658065796,2.71526408195496,0.575186
2002-08-02,22.3543796539307,0.25195637345314,3.07570648193359,0.411953
2002-08-03,21.3572292327881,0.127191886305809,2.77206206321716,0.258783
2002-08-04,21.1324577331543,0.320511072874069,3.07788252830505,0.209839
2002-08-05,21.7366924285889,0.619603097438812,2.3443067073822,0.138868
2002-08-06,22.5084342956543,0.390453428030014,3.04825115203857,0.114267
2002-08-07,22.050422668457,0.495003432035446,2.05188775062561,0.091894
2002-08-08,22.303825378418,0.941573977470398,2.67937326431274,0.091894
2002-08-09,21.769416809082,1.64354372024536,2.58385062217712,0.091894
2002-08-10,21.2814426422119,1.70092225074768,2.53732252120972,0.114267
2002-08-11,21.5644130706787,2.55015921592712,2.48381876945496,0.114267
2002-08-12,22.0659790039063,1.19083690643311,3.10586166381836,0.114267
2002-08-13,21.4757347106934,1.72500765323639,1.99948060512543,0.114267
2002-08-14,21.8268184661865,3.67092990875244,1.75529623031616,0.151981
2002-08-15,22.6859378814697,0.633338570594788,3.16903233528137,0.165634
2002-08-16,21.8998184204102,1.23479187488556,1.99290704727173,0.165634
2002-08-17,21.421257019043,4.14369297027588,2.34345078468323,0.17985
2002-08-18,21.4518070220947,4.42035245895386,2.47893142700195,0.505297
2002-08-19,20.7880706787109,3.68083429336548,2.31390595436096,0.411953
2002-08-20,20.7738494873047,5.45239448547363,1.76347005367279,0.51895
2002-08-21,19.99582862854,8.1823205947876,1.52900755405426,1.038982
2002-08-22,20.8108043670654,4.51692342758179,2.2951648235321,2.129807
2002-08-23,20.9820652008057,4.82900619506836,2.51361107826233,1.336171
2002-08-24,20.941370010376,2.97603321075439,2.76138854026794,0.808609
2002-08-25,21.4433460235596,3.25371384620667,3.24744868278503,0.859479
2002-08-26,21.0511283874512,2.23469257354736,2.642897605896,0.619044
2002-08-27,21.0667018890381,2.19110798835754,2.76207756996155,0.505297
2002-08-28,21.383358001709,4.02812671661377,2.73905563354492,0.604266
2002-08-29,22.0835819244385,3.36338019371033,3.0573935508728,0.575186
2002-08-30,21.8767852783203,0.930576503276825,2.86822557449341,0.391052
2002-08-31,22.3389320373535,1.36748063564301,2.87266230583191,0.241949
2002-09-01,23.2045497894287,0.556246280670166,3.96806716918945,0.17985
2002-09-02,25.3852291107178,0.141602396965027,4.03614902496338,0.138868
2002-09-03,22.8630428314209,8.34821891784668,1.33740925788879,0.126297
2002-09-04,22.7553195953369,6.82850456237793,1.70250749588013,0.114267
2002-09-05,24.0409450531006,3.78924489021301,3.00260066986084,0.126297
2002-09-06,23.8687705993652,7.05667734146118,2.87176203727722,0.138868
2002-09-07,23.7263336181641,2.08911514282227,3.00266790390015,0.151981
2002-09-08,23.6668491363525,1.56435465812683,3.21825861930847,0.138868
2002-09-09,22.7010917663574,0.937793374061584,3.59246444702148,0.126297
2002-09-10,22.4770984649658,3.09546804428101,3.34132599830627,0.114267
2002-09-11,21.5170288085938,2.34103393554688,2.90997314453125,0.102799
2002-09-12,21.3288516998291,4.65661811828613,2.29911231994629,0.114267
2002-09-13,21.5016098022461,2.43276333808899,2.522296667099,0.165634
2002-09-14,24.0564422607422,0.98624849319458,4.22982835769653,0.126297
2002-09-15,24.7692317962647,0.11677635461092,3.82744884490967,0.114267
2002-09-16,24.0123558044434,0.284151464700699,3.4979739189148,0.102799
2002-09-17,23.1550350189209,0.642874002456665,3.22182941436768,0.091894
2002-09-18,21.8065299987793,1.83978486061096,2.97011804580689,0.081551
2002-09-19,22.2849884033203,4.07146692276001,2.86036443710327,0.071793
2002-09-20,22.5642242431641,1.70131635665894,3.03970003128052,0.071793
2002-09-21,23.6583480834961,0.649825811386108,4.3105583190918,0.071793
2002-09-22,24.6709995269775,0.949701070785522,3.61711263656616,0.071793
2002-09-23,25.3854713439941,1.19386160373688,3.62001657485962,0.062597
2002-09-24,25.4223918914795,2.11212253570557,3.48261380195618,0.071793
2002-09-25,23.2650089263916,5.50775957107544,1.89963018894196,0.081551
2002-09-26,22.3449172973633,13.79612159729,2.00579237937927,0.151981
2002-09-27,22.1418914794922,5.17692804336548,2.79709911346436,0.194585
2002-09-28,22.0294132232666,2.61724662780762,1.60978496074677,0.165634
2002-09-29,22.5878887176514,5.26933097839356,2.93781733512878,0.138868
2002-09-30,23.9675045013428,1.48445391654968,3.91888856887817,0.17985
2002-10-01,23.7219104766846,0.0959297344088554,4.39418506622314,0.165634
2002-10-02,23.8895320892334,0.621355473995209,4.62189435958862,0.151981
2002-10-03,24.057107925415,0.208062812685967,3.85837912559509,0.138868
2002-10-04,24.3597526550293,0.574651062488556,3.87399649620056,0.138868
2002-10-05,24.4930267333984,1.85588908195496,4.10320234298706,0.114267
2002-10-06,22.3508987426758,1.27422595024109,1.40168225765228,0.091894
2002-10-07,24.7528553009033,2.62987351417542,4.15921878814697,0.091894
2002-10-08,24.2625484466553,0.624527156352997,3.57834935188293,0.071793
2002-10-09,23.7527885437012,0.746714174747467,4.47080945968628,0.071793
2002-10-10,23.0934104919434,0.569027543067932,3.7447669506073,0.071793
2002-10-11,24.3828983306885,1.99354434013367,4.26814603805542,0.053964
2002-10-12,24.2014389038086,1.09651744365692,4.64709424972534,0.053964
2002-10-13,23.6894435882568,0.607170581817627,3.78217482566834,0.053964
2002-10-14,24.0383853912354,0.584808170795441,4.58996534347534,0.053964
2002-10-15,23.9984912872314,0.69857919216156,4.52395009994507,0.053964
2002-10-16,23.7973442077637,0.264231979846954,3.4731969833374,0.053964
2002-10-17,24.4356880187988,0.393038153648376,4.50039672851563,0.053964
2002-10-18,23.1929016113281,0.179599091410637,3.68678450584412,0.053964
2002-10-19,23.4388103485107,1.47916102409363,3.42595434188843,0.045958
2002-10-20,23.6939868927002,4.85182762145996,3.760901927948,0.045958
2002-10-21,24.6255550384522,1.56899106502533,4.84461784362793,0.038514
2002-10-22,24.3209991455078,0.447681099176407,4.60293626785278,0.038514
2002-10-23,24.0781745910645,0.866369903087616,3.53110218048096,0.038514
2002-10-24,23.9656944274902,1.89714860916138,3.50713109970093,0.038514
2002-10-25,24.2021026611328,2.61224365234375,4.25867748260498,0.038514
2002-10-26,25.1277885437012,1.0309693813324,4.31851148605347,0.038514
2002-10-27,24.5499877929688,1.28848874568939,4.17792987823486,0.045958
2002-10-28,25.2110290527344,0.63911509513855,3.95523381233215,0.045958
2002-10-29,25.6584911346436,1.46642863750458,4.50270128250122,0.053964
2002-10-30,26.3361568450928,2.01821231842041,4.45429372787476,0.045958
2002-10-31,26.3059883117676,0.836905777454376,4.2074089050293,0.038514
2002-11-01,24.0039100646973,5.17069005966187,1.05715370178223,0.053964
2002-11-02,25.6315212249756,4.25366497039795,2.91819357872009,0.038514
2002-11-03,23.1790523529053,20.2390422821045,0.835485994815826,3.851448
2002-11-04,24.6046981811523,18.3584728240967,3.5114266872406,0.842385
2002-11-05,25.4822158813477,2.50343179702759,3.48782539367676,0.331311
2002-11-06,25.1993217468262,2.5625319480896,3.21576476097107,0.165634
2002-11-07,21.7757263183594,18.5006351470947,0.860143005847931,0.126297
2002-11-08,21.4562854766846,7.69384479522705,1.38838374614716,0.091894
2002-11-09,22.7752437591553,1.5985951423645,3.1523175239563,0.071793
2002-11-10,24.1348972320557,1.01915848255157,3.35936665534973,0.081551
2002-11-11,25.5556106567383,2.47562003135681,4.70526790618897,0.071793
2002-11-12,24.9189720153809,0.880137801170349,4.4020414352417,0.071793
2002-11-13,24.0697708129883,3.65634155273438,4.25038480758667,0.071793
2002-11-14,24.2340068817139,3.05655527114868,3.80538558959961,0.071793
2002-11-15,24.4672679901123,2.83199238777161,4.31814098358154,0.062597
2002-11-16,24.9488849639893,1.57207787036896,4.41797304153442,0.062597
2002-11-17,24.6581439971924,0.482553154230118,5.06566953659058,0.053964
2002-11-18,25.0090522766113,0.0232276227325201,4.88240003585815,0.045958
2002-11-19,25.7483158111572,0.0852292329072952,4.34880208969116,0.045958
2002-11-20,25.3102512359619,0.182847991585732,3.97412037849426,0.038514
2002-11-21,24.4546413421631,0.664690315723419,3.55250430107117,0.038514
2002-11-22,25.6201457977295,1.0262326002121,4.04288339614868,0.038514
2002-11-23,25.5893745422363,1.77368056774139,4.28897285461426,0.038514
2002-11-24,26.0849857330322,1.21519529819489,4.19032192230225,0.031699
2002-11-25,25.6235237121582,1.66759884357452,4.54570150375366,0.031699
2002-11-26,25.0863265991211,0.45361316204071,4.96592569351196,0.025489
2002-11-27,25.1806945800781,0.256796091794968,3.92973327636719,0.019906
2002-11-28,25.1779956817627,1.81856179237366,4.2563157081604,0.025489
2002-11-29,25.153154373169,1.3064386844635,3.81636214256287,0.025489
2002-11-30,25.8549365997314,1.92766797542572,4.45067834854126,0.01863
2002-12-01,25.6571826934814,1.84268712997437,3.80796766281128,0.01863
2002-12-02,25.4139022827148,0.314340770244598,5.13626718521118,0.01612
2002-12-03,25.633394241333,0.221270024776459,4.57714128494263,0.01612
2002-12-04,25.5471801757813,0.589400827884674,4.34405755996704,0.01612
2002-12-05,26.3023815155029,0.572170674800873,4.19927453994751,0.01612
2002-12-06,27.0799732208252,0.178237974643707,4.72835731506348,0.01612
2002-12-07,25.4651794433594,1.56198382377625,3.14721536636353,0.01612
2002-12-08,25.1150341033936,8.25591945648193,2.85272216796875,0.01612
2002-12-09,26.0150241851807,7.98916006088257,3.27062010765076,0.01612
2002-12-10,26.1452369689941,3.62347030639648,2.82639670372009,0.01612
2002-12-11,26.8243846893311,3.39104008674622,4.61176061630249,0.01863
2002-12-12,26.6230907440186,0.567137360572815,4.61238479614258,0.01863
2002-12-13,26.2769336700439,0.157677620649338,4.76753616333008,0.01863
2002-12-14,26.159704208374,0.362413227558136,4.83534240722656,0.01863
2002-12-15,26.1856517791748,0.458251059055328,4.17715644836426,0.01863
2002-12-16,27.0191688537598,1.38110542297363,4.50204706192017,0.017332
2002-12-17,25.8933734893799,0.188109159469605,3.4759829044342,0.01612
2002-12-18,27.1042346954346,0.0758590549230576,5.30950212478638,0.01612
2002-12-19,25.8494930267334,0.244706213474274,4.06284093856812,0.01612
2002-12-20,26.4439849853516,0.643326103687286,4.54145574569702,0.01612
2002-12-21,26.5707778930664,0.339677035808563,5.55243444442749,0.01612
2002-12-22,26.6450977325439,0.00770242791622877,5.46381187438965,0.01612
2002-12-23,26.7441596984863,0.230075478553772,5.43380403518677,0.01612
2002-12-24,26.9311466217041,0.101395137608051,4.81346273422241,0.01612
2002-12-25,28.7334251403809,2.93919134140015,4.73533630371094,0.014973
2002-12-26,25.884859085083,16.75244140625,2.10841774940491,0.01863
2002-12-27,23.6707458496094,23.7996273040772,1.1908540725708,0.165634
2002-12-28,23.1994609832764,26.6780509948731,1.5294007062912,9.477374
2002-12-29,23.8284244537354,14.2044649124146,1.19784510135651,16.358439
2002-12-30,25.0877017974854,5.95432710647583,2.89711332321167,10.53927
2002-12-31,26.204517364502,0.683551728725433,4.57284545898438,2.155599
2003-01-01,25.3677043914795,0.773508191108704,4.9272928237915,0.947348
2003-01-02,25.9038238525391,0.0591626651585102,4.4898362159729,0.532755
2003-01-03,26.8147792816162,0.576133012771606,4.08056831359863,0.391052
2003-01-04,26.5900268554688,1.24226951599121,4.58616256713867,0.225634
2003-01-05,26.6957683563232,0.0600675530731678,5.35686826705933,0.151981
2003-01-06,27.7602710723877,0.0343840979039669,5.06033754348755,0.114267
2003-01-07,27.2993183135986,0.29667741060257,5.26413202285767,1.020352
2003-01-08,26.671085357666,0.648433268070221,3.88046145439148,0.575186
2003-01-09,25.973762512207,1.22285664081573,4.08813905715942,0.258783
2003-01-10,27.178747177124,0.442912846803665,5.09322261810303,0.151981
2003-01-11,26.8230667114258,0.0150466281920671,5.41428279876709,0.091894
2003-01-12,27.4709300994873,0.035999171435833,5.42681503295898,0.062597
2003-01-13,26.4159164428711,4.04765319824219,2.47539138793945,0.053964
2003-01-14,25.7666358947754,6.06353616714478,2.08832979202271,0.045958
2003-01-15,26.9495697021484,3.8370954990387,4.26147365570068,0.038514
2003-01-16,26.6276836395264,2.47947597503662,4.29934930801392,0.031699
2003-01-17,26.1115436553955,0.903974413871765,5.25007963180542,0.031699
2003-01-18,26.7850131988525,0.376483231782913,5.02176904678345,0.025489
2003-01-19,26.8229141235352,0.126297295093536,4.75619220733643,0.019906
2003-01-20,27.0683727264404,0.700861036777496,4.51993370056152,0.01863
2003-01-21,26.8645000457764,0.366728693246841,4.1259822845459,0.01863
2003-01-22,26.9062042236328,2.35899114608765,4.63084363937378,0.017332
2003-01-23,26.5787124633789,3.46896886825562,3.86615133285522,0.01612
2003-01-24,26.5680141448975,5.80908966064453,4.41921043395996,0.01612
2003-01-25,26.3734359741211,2.54137635231018,3.81155467033386,0.01612
2003-01-26,26.3841667175293,4.65505313873291,4.26961183547974,0.014973
2003-01-27,25.9015522003174,1.70806276798248,4.19527673721314,0.014973
2003-01-28,26.809871673584,4.14025497436523,4.35135936737061,0.014973
2003-01-29,27.5901546478272,3.74509739875793,4.55260944366455,0.014973
2003-01-30,26.7239017486572,3.24314975738525,4.12869644165039,0.014973
2003-01-31,26.5644683837891,2.75020408630371,4.16485595703125,0.01612
2003-02-01,25.6895122528076,2.79993224143982,3.47409510612488,0.01612
2003-02-02,25.7887420654297,3.38260340690613,3.69281911849976,0.01612
2003-02-03,25.6157455444336,3.61240315437317,3.80485105514526,0.01612
2003-02-04,26.2781505584717,6.52217054367065,3.67884707450867,0.017332
2003-02-05,25.669994354248,3.408038854599,3.76858115196228,0.01863
2003-02-06,25.4524803161621,2.2377872467041,3.87821412086487,0.01863
2003-02-07,26.0840930938721,4.27857494354248,4.20135641098022,0.01863
2003-02-08,25.6035461425781,4.80102777481079,3.33311438560486,0.01863
2003-02-09,25.8984222412109,4.27952146530151,4.63619422912598,0.01863
2003-02-10,25.6497631072998,0.966568887233734,4.20736026763916,0.019906
2003-02-11,25.6633682250977,1.35570752620697,4.12599802017212,0.025489
2003-02-12,25.3009490966797,1.21907937526703,4.20233678817749,0.025489
2003-02-13,25.3220367431641,0.376367926597595,3.88613271713257,0.025489
2003-02-14,26.414981842041,0.62298721075058,4.33444309234619,0.01863
2003-02-15,26.0776596069336,0.798777580261231,4.139488697052,0.01863
2003-02-16,27.0839595794678,1.52180588245392,4.63618850708008,0.01863
2003-02-17,27.1443557739258,0.630694389343262,4.32184982299805,0.01863
2003-02-18,27.0978183746338,0.273529827594757,4.36761236190796,0.017332
2003-02-19,27.7166137695313,0.540134072303772,4.64835405349731,0.01612
2003-02-20,26.8953857421875,2.87013936042786,3.54297947883606,0.01612
2003-02-21,26.5166511535645,3.15461444854736,4.86511850357056,0.01612
2003-02-22,25.9254627227783,1.87029552459717,3.45688343048096,0.01612
2003-02-23,25.5348072052002,2.29273104667664,3.97182273864746,0.01863
2003-02-24,26.028299331665,3.77025747299194,4.11957883834839,0.025489
2003-02-25,25.804386138916,1.25705671310425,4.93255424499512,0.019906
2003-02-26,26.1486873626709,0.486237734556198,4.48976755142212,0.01863
2003-02-27,26.1567363739014,1.26475131511688,4.41121292114258,0.01612
2003-02-28,26.1671352386475,0.444935232400894,4.4993462562561,0.01612
2003-03-01,26.8273487091065,1.2730131149292,4.26210403442383,0.01612
2003-03-02,26.5413208007813,1.56329905986786,3.8867883682251,0.01612
2003-03-03,27.2795963287354,2.43788075447083,3.44646191596985,0.014973
2003-03-04,26.5090427398682,3.19907164573669,4.5671706199646,0.014973
2003-03-05,26.7143592834473,3.02605795860291,3.82591605186462,0.014973
2003-03-06,26.2978706359863,2.1927056312561,3.90291261672974,0.013891
2003-03-07,26.8728218078613,1.72824096679688,4.6417384147644,0.013891
2003-03-08,26.1404209136963,2.01853084564209,4.31566476821899,0.01612
2003-03-09,26.2965106964111,1.49694001674652,3.80943965911865,0.01612
2003-03-10,25.9146671295166,3.34140610694885,3.08332777023315,0.01863
2003-03-11,25.6080284118652,4.94427633285523,3.04512166976929,0.025489
2003-03-12,26.8071823120117,3.28094220161438,4.64902067184448,0.025489
2003-03-13,27.0591716766357,0.616797089576721,3.89984107017517,0.019906
2003-03-14,27.1124401092529,1.23140001296997,4.00808620452881,0.01863
2003-03-15,27.6655998229981,2.31003785133362,4.27068090438843,0.017332
2003-03-16,26.8581562042236,1.53808701038361,3.91074442863464,0.01612
2003-03-17,27.1021461486816,1.31934154033661,4.36329460144043,0.01612
2003-03-18,25.8617553710938,6.28327083587647,3.31334853172302,0.01612
2003-03-19,26.25901222229,8.39133834838867,4.26376533508301,0.01863
2003-03-20,25.4119873046875,1.58813142776489,3.42677450180054,0.019906
2003-03-21,25.6264553070068,2.35168814659119,4.07727861404419,0.025489
2003-03-22,26.5175476074219,1.85241091251373,3.98552989959717,0.053964
2003-03-23,26.195556640625,1.92701756954193,3.23523139953613,0.071793
2003-03-24,25.299955368042,4.37589931488037,3.11939167976379,0.081551
2003-03-25,25.8755207061768,2.81354975700378,3.83743572235107,0.062597
2003-03-26,25.9495067596436,1.62953448295593,3.51621341705322,0.053964
2003-03-27,25.6873016357422,3.70404243469238,3.83793449401855,0.053964
2003-03-28,25.6972370147705,2.29172348976135,3.41127300262451,0.045958
2003-03-29,25.6834869384766,2.60891127586365,3.22529602050781,0.025489
2003-03-30,25.5519466400147,3.71883034706116,3.47438645362854,0.01863
2003-03-31,26.3477058410645,1.94860756397247,3.5713574886322,0.01863
2003-04-01,26.2910175323486,2.45627427101135,4.01813316345215,0.019906
2003-04-02,26.1093578338623,0.663042604923248,3.8589231967926,0.025489
2003-04-03,25.5797538757324,0.474918782711029,4.26878643035889,0.025489
2003-04-04,25.4798316955566,0.199985414743423,4.10633850097656,0.019906
2003-04-05,26.0515365600586,0.245020732283592,3.67201709747314,0.019906
2003-04-06,27.0388317108154,0.446485877037048,4.37959766387939,0.019906
2003-04-07,27.3458461761475,0.692533373832703,4.102858543396,0.019906
2003-04-08,26.2351493835449,2.11696720123291,2.60548639297485,0.01863
2003-04-09,26.0097332000732,4.09533548355103,2.24932336807251,0.225634
2003-04-10,26.1958122253418,8.08856773376465,3.55644464492798,0.151981
2003-04-11,27.0540828704834,5.07329559326172,4.11545896530151,0.091894
2003-04-12,27.3225975036621,0.406871318817139,4.160728931427,0.053964
2003-04-13,26.580057144165,2.03536343574524,3.49577617645264,0.025489
2003-04-14,24.2888145446777,14.0434007644653,1.6056125164032,0.019906
2003-04-15,23.3614635467529,16.1720314025879,1.2815500497818,0.019906
2003-04-16,23.2093715667725,8.59255409240723,2.18936395645142,0.019906
2003-04-17,23.9807796478272,4.43889808654785,1.65867042541504,0.019906
2003-04-18,24.3771286010742,7.23528432846069,3.30824255943298,0.025489
2003-04-19,25.0823059082031,3.09748005867004,2.76497793197632,0.025489
2003-04-20,24.8245258331299,1.74804389476776,2.63029003143311,0.031699
2003-04-21,24.5338535308838,3.58675789833069,3.19080018997192,0.038514
2003-04-22,24.7464294433594,3.2812602519989,2.76462316513062,0.053964
2003-04-23,24.2641735076904,4.85982275009155,3.11659145355225,0.053964
2003-04-24,24.388484954834,5.12944173812866,1.87334227561951,0.062597
2003-04-25,24.7866725921631,4.83782005310059,2.52113437652588,0.071793
2003-04-26,24.9789218902588,5.10277032852173,2.72908186912537,0.091894
2003-04-27,24.9151210784912,4.07630252838135,2.51783394813538,0.091894
2003-04-28,24.6177883148193,4.12284851074219,2.94355964660645,0.071793
2003-04-29,24.9796314239502,1.75257170200348,2.72983503341675,0.071793
2003-04-30,25.3393630981445,2.13413262367249,3.09646892547607,0.071793
2003-05-01,25.4925365447998,0.530822098255158,3.45370173454285,0.053964
2003-05-02,25.389217376709,0.784755170345306,3.7833092212677,0.053964
2003-05-03,26.1654357910156,0.800477087497711,3.80863881111145,0.053964
2003-05-04,24.030107498169,5.60086059570313,2.53385233879089,0.053964
2003-05-05,23.2626457214356,1.05296230316162,2.28139162063599,0.053964
2003-05-06,23.5492553710938,0.127614378929138,2.97695088386536,0.053964
2003-05-07,24.4070529937744,0.379752069711685,3.67574191093445,0.053964
2003-05-08,25.8638172149658,0.248630002140999,3.60419893264771,0.031699
2003-05-09,24.8783416748047,2.4603910446167,2.46036291122437,0.01612
2003-05-10,23.7203063964844,3.17647123336792,1.8966783285141,0.01612
2003-05-11,23.0753364562988,0.254105448722839,2.41312694549561,0.241949
2003-05-12,22.5616626739502,0.447263598442078,2.36265134811401,0.091894
2003-05-13,22.9590606689453,1.59578478336334,1.83343935012817,0.071793
2003-05-14,22.8943958282471,1.83206427097321,0.850235462188721,0.071793
2003-05-15,23.2247714996338,2.22320342063904,2.29279780387878,0.114267
2003-05-16,22.5182151794434,3.10444712638855,2.6266028881073,0.091894
2003-05-17,22.5600662231445,4.54040193557739,1.89096331596375,0.091894
2003-05-18,22.6298141479492,3.67970705032349,1.25034654140472,0.114267
2003-05-19,22.5874996185303,5.08321809768677,1.72040784358978,0.3124
2003-05-20,22.9390087127686,2.5210120677948,2.8260543346405,0.258783
2003-05-21,23.6709785461426,1.39662003517151,2.69981408119202,0.194585
2003-05-22,23.326229095459,1.0489296913147,2.26656723022461,0.114267
2003-05-23,23.7163257598877,1.71672332286835,2.659348487854,0.081551
2003-05-24,24.2576160430908,0.814804315567017,3.32064032554626,0.071793
2003-05-25,25.994873046875,0.0298552755266428,3.43169832229614,0.071793
2003-05-26,26.2905864715576,5.62031364440918,2.90719270706177,0.081551
2003-05-27,23.8490009307861,26.6164855957031,1.33065366744995,2.675328
2003-05-28,23.4312229156494,13.8469467163086,1.90708768367767,1.928407
2003-05-29,22.4660377502441,2.58152151107788,2.14858293533325,1.274072
2003-05-30,22.1591835021973,0.722177922725678,2.5785813331604,0.759103
2003-05-31,22.5645065307617,1.73166060447693,2.02849507331848,0.294008
2003-06-01,22.2488136291504,2.20781302452087,1.42072021961212,0.255991
2003-06-02,22.7209949493408,3.48999977111816,1.64523053169251,1.038982
2003-06-03,22.960542678833,4.54740810394287,2.3809084892273,0.51895
2003-06-04,23.3287582397461,3.01405668258667,2.5863721370697,0.419202
2003-06-05,23.0969734191895,3.59650182723999,2.43265581130981,0.419202
2003-06-06,22.8052234649658,2.18497014045715,2.41845893859863,0.439454
2003-06-07,22.7017478942871,2.11672782897949,2.35463881492615,0.419202
2003-06-08,22.2359199523926,0.6784548163414,2.3997073173523,0.350265
2003-06-09,22.8203926086426,2.60351204872131,2.45334386825562,0.286176
2003-06-10,22.3468532562256,2.69917416572571,2.08339762687683,0.227127
2003-06-11,22.5521602630615,3.41402888298035,2.32640957832336,0.186319
2003-06-12,22.7598075866699,1.08279633522034,2.67175698280334,0.160874
2003-06-13,21.1531715393066,0.0112009858712554,3.02359938621521,0.14867
2003-06-14,20.8977642059326,0.0512844361364842,2.7496964931488,0.14867
2003-06-15,20.8954429626465,0.173452019691467,2.97516775131226,0.14867
2003-06-16,20.8962669372559,1.63002574443817,1.51059925556183,0.12541
2003-06-17,21.7557430267334,0.962412416934967,2.62296962738037,0.114353
2003-06-18,21.6790409088135,0.479806870222092,2.76209235191345,0.103686
2003-06-19,21.2838973999023,0.0333334505558014,3.05179882049561,0.103686
2003-06-20,21.8856887817383,1.39890325069428,1.72271382808685,0.103686
2003-06-21,21.6929721832275,3.09136319160461,2.5811026096344,0.103686
2003-06-22,22.0530166625977,0.0802199468016625,2.8638551235199,0.09343
2003-06-23,21.1843166351318,0.134545609354973,2.59725117683411,0.09343
2003-06-24,21.6241855621338,1.17980372905731,1.99700772762299,0.09343
2003-06-25,22.3757724761963,2.6661479473114,2.29907965660095,0.103686
2003-06-26,21.3185501098633,0.78899210691452,2.56254029273987,0.103686
2003-06-27,19.6876831054688,0.0630235970020294,2.78263449668884,0.103686
2003-06-28,20.3315200805664,0.617197692394257,1.80970144271851,0.103686
2003-06-29,20.7934818267822,0.531359493732452,2.86894083023071,0.103686
2003-06-30,20.7421588897705,0.176734492182732,2.94162154197693,0.103686
2003-07-01,21.006103515625,0.202119797468185,2.21809005737305,0.09343
2003-07-02,20.5140476226807,0.0560937114059925,2.60862994194031,0.09343
2003-07-03,20.2443428039551,0.147390782833099,3.04854369163513,0.09343
2003-07-04,19.2205677032471,0.0974763184785843,2.63637399673462,0.09343
2003-07-05,20.9024963378906,0.555624544620514,1.9347972869873,0.09343
2003-07-06,21.6692409515381,0.847169518470764,2.62500429153442,0.083563
2003-07-07,20.595703125,0.28522989153862,2.27189660072327,0.083563
2003-07-08,22.5038681030273,0.290567398071289,2.67619895935059,0.083563
2003-07-09,20.0406265258789,0.200482949614525,2.21635341644287,0.083563
2003-07-10,22.01904296875,0.264282584190369,2.5975296497345,0.074151
2003-07-11,22.9626560211182,0.781392753124237,2.20808243751526,0.074151
2003-07-12,22.2129936218262,0.993874907493591,2.62713027000427,0.06515
2003-07-13,22.477481842041,2.02344846725464,2.43696570396423,0.06515
2003-07-14,21.5064353942871,2.48954701423645,1.71914350986481,0.06515
2003-07-15,20.8587322235107,6.10685920715332,1.48185658454895,0.074151
2003-07-16,21.1992702484131,2.7487165927887,2.38868093490601,0.074151
2003-07-17,20.4489231109619,6.62932300567627,1.30159521102905,0.083563
2003-07-18,19.7861785888672,4.38896226882935,2.18029999732971,0.083563
2003-07-19,21.7020835876465,0.9351606965065,2.803795337677,0.103686
2003-07-20,21.328577041626,1.15176475048065,2.66169214248657,0.12541
2003-07-21,19.6655559539795,1.46857070922852,1.3574126958847,0.12541
2003-07-22,21.7956504821777,4.51614284515381,2.71528625488281,0.12541
2003-07-23,20.9769802093506,1.68948233127594,2.20678687095642,0.136856
2003-07-24,21.0988483428955,4.07114124298096,1.82412159442902,0.14867
2003-07-25,21.4677886962891,6.3486213684082,1.91626524925232,0.160874
2003-07-26,21.3855285644531,4.0590238571167,2.45433497428894,0.173423
2003-07-27,21.3054618835449,3.71915936470032,2.19941997528076,0.199583
2003-07-28,20.8357944488525,4.6732063293457,1.30120027065277,0.255991
2003-07-29,20.5364360809326,2.14711999893188,2.13835859298706,0.350265
2003-07-30,20.5953521728516,3.83875632286072,1.2236453294754,0.333799
2003-07-31,20.7869834899902,3.86192560195923,2.24079942703247,0.51895
2003-08-01,21.1244010925293,1.05857145786285,2.86502957344055,0.452285
2003-08-02,20.2566509246826,1.5973105430603,2.1802351474762,0.286176
2003-08-03,21.8520259857178,3.29566478729248,2.96504020690918,0.255991
2003-08-04,21.3262901306152,2.21435832977295,2.57718682289124,0.270921
2003-08-05,21.094820022583,3.28521060943604,1.93922483921051,0.401524
2003-08-06,21.1955699920654,0.55015754699707,2.40659999847412,0.367056
2003-08-07,20.3170471191406,0.728699266910553,2.47890257835388,0.255991
2003-08-08,20.9613380432129,0.0755558535456657,3.07483506202698,0.173423
2003-08-09,22.1743030548096,0.460344135761261,3.08177518844605,0.14867
2003-08-10,21.9398517608643,0.214514598250389,3.20753240585327,0.14867
2003-08-11,21.5998477935791,0.588853478431702,2.38964915275574,0.14867
2003-08-12,21.7461013793945,0.885003387928009,2.35972690582275,0.136856
2003-08-13,21.8713970184326,1.89259481430054,2.30464506149292,0.12541
2003-08-14,20.3305320739746,2.08653903007507,2.3624267578125,0.103686
2003-08-15,21.5213832855225,0.174622565507889,2.59891772270203,0.103686
2003-08-16,23.5947399139404,0.0608268305659294,3.71011781692505,0.103686
2003-08-17,25.1177730560303,0.190650388598442,3.75487661361694,0.103686
2003-08-18,21.8111591339111,4.15685701370239,1.0224381685257,0.114353
2003-08-19,20.6741580963135,1.0002543926239,1.95238745212555,0.199583
2003-08-20,20.367847442627,0.569172084331513,2.28620195388794,0.14867
2003-08-21,20.2188110351563,0.415451556444168,1.4213969707489,0.14867
2003-08-22,21.2971134185791,3.61613297462463,1.3226615190506,0.173423
2003-08-23,22.0650081634522,2.55362391471863,3.23513197898865,0.532755
2003-08-24,21.8486309051514,1.60064959526062,2.47643899917603,0.439454
2003-08-25,22.2834205627441,2.06293177604675,2.94839072227478,0.333799
2003-08-26,22.7725963592529,0.624086201190949,3.13668847084045,0.255991
2003-08-27,23.6120471954346,2.38302040100098,2.92375564575195,0.227127
2003-08-28,22.7368946075439,3.62083029747009,2.17635035514832,0.199583
2003-08-29,23.5418014526367,2.52351260185242,2.83693289756775,0.14867
2003-08-30,21.944128036499,6.15259838104248,1.13914811611176,0.14867
2003-08-31,22.6742534637451,3.5086886882782,2.41622138023376,0.136856
2003-09-01,22.7475681304932,0.758015155792236,3.5919873714447,0.136856
2003-09-02,22.363790512085,0.812817096710205,2.5119640827179,0.136856
2003-09-03,22.308012008667,5.16037368774414,2.39075922966003,0.12541
2003-09-04,21.6688175201416,5.01249647140503,2.25620865821838,0.12541
2003-09-05,20.8362483978271,4.09221506118774,2.78043794631958,0.12541
2003-09-06,20.4718379974365,1.1104748249054,2.81270909309387,0.103686
2003-09-07,20.6521663665772,1.60304796695709,2.82432770729065,0.103686
2003-09-08,20.8340950012207,3.91156983375549,2.93190574645996,0.114353
2003-09-09,21.6206588745117,3.40822243690491,3.10551953315735,0.12541
2003-09-10,22.0480499267578,2.20740079879761,2.9833390712738,0.199583
2003-09-11,22.047046661377,1.07158839702606,3.40765404701233,0.270921
2003-09-12,22.9589023590088,0.4027179479599,3.43034386634827,0.186319
2003-09-13,22.7742977142334,0.97715824842453,3.81037259101868,0.160874
2003-09-14,22.6799869537354,0.0327390097081661,4.04856061935425,0.136856
2003-09-15,21.9385509490967,0.450366675853729,2.85244488716126,0.12541
2003-09-16,22.8052196502686,0.760926485061646,3.25770664215088,0.114353
2003-09-17,23.7042770385742,0.349556297063828,3.48050832748413,0.103686
2003-09-18,23.1122341156006,0.612168431282044,3.19323086738586,0.103686
2003-09-19,22.6397533416748,3.65270018577576,2.47042465209961,0.103686
2003-09-20,22.4468803405762,5.40832948684692,2.76952219009399,0.114353
2003-09-21,22.2678699493408,1.73639893531799,2.84739828109741,0.12541
2003-09-22,22.9958419799805,2.31485462188721,2.92255854606628,0.14867
2003-09-23,22.2073993682861,0.65902441740036,3.72061276435852,0.186319
2003-09-24,22.1084632873535,0.332552641630173,4.03172922134399,0.173423
2003-09-25,23.1281032562256,0.0950590595602989,4.49078989028931,0.14867
2003-09-26,23.5532188415527,0.210597962141037,4.48347663879395,0.12541
2003-09-27,24.707483291626,0.270555555820465,4.73541021347046,0.12541
2003-09-28,26.076530456543,0.146578326821327,4.02051162719727,0.114353
2003-09-29,26.2654895782471,0.588726580142975,4.10259342193604,0.103686
2003-09-30,25.9008102416992,0.956660807132721,3.62705993652344,0.103686
2003-10-01,23.8836154937744,3.09195995330811,1.820636510849,0.103686
2003-10-02,23.024133682251,3.38560438156128,1.81335163116455,0.103686
2003-10-03,23.5283603668213,3.7239625453949,2.64716291427612,0.114353
2003-10-04,23.3438663482666,4.38810920715332,3.23584866523743,0.136856
2003-10-05,23.4514255523682,4.94110012054443,3.42464685440064,0.241386
2003-10-06,23.2224407196045,3.14813137054443,3.35736918449402,0.173423
2003-10-07,24.2443294525147,1.05333817005157,3.88063716888428,0.14867
2003-10-08,24.9811134338379,1.23271811008453,4.12809276580811,0.12541
2003-10-09,25.3261241912842,1.57760846614838,4.49708890914917,0.103686
2003-10-10,25.014087677002,0.344155997037888,4.54312610626221,0.103686
2003-10-11,24.3896636962891,0.223416596651077,4.12739944458008,0.083563
2003-10-12,24.8474941253662,0.301943451166153,4.82503366470337,0.083563
2003-10-13,23.1149635314941,0.577553510665894,2.62279987335205,0.083563
2003-10-14,22.3184909820557,1.91083717346191,2.240642786026,0.083563
2003-10-15,22.0592288970947,0.661447286605835,3.71348738670349,0.074151
2003-10-16,21.6809310913086,0.0963294357061386,2.6179404258728,0.06515
2003-10-17,21.3137645721436,0.0296471547335386,5.09304571151733,0.048533
2003-10-18,21.5233688354492,0.0604267083108425,5.33166313171387,0.048533
2003-10-19,22.9430866241455,0.076732948422432,5.33257484436035,0.048533
2003-10-20,22.8977088928223,0.0349625125527382,5.47558403015137,0.044162
2003-10-21,24.8714694976807,0.0931815281510353,4.7533392906189,0.044162
2003-10-22,26.3014640808106,0.103525817394257,5.1425518989563,0.044162
2003-10-23,26.796932220459,0.1307283192873,5.5107421875,0.0415
2003-10-24,25.9247989654541,0.188567161560059,4.54720640182495,0.0415
2003-10-25,24.4826850891113,1.09441268444061,3.18510913848877,0.044162
2003-10-26,25.4077243804932,2.97218608856201,4.80635261535645,0.048533
2003-10-27,23.7259788513184,1.14147305488586,3.39767861366272,0.048533
2003-10-28,23.5052299499512,2.08335447311401,3.66198515892029,0.048533
2003-10-29,24.6890182495117,1.5693531036377,4.6239128112793,0.048533
2003-10-30,24.0353832244873,1.96456742286682,3.92424583435059,0.056603
2003-10-31,24.8344669342041,1.39146161079407,3.9713020324707,0.048533
2003-11-01,25.0710144042969,2.15690612792969,4.07294321060181,0.0415
2003-11-02,25.580680847168,0.742718040943146,4.0379843711853,0.036567
2003-11-03,24.457950592041,7.23687171936035,2.47683644294739,0.036567
2003-11-04,21.4816951751709,11.7971248626709,1.82917177677155,0.036567
2003-11-05,21.2052917480469,2.74631142616272,1.84844923019409,0.036567
2003-11-06,21.9896488189697,0.867903590202332,2.40479779243469,0.074151
2003-11-07,21.9549312591553,0.835187375545502,1.90026652812958,0.074151
2003-11-08,23.2510833740234,13.3182916641235,2.5438814163208,0.06515
2003-11-09,25.5461654663086,6.30047273635864,3.96489787101746,0.074151
2003-11-10,25.9515724182129,3.38942527770996,4.49352073669434,0.074151
2003-11-11,25.2234764099121,0.509940326213837,4.25129508972168,0.074151
2003-11-12,25.0227890014648,1.43928217887878,3.9789559841156,0.074151
2003-11-13,25.22487449646,1.06354284286499,4.54694652557373,0.06515
2003-11-14,26.8126277923584,0.308882355690002,4.79989862442017,0.06515
2003-11-15,26.1868515014648,0.465284556150436,4.21044063568115,0.048533
2003-11-16,25.447717666626,1.0747252702713,4.06892347335815,0.048533
2003-11-17,26.1531925201416,1.06402313709259,4.54154968261719,0.048533
2003-11-18,26.6707630157471,1.24121356010437,4.6930422782898,0.044162
2003-11-19,26.8650341033936,0.434890240430832,4.63943195343018,0.044162
2003-11-20,26.9446296691895,0.424197494983673,5.10935115814209,0.034295
2003-11-21,26.0243644714356,0.0856753289699554,4.83329916000366,0.034295
2003-11-22,25.3939723968506,0.365704447031021,4.27209901809692,0.034295
2003-11-23,24.8139209747314,1.73431050777435,4.13534784317017,0.028172
2003-11-24,24.8983936309815,1.76650512218475,3.94700908660889,0.028172
2003-11-25,25.4162788391113,0.872793734073639,4.17631387710571,0.028172
2003-11-26,25.1876068115234,1.78414559364319,4.19334888458252,0.028172
2003-11-27,25.6800231933594,0.659403562545776,4.49584579467773,0.028172
2003-11-28,25.2954559326172,2.18063712120056,3.85873031616211,0.028172
2003-11-29,26.3422889709473,1.62547731399536,5.0196738243103,0.022979
2003-11-30,26.4670181274414,2.31163191795349,4.43048858642578,0.022979
2003-12-01,25.8511791229248,2.2519588470459,4.45563364028931,0.022979
2003-12-02,26.5636386871338,0.264926195144653,4.78430795669556,0.024623
2003-12-03,26.9957237243652,0.43096062541008,4.6586799621582,0.024623
2003-12-04,27.2154960632324,0.13918736577034,4.14504480361939,0.022979
2003-12-05,26.4725494384766,0.0444226674735546,3.93438625335693,0.022979
2003-12-06,27.2225532531738,0.0344852097332478,4.60775518417358,0.022979
2003-12-07,27.5917949676514,0.320503771305084,4.79339265823364,0.021443
2003-12-08,27.8515548706055,0.295290291309357,5.32327318191528,0.021443
2003-12-09,27.2730350494385,0.147236675024033,5.03668975830078,0.01863
2003-12-10,27.2990760803223,0.417417645454407,5.69936943054199,0.01863
2003-12-11,26.6940956115723,0.645665049552918,5.189049243927,0.01612
2003-12-12,27.2527561187744,0.300623714923859,5.26440572738648,0.01612
2003-12-13,26.8996639251709,0.097744919359684,5.61713075637817,0.01612
2003-12-14,26.6934604644775,0.049046978354454,5.07746076583862,0.01612
2003-12-15,26.2495670318604,0.882770478725433,4.68207740783691,0.01612
2003-12-16,26.8501129150391,0.656336724758148,4.93594551086426,0.01612
2003-12-17,27.1741180419922,0.165458619594574,4.91253471374512,0.014973
2003-12-18,25.8613605499268,1.59942805767059,4.27152633666992,0.014973
2003-12-19,25.3730621337891,1.06585729122162,3.79944396018982,0.01612
2003-12-20,25.3994655609131,2.00518345832825,3.89892959594727,0.01863
2003-12-21,26.085018157959,0.424191445112228,5.20209264755249,0.01612
2003-12-22,26.03395652771,0.0102009400725365,5.84672164916992,0.01612
2003-12-23,27.1366920471191,1.19107508659363,3.99833226203918,0.014973
2003-12-24,27.3741397857666,3.15483260154724,4.34922790527344,0.014973
2003-12-25,26.0864772796631,1.46817302703857,3.18598198890686,0.014973
2003-12-26,26.0316925048828,3.91854977607727,3.97237801551819,0.01612
2003-12-27,25.4134731292725,3.78114438056946,3.49399137496948,0.017332
2003-12-28,25.9749908447266,3.26383471488953,4.28220987319946,0.01612
2003-12-29,26.5541343688965,5.44178581237793,3.56599974632263,0.01612
2003-12-30,26.3639430999756,4.68105125427246,4.0686354637146,0.01612
2003-12-31,26.4403285980225,4.90116214752197,3.92492866516113,0.014973
2004-01-01,26.5428218841553,1.06344890594482,4.76382923126221,0.014973
2004-01-02,27.751522064209,0.181734457612038,4.77498817443848,0.014973
2004-01-03,27.6323776245117,1.91890823841095,4.3280782699585,0.014973
2004-01-04,25.8836441040039,6.07082509994507,2.79734706878662,0.013891
2004-01-05,26.7321815490723,5.4730920791626,4.75749731063843,0.013891
2004-01-06,26.3147106170654,1.39606833457947,5.08427572250366,0.013891
2004-01-07,26.1491508483887,0.517758309841156,4.28591012954712,0.013891
2004-01-08,26.4693393707275,0.667598843574524,3.88206148147583,0.013891
2004-01-09,27.0342350006104,2.93231439590454,4.10040473937988,0.014973
2004-01-10,26.6566104888916,2.8543393611908,2.97302865982056,0.014973
2004-01-11,25.6642913818359,5.7905707359314,1.96748983860016,0.01612
2004-01-12,27.3270225524902,14.5740785598755,3.40199017524719,0.01863
2004-01-13,26.9098320007324,26.7777404785156,3.33179879188538,0.036567
2004-01-14,24.5178260803223,25.8494739532471,1.19948971271515,0.056603
2004-01-15,24.7230052947998,27.6873989105225,2.211505651474,0.0415
2004-01-16,25.8790035247803,19.0483875274658,2.08391189575195,0.083563
2004-01-17,24.3087635040283,31.5359649658203,0.408633798360825,0.160874
2004-01-18,25.1241436004639,28.7345943450928,2.10198259353638,11.343011
2004-01-19,23.8903369903564,3.76310873031616,3.81830167770386,2.76482
2004-01-20,23.4379119873047,4.77831983566284,2.5428626537323,0.367056
2004-01-21,24.0476570129395,26.64697265625,1.77672183513641,0.199583
2004-01-22,25.0383567810059,11.1958951950073,3.37458109855652,0.199583
2004-01-23,24.7921810150147,4.91645240783691,3.44286608695984,0.12541
2004-01-24,25.7875022888184,3.11282396316528,3.4140899181366,0.12541
2004-01-25,25.3908252716064,5.29696369171143,2.68570137023926,0.103686
2004-01-26,25.7860946655273,3.08881211280823,4.3138747215271,0.103686
2004-01-27,25.2309532165527,3.04169201850891,4.10115528106689,0.083563
2004-01-28,24.8735065460205,1.82303333282471,4.30669403076172,0.083563
2004-01-29,24.9932270050049,4.02545642852783,3.62399578094482,0.06515
2004-01-30,24.8492336273193,6.47825717926025,3.17099857330322,0.06515
2004-01-31,25.0153617858887,5.30717611312866,4.04651546478272,0.06515
2004-02-01,25.2304172515869,4.05734586715698,3.80029988288879,0.06515
2004-02-02,24.9943885803223,2.35275197029114,3.99003267288208,0.09343
2004-02-03,24.578800201416,3.53369760513306,1.48222458362579,0.12541
2004-02-04,25.3999633789063,4.97306156158447,3.89710068702698,0.14867
2004-02-05,25.5947856903076,5.07517051696777,4.01587772369385,0.14867
2004-02-06,25.9250984191895,2.0973014831543,4.22376012802124,0.136856
2004-02-07,26.6089916229248,2.15576887130737,3.57989001274109,0.12541
2004-02-08,24.9714775085449,8.17679882049561,2.04364418983459,0.114353
2004-02-09,25.2972946166992,10.0151443481445,3.70612263679504,0.199583
2004-02-10,25.0303535461426,6.39006328582764,3.51452875137329,1.574961
2004-02-11,25.3962783813477,3.8367817401886,4.17601776123047,1.173523
2004-02-12,25.5613861083984,3.09173321723938,2.73683381080627,0.333799
2004-02-13,25.4603309631348,3.81355381011963,3.6466326713562,0.241386
2004-02-14,24.4863929748535,2.08585619926453,3.92748260498047,0.14867
2004-02-15,25.6177577972412,1.7151540517807,4.47500562667847,0.12541
2004-02-16,27.0706157684326,2.11087250709534,4.32809734344482,0.103686
2004-02-17,26.9150085449219,1.04117572307587,3.77792263031006,0.103686
2004-02-18,26.7446765899658,2.26730966567993,4.14442539215088,0.09343
2004-02-19,25.5520362854004,1.79551446437836,3.28934741020203,0.173423
2004-02-20,25.4677028656006,2.67524814605713,3.31625890731812,0.505297
2004-02-21,25.2766532897949,2.2438690662384,3.53131866455078,0.465289
2004-02-22,24.9304714202881,3.82396101951599,3.65821814537048,0.367056
2004-02-23,25.7788639068604,1.61796534061432,4.2551064491272,0.286176
2004-02-24,25.7129955291748,1.38122415542603,4.609055519104,0.255991
2004-02-25,26.6120281219482,0.606422483921051,4.52990961074829,0.227127
2004-02-26,26.2464923858643,1.18461072444916,4.06624937057495,0.173423
2004-02-27,25.6035385131836,2.13308525085449,4.12426996231079,0.12541
2004-02-28,26.1588973999023,3.51610398292542,4.11712265014648,0.12541
2004-02-29,26.3475894927979,8.0386848449707,4.254723072052,0.114353
2004-03-01,26.1504173278809,4.93873262405396,4.04146099090576,0.103686
2004-03-02,26.3042106628418,7.65934896469116,3.32869529724121,0.083563
2004-03-03,25.8187236785889,7.57264471054077,3.53611183166504,0.06515
2004-03-04,25.7081336975098,4.54589748382568,3.60912442207336,0.06515
2004-03-05,25.3752975463867,3.41466879844666,3.50356030464172,0.083563
2004-03-06,24.9141044616699,3.17622780799866,3.71520066261292,0.083563
2004-03-07,25.0717906951904,4.0783863067627,3.48845410346985,0.083563
2004-03-08,24.9631538391113,3.27277565002441,3.94240355491638,0.103686
2004-03-09,24.592414855957,7.38542985916138,2.34498429298401,0.173423
2004-03-10,25.2810688018799,3.41596460342407,3.5720546245575,0.317615
2004-03-11,25.5317420959473,3.93665456771851,3.65580058097839,0.478467
2004-03-12,25.2482357025147,4.9017653465271,3.04369854927063,0.66431
2004-03-13,24.8028869628906,9.06758499145508,2.40554809570313,0.505297
2004-03-14,24.9599437713623,16.4804210662842,2.97315859794617,0.491795
2004-03-15,25.2425479888916,9.5666618347168,3.49350166320801,0.876767
2004-03-16,25.4937515258789,5.56221389770508,2.57631278038025,0.384149
2004-03-17,26.655387878418,5.41244983673096,3.59938669204712,0.317615
2004-03-18,25.3530292510986,9.78804111480713,2.09329962730408,0.619044
2004-03-19,25.1932353973389,6.36231374740601,2.56180834770203,6.314859
2004-03-20,24.4458618164063,1.36686205863953,1.98506712913513,4.032552
2004-03-21,25.0706596374512,3.23556017875671,2.62506055831909,3.851448
2004-03-22,25.7458896636963,5.52632999420166,2.67649340629578,2.616539
2004-03-23,24.4296169281006,6.7578272819519,1.87944972515106,15.979072
2004-03-24,23.7238540649414,26.3339900970459,1.65389537811279,11.343011
2004-03-25,23.6412677764893,16.6368293762207,2.84719324111939,18.487771
2004-03-26,24.3632297515869,12.290472984314,2.94180345535278,13.111474
2004-03-27,24.4080486297607,1.90579319000244,2.82478833198547,2.340036
2004-03-28,24.985481262207,2.69040560722351,3.71403217315674,1.666097
2004-03-29,24.5433616638184,1.28569674491882,3.30890011787415,1.574961
2004-03-30,24.535493850708,0.810993492603302,3.74076461791992,0.894185
2004-03-31,25.0765762329102,2.11071062088013,3.37120676040649,0.575186
2004-04-01,24.7333469390869,3.56061625480652,2.41086435317993,0.350265
2004-04-02,25.1205921173096,3.71503663063049,3.4961986541748,0.286176
2004-04-03,24.8018665313721,2.61552333831787,3.06702303886414,0.227127
2004-04-04,24.9037132263184,2.13513422012329,3.55612182617188,0.160874
2004-04-05,25.5884323120117,2.36983036994934,3.52093648910522,0.14867
2004-04-06,24.8369255065918,1.41363608837128,2.92059397697449,0.12541
2004-04-07,25.1575031280518,2.37893342971802,3.37340641021729,0.12541
2004-04-08,25.5219745635986,2.39635992050171,3.18649840354919,0.114353
2004-04-09,25.165018081665,4.11758089065552,3.05827641487122,0.103686
2004-04-10,25.0924205780029,4.0300350189209,3.37242436408997,0.103686
2004-04-11,25.7688255310059,2.84985899925232,3.40235948562622,0.103686
2004-04-12,25.7008457183838,3.59239101409912,2.76712512969971,0.103686
2004-04-13,25.1632690429688,8.93821716308594,2.64055156707764,0.241386
2004-04-14,24.5575752258301,10.8054332733154,2.23041653633118,0.465289
2004-04-15,24.8564338684082,7.29593944549561,2.66831588745117,0.649055
2004-04-16,24.7676734924316,9.14173221588135,2.8688440322876,1.114972
2004-04-17,24.2388553619385,2.63763952255249,2.38312268257141,1.689249
2004-04-18,23.9735717773438,2.5644633769989,3.01455140113831,1.001874
2004-04-19,24.2623672485352,4.064528465271,3.21523404121399,0.649055
2004-04-20,23.9084758758545,1.25380885601044,2.1368236541748,0.367056
2004-04-21,24.2702598571777,0.726983428001404,2.99132871627808,0.255991
2004-04-22,24.3346271514893,4.09853029251099,2.53196549415588,0.227127
2004-04-23,24.561897277832,4.9149694442749,3.54321932792664,0.255991
2004-04-24,23.7241687774658,0.263944506645203,3.34466099739075,0.227127
2004-04-25,24.1502094268799,0.597036361694336,3.2118513584137,0.227127
2004-04-26,24.2269725799561,2.15498208999634,2.84170413017273,0.199583
2004-04-27,22.7200717926025,1.55408906936646,1.26358342170715,0.173423
2004-04-28,22.4560565948486,1.72153878211975,1.16287612915039,0.12541
2004-04-29,22.7732448577881,1.7234114408493,2.06010866165161,0.114353
2004-04-30,23.077278137207,0.380503445863724,2.60150694847107,0.114353
2004-05-01,23.1497764587402,0.538060963153839,2.110595703125,0.114353
2004-05-02,23.8698101043701,2.3323016166687,2.73004984855652,0.114353
2004-05-03,23.3066539764404,3.17522311210632,2.71254014968872,0.114353
2004-05-04,23.7244110107422,2.61938762664795,2.3255660533905,0.12541
2004-05-05,23.3795776367188,2.25140309333801,2.36891388893127,0.114353
2004-05-06,23.1377639770508,2.98560118675232,2.22422432899475,0.114353
2004-05-07,23.817684173584,1.84086096286774,2.49590015411377,0.114353
2004-05-08,23.7209091186523,0.603284358978272,3.32376933097839,0.114353
2004-05-09,23.2139797210693,0.212674558162689,3.37729740142822,0.103686
2004-05-10,23.5375194549561,0.23478376865387,2.91900730133057,0.103686
2004-05-11,24.1799621582031,0.856050133705139,2.2974648475647,0.083563
2004-05-12,22.667179107666,4.370934009552,0.666675209999085,0.083563
2004-05-13,22.9168167114258,0.646453559398651,2.33336281776428,0.083563
2004-05-14,24.4174213409424,1.0036244392395,2.70579624176025,0.083563
2004-05-15,24.7769470214844,1.37797009944916,2.78630352020264,0.083563
2004-05-16,24.755313873291,1.51278960704803,2.64078760147095,0.083563
2004-05-17,24.0470199584961,1.97325730323792,2.53757786750793,0.083563
2004-05-18,24.3406848907471,1.9682012796402,2.55843210220337,0.083563
2004-05-19,23.136848449707,6.34913778305054,1.43217790126801,0.083563
2004-05-20,23.2536277770996,7.68659543991089,2.27742195129395,0.103686
2004-05-21,23.3592720031738,5.73484134674072,2.14050102233887,0.103686
2004-05-22,22.3375644683838,3.51636338233948,0.868151128292084,0.12541
2004-05-23,21.8749923706055,5.08509111404419,1.08050417900085,0.12541
2004-05-24,22.6915912628174,6.98215103149414,1.20689618587494,0.12541
2004-05-25,23.0554828643799,7.69226932525635,2.05530548095703,0.401524
2004-05-26,23.3314094543457,2.80969524383545,2.42534613609314,0.491795
2004-05-27,23.6764945983887,0.230552613735199,2.88785290718079,0.419202
2004-05-28,23.7962837219238,2.69954347610474,1.72183585166931,0.286176
2004-05-29,22.8970775604248,11.430214881897,1.79370832443237,0.619044
2004-05-30,22.9334487915039,9.068284034729,1.48159635066986,0.711003
2004-05-31,22.914234161377,5.36612176895142,2.24155354499817,0.560883
2004-06-01,22.7420558929443,1.83048033714294,2.42703485488892,0.401524
2004-06-02,22.8692684173584,1.8853303194046,2.51085209846497,0.350265
2004-06-03,22.7204818725586,1.09904170036316,2.34180951118469,0.286176
2004-06-04,23.0285568237305,0.655069351196289,2.38962507247925,0.241386
2004-06-05,22.840051651001,0.348734498023987,2.89696264266968,0.173423
2004-06-06,23.0284938812256,2.57231497764587,2.23156929016113,0.14867
2004-06-07,22.8093891143799,2.54487943649292,1.36867594718933,0.12541
2004-06-08,21.7747097015381,2.10800242424011,1.55655097961426,0.12541
2004-06-09,22.4580326080322,3.29344153404236,2.24157905578613,0.12541
2004-06-10,21.8528518676758,3.90234780311584,2.09200191497803,0.114353
2004-06-11,22.413990020752,3.62001705169678,2.28513145446777,0.103686
2004-06-12,22.3424205780029,4.04262638092041,2.39838004112244,0.103686
2004-06-13,21.439380645752,1.41057670116425,2.33268737792969,0.103686
2004-06-14,21.5904674530029,4.00316619873047,1.51678609848022,0.103686
2004-06-15,21.0966758728027,7.61695623397827,1.25684010982513,0.160874
2004-06-16,21.7018432617188,5.61415004730225,2.04738235473633,0.241386
2004-06-17,21.8996276855469,3.7423734664917,2.01984143257141,0.270921
2004-06-18,22.044864654541,2.94312644004822,2.35152649879456,0.213171
2004-06-19,22.1753616333008,4.19310092926025,2.36517763137817,0.227127
2004-06-20,21.7499847412109,3.37906241416931,2.22652220726013,0.241386
2004-06-21,21.4874706268311,2.20957660675049,2.06210112571716,0.199583
2004-06-22,21.6164684295654,6.59260034561157,1.46227014064789,0.791949
2004-06-23,20.9394931793213,5.37582635879517,2.1985182762146,0.825421
2004-06-24,20.9489192962646,2.50562191009522,2.0111882686615,0.911754
2004-06-25,21.0566501617432,2.97284388542175,2.38230109214783,0.575186
2004-06-26,21.616268157959,2.18138718605042,1.95656538009644,0.439454
2004-06-27,21.6178913116455,2.88600087165833,1.70866107940674,0.350265
2004-06-28,21.3598537445068,3.20111441612244,2.57215023040772,0.286176
2004-06-29,21.8081130981445,0.847579836845398,2.34129118919373,0.286176
2004-06-30,21.7989330291748,2.51764225959778,1.77206861972809,0.255991
2004-07-01,21.45534324646,3.750164270401,1.93272852897644,0.286176
2004-07-02,21.965877532959,6.74886322021484,1.2380096912384,0.859479
2004-07-03,21.5970344543457,2.30655598640442,2.28094291687012,0.532755
2004-07-04,21.5446243286133,1.70569431781769,2.14380121231079,0.439454
2004-07-05,21.5211353302002,0.797257840633392,2.08389067649841,0.350265
2004-07-06,21.2680606842041,1.30690848827362,2.71703696250916,0.227127
2004-07-07,21.4130783081055,0.227601587772369,2.34064555168152,0.173423
2004-07-08,21.1815662384033,0.587289392948151,1.76726818084717,0.12541
2004-07-09,22.2295589447022,1.56971919536591,2.17569589614868,0.12541
2004-07-10,23.608907699585,0.701065599918366,2.53046894073486,0.12541
2004-07-11,24.0364303588867,0.394049346446991,2.54392719268799,0.12541
2004-07-12,21.2379131317139,8.35316467285156,0.868443846702576,0.317615
2004-07-13,22.2218685150147,9.93253803253174,2.17728185653687,0.633974
2004-07-14,21.8644943237305,6.64679956436157,2.33218169212341,0.491795
2004-07-15,21.5051822662354,3.63394236564636,1.94647943973541,0.825421
2004-07-16,21.6783046722412,4.30330562591553,2.31225109100342,0.775461
2004-07-17,21.3628196716309,2.40565347671509,2.11447596549988,0.726885
2004-07-18,21.3705368041992,5.21538972854614,2.44047999382019,0.679716
2004-07-19,21.18332862854,4.34990072250366,1.71396493911743,0.604266
2004-07-20,20.51003074646,6.79572629928589,1.22639322280884,0.726885
2004-07-21,19.6265316009521,1.86472284793854,1.93925094604492,0.842385
2004-07-22,18.8111801147461,1.91543912887573,2.23028159141541,0.759103
2004-07-23,17.2570934295654,0.881229043006897,2.10296607017517,0.532755
2004-07-24,18.4987640380859,0.505434691905975,2.78823161125183,0.317615
2004-07-25,18.2328987121582,0.112669318914413,2.02630853652954,0.255991
2004-07-26,18.2525844573975,0.376776874065399,1.88127911090851,0.199583
2004-07-27,19.4416389465332,0.187248811125755,2.45455932617188,0.186319
2004-07-28,19.5771102905273,0.358531415462494,2.86980557441711,0.173423
2004-07-29,19.6730499267578,0.267748177051544,2.34423017501831,0.160874
2004-07-30,19.9217185974121,0.300468593835831,1.42705357074738,0.14867
2004-07-31,20.8008937835693,1.08166694641113,2.10490608215332,0.14867
2004-08-01,21.22265625,1.36717510223389,2.09491515159607,0.14867
2004-08-02,20.9729061126709,0.481346637010574,2.80823302268982,0.14867
2004-08-03,21.1051731109619,0.521770298480988,2.70403909683228,0.14867
2004-08-04,21.1609516143799,0.592877686023712,2.75018668174744,0.14867
2004-08-05,19.9446239471436,0.90089076757431,1.48678708076477,0.12541
2004-08-06,21.2063827514648,0.968340635299683,1.99542355537415,0.12541
2004-08-07,21.2787685394287,0.4262855052948,2.68910264968872,0.103686
2004-08-08,21.8861789703369,0.304159760475159,3.31081056594849,0.103686
2004-08-09,21.1994304656982,1.01730477809906,2.71763205528259,0.103686
2004-08-10,19.6485157012939,1.41464161872864,2.07409715652466,0.103686
2004-08-11,19.4560680389404,0.16085384786129,3.67262291908264,0.103686
2004-08-12,18.4244136810303,0.210397019982338,2.7730028629303,0.09343
2004-08-13,18.8888072967529,0.403759270906448,2.66181969642639,0.083563
2004-08-14,18.8007564544678,0.245481505990028,2.25972414016724,0.083563
2004-08-15,19.21803855896,0.458126336336136,2.13212990760803,0.083563
2004-08-16,19.9658699035645,0.388250023126602,2.12624335289001,0.083563
2004-08-17,20.8434963226318,0.0875101536512375,3.1167938709259,0.074151
2004-08-18,20.7703609466553,0.350817531347275,2.66851210594177,0.074151
2004-08-19,21.8253898620605,0.424102872610092,2.72143912315369,0.074151
2004-08-20,22.0580139160156,1.89008092880249,2.76041674613953,0.074151
2004-08-21,21.5439949035645,2.2197322845459,2.84860467910767,0.06515
2004-08-22,21.822416305542,0.770861625671387,2.74904894828796,0.06515
2004-08-23,22.5467300415039,1.68147575855255,2.6104748249054,0.06515
2004-08-24,23.6132202148438,0.510365545749664,3.41808414459229,0.06515
2004-08-25,22.8818340301514,0.964678943157196,3.25060820579529,0.06515
2004-08-26,22.8466377258301,0.32842418551445,3.44770622253418,0.06515
2004-08-27,21.7705326080322,1.05923163890839,2.46449661254883,0.06515
2004-08-28,22.9598426818848,0.962681353092194,3.07868409156799,0.06515
2004-08-29,24.4330749511719,0.163326919078827,4.16924619674683,0.056603
2004-08-30,24.1348609924316,0.603340566158295,2.59003114700317,0.056603
2004-08-31,23.9463481903076,0.801490724086762,3.26521229743958,0.056603
2004-09-01,22.6055717468262,2.0376718044281,2.85652875900269,0.048533
2004-09-02,20.904670715332,0.129572540521622,2.87947654724121,0.048533
2004-09-03,21.2876567840576,0.257298648357391,3.79579901695251,0.048533
2004-09-04,21.5851860046387,0.605556786060333,4.22226858139038,0.0415
2004-09-05,22.0376529693604,0.984480381011963,2.97346210479736,0.0415
2004-09-06,22.0064506530762,0.486925303936005,3.29879093170166,0.0415
2004-09-07,21.1581764221191,0.06629379093647,3.54185795783997,0.0415
2004-09-08,20.3096046447754,0.42832425236702,2.76690983772278,0.0415
2004-09-09,21.4202556610107,1.05175316333771,3.13851857185364,0.0415
2004-09-10,21.9713249206543,1.78899836540222,2.88339352607727,0.0415
2004-09-11,22.3205966949463,0.799554884433746,3.45950889587402,0.036567
2004-09-12,21.8932514190674,0.647825598716736,3.04121208190918,0.036567
2004-09-13,22.0690879821777,3.54882335662842,2.73895406723022,0.034295
2004-09-14,22.2516307830811,3.286052942276,3.04027247428894,0.032153
2004-09-15,22.6090679168701,2.35085439682007,3.13979077339172,0.032153
2004-09-16,23.1399383544922,1.99889242649078,2.97271466255188,0.032153
2004-09-17,23.38791847229,0.455426752567291,4.32559967041016,0.026354
2004-09-18,23.5037593841553,0.687339901924133,3.68911838531494,0.024623
2004-09-19,22.5369205474854,2.94583415985107,3.07778120040894,0.024623
2004-09-20,22.8309020996094,0.72031444311142,3.36473441123962,0.021443
2004-09-21,23.6841697692871,1.06175827980042,3.73165011405945,0.021443
2004-09-22,22.7543106079102,3.07393980026245,3.20215773582459,0.021443
2004-09-23,23.789234161377,1.25284290313721,4.26633834838867,0.021443
2004-09-24,22.8027992248535,0.359152346849442,3.4232542514801,0.01863
2004-09-25,23.3278942108154,0.189009234309196,4.28641796112061,0.01863
2004-09-26,24.1444034576416,1.5318455696106,3.9363431930542,0.01863
2004-09-27,23.5634708404541,0.74985682964325,3.60912680625916,0.01863
2004-09-28,23.4408130645752,0.0187799725681543,4.27359342575073,0.01612
2004-09-29,23.6059970855713,0.0989461988210678,4.1084189414978,0.01612
2004-09-30,24.3150081634522,0.410551518201828,3.99415326118469,0.01612
2004-10-01,24.0461406707764,1.74294137954712,4.11510515213013,0.01863
2004-10-02,23.7718410491943,0.427294075489044,3.96426939964294,0.01863
2004-10-03,23.7911491394043,0.27776038646698,4.77998495101929,0.021443
2004-10-04,24.3347511291504,0.474209636449814,4.54083585739136,0.021443
2004-10-05,24.1012516021729,0.15981987118721,3.59900593757629,0.021443
2004-10-06,25.1222877502441,0.241851881146431,4.02676296234131,0.01612
2004-10-07,24.1775588989258,3.96680879592896,2.68560147285461,0.01612
2004-10-08,21.6982326507568,8.82652378082275,1.65488696098328,0.01612
2004-10-09,23.2711009979248,1.27708566188812,2.55415940284729,0.01612
2004-10-10,25.2156734466553,1.13040161132813,4.2137598991394,0.01612
2004-10-11,26.1985912322998,1.04643559455872,4.69377851486206,0.013891
2004-10-12,25.3418006896973,0.38831239938736,4.5921311378479,0.013891
2004-10-13,24.7731094360352,0.156654268503189,4.15816450119019,0.013891
2004-10-14,23.8846454620361,0.674149632453919,3.85349035263062,0.01612
2004-10-15,24.1682395935059,2.07616066932678,3.39102602005005,0.013891
2004-10-16,23.6185989379883,4.25933456420898,3.71159434318543,0.013891
2004-10-17,24.2917518615723,1.67188632488251,4.60329389572144,0.019993
2004-10-18,24.0692119598389,0.0961753129959106,5.38635587692261,0.021443
2004-10-19,25.4740219116211,0.270191699266434,4.64827680587769,0.01612
2004-10-20,26.3613605499268,0.24754373729229,4.2996301651001,0.012896
2004-10-21,23.5494232177734,6.21671485900879,2.38593935966492,0.012896
2004-10-22,22.6082496643066,9.52312660217285,1.50244665145874,0.012896
2004-10-23,22.9905471801758,2.4022479057312,2.47332143783569,0.013891
2004-10-24,23.5659923553467,2.29423403739929,3.24331545829773,0.013891
2004-10-25,24.7683734893799,1.49097347259521,3.97177958488464,0.013891
2004-10-26,25.4086093902588,1.69425368309021,3.86112475395203,0.012896
2004-10-27,26.1390781402588,1.64078867435455,3.99173474311829,0.013891
2004-10-28,25.9700908660889,1.64561343193054,4.35017347335815,0.013891
2004-10-29,24.5746440887451,6.20714569091797,3.38561010360718,0.017332
2004-10-30,24.5440692901611,9.54240989685059,3.39783644676209,0.017332
2004-10-31,24.6648349761963,2.0667359828949,4.255699634552,0.019993
2004-11-01,24.82470703125,0.489656358957291,3.65906190872192,0.019993
2004-11-02,24.6551303863525,0.438835054636002,4.05931520462036,0.021443
2004-11-03,23.665678024292,1.17843461036682,4.09007740020752,0.021443
2004-11-04,24.670955657959,1.96005618572235,4.20747852325439,0.022979
2004-11-05,25.6895713806152,0.737013101577759,4.48855972290039,0.021443
2004-11-06,26.1666202545166,0.34989595413208,4.72789335250855,0.021443
2004-11-07,26.1405010223389,0.841351211071014,4.36565446853638,0.026354
2004-11-08,25.6252250671387,1.52624905109406,4.15761852264404,0.021443
2004-11-09,24.6763687133789,1.55543541908264,4.33262252807617,0.021443
2004-11-10,24.6662616729736,2.0827317237854,4.38997316360474,0.017332
2004-11-11,24.6877479553223,1.21843147277832,3.74789261817932,0.013891
2004-11-12,26.8046092987061,1.58990216255188,4.73342561721802,0.012896
2004-11-13,27.7369441986084,0.477304726839066,5.75241804122925,0.011057
2004-11-14,27.3130187988281,0.515707671642304,5.09374332427979,0.010213
2004-11-15,24.0134239196777,9.60334300994873,2.12382674217224,0.010213
2004-11-16,23.1157264709473,13.3542938232422,1.58383595943451,0.013891
2004-11-17,25.1339893341065,6.38930368423462,3.60196900367737,0.01612
2004-11-18,26.504789352417,0.745654225349426,4.79321670532227,0.017332
2004-11-19,26.4909420013428,0.626651465892792,4.88734006881714,0.017332
2004-11-20,26.8488540649414,1.5817996263504,3.37649369239807,0.030098
2004-11-21,23.9004650115967,20.6877765655518,1.28251087665558,0.083563
2004-11-22,22.4272289276123,12.3902273178101,1.51596021652222,0.286176
2004-11-23,22.458948135376,7.3992190361023,1.27401483058929,0.604266
2004-11-24,22.472146987915,15.7891693115234,2.23538017272949,1.057742
2004-11-25,23.5903835296631,7.5385799407959,3.63066291809082,1.486118
2004-11-26,24.001823425293,3.80571150779724,3.64099812507629,0.825421
2004-11-27,25.0933494567871,2.16663384437561,4.17599487304688,0.505297
2004-11-28,25.4490299224854,1.18725657463074,4.31618452072144,0.367056
2004-11-29,26.2664947509766,0.835661828517914,4.15294170379639,0.255991
2004-11-30,26.3496952056885,2.90282011032105,3.09412002563477,0.173423
2004-12-01,26.054069519043,8.33432674407959,3.23594117164612,0.14867
2004-12-02,24.9990882873535,8.70775318145752,3.56319975852966,0.619044
2004-12-03,25.1379699707031,4.10480546951294,3.87160420417786,0.532755
2004-12-04,25.3090934753418,2.13190937042236,4.39945411682129,0.546732
2004-12-05,24.7289752960205,1.07845938205719,3.92486667633057,0.367056
2004-12-06,25.5685405731201,0.562282383441925,4.9707818031311,0.270921
2004-12-07,24.8469944000244,0.535251140594482,5.11142921447754,0.173423
2004-12-08,26.0440578460693,1.6639301776886,4.10580968856812,0.14867
2004-12-09,26.7676162719727,1.82617151737213,5.07233905792236,0.12541
2004-12-10,26.6915187835693,1.49932336807251,4.82894992828369,0.103686
2004-12-11,26.6567554473877,0.489771217107773,3.73716449737549,0.083563
2004-12-12,26.2006435394287,6.7299394607544,2.78997039794922,0.06515
2004-12-13,26.3408279418945,7.20485973358154,3.07597494125366,0.06515
2004-12-14,25.2787742614746,5.87534475326538,3.7463161945343,0.048533
2004-12-15,24.9825553894043,8.0252571105957,3.64225959777832,0.048533
2004-12-16,24.4696826934814,2.4245023727417,4.05424547195435,0.048533
2004-12-17,24.4263687133789,2.35592579841614,5.26975917816162,0.044162
2004-12-18,24.9041042327881,0.0171153973788023,4.93821716308594,0.044162
2004-12-19,26.3745403289795,1.21482133865356,4.42360305786133,0.0415
2004-12-20,26.1145687103272,1.21937727928162,4.39951944351196,0.0415
2004-12-21,26.9228954315186,0.0641766265034676,4.85001611709595,0.036567
2004-12-22,25.7125434875488,0.289742588996887,3.47399306297302,0.026354
2004-12-23,26.0594844818115,1.33361101150513,5.0773401260376,0.021443
2004-12-24,24.8423500061035,0.142812460660934,4.41125631332397,0.021443
2004-12-25,26.2316188812256,0.44109457731247,4.75255727767944,0.01612
2004-12-26,25.8098220825195,1.14843916893005,4.35708856582642,0.013891
2004-12-27,25.9794940948486,0.45467284321785,4.88555383682251,0.011944
2004-12-28,25.5787124633789,0.0506526455283165,5.53739929199219,0.010213
2004-12-29,26.0870170593262,0.447782635688782,4.26552963256836,0.010213
2004-12-30,26.3129558563232,0.684328138828278,4.52309274673462,0.010213
2004-12-31,26.7333183288574,0.922434687614441,3.97189331054688,0.010213
2005-01-01,26.5795001983643,1.97573816776276,4.23687982559204,0.010213
2005-01-02,25.9470767974854,3.14358115196228,3.85782122612,0.010213
2005-01-03,25.0122413635254,2.30387187004089,2.10205960273743,0.010213
2005-01-04,25.2555446624756,2.08762407302856,3.71927452087402,0.008698
2005-01-05,25.7829055786133,2.21443843841553,4.36780691146851,0.007378
2005-01-06,25.5310382843018,2.31080627441406,4.00800037384033,0.006232
2005-01-07,25.9761943817139,2.9531614780426,4.07091522216797,0.004803
2005-01-08,25.8842144012451,1.70243084430695,3.55478572845459,0.004392
2005-01-09,26.7814273834229,1.21968340873718,4.55179595947266,0.003311
2005-01-10,27.3797283172607,0.872590959072113,4.71475553512573,0.002726
2005-01-11,27.6689414978027,0.314840942621231,5.0823540687561,0.001818
2005-01-12,27.282865524292,0.869037568569183,4.73768377304077,0.000822
2005-01-13,27.482271194458,3.08410048484802,3.77597379684448,0.001818
2005-01-14,25.72265625,11.3387403488159,2.85879802703857,0.010213
2005-01-15,25.7080955505371,4.61327075958252,3.30992102622986,0.136856
2005-01-16,26.3039398193359,6.32403135299683,3.80572986602783,1.001874
2005-01-17,26.4705543518066,3.6243908405304,4.56529378890991,0.333799
2005-01-18,26.6614322662354,0.759843707084656,4.28858613967896,0.103686
2005-01-19,26.2982788085938,1.01872646808624,4.19847106933594,0.056603
2005-01-20,26.6557140350342,0.911546230316162,4.37339210510254,0.032153
2005-01-21,27.519136428833,1.79657530784607,4.73205232620239,0.01863
2005-01-22,27.5995826721191,1.86886322498322,4.07738637924194,0.010213
2005-01-23,27.5958366394043,0.537094295024872,4.76021862030029,0.005236
2005-01-24,27.72926902771,0.612798035144806,4.82000970840454,0.003311
2005-01-25,28.2956027984619,0.685613036155701,4.90723943710327,0.001818
2005-01-26,28.8506450653076,0.573203563690186,5.78957557678223,0.00132
2005-01-27,28.3749237060547,1.77355027198792,4.1883749961853,0.002012
2005-01-28,25.9925537109375,10.3544569015503,2.53500032424927,0.002012
2005-01-29,25.2199096679688,12.1655044555664,1.82472825050354,0.005236
2005-01-30,24.8587226867676,12.3965454101563,2.28055715560913,0.024623
2005-01-31,25.8309955596924,4.14400291442871,4.31958627700806,0.439454
2005-02-01,26.5091857910156,2.07396173477173,3.87826442718506,0.286176
2005-02-02,26.8403434753418,1.9975301027298,4.26019382476807,0.255991
2005-02-03,25.6130275726318,1.61613416671753,3.60020327568054,0.199583
2005-02-04,26.2265892028809,3.62964916229248,4.13174724578857,0.12541
2005-02-05,26.3438720703125,2.14072608947754,4.3059196472168,0.074151
2005-02-06,27.4614715576172,1.79456329345703,4.7184157371521,0.044162
2005-02-07,25.8871040344238,2.21114635467529,4.36536264419556,0.036567
2005-02-08,24.9936904907227,0.782188475131989,3.79123735427856,0.028172
2005-02-09,24.8824119567871,0.375825166702271,3.73127770423889,0.021443
2005-02-10,25.603609085083,0.763344287872315,4.00595283508301,0.014973
2005-02-11,25.6655368804932,0.606824398040772,4.17669296264648,0.009434
2005-02-12,27.3924217224121,3.00719952583313,3.82258796691895,0.006232
2005-02-13,25.5099639892578,14.7109355926514,1.94684171676636,0.007378
2005-02-14,24.9458332061768,16.2994518280029,2.40791702270508,0.12541
2005-02-15,25.5391292572022,13.923752784729,2.4900758266449,0.173423
2005-02-16,26.2132663726807,18.2116050720215,2.63669610023499,3.570703
2005-02-17,25.8988971710205,15.0290107727051,2.83175277709961,19.898591
2005-02-18,26.5218486785889,1.60061228275299,4.15789842605591,4.143335
2005-02-19,26.2665691375732,0.635078430175781,4.50683641433716,1.294627
2005-02-20,26.4225769042969,2.6097412109375,3.76929569244385,0.575186
2005-02-21,25.2380065917969,27.2813205718994,2.32678365707397,17.4455
2005-02-22,25.3791236877441,10.4805908203125,4.0049319267273,10.298187
2005-02-23,25.9827690124512,6.13356018066406,3.54175043106079,1.508123
2005-02-24,26.9425163269043,5.29946613311768,3.72801470756531,0.808609
2005-02-25,26.6235866546631,5.19377088546753,4.49997282028198,0.491795
2005-02-26,27.4748687744141,1.61960411071777,4.68299102783203,0.317615
2005-02-27,27.2896480560303,0.417928248643875,4.38776969909668,0.213171
2005-02-28,27.3711929321289,0.376591622829437,4.15814638137817,0.160874
2005-03-01,27.1857967376709,0.0758825093507767,4.93013763427734,0.12541
2005-03-02,27.1013622283936,0.385121375322342,4.3893928527832,0.103686
2005-03-03,26.436918258667,3.85307288169861,4.07824993133545,0.06515
2005-03-04,26.3618011474609,1.39107131958008,4.20436525344849,0.06515
2005-03-05,25.6295871734619,0.828329682350159,3.81893706321716,0.048533
2005-03-06,26.9251899719238,2.70954060554504,3.96476769447327,0.034295
2005-03-07,26.4055919647217,4.7686014175415,3.94318103790283,0.024623
2005-03-08,26.1937389373779,1.94347906112671,3.66766452789307,0.021443
2005-03-09,26.8259811401367,2.13455939292908,3.95173788070679,0.01863
2005-03-10,27.1868724822998,2.05760550498962,4.51263999938965,0.01863
2005-03-11,27.2140693664551,0.604039490222931,4.74446821212769,0.01612
2005-03-12,26.9618282318115,1.02386999130249,3.84623432159424,0.01612
2005-03-13,27.3618679046631,3.32475256919861,3.45299744606018,0.024623
2005-03-14,26.9042167663574,5.34374809265137,4.14320087432861,0.026354
2005-03-15,26.832462310791,0.903496444225311,3.5080509185791,0.021443
2005-03-16,26.3596420288086,1.90018975734711,3.96759152412415,0.021443
2005-03-17,26.6282997131348,2.57659721374512,3.65244841575623,0.01863
2005-03-18,26.9086742401123,0.952418684959412,4.29229497909546,0.048533
2005-03-19,27.4929447174072,0.815521597862244,4.5008020401001,0.0415
2005-03-20,27.6316795349121,0.683273077011108,4.20163345336914,0.032153
2005-03-21,26.9138450622559,0.946316361427307,3.47308444976807,0.028172
2005-03-22,26.717321395874,1.80530250072479,3.77731871604919,0.021443
2005-03-23,26.5255832672119,2.09804248809814,3.45951867103577,0.017332
2005-03-24,26.7969341278076,4.22570323944092,4.09573173522949,0.024623
2005-03-25,26.9081249237061,1.51954817771912,3.92886066436768,0.028172
2005-03-26,26.5183162689209,3.23884797096252,3.12681174278259,0.032153
2005-03-27,24.9335498809814,9.66780471801758,2.44949913024902,0.036567
2005-03-28,24.9174671173096,12.8292675018311,2.95884823799133,0.048533
2005-03-29,24.5942726135254,13.8671073913574,2.71907019615173,0.255991
2005-03-30,25.2021617889404,5.61639785766602,3.50771427154541,0.227127
2005-03-31,25.6942081451416,2.9007613658905,3.21273946762085,0.213171
2005-04-01,25.2372665405273,3.43565726280212,2.89253091812134,0.491795
2005-04-02,26.0604610443115,2.81274008750916,3.80213737487793,0.199583
2005-04-03,25.3985824584961,1.79484236240387,3.38879990577698,0.12541
2005-04-04,25.7431526184082,2.25917935371399,3.15901517868042,0.056603
2005-04-05,26.2809982299805,2.73972749710083,3.78093600273132,0.038969
2005-04-06,25.7704372406006,2.16345000267029,2.72001242637634,0.12541
2005-04-07,25.7124252319336,4.19359827041626,3.27642345428467,1.233415
2005-04-08,25.1833190917969,1.39689719676971,3.79328441619873,0.66431
2005-04-09,25.1243419647217,2.31153512001038,2.95402836799622,0.301733
2005-04-10,25.3382301330566,3.6154305934906,2.92285442352295,0.255991
2005-04-11,25.1200523376465,3.57925271987915,1.50539803504944,0.186319
2005-04-12,25.3065071105957,3.33282566070557,3.35968089103699,0.09343
2005-04-13,24.9374465942383,3.24121832847595,3.29148840904236,0.136856
2005-04-14,24.8335552215576,3.29149770736694,3.11337995529175,0.173423
2005-04-15,25.1353282928467,2.04423308372498,3.3987991809845,0.350265
2005-04-16,25.1446647644043,1.8055065870285,3.23505640029907,0.401524
2005-04-17,25.366397857666,2.16043710708618,2.96495056152344,0.286176
2005-04-18,25.2771492004395,2.92722582817078,2.15320444107056,0.286176
2005-04-19,24.8502635955811,2.09802794456482,2.84813952445984,0.227127
2005-04-20,25.381534576416,1.04800605773926,3.21949768066406,0.199583
2005-04-21,24.7616710662842,2.17641258239746,2.80689835548401,0.14867
2005-04-22,25.3514289855957,0.70500373840332,3.27339315414429,0.12541
2005-04-23,25.0577201843262,1.03302323818207,3.30757689476013,0.103686
2005-04-24,25.5516033172607,1.67943167686462,3.39955449104309,0.103686
2005-04-25,25.5038890838623,2.40292739868164,3.26755309104919,0.103686
2005-04-26,26.2836647033691,0.575947105884552,3.59472560882568,0.06515
2005-04-27,24.9238147735596,2.44655704498291,2.50796175003052,0.048533
2005-04-28,23.8432178497314,2.02955341339111,1.38139176368713,0.048533
2005-04-29,24.5999221801758,9.66645431518555,1.53534948825836,0.439454
2005-04-30,25.2183151245117,11.0717687606812,2.59133672714233,1.193343
2005-05-01,23.7440605163574,12.8027896881104,1.47065734863281,0.575186
2005-05-02,23.0946464538574,11.0300960540771,1.85642397403717,0.452285
2005-05-03,22.0899505615234,1.7993346452713,3.38807368278503,0.350265
2005-05-04,21.3911075592041,0.38115456700325,2.49684953689575,0.241386
2005-05-05,22.4186096191406,0.669307231903076,3.22267842292786,0.173423
2005-05-06,22.3100299835205,0.573328852653503,2.49234056472778,0.12541
2005-05-07,23.0666522979736,1.08476424217224,2.0580940246582,0.103686
2005-05-08,23.5689258575439,0.703037679195404,2.77451539039612,0.083563
2005-05-09,24.2774677276611,19.7879753112793,2.43609738349915,0.06515
2005-05-10,24.662109375,2.7818558216095,2.89875769615173,0.06515
2005-05-11,24.1660537719727,1.31231343746185,2.05673766136169,0.048533
2005-05-12,24.2517642974854,0.850900530815125,3.12267303466797,0.048533
2005-05-13,24.6867713928223,1.15328550338745,2.74393367767334,0.0415
2005-05-14,24.2353496551514,2.14000415802002,2.61103773117065,0.036567
2005-05-15,23.7193126678467,2.97161388397217,1.84576773643494,0.044162
2005-05-16,23.3421173095703,1.92842197418213,2.15704035758972,0.06515
2005-05-17,24.0441417694092,2.73838567733765,2.36950182914734,0.213171
2005-05-18,23.7639770507813,2.78326535224915,2.76949596405029,0.227127
2005-05-19,23.408109664917,1.15371739864349,2.34272336959839,0.14867
2005-05-20,24.1843814849854,0.507764220237732,3.3226215839386,0.103686
2005-05-21,23.7700099945068,0.205411836504936,3.26242232322693,0.06515
2005-05-22,25.6168022155762,0.158910527825356,3.16692566871643,0.048533
2005-05-23,26.1903553009033,0.096110500395298,3.38286209106445,0.034295
2005-05-24,25.318868637085,0.822127759456635,2.32525062561035,0.575186
2005-05-25,26.1538696289063,0.642249405384064,3.06528449058533,0.465289
2005-05-26,26.5588932037354,0.184067651629448,3.12142014503479,0.241386
2005-05-27,23.2873001098633,11.7874488830566,0.695343017578125,2.181542
2005-05-28,21.9839553833008,5.83995389938355,0.887192487716675,2.260172
2005-05-29,22.7893123626709,6.02803707122803,1.58387005329132,1.464264
2005-05-30,23.8215370178223,7.28384590148926,2.19418358802795,0.759103
2005-05-31,23.2431221008301,5.08390474319458,2.02967882156372,0.491795
2005-06-01,23.9870510101318,5.66409730911255,3.08298182487488,2.078613
2005-06-02,23.3803424835205,3.16622924804688,2.43550443649292,1.530258
2005-06-03,22.915828704834,3.83605146408081,1.6407573223114,1.076674
2005-06-04,23.0935764312744,6.80121946334839,2.22983431816101,0.808609
2005-06-05,22.1036415100098,3.18981027603149,2.13486766815186,0.695294
2005-06-06,22.4955654144287,4.73755884170532,2.43062686920166,1.357159
2005-06-07,22.7378768920898,4.13995552062988,2.47594690322876,1.134338
2005-06-08,22.3782348632813,3.18600201606751,2.02870440483093,2.207615
2005-06-09,21.4680442810059,2.78918433189392,2.33610415458679,2.155599
2005-06-10,21.4683609008789,2.52616596221924,2.28143620491028,1.274072
2005-06-11,22.298267364502,3.22580456733704,1.8600914478302,2.475897
2005-06-12,21.8599948883057,2.20441460609436,2.56676936149597,2.002883
2005-06-13,21.7675952911377,3.9984233379364,2.12819790840149,1.114972
2005-06-14,22.9277153015137,5.26316165924072,2.00478744506836,1.193343
2005-06-15,22.7171249389648,3.73556661605835,1.9035462141037,0.842385
2005-06-16,22.8609104156494,3.77193069458008,2.28755331039429,1.095758
2005-06-17,21.2539310455322,0.408708542585373,2.43886566162109,0.742918
2005-06-18,22.6872825622559,0.465594440698624,2.90834927558899,0.546732
2005-06-19,23.6928997039795,0.0862134695053101,2.69193696975708,0.317615
2005-06-20,23.9408130645752,0.0506044328212738,2.58644914627075,0.199583
2005-06-21,24.5944633483887,0.104756258428097,2.63558506965637,0.103686
2005-06-22,22.7366752624512,2.89592742919922,1.65678668022156,0.12541
2005-06-23,21.9015331268311,1.5825754404068,2.27163076400757,0.12541
2005-06-24,22.1357746124268,0.167798027396202,2.51906847953796,0.12541
2005-06-25,22.1852798461914,0.102202191948891,1.80491089820862,0.12541
2005-06-26,22.1576671600342,0.93238490819931,1.05092632770538,0.12541
2005-06-27,22.8773326873779,1.9644730091095,1.8764888048172,0.12541
2005-06-28,22.7972793579102,4.61575412750244,2.00725317001343,0.114353
2005-06-29,21.8270359039307,1.66428983211517,2.10439515113831,0.114353
2005-06-30,21.3847351074219,3.60479307174683,2.08870196342468,0.114353
2005-07-01,21.0902614593506,0.735334634780884,2.537522315979,0.103686
2005-07-02,20.8894958496094,0.561569750308991,2.24061059951782,0.103686
2005-07-03,22.0084342956543,0.584056913852692,2.17578840255737,0.103686
2005-07-04,21.7060108184814,0.567891657352448,2.35652375221252,0.103686
2005-07-05,21.8758449554443,0.714186370372772,2.34858012199402,0.083563
2005-07-06,22.5116653442383,0.48204243183136,2.4142336845398,0.083563
2005-07-07,22.109354019165,1.0161440372467,2.36216259002686,0.083563
2005-07-08,20.6400680541992,0.357788980007172,1.80657804012299,0.06515
2005-07-09,19.5421657562256,0.296446233987808,2.54873490333557,0.06515
2005-07-10,20.5019302368164,0.233614265918732,2.50216913223267,0.048533
2005-07-11,21.2169342041016,1.39376127719879,2.20928192138672,0.048533
2005-07-12,20.0265064239502,5.12359476089478,1.03673815727234,0.048533
2005-07-13,20.3716831207275,1.55215656757355,2.28489065170288,0.044162
2005-07-14,19.8553009033203,0.71363240480423,2.52917909622192,0.0415
2005-07-15,20.4104404449463,1.52833712100983,1.88973712921143,0.0415
2005-07-16,19.6550006866455,1.34014558792114,1.75582504272461,0.038969
2005-07-17,20.881175994873,0.263955801725388,3.03618860244751,0.038969
2005-07-18,21.2902374267578,0.0368556529283524,3.29126167297363,0.038969
2005-07-19,21.8674545288086,0.258312463760376,3.26096272468567,0.038969
2005-07-20,20.8110332489014,6.93993473052979,0.719934701919556,0.044162
2005-07-21,21.6911582946777,17.3505744934082,1.76924979686737,0.048533
2005-07-22,21.4449348449707,5.57648324966431,2.34837341308594,0.048533
2005-07-23,21.6667366027832,3.64017724990845,2.46436285972595,0.083563
2005-07-24,21.7329082489014,4.43154764175415,2.4444043636322,0.103686
2005-07-25,21.7217388153076,2.60371971130371,2.43682312965393,0.103686
2005-07-26,21.51100730896,0.60517030954361,2.78063297271729,0.103686
2005-07-27,21.3324699401855,2.15094757080078,2.36977362632751,0.114353
2005-07-28,21.2925758361816,1.90648901462555,2.01770281791687,0.12541
2005-07-29,21.8187084197998,2.79216051101685,1.78244209289551,0.12541
2005-07-30,21.1661777496338,3.8501513004303,2.31393814086914,0.12541
2005-07-31,20.2494106292725,1.27894759178162,2.68532013893127,0.114353
2005-08-01,20.5394916534424,5.1192831993103,1.55350863933563,0.114353
2005-08-02,21.6294288635254,5.85915946960449,2.81620001792908,0.114353
2005-08-03,20.946870803833,3.29349112510681,2.23057413101196,0.114353
2005-08-04,20.6384716033936,5.17325878143311,1.9852728843689,0.12541
2005-08-05,20.3821144104004,3.35834527015686,2.44822478294373,0.12541
2005-08-06,21.9078197479248,4.13395643234253,3.05414772033691,0.12541
2005-08-07,21.6953105926514,0.62110310792923,2.65268635749817,0.12541
2005-08-08,20.3027400970459,1.99015009403229,2.32819104194641,0.14867
2005-08-09,21.0473442077637,3.28019785881043,2.38524222373962,0.199583
2005-08-10,21.7046070098877,3.05660963058472,2.35537958145142,0.199583
2005-08-11,22.3088054656982,1.73479688167572,2.748615026474,0.227127
2005-08-12,22.5334873199463,1.16965651512146,2.62930154800415,0.227127
2005-08-13,22.7149963378906,1.52627730369568,2.74554562568665,0.173423
2005-08-14,22.3243522644043,2.3843355178833,2.86523795127869,0.14867
2005-08-15,20.683572769165,1.57424485683441,1.62521421909332,0.136856
2005-08-16,22.8392562866211,4.74023628234863,2.88743901252747,0.136856
2005-08-17,22.0723648071289,3.58321404457092,2.52183389663696,0.14867
2005-08-18,22.1926345825195,7.01086282730103,2.57703685760498,0.14867
2005-08-19,22.2520599365234,2.9688937664032,2.72209620475769,0.14867
2005-08-20,21.1147594451904,2.02580738067627,2.07814502716064,0.173423
2005-08-21,21.4291706085205,2.52214932441711,2.75160527229309,0.186319
2005-08-22,21.3356018066406,2.4020516872406,2.53272366523743,0.199583
2005-08-23,20.8038501739502,2.36928701400757,1.77406394481659,0.173423
2005-08-24,22.5225276947022,3.86928749084473,3.14303922653198,0.173423
2005-08-25,21.9423656463623,0.642268776893616,3.6738965511322,0.173423
2005-08-26,19.9730587005615,0.683378279209137,2.43369913101196,0.14867
2005-08-27,21.5471038818359,2.08419728279114,2.58260703086853,0.14867
2005-08-28,22.0671501159668,3.40838932991028,2.69940042495728,0.14867
2005-08-29,21.4538631439209,1.74846804141998,2.83777976036072,0.14867
2005-08-30,24.5297908782959,2.81406044960022,2.88641095161438,0.136856
2005-08-31,23.2430171966553,2.12064123153687,2.94282054901123,0.12541
2005-09-01,23.0010795593262,2.58633804321289,3.00201988220215,0.12541
2005-09-02,23.5414733886719,1.00237143039703,3.50131678581238,0.12541
2005-09-03,23.1688041687012,1.88611435890198,3.13067770004272,0.12541
2005-09-04,22.4998455047607,1.82917356491089,2.88048887252808,0.12541
2005-09-05,22.3574104309082,1.67102766036987,2.87887954711914,0.12541
2005-09-06,23.8128967285156,0.676631450653076,3.86835169792175,0.12541
2005-09-07,23.7314033508301,0.273440331220627,3.7306547164917,0.12541
2005-09-08,23.3483581542969,1.27664995193481,2.75517416000366,0.14867
2005-09-09,22.8592376708984,1.08732163906097,3.55808186531067,0.173423
2005-09-10,22.0414123535156,5.74389457702637,2.01300406455994,0.186319
2005-09-11,22.0264453887939,2.81685757637024,2.13832020759583,0.255991
2005-09-12,22.9463443756104,6.51075506210327,2.78411102294922,0.270921
2005-09-13,22.8270492553711,1.74459505081177,2.73442101478577,0.255991
2005-09-14,22.0880565643311,0.540944039821625,3.90003752708435,0.173423
2005-09-15,22.2702465057373,0.539367735385895,3.01882743835449,0.136856
2005-09-16,21.7275276184082,0.309293568134308,2.51837515830994,0.103686
2005-09-17,22.9590797424316,0.327624529600143,3.04683947563171,0.103686
2005-09-18,22.4580421447754,0.495836943387985,2.83216214179993,0.074151
2005-09-19,23.4668712615967,2.93994975090027,2.40820169448853,0.06515
2005-09-20,24.9100074768066,0.604509353637695,3.65014123916626,0.06515
2005-09-21,25.6804504394531,1.47015023231506,4.24764537811279,0.048533
2005-09-22,23.9542999267578,2.47081470489502,1.94953691959381,0.048533
2005-09-23,23.9415378570557,1.89526760578156,2.64712595939636,0.048533
2005-09-24,23.9651145935059,1.79811370372772,3.52179956436157,0.048533
2005-09-25,24.5772304534912,3.54365944862366,3.48862051963806,0.0415
2005-09-26,25.5992641448975,2.23218870162964,4.3285436630249,0.0415
2005-09-27,24.7342414855957,1.68913435935974,3.36125159263611,0.0415
2005-09-28,23.5113010406494,6.77175855636597,3.23317289352417,0.0415
2005-09-29,22.4040203094482,6.16957139968872,2.38734269142151,0.0415
2005-09-30,22.4052314758301,11.8995809555054,1.22100126743317,0.048533
2005-10-01,23.0165996551514,4.05400705337524,3.17354273796082,0.048533
2005-10-02,23.2677326202393,2.75882005691528,3.48591661453247,0.048533
2005-10-03,22.3482398986816,0.452115893363953,4.02400350570679,0.048533
2005-10-04,23.0408935546875,1.8061386346817,2.48583841323853,0.048533
2005-10-05,25.0908756256104,2.81220483779907,4.35581970214844,0.103686
2005-10-06,25.2157897949219,1.72371768951416,3.71968650817871,0.083563
2005-10-07,25.227632522583,1.63358175754547,4.1815128326416,0.048533
2005-10-08,23.2323379516602,1.80973613262177,3.49335527420044,0.048533
2005-10-09,23.7004947662354,3.47343993186951,4.16799306869507,0.048533
2005-10-10,22.5091667175293,0.974159717559814,2.9671733379364,0.048533
2005-10-11,23.7065696716309,2.49050045013428,3.8103301525116,0.044162
2005-10-12,24.0348377227783,2.51619720458984,4.01326751708984,0.044162
2005-10-13,24.0891532897949,4.60272979736328,4.12249326705933,0.0415
2005-10-14,25.1084785461426,0.226761266589165,4.60633087158203,0.0415
2005-10-15,25.2829093933106,0.0303257871419191,4.63773775100708,0.036567
2005-10-16,23.7056999206543,0.303851872682571,3.99037647247314,0.026354
2005-10-17,23.7874755859375,0.514155268669128,3.62611126899719,0.024623
2005-10-18,25.3330364227295,0.46647521853447,5.12827634811401,0.021443
2005-10-19,24.6856994628906,0.631128132343292,4.16750955581665,0.01863
2005-10-20,24.5808334350586,0.763396441936493,4.48934316635132,0.014973
2005-10-21,23.313138961792,1.24466168880463,4.18353891372681,0.014973
2005-10-22,24.0214653015137,2.10501265525818,3.8602569103241,0.014973
2005-10-23,25.4589195251465,0.916502237319946,4.5288987159729,0.014973
2005-10-24,25.1105098724365,0.200481474399567,5.0809006690979,0.014973
2005-10-25,24.7077140808106,0.759352207183838,4.57504224777222,0.014973
2005-10-26,24.538724899292,0.404504179954529,4.29658365249634,0.013891
2005-10-27,25.8001518249512,0.374849140644074,4.4446177482605,0.013891
2005-10-28,25.662899017334,0.190172076225281,4.09994506835938,0.011944
2005-10-29,27.4432525634766,0.555023849010468,5.36703968048096,0.010213
2005-10-30,26.6354465484619,0.888823330402374,3.59528398513794,0.008027
2005-10-31,26.0951099395752,1.21712744235992,3.36761522293091,0.005236
2005-11-01,26.2522525787354,0.6427081823349,3.98900032043457,0.004803
2005-11-02,26.2767677307129,0.916480839252472,5.17238092422485,0.004803
2005-11-03,25.1280651092529,0.513622760772705,4.95128488540649,0.004803
2005-11-04,25.824125289917,0.452780961990356,4.90486478805542,0.004803
2005-11-05,24.2250328063965,0.922734260559082,3.70340776443481,0.004392
2005-11-06,25.7936973571777,0.675169944763184,5.3778190612793,0.004392
2005-11-07,24.5916919708252,0.207174763083458,3.98706841468811,0.004392
2005-11-08,24.0041236877441,0.831509947776794,3.96514201164246,0.004003
2005-11-09,24.7797260284424,0.733992576599121,3.93589782714844,0.003311
2005-11-10,24.7848949432373,1.03251492977142,3.37456679344177,0.002726
2005-11-11,23.4226684570313,3.22261643409729,1.7393251657486,0.002012
2005-11-12,22.3619422912598,7.80136394500732,1.6654372215271,0.004392
2005-11-13,21.7331924438477,16.6554317474365,0.850930392742157,0.007378
2005-11-14,22.7015914916992,10.2765769958496,1.61296486854553,0.010213
2005-11-15,23.5636463165283,8.70882892608643,2.82896566390991,0.06515
2005-11-16,23.3670482635498,23.4511833190918,2.39491248130798,0.103686
2005-11-17,25.1983375549316,7.12245845794678,4.19573545455933,0.12541
2005-11-18,24.7215976715088,0.530492067337036,4.18509340286255,0.103686
2005-11-19,24.6976470947266,0.441496074199677,4.42844533920288,0.056603
2005-11-20,25.2036151885986,0.0294955559074879,5.27429103851318,0.0415
2005-11-21,25.520393371582,0.429618954658508,4.99906587600708,0.036567
2005-11-22,24.9338264465332,3.29731726646423,2.72295641899109,0.036567
2005-11-23,24.0586071014404,2.92163252830505,1.5943329334259,0.028172
2005-11-24,23.0458564758301,15.2069253921509,1.00811982154846,0.032153
2005-11-25,23.2900333404541,23.1912384033203,1.89251828193665,0.0415
2005-11-26,24.0788497924805,14.1657991409302,2.7761812210083,0.0415
2005-11-27,23.5366516113281,12.1312198638916,0.966854751110077,0.044162
2005-11-28,22.3447074890137,31.3718357086182,0.754699647426605,0.66431
2005-11-29,24.4631462097168,16.0271339416504,2.89705061912537,2.645858
2005-11-30,24.7036266326904,3.79907178878784,3.4098687171936,3.268148
2005-12-01,25.3752956390381,2.70556879043579,4.37631511688232,2.078613
2005-12-02,26.2976341247559,0.163316786289215,4.57810878753662,1.076674
2005-12-03,25.3774166107178,2.81302857398987,3.8346734046936,0.619044
2005-12-04,23.1374320983887,20.9537734985352,2.34032392501831,2.078613
2005-12-05,22.89453125,0.363055199384689,3.49964308738709,3.010967
2005-12-06,24.165506362915,0.37163782119751,3.91709280014038,0.759103
2005-12-07,25.9497814178467,2.57146835327148,3.76222610473633,0.575186
2005-12-08,25.902515411377,17.3574714660645,2.50095391273499,2.207615
2005-12-09,24.5740642547607,8.93036079406738,3.16447710990906,14.365164
2005-12-10,25.6010284423828,1.5037716627121,4.83614873886108,9.192864
2005-12-11,25.5827560424805,1.52717769145966,4.45035076141357,2.104145
2005-12-12,24.7530956268311,1.21589958667755,3.88877820968628,1.076674
2005-12-13,24.8394756317139,3.02112174034119,3.93906950950623,0.726885
2005-12-14,24.9218521118164,5.07029056549072,3.42369103431702,0.604266
2005-12-15,24.8171100616455,0.966507494449615,3.35738635063171,0.491795
2005-12-16,25.725399017334,2.51511216163635,4.18667697906494,0.270921
2005-12-17,26.0859661102295,2.41320824623108,4.41774749755859,0.199583
2005-12-18,25.2540073394775,0.293897777795792,4.37193536758423,0.12541
2005-12-19,25.6565914154053,0.182874783873558,4.66995477676392,0.12541
2005-12-20,25.6123237609863,0.774924278259277,4.23191070556641,0.103686
2005-12-21,24.9192581176758,0.415713936090469,4.37123155593872,0.083563
2005-12-22,24.3593692779541,0.618736684322357,4.31466102600098,0.06515
2005-12-23,24.4732761383057,2.45177054405212,3.6089038848877,0.06515
2005-12-24,24.4387073516846,2.39808917045593,4.02605581283569,0.06515
2005-12-25,24.3515281677246,1.1351455450058,4.16147804260254,0.048533
2005-12-26,24.9890117645264,1.8115062713623,4.36067152023315,0.048533
2005-12-27,24.4977893829346,2.1432957649231,3.61066818237305,0.048533
2005-12-28,23.5227699279785,4.50508499145508,2.97601270675659,0.048533
2005-12-29,23.7759170532227,4.02666330337524,2.76651811599731,0.048533
2005-12-30,24.3033599853516,0.988674163818359,3.01687479019165,0.048533
2005-12-31,24.3631076812744,1.03916025161743,2.53462934494019,0.048533
2006-01-01,25.1190319061279,2.84953880310059,4.20237159729004,0.048533
2006-01-02,25.0575504302979,0.708489835262299,4.12972831726074,0.048533
2006-01-03,24.2288513183594,1.97413849830627,3.89397430419922,0.048533
2006-01-04,24.9122638702393,1.42699503898621,4.09070491790772,0.048533
2006-01-05,24.9812355041504,1.3641619682312,4.0446834564209,0.044162
2006-01-06,25.4162197113037,1.27954483032227,4.08546733856201,0.0415
2006-01-07,24.9224052429199,2.15711069107056,4.41730213165283,0.0415
2006-01-08,24.5580806732178,2.47636127471924,3.41211986541748,0.06515
2006-01-09,24.5114288330078,1.7332638502121,3.33209991455078,0.103686
2006-01-10,24.550910949707,6.36721897125244,2.83199810981751,0.136856
2006-01-11,24.4281425476074,3.66380453109741,4.01886701583862,0.160874
2006-01-12,24.173189163208,4.6481614112854,3.40445876121521,0.160874
2006-01-13,24.618579864502,5.79876613616943,3.63293409347534,0.12541
2006-01-14,24.6415882110596,3.41206026077271,4.30446434020996,0.12541
2006-01-15,24.212329864502,3.58851790428162,4.60198068618774,0.12541
2006-01-16,23.670597076416,1.01417338848114,3.96220517158508,0.136856
2006-01-17,24.8382949829102,2.32751107215881,4.03618669509888,0.136856
2006-01-18,24.8131294250488,1.4027007818222,4.0903434753418,0.136856
2006-01-19,24.9894828796387,1.75856053829193,4.27643918991089,0.173423
2006-01-20,24.1757297515869,3.79474115371704,3.32569742202759,0.199583
2006-01-21,24.7329864501953,5.57086420059204,3.71388125419617,0.173423
2006-01-22,25.4052562713623,2.59396004676819,3.99539709091187,0.14867
2006-01-23,25.3278732299805,0.982360661029816,4.26125335693359,0.14867
2006-01-24,26.1459293365479,0.729735910892487,4.33340263366699,0.114353
2006-01-25,27.1219882965088,1.53604900836945,4.13764619827271,0.083563
2006-01-26,27.2199935913086,0.297257512807846,4.44511651992798,0.074151
2006-01-27,26.7169456481934,0.29749071598053,4.15431070327759,0.06515
2006-01-28,26.1372947692871,0.914871037006378,4.05562114715576,0.056603
2006-01-29,25.7011833190918,0.836987376213074,4.79788732528687,0.056603
2006-01-30,25.9286689758301,0.778911292552948,4.38762760162354,0.048533
2006-01-31,26.0129852294922,1.35819149017334,4.08156728744507,0.0415
2006-02-01,25.9028816223145,1.39321756362915,2.98380017280579,0.0415
2006-02-02,25.5533561706543,1.85409331321716,3.94532942771912,0.038969
2006-02-03,25.4495620727539,4.03703832626343,3.61480188369751,0.038969
2006-02-04,25.4801712036133,1.05548763275146,4.16507959365845,0.036567
2006-02-05,25.3893566131592,0.921613931655884,4.26041269302368,0.032153
2006-02-06,25.7521381378174,0.961372256278992,4.39717864990234,0.030098
2006-02-07,26.5175609588623,0.835952997207642,4.65809297561646,0.024623
2006-02-08,27.5969429016113,0.709499716758728,4.80929517745972,0.022979
2006-02-09,27.3741855621338,0.566082835197449,4.80596971511841,0.01863
2006-02-10,27.6445922851563,0.270346164703369,5.23343515396118,0.019993
2006-02-11,26.5256080627441,0.367770284414291,4.36934804916382,0.01863
2006-02-12,27.5629749298096,1.13831865787506,4.43724727630615,0.01863
2006-02-13,26.2215213775635,0.492915898561478,4.5351037979126,0.022979
2006-02-14,26.4198017120361,4.08142948150635,3.39584279060364,0.019993
2006-02-15,26.4474430084229,3.85734677314758,3.88792896270752,0.019993
2006-02-16,26.0792350769043,1.86078763008118,4.13972997665405,0.019993
2006-02-17,26.1896057128906,2.22587728500366,4.36782121658325,0.01863
2006-02-18,26.5298900604248,1.42547202110291,4.26246166229248,0.01863
2006-02-19,27.1867446899414,2.259601354599,4.45330810546875,0.01612
2006-02-20,27.4033012390137,0.328014492988586,4.61842060089111,0.01863
2006-02-21,26.9093418121338,0.618706583976746,4.17760276794434,0.01863
2006-02-22,27.5907764434814,0.775147676467896,4.87810659408569,0.01863
2006-02-23,28.8311576843262,0.32561531662941,5.16408395767212,0.01863
2006-02-24,28.8646717071533,1.62166464328766,5.2910852432251,0.01612
2006-02-25,29.3035373687744,0.17877858877182,5.08082294464111,0.014973
2006-02-26,28.4901218414307,0.0554214902222157,5.44742965698242,0.014973
2006-02-27,29.2341022491455,0.310460567474365,5.39786005020142,0.011057
2006-02-28,27.2200393676758,0.167745396494865,5.25361585617065,0.011057
2006-03-01,27.2431201934814,0.464271038770676,4.89942836761475,0.007378
2006-03-02,27.01100730896,0.195282831788063,5.55357980728149,0.006232
2006-03-03,26.8511009216309,0.0456344410777092,5.14101982116699,0.006232
2006-03-04,27.0648097991943,0.16109362244606,5.15328931808472,0.005236
2006-03-05,28.2619667053223,0.0127882035449147,5.30306720733643,0.005236
2006-03-06,29.3885097503662,0.0609290823340416,5.25468349456787,0.004803
2006-03-07,28.1541061401367,0.720576286315918,3.86663389205933,0.004803
2006-03-08,27.2818660736084,5.12620639801025,3.08045530319214,0.008027
2006-03-09,27.0395584106445,8.70488452911377,4.02052927017212,0.012896
2006-03-10,26.3269443511963,3.8689169883728,3.11158728599548,0.019993
2006-03-11,26.5110874176025,20.7517757415771,2.82867002487183,0.028172
2006-03-12,25.1477470397949,27.7758045196533,2.09272861480713,0.038969
2006-03-13,24.0558834075928,17.3742713928223,1.22303104400635,0.048533
2006-03-14,24.9614562988281,8.55007266998291,2.95248508453369,0.06515
2006-03-15,25.3188285827637,4.94690799713135,3.80177593231201,0.083563
2006-03-16,25.1848011016846,4.07181978225708,3.24094724655151,0.199583
2006-03-17,25.0272541046143,8.48771858215332,2.46203136444092,0.136856
2006-03-18,25.3266887664795,8.60810661315918,2.95461583137512,0.160874
2006-03-19,24.5413284301758,3.52970314025879,2.74192976951599,0.227127
2006-03-20,25.1718845367432,3.17198896408081,3.75520730018616,0.384149
2006-03-21,25.1504249572754,3.46672034263611,3.27270221710205,0.589639
2006-03-22,24.538215637207,6.50067806243897,3.38767743110657,0.270921
2006-03-23,24.9954967498779,3.83446502685547,2.92969465255737,0.186319
2006-03-24,25.1884784698486,3.25163459777832,3.55342078208923,0.301733
2006-03-25,25.2583522796631,1.46573257446289,3.3370521068573,0.255991
2006-03-26,26.2423992156982,0.314799129962921,4.23212623596191,0.227127
2006-03-27,26.1197032928467,0.362175941467285,4.21239805221558,0.160874
2006-03-28,25.812894821167,9.27973556518555,2.59567785263062,0.12541
2006-03-29,25.5629558563232,8.35174560546875,3.67199158668518,0.103686
2006-03-30,25.5581169128418,5.46917772293091,2.54098033905029,0.575186
2006-03-31,25.5915489196777,11.0376195907593,2.67501521110535,0.160874
2006-04-01,24.3317108154297,13.9875612258911,1.82135117053986,0.213171
2006-04-02,24.5910358428955,6.83936452865601,2.88890552520752,0.255991
2006-04-03,24.6260223388672,7.08414936065674,2.86605739593506,0.286176
2006-04-04,24.5881404876709,4.83974075317383,2.96380281448364,0.317615
2006-04-05,24.3491249084473,5.79072666168213,2.86370015144348,0.367056
2006-04-06,24.4348487854004,2.81832313537598,3.46062421798706,0.401524
2006-04-07,24.7801780700684,4.47675657272339,3.30168700218201,0.439454
2006-04-08,24.3835487365723,11.3326482772827,1.99911999702454,0.384149
2006-04-09,24.6508693695068,6.02477359771729,2.55409288406372,2.979614
2006-04-10,24.7337341308594,11.9631395339966,2.02303552627563,8.100157
2006-04-11,25.6767044067383,12.3287353515625,2.46709704399109,15.828627
2006-04-12,26.2385005950928,8.50812244415283,3.77376246452332,13.043576
2006-04-13,25.8064956665039,15.6080656051636,3.3709511756897,5.639385
2006-04-14,25.5683040618897,14.8993997573853,2.59857749938965,1.399568
2006-04-15,25.1456413269043,5.96114206314087,3.19758796691895,2.207615
2006-04-16,25.071102142334,4.19764852523804,3.04337739944458,1.274072
2006-04-17,25.2302207946777,5.00589609146118,3.1658194065094,1.114972
2006-04-18,24.3682765960693,2.52566933631897,2.35082769393921,0.965372
2006-04-19,21.9995059967041,2.72082829475403,1.63585031032562,0.842385
2006-04-20,21.9029064178467,1.86854732036591,1.74343109130859,0.711003
2006-04-21,22.1949634552002,1.45217430591583,1.61053168773651,0.589639
2006-04-22,24.546220779419,0.763483643531799,2.83331251144409,0.270921
2006-04-23,23.9695701599121,6.77634525299072,2.5181736946106,0.227127
2006-04-24,24.5302200317383,6.32187843322754,2.86816191673279,0.439454
2006-04-25,24.0878944396973,6.88184499740601,2.03939890861511,1.44254
2006-04-26,24.1835803985596,6.3408317565918,3.00313854217529,2.053233
2006-04-27,23.6022644042969,1.62787294387817,3.12324404716492,1.001874
2006-04-28,24.0721416473389,0.434228807687759,3.11439442634583,0.51895
2006-04-29,24.1032085418701,1.32039618492126,2.87729048728943,0.301733
2006-04-30,23.8117408752441,1.59256589412689,3.06784653663635,0.186319
2006-05-01,23.2931652069092,0.581828713417053,2.80377769470215,0.12541
2006-05-02,23.9214286804199,0.126656323671341,3.28828883171082,0.103686
2006-05-03,24.8765201568604,1.95761907100678,2.83508491516113,0.103686
2006-05-04,25.1238040924072,1.17409753799438,3.25358939170837,0.103686
2006-05-05,25.1489543914795,1.18691384792328,2.96695351600647,0.083563
2006-05-06,24.1916408538818,3.75441861152649,2.48265957832336,0.083563
2006-05-07,22.6734237670898,0.455561131238937,1.81602025032043,0.06515
2006-05-08,21.5182609558105,0.20705771446228,2.56590414047241,0.06515
2006-05-09,22.5988693237305,1.79112350940704,2.08181834220886,0.048533
2006-05-10,23.4787368774414,1.13682305812836,2.67046809196472,0.048533
2006-05-11,22.6314582824707,0.0802359953522682,3.12610769271851,0.048533
2006-05-12,23.6519069671631,0.251576662063599,3.03118801116943,0.083563
2006-05-13,22.6900978088379,5.25612878799439,1.09506046772003,0.103686
2006-05-14,21.6761817932129,3.47065901756287,0.836701273918152,0.103686
2006-05-15,21.5009994506836,1.06144630908966,1.07369947433472,0.083563
2006-05-16,22.0166835784912,0.34622648358345,3.02188181877136,0.048533
2006-05-17,20.8311004638672,0.143133267760277,3.01581501960754,0.0415
2006-05-18,20.1433296203613,0.0887894257903099,2.84369897842407,0.032153
2006-05-19,19.6351490020752,0.296919941902161,3.31006193161011,0.026354
2006-05-20,19.4965839385986,0.0393464080989361,3.15102171897888,0.024623
2006-05-21,20.7283172607422,0.00168253027368337,3.04021430015564,0.021443
2006-05-22,21.3030738830566,0.0145546589046717,3.20692658424377,0.021443
2006-05-23,20.7811870574951,0.259538739919663,2.47490668296814,0.01863
2006-05-24,22.2301959991455,3.24225807189941,1.38887882232666,0.017332
2006-05-25,22.4632339477539,2.77135109901428,2.26968193054199,0.011944
2006-05-26,21.7384567260742,1.00125801563263,1.59057521820068,0.010213
2006-05-27,22.0582656860352,0.45634862780571,1.63547730445862,0.008698
2006-05-28,21.8785915374756,0.522654294967651,2.10502505302429,0.008698
2006-05-29,21.8218727111816,0.296548426151276,3.25451827049255,0.006232
2006-05-30,21.5881099700928,0.290898770093918,2.24792385101318,0.005236
2006-05-31,21.4253406524658,0.118809260427952,2.59444546699524,0.005236
2006-06-01,20.056224822998,0.00268642464652658,3.07236576080322,0.005236
2006-06-02,19.537015914917,1.0042325258255,2.33792400360107,0.005236
2006-06-03,20.8518447875977,1.50302195549011,1.53316462039948,0.003635
2006-06-04,19.6588535308838,0.37155956029892,2.16771054267883,0.002726
2006-06-05,20.0874500274658,0.195170715451241,1.76904785633087,0.002012
2006-06-06,20.4350147247314,0.530713737010956,2.47964310646057,0.002012
2006-06-07,20.9675121307373,0.0385686159133911,2.86484813690186,0.001644
2006-06-08,21.1942863464355,0.326707124710083,2.38936519622803,0.001818
2006-06-09,21.3485622406006,1.55902135372162,2.09359383583069,0.003311
2006-06-10,22.002347946167,4.28595781326294,2.21040868759155,0.005236
2006-06-11,21.842113494873,0.661851227283478,1.71845149993896,0.005236
2006-06-12,21.4997673034668,2.42103719711304,0.803577601909638,0.008698
2006-06-13,21.4966735839844,8.13301372528076,1.1278475522995,0.010213
2006-06-14,20.6842174530029,1.86447989940643,2.19899344444275,0.012896
2006-06-15,19.6297206878662,0.385453641414642,2.58810257911682,0.021443
2006-06-16,21.9128284454346,1.37866449356079,1.41146326065063,0.028172
2006-06-17,20.8703327178955,1.64174199104309,2.1048104763031,0.048533
2006-06-18,19.6974048614502,0.623450458049774,2.39007663726807,0.06515
2006-06-19,20.4915161132813,2.24741911888123,2.12509560585022,0.103686
2006-06-20,20.2282104492188,3.4199538230896,1.96538901329041,0.12541
2006-06-21,19.6786346435547,5.63030004501343,1.05608415603638,0.160874
2006-06-22,20.8487930297852,9.44962596893311,2.09681916236877,0.227127
2006-06-23,20.2968845367432,2.55289483070374,1.86595845222473,0.255991
2006-06-24,19.8406829833984,9.71317672729492,0.429879546165466,0.317615
2006-06-25,20.457311630249,9.62388229370117,1.45214438438416,1.689249
2006-06-26,21.5168266296387,8.7644853591919,1.55840146541595,3.570703
2006-06-27,22.0800361633301,5.2731499671936,2.32770466804504,2.53118
2006-06-28,21.3467693328857,1.15462911128998,2.09176397323608,1.44254
2006-06-29,19.7875709533691,9.00982189178467,0.553965091705322,1.294627
2006-06-30,20.0190582275391,2.83993721008301,2.0945873260498,0.604266
2006-07-01,20.0009059906006,0.374522268772125,2.33111548423767,
2006-07-02,19.4319534301758,0.957450807094574,2.06646680831909,
2006-07-03,19.5431842803955,2.23143482208252,1.85235130786896,
2006-07-04,19.1378803253174,0.435082674026489,2.18093609809876,
2006-07-05,18.9060306549072,0.25155982375145,2.1216504573822,
2006-07-06,19.9732265472412,0.266419649124146,2.02005386352539,
2006-07-07,19.3014507293701,0.326018542051315,2.14996600151062,
2006-07-08,19.7253265380859,0.0980916395783424,2.82588243484497,
2006-07-09,18.7215633392334,0.056971088051796,2.93858623504639,
2006-07-10,19.2235450744629,0.157108575105667,2.40731930732727,
2006-07-11,21.5361347198486,0.268110036849976,2.7219409942627,
2006-07-12,21.3404541015625,5.02326583862305,2.1467752456665,
2006-07-13,21.0470275878906,9.21354389190674,2.44169783592224,
2006-07-14,20.5799007415771,2.04798460006714,2.72052001953125,
2006-07-15,20.1977195739746,4.03877067565918,2.34139513969421,
2006-07-16,19.7543754577637,7.46455240249634,0.972868502140045,
2006-07-17,19.9258728027344,2.59180450439453,2.28407120704651,
2006-07-18,18.7556228637695,0.223863780498505,2.91092491149902,
2006-07-19,17.375171661377,1.73257410526276,3.00448942184448,
2006-07-20,19.9161357879639,0.129436641931534,3.04484272003174,
2006-07-21,20.0198726654053,0.168669432401657,3.12816643714905,
2006-07-22,18.6970691680908,0.0538101531565189,2.5051097869873,
2006-07-23,19.0607795715332,0.496079802513123,1.01099288463593,
2006-07-24,21.9114208221436,4.44918632507324,2.26033282279968,
2006-07-25,19.3682689666748,0.880383253097534,2.32760453224182,
2006-07-26,21.3639392852783,0.270140618085861,2.12290406227112,
2006-07-27,22.138053894043,0.654590785503388,2.15973043441772,
2006-07-28,22.6527538299561,0.316881507635117,3.00412178039551,
2006-07-29,23.6173343658447,0.243537411093712,3.45864939689636,
2006-07-30,23.7086505889893,0.284012496471405,3.24900102615356,
2006-07-31,23.3215370178223,1.40265989303589,2.38603472709656,
2006-08-01,23.1950969696045,2.38720703125,2.57773089408875,0.048533
2006-08-02,23.159008026123,2.95671248435974,2.32388281822205,0.048533
2006-08-03,21.9343414306641,1.09201622009277,2.43229675292969,0.048533
2006-08-04,22.1359634399414,3.41212058067322,1.92988753318787,0.048533
2006-08-05,22.1660041809082,4.60127210617065,2.69747853279114,0.048533
2006-08-06,21.5027980804443,2.71293187141418,2.49450874328613,0.048533
2006-08-07,19.7101955413818,1.27437543869019,2.39649534225464,0.048533
2006-08-08,19.805534362793,0.107376828789711,1.89591586589813,0.048533
2006-08-09,21.4847450256348,2.13840436935425,1.80532705783844,0.056603
2006-08-10,22.0416488647461,4.40612411499023,2.12183618545532,0.056603
2006-08-11,21.4997177124023,1.26922500133514,2.23983883857727,0.056603
2006-08-12,21.0808906555176,5.75663042068481,1.70343482494354,0.074151
2006-08-13,21.8487434387207,5.69890117645264,2.29932689666748,0.083563
2006-08-14,21.2836246490479,3.87463617324829,1.50708985328674,0.09343
2006-08-15,21.3296222686768,1.68806326389313,2.95414447784424,0.103686
2006-08-16,21.8414630889893,0.747210025787354,2.33811187744141,0.103686
2006-08-17,22.5926666259766,0.348808437585831,3.05074429512024,0.09343
2006-08-18,20.8015575408936,0.19627083837986,2.75721216201782,0.083563
2006-08-19,21.6190567016602,1.51095247268677,2.5486695766449,0.074151
2006-08-20,23.4169406890869,0.616749048233032,3.45989751815796,0.056603
2006-08-21,23.1733779907227,0.159145697951317,3.93738317489624,0.056603
2006-08-22,22.7287635803223,0.226806998252869,2.96974563598633,0.056603
2006-08-23,22.5326595306397,1.0399284362793,2.88272643089294,0.048533
2006-08-24,22.844654083252,0.689531922340393,2.83201336860657,0.038969
2006-08-25,22.8267822265625,1.40710318088532,3.45451998710632,0.044162
2006-08-26,21.8095169067383,1.80646169185638,2.44293570518494,0.038969
2006-08-27,22.0772018432617,1.44621908664703,2.51515078544617,0.038969
2006-08-28,22.1532096862793,0.223999679088593,3.88485789299011,0.038969
2006-08-29,23.1953430175781,0.0353554897010326,3.74793124198914,0.036567
2006-08-30,20.9455432891846,1.75952172279358,1.29741632938385,0.036567
2006-08-31,21.1493072509766,0.246572494506836,3.11185336112976,0.034295
2006-09-01,20.3595314025879,0.07801254093647,3.77625226974487,0.034295
2006-09-02,20.4761028289795,0.279098361730576,4.00316381454468,0.034295
2006-09-03,22.4646301269531,0.0549182221293449,4.4771032333374,0.030098
2006-09-04,24.3582515716553,0.209583893418312,3.25325965881348,0.030098
2006-09-05,24.3940544128418,0.503693044185638,3.09697985649109,0.028172
2006-09-06,21.3519763946533,4.24788045883179,1.65187406539917,0.034295
2006-09-07,20.5875110626221,2.99290609359741,1.65528547763824,0.034295
2006-09-08,19.8371086120605,1.58485865592957,2.09415578842163,0.034295
2006-09-09,19.5845165252686,0.624643564224243,3.00962400436401,0.034295
2006-09-10,22.0899925231934,1.49873399734497,2.49806523323059,0.036567
2006-09-11,22.1054992675781,2.0776698589325,2.93186855316162,0.038969
2006-09-12,22.3496170043945,2.98696088790894,3.52331399917603,0.038969
2006-09-13,21.4055213928223,1.16697001457214,2.83639407157898,0.048533
2006-09-14,22.2982788085938,0.729592144489288,3.16934514045715,0.056603
2006-09-15,22.8640289306641,2.87397193908691,3.00692510604858,0.056603
2006-09-16,23.1572303771973,2.2281186580658,3.4499044418335,0.048533
2006-09-17,23.8368396759033,1.02071046829224,3.63549876213074,0.048533
2006-09-18,25.0753879547119,2.11041474342346,4.04973697662354,0.048533
2006-09-19,24.4906253814697,2.10038685798645,3.48936867713928,0.044162
2006-09-20,24.3997611999512,3.01213765144348,3.45149517059326,0.044162
2006-09-21,24.2161273956299,0.845684230327606,3.21264839172363,0.038969
2006-09-22,25.1968173980713,0.330468207597733,3.76132750511169,0.038969
2006-09-23,24.953462600708,0.305824130773544,4.05027437210083,0.036567
2006-09-24,25.5052661895752,0.386394560337067,4.79601383209229,0.034295
2006-09-25,25.1871795654297,0.510559618473053,3.38140940666199,0.030098
2006-09-26,21.6553516387939,11.1413421630859,0.682937204837799,0.028172
2006-09-27,21.4935169219971,6.18584489822388,2.58576154708862,0.030098
2006-09-28,21.2276172637939,0.407940626144409,3.45209312438965,0.034295
2006-09-29,22.0391998291016,0.0953175947070122,3.8687732219696,0.028172
2006-09-30,23.387752532959,0.433873355388641,3.13360619544983,0.030098
2006-10-01,24.0635108947754,0.868517160415649,3.52533531188965,0.038969
2006-10-02,23.3329010009766,1.06667256355286,3.16314053535461,0.056603
2006-10-03,24.2363300323486,1.89662575721741,3.58145809173584,0.048533
2006-10-04,24.6743030548096,1.37413930892944,3.49704790115356,0.048533
2006-10-05,24.1289958953857,2.35577511787415,3.24025821685791,0.048533
2006-10-06,23.373836517334,5.48416757583618,1.7404693365097,0.056603
2006-10-07,23.655797958374,1.74262726306915,3.81847453117371,0.056603
2006-10-08,23.9335517883301,1.74577176570892,3.60822153091431,0.06515
2006-10-09,24.1342697143555,3.07413935661316,3.57607269287109,0.06515
2006-10-10,24.1804046630859,2.57554578781128,3.74264407157898,0.06515
2006-10-11,23.826286315918,3.18726515769959,3.09674787521362,0.06515
2006-10-12,24.7863483428955,1.25829839706421,3.5915732383728,0.06515
2006-10-13,24.6878890991211,1.9885311126709,3.09101438522339,0.048533
2006-10-14,24.3546142578125,0.994050443172455,2.76027584075928,0.074151
2006-10-15,23.2277946472168,15.0655288696289,1.06670546531677,0.255991
2006-10-16,23.086311340332,9.79489421844482,2.14298510551453,0.452285
2006-10-17,23.4868068695068,7.34908103942871,2.16758298873901,0.546732
2006-10-18,24.3682518005371,5.28999090194702,4.04659652709961,0.726885
2006-10-19,24.2297782897949,0.342303156852722,4.13137197494507,0.51895
2006-10-20,26.1767139434815,1.96431231498718,4.40500926971436,0.491795
2006-10-21,21.1097927093506,30.7291088104248,1.0752420425415,0.426775
2006-10-22,20.590087890625,7.83399343490601,1.68217897415161,0.333799
2006-10-23,21.166036605835,2.03713035583496,1.95939946174622,0.286176
2006-10-24,21.1443500518799,5.35652589797974,1.81711268424988,0.173423
2006-10-25,22.0482349395752,3.21513247489929,2.03905010223389,0.12541
2006-10-26,22.4100551605225,1.168865442276,2.93194627761841,0.103686
2006-10-27,24.7271327972412,0.377999514341354,4.67011213302612,0.103686
2006-10-28,26.5995254516602,2.05671882629395,5.2796483039856,0.103686
2006-10-29,24.4477252960205,26.7059860229492,2.15130805969238,0.350265
2006-10-30,23.0903816223145,24.2397556304932,1.67756056785584,1.233415
2006-10-31,24.2984657287598,3.79311656951904,3.66298508644104,1.076674
2006-11-01,23.7101612091064,2.62814664840698,3.08044004440308,1.001874
2006-11-02,24.25661277771,2.80228018760681,3.84765911102295,0.560883
2006-11-03,24.5123901367188,0.841557681560516,3.59684276580811,0.301733
2006-11-04,24.6678104400635,0.875698566436768,3.67258429527283,0.160874
2006-11-05,24.4514122009277,0.21924264729023,4.27190256118774,0.12541
2006-11-06,25.1447257995606,0.138643503189087,4.53702116012573,0.12541
2006-11-07,26.0583343505859,0.180959552526474,4.47127676010132,0.103686
2006-11-08,25.3361549377441,5.86203527450562,2.37625050544739,0.103686
2006-11-09,22.4790077209473,25.9592800140381,1.15817654132843,7.079631
2006-11-10,22.4578723907471,4.78294277191162,0.945521593093872,4.720793
2006-11-11,21.4349384307861,9.47708606719971,1.22327947616577,5.552338
2006-11-12,19.8964557647705,23.6603355407715,0.785376250743866,15.381795
2006-11-13,20.420389175415,12.6690082550049,1.34198975563049,6.739406
2006-11-14,23.5417900085449,11.5248794555664,4.00998163223267,3.70968
2006-11-15,23.7237739562988,3.54894161224365,3.12410831451416,2.393978
2006-11-16,23.5796318054199,3.80215454101563,3.43158102035522,1.173523
2006-11-17,24.0971851348877,3.80156755447388,4.23972654342651,0.66431
2006-11-18,24.1937217712402,2.22665429115295,3.73748517036438,0.491795
2006-11-19,25.1565399169922,0.776962459087372,4.90150737762451,0.227127
2006-11-20,25.0291061401367,0.223779603838921,4.68218183517456,0.199583
2006-11-21,25.5086631774902,0.501807153224945,4.19743156433105,0.173423
2006-11-22,25.3505516052246,0.863503038883209,4.19803762435913,0.14867
2006-11-23,25.5181655883789,2.32013559341431,4.02836894989014,0.160874
2006-11-24,24.7787494659424,6.1464204788208,3.1954345703125,0.186319
2006-11-25,23.8428440093994,4.08749580383301,3.8015627861023,0.633974
2006-11-26,22.884744644165,2.57397723197937,2.68756628036499,0.419202
2006-11-27,25.2132682800293,1.84451174736023,4.07918405532837,0.350265
2006-11-28,25.9334259033203,1.71439754962921,4.64690494537354,0.301733
2006-11-29,25.3792209625244,0.448781102895737,4.63862180709839,0.255991
2006-11-30,25.7061195373535,0.406806021928787,4.30813312530518,0.186319
2006-12-01,25.6318778991699,0.348875910043716,4.45287084579468,0.12541
2006-12-02,25.2615909576416,0.203070729970932,4.2343578338623,0.103686
2006-12-03,24.904130935669,0.375453978776932,4.22393226623535,0.103686
2006-12-04,25.2175598144531,1.74948871135712,4.09409809112549,0.103686
2006-12-05,25.1295318603516,1.17809593677521,4.0881986618042,0.103686
2006-12-06,25.1378326416016,1.0501846075058,4.28109312057495,0.103686
2006-12-07,26.5482311248779,0.9214026927948,5.36198234558106,0.103686
2006-12-08,26.943208694458,0.378722846508026,4.45625352859497,0.286176
2006-12-09,26.5324192047119,4.95174694061279,3.45960450172424,0.199583
2006-12-10,26.3958473205566,9.97946453094482,4.02659273147583,0.136856
2006-12-11,25.2930374145508,8.96737480163574,1.312615275383,0.12541
2006-12-12,25.0178642272949,12.5068321228027,2.50488877296448,1.620248
2006-12-13,25.4651031494141,3.23116278648376,3.90942335128784,1.315334
2006-12-14,25.5338306427002,2.44046974182129,4.15482187271118,0.633974
2006-12-15,24.3444766998291,3.13394737243652,3.69062256813049,0.401524
2006-12-16,25.4204597473145,2.16116619110107,4.28866815567017,0.350265
2006-12-17,24.2796669006348,1.89705872535706,1.90997397899628,0.227127
2006-12-18,24.6460628509522,6.92361640930176,2.69257616996765,0.160874
2006-12-19,25.7613677978516,5.81667566299439,3.67202687263489,0.12541
2006-12-20,25.1138820648193,0.827572643756867,4.40512752532959,0.465289
2006-12-21,26.1142024993897,1.23615229129791,4.83820295333862,0.401524
2006-12-22,26.306131362915,0.0483533106744289,5.12989664077759,0.317615
2006-12-23,25.8765869140625,0.195006996393204,4.57843732833862,0.213171
2006-12-24,25.8568572998047,0.0891183912754059,4.60180568695068,0.136856
2006-12-25,24.9711971282959,0.133380100131035,4.82423782348633,0.12541
2006-12-26,25.5748195648193,0.146178126335144,4.89364719390869,0.103686
2006-12-27,26.265157699585,0.626549541950226,3.95379114151001,0.103686
2006-12-28,26.312967300415,1.41576278209686,4.09370851516724,0.09343
2006-12-29,25.9910469055176,1.94336664676666,4.19473457336426,0.074151
2006-12-30,24.8152198791504,1.88195610046387,3.93986797332764,0.048533
2006-12-31,24.3162746429443,2.30123329162598,3.72025942802429,0.048533
2007-01-01,24.65891456604,3.72621130943298,4.00055551528931,0.048533
2007-01-02,24.8649730682373,4.46051025390625,3.05399894714355,0.048533
2007-01-03,24.9295425415039,5.44246864318848,3.58004426956177,0.048533
2007-01-04,24.8331413269043,4.05671072006226,3.75498175621033,0.173423
2007-01-05,25.163537979126,4.59655809402466,2.97822070121765,0.270921
2007-01-06,25.121452331543,3.53966879844666,3.48163604736328,0.384149
2007-01-07,24.6225700378418,2.22612404823303,3.47416639328003,0.465289
2007-01-08,25.5422973632813,0.665026605129242,3.62115550041199,0.560883
2007-01-09,25.5901012420654,1.24944758415222,3.79658079147339,0.333799
2007-01-10,25.8941879272461,1.47180676460266,4.20672750473022,0.286176
2007-01-11,26.7850303649902,0.773219764232636,4.54769086837769,0.173423
2007-01-12,27.4046897888184,1.68248474597931,4.39428043365479,0.083563
2007-01-13,27.6684589385986,8.54349231719971,4.33397150039673,0.103686
2007-01-14,27.4673175811768,7.84624433517456,4.27013397216797,0.103686
2007-01-15,27.6620998382568,3.55471110343933,5.18953132629395,0.083563
2007-01-16,26.1771564483643,0.0849444419145584,4.85590219497681,0.083563
2007-01-17,26.265100479126,2.23334717750549,4.42869424819946,0.083563
2007-01-18,27.1796054840088,0.599438190460205,5.2244987487793,0.604266
2007-01-19,25.8591613769531,0.067782886326313,5.32252359390259,0.350265
2007-01-20,25.6045246124268,0.463764220476151,4.52760457992554,0.199583
2007-01-21,27.3049373626709,1.6039822101593,4.85907602310181,0.136856
2007-01-22,27.4191226959229,1.15977132320404,5.43674468994141,0.114353
2007-01-23,27.0531158447266,0.313433945178986,4.60884046554565,0.103686
2007-01-24,26.8608436584473,4.45745944976807,4.06252765655518,0.083563
2007-01-25,26.0286464691162,3.52176713943481,3.8745288848877,0.083563
2007-01-26,26.0428695678711,3.06166100502014,4.01722860336304,0.048533
2007-01-27,26.7428245544434,1.0823380947113,5.46368932723999,0.048533
2007-01-28,27.1155414581299,0.316546112298965,4.24084186553955,0.0415
2007-01-29,28.0801887512207,0.0651251748204231,5.38469791412354,0.038969
2007-01-30,27.2863540649414,0.146010160446167,4.39854383468628,0.022979
2007-01-31,26.9412612915039,0.887933671474457,4.37276077270508,0.01612
2007-02-01,27.3497219085693,0.191516309976578,5.44029998779297,0.011944
2007-02-02,28.3256721496582,0.0078985532745719,5.70777082443237,0.004803
2007-02-03,27.5571308135986,0.539737701416016,3.64078330993652,0.002467
2007-02-04,25.8234462738037,7.63541555404663,2.24637341499329,0.000736
2007-02-05,25.3856143951416,17.7401714324951,1.41728103160858,0.286176
2007-02-06,26.4442577362061,5.38594722747803,4.4554328918457,0.12541
2007-02-07,25.2355899810791,2.6445140838623,3.9771249294281,0.083563
2007-02-08,25.5448703765869,1.22017526626587,4.4369535446167,0.048533
2007-02-09,25.3278503417969,4.99223279953003,2.49286937713623,0.032153
2007-02-10,25.2279167175293,6.98120355606079,4.05383920669556,0.019993
2007-02-11,25.8378925323486,2.26559185981751,4.6908974647522,0.056603
2007-02-12,26.9460391998291,3.4061906337738,4.84803867340088,0.114353
2007-02-13,25.1091785430908,32.9592170715332,2.49278044700623,0.083563
2007-02-14,23.7287101745606,20.669017791748,1.31037640571594,0.103686
2007-02-15,23.881326675415,45.7105331420898,1.38010323047638,23.617921
2007-02-16,23.3915252685547,32.9799690246582,0.710462987422943,17.922603
2007-02-17,24.2927742004395,21.5122566223145,2.18926405906677,15.234314
2007-02-18,24.3962898254395,10.6500272750855,2.21366953849792,12.841008
2007-02-19,24.9708557128906,9.4673957824707,3.88351273536682,10.844746
2007-02-20,24.8359985351563,6.33596324920654,3.55062818527222,7.683313
2007-02-21,24.4002227783203,5.30602550506592,3.61351704597473,8.047405
2007-02-22,24.4271087646484,6.90502786636353,3.607745885849,5.337825
2007-02-23,24.6026935577393,4.94959402084351,3.74768400192261,4.369575
2007-02-24,23.6575336456299,5.88660573959351,2.56444811820984,3.074234
2007-02-25,24.172887802124,9.31382274627686,3.27789092063904,2.616539
2007-02-26,24.9369106292725,6.81389141082764,4.18923234939575,2.233818
2007-02-27,23.6960487365723,2.82587671279907,3.35404229164124,1.712531
2007-02-28,24.2512187957764,3.87431120872498,3.87715077400208,1.274072
2007-03-01,24.3727588653564,2.92221403121948,4.11127710342407,0.965372
2007-03-02,24.5381355285645,4.76703929901123,3.75847029685974,0.695294
2007-03-03,24.6125221252441,5.24079418182373,3.80604648590088,0.808609
2007-03-04,24.6326732635498,3.29967379570007,3.28012132644653,1.057742
2007-03-05,24.8010921478272,2.69562959671021,3.79303455352783,1.057742
2007-03-06,25.113353729248,3.88263583183289,3.2260525226593,0.911754
2007-03-07,24.9692611694336,2.36669611930847,4.05658531188965,0.791949
2007-03-08,24.4297943115234,1.89877760410309,3.97208428382874,0.66431
2007-03-09,24.6569309234619,2.00067496299744,4.10600566864014,0.546732
2007-03-10,24.0607738494873,1.57381546497345,3.21808505058289,0.439454
2007-03-11,24.0867080688477,2.1425940990448,3.60404372215271,0.947348
2007-03-12,24.2374687194824,4.0041823387146,3.26273083686829,1.213314
2007-03-13,24.1902027130127,8.33935546875,3.11365032196045,1.530258
2007-03-14,23.8111000061035,5.74895811080933,3.75556516647339,1.83106
2007-03-15,24.4203834533691,2.88289833068848,3.28936719894409,1.486118
2007-03-16,25.4646148681641,1.53147459030151,4.12871932983398,1.153855
2007-03-17,25.0531520843506,0.136520847678185,4.79705905914307,0.929475
2007-03-18,25.070821762085,0.0566404163837433,4.56026983261108,0.401524
2007-03-19,26.0209636688232,0.0327666886150837,4.77481412887573,0.270921
2007-03-20,25.3896160125732,0.0354796163737774,4.65032529830933,0.186319
2007-03-21,27.1128559112549,0.337449073791504,4.07875299453735,0.136856
2007-03-22,26.2028293609619,0.458001971244812,3.90592956542969,0.103686
2007-03-23,25.8302383422852,1.95493900775909,4.15311813354492,0.083563
2007-03-24,25.8665962219238,1.22641038894653,3.91350412368774,0.074151
2007-03-25,25.6295890808106,1.25397610664368,3.53711485862732,0.056603
2007-03-26,25.3160457611084,1.97065103054047,3.31073999404907,0.048533
2007-03-27,25.2053985595703,1.89357054233551,3.33677959442139,0.048533
2007-03-28,25.665994644165,4.11519765853882,3.88495516777039,0.048533
2007-03-29,25.2786769866943,0.843012750148773,3.88684844970703,0.056603
2007-03-30,25.2959804534912,0.804582059383392,3.61293268203735,0.09343
2007-03-31,25.9326171875,0.996737062931061,4.00715589523315,0.06515
2007-04-01,25.8468856811523,0.586935997009277,4.23559331893921,0.048533
2007-04-02,25.3179187774658,0.862845122814179,3.50492191314697,0.048533
2007-04-03,25.3817291259766,2.12665104866028,3.21808886528015,0.0415
2007-04-04,25.380765914917,1.60448312759399,3.66899347305298,0.036567
2007-04-05,25.1698379516602,0.836776196956635,4.51563930511475,0.036567
2007-04-06,25.2698841094971,0.0258552338927984,4.29581356048584,0.0415
2007-04-07,25.9515228271484,1.48031866550446,3.65657496452332,0.0415
2007-04-08,25.5417976379395,4.31674528121948,3.21943593025208,0.0415
2007-04-09,25.6714839935303,0.377404361963272,3.76223635673523,0.048533
2007-04-10,25.7237548828125,0.761364638805389,2.80979251861572,0.06515
2007-04-11,24.389835357666,7.52674150466919,1.48473489284515,0.775461
2007-04-12,23.7834300994873,6.85396194458008,2.86572670936584,0.965372
2007-04-13,23.7453594207764,5.63949155807495,1.8079446554184,1.153855
2007-04-14,24.3161106109619,4.74895429611206,2.88470673561096,1.076674
2007-04-15,24.7344589233398,3.78432464599609,2.51594185829163,1.134338
2007-04-16,24.1194019317627,5.30841970443726,2.70760226249695,1.294627
2007-04-17,24.1370716094971,3.24234223365784,2.90550303459168,1.173523
2007-04-18,24.4638481140137,3.9690318107605,2.84363436698914,1.038982
2007-04-19,24.2966938018799,5.4161434173584,2.29484272003174,0.965372
2007-04-20,24.6331748962402,7.1746563911438,1.89156901836395,0.546732
2007-04-21,24.8615875244141,2.36485552787781,2.82977509498596,0.452285
2007-04-22,24.9037551879883,3.0068895816803,2.86545157432556,0.384149
2007-04-23,24.4968852996826,1.69783508777618,3.12354207038879,0.286176
2007-04-24,24.596435546875,4.45984697341919,3.08227467536926,0.241386
2007-04-25,24.0363178253174,3.27634739875793,2.9363067150116,0.227127
2007-04-26,24.1428775787354,1.25740492343903,2.93040251731873,0.199583
2007-04-27,24.8973503112793,0.924312055110931,3.11431765556335,0.14867
2007-04-28,24.2738094329834,1.49593341350555,3.07136344909668,0.12541
2007-04-29,24.4850254058838,0.484894871711731,2.81604313850403,0.114353
2007-04-30,24.6545600891113,0.834456086158752,2.74524354934692,0.103686
2007-05-01,24.0254592895508,2.77289223670959,2.37707543373108,0.083563
2007-05-02,23.7180976867676,2.63076233863831,2.73208808898926,0.06515
2007-05-03,23.0901699066162,0.875113546848297,3.02188229560852,0.048533
2007-05-04,21.7309799194336,0.317713528871536,2.72160840034485,0.0415
2007-05-05,22.8030624389648,2.3812940120697,1.81942892074585,0.0415
2007-05-06,23.932149887085,6.57234334945679,2.21564388275146,0.333799
2007-05-07,23.8061809539795,1.58217740058899,2.47536182403564,0.842385
2007-05-08,23.6344108581543,1.55233895778656,2.26315307617188,1.508123
2007-05-09,24.3338203430176,4.13120794296265,1.79863488674164,2.340036
2007-05-10,21.6213722229004,5.35398960113525,1.33238232135773,1.620248
2007-05-11,20.9517250061035,0.830640435218811,2.30949783325195,0.965372
2007-05-12,20.5892734527588,0.227417886257172,2.4752984046936,0.478467
2007-05-13,22.1599636077881,0.776938438415527,2.48560476303101,0.350265
2007-05-14,21.2343769073486,0.768046736717224,2.46427202224731,0.241386
2007-05-15,22.5277252197266,0.345069169998169,2.97944402694702,0.136856
2007-05-16,22.7271862030029,0.197326794266701,3.02836728096008,0.12541
2007-05-17,23.1091747283936,0.603567183017731,2.41651368141174,0.103686
2007-05-18,23.267599105835,0.771560430526733,2.33380770683289,0.103686
2007-05-19,23.6753273010254,0.402323305606842,2.79449009895325,0.103686
2007-05-20,23.2106647491455,1.5484676361084,2.40164470672607,0.103686
2007-05-21,22.8124351501465,0.738613784313202,2.71686363220215,0.083563
2007-05-22,22.9545135498047,1.52618491649628,2.53821396827698,0.083563
2007-05-23,22.4107494354248,0.494430750608444,2.6894223690033,0.083563
2007-05-24,23.5648231506348,0.144391506910324,3.47763681411743,0.083563
2007-05-25,22.3157939910889,2.20527577400208,1.29778969287872,0.083563
2007-05-26,21.3057880401611,0.589847087860107,1.79425060749054,0.083563
2007-05-27,21.6449298858643,0.680592477321625,2.19245600700378,0.083563
2007-05-28,22.292724609375,0.202032715082169,2.73554968833923,0.074151
2007-05-29,23.5383701324463,0.0475575737655163,3.14255094528198,0.074151
2007-05-30,24.2715282440186,1.41840767860413,2.55150532722473,0.074151
2007-05-31,21.2929496765137,4.18412923812866,1.51987898349762,0.074151
2007-06-01,21.1386566162109,1.38312208652496,1.61613893508911,0.06515
2007-06-02,22.0795154571533,1.0310754776001,2.23947596549988,0.06515
2007-06-03,21.5408782958984,0.180885508656502,3.21811842918396,0.056603
2007-06-04,22.3653717041016,0.261860013008118,3.38427567481995,0.056603
2007-06-05,22.2318935394287,1.49636244773865,1.58817195892334,0.048533
2007-06-06,22.4398365020752,1.13873612880707,2.02507090568542,0.056603
2007-06-07,21.9263038635254,0.504284143447876,2.40222787857056,0.056603
2007-06-08,21.5261421203613,0.299610525369644,2.97676229476929,0.056603
2007-06-09,20.3421230316162,0.045573640614748,2.94140601158142,0.056603
2007-06-10,20.3825206756592,0.43707063794136,2.31017661094666,0.048533
2007-06-11,20.9596385955811,0.576167345046997,1.80702292919159,0.048533
2007-06-12,22.0071754455566,0.597425162792206,1.06347668170929,0.048533
2007-06-13,22.702657699585,4.02462434768677,2.16139626502991,0.056603
2007-06-14,20.9997653961182,0.708148181438446,1.98257529735565,0.06515
2007-06-15,22.3220272064209,1.02209961414337,2.12917470932007,0.074151
2007-06-16,21.6658954620361,1.53769052028656,1.88730895519257,0.074151
2007-06-17,21.80735206604,0.286985695362091,2.32487440109253,0.074151
2007-06-18,20.442497253418,1.56808054447174,1.48747158050537,0.06515
2007-06-19,21.8805103302002,5.03594160079956,2.60800099372864,0.06515
2007-06-20,20.7523365020752,2.24687933921814,1.65535199642181,0.06515
2007-06-21,21.4767475128174,2.5707893371582,2.04093837738037,0.083563
2007-06-22,20.5960712432861,2.40168261528015,1.39243292808533,0.09343
2007-06-23,21.5586032867432,6.6019139289856,1.71744513511658,0.103686
2007-06-24,21.2685699462891,1.06619083881378,2.51792645454407,0.114353
2007-06-25,21.50514793396,2.32472681999207,1.67503893375397,0.114353
2007-06-26,21.5194206237793,4.12474822998047,2.41815853118897,0.103686
2007-06-27,21.5728187561035,1.46366751194,2.16630244255066,0.09343
2007-06-28,20.486946105957,0.773705720901489,1.91095209121704,0.103686
2007-06-29,20.9590244293213,0.985552310943604,2.23284387588501,0.09343
2007-06-30,20.6583137512207,0.334731727838516,2.40237498283386,0.083563
2007-07-01,20.2614688873291,0.273360431194305,2.46840763092041,0.074151
2007-07-02,21.3047332763672,3.56182217597961,1.32722520828247,0.074151
2007-07-03,21.4856033325195,6.68749761581421,1.45168912410736,0.083563
2007-07-04,21.79811668396,1.11248624324799,2.12188315391541,0.09343
2007-07-05,21.2935600280762,5.54802799224854,1.62979018688202,0.103686
2007-07-06,20.1636962890625,3.13824915885925,2.14788842201233,0.09343
2007-07-07,21.3340530395508,2.02967691421509,2.59371185302734,0.103686
2007-07-08,21.7503452301025,4.22865915298462,1.13187110424042,0.199583
2007-07-09,20.9769496917725,7.60789155960083,1.50916385650635,0.333799
2007-07-10,20.7330760955811,2.84483957290649,2.29890489578247,0.270921
2007-07-11,20.5928859710693,0.53715443611145,2.38960480690002,0.199583
2007-07-12,21.0558910369873,2.19662880897522,2.42187261581421,0.160874
2007-07-13,21.7019996643066,2.95438122749329,2.46192646026611,0.12541
2007-07-14,21.0054149627686,0.95526534318924,2.12812519073486,0.114353
2007-07-15,20.9924755096436,0.982666850090027,1.57557892799377,0.103686
2007-07-16,22.1974029541016,1.02661859989166,2.51533389091492,0.103686
2007-07-17,22.8222408294678,1.58804833889008,2.35613989830017,0.09343
2007-07-18,23.654598236084,0.562377214431763,2.94258832931519,0.083563
2007-07-19,24.3063583374023,0.121475979685783,3.13320565223694,0.083563
2007-07-20,23.1653690338135,1.45005869865417,2.40483546257019,0.074151
2007-07-21,22.7529277801514,3.88899326324463,2.35269069671631,0.074151
2007-07-22,22.5664558410645,1.86029005050659,2.25173306465149,0.06515
2007-07-23,21.9158744812012,0.360149264335632,3.0012743473053,0.06515
2007-07-24,21.7061653137207,0.63425600528717,3.17383456230164,0.056603
2007-07-25,22.8411026000977,2.68838000297546,2.32303857803345,0.056603
2007-07-26,23.3247890472412,0.939238607883453,3.01487565040588,0.048533
2007-07-27,23.0692272186279,1.03381478786469,2.46686124801636,0.048533
2007-07-28,22.5644779205322,0.899829745292664,2.97503709793091,0.048533
2007-07-29,19.7918720245361,0.318758904933929,1.03269422054291,0.048533
2007-07-30,19.1201496124268,0.0981091856956482,3.09082078933716,0.048533
2007-07-31,18.2976493835449,0.24185748398304,1.95665562152863,0.048533
2007-08-01,19.6037158966064,0.447461545467377,2.08047962188721,0.048533
2007-08-02,19.7110652923584,0.471825271844864,1.54510271549225,0.048533
2007-08-03,20.6731739044189,0.813263297080994,2.14864039421082,0.048533
2007-08-04,21.5421123504639,0.554431140422821,2.63289308547974,0.048533
2007-08-05,21.8170642852783,0.454359471797943,2.56080722808838,0.048533
2007-08-06,21.8920593261719,1.03807747364044,2.54593014717102,0.048533
2007-08-07,21.0390110015869,1.93194782733917,1.99542379379272,0.056603
2007-08-08,20.930419921875,2.13133025169373,2.16293597221375,0.056603
2007-08-09,22.5483455657959,2.72456908226013,2.82560777664185,0.036567
2007-08-10,22.2438297271729,3.18911504745483,3.1952748298645,0.06515
2007-08-11,21.807674407959,2.92868089675903,2.10158491134644,0.056603
2007-08-12,21.4378051757813,3.15685367584229,2.52377915382385,0.044162
2007-08-13,21.5347957611084,2.9066915512085,2.81536173820496,0.0415
2007-08-14,21.3830680847168,3.84981203079224,2.7413318157196,0.0415
2007-08-15,20.4306316375732,4.35122680664063,2.43844485282898,0.06515
2007-08-16,20.9378795623779,4.46988153457642,2.07735776901245,0.103686
2007-08-17,19.847864151001,3.80797791481018,2.11194109916687,0.12541
2007-08-18,20.189001083374,1.57294571399689,2.48271155357361,0.12541
2007-08-19,20.0753078460693,1.75670754909515,2.44127202033997,0.09343
2007-08-20,21.0612087249756,0.0980819463729858,2.62281489372253,0.074151
2007-08-21,21.2516269683838,0.309592247009277,3.2692973613739,0.074151
2007-08-22,21.4421501159668,0.596939861774445,2.71883225440979,0.06515
2007-08-23,21.6927642822266,2.2992684841156,2.75739097595215,0.056603
2007-08-24,21.8205089569092,1.34926378726959,3.06357955932617,0.056603
2007-08-25,21.3004169464111,0.262449562549591,3.08673906326294,0.048533
2007-08-26,22.1940593719482,0.139750137925148,2.71440839767456,0.048533
2007-08-27,22.6515407562256,0.432455807924271,3.95649385452271,0.044162
2007-08-28,24.3496189117432,0.251178711652756,3.61635398864746,0.0415
2007-08-29,22.8985729217529,0.895017743110657,3.74338030815125,0.038969
2007-08-30,21.0858917236328,0.165639370679855,2.91383957862854,0.038969
2007-08-31,22.3947448730469,0.477917939424515,3.66296243667603,0.0415
2007-09-01,22.3284473419189,0.0491325482726097,3.8822009563446,0.044162
2007-09-02,22.1005020141602,0.322866469621658,3.21473550796509,0.0415
2007-09-03,22.4148254394531,1.69569098949432,2.93244600296021,0.038969
2007-09-04,22.1881103515625,5.21849775314331,3.00258159637451,0.038969
2007-09-05,21.6010780334473,4.93622207641602,2.84812355041504,0.0415
2007-09-06,21.3533687591553,3.78488993644714,2.62906622886658,0.044162
2007-09-07,21.9209575653076,6.07335519790649,3.14286160469055,0.074151
2007-09-08,20.8224544525147,3.8187792301178,3.00339651107788,0.136856
2007-09-09,21.2076034545898,1.85040819644928,3.05416083335876,0.12541
2007-09-10,21.4599380493164,1.35349190235138,3.0808436870575,0.083563
2007-09-11,21.2089042663574,2.18853282928467,2.26530432701111,0.074151
2007-09-12,21.2490768432617,0.518272042274475,3.56041169166565,0.06515
2007-09-13,22.3378753662109,2.70731925964355,3.12740921974182,0.056603
2007-09-14,21.6335506439209,0.756234884262085,2.85838437080383,0.06515
2007-09-15,21.6527061462402,0.507584571838379,3.45985794067383,0.056603
2007-09-16,23.504093170166,0.172591254115105,3.75374484062195,0.048533
2007-09-17,24.3938293457031,0.58476197719574,4.48130416870117,0.048533
2007-09-18,22.9789562225342,0.509480953216553,3.50674438476563,0.044162
2007-09-19,22.6214351654053,1.42305147647858,2.84964394569397,0.0415
2007-09-20,22.4149475097656,0.0913503021001816,4.23173904418945,0.038969
2007-09-21,22.0173664093018,0.898414134979248,2.84780049324036,0.036567
2007-09-22,22.867244720459,0.681204378604889,2.936687707901,0.034295
2007-09-23,23.291374206543,0.721385955810547,3.20803380012512,0.032153
2007-09-24,24.9614696502686,0.336877435445786,3.99551129341126,0.026354
2007-09-25,23.9974231719971,0.716185033321381,3.50668358802795,0.022979
2007-09-26,22.3021755218506,8.190185546875,1.51431286334991,0.024623
2007-09-27,22.256103515625,11.1364421844482,2.96469259262085,0.026354
2007-09-28,23.303918838501,6.08240461349487,3.21404647827148,0.028172
2007-09-29,23.3144226074219,0.975010395050049,3.04611229896545,0.032153
2007-09-30,22.598180770874,1.16822707653046,3.36202144622803,0.032153
2007-10-01,21.9051761627197,2.44897818565369,2.50664567947388,0.028172
2007-10-02,21.7187252044678,3.8624050617218,2.78506779670715,0.032153
2007-10-03,22.0158996582031,3.98324680328369,3.15741848945618,0.032153
2007-10-04,22.5438117980957,6.48981666564941,3.16478037834168,0.048533
2007-10-05,21.7811431884766,7.3890323638916,2.63921594619751,0.213171
2007-10-06,22.7990341186523,5.60359001159668,3.03667306900024,0.478467
2007-10-07,22.8537368774414,4.74027729034424,3.59827613830566,0.532755
2007-10-08,22.553258895874,2.28340888023376,3.51953864097595,0.350265
2007-10-09,21.4611759185791,2.62138748168945,3.10723280906677,0.199583
2007-10-10,22.2252655029297,3.98680782318115,3.55000758171082,0.14867
2007-10-11,21.8432559967041,2.78615593910217,3.29228615760803,0.136856
2007-10-12,23.6394577026367,3.1522204875946,3.49952363967896,0.173423
2007-10-13,24.4005470275879,2.72297072410584,3.89954376220703,0.160874
2007-10-14,24.7562942504883,1.29545032978058,4.58732128143311,0.114353
2007-10-15,24.0254211425781,1.29998111724854,3.80342054367065,0.083563
2007-10-16,22.9605484008789,0.865175604820252,3.44822192192078,0.074151
2007-10-17,23.441764831543,0.556589186191559,4.79349613189697,0.056603
2007-10-18,23.9456977844238,0.0286254398524761,4.56470537185669,0.044162
2007-10-19,24.4782733917236,0.227469429373741,4.34771919250488,0.0415
2007-10-20,24.6665725708008,0.0985357016324997,3.66345906257629,0.034295
2007-10-21,25.0649871826172,0.543172955513001,3.71895813941956,0.034295
2007-10-22,25.1620464324951,0.276320546865463,4.29404497146606,0.032153
2007-10-23,25.4536933898926,0.36120542883873,4.01553201675415,0.032153
2007-10-24,25.8095397949219,0.597070634365082,4.14355707168579,0.032153
2007-10-25,25.2880020141602,0.35604265332222,4.09265279769897,0.028172
2007-10-26,25.744987487793,0.279843807220459,4.76560497283936,0.028172
2007-10-27,25.5522747039795,0.148040145635605,5.45759630203247,0.026354
2007-10-28,27.0253124237061,0.0233765002340078,5.7291693687439,0.026354
2007-10-29,26.7873420715332,0.223221406340599,5.2037672996521,0.024623
2007-10-30,26.6901302337647,0.0814691409468651,5.49198913574219,0.022979
2007-10-31,27.2156562805176,0.109982177615166,5.53218269348145,0.019993
2007-11-01,27.2404251098633,0.0400104783475399,5.26608800888062,0.019993
2007-11-02,28.2705345153809,0.0143632413819432,6.14045810699463,0.01863
2007-11-03,27.9485759735107,0.0322144478559494,5.96898889541626,0.01863
2007-11-04,26.7593021392822,0.00975203234702349,4.93292284011841,0.017332
2007-11-05,26.4481506347656,0.0233962144702673,4.80523633956909,0.017332
2007-11-06,25.7486705780029,0.399532109498978,5.25850772857666,0.014973
2007-11-07,25.6492652893066,0.501483500003815,4.04175901412964,0.014973
2007-11-08,26.2414093017578,0.29214283823967,5.53930377960205,0.013891
2007-11-09,26.5865459442139,0.0315905585885048,5.51435852050781,0.012896
2007-11-10,25.8724918365479,0.0536316633224487,5.32355928421021,0.006794
2007-11-11,26.8860778808594,0.379489719867706,4.93221712112427,0.006794
2007-11-12,27.131103515625,0.488463819026947,4.64725542068481,0.005712
2007-11-13,25.591438293457,4.32173013687134,3.13184499740601,0.008698
2007-11-14,25.6137866973877,1.7289035320282,4.91135692596436,0.013891
2007-11-15,25.9212455749512,0.147808581590652,4.82750606536865,0.017959
2007-11-16,26.1991806030273,0.141273587942123,4.31984519958496,0.023
2007-11-17,25.7873458862305,1.8246842622757,4.46183967590332,0.028605
2007-11-18,23.9689140319824,0.493635475635529,4.07124900817871,0.023
2007-11-19,24.8058204650879,1.04977893829346,3.92692041397095,0.023
2007-11-20,26.622350692749,0.533641517162323,5.03735113143921,0.03475
2007-11-21,26.3434867858887,0.084563247859478,4.82715797424316,0.028605
2007-11-22,25.3968658447266,3.89978504180908,3.13344669342041,0.028605
2007-11-23,23.7628440856934,28.4617366790772,1.78825759887695,0.048684
2007-11-24,24.6429023742676,4.90179967880249,2.85950255393982,0.041457
2007-11-25,25.2235336303711,4.40743350982666,2.31122231483459,0.017959
2007-11-26,24.825761795044,6.1695032119751,2.35123491287231,0.189305
2007-11-27,24.0451946258545,21.4924964904785,1.99426972866058,0.929475
2007-11-28,24.9282112121582,12.6827392578125,1.52098655700684,0.726885
2007-11-29,23.9332828521729,13.8690299987793,1.84405040740967,0.775461
2007-11-30,23.1274509429932,11.070198059082,1.01051807403564,1.357159
2007-12-01,23.3818111419678,9.40726947784424,0.980618953704834,2.421132
2007-12-02,24.0693264007568,12.9574947357178,2.47214651107788,21.628107
2007-12-03,25.4391899108887,2.89545440673828,4.38703727722168,11.030221
2007-12-04,25.3070640563965,0.201226949691772,5.14821672439575,4.922063
2007-12-05,25.5881805419922,0.25869420170784,5.27499294281006,4.602134
2007-12-06,26.1231288909912,0.0548740029335022,5.52061986923218,2.53118
2007-12-07,27.1425514221191,0.155877992510796,5.04292869567871,0.430951
2007-12-08,26.043737411499,3.02467465400696,3.44644474983215,0.298877
2007-12-09,24.9088649749756,5.69978857040405,2.31485843658447,0.073567
2007-12-10,25.1907196044922,3.18420195579529,4.1029200553894,0.073567
2007-12-11,24.7839069366455,1.95825004577637,3.57208633422852,0.073567
2007-12-12,24.5590209960938,0.996680557727814,3.7394814491272,0.073567
2007-12-13,23.5998764038086,0.173961311578751,4.03961324691772,0.073567
2007-12-14,25.0256175994873,0.815837323665619,4.00727319717407,0.056452
2007-12-15,26.0367908477783,0.720567286014557,4.71550369262695,0.056452
2007-12-16,25.9015636444092,13.8166999816895,2.58467364311218,0.048684
2007-12-17,24.1866703033447,38.1521034240723,2.28588128089905,2.155599
2007-12-18,23.5283336639404,21.9152984619141,1.17392361164093,18.732792
2007-12-19,25.1863670349121,9.79800319671631,4.11629295349121,38.091444
2007-12-20,25.3316459655762,0.824832558631897,4.93419599533081,19.062112
2007-12-21,25.5569305419922,0.965023458003998,4.30043888092041,5.727124
2007-12-22,25.3746166229248,0.410470098257065,4.35680150985718,0.695294
2007-12-23,23.5089530944824,0.723329424858093,3.64758944511414,0.472733
2007-12-24,24.5471038818359,2.37479186058044,3.81309866905212,0.33434
2007-12-25,24.1868057250977,1.82670295238495,4.11535930633545,0.218256
2007-12-26,24.1724281311035,2.48184466362,4.18670749664307,0.189305
2007-12-27,23.795337677002,2.70599365234375,2.77147769927979,0.162237
2007-12-28,24.5346431732178,3.08483815193176,4.28629493713379,0.137116
2007-12-29,25.1001300811768,2.80442070960999,4.15648174285889,0.137116
2007-12-30,24.6480274200439,2.61521577835083,4.02524852752686,0.12528
2007-12-31,24.4831409454346,1.92323112487793,4.20716619491577,0.162237
2008-01-01,24.1666641235352,1.37704956531525,3.72550010681152,0.12528
2008-01-02,24.1491947174072,1.31757080554962,3.88485026359558,0.113942
2008-01-03,24.352991104126,2.27510833740234,3.96735453605652,0.113942
2008-01-04,23.1799201965332,0.60890918970108,3.5680775642395,0.103102
2008-01-05,24.6955318450928,2.22304081916809,4.03293943405151,0.092738
2008-01-06,26.3282508850098,0.813067674636841,5.24314260482788,0.082914
2008-01-07,26.7815284729004,0.114004254341126,5.48662805557251,0.064761
2008-01-08,25.542163848877,0.819020211696625,3.34729909896851,0.056452
2008-01-09,26.2813491821289,5.74770641326904,3.81798577308655,0.048684
2008-01-10,25.5691776275635,0.877210557460785,5.07107973098755,0.048684
2008-01-11,24.0994644165039,1.14375340938568,3.86337852478027,0.048684
2008-01-12,24.8390026092529,5.87613201141357,4.1287693977356,0.056452
2008-01-13,24.1912097930908,2.11996030807495,4.35444450378418,0.056452
2008-01-14,24.2378883361816,1.91894459724426,4.09051609039307,0.056452
2008-01-15,23.9921035766602,4.61598014831543,3.75749778747559,0.064761
2008-01-16,23.8602886199951,4.22032403945923,3.56639289855957,0.048684
2008-01-17,24.9989337921143,4.08638477325439,2.76850628852844,0.056452
2008-01-18,25.4882259368897,5.74489259719849,3.71131300926209,0.113942
2008-01-19,25.4949455261231,2.58636856079102,3.24076843261719,0.113942
2008-01-20,25.7661800384522,0.797614574432373,4.05349588394165,0.103102
2008-01-21,26.2141952514648,0.169000163674355,4.07584476470947,0.103102
2008-01-22,24.633092880249,8.75344467163086,1.5302540063858,0.103102
2008-01-23,25.0803985595703,3.78248763084412,3.57900810241699,0.092738
2008-01-24,25.2778835296631,1.41713857650757,4.43081474304199,0.082914
2008-01-25,24.9645748138428,0.843706011772156,3.46805119514465,0.092738
2008-01-26,24.5561065673828,1.25354814529419,3.874342918396,0.064761
2008-01-27,25.1616439819336,0.771478474140167,4.4044361114502,0.056452
2008-01-28,24.869384765625,1.78397285938263,3.9241259098053,0.048684
2008-01-29,25.0308151245117,1.25911021232605,3.70689678192139,0.048684
2008-01-30,24.9519348144531,0.138449713587761,5.08508253097534,0.048684
2008-01-31,25.4084701538086,2.54851007461548,2.09656977653503,0.048684
2008-02-01,24.7778472900391,15.3731346130371,1.32582783699036,0.056452
2008-02-02,26.0809650421143,10.7193365097046,3.92888784408569,0.947348
2008-02-03,26.1670093536377,0.891132831573486,4.38879823684692,0.649055
2008-02-04,26.8823509216309,0.192621663212776,5.35468769073486,0.281826
2008-02-05,26.5066070556641,0.215100049972534,4.70624303817749,0.175522
2008-02-06,25.7155246734619,1.2230019569397,4.11853790283203,0.103102
2008-02-07,25.5036106109619,1.63620054721832,4.0864372253418,0.082914
2008-02-08,25.6940479278564,0.190260961651802,4.79169607162476,0.064761
2008-02-09,25.9191513061523,0.688327610492706,4.05184078216553,0.048684
2008-02-10,25.7873058319092,1.54326152801514,4.4302396774292,0.048684
2008-02-11,25.0092163085938,0.799066603183746,4.16685056686401,0.041457
2008-02-12,25.4614448547363,1.85015821456909,3.977379322052,0.041457
2008-02-13,26.3945045471191,2.27253770828247,4.42960214614868,0.03475
2008-02-14,25.8687267303467,1.58977663516998,3.95610475540161,0.03475
2008-02-15,24.6708030700684,2.46637415885925,3.64792442321777,0.041457
2008-02-16,24.5778656005859,3.38758754730225,3.37248110771179,0.048684
2008-02-17,25.4159126281738,2.45440363883972,3.89728474617004,0.064761
2008-02-18,26.088888168335,3.09280824661255,3.5575807094574,0.189305
2008-02-19,26.1743583679199,3.04658007621765,4.12889909744263,0.162237
2008-02-20,25.90305519104,4.8548264503479,3.88666200637817,0.149428
2008-02-21,25.5938949584961,1.56117725372314,3.69228577613831,0.103102
2008-02-22,26.4986152648926,1.33641219139099,3.99930739402771,0.073567
2008-02-23,26.7461585998535,0.225535526871681,4.94057655334473,0.073567
2008-02-24,26.9858055114746,0.204356417059898,5.16184091567993,0.056452
2008-02-25,27.1760997772217,0.542534708976746,4.12077379226685,0.048684
2008-02-26,27.2506370544434,4.94718503952026,3.91189646720886,0.048684
2008-02-27,25.9380874633789,20.2212104797363,1.96048307418823,0.03475
2008-02-28,25.9545001983643,12.6219530105591,3.34995555877686,0.041457
2008-02-29,25.2047061920166,11.2187471389771,3.22372603416443,0.048684
2008-03-01,26.0164928436279,29.5715179443359,3.4600510597229,0.064761
2008-03-02,26.0994892120361,10.1713066101074,3.40704917907715,0.103102
2008-03-03,27.712869644165,3.09191823005676,4.62875652313232,0.113942
2008-03-04,27.2498378753662,5.5759425163269,4.45062732696533,0.092738
2008-03-05,27.0633506774902,4.38482189178467,4.29889678955078,0.082914
2008-03-06,26.5869026184082,3.52327704429626,3.95696091651917,0.082914
2008-03-07,27.1969223022461,0.533202946186066,4.12076902389526,0.073567
2008-03-08,26.3305263519287,4.58112621307373,3.68797087669373,0.073567
2008-03-09,26.0979614257813,4.61015272140503,4.28884553909302,0.064761
2008-03-10,26.1277828216553,0.324973076581955,4.54773044586182,0.056452
2008-03-11,26.1190452575684,1.22170150279999,4.11674547195435,0.048684
2008-03-12,26.3850555419922,2.11963987350464,4.00197649002075,0.048684
2008-03-13,26.7975406646729,1.33523643016815,4.00680541992188,0.048684
2008-03-14,27.6637706756592,0.796132028102875,4.46896457672119,0.048684
2008-03-15,27.1961574554443,0.169453233480454,4.35452938079834,0.048684
2008-03-16,25.5032405853272,2.20458793640137,2.5490517616272,0.03475
2008-03-17,24.8729877471924,5.27714109420776,2.71953725814819,0.03475
2008-03-18,25.4892768859863,4.51647138595581,3.57095074653626,0.064761
2008-03-19,25.0951366424561,5.55203104019165,3.21204328536987,0.103102
2008-03-20,24.9399662017822,5.16379165649414,3.3778817653656,0.113942
2008-03-21,25.180871963501,3.42037916183472,3.66109395027161,0.103102
2008-03-22,25.2757453918457,5.59069108963013,3.67167854309082,0.113942
2008-03-23,25.9355907440186,1.69520926475525,4.42907571792603,0.113942
2008-03-24,25.2126350402832,0.574698865413666,3.39764380455017,0.113942
2008-03-25,25.7956352233887,1.34518337249756,3.74204254150391,0.103102
2008-03-26,25.4973583221436,2.19523882865906,3.12709546089172,0.092738
2008-03-27,25.6500377655029,6.84574890136719,3.0492799282074,0.073567
2008-03-28,25.3968887329102,3.29731869697571,2.90861678123474,0.056452
2008-03-29,25.3244075775147,4.19745492935181,2.16592407226563,0.073567
2008-03-30,25.2942962646484,6.58319711685181,3.14734864234924,0.082914
2008-03-31,24.5485687255859,9.98539638519287,3.51819849014282,0.162237
2008-04-01,24.175271987915,4.25757694244385,2.93073844909668,0.316381
2008-04-02,25.1062335968018,2.69271016120911,3.35516858100891,0.561576
2008-04-03,25.1842880249023,2.14426255226135,3.78000140190125,0.298877
2008-04-04,26.0336666107178,0.462042361497879,3.82418060302734,0.189305
2008-04-05,26.6821899414063,0.534870624542236,3.50177335739136,0.137116
2008-04-06,25.989652633667,2.8063178062439,3.00161576271057,0.103102
2008-04-07,26.1083984375,3.51511931419373,3.27554726600647,0.073567
2008-04-08,26.1316566467285,2.96556377410889,3.6013617515564,0.064761
2008-04-09,26.1108951568604,1.51357614994049,3.68238830566406,0.073567
2008-04-10,25.3842487335205,1.91150569915771,3.24474191665649,0.064761
2008-04-11,25.9066619873047,1.72391700744629,3.46306800842285,0.056452
2008-04-12,26.4201431274414,0.390450656414032,3.94802451133728,0.048684
2008-04-13,26.6973724365234,0.155907392501831,3.81876969337463,0.048684
2008-04-14,27.0767097473145,0.310974895954132,3.95850133895874,0.03475
2008-04-15,27.1644515991211,0.244473397731781,4.00123596191406,0.028605
2008-04-16,25.7331275939941,1.76716649532318,2.58335661888123,0.041457
2008-04-17,25.6383399963379,4.17127847671509,2.92680668830872,0.041457
2008-04-18,25.6784706115723,5.86049938201904,3.47667574882507,0.041457
2008-04-19,25.1427955627441,1.79783082008362,3.40923762321472,0.041457
2008-04-20,24.9540233612061,2.0826575756073,3.28500509262085,0.041457
2008-04-21,25.6561870574951,1.56010961532593,3.48999238014221,0.03475
2008-04-22,25.44655418396,0.442293494939804,3.14009189605713,0.028605
2008-04-23,25.5167446136475,1.17513346672058,2.87505841255188,0.03475
2008-04-24,26.6422080993652,1.21283316612244,3.64332509040833,0.03475
2008-04-25,26.2019958496094,2.5226423740387,3.1404550075531,0.113942
2008-04-26,26.7071342468262,4.27810573577881,3.20090699195862,0.390965
2008-04-27,26.268518447876,1.17794632911682,3.50946426391602,0.189305
2008-04-28,25.7854671478272,1.76470625400543,2.91069269180298,0.103102
2008-04-29,26.2277202606201,0.491384774446487,3.24066972732544,0.073567
2008-04-30,25.3874111175537,0.330088585615158,3.73512721061707,0.056452
2008-05-01,25.0324783325195,0.880567073822022,2.94966697692871,0.048684
2008-05-02,24.0584564208984,1.25174033641815,2.04541444778442,0.041457
2008-05-03,24.6054763793945,0.78892993927002,2.08921551704407,0.03475
2008-05-04,25.2748928070068,0.18843537569046,3.20201468467712,0.028605
2008-05-05,25.6642475128174,0.0823663175106049,3.76020073890686,0.028605
2008-05-06,26.8813228607178,0.228285074234009,3.88525128364563,0.028605
2008-05-07,25.9306049346924,0.476750642061234,2.4853150844574,0.028605
2008-05-08,24.4908008575439,1.69329023361206,2.76250767707825,0.023
2008-05-09,24.2338466644287,0.644052088260651,2.36334443092346,0.023
2008-05-10,23.8201522827148,0.179445669054985,3.30063581466675,0.028605
2008-05-11,23.4760456085205,0.173231720924377,2.77145552635193,0.023
2008-05-12,22.5079898834229,0.179713040590286,2.56700778007507,0.017959
2008-05-13,22.3373546600342,0.0804004222154617,3.22001147270203,0.017959
2008-05-14,22.6587371826172,0.968426585197449,2.26970648765564,0.023
2008-05-15,22.8272743225098,3.27029800415039,1.15098643302917,0.028605
2008-05-16,23.5986328125,0.436030238866806,2.52024078369141,0.028605
2008-05-17,23.7067718505859,0.60094565153122,2.69673585891724,0.023
2008-05-18,23.3857440948486,0.353386014699936,2.51925230026245,0.023
2008-05-19,23.2205829620361,0.140952944755554,2.56377220153809,0.023
2008-05-20,22.9095420837402,0.137147799134254,2.83977627754211,0.017959
2008-05-21,22.3950500488281,0.180599346756935,3.21177244186401,0.017959
2008-05-22,23.0402889251709,0.0898986160755158,3.33944201469421,0.017959
2008-05-23,23.9068260192871,0.0384275056421757,3.10024976730347,0.017959
2008-05-24,23.4086647033691,0.0938200205564499,3.3023533821106,0.013891
2008-05-25,24.1907043457031,0.0293650906533003,3.13638639450073,0.013891
2008-05-26,24.7871265411377,0.0300881117582321,2.45220041275024,0.013891
2008-05-27,23.9929790496826,0.0294159706681967,2.88400626182556,0.013891
2008-05-28,23.5790538787842,0.500954687595367,2.23886466026306,0.013891
2008-05-29,23.8278179168701,0.67309981584549,2.3524751663208,0.013891
2008-05-30,23.7349834442139,0.909115076065063,2.29976201057434,0.013891
2008-05-31,23.7531509399414,0.838550806045532,2.62967205047607,0.012896
2008-06-01,23.4077854156494,7.51977729797363,2.9092059135437,0.012896
2008-06-02,22.3451538085938,1.60392796993256,2.6185884475708,0.012896
2008-06-03,22.3376331329346,3.89245414733887,1.46635103225708,0.012896
2008-06-04,22.729944229126,9.62907600402832,2.42629933357239,0.013891
2008-06-05,23.3017635345459,1.68839001655579,2.51111745834351,0.011057
2008-06-06,23.7378711700439,0.713055312633514,2.12285614013672,0.013891
2008-06-07,23.453405380249,2.41037225723267,2.38673138618469,0.013891
2008-06-08,23.6845226287842,2.60275149345398,1.99089419841766,0.017959
2008-06-09,24.7864360809326,2.79780173301697,2.8951313495636,0.017959
2008-06-10,22.9836921691895,0.438490718603134,2.63662004470825,0.017959
2008-06-11,22.5693283081055,0.265207439661026,2.58515691757202,0.023
2008-06-12,22.4285430908203,6.16317510604858,1.45036685466766,0.023
2008-06-13,21.7133445739746,2.82363653182983,1.70951128005981,0.028605
2008-06-14,22.2877750396729,2.02927160263062,2.17906951904297,0.028605
2008-06-15,21.9292774200439,0.604444086551666,2.50634121894836,0.028605
2008-06-16,22.9129734039307,0.0221840068697929,3.05401039123535,0.028605
2008-06-17,21.3811550140381,1.29972434043884,1.36963152885437,0.028605
2008-06-18,21.0091075897217,8.63875579833984,0.862116754055023,0.028605
2008-06-19,21.3813171386719,2.9803946018219,1.62863540649414,0.028605
2008-06-20,21.6459484100342,1.45481276512146,1.88027548789978,0.041457
2008-06-21,21.2775955200195,0.812442481517792,2.16872978210449,0.048684
2008-06-22,22.1513042449951,0.167310565710068,2.82186484336853,0.048684
2008-06-23,22.2438640594482,0.434528768062592,2.14848113059998,0.056452
2008-06-24,22.9888610839844,0.496431171894074,2.35295701026917,0.048684
2008-06-25,22.005443572998,6.92595624923706,1.40629124641418,0.03475
2008-06-26,22.3343830108643,7.46504402160645,2.22397136688232,0.041457
2008-06-27,21.202299118042,3.58364415168762,1.17777371406555,0.048684
2008-06-28,21.4745216369629,2.08936929702759,1.93716824054718,0.048684
2008-06-29,20.223539352417,2.69638633728027,1.78145563602448,0.048684
2008-06-30,21.2437744140625,5.95254755020142,1.39419603347778,0.048684
2008-07-01,21.7952175140381,6.89264726638794,1.77683663368225,0.048684
2008-07-02,21.3398666381836,3.99085474014282,2.251793384552,0.056452
2008-07-03,21.6029567718506,1.73933553695679,2.09399604797363,0.056452
2008-07-04,21.3552474975586,2.00570845603943,2.07698678970337,0.056452
2008-07-05,21.0515155792236,0.84340900182724,2.13021659851074,0.048684
2008-07-06,21.5625514984131,2.59783172607422,1.65900897979736,0.048684
2008-07-07,20.1606636047363,0.488156110048294,2.04618883132935,0.041457
2008-07-08,18.767728805542,0.404117405414581,2.84132790565491,0.041457
2008-07-09,19.6264228820801,0.854382157325745,1.47376370429993,0.048684
2008-07-10,19.5863056182861,3.04053044319153,0.651762127876282,0.048684
2008-07-11,21.9640407562256,7.30261373519898,2.34052300453186,0.048684
2008-07-12,21.2333469390869,1.56257557868958,2.42281985282898,0.056452
2008-07-13,20.5052871704102,1.27936184406281,2.57060551643372,0.056452
2008-07-14,21.0695362091064,1.37916421890259,2.37474846839905,0.048684
2008-07-15,20.8853740692139,1.57294261455536,2.29916787147522,0.048684
2008-07-16,20.7065391540527,1.40034794807434,2.00151777267456,0.03475
2008-07-17,19.7433547973633,0.6833536028862,2.56997776031494,0.03475
2008-07-18,21.1326942443848,0.0591847486793995,2.37396097183228,0.03475
2008-07-19,21.2884006500244,1.64832079410553,2.6316499710083,0.03475
2008-07-20,21.2127933502197,0.503435671329498,2.37727785110474,0.028605
2008-07-21,19.8151836395264,0.242002189159393,2.02832913398743,0.028605
2008-07-22,20.5945281982422,0.379255026578903,2.34177422523499,0.028605
2008-07-23,21.3091907501221,1.83417320251465,2.16051030158997,0.023
2008-07-24,21.2268028259277,0.175045028328896,3.03571701049805,0.028605
2008-07-25,20.4177017211914,0.00398567039519548,2.76067519187927,0.023
2008-07-26,20.8973407745361,0.271071642637253,3.48914361000061,0.023
2008-07-27,20.9173336029053,2.40038108825684,2.20220875740051,0.023
2008-07-28,21.0762805938721,2.01338720321655,2.4853401184082,0.023
2008-07-29,19.649206161499,0.434504270553589,2.34693098068237,0.023
2008-07-30,21.3606395721436,1.03466892242432,2.59666705131531,0.017959
2008-07-31,21.8130416870117,0.493649452924728,2.7365095615387,0.017959
2008-08-01,22.4376335144043,1.34443295001984,3.12725520133972,0.017959
2008-08-02,22.2822666168213,2.76243042945862,2.22072744369507,0.017959
2008-08-03,24.0121574401856,1.19706118106842,2.77063369750977,0.023
2008-08-04,24.9739589691162,0.1083699837327,3.75039601325989,0.023
2008-08-05,24.4683132171631,0.566223621368408,3.13217735290527,0.023
2008-08-06,22.6644515991211,1.27733099460602,2.75608325004578,0.023
2008-08-07,22.202995300293,2.62784743309021,1.94875931739807,0.023
2008-08-08,23.2832164764404,0.631926834583283,3.19984078407288,0.017959
2008-08-09,22.4995937347412,0.451605260372162,2.85746788978577,0.017959
2008-08-10,22.6976356506348,0.212647438049316,2.92466711997986,0.017959
2008-08-11,21.4543628692627,0.129306063055992,3.0754919052124,0.017959
2008-08-12,21.9053764343262,0.46464329957962,2.55278301239014,0.017959
2008-08-13,22.2660236358643,0.446741253137589,3.39179444313049,0.017959
2008-08-14,21.5336570739746,2.33627605438232,2.61083364486694,0.017959
2008-08-15,20.9727115631104,2.01565051078796,2.55305790901184,0.017959
2008-08-16,22.1199703216553,4.19618844985962,3.18017172813416,0.013891
2008-08-17,21.1477069854736,2.79448533058167,2.53153371810913,0.028605
2008-08-18,20.2506637573242,1.28799843788147,2.57588839530945,0.028605
2008-08-19,21.5047397613525,3.23672246932983,2.5899121761322,0.028605
2008-08-20,21.6374912261963,3.79530787467957,3.11114883422852,0.028605
2008-08-21,21.9979648590088,2.40049910545349,3.02843475341797,0.03475
2008-08-22,22.4672584533691,0.453783810138702,3.12951469421387,0.028605
2008-08-23,22.8326416015625,0.154235452413559,3.59710168838501,0.028605
2008-08-24,21.9854602813721,0.420933157205582,3.14632916450501,0.028605
2008-08-25,21.3799095153809,1.21347999572754,2.08422422409058,0.028605
2008-08-26,22.1264419555664,1.52396726608276,2.63921618461609,0.023
2008-08-27,22.5279197692871,0.324989587068558,3.81876707077026,0.023
2008-08-28,23.1092681884766,0.0218871496617794,3.85170531272888,0.017959
2008-08-29,23.4020500183106,0.0231258925050497,4.0936074256897,0.017959
2008-08-30,22.453405380249,0.261131823062897,3.67941117286682,0.017959
2008-08-31,21.6918449401856,0.0903713628649712,3.04778623580933,0.017959
2008-09-01,22.3137645721436,0.266564637422562,2.69843339920044,0.014973
2008-09-02,21.791919708252,0.45173716545105,1.81265532970428,0.014973
2008-09-03,23.1998672485352,1.65734875202179,2.97013902664185,0.013891
2008-09-04,23.9152126312256,0.615791440010071,3.82562971115112,0.012896
2008-09-05,23.475549697876,0.11281656473875,3.67226243019104,0.012896
2008-09-06,22.1971874237061,0.0704803913831711,4.11166048049927,0.011057
2008-09-07,25.5184764862061,0.0350140333175659,4.67135620117188,0.012896
2008-09-08,24.8629817962647,0.239222794771194,3.52004361152649,0.011057
2008-09-09,23.1013107299805,0.309763997793198,2.75034976005554,0.011057
2008-09-10,22.7457084655762,0.00664686597883701,3.91707730293274,0.012896
2008-09-11,23.494535446167,0.0879310742020607,3.65803909301758,0.011057
2008-09-12,22.9851913452148,0.497427076101303,3.64982986450195,0.011057
2008-09-13,24.5662689208984,0.0481989495456219,4.08046054840088,0.012896
2008-09-14,25.4456405639648,0.154577910900116,4.33689594268799,0.011057
2008-09-15,25.1295433044434,0.0533711016178131,4.03199529647827,0.011057
2008-09-16,25.2189311981201,0.269633889198303,4.33940696716309,0.010213
2008-09-17,25.2057209014893,0.05120799690485,4.21438074111939,0.008698
2008-09-18,24.040943145752,0.149922430515289,3.37409234046936,0.006794
2008-09-19,22.0141754150391,2.0166552066803,1.4725900888443,0.004803
2008-09-20,21.5933513641357,1.54506504535675,2.00232768058777,0.004803
2008-09-21,22.8680782318115,1.93822240829468,2.86188912391663,0.005712
2008-09-22,24.7726516723633,0.143426120281219,4.23244857788086,0.008027
2008-09-23,26.1413650512695,0.185641601681709,4.37687826156616,0.005712
2008-09-24,23.5050468444824,2.67245817184448,2.14516401290894,0.004803
2008-09-25,21.7150135040283,5.53188991546631,0.808862805366516,0.004003
2008-09-26,21.946964263916,1.64053070545197,2.25757050514221,0.003635
2008-09-27,21.7530078887939,1.51385378837585,1.6217565536499,0.003635
2008-09-28,23.1059265136719,1.80658519268036,3.68574810028076,0.003635
2008-09-29,24.7136936187744,0.437748402357101,3.15228843688965,0.003635
2008-09-30,24.5877208709717,2.57791590690613,3.04686880111694,0.003635
2008-10-01,25.5099506378174,2.27492642402649,3.66910815238953,0.003635
2008-10-02,25.9093475341797,0.544141292572022,4.75841379165649,0.003635
2008-10-03,25.8193969726563,0.315585076808929,4.10071516036987,0.003635
2008-10-04,26.0379791259766,0.588807642459869,4.34803056716919,0.003635
2008-10-05,26.0450649261475,0.342376083135605,4.69609642028809,0.003635
2008-10-06,26.0771541595459,0.39975968003273,4.70948076248169,0.003635
2008-10-07,24.7727947235107,0.444427788257599,3.79214477539063,0.003635
2008-10-08,23.2793846130371,2.28377509117126,3.26350283622742,0.003635
2008-10-09,22.7140312194824,3.82008266448975,3.18575596809387,0.004003
2008-10-10,22.7497005462647,3.67953968048096,2.95339941978455,0.004803
2008-10-11,22.145471572876,12.3357696533203,2.33618378639221,0.005712
2008-10-12,23.8122062683106,10.3226757049561,4.0169563293457,0.006794
2008-10-13,24.5288352966309,1.13484489917755,4.11053228378296,0.008027
2008-10-14,24.9066123962402,0.169915601611137,4.18798065185547,0.008027
2008-10-15,24.9734401702881,0.425244003534317,4.40165281295776,0.006794
2008-10-16,25.9584331512451,0.222395032644272,5.04862594604492,0.008698
2008-10-17,25.5630760192871,0.0656087845563889,5.2496395111084,0.008698
2008-10-18,25.7943649291992,0.225163236260414,5.22638654708862,0.008698
2008-10-19,26.4994087219238,0.155454739928246,5.00119829177856,0.010213
2008-10-20,26.1811065673828,1.11545741558075,4.57683658599854,0.011057
2008-10-21,24.9589920043945,1.17138743400574,3.88297152519226,0.011057
2008-10-22,25.7035713195801,1.52907252311707,4.3853759765625,0.013891
2008-10-23,25.3397331237793,0.282453060150147,4.49923086166382,0.023
2008-10-24,25.0699329376221,1.30096054077148,3.65169835090637,0.028605
2008-10-25,25.2077140808106,0.706045031547546,4.5813045501709,0.017959
2008-10-26,25.6748428344727,0.351424276828766,4.96326303482056,0.013891
2008-10-27,26.3285026550293,0.0617486611008644,5.36981296539307,0.008698
2008-10-28,26.5289440155029,0.0488627888262272,5.55432939529419,0.010213
2008-10-29,25.3111457824707,0.41535010933876,4.36334896087647,0.013891
2008-10-30,25.9019107818604,0.290288865566254,4.52306222915649,0.013891
2008-10-31,27.400806427002,0.0292003210633993,5.43660163879395,0.011057
2008-11-01,25.9498691558838,0.26545774936676,4.55370712280273,0.008698
2008-11-02,26.1372928619385,0.123113058507442,5.45111846923828,0.008698
2008-11-03,27.0127449035645,0.0355991534888744,5.97560691833496,0.008027
2008-11-04,28.7228622436523,0.0783402249217033,6.13519239425659,0.008027
2008-11-05,28.2529201507568,0.0313543081283569,5.79936170578003,0.006794
2008-11-06,28.1102619171143,0.105657063424587,6.13647794723511,0.004803
2008-11-07,28.0366058349609,0.134069383144379,6.15331792831421,0.011944
2008-11-08,27.4588088989258,0.0157866682857275,5.5679407119751,0.011944
2008-11-09,27.0062255859375,0.0264329593628645,4.75553321838379,0.011944
2008-11-10,27.394214630127,0.271470874547958,5.45268774032593,0.005712
2008-11-11,26.349100112915,0.878965854644775,3.84125399589539,0.011944
2008-11-12,25.8863773345947,6.32557058334351,3.5810170173645,0.011944
2008-11-13,27.0792961120605,2.00454783439636,5.03979825973511,0.011944
2008-11-14,26.2872772216797,1.78745222091675,4.08079290390015,0.011944
2008-11-15,26.9860935211182,0.45006600022316,4.67366790771484,0.011944
2008-11-16,26.4488544464111,0.22470024228096,4.1748833656311,0.011944
2008-11-17,26.6033248901367,0.250262826681137,4.64618396759033,0.011944
2008-11-18,25.5114421844482,0.939867079257965,3.60876750946045,0.011944
2008-11-19,25.9050540924072,1.62643849849701,3.45838809013367,0.011944
2008-11-20,22.5672245025635,23.9775199890137,0.61064088344574,0.006794
2008-11-21,21.9649848937988,18.5639705657959,1.02544021606445,0.004803
2008-11-22,23.1366233825684,7.27781820297241,1.06662905216217,0.008698
2008-11-23,22.5203380584717,10.2048168182373,1.20189869403839,0.008027
2008-11-24,23.2784366607666,5.44690275192261,1.96760439872742,0.004803
2008-11-25,23.4056758880615,6.27693796157837,2.47633838653564,0.005712
2008-11-26,23.8493156433105,15.4849996566772,2.46219110488892,0.005712
2008-11-27,24.4250068664551,9.30062580108643,2.40909266471863,0.013891
2008-11-28,23.7180309295654,6.0295786857605,1.62794351577759,0.041457
2008-11-29,23.8132247924805,14.4923439025879,1.51959705352783,0.056452
2008-11-30,23.7410278320313,14.7875175476074,1.07023680210114,0.092738
2008-12-01,25.3281860351563,12.8180932998657,2.22356390953064,0.371643
2008-12-02,25.7931976318359,14.6795148849487,3.36688590049744,1.44254
2008-12-03,26.6064929962158,13.2470588684082,3.92076230049133,1.597529
2008-12-04,26.4712257385254,10.6979904174805,3.98054504394531,1.420989
2008-12-05,23.4195404052734,34.2976799011231,1.24202644824982,6.130834
2008-12-06,22.2904472351074,11.4247016906738,0.925245523452759,4.96285
2008-12-07,22.6904315948486,17.7433815002441,0.825432658195496,7.277981
2008-12-08,23.8659896850586,13.3707141876221,3.49279952049255,5.380364
2008-12-09,23.1981334686279,1.67504739761353,1.7156800031662,1.597529
2008-12-10,24.6618614196777,3.65047836303711,3.81949591636658,0.876767
2008-12-11,25.3162956237793,2.23576235771179,4.42748880386353,0.538705
2008-12-12,25.7627449035645,1.48670852184296,4.17835378646851,0.233467
2008-12-13,25.6788635253906,0.80739563703537,4.10791683197022,0.203543
2008-12-14,25.6675643920898,1.72207629680634,3.75170540809631,0.149428
2008-12-15,25.4518413543701,1.44106495380402,4.14486598968506,0.113942
2008-12-16,24.7024326324463,0.0354328975081444,3.57112455368042,0.073567
2008-12-17,25.2278575897217,0.734419882297516,2.8249089717865,0.056452
2008-12-18,25.0404624938965,1.29144549369812,3.65811419487,0.056452
2008-12-19,24.7449569702148,1.70853018760681,4.04614686965942,0.056452
2008-12-20,24.1887092590332,3.05782318115234,3.0605194568634,0.041457
2008-12-21,24.596321105957,1.68986833095551,3.78591203689575,0.041457
2008-12-22,25.2197418212891,3.00872588157654,3.49282789230347,0.048684
2008-12-23,24.9752140045166,6.32105445861816,2.50107049942017,0.33434
2008-12-24,24.4292068481445,10.9903726577759,1.74593913555145,0.742918
2008-12-25,24.2709579467773,13.2368764877319,1.7806795835495,1.193343
2008-12-26,26.1484470367432,1.72063720226288,4.73235368728638,1.057742
2008-12-27,25.9110164642334,0.190745174884796,4.15863275527954,0.791949
2008-12-28,25.2764282226563,0.247061610221863,4.41739988327026,0.494284
2008-12-29,25.0180244445801,1.46795272827148,4.01988220214844,0.249111
2008-12-30,24.5213279724121,1.32064700126648,3.43406105041504,0.103102
2008-12-31,25.6696510314941,1.07763350009918,4.18446445465088,0.082914
2009-01-01,25.4622459411621,0.401074767112732,4.30420351028442,0.056452
2009-01-02,26.9022464752197,0.576439738273621,4.77503490447998,0.03475
2009-01-03,26.9003162384033,1.77052664756775,3.94034099578857,0.028605
2009-01-04,27.2745113372803,6.20953941345215,4.07324409484863,0.017959
2009-01-05,26.774600982666,7.61602687835693,2.99827527999878,0.013891
2009-01-06,26.1759548187256,12.3893089294434,3.79905271530151,0.965372
2009-01-07,25.0953483581543,6.75865507125855,2.2532479763031,0.203543
2009-01-08,25.524076461792,3.44528889656067,3.82426118850708,0.695294
2009-01-09,24.7253799438477,2.31449031829834,3.72652721405029,0.695294
2009-01-10,25.107328414917,4.53944206237793,3.85477876663208,0.316381
2009-01-11,25.4392681121826,3.29728817939758,3.41899871826172,0.103102
2009-01-12,25.491189956665,7.13979625701904,2.94240260124207,0.056452
2009-01-13,26.1499805450439,5.20159292221069,4.02650260925293,0.056452
2009-01-14,25.0189361572266,1.04305815696716,4.21329879760742,0.859479
2009-01-15,25.8083362579346,1.09862446784973,4.34696674346924,0.726885
2009-01-16,26.9723148345947,0.123527377843857,4.58014965057373,0.203543
2009-01-17,26.3602142333984,0.512685775756836,4.47970342636108,0.12528
2009-01-18,26.2503566741943,0.902188181877136,4.59709358215332,0.092738
2009-01-19,25.6681251525879,0.255410194396973,4.69435882568359,0.073567
2009-01-20,25.6347618103027,0.397553503513336,4.56825256347656,0.056452
2009-01-21,25.7829437255859,0.451903015375137,4.36001300811768,0.056452
2009-01-22,27.0898609161377,2.77715826034546,3.27896118164063,0.041457
2009-01-23,26.4424934387207,10.2429285049438,3.72608733177185,0.041457
2009-01-24,25.9648685455322,9.47649478912354,3.92845320701599,0.028605
2009-01-25,25.2344455718994,9.37384605407715,2.57139301300049,1.464264
2009-01-26,25.2734756469727,13.0099754333496,3.05912590026855,2.734809
2009-01-27,25.6376552581787,2.87756752967834,3.60676288604736,5.949621
2009-01-28,25.8956737518311,1.3886022567749,4.21133089065552,2.078613
2009-01-29,25.8037128448486,0.23199699819088,4.09271955490112,0.929475
2009-01-30,25.0494823455811,0.301262021064758,4.10245609283447,0.316381
2009-01-31,26.0015392303467,0.469569176435471,4.03269672393799,0.149428
2009-02-01,26.2154483795166,0.453038156032562,4.06476974487305,0.103102
2009-02-02,26.2572269439697,0.957172691822052,4.25942945480347,0.073567
2009-02-03,25.9812755584717,2.34103012084961,4.20150566101074,0.073567
2009-02-04,26.2710437774658,2.95504021644592,4.45702981948853,0.073567
2009-02-05,26.5314311981201,2.08902788162231,4.23934412002564,0.064761
2009-02-06,26.4257030487061,1.28913831710815,4.45417308807373,0.056452
2009-02-07,26.7347755432129,1.43613851070404,4.29281330108643,0.056452
2009-02-08,26.0090026855469,1.63362109661102,3.64216470718384,0.056452
2009-02-09,26.9456844329834,1.33088755607605,4.26067495346069,0.056452
2009-02-10,26.6653137207031,1.25080537796021,4.39188385009766,0.056452
2009-02-11,25.8219127655029,1.24742090702057,3.84971618652344,0.056452
2009-02-12,26.4151802062988,2.29381895065308,4.07771348953247,0.056452
2009-02-13,25.392147064209,0.852130770683289,2.7972686290741,0.041457
2009-02-14,26.1380290985107,1.65148866176605,4.08736801147461,0.041457
2009-02-15,25.5018272399902,1.83983826637268,3.74789524078369,0.041457
2009-02-16,25.4141445159912,3.46112847328186,3.81600594520569,0.041457
2009-02-17,25.5257549285889,4.86127901077271,3.80036783218384,0.041457
2009-02-18,25.3077278137207,4.02215433120728,3.09789395332336,0.041457
2009-02-19,24.7811737060547,4.12291097640991,2.77979183197022,0.041457
2009-02-20,25.2595024108887,3.71670794487,3.87800073623657,0.041457
2009-02-21,25.8371086120606,2.63330411911011,4.14887666702271,0.041457
2009-02-22,25.8613109588623,1.30357372760773,3.66511392593384,0.041457
2009-02-23,25.5935535430908,1.44019949436188,3.93013906478882,0.041457
2009-02-24,25.9116363525391,1.40614080429077,4.02613735198975,0.041457
2009-02-25,26.399787902832,1.64701044559479,4.04641962051392,0.041457
2009-02-26,25.9153213500977,3.94677019119263,2.63719606399536,0.041457
2009-02-27,25.5433883666992,4.05964660644531,3.75263547897339,0.041457
2009-02-28,25.4489974975586,1.7709538936615,3.97850751876831,0.056452
2009-03-01,26.3230228424072,1.18265235424042,4.09589195251465,0.056452
2009-03-02,25.9242916107178,1.71451437473297,3.82394456863403,0.056452
2009-03-03,26.6320419311523,0.373590648174286,4.56227922439575,0.056452
2009-03-04,27.1344394683838,0.196323677897453,4.87038135528565,0.056452
2009-03-05,26.8109569549561,0.0536151826381683,5.23455381393433,0.041457
2009-03-06,27.5395698547363,0.474035233259201,4.97020292282105,0.041457
2009-03-07,27.6019649505615,0.308043658733368,4.3464412689209,0.041457
2009-03-08,27.1734085083008,2.80104374885559,3.79087615013123,0.041457
2009-03-09,26.3282909393311,1.69281208515167,3.92707204818726,0.041457
2009-03-10,26.0772666931152,1.63956809043884,3.63396763801575,0.028605
2009-03-11,25.6774387359619,0.454786717891693,3.96960020065308,0.028605
2009-03-12,26.0980072021484,0.682145476341248,4.04506778717041,0.028605
2009-03-13,26.8704090118408,0.131842225790024,4.87122344970703,0.028605
2009-03-14,27.4612445831299,0.0319822356104851,5.17120456695557,0.028605
2009-03-15,28.039680480957,0.00442278478294611,5.27842044830322,0.028605
2009-03-16,27.6466274261475,0.218558788299561,4.75541114807129,0.028605
2009-03-17,26.6931915283203,2.73591351509094,3.1214234828949,0.028605
2009-03-18,26.9842128753662,5.38020324707031,3.87241101264954,0.028605
2009-03-19,26.3093681335449,12.5310258865356,2.24530816078186,0.041457
2009-03-20,26.3820667266846,6.47381448745728,2.78013372421265,0.041457
2009-03-21,25.7224464416504,9.62959861755371,2.32588362693787,0.073567
2009-03-22,25.8175411224365,10.1274108886719,2.22716116905212,1.153855
2009-03-23,26.2329902648926,4.11999464035034,3.83766222000122,2.078613
2009-03-24,26.8109455108643,0.586483836174011,4.14779186248779,0.608615
2009-03-25,27.0986251831055,0.53839385509491,4.10240030288696,0.149428
2009-03-26,26.9416046142578,10.3078165054321,3.03792762756348,0.316381
2009-03-27,26.1867752075195,9.98179721832275,3.04644012451172,0.494284
2009-03-28,26.4144096374512,5.23284101486206,3.63285112380981,0.825421
2009-03-29,27.2975482940674,2.5128870010376,4.36787414550781,0.189305
2009-03-30,27.8902816772461,0.271027982234955,4.45081901550293,0.103102
2009-03-31,27.7074317932129,0.155442789196968,4.1101245880127,0.056452
2009-04-01,27.8293762207031,2.30836796760559,3.6234622001648,0.056452
2009-04-02,25.0687942504883,31.1291542053223,0.815577566623688,0.064761
2009-04-03,24.9552726745605,12.4750699996948,2.07535171508789,0.911754
2009-04-04,25.2869491577148,13.8448543548584,1.99723017215729,5.683157
2009-04-05,25.5170116424561,22.0662746429443,2.2637825012207,4.180595
2009-04-06,26.0493469238281,4.02103710174561,4.02578020095825,1.689249
2009-04-07,26.8729305267334,0.79861980676651,4.05534839630127,0.859479
2009-04-08,26.8498229980469,0.980333924293518,3.936274766922,0.538705
2009-04-09,26.9876308441162,1.15934538841248,3.66390657424927,0.233467
2009-04-10,26.3158206939697,6.83448123931885,3.10155081748962,0.218256
2009-04-11,25.8048496246338,13.0512208938599,2.74912071228027,0.218256
2009-04-12,24.7898845672607,9.65128898620605,2.21026372909546,1.057742
2009-04-13,24.8266468048096,15.2443237304688,2.84416961669922,6.268599
2009-04-14,25.0290393829346,6.05996227264404,3.10005736351013,4.681067
2009-04-15,25.3426609039307,1.4149010181427,3.36598205566406,4.255655
2009-04-16,25.1344261169434,2.47077560424805,3.05017256736755,1.114972
2009-04-17,24.5029373168945,2.75208234786987,2.93399620056152,1.399568
2009-04-18,24.1870250701904,6.17670202255249,2.55052018165588,1.213314
2009-04-19,24.3179798126221,6.31773090362549,2.64260292053223,0.759103
2009-04-20,24.0603160858154,5.19419765472412,2.17131614685059,0.633974
2009-04-21,24.5723857879639,8.26638221740723,1.79666364192963,0.561576
2009-04-22,24.0790519714356,6.65752840042114,2.85652041435242,0.649055
2009-04-23,24.0761260986328,3.05694627761841,2.67210006713867,0.494284
2009-04-24,24.5884799957275,4.38783740997314,2.71717357635498,0.538705
2009-04-25,24.9629364013672,1.5365868806839,3.09431552886963,0.281826
2009-04-26,25.7609043121338,0.81632125377655,3.19266223907471,0.113942
2009-04-27,25.6881351470947,1.1480872631073,3.17249441146851,0.149428
2009-04-28,23.804328918457,15.1003656387329,1.24920642375946,0.233467
2009-04-29,23.531909942627,5.62949180603027,1.86080896854401,1.038982
2009-04-30,23.7191467285156,1.76399624347687,2.81320834159851,0.859479
2009-05-01,22.9320583343506,0.749784409999847,2.95979571342468,0.33434
2009-05-02,21.8514347076416,3.87862706184387,0.544678509235382,0.203543
2009-05-03,22.2688274383545,2.34721660614014,1.74264585971832,0.12528
2009-05-04,21.9725170135498,4.4170069694519,1.01157355308533,0.092738
2009-05-05,21.9260311126709,22.2141914367676,0.646080851554871,0.092738
2009-05-06,23.4019336700439,4.82557106018066,2.64270567893982,0.092738
2009-05-07,23.9168567657471,0.633422791957855,2.50214815139771,0.092738
2009-05-08,23.792667388916,0.611662268638611,2.78134870529175,0.082914
2009-05-09,23.6353187561035,1.01210021972656,2.22399425506592,0.082914
2009-05-10,23.3872108459473,0.971852421760559,2.50877618789673,0.082914
2009-05-11,23.04833984375,0.808943867683411,3.04508423805237,0.073567
2009-05-12,22.8032550811768,0.221237748861313,3.09514784812927,0.064761
2009-05-13,23.0253276824951,0.122013941407204,2.98543453216553,0.073567
2009-05-14,23.7341060638428,0.581113696098328,1.70479571819305,0.073567
2009-05-15,25.403736114502,1.43771195411682,2.51695251464844,0.073567
2009-05-16,26.0831317901611,0.19885316491127,3.21433353424072,0.073567
2009-05-17,23.7736377716064,4.36303806304932,1.17200875282288,0.073567
2009-05-18,22.7452526092529,6.33150148391724,1.58272314071655,0.516267
2009-05-19,21.8914432525635,0.627856075763702,2.63480877876282,0.092738
2009-05-20,21.7148857116699,0.118869431316853,2.00380897521973,0.073567
2009-05-21,21.7167053222656,0.708626925945282,2.66574764251709,0.073567
2009-05-22,21.7292747497559,0.487472474575043,1.9606808423996,0.073567
2009-05-23,22.7072277069092,2.13186860084534,1.85361897945404,0.073567
2009-05-24,21.6045646667481,0.86609423160553,2.56736493110657,0.073567
2009-05-25,21.8659362792969,0.243426471948624,2.60886931419373,0.073567
2009-05-26,21.7045040130615,0.783934414386749,2.17156600952148,0.064761
2009-05-27,21.8471908569336,2.74480628967285,1.73390972614288,0.064761
2009-05-28,23.2769336700439,8.06281280517578,1.67574977874756,1.486118
2009-05-29,23.8737525939941,6.17582941055298,2.2947199344635,1.464264
2009-05-30,23.9219703674316,2.04047918319702,2.6074583530426,0.608615
2009-05-31,23.1381416320801,1.70511734485626,1.64842677116394,0.281826
2009-06-01,24.3200168609619,0.5343998670578,2.83100914955139,0.233467
2009-06-02,25.1152935028076,1.3701708316803,3.22263717651367,0.12528
2009-06-03,23.7936515808106,16.7036437988281,1.87553536891937,0.092738
2009-06-04,21.085880279541,9.08402538299561,0.623388171195984,0.808609
2009-06-05,22.8236789703369,13.5898790359497,1.40129339694977,0.791949
2009-06-06,23.4799766540527,9.37608432769775,1.86751091480255,0.633974
2009-06-07,23.178352355957,2.91687226295471,2.00325965881348,0.584879
2009-06-08,21.9790325164795,2.94571542739868,1.8973001241684,0.451615
2009-06-09,21.2611503601074,0.523337006568909,1.801060795784,0.472733
2009-06-10,22.6092777252197,1.56998896598816,2.00568819046021,0.472733
2009-06-11,23.3288612365723,3.08043646812439,2.55277442932129,0.451615
2009-06-12,22.4993171691895,1.08268988132477,2.10167479515076,0.316381
2009-06-13,22.3353214263916,0.53558337688446,2.40092658996582,0.233467
2009-06-14,22.1501579284668,0.480427235364914,1.77596259117126,0.189305
2009-06-15,21.4773139953613,1.33870232105255,1.34068512916565,0.12528
2009-06-16,21.3044834136963,2.99682188034058,1.88121378421783,0.082914
2009-06-17,21.8280754089355,0.568658351898193,2.34500098228455,0.073567
2009-06-18,22.5434970855713,0.267872273921967,2.79025530815125,0.073567
2009-06-19,22.1260871887207,0.21491214632988,2.32605028152466,0.073567
2009-06-20,21.5598125457764,1.57705748081207,2.15638208389282,0.056452
2009-06-21,21.8739356994629,1.20348453521729,2.41328454017639,0.056452
2009-06-22,21.403865814209,0.385646760463715,2.25310039520264,0.056452
2009-06-23,21.8914318084717,0.377299070358276,1.45248961448669,0.056452
2009-06-24,22.5874633789063,1.52346479892731,2.12349820137024,0.056452
2009-06-25,22.7586612701416,1.20348858833313,1.79798579216003,0.073567
2009-06-26,23.4645404815674,1.81602036952972,2.50505781173706,0.073567
2009-06-27,22.5028018951416,1.21266257762909,2.41307210922241,0.073567
2009-06-28,22.5469570159912,1.38355100154877,2.06888651847839,0.048684
2009-06-29,22.2446556091309,1.69975352287292,2.09107971191406,0.048684
2009-06-30,21.8781776428223,2.04006552696228,2.1518828868866,0.041457
2009-07-01,22.5705299377441,0.945379793643951,2.32941007614136,0.041457
2009-07-02,22.7847957611084,0.891706049442291,2.55922842025757,0.041457
2009-07-03,23.2194328308105,0.461493045091629,2.80069255828857,0.041457
2009-07-04,22.385232925415,0.907235145568848,2.1136326789856,0.048684
2009-07-05,21.5794620513916,1.65641856193542,2.28904724121094,0.048684
2009-07-06,22.1182956695557,3.08479189872742,2.41896772384644,0.048684
2009-07-07,20.5246067047119,5.12504625320435,0.825740814208984,0.056452
2009-07-08,21.2663497924805,9.89671421051025,1.58271837234497,0.056452
2009-07-09,21.8315753936768,8.63397789001465,1.98292601108551,0.064761
2009-07-10,21.6639614105225,6.32393550872803,1.86332309246063,0.113942
2009-07-11,22.6223869323731,5.55598545074463,2.11652088165283,0.137116
2009-07-12,23.8200569152832,1.08635222911835,2.63515901565552,0.113942
2009-07-13,23.5667705535889,0.817920029163361,3.00063467025757,0.113942
2009-07-14,23.3976135253906,2.32050347328186,2.29404711723328,0.113942
2009-07-15,22.8559169769287,2.07543849945068,2.53743553161621,0.113942
2009-07-16,21.7708988189697,4.30497169494629,2.28326988220215,0.103102
2009-07-17,21.7404384613037,5.13149881362915,1.88429629802704,0.103102
2009-07-18,21.2725315093994,3.90931963920593,1.81758916378021,0.103102
2009-07-19,21.5966110229492,0.762005269527435,2.64015626907349,0.092738
2009-07-20,22.6948337554932,0.494336098432541,2.57044768333435,0.092738
2009-07-21,22.5607509613037,1.49726951122284,2.32574224472046,0.092738
2009-07-22,23.1571750640869,2.22007012367249,2.3027925491333,0.073567
2009-07-23,22.8395233154297,0.891373753547669,2.23083066940308,0.073567
2009-07-24,23.2854690551758,2.08507990837097,2.26172876358032,0.103102
2009-07-25,22.8176174163818,1.01315760612488,2.51403784751892,0.103102
2009-07-26,21.7924194335938,0.519129395484924,2.1995267868042,0.056452
2009-07-27,21.8807334899902,0.0536472201347351,3.0548267364502,0.056452
2009-07-28,23.2246894836426,0.853346228599548,2.41819095611572,0.056452
2009-07-29,21.5999336242676,0.184174284338951,2.80207252502441,0.056452
2009-07-30,21.7732791900635,0.332442134618759,2.54872250556946,0.056452
2009-07-31,21.2495460510254,0.131684243679047,2.14460182189941,0.056452
2009-08-01,21.9905548095703,2.33342146873474,2.01599407196045,0.056452
2009-08-02,22.8151054382324,4.66339349746704,2.56616973876953,0.056452
2009-08-03,22.533784866333,1.9043151140213,2.48304915428162,0.056452
2009-08-04,21.866268157959,0.632852494716644,3.12832927703857,0.056452
2009-08-05,22.1011428833008,1.21090614795685,2.77752947807312,0.056452
2009-08-06,22.3151702880859,0.156999513506889,2.9382815361023,0.056452
2009-08-07,22.2019653320313,0.329513818025589,3.19702291488647,0.056452
2009-08-08,22.4394016265869,1.83523678779602,3.09320640563965,0.048684
2009-08-09,21.4071712493897,1.36532413959503,2.35400795936584,0.048684
2009-08-10,22.2298145294189,0.509159028530121,2.67052340507507,0.056452
2009-08-11,22.8485260009766,0.0193088762462139,3.20857763290405,0.056452
2009-08-12,21.0446319580078,0.462163925170898,2.56429266929626,0.056452
2009-08-13,21.5717391967773,0.958107709884644,2.5337929725647,0.048684
2009-08-14,21.4739780426025,1.83927464485168,2.44577145576477,0.048684
2009-08-15,21.3110446929932,2.3307101726532,2.50319170951843,0.048684
2009-08-16,21.7797451019287,3.37349510192871,2.74596095085144,0.048684
2009-08-17,21.6219043731689,2.86356663703918,2.90985012054443,0.048684
2009-08-18,21.7877311706543,0.630149722099304,3.19700717926025,0.048684
2009-08-19,22.6341953277588,0.751136839389801,2.91841626167297,0.048684
2009-08-20,24.2506446838379,0.243427768349648,3.48992276191711,0.048684
2009-08-21,24.8078327178955,0.287622839212418,3.75920629501343,0.056452
2009-08-22,21.936164855957,10.4562320709229,0.859516680240631,0.056452
2009-08-23,21.7738742828369,13.8149328231812,1.50714039802551,0.175522
2009-08-24,22.8586177825928,6.18190288543701,2.97514033317566,0.137116
2009-08-25,23.1058101654053,3.20279407501221,3.17359757423401,0.113942
2009-08-26,21.9876976013184,0.585707426071167,3.01701021194458,0.113942
2009-08-27,21.8060035705566,0.413747757673264,2.83197784423828,0.082914
2009-08-28,22.3442726135254,1.02209317684174,2.75188136100769,0.073567
2009-08-29,22.4319267272949,1.28671228885651,2.69354486465454,0.073567
2009-08-30,22.0382080078125,2.15406179428101,2.31059622764587,0.056452
2009-08-31,21.3992576599121,1.10615634918213,2.12422060966492,0.056452
2009-09-01,22.0092849731445,1.31364798545837,2.17073035240173,0.056452
2009-09-02,22.5286254882813,0.856639921665192,3.06047224998474,0.056452
2009-09-03,22.8548603057861,0.293310314416885,2.98524451255798,0.041457
2009-09-04,24.014554977417,0.237461254000664,3.34777688980103,0.041457
2009-09-05,24.9097633361816,1.54831862449646,3.06700921058655,0.041457
2009-09-06,23.9856395721436,2.7263035774231,3.37460851669312,0.028605
2009-09-07,24.6193351745606,1.19240570068359,2.95399498939514,0.028605
2009-09-08,24.4665718078613,1.85895764827728,3.30452084541321,0.028605
2009-09-09,23.7551231384277,2.70245361328125,3.07602953910828,0.03475
2009-09-10,22.9455490112305,4.35943698883057,3.04723763465881,0.056452
2009-09-11,22.6614589691162,7.16298341751099,2.58778858184814,0.103102
2009-09-12,22.5092029571533,6.30866670608521,3.2071361541748,0.092738
2009-09-13,22.3798522949219,1.16001915931702,2.83356285095215,0.092738
2009-09-14,23.2510814666748,0.479474306106567,4.08547115325928,0.073567
2009-09-15,23.0502872467041,0.258761495351791,4.28596067428589,0.056452
2009-09-16,23.845100402832,0.534952402114868,3.35584616661072,0.041457
2009-09-17,23.8234100341797,1.96364629268646,3.20791721343994,0.041457
2009-09-18,25.0002918243408,1.60551965236664,3.79143309593201,0.041457
2009-09-19,24.8573246002197,0.312068462371826,4.24783849716187,0.041457
2009-09-20,25.0769691467285,0.0539749450981617,4.75339651107788,0.028605
2009-09-21,26.5190658569336,0.927440881729126,3.94454741477966,0.028605
2009-09-22,25.4140472412109,3.08882570266724,3.38701438903809,0.028605
2009-09-23,25.8317584991455,1.08215737342834,4.55259990692139,0.017959
2009-09-24,25.9888553619385,0.157239660620689,4.65638542175293,0.017959
2009-09-25,23.6281929016113,3.29348182678223,1.99694776535034,0.017959
2009-09-26,23.7561664581299,5.70734214782715,2.84584999084473,0.014973
2009-09-27,24.6918849945068,3.53228950500488,4.23439836502075,0.013891
2009-09-28,23.8781700134277,1.20066344738007,4.85085391998291,0.013891
2009-09-29,25.9101066589356,0.664483487606049,5.11466979980469,0.011944
2009-09-30,24.4023685455322,0.271734058856964,3.60328435897827,0.011944
2009-10-01,23.1938724517822,1.79344761371613,1.69015908241272,0.011944
2009-10-02,22.9946670532227,1.53025043010712,2.09411811828613,0.010213
2009-10-03,24.1791648864746,0.328354597091675,3.07321619987488,0.010213
2009-10-04,24.0675201416016,0.0419020652770996,4.41118812561035,0.008698
2009-10-05,23.538143157959,0.382100611925125,3.28380584716797,0.008698
2009-10-06,23.8441543579102,0.309050381183624,2.77787780761719,0.008698
2009-10-07,25.5359878540039,0.650645256042481,4.13352203369141,0.011057
2009-10-08,25.7808132171631,2.77736258506775,3.93458580970764,0.023
2009-10-09,25.7820281982422,4.00072240829468,2.82736706733704,0.03475
2009-10-10,23.7394065856934,25.1317291259766,1.70016527175903,0.103102
2009-10-11,23.0318794250488,19.6181545257568,2.1231484413147,0.092738
2009-10-12,24.42360496521,0.655629098415375,3.11787080764771,0.048684
2009-10-13,25.9641494750977,0.880789279937744,4.39192962646484,0.03475
2009-10-14,25.770149230957,0.768867492675781,4.28764057159424,0.028605
2009-10-15,25.7316246032715,2.10619974136353,4.08890676498413,0.017959
2009-10-16,26.4528541564941,1.40739965438843,4.28737688064575,0.017959
2009-10-17,26.3829612731934,0.504254341125488,4.76576328277588,0.017959
2009-10-18,25.0617427825928,0.59990668296814,3.67531895637512,0.017959
2009-10-19,25.7465839385986,1.9537650346756,4.20161628723145,0.017959
2009-10-20,25.7014217376709,0.522339761257172,4.41454839706421,0.017959
2009-10-21,27.2056770324707,0.235872179269791,5.01143169403076,0.017959
2009-10-22,27.4117736816406,0.850882053375244,4.25473880767822,0.017959
2009-10-23,26.4130344390869,5.54763126373291,3.82457232475281,0.017959
2009-10-24,25.5685710906982,10.1464891433716,2.10169267654419,0.017959
2009-10-25,26.1312389373779,16.86936378479,3.26343536376953,0.017959
2009-10-26,25.1894264221191,19.7020111083984,2.37450361251831,0.028605
2009-10-27,25.3221073150635,15.5176076889038,2.25646615028381,0.041457
2009-10-28,23.5958976745606,22.9260730743408,1.39489102363586,10.722019
2009-10-29,23.4050846099854,9.58055400848389,1.49821579456329,4.446388
2009-10-30,24.1516284942627,8.47556114196777,2.53568267822266,3.851448
2009-10-31,24.1245918273926,8.81558990478516,1.66295230388641,2.503463
2009-11-01,25.4230213165283,4.70578861236572,4.07111215591431,1.44254
2009-11-02,25.2955646514893,0.682004332542419,4.24096584320068,0.876767
2009-11-03,24.5933933258057,0.591581463813782,4.03793334960938,0.452285
2009-11-04,24.7781486511231,0.0706901326775551,4.40477180480957,0.227127
2009-11-05,24.6247158050537,1.48884320259094,3.59346795082092,0.14867
2009-11-06,25.3635082244873,1.2737580537796,3.79041409492493,0.12541
2009-11-07,24.703052520752,1.34240257740021,3.68209028244019,0.12541
2009-11-08,25.2076358795166,0.558129549026489,4.43881607055664,0.103686
2009-11-09,25.9464721679688,0.065169632434845,4.64802646636963,0.103686
2009-11-10,26.0525226593018,0.0538840033113957,4.54714012145996,0.103686
2009-11-11,25.0616798400879,1.41864120960236,3.81640815734863,0.103686
2009-11-12,25.1744956970215,0.0861550718545914,4.85228300094605,0.103686
2009-11-13,24.7325267791748,0.510352551937103,4.24665498733521,0.103686
2009-11-14,24.8269729614258,2.33254194259644,3.08656215667725,0.103686
2009-11-15,25.61012840271,2.61952543258667,4.31934881210327,0.103686
2009-11-16,26.9196681976318,0.538915991783142,4.33342695236206,0.083563
2009-11-17,26.1283664703369,1.31927537918091,4.37389421463013,0.083563
2009-11-18,23.6709232330322,17.1423645019531,1.27341151237488,0.083563
2009-11-19,25.1886882781982,4.90687084197998,3.92753124237061,0.083563
2009-11-20,25.4611263275147,2.603684425354,4.34072065353394,0.083563
2009-11-21,25.312370300293,0.551630437374115,4.67646837234497,0.103686
2009-11-22,24.6861438751221,0.181113451719284,4.73197841644287,0.12541
2009-11-23,25.3998775482178,0.160200163722038,4.22221279144287,0.103686
2009-11-24,25.678466796875,0.256124824285507,4.48499011993408,0.103686
2009-11-25,25.2076168060303,0.051126953214407,4.24576568603516,0.103686
2009-11-26,26.0297832489014,0.556494474411011,4.28344297409058,0.103686
2009-11-27,26.2268486022949,1.21363294124603,4.97912168502808,0.103686
2009-11-28,25.7219409942627,0.032207477837801,5.12394618988037,0.103686
2009-11-29,27.4030456542969,0.059395357966423,5.67443323135376,0.083563
2009-11-30,27.1193618774414,0.298125565052032,5.2381329536438,0.083563
2009-12-01,27.1651668548584,0.518202722072601,3.57575106620789,0.083563
2009-12-02,26.5169067382813,0.806784212589264,4.62895059585571,0.083563
2009-12-03,26.1435661315918,0.613301932811737,4.55181074142456,0.083563
2009-12-04,26.1467475891113,1.49036180973053,4.44562101364136,0.06515
2009-12-05,24.7393131256104,2.66477942466736,1.39075183868408,0.06515
2009-12-06,26.557445526123,0.540429830551148,3.89880323410034,0.06515
2009-12-07,26.2142467498779,0.0986170619726181,4.4642596244812,0.06515
2009-12-08,26.868049621582,1.00027275085449,4.73894739151001,0.06515
2009-12-09,26.7362155914307,0.0376510135829449,5.42165517807007,0.048533
2009-12-10,25.8985290527344,0.169554576277733,4.77634716033936,0.048533
2009-12-11,26.2854976654053,0.683815836906433,4.2884783744812,0.044162
2009-12-12,27.2645893096924,0.332391381263733,4.77016019821167,0.038969
2009-12-13,27.991662979126,0.0536996610462666,5.64356279373169,0.036567
2009-12-14,28.1751804351807,0.0501529835164547,5.16429662704468,0.036567
2009-12-15,26.2220134735107,0.978167593479156,4.55764722824097,0.036567
2009-12-16,26.9940052032471,0.534272193908691,5.11260890960693,0.032153
2009-12-17,27.3914852142334,0.538475573062897,4.82178115844727,0.032153
2009-12-18,27.7647857666016,0.826857089996338,5.00347757339478,0.032153
2009-12-19,27.592264175415,0.160365387797356,5.19293880462647,0.030098
2009-12-20,26.9279594421387,0.419490844011307,4.72977256774902,0.024623
2009-12-21,26.0983200073242,0.777232766151428,3.45595550537109,0.021443
2009-12-22,26.8874168395996,0.803332388401032,4.58258581161499,0.021443
2009-12-23,27.4053249359131,0.300276100635529,4.84444093704224,0.017332
2009-12-24,27.8469161987305,0.162071332335472,5.39866638183594,0.017332
2009-12-25,28.1719989776611,0.0650596097111702,5.34907245635986,0.017332
2009-12-26,27.2408676147461,5.85419940948486,3.79238867759705,0.01612
2009-12-27,28.9228134155273,2.34035277366638,5.01111125946045,0.01612
2009-12-28,27.8666343688965,7.10011863708496,4.36761951446533,0.01612
2009-12-29,28.16042137146,2.24859213829041,4.59536838531494,0.01612
2009-12-30,27.3301029205322,3.03377866744995,3.69161343574524,0.01612
2009-12-31,27.1761894226074,0.79275107383728,3.79928159713745,0.01612
2010-01-01,26.9090232849121,1.17347884178162,4.7471137046814,0.01612
2010-01-02,26.3820705413818,2.99689960479736,4.16734981536865,0.022979
2010-01-03,26.3046092987061,2.48848819732666,3.93852591514587,0.028172
2010-01-04,26.7655391693115,5.1636905670166,4.44919300079346,0.028172
2010-01-05,26.9453582763672,1.78979349136353,4.77988004684448,0.024623
2010-01-06,26.7756843566895,2.16807079315186,4.6295428276062,0.024623
2010-01-07,27.3676319122314,1.43232774734497,4.36441373825073,0.024623
2010-01-08,26.5564765930176,3.79982018470764,4.26668453216553,0.021443
2010-01-09,26.016565322876,2.72807192802429,4.40912628173828,0.021443
2010-01-10,25.8068809509277,1.14277946949005,4.07915210723877,0.021443
2010-01-11,26.6393146514893,2.11114883422852,4.30104827880859,0.021443
2010-01-12,26.673978805542,3.17800545692444,3.97976493835449,0.019993
2010-01-13,26.8408756256104,3.98598599433899,4.24102973937988,0.019993
2010-01-14,26.6678714752197,5.36134052276611,4.17055892944336,0.01863
2010-01-15,27.5978450775147,1.88458907604218,5.24088859558106,0.01863
2010-01-16,27.0150775909424,0.795837581157684,4.77767419815064,0.01863
2010-01-17,27.3559684753418,3.00282406806946,4.96824264526367,0.01863
2010-01-18,26.271728515625,1.11071848869324,4.14356851577759,0.01863
2010-01-19,26.8381080627441,1.11397051811218,4.97526741027832,0.017332
2010-01-20,26.5622329711914,0.491321504116058,4.82602548599243,0.01612
2010-01-21,27.4118385314941,0.764685273170471,4.73400831222534,0.01612
2010-01-22,27.7864532470703,2.11954569816589,4.57724332809448,0.01612
2010-01-23,27.5064544677734,1.22578191757202,4.19021606445313,0.01612
2010-01-24,27.6935386657715,1.1417453289032,5.07483768463135,0.01612
2010-01-25,27.4632511138916,1.2128244638443,5.00979995727539,0.01612
2010-01-26,26.53586769104,0.688491761684418,4.70284843444824,0.01863
2010-01-27,26.548002243042,0.783919334411621,4.21744012832642,0.01863
2010-01-28,27.2964134216309,2.27502870559692,4.66512203216553,0.01863
2010-01-29,27.0497760772705,2.51626396179199,4.80037641525269,0.01612
2010-01-30,26.9278163909912,0.867757201194763,4.53951025009155,0.01612
2010-01-31,26.9603404998779,1.06538510322571,4.30207967758179,0.013891
2010-02-01,28.2306270599365,0.389220893383026,5.38584136962891,0.013891
2010-02-02,27.9090900421143,0.484917402267456,4.94295167922974,0.013891
2010-02-03,28.0455532073975,0.904505729675293,5.21035242080689,0.013891
2010-02-04,26.8733367919922,1.2467440366745,4.13775587081909,0.01612
2010-02-05,26.8746376037598,5.25085926055908,3.86759757995605,0.01612
2010-02-06,26.5010948181152,4.77820634841919,3.59194087982178,0.01612
2010-02-07,27.307279586792,2.24107480049133,3.97796964645386,0.01612
2010-02-08,27.505651473999,0.724000871181488,4.66974687576294,0.01612
2010-02-09,27.2086067199707,1.19586288928986,4.26289892196655,0.01612
2010-02-10,27.163179397583,0.754964292049408,4.0625262260437,0.017332
2010-02-11,26.5546455383301,4.86605453491211,3.48355913162231,0.017332
2010-02-12,26.078649520874,5.53834342956543,4.16560459136963,0.017332
2010-02-13,26.0886859893799,4.84758806228638,4.33080434799194,0.021443
2010-02-14,26.280424118042,4.87172031402588,3.74918556213379,0.021443
2010-02-15,27.3538417816162,3.56647086143494,4.05368375778198,0.021443
2010-02-16,27.1802310943604,2.8528778553009,4.14844560623169,0.021443
2010-02-17,27.1622486114502,1.30062615871429,3.97344398498535,0.021443
2010-02-18,27.3369693756104,0.363216042518616,4.63564682006836,0.024623
2010-02-19,28.0380668640137,0.142051249742508,5.19829893112183,0.024623
2010-02-20,27.5170192718506,1.88173747062683,4.25476789474487,0.024623
2010-02-21,27.2823524475098,2.35618782043457,3.99577498435974,0.024623
2010-02-22,27.4081287384033,0.902871489524841,4.4394211769104,0.024623
2010-02-23,27.530517578125,1.6426602602005,4.48138427734375,0.024623
2010-02-24,27.7871284484863,0.875527918338776,5.22804641723633,0.021443
2010-02-25,28.4366607666016,0.234338507056236,4.94912815093994,0.021443
2010-02-26,28.8852806091309,0.511475026607513,5.33311223983765,0.021443
2010-02-27,27.8199481964111,1.57982063293457,4.38973760604858,0.021443
2010-02-28,27.4085388183594,0.620451211929321,3.95427966117859,0.021443
2010-03-01,28.4576206207275,0.213480278849602,5.19554805755615,0.021443
2010-03-02,28.3690395355225,1.15267896652222,4.09714508056641,0.021443
2010-03-03,27.0406265258789,14.5177526473999,2.52893614768982,0.026354
2010-03-04,26.7641658782959,15.0615615844727,2.87752342224121,0.044162
2010-03-05,25.4935264587402,26.8022136688232,1.12734723091126,0.048533
2010-03-06,25.7729949951172,15.3462266921997,3.05931496620178,0.048533
2010-03-07,26.6395053863525,32.7831954956055,3.02133297920227,0.825421
2010-03-08,27.1239166259766,20.3823471069336,2.60995388031006,2.002883
2010-03-09,26.7310638427734,10.9037075042725,2.51434636116028,3.67467
2010-03-10,27.2559032440186,5.30451488494873,4.58016729354858,2.207615
2010-03-11,28.1113719940186,0.783006370067596,4.2696967124939,0.66431
2010-03-12,27.8107128143311,0.649999022483826,4.29155731201172,0.384149
2010-03-13,27.6159019470215,0.14887173473835,4.19950008392334,0.227127
2010-03-14,26.3887310028076,0.330040633678436,4.05347871780396,0.160874
2010-03-15,26.9633712768555,0.491100400686264,3.75760388374329,0.103686
2010-03-16,25.9976959228516,1.32025098800659,3.79741978645325,0.06515
2010-03-17,25.7207622528076,0.620878219604492,2.68599367141724,0.06515
2010-03-18,25.763240814209,5.1805214881897,2.9835684299469,0.103686
2010-03-19,26.0448760986328,5.73140096664429,2.90311813354492,0.286176
2010-03-20,25.609245300293,4.23241710662842,3.49973940849304,0.350265
2010-03-21,25.7169075012207,9.75380802154541,3.84770202636719,0.270921
2010-03-22,26.4242420196533,8.71531391143799,3.49962425231934,0.160874
2010-03-23,25.9745178222656,13.0391836166382,3.13867330551147,0.301733
2010-03-24,26.1891098022461,5.10628986358643,3.77811861038208,0.350265
2010-03-25,25.1860256195068,2.99511361122131,3.26192545890808,0.173423
2010-03-26,25.5726985931397,3.26029443740845,3.1228518486023,0.186319
2010-03-27,25.4245510101318,2.57498335838318,3.16581177711487,0.947348
2010-03-28,24.8682098388672,5.52874279022217,2.01603627204895,0.825421
2010-03-29,26.1983833312988,3.99515557289124,3.65599417686462,0.575186
2010-03-30,26.247184753418,1.87553191184998,4.18063163757324,0.465289
2010-03-31,27.0265922546387,0.651338279247284,3.78377652168274,0.419202
2010-04-01,25.580400466919,0.896418988704681,3.46588230133057,0.350265
2010-04-02,25.6804313659668,3.29896974563599,2.26794600486755,0.317615
2010-04-03,25.3240032196045,9.66399478912354,1.63404095172882,0.301733
2010-04-04,25.1737365722656,8.41292381286621,1.745734333992,0.842385
2010-04-05,25.6934356689453,8.56769847869873,2.93393969535828,1.620248
2010-04-06,26.9103813171387,4.88384914398193,3.95941543579102,0.929475
2010-04-07,26.2926235198975,10.6117401123047,2.13844990730286,0.426775
2010-04-08,24.8629093170166,22.3810806274414,3.11253929138184,3.851448
2010-04-09,23.5328922271729,1.47065365314484,3.39124655723572,1.508123
2010-04-10,23.051305770874,0.410707920789719,2.01111364364624,0.560883
2010-04-11,23.637300491333,0.791938900947571,3.17089819908142,0.384149
2010-04-12,23.4354038238525,0.566291809082031,2.80432605743408,0.301733
2010-04-13,24.1019802093506,1.21226298809052,2.77209377288818,0.199583
2010-04-14,24.5755958557129,4.3469614982605,3.54686260223389,0.12541
2010-04-15,24.3706474304199,4.16616582870483,2.22247934341431,0.160874
2010-04-16,24.308650970459,17.5427913665771,1.96097278594971,6.268599
2010-04-17,25.4926338195801,8.02540588378906,2.95566630363464,7.030493
2010-04-18,25.5010585784912,4.13625144958496,3.39418911933899,3.434518
2010-04-19,24.9990882873535,3.77096700668335,3.17788004875183,0.983547
2010-04-20,23.6715240478516,0.261141836643219,3.66657161712647,0.633974
2010-04-21,24.7600860595703,1.62931787967682,3.14346981048584,0.350265
2010-04-22,25.1999320983887,1.46600520610809,3.2385995388031,0.227127
2010-04-23,25.7120056152344,0.74144846200943,3.10028100013733,0.14867
2010-04-24,25.2662601470947,0.421344578266144,3.08578777313232,0.12541
2010-04-25,24.7351303100586,1.93283700942993,3.13973641395569,0.103686
2010-04-26,24.9427642822266,3.37111854553223,2.86437773704529,0.103686
2010-04-27,25.2085514068604,1.76244640350342,2.99136543273926,0.103686
2010-04-28,25.1512413024902,0.715760231018066,3.05820798873901,0.103686
2010-04-29,24.3159694671631,0.607431054115295,2.75400376319885,0.09343
2010-04-30,23.8773899078369,1.75812339782715,2.87236642837524,0.083563
2010-05-01,23.8533191680908,1.38487696647644,2.36886835098267,0.083563
2010-05-02,24.1599254608154,4.28267908096314,3.11705946922302,0.06515
2010-05-03,23.2409038543701,2.86943483352661,2.76538825035095,0.06515
2010-05-04,22.6496524810791,0.64803957939148,2.64629244804382,0.06515
2010-05-05,23.1812877655029,0.285009890794754,2.37575578689575,0.06515
2010-05-06,24.4322147369385,1.25674617290497,2.18804812431335,0.06515
2010-05-07,24.9224605560303,1.30242431163788,2.79760885238647,0.056603
2010-05-08,24.7993316650391,1.26377940177917,2.55052757263184,0.048533
2010-05-09,25.3545722961426,1.5907416343689,3.10648441314697,0.0415
2010-05-10,25.3196029663086,1.5905374288559,2.93274641036987,0.0415
2010-05-11,24.2351741790772,6.52957344055176,2.21771430969238,0.0415
2010-05-12,24.6890926361084,2.04036068916321,2.32809638977051,0.0415
2010-05-13,25.5947742462158,0.713989615440369,2.69410705566406,0.0415
2010-05-14,25.7078552246094,2.49922132492065,2.6786744594574,0.034295
2010-05-15,24.2853565216064,4.16827154159546,1.19252836704254,0.034295
2010-05-16,23.9492835998535,0.704340577125549,1.98326408863068,0.034295
2010-05-17,24.0364742279053,0.127508491277695,2.20993852615356,0.034295
2010-05-18,24.2502880096436,0.642467975616455,2.2896728515625,0.032153
2010-05-19,23.8668098449707,0.47750261425972,3.02593040466309,0.032153
2010-05-20,23.3129138946533,0.322365015745163,2.2736611366272,0.028172
2010-05-21,23.2859687805176,0.230101600289345,3.35569405555725,0.028172
2010-05-22,24.3252639770508,0.033241119235754,2.8947319984436,0.028172
2010-05-23,24.8400096893311,0.814570486545563,2.3541305065155,0.028172
2010-05-24,24.3472595214844,2.12685537338257,2.36919450759888,0.028172
2010-05-25,24.8449668884277,0.986794888973236,2.57907509803772,0.028172
2010-05-26,24.0261840820313,1.40883457660675,2.39693975448608,0.028172
2010-05-27,23.7215328216553,1.16869020462036,2.99464821815491,0.024623
2010-05-28,23.9255084991455,0.468311309814453,2.89838290214539,0.024623
2010-05-29,22.9610691070557,0.406338661909103,2.18215465545654,0.024623
2010-05-30,23.3122329711914,1.77415716648102,1.28388202190399,0.024623
2010-05-31,24.3416061401367,3.90437388420105,1.51740920543671,0.024623
2010-06-01,23.2939033508301,1.23371076583862,2.54846215248108,0.024623
2010-06-02,22.2994976043701,1.64397668838501,1.85660874843597,0.024623
2010-06-03,22.1305408477783,1.17685580253601,2.37734937667847,0.028172
2010-06-04,22.1116409301758,1.14688384532928,2.28940057754517,0.028172
2010-06-05,21.6877040863037,1.3212376832962,2.23617339134216,0.024623
2010-06-06,23.3840351104736,0.316078156232834,3.264235496521,0.024623
2010-06-07,23.2590522766113,1.16101980209351,1.54988873004913,0.024623
2010-06-08,22.5582904815674,0.934459388256073,1.87939715385437,0.01863
2010-06-09,21.2755432128906,0.192016795277596,2.429682970047,0.017332
2010-06-10,22.1431369781494,0.583475947380066,2.0241231918335,0.01612
2010-06-11,22.215051651001,0.268231213092804,3.0425820350647,0.013891
2010-06-12,21.4766845703125,0.515780210494995,2.50634407997131,0.012896
2010-06-13,20.2026634216309,0.140874564647675,3.41013407707214,0.012896
2010-06-14,19.3368701934814,0.176405549049377,1.67007756233215,0.011944
2010-06-15,20.4217834472656,0.942098081111908,2.50319862365723,0.011944
2010-06-16,20.9912796020508,0.222538530826569,1.80351376533508,0.011944
2010-06-17,20.8285217285156,0.00231053959578276,3.08851027488709,0.011944
2010-06-18,20.9270210266113,0.100363045930862,2.22910141944885,0.011944
2010-06-19,21.0635566711426,0.24000883102417,2.01700520515442,0.010213
2010-06-20,22.8202247619629,0.671063780784607,1.32813096046448,0.010213
2010-06-21,23.8513927459717,0.648611783981323,2.53777599334717,0.010213
2010-06-22,23.4030838012695,0.254409223794937,3.09193301200867,0.010213
2010-06-23,24.0304336547852,0.105950333178043,3.0067138671875,0.010213
2010-06-24,22.0728244781494,1.44181156158447,1.74375176429749,0.010213
2010-06-25,21.5818386077881,5.95825529098511,1.64855813980103,0.010213
2010-06-26,21.6390113830566,0.817501902580261,2.73960900306702,0.011944
2010-06-27,21.9111251831055,2.5008807182312,1.98191595077515,0.011944
2010-06-28,22.2992038726807,3.52599668502808,2.31412291526794,0.011944
2010-06-29,22.4667587280273,1.58665490150452,2.52067685127258,0.011944
2010-06-30,21.2230758666992,0.673075914382935,1.85281121730804,0.011944
2010-07-01,21.784631729126,0.923240840435028,1.80746531486511,0.011944
2010-07-02,21.7195930480957,5.56251764297485,2.07849740982056,0.013891
2010-07-03,21.6928329467773,1.34746670722961,2.72149109840393,0.017332
2010-07-04,21.7364025115967,0.275229543447495,2.18993401527405,0.01863
2010-07-05,22.2292060852051,1.49523162841797,2.72743272781372,0.01863
2010-07-06,21.76416015625,3.43743777275085,2.72261095046997,0.028172
2010-07-07,21.2553424835205,2.66917610168457,2.20269870758057,0.028172
2010-07-08,22.2237091064453,1.61928308010101,2.33919334411621,0.032153
2010-07-09,22.5410633087158,5.58775520324707,2.23675632476807,0.036567
2010-07-10,22.0604305267334,26.0043525695801,1.3416520357132,0.048533
2010-07-11,22.5871200561523,7.90064525604248,2.35169005393982,0.06515
2010-07-12,22.1885509490967,1.08362972736359,2.45297741889954,0.083563
2010-07-13,22.97900390625,1.64266335964203,2.11267709732056,0.09343
2010-07-14,23.7457675933838,1.29948556423187,2.69962024688721,0.103686
2010-07-15,23.0947704315186,2.80739116668701,3.02006912231445,0.103686
2010-07-16,21.6820011138916,9.39633274078369,0.540189802646637,0.103686
2010-07-17,22.000509262085,4.54788255691528,2.13449096679688,0.083563
2010-07-18,21.2599658966064,3.40077686309814,1.91589748859406,0.083563
2010-07-19,20.993501663208,3.98067951202393,1.98506939411163,0.048533
2010-07-20,20.3700370788574,3.52823877334595,1.942999958992,0.048533
2010-07-21,20.2432460784912,1.01583504676819,2.00379228591919,0.048533
2010-07-22,21.3478565216064,4.25060081481934,1.91524112224579,0.048533
2010-07-23,20.4657440185547,2.87341332435608,2.30301713943481,0.06515
2010-07-24,21.1774234771729,2.65935468673706,2.80517578125,0.074151
2010-07-25,20.5294761657715,3.99190497398376,1.51447725296021,0.103686
2010-07-26,20.8457927703857,5.06646108627319,2.47454357147217,0.103686
2010-07-27,21.2443981170654,4.08876276016235,2.56959390640259,0.114353
2010-07-28,21.5683135986328,4.94609451293945,2.127361536026,0.199583
2010-07-29,21.6303329467773,6.5838418006897,2.77904057502747,0.51895
2010-07-30,20.9224643707275,6.68324136734009,1.71033143997192,0.649055
2010-07-31,20.1288585662842,5.94664907455444,2.53143811225891,0.711003
2010-08-01,20.2467670440674,0.82418018579483,2.07062411308289,0.575186
2010-08-02,21.0776081085205,0.912095785140991,2.58416652679443,0.426775
2010-08-03,21.2348670959473,2.66351723670959,1.32497787475586,0.419202
2010-08-04,20.5183486938477,3.62588763237,1.84637820720673,0.367056
2010-08-05,20.8303909301758,1.86578643321991,1.68581700325012,0.270921
2010-08-06,20.679594039917,0.870638430118561,2.31613183021545,0.186319
2010-08-07,20.0868663787842,0.38007852435112,2.33931231498718,0.12541
2010-08-08,21.6841259002686,0.63644540309906,2.55097627639771,0.103686
2010-08-09,21.9538993835449,0.149899065494537,3.45077276229858,0.103686
2010-08-10,20.714485168457,0.1010981798172,3.44461011886597,0.103686
2010-08-11,21.0556602478027,2.5015652179718,2.47521615028381,0.103686
2010-08-12,20.6377010345459,2.67990922927856,2.53953289985657,0.103686
2010-08-13,20.0785694122314,0.319879353046417,2.10142970085144,0.09343
2010-08-14,20.4380550384521,0.255330890417099,3.21203804016113,0.083563
2010-08-15,22.2258167266846,0.136430665850639,3.17047905921936,0.083563
2010-08-16,20.1761436462402,1.15810894966126,2.09852957725525,0.083563
2010-08-17,18.9355506896973,0.302717685699463,2.25598573684692,0.083563
2010-08-18,18.4303112030029,0.513355076313019,2.78809571266174,0.103686
2010-08-19,18.4816761016846,0.608393430709839,2.27012014389038,0.103686
2010-08-20,19.4813442230225,0.821203708648682,2.03914618492126,0.103686
2010-08-21,19.4144401550293,4.3351526260376,2.04139065742493,0.103686
2010-08-22,20.030065536499,1.77093124389648,2.42724442481995,0.103686
2010-08-23,20.3925533294678,0.777117967605591,2.69712448120117,0.103686
2010-08-24,21.3451480865479,2.24255442619324,2.43875098228455,0.103686
2010-08-25,21.6380729675293,1.95964801311493,2.85798239707947,0.103686
2010-08-26,21.4201717376709,1.54450523853302,2.70609283447266,0.103686
2010-08-27,22.1118450164795,0.759001553058624,2.58895063400269,0.103686
2010-08-28,21.6618061065674,0.336883425712585,3.17022633552551,0.09343
2010-08-29,21.6074562072754,1.02046978473663,2.58443880081177,0.09343
2010-08-30,21.7749938964844,3.6441969871521,2.53192377090454,0.083563
2010-08-31,22.8932514190674,3.73364186286926,3.34360980987549,0.083563
2010-09-01,21.6913051605225,2.55564427375793,2.80931973457336,0.083563
2010-09-02,21.9437580108643,6.35030031204224,2.80579233169556,0.083563
2010-09-03,21.5430126190186,1.64643454551697,2.72110462188721,0.083563
2010-09-04,20.3511619567871,0.784526586532593,2.76964592933655,0.074151
2010-09-05,21.3723220825195,0.188343837857246,4.04597330093384,0.06515
2010-09-06,21.2680740356445,0.226195722818375,2.78408360481262,0.048533
2010-09-07,22.0586967468262,0.968149960041046,2.95759534835815,0.048533
2010-09-08,21.3996238708496,5.06322050094605,0.943426609039307,0.044162
2010-09-09,21.5055522918701,3.40591192245483,2.24030804634094,0.044162
2010-09-10,21.1880664825439,1.37226569652557,2.66786646842957,0.09343
2010-09-11,20.3689517974854,0.197266086935997,3.25959753990173,0.160874
2010-09-12,19.9107780456543,0.0754204466938973,2.75034165382385,0.12541
2010-09-13,19.9115371704102,1.0281925201416,3.0264458656311,0.114353
2010-09-14,20.7573070526123,0.415398567914963,2.35789656639099,0.103686
2010-09-15,22.9804859161377,0.476631850004196,3.99389052391052,0.103686
2010-09-16,22.4907341003418,0.528768360614777,2.90067362785339,0.103686
2010-09-17,22.6870727539063,1.71920394897461,3.13942050933838,0.083563
2010-09-18,23.4620838165283,2.24456024169922,3.19694209098816,0.074151
2010-09-19,22.0994243621826,1.35401821136475,3.09574508666992,0.048533
2010-09-20,23.0789813995361,2.23307704925537,3.83897161483765,0.044162
2010-09-21,23.4130439758301,2.83359146118164,3.4485809803009,0.0415
2010-09-22,22.9623851776123,0.806375920772553,3.70143342018127,0.036567
2010-09-23,22.87571144104,1.89945018291473,2.91514492034912,0.032153
2010-09-24,23.2080020904541,4.53660917282105,3.33160305023193,0.12541
2010-09-25,23.2384777069092,4.62184810638428,3.29968690872192,0.103686
2010-09-26,23.347074508667,2.00069689750671,3.06496047973633,0.083563
2010-09-27,24.162691116333,2.42098045349121,3.30455136299133,0.083563
2010-09-28,24.2002696990967,0.271794676780701,3.9921441078186,0.06515
2010-09-29,25.6040744781494,0.171720758080482,3.52410078048706,0.048533
2010-09-30,26.0639514923096,0.188990399241447,3.49369788169861,0.0415
2010-10-01,26.5235576629639,0.349968940019608,5.34935474395752,0.0415
2010-10-02,25.5769577026367,0.512543320655823,4.11078071594238,0.044162
2010-10-03,27.1586208343506,0.269076615571976,5.13217306137085,0.074151
2010-10-04,25.597053527832,1.80486297607422,3.28539180755615,0.083563
2010-10-05,24.4478588104248,1.66640043258667,2.40048956871033,0.083563
2010-10-06,27.0435390472412,0.293781369924545,4.92260026931763,0.083563
2010-10-07,26.2220649719238,0.104607410728931,3.49134612083435,0.074151
2010-10-08,27.2640895843506,0.577724874019623,4.72152471542358,0.048533
2010-10-09,27.9867992401123,0.666790425777435,5.46856355667114,0.044162
2010-10-10,24.2360591888428,0.84289026260376,2.14527297019959,0.0415
2010-10-11,23.9781169891357,0.767145097255707,2.39761781692505,0.032153
2010-10-12,25.5497817993164,1.22978234291077,3.72523927688599,0.026354
2010-10-13,22.662675857544,2.90214037895203,1.54997372627258,0.021443
2010-10-14,23.7211990356445,2.69417333602905,2.5411102771759,0.019993
2010-10-15,24.4532775878906,5.39107131958008,3.68464159965515,0.019993
2010-10-16,25.3424301147461,3.04555225372314,3.9661283493042,0.034295
2010-10-17,25.7459011077881,0.318018823862076,4.93934345245361,0.06515
2010-10-18,25.5735168457031,0.273135811090469,3.90389442443848,0.103686
2010-10-19,26.2442207336426,2.9102623462677,3.25540781021118,0.426775
2010-10-20,21.5786972045898,24.0083713531494,1.34046483039856,0.317615
2010-10-21,22.2378482818604,3.80908441543579,1.97170150279999,0.199583
2010-10-22,23.3195705413818,0.985048294067383,4.91063451766968,0.103686
2010-10-23,23.1256446838379,0.441503137350082,4.91173458099365,0.06515
2010-10-24,25.8043022155762,0.263106763362885,5.03404378890991,0.0415
2010-10-25,26.3486957550049,0.708830773830414,4.19195604324341,0.0415
2010-10-26,26.1747131347656,1.44343495368958,4.17430973052979,0.0415
2010-10-27,26.4455757141113,10.631986618042,2.75098919868469,0.036567
2010-10-28,25.396463394165,9.79756259918213,2.4537148475647,0.083563
2010-10-29,25.6262264251709,3.04033851623535,3.1152811050415,0.044162
2010-10-30,26.2929248809814,1.57161295413971,4.16605472564697,0.0415
2010-10-31,26.3167457580566,0.6935955286026,5.09249019622803,0.0415
2010-11-01,26.1252899169922,0.980677425861359,4.62460660934448,0.0415
2010-11-02,27.0265636444092,0.75849449634552,4.34858560562134,0.034295
2010-11-03,26.1996784210205,0.430200964212418,4.20293283462524,0.028172
2010-11-04,25.4946098327637,4.46352529525757,3.90977573394775,0.028172
2010-11-05,25.7780380249023,0.601426064968109,5.02433729171753,0.028172
2010-11-06,26.3010349273682,0.239922299981117,4.70784711837769,0.024623
2010-11-07,27.073278427124,0.420158088207245,5.11600542068481,0.024623
2010-11-08,26.9493560791016,0.429176390171051,4.65495491027832,0.024623
2010-11-09,25.7009963989258,0.486203461885452,4.22494840621948,0.021443
2010-11-10,24.2185325622559,0.587593913078308,3.57175612449646,0.021443
2010-11-11,25.0427169799805,0.87651401758194,3.93954753875732,0.01863
2010-11-12,25.7091197967529,2.58995485305786,3.53038454055786,0.01863
2010-11-13,25.547327041626,3.66118264198303,3.53730082511902,0.01863
2010-11-14,23.9109363555908,6.55406141281128,2.16880774497986,0.12541
2010-11-15,23.9701251983643,4.32259559631348,1.97010207176209,0.12541
2010-11-16,24.401065826416,12.9608182907105,2.79717564582825,0.317615
2010-11-17,23.9617462158203,7.83109378814697,1.66586601734161,1.173523
2010-11-18,24.9037742614746,3.36843299865723,2.69300293922424,0.241386
2010-11-19,24.3996467590332,2.79210162162781,2.44629526138306,0.286176
2010-11-20,25.3636741638184,2.06416869163513,4.49300813674927,0.560883
2010-11-21,25.5050354003906,0.575981557369232,4.19125461578369,0.401524
2010-11-22,25.8296031951904,0.32226625084877,4.49126768112183,0.227127
2010-11-23,25.9241123199463,0.538871824741364,4.48651361465454,0.14867
2010-11-24,25.0095767974854,2.84947276115418,2.52573037147522,0.083563
2010-11-25,25.7276287078857,1.52778446674347,3.59382081031799,0.06515
2010-11-26,26.2645435333252,0.724769592285156,3.83848357200623,0.044162
2010-11-27,26.361988067627,1.21709930896759,3.81605434417725,0.044162
2010-11-28,25.6009769439697,2.54411268234253,3.15070271492004,0.06515
2010-11-29,24.1871585845947,16.5807666778564,1.53745198249817,0.199583
2010-11-30,24.9195861816406,12.6315927505493,2.5638415813446,0.255991
2010-12-01,25.0825691223145,4.17121124267578,3.68738698959351,0.419202
2010-12-02,25.2000045776367,0.471764624118805,4.74416828155518,0.227127
2010-12-03,25.4623508453369,0.598558247089386,3.77720165252686,0.160874
2010-12-04,24.465784072876,0.0620555244386196,4.14377355575562,0.136856
2010-12-05,25.4518032073975,0.245103299617767,5.13184404373169,0.083563
2010-12-06,26.4294052124023,0.335184812545776,3.84156465530396,0.06515
2010-12-07,26.8650932312012,1.51499366760254,4.1218523979187,0.044162
2010-12-08,26.5078372955322,1.77950632572174,3.539475440979,0.036567
2010-12-09,26.7966575622559,14.2576341629028,3.09572529792786,0.401524
2010-12-10,24.7215442657471,17.2843418121338,1.38668131828308,0.14867
2010-12-11,23.4514465332031,13.6398849487305,1.16560649871826,0.12541
2010-12-12,25.3696784973145,14.4842329025269,2.76692032814026,1.336171
2010-12-13,26.7341156005859,4.7900505065918,4.90788888931274,1.357159
2010-12-14,26.4149723052979,1.71619915962219,3.66908645629883,1.486118
2010-12-15,26.168083190918,5.72959852218628,3.678626537323,0.426775
2010-12-16,25.9487171173096,2.45843267440796,4.01570177078247,0.317615
2010-12-17,25.0283145904541,1.95834755897522,3.82360506057739,0.350265
2010-12-18,24.7764930725098,1.56068527698517,3.76289033889771,0.227127
2010-12-19,24.6665878295898,2.34551978111267,4.21780061721802,0.160874
2010-12-20,25.5281791687012,1.94337630271912,4.07984638214111,0.12541
2010-12-21,25.7324314117432,1.82956910133362,4.07509231567383,0.09343
2010-12-22,25.8951969146729,2.03675985336304,4.54239177703857,0.083563
2010-12-23,26.3093662261963,0.671149492263794,4.69759178161621,0.083563
2010-12-24,27.1658611297607,0.347262144088745,4.7334566116333,0.09343
2010-12-25,26.7246532440186,0.249302163720131,3.71062874794006,0.022979
2010-12-26,26.5082340240479,0.519966661930084,4.11649513244629,0.01863
2010-12-27,26.5680484771729,0.0315549895167351,4.32151460647583,0.030098
2010-12-28,26.3675594329834,0.273971199989319,5.35080099105835,0.06515
2010-12-29,26.0297718048096,0.17746776342392,3.48581480979919,0.083563
2010-12-30,25.5724754333496,0.36938813328743,2.57215666770935,0.044162
2010-12-31,24.79052734375,5.65226793289185,1.41963851451874,0.09343
2011-01-01,25.2178916931152,2.32670950889587,3.38377857208252,0.12541
2011-01-02,25.5453205108643,1.913534283638,4.30359506607056,0.09343
2011-01-03,25.6634883880615,1.85753226280212,3.61512231826782,0.103686
2011-01-04,26.6854839324951,2.07236671447754,4.32561016082764,0.083563
2011-01-05,26.6353492736816,1.79058146476746,4.74485063552856,0.036567
2011-01-06,25.377311706543,2.60190677642822,3.96924996376038,0.032153
2011-01-07,25.0724296569824,5.40349245071411,3.5483512878418,0.032153
2011-01-08,25.1471691131592,3.81901025772095,3.74190235137939,0.034295
2011-01-09,24.8412132263184,3.20047450065613,4.05347347259522,0.034295
2011-01-10,25.6911907196045,1.70125818252563,4.79973697662354,0.030098
2011-01-11,26.03590965271,1.35479390621185,4.55616998672485,0.028172
2011-01-12,26.0369644165039,9.16990375518799,3.31206846237183,0.024623
2011-01-13,26.0138072967529,6.6560754776001,2.77014350891113,0.028172
2011-01-14,27.258113861084,0.44434717297554,4.70480680465698,0.030098
2011-01-15,25.7975692749023,0.389957368373871,4.99944734573364,0.032153
2011-01-16,26.4337825775147,0.42046731710434,4.10394048690796,0.032153
2011-01-17,26.9876308441162,1.56021642684937,3.93190026283264,0.034295
2011-01-18,26.8942623138428,1.18676805496216,5.1959662437439,0.034295
2011-01-19,26.3639125823975,0.304576367139816,5.18195867538452,0.030098
2011-01-20,25.9850673675537,1.15232002735138,4.22709369659424,0.028172
2011-01-21,25.9942169189453,2.30319690704346,4.0387134552002,0.026354
2011-01-22,25.7670669555664,4.72529697418213,3.64635586738586,0.038969
2011-01-23,25.909574508667,3.9347562789917,4.38628435134888,0.038969
2011-01-24,25.6529731750488,4.58179712295532,3.44632959365845,0.0415
2011-01-25,25.1118431091309,3.69343376159668,3.62401652336121,0.056603
2011-01-26,25.6677398681641,3.00661659240723,3.79061222076416,0.103686
2011-01-27,25.8981952667236,3.59270715713501,3.95173597335815,0.12541
2011-01-28,25.7654438018799,3.73720836639404,4.15598201751709,0.213171
2011-01-29,25.6084308624268,1.57762801647186,4.13289880752564,0.301733
2011-01-30,26.3088397979736,1.1250364780426,4.27068996429443,0.186319
2011-01-31,26.3662624359131,0.713338553905487,4.30529308319092,0.114353
2011-02-01,26.2233180999756,1.38990080356598,3.95969104766846,0.06515
2011-02-02,25.8702449798584,1.98761653900146,4.02936744689941,0.06515
2011-02-03,26.4670162200928,0.691762924194336,4.34710931777954,0.044162
2011-02-04,26.0442905426025,2.01411318778992,4.43521738052368,0.038969
2011-02-05,26.0496559143066,2.22491097450256,4.22955560684204,0.036567
2011-02-06,26.3132190704346,1.47242331504822,4.01879072189331,0.034295
2011-02-07,26.4509449005127,1.18646466732025,4.48390245437622,0.032153
2011-02-08,25.9370727539063,0.895330607891083,4.25860691070557,0.028172
2011-02-09,25.8597011566162,1.8242495059967,3.8968186378479,0.024623
2011-02-10,26.6393871307373,0.936765730381012,4.24608039855957,0.021443
2011-02-11,26.9154949188232,0.92596048116684,4.48902654647827,0.021443
2011-02-12,26.0608234405518,1.8091698884964,3.75924777984619,0.032153
2011-02-13,26.5955810546875,1.19493424892426,4.22905111312866,0.028172
2011-02-14,26.7715644836426,0.992381632328033,3.93191933631897,0.026354
2011-02-15,25.9438285827637,1.19933676719666,2.93669986724854,0.021443
2011-02-16,26.5603866577148,1.72544574737549,4.07726240158081,0.021443
2011-02-17,25.7919464111328,2.9092230796814,4.04461050033569,0.021443
2011-02-18,25.8567447662354,3.45154619216919,4.30645132064819,0.021443
2011-02-19,26.6260013580322,1.86379015445709,5.12697410583496,0.021443
2011-02-20,26.1729354858398,2.87811660766602,3.53027153015137,0.021443
2011-02-21,26.6461162567139,5.03323554992676,4.89928436279297,0.022979
2011-02-22,25.8407554626465,1.47661018371582,3.68608236312866,0.056603
2011-02-23,27.3331260681152,0.583034813404083,4.87425422668457,0.083563
2011-02-24,28.345100402832,0.0998582243919373,4.96352005004883,0.056603
2011-02-25,27.3016166687012,0.802722215652466,4.0872745513916,0.048533
2011-02-26,27.1410102844238,0.773851931095123,4.54121112823486,0.048533
2011-02-27,27.5294418334961,0.648223102092743,4.75654983520508,0.032153
2011-02-28,27.07497215271,0.284371644258499,4.20239925384522,0.032153
2011-03-01,27.2669525146484,0.522592306137085,4.83472204208374,0.032153
2011-03-02,27.3210411071777,0.145170211791992,5.27841377258301,0.032153
2011-03-03,27.693920135498,0.477201581001282,4.7303409576416,0.036567
2011-03-04,26.8806915283203,0.932875633239746,3.70253109931946,0.036567
2011-03-05,27.4318428039551,1.49699819087982,4.62232732772827,0.032153
2011-03-06,27.4368324279785,0.246007263660431,3.92503094673157,0.024623
2011-03-07,27.6135635375977,0.143507868051529,5.07195329666138,0.013891
2011-03-08,28.5856857299805,0.505042374134064,5.15864658355713,0.011944
2011-03-09,28.8103904724121,0.108723044395447,4.44191980361939,0.010213
2011-03-10,27.3908615112305,1.23247933387756,2.69632124900818,0.010213
2011-03-11,25.631685256958,18.7488784790039,0.992381155490875,3.042514
2011-03-12,26.17307472229,11.5333127975464,2.10947632789612,4.369575
2011-03-13,25.871826171875,9.09026718139648,1.47507321834564,1.233415
2011-03-14,27.5552978515625,12.3387594223022,3.70183300971985,1.233415
2011-03-15,28.4828071594238,2.38754820823669,4.61290884017944,0.619044
2011-03-16,28.1750812530518,1.25364339351654,4.17610788345337,0.367056
2011-03-17,26.3755970001221,18.5077857971191,2.99719715118408,1.879463
2011-03-18,25.3426475524902,8.44933795928955,3.24482727050781,1.855186
2011-03-19,24.8769359588623,2.1375195980072,2.71311092376709,0.808609
2011-03-20,25.8141765594482,0.477620214223862,4.7523078918457,0.604266
2011-03-21,24.0571384429932,3.35590314865112,2.62166500091553,0.367056
2011-03-22,24.1077613830566,9.88255405426025,1.93217051029205,1.712531
2011-03-23,24.8241996765137,12.7134532928467,2.90644860267639,1.274072
2011-03-24,25.8378486633301,3.99827551841736,3.68864274024963,0.911754
2011-03-25,25.9744281768799,5.03772306442261,3.41205859184265,1.253668
2011-03-26,25.7209014892578,5.81581020355225,3.16891717910767,2.002883
2011-03-27,26.1727256774902,3.43565320968628,3.98370575904846,1.855186
2011-03-28,25.7916984558106,2.01653623580933,3.83365201950073,1.357159
2011-03-29,25.9020938873291,0.545011043548584,3.83764481544495,0.589639
2011-03-30,26.7020874023438,0.429819285869598,3.67805075645447,0.227127
2011-03-31,25.8800621032715,0.346536993980408,3.77247285842896,0.160874
2011-04-01,27.6886367797852,0.326024860143662,4.49351215362549,0.12541
2011-04-02,27.8160381317139,0.2653828561306,4.43729209899902,0.103686
2011-04-03,27.2802410125732,1.07098782062531,3.58134460449219,0.103686
2011-04-04,27.1559352874756,2.49881553649902,4.27449703216553,0.103686
2011-04-05,26.4172115325928,0.514299809932709,3.96869850158691,0.103686
2011-04-06,26.5895709991455,0.422008663415909,4.31330680847168,0.103686
2011-04-07,26.3503036499023,0.194364905357361,4.07375001907349,0.103686
2011-04-08,24.8934993743897,8.32766532897949,2.08633279800415,0.103686
2011-04-09,25.3790302276611,3.77684712409973,2.77823805809021,0.199583
2011-04-10,24.3282241821289,3.32738590240479,2.84398245811462,0.711003
2011-04-11,26.1909885406494,2.33135724067688,3.73645496368408,0.465289
2011-04-12,25.6517753601074,5.09746789932251,3.35481286048889,0.350265
2011-04-13,25.4737091064453,4.99325656890869,3.38366293907166,0.186319
2011-04-14,25.4776401519775,4.5959997177124,2.86260771751404,0.350265
2011-04-15,25.6796760559082,4.47610425949097,3.46607685089111,0.51895
2011-04-16,25.425666809082,5.12728023529053,2.9440758228302,1.399568
2011-04-17,25.1150722503662,3.91855573654175,2.29078412055969,1.294627
2011-04-18,25.3241443634033,5.92519664764404,3.0183629989624,1.464264
2011-04-19,24.5221099853516,5.58948230743408,2.75286674499512,1.666097
2011-04-20,24.8108863830566,6.0184211730957,2.98704385757446,1.712531
2011-04-21,24.5090389251709,5.15716886520386,3.09470772743225,1.020352
2011-04-22,24.8904037475586,0.979285478591919,3.22579264640808,0.695294
2011-04-23,25.204065322876,1.08787679672241,3.29278540611267,0.419202
2011-04-24,25.0066623687744,0.113952614367008,3.59217023849487,0.301733
2011-04-25,24.8892230987549,0.870088815689087,3.29557156562805,0.241386
2011-04-26,24.3599700927734,1.23848009109497,3.07546591758728,0.186319
2011-04-27,24.0746059417725,5.9534125328064,2.3687698841095,0.301733
2011-04-28,24.133752822876,4.90610313415527,2.79475164413452,0.51895
2011-04-29,24.1529045104981,6.28831911087036,2.20015239715576,1.807065
2011-04-30,24.7594528198242,5.85269594192505,2.66138315200806,2.207615
2011-05-01,24.8559246063232,5.85189819335938,2.55811667442322,1.315334
2011-05-02,24.4705657958984,7.34186220169067,1.76936221122742,6.22249
2011-05-03,25.2915592193604,8.3039493560791,2.56769251823425,7.580904
2011-05-04,24.6859302520752,2.67861175537109,2.84414768218994,3.074234
2011-05-05,25.0871810913086,1.50189602375031,2.85603189468384,1.336171
2011-05-06,24.5258941650391,2.82364702224731,1.5974954366684,0.876767
2011-05-07,24.0849647521973,4.92971706390381,1.19220006465912,0.633974
2011-05-08,24.4653720855713,0.808967351913452,3.26314568519592,0.452285
2011-05-09,23.1469955444336,0.20836079120636,3.36120438575745,0.301733
2011-05-10,24.050666809082,1.86875081062317,3.53312659263611,0.241386
2011-05-11,23.0931968688965,0.0345049686729908,2.96640372276306,0.186319
2011-05-12,23.4869155883789,1.18492412567139,2.59580564498901,0.14867
2011-05-13,23.4511337280273,0.762135922908783,2.97160387039185,0.12541
2011-05-14,22.9557628631592,0.620579779148102,2.82782959938049,0.114353
2011-05-15,23.0088367462158,0.906700074672699,2.06469750404358,0.103686
2011-05-16,24.2191867828369,0.443474233150482,3.2927668094635,0.09343
2011-05-17,24.2632350921631,0.972383379936218,2.56161975860596,0.083563
2011-05-18,23.1838092803955,1.50743079185486,2.46408843994141,0.09343
2011-05-19,22.1806163787842,0.975000739097595,1.86783683300018,0.083563
2011-05-20,21.9055252075195,2.08098864555359,1.97373485565186,0.074151
2011-05-21,22.4034690856934,1.52833640575409,2.84749674797058,0.074151
2011-05-22,21.8317756652832,1.87703967094421,2.20742416381836,0.074151
2011-05-23,21.6450443267822,3.75327610969543,1.61269569396973,0.074151
2011-05-24,22.4193668365479,4.21235084533691,2.43378496170044,0.09343
2011-05-25,22.1880626678467,0.458648651838303,2.53292202949524,0.103686
2011-05-26,21.0816707611084,0.0458194278180599,3.12361192703247,0.103686
2011-05-27,22.5656776428223,0.128927886486053,2.0171902179718,0.103686
2011-05-28,22.2657470703125,0.644349217414856,2.50329303741455,0.103686
2011-05-29,23.2907066345215,0.0827210620045662,2.64358353614807,0.103686
2011-05-30,23.5519523620606,0.061393391340971,2.7781822681427,0.083563
2011-05-31,23.0699806213379,0.815363228321075,2.47095775604248,0.083563
2011-06-01,22.3444194793701,0.503320217132568,1.87646305561066,0.083563
2011-06-02,23.3479480743408,0.0580280870199204,1.54591238498688,0.06515
2011-06-03,23.9707164764404,0.432980567216873,2.32829713821411,0.048533
2011-06-04,24.794153213501,1.66239178180695,2.22285962104797,0.048533
2011-06-05,21.5485572814941,4.29723739624023,1.12375748157501,0.0415
2011-06-06,21.3065128326416,1.28248918056488,1.75090098381042,0.036567
2011-06-07,20.9542942047119,0.506620168685913,2.16637492179871,0.036567
2011-06-08,21.8729438781738,0.0676456540822983,3.31344175338745,0.032153
2011-06-09,23.2719821929932,0.00963016413152218,3.07206797599793,0.028172
2011-06-10,23.77783203125,0.282405465841293,3.18288779258728,0.028172
2011-06-11,23.2809867858887,1.25224900245667,2.48881149291992,0.028172
2011-06-12,21.2337512969971,6.07118844985962,0.92335432767868,0.036567
2011-06-13,21.7466468811035,0.696020901203156,1.71433365345001,0.0415
2011-06-14,22.3156204223633,0.525102972984314,1.36737871170044,0.048533
2011-06-15,21.6362838745117,0.322273910045624,3.26022911071777,0.048533
2011-06-16,21.4877910614014,0.4755719602108,1.96629667282105,0.048533
2011-06-17,20.9824886322021,0.92817348241806,1.54224157333374,0.044162
2011-06-18,22.7229309082031,1.18709707260132,1.9615615606308,0.0415
2011-06-19,22.8398876190186,1.39301204681396,2.42597389221191,0.044162
2011-06-20,22.7781848907471,1.15957903862,2.62647390365601,0.056603
2011-06-21,22.2984504699707,0.159634456038475,2.77583575248718,0.06515
2011-06-22,22.2180194854736,0.0297958105802536,2.70110821723938,0.044162
2011-06-23,21.7979545593262,0.283700555562973,1.81337237358093,0.0415
2011-06-24,22.499641418457,0.860170125961304,2.21344780921936,0.036567
2011-06-25,21.9678077697754,0.377187043428421,2.05016708374023,0.032153
2011-06-26,22.3561763763428,0.338147670030594,1.95678222179413,0.032153
2011-06-27,23.63551902771,0.653504073619843,2.98037695884705,0.032153
2011-06-28,24.2013378143311,0.17569226026535,2.91798210144043,0.028172
2011-06-29,22.9567565917969,1.59564661979675,1.62638223171234,0.030098
2011-06-30,22.3373165130615,5.14982557296753,1.24700021743774,0.036567
2011-07-01,22.4361248016357,3.80329251289368,2.56389784812927,0.036567
2011-07-02,21.4040145874023,0.667635977268219,1.49805951118469,0.0415
2011-07-03,22.0852947235107,1.94493138790131,2.04419660568237,0.038969
2011-07-04,23.6234664916992,0.148587226867676,2.41727328300476,0.034295
2011-07-05,22.8645248413086,0.245428517460823,2.53576445579529,0.032153
2011-07-06,23.7182903289795,0.239121571183205,3.13430452346802,0.032153
2011-07-07,23.1797637939453,0.104283943772316,3.17642116546631,0.032153
2011-07-08,22.6219635009766,0.23055911064148,2.83923268318176,0.032153
2011-07-09,21.9241695404053,1.14069139957428,1.91876423358917,0.036567
2011-07-10,22.0957336425781,0.401530593633652,3.29917240142822,0.036567
2011-07-11,20.7097396850586,0.40125185251236,1.91988122463226,0.036567
2011-07-12,20.9552268981934,1.00156342983246,2.3515260219574,0.036567
2011-07-13,20.932243347168,0.551018536090851,2.59121513366699,0.032153
2011-07-14,21.2554149627686,0.0597388744354248,2.6644651889801,0.032153
2011-07-15,22.1038684844971,0.164787918329239,2.39767742156982,0.032153
2011-07-16,21.8827362060547,0.553275883197784,2.53463315963745,0.032153
2011-07-17,20.9822616577148,0.504685819149017,2.31300377845764,0.032153
2011-07-18,21.7673091888428,1.51141774654388,1.69408309459686,0.036567
2011-07-19,22.2084693908691,4.00860834121704,2.33259725570679,0.038969
2011-07-20,20.4274826049805,0.569771647453308,1.74791049957275,0.048533
2011-07-21,20.2103328704834,0.463509321212769,1.37365329265594,0.0415
2011-07-22,22.3603343963623,1.78476572036743,2.55802154541016,0.038969
2011-07-23,20.7109127044678,0.849153578281403,1.9844799041748,0.032153
2011-07-24,21.5677890777588,2.11030173301697,2.17584109306335,0.028172
2011-07-25,21.4888229370117,2.62648034095764,2.72160983085632,0.024623
2011-07-26,21.4084739685059,4.91443967819214,1.64117777347565,0.024623
2011-07-27,21.2056198120117,7.80884599685669,2.16286849975586,0.759103
2011-07-28,20.9462451934814,4.22367763519287,2.43239307403564,0.560883
2011-07-29,21.2217979431152,2.48954057693481,2.19930076599121,0.367056
2011-07-30,21.6148281097412,2.65779209136963,1.73801946640015,0.270921
2011-07-31,23.1627464294434,2.40425682067871,2.45473170280457,0.301733
2011-08-01,23.1381072998047,0.243805065751076,3.25767374038696,0.213171
2011-08-02,23.406665802002,0.14844873547554,3.51167750358582,0.173423
2011-08-03,24.2453784942627,0.153269961476326,2.93195390701294,0.12541
2011-08-04,24.7462673187256,0.142662450671196,3.62171363830566,0.103686
2011-08-05,22.6753349304199,0.791624665260315,2.70498871803284,0.103686
2011-08-06,21.0574474334717,12.7484703063965,0.442850112915039,0.350265
2011-08-07,23.52756690979,8.48005104064941,2.48378086090088,1.134338
2011-08-08,22.6186676025391,2.41809511184692,2.53209328651428,0.560883
2011-08-09,22.0979614257813,0.408754646778107,3.09409356117249,0.255991
2011-08-10,23.4846858978272,0.0120153278112412,3.61989808082581,0.14867
2011-08-11,22.1736431121826,0.781391799449921,2.3548903465271,0.12541
2011-08-12,21.6447811126709,2.06089448928833,2.27674031257629,0.103686
2011-08-13,22.0344982147217,0.657394707202911,2.78773331642151,0.083563
2011-08-14,22.350658416748,0.251653492450714,3.07486009597778,0.06515
2011-08-15,20.1472187042236,0.0422638803720474,2.83413434028626,0.048533
2011-08-16,21.0658493041992,0.387131422758102,2.28241467475891,0.0415
2011-08-17,20.3089599609375,0.262019097805023,2.68067789077759,0.0415
2011-08-18,20.4753875732422,0.0223469864577055,2.59633874893189,0.038969
2011-08-19,22.269474029541,0.283544093370438,2.56905794143677,0.036567
2011-08-20,22.2768115997314,0.302195698022842,2.84589457511902,0.036567
2011-08-21,22.6054019927979,0.438711255788803,2.77289342880249,0.034295
2011-08-22,22.3661556243896,0.700037658214569,3.33535051345825,0.036567
2011-08-23,22.1963176727295,0.399604916572571,1.81723523139954,0.0415
2011-08-24,22.0657272338867,0.28568896651268,2.89160799980164,0.06515
2011-08-25,21.5383567810059,0.163939490914345,2.41592168807983,0.06515
2011-08-26,22.8927402496338,0.507314920425415,2.85053944587708,0.048533
2011-08-27,22.6920776367188,0.741609394550324,3.01337766647339,0.044162
2011-08-28,21.7130794525146,2.67960262298584,2.50518751144409,0.0415
2011-08-29,22.8679618835449,0.64959180355072,3.57998585700989,0.0415
2011-08-30,22.8743801116943,0.27562826871872,3.56188201904297,0.048533
2011-08-31,23.6384048461914,0.0294468980282545,3.59872174263001,0.048533
2011-09-01,23.4565334320068,0.946475803852081,2.99616551399231,0.044162
2011-09-02,20.6509342193604,0.845767676830292,1.02167439460754,0.044162
2011-09-03,21.6278629302979,1.27730512619019,3.23036456108093,0.044162
2011-09-04,19.0006217956543,0.318091988563538,3.15700268745422,0.048533
2011-09-05,19.7765712738037,0.0699410736560822,2.91304159164429,0.056603
2011-09-06,20.2074909210205,0.120802320539951,3.32083606719971,0.083563
2011-09-07,21.641242980957,0.144765332341194,3.79943633079529,0.06515
2011-09-08,22.1108245849609,0.617334485054016,2.96455717086792,0.074151
2011-09-09,22.785135269165,0.371508151292801,3.47355794906616,0.074151
2011-09-10,23.0187282562256,0.00635668030008674,4.47450685501099,0.06515
2011-09-11,23.8319416046143,0.504890739917755,4.02345323562622,0.048533
2011-09-12,24.3902339935303,1.01357853412628,3.97980141639709,0.034295
2011-09-13,22.2184658050537,0.0643105506896973,3.57678747177124,0.036567
2011-09-14,21.9264373779297,0.0550547018647194,2.87606048583984,0.036567
2011-09-15,23.2794017791748,0.234382331371307,3.6810941696167,0.038969
2011-09-16,22.9002685546875,1.74958682060242,3.04443740844727,0.038969
2011-09-17,21.2450275421143,3.71307945251465,2.00358414649963,0.036567
2011-09-18,20.5530624389648,3.32222080230713,2.80552673339844,0.024623
2011-09-19,20.6256103515625,1.9440404176712,2.78317546844482,0.021443
2011-09-20,20.1601390838623,0.592967092990875,2.54711413383484,0.021443
2011-09-21,20.8463306427002,0.171581044793129,3.2553882598877,0.021443
2011-09-22,22.2389278411865,0.121577441692352,3.69146847724915,0.01863
2011-09-23,22.8458042144775,0.112189598381519,4.20719146728516,0.017332
2011-09-24,24.163179397583,0.123883560299873,4.92932653427124,0.01612
2011-09-25,23.1416854858398,0.878541886806488,3.14455533027649,0.01612
2011-09-26,22.1588878631592,0.967272877693176,3.02394151687622,0.01612
2011-09-27,21.0238399505615,1.05925619602203,2.00417995452881,0.01612
2011-09-28,23.5869598388672,4.34272384643555,2.85947895050049,0.01612
2011-09-29,23.9815158843994,1.43431544303894,4.11390590667725,0.01612
2011-09-30,24.20627784729,0.148517116904259,3.84296131134033,0.01612
2011-10-01,23.7388954162598,0.24096742272377,4.87465810775757,0.01612
2011-10-02,24.7163162231445,0.336456060409546,3.70104789733887,0.01612
2011-10-03,24.37939453125,0.534142673015595,3.52574467658997,0.01612
2011-10-04,24.6565990447998,0.798441112041473,3.6854043006897,0.014973
2011-10-05,25.1834220886231,2.40255165100098,4.08914375305176,0.013891
2011-10-06,25.2387428283691,1.81049013137817,4.17301940917969,0.013891
2011-10-07,24.5691261291504,0.904517889022827,3.55195283889771,0.013891
2011-10-08,23.8570747375488,1.73037540912628,3.74062490463257,0.011944
2011-10-09,22.7476787567139,1.28009235858917,2.93438076972961,0.011944
2011-10-10,24.5198726654053,0.506556153297424,3.56823205947876,0.011944
2011-10-11,24.5552806854248,1.34676194190979,3.09393405914307,0.011944
2011-10-12,24.5642223358154,2.47842621803284,3.19621253013611,0.011944
2011-10-13,24.8009223937988,3.31135082244873,3.30775332450867,0.011944
2011-10-14,24.6944732666016,2.09624671936035,3.7255711555481,0.011944
2011-10-15,25.4097423553467,1.77438449859619,3.81964755058289,0.011944
2011-10-16,25.4149703979492,1.82731568813324,3.53660130500793,0.011944
2011-10-17,26.5678272247314,1.75645685195923,3.08992409706116,0.010213
2011-10-18,23.3989543914795,6.41592645645142,1.03613018989563,0.010213
2011-10-19,20.9245567321777,17.9922504425049,1.93589675426483,0.010213
2011-10-20,20.6255531311035,2.90526962280273,2.96885204315186,0.010213
2011-10-21,20.1592235565186,3.11767292022705,2.38462519645691,0.010213
2011-10-22,21.0966835021973,2.34980797767639,1.36970472335815,0.010213
2011-10-23,23.118444442749,19.1682109832764,2.77879214286804,0.103686
2011-10-24,21.9650611877441,11.9740552902222,0.846617937088013,0.51895
2011-10-25,22.7979869842529,8.40363597869873,2.17426681518555,5.295438
2011-10-26,23.5690574645996,18.748893737793,3.30151700973511,5.003788
2011-10-27,24.4855766296387,8.13160133361816,3.41629123687744,1.83106
2011-10-28,25.6119384765625,2.09304261207581,3.88971138000488,1.530258
2011-10-29,25.3447265625,1.92606282234192,4.28822755813599,0.894185
2011-10-30,25.1143474578857,2.05610823631287,3.73878955841064,0.439454
2011-10-31,25.8632907867432,0.934505045413971,4.54239654541016,0.255991
2011-11-01,22.3697948455811,4.33971500396729,1.69931733608246,0.227127
2011-11-02,20.1657466888428,3.433025598526,1.24500477313995,0.317615
2011-11-03,20.2214260101318,1.55961525440216,1.44008433818817,0.227127
2011-11-04,20.9668960571289,1.48478937149048,2.14356446266174,0.136856
2011-11-05,21.4505443572998,0.175641238689423,3.95819020271301,0.12541
2011-11-06,20.6689262390137,0.00613596709445119,4.86757612228394,0.12541
2011-11-07,21.7544040679932,0.420010596513748,2.23755788803101,0.12541
2011-11-08,20.143087387085,8.51478862762451,1.6904137134552,0.12541
2011-11-09,19.6091003417969,30.0806217193604,1.08751702308655,0.136856
2011-11-10,22.5974407196045,6.64208698272705,1.32117319107056,0.711003
2011-11-11,23.9983577728272,2.61670207977295,3.39345622062683,1.134338
2011-11-12,25.0419311523438,3.39449095726013,3.9991626739502,0.604266
2011-11-13,24.4934005737305,7.50765562057495,4.12231826782227,0.478467
2011-11-14,24.8143272399902,1.02404725551605,4.31210136413574,0.286176
2011-11-15,25.5048522949219,1.16190648078918,4.00531101226807,0.270921
2011-11-16,26.4242420196533,0.562736630439758,4.33778429031372,0.186319
2011-11-17,26.173267364502,3.17825865745544,3.65791201591492,0.14867
2011-11-18,24.6046466827393,9.4327449798584,2.62338423728943,0.12541
2011-11-19,24.2636852264404,10.097861289978,2.89039635658264,2.104145
2011-11-20,22.5661468505859,10.6546754837036,1.41531193256378,2.88653
2011-11-21,23.5957870483398,28.9046592712402,2.24231648445129,5.683157
2011-11-22,24.846658706665,6.73726940155029,4.16764640808105,6.085266
2011-11-23,25.6931304931641,1.14326739311218,3.88446712493897,6.454767
2011-11-24,25.1668605804443,1.64568305015564,2.19613718986511,6.884138
2011-11-25,24.5407180786133,10.3834257125855,1.97403931617737,7.328007
2011-11-26,24.3998718261719,5.57415914535523,2.98726224899292,4.180595
2011-11-27,24.4929943084717,5.88744401931763,3.1013343334198,4.180595
2011-11-28,24.0588073730469,3.37128829956055,3.85581874847412,3.92337
2011-11-29,24.0116367340088,3.90998458862305,3.73067498207092,2.078613
2011-11-30,24.2204246520996,2.29447770118713,4.22505664825439,1.057742
2011-12-01,24.5068798065186,0.714775025844574,3.5692822933197,0.759103
2011-12-02,25.5627365112305,2.04529142379761,3.73010897636414,0.560883
2011-12-03,25.8151569366455,5.68512916564941,3.12074494361877,0.575186
2011-12-04,24.3404560089111,4.52505302429199,3.01831555366516,0.560883
2011-12-05,24.9947624206543,1.95821917057037,4.39385509490967,0.491795
2011-12-06,24.1717777252197,1.73697805404663,3.93731665611267,0.317615
2011-12-07,24.3852310180664,2.08139801025391,3.60268664360046,0.255991
2011-12-08,25.2530632019043,2.0363941192627,4.15201187133789,0.255991
2011-12-09,26.0657730102539,0.491293132305145,5.026526927948,0.227127
2011-12-10,26.6789302825928,0.0806926265358925,4.74538469314575,0.199583
2011-12-11,25.5766868591309,3.14886403083801,3.35333681106567,0.173423
2011-12-12,23.0079479217529,23.7998886108398,0.736961781978607,0.14867
2011-12-13,24.5977954864502,17.5122165679932,2.72455358505249,1.057742
2011-12-14,24.4698352813721,8.41537380218506,2.84944343566895,2.88653
2011-12-15,24.7357082366943,5.18000411987305,4.11896467208862,1.855186
2011-12-16,24.7185134887695,2.16435885429382,3.21592998504639,1.038982
2011-12-17,24.8981113433838,2.0666868686676,3.83373141288757,0.711003
2011-12-18,24.9233016967773,1.56415557861328,4.48444604873657,0.426775
2011-12-19,24.4505748748779,0.645972847938538,3.5933358669281,0.255991
2011-12-20,25.4102306365967,0.891306161880493,3.99861979484558,0.255991
2011-12-21,25.2271900177002,0.161766916513443,4.76454257965088,0.255991
2011-12-22,24.9439811706543,0.0896456465125084,4.35982894897461,0.255991
2011-12-23,24.8174667358398,1.13882100582123,3.29995584487915,0.255991
2011-12-24,25.207145690918,2.07459688186646,3.75130653381348,0.255991
2011-12-25,25.2186679840088,0.546819388866425,4.1671199798584,0.199583
2011-12-26,25.4229259490967,0.45587882399559,3.87923550605774,0.114353
2011-12-27,24.9822769165039,1.63340544700623,4.18185043334961,0.103686
2011-12-28,26.1907272338867,1.01496160030365,4.64259672164917,0.103686
2011-12-29,26.6493110656738,0.102159686386585,4.74171495437622,0.103686
2011-12-30,25.6026782989502,4.98531198501587,2.74302911758423,0.103686
2011-12-31,25.7604026794434,4.65491628646851,3.25457072257996,0.103686
2012-01-01,26.4599170684815,3.43132209777832,4.18563985824585,0.589639
2012-01-02,26.4273948669434,0.93634694814682,3.99842500686646,0.350265
2012-01-03,26.1853981018066,1.35639941692352,3.39557671546936,0.286176
2012-01-04,26.4193592071533,2.08998489379883,3.16712164878845,0.227127
2012-01-05,25.5848159790039,2.34975242614746,3.24757409095764,0.199583
2012-01-06,25.4423427581787,1.41068875789642,4.13759708404541,0.173423
2012-01-07,25.2107677459717,2.70475482940674,3.92168092727661,0.173423
2012-01-08,26.0529766082764,2.53157901763916,3.1092529296875,0.136856
2012-01-09,25.2525482177734,1.63173627853394,3.23090076446533,0.12541
2012-01-10,25.4153327941895,8.73283576965332,3.46309232711792,0.14867
2012-01-11,24.7463989257813,4.10950708389282,2.87677049636841,0.12541
2012-01-12,25.6923694610596,1.98420345783234,3.6035008430481,0.12541
2012-01-13,26.5680541992188,1.79924404621124,4.28047943115234,0.12541
2012-01-14,26.5575771331787,0.875897407531738,4.18644666671753,0.103686
2012-01-15,25.5739555358887,1.36087477207184,4.21323299407959,0.048533
2012-01-16,26.2855567932129,3.18168139457703,4.70786428451538,0.038969
2012-01-17,25.2035465240479,1.10366547107697,4.11027526855469,0.074151
2012-01-18,24.9169063568115,0.787665784358978,4.14589357376099,0.056603
2012-01-19,24.2748870849609,1.45991969108582,3.50468587875366,0.0415
2012-01-20,25.0659084320068,2.23811411857605,3.98796558380127,0.044162
2012-01-21,24.9676570892334,1.88214063644409,3.918865442276,0.06515
2012-01-22,24.5271129608154,3.64157438278198,4.0109920501709,0.06515
2012-01-23,24.8840160369873,3.97823739051819,4.40539169311523,0.06515
2012-01-24,25.1543140411377,2.82070446014404,4.27944040298462,0.083563
2012-01-25,24.8057975769043,1.22663283348084,4.10650825500488,0.06515
2012-01-26,26.4984226226807,0.174188882112503,4.82305383682251,0.083563
2012-01-27,26.0021800994873,0.227270931005478,4.34644556045532,0.06515
2012-01-28,26.3509521484375,0.104230806231499,4.98585557937622,0.048533
2012-01-29,25.257303237915,1.65728366374969,3.93351078033447,0.038969
2012-01-30,25.0631084442139,0.479541391134262,3.86231207847595,0.048533
2012-01-31,25.5305061340332,0.786976635456085,3.7178270816803,0.06515
2012-02-01,24.3916873931885,4.70855903625488,2.69598650932312,0.06515
2012-02-02,24.6075668334961,4.29859304428101,3.7620005607605,0.06515
2012-02-03,24.0416202545166,2.92369723320007,3.85266089439392,0.048533
2012-02-04,24.8535919189453,3.13933539390564,3.62650752067566,0.048533
2012-02-05,25.064079284668,3.4077684879303,3.47278618812561,0.048533
2012-02-06,25.4683437347412,2.23771071434021,4.25749444961548,0.083563
2012-02-07,25.4249992370606,0.885255634784699,4.25358009338379,0.103686
2012-02-08,26.4194431304932,1.29803788661957,4.5127739906311,0.103686
2012-02-09,25.7624111175537,0.39111453294754,4.7612566947937,0.103686
2012-02-10,26.0822467803955,0.36451455950737,4.0440673828125,0.103686
2012-02-11,26.5656986236572,1.24693477153778,4.50533294677734,0.06515
2012-02-12,26.3514156341553,1.54861974716187,4.17373991012573,0.044162
2012-02-13,25.5523490905762,1.01439213752747,4.0486421585083,0.036567
2012-02-14,26.3097248077393,2.06933259963989,4.57715177536011,0.032153
2012-02-15,25.6072025299072,4.05554866790772,2.951979637146,0.0415
2012-02-16,25.1295795440674,4.8438081741333,3.80626726150513,0.103686
2012-02-17,25.082633972168,3.2664041519165,2.93650817871094,0.136856
2012-02-18,25.3302040100098,3.75706100463867,4.05512619018555,0.12541
2012-02-19,25.2211647033691,2.19635009765625,4.10048627853394,0.103686
2012-02-20,24.9806232452393,4.4562931060791,3.97147035598755,0.103686
2012-02-21,25.2665596008301,2.14950180053711,4.50442028045654,0.083563
2012-02-22,25.0792198181152,1.30329287052155,3.78800821304321,0.06515
2012-02-23,25.5972728729248,1.88636589050293,4.01854133605957,0.048533
2012-02-24,25.4954853057861,2.38956189155579,4.4766321182251,0.044162
2012-02-25,25.319543838501,1.07516324520111,3.83318543434143,0.038969
2012-02-26,25.8573989868164,2.42533540725708,4.02590227127075,0.032153
2012-02-27,26.3890838623047,1.17564582824707,3.93913912773132,0.026354
2012-02-28,26.238359451294,1.49610674381256,4.22341346740723,0.022979
2012-02-29,26.5618419647217,0.897385954856873,3.84054923057556,0.022979
2012-03-01,25.8157424926758,1.22059643268585,3.86695599555969,0.032153
2012-03-02,26.8854064941406,0.15643772482872,4.83049297332764,0.026354
2012-03-03,26.3481750488281,0.0249382685869932,4.83182191848755,0.022979
2012-03-04,26.2033634185791,0.54572069644928,4.02337265014648,0.019993
2012-03-05,26.2051391601563,1.61249363422394,2.97028589248657,0.017332
2012-03-06,26.2554149627686,1.4468742609024,4.54320669174194,0.01612
2012-03-07,25.715311050415,0.796355128288269,3.93249607086182,0.017332
2012-03-08,25.9444313049316,1.50403738021851,3.82976460456848,0.021443
2012-03-09,26.131462097168,2.28589344024658,3.58897614479065,0.026354
2012-03-10,26.467794418335,2.8555760383606,3.94452691078186,0.032153
2012-03-11,26.112642288208,2.56493854522705,4.01363849639893,0.032153
2012-03-12,25.9726753234863,1.88377070426941,3.62364983558655,0.036567
2012-03-13,26.2339839935303,0.65776789188385,3.70467948913574,0.036567
2012-03-14,26.1697673797607,2.67070913314819,4.11363935470581,0.036567
2012-03-15,26.1278591156006,1.07561802864075,3.67613673210144,0.032153
2012-03-16,26.7200336456299,0.704452872276306,4.22795343399048,0.032153
2012-03-17,27.8731460571289,0.702382802963257,4.54559707641602,0.028172
2012-03-18,26.4306163787842,1.31686305999756,3.64681553840637,0.028172
2012-03-19,25.8636837005615,3.95022106170654,2.95429658889771,0.028172
2012-03-20,26.0295333862305,4.5728907585144,4.0740385055542,0.028172
2012-03-21,26.812952041626,2.67878270149231,4.14210987091064,0.024623
2012-03-22,26.7785415649414,0.348615109920502,3.81837487220764,0.024623
2012-03-23,26.56321144104,0.0201402567327023,4.96476364135742,0.022979
2012-03-24,27.0777091979981,0.00999303907155991,5.06378221511841,0.019993
2012-03-25,26.3041515350342,0.4869125187397,5.02740526199341,0.01863
2012-03-26,25.0001354217529,0.199949681758881,3.55905270576477,0.01612
2012-03-27,25.5458011627197,0.691542387008667,3.68661379814148,0.01612
2012-03-28,25.8447380065918,1.10419058799744,3.64134788513184,0.014973
2012-03-29,27.0976295471191,0.491981208324432,4.26919651031494,0.012896
2012-03-30,26.3186721801758,0.569963872432709,3.46882843971252,0.011944
2012-03-31,26.3744926452637,2.41295528411865,2.75268769264221,0.013891
2012-04-01,26.005485534668,5.01135492324829,3.52160692214966,0.011944
2012-04-02,26.0993404388428,1.04555666446686,3.37364602088928,0.011944
2012-04-03,25.8213596343994,1.3505687713623,3.49122357368469,0.011944
2012-04-04,26.0151977539063,2.11277437210083,3.33041000366211,0.011944
2012-04-05,26.8449306488037,0.67415714263916,3.57466626167297,0.010213
2012-04-06,26.7076816558838,0.295765459537506,3.3979389667511,0.010213
2012-04-07,27.3069553375244,0.265533417463303,4.24014377593994,0.010213
2012-04-08,26.3454856872559,0.505711019039154,3.66583132743835,0.010213
2012-04-09,25.9717617034912,0.799171507358551,3.40596294403076,0.010213
2012-04-10,25.9617309570313,3.15764689445496,3.65975832939148,0.008027
2012-04-11,26.0724849700928,1.01704156398773,3.89158964157105,0.008027
2012-04-12,25.312219619751,1.76563060283661,3.45154428482056,0.008027
2012-04-13,25.200647354126,0.43836310505867,3.41002035140991,0.007378
2012-04-14,26.4889335632324,0.552525997161865,4.0390887260437,0.007378
2012-04-15,26.3353939056397,0.946790933609009,3.4690158367157,0.007378
2012-04-16,27.5156803131104,0.25189733505249,3.83525633811951,0.007378
2012-04-17,26.8909549713135,0.259830296039581,3.6105842590332,0.007378
2012-04-18,25.7725791931152,1.63327085971832,2.76883840560913,0.007378
2012-04-19,26.2015838623047,0.622884690761566,3.40374279022217,0.007378
2012-04-20,26.1822242736816,0.417406588792801,3.46342134475708,0.006794
2012-04-21,25.8843955993652,0.128450006246567,3.28734254837036,0.006794
2012-04-22,27.1589107513428,0.124006062746048,4.16359853744507,0.006794
2012-04-23,27.7474308013916,0.264387667179108,3.96669363975525,0
2012-04-24,27.5455532073975,0.0932059660553932,4.2154712677002,0
2012-04-25,26.7566967010498,0.0248978100717068,4.1853985786438,0
2012-04-26,26.9138355255127,0.0500904284417629,4.4472279548645,0
2012-04-27,26.5116405487061,0.000411607237765566,4.31344127655029,0
2012-04-28,26.188606262207,0.0361624248325825,4.27674913406372,0
2012-04-29,25.0200901031494,0.0039717466570437,4.19971609115601,0
2012-04-30,26.5562763214111,0.0203975420445204,4.17212533950806,0
2012-05-01,26.3585033416748,0.291169494390488,3.65328168869019,0
2012-05-02,24.1084632873535,0.849930942058563,3.11841940879822,0
2012-05-03,24.1831092834473,2.29822397232056,3.14751482009888,0
2012-05-04,23.7752456665039,2.98390626907349,3.11920213699341,0
2012-05-05,24.1798095703125,0.92802369594574,2.45544672012329,0
2012-05-06,24.2829151153564,1.96912109851837,2.88191366195679,0
2012-05-07,24.3176536560059,3.52795457839966,3.02601337432861,0
2012-05-08,22.9283828735352,3.18911170959473,1.86985683441162,0
2012-05-09,23.0317134857178,6.09922552108765,1.22726082801819,0
2012-05-10,23.9353466033936,2.43571019172668,2.66945147514343,0
2012-05-11,24.3145236968994,0.372375428676605,3.22720956802368,0
2012-05-12,25.7541923522949,0.712132751941681,3.32176923751831,0
2012-05-13,26.0314044952393,0.118393965065479,3.80913090705872,0
2012-05-14,24.9437522888184,0.52996689081192,2.78980088233948,0
2012-05-15,24.7949237823486,1.12207472324371,2.84243726730347,0
2012-05-16,23.7441787719727,3.76350951194763,1.95597302913666,0
2012-05-17,23.23756980896,2.20671057701111,2.5691134929657,0
2012-05-18,23.7392120361328,0.399227738380432,3.58116292953491,0
2012-05-19,22.7020740509033,0.308956176042557,2.18464183807373,0
2012-05-20,21.9345607757568,1.83940505981445,1.11142432689667,0
2012-05-21,20.8865756988525,9.43195724487305,1.23292648792267,0
2012-05-22,21.2877941131592,3.97298526763916,1.01709675788879,0
2012-05-23,20.685640335083,6.13533067703247,1.09707009792328,0.032153
2012-05-24,22.6097431182861,5.28815412521362,2.23062801361084,0.032153
2012-05-25,22.4043521881104,0.901638090610504,2.31722950935364,0.034295
2012-05-26,24.0995254516602,1.24443435668945,2.4773006439209,0.036567
2012-05-27,24.5802211761475,0.722353577613831,2.58534216880798,0.036567
2012-05-28,24.8590927124023,0.995375335216522,2.51383519172668,0.044162
2012-05-29,23.4718151092529,0.739227533340454,1.79083323478699,0.048533
2012-05-30,24.32373046875,3.20208978652954,2.59098219871521,0.06515
2012-05-31,24.6755065917969,1.01648163795471,2.64049887657166,0.056603
2012-06-01,23.7703151702881,0.951646506786346,1.92935740947723,0.044162
2012-06-02,23.1985912322998,7.19515132904053,1.03371715545654,0.044162
2012-06-03,24.1523303985596,3.48076605796814,2.42404055595398,0.0415
2012-06-04,24.4950160980225,1.02439820766449,2.50796556472778,0.0415
2012-06-05,23.8741436004639,0.782079219818115,1.98325502872467,0.0415
2012-06-06,24.3414497375488,0.89890855550766,2.54574799537659,0.038969
2012-06-07,22.6636829376221,0.747717618942261,1.79245901107788,0.038969
2012-06-08,23.1606063842773,2.30296897888184,2.16592478752136,0.038969
2012-06-09,22.941011428833,2.15757322311401,2.48520302772522,0.036567
2012-06-10,23.3295478820801,1.40746974945068,2.28540658950806,0.036567
2012-06-11,23.3113479614258,2.45255637168884,2.30820298194885,0.034295
2012-06-12,23.3652000427246,2.90941023826599,2.28864502906799,0.034295
2012-06-13,22.627779006958,2.31848549842834,1.89203870296478,0.034295
2012-06-14,22.9903316497803,2.15687894821167,2.35036826133728,0.034295
2012-06-15,22.8999347686768,2.50209140777588,2.37706518173218,0.034295
2012-06-16,22.8100814819336,3.15323519706726,2.54294466972351,0.034295
2012-06-17,22.604959487915,0.576867640018463,2.59200429916382,0.034295
2012-06-18,23.4286346435547,1.12151169776917,2.51898407936096,0.034295
2012-06-19,24.2696952819824,0.440461874008179,2.53189206123352,0.034295
2012-06-20,24.5457038879395,0.811798989772797,2.94246053695679,0.034295
2012-06-21,24.5480899810791,0.249272897839546,2.66737866401672,0.034295
2012-06-22,24.2949066162109,1.03944909572601,2.3610212802887,0.034295
2012-06-23,24.0182552337647,1.05719172954559,2.26829552650452,0.034295
2012-06-24,23.4103412628174,4.06113719940186,2.4596643447876,0.034295
2012-06-25,22.7744426727295,2.68485975265503,2.29938435554504,0.034295
2012-06-26,22.1426830291748,2.77183198928833,1.967365026474,0.034295
2012-06-27,22.5089550018311,2.51591396331787,2.54747891426086,0.034295
2012-06-28,21.9800090789795,1.92823803424835,1.8074631690979,0.034295
2012-06-29,21.7986373901367,2.79861736297607,1.23440444469452,0.034295
2012-06-30,22.2650146484375,4.53367900848389,2.72396421432495,0.034295
2012-07-01,21.0409450531006,1.21192252635956,2.6121985912323,0.048533
2012-07-02,20.5073661804199,0.79762202501297,2.12676525115967,0.048533
2012-07-03,21.6571254730225,1.28455007076263,2.4502317905426,0.044162
2012-07-04,21.7688217163086,0.919148623943329,2.31655144691467,0.044162
2012-07-05,21.5139293670654,7.61671686172485,1.24250245094299,0.044162
2012-07-06,21.5976047515869,6.1265025138855,2.42832803726196,0.056603
2012-07-07,21.8612461090088,3.53221893310547,2.40483927726746,0.06515
2012-07-08,22.1528015136719,1.33875381946564,2.35848307609558,0.083563
2012-07-09,21.4334449768066,1.71542108058929,2.10259795188904,0.09343
2012-07-10,21.481840133667,1.52149653434753,2.07390666007996,0.09343
2012-07-11,21.4798011779785,0.754364609718323,2.52229642868042,0.09343
2012-07-12,23.0532054901123,0.0136272814124823,2.89095950126648,0.083563
2012-07-13,24.0667934417725,0.00533323781564832,3.18499326705933,0.083563
2012-07-14,23.9601459503174,0.788413345813751,2.47254610061646,0.083563
2012-07-15,22.1662139892578,1.56666994094849,2.32350969314575,0.074151
2012-07-16,22.163553237915,1.37705504894257,2.74002528190613,0.06515
2012-07-17,22.449592590332,0.430469661951065,2.58949685096741,0.06515
2012-07-18,22.2362594604492,0.104224167764187,2.37383484840393,0.056603
2012-07-19,22.449125289917,0.285091161727905,3.42785859107971,0.048533
2012-07-20,21.9356784820557,0.867285847663879,2.01410698890686,0.044162
2012-07-21,22.6949310302734,1.91317224502563,2.64582467079163,0.044162
2012-07-22,23.4134979248047,0.316618949174881,3.05807065963745,0.044162
2012-07-23,22.1440048217773,0.164965659379959,2.65093731880188,0.0415
2012-07-24,21.1831092834473,0.191960453987122,2.15649223327637,0.0415
2012-07-25,21.5234317779541,0.53973400592804,2.86700749397278,0.0415
2012-07-26,21.4854564666748,0.00124371726997197,3.27374720573425,0.038969
2012-07-27,22.5434436798096,0.186118394136429,3.01424622535706,0.036567
2012-07-28,22.2051982879639,0.022976465523243,3.55740571022034,0.036567
2012-07-29,21.2927303314209,0.0518243312835693,2.81017756462097,0.036567
2012-07-30,20.0551738739014,0.0899003148078919,1.52930021286011,0.036567
2012-07-31,19.9714546203613,0.767955780029297,1.70828807353973,0.034295
2012-08-01,21.5596752166748,4.06560134887695,2.65072894096375,0.036567
2012-08-02,21.1117630004883,1.91562461853027,2.41201758384705,0.034295
2012-08-03,21.3210391998291,2.22166061401367,2.45565629005432,0.034295
2012-08-04,21.487491607666,1.37896001338959,2.75148367881775,0.036567
2012-08-05,22.3560810089111,0.35611554980278,3.46031618118286,0.036567
2012-08-06,22.289155960083,0.100378111004829,3.16255378723145,0.034295
2012-08-07,22.2156352996826,0.283716768026352,2.99379181861877,0.034295
2012-08-08,20.9399299621582,0.514531493186951,2.6737117767334,0.036567
2012-08-09,21.6778659820557,2.89887809753418,2.84925746917725,0.036567
2012-08-10,21.0055027008057,3.26728987693787,2.44701552391052,0.036567
2012-08-11,21.5597171783447,1.29085254669189,3.15040135383606,0.036567
2012-08-12,21.4387130737305,0.816841125488281,2.30420255661011,0.036567
2012-08-13,22.3139667510986,3.21192693710327,2.8337619304657,0.036567
2012-08-14,22.5097522735596,3.40235161781311,3.38461804389954,0.0415
2012-08-15,22.1997241973877,1.23432445526123,3.34779191017151,0.044162
2012-08-16,21.3227081298828,3.53678369522095,1.86443877220154,0.056603
2012-08-17,22.0740718841553,5.74985027313232,2.87758326530457,0.103686
2012-08-18,20.9936256408691,4.39051008224487,2.3970468044281,0.12541
2012-08-19,20.9603633880615,5.09114217758179,2.45783638954163,0.241386
2012-08-20,21.3103122711182,12.8720674514771,2.99938654899597,1.78322
2012-08-21,20.5006942749023,2.51535081863403,2.35292434692383,1.294627
2012-08-22,21.4419994354248,5.01483678817749,2.04613995552063,1.095758
2012-08-23,20.3210468292236,2.39262533187866,2.71548676490784,0.711003
2012-08-24,21.0313243865967,6.82781457901001,2.072016954422,0.679716
2012-08-25,21.1913185119629,3.73839282989502,2.92325329780579,0.575186
2012-08-26,20.6431541442871,2.26358771324158,3.58900332450867,0.419202
2012-08-27,20.3899765014648,1.33086681365967,2.20947265625,0.255991
2012-08-28,22.350154876709,0.761454820632935,2.89254236221314,0.173423
2012-08-29,23.3769950866699,0.106499679386616,3.79501485824585,0.114353
2012-08-30,23.1047058105469,0.443602025508881,3.57658100128174,0.083563
2012-08-31,23.1828937530518,1.42059350013733,3.00780391693115,0.083563
2012-09-01,22.0412349700928,1.60921096801758,3.4216628074646,0.074151
2012-09-02,20.6125049591064,0.135480895638466,3.54895234107971,0.06515
2012-09-03,22.3763046264648,0.742331981658936,2.69745755195618,0.056603
2012-09-04,21.7013607025147,0.32812625169754,3.9306948184967,0.048533
2012-09-05,21.0962772369385,2.63127326965332,2.35908889770508,0.048533
2012-09-06,21.5427837371826,3.16123557090759,2.88217782974243,0.0415
2012-09-07,21.7098407745361,0.880561053752899,3.17209839820862,0.034295
2012-09-08,22.3455944061279,2.5522620677948,3.05593752861023,0.032153
2012-09-09,23.0192337036133,2.40115332603455,2.17863202095032,0.0415
2012-09-10,24.3882541656494,0.420031011104584,3.47590303421021,0.0415
2012-09-11,25.4109020233154,0.159169971942902,4.43078660964966,0.038969
2012-09-12,25.8824653625488,0.231039628386498,4.74688577651978,0.036567
2012-09-13,25.9345226287842,0.303055197000504,4.77155637741089,0.034295
2012-09-14,24.5193996429443,0.454752236604691,3.99820685386658,0.032153
2012-09-15,23.7271499633789,0.163582444190979,2.95709013938904,0.030098
2012-09-16,23.7832431793213,0.57653421163559,3.25325083732605,0.028172
2012-09-17,23.7767562866211,0.465586990118027,3.2862401008606,0.024623
2012-09-18,24.6659393310547,0.918166399002075,4.28458786010742,0.024623
2012-09-19,25.0819320678711,0.15711610019207,4.14860963821411,0.021443
2012-09-20,25.6915550231934,0.0944931134581566,5.04523086547852,0.01863
2012-09-21,25.4814624786377,0.179676815867424,3.70510149002075,0.01863
2012-09-22,25.4445304870606,0.41530179977417,4.82373476028442,0.01612
2012-09-23,24.6672992706299,1.67414653301239,3.73572492599487,0.01612
2012-09-24,21.5827026367188,6.08056354522705,1.4130631685257,0.01612
2012-09-25,23.3846626281738,3.92251324653626,3.44039130210876,0.01612
2012-09-26,23.7047786712647,1.4358446598053,5.01175594329834,0.01612
2012-09-27,20.9638195037842,2.45438575744629,2.02480936050415,0.01612
2012-09-28,19.9028186798096,0.578106105327606,2.28200650215149,0.01612
2012-09-29,20.8418941497803,0.425112217664719,2.77788543701172,0.01612
2012-09-30,20.5220546722412,0.0830584615468979,2.70483613014221,0.01612
2012-10-01,20.5984401702881,0.282004982233048,2.27345490455627,0.01612
2012-10-02,21.5682964324951,0.293556451797485,3.45037221908569,0.021443
2012-10-03,21.7350292205811,0.304644823074341,2.86126923561096,0.028172
2012-10-04,23.5470218658447,1.94008612632751,3.5065758228302,0.030098
2012-10-05,23.1490058898926,1.46949434280396,3.74126601219177,0.032153
2012-10-06,22.0905303955078,2.8592541217804,3.33035039901733,0.034295
2012-10-07,21.9603576660156,3.355881690979,3.24585270881653,0.044162
2012-10-08,22.6824913024902,3.18642449378967,3.73802900314331,0.048533
2012-10-09,22.1377983093262,2.18360710144043,3.37676692008972,0.06515
2012-10-10,22.7229461669922,3.24146413803101,3.00769662857056,0.06515
2012-10-11,24.101167678833,4.72698211669922,3.82765030860901,0.074151
2012-10-12,24.2353248596191,3.09793424606323,3.5579526424408,0.083563
2012-10-13,24.3926467895508,2.80430603027344,3.75090551376343,0.056603
2012-10-14,23.4945392608643,3.61139106750488,3.85404300689697,0.048533
2012-10-15,22.0228939056397,0.704590439796448,1.81977963447571,0.048533
2012-10-16,22.9524879455566,3.82799363136292,3.15962052345276,0.103686
2012-10-17,23.1858730316162,1.56288027763367,3.38202476501465,0.114353
2012-10-18,24.7559413909912,2.24160146713257,2.81956243515015,0.12541
2012-10-19,25.1744937896729,0.811796367168427,3.69761776924133,0.14867
2012-10-20,24.8564338684082,0.332479923963547,3.97161364555359,0.136856
2012-10-21,24.7186546325684,0.12090490758419,4.67981243133545,0.074151
2012-10-22,25.183084487915,0.0276832282543182,4.80255937576294,0.056603
2012-10-23,25.6377773284912,0.123264513909817,5.23947525024414,0.036567
2012-10-24,26.815673828125,0.435640573501587,5.56416273117065,0.028172
2012-10-25,25.427396774292,0.0648269653320313,5.14564371109009,0.028172
2012-10-26,24.7243995666504,0.224849745631218,4.19602727890015,0.024623
2012-10-27,24.2820663452148,0.309974133968353,3.86200833320618,0.021443
2012-10-28,25.1051139831543,0.337746232748032,5.23712968826294,0.01863
2012-10-29,25.8401432037354,0.0321280993521214,5.55483055114746,0.01863
2012-10-30,26.104175567627,0.00586408982053399,5.4920244216919,0.01612
2012-10-31,27.1037502288818,0.0887450203299522,5.71878099441528,0.013891
2012-11-01,27.6778793334961,0.0203629210591316,5.10277318954468,0.011944
2012-11-02,26.6097717285156,0.575122117996216,3.50753426551819,0.010213
2012-11-03,25.7705783843994,5.98380041122437,2.59343242645264,0.014973
2012-11-04,25.1022205352783,7.64325523376465,2.04123330116272,0.01863
2012-11-05,25.3540554046631,10.8898048400879,2.75722718238831,0.022979
2012-11-06,24.6794624328613,27.4599342346191,2.38798809051514,0.030098
2012-11-07,23.6865901947022,16.570384979248,1.58625566959381,0.024623
2012-11-08,24.1939468383789,7.53218460083008,2.24706888198853,1.114972
2012-11-09,23.9448127746582,4.78734874725342,2.96151208877564,1.233415
2012-11-10,23.328857421875,3.30313777923584,2.32214879989624,2.675328
2012-11-11,23.2485790252686,3.51441717147827,2.28645086288452,0.546732
2012-11-12,24.6987648010254,2.8588011264801,3.90409517288208,0.478467
2012-11-13,25.157398223877,1.0402740240097,4.16225051879883,0.384149
2012-11-14,23.7811164855957,2.57289600372314,2.19805216789246,0.255991
2012-11-15,23.9249973297119,5.77295780181885,2.03499889373779,0.160874
2012-11-16,24.5290699005127,1.69014394283295,1.9084644317627,0.12541
2012-11-17,24.8141288757324,1.51243138313293,2.46409296989441,0.103686
2012-11-18,23.3437461853027,3.39003348350525,2.36319494247437,0.695294
2012-11-19,23.9809341430664,2.42749238014221,3.00813841819763,1.464264
2012-11-20,23.8972072601318,3.5562629699707,3.10292553901672,1.095758
2012-11-21,23.9803161621094,5.90301561355591,1.84362280368805,0.711003
2012-11-22,25.5480766296387,20.8750038146973,3.35536074638367,0.51895
2012-11-23,25.0236434936523,11.0993423461914,4.04179668426514,0.419202
2012-11-24,25.6791877746582,0.798257648944855,4.08793544769287,0.286176
2012-11-25,25.853796005249,0.54797238111496,4.22632503509522,0.213171
2012-11-26,25.3428840637207,1.17426884174347,3.97946166992188,0.14867
2012-11-27,25.0050430297852,1.74088442325592,2.89575552940369,0.12541
2012-11-28,24.9159336090088,1.54928803443909,3.88302779197693,0.103686
2012-11-29,25.0039958953857,0.493249863386154,2.66584515571594,0.06515
2012-11-30,25.3787631988525,1.62418222427368,3.63286685943604,0.0415
2012-12-01,24.3179149627686,2.23339438438416,4.02918195724487,0.032153
2012-12-02,24.5112743377686,1.08338809013367,3.36520481109619,0.032153
2012-12-03,24.9607276916504,0.939898192882538,3.95451521873474,0.028172
2012-12-04,24.7796001434326,0.493127524852753,4.17634248733521,0.028172
2012-12-05,24.790189743042,0.872139513492584,4.0099458694458,0.024623
2012-12-06,24.3384284973145,1.17239320278168,4.00374269485474,0.024623
2012-12-07,25.0135135650635,1.03257954120636,3.95596146583557,0.032153
2012-12-08,25.0898265838623,0.64072060585022,4.36083745956421,0.032153
2012-12-09,26.0039119720459,1.19659209251404,4.66992807388306,0.038969
2012-12-10,26.5131130218506,0.868236303329468,4.10876274108887,0.044162
2012-12-11,26.0681037902832,1.39688980579376,3.88826704025269,0.032153
2012-12-12,26.7043781280518,0.484154164791107,4.8495831489563,0.028172
2012-12-13,26.2231025695801,0.795609772205353,3.96132779121399,0.028172
2012-12-14,26.3535060882568,1.11082112789154,4.33107042312622,0.024623
2012-12-15,25.8349151611328,0.539748847484589,5.09753751754761,0.021443
2012-12-16,25.7669811248779,0.0241503398865461,4.82596826553345,0.021443
2012-12-17,25.9411849975586,0.00263059162534773,5.38400030136108,0.01863
2012-12-18,26.2671756744385,0.379412442445755,5.41699600219727,0.01612
2012-12-19,26.0797233581543,0.0224550552666187,5.23980808258057,0.01612
2012-12-20,25.2684135437012,0.078916572034359,3.89621090888977,0.01612
2012-12-21,26.1783561706543,0.0686198994517326,4.35821914672852,0.012896
2012-12-22,25.5416965484619,0.123495727777481,4.74046802520752,0.010213
2012-12-23,25.9832077026367,0.347125828266144,4.70999193191528,0.008698
2012-12-24,25.7412090301514,0.679176509380341,4.4421124458313,0.008698
2012-12-25,26.2530765533447,0.228318154811859,4.44162654876709,0.007378
2012-12-26,26.6471900939941,0.574835419654846,5.04475831985474,0.007378
2012-12-27,26.9128093719482,0.444888591766357,4.88451862335205,0.007378
2012-12-28,27.1686763763428,0.633063912391663,5.19505929946899,0.007378
2012-12-29,26.7282428741455,1.07471716403961,4.56982374191284,0.007378
2012-12-30,27.1237106323242,0.789899230003357,4.87434959411621,0.007378
2012-12-31,25.8935356140137,0.724380493164063,4.28717279434204,0.007378
2013-01-01,26.0732460021973,1.80831801891327,4.33093070983887,0.007378
2013-01-02,26.5273456573486,0.90856671333313,4.64383792877197,0.007378
2013-01-03,26.460729598999,0.656455516815186,4.9335150718689,0.007378
2013-01-04,26.3457679748535,0.366130858659744,4.88243293762207,0.007378
2013-01-05,26.3134212493897,1.11010253429413,4.32356786727905,0.007378
2013-01-06,26.2414703369141,0.859073400497437,4.41183471679688,0.007378
2013-01-07,26.3682670593262,0.906283557415009,4.92676115036011,0.007378
2013-01-08,26.5938816070557,0.364064544439316,4.86669826507568,0.007378
2013-01-09,25.7024593353272,0.964745998382568,4.1328182220459,0.007378
2013-01-10,26.3202018737793,1.23547506332397,4.38832902908325,0.007378
2013-01-11,26.8969478607178,0.574672758579254,5.17293119430542,0.007378
2013-01-12,26.5549488067627,2.0304160118103,3.74405336380005,0
2013-01-13,26.2909812927246,3.65664720535278,4.41235589981079,0
2013-01-14,26.7587203979492,2.9193549156189,4.75744104385376,0
2013-01-15,25.4652233123779,2.08652448654175,3.98452210426331,0
2013-01-16,26.253511428833,1.84937965869904,3.78408098220825,0
2013-01-17,26.6266899108887,5.96874666213989,2.97227764129639,0
2013-01-18,26.0318832397461,11.6605796813965,3.11191964149475,0
2013-01-19,24.9261932373047,10.7170667648315,2.10786366462708,0
2013-01-20,26.8136081695557,9.32363510131836,4.51154804229736,0
2013-01-21,26.7217960357666,11.0669870376587,2.88063836097717,0
2013-01-22,24.4097213745117,45.1864776611328,0.54957902431488,0
2013-01-23,25.0108528137207,28.7556076049805,2.46492910385132,0.213171
2013-01-24,25.4411659240723,2.76439499855042,3.52980160713196,0.160874
2013-01-25,26.4652709960938,3.07830214500427,4.46651315689087,0.66431
2013-01-26,26.8039703369141,1.12588763237,3.83555483818054,0.350265
2013-01-27,27.1455307006836,0.685027062892914,4.57593441009522,0.199583
2013-01-28,26.9104843139648,0.283111184835434,3.97839260101318,0.136856
2013-01-29,26.2202472686768,0.663974702358246,4.40850257873535,0.103686
2013-01-30,26.0447387695313,0.455476611852646,4.41840076446533,0.083563
2013-01-31,25.9120559692383,0.108292229473591,4.73669242858887,0.044162
2013-02-01,26.6614570617676,0.337391525506973,4.99015665054321,0.034295
2013-02-02,26.3099346160889,0.0586734265089035,4.80283784866333,0.028172
2013-02-03,25.0820655822754,0.323481380939484,3.86655616760254,0.028172
2013-02-04,26.5961723327637,0.481986284255981,5.21825695037842,0.024623
2013-02-05,26.7799320220947,0.526689827442169,4.70910310745239,0.021443
2013-02-06,26.6087131500244,0.456353455781937,4.80571460723877,0.017332
2013-02-07,25.3095073699951,2.20214033126831,3.6184139251709,0.01612
2013-02-08,25.6350040435791,4.31105756759644,2.95740127563477,0.160874
2013-02-09,26.0951404571533,2.26455163955689,4.21933221817017,0.286176
2013-02-10,25.2211017608643,0.769794046878815,4.30925416946411,0.419202
2013-02-11,25.2126007080078,1.45617032051086,4.27608156204224,0.301733
2013-02-12,25.2732009887695,0.278310775756836,3.69239568710327,0.14867
2013-02-13,25.8206405639648,0.356981486082077,4.51080465316773,0.036567
2013-02-14,25.3910617828369,0.646264731884003,3.83326125144959,0.01863
2013-02-15,25.8131408691406,1.1761953830719,4.14355945587158,0.01612
2013-02-16,25.598690032959,1.26726651191711,4.12231254577637,0.01612
2013-02-17,26.3482723236084,0.589816212654114,4.27242517471314,0.01612
2013-02-18,25.9244518280029,1.40664434432983,4.08613157272339,0.01612
2013-02-19,25.9962520599365,3.34416556358337,4.11872911453247,0.014973
2013-02-20,25.8866500854492,1.30276107788086,3.73892140388489,0.013891
2013-02-21,24.8200988769531,2.46664977073669,2.97494602203369,0.01612
2013-02-22,25.4043865203857,4.49943065643311,3.18597841262817,0.12541
2013-02-23,25.5954914093018,2.19694137573242,4.0610818862915,0.560883
2013-02-24,25.3333034515381,2.9057605266571,3.99551630020142,0.213171
2013-02-25,25.6726398468018,4.32279205322266,2.96870517730713,0.160874
2013-02-26,25.8525676727295,3.5902373790741,3.93312239646912,0.14867
2013-02-27,26.7193126678467,1.0772408246994,3.77695322036743,0.136856
2013-02-28,26.5981178283691,0.999871551990509,3.87013983726501,0.09343
2013-03-01,26.0978240966797,3.51713013648987,3.7525098323822,0.06515
2013-03-02,26.0767726898193,0.944696724414825,3.87237548828125,0.056603
2013-03-03,25.6706943511963,0.532877922058106,4.07314968109131,0.0415
2013-03-04,26.2027950286865,0.204944580793381,4.72220802307129,0.030098
2013-03-05,26.1774768829346,0.504925906658173,4.41237163543701,0.028172
2013-03-06,27.6216106414795,0.136200144886971,4.76776266098023,0.022979
2013-03-07,27.5000152587891,0.448271572589874,4.87330484390259,0.013891
2013-03-08,26.9218730926514,0.0556468106806278,4.77296018600464,0
2013-03-09,27.1479549407959,0.0785660818219185,4.34249114990234,0
2013-03-10,27.6807823181152,0.172366708517075,4.94610929489136,0
2013-03-11,28.8667049407959,0.207101687788963,5.07156229019165,0
2013-03-12,28.7926158905029,0.201371669769287,4.47575283050537,0
2013-03-13,28.3442325592041,0.29705286026001,4.89300298690796,0
2013-03-14,27.698616027832,0.751986265182495,3.63524293899536,0
2013-03-15,26.3779602050781,1.63558483123779,4.16943740844727,0
2013-03-16,26.3873310089111,2.03201603889465,4.19407510757446,0
2013-03-17,26.1267910003662,2.33665800094605,3.72772216796875,0
2013-03-18,26.4911079406738,4.62142086029053,3.5138726234436,0
2013-03-19,25.9303588867188,2.97957968711853,3.7646861076355,0
2013-03-20,25.8853530883789,2.05840826034546,3.81802248954773,0
2013-03-21,26.0032711029053,2.92652034759522,3.58998322486877,0
2013-03-22,26.9384117126465,1.91090476512909,3.81187891960144,0
2013-03-23,26.3555927276611,1.26031994819641,3.97571754455566,0
2013-03-24,26.3729362487793,2.9482741355896,3.73411512374878,0
2013-03-25,26.8610248565674,1.40056014060974,3.74872255325317,0
2013-03-26,27.4614963531494,0.33878955245018,4.13533401489258,0
2013-03-27,27.8171977996826,0.16384881734848,4.44506883621216,0
2013-03-28,27.8178691864014,0.322202980518341,4.48468446731567,0
2013-03-29,27.6875591278076,0.187180012464523,4.36674118041992,0
2013-03-30,26.0294933319092,0.907711923122406,3.68008613586426,0
2013-03-31,26.3356037139893,3.91553926467896,3.82560014724731,0
2013-04-01,25.9036540985107,2.2419159412384,3.12878108024597,0
2013-04-02,26.3572006225586,4.36122369766235,3.86334538459778,0
2013-04-03,25.402795791626,0.845099568367004,3.52848553657532,0
2013-04-04,26.4521617889404,0.521666705608368,4.4778151512146,0
2013-04-05,26.3301944732666,0.433106899261475,3.83234357833862,0
2013-04-06,29.0861015319824,0.602236032485962,4.6931095123291,0
2013-04-07,28.1165428161621,8.47068214416504,2.89532232284546,0
2013-04-08,24.980655670166,24.1695175170898,1.14649891853333,0
2013-04-09,25.1361770629883,16.1644687652588,1.51494777202606,0
2013-04-10,25.3606395721436,10.9234018325806,2.80415320396423,0
2013-04-11,25.1105136871338,8.44891929626465,3.27897238731384,0
2013-04-12,25.8926334381104,1.84237802028656,3.44004154205322,0
2013-04-13,26.0361194610596,0.618155360221863,3.58054733276367,0
2013-04-14,27.0588264465332,1.64875817298889,4.16443395614624,0
2013-04-15,25.812047958374,22.0555477142334,2.17818641662598,0.199583
2013-04-16,25.2935562133789,3.47146034240723,2.42944502830505,0.604266
2013-04-17,25.3269710540772,8.96323490142822,1.91378533840179,0.711003
2013-04-18,23.9709587097168,34.0219650268555,1.73405754566193,0.465289
2013-04-19,23.4004802703857,9.87987613677979,1.07962930202484,0.439454
2013-04-20,23.9380111694336,3.24332523345947,2.36066889762878,0.426775
2013-04-21,23.2688751220703,0.674110770225525,2.5408182144165,0.227127
2013-04-22,22.594690322876,0.85973733663559,2.85077810287476,0.136856
2013-04-23,22.825008392334,1.02591228485107,2.58275318145752,0.09343
2013-04-24,22.4011821746826,0.825257241725922,1.74770224094391,0.06515
2013-04-25,23.4706649780273,0.442232429981232,3.02237319946289,0.048533
2013-04-26,22.8127574920654,0.336072325706482,2.77987718582153,0.0415
2013-04-27,23.6169528961182,0.666550219058991,2.68681693077087,0.038969
2013-04-28,22.7053699493408,0.673348546028137,2.66562700271606,0.036567
2013-04-29,22.8356666564941,0.408615946769714,2.83459496498108,0.030098
2013-04-30,22.736665725708,0.293985784053803,2.51519536972046,0.024623
2013-05-01,23.0065956115723,0.0748228654265404,2.80873870849609,0.021443
2013-05-02,23.444616317749,0.589070618152618,2.53525567054749,0.01863
2013-05-03,23.5189266204834,3.08970975875855,2.05505108833313,0.01863
2013-05-04,23.0319538116455,0.409737706184387,2.90785813331604,0.01863
2013-05-05,23.5951366424561,0.0758450105786324,3.00820302963257,0.01863
2013-05-06,23.8207836151123,0.164938643574715,3.59165501594543,0.01612
2013-05-07,24.1204032897949,0.107629716396332,2.82267451286316,0.01612
2013-05-08,24.9771575927734,0.0498361550271511,3.48701143264771,0.01612
2013-05-09,24.0789852142334,0.790796935558319,2.73443198204041,0.013891
2013-05-10,23.806676864624,4.10822582244873,2.65422868728638,0.013891
2013-05-11,22.2992362976074,0.446502298116684,2.93310761451721,0.011944
2013-05-12,23.1467342376709,0.613440096378326,1.5805059671402,0.011944
2013-05-13,23.7834281921387,1.93863952159882,2.1461980342865,0.011944
2013-05-14,24.1174411773682,2.99819326400757,2.56584191322327,0.01863
2013-05-15,24.178129196167,2.60558915138245,2.78370141983032,0.032153
2013-05-16,24.0898609161377,2.14001083374023,2.63425755500793,0.026354
2013-05-17,24.4136714935303,1.36372804641724,2.83214855194092,0.021443
2013-05-18,24.1048393249512,1.53412568569183,2.48747944831848,0.021443
2013-05-19,22.8538284301758,2.5065131187439,2.01248836517334,0.021443
2013-05-20,22.7505359649658,1.29807436466217,2.75679969787598,0.01863
2013-05-21,22.7948265075684,0.174358040094376,3.34647488594055,0.01863
2013-05-22,23.9500484466553,0.7786905169487,3.30874848365784,0.01612
2013-05-23,23.9357318878174,0.195482715964317,2.74449920654297,0.01612
2013-05-24,24.3452854156494,0.484658747911453,2.55375337600708,0.01612
2013-05-25,23.79345703125,0.952096462249756,2.19966769218445,0.01612
2013-05-26,22.7725791931152,1.43011391162872,2.03700971603394,0.01612
2013-05-27,22.0141582489014,1.82696056365967,2.30106973648071,0.019993
2013-05-28,22.6640071868897,0.0935846939682961,3.15836930274963,0.026354
2013-05-29,23.70143699646,0.0173158049583435,3.43346929550171,0.301733
2013-05-30,24.8587875366211,0.0474391616880894,3.26107382774353,0.173423
2013-05-31,24.9768581390381,0.120196640491486,2.73170614242554,0.114353
2013-06-01,24.6471710205078,2.07746458053589,2.54887819290161,0.083563
2013-06-02,23.8506641387939,3.27163648605347,2.05899834632874,0.06515
2013-06-03,23.5422782897949,3.23557591438293,2.22222948074341,0.038969
2013-06-04,24.1494331359863,5.48034620285034,2.1891393661499,0.028172
2013-06-05,23.3200778961182,9.32546138763428,2.24709343910217,0.024623
2013-06-06,23.6656455993652,6.17913103103638,2.00748467445374,0.255991
2013-06-07,23.284761428833,9.91485023498535,1.58798182010651,0.426775
2013-06-08,23.875129699707,7.28656625747681,2.65938186645508,0.241386
2013-06-09,23.2613906860352,5.11631631851196,2.00222373008728,0.186319
2013-06-10,22.2256355285645,4.10826539993286,1.99333930015564,0.14867
2013-06-11,22.5542678833008,1.36516070365906,2.35185790061951,0.14867
2013-06-12,22.3317909240723,7.56746959686279,1.29522597789764,0.213171
2013-06-13,22.7920093536377,2.40526342391968,2.27512836456299,0.317615
2013-06-14,22.130407333374,1.65072154998779,2.17586636543274,0.173423
2013-06-15,22.5127143859863,2.45530605316162,1.99750506877899,0.14867
2013-06-16,21.4350776672363,4.44316864013672,0.883896172046661,0.136856
2013-06-17,22.4197731018066,0.549876868724823,2.16444754600525,0.114353
2013-06-18,22.715892791748,2.37470245361328,1.86492252349854,0.103686
2013-06-19,22.731689453125,4.54485893249512,1.65927684307098,0.074151
2013-06-20,22.8628826141357,5.60846471786499,2.16012573242188,0.048533
2013-06-21,22.2646999359131,2.79332113265991,1.7959988117218,0.056603
2013-06-22,23.1316337585449,1.70809435844421,2.41865754127502,0.14867
2013-06-23,23.1462440490723,0.527309477329254,2.97770476341248,0.160874
2013-06-24,22.0738468170166,14.7608079910278,0.898511946201325,0.199583
2013-06-25,21.2723274230957,11.6667575836182,0.922378182411194,0.270921
2013-06-26,22.6879177093506,6.414635181427,1.85550010204315,0.491795
2013-06-27,22.4861602783203,1.96859884262085,2.55472469329834,0.589639
2013-06-28,21.8429355621338,0.652483940124512,2.17097926139832,0.589639
2013-06-29,21.9543132781982,0.234757140278816,2.8887665271759,0.491795
2013-06-30,22.5348529815674,0.0437994636595249,2.90970683097839,0.384149
2013-07-01,21.2184810638428,0.923064708709717,2.20995616912842,0.255991
2013-07-02,22.4900798797607,1.5587260723114,2.26618814468384,0.186319
2013-07-03,22.4477291107178,1.22207713127136,2.64901685714722,0.114353
2013-07-04,21.3198680877686,4.50048875808716,1.18839681148529,0.103686
2013-07-05,21.6808605194092,11.378851890564,2.03135299682617,0.51895
2013-07-06,22.2085571289063,3.4823260307312,2.37113499641418,0.401524
2013-07-07,21.1239604949951,2.29400515556335,1.68650782108307,0.333799
2013-07-08,21.56494140625,1.16421008110046,2.39895534515381,0.532755
2013-07-09,21.6500511169434,1.53702986240387,2.65069580078125,0.439454
2013-07-10,21.253023147583,1.18676769733429,2.40447354316711,0.419202
2013-07-11,20.6709861755371,2.37443923950195,1.4480881690979,0.384149
2013-07-12,20.3382148742676,5.93921899795532,1.22405707836151,0.350265
2013-07-13,21.6381053924561,2.5618577003479,2.61845183372498,0.213171
2013-07-14,21.1345329284668,0.592058598995209,2.03075742721558,0.186319
2013-07-15,22.5325927734375,1.89543473720551,1.99363899230957,0.173423
2013-07-16,23.0349063873291,0.228447183966637,2.67577314376831,0.173423
2013-07-17,22.9519386291504,1.3136522769928,2.04216980934143,0.14867
2013-07-18,22.004732131958,2.48345828056335,2.18908190727234,0.12541
2013-07-19,21.8594970703125,1.74281620979309,2.65355587005615,0.103686
2013-07-20,22.7540225982666,1.43395519256592,2.21538043022156,0.103686
2013-07-21,22.8526515960693,1.97869443893433,2.12375068664551,0.083563
2013-07-22,22.9807872772217,0.642704844474793,2.39319515228272,0.06515
2013-07-23,22.8352737426758,0.811693549156189,1.99428772926331,0.044162
2013-07-24,23.6550731658936,0.771568715572357,3.16002607345581,0.030098
2013-07-25,21.7664661407471,0.411732405424118,2.92852234840393,0.026354
2013-07-26,21.9262084960938,0.222668334841728,1.85313355922699,0.021443
2013-07-27,22.3536796569824,0.151176124811172,2.29760384559631,0.021443
2013-07-28,22.1718559265137,0.789342761039734,1.88701486587524,0.022979
2013-07-29,22.292854309082,0.622994482517242,2.56164574623108,0.036567
2013-07-30,21.5967197418213,0.592644691467285,2.4924738407135,0.032153
2013-07-31,20.923583984375,0.444381594657898,2.72439980506897,0.024623
2013-08-01,20.2823543548584,0.00227726274169982,2.86849474906921,0.021443
2013-08-02,19.8434791564941,0.0574699863791466,2.90968656539917,0.01863
2013-08-03,20.2334136962891,0.714920282363892,2.09903430938721,0.01612
2013-08-04,20.7137012481689,1.52797186374664,2.18426299095154,0.024623
2013-08-05,21.3199501037598,0.730292499065399,2.51315426826477,0.024623
2013-08-06,22.1036262512207,2.24640965461731,1.97545099258423,0.024623
2013-08-07,20.9131507873535,1.00187587738037,2.5848536491394,0.024623
2013-08-08,21.3143882751465,1.45466780662537,2.72962760925293,0.024623
2013-08-09,21.5173511505127,3.6204354763031,2.43733048439026,0.021443
2013-08-10,21.3356895446777,2.81949329376221,2.55419158935547,0.021443
2013-08-11,22.2520694732666,1.5493403673172,2.76984858512878,0.021443
2013-08-12,22.1142120361328,0.62701952457428,3.22836661338806,0.021443
2013-08-13,22.0804538726807,1.32180511951447,2.3629322052002,0.074151
2013-08-14,22.6892356872559,0.760422945022583,3.29847550392151,0.048533
2013-08-15,22.2049503326416,1.19190800189972,2.67542314529419,0.0415
2013-08-16,21.6942653656006,2.15900731086731,2.95293259620667,0.0415
2013-08-17,22.2332000732422,1.52924728393555,2.36376142501831,0.036567
2013-08-18,21.4853324890137,1.51982986927032,2.40908336639404,0.036567
2013-08-19,21.5229244232178,2.21618008613586,2.52750706672668,0.036567
2013-08-20,20.9014339447022,10.6826219558716,1.35706734657288,0.056603
2013-08-21,21.2064685821533,9.44278430938721,2.3388500213623,0.12541
2013-08-22,21.8590774536133,3.42383003234863,2.55217027664185,0.186319
2013-08-23,22.2537631988525,1.88575291633606,3.08685684204102,0.173423
2013-08-24,20.5285778045654,2.0125150680542,1.73376560211182,0.14867
2013-08-25,22.8989124298096,4.31875801086426,3.61230444908142,0.286176
2013-08-26,22.496675491333,0.993013679981232,2.7362961769104,0.241386
2013-08-27,23.4081630706787,0.140804573893547,3.97628903388977,0.186319
2013-08-28,23.863805770874,0.493643075227737,2.80231833457947,0.14867
2013-08-29,21.4524517059326,4.69590091705322,1.21954905986786,0.12541
2013-08-30,21.2294387817383,3.8969304561615,1.98081278800964,0.103686
2013-08-31,21.1872158050537,0.621400773525238,2.88158965110779,0.103686
2013-09-01,21.7545318603516,1.7932243347168,2.47825479507446,0.103686
2013-09-02,22.6198596954346,2.25717830657959,3.51747989654541,0.103686
2013-09-03,22.3526725769043,1.46701741218567,2.88240551948547,0.074151
2013-09-04,23.6516761779785,1.02877581119537,3.33068442344666,0.048533
2013-09-05,23.1798629760742,0.217437788844109,3.76511311531067,0.044162
2013-09-06,21.4377784729004,1.29570245742798,1.62145483493805,0.0415
2013-09-07,22.0995197296143,4.91771078109741,2.94358491897583,0.048533
2013-09-08,22.1827774047852,6.79928970336914,3.15152335166931,0.06515
2013-09-09,22.0620651245117,2.81257390975952,3.29527950286865,0.06515
2013-09-10,21.7021732330322,4.21986722946167,2.59209251403809,0.06515
2013-09-11,21.3871555328369,7.04186582565308,3.46766400337219,0.09343
2013-09-12,21.5702667236328,6.18166828155518,2.97443985939026,0.14867
2013-09-13,21.5882663726807,6.75110626220703,2.87515163421631,0.491795
2013-09-14,22.6493587493897,5.00165176391602,3.08487868309021,0.546732
2013-09-15,23.0665912628174,5.1386284828186,3.2416410446167,0.546732
2013-09-16,23.2801856994629,3.62386298179626,3.23819494247437,0.419202
2013-09-17,22.5392417907715,1.61054372787476,2.65992403030396,0.317615
2013-09-18,24.0535259246826,1.34758162498474,3.35580897331238,0.213171
2013-09-19,24.0170631408691,4.00609302520752,3.15350127220154,0.301733
2013-09-20,22.9370098114014,4.15309047698975,3.17513179779053,0.227127
2013-09-21,23.8394832611084,2.72402572631836,3.319655418396,0.199583
2013-09-22,24.3170280456543,0.560582876205444,3.80789923667908,0.160874
2013-09-23,25.7628116607666,0.22646202147007,4.69774293899536,0.114353
2013-09-24,25.3303756713867,0.139465942978859,4.66683340072632,0.074151
2013-09-25,24.7049808502197,0.130382388830185,5.01187801361084,0.06515
2013-09-26,23.8632297515869,0.477320790290833,2.95924091339111,0.044162
2013-09-27,22.4776096343994,2.95346713066101,2.06119203567505,0.0415
2013-09-28,22.8845653533936,1.62786889076233,1.97690057754517,0.0415
2013-09-29,22.9261131286621,0.420222759246826,2.62607192993164,0.036567
2013-09-30,22.7362747192383,0.9286128282547,3.27324628829956,0.032153
2013-10-01,23.439323425293,0.0792596489191055,4.2334623336792,0.032153
2013-10-02,23.6621704101563,0.241485804319382,4.16834449768066,0.022979
2013-10-03,25.2533130645752,0.419129908084869,4.16468954086304,0.013891
2013-10-04,25.181266784668,0.39588275551796,4.85697221755981,0.013891
2013-10-05,26.2967853546143,0.274001032114029,5.25333690643311,0.021443
2013-10-06,25.200963973999,0.601720154285431,2.93124651908875,0.01863
2013-10-07,22.0119514465332,6.73359489440918,1.56634438037872,0.01863
2013-10-08,20.3809700012207,4.09678268432617,1.18096160888672,0.014973
2013-10-09,19.4961223602295,2.88646268844605,1.28522372245789,0.011944
2013-10-10,21.0170459747314,1.70679271221161,2.53582310676575,0.011944
2013-10-11,21.4289398193359,0.782264292240143,2.83474159240723,0.011944
2013-10-12,21.5999202728272,0.61771696805954,3.7017285823822,0.010213
2013-10-13,22.5004634857178,1.10151195526123,3.79716777801514,0.012896
2013-10-14,22.3652076721191,0.161530822515488,3.38485360145569,0.013891
2013-10-15,23.7928142547607,1.1286449432373,3.38458657264709,0.011944
2013-10-16,23.098653793335,0.743427395820618,3.47475266456604,0.011944
2013-10-17,23.7816123962402,2.86592435836792,3.5681836605072,0.010213
2013-10-18,24.8654289245606,0.329982936382294,5.01942586898804,0.010213
2013-10-19,24.7880897521973,1.88869178295136,2.7734522819519,0.010213
2013-10-20,24.7344608306885,6.17515134811401,2.78487730026245,0.12541
2013-10-21,24.7601909637451,5.02018976211548,3.488112449646,
2013-10-22,25.4886665344238,1.27741491794586,4.13830518722534,
2013-10-23,24.7369232177734,2.32997179031372,4.05610847473145,
2013-10-24,24.2904529571533,3.3315315246582,4.15169525146484,
2013-10-25,24.3485279083252,0.716204345226288,3.84827733039856,
2013-10-26,23.6842784881592,0.35637766122818,3.81981205940247,0.09343
2013-10-27,24.2354965209961,0.431907266378403,4.20212173461914,0.0415
2013-10-28,25.6338691711426,0.0649497956037521,5.58477640151978,0.026354
2013-10-29,25.0879249572754,2.26455402374268,3.34259939193726,0.019993
2013-10-30,24.7880630493164,3.80746483802795,3.19165587425232,0.019993
2013-10-31,24.5895748138428,5.89637804031372,3.81772565841675,0.028172
2013-11-01,23.4943656921387,11.5104703903198,1.67325854301453,0.333799
2013-11-02,23.0642528533936,12.879319190979,2.75794982910156,0.808609
2013-11-03,22.6217880249023,5.20101737976074,3.40309834480286,1.399568
2013-11-04,22.4337902069092,2.88453888893127,4.17811298370361,0.604266
2013-11-05,24.0782775878906,3.57103776931763,3.78154540061951,0.384149
2013-11-06,25.3686809539795,2.49915075302124,4.07855129241943,0.213171
2013-11-07,24.8524494171143,1.83203828334808,3.40687847137451,0.160874
2013-11-08,24.7634010314941,0.601210057735443,3.65196251869202,0.136856
2013-11-09,24.895170211792,0.313518285751343,3.79721546173096,0.12541
2013-11-10,25.6513671875,0.762581408023834,4.23767042160034,0.103686
2013-11-11,25.4985904693604,0.883318483829498,4.08268880844116,0.09343
2013-11-12,25.4045963287354,0.173017710447311,4.68584203720093,0.074151
2013-11-13,26.0441932678223,0.400648564100266,4.31578540802002,0.056603
2013-11-14,25.0586967468262,0.746604263782501,4.34201669692993,0.048533
2013-11-15,23.9850616455078,2.56592226028442,3.83340263366699,0.0415
2013-11-16,23.8325271606445,4.59231042861939,3.53451085090637,0.036567
2013-11-17,24.2386894226074,2.71972727775574,4.34144067764282,0.114353
2013-11-18,25.2258949279785,1.64645171165466,4.61836051940918,0.136856
2013-11-19,25.4122333526611,2.00460147857666,4.25709867477417,0.103686
2013-11-20,24.5211524963379,3.04505848884583,4.19416999816895,0.103686
2013-11-21,23.7641620635986,0.534184753894806,4.79386806488037,0.083563
2013-11-22,24.1217365264893,0.238274112343788,5.44306802749634,0.044162
2013-11-23,25.592887878418,0.162236362695694,4.97347497940064,0.026354
2013-11-24,25.5245189666748,0.793390929698944,4.10959911346436,0.021443
2013-11-25,24.9933166503906,1.29696607589722,3.45517683029175,0.017332
2013-11-26,24.6760749816895,4.79221105575562,2.71040987968445,0.103686
2013-11-27,23.0779972076416,20.4266128540039,1.07100999355316,0.505297
2013-11-28,22.7309436798096,38.4360504150391,0.954719007015228,2.825318
2013-11-29,23.6639156341553,15.0190181732178,2.19786810874939,7.128943
2013-11-30,25.1906642913818,2.34587812423706,4.59435844421387,2.366931
2013-12-01,24.9456558227539,0.257991075515747,4.09653759002686,0.695294
2013-12-02,25.02858543396,1.07696962356567,4.16637897491455,0.439454
2013-12-03,26.1364612579346,0.172707766294479,5.23282194137573,0.255991
2013-12-04,27.3486270904541,0.0719251111149788,5.55016422271729,0.186319
2013-12-05,26.6759376525879,0.915163040161133,3.92595720291138,0.12541
2013-12-06,25.8759574890137,2.07254123687744,4.52157163619995,0.103686
2013-12-07,25.8437995910645,1.14148187637329,4.32731628417969,0.083563
2013-12-08,25.9571132659912,1.44508373737335,4.36244487762451,0.074151
2013-12-09,25.6368751525879,1.01867532730103,4.20111322402954,0.06515
2013-12-10,25.9388656616211,0.109054110944271,4.87806844711304,0.044162
2013-12-11,25.6342315673828,0.166113823652267,5.10317468643189,0.038969
2013-12-12,26.5473537445068,0.104476638138294,4.12874603271484,0.032153
2013-12-13,25.1320629119873,3.16207599639893,1.4810106754303,0.028172
2013-12-14,25.9185047149658,2.86071944236755,3.47253155708313,0.024623
2013-12-15,25.9290657043457,2.91374754905701,3.68067717552185,0.021443
2013-12-16,24.7928638458252,22.6841106414795,1.9508810043335,0.021443
2013-12-17,23.8532791137695,8.09052658081055,1.77103006839752,0.036567
2013-12-18,22.8179912567139,15.1117105484009,0.879113852977753,0.160874
2013-12-19,24.0084934234619,29.3299312591553,1.57670485973358,0.136856
2013-12-20,24.6044921875,16.2981929779053,1.99915778636932,0.241386
2013-12-21,23.9882259368897,35.6389350891113,1.68875253200531,0.791949
2013-12-22,23.3700580596924,18.2864379882813,1.00405144691467,1.420989
2013-12-23,25.1555480957031,9.13267421722412,2.5976345539093,2.704993
2013-12-24,24.6931018829346,5.00644016265869,2.7023389339447,2.028004
2013-12-25,25.7590961456299,4.29267501831055,4.49892044067383,0.911754
2013-12-26,25.3571491241455,3.33809876441956,2.03056907653809,0.560883
2013-12-27,24.6425075531006,2.12916469573975,2.57241034507751,0.350265
2013-12-28,24.7232990264893,2.11483335494995,2.30020689964294,0.241386
2013-12-29,25.5364665985107,0.500198066234589,4.55208492279053,0.136856
2013-12-30,25.4668083190918,0.183694019913673,4.54791641235352,0.103686
2013-12-31,25.6155529022217,0.403272539377213,4.45693206787109,0.103686
2014-01-01,25.7397804260254,0.360182553529739,4.66115617752075,0.103686
2014-01-02,25.2130165100098,0.740552008152008,4.19216585159302,0.074151
2014-01-03,24.9179363250732,0.734806537628174,4.52777481079102,0.044162
2014-01-04,25.0597019195557,0.660211622714996,4.3446946144104,0.160874
2014-01-05,24.4504470825195,2.05832624435425,3.94832324981689,0.136856
2014-01-06,24.1129856109619,2.23560357093811,3.44916605949402,0.09343
2014-01-07,23.7155342102051,2.26276803016663,3.74061393737793,0.056603
2014-01-08,24.5727424621582,4.84967279434204,3.80367660522461,0.038969
2014-01-09,24.8087787628174,6.3228645324707,4.35727214813232,0.056603
2014-01-10,24.5153884887695,3.25445818901062,3.97912096977234,0.114353
2014-01-11,24.9276790618897,3.0447940826416,3.97025918960571,0.160874
2014-01-12,25.1024971008301,2.29440498352051,4.18476343154907,0.12541
2014-01-13,24.6971015930176,5.27567625045776,3.54687571525574,0.103686
2014-01-14,25.2980079650879,3.03159666061401,3.56763339042664,0.160874
2014-01-15,24.6289043426514,3.03889536857605,3.25571584701538,0.301733
2014-01-16,25.2324371337891,1.71258723735809,3.98777270317078,0.401524
2014-01-17,25.0330944061279,0.887959122657776,4.4459662437439,0.301733
2014-01-18,25.8364677429199,1.54932475090027,3.90437746047974,0.213171
2014-01-19,25.2156543731689,4.59449148178101,2.32410836219788,0.160874
2014-01-20,25.201099395752,5.61124229431152,2.5132098197937,0.825421
2014-01-21,25.1550254821777,3.86210656166077,3.45895099639893,0.726885
2014-01-22,25.0797004699707,3.15257835388184,3.73028874397278,0.478467
2014-01-23,25.3948173522949,1.85648119449615,4.41335439682007,0.286176
2014-01-24,24.929443359375,1.53622055053711,4.90503740310669,0.173423
2014-01-25,24.9685306549072,1.30381739139557,3.96597027778626,0.12541
2014-01-26,25.6832008361816,1.95010316371918,4.80794858932495,0.103686
2014-01-27,24.6305828094482,0.715455055236816,3.76589632034302,0.103686
2014-01-28,24.4499893188477,3.07746624946594,3.41377758979797,0.103686
2014-01-29,24.4869995117188,2.81924915313721,2.8714394569397,0.103686
2014-01-30,25.1628303527832,3.82555460929871,3.67588210105896,0.103686
2014-01-31,23.7491722106934,2.31890320777893,4.05589246749878,0.103686
2014-02-01,24.976541519165,3.41013836860657,4.33276844024658,0.114353
2014-02-02,24.4119930267334,1.10724472999573,4.24673223495483,0.136856
2014-02-03,25.0040092468262,1.07168340682983,4.45051765441895,0.114353
2014-02-04,25.1543846130371,3.23556113243103,3.21493458747864,0.09343
2014-02-05,25.0099849700928,3.83116555213928,3.51371932029724,0.083563
2014-02-06,24.5300331115723,4.28470373153687,4.34058141708374,0.074151
2014-02-07,24.5774898529053,3.92567801475525,3.73578715324402,0.09343
2014-02-08,24.4036979675293,3.90324330329895,3.9487566947937,0.044162
2014-02-09,25.2846050262451,3.11303949356079,4.28253126144409,0.036567
2014-02-10,24.9784812927246,2.32806301116943,4.28719758987427,0.032153
2014-02-11,25.0794582366943,3.25774836540222,3.55975842475891,0.026354
2014-02-12,24.7327709197998,2.19800591468811,4.40387916564941,0.024623
2014-02-13,25.0541572570801,1.81904745101929,3.99713253974915,0.024623
2014-02-14,25.6314029693604,1.31535053253174,4.43744421005249,0.024623
2014-02-15,25.1620845794678,0.846279919147492,3.68002104759216,0.021443
2014-02-16,25.1684188842773,2.98254013061523,4.16894626617432,0.021443
2014-02-17,25.1401920318604,1.07920145988464,4.20638132095337,0.01863
2014-02-18,25.2902317047119,0.947501659393311,4.32995986938477,0.01863
2014-02-19,25.699125289917,0.377742081880569,4.48345804214478,0.01863
2014-02-20,25.7018241882324,2.58397841453552,3.88845562934876,0.01612
2014-02-21,25.8142948150635,6.35859346389771,3.39389276504517,0.01612
2014-02-22,25.2711505889893,3.76370120048523,3.9570996761322,0.01612
2014-02-23,25.4231357574463,3.10355758666992,3.78296732902527,0.01612
2014-02-24,25.1377506256104,3.54521226882935,3.36251664161682,0.036567
2014-02-25,25.3173980712891,2.90390706062317,3.60341453552246,0.114353
2014-02-26,24.4809055328369,3.75015115737915,3.66224002838135,0.083563
2014-02-27,24.4578704833984,3.71201372146606,3.2940559387207,0.09343
2014-02-28,24.4818363189697,4.08007860183716,2.20262026786804,0.12541
2014-03-01,24.6045837402344,9.82630825042725,2.57020664215088,0.12541
2014-03-02,25.0726947784424,5.87045860290527,4.44684410095215,0.255991
2014-03-03,24.783561706543,2.54704284667969,3.03090071678162,0.401524
2014-03-04,24.7803192138672,5.30729055404663,3.34064722061157,1.114972
2014-03-05,24.8434448242188,1.97062301635742,4.15695714950562,0.842385
2014-03-06,24.4148502349854,1.23154139518738,3.88739156723022,0.546732
2014-03-07,24.944299697876,1.23364281654358,3.99058961868286,0.270921
2014-03-08,25.3727722167969,0.880635917186737,4.16366052627564,0.213171
2014-03-09,25.5949554443359,0.550077557563782,4.07732343673706,0.14867
2014-03-10,25.4147338867188,1.19121873378754,3.77735424041748,0.136856
2014-03-11,25.6299266815186,1.48610055446625,4.30022811889648,0.12541
2014-03-12,25.4920597076416,1.63754439353943,4.03448247909546,0.103686
2014-03-13,25.2970523834229,1.66151404380798,3.66713857650757,0.083563
2014-03-14,25.3054428100586,3.38274383544922,3.9497549533844,0.083563
2014-03-15,24.5460033416748,5.46961355209351,2.92860698699951,0.12541
2014-03-16,25.0957889556885,5.56196641921997,3.83646059036255,0.173423
2014-03-17,24.5924510955811,2.54283356666565,3.45951557159424,0.270921
2014-03-18,25.4835510253906,3.04457521438599,3.70648956298828,0.649055
2014-03-19,25.0157718658447,2.93928146362305,2.97326374053955,0.419202
2014-03-20,24.9066867828369,0.374346762895584,3.9670684337616,0.213171
2014-03-21,25.3731269836426,1.86293768882751,3.71823954582214,0.09343
2014-03-22,25.9723834991455,1.67783176898956,3.76811838150024,0.056603
2014-03-23,25.8902988433838,3.22068357467651,3.4761905670166,0.036567
2014-03-24,25.6584968566895,2.19623899459839,3.55094313621521,0.032153
2014-03-25,25.3872108459473,3.15094232559204,3.36263823509216,0.034295
2014-03-26,25.8832893371582,2.64390516281128,3.60330843925476,0.044162
2014-03-27,25.1623153686523,14.8416233062744,3.2903847694397,0.136856
2014-03-28,24.7915477752686,4.99183893203735,2.70040631294251,0.173423
2014-03-29,25.0644283294678,4.97571563720703,3.01814699172974,0.173423
2014-03-30,25.3922157287598,3.89151549339294,3.70095491409302,0.270921
2014-03-31,25.1389942169189,1.2388334274292,3.46851015090942,0.227127
2014-04-01,25.6487083435059,4.52475261688232,3.43633556365967,0.199583
2014-04-02,25.1796646118164,1.40455043315887,3.14136528968811,0.136856
2014-04-03,26.0378494262695,0.6169193983078,3.97980952262878,0.114353
2014-04-04,26.136848449707,1.40633749961853,3.45246505737305,0.083563
2014-04-05,25.8754329681397,2.46918845176697,3.40364456176758,0.083563
2014-04-06,25.3233947753906,6.72741603851318,3.51645541191101,0.048533
2014-04-07,24.96994972229,3.49569535255432,3.3130898475647,0.022979
2014-04-08,25.8077564239502,0.659948229789734,4.03271245956421,0.06515
2014-04-09,25.7679615020752,0.430651634931564,3.46582770347595,0.160874
2014-04-10,25.6134014129639,0.887654900550842,4.27447175979614,0.114353
2014-04-11,25.1465969085693,0.177769526839256,3.51273727416992,0.083563
2014-04-12,25.098970413208,1.31965339183807,3.34110951423645,0.083563
2014-04-13,24.7543201446533,2.54908132553101,2.03111958503723,0.083563
2014-04-14,25.5420227050781,2.41511702537537,3.10453414916992,0.06515
2014-04-15,25.9842929840088,1.91749584674835,3.71187734603882,0.048533
2014-04-16,25.519100189209,1.10064661502838,3.47594809532166,0.0415
2014-04-17,25.6109066009522,1.54269802570343,3.61496829986572,0.032153
2014-04-18,25.6646385192871,2.67958879470825,3.01903986930847,0.021443
2014-04-19,26.019416809082,2.26193380355835,2.94857501983643,0.012896
2014-04-20,25.8108978271484,0.858740210533142,3.13695526123047,0.008698
2014-04-21,25.3173065185547,0.271025061607361,3.53210926055908,0.007378
2014-04-22,25.437198638916,0.689115881919861,3.13332390785217,0.007378
2014-04-23,25.4895210266113,0.303351044654846,3.55971765518189,0.007378
2014-04-24,26.1397609710693,0.205552577972412,4.11995410919189,0.006232
2014-04-25,26.2458686828613,0.666390061378479,3.29413914680481,0.006232
2014-04-26,23.2540321350098,2.98604083061218,1.6940096616745,0.006794
2014-04-27,24.2016525268555,4.23652982711792,2.76470422744751,0.008698
2014-04-28,23.5091514587402,0.26364266872406,3.41165637969971,0.008027
2014-04-29,22.4141883850098,0.470062047243118,2.75118184089661,0.006232
2014-04-30,22.0308876037598,0.406040340662003,2.7962818145752,0.005236
2014-05-01,22.3688316345215,0.11368840187788,2.22577381134033,0.005236
2014-05-02,23.8034610748291,0.0754717215895653,3.9869692325592,0.005236
2014-05-03,24.3812770843506,0.0338311158120632,3.86870408058167,0.005236
2014-05-04,23.2057552337647,3.81383109092712,1.31290650367737,0.005236
2014-05-05,24.3884201049805,1.30137276649475,3.09752178192139,0.006794
2014-05-06,22.2764339447021,3.03734588623047,0.45660126209259,0.01612
2014-05-07,24.2519435882568,8.35850429534912,2.37015819549561,0.026354
2014-05-08,24.0372219085693,2.56227087974548,2.68564105033875,0.036567
2014-05-09,24.5615196228027,0.655230581760407,3.06836342811584,0.038969
2014-05-10,25.1373271942139,1.55516755580902,3.33480644226074,0.048533
2014-05-11,23.8057765960693,4.67605352401733,3.08632898330689,0.036567
2014-05-12,22.317626953125,0.545575261116028,3.7798433303833,0.026354
2014-05-13,20.8505554199219,0.472228974103928,2.56049418449402,0.022979
2014-05-14,22.9474086761475,0.0404088906943798,2.77324295043945,0.01863
2014-05-15,22.9824352264404,0.717702567577362,1.63189899921417,0.036567
2014-05-16,23.7787494659424,1.94263792037964,1.81019079685211,0.12541
2014-05-17,24.5570392608643,2.34722304344177,2.18456840515137,0.103686
2014-05-18,23.8004741668701,1.08648681640625,2.1065571308136,0.083563
2014-05-19,23.8978729248047,0.682794630527496,2.30059027671814,0.056603
2014-05-20,23.9681930541992,0.884039759635925,2.50801157951355,0.028172
2014-05-21,23.5871620178223,0.81700611114502,2.22012567520142,0.021443
2014-05-22,23.1764850616455,0.537369012832642,1.8905211687088,0.026354
2014-05-23,25.6172409057617,1.729088306427,2.36451768875122,0.032153
2014-05-24,25.9607944488525,0.0904225781559944,3.43255972862244,0.024623
2014-05-25,25.3726844787598,1.48116230964661,2.55865001678467,0.021443
2014-05-26,25.1048965454102,2.1151978969574,2.73603510856628,0.01612
2014-05-27,25.0265598297119,1.24363386631012,3.16254758834839,0.014973
2014-05-28,24.2894515991211,0.281003624200821,3.31298470497131,0.013891
2014-05-29,23.1691226959229,0.15606477856636,2.54539966583252,0.011944
2014-05-30,23.3269901275635,1.0972808599472,2.58718466758728,0.011944
2014-05-31,22.3907661437988,0.350831031799316,2.4155535697937,0.010213
2014-06-01,22.3326454162598,0.049132701009512,3.05612969398499,0.008698
2014-06-02,22.5577335357666,0.0266049690544605,2.8221333026886,0.007378
2014-06-03,23.6424560546875,0.307734340429306,3.16230940818787,0.005236
2014-06-04,23.5763835906982,1.21394550800323,2.03302812576294,0.004392
2014-06-05,23.1808967590332,1.2588392496109,2.32908487319946,0.003635
2014-06-06,23.5320816040039,0.210249811410904,2.58763813972473,0.003311
2014-06-07,23.2291126251221,0.434536099433899,2.45865964889526,0.003008
2014-06-08,21.1458473205566,2.93225860595703,1.98873484134674,0.002467
2014-06-09,21.6258163452148,6.38623142242432,0.732012927532196,0.008698
2014-06-10,23.5901565551758,3.38683366775513,2.39240050315857,0.01863
2014-06-11,23.4298648834229,2.82268047332764,2.49554800987244,0.030098
2014-06-12,23.3509845733643,6.23895454406738,2.08238649368286,0.0415
2014-06-13,23.352632522583,7.62498235702515,2.15420842170715,0.0415
2014-06-14,22.5394191741943,8.50382232666016,1.90127098560333,0.048533
2014-06-15,22.5698184967041,15.7411651611328,1.46868360042572,0.09343
2014-06-16,22.7876682281494,13.3551845550537,2.05031394958496,0.160874
2014-06-17,22.6639709472656,2.47774267196655,2.12930870056152,0.056603
2014-06-18,22.6549015045166,1.14540934562683,2.29427647590637,0.028172
2014-06-19,21.9117374420166,0.334912210702896,1.81167423725128,0.021443
2014-06-20,22.0816326141357,2.09376525878906,2.24905061721802,0.022979
2014-06-21,22.2171325683594,2.32274436950684,2.11687326431274,0.048533
2014-06-22,21.6749801635742,7.17586898803711,0.998169302940369,0.546732
2014-06-23,21.2057247161865,3.55603981018066,2.2051203250885,0.350265
2014-06-24,20.8719100952148,1.31262111663818,2.00829815864563,0.227127
2014-06-25,20.9982948303223,1.6360992193222,2.23863434791565,0.160874
2014-06-26,20.8433227539063,1.11345458030701,1.61017489433289,0.14867
2014-06-27,22.4489269256592,2.55231332778931,2.14721441268921,0.12541
2014-06-28,22.854284286499,0.969822406768799,2.0523898601532,0.12541
2014-06-29,22.6361484527588,2.89243149757385,1.43090355396271,0.074151
2014-06-30,23.3118724822998,1.53544318675995,2.84650826454163,0.044162
2014-07-01,22.7419624328613,0.624539375305176,2.51908802986145,0.034295
2014-07-02,23.3231601715088,1.0775043964386,2.42488431930542,0.032153
2014-07-03,23.0552940368652,1.1067841053009,2.52533626556397,0.044162
2014-07-04,21.7932643890381,0.434394806623459,2.52769184112549,0.06515
2014-07-05,21.4290885925293,1.59976851940155,2.34435844421387,0.0415
2014-07-06,22.3592147827148,1.45915448665619,2.05513691902161,0.030098
2014-07-07,21.4620952606201,1.87953579425812,2.13038158416748,0.01863
2014-07-08,22.5602722167969,4.08602476119995,2.4667603969574,0.013891
2014-07-09,21.4798908233643,1.84254288673401,2.4120717048645,0.011944
2014-07-10,21.5977821350098,1.27890264987946,2.36513757705689,0.011944
2014-07-11,22.2838401794434,0.731815040111542,2.23954892158508,0.011944
2014-07-12,21.5002670288086,1.94604241847992,1.88054502010345,0.010213
2014-07-13,22.2912826538086,2.93220210075378,2.32711958885193,0.010213
2014-07-14,21.4421691894531,2.42112684249878,2.17025852203369,0.010213
2014-07-15,20.8884315490723,1.5289843082428,1.55853569507599,0.010213
2014-07-16,21.3456802368164,3.91922068595886,2.34006261825562,0.010213
2014-07-17,20.8593444824219,1.38799381256104,1.83276855945587,0.010213
2014-07-18,21.7571983337402,1.8020486831665,1.98258233070374,0.010213
2014-07-19,22.4308338165283,0.109411902725697,2.53432106971741,0.010213
2014-07-20,23.2951011657715,0.951149642467499,2.6235990524292,0.044162
2014-07-21,22.2056465148926,1.47996914386749,2.59597229957581,0.0415
2014-07-22,21.3721809387207,4.72094058990479,1.32002937793732,0.14867
2014-07-23,21.2423667907715,2.39477133750916,1.86875510215759,0.136856
2014-07-24,21.3643665313721,0.664366722106934,2.22597098350525,0.09343
2014-07-25,22.4799880981445,2.44189453125,2.04262232780457,0.074151
2014-07-26,23.8829250335693,3.31798648834229,2.8136830329895,0.044162
2014-07-27,22.2091503143311,5.9985089302063,0.981444537639618,0.401524
2014-07-28,22.8731689453125,12.4647617340088,2.2148745059967,1.057742
2014-07-29,21.9088115692139,3.08354568481445,2.00224828720093,0.695294
2014-07-30,19.7190093994141,6.37862157821655,0.775322496891022,0.367056
2014-07-31,20.6300582885742,2.12306308746338,2.32054615020752,0.255991
2014-08-01,21.1592197418213,0.337171912193298,2.0666983127594,
2014-08-02,21.6589794158936,0.307344168424606,3.10162591934204,
2014-08-03,22.5570869445801,0.26260033249855,2.60905623435974,
2014-08-04,23.3046073913574,0.481343269348145,2.95171284675598,
2014-08-05,24.2867088317871,0.0467165485024452,3.34331560134888,
2014-08-06,21.207447052002,2.31277275085449,1.78617537021637,
2014-08-07,19.7702102661133,0.386681258678436,2.41140985488892,
2014-08-08,19.9313926696777,0.015317122451961,3.29506754875183,
2014-08-09,19.0550956726074,0.271575003862381,2.33376955986023,
2014-08-10,20.7680149078369,1.17979073524475,2.1371796131134,
2014-08-11,20.6055221557617,0.96888256072998,2.2024872303009,
2014-08-12,20.5821018218994,0.574289739131928,2.20569849014282,
2014-08-13,21.8726921081543,0.232556223869324,2.96842360496521,
2014-08-14,21.1821594238281,0.251792639493942,2.8951210975647,
2014-08-15,21.9864368438721,0.361012071371079,3.28919291496277,
2014-08-16,22.3908977508545,1.08693337440491,3.29766368865967,
2014-08-17,22.3223075866699,2.40037512779236,3.30113673210144,
2014-08-18,22.3628559112549,1.54301822185516,2.96242737770081,
2014-08-19,21.0526275634766,1.28707230091095,2.55956077575684,
2014-08-20,21.7465076446533,1.30054569244385,3.07944369316101,
2014-08-21,21.9974575042725,0.604299783706665,2.92415738105774,
2014-08-22,21.9921188354492,0.0643720850348473,2.93942594528198,
2014-08-23,21.7244071960449,0.840369880199432,2.55832529067993,
2014-08-24,21.1370315551758,0.136459812521935,3.52167248725891,
2014-08-25,21.7228736877441,2.76983594894409,2.14851689338684,
2014-08-26,22.4342269897461,0.609230220317841,2.39100790023804,
2014-08-27,22.6897449493408,0.334683895111084,3.37848734855652,
2014-08-28,23.1059608459473,0.133049786090851,2.77326059341431,
2014-08-29,24.0542049407959,0.348136872053146,3.0305323600769,
2014-08-30,23.5600872039795,0.952412009239197,2.97196292877197,
2014-08-31,23.3335227966309,1.82103562355042,2.80594944953918,
2014-09-01,24.5643672943115,0.363009244203568,4.51416683197022,0.004392
2014-09-02,25.6425399780273,0.0673849806189537,4.70531940460205,0.004392
2014-09-03,25.9802227020264,1.38983500003815,4.51836919784546,0.009434
2014-09-04,25.9608764648438,0.289716482162476,3.87207984924316,0.011944
2014-09-05,22.6138153076172,1.04860925674438,3.15942525863647,0.013891
2014-09-06,20.6497383117676,0.287458956241608,2.84156513214111,0.01612
2014-09-07,19.8880805969238,1.0103759765625,3.06401181221008,0.01863
2014-09-08,20.08469581604,1.7829521894455,2.47795629501343,0.024623
2014-09-09,20.7115535736084,2.42023777961731,2.41465139389038,0.022979
2014-09-10,21.8909072875977,2.92125701904297,3.08594608306885,0.01863
2014-09-11,22.3752460479736,1.42996764183044,3.23492670059204,0.01612
2014-09-12,22.5052490234375,2.19023060798645,2.56969738006592,0.01612
2014-09-13,21.9330310821533,1.3778041601181,3.17546486854553,0.013891
2014-09-14,22.4670333862305,1.17333972454071,3.47473311424255,0.011944
2014-09-15,20.9139156341553,0.449189096689224,2.52151608467102,0.010213
2014-09-16,22.722017288208,1.44509589672089,3.38027620315552,0.008698
2014-09-17,23.2058391571045,0.904548466205597,3.04131317138672,0.008698
2014-09-18,22.7923526763916,0.662889242172241,3.55792498588562,0.007378
2014-09-19,23.2340393066406,0.555854201316834,3.33286166191101,0.007378
2014-09-20,23.9522476196289,0.389015465974808,3.19586634635925,0.007378
2014-09-21,25.6264305114746,0.287587493658066,4.95115947723389,0.007378
2014-09-22,26.1005783081055,0.373319089412689,4.11600017547607,0.012896
2014-09-23,22.4825019836426,2.32944250106812,1.97678649425507,0.01612
2014-09-24,22.7770385742188,1.802938580513,2.83457446098328,0.01863
2014-09-25,22.9112567901611,2.96184873580933,3.38445067405701,0.01863
2014-09-26,23.4894733428955,0.41525810956955,3.6061635017395,0.01863
2014-09-27,23.1303443908691,0.744257628917694,3.41050457954407,0.01863
2014-09-28,24.8217182159424,2.05576205253601,3.85182762145996,0.021443
2014-09-29,24.9342517852783,1.96894347667694,4.39125108718872,0.021443
2014-09-30,25.2770500183106,0.942744791507721,3.58860182762146,0.021443
2014-10-01,25.3597450256348,1.07456052303314,4.14478158950806,0.021443
2014-10-02,25.3291568756104,0.734350860118866,3.97287368774414,0.01863
2014-10-03,21.5587825775147,6.25280857086182,1.19707405567169,0.01863
2014-10-04,20.599292755127,2.25296235084534,2.91949844360352,0.013891
2014-10-05,20.092399597168,0.953104138374329,2.7971830368042,0.013891
2014-10-06,19.81618309021,1.07112741470337,3.23457312583923,0.013891
2014-10-07,20.3853588104248,0.272956758737564,3.56110835075378,0.011944
2014-10-08,21.3650684356689,0.697070002555847,3.06959891319275,0.011944
2014-10-09,22.2458209991455,0.792773306369782,3.41986966133118,0.011944
2014-10-10,22.955753326416,0.406176894903183,3.07793927192688,0.010213
2014-10-11,24.5278129577637,0.187359362840652,4.48724746704102,0.010213
2014-10-12,24.8438529968262,0.303159803152084,3.85331749916077,0.010213
2014-10-13,24.9828777313232,0.70858371257782,3.97084188461304,0.010213
2014-10-14,25.6853275299072,0.187979832291603,4.93930625915527,0.008698
2014-10-15,24.9852619171143,0.00947901420295238,5.01880788803101,0.008698
2014-10-16,24.6683597564697,0.186890199780464,4.68211221694946,0.006232
2014-10-17,23.7506427764893,0.628028869628906,3.62986159324646,0.005236
2014-10-18,24.3763256072998,0.473266363143921,3.5566782951355,0
2014-10-19,25.8812236785889,0.192013785243034,4.07817888259888,0
2014-10-20,26.1321353912354,0.222517430782318,4.32581996917725,0
2014-10-21,25.3394832611084,1.23693978786469,3.86262631416321,0
2014-10-22,23.2266311645508,2.25285410881043,2.92413806915283,0
2014-10-23,21.7933139801025,4.67696619033814,1.83363199234009,0
2014-10-24,22.8476028442383,3.46768236160278,2.12287402153015,0
2014-10-25,24.6603126525879,3.67896747589111,4.28373050689697,0
2014-10-26,24.9419231414795,1.75135612487793,4.0346245765686,0
2014-10-27,25.6194458007813,1.85891127586365,3.92965865135193,0
2014-10-28,24.9693737030029,4.68096446990967,3.19180202484131,0
2014-10-29,24.2605514526367,5.02303743362427,2.03667068481445,0
2014-10-30,24.2563171386719,4.74805021286011,2.03409814834595,0
2014-10-31,24.8123817443848,3.54506683349609,3.43789124488831,0
2014-11-01,24.8209228515625,1.95505678653717,4.62292432785034,0
2014-11-02,24.0479183197022,2.06405353546143,2.09960198402405,0
2014-11-03,23.724178314209,2.27347779273987,3.97845244407654,0
2014-11-04,23.682638168335,1.24197375774384,3.69640493392944,0
2014-11-05,24.5742511749268,2.07427072525024,3.79758739471436,0
2014-11-06,25.4576549530029,3.36380696296692,4.17445468902588,0
2014-11-07,24.7494487762451,2.2635383605957,3.55944967269897,0
2014-11-08,24.171085357666,0.994485914707184,3.58844971656799,0
2014-11-09,26.0805416107178,0.931135416030884,4.53967523574829,0
2014-11-10,26.3190364837647,1.62780225276947,3.77889204025269,0.014973
2014-11-11,25.1036319732666,23.270622253418,3.00084614753723,0.034295
2014-11-12,25.2429962158203,16.4944076538086,3.61418008804321,0.465289
2014-11-13,24.4614143371582,6.02743291854858,2.18668222427368,0.227127
2014-11-14,25.928373336792,10.1594066619873,2.86046457290649,0.136856
2014-11-15,25.7920112609863,15.2319965362549,2.2515594959259,0.103686
2014-11-16,22.2160301208496,43.6935577392578,0.457639038562775,3.780217
2014-11-17,20.4997749328613,23.8758850097656,0.774560749530792,3.042514
2014-11-18,20.8421669006348,12.2230939865112,1.34861743450165,2.393978
2014-11-19,21.7435760498047,1.47489607334137,2.93641304969788,1.855186
2014-11-20,22.640869140625,1.3165328502655,3.03715562820435,1.357159
2014-11-21,22.0213222503662,15.5743932723999,1.48569905757904,0.929475
2014-11-22,24.2743015289307,7.58993434906006,3.4475040435791,0.575186
2014-11-23,24.6069736480713,4.4152250289917,3.18552279472351,1.153855
2014-11-24,25.2922019958496,2.3849139213562,4.40335988998413,2.366931
2014-11-25,25.0340576171875,1.19920074939728,4.78369665145874,1.173523
2014-11-26,24.5659332275391,0.660856902599335,4.29730653762817,0.604266
2014-11-27,24.0333251953125,0.158742249011993,4.28327178955078,0.317615
2014-11-28,25.2139339447022,0.0977948531508446,5.22016048431397,0.186319
2014-11-29,25.7319602966309,0.628893971443176,3.71522235870361,0.136856
2014-11-30,25.0455913543701,0.768717646598816,4.1107029914856,0.09343
2014-12-01,23.6564674377441,1.00683867931366,3.57907605171204,
2014-12-02,23.7188549041748,2.24451231956482,3.13300490379334,
2014-12-03,23.7546997070313,2.17737507820129,3.68718266487122,
2014-12-04,24.4751434326172,2.01169657707214,4.14997529983521,
2014-12-05,24.3110046386719,0.527633011341095,4.7680401802063,
2014-12-06,24.28466796875,3.83721327781677,3.11732578277588,
2014-12-07,24.1800003051758,7.28144264221191,2.47075200080872,
2014-12-08,24.5149383544922,5.29432821273804,2.41436839103699,
2014-12-09,24.4751472473145,3.48629498481751,3.50824737548828,
2014-12-10,24.4819946289063,2.54289388656616,3.80759620666504,
2014-12-11,24.2144622802734,4.07659101486206,3.63694262504578,
2014-12-12,25.2887554168701,5.19129705429077,4.09365510940552,
2014-12-13,25.0368537902832,4.20403575897217,4.19579267501831,
2014-12-14,24.5336761474609,1.84878242015839,3.07150840759277,
2014-12-15,25.0826606750488,8.1865291595459,2.67438650131226,
2014-12-16,23.503719329834,39.1369819641113,0.8988316655159,
2014-12-17,23.1932773590088,68.7064743041992,1.80113565921783,
2014-12-18,23.1250286102295,27.5837116241455,1.04220032691956,
2014-12-19,23.0921173095703,18.9622707366943,0.827662229537964,
2014-12-20,25.5117626190186,28.787576675415,3.93138551712036,
2014-12-21,25.484899520874,3.76468753814697,4.10797214508057,
2014-12-22,25.5262870788574,1.53014469146729,4.11795854568481,
2014-12-23,25.3086280822754,1.61849617958069,4.01849842071533,
2014-12-24,25.1479263305664,1.92438125610352,3.75482296943665,
2014-12-25,24.6029319763184,2.51567482948303,3.20220613479614,
2014-12-26,24.355920791626,2.7233726978302,3.68811964988709,
2014-12-27,22.9445991516113,0.802152693271637,3.1601357460022,
2014-12-28,24.8090381622314,0.71431291103363,4.29574346542358,
2014-12-29,24.6665115356445,0.318937659263611,4.74715709686279,
2014-12-30,24.9206485748291,0.0264219250530005,4.99457120895386,
2014-12-31,25.5408039093018,0.252870351076126,4.55210828781128,
2015-01-01,25.1984004974365,0.427038103342056,5.1900749206543,0.045547
2015-01-02,26.3880271911621,0.194107875227928,4.58567142486572,0.038969
2015-01-03,26.0774993896484,0.0718958899378777,4.51725769042969,0.033213
2015-01-04,25.0079135894775,0.227144971489906,4.26269912719727,0.030098
2015-01-05,24.5299606323242,2.58154201507568,4.17523956298828,0.022979
2015-01-06,24.7671566009522,1.3041033744812,3.71736359596252,0.021443
2015-01-07,24.7306327819824,4.41908884048462,3.50215673446655,0.020707
2015-01-08,23.9156932830811,1.38340163230896,4.33574056625366,0.017959
2015-01-09,24.8689765930176,1.00383186340332,3.89576363563538,0.01612
2015-01-10,25.1713752746582,0.794686079025269,4.45652914047241,0.01612
2015-01-11,25.6503238677979,1.15149807929993,4.25078725814819,0.013891
2015-01-12,26.022439956665,1.33140659332275,4.48395252227783,0.011944
2015-01-13,25.7900905609131,0.646020889282227,5.11481285095215,0.011057
2015-01-14,24.8468894958496,0.643647968769074,3.98719835281372,0.010213
2015-01-15,24.7234916687012,1.909872174263,3.88034272193909,0.010213
2015-01-16,24.9427585601807,1.53438234329224,4.20721483230591,0.011057
2015-01-17,25.2200374603272,0.806339681148529,4.02225065231323,0.016704
2015-01-18,25.5719470977783,1.85967803001404,4.07990694046021,0.01863
2015-01-19,25.8332786560059,0.591743886470795,4.98786449432373,0.021443
2015-01-20,25.0443210601807,1.67730021476746,3.66865515708923,0.026354
2015-01-21,26.1336688995361,0.337592124938965,5.13088750839233,0.028172
2015-01-22,25.5723171234131,0.524296998977661,4.03639030456543,0.028172
2015-01-23,26.1746768951416,1.44730448722839,4.6494517326355,0.028172
2015-01-24,25.1432971954346,0.784238338470459,4.50289106369019,0.032153
2015-01-25,25.3901100158691,3.36207699775696,4.06380462646484,0.199583
2015-01-26,25.4862422943115,5.68143272399902,4.69172954559326,0.103686
2015-01-27,26.1910095214844,1.18177902698517,4.81811714172363,0.034295
2015-01-28,26.820240020752,1.95876967906952,5.06615161895752,0.022979
2015-01-29,25.7755908966064,0.713854908943176,4.15161991119385,0.019301
2015-01-30,26.3638553619385,0.210917010903358,4.62469530105591,0.014973
2015-01-31,26.3133182525635,0.682588398456574,4.02282333374023,0.011057
2015-02-01,26.0892925262451,1.32726490497589,4.47687339782715,0.010213
2015-02-02,26.1603755950928,0.932450473308563,4.70902299880981,0.008698
2015-02-03,25.670825958252,1.13134562969208,4.34820175170898,0.008698
2015-02-04,26.5194664001465,0.744078457355499,4.8487401008606,0.074151
2015-02-05,26.829402923584,0.515371859073639,4.86628293991089,0.0415
2015-02-06,26.3029727935791,2.18478035926819,3.32683682441711,0.027241
2015-02-07,25.288293838501,11.3806009292603,1.96534740924835,0.021443
2015-02-08,25.7183246612549,5.89307165145874,2.59415483474731,0.017959
2015-02-09,25.77756690979,2.29273509979248,3.88596034049988,0.01612
2015-02-10,25.0483131408691,1.80638778209686,3.73769688606262,0.013891
2015-02-11,26.0052299499512,1.74974584579468,5.32680892944336,0.013372
2015-02-12,24.6538715362549,0.314885169267654,4.42597913742065,0.011944
2015-02-13,25.8583488464356,0.516669929027557,4.47654247283936,0.010213
2015-02-14,25.226224899292,0.834978222846985,3.8538601398468,0.012398
2015-02-15,25.7833633422852,1.97532343864441,3.85976314544678,0.01863
2015-02-16,26.1727352142334,1.72417438030243,4.42423963546753,0.044162
2015-02-17,26.1568737030029,2.58880805969238,4.14944887161255,0.056603
2015-02-18,26.0020275115967,2.73185753822327,3.81535649299622,0.103686
2015-02-19,26.0779933929443,3.84326243400574,3.88781714439392,0.186319
2015-02-20,26.0204486846924,0.865766763687134,4.34100198745728,0.06515
2015-02-21,25.6425476074219,2.15719032287598,3.66078090667725,0.052514
2015-02-22,25.4696254730225,5.01128053665161,4.0236644744873,0.083563
2015-02-23,24.7828178405762,4.77403068542481,3.01719212532043,0.114353
2015-02-24,25.1071338653565,3.5064332485199,4.12325429916382,0.103686
2015-02-25,25.22243309021,3.00105166435242,4.00855779647827,0.056603
2015-02-26,25.5587005615234,2.22489666938782,3.83649849891663,0.0415
2015-02-27,26.2210693359375,1.01665365695953,4.5540566444397,0.03542
2015-02-28,27.0900325775147,0.486602455377579,4.16949462890625,0.034295
2015-03-01,26.5562343597412,0.893751680850983,3.32670593261719,0.032153
2015-03-02,25.4930667877197,7.93004131317139,3.41426038742065,0.14867
2015-03-03,25.3694114685059,4.67382669448853,3.82194995880127,0.286176
2015-03-04,25.319974899292,0.987831115722656,3.94773077964783,0.160874
2015-03-05,25.9979209899902,1.60560119152069,4.17526340484619,0.220117
2015-03-06,25.6820087432861,4.45350027084351,3.10729050636292,0.14867
2015-03-07,26.2421398162842,3.14727115631104,4.34214448928833,0.09343
2015-03-08,25.3331508636475,0.971232414245605,3.61290121078491,0.048533
2015-03-09,26.1999397277832,1.08208620548248,4.25701236724854,0.040224
2015-03-10,26.1574020385742,0.986372649669647,3.86867761611939,0.030098
2015-03-11,26.3269920349121,2.22331118583679,3.58501076698303,0.024623
2015-03-12,25.8597717285156,0.527841866016388,4.03545093536377,0.022979
2015-03-13,26.758394241333,0.680897295475006,4.1898193359375,0.017959
2015-03-14,26.0611705780029,0.557316601276398,3.90832948684692,0.015536
2015-03-15,25.881914138794,0.677403748035431,4.27898454666138,0.012398
2015-03-16,25.9565868377686,0.244841322302818,4.13539123535156,0.009066
2015-03-17,26.1912307739258,0.316090136766434,4.54461193084717,0.005712
2015-03-18,25.8640384674072,1.00233900547028,3.83396744728088,0.004392
2015-03-19,25.9200134277344,0.651841223239899,4.02307605743408,0.004003
2015-03-20,26.1816120147705,1.1252748966217,3.71147418022156,0.004003
2015-03-21,26.6201934814453,1.7169623374939,4.42888975143433,0.004003
2015-03-22,27.2530632019043,0.66510683298111,3.703284740448,0.003635
2015-03-23,27.2029705047607,1.05444228649139,4.23532676696777,0.003635
2015-03-24,27.613899230957,0.509517848491669,4.50612115859985,0.003311
2015-03-25,26.9775524139404,0.953529000282288,3.57494878768921,0.003008
2015-03-26,26.2621212005615,1.68724405765533,3.61396908760071,0.003008
2015-03-27,26.8305416107178,1.1125385761261,4.10975933074951,0.003008
2015-03-28,27.7925281524658,0.187925547361374,4.60635089874268,0.003008
2015-03-29,26.7013168334961,0.421894639730454,4.61286306381226,0.003008
2015-03-30,27.4698085784912,0.0425001531839371,4.46388244628906,0.003008
2015-03-31,27.1708030700684,0.271987855434418,4.79706430435181,0.003008
2015-04-01,26.4267749786377,0.0286757238209248,4.94204139709473,0.003008
2015-04-02,25.9105129241943,0.0104637993499637,4.98725748062134,0.003008
2015-04-03,26.0411624908447,1.05561065673828,3.00601744651794,0.003008
2015-04-04,25.8670158386231,4.09228229522705,3.50293469429016,0.003008
2015-04-05,26.6343784332275,1.9412853717804,3.33284282684326,0.002467
2015-04-06,28.4073791503906,0.511801660060883,4.50550699234009,0.002358
2015-04-07,28.8210391998291,2.04010629653931,3.8129677772522,0.001818
2015-04-08,24.7540264129639,11.9759397506714,1.20932078361511,0.00132
2015-04-09,24.9348239898682,7.33911514282227,2.31098413467407,0.000995
2015-04-10,25.2674694061279,2.33484935760498,2.61983895301819,0.000887
2015-04-11,24.902868270874,0.730497360229492,3.23363447189331,0.000649
2015-04-12,25.1070079803467,1.25019633769989,2.99260711669922,0.000498
2015-04-13,25.3634700775147,0.231882587075233,3.23716139793396,0.000433
2015-04-14,25.1115531921387,0.117527738213539,3.22388124465942,0.000389
2015-04-15,25.8645343780518,0.886648237705231,2.93740558624268,0.000389
2015-04-16,26.3792629241943,1.65338218212128,3.23839282989502,0.000389
2015-04-17,26.7225761413574,1.53364408016205,3.52997779846191,0.000389
2015-04-18,26.7313499450684,1.93399298191071,3.51320719718933,0.000389
2015-04-19,27.2752075195313,0.737671792507172,3.85379409790039,0.000389
2015-04-20,27.0958786010742,0.594376087188721,3.76376891136169,0.000389
2015-04-21,27.5886116027832,1.18291306495667,3.95701551437378,0.000389
2015-04-22,28.1115818023682,0.26247626543045,4.1396312713623,0.000389
2015-04-23,27.2734680175781,1.53842043876648,3.00690484046936,0.000389
2015-04-24,26.4376010894775,5.21861028671265,2.55153036117554,0.000389
2015-04-25,26.9766044616699,6.11840772628784,2.812983751297,0.000389
2015-04-26,25.3559608459473,6.03357934951782,2.15164065361023,0.000389
2015-04-27,24.616189956665,5.13284587860107,1.55709135532379,0.000389
2015-04-28,24.4211769104004,5.10833311080933,2.39072489738464,0.000389
2015-04-29,24.4020252227783,11.6243896484375,1.62965130805969,0.000498
2015-04-30,22.8167304992676,19.9760303497314,0.492027878761292,0.000498
2015-05-01,22.1355323791504,26.0864677429199,0.63642680644989,0.000498
2015-05-02,21.8433284759521,16.5205955505371,0.768729031085968,0.000498
2015-05-03,22.8228530883789,10.6228675842285,2.61173057556152,0.000498
2015-05-04,24.5230026245117,2.34664940834045,2.85737013816834,0.000389
2015-05-05,24.9139385223389,0.79167652130127,3.36286449432373,0.000389
2015-05-06,25.306116104126,0.39792674779892,2.71108484268189,0.000281
2015-05-07,25.1660709381104,1.22669720649719,2.94451117515564,0.000281
2015-05-08,24.1452980041504,4.37094926834106,1.87231850624084,0.000151
2015-05-09,23.0771141052246,2.59145283699036,1.81044709682465,0.000151
2015-05-10,23.0629405975342,0.444591969251633,1.85333955287933,0
2015-05-11,24.6223945617676,0.799255967140198,2.76869297027588,0
2015-05-12,25.2527656555176,0.504439949989319,3.04140663146973,0
2015-05-13,24.8428039550781,0.918370127677917,2.07044386863709,0
2015-05-14,22.7231578826904,3.57332944869995,0.70460855960846,0
2015-05-15,22.3341865539551,2.43636083602905,2.24475359916687,0
2015-05-16,21.5776710510254,0.846069693565369,1.61931478977203,0
2015-05-17,23.0183734893799,5.67700958251953,2.5235595703125,0
2015-05-18,23.6412658691406,1.62532925605774,2.91613459587097,0
2015-05-19,23.0451755523682,1.22067129611969,2.21951532363892,0
2015-05-20,23.4773693084717,4.28568696975708,2.29833269119263,0
2015-05-21,23.5951042175293,7.60714149475098,2.81577515602112,0
2015-05-22,22.8861770629883,2.36820292472839,2.51471495628357,0
2015-05-23,21.7354869842529,0.88700395822525,2.25010275840759,0
2015-05-24,22.5300750732422,1.56853032112122,2.20203423500061,0
2015-05-25,22.6955661773682,0.115766324102879,3.27583694458008,0
2015-05-26,22.7899646759033,1.26102948188782,1.35956692695618,0
2015-05-27,23.9029884338379,3.02739143371582,2.50384926795959,0
2015-05-28,24.0363121032715,1.07018971443176,2.79388499259949,0
2015-05-29,23.8931865692139,0.0208382848650217,3.02294397354126,0.000281
2015-05-30,24.1113662719727,0.202245518565178,2.99838328361511,0.000389
2015-05-31,24.8343658447266,0.542494118213654,2.6635308265686,0.000389
2015-06-01,24.5929431915283,1.78935503959656,2.6016161441803,0.000498
2015-06-02,23.9699382781982,0.590812742710114,2.42230176925659,0.001039
2015-06-03,23.1851997375488,3.6434690952301,2.03988790512085,0.001471
2015-06-04,22.8238487243652,1.68498408794403,2.09315967559814,0.002229
2015-06-05,23.1714706420898,3.11749935150147,2.3366904258728,0.030098
2015-06-06,22.65478515625,12.2437744140625,1.05245864391327,0.074151
2015-06-07,22.8833389282227,6.47366189956665,1.03422939777374,0.173423
2015-06-08,23.2491664886475,2.62476563453674,2.58606052398682,0.136856
2015-06-09,22.6975440979004,3.02417516708374,1.46686267852783,0.103686
2015-06-10,22.7881202697754,9.02092742919922,1.92325949668884,0.14867
2015-06-11,23.820613861084,3.64244508743286,2.63211488723755,0.160874
2015-06-12,22.7087879180908,0.410874098539352,2.74313497543335,0.114353
2015-06-13,23.3759288787842,0.492244124412537,2.03520250320435,0.060823
2015-06-14,23.6847515106201,0.932165801525116,2.26396203041077,0.036567
2015-06-15,24.9173526763916,2.27584218978882,2.66412448883057,0.021443
2015-06-16,24.3777542114258,0.395325154066086,2.73825335502625,0.021443
2015-06-17,23.9655323028564,0.97821056842804,2.7170844078064,0.022979
2015-06-18,23.3115291595459,1.73091781139374,2.45831036567688,0.032153
2015-06-19,22.6889114379883,0.434735506772995,2.81156158447266,0.028172
2015-06-20,21.7481288909912,0.247571617364883,2.33937549591064,0.028172
2015-06-21,22.4906444549561,0.395676344633102,2.37188768386841,0.028172
2015-06-22,22.0863418579102,2.93386030197144,2.00294971466064,0.026354
2015-06-23,22.1963176727295,2.50817537307739,1.75594425201416,0.019301
2015-06-24,21.9207286834717,2.50599479675293,1.96458554267883,0.017332
2015-06-25,21.2512226104736,8.14621067047119,0.929420173168182,0.044162
2015-06-26,20.6023197174072,1.39970481395721,1.9386979341507,0.114353
2015-06-27,20.9536533355713,3.05385112762451,1.58685994148254,0.199583
2015-06-28,20.5701026916504,4.82063817977905,1.08773529529572,0.227127
2015-06-29,20.9360904693604,21.0626373291016,0.476012170314789,1.508123
2015-06-30,22.298999786377,8.48317813873291,1.85260891914368,0.965372
2015-07-01,22.5460872650147,1.44207000732422,2.37314915657043,0.560883
2015-07-02,21.8558979034424,2.20747852325439,2.18812894821167,0.350265
2015-07-03,21.9424095153809,1.18420660495758,2.15042567253113,0.241386
2015-07-04,23.6589050292969,0.362064778804779,2.75083422660828,0.186319
2015-07-05,23.6023979187012,0.379130512475967,3.10211086273193,0.136856
2015-07-06,22.0132904052734,2.12896108627319,0.858332633972168,0.056603
2015-07-07,21.6784038543701,1.18140435218811,1.88125598430634,0.038969
2015-07-08,21.6211032867432,0.398872017860413,2.53690767288208,0.033213
2015-07-09,22.5148334503174,0.170661956071854,2.35116100311279,0.028172
2015-07-10,23.8189125061035,1.38210713863373,2.3158495426178,0.024623
2015-07-11,23.1057891845703,2.53272342681885,1.49907636642456,0.030098
2015-07-12,22.609317779541,2.02461671829224,2.47588443756104,0.044162
2015-07-13,22.5637969970703,7.85650968551636,1.02014052867889,0.074151
2015-07-14,22.7409057617188,5.07241725921631,2.25204801559448,0.103686
2015-07-15,23.1695919036865,6.99242830276489,2.29999542236328,0.114353
2015-07-16,22.1185245513916,3.75242114067078,2.26360774040222,0.14867
2015-07-17,21.2896614074707,7.97104072570801,1.75764930248261,0.255991
2015-07-18,21.5746326446533,7.57504844665527,2.38220977783203,0.367056
2015-07-19,21.2763652801514,6.47848033905029,1.80061864852905,0.333799
2015-07-20,20.6873626708984,4.25020790100098,2.21686959266663,0.419202
2015-07-21,21.3664264678955,1.93205523490906,2.33703327178955,0.301733
2015-07-22,21.2290191650391,1.06060039997101,2.37326216697693,0.213171
2015-07-23,21.9330177307129,2.4349627494812,2.55748772621155,0.199583
2015-07-24,22.2937049865723,2.30673217773438,2.48524928092957,0.192897
2015-07-25,21.5380210876465,1.45123052597046,2.2926332950592,0.179828
2015-07-26,22.2787837982178,1.31842827796936,2.43135595321655,0.199583
2015-07-27,22.571891784668,1.3211807012558,2.4916512966156,0.160874
2015-07-28,22.4295673370361,0.851413428783417,2.59629893302918,0.119828
2015-07-29,21.8764209747314,2.0003924369812,2.27438259124756,0.09343
2015-07-30,22.0611629486084,1.819207072258,2.78764462471008,0.06515
2015-07-31,22.4491443634033,1.61056804656982,2.64970517158508,0.048533
2015-08-01,21.1133651733398,0.818051218986511,2.15181255340576,0.048533
2015-08-02,20.3665103912354,0.489760160446167,2.62817788124084,0.048533
2015-08-03,20.5395812988281,0.257463097572327,2.25088357925415,0.048533
2015-08-04,20.6815223693848,0.249809786677361,2.97591757774353,0.048533
2015-08-05,21.075813293457,1.19680154323578,2.4645893573761,0.048533
2015-08-06,21.3938045501709,1.56346869468689,2.44486737251282,0.048533
2015-08-07,21.3378887176514,0.683873474597931,2.53963136672974,0.048533
2015-08-08,19.7432346343994,0.089955285191536,2.48707604408264,0.048533
2015-08-09,19.9245204925537,1.17241275310516,1.95220196247101,0.0415
2015-08-10,20.8420448303223,3.85490655899048,2.1344895362854,0.0415
2015-08-11,20.7448444366455,2.17858147621155,3.01353621482849,0.0415
2015-08-12,19.3139152526855,0.763686656951904,2.41267251968384,0.0415
2015-08-13,19.4807186126709,0.295050323009491,1.98507618904114,0.0415
2015-08-14,20.8266448974609,1.72757971286774,2.44021439552307,0.0415
2015-08-15,22.1289653778076,4.50943183898926,1.54385697841644,0.12541
2015-08-16,20.8951168060303,4.23573684692383,2.67860698699951,1.193343
2015-08-17,20.4839267730713,6.75692939758301,1.75699520111084,0.695294
2015-08-18,21.4893703460693,6.03187894821167,1.7321355342865,2.503463
2015-08-19,21.3801612854004,6.80007791519165,2.3024594783783,1.977913
2015-08-20,21.6689586639404,1.58237171173096,3.48556709289551,1.574961
2015-08-21,21.657205581665,0.690587520599365,2.35430216789246,0.589639
2015-08-22,21.9385013580322,1.32044208049774,2.36665439605713,0.426775
2015-08-23,21.4721775054932,0.732938647270203,2.42704629898071,0.350265
2015-08-24,21.7222557067871,0.370003938674927,3.57600808143616,0.241386
2015-08-25,20.6599235534668,0.45957738161087,2.6630322933197,0.199583
2015-08-26,22.7117156982422,1.5780234336853,2.82817792892456,0.173423
2015-08-27,23.8746299743652,0.430844634771347,3.0351505279541,0.136856
2015-08-28,24.2354927062988,0.496746778488159,3.12876272201538,0.103686
2015-08-29,22.9781684875488,2.5238823890686,3.16300892829895,0.09343
2015-08-30,23.0537223815918,1.82515144348145,3.08916831016541,0.083563
2015-08-31,22.7918128967285,0.755909085273743,3.36450338363647,0.083563
2015-09-01,22.040828704834,1.50964593887329,2.70411229133606,0.060823
2015-09-02,21.8259925842285,0.460985690355301,4.0321741104126,0.048533
2015-09-03,23.3704051971436,3.35553884506226,2.88965535163879,0.074151
2015-09-04,23.4176006317139,0.546734511852264,4.3733377456665,0.083563
2015-09-05,24.9224109649658,0.0930772721767426,4.49899435043335,0.078803
2015-09-06,24.5649013519287,0.625654757022858,3.09512805938721,0.06515
2015-09-07,24.6220664978027,0.275124251842499,4.2444748878479,0.056603
2015-09-08,24.0595970153809,0.679279148578644,4.05578279495239,0.048533
2015-09-09,24.8523197174072,0.141278922557831,3.96670007705689,0.0415
2015-09-10,24.6811103820801,0.449815362691879,3.56763696670532,0.0415
2015-09-11,23.9107112884522,0.317582547664642,3.26961445808411,0.038969
2015-09-12,25.2084159851074,0.340005993843079,4.02771186828613,0.029124
2015-09-13,25.1637744903564,0.0295037720352411,4.18503379821777,0.023779
2015-09-14,25.0452079772949,0.11087790876627,3.94122338294983,0.019993
2015-09-15,23.0317878723145,0.150383949279785,3.17254090309143,0.017332
2015-09-16,23.5991363525391,0.24827478826046,3.5676577091217,0.01612
2015-09-17,23.3560314178467,0.866220772266388,3.02588820457459,0.01612
2015-09-18,23.7932071685791,0.505598902702332,3.34316802024841,0.021443
2015-09-19,23.286563873291,0.456375479698181,3.31391572952271,0.019993
2015-09-20,23.5300140380859,1.99231696128845,3.0634765625,0.015536
2015-09-21,23.6386699676514,1.53276586532593,3.25963354110718,0.013891
2015-09-22,23.2824859619141,0.521887600421906,4.64852094650269,0.013891
2015-09-23,23.4995555877686,0.294251501560211,4.24090671539307,0.011944
2015-09-24,25.3458652496338,0.252619981765747,4.19040203094482,0.012896
2015-09-25,25.4873638153076,0.0731915608048439,4.81023645401001,0.011944
2015-09-26,25.4630851745605,0.0441605970263481,4.66512823104858,0.011489
2015-09-27,24.6054630279541,0.114664703607559,3.58572745323181,0.010213
2015-09-28,23.888916015625,0.0222929064184427,4.07967948913574,0.010213
2015-09-29,25.6301670074463,0.0446179397404194,5.02365446090698,0.010213
2015-09-30,24.5830135345459,0.478154420852661,3.77693104743958,0.008698
2015-10-01,25.9479522705078,1.41411709785461,4.23137426376343,0.008698
2015-10-02,24.6133804321289,0.299633145332336,4.40504837036133,0.008698
2015-10-03,24.4004383087158,0.135866492986679,3.71754932403564,0.008698
2015-10-04,25.573221206665,0.296724557876587,4.91333961486816,0.008698
2015-10-05,26.2874546051025,1.14318120479584,5.15115165710449,0.008698
2015-10-06,25.5751895904541,0.273758739233017,3.59079575538635,0.008698
2015-10-07,23.9531002044678,4.25304412841797,3.39366698265076,0.008698
2015-10-08,23.9635963439941,1.49120318889618,4.1135721206665,0.008698
2015-10-09,23.509801864624,0.227750778198242,4.49020290374756,0.007378
2015-10-10,23.8450508117676,0.152037009596825,4.04253387451172,0.007378
2015-10-11,25.0162315368652,1.40079855918884,3.79057574272156,0.007378
2015-10-12,24.0968036651611,0.709367513656616,3.79880666732788,0.007378
2015-10-13,25.0088787078857,0.0118686705827713,5.11178827285767,0.007378
2015-10-14,25.4560623168945,0.453616589307785,3.69359540939331,0.007378
2015-10-15,26.485689163208,1.30779111385345,4.60003232955933,0.007378
2015-10-16,26.2343482971191,0.0838951542973518,5.11222124099731,0.007378
2015-10-17,26.3745422363281,0.109819285571575,5.33036327362061,0.006794
2015-10-18,25.2931118011475,0.218752801418304,5.28148031234741,0.006794
2015-10-19,24.999927520752,0.377671122550964,3.69575572013855,0.006232
2015-10-20,25.46457862854,0.797493994235992,3.41252541542053,0.006232
2015-10-21,26.3565063476563,1.02284574508667,3.43302083015442,0.006232
2015-10-22,26.3899230957031,0.754358470439911,4.94113254547119,0.006232
2015-10-23,26.656816482544,0.727458477020264,4.34940958023071,0.005236
2015-10-24,26.021110534668,0.475894391536713,4.06675910949707,0.005236
2015-10-25,26.5912265777588,1.0392769575119,4.9519534111023,0.005236
2015-10-26,25.1583251953125,2.09588289260864,2.28525185585022,0.005236
2015-10-27,25.8757400512695,4.84769582748413,4.40015745162964,0.004392
2015-10-28,26.3693752288818,2.26333117485046,4.8517746925354,0.004392
2015-10-29,26.4969959259033,0.79399836063385,4.16683006286621,0.003635
2015-10-30,24.7936878204346,8.16079616546631,2.84563207626343,0.003159
2015-10-31,24.9683570861816,7.86779832839966,4.25515937805176,0.003008
2015-11-01,25.0178699493408,2.29298973083496,3.90051960945129,0.003008
2015-11-02,26.0242443084717,1.61749041080475,5.12528371810913,0.003008
2015-11-03,25.6258392333984,0.748940348625183,4.57312726974487,0.003008
2015-11-04,26.8249969482422,0.0761741027235985,5.32195138931274,0.003008
2015-11-05,26.6632308959961,0.0625763684511185,5.59646511077881,0.003008
2015-11-06,27.0708732604981,0.0405082702636719,5.53894472122192,0.003008
2015-11-07,26.9450130462647,0.625720858573914,4.53374910354614,0.003008
2015-11-08,26.0759181976318,0.393666207790375,4.89898633956909,0.003008
2015-11-09,26.1141510009766,0.192946419119835,5.0358304977417,0.003008
2015-11-10,25.5285739898682,0.503203213214874,3.97415804862976,0.003008
2015-11-11,25.5325546264648,2.19054698944092,4.07120513916016,0.003008
2015-11-12,26.7682056427002,2.044517993927,4.42247486114502,0.003008
2015-11-13,26.795711517334,0.430257350206375,5.77244472503662,0.003008
2015-11-14,27.6888027191162,0.0393781401216984,5.92091989517212,0.003008
2015-11-15,27.8829517364502,0.153108894824982,4.21393918991089,0.003008
2015-11-16,27.9410572052002,0.311957061290741,4.88213300704956,0.003008
2015-11-17,28.067346572876,0.445422857999802,5.03985834121704,0.003008
2015-11-18,27.6040687561035,0.206625610589981,5.84801149368286,0.003008
2015-11-19,27.5829849243164,0.0424751043319702,5.85670280456543,0.003008
2015-11-20,28.2702884674072,0.152990445494652,5.36663484573364,0.003008
2015-11-21,28.0712184906006,0.33928170800209,4.52659606933594,0.003008
2015-11-22,27.0129070281982,1.7008752822876,3.01437044143677,0.003008
2015-11-23,27.260627746582,3.58869671821594,4.53298997879028,0.003008
2015-11-24,27.8524894714356,0.321234107017517,5.01328992843628,0.003008
2015-11-25,28.5837383270264,0.476705074310303,4.76934003829956,0.003008
2015-11-26,27.2417678833008,6.85316133499146,2.71682524681091,0.003008
2015-11-27,25.5307159423828,12.1345558166504,1.77295958995819,0.003008
2015-11-28,25.1941013336182,2.26763319969177,3.32633090019226,0.003008
2015-11-29,26.8459644317627,1.26579928398132,4.18345022201538,0.003008
2015-11-30,27.41357421875,0.588918268680573,5.50454473495483,0.003008
2015-12-01,26.770637512207,0.102081827819347,5.58157205581665,0.003008
2015-12-02,26.9683017730713,0.87272173166275,5.66102647781372,0.003008
2015-12-03,27.1318550109863,0.150468468666077,5.88384771347046,0.003008
2015-12-04,28.0820732116699,0.220654383301735,6.02906370162964,0.003008
2015-12-05,28.8685894012451,0.0556946434080601,5.95798063278198,0.003008
2015-12-06,28.8272705078125,0.113117858767509,4.3814697265625,0.003008
2015-12-07,29.1573390960693,0.531200349330902,5.86326885223389,0.003008
2015-12-08,28.3351097106934,0.0683235973119736,5.91361618041992,0.003008
2015-12-09,27.4106864929199,0.0105734504759312,5.7863621711731,0.003008
2015-12-10,27.4656925201416,0.00835614651441574,5.87839412689209,0.003008
2015-12-11,27.6077766418457,0.0035937752109021,6.39201307296753,0.003008
2015-12-12,27.4492511749268,0.0224526170641184,5.94836664199829,0.003008
2015-12-13,27.7268161773682,0.400356143712997,5.37943458557129,0.002467
2015-12-14,27.3581523895264,2.00043559074402,5.00355911254883,0.002467
2015-12-15,26.6309223175049,1.64836955070496,4.93652820587158,0.002467
2015-12-16,27.4064102172852,0.285362988710403,5.27150583267212,0.002467
2015-12-17,27.8583393096924,0.305294275283814,5.24270248413086,0.002467
2015-12-18,27.6373977661133,0.541217803955078,5.5284571647644,0.002467
2015-12-19,27.070463180542,0.00729698780924082,4.98687124252319,0.002467
2015-12-20,26.6037769317627,0.512734472751617,4.62654066085815,0.002467
2015-12-21,26.57395362854,2.30508255958557,4.55112552642822,0.002467
2015-12-22,26.2563972473145,2.55071687698364,4.32859468460083,0.002467
2015-12-23,26.6232204437256,1.12531101703644,5.31789350509644,0.002467
2015-12-24,26.7132167816162,0.881498038768768,4.67811059951782,0.002467
2015-12-25,27.4628601074219,0.821087837219238,5.07406997680664,0.002467
2015-12-26,27.9738330841064,1.32730031013489,4.95250988006592,0.002467
2015-12-27,27.818962097168,0.922335028648376,5.01112174987793,0.002467
2015-12-28,27.4357738494873,0.698493480682373,3.8329029083252,0.002012
2015-12-29,27.6270389556885,0.260966807603836,4.46502351760864,0.002012
2015-12-30,27.7545146942139,2.96622109413147,4.74295139312744,0.002012
2015-12-31,28.1143913269043,0.721108734607697,4.86911058425903,0.002012
2016-01-01,29.3288402557373,0.570240795612335,5.95262336730957,0.002012
2016-01-02,29.2667675018311,0.218141943216324,6.35693883895874,0.002012
2016-01-03,30.0371246337891,0.0546015053987503,5.6858811378479,0.002012
2016-01-04,26.7428512573242,8.07100486755371,1.99596810340881,0.002012
2016-01-05,25.56103515625,4.98486089706421,2.35986566543579,0.002012
2016-01-06,26.8924331665039,1.78421342372894,3.77157640457153,0.002012
2016-01-07,26.4692974090576,1.96377241611481,2.70027613639832,0.002012
2016-01-08,25.5492515563965,13.8538112640381,2.03547596931458,0.002012
2016-01-09,26.9939155578613,5.48560237884522,3.8390257358551,0.002012
2016-01-10,27.2550754547119,3.06196761131287,4.47132873535156,0.002012
2016-01-11,27.8301906585693,3.42021703720093,4.79930210113525,0.002012
2016-01-12,28.4200019836426,1.06229722499847,4.70534992218018,0.002012
2016-01-13,27.2955112457275,2.7119665145874,2.52621603012085,0.002012
2016-01-14,27.2281799316406,2.87729573249817,2.57228755950928,0.002012
2016-01-15,28.6556873321533,0.549813330173492,5.32564544677734,0.002012
2016-01-16,28.7904262542725,0.330848544836044,3.93948650360107,0.002012
2016-01-17,25.9138431549072,6.37879276275635,1.32350647449493,0.002012
2016-01-18,25.7811317443848,7.06159019470215,2.41799330711365,0.002012
2016-01-19,27.1223087310791,3.16378092765808,4.85515260696411,0.005712
2016-01-20,26.1904239654541,2.74076867103577,2.47528004646301,0.026354
2016-01-21,23.2845115661621,8.01559638977051,0.904679179191589,0.014973
2016-01-22,24.0884704589844,14.2280130386353,1.47048211097717,0.011057
2016-01-23,25.2721004486084,34.5912704467773,2.93760514259338,2.129807
2016-01-24,25.8123722076416,21.1805896759033,2.03969144821167,10.660915
2016-01-25,26.587366104126,10.7033538818359,2.78871774673462,1.486118
2016-01-26,25.9889049530029,9.47516822814941,2.14424419403076,1.020352
2016-01-27,26.3733348846436,12.6942024230957,2.24166011810303,0.641504
2016-01-28,26.5979442596436,5.2599949836731,4.22466993331909,0.375581
2016-01-29,26.4573841094971,3.10807180404663,4.65897369384766,0.241386
2016-01-30,25.6736545562744,2.28030729293823,3.73456072807312,0.199583
2016-01-31,25.571891784668,3.09493231773376,4.20546722412109,0.173423
2016-02-01,26.0926609039307,2.85430455207825,3.94923615455627,0.12541
2016-02-02,26.382209777832,2.24566769599915,4.56299352645874,0.103686
2016-02-03,24.8663291931152,0.481547296047211,4.04822826385498,0.074151
2016-02-04,26.28537940979,2.10640716552734,3.83139133453369,0.044162
2016-02-05,26.3939647674561,2.99777746200562,4.15691614151001,0.036567
2016-02-06,26.2087707519531,1.31963062286377,4.29175567626953,0.036567
2016-02-07,25.8835887908936,1.43759071826935,4.25439500808716,0.032153
2016-02-08,25.8173980712891,0.486032277345657,4.08027124404907,0.029124
2016-02-09,26.2352066040039,0.998099386692047,4.58120822906494,0.030098
2016-02-10,26.8319091796875,0.014547704719007,5.53909826278687,0.022979
2016-02-11,28.1460800170898,0.0782673060894013,5.24814558029175,0.019993
2016-02-12,28.7010726928711,0.0354212820529938,5.02416610717773,0.014973
2016-02-13,27.5726871490479,0.947669744491577,4.46284627914429,0.011944
2016-02-14,27.030029296875,4.0459475517273,4.58886671066284,0.009066
2016-02-15,27.5318450927734,0.953414380550385,4.73695850372315,0.008698
2016-02-16,28.1339454650879,0.604645848274231,5.36313915252686,0.008698
2016-02-17,27.5304718017578,0.0351902358233929,5.36080694198608,0.008698
2016-02-18,26.4862842559814,2.70963263511658,4.40815019607544,0.008698
2016-02-19,27.4975738525391,0.98215389251709,5.05497455596924,0.008698
2016-02-20,26.8498783111572,1.32106614112854,3.65725469589233,0.008698
2016-02-21,27.1627864837647,1.60899496078491,3.92240190505981,0.010213
2016-02-22,27.2027168273926,1.36909759044647,4.97469186782837,0.010213
2016-02-23,27.1947479248047,1.1800092458725,4.36031293869019,0.012896
2016-02-24,27.9163494110107,1.28546667098999,5.38214540481567,0.01863
2016-02-25,27.9178657531738,0.484096527099609,5.16764783859253,0.016704
2016-02-26,27.1999073028564,0.323724359273911,3.79969906806946,0.011057
2016-02-27,28.112211227417,0.687641859054565,4.54023885726929,0.007378
2016-02-28,27.4130992889404,0.729578733444214,4.13661670684814,0.005236
2016-02-29,28.4972724914551,0.466789692640305,4.76303625106812,0.005236
2016-03-01,28.1008834838867,0.680452466011047,4.61482429504395,0.005236
2016-03-02,27.6666316986084,3.11612987518311,4.89114952087402,0.005236
2016-03-03,27.2065525054932,1.32571887969971,4.11687278747559,0.005236
2016-03-04,27.8109397888184,0.871660590171814,4.60762977600098,0.005236
2016-03-05,28.0698833465576,1.3674213886261,4.24233627319336,0.005236
2016-03-06,27.8995475769043,1.82372903823853,4.36896800994873,0.005236
2016-03-07,27.1452312469482,1.67233777046204,3.91150975227356,0.005236
2016-03-08,27.0705528259277,1.3184005022049,4.11077499389648,0.005236
2016-03-09,26.1405944824219,0.834306359291077,4.07597494125366,0.005236
2016-03-10,27.342658996582,1.77482736110687,4.33199548721314,0.008698
2016-03-11,27.6969432830811,0.500012159347534,4.29669952392578,0.024623
2016-03-12,28.4900951385498,0.212458685040474,5.16568088531494,0.024623
2016-03-13,27.9500503540039,0.738519489765167,4.10833311080933,0.021443
2016-03-14,26.9627914428711,2.37525486946106,3.99411106109619,0.01863
2016-03-15,26.2065200805664,3.70963859558105,3.47917318344116,0.01863
2016-03-16,25.8356628417969,2.21794748306274,3.98221850395203,0.01863
2016-03-17,26.3431968688965,2.64959502220154,3.99846243858337,0.01863
2016-03-18,26.2614307403564,3.1732017993927,3.76795220375061,0.01863
2016-03-19,27.3611717224121,2.08614706993103,4.28240156173706,0.01863
2016-03-20,27.3881931304932,0.422591954469681,4.31629419326782,0.01863
2016-03-21,26.8790073394775,0.680936634540558,3.94261908531189,0.01612
2016-03-22,27.9630451202393,1.12733483314514,4.11526012420654,0.01612
2016-03-23,28.4249992370606,0.485984772443771,4.33391427993774,0.01612
2016-03-24,28.2126369476318,2.24586129188538,3.88667964935303,0.01612
2016-03-25,28.004695892334,0.307847827672958,4.41025257110596,0.01612
2016-03-26,27.1345405578613,0.707925260066986,3.82165575027466,0.01612
2016-03-27,27.4924774169922,2.35891675949097,3.94281721115112,0.01612
2016-03-28,27.1168785095215,1.27501106262207,3.91274261474609,0.01612
2016-03-29,26.3680648803711,0.848402559757233,3.31210255622864,0.01612
2016-03-30,27.6840553283691,0.169542342424393,5.10214138031006,0.01612
2016-03-31,27.0216312408447,0.26849502325058,4.12943506240845,0.01612
2016-04-01,26.7654857635498,0.614637315273285,3.51369738578796,0.011944
2016-04-02,26.8704280853272,1.61158490180969,3.920077085495,0.011057
2016-04-03,27.2954807281494,1.5181370973587,3.33531761169434,0.009434
2016-04-04,26.8402214050293,0.739355206489563,3.70740485191345,0.007075
2016-04-05,27.3403739929199,1.21074080467224,3.82934832572937,0.005236
2016-04-06,27.4591960906982,1.29760158061981,4.32807636260986,
2016-04-07,27.7318115234375,0.196543738245964,4.51558494567871,
2016-04-08,27.5449142456055,0.176966920495033,3.92235779762268,
2016-04-09,28.6982326507568,0.636794030666351,4.44959735870361,
2016-04-10,27.3837051391602,0.646161258220673,3.90977430343628,
2016-04-11,26.8771991729736,2.28634095191956,3.69525051116943,
2016-04-12,27.2408428192139,3.32365846633911,3.48440074920654,
2016-04-13,27.0812149047852,0.636879622936249,4.05930662155151,
2016-04-14,26.6703586578369,0.184645816683769,4.76546382904053,
2016-04-15,26.2368431091309,0.225851625204086,3.17147612571716,
2016-04-16,26.8163719177246,1.50269329547882,3.71824502944946,
2016-04-17,26.5750999450684,2.46835470199585,3.50413417816162,
2016-04-18,26.9132881164551,1.96412265300751,4.14415693283081,
2016-04-19,26.4549331665039,2.11596727371216,3.72953391075134,
2016-04-20,26.1315422058106,1.14957511425018,3.29965806007385,
2016-04-21,26.0548896789551,1.92166113853455,3.17982625961304,
2016-04-22,25.0743198394775,1.05042910575867,2.66072678565979,
2016-04-23,24.6373481750488,1.87579393386841,3.10401225090027,
2016-04-24,25.3567714691162,2.33689761161804,3.32328748703003,
2016-04-25,25.7492694854736,0.890133559703827,3.46653342247009,
2016-04-26,25.8241367340088,1.41762316226959,3.25988078117371,
2016-04-27,26.618350982666,0.215073108673096,4.4318995475769,
2016-04-28,27.3444995880127,0.160810530185699,3.9886155128479,
2016-04-29,25.67795753479,3.43370580673218,2.91088247299194,
2016-04-30,26.431489944458,0.965326905250549,3.59519839286804,
2016-05-01,27.2617588043213,0.697552263736725,3.89413261413574,0
2016-05-02,24.4186897277832,7.3918023109436,1.8910847902298,0
2016-05-03,23.8802337646484,5.69954109191895,2.01590275764465,0
2016-05-04,24.5849132537842,0.463103830814362,2.24906492233276,0
2016-05-05,24.8644771575928,0.213602021336555,3.16331887245178,0
2016-05-06,25.3211612701416,0.523019433021545,3.13123321533203,0
2016-05-07,25.2942142486572,0.946247160434723,3.16533303260803,0
2016-05-08,25.3959693908691,0.974592447280884,3.59153985977173,0
2016-05-09,23.877420425415,0.163490310311317,3.52515435218811,0
2016-05-10,23.4578380584717,0.310141652822495,2.74570965766907,0
2016-05-11,24.5654010772705,0.131177470088005,3.7437596321106,0
2016-05-12,24.3859157562256,0.111343622207642,2.54640984535217,0
2016-05-13,24.5929946899414,0.678398609161377,2.66599130630493,0
2016-05-14,25.057336807251,2.03443431854248,2.51572251319885,0
2016-05-15,23.1815605163574,1.31551277637482,1.44371771812439,0
2016-05-16,24.4062347412109,3.6991114616394,2.70429658889771,0
2016-05-17,25.6394367218018,0.435960739850998,3.92359781265259,0
2016-05-18,26.3784656524658,0.0866067260503769,3.45583701133728,0
2016-05-19,25.1308536529541,0.298569589853287,2.40571641921997,0
2016-05-20,23.9975395202637,0.637907207012177,2.67503714561462,0
2016-05-21,23.9132270812988,1.68589019775391,1.76682794094086,0
2016-05-22,25.289176940918,1.77871549129486,3.02092099189758,0
2016-05-23,25.2448234558106,0.174683481454849,2.84884643554688,0
2016-05-24,25.4164447784424,0.778466582298279,2.93034029006958,0
2016-05-25,22.803316116333,1.48940658569336,1.50362586975098,0
2016-05-26,23.6534957885742,0.823506534099579,2.80304098129272,0
2016-05-27,22.9469947814941,0.205244153738022,3.6147882938385,0
2016-05-28,22.4784145355225,0.152083575725555,2.5121865272522,0
2016-05-29,24.1689167022705,0.975337505340576,2.34365940093994,0
2016-05-30,24.3836231231689,0.34369158744812,1.89257228374481,0
2016-05-31,24.6604461669922,0.206509098410606,3.28555798530579,0
2016-06-01,24.435676574707,0.0546274892985821,3.33024168014526,0
2016-06-02,24.8699913024902,0.0180463138967752,3.49215316772461,0
2016-06-03,26.1453170776367,0.0574274882674217,3.55257320404053,0
2016-06-04,26.9246196746826,0.0484035648405552,3.70974373817444,0
2016-06-05,27.1037406921387,0.956254124641418,3.36542701721191,0
2016-06-06,26.6328907012939,0.0687704235315323,3.45447492599487,0
2016-06-07,26.9759845733643,0.0241046268492937,3.6209614276886,0
2016-06-08,27.1734600067139,0.00700949411839247,3.3572096824646,0
2016-06-09,26.7539901733398,0.262394726276398,3.27048778533936,0
2016-06-10,24.2679138183594,3.68612456321716,1.51370215415955,0
2016-06-11,24.325496673584,1.53857040405273,1.93326580524445,0
2016-06-12,24.0862197875977,2.54973006248474,1.83544909954071,0
2016-06-13,21.4499263763428,6.57076501846314,0.954663693904877,0
2016-06-14,20.5387649536133,5.0146222114563,1.34796464443207,0
2016-06-15,22.1477546691895,1.00283098220825,3.06060194969177,0
2016-06-16,21.0756721496582,0.0117826359346509,3.46722483634949,0
2016-06-17,20.6574630737305,0.13493974506855,2.38292074203491,0
2016-06-18,21.9965438842773,0.0121986726298928,2.3332781791687,0
2016-06-19,22.560230255127,0.685371279716492,1.92016291618347,0
2016-06-20,21.9266471862793,0.818776369094849,1.94836592674255,0
2016-06-21,22.326976776123,0.61623215675354,3.03337621688843,0
2016-06-22,22.2499732971191,1.64689362049103,1.99773252010345,0
2016-06-23,22.2837734222412,0.680394589900971,2.46544623374939,0
2016-06-24,23.0340366363525,0.255251854658127,2.76826453208923,0
2016-06-25,22.660457611084,4.43004989624023,2.33240532875061,0
2016-06-26,22.1936302185059,5.02861976623535,2.88650107383728,0
2016-06-27,20.89963722229,1.60657525062561,1.512202501297,0
2016-06-28,21.9031925201416,4.87794160842896,1.35685300827026,0
2016-06-29,22.1181468963623,3.58307909965515,2.21191477775574,0
2016-06-30,22.042652130127,3.86588263511658,2.39167213439941,0
2016-07-01,22.039026260376,3.89266872406006,2.09103155136108,0
2016-07-02,22.7302951812744,5.51741170883179,2.55557084083557,0
2016-07-03,21.8166751861572,6.17418909072876,1.99295592308044,0
2016-07-04,22.5785846710205,6.01415205001831,2.19739246368408,0
2016-07-05,21.8986282348633,5.48962593078613,1.86335813999176,0
2016-07-06,21.4757556915283,2.01921534538269,2.145667552948,0
2016-07-07,22.8248710632324,1.19871020317078,2.75170588493347,0
2016-07-08,22.8990478515625,0.269592642784119,3.14607548713684,0
2016-07-09,21.8805637359619,0.700890839099884,1.45133996009827,0
2016-07-10,21.437198638916,0.614124119281769,2.91125297546387,0
2016-07-11,21.202486038208,0.0786927565932274,2.7202467918396,0
2016-07-12,21.2639446258545,0.201774314045906,2.85276746749878,0
2016-07-13,21.9085636138916,0.108382180333138,2.76980185508728,0
2016-07-14,22.698127746582,0.180248141288757,2.72543263435364,0
2016-07-15,22.8456630706787,1.22574424743652,1.93475747108459,0
2016-07-16,22.2642669677734,0.278728365898132,2.50451970100403,0
2016-07-17,23.7166976928711,0.250658303499222,3.56911563873291,0
2016-07-18,23.2446269989014,0.0768011435866356,2.50380158424377,0
2016-07-19,21.7876377105713,1.36619389057159,0.984263837337494,0
2016-07-20,22.8567600250244,5.57797527313232,1.93799006938934,0
2016-07-21,22.4223155975342,4.02079486846924,2.26119303703308,0.005236
2016-07-22,22.3744621276855,1.0796924829483,2.46039032936096,0.005236
2016-07-23,22.2405662536621,5.90630340576172,1.57192623615265,0.005236
2016-07-24,22.09494972229,2.99002718925476,2.22953128814697,0.010213
2016-07-25,22.2204723358154,5.05615282058716,2.00996589660645,0.010213
2016-07-26,21.6098804473877,2.26047492027283,2.50345492362976,0.010213
2016-07-27,20.7179374694824,0.436619937419891,2.08910250663757,0.009434
2016-07-28,21.3289966583252,0.219268798828125,2.35264492034912,0.008698
2016-07-29,21.9242725372314,1.44441843032837,2.99402236938477,0.010213
2016-07-30,21.6858177185059,0.377302408218384,2.67021298408508,0.011944
2016-07-31,22.0171318054199,2.71739482879639,2.97362995147705,0.011944
2016-08-01,19.0929756164551,1.09335231781006,1.51738977432251,0.011944
2016-08-02,21.6171989440918,6.13093233108521,1.8040486574173,0.011944
2016-08-03,22.2251968383789,5.8252649307251,2.23202466964722,0.011944
2016-08-04,21.66676902771,3.52057695388794,2.7080090045929,0.009434
2016-08-05,20.9101486206055,3.16060328483582,1.98678517341614,0.012896
2016-08-06,21.7786388397217,2.57014775276184,2.41236209869385,0.024623
2016-08-07,22.4416980743408,0.223613977432251,3.20674991607666,0.019993
2016-08-08,23.1759395599365,0.0519733801484108,3.08302330970764,0.014973
2016-08-09,22.685525894165,0.495634496212006,2.52340388298035,0.010213
2016-08-10,22.1143493652344,0.00523801986128092,3.3440420627594,0.010213
2016-08-11,23.0782070159912,0.194525122642517,3.22298049926758,0.010213
2016-08-12,22.996711730957,0.0299647133797407,3.29583477973938,0.010213
2016-08-13,21.332426071167,0.163937404751778,2.30857253074646,0.008698
2016-08-14,22.8142070770264,0.445134788751602,2.4002046585083,0.008698
2016-08-15,23.7512493133545,0.168273016810417,3.41355991363525,0.008698
2016-08-16,23.4303493499756,0.0319543667137623,3.94673156738281,0.007378
2016-08-17,24.9417095184326,0.372734278440475,3.89236760139465,0.007378
2016-08-18,25.3495578765869,0.194146439433098,3.18853640556335,0.007378
2016-08-19,23.8620128631592,0.826524555683136,2.69451475143433,0.007378
2016-08-20,23.4772987365723,2.06738781929016,2.28964924812317,0.006232
2016-08-21,23.9171199798584,0.270329207181931,4.14928102493286,0.006232
2016-08-22,25.0838851928711,0.104698680341244,3.87926626205444,0.006232
2016-08-23,21.6143474578857,2.06093859672546,1.29600667953491,0.006232
2016-08-24,21.4158992767334,5.21460723876953,1.55147302150726,0.006232
2016-08-25,21.2233390808105,1.76120388507843,2.8675103187561,0.007378
2016-08-26,21.2767181396484,3.48230481147766,2.15896821022034,0.007378
2016-08-27,21.6435127258301,5.55297470092773,1.35655033588409,0.008698
2016-08-28,21.6660194396973,5.64252805709839,2.99947905540466,0.010213
2016-08-29,21.7290534973145,12.5548305511475,1.57531988620758,0.010213
2016-08-30,22.7895545959473,11.3897228240967,2.69827008247376,0.014973
2016-08-31,23.9678115844727,2.99217128753662,3.84552669525147,0.01612
2016-09-01,23.1188278198242,0.826969921588898,2.81132960319519,0.017332
2016-09-02,23.0187797546387,2.87876152992249,3.11520576477051,0.021443
2016-09-03,20.8485317230225,3.31414294242859,2.39891409873962,0.028172
2016-09-04,21.8836650848389,5.19537401199341,2.8184802532196,0.028172
2016-09-05,21.6005954742432,6.72605895996094,2.79961609840393,0.024623
2016-09-06,22.1560039520264,1.20831739902496,4.07115888595581,0.024623
2016-09-07,22.5902519226074,0.888542830944061,3.08126878738403,0.024623
2016-09-08,22.4611473083496,0.643136024475098,3.77459263801575,0.021443
2016-09-09,22.1100120544434,0.697981476783752,3.00632905960083,0.021443
2016-09-10,23.1623840332031,1.84578609466553,4.20300674438477,0.021443
2016-09-11,21.8585224151611,0.862748384475708,4.29622983932495,0.008698
2016-09-12,21.802698135376,2.20407390594482,3.01164770126343,0.008698
2016-09-13,23.2824611663818,0.511713564395905,3.91861581802368,0.008698
2016-09-14,22.4134750366211,0.363104552030563,3.10616159439087,0.008698
2016-09-15,23.3956928253174,0.463540017604828,3.99904584884644,0.008698
2016-09-16,24.3341999053955,0.392158478498459,3.66758489608765,0.008698
2016-09-17,23.9500675201416,2.44368052482605,3.293292760849,0.008698
2016-09-18,23.6007499694824,2.66800665855408,3.35392355918884,0.007378
2016-09-19,23.3308048248291,0.40724116563797,3.3493664264679,0.007378
2016-09-20,23.6592960357666,0.199592709541321,4.44387149810791,0.005236
2016-09-21,25.0960655212402,0.137478947639465,3.94236445426941,0.005236
2016-09-22,22.7198390960693,1.86850368976593,1.63175415992737,0.005236
2016-09-23,22.9587879180908,0.260186403989792,2.48507499694824,0.006232
2016-09-24,23.9767837524414,0.32957661151886,3.39025402069092,0.008698
2016-09-25,24.3384552001953,0.665036380290985,3.66098189353943,0.008698
2016-09-26,24.449197769165,5.33188104629517,3.29486179351807,0.008698
2016-09-27,23.9425640106201,18.6838970184326,2.70479702949524,0.008698
2016-09-28,22.8199634552002,16.8958053588867,2.10372638702393,0.008698
2016-09-29,23.9330635070801,13.1027917861938,3.40450143814087,0.008698
2016-09-30,24.6647186279297,1.39148557186127,3.65577554702759,0.011944
2016-10-01,25.1160564422607,1.68087565898895,3.69652533531189,0.019993
2016-10-02,24.2550868988037,3.30597996711731,3.41342091560364,0.103686
2016-10-03,23.4133415222168,11.0487155914307,2.33375358581543,0.131079
2016-10-04,23.6616439819336,7.97940921783447,2.941974401474,0.367056
2016-10-05,25.3495922088623,5.32526874542236,2.34921050071716,0.227127
2016-10-06,25.2187614440918,10.2757844924927,3.67310118675232,0.199583
2016-10-07,26.348295211792,9.09768295288086,3.49142122268677,0.136856
2016-10-08,24.6865787506104,8.5490894317627,1.82244873046875,0.103686
2016-10-09,23.8259429931641,12.8939542770386,1.00658547878265,0.114353
2016-10-10,23.8820247650147,6.49115324020386,1.81002271175385,0.213171
2016-10-11,23.7254734039307,6.73489141464233,2.6457211971283,0.317615
2016-10-12,23.613883972168,6.0811448097229,3.3258273601532,0.649055
2016-10-13,23.8344573974609,4.22349643707275,3.86663341522217,0.401524
2016-10-14,24.0798015594482,5.08758068084717,4.07391405105591,0.367056
2016-10-15,23.6560192108154,1.44214951992035,3.76744365692139,0.350265
2016-10-16,23.8302230834961,2.32910370826721,3.68691873550415,0.255991
2016-10-17,24.1344013214111,2.73045253753662,3.86142754554749,0.227127
2016-10-18,24.4104022979736,3.43228435516357,3.65254998207092,0.14867
2016-10-19,24.2538261413574,0.90932309627533,3.65695762634277,0.12541
2016-10-20,24.8725395202637,1.31642854213715,3.55588674545288,0.12541
2016-10-21,24.8163051605225,0.308622270822525,3.70430397987366,0.09343
2016-10-22,24.9431629180908,1.60646867752075,3.94580030441284,0.083563
2016-10-23,24.4629631042481,4.64272356033325,3.70297288894653,0.136856
2016-10-24,24.3300971984863,1.16474723815918,4.42746067047119,0.199583
2016-10-25,24.8205604553223,0.895253241062164,3.98347687721252,0.103686
2016-10-26,25.1308002471924,0.670971512794495,4.60277605056763,0.048533
2016-10-27,24.9355869293213,0.143374532461166,4.81503820419312,0.030098
2016-10-28,25.6680927276611,0.148532539606094,4.52406930923462,0.022979
2016-10-29,25.4680786132813,0.872904181480408,3.56764769554138,0.019301
2016-10-30,24.1543235778809,2.10825252532959,3.51227307319641,0.014973
2016-10-31,23.9657821655273,6.47001552581787,2.93507671356201,0.045547
2016-11-01,24.2049751281738,9.10636425018311,3.03538942337036,0.056603
2016-11-02,24.819694519043,2.8271336555481,4.05723810195923,0.034295
2016-11-03,24.086181640625,1.30912840366364,3.92008185386658,0.022979
2016-11-04,24.9136161804199,3.11930775642395,3.99283909797668,0.019993
2016-11-05,24.0594158172607,4.27416515350342,3.82283687591553,0.024623
2016-11-06,22.8604259490967,4.11614370346069,3.54656744003296,0.030098
2016-11-07,23.8339748382568,6.7478232383728,3.90919733047485,0.199583
2016-11-08,24.4330158233643,3.10253667831421,3.59680867195129,0.384149
2016-11-09,24.5793876647949,2.93037700653076,3.91858291625977,0.270921
2016-11-10,24.9440631866455,2.22923684120178,3.38859605789185,0.160874
2016-11-11,25.1854076385498,3.00890421867371,3.68646621704102,0.12541
2016-11-12,25.7297954559326,1.65249681472778,4.047926902771,0.103686
2016-11-13,24.932466506958,2.94368410110474,2.63339686393738,0.088453
2016-11-14,23.7145309448242,20.9470081329346,1.9637303352356,0.09343
2016-11-15,23.9191722869873,9.80983066558838,1.72123599052429,0.136856
2016-11-16,24.7825012207031,15.1941795349121,1.60994005203247,1.193343
2016-11-17,25.8583431243897,10.095383644104,3.06383895874023,1.977913
2016-11-18,26.5347385406494,3.29659509658814,4.24747085571289,0.589639
2016-11-19,24.1125717163086,9.19400310516357,1.70191466808319,0.401524
2016-11-20,21.2675647735596,6.43992900848389,2.68724727630615,0.255991
2016-11-21,22.584867477417,1.42546236515045,2.42437052726746,0.14272
2016-11-22,24.1822185516357,1.52865254878998,2.87030601501465,0.103686
2016-11-23,25.739128112793,0.677827477455139,4.7060136795044,0.103686
2016-11-24,25.8119087219238,0.226177126169205,5.10972929000855,0.088453
2016-11-25,25.6163444519043,0.224250182509422,4.12478303909302,0.074151
2016-11-26,25.6085224151611,0.13648134469986,5.03394842147827,0.056603
2016-11-27,25.1296501159668,0.202429249882698,4.12252330780029,0.037757
2016-11-28,25.4680995941162,0.938471496105194,3.59775519371033,0.03542
2016-11-29,25.1212825775147,1.65295588970184,3.7913510799408,0.029124
2016-11-30,25.7720947265625,0.187273874878883,4.67800092697144,0.028172
2016-12-01,25.3033885955811,5.02124547958374,3.83177018165588,0.026354
2016-12-02,24.8522548675537,1.74226713180542,3.14605975151062,0.024623
2016-12-03,25.2017784118652,3.44153523445129,2.65661382675171,0.024623
2016-12-04,26.1201972961426,2.65270638465881,4.29619598388672,0.014973
2016-12-05,27.4807872772217,1.04926669597626,4.60457801818848,0.011944
2016-12-06,27.0008506774902,0.224549666047096,3.5868821144104,0.011944
2016-12-07,27.226749420166,2.92120003700256,4.20235443115234,0.011944
2016-12-08,26.3352508544922,4.08651113510132,4.05431032180786,0.010213
2016-12-09,26.6479530334473,1.59592914581299,4.90882587432861,0.009434
2016-12-10,26.4691333770752,0.479959219694138,5.17272472381592,0.009434
2016-12-11,26.4686393737793,0.106550149619579,4.38691091537476,0.009434
2016-12-12,26.5544891357422,1.27004861831665,3.60926651954651,0.008698
2016-12-13,26.3320045471191,2.9097056388855,3.86218357086182,0.008698
2016-12-14,26.0635089874268,1.27190363407135,5.38796997070313,0.008698
2016-12-15,26.1872501373291,0.578878045082092,4.81005811691284,0.008698
2016-12-16,25.6604290008545,2.10413289070129,4.61413192749023,0.007378
2016-12-17,24.5045013427734,3.01586532592773,4.35549068450928,0.006232
2016-12-18,24.6784782409668,4.369948387146,3.84528875350952,0.006232
2016-12-19,24.5376987457275,4.39955711364746,4.23173666000366,0.005236
2016-12-20,24.251392364502,5.25485324859619,2.81534337997437,0.005236
2016-12-21,25.780065536499,2.9137122631073,4.06362104415894,0.005236
2016-12-22,25.4694061279297,2.80938029289246,3.89154124259949,0.003311
2016-12-23,26.0357971191406,2.26223182678223,4.93904113769531,0.002726
2016-12-24,24.2053203582764,1.33480358123779,2.54199266433716,0.002467
2016-12-25,25.8359928131104,2.23966002464294,4.34354543685913,0.002467
2016-12-26,25.734058380127,0.764118671417236,4.43195247650147,0.002229
2016-12-27,26.2045841217041,1.22969424724579,4.14737606048584,0.002012
2016-12-28,25.8547897338867,1.04720163345337,3.73144197463989,0.001644
2016-12-29,25.7123737335205,0.308781296014786,3.31982779502869,0.001644
2016-12-30,25.8022918701172,0.373622000217438,4.8745059967041,0.001644
2016-12-31,25.4256248474121,2.49296498298645,3.92939400672913,0.001644
2017-01-01,25.9422225952148,0.424493163824081,4.77153730392456,0.001644
2017-01-02,26.5542373657227,0.0608971640467644,5.01125383377075,0.00132
2017-01-03,27.0233879089356,0.00920342188328505,5.01593542098999,0.00132
2017-01-04,25.9275722503662,0.748174071311951,4.18429231643677,0.00132
2017-01-05,26.4519481658936,1.71522319316864,4.75269412994385,0.00132
2017-01-06,26.0935382843018,0.384183079004288,4.56288862228394,0.00132
2017-01-07,25.5219974517822,0.805149257183075,4.50440788269043,0.00132
2017-01-08,24.9687805175781,0.911641478538513,4.56630611419678,0.00132
2017-01-09,25.728645324707,0.533644556999207,5.0918459892273,0.00132
2017-01-10,27.150671005249,0.317577540874481,5.01166486740112,0.00132
2017-01-11,27.8474254608154,0.248451337218285,5.02280378341675,0.00132
2017-01-12,28.0254726409912,0.326122432947159,5.15654277801514,0.00132
2017-01-13,27.0208873748779,0.835126280784607,4.45147371292114,0.001039
2017-01-14,26.1366291046143,1.01578164100647,3.93452620506287,0.001039
2017-01-15,26.3164501190186,0.755794405937195,4.43240022659302,0.000822
2017-01-16,26.1630210876465,1.79648756980896,4.72134494781494,0.000649
2017-01-17,25.06396484375,2.17583274841309,4.49451065063477,0.000649
2017-01-18,25.9240036010742,1.51333940029144,4.68011713027954,0.000649
2017-01-19,25.8458290100098,0.305651217699051,4.34516716003418,0
2017-01-20,25.852481842041,1.84925186634064,4.24681806564331,0
2017-01-21,25.2632732391357,1.41223406791687,3.85102772712708,0
2017-01-22,26.8657741546631,0.600597679615021,4.60322761535645,0
2017-01-23,27.0272636413574,0.701541602611542,4.77878379821777,0
2017-01-24,26.5849342346191,2.31235647201538,4.39993286132813,0
2017-01-25,26.5021839141846,2.29082775115967,4.59216833114624,0
2017-01-26,26.3604221343994,1.15855479240417,4.8009524345398,0
2017-01-27,26.0307731628418,0.60548609495163,4.46606349945068,0
2017-01-28,26.5819892883301,1.40577280521393,4.71887254714966,0
2017-01-29,26.0083560943604,2.8980610370636,4.07114934921265,0
2017-01-30,25.7947463989258,2.7747209072113,4.52285289764404,0
2017-01-31,26.2523002624512,1.87904250621796,4.50093221664429,0
2017-02-01,26.0683612823486,0.740772902965546,4.59771394729614,0
2017-02-02,26.8436164855957,3.5785026550293,4.54802894592285,0
2017-02-03,26.3876094818115,2.75937747955322,4.35511875152588,0
2017-02-04,26.6003856658936,1.87776255607605,4.31344842910767,0
2017-02-05,27.2105274200439,0.69649076461792,4.72737121582031,0
2017-02-06,26.8793506622314,0.180782467126846,4.39471578598022,0
2017-02-07,26.9907722473145,2.53750061988831,3.64561486244202,0
2017-02-08,26.253927230835,3.35987305641174,2.9855797290802,0
2017-02-09,24.2682018280029,7.11721801757813,1.7069354057312,0.019993
2017-02-10,25.0895099639893,6.92546844482422,2.68334174156189,0.01612
2017-02-11,24.6261367797852,1.60516810417175,3.85433435440064,0.011944
2017-02-12,25.1851234436035,1.40109825134277,3.71093392372131,0.010213
2017-02-13,25.2151470184326,2.81201076507568,4.37927675247192,0.010213
2017-02-14,24.8229942321777,1.81066071987152,3.88468408584595,0.010213
2017-02-15,25.0637435913086,1.82530987262726,3.13872385025024,0
2017-02-16,25.3092880249023,3.30392050743103,3.17331957817078,0
2017-02-17,25.571310043335,5.69622564315796,4.38724374771118,0
2017-02-18,25.209774017334,2.90321898460388,4.21005582809448,0
2017-02-19,25.8000526428223,2.25669860839844,4.02180147171021,0
2017-02-20,25.1795349121094,3.13384437561035,3.57339286804199,0
2017-02-21,24.7347373962402,5.27059268951416,3.79956889152527,0
2017-02-22,25.5580463409424,3.38967895507813,3.4856448173523,0
2017-02-23,25.7852153778076,2.83729553222656,4.2887659072876,0
2017-02-24,25.9960231781006,1.27429485321045,4.10587120056152,0
2017-02-25,26.6973724365234,0.805142164230347,4.20069313049316,0
2017-02-26,27.0348091125488,0.365082979202271,4.76880121231079,0
2017-02-27,26.1217174530029,0.704174816608429,3.75883221626282,0
2017-02-28,26.8604431152344,4.11293172836304,4.06210231781006,0
2017-03-01,26.0113945007324,3.85452961921692,3.19259333610535,0
2017-03-02,26.9218292236328,1.16368639469147,4.28627395629883,0
2017-03-03,25.3432292938232,1.3536491394043,3.74519753456116,0
2017-03-04,26.4066143035889,0.601438045501709,4.45500898361206,0
2017-03-05,26.9709644317627,0.0920296087861061,4.9483003616333,0
2017-03-06,27.218843460083,0.115812011063099,4.85310697555542,0
2017-03-07,26.6812992095947,0.0637163296341896,4.07538461685181,0
2017-03-08,26.1544456481934,0.345089495182037,4.83968305587769,0
2017-03-09,24.9003639221191,0.439356654882431,3.66329860687256,0
2017-03-10,25.005542755127,1.79125440120697,3.72051930427551,0
2017-03-11,25.7411937713623,2.72337675094605,3.49368238449097,0
2017-03-12,25.4936428070068,2.090083360672,3.61683511734009,0
2017-03-13,25.3607273101807,1.28768515586853,3.71418738365173,0
2017-03-14,25.7701244354248,2.0087628364563,4.04070711135864,0
2017-03-15,25.8872032165527,1.76740288734436,4.18173742294312,0
2017-03-16,25.5937995910645,2.3086941242218,3.79645609855652,0
2017-03-17,26.07253074646,4.139000415802,3.55440497398376,0
2017-03-18,27.0175476074219,1.77099978923798,4.23814058303833,0
2017-03-19,27.073429107666,0.417759507894516,4.72332000732422,0
2017-03-20,26.5894470214844,0.722015619277954,4.12569141387939,0
2017-03-21,26.0055770874023,1.10817265510559,3.32013702392578,0
2017-03-22,26.0998783111572,4.97815132141113,3.51086831092834,0
2017-03-23,25.8102264404297,0.405980139970779,4.25334930419922,0
2017-03-24,25.6920394897461,0.118533119559288,4.28774309158325,0
2017-03-25,26.356616973877,0.122061058878899,4.19374513626099,0
2017-03-26,27.2077445983887,0.237196862697601,4.40968942642212,0
2017-03-27,27.4198875427246,0.493883609771729,4.13812017440796,0
2017-03-28,27.6676712036133,1.27470374107361,4.19881296157837,0
2017-03-29,22.9100437164307,17.8396549224854,1.09421503543854,0
2017-03-30,22.7263488769531,7.81833648681641,1.10069596767426,0
2017-03-31,23.9314670562744,5.80091571807861,2.79139494895935,0
2017-04-01,22.4738273620605,28.0140113830566,0.973363876342773,0
2017-04-02,22.96262550354,17.7939357757568,2.47299551963806,0
2017-04-03,23.6097087860107,6.3634672164917,2.29229187965393,0
2017-04-04,23.8372421264648,7.7003116607666,3.41267657279968,0
2017-04-05,25.0008239746094,0.784691154956818,3.30603766441345,0
2017-04-06,24.9634838104248,1.45011413097382,3.37852382659912,0
2017-04-07,25.4888515472412,0.75428056716919,3.76008725166321,0
2017-04-08,24.4614696502686,1.62719559669495,3.1461341381073,0
2017-04-09,24.7896003723145,2.36155962944031,3.49383425712585,0
2017-04-10,24.8043766021729,1.91935157775879,3.39608025550842,0
2017-04-11,25.3914356231689,0.958735108375549,3.40407466888428,0
2017-04-12,26.0903835296631,0.417249798774719,3.52844929695129,0
2017-04-13,25.3382568359375,1.20265471935272,3.37887978553772,0
2017-04-14,24.8539085388184,2.69725465774536,3.21081280708313,0
2017-04-15,24.7633991241455,2.13371634483337,3.21773433685303,0
2017-04-16,25.1477108001709,1.69945573806763,3.35209465026855,0
2017-04-17,25.4275646209717,0.389400720596314,3.7718460559845,0
2017-04-18,25.1106414794922,0.319051176309586,3.7826554775238,0
2017-04-19,24.831413269043,0.436053484678268,3.2619960308075,0
2017-04-20,23.639856338501,1.28613746166229,2.60600709915161,0
2017-04-21,23.1134147644043,0.226033806800842,2.7278163433075,0
2017-04-22,24.8849201202393,1.07913672924042,3.00125741958618,0
2017-04-23,26.4697303771973,1.75419580936432,3.4030601978302,0
2017-04-24,24.93212890625,4.5097246170044,2.07252669334412,0
2017-04-25,24.8480987548828,9.67570972442627,2.66588664054871,0
2017-04-26,24.8076000213623,4.90198516845703,1.51641464233398,0
2017-04-27,25.6905899047852,1.45964026451111,3.1669647693634,0
2017-04-28,25.1562576293945,1.01229846477509,2.85590028762817,0.098493
2017-04-29,25.1974201202393,1.83620977401733,3.24484157562256,0.069607
2017-04-30,24.2839698791504,2.88755989074707,3.13504385948181,0.038969
2017-05-01,22.447774887085,7.32392358779907,2.16901302337646,0.030098
2017-05-02,22.813383102417,10.3703346252441,1.55115520954132,0.026354
2017-05-03,22.4586906433105,23.932596206665,2.05072236061096,0.114353
2017-05-04,23.4249038696289,2.44125890731812,2.81031656265259,0.06515
2017-05-05,22.9450302124023,4.25446939468384,1.38954138755798,0.074151
2017-05-06,23.8236885070801,4.72524166107178,2.60663676261902,0.234224
2017-05-07,24.2186489105225,0.889574348926544,2.76112365722656,0.179828
2017-05-08,23.6107578277588,1.05517196655273,2.72864603996277,0.14867
2017-05-09,23.5005550384522,1.41833674907684,2.44443988800049,0.098493
2017-05-10,24.2292747497559,0.525489389896393,3.11301326751709,0.074151
2017-05-11,23.7762699127197,0.376714646816254,3.15188980102539,0.048533
2017-05-12,22.6148166656494,1.15245294570923,2.80416178703308,0.0415
2017-05-13,22.2923221588135,0.355724692344666,2.06485414505005,0.03542
2017-05-14,22.8234367370606,0.458936035633087,3.06174993515015,0.021443
2017-05-15,25.6082820892334,0.191429167985916,3.60188579559326,0.024623
2017-05-16,25.0669250488281,0.493580043315888,2.63083648681641,0.021443
2017-05-17,22.5906753540039,1.56952035427094,0.994227945804596,0.021443
2017-05-18,22.4992160797119,1.9883326292038,2.36321234703064,0.021443
2017-05-19,21.5992469787598,1.23201990127563,1.94754207134247,0.021443
2017-05-20,23.0440082550049,2.56224417686462,1.90396523475647,0.021443
2017-05-21,23.4782066345215,1.47424626350403,2.72061395645142,0.022979
2017-05-22,23.8344326019287,5.27731990814209,2.33850121498108,0.024623
2017-05-23,23.6588363647461,2.61636519432068,2.38670444488525,0.026354
2017-05-24,23.0266380310059,5.42764759063721,2.01341247558594,0.028172
2017-05-25,22.8608322143555,4.3683009147644,2.08484554290771,0.028172
2017-05-26,21.3568859100342,2.83566069602966,2.40544509887695,0.036567
2017-05-27,21.4166774749756,0.856880366802216,1.31699883937836,0.038969
2017-05-28,21.4797611236572,0.944311857223511,2.28066658973694,0.0415
2017-05-29,21.2033748626709,1.04767370223999,2.3482460975647,0.048533
2017-05-30,21.3952541351318,1.46467888355255,2.22533702850342,0.048533
2017-05-31,22.469482421875,0.342286854982376,2.44162893295288,0.048533
2017-06-01,23.7888946533203,0.404680728912354,2.77087211608887,0.048533
2017-06-02,24.3996067047119,0.231478631496429,3.06701016426086,0.048533
2017-06-03,23.7922592163086,0.528106331825256,2.53619170188904,0.048533
2017-06-04,23.8423843383789,2.06090784072876,2.46790957450867,0.048533
2017-06-05,23.8571033477783,4.69682931900024,2.43823719024658,0.048533
2017-06-06,23.1104698181152,0.312134176492691,2.11443042755127,0.048533
2017-06-07,23.2061710357666,1.11151134967804,2.28920865058899,0.048533
2017-06-08,23.3692493438721,2.21162796020508,2.4898841381073,0.0415
2017-06-09,23.3061485290527,0.38827046751976,2.25127387046814,0.0415
2017-06-10,23.6712436676025,0.152147859334946,3.18361473083496,0.0415
2017-06-11,23.8312397003174,0.0435161851346493,2.86858415603638,0.0415
2017-06-12,22.624267578125,1.09505307674408,2.17835640907288,0.0415
2017-06-13,22.8173828125,0.704721927642822,2.55427694320679,0.0415
2017-06-14,21.1274509429932,0.240486398339272,2.27320790290833,0.034295
2017-06-15,21.678092956543,0.88016813993454,2.32306742668152,0.032153
2017-06-16,22.4053115844727,8.99301338195801,2.25322461128235,0.030098
2017-06-17,22.2482414245605,3.21228694915772,2.72955656051636,0.024623
2017-06-18,20.9410495758057,0.252040147781372,2.50772476196289,0.056603
2017-06-19,20.2184658050537,0.0381498076021671,3.00901651382446,0.09343
2017-06-20,21.9732799530029,0.330458104610443,2.28546643257141,0.286176
2017-06-21,21.280345916748,0.526863098144531,2.48977017402649,0.350265
2017-06-22,21.2501811981201,2.43238306045532,1.69838440418243,0.491795
2017-06-23,21.1818599700928,6.0089635848999,1.53893232345581,0.575186
2017-06-24,21.3425102233887,3.96283578872681,2.39974188804626,0.532755
2017-06-25,21.2619323730469,6.18954706192017,2.09018349647522,0.679716
2017-06-26,21.0230541229248,7.45082330703735,2.45534515380859,0.911754
2017-06-27,21.4741439819336,6.20237112045288,2.34820175170898,1.001874
2017-06-28,21.1731090545654,7.96367311477661,1.7425993680954,0.546732
2017-06-29,21.0295143127441,4.95434427261353,2.50574159622192,0.426775
2017-06-30,20.0079383850098,1.36800301074982,1.53404259681702,0.384149
2017-07-01,21.7205505371094,0.742462277412415,2.30654907226563,0.384149
2017-07-02,20.7927379608154,0.40310725569725,2.95846295356751,0.350265
2017-07-03,18.8216667175293,0.559261441230774,1.80301189422607,0.350265
2017-07-04,18.8927116394043,0.267945319414139,2.26937675476074,0.270921
2017-07-05,19.0708274841309,2.26952385902405,2.04212117195129,0.220117
2017-07-06,19.9773597717285,4.64692783355713,2.195063829422,0.179828
2017-07-07,20.004940032959,2.87363171577454,1.96402621269226,0.136856
2017-07-08,20.2995796203613,4.06983232498169,2.36185431480408,0.103686
2017-07-09,19.4469165802002,6.29789686203003,1.55762887001038,0.317615
2017-07-10,20.6347885131836,16.3248920440674,1.33664035797119,3.235411
2017-07-11,20.0715179443359,4.16456127166748,2.00752353668213,
2017-07-12,20.1001205444336,6.50654029846191,2.17237305641174,
2017-07-13,20.5140380859375,5.48848676681519,2.02130961418152,
2017-07-14,19.6172256469727,4.66316986083984,1.43999373912811,
2017-07-15,19.216028213501,3.74070715904236,2.22980427742004,
2017-07-16,19.3617057800293,2.77405619621277,1.80979537963867,
2017-07-17,19.8176307678223,8.79093265533447,1.66411948204041,
2017-07-18,17.9800281524658,2.74882316589355,1.72593367099762,
2017-07-19,19.05735206604,1.65524327754974,2.25381827354431,
2017-07-20,20.256799697876,2.15287637710571,1.77777659893036,
2017-07-21,20.7552890777588,1.17153716087341,1.8947958946228,
2017-07-22,20.8938217163086,1.36796092987061,2.47439765930176,
2017-07-23,19.8397789001465,0.451610743999481,2.45930480957031,
2017-07-24,20.3406105041504,3.95518183708191,1.96745479106903,
2017-07-25,20.7195472717285,3.17681193351746,2.83627390861511,
2017-07-26,19.7664833068848,2.48277449607849,1.86700963973999,
2017-07-27,19.735424041748,3.92296934127808,2.45377445220947,
2017-07-28,19.9477863311768,8.09766387939453,1.63951730728149,
2017-07-29,20.2429981231689,7.85825681686401,1.99665367603302,
2017-07-30,18.9387588500977,2.86962890625,2.48075461387634,
2017-07-31,18.73512840271,5.68965244293213,2.12544298171997,
2017-08-01,18.8708171844482,2.77840089797974,2.3481080532074,
2017-08-02,20.0696926116943,1.44241118431091,1.99765741825104,
2017-08-03,20.9212856292725,0.461272537708283,2.25532841682434,
2017-08-04,22.722713470459,0.220953464508057,3.46343040466309,
2017-08-05,21.8621120452881,2.18505454063416,2.66485786437988,
2017-08-06,20.5562305450439,0.928968071937561,2.39073467254639,
2017-08-07,20.6613864898682,0.618594646453857,2.71892237663269,
2017-08-08,18.6402835845947,0.0901825278997421,2.65304398536682,
2017-08-09,20.0068454742432,0.0235195159912109,3.56390762329102,0.103686
2017-08-10,21.5539531707764,0.00638548377901316,3.54995226860046,0.074151
2017-08-11,21.241003036499,1.02862632274628,2.47149801254272,0.048533
2017-08-12,20.8519821166992,0.499367743730545,2.30974340438843,0.0415
2017-08-13,19.5647373199463,0.167823567986488,2.73935651779175,0.038969
2017-08-14,18.5288562774658,0.094535805284977,2.37498235702515,0.031115
2017-08-15,19.8444786071777,0.242198333144188,2.04292345046997,0.022979
2017-08-16,19.9812469482422,0.385711818933487,2.13527750968933,0.014973
2017-08-17,21.031364440918,0.233453199267387,2.7900562286377,0
2017-08-18,21.3940849304199,0.0904767960309982,2.62046003341675,0
2017-08-19,20.3456344604492,0.262908726930618,2.17901587486267,0
2017-08-20,22.1237525939941,0.459147214889526,3.14765095710754,0
2017-08-21,22.8521575927734,0.247533842921257,3.32586240768433,0
2017-08-22,20.892204284668,3.52223539352417,1.08722388744354,0
2017-08-23,21.4167881011963,6.99112462997437,2.66168546676636,0
2017-08-24,20.9279747009277,5.8729453086853,1.96508264541626,0
2017-08-25,19.6962280273438,5.15466165542603,1.3841632604599,0
2017-08-26,19.889575958252,0.910103619098663,2.80973148345947,0
2017-08-27,20.2075710296631,0.718926191329956,2.45559930801392,0
2017-08-28,20.6059684753418,0.22727844119072,2.81077742576599,0
2017-08-29,19.7325057983398,0.176064997911453,2.62333345413208,0
2017-08-30,21.4432964324951,0.605785667896271,2.91843271255493,0
2017-08-31,21.1423053741455,0.146713942289352,3.5245463848114,0
2017-09-01,21.4093475341797,0.151597708463669,3.35140895843506,0
2017-09-02,20.521146774292,5.04484462738037,2.04874682426453,0
2017-09-03,20.3954544067383,5.42602443695068,3.15397644042969,0
2017-09-04,20.4375095367432,1.19691836833954,3.17479300498962,0
2017-09-05,20.7825145721436,2.00697612762451,2.92315626144409,0
2017-09-06,20.6850719451904,0.398882925510407,2.76610136032105,0
2017-09-07,21.5140113830566,0.329903066158295,2.73160529136658,0
2017-09-08,21.0995769500732,1.05869793891907,2.91919159889221,0
2017-09-09,21.1469116210938,1.50221657752991,2.55250883102417,0
2017-09-10,22.4020481109619,2.53084754943848,2.9383659362793,0
2017-09-11,21.0875625610352,1.96875178813934,2.45492339134216,0
2017-09-12,19.8732414245605,2.55627202987671,2.37570142745972,0
2017-09-13,20.6920909881592,6.84244441986084,2.66247081756592,0
2017-09-14,21.6884784698486,4.77819633483887,2.74226903915405,0
2017-09-15,20.9364204406738,2.0894238948822,3.78207182884216,0
2017-09-16,21.1245937347412,3.07308697700501,3.08652782440186,0
2017-09-17,22.1088638305664,2.65704083442688,3.03853225708008,0
2017-09-18,21.5884838104248,0.81771057844162,3.44737601280212,0
2017-09-19,21.9360237121582,2.57437133789063,3.02665114402771,0
2017-09-20,21.1295223236084,3.55051565170288,3.01235628128052,0
2017-09-21,21.6209259033203,5.46953105926514,3.17043304443359,0
2017-09-22,20.6756687164307,1.4415830373764,2.78185057640076,0
2017-09-23,21.6510601043701,3.58797097206116,2.69172239303589,0
2017-09-24,21.4083023071289,3.13912725448608,2.79274034500122,0
2017-09-25,20.8809490203857,1.37116372585297,3.6514892578125,0
2017-09-26,21.4556407928467,3.48113369941711,2.36054396629334,0
2017-09-27,22.0091857910156,5.94032621383667,2.10253000259399,0
2017-09-28,23.9443588256836,3.0853111743927,3.56452798843384,0
2017-09-29,24.0969104766846,0.581118404865265,4.35105323791504,0
2017-09-30,23.4096908569336,0.540389180183411,3.23472142219543,0
2017-10-01,24.0736236572266,0.746131598949432,3.00786375999451,0
2017-10-02,24.4989395141602,1.04650068283081,4.06341743469238,0
2017-10-03,24.7124366760254,0.139953657984734,4.09702920913696,0
2017-10-04,23.6990356445313,0.260161817073822,3.57118463516235,0
2017-10-05,23.0357780456543,2.42855191230774,3.40632295608521,0
2017-10-06,22.8378562927246,1.48684108257294,3.13268065452576,0
2017-10-07,23.305362701416,1.08231425285339,4.06816577911377,0
2017-10-08,23.0555992126465,0.63239598274231,3.60276675224304,0
2017-10-09,22.525032043457,1.20187282562256,3.24408292770386,0
2017-10-10,22.1448841094971,0.495078027248383,3.80662536621094,0
2017-10-11,21.7852630615234,0.541902482509613,3.3438925743103,0
2017-10-12,23.1867866516113,0.927887678146362,3.53300166130066,0
2017-10-13,23.0467987060547,2.54047679901123,3.36503028869629,0
2017-10-14,23.5446491241455,5.56077194213867,3.45024156570435,0
2017-10-15,24.2899284362793,1.99426567554474,3.50808143615723,0
2017-10-16,23.9905567169189,0.262997150421143,4.55466270446777,0
2017-10-17,23.1864566802979,0.82393342256546,3.99453616142273,0
2017-10-18,22.4156436920166,1.09258759021759,3.43740248680115,0
2017-10-19,22.8143367767334,2.44108605384827,3.98192882537842,0
2017-10-20,25.1941947937012,1.17928433418274,4.38295316696167,0
2017-10-21,25.399492263794,0.480370432138443,4.57595872879028,0
2017-10-22,25.9867134094238,0.253071993589401,4.71983432769775,0
2017-10-23,24.5800838470459,0.229896530508995,4.27091884613037,0
2017-10-24,23.6452331542969,0.98137891292572,3.57927799224854,0
2017-10-25,23.4315280914307,1.3221640586853,3.05426931381226,0
2017-10-26,23.9239196777344,0.492681950330734,4.29839181900024,0
2017-10-27,24.7348098754883,0.239953905344009,3.32513737678528,0
2017-10-28,26.0265674591065,0.261335521936417,4.9904522895813,0
2017-10-29,27.0713367462158,0.198037043213844,5.2448616027832,0
2017-10-30,26.0616512298584,0.330114483833313,4.89806318283081,0
2017-10-31,25.4098300933838,0.184681758284569,4.21202421188355,0
2017-11-01,25.4167919158936,7.57929563522339,3.30021595954895,
2017-11-02,23.4230899810791,14.8462362289429,2.63593721389771,
2017-11-03,22.3390827178955,7.9940071105957,0.874311685562134,
2017-11-04,24.4427471160889,5.49296379089356,4.11557579040527,
2017-11-05,24.6140537261963,0.847966015338898,3.93627524375916,
2017-11-06,25.103931427002,2.10904145240784,4.03643941879272,
2017-11-07,23.1154975891113,2.12248182296753,1.4067873954773,
2017-11-08,21.4718589782715,3.52532839775085,1.15730476379395,
2017-11-09,24.1627502441406,1.23249244689941,3.76778960227966,
2017-11-10,24.3887977600098,2.81042146682739,3.83666443824768,
2017-11-11,25.0859413146973,1.11141514778137,4.41242170333862,
2017-11-12,26.2341842651367,1.50557208061218,3.02218723297119,
2017-11-13,24.381498336792,10.4292726516724,2.21704006195068,
2017-11-14,23.7799816131592,10.1433639526367,2.33835291862488,
2017-11-15,22.1244029998779,15.1253786087036,1.8319251537323,
2017-11-16,23.4613933563232,8.50558853149414,3.09965252876282,
2017-11-17,24.3277091979981,2.79384160041809,4.11407613754272,
2017-11-18,23.6990604400635,0.989547550678253,4.05473518371582,
2017-11-19,25.1076068878174,0.451235771179199,4.46132755279541,
2017-11-20,25.2957954406738,0.366084396839142,3.87021660804749,
2017-11-21,25.2833938598633,0.385199636220932,4.12339735031128,
2017-11-22,25.6860771179199,0.466322392225266,4.36693716049194,
2017-11-23,25.8218841552734,0.251403480768204,4.54460906982422,
2017-11-24,25.6113300323486,1.04004979133606,4.39975786209106,
2017-11-25,24.2924880981445,3.25595760345459,3.79562616348267,
2017-11-26,24.6903324127197,0.70988142490387,4.8293309211731,
2017-11-27,24.8299198150635,0.0277589354664087,4.62218427658081,
2017-11-28,25.5467624664307,0.165052637457848,4.89122867584229,
2017-11-29,26.0100841522217,0.223150342702866,4.76470994949341,
2017-11-30,25.4463520050049,1.41982471942902,3.8587634563446,
2017-12-01,25.6821994781494,0.722264766693115,4.35533857345581,0
2017-12-02,25.0937309265137,1.1278954744339,2.43418765068054,0
2017-12-03,26.0872535705566,1.00054216384888,3.52906203269959,0
2017-12-04,27.1972808837891,0.506305634975433,5.64916372299194,0
2017-12-05,27.9809169769287,0.0926064029335976,5.58586120605469,0
2017-12-06,26.7626247406006,0.479870021343231,3.80081105232239,0
2017-12-07,24.8666496276856,4.18535470962524,1.76993632316589,0
2017-12-08,23.9229793548584,7.07537889480591,1.48488104343414,0
2017-12-09,25.919584274292,15.8255443572998,2.37910079956055,0
2017-12-10,26.3133850097656,21.5205059051514,3.62196731567383,0
2017-12-11,24.9684162139893,13.448935508728,1.69587981700897,0
2017-12-12,26.3130664825439,15.2506074905396,3.15880870819092,0
2017-12-13,23.2881336212158,26.0656261444092,1.28696966171265,0
2017-12-14,24.9380760192871,7.24162483215332,3.26758170127869,
2017-12-15,24.03271484375,1.63295483589172,3.69307374954224,1.038982
2017-12-16,24.4013633728027,2.51609396934509,4.57514524459839,0.419202
2017-12-17,24.7503910064697,1.38338387012482,3.04066252708435,1.486118
2017-12-18,24.5433959960938,2.83038115501404,3.57094287872314,0.301733
2017-12-19,24.0265254974365,2.87964129447937,4.19262647628784,0.09343
2017-12-20,24.2813301086426,2.80930709838867,4.13922548294067,0
2017-12-21,24.2714576721191,1.32701873779297,3.9747850894928,0
2017-12-22,25.0911827087402,1.8274439573288,3.87671732902527,0
2017-12-23,25.0860900878906,2.37723970413208,3.85046648979187,0
2017-12-24,24.9479274749756,1.01212990283966,3.61609506607056,0
2017-12-25,25.076301574707,1.14952230453491,3.57483863830566,0
2017-12-26,25.3041706085205,3.08159446716309,4.13208484649658,0
2017-12-27,25.1661586761475,0.809772372245789,3.9900848865509,0
2017-12-28,25.4194488525391,0.45734629034996,4.49393892288208,0
2017-12-29,25.7289543151856,0.208856284618378,4.31957912445068,0
2017-12-30,25.8442897796631,0.289213269948959,5.04223966598511,0
2017-12-31,26.413423538208,0.491064876317978,3.84616923332214,0
2018-01-01,27.1671924591064,0.339930802583694,4.26987075805664,0
2018-01-02,27.1465129852295,0.140602052211761,5.43005514144898,0
2018-01-03,27.2788009643555,0.360483765602112,4.27525949478149,0
2018-01-04,27.085693359375,0.211069121956825,5.1408748626709,0
2018-01-05,26.7972621917725,0.380707383155823,5.2170991897583,0
2018-01-06,25.7874240875244,0.753572881221771,4.57057094573975,0
2018-01-07,26.1506023406982,1.16316747665405,4.56627702713013,0
2018-01-08,25.8862628936768,1.39041543006897,5.04474210739136,0
2018-01-09,25.3662528991699,3.00270748138428,3.0299072265625,0
2018-01-10,25.5397872924805,6.12761688232422,3.31804037094116,0
2018-01-11,24.4995594024658,4.94979858398438,3.66129922866821,0
2018-01-12,24.7557144165039,2.32914614677429,3.67373418807983,0
2018-01-13,25.8846607208252,1.55838322639465,4.6665472984314,0
2018-01-14,25.7669181823731,0.953818321228027,3.71774244308472,0
2018-01-15,26.1719627380371,1.936763048172,4.85422039031982,0.270921
2018-01-16,25.6807384490967,1.63549423217773,4.55372858047485,0.227127
2018-01-17,25.1868057250977,1.52039980888367,4.53315782546997,0.103686
2018-01-18,25.6926593780518,2.36624026298523,4.14662599563599,0
2018-01-19,25.9589977264404,1.41617012023926,4.69252967834473,0
2018-01-20,26.6275215148926,0.356255561113358,4.49419260025024,0
2018-01-21,26.1944274902344,0.341193944215775,4.98199129104614,0
2018-01-22,26.1915454864502,1.08089661598206,4.57470750808716,0
2018-01-23,25.8139972686768,1.19018876552582,4.7824182510376,0
2018-01-24,25.4980278015137,0.960132956504822,4.11817359924316,0
2018-01-25,25.7526683807373,2.5689492225647,4.7278618812561,0
2018-01-26,26.0097846984863,1.81125485897064,4.49590539932251,0
2018-01-27,26.5549182891846,4.26784610748291,4.35725069046021,0
2018-01-28,26.2842636108398,5.22856092453003,3.81830453872681,0
2018-01-29,26.239917755127,0.916673004627228,5.47275352478027,0
2018-01-30,26.060230255127,0.104263439774513,4.47521209716797,0
2018-01-31,27.3345603942871,0.0939957052469254,3.8241457939148,0
2018-02-01,27.2153911590576,1.08540463447571,4.61625003814697,0
2018-02-02,27.548095703125,0.717626333236694,5.22016382217407,0
2018-02-03,25.7003021240234,1.77995765209198,2.63840460777283,0
2018-02-04,24.427906036377,20.1317310333252,2.00451111793518,0
2018-02-05,25.3774013519287,5.84001541137695,3.20300197601318,0
2018-02-06,26.1499328613281,2.58031940460205,3.40654349327087,0
2018-02-07,25.9769477844238,5.23915100097656,2.59588313102722,0
2018-02-08,25.7168083190918,13.7094488143921,2.79064464569092,0
2018-02-09,26.210485458374,5.52982950210571,3.88269591331482,0
2018-02-10,25.4075736999512,2.98560929298401,3.54926705360413,0
2018-02-11,25.0221061706543,1.61124014854431,4.85161685943604,0
2018-02-12,25.0271892547607,0.467901021242142,3.81177806854248,0
2018-02-13,25.5739631652832,1.19806683063507,4.03064870834351,0
2018-02-14,25.008228302002,1.8029932975769,4.09005689620972,0
2018-02-15,24.9478626251221,2.93737316131592,3.68528985977173,0
2018-02-16,25.254056930542,3.73445963859558,3.62617468833923,0
2018-02-17,24.9284229278564,1.85717582702637,3.68494844436646,0
2018-02-18,25.3092041015625,2.18112874031067,3.78420805931091,0
2018-02-19,25.812858581543,1.56221997737885,3.89885592460632,0
2018-02-20,26.2109661102295,0.819687128067017,4.00214242935181,0
2018-02-21,25.4088706970215,0.692471206188202,3.53905820846558,0
2018-02-22,27.1777229309082,0.756870925426483,4.65262413024902,0
2018-02-23,28.1031055450439,0.840039134025574,4.42139339447022,0
2018-02-24,26.954309463501,2.32467246055603,4.02347946166992,0
2018-02-25,26.1862964630127,3.84901356697083,2.08009934425354,0
2018-02-26,24.8996257781982,3.93158888816834,4.06874942779541,0
2018-02-27,25.8438663482666,1.94559597969055,4.06643152236939,0
2018-02-28,26.2335472106934,1.33077549934387,4.18813991546631,0
2018-03-01,26.7332668304443,0.432418704032898,5.15453958511353,0
2018-03-02,26.2751235961914,0.446056842803955,4.88063049316406,0
2018-03-03,27.1113910675049,0.188720345497131,4.91784191131592,0
2018-03-04,27.2740345001221,0.0396906286478043,4.02584362030029,0
2018-03-05,28.1734313964844,0.0929426997900009,5.04389190673828,0
2018-03-06,28.9457759857178,0.142465800046921,4.47133302688599,0
2018-03-07,28.2440395355225,2.14366674423218,3.02726817131043,0
2018-03-08,27.7645683288574,6.86405467987061,3.93141961097717,0
2018-03-09,28.0227928161621,8.2172327041626,3.65486216545105,0
2018-03-10,27.7671165466309,2.79279470443726,4.23340272903442,0
2018-03-11,26.7005271911621,6.69611787796021,2.83595991134644,
2018-03-12,27.2263374328613,11.4097537994385,2.33586978912354,
2018-03-13,27.0015239715576,22.4807281494141,3.03143310546875,0.439454
2018-03-14,27.3767204284668,15.4627065658569,3.87846875190735,0.286176
2018-03-15,26.6153812408447,2.0121283531189,3.58897495269775,0.649055
2018-03-16,25.9038982391357,3.53044176101685,3.36323189735413,0.452285
2018-03-17,26.3304843902588,3.43640327453613,3.51203656196594,0.213171
2018-03-18,25.5514793395996,2.96203017234802,3.9148120880127,0.270921
2018-03-19,25.8422622680664,1.35651218891144,3.86702132225037,0.199583
2018-03-20,25.7774810791016,1.01147377490997,3.92339682579041,0.114353
2018-03-21,26.4797973632813,1.07025980949402,3.86093640327454,0.048533
2018-03-22,26.1628799438477,0.735406935214996,2.88234090805054,0.032153
2018-03-23,25.0120449066162,2.36059165000916,2.96953511238098,0.019993
2018-03-24,23.9565715789795,10.2369680404663,2.35490036010742,0.012896
2018-03-25,24.9188060760498,7.09826374053955,3.87455248832703,0.056603
2018-03-26,24.806453704834,1.51623165607452,3.73179459571838,0.286176
2018-03-27,24.7480316162109,3.19210028648376,3.68625020980835,0.317615
2018-03-28,24.1068592071533,1.82967841625214,2.12931060791016,0.186319
2018-03-29,24.2326602935791,5.32838916778565,2.92266964912415,0.452285
2018-03-30,24.8155040740967,4.07559871673584,3.68061637878418,0.876767
2018-03-31,24.9683589935303,2.28601145744324,3.68916392326355,0.734891
2018-04-01,25.4928245544434,0.958909809589386,3.76394176483154,0.505297
2018-04-02,25.4161148071289,1.18030834197998,3.68195652961731,0.286176
2018-04-03,25.8371829986572,1.41832280158997,4.01925754547119,0.192897
2018-04-04,26.4101486206055,0.258468359708786,4.09139204025269,0.103686
2018-04-05,25.8796520233154,0.477175265550613,3.28071284294128,0.044162
2018-04-06,25.7548656463623,0.646659255027771,3.58045887947083,0.030098
2018-04-07,25.3532867431641,0.665980398654938,3.58566212654114,0.024623
2018-04-08,25.0543537139893,0.737605214118958,3.64416718482971,0.022979
2018-04-09,24.6005973815918,1.45627772808075,2.81492757797241,0.021443
2018-04-10,24.5077266693115,6.8633337020874,3.50534224510193,0.241386
2018-04-11,22.7402648925781,7.01867914199829,2.35891890525818,0.505297
2018-04-12,24.0279121398926,15.939227104187,2.34128999710083,0.604266
2018-04-13,24.8802947998047,8.84383773803711,3.12621974945068,0.301733
2018-04-14,24.8579788208008,4.04690504074097,2.30880808830261,0.241386
2018-04-15,25.0430393218994,4.2528247833252,3.05444288253784,0.894185
2018-04-16,23.9021873474121,1.96532237529755,3.24405717849731,0.633974
2018-04-17,24.0948619842529,3.31882214546204,2.51571369171143,0.532755
2018-04-18,23.5818195343018,4.14720010757446,1.72825264930725,0.401524
2018-04-19,23.7760372161865,0.609559535980225,2.25213623046875,0.301733
2018-04-20,23.4206104278564,1.56477856636047,1.26240503787994,0.199583
2018-04-21,23.5947647094727,1.05649852752686,3.15842986106873,0.114353
2018-04-22,23.2530498504639,0.646547555923462,2.72022485733032,0.103686
2018-04-23,23.7146339416504,0.95121842622757,1.82599198818207,0.103686
2018-04-24,24.3421382904053,1.59259784221649,2.82462763786316,0.103686
2018-04-25,24.1666393280029,2.15618133544922,2.31054520606995,0.103686
2018-04-26,24.5843772888184,4.14140319824219,2.54240322113037,0.160874
2018-04-27,24.5317230224609,3.24439525604248,3.2182514667511,0.227127
2018-04-28,24.4085540771484,3.55068373680115,2.57620429992676,0.301733
2018-04-29,24.0062217712402,3.21140813827515,2.91721296310425,0.401524
2018-04-30,23.7349891662598,2.0415186882019,2.84409928321838,0.478467
2018-05-01,24.4090251922607,0.569589734077454,2.45298862457275,0.726885
2018-05-02,25.0390014648438,1.54972457885742,3.00071287155151,0.894185
2018-05-03,24.3493404388428,2.63766407966614,2.15271520614624,0.560883
2018-05-04,24.1598434448242,2.806804895401,2.58800387382507,
2018-05-05,24.5136756896973,3.9360728263855,2.76131582260132,
2018-05-06,23.7879161834717,2.33004283905029,2.85099768638611,
2018-05-07,23.8596992492676,0.67559677362442,2.93034434318543,
2018-05-08,23.5771903991699,1.1585088968277,2.93406200408936,
2018-05-09,23.158576965332,0.606952965259552,2.91252636909485,
2018-05-10,23.0741367340088,1.54610729217529,2.33369374275208,
2018-05-11,23.220724105835,2.04388809204102,2.43863391876221,0.083563
2018-05-12,24.525598526001,0.589016973972321,3.18809509277344,0.12541
2018-05-13,25.5072383880615,1.04251277446747,3.03641366958618,0.160874
2018-05-14,24.2718410491943,1.43975639343262,2.40035176277161,0.136856
2018-05-15,23.7514915466309,3.50170922279358,2.122398853302,0.119828
2018-05-16,23.7420883178711,3.14046740531921,2.61308121681213,0.103686
2018-05-17,24.4849758148193,1.5788516998291,2.27797746658325,0.103686
2018-05-18,24.2081260681152,1.03688156604767,2.67829370498657,0.103686
2018-05-19,24.7269744873047,0.976192474365234,3.06727480888367,0.103686
2018-05-20,25.358549118042,0.150778785347939,3.73314189910889,0.083563
2018-05-21,24.9293746948242,0.68142306804657,2.63427376747131,0.083563
2018-05-22,24.1806831359863,2.0630030632019,2.02812957763672,0.083563
2018-05-23,24.1884136199951,8.52898120880127,1.60092735290527,0.136856
2018-05-24,23.3816204071045,15.0754079818726,1.98436379432678,0.589639
2018-05-25,22.5225372314453,11.705714225769,2.19718384742737,1.666097
2018-05-26,21.5873737335205,0.99557226896286,1.98576200008392,1.294627
2018-05-27,22.0289669036865,6.91855382919312,1.50711107254028,1.076674
2018-05-28,22.6274166107178,3.11466908454895,2.41023135185242,0.791949
2018-05-29,22.6681613922119,2.9789981842041,2.36707210540772,0.711003
2018-05-30,22.0915470123291,0.798599660396576,2.35580396652222,1.253668
2018-05-31,21.8993606567383,0.939498007297516,2.0235071182251,0.825421
2018-06-01,21.9876480102539,1.43693554401398,2.08003640174866,1.208857
2018-06-02,22.3037815093994,4.70068502426148,0.360674202442169,1.091388
2018-06-03,23.7944049835205,5.09482669830322,1.56022107601166,0.956154
2018-06-04,23.2663478851318,1.83428204059601,2.05851531028748,1.170213
2018-06-05,21.7953853607178,1.90213000774384,1.37497425079346,0.840048
2018-06-06,22.5313262939453,2.07233166694641,1.95570170879364,0.79686
2018-06-07,22.6719455718994,0.201171144843102,2.77534699440002,0.679694
2018-06-08,24.1445827484131,0.127295941114426,2.71655249595642,0.607382
2018-06-09,24.1216297149658,1.02577745914459,2.36055326461792,0.56058
2018-06-10,23.7647705078125,3.17466425895691,1.88622236251831,0.545218
2018-06-11,23.4501838684082,3.04367971420288,2.07464122772217,0.485109
2018-06-12,23.4262619018555,2.76852178573608,2.36079168319702,0.470418
2018-06-13,22.845100402832,1.80759561061859,2.15936136245728,0.470418
2018-06-14,22.9951763153076,1.23835790157318,2.09155249595642,0.470418
2018-06-15,22.4676837921143,0.334834516048431,2.43940901756287,0.470418
2018-06-16,21.7269706726074,1.80873620510101,2.04630398750305,0.470418
2018-06-17,21.4152565002441,2.51623606681824,2.26432275772095,0.470418
2018-06-18,22.3045177459717,1.96001601219177,2.32553863525391,0.470418
2018-06-19,21.6099090576172,5.34747648239136,1.84133756160736,0.499953
2018-06-20,21.2266063690186,15.3475122451782,1.18851315975189,1.170213
2018-06-21,21.8556823730469,8.48995208740234,2.10895109176636,5.582435
2018-06-22,22.2427177429199,3.752117395401,2.1999523639679,
2018-06-23,22.8096160888672,1.12575459480286,1.74715983867645,
2018-06-24,22.5309391021729,2.88668298721314,2.00561571121216,
2018-06-25,22.4979648590088,2.20328044891357,2.08599257469177,
2018-06-26,21.6286582946777,1.82169628143311,2.2704439163208,
2018-06-27,21.4794025421143,1.82577240467072,2.35421276092529,
2018-06-28,21.8493938446045,1.99411904811859,2.05498957633972,
2018-06-29,21.2963619232178,2.76709890365601,1.54593753814697,
2018-06-30,21.4757118225098,4.26533603668213,2.0428307056427,
2018-07-01,22.3502388000488,2.04092907905579,1.82763028144836,
2018-07-02,22.6944274902344,4.33956813812256,2.24278211593628,
2018-07-03,22.4089164733887,0.968780696392059,2.08175659179688,
2018-07-04,22.2029590606689,0.6072216629982,2.478670835495,
2018-07-05,21.6953067779541,2.06877613067627,2.2053656578064,
2018-07-06,21.6887340545654,1.11845934391022,2.18594145774841,
2018-07-07,21.4386463165283,0.965030133724213,2.1458568572998,
2018-07-08,22.6672668457031,1.37176215648651,1.53996050357819,
2018-07-09,23.106372833252,0.603870391845703,2.2343270778656,0.499953
2018-07-10,21.5486755371094,0.772820591926575,3.03229093551636,0.499953
2018-07-11,22.0382518768311,0.0529376789927483,2.50160694122314,0.499953
2018-07-12,21.6739959716797,0.636671662330627,2.20986008644104,0.499953
2018-07-13,22.3611698150635,3.1059193611145,1.91910147666931,0.499953
2018-07-14,22.218147277832,0.909630417823792,2.18780755996704,0.499953
2018-07-15,22.4694175720215,0.483267158269882,2.55622601509094,0.499953
2018-07-16,21.9288005828857,0.611307203769684,2.58156633377075,0.470418
2018-07-17,22.669900894165,3.25095725059509,2.26935791969299,0.470418
2018-07-18,21.0620803833008,1.28049993515015,2.29341673851013,0.470418
2018-07-19,21.9107398986816,2.05804514884949,2.81048107147217,0.470418
2018-07-20,22.5720691680908,4.1476993560791,2.8288836479187,0.485109
2018-07-21,21.4239444732666,2.63383221626282,2.07522344589233,0.530007
2018-07-22,20.3881301879883,1.83203017711639,2.52599859237671,0.530007
2018-07-23,21.4365558624268,0.839630901813507,2.44855403900147,0.514904
2018-07-24,21.348180770874,3.31887364387512,2.46299910545349,0.499953
2018-07-25,21.0205612182617,5.32053756713867,2.30851769447327,0.499953
2018-07-26,21.3213577270508,1.39132082462311,2.61193251609802,0.499953
2018-07-27,21.0755844116211,0.537333071231842,2.26376342773438,0.470418
2018-07-28,21.1244487762451,0.928578555583954,2.46624803543091,0.470418
2018-07-29,20.7809505462647,0.800014436244965,2.31187057495117,0.470418
2018-07-30,21.0062389373779,1.15595507621765,2.24537563323975,0.470418
2018-07-31,22.3027591705322,1.73135340213776,2.4888927936554,0.470418
2018-08-01,22.4691047668457,1.47622430324554,2.5704779624939,0.470418
2018-08-02,22.5597095489502,0.1850805580616,3.27522444725037,0.470418
2018-08-03,21.4844856262207,1.10276615619659,2.28151273727417,0.477753
2018-08-04,22.2339038848877,0.75481528043747,2.78819870948792,0.499953
2018-08-05,23.9292869567871,0.0520627275109291,2.65948438644409,0.499953
2018-08-06,23.7618675231934,0.287421375513077,2.97179555892944,0.470418
2018-08-07,23.7641277313232,0.62923938035965,2.56729745864868,0.470418
2018-08-08,23.7144527435303,0.726303339004517,2.90559077262878,0.470418
2018-08-09,23.6802406311035,0.452943176031113,2.85944867134094,0.441445
2018-08-10,23.7358379364014,0.169832572340965,3.56797122955322,0.441445
2018-08-11,25.0419788360596,0.0397047400474548,3.33751726150513,0.427186
2018-08-12,24.9369029998779,0.0426750220358372,3.7622241973877,0.413035
2018-08-13,23.4015426635742,1.63855803012848,1.92234790325165,0.38521
2018-08-14,23.7281894683838,2.54917216300964,2.34390950202942,0.318242
2018-08-15,23.9145221710205,0.62052059173584,2.8240807056427,0.279966
2018-08-16,23.5662136077881,1.31330454349518,2.88557767868042,0.279966
2018-08-17,22.7609710693359,8.36462306976318,1.78467655181885,0.279966
2018-08-18,22.0529670715332,1.34142541885376,2.84576559066772,0.279966
2018-08-19,21.9739398956299,1.23812603950501,2.54065155982971,0.279966
2018-08-20,21.470006942749,1.48886013031006,2.20081949234009,0.279966
2018-08-21,21.9348888397217,2.63184285163879,1.76072287559509,0.255299
2018-08-22,22.5431613922119,3.47783207893372,2.83485627174377,0.255299
2018-08-23,22.7045459747314,3.33816742897034,2.84074640274048,0.255299
2018-08-24,22.290132522583,1.61948823928833,3.01246523857117,0.255299
2018-08-25,23.2676162719727,0.260724633932114,3.70314598083496,0.255299
2018-08-26,23.1650905609131,0.564806461334229,3.13483548164368,0.255299
2018-08-27,22.050256729126,0.44356232881546,3.50808954238892,0.255299
2018-08-28,22.3339996337891,1.52654826641083,2.98618531227112,0.231303
2018-08-29,22.693904876709,1.64548945426941,3.66542792320251,0.231303
2018-08-30,22.9096736907959,1.6940051317215,3.28556442260742,0.231303
2018-08-31,21.8599224090576,3.42621421813965,2.68814539909363,0.243204
2018-09-01,21.9159698486328,2.76927614212036,2.36948156356812,0.243204
2018-09-02,22.6808223724365,1.00965487957001,3.85474467277527,0.231303
2018-09-03,22.9790840148926,0.0558612942695618,4.06532573699951,0.231303
2018-09-04,24.2506446838379,0.584189832210541,3.5664587020874,0.208043
2018-09-05,24.5074424743652,0.92275607585907,2.48750472068787,0.208043
2018-09-06,22.5658473968506,1.690789103508,1.35309088230133,0.208043
2018-09-07,22.4700984954834,6.38539171218872,2.75486826896668,0.18554
2018-09-08,21.4850254058838,1.55321145057678,3.87243509292603,0.169182
2018-09-09,21.3446254730225,0.83279025554657,2.6628201007843,0.142958
2018-09-10,21.8812637329102,1.64642977714539,2.74388861656189,0.142958
2018-09-11,23.0985679626465,0.785312712192535,3.40969729423523,0
2018-09-12,22.7802696228027,0.425450474023819,3.22768354415894,0
2018-09-13,21.9530582427979,1.79589104652405,2.80207896232605,0
2018-09-14,21.9012107849121,4.27689218521118,2.74333047866821,0
2018-09-15,22.5640506744385,0.836024165153503,3.37008118629456,0
2018-09-16,24.6492462158203,0.180907770991325,3.73674511909485,0
2018-09-17,25.7137470245361,0.664043545722961,3.9810938835144,0
2018-09-18,25.8950138092041,0.343653410673142,4.31076669692993,0
2018-09-19,25.3924713134766,0.628553628921509,3.82635903358459,0
2018-09-20,24.4691143035889,0.562110245227814,3.23388361930847,0
2018-09-21,24.6894664764404,0.335190564393997,3.68473601341248,0
2018-09-22,25.1782150268555,0.407305508852005,3.75431489944458,0
2018-09-23,24.6764583587647,0.349264919757843,3.68071556091309,0
2018-09-24,25.5987224578857,0.636553645133972,3.93420696258545,0
2018-09-25,25.5561180114746,1.64952886104584,4.55830192565918,0
2018-09-26,24.6238384246826,0.687610149383545,3.50664949417114,0
2018-09-27,25.2556228637695,0.500742673873901,4.57641839981079,0
2018-09-28,25.3814792633057,0.266841143369675,4.29834794998169,0
2018-09-29,25.6153068542481,0.0661711767315865,4.6145920753479,0
2018-09-30,25.4730854034424,0.187297478318214,4.24056243896484,0
2018-10-01,25.7273178100586,0.33108577132225,3.92910981178284,0
2018-10-02,24.9891490936279,0.634482502937317,3.57994294166565,0
2018-10-03,25.2830352783203,0.212501659989357,3.82722306251526,0
2018-10-04,26.0533313751221,1.2044620513916,4.09981155395508,0
2018-10-05,25.2326259613037,0.921050012111664,3.27929067611694,0
2018-10-06,24.8781127929688,0.267456442117691,4.52007865905762,0
2018-10-07,24.7392330169678,0.190721392631531,4.56879615783691,0
2018-10-08,24.5030574798584,0.0114366486668587,3.81019473075867,0
2018-10-09,25.9089317321777,0.857674241065979,4.72660255432129,0
2018-10-10,25.7156105041504,0.510481357574463,5.34314346313477,0
2018-10-11,25.3228855133057,0.0904692336916924,5.33393239974976,0
2018-10-12,24.8030757904053,0.89933705329895,3.99689483642578,0
2018-10-13,25.5998477935791,2.15728044509888,3.92874908447266,0
2018-10-14,26.7338352203369,0.116856783628464,4.78500413894653,0
2018-10-15,26.516996383667,0.579497873783112,3.4265775680542,0
2018-10-16,26.43528175354,0.34346929192543,3.9548180103302,0
2018-10-17,26.2272281646729,1.10693001747131,3.66890454292297,0
2018-10-18,26.621187210083,0.069942831993103,4.39506912231445,0
2018-10-19,27.3437404632568,0.110728055238724,5.1380729675293,0
2018-10-20,26.3326988220215,3.48558688163757,3.59706735610962,0
2018-10-21,21.4215469360352,13.4971580505371,1.96537983417511,0
2018-10-22,20.4289455413818,11.5397729873657,1.01612460613251,0
2018-10-23,22.7916870117188,0.88314288854599,2.29235315322876,0
2018-10-24,24.3849048614502,0.413162112236023,3.94678354263306,0
2018-10-25,26.1298332214356,1.83855617046356,3.80642914772034,0
2018-10-26,27.15673828125,0.462877243757248,5.27463531494141,0
2018-10-27,27.4980182647705,0.811826527118683,4.59735155105591,0
2018-10-28,26.584415435791,3.92464709281921,3.27871918678284,0
2018-10-29,24.4497184753418,6.44436359405518,2.03207302093506,0
2018-10-30,23.6076698303223,8.417555809021,1.39273476600647,0
2018-10-31,25.1875114440918,3.29153513908386,2.97797346115112,0
2018-11-01,25.8683624267578,1.81292641162872,4.14002895355225,0
2018-11-02,25.3787021636963,0.654589056968689,3.94972276687622,0
2018-11-03,24.81982421875,1.16560018062592,3.82106590270996,0
2018-11-04,26.4290046691895,0.323633402585983,4.80016708374023,0
2018-11-05,25.5990600585938,1.44262397289276,3.2331235408783,0
2018-11-06,24.2339153289795,5.4793701171875,3.08493900299072,0
2018-11-07,25.0164184570313,6.81078433990479,3.68346619606018,0
2018-11-08,23.7863216400147,6.14926958084106,2.60719275474548,0
2018-11-09,23.687328338623,12.9445400238037,1.75465047359467,0
2018-11-10,24.2302150726318,2.06602549552917,2.5200879573822,0
2018-11-11,23.1644172668457,13.2585783004761,1.1617259979248,0
2018-11-12,24.314826965332,14.0362911224365,1.90132999420166,0
2018-11-13,25.1108818054199,13.5484504699707,3.47629237174988,0
2018-11-14,25.2282257080078,6.96639776229858,3.867018699646,0
2018-11-15,25.3837757110596,2.91909837722778,3.9071683883667,0
2018-11-16,25.7361469268799,0.887974381446838,4.00818157196045,0
2018-11-17,25.2482204437256,3.27628254890442,3.91335034370422,0
2018-11-18,25.9265460968018,3.73096990585327,4.53392887115479,0
2018-11-19,25.1505260467529,1.91028833389282,3.81791210174561,0
2018-11-20,25.829833984375,1.13479673862457,4.6449670791626,0
2018-11-21,24.7139396667481,2.31616926193237,3.80096220970154,0
2018-11-22,25.0691604614258,2.97651720046997,4.08737087249756,0
2018-11-23,25.4117317199707,2.53454089164734,4.04943704605103,0
2018-11-24,25.6647758483887,1.06105506420136,4.23724985122681,0
2018-11-25,24.6487312316895,1.91381061077118,2.94829249382019,0
2018-11-26,23.4522933959961,5.33236122131348,1.75670790672302,0
2018-11-27,23.5578575134277,12.9780769348145,2.52483201026917,0
2018-11-28,24.2775573730469,10.5665168762207,4.32347679138184,0
2018-11-29,23.9463920593262,5.5179123878479,3.18724727630615,0
2018-11-30,25.2868709564209,3.01587510108948,3.89341235160828,0
2018-12-01,26.0473499298096,0.770527303218842,4.25571393966675,
2018-12-02,25.9165058135986,12.9976682662964,1.9384593963623,
2018-12-03,25.5898361206055,9.6338529586792,2.58809590339661,
2018-12-04,25.3923091888428,37.1048240661621,1.07777309417725,17.463502
2018-12-05,25.1700744628906,21.5314235687256,2.72119402885437,8.979499
2018-12-06,25.8833484649658,15.1696929931641,2.77415013313293,4.102441
2018-12-07,26.2315311431885,9.62217426300049,4.04231643676758,2.341161
2018-12-08,26.5985412597656,7.87607955932617,4.45600032806397,1.815373
2018-12-09,23.0312728881836,22.1878757476807,2.2326831817627,1.592509
2018-12-10,23.7516078948975,8.27839279174805,2.62879419326782,7.31775
2018-12-11,24.6670799255371,5.99962329864502,2.93517112731934,7.118687
2018-12-12,25.2377986907959,1.94373095035553,3.94963002204895,3.516069
2018-12-13,24.9815673828125,3.53233957290649,3.98016333580017,1.726227
2018-12-14,25.0936489105225,1.34942865371704,3.70399498939514,0.94685
2018-12-15,25.0626659393311,2.4884045124054,4.09920215606689,1.019422
2018-12-16,25.0853977203369,4.53793907165527,3.53630590438843,0.788313
2018-12-17,24.4467391967773,2.53427290916443,3.8971643447876,0.623242
2018-12-18,24.894847869873,1.07838261127472,3.91495561599731,0.514904
2018-12-19,26.3600997924805,1.0498982667923,4.31732606887817,0.485109
2018-12-20,24.9320812225342,0.079641580581665,4.84398317337036,0.470418
2018-12-21,25.6060886383057,0.0143084703013301,5.14566230773926,0.470418
2018-12-22,25.3069858551025,0.0254461579024792,4.50080490112305,0.455877
2018-12-23,25.8257255554199,0.342194139957428,4.77813959121704,0.413035
2018-12-24,26.0895881652832,0.306006282567978,4.59866666793823,0.413035
2018-12-25,26.293924331665,0.617087960243225,4.0283784866333,0.38521
2018-12-26,26.1625289916992,0.461796581745148,4.34451293945313,0.38521
2018-12-27,25.6436500549316,0.284882754087448,4.32509756088257,0.38521
2018-12-28,25.3555946350098,0.183868616819382,3.38024520874023,0.38521
2018-12-29,26.1541919708252,0.334203213453293,3.99873423576355,0.357968
2018-12-30,25.8953514099121,0.438508033752441,3.81148338317871,0.357968
2018-12-31,26.3078117370605,0.191643878817558,5.13985824584961,0.357968
2019-01-01,27.2804164886475,0.551809847354889,4.38153553009033,
2019-01-02,26.2853813171387,1.35109674930573,4.16893529891968,
2019-01-03,26.0953559875488,0.702015697956085,4.97631883621216,
2019-01-04,26.6296844482422,0.0403463430702686,5.32901620864868,
2019-01-05,27.093879699707,0.225413680076599,4.8130350112915,
2019-01-06,26.7408981323242,0.576568305492401,4.66794681549072,
2019-01-07,26.0991649627686,0.319607108831406,4.57138109207153,
2019-01-08,25.8047542572022,1.57421636581421,4.55266284942627,
2019-01-09,25.3339767456055,1.11505591869354,4.18066692352295,
2019-01-10,25.9180297851563,1.78126418590546,4.20424699783325,
2019-01-11,25.8346481323242,2.57584738731384,4.11537742614746,
2019-01-12,26.0304317474365,2.06089067459106,4.10501861572266,
2019-01-13,25.6058235168457,1.31507539749146,4.07483530044556,
2019-01-14,25.8074455261231,2.91595554351807,4.13232946395874,
2019-01-15,26.4566459655762,4.01680994033814,4.16974449157715,
2019-01-16,26.5020713806152,2.61827874183655,4.07204675674439,
2019-01-17,26.0331916809082,1.10441482067108,4.10666418075562,
2019-01-18,25.8288040161133,0.225311815738678,4.27824687957764,
2019-01-19,26.6911506652832,0.600469410419464,4.54318618774414,
2019-01-20,26.4677753448486,0.781302750110626,4.1947922706604,
2019-01-21,27.0895919799805,0.462963968515396,4.8824520111084,
2019-01-22,26.672737121582,0.768019556999207,4.5642671585083,
2019-01-23,26.3957481384277,0.868547201156616,4.25696086883545,
2019-01-24,26.7748146057129,2.41478800773621,4.5930962562561,
2019-01-25,27.3604946136475,2.02275657653809,4.79787111282349,
2019-01-26,26.4835147857666,1.60513019561768,4.4025297164917,
2019-01-27,26.7564430236816,2.19456839561462,4.5420732498169,
2019-01-28,27.4665031433106,1.68154323101044,4.26707887649536,
2019-01-29,27.110818862915,1.91857373714447,4.97186422348023,
2019-01-30,26.4791584014893,2.16670966148376,4.5997838973999,
2019-01-31,26.6921100616455,0.776282727718353,4.27701950073242,
2019-02-01,26.9243030548096,1.36707162857056,4.08329772949219,
2019-02-02,27.0823917388916,0.903050124645233,4.24828863143921,
2019-02-03,28.4750423431397,0.845463216304779,5.0898060798645,
2019-02-04,28.8119144439697,0.415351241827011,4.93209600448608,
2019-02-05,28.4362373352051,0.793567836284638,4.60062026977539,
2019-02-06,27.3443145751953,1.43974757194519,4.38066387176514,
2019-02-07,27.8595523834229,0.788553535938263,5.05484914779663,
2019-02-08,27.5614013671875,0.151251718401909,4.25633907318115,
2019-02-09,27.1707439422607,0.169832289218903,4.05850315093994,
2019-02-10,28.2423267364502,0.427701711654663,5.10981035232544,
2019-02-11,28.3247604370117,0.553012132644653,5.56134462356567,
2019-02-12,28.1754760742188,0.209743872284889,5.41234683990479,
2019-02-13,28.3052158355713,0.0150193469598889,5.48619508743286,
2019-02-14,28.2801456451416,0.563009142875671,4.73688220977783,
2019-02-15,28.619686126709,2.30780529975891,4.5404806137085,
2019-02-16,29.4490699768066,1.60069096088409,5.46593618392944,
2019-02-17,29.1887264251709,7.10696029663086,4.47075843811035,
2019-02-18,28.9275054931641,9.4522590637207,4.59159851074219,
2019-02-19,28.9437656402588,1.54876303672791,4.72177886962891,
2019-02-20,29.3921070098877,0.542926728725433,5.56313514709473,
2019-02-21,28.6740856170654,0.305195450782776,5.33397769927979,
2019-02-22,27.267183303833,1.33794820308685,3.4935941696167,
2019-02-23,28.6554298400879,2.32207918167114,4.65783214569092,
2019-02-24,29.4921112060547,0.593725860118866,4.82530498504639,
2019-02-25,28.678466796875,0.205847024917603,5.31252098083496,
2019-02-26,28.9217891693115,0.249952509999275,5.35222005844116,
2019-02-27,29.1885566711426,0.761898815631867,4.79799795150757,
2019-02-28,28.9208908081055,0.44131138920784,5.00236415863037,
2019-03-01,28.191650390625,0.49313896894455,4.58971786499023,
2019-03-02,28.3226165771484,0.858918786048889,4.81588363647461,
2019-03-03,28.3343009948731,1.05926084518433,4.55955696105957,
2019-03-04,27.7454357147217,1.77809250354767,4.67369794845581,
2019-03-05,27.8598022460938,2.29626202583313,4.11542081832886,
2019-03-06,27.5635433197022,4.06929922103882,4.64154529571533,
2019-03-07,27.4712982177734,2.1482892036438,4.43332576751709,
2019-03-08,27.2383041381836,1.28965365886688,4.25671529769897,
2019-03-09,27.8634223937988,0.94745934009552,4.71994638442993,
2019-03-10,28.8451519012451,0.748413920402527,5.44989013671875,
2019-03-11,28.0321979522705,0.0540027543902397,4.73204660415649,
2019-03-12,27.6335220336914,0.208893358707428,4.47388076782227,
2019-03-13,28.166051864624,0.63900899887085,4.20260620117188,
2019-03-14,28.7442417144775,0.449282467365265,5.22608089447022,
2019-03-15,29.2311325073242,0.268582403659821,4.97676658630371,
2019-03-16,28.1938743591309,0.204565346240997,5.36048793792725,
2019-03-17,28.3225612640381,0.134140610694885,4.87086534500122,
2019-03-18,28.7563762664795,0.142019554972649,5.1052393913269,
2019-03-19,30.1264667510986,0.00178624351974577,5.46467781066895,
2019-03-20,29.436071395874,1.30053150653839,4.13192844390869,
2019-03-21,25.6470890045166,30.0651512145996,0.450032711029053,
2019-03-22,25.5805969238281,20.2727165222168,1.77129912376404,
2019-03-23,25.9211311340332,8.14009189605713,2.19854187965393,
2019-03-24,24.5873432159424,6.7837028503418,1.34401559829712,
2019-03-25,25.2355556488037,32.5763549804688,2.45445203781128,
2019-03-26,26.2435417175293,4.67992210388184,2.49508142471314,
2019-03-27,25.787166595459,8.11300563812256,2.63085675239563,
2019-03-28,26.1577301025391,4.28439044952393,3.64077186584473,
2019-03-29,26.1390132904053,1.93662047386169,3.7773163318634,
2019-03-30,25.6090621948242,1.31956839561462,3.32686281204224,
2019-03-31,25.6291751861572,1.72694981098175,3.29575967788696,
2019-04-01,25.3296089172363,2.0308632850647,3.31926012039185,
2019-04-02,24.9473342895508,1.76586449146271,3.33612298965454,
2019-04-03,25.506814956665,0.308779865503311,4.13697481155396,
2019-04-04,26.1675872802734,0.176693111658096,3.74579572677612,
2019-04-05,26.8932704925537,1.43430483341217,3.66018652915955,
2019-04-06,26.5312442779541,1.73042893409729,3.75983238220215,
2019-04-07,25.8599796295166,4.75641441345215,3.07924461364746,
2019-04-08,26.4854431152344,5.17031192779541,3.38432216644287,
2019-04-09,26.5475749969482,2.08319759368896,3.92748808860779,
2019-04-10,26.6972599029541,1.32955622673035,3.27886462211609,
2019-04-11,26.0234966278076,5.8224024772644,3.02018976211548,
2019-04-12,26.1293621063232,7.47136449813843,3.57590341567993,
2019-04-13,26.1728363037109,3.43353819847107,3.16838073730469,
2019-04-14,26.2665824890137,5.05266666412354,3.14364337921143,
2019-04-15,26.0547332763672,6.14445114135742,3.11481666564941,
2019-04-16,26.0478172302246,3.21919059753418,3.16042399406433,
2019-04-17,26.3569469451904,2.26514649391174,2.98575854301453,
2019-04-18,27.279275894165,0.263346135616303,4.2552056312561,
2019-04-19,27.3335876464844,0.451133996248245,3.78370475769043,
2019-04-20,26.2944717407227,1.05502843856812,3.14633917808533,
2019-04-21,26.6197071075439,1.479975938797,3.22645711898804,
2019-04-22,26.0582218170166,1.22540140151978,3.18379926681519,
2019-04-23,26.4151287078857,1.02362334728241,3.68011903762817,
2019-04-24,25.8694972991943,0.599406063556671,3.64730072021484,
2019-04-25,25.7456436157227,1.62022387981415,3.41068434715271,
2019-04-26,25.4758071899414,4.01245594024658,2.66039133071899,
2019-04-27,25.952657699585,4.85925436019898,3.40087628364563,
2019-04-28,26.0071830749512,0.375945776700974,3.39767479896545,
2019-04-29,26.6975574493408,0.0243641696870327,3.89131116867065,
2019-04-30,26.6930351257324,0.608686625957489,3.21474552154541,
2019-05-01,26.5233592987061,2.74747467041016,2.83582019805908,
2019-05-02,26.15869140625,1.32529175281525,2.92034339904785,
2019-05-03,26.1270751953125,2.76356506347656,2.6861846446991,
2019-05-04,25.7817611694336,5.60874748229981,2.49278831481934,
2019-05-05,25.1445941925049,8.11624813079834,2.08588361740112,
2019-05-06,25.4752616882324,7.82874727249146,2.83220410346985,
2019-05-07,25.5513744354248,0.811098992824554,3.34207201004028,
2019-05-08,25.8170585632324,0.414981424808502,2.80112075805664,
2019-05-09,25.0893249511719,1.92848718166351,2.68364810943604,
2019-05-10,23.946907043457,1.92148768901825,2.17004370689392,
2019-05-11,24.1186141967773,2.1149320602417,2.58633470535278,
2019-05-12,25.0016956329346,1.59294509887695,2.38573837280273,
2019-05-13,24.7957324981689,3.80055284500122,1.81196391582489,
2019-05-14,25.4235095977783,2.6186408996582,2.77311539649963,
2019-05-15,24.8005924224854,0.595719873905182,2.79742169380188,
2019-05-16,24.4919910430908,0.230560719966888,2.61185097694397,
2019-05-17,24.9734439849854,0.744481027126312,2.39216303825378,
2019-05-18,24.9381694793701,1.85535717010498,2.1444628238678,
2019-05-19,25.2543563842773,4.67755508422852,2.52071595191956,
2019-05-20,25.1279850006104,2.52640819549561,2.82465291023254,
2019-05-21,25.4283771514893,1.45818078517914,2.52075719833374,
2019-05-22,25.227991104126,1.12324202060699,2.29003119468689,
2019-05-23,25.5805435180664,1.32303929328918,2.8254873752594,
2019-05-24,25.7200202941895,0.354047447443008,3.25062489509583,
2019-05-25,25.897087097168,0.03995006904006,3.39107036590576,
2019-05-26,25.3165702819824,0.0669937059283257,3.13498592376709,
2019-05-27,24.8134136199951,1.66728270053864,2.92709183692932,
2019-05-28,24.7229499816895,1.29365837574005,2.68203568458557,
2019-05-29,25.307300567627,1.23786640167236,2.57234525680542,
2019-05-30,24.8822689056397,1.34137713909149,2.41944360733032,
2019-05-31,24.9591770172119,0.926836550235748,2.80094814300537,
2019-06-01,25.1653480529785,0.363840758800507,3.17320728302002,
2019-06-02,24.8590526580811,0.376913160085678,3.26667404174805,
2019-06-03,24.5320091247559,0.400733083486557,2.53589487075806,
2019-06-04,25.231616973877,0.172556683421135,3.11642789840698,
2019-06-05,21.7738800048828,4.67755699157715,1.2977888584137,
2019-06-06,22.8378410339356,1.18370425701141,2.4285159111023,
2019-06-07,22.3614807128906,0.452745318412781,2.64128375053406,
2019-06-08,22.2168941497803,1.05508077144623,1.61784982681274,
2019-06-09,23.810905456543,0.475534349679947,2.73002052307129,
2019-06-10,23.1824245452881,0.6672203540802,1.93943893909454,
2019-06-11,23.1547317504883,2.91419410705566,2.25692486763001,
2019-06-12,24.1618309020996,8.54074859619141,2.77877593040466,
2019-06-13,23.3548793792725,1.97456419467926,2.28875517845154,
2019-06-14,23.6607856750488,3.32959794998169,1.9230694770813,
2019-06-15,22.7423782348633,2.96986174583435,2.26689457893372,
2019-06-16,22.8294277191162,2.99408340454102,2.25235724449158,
2019-06-17,23.3320350646973,1.73059225082397,2.06635212898254,
2019-06-18,22.9016952514648,0.282020479440689,2.55542254447937,
2019-06-19,22.6737594604492,0.156509786844254,1.96345162391663,
2019-06-20,22.5577774047852,0.0648632720112801,3.0677433013916,
2019-06-21,21.9420833587647,1.26453626155853,1.7517169713974,
2019-06-22,22.9155616760254,1.50603425502777,2.36437344551086,
2019-06-23,23.3568954467773,2.23236203193665,2.31737565994263,
2019-06-24,23.383975982666,3.81948089599609,2.32819700241089,
2019-06-25,22.8029003143311,0.88619077205658,2.70241355895996,
2019-06-26,23.4238433837891,1.01713454723358,2.51016545295715,
2019-06-27,23.2915554046631,0.899472832679749,2.68615412712097,
2019-06-28,21.1146011352539,3.25132012367249,1.11874163150787,
2019-06-29,22.5859813690186,5.65215444564819,2.56478571891785,
2019-06-30,23.0350704193115,2.54591608047485,2.59922981262207,
2019-07-01,22.7226448059082,0.616887927055359,2.6821448802948,
2019-07-02,23.1403656005859,1.26351308822632,2.00460600852966,
2019-07-03,23.9101104736328,0.247419372200966,3.01163959503174,
2019-07-04,24.1319961547852,0.305088579654694,3.11368036270142,
2019-07-05,25.9502277374268,0.273843288421631,3.44747161865234,
2019-07-06,26.5564632415772,0.154250532388687,3.22354221343994,
2019-07-07,21.7170314788818,3.35360312461853,1.30747425556183,
2019-07-08,21.0934810638428,0.463966578245163,2.40584659576416,
2019-07-09,20.1590576171875,0.0465334430336952,2.88571715354919,
2019-07-10,19.9604396820068,0.0505042336881161,1.7670089006424,
2019-07-11,21.427131652832,0.754785060882568,1.58864867687225,
2019-07-12,21.5684642791748,0.237669169902802,2.25923871994019,
2019-07-13,21.8677558898926,0.106358490884304,2.84277844429016,
2019-07-14,22.6916217803955,0.380115538835526,2.73621940612793,
2019-07-15,22.7018356323242,1.44301426410675,3.1545205116272,
2019-07-16,22.7453632354736,0.429209291934967,3.31502437591553,
2019-07-17,21.6322555541992,0.174485594034195,3.03227519989014,
2019-07-18,21.1503429412842,0.170707643032074,2.77146601676941,
2019-07-19,19.5576992034912,0.534203767776489,1.96817541122437,
2019-07-20,18.794849395752,3.03856062889099,1.64266693592072,
2019-07-21,21.3147640228271,6.50296068191528,2.38733434677124,
2019-07-22,21.1867980957031,5.99464797973633,2.13224530220032,
2019-07-23,21.7161827087402,7.57189702987671,1.56169247627258,
2019-07-24,21.4265289306641,7.10918664932251,2.49572539329529,
2019-07-25,22.0127277374268,4.91549777984619,1.89062428474426,
2019-07-26,20.0759086608887,1.43313694000244,2.15054082870483,
2019-07-27,21.6769943237305,2.96982431411743,2.27466249465942,
2019-07-28,21.8291206359863,2.4322509765625,2.41215825080872,
2019-07-29,20.2990283966064,2.85928010940552,1.21109533309937,
2019-07-30,21.3505077362061,2.75490927696228,2.88758444786072,
2019-07-31,22.1571311950684,0.440978735685349,2.65870237350464,
2019-08-01,22.5520153045654,0.987989485263824,2.21763706207275,
2019-08-02,22.3941555023193,1.76295375823975,2.18208789825439,
2019-08-03,22.1219234466553,0.600599348545075,3.24025011062622,
2019-08-04,22.3039722442627,0.90782356262207,2.57912278175354,
2019-08-05,21.2534275054932,10.1897974014282,0.386710941791534,
2019-08-06,22.3662128448486,7.26114845275879,2.89319562911987,
2019-08-07,22.2897281646729,2.17401123046875,2.18997955322266,
2019-08-08,22.048791885376,4.9522385597229,1.59541320800781,
2019-08-09,22.0548877716064,5.49856090545654,1.4394474029541,
2019-08-10,22.6848983764648,4.88221216201782,2.1880099773407,
2019-08-11,23.1442623138428,1.05149269104004,2.91629862785339,
2019-08-12,22.646635055542,4.25892162322998,2.38090229034424,
2019-08-13,21.6096668243408,1.56272077560425,3.25267720222473,
2019-08-14,22.5251235961914,2.48117542266846,2.65846800804138,
2019-08-15,21.1478633880615,3.16761875152588,2.12115502357483,
2019-08-16,20.3598670959473,6.22861766815186,1.4716100692749,
2019-08-17,20.5400867462158,2.86717557907105,1.6696230173111,
2019-08-18,22.097282409668,3.95087242126465,2.45213508605957,
2019-08-19,22.3004493713379,1.94121563434601,2.74794459342957,
2019-08-20,22.3908596038818,0.493149191141129,2.50404477119446,
2019-08-21,23.0051002502441,2.41304206848145,3.05918407440186,
2019-08-22,22.9454441070557,1.31531667709351,2.59199976921082,
2019-08-23,22.8075675964356,2.72150778770447,3.21171116828918,
2019-08-24,23.1549110412598,1.9894767999649,2.86163973808289,
2019-08-25,21.9392604827881,1.29750871658325,3.02687430381775,
2019-08-26,22.1566276550293,3.19595241546631,2.70601463317871,
2019-08-27,21.6386852264404,1.9244532585144,2.64371538162231,
2019-08-28,21.1567783355713,0.970330238342285,2.70369863510132,
2019-08-29,20.8245506286621,0.186788529157639,3.22733998298645,
2019-08-30,21.6288108825684,0.260715693235397,2.85217595100403,
2019-08-31,22.5957221984863,0.51547110080719,3.61396980285645,
2019-09-01,22.8835906982422,0.147652924060822,2.83979415893555,
2019-09-02,24.1562614440918,0.46793919801712,3.18023109436035,
2019-09-03,23.9436187744141,0.471619188785553,3.3143298625946,
2019-09-04,23.0354423522949,0.76815140247345,2.49973440170288,
2019-09-05,23.6255741119385,0.47586852312088,3.34616351127625,
2019-09-06,23.9944133758545,1.00656712055206,3.31412935256958,
2019-09-07,22.204704284668,6.93250799179077,1.11864030361176,
2019-09-08,22.1477832794189,5.0840425491333,2.4870617389679,
2019-09-09,22.3568019866943,1.1190972328186,2.7008171081543,
2019-09-10,23.0548267364502,0.711443662643433,2.6124312877655,
2019-09-11,23.6341438293457,0.247692704200745,3.66204833984375,
2019-09-12,23.655689239502,0.402037143707275,3.46349263191223,
2019-09-13,24.4475727081299,0.248038157820702,3.63965320587158,
2019-09-14,24.2313480377197,1.19481801986694,3.50286531448364,
2019-09-15,23.4130382537842,4.02595567703247,3.10831952095032,
2019-09-16,23.4620094299316,1.43868243694305,3.45914578437805,
2019-09-17,22.0223045349121,0.288626313209534,3.32356929779053,
2019-09-18,24.4006938934326,1.49085462093353,3.1784451007843,
2019-09-19,24.732141494751,1.71233928203583,3.50718426704407,
2019-09-20,24.6243286132813,0.630154430866242,4.34339618682861,
2019-09-21,24.5821285247803,0.503574252128601,3.7456476688385,
2019-09-22,23.4514827728272,0.731253683567047,3.12797093391418,
2019-09-23,23.9704570770264,0.719846546649933,3.43524813652039,
2019-09-24,21.1007137298584,4.38868427276611,1.11009013652802,
2019-09-25,21.8130550384522,7.05833339691162,1.64155125617981,
2019-09-26,23.7142963409424,4.87834930419922,3.09012889862061,
2019-09-27,25.1254005432129,2.07680416107178,3.37459135055542,
2019-09-28,23.7675971984863,2.02887177467346,1.79360282421112,
2019-09-29,25.1561279296875,2.38167881965637,3.17744565010071,
2019-09-30,24.7908134460449,0.937446057796478,3.2418167591095,
2019-10-01,24.6097393035889,3.26177740097046,3.45425748825073,
2019-10-02,23.3677997589111,2.12805891036987,3.77252101898193,
2019-10-03,22.7820682525635,1.58941519260407,3.44949293136597,
2019-10-04,24.1875839233398,4.01613473892212,3.00539660453796,
2019-10-05,24.4581527709961,5.46623659133911,4.01527690887451,
2019-10-06,23.3420009613037,1.0612940788269,3.23321056365967,
2019-10-07,23.7545318603516,1.9106023311615,3.06714272499084,
2019-10-08,24.5537204742432,2.875079870224,3.6214611530304,
2019-10-09,24.5846061706543,2.70628595352173,3.75231242179871,
2019-10-10,24.9113101959229,1.71266853809357,4.02382040023804,
2019-10-11,25.1252841949463,0.838865339756012,3.67125344276428,
2019-10-12,24.6865787506104,0.685357868671417,3.9111819267273,
2019-10-13,24.2342758178711,1.55497431755066,3.61037158966064,
2019-10-14,24.6401462554932,0.481498688459396,4.23492574691772,
2019-10-15,25.0778388977051,0.991091310977936,3.84239196777344,
2019-10-16,25.5955009460449,1.34467053413391,4.28157663345337,
2019-10-17,23.819314956665,0.908801436424255,3.83596730232239,
2019-10-18,24.9846343994141,0.236631035804749,4.79179763793945,
2019-10-19,26.0319213867188,0.276104778051376,5.28831243515015,
2019-10-20,26.6665782928467,0.0484067797660828,5.22391939163208,
2019-10-21,27.1091175079346,0.190019071102142,4.15698528289795,
2019-10-22,27.3607997894287,1.47689509391785,3.84450078010559,
2019-10-23,26.356424331665,5.68365573883057,2.90214467048645,
2019-10-24,24.3674259185791,26.6597595214844,1.23225390911102,
2019-10-25,26.3840084075928,38.394214630127,4.58437538146973,
2019-10-26,25.754114151001,0.880999088287354,4.8916597366333,
2019-10-27,25.3519020080566,0.651802062988281,4.44286108016968,
2019-10-28,25.3658027648926,2.17920136451721,4.00633525848389,
2019-10-29,24.9487819671631,0.566860198974609,3.94424271583557,
2019-10-30,25.3540897369385,0.445132851600647,5.01883983612061,
2019-10-31,24.9766521453857,0.722387194633484,3.64606523513794,
2019-11-01,25.8990306854248,1.17499017715454,4.1257176399231,
2019-11-02,25.5264415740967,0.909012377262115,4.08153390884399,
2019-11-03,24.2770175933838,1.24850702285767,3.59304118156433,
2019-11-04,26.0894794464111,0.430922567844391,4.61881017684937,
2019-11-05,27.3380661010742,0.287662535905838,4.8058295249939,
2019-11-06,27.2071914672852,0.31074795126915,5.44551038742065,
2019-11-07,26.1445274353027,0.060759961605072,4.66213417053223,
2019-11-08,26.3543281555176,0.169307589530945,5.04006433486939,
2019-11-09,26.2802963256836,0.162637010216713,5.09990787506104,
2019-11-10,27.0026779174805,0.0327727049589157,5.25407695770264,
2019-11-11,27.0172004699707,0.319057285785675,4.85285663604736,
2019-11-12,25.8585224151611,0.599306881427765,4.14698648452759,
2019-11-13,25.9661636352539,0.939279854297638,4.62881374359131,
2019-11-14,25.9554634094238,1.04371738433838,4.40756320953369,
2019-11-15,26.836820602417,1.1641401052475,5.48976898193359,
2019-11-16,27.628511428833,0.195438832044601,4.36690473556519,
2019-11-17,26.2696475982666,0.769283592700958,3.5325756072998,
2019-11-18,27.0903778076172,0.0930067822337151,4.74964809417725,
2019-11-19,26.7784080505371,0.373896092176437,4.73779153823853,
2019-11-20,26.3179950714111,0.591288208961487,4.52045488357544,
2019-11-21,25.5276794433594,0.941747725009918,4.28463077545166,
2019-11-22,26.3399124145508,1.36975800991058,4.40592002868652,
2019-11-23,28.0625076293945,0.635988771915436,5.57531118392944,
2019-11-24,28.5536937713623,3.50063991546631,4.65915250778198,
2019-11-25,23.2540702819824,23.5279006958008,1.87031745910645,
2019-11-26,23.1668605804443,4.88295316696167,1.86411345005035,
2019-11-27,23.9967174530029,1.09504520893097,2.59203219413757,
2019-11-28,24.9209613800049,0.214973583817482,3.26335191726685,
2019-11-29,26.9960918426514,1.09904372692108,4.35844135284424,
2019-11-30,26.9401626586914,1.19203853607178,5.77251720428467,
2019-12-01,27.8568134307861,0.21445694565773,5.67268228530884,
2019-12-02,28.3749656677246,0.0838202461600304,5.50361394882202,
2019-12-03,25.8834609985352,2.13655757904053,3.27682662010193,
2019-12-04,27.0790901184082,0.991717875003815,3.66101098060608,
2019-12-05,27.3764991760254,0.809694826602936,5.66693639755249,
2019-12-06,27.643045425415,0.130730375647545,6.01273441314697,
2019-12-07,28.817834854126,0.433566302061081,5.47182130813599,
2019-12-08,25.8540287017822,2.59167885780334,2.23379850387573,
2019-12-09,26.7826900482178,4.82512855529785,5.15504360198975,
2019-12-10,27.2614135742188,0.862234115600586,5.15053129196167,
2019-12-11,27.2987537384033,0.714972257614136,5.01281261444092,
2019-12-12,27.0760879516602,0.350804358720779,5.48483371734619,
2019-12-13,26.6884746551514,0.130822718143463,4.64774751663208,
2019-12-14,25.5568294525147,1.40091478824615,2.82018256187439,
2019-12-15,25.4448947906494,4.44936418533325,4.09865713119507,
2019-12-16,25.9607524871826,2.77243185043335,4.85559749603272,
2019-12-17,26.200855255127,1.5942257642746,4.23205804824829,
2019-12-18,26.7085685729981,0.6656214594841,4.49954462051392,
2019-12-19,26.2131500244141,0.138957321643829,4.89990377426148,
2019-12-20,25.9614486694336,0.479312568902969,4.4116358757019,
2019-12-21,26.5786685943604,1.34015274047852,4.71886110305786,
2019-12-22,26.8974437713623,0.577067077159882,4.35835123062134,
2019-12-23,26.9228610992432,0.249644726514816,5.30950593948364,
2019-12-24,26.0543193817139,0.876240074634552,4.11807298660278,
2019-12-25,26.564790725708,1.8924332857132,3.9904727935791,
2019-12-26,26.4194087982178,2.07096481323242,4.11801052093506,
2019-12-27,25.4572277069092,1.27337503433228,3.61680388450623,
2019-12-28,25.6058406829834,2.3842339515686,4.26733064651489,
2019-12-29,25.4081039428711,1.90505087375641,4.05343008041382,
2019-12-30,25.3109073638916,7.58831119537354,3.89701366424561,
2019-12-31,26.0096416473389,7.91784143447876,3.84535384178162,
