date,temperature_C,precipitation_mmd,pet_mmd,streamflow_mmd
1981-01-01,-19.0692253112793,0.001456567668356,0.0326364785432816,
1981-01-02,-18.1166725158691,0.907592058181763,0.128417551517487,
1981-01-03,-10.7045574188232,5.51719722352573e-07,0.0758355706930161,
1981-01-04,-7.9961051940918,0.808268904685974,0.050291869789362,
1981-01-05,-8.67580032348633,0.791998147964478,0.00696241483092308,
1981-01-06,-9.41515922546387,3.5568163394928,0.0827252045273781,
1981-01-07,-13.0424852371216,0.410720646381378,0,
1981-01-08,-19.8079395294189,0.307234883308411,0,
1981-01-09,-17.071174621582,0.478109478950501,0.0822096988558769,
1981-01-10,-12.7503871917725,8.86660529886285e-07,0.0616215653717518,
1981-01-11,-9.03481674194336,1.40622887556674e-05,0.0114909186959267,
1981-01-12,-5.2651629447937,0.0484715364873409,0.110465675592422,
1981-01-13,-7.0773401260376,0.00371127598918974,0,
1981-01-14,-8.13167953491211,0.000364507548511028,0.0206923950463533,
1981-01-15,-6.8233118057251,0.000114654736535158,0.0988147556781769,
1981-01-16,-5.48465967178345,2.12341753069722e-08,0.22681388258934,
1981-01-17,-7.44649696350098,0,0.157870039343834,
1981-01-18,-6.75890350341797,0,0.109734565019608,
1981-01-19,-1.52185392379761,0.0149472877383232,0.268165826797485,
1981-01-20,0.714844226837158,0.0480063408613205,0.119903117418289,
1981-01-21,-2.94141745567322,0.0112901199609041,0.339744508266449,
1981-01-22,-0.70864349603653,0.285981595516205,0.23033519089222,
1981-01-23,-2.88534903526306,0.0400720052421093,0,
1981-01-24,-3.55066514015198,0.468090146780014,0.0487312786281109,
1981-01-25,-6.74404001235962,0.071472778916359,0.0508563369512558,
1981-01-26,-7.65301704406738,0.000185349927050993,0.00065484776860103,
1981-01-27,-6.90517044067383,0.0179316811263561,0.000423630728619173,
1981-01-28,-8.96399116516113,0.00146663899067789,0.0286881253123283,
1981-01-29,-9.27413940429688,0.4969482421875,0.0827579647302628,
1981-01-30,-12.1384611129761,0.0127149578183889,0,
1981-01-31,-15.1373834609985,0.361818671226501,0.0142270950600505,
1981-02-01,-14.10036277771,0.00416232971474528,0.055039506405592,
1981-02-02,-12.8078632354736,0.00184595875907689,0.106281608343124,
1981-02-03,-10.6099395751953,0.313667476177216,0.0626144483685494,
1981-02-04,-7.38143587112427,0.00130618538241833,0.0458476692438126,
1981-02-05,-10.3947525024414,0.328452378511429,0.11443655192852,
1981-02-06,-17.4517402648926,1.72615540027618,0.0914718434214592,
1981-02-07,-24.5908756256104,2.41657686233521,0.128104701638222,
1981-02-08,-24.4089794158936,0.971835136413574,0.0807727500796318,
1981-02-09,-30.4625606536865,0.0867180377244949,0.0605764091014862,
1981-02-10,-28.659236907959,0.0154425920918584,0.0438422486186028,
1981-02-11,-28.1429691314697,0,0.0660187378525734,
1981-02-12,-27.9009208679199,0,0.0678778067231178,
1981-02-13,-23.7965335845947,3.99448657035828,0.147033527493477,
1981-02-14,-12.3170480728149,1.31497311592102,0.196626976132393,
1981-02-15,-11.0094146728516,0.970163226127625,0.165162891149521,
1981-02-16,-10.7616443634033,0.774853765964508,0.123289816081524,
1981-02-17,-11.7717943191528,0.0855583921074867,0.169534876942635,
1981-02-18,-11.5261745452881,0.496923118829727,0.156531110405922,
1981-02-19,-11.2527236938477,5.09035396575928,0.217347010970116,
1981-02-20,-10.6830043792725,5.16536808013916,0.183786779642105,
1981-02-21,-11.0230855941772,0.0246047247201204,0.271954029798508,
1981-02-22,-6.2387866973877,1.96810460090637,0.283998906612396,
1981-02-23,-9.44337177276611,0.408755093812943,0.269567370414734,
1981-02-24,-9.70676231384277,0.234201371669769,0.217560678720474,
1981-02-25,-11.3986644744873,0.0644543990492821,0.230714499950409,
1981-02-26,-10.5122003555298,1.74268848240899e-08,0.256260067224503,0
1981-02-27,-8.2706823348999,0,0.273334860801697,0
1981-02-28,-8.15818309783936,0.0261046905070543,0.326034545898438,0
1981-03-01,-8.55945587158203,0.204997524619102,0.389624655246735,0
1981-03-02,-7.05930423736572,0,0.306220501661301,0
1981-03-03,-7.01637268066406,1.47025775909424,0.418579161167145,0
1981-03-04,-4.52711868286133,1.89067447185516,0.380004912614822,0
1981-03-05,-8.61695575714111,0.844229161739349,0.24969981610775,0
1981-03-06,-9.49952793121338,0.0250353123992682,0.452203184366226,0
1981-03-07,-6.94337797164917,6.67102142415388e-08,0.50808596611023,0
1981-03-08,-4.91423845291138,0.0158792808651924,0.447857707738876,0
1981-03-09,-3.36243343353271,3.48646800318875e-08,0.628153264522553,0
1981-03-10,1.10608625411987,0.0829057097434998,0.871957957744598,0
1981-03-11,1.97310841083527,0,0.794086396694183,0
1981-03-12,-0.507950305938721,0,0.824444234371185,0
1981-03-13,1.75209903717041,0,0.93733936548233,0
1981-03-14,1.13623583316803,0,0.743607401847839,0
1981-03-15,2.51487064361572,0,0.858575403690338,0
1981-03-16,3.0006992816925,0.0944951474666595,0.752142131328583,0
1981-03-17,-1.84403264522552,0.191320300102234,0.564167857170105,0
1981-03-18,-6.53315591812134,0.0238335952162743,0.699257552623749,0
1981-03-19,-16.6597366333008,0.0838440731167793,0.308174133300781,0
1981-03-20,-19.5131015777588,1.01157665252686,0.423606961965561,0
1981-03-21,-18.9673328399658,0.0671189501881599,0.457248508930206,0
1981-03-22,-16.2110118865967,0.0335972346365452,0.511966049671173,0
1981-03-23,-10.9046812057495,0,0.757294416427612,0
1981-03-24,-6.73766469955444,0.0483638644218445,0.909647405147552,0
1981-03-25,-0.0927232652902603,0.878566741943359,1.02707052230835,0
1981-03-26,-3.26503109931946,2.12550616264343,0.655635893344879,0
1981-03-27,-6.05514335632324,0.101728327572346,0.958902597427368,0
1981-03-28,-1.80787670612335,1.52449071407318,0.898446202278137,0
1981-03-29,-1.91372239589691,0.265062421560288,0.850396275520325,0
1981-03-30,-3.77532243728638,0.187319606542587,0.713190495967865,0
1981-03-31,-4.02130222320557,3.17042286042124e-05,0.987892627716064,0
1981-04-01,-3.45593690872192,0.0332277938723564,0.985214054584503,0
1981-04-02,-0.227131992578506,0.963994979858398,1.01479041576386,0
1981-04-03,-0.946080803871155,1.12908363342285,0.875342071056366,0
1981-04-04,-4.60925102233887,0.765963137149811,0.992054522037506,0
1981-04-05,-2.46585750579834,0.0605736337602139,0.689322054386139,0
1981-04-06,-4.60712766647339,1.60607993602753,0.783676087856293,0
1981-04-07,-8.47113990783691,0.255892157554626,0.993558287620544,0
1981-04-08,-8.96529102325439,0.0077285086736083,1.09007477760315,0
1981-04-09,-6.93586540222168,3.00314259529114,0.576936304569244,0
1981-04-10,-10.0291519165039,1.96793067455292,0.738767504692078,0
1981-04-11,-14.0076761245728,0.110864005982876,0.687329947948456,0
1981-04-12,-18.0868034362793,0.00174653378780931,0.673665046691895,0
1981-04-13,-15.3104591369629,0.329499751329422,0.824248313903809,0
1981-04-14,-11.3086795806885,3.59905505180359,0.612592935562134,0
1981-04-15,-9.56539535522461,1.85356140136719,0.930930018424988,0
1981-04-16,-11.9250211715698,0.843516826629639,0.834040880203247,0
1981-04-17,-10.1568031311035,0.15750952064991,0.996888220310211,0
1981-04-18,-6.2924633026123,0.0883977487683296,1.1729656457901,0
1981-04-19,-1.50574386119843,0,1.53696358203888,0
1981-04-20,3.84727025032043,0.0469546876847744,1.89591765403748,0
1981-04-21,3.51005887985229,1.55738282203674,1.70230078697205,0
1981-04-22,4.80015850067139,0.952419102191925,1.82393980026245,0
1981-04-23,4.57872533798218,0.214884072542191,1.74725949764252,3.45078944271904e-05
1981-04-24,3.41760587692261,13.3969774246216,0.521892726421356,0.00345078933023611
1981-04-25,0.606321394443512,7.98889589309692,0.628125607967377,0.0149419175196792
1981-04-26,-0.477171927690506,5.6431097984314,1.11554133892059,0.0586634193853256
1981-04-27,0.061014536768198,0.538339257240295,1.21527254581451,0.268471413131878
1981-04-28,2.51722645759583,0.125528946518898,1.68481290340424,0.216019416752071
1981-04-29,3.44514489173889,0.000752322084736079,1.44520974159241,0.372685248693917
1981-04-30,3.46460127830505,0.311278969049454,2.05618476867676,0.63839601658084
1981-05-01,3.79244780540466,5.14381313323975,0.662307381629944,0.766075246224442
1981-05-02,4.88245820999146,1.35894191265106,1.91006243228912,1.20777624758537
1981-05-03,3.3963794708252,0.289926797151566,1.83127748966217,1.5425028339579
1981-05-04,7.05725240707397,0.00041827536188066,2.36608171463013,1.61496935615815
1981-05-05,9.02411556243896,0.0695117861032486,2.89482975006104,1.62877256592828
1981-05-06,9.40677261352539,0.0022355595137924,3.46679854393005,1.71159142963755
1981-05-07,7.13459873199463,0.39406481385231,2.67845940589905,1.79786116160793
1981-05-08,2.14652919769287,0.0846565738320351,2.86441111564636,1.88413089357832
1981-05-09,3.55131793022156,0,3.19710874557495,1.86342621056029
1981-05-10,7.35827159881592,0.0704094544053078,3.22326827049255,1.58736306825506
1981-05-11,10.3817892074585,0.000255987077252939,3.61109066009522,1.32510313571996
1981-05-12,9.25394344329834,0.508077681064606,3.71269679069519,1.18016995968228
1981-05-13,4.73615169525146,0.0400474183261395,3.16751217842102,1.11805577899104
1981-05-14,2.19733142852783,0.0249976348131895,3.2036669254303,1.04213838852967
1981-05-15,4.92533874511719,0,3.77050805091858,0.955868656559286
1981-05-16,8.90803718566895,0,4.30170249938965,0.907557554001002
1981-05-17,10.9165668487549,0.000261701788986102,3.56843256950378,0.852344978194826
1981-05-18,12.530933380127,0.379626750946045,3.04135036468506,0.800583139012596
1981-05-19,14.8582563400269,0.887480914592743,4.32638931274414,0.759173641339377
1981-05-20,14.6765422821045,1.26226472854614,3.73739504814148,0.772976785290923
1981-05-21,13.5193576812744,0.186820223927498,4.42478656768799,0.790230731685
1981-05-22,12.2564764022827,0,4.66561269760132,0.783329192618519
1981-05-23,13.722882270813,2.54697489738464,2.01862239837646,0.779878390175985
1981-05-24,14.2056951522827,2.55079913139343,3.94507598876953,0.752272036454312
1981-05-25,15.7708787918091,0.800001204013825,4.95064115524292,0.724665748551224
1981-05-26,17.4024696350098,0.018537787720561,5.21356725692749,0.821287822030619
1981-05-27,15.5489339828491,0,4.71932458877564,0.855795714818772
1981-05-28,14.20228099823,0.27765691280365,4.57060670852661,0.800583139012596
1981-05-29,10.4088745117188,0.000892054580617696,4.61167907714844,0.759173641339377
1981-05-30,10.6510210037231,0.0370593667030334,4.91449499130249,0.697059460648135
1981-05-31,11.6664295196533,0.00428677070885897,5.13088989257813,0.634945214138309
1981-06-01,13.896689414978,0.151295006275177,4.86128330230713,0.579732572513544
1981-06-02,16.7792301177979,0.00720701226964593,4.9411826133728,0.527970766240608
1981-06-03,15.1164226531982,0.0146706542000175,4.34729957580566,0.500364445428226
1981-06-04,13.2939510345459,10.0715446472168,3.14591670036316,0.472758124615843
1981-06-05,11.2355785369873,4.02238035202026,3.27747082710266,0.452053408688526
1981-06-06,11.8792304992676,4.86201047897339,2.55195832252502,0.43825023182769
1981-06-07,8.10499000549316,5.23754262924194,0.573428153991699,0.524519963798074
1981-06-08,6.39483451843262,1.36898851394653,0.940021932125092,0.614240465301698
1981-06-09,9.56357860565186,0.531551420688629,3.48894929885864,0.648748358089851
1981-06-10,10.9476270675659,0.113675892353058,3.69901609420776,0.759173641339377
1981-06-11,11.9229412078857,0.0536019131541252,4.35648393630981,0.924811500395079
1981-06-12,12.0272340774536,0.796788573265076,4.24615240097046,0.983474944462375
1981-06-13,12.6258792877197,0.828958451747894,4.69486618041992,0.728116550993754
1981-06-14,10.687539100647,2.65912580490112,3.40463209152222,0.679805514254058
1981-06-15,10.0031900405884,0.272808492183685,4.48055219650269,0.645297621465905
1981-06-16,7.36389684677124,0.345312863588333,3.90780019760132,0.576281835889598
1981-06-17,7.12104749679565,1.70480155944824,3.94662880897522,0.524519963798074
1981-06-18,7.204270362854,1.3896758556366,3.44173145294189,0.48656130147668
1981-06-19,7.42338800430298,0.770584225654602,4.15222120285034,0.448602606245995
1981-06-20,10.2034120559692,1.43434870243073,3.19374513626099,0.420996285433613
1981-06-21,10.9281234741211,4.27152395248413,3.47255110740662,0.420996285433613
1981-06-22,11.6107664108276,2.97915291786194,4.0832633972168,0.424447087876148
1981-06-23,12.5942554473877,1.38155567646027,4.26111459732056,0.452053408688526
1981-06-24,13.2573347091675,3.76080894470215,2.87960028648376,0.441701034270224
1981-06-25,12.2085838317871,4.74531173706055,3.84741115570068,0.427897857409388
1981-06-26,10.6075563430786,5.71578454971314,2.32694792747498,0.441701034270224
1981-06-27,10.8146438598633,3.55578422546387,3.71757888793945,0.458954980664301
1981-06-28,12.8559274673462,0.212970316410065,4.646155834198,0.424447087876148
1981-06-29,13.9602451324463,5.99725532531738,2.8795862197876,0.420996285433613
1981-06-30,13.0679559707642,0.654304087162018,4.39221429824829,0.393389964621234
1981-07-01,13.5728607177734,4.12802437494975e-05,4.65846347808838,0.372685248693917
1981-07-02,14.9641389846802,0.0799601674079895,3.04385423660278,0.355431302299841
1981-07-03,15.348295211792,0.097682498395443,5.14382839202881,0.32817006831357
1981-07-04,11.550422668457,0.447129994630814,4.89998531341553,0.300563747501189
1981-07-05,12.6236934661865,0.122671864926815,5.17015361785889,0.299183433106034
1981-07-06,12.2198276519775,11.1767616271973,2.31786227226257,0.25846410908504
1981-07-07,12.2254228591919,0.6195068359375,3.77213978767395,0.251562537109268
1981-07-08,11.2290163040161,4.93333578109741,3.12055826187134,0.246731436726227
1981-07-09,12.7822828292847,8.05003070831299,2.7314510345459,0.242245406714652
1981-07-10,11.724702835083,0.680649518966675,3.46428203582764,0.229132403506039
1981-07-11,15.1151733398438,0.31198662519455,4.6848258972168,0.229132403506039
1981-07-12,18.0617141723633,1.89684128761292,5.51728487014771,0.232928276320036
1981-07-13,16.0214138031006,29.4764671325684,2.61135292053223,0.252252694306845
1981-07-14,14.7354717254639,7.55761623382568,3.14816808700562,0.268471413131878
1981-07-15,16.2167701721191,0.23641599714756,3.89794850349426,0.309190720698227
1981-07-16,16.9325466156006,0.453370660543442,4.13505458831787,0.496913642985695
1981-07-17,18.8017978668213,0.0908522233366966,4.97247314453125,0.655649962974917
1981-07-18,19.834587097168,0.914988815784454,4.9891471862793,0.596986518907621
1981-07-19,16.3681793212891,0.000155837275087833,4.61895799636841,0.455504178221767
1981-07-20,15.9140377044678,9.58294868469238,2.85863256454468,0.427897857409388
1981-07-21,15.5179033279419,6.65962886810303,1.05095279216766,0.479659696591618
1981-07-22,14.7254552841187,5.84133672714233,3.43384480476379,0.583183374956079
1981-07-23,12.103346824646,0,3.6430459022522,0.583183374956079
1981-07-24,10.811466217041,0.0759105831384659,3.60435914993286,0.507266017403997
1981-07-25,14.0033540725708,0.00383115187287331,4.682541847229,0.431348659851919
1981-07-26,17.0759296417236,1.15146124362946,4.44542407989502,0.396840767063765
1981-07-27,16.8724899291992,0.160572752356529,3.94720029830933,0.362332874275612
1981-07-28,13.9713191986084,0.478268712759018,3.22542643547058,0.33162083784681
1981-07-29,10.6873645782471,0.0565716698765755,2.86357617378235,0.322993864649772
1981-07-30,13.9942321777344,7.02782635926269e-05,4.38356447219849,0.305394864338875
1981-07-31,15.1409606933594,1.26028287410736,3.86752915382385,0.287450744292575
1981-08-01,15.415657043457,8.05577278137207,2.79673051834106,0.278478684269426
1981-08-02,14.1648025512695,1.39928269386292,3.28205680847168,0.269161570329455
1981-08-03,16.361946105957,0.0985073670744896,4.06462144851685,0.25984443993484
1981-08-04,17.1802101135254,0.573690712451935,3.89817476272583,0.254668252725688
1981-08-05,17.8635749816895,0.0318500623106957,4.07811307907105,0.244660965133495
1981-08-06,17.5454921722412,8.67797461978626e-06,4.83106231689453,0.241210162690963
1981-08-07,18.3509712219238,8.67914241098333e-06,4.82604312896729,0.237759376703077
1981-08-08,19.7959499359131,8.67797916725976e-06,4.92767381668091,0.220850517135111
1981-08-09,21.454740524292,8.67797916725976e-06,5.42636632919312,0.203596570741035
1981-08-10,20.2172412872314,4.28764133175719e-06,5.31913137435913,0.185652467149381
1981-08-11,16.6025924682617,3.32836890220642,4.15460634231567,0.176680407126231
1981-08-12,12.3391046524048,3.58956837654114,1.9451858997345,0.168053433929193
1981-08-13,11.4261646270752,0.0555296391248703,3.78770232200623,0.159426460732154
1981-08-14,15.4065322875977,0.110594712197781,4.46249532699585,0.150799487535116
1981-08-15,16.6279754638672,0,3.51280093193054,0.142172514338077
1981-08-16,15.4723463058472,8.70236726768781e-06,4.35881042480469,0.138376657978726
1981-08-17,15.9335927963257,0.117137722671032,4.24031496047974,0.133890627967151
1981-08-18,14.6483688354492,4.28764133175719e-06,3.94767045974731,0.129404597955576
1981-08-19,15.5801830291748,0.00943405274301767,3.68333697319031,0.123193174950058
1981-08-20,16.7424373626709,0.00791745074093342,4.18766260147095,0.116981760171862
1981-08-21,16.1433792114258,8.67797916725976e-06,4.1843729019165,0.114911280351808
1981-08-22,15.8376436233521,0,4.00346040725708,0.112840808759076
1981-08-23,15.5603036880493,0.00330796767957509,3.59973168373108,0.102833521166883
1981-08-24,19.9691276550293,0.193196028470993,4.3464150428772,0.0924811549759017
1981-08-25,18.6368675231934,0,4.15983009338379,0.0924811549759017
1981-08-26,20.6862277984619,0.0497581884264946,4.20210027694702,0.0921360763771133
1981-08-27,20.4336490631104,0.104058355093002,4.30603170394897,0.0869598891679609
1981-08-28,13.5713443756104,0.207676038146019,3.12321829795837,0.0817837019588088
1981-08-29,6.38070583343506,5.43979978561401,0.766307055950165,0.0817837019588088
1981-08-30,2.82871770858765,0.941372275352478,1.56998932361603,0.0821287887849203
1981-08-31,3.3734884262085,3.41517043113709,1.8735009431839,0.0824738673837087
1981-09-01,3.74206924438477,7.92761278152466,0.601101338863373,0.0804033875636542
1981-09-02,0.681151986122131,0.445763945579529,1.85984206199646,0.0783329159709225
1981-09-03,1.77716088294983,1.13951921463013,1.6051162481308,0.0648748382771822
1981-09-04,5.43523550033569,0.05579674243927,2.3585696220398,0.0738468941866703
1981-09-05,5.81998491287231,0.00492703728377819,1.76126861572266,0.0607338909780574
1981-09-06,8.76781463623047,0.153141751885414,2.2160177230835,0.0507266033858644
1981-09-07,9.20113372802734,0.000331006187479943,2.64832329750061,0.0552126292837779
1981-09-08,14.5342149734497,0.00147897901479155,3.10483622550964,0.0593535765829028
1981-09-09,15.2662410736084,3.74545621871948,3.20984959602356,0.0500364461882873
1981-09-10,11.7637825012207,0.927619397640228,1.35216856002808,0.04900120627826
1981-09-11,10.1065053939819,0.102319329977036,2.30800533294678,0.0462405774879508
1981-09-12,9.25174617767334,0.965641915798187,2.05743384361267,0.0434799445839806
1981-09-13,7.46619558334351,0.0256253201514483,2.11886715888977,0.0410643943924602
1981-09-14,7.53892469406128,0,2.24583840370178,0.0386488400872783
1981-09-15,11.4709405899048,0.000329505885019898,2.60774970054626,0.0376136042909125
1981-09-16,15.4067306518555,0,2.69739198684692,0.0369234470933353
1981-09-17,13.8271713256836,0,2.34359216690064,0.0362332857820965
1981-09-18,11.458909034729,0,2.99726915359497,0.0355431285845194
1981-09-19,12.1536149978638,2.57760906219482,1.82048213481903,0.0955868623649993
1981-09-20,8.38839530944824,13.2061424255371,0.248853132128716,0.0703960999714616
1981-09-21,6.95344209671021,0.014456351287663,1.07596147060394,0.043825023182769
1981-09-22,4.78969669342041,0.0102660618722439,1.22256708145142,0.0348529713869422
1981-09-23,4.3065824508667,0.429217994213104,1.34509718418121,0.04071931168001
1981-09-24,5.17240762710571,0.624836087226868,1.13642120361328,0.0465856560867396
1981-09-25,4.07810926437378,0.737709820270538,1.18159055709839,0.0531421535773848
1981-09-26,4.26875734329224,0.259119302034378,1.21022963523865,0.0600437337804799
1981-09-27,3.83864617347717,0.0522250980138779,1.61747229099274,0.0569380222777209
1981-09-28,3.26519751548767,0.689883589744568,0.916360020637512,0.0514167605834415
1981-09-29,4.19108581542969,0.433751344680786,0.515663027763367,0.0462405774879508
1981-09-30,4.0552806854248,0.970427334308624,1.33525955677032,0.0431348659851919
1981-10-01,7.81846904754639,0.719084322452545,1.76769292354584,0.0496913675894985
1981-10-02,1.25508844852448,3.99918508529663,1.00182974338532,0.0593535765829028
1981-10-03,-2.0524365901947,2.46230626106262,0.675570666790009,0.0531421535773848
1981-10-04,-3.42609190940857,0.0187729839235544,0.861641466617584,0.0465856560867396
1981-10-05,-0.477466464042664,0.710399091243744,0.805280268192291,0.0579732580740868
1981-10-06,3.08618474006653,0,1.04646110534668,0.0545224720862005
1981-10-07,2.94613575935364,7.5283203125,0.716197907924652,0.0510716819846531
1981-10-08,0.904871642589569,11.3714590072632,0.209202110767365,0.0479659704818942
1981-10-09,1.66076171398163,22.3993072509766,0.142062082886696,0.0486561276794713
1981-10-10,1.01684296131134,7.08737134933472,0.254649311304092,0.04900120627826
1981-10-11,1.15544748306274,1.96809995174408,0.275206685066223,0.0669453139835753
1981-10-12,-0.11724616587162,0.758821427822113,0.374393165111542,0.0848894175752291
1981-10-13,0.503153562545776,0.614991247653961,0.298202365636826,0.0824738673837087
1981-10-14,2.2782678604126,0.117866411805153,0.488246321678162,0.0845443389764408
1981-10-15,4.40178251266479,1.93941688537598,0.471747636795044,0.0810935447612317
1981-10-16,3.0198175907135,7.65408706665039,0.228628382086754,0.0776427587733454
1981-10-17,-0.564888000488281,0.422164857387543,0.289267927408218,0.0745370513842478
1981-10-18,-1.14080476760864,1.36897170543671,0.29892235994339,0.0845443389764408
1981-10-19,-3.24338936805725,1.39221668243408,0.208233445882797,0.0945516265686334
1981-10-20,-7.62542963027954,0.128740087151527,0.296673387289047,0.0828189459824974
1981-10-21,-10.2137517929077,0.167543962597847,0.268261730670929,0.0724665715641933
1981-10-22,-11.3646936416626,5.5295295715332,0.342438459396362,0.0617691267744232
1981-10-23,-4.07429456710815,1.19320380687714,0.34185779094696,0.0669453139835753
1981-10-24,-8.78406620025635,0.296112567186356,0.197891741991043,0.0579732580740868
1981-10-25,-12.4038114547729,4.66111564636231,0.27348929643631,0.0565929436789325
1981-10-26,-14.039306640625,0.686824083328247,0.172064796090126,0.0555577078825663
1981-10-27,-8.49010372161865,0.013786337338388,0.236938640475273,0.0541773934874121
1981-10-28,-3.42407870292664,0.26290562748909,0.150838196277618,0.0534872321761732
1981-10-29,-3.17316365242004,0.092809222638607,0.135145157575607,0.0417545515900373
1981-10-30,-4.07712841033936,0.349148690700531,0.141986012458801,0.04071931168001
1981-10-31,0.316348761320114,0.053506676107645,0.427862644195557,0.0396840758836442
1981-11-01,-1.79133892059326,5.46854028726784e-09,0.19732691347599,
1981-11-02,-4.14336633682251,0.000325511209666729,0.164775788784027,
1981-11-03,-3.69151163101196,4.6496114730835,0.354107618331909,
1981-11-04,-6.30210876464844,0.585177063941956,0.146257683634758,
1981-11-05,-5.14354705810547,0.172277241945267,0.174314349889755,
1981-11-06,-1.48687076568604,0.0405664555728436,0.245845198631287,
1981-11-07,-8.71638584136963,0.038209930062294,0.00975485984236002,
1981-11-08,-12.7460126876831,0.00362299988046289,0.195354267954826,
1981-11-09,-4.44111585617065,0.305954813957214,0.0716156139969826,
1981-11-10,-4.59233903884888,1.53130349644925e-05,0.106900304555893,
1981-11-11,-1.41720139980316,0.370751023292542,0.22977451980114,
1981-11-12,0.824823141098022,0.037410244345665,0.128741919994354,
1981-11-13,-2.43165826797485,0.00315382890403271,0.121124356985092,
1981-11-14,-8.3992338180542,0.207905560731888,0.0516960173845291,
1981-11-15,-10.2113952636719,1.11661541461945,0.169033139944077,
1981-11-16,-9.099534034729,3.37617349624634,0.134929463267326,
1981-11-17,-7.33678960800171,0.607394516468048,0.0776391923427582,
1981-11-18,-11.0371465682983,0.43266573548317,0.0567904561758041,
1981-11-19,-11.130877494812,1.79070651531219,0.0745895802974701,
1981-11-20,-4.26912593841553,0.915210902690887,0.0304838791489601,
1981-11-21,-3.2348849773407,0.132972881197929,0.0390870124101639,
1981-11-22,-8.92831993103027,0.930970668792725,0.0218325406312943,
1981-11-23,-15.5830736160278,0.0051134298555553,0,
1981-11-24,-14.6609582901001,0.0880008339881897,0.0302660707384348,
1981-11-25,-10.9013376235962,0.166460141539574,0,
1981-11-26,-15.2048416137695,0.159703329205513,0.0380869843065739,
1981-11-27,-16.3995208740234,0.184697836637497,0.0754803940653801,
1981-11-28,-9.65891170501709,0.7447869181633,0.0748322159051895,
1981-11-29,-8.39197254180908,2.29851317405701,0.00872139912098646,
1981-11-30,-11.4404363632202,0.190127491950989,0,
1981-12-01,-11.0012292861938,0.205381616950035,0.0491017401218414,
1981-12-02,-9.70550918579102,0,0,
1981-12-03,-11.349232673645,0.0237703751772642,0,
1981-12-04,-11.9415979385376,2.89342096948531e-07,0.0542268566787243,
1981-12-05,-10.5442991256714,0.846856236457825,0.331032514572144,
1981-12-06,-10.6136322021484,4.36615896224976,0.110018223524094,
1981-12-07,-16.6864204406738,1.09118497371674,0,
1981-12-08,-22.1164665222168,0.00385240162722766,0,
1981-12-09,-21.3891201019287,1.28255951404572,0.0261511337012053,
1981-12-10,-14.0738925933838,1.30305731296539,0.0809798911213875,
1981-12-11,-16.7669353485107,0.262382328510284,0.0268029253929853,
1981-12-12,-18.7824478149414,0.474910199642181,0.087091900408268,
1981-12-13,-20.2996654510498,0.0488961674273014,0,
1981-12-14,-21.0166130065918,0,0,
1981-12-15,-19.14892578125,0.00483788829296827,0.01768783852458,
1981-12-16,-18.6975879669189,0.018383776769042,0.00249309279024601,
1981-12-17,-12.8833084106445,0,0.157492414116859,
1981-12-18,-6.69463682174683,0.057629656046629,0.251967430114746,
1981-12-19,-6.4936375617981,0,0.111541830003262,
1981-12-20,-7.21678829193115,6.79531240463257,0.122258380055428,
1981-12-21,-10.7158288955688,1.99476444721222,0.0940929502248764,
1981-12-22,-13.7506017684937,0.341082334518433,0,
1981-12-23,-15.588285446167,0.157987475395203,0,
1981-12-24,-20.9178218841553,0.000220242305658758,0,
1981-12-25,-20.2621994018555,0.794935464859009,0.0228043869137764,
1981-12-26,-22.8739128112793,0.797570943832398,0.055887658149004,
1981-12-27,-29.2012748718262,0.188159093260765,0.0218741651624441,
1981-12-28,-28.4916667938232,0.236612096428871,0.0445667468011379,
1981-12-29,-29.0622711181641,0.108565539121628,0,
1981-12-30,-34.0940856933594,0.000721620977856219,3.23877497976355e-06,
1981-12-31,-37.5676689147949,0.0146604040637612,0,
1982-01-01,-36.0157775878906,0.000654406729154289,0.00271924608387053,
1982-01-02,-34.8954734802246,0,0.00254388945177197,
1982-01-03,-33.9323539733887,0.00790539663285017,0.00217367406003177,
1982-01-04,-34.3716430664062,0.00906203128397465,0.00386138795875013,
1982-01-05,-32.3563079833984,0.000369957764633,0.0080090556293726,
1982-01-06,-31.0047626495361,0.781152546405792,0.0400012284517288,
1982-01-07,-35.2565612792969,0.050063006579876,0.0125373955816031,
1982-01-08,-32.3910675048828,0,0.0291932094842196,
1982-01-09,-27.486120223999,0.0145612070336938,0.0829516276717186,
1982-01-10,-26.9450912475586,3.03734421730042,0.102509416639805,
1982-01-11,-26.5945777893066,1.0243273973465,0.0180306266993284,
1982-01-12,-29.9657001495361,0.1147745475173,0.00297723570838571,
1982-01-13,-23.7608413696289,1.67465126514435,0.0768249109387398,
1982-01-14,-28.2849979400635,0.83716756105423,0.0476884953677654,
1982-01-15,-32.0356140136719,0.0389172621071339,0.0279853213578463,
1982-01-16,-27.9626846313477,0.00799772702157497,0.0546690635383129,
1982-01-17,-27.9722118377686,0,0.0297555271536112,
1982-01-18,-33.6919746398926,0.00123145792167634,0,
1982-01-19,-35.227180480957,7.16141630618949e-06,0.00967166572809219,
1982-01-20,-35.1593170166016,0.000305477326037362,0.00999900884926319,
1982-01-21,-35.7292251586914,0.000124572383356281,0.0074187028221786,
1982-01-22,-36.0439605712891,0.000307546142721549,0.011320598423481,
1982-01-23,-33.6151313781738,0.0253063645213842,0.0242777671664953,
1982-01-24,-28.518102645874,0.709929287433624,0.0368385575711727,
1982-01-25,-29.6205368041992,1.56300520896912,0.0259697176516056,
1982-01-26,-27.2522220611572,0.869543135166168,0.0877459272742271,
1982-01-27,-31.734956741333,0.762431919574738,0.0383409708738327,
1982-01-28,-34.3291244506836,0.0224235747009516,0.0112469764426351,
1982-01-29,-34.6610221862793,0,0.0227387025952339,
1982-01-30,-28.8200531005859,0.00085821159882471,0.0511904284358025,
1982-01-31,-28.1631183624268,0,0.0468015111982822,
1982-02-01,-28.1261196136475,0.0877270177006722,0.0360249653458595,
1982-02-02,-26.2157077789307,0,0.0522393621504307,
1982-02-03,-22.9018039703369,2.46941044679261e-06,0.0557434670627117,
1982-02-04,-21.7589473724365,0.00118515396025032,0.0814149528741837,
1982-02-05,-16.499059677124,5.95734786987305,0.212989911437035,
1982-02-06,-12.062819480896,2.8544909954071,0.267928034067154,
1982-02-07,-22.0533981323242,0.0331250801682472,0.0832653716206551,
1982-02-08,-24.0185356140137,0.0252216346561909,0.0844454318284988,
1982-02-09,-19.1057796478271,0.256401300430298,0.170171290636063,
1982-02-10,-15.3053112030029,0.28827366232872,0.112511411309242,
1982-02-11,-24.1059989929199,0.0159662384539843,0.0573444031178951,
1982-02-12,-25.0474433898926,4.97430391988019e-07,0.0664421990513802,
1982-02-13,-22.6842079162598,0.000126856903079897,0.0865129977464676,
1982-02-14,-22.6009864807129,0.0251129008829594,0.090998150408268,
1982-02-15,-20.3821353912354,0.0129188485443592,0.21494135260582,
1982-02-16,-11.4224538803101,0.55321329832077,0.260314762592316,
1982-02-17,-8.0279541015625,0.377823948860168,0.225157052278519,
1982-02-18,-12.6587896347046,2.14395356178284,0.242705747485161,
1982-02-19,-6.04302644729614,0.593755722045898,0.190505310893059,
1982-02-20,-11.7305459976196,0.852052927017212,0.230930238962173,
1982-02-21,-20.9300880432129,2.04972243309021,0.178648054599762,
1982-02-22,-22.5962200164795,2.12526035308838,0.12987320125103,
1982-02-23,-26.8862323760986,2.07696437835693,0.10551456362009,
1982-02-24,-27.1991653442383,0.561878025531769,0.104456670582294,0
1982-02-25,-29.1495475769043,0.287759304046631,0.109079450368881,0
1982-02-26,-25.7507171630859,2.74417161941528,0.170743092894554,0
1982-02-27,-21.6303482055664,1.36916792392731,0.194741368293762,0
1982-02-28,-23.2594127655029,0.825603127479553,0.178698539733887,0
1982-03-01,-25.17116355896,0.0833285376429558,0.165051117539406,0
1982-03-02,-21.4441890716553,0.000284948066109791,0.20227287709713,0
1982-03-03,-21.0765247344971,0,0.23394538462162,0
1982-03-04,-18.8790321350098,0.048269085586071,0.281771898269653,0
1982-03-05,-19.6632747650146,0.0826270133256912,0.235505849123001,0
1982-03-06,-20.3932781219482,0,0.243732944130898,0
1982-03-07,-21.7335433959961,0.000157773683895357,0.237916693091393,0
1982-03-08,-16.9950389862061,0.0577503107488155,0.307480663061142,0
1982-03-09,-16.2236194610596,0.0618599578738213,0.319180577993393,0
1982-03-10,-15.1965475082397,0.514927208423615,0.376798331737518,0
1982-03-11,-13.7751598358154,0.0331678874790669,0.407210737466812,0
1982-03-12,-15.5597658157349,0.521705210208893,0.41108375787735,0
1982-03-13,-14.607813835144,0.361515939235687,0.364077091217041,0
1982-03-14,-16.0054683685303,1.43514907360077,0.425117939710617,0
1982-03-15,-16.2564888000488,0.512532413005829,0.425003916025162,0
1982-03-16,-20.5644111633301,0.541590929031372,0.319510519504547,0
1982-03-17,-22.0969390869141,0.109439514577389,0.360129475593567,0
1982-03-18,-10.5838890075684,0.0667892247438431,0.644106984138489,0
1982-03-19,-6.07802581787109,0,0.786264955997467,0
1982-03-20,-1.97620642185211,0,0.847449719905853,0
1982-03-21,-1.29200005531311,0.00191353820264339,0.884016394615173,0
1982-03-22,-0.798258602619171,0.888823926448822,0.739145934581757,0
1982-03-23,-2.99286103248596,0.765183031558991,0.57373857498169,0
1982-03-24,-7.94153261184692,0.418576687574387,0.651730239391327,0
1982-03-25,-13.3000078201294,0.0698139443993568,0.568740427494049,0
1982-03-26,-6.83045768737793,0.572658598423004,0.82393604516983,0
1982-03-27,-7.3199028968811,0,0.572232186794281,0
1982-03-28,-10.0222883224487,0.18404857814312,0.653171598911285,0
1982-03-29,-13.2879400253296,0,0.525188386440277,0
1982-03-30,-18.646053314209,1.58163220476126e-05,0.539170801639557,0
1982-03-31,-20.3062705993652,0,0.515964031219482,0
1982-04-01,-18.8590717315674,0,0.545843660831451,0
1982-04-02,-17.179126739502,0,0.599060654640198,0
1982-04-03,-16.5189170837402,0,0.645927309989929,0
1982-04-04,-13.5579528808594,0,0.75167715549469,0
1982-04-05,-11.5669727325439,0.483778893947601,0.765638053417206,0
1982-04-06,-10.5812826156616,0.0467252880334854,0.88799786567688,0
1982-04-07,-6.1490273475647,0.129686772823334,1.13433957099915,0
1982-04-08,-0.827590525150299,2.2490177154541,0.894481182098389,0
1982-04-09,-6.09798431396484,2.34446787834168,0.776265978813171,0
1982-04-10,-4.00316047668457,1.42718553543091,0.940684020519257,0
1982-04-11,-3.57000470161438,0.346300780773163,0.896906137466431,0
1982-04-12,-2.54410886764526,0.340266644954681,1.00632989406586,0
1982-04-13,0.848358333110809,0.247670575976372,1.17444908618927,0
1982-04-14,-1.49863874912262,0.867750704288483,0.579060256481171,0
1982-04-15,-5.08075284957886,0.233352318406105,0.788539826869965,0
1982-04-16,-5.05759954452515,0.132732346653938,1.44068551063538,0
1982-04-17,-1.41369950771332,0.0941648632287979,1.69097137451172,0
1982-04-18,-2.03307461738586,1.40486073493958,1.01717102527618,3.45078944271904e-05
1982-04-19,-1.44002425670624,0.0750051140785217,1.72216534614563,0.00017253946008421
1982-04-20,1.34331870079041,0.000312705698888749,2.00232243537903,0.000931713129447906
1982-04-21,3.90373778343201,0.462185263633728,2.073082447052,0.0094551622454972
1982-04-22,3.49235320091248,1.48570656776428,1.22500610351563,0.0127679204961633
1982-04-23,0.235231459140778,3.96840238571167,1.21097338199615,0.0165637881680842
1982-04-24,-0.587460100650787,2.3581428527832,1.55846786499023,0.0223611145925421
1982-04-25,-0.117556996643543,0.596214532852173,1.50409626960754,0.0253633016929322
1982-04-26,3.53596115112305,0,2.23948335647583,0.0283309792879789
1982-04-27,6.55163717269897,0,2.81036901473999,0.0396840758836442
1982-04-28,7.64124011993408,0.939504086971283,2.14400553703308,0.0358882071833081
1982-04-29,4.39219236373901,6.01304006576538,1.01508569717407,0.0607338909780574
1982-04-30,4.28124046325684,0.179222673177719,2.72731947898865,0.0897205179582701
1982-05-01,6.41267967224121,0.119118601083756,2.43820667266846,0.118707153165806
1982-05-02,6.83558225631714,1.79168558120728,2.65909790992737,0.672903909368993
1982-05-03,1.57662928104401,4.73729610443115,0.939468204975128,1.28024276978563
1982-05-04,-4.25918626785278,1.65616869926453,1.05059432983398,1.91173731311857
1982-05-05,-5.9732608795166,0.956210076808929,1.2268260717392,1.65982959045532
1982-05-06,0.105010189116001,0.026561101898551,2.44590210914612,1.0939002277119
1982-05-07,1.54609310626984,0.00108415633440018,2.06086611747742,0.84199257086723
1982-05-08,3.49160504341125,0.149137675762177,2.12457799911499,0.724665748551224
1982-05-09,3.05443382263184,0.0052874437533319,1.99381995201111,0.728116550993754
1982-05-10,-2.53502821922302,0.0539302825927734,2.3423478603363,0.786779929242465
1982-05-11,1.4095071554184,1.34285831451416,1.62007415294647,0.810935480521607
1982-05-12,4.04434251785278,2.08494138717651,1.82243764400482,0.824738624473153
1982-05-13,4.57872915267944,0.805620431900024,1.56072247028351,0.876500463655383
1982-05-14,6.14825773239136,5.82871246337891,2.12509894371033,1.01798283725053
1982-05-15,9.62382030487061,5.6954550743103,1.77710247039795,1.18362069630623
1982-05-16,9.70698833465576,4.53354787826538,2.84511256217957,1.54595357058184
1982-05-17,8.78112411499023,0.0614138804376125,2.88946771621704,1.99455617682784
1982-05-18,10.7434329986572,2.45379614830017,3.11354351043701,1.90828644485745
1982-05-19,8.83072090148926,0.630527377128601,3.04559183120728,1.66328045871643
1982-05-20,10.4820032119751,0.0826202481985092,4.44698762893677,1.48729012651455
1982-05-21,10.3958702087402,1.64960372447968,3.95618224143982,1.28369363804674
1982-05-22,10.7853994369507,0.304490685462952,3.05979561805725,1.17671909142117
1982-05-23,9.47668552398682,0.00414496660232544,4.28271102905273,1.02833517875954
1982-05-24,9.64541435241699,0.573992311954498,3.86620664596558,0.831640229358215
1982-05-25,9.52700424194336,0.953234791755676,3.9615626335144,0.852344978194826
1982-05-26,7.3987193107605,0.00118762685451657,3.56663489341736,0.779878390175985
1982-05-27,5.27811717987061,0.0167261846363544,3.64335227012634,0.731567353436289
1982-05-28,8.27229881286621,0.026219317689538,4.32437038421631,0.686707053320539
1982-05-29,11.4112215042114,0.857969522476196,4.51158714294434,0.648748358089851
1982-05-30,13.5245161056519,4.06651639938355,3.75412917137146,0.607338926235217
1982-05-31,9.19123363494873,0.250571042299271,3.45516610145569,0.579732572513544
1982-06-01,9.33880424499512,0.19780820608139,4.18619680404663,0.54177391019215
1982-06-02,11.1249685287476,1.70371687412262,3.8665943145752,0.527970766240608
1982-06-03,12.6450300216675,0.292437881231308,4.15485668182373,0.510716819846531
1982-06-04,8.7002534866333,0.19402614235878,3.18090963363647,0.48656130147668
1982-06-05,2.6811740398407,0.243187949061394,2.02380347251892,0.465856552640072
1982-06-06,3.7208878993988,0.311879128217697,3.68893265724182,0.448602606245995
1982-06-07,6.63098287582397,2.02902674674988,4.0915699005127,0.427897857409388
1982-06-08,5.86875247955322,1.44004321098328,3.18381214141846,0.410643911015311
1982-06-09,6.21673679351807,1.2682136297226,3.68313312530518,0.393389964621234
1982-06-10,7.44163942337036,1.42839872837067,4.1371955871582,0.372685248693917
1982-06-11,15.7443084716797,0.130671128630638,4.62807130813599,0.365783676718143
1982-06-12,18.8156642913818,0.46583816409111,5.05301141738892,0.355431302299841
1982-06-13,19.5289897918701,0.380915611982346,5.12106132507324,0.343353526660269
1982-06-14,17.7297210693359,2.34603261947632,4.52774715423584,0.321268496337797
1982-06-15,13.790491104126,0.106866136193275,5.51851558685303,0.313676750709802
1982-06-16,14.2944717407227,0.0169550850987434,4.80224180221558,0.31919800829042
1982-06-17,15.4299612045288,0.359289079904556,4.14606523513794,0.304359603860541
1982-06-18,15.3222904205322,0.00338945793919265,4.92361068725586,0.298493259453811
1982-06-19,14.1589574813843,0.847131609916687,5.3838791847229,0.297458031884768
1982-06-20,16.6346473693848,2.85179758071899,5.02326822280884,0.285380289154489
1982-06-21,18.2079391479492,3.47408366203308,4.63415622711182,0.275372985107651
1982-06-22,12.2905416488647,0.642421543598175,3.38477754592896,0.272267269491231
1982-06-23,9.090500831604,0.0168876089155674,3.66253399848938,0.259154282737263
1982-06-24,11.3836078643799,0.116316303610802,4.56048631668091,0.246731436726227
1982-06-25,11.3418531417847,0.260002434253693,4.58782815933228,0.236033991936456
1982-06-26,12.1021327972412,0.0985609441995621,4.76033687591553,0.226716861541841
1982-06-27,12.36900806427,1.70337389135966e-05,5.3368706703186,0.217744801518691
1982-06-28,14.2363595962524,0.000156180234625936,5.64559173583984,0.217744801518691
1982-06-29,17.0028324127197,0.00196850020438433,5.04987049102783,0.202906413543458
1982-06-30,17.2483043670654,0.0968061462044716,4.31791925430298,0.193934353520308
1982-07-01,15.8714809417725,0.935772657394409,2.25519227981567,0.184962309951803
1982-07-02,15.2109823226929,1.99957025051117,2.48842525482178,0.184962309951803
1982-07-03,14.839334487915,7.2684440612793,1.55109190940857,0.184962309951803
1982-07-04,14.6289625167847,4.40983152389526,0.974104583263397,0.181856594335383
1982-07-05,17.1670951843262,0.220201700925827,4.45997476577759,0.178060721521386
1982-07-06,15.5904541015625,1.77574293047655e-06,5.22824144363403,0.174264865162033
1982-07-07,16.5859928131104,9.2095588115626e-06,5.30128812789917,0.164257577569841
1982-07-08,17.6104068756104,0,5.20943021774292,0.156665831941845
1982-07-09,18.0619010925293,0.195159256458282,5.17973756790161,0.148038858744807
1982-07-10,17.9422302246094,4.08467531204224,3.89928317070007,0.142862671535655
1982-07-11,15.3315124511719,9.45656394958496,3.91351556777954,0.137686492553825
1982-07-12,14.0868053436279,8.29219055175781,3.26748728752136,0.162187089522463
1982-07-13,14.9181756973267,0.800772964954376,4.74191093444824,0.145278229954498
1982-07-14,16.4264163970947,0,5.51866769790649,0.156665831941845
1982-07-15,16.401481628418,9.2095588115626e-06,5.4336142539978,0.168053433929193
1982-07-16,13.7054653167725,1.73624869148625e-06,4.98010063171387,0.17771565114992
1982-07-17,14.2975292205811,0.529921531677246,3.7085382938385,0.187722938742113
1982-07-18,14.8160266876221,1.04765915870667,3.58509230613709,0.157355989139422
1982-07-19,11.3660249710083,0.21426485478878,1.76755368709564,0.143552828733232
1982-07-20,10.9803190231323,0.259722173213959,3.04906296730042,0.129404597955576
1982-07-21,10.6264877319336,0.051151517778635,4.47894144058228,0.115256358950596
1982-07-22,13.56201171875,0.213014900684357,4.50659465789795,0.107664621549924
1982-07-23,13.5885162353516,0.0062212273478508,4.38591957092285,0.101453206771729
1982-07-24,16.0339984893799,0.318372398614883,4.33674955368042,0.0993827351789971
1982-07-25,17.0739631652832,3.87027263641357,3.81402206420898,0.0924811549759017
1982-07-26,15.8747243881226,1.45493614673615,4.40109205245972,0.0886852821619042
1982-07-27,15.6487321853638,1.13152134418488,2.5454363822937,0.0845443389764408
1982-07-28,15.8787794113159,5.2068007789785e-06,4.83316564559937,0.0804033875636542
1982-07-29,16.0003662109375,0.588150799274445,4.83297157287598,0.0817837019588088
1982-07-30,16.544017791748,1.85504519939423,3.42584753036499,0.0835091031800749
1982-07-31,12.8791656494141,4.09185934066772,1.59959650039673,0.0724665715641933
1982-08-01,11.030104637146,2.18559002876282,1.28268492221832,0.0766075229769795
1982-08-02,9.61510848999023,11.3918313980103,0.3723523914814,0.080748466162443
1982-08-03,11.0992422103882,5.5400185585022,1.6682380437851,0.0897205179582701
1982-08-04,8.72301578521729,3.75544238090515,0.475571095943451,0.0890303607606926
1982-08-05,10.0843811035156,1.47584247589111,1.97572159767151,0.0886852821619042
1982-08-06,11.6067171096802,3.31134533882141,1.48774147033691,0.104558914160826
1982-08-07,13.8254852294922,1.16212201118469,3.61781692504883,0.120432546159749
1982-08-08,15.3439350128174,0,4.34400749206543,0.125608733368901
1982-08-09,17.3673610687256,0.000312366348225623,4.02020215988159,0.120777624758537
1982-08-10,18.3883743286133,0,4.12406349182129,0.115601437549385
1982-08-11,15.249566078186,0.00592501694336534,3.3160388469696,0.110425258567556
1982-08-12,10.1642007827759,7.62464332580566,2.22693419456482,0.109735101369978
1982-08-13,8.2902307510376,12.2652025222778,1.11777341365814,0.10939002277119
1982-08-14,6.95153951644897,3.21058940887451,1.03986191749573,0.111115415765133
1982-08-15,8.34726715087891,1.00938379764557,1.25932741165161,0.119052231764594
1982-08-16,10.2813892364502,1.77505707740784,1.82161426544189,0.126989047764055
1982-08-17,11.6799230575562,2.15660405158997,2.87808275222778,0.142862671535655
1982-08-18,11.0233573913574,0.656016647815704,2.43391704559326,0.158736303534577
1982-08-19,10.436505317688,0.795937538146973,0.726785004138947,0.151489644732693
1982-08-20,9.74954700469971,0.979562938213348,2.15543127059937,0.143897915559344
1982-08-21,10.3419551849365,2.40287232398987,2.21514821052551,0.136996335356248
1982-08-22,9.80581474304199,9.18194007873535,2.20546865463257,0.130094755153153
1982-08-23,6.49122047424316,1.16139304637909,1.73989057540894,0.123193174950058
1982-08-24,5.31217241287231,1.43682134151459,2.41018486022949,0.125263654770112
1982-08-25,2.26343059539795,0.0987192541360855,2.09624028205872,0.118016995968228
1982-08-26,3.0135452747345,0.321377784013748,2.56383752822876,0.120432546159749
1982-08-27,2.69102048873901,7.94955158233643,0.955708146095276,0.118707153165806
1982-08-28,3.38236260414124,2.91162967681885,0.904609382152557,0.116981760171862
1982-08-29,5.05101537704468,0.0877676829695702,1.91057372093201,0.107664621549924
1982-08-30,7.15510606765747,0.00375088956207037,2.49185466766357,0.116981760171862
1982-08-31,8.34262466430664,3.78377652168274,1.83076703548431,0.126298890566478
1982-09-01,8.28418827056885,1.06985127925873,2.27822780609131,0.138376657978726
1982-09-02,10.9401712417603,2.2964608669281,1.95298099517822,0.150109330337539
1982-09-03,7.69905042648315,2.19640064239502,0.959212422370911,0.153905203151536
1982-09-04,4.92317295074463,0.113936893641949,2.02642798423767,0.155975674744268
1982-09-05,4.68642377853394,1.24332094192505,0.965830862522125,0.158046146337
1982-09-06,10.1768169403076,2.42804360389709,1.87986779212952,0.152869959127848
1982-09-07,11.3240022659302,3.67557907104492,2.49968910217285,0.147348701547229
1982-09-08,8.24114990234375,0.132505640387535,2.67083215713501,0.140102042745346
1982-09-09,7.37582206726074,3.86987113952637,1.51698839664459,0.150109330337539
1982-09-10,4.4836483001709,6.78130960464478,0.4127297103405,0.160116617929732
1982-09-11,2.204758644104,2.4670832157135,0.950382709503174,0.165637891964995
1982-09-12,2.56118583679199,0.194123134016991,1.576300740242,0.171504219917079
1982-09-13,3.88648223876953,2.21685709789199e-07,1.68434000015259,0.192208968753687
1982-09-14,5.5757851600647,0.0515854619443417,1.7907258272171,0.21291370113565
1982-09-15,10.3736734390259,0.0218839384615421,1.73897993564606,0.198420383531883
1982-09-16,10.9667415618896,0,2.19946336746216,0.183927065928115
1982-09-17,12.6336059570312,0.0346150286495686,2.18342900276184,0.17771565114992
1982-09-18,10.578179359436,0,2.11144137382507,0.158736303534577
1982-09-19,13.0758285522461,0,2.27314424514771,0.139411885547769
1982-09-20,13.6421337127686,0,2.10799598693848,0.129059519356787
1982-09-21,12.8914833068848,0.000654004281386733,2.1500461101532,0.118707153165806
1982-09-22,10.2230310440063,0.084775485098362,1.46660268306732,0.108009708376035
1982-09-23,10.4775524139404,0.0580229125916958,1.5263899564743,0.102143363969306
1982-09-24,11.5289697647095,1.98042953014374,1.63927102088928,0.095931940963788
1982-09-25,6.74500226974487,0.407550722360611,1.02429592609406,0.0900655965570588
1982-09-26,1.48946988582611,0.00646419543772936,1.02609205245972,0.0921360763771133
1982-09-27,2.37224125862122,0.195133432745934,1.24035286903381,0.0911008405807471
1982-09-28,2.30528426170349,0.546812236309052,0.388521134853363,0.0900655965570588
1982-09-29,1.80985414981842,0.0158705487847328,0.622018456459045,0.0893754393594813
1982-09-30,3.81927967071533,0.0294268000870943,1.25788486003876,0.0886852821619042
1982-10-01,5.36017942428589,0.255360305309296,0.967566668987274,0.0935163907722675
1982-10-02,2.4980001449585,0.00118631101213396,0.644438028335571,0.0983474911553084
1982-10-03,0.421669155359268,0.435770094394684,0.578516781330109,0.0966220981613651
1982-10-04,1.87431085109711,0.70220023393631,0.773861765861511,0.0917909977783245
1982-10-05,2.57587051391602,0.00697776535525918,0.88992166519165,0.0869598891679609
1982-10-06,4.71837568283081,0.197806403040886,1.08515739440918,0.0824738673837087
1982-10-07,5.2354998588562,6.20657062530518,0.601995229721069,0.0776427587733454
1982-10-08,0.800950229167938,2.61162996292114,0.58284193277359,0.0814386233600204
1982-10-09,2.13170456886292,1.60468423366547,0.918496608734131,0.0797132303660771
1982-10-10,4.44755125045776,0.0110431853681803,0.892537474632263,0.0779878373721341
1982-10-11,6.83861827850342,0.516774117946625,0.860700845718384,0.0762624443781908
1982-10-12,4.58719968795776,0.0809774622321129,0.904994547367096,0.0759173657794024
1982-10-13,7.72331953048706,0.00175013777334243,1.19809138774872,0.0759173657794024
1982-10-14,6.14589500427246,0.0316622518002987,1.01748061180115,0.0759173657794024
1982-10-15,0.238510176539421,1.38176584243774,0.323055922985077,0.0828189459824974
1982-10-16,-3.39224076271057,11.823245048523,0.312078654766083,0.0900655965570588
1982-10-17,-5.63003301620483,1.33884274959564,0.315088927745819,0.0717764143666158
1982-10-18,-8.25440216064453,0.14618755877018,0.192157372832298,0.0531421535773848
1982-10-19,-7.06052446365356,5.7630824557009e-08,0.298664331436157,0.0507266033858644
1982-10-20,-4.210129737854,0,0.15747457742691,0.0483110490806825
1982-10-21,-4.21196031570435,0.00165707943961024,0.24251814186573,0.0510716819846531
1982-10-22,0.25657194852829,0.079192191362381,0.477500975131989,0.0541773934874121
1982-10-23,-0.94899994134903,0.12246323376894,0.167973950505257,0.0569380222777209
1982-10-24,0.301970928907394,0,0.440576583147049,0.043825023182769
1982-10-25,2.38209199905396,0.0493494421243668,0.269403725862503,0.0524519963798074
1982-10-26,3.22475600242615,0.195449590682983,0.31969878077507,0.0562478650801438
1982-10-27,-0.130891084671021,0.412084579467773,0.18899005651474,0.0531421535773848
1982-10-28,-3.86171340942383,2.15622591972351,0.340712606906891,0.0369234470933353
1982-10-29,-9.46120166778564,0.0104593317955732,0.265192061662674,0.0355431285845194
1982-10-30,-5.53273868560791,0.152170225977898,0.139608383178711,0.0344733853396408
1982-10-31,-4.38945150375366,0.36434680223465,0.199176415801048,0.0314711982392506
1982-11-01,-9.09538650512695,0.0827613174915314,0.143369942903519,
1982-11-02,-13.7387762069702,0.000416389084421098,0.0890605971217156,
1982-11-03,-10.4010696411133,0.00894634891301394,0.457599490880966,
1982-11-04,-3.09118866920471,4.1284441947937,0.688590526580811,
1982-11-05,-4.64676380157471,0.0366694331169128,0,
1982-11-06,-9.87515926361084,1.57297420501709,0.0471710078418255,
1982-11-07,-15.0979022979736,1.06641817092896,0.0861574858427048,
1982-11-08,-19.9779071807861,0.0477538406848908,0.0483902990818024,
1982-11-09,-12.0827264785767,1.34577643871307,0.111511617898941,
1982-11-10,-12.8965215682983,0,0.12225129455328,
1982-11-11,-23.884952545166,1.02898902696325e-05,0.015891881659627,
1982-11-12,-20.6348094940186,0.00424559181556106,0.0193575415760279,
1982-11-13,-16.0493392944336,0.00117178203072399,0.0230804346501827,
1982-11-14,-13.0049180984497,1.77132868766785,0.0891193002462387,
1982-11-15,-12.1179094314575,1.31150352954865,0.0703804641962051,
1982-11-16,-16.4313583374023,3.19175052642822,0.0134067069739103,
1982-11-17,-16.851390838623,3.37682223320007,0.113400563597679,
1982-11-18,-21.7099323272705,1.10412609577179,0.039667934179306,
1982-11-19,-22.4350643157959,3.25684094429016,0.0833532065153122,
1982-11-20,-22.5476341247559,1.16930329799652,0.0568655356764793,
1982-11-21,-22.8697986602783,0.658499956130981,0.0553567446768284,
1982-11-22,-20.9490928649902,0.226518467068672,0.0561989508569241,
1982-11-23,-20.2823600769043,0.207135796546936,0.0585777573287487,
1982-11-24,-22.9994316101074,0.203988716006279,0.00359445088542998,
1982-11-25,-26.7125053405762,1.32881474494934,0,
1982-11-26,-22.8509769439697,0.271389722824097,0.0983038246631622,
1982-11-27,-15.014820098877,0.337991029024124,0,
1982-11-28,-11.5030155181885,1.59574818611145,0.0927061811089516,
1982-11-29,-6.02547216415405,1.54320049285889,0.0475985817611218,
1982-11-30,-7.87920045852661,3.81240844726563,0.0243790466338396,
1982-12-01,-14.9387521743774,3.11944770812988,0.00235621142201126,
1982-12-02,-14.0176858901978,0.746839106082916,0.0593390241265297,
1982-12-03,-13.1616907119751,3.19743204116821,0.0436898581683636,
1982-12-04,-14.8744087219238,3.31872200965881,0.106391675770283,
1982-12-05,-20.1885185241699,0.624690473079681,0.00250879605300725,
1982-12-06,-24.4158744812012,0.515695750713348,0.0259436797350645,
1982-12-07,-30.7735424041748,0.415968477725983,0,
1982-12-08,-23.1159820556641,2.15584468841553,0.150591596961021,
1982-12-09,-19.6454486846924,0.0469871610403061,0.0212540309876204,
1982-12-10,-21.1095218658447,0,0.0306223034858704,
1982-12-11,-17.0508270263672,2.18425393104553,0.0286705885082483,
1982-12-12,-16.3168888092041,4.68987655639648,0.068851001560688,
1982-12-13,-18.0420761108398,0.55687540769577,0,
1982-12-14,-14.8099718093872,0.179065510630608,0.00729562342166901,
1982-12-15,-13.7182607650757,5.17931812282768e-06,0.0478163994848728,
1982-12-16,-14.4294204711914,0.292181849479675,0.0122356023639441,
1982-12-17,-14.0525999069214,2.5565812587738,0.0219417735934258,
1982-12-18,-15.3100814819336,0.577638328075409,0,
1982-12-19,-17.7859935760498,0.417746961116791,0.0266583506017923,
1982-12-20,-23.1982936859131,0.497699409723282,0,
1982-12-21,-18.8567447662354,0.411585211753845,0.0265067145228386,
1982-12-22,-16.3210296630859,0.585702836513519,0.0260676071047783,
1982-12-23,-17.2367382049561,0.496841341257095,0.00421756552532315,
1982-12-24,-15.8299694061279,0.807198584079742,0.0509646199643612,
1982-12-25,-17.4284229278564,3.28459310531616,0.0419581942260265,
1982-12-26,-20.3396034240723,2.04177141189575,0.028684563934803,
1982-12-27,-24.4463348388672,0.394639581441879,0.0129310516640544,
1982-12-28,-22.6777019500732,0.542573630809784,0.0418078452348709,
1982-12-29,-15.1877975463867,0.184334665536881,0.0508187226951122,
1982-12-30,-11.1946792602539,0.227008149027824,0.0380817987024784,
1982-12-31,-10.3971815109253,0.620300769805908,0.00301328976638615,
1983-01-01,-17.7974185943604,0.0672769024968147,0.00321297207847238,
1983-01-02,-11.6121654510498,4.70878601074219,0.0845741033554077,
1983-01-03,-13.1310367584229,1.75700998306274,0.00898052100092173,
1983-01-04,-17.4243946075439,0.341855436563492,0.0317306481301785,
1983-01-05,-20.8372802734375,0.835731327533722,0.000217527049244381,
1983-01-06,-21.5337219238281,0.011021064594388,0.0199228823184967,
1983-01-07,-14.5271024703979,0.505870699882507,0.0487610921263695,
1983-01-08,-14.1005582809448,1.42451596260071,0.0369277074933052,
1983-01-09,-23.2083911895752,0.929054856300354,0.00134268472902477,
1983-01-10,-31.1434764862061,1.31087279319763,0.00310577335767448,
1983-01-11,-29.0100841522217,8.92267894744873,0.0953310951590538,
1983-01-12,-22.2092819213867,4.78435659408569,0.0290657207369804,
1983-01-13,-21.8369064331055,2.56920742988586,0.0413488782942295,
1983-01-14,-21.6479892730713,2.20466351509094,0.110155992209911,
1983-01-15,-18.7924289703369,0.225073784589767,0.00707417819648981,
1983-01-16,-20.3687305450439,0.000644605373963714,0.0950709730386734,
1983-01-17,-14.3345613479614,0.167855978012085,0.0442961305379868,
1983-01-18,-12.2281179428101,0,0.0553428754210472,
1983-01-19,-11.0197525024414,1.3999997463543e-05,0.0543296746909618,
1983-01-20,-10.7838497161865,1.55137860774994,0.032693337649107,
1983-01-21,-15.4761905670166,4.53209161758423,0.125552803277969,
1983-01-22,-23.194299697876,0.634620666503906,0.0405266098678112,
1983-01-23,-27.8901424407959,0.110128492116928,0.0339139699935913,
1983-01-24,-33.6848526000977,0.0409474857151508,0.0103408116847277,
1983-01-25,-29.2541370391846,0,0.0488221682608128,
1983-01-26,-21.3191566467285,0.0630390048027039,0.11869640648365,
1983-01-27,-15.4257965087891,0.346668928861618,0.0781256854534149,
1983-01-28,-15.2447032928467,0.271772861480713,0.0560330972075462,
1983-01-29,-11.2534103393555,2.90574973860203e-07,0.14559018611908,
1983-01-30,-10.8790340423584,0.0098227271810174,0.131726399064064,
1983-01-31,-16.5093269348145,0.143194034695625,0.0091884471476078,
1983-02-01,-21.1909942626953,0.80699622631073,0.0721791312098503,
1983-02-02,-23.4060459136963,0.636867463588715,0.0156498048454523,
1983-02-03,-22.545093536377,3.38496780395508,0.123940162360668,
1983-02-04,-22.3817462921143,0.616796374320984,0.0203450713306665,
1983-02-05,-22.2840690612793,0.450264811515808,0.0752272978425026,
1983-02-06,-15.6638088226318,1.1526358127594,0.114311300218105,
1983-02-07,-17.6721744537354,2.4784562587738,0.126989752054214,
1983-02-08,-16.4597549438477,1.06246745586395,0.119175955653191,
1983-02-09,-16.6823234558105,0.196676969528198,0.0788260623812676,
1983-02-10,-19.7603092193604,0.10191136598587,0.0939080491662025,
1983-02-11,-14.6561651229858,2.50170755386353,0.183798983693123,
1983-02-12,-12.5494337081909,4.13128232955933,0.157295495271683,
1983-02-13,-10.963755607605,0.199903517961502,0.172618508338928,
1983-02-14,-8.93188381195068,0.76924055814743,0.178334265947342,
1983-02-15,-18.9397029876709,1.07154977321625,0.116356924176216,
1983-02-16,-26.4074687957764,0.188550561666489,0.0962554514408112,
1983-02-17,-23.9482116699219,2.71815466880798,0.153445765376091,
1983-02-18,-16.9391307830811,0.950993657112122,0.169866785407066,
1983-02-19,-18.1248531341553,0.174431547522545,0.134384453296661,
1983-02-20,-11.5255746841431,0.619771599769592,0.207868158817291,
1983-02-21,-8.13037395477295,0.00706466007977724,0.200139805674553,
1983-02-22,-7.54286098480225,7.85045699558395e-08,0.261271625757217,
1983-02-23,-7.81923961639404,0.0408251322805882,0.274206936359406,
1983-02-24,-1.62162041664124,1.25450241565704,0.27906545996666,
1983-02-25,-7.25952386856079,0.753933846950531,0.261878132820129,
1983-02-26,-15.8220510482788,1.29752671718597,0.164373233914375,
1983-02-27,-18.9870357513428,1.31510496139526,0.196947276592255,
1983-02-28,-16.6996421813965,0.386744290590286,0.252477288246155,
1983-03-01,-15.1484928131104,0.586925327777863,0.19762122631073,0.00300218658618246
1983-03-02,-15.7888212203979,2.3752977848053,0.229792475700378,0.00293317091784551
1983-03-03,-13.5248136520386,2.67611718177795,0.301870465278626,0.00286415499240471
1983-03-04,-20.0325317382812,0.190514698624611,0.216696500778198,0.00279513932406776
1983-03-05,-18.425220489502,0.0125946085900068,0.224302619695663,0.00276063136134736
1983-03-06,-15.1968803405762,0.114039294421673,0.282613068819046,0.0026916156930104
1983-03-07,-16.5717887878418,0.0621376857161522,0.251850843429565,0.00262259976756961
1983-03-08,-17.1005115509033,0.285303920507431,0.289782702922821,0.00255358409923265
1983-03-09,-8.81211948394775,0.803076326847076,0.280457347631454,0.00251907613651225
1983-03-10,-4.59787178039551,1.15363047825667e-06,0.511770248413086,0.00245006046817529
1983-03-11,-2.26674818992615,0.0167329963296652,0.485083729028702,0.0023810445427345
1983-03-12,-9.18030452728271,0.0130737079307437,0.240463346242905,0.00231202887439755
1983-03-13,-9.93210506439209,1.47534954547882,0.370525151491165,0.00227752091167715
1983-03-14,-7.68055391311646,2.81867098808289,0.447935342788696,0.00220850524334019
1983-03-15,-11.6903047561646,0.425895482301712,0.432797461748123,0.00213948931789939
1983-03-16,-13.1859674453735,0.179557710886002,0.438536405563355,0.00207047352101052
1983-03-17,-13.097957611084,0.487993508577347,0.450805962085724,0.00203596568684204
1983-03-18,-11.0478401184082,0.303653657436371,0.530891537666321,0.00196694988995316
1983-03-19,-11.5538206100464,3.26261043548584,0.418204218149185,0.00189793409306429
1983-03-20,-12.3305768966675,2.37797045707703,0.470630675554276,0.00182891829617541
1983-03-21,-13.1864223480225,0.672210514545441,0.440752893686295,0.00179441046200693
1983-03-22,-14.2746391296387,0.608451008796692,0.499711215496063,0.00172539466511806
1983-03-23,-15.1234903335571,0.321338176727295,0.534321904182434,0.00165637886822918
1983-03-24,-15.1823759078979,0.0932740643620491,0.487655729055405,0.00158736307134031
1983-03-25,-13.6602268218994,0.0143882399424911,0.566400170326233,0.00155285523717183
1983-03-26,-12.5934343338013,0.0133801717311144,0.71570748090744,0.00148383944028295
1983-03-27,-7.6699366569519,0.0799825489521027,0.745933651924133,0.00141482364339408
1983-03-28,-11.5497436523438,0.0055459444411099,0.553759157657623,0.0013458078465052
1983-03-29,-9.9677038192749,0.0260535981506109,0.760296404361725,0.0013112998837848
1983-03-30,-6.91426038742065,6.78209253237583e-05,0.870230317115784,0.00124228408689593
1983-03-31,-2.84375333786011,0.192068114876747,0.72763729095459,0.00117326841855897
1983-04-01,-1.35917580127716,0.0512377247214317,1.03881096839905,0.00110425262167009
1983-04-02,0.422626137733459,0.0239940360188484,1.08291852474213,0.00110425262167009
1983-04-03,0.526457607746124,0.207030221819878,1.05771481990814,0.0010697446589497
1983-04-04,-0.0919789150357246,9.20391656222819e-08,1.14987480640411,0.0010697446589497
1983-04-05,2.22858452796936,7.88336728874128e-06,1.24885654449463,0.0010697446589497
1983-04-06,4.40839004516602,0.0516761466860771,1.39451813697815,0.00103523676050526
1983-04-07,-3.90645289421082,7.91541624069214,0.547883450984955,0.00103523676050526
1983-04-08,-14.7803735733032,8.47412586212158,0.435127019882202,0.00138031568067368
1983-04-09,-15.4898805618286,0.147023066878319,0.794940769672394,0.00172539466511806
1983-04-10,-12.3716239929199,0.0259021669626236,0.843873620033264,0.0024155525054549
1983-04-11,-10.6975135803223,0,0.913106262683868,0.00345078933023611
1983-04-12,-7.3693699836731,0.041344165802002,1.05437910556793,0.00310571047434366
1983-04-13,-0.726587355136871,0.154802307486534,1.2943879365921,0.00276063136134736
1983-04-14,1.84759116172791,0.767630100250244,1.35108709335327,0.00224301294895675
1983-04-15,0.544489800930023,0.914094388484955,1.10201668739319,0.00172539466511806
1983-04-16,2.56457686424255,0.0774736478924751,1.37474584579468,0.00276063136134736
1983-04-17,4.72315263748169,6.33311765341205e-06,1.71566843986511,0.00414094704202104
1983-04-18,4.31764316558838,0.13285519182682,1.60980081558228,0.0062114209486873
1983-04-19,2.59094762802124,0.139064759016037,1.49770617485046,0.0096622100218196
1983-04-20,4.59154748916626,0.00191580061800778,1.87220394611359,0.0241555245403413
1983-04-21,6.41028785705566,0,2.33672285079956,0.0862697319703837
1983-04-22,5.10712337493896,0.890531957149506,0.839742422103882,0.345078927881535
1983-04-23,3.97544527053833,0.0713637843728066,1.49922442436218,1.32855387234391
1983-04-24,2.77039241790771,0.0018946040654555,2.1311674118042,1.68053440511051
1983-04-25,0.869048535823822,0.006339599378407,1.87154722213745,1.93934360102166
1983-04-26,-0.37521755695343,0.00473052822053433,2.00073933601379,2.03941641112501
1983-04-27,-0.54069858789444,4.08079722546972e-06,1.91901040077209,1.78405808347497
1983-04-28,2.48349618911743,0.0189127381891012,1.95383894443512,1.67708353684939
1983-04-29,3.16873526573181,0.450217336416245,1.71850919723511,1.68053440511051
1983-04-30,-0.750029563903809,0,1.99642646312714,1.68398514173446
1983-05-01,-2.43488073348999,2.07357454299927,1.81547069549561,1.52869962418777
1983-05-02,-5.00424718856812,2.32983231544495,1.23167717456818,1.27679203316168
1983-05-03,-6.4165563583374,1.45224237442017,0.753629446029663,1.0352367836446
1983-05-04,-3.18664169311523,1.8222599029541,0.921771168708801,0.79368153412753
1983-05-05,-2.13097095489502,0.256431728601456,1.7387992143631,0.859246517261306
1983-05-06,1.38197934627533,0.443121671676636,1.70218789577484,0.745370497387831
1983-05-07,4.74848556518555,9.34536170959473,0.823983132839203,1.06284307154769
1983-05-08,2.81670737266541,1.31774473190308,1.51820838451386,1.38031571152614
1983-05-09,1.81000590324402,0.0743349865078926,1.82923114299774,1.69778835150459
1983-05-10,4.80505084991455,0.640418767929077,2.37292456626892,1.75990253219583
1983-05-11,3.65989708900452,3.09508776664734,1.55013310909271,1.79441042498398
1983-05-12,1.86601972579956,0.272004187107086,2.04660487174988,1.82891831777214
1983-05-13,-1.67705094814301,0.104070872068405,2.30411458015442,1.55630591209086
1983-05-14,-0.433125525712967,0,2.51953458786011,1.356160160247
1983-05-15,5.56431722640991,0.0165293272584677,2.79413557052612,1.21122698420932
1983-05-16,4.29874086380005,0.0425433851778507,2.29141473770142,1.08009701794177
1983-05-17,-1.01644551753998,5.19751024246216,1.0800279378891,1.21812858909438
1983-05-18,2.02042269706726,0.329728007316589,1.53945422172546,1.16981761817327
1983-05-19,5.61716365814209,2.51139235496521,2.28418397903442,1.131858857124
1983-05-20,4.85600519180298,4.01708078384399,0.533252060413361,1.35961102850811
1983-05-21,4.72331142425537,1.60859727859497,1.95922672748566,1.62532169766716
1983-05-22,-3.34005832672119,2.80287981033325,1.33080768585205,1.72539463940767
1983-05-23,-0.580148875713348,0.481720566749573,2.5196647644043,1.82891831777214
1983-05-24,6.12500476837158,0.0362492688000202,2.85884976387024,1.50454407290863
1983-05-25,10.8470020294189,2.39024925231934,2.75222635269165,1.34925855536194
1983-05-26,8.85582542419434,0.492026895284653,3.75770568847656,1.30439832106477
1983-05-27,8.57665824890137,0.00546223344281316,3.64532947540283,1.26298882339155
1983-05-28,12.0171194076538,4.24059116710396e-08,4.71958160400391,1.21812858909438
1983-05-29,15.9459915161133,0,5.1846079826355,1.10770330584486
1983-05-30,17.9643669128418,0.0513765327632427,5.56280612945557,0.99727808841392
1983-05-31,15.6011428833008,0.00785393454134464,4.24495935440064,1.05594153248121
1983-06-01,8.4116039276123,0.259293526411057,2.24676823616028,1.05249073003868
1983-06-02,6.1405234336853,1.13355624675751,2.38061881065369,0.911008356443537
1983-06-03,4.54129266738892,1.33396291732788,2.36827206611633,0.94551624923169
1983-06-04,5.67084455490112,0.0722551047801971,2.22482681274414,0.883402068540445
1983-06-05,8.87330913543701,0.544184744358063,3.75924563407898,0.824738624473153
1983-06-06,10.1812829971313,8.17853546142578,2.23651337623596,0.807484678079076
1983-06-07,9.24548625946045,2.0207622051239,2.66213917732239,0.845443373309761
1983-06-08,9.71244621276855,2.08019185066223,2.91836333274841,1.10425256922091
1983-06-09,10.3215236663818,4.42886638641357,2.29705858230591,1.36651250175601
1983-06-10,9.8020486831665,1.116082072258,2.34647798538208,1.24573487699748
1983-06-11,10.3552112579346,0.0778607428073883,2.23617768287659,1.12840812050005
1983-06-12,11.0238552093506,0.257332056760788,3.84561920166016,1.04903992759615
1983-06-13,13.1693086624146,0.0715442299842835,5.08104276657105,0.973122602953363
1983-06-14,14.9386081695557,1.74114167690277,4.29939746856689,0.904106817377056
1983-06-15,16.9953880310059,1.01352095603943,4.93427896499634,0.831640229358215
1983-06-16,17.1688613891602,0.0611850544810295,4.89599943161011,0.759173641339377
1983-06-17,14.232762336731,2.8349916934967,2.45398855209351,0.700510197272082
1983-06-18,15.2427206039429,0.0515262819826603,3.59735703468323,0.641846819023371
1983-06-19,10.0343675613403,3.98801779747009,2.70277380943298,0.641846819023371
1983-06-20,11.3122816085815,2.72377991676331,2.44076728820801,0.641846819023371
1983-06-21,11.6645526885986,0.0830398499965668,3.56347846984863,0.63839601658084
1983-06-22,12.1903533935547,1.55199631990399e-05,4.52981901168823,0.63839601658084
1983-06-23,13.5629482269287,0,4.68053865432739,0.617691267744232
1983-06-24,14.1126337051392,0.159624084830284,4.3576078414917,0.562478626119468
1983-06-25,12.3922691345215,0.000250124547164887,5.23109531402588,0.455504178221767
1983-06-26,11.3988647460938,0,4.88837909698486,0.458954980664301
1983-06-27,14.5587644577026,0.00411185342818499,4.39364814758301,0.465856552640072
1983-06-28,15.9217739105225,4.64795827865601,3.78345489501953,0.469307355082603
1983-06-29,16.8149452209473,0.00507361255586147,5.31307458877564,0.452053408688526
1983-06-30,17.5597839355469,0.803961515426636,5.23805665969849,0.43479946229445
1983-07-01,17.4674472808838,0,4.72706604003906,0.43479946229445
1983-07-02,17.83473777771,0.143893465399742,5.24126148223877,0.410643911015311
1983-07-03,16.659740447998,0.198968976736069,5.05141067504883,0.38648839264546
1983-07-04,12.3062534332275,0,4.95170402526856,0.365783676718143
1983-07-05,12.556526184082,4.3657112121582,3.64363884925842,0.340937984696071
1983-07-06,11.3482599258423,2.26924085617065,3.1478111743927,0.314366891452734
1983-07-07,7.96025848388672,0.423931956291199,1.71961331367493,0.3009088343273
1983-07-08,11.5571899414062,2.351970911026,2.95816588401794,0.287450744292575
1983-07-09,14.1710262298584,0.665394842624664,4.38301372528076,0.313676750709802
1983-07-10,14.6220331192017,0.172325909137726,5.11259698867798,0.233963520343725
1983-07-11,14.7254800796509,0.0294099934399128,4.69944047927856,0.154595360349114
1983-07-12,14.6549320220947,0.021075677126646,4.29531764984131,0.21291370113565
1983-07-13,12.9443187713623,3.13130927085876,4.04856109619141,0.235688905110345
1983-07-14,12.0586738586426,12.9167938232422,0.815769612789154,0.25846410908504
1983-07-15,11.625506401062,10.9887228012085,2.16943526268005,0.259499353108728
1983-07-16,9.35359191894531,7.51189565658569,0.879128098487854,0.260534597132417
1983-07-17,10.059627532959,1.69218802452087,2.50436115264893,0.252942851504422
1983-07-18,10.8315172195435,0.177530407905579,3.69548344612122,0.245351122331072
1983-07-19,12.6483221054077,0.000638570345472544,3.95824193954468,0.237759376703077
1983-07-20,15.1870727539062,0.400278598070145,4.57368183135986,0.232928276320036
1983-07-21,13.686092376709,0.0122650600969791,1.16334998607636,0.256048567120842
1983-07-22,14.4908895492554,3.06977272033691,2.21665596961975,0.236724149134034
1983-07-23,15.7201662063599,0.431004732847214,4.0832781791687,0.209117828321653
1983-07-24,16.8054389953613,0.614245533943176,3.62581872940064,0.208772757950187
1983-07-25,16.8595790863037,6.56052970886231,2.61602425575256,0.208427671124076
1983-07-26,17.7442359924316,3.5315957069397,3.26130771636963,0.208427671124076
1983-07-27,18.1241073608398,0.299691736698151,3.49912738800049,0.199800697927037
1983-07-28,17.4929542541504,3.07862114906311,3.65055418014526,0.199800697927037
1983-07-29,17.5098667144775,0.124854221940041,4.19716501235962,0.184962309951803
1983-07-30,16.0550975799561,0.0308936983346939,3.61556196212769,0.182891838359072
1983-07-31,18.5675220489502,3.21210718154907,4.77267456054688,0.181166437137806
1983-08-01,18.3415412902832,0.435919582843781,4.1912260055542,0.17944103591654
1983-08-02,16.9159774780273,0,3.73852825164795,0.177370564323808
1983-08-03,15.9128131866455,9.11205291748047,2.89851140975952,0.175645179557188
1983-08-04,12.9258556365967,3.44667887687683,2.98407244682312,0.158391233163111
1983-08-05,15.029688835144,0.104775823652744,4.32285308837891,0.140792199942923
1983-08-06,14.9272089004517,0.275666832923889,4.18802499771118,0.146658544349652
1983-08-07,15.2904396057129,0.0716374069452286,4.01790285110474,0.140102042745346
1983-08-08,14.1945238113403,1.75532007217407,3.43613004684448,0.133545541141039
1983-08-09,15.4331693649292,4.45302504203937e-07,4.46248960494995,0.126989047764055
1983-08-10,19.482271194458,0.720319509506226,4.75555801391602,0.108699865573613
1983-08-11,19.6490821838379,4.54167604446411,2.06858611106873,0.111115415765133
1983-08-12,14.2882013320923,9.47258949279785,2.36576104164124,0.10352367836446
1983-08-13,12.1247253417969,1.26023972034454,3.3918879032135,0.0955868623649993
1983-08-14,9.97750663757324,10.8498067855835,1.24961972236633,0.10110812817294
1983-08-15,10.0610609054565,1.26393580436707,2.65475225448608,0.106629385753558
1983-08-16,10.8772563934326,3.58384251594543,2.86499953269959,0.120432546159749
1983-08-17,9.89785575866699,4.22282791137695,2.44573020935059,0.122157939153692
1983-08-18,8.31668281555176,4.45498132705689,1.64400970935822,0.123883332147635
1983-08-19,6.50371265411377,4.22282934188843,1.62546956539154,0.126298890566478
1983-08-20,7.60885667800903,3.63429045677185,1.27132833003998,0.132165226745885
1983-08-21,8.85632038116455,1.37613117694855,2.49518227577209,0.123883332147635
1983-08-22,12.2752370834351,0.178477987647057,3.27592515945435,0.128024283560421
1983-08-23,13.4093761444092,0.191044047474861,3.23745393753052,0.132165226745885
1983-08-24,13.804723739624,0.295123994350433,3.45078492164612,0.136306178158671
1983-08-25,13.0199708938599,1.18077387014637e-05,3.3800106048584,0.126989047764055
1983-08-26,13.8504543304443,0.18964558839798,3.11142015457153,0.0776427587733454
1983-08-27,13.1305913925171,0.17675943672657,3.10181498527527,0.0769526015757682
1983-08-28,13.9179286956787,0.322241902351379,2.89675116539001,0.0766075229769795
1983-08-29,14.6073551177979,0.240249469876289,2.72550964355469,0.0759173657794024
1983-08-30,14.9304542541504,0.340382426977158,3.08192849159241,0.0838541817788633
1983-08-31,13.3493432998657,0.172816455364227,2.96936011314392,0.0855795747728066
1983-09-01,14.1358613967896,0.663504064083099,2.22333955764771,0.0866148105691725
1983-09-02,12.1285448074341,1.16309201717377,2.39645552635193,0.080748466162443
1983-09-03,11.4402284622192,9.26375389099121,1.21631455421448,0.0724665715641933
1983-09-04,7.17248964309692,0,1.057501912117,0.0738468941866703
1983-09-05,5.75208377838135,0.0336875207722187,1.43920850753784,0.0745370513842478
1983-09-06,5.60904502868652,6.20137453079224,1.54865264892578,0.0748821299830366
1983-09-07,5.46244382858276,13.8271484375,0.320678740739822,0.080748466162443
1983-09-08,4.66833925247192,2.10714411735535,1.20818722248077,0.0866148105691725
1983-09-09,5.96705532073975,2.15987896919251,1.54076838493347,0.0924811549759017
1983-09-10,5.55320644378662,0.825047492980957,1.65912914276123,0.122848096351269
1983-09-11,4.95121288299561,0.245646730065346,1.5732501745224,0.153215045953959
1983-09-12,6.1556339263916,0.0427736304700375,1.91656398773193,0.138376657978726
1983-09-13,6.37768316268921,0.0198445897549391,2.12020301818848,0.123193174950058
1983-09-14,8.39603614807129,1.44984555244446,0.91027969121933,0.123193174950058
1983-09-15,6.9742546081543,0.042901773005724,1.92080116271973,0.11767191736944
1983-09-16,4.46994018554688,2.30551910400391,1.32476615905762,0.112150651561499
1983-09-17,0.384245246648788,0.885980129241943,0.889237701892853,0.10939002277119
1983-09-18,-0.872284948825836,0.168986946344376,1.14430260658264,0.0907557619819587
1983-09-19,-1.14747297763824,2.61684635916026e-05,1.27254581451416,0.0724665715641933
1983-09-20,2.72585988044739,0,1.45346212387085,0.0721214929654046
1983-09-21,2.03254103660583,0.000193446816410869,1.31361198425293,0.0724665715641933
1983-09-22,8.56302070617676,0,1.71895122528076,0.0717764143666158
1983-09-23,8.75664329528809,0.886714577674866,1.76528799533844,0.0710862571690387
1983-09-24,5.21395635604858,0.141924172639847,1.49583494663239,0.0655649954747593
1983-09-25,5.3371114730835,2.35644865036011,1.37819731235504,0.0603888123792686
1983-09-26,5.18002080917358,5.51691722869873,0.597429275512695,0.0596986551816915
1983-09-27,-1.37361741065979,1.72356104850769,0.837412774562836,0.059008497984114
1983-09-28,-6.60611486434937,0,0.91966325044632,0.0548675506849892
1983-09-29,-3.74066543579102,0,1.06207084655762,0.0555577078825663
1983-09-30,-0.0805042907595634,9.78227944870014e-07,1.21059334278107,0.0503815247870757
1983-10-01,4.64901828765869,2.7620153427124,1.14714515209198,0.053832310774962
1983-10-02,4.57949638366699,2.14172983169556,0.498382300138474,0.0500364461882873
1983-10-03,3.08533406257629,2.64225196838379,0.241716250777245,0.0462405774879508
1983-10-04,1.1452556848526,0.89553302526474,0.597478151321411,0.0472758132843167
1983-10-05,-0.769806206226349,0.264232724905014,0.85802435874939,0.0486561276794713
1983-10-06,0.268381059169769,0.00385367055423558,0.768995761871338,0.0458954988891621
1983-10-07,1.15342450141907,0.0300577692687511,0.774320781230927,0.0434799445839806
1983-10-08,2.68011713027954,0.445330411195755,0.670244574546814,0.0403742330812216
1983-10-09,-0.903030574321747,1.04945075511932,0.373899519443512,0.0376136042909125
1983-10-10,-4.25394248962402,0.208425030112267,0.816570043563843,0.0362332857820965
1983-10-11,1.42978715896606,0.0050940215587616,0.829457521438599,0.0344733853396408
1983-10-12,3.25027823448181,0,0.787921607494354,0.0294007245896882
1983-10-13,2.92121171951294,1.99219119548798,0.542822778224945,0.0242935563912229
1983-10-14,-0.382262378931046,9.16927051544189,0.229966223239899,0.0249837135888001
1983-10-15,-6.31045150756836,2.16393899917603,0.402637213468552,0.0257083802917208
1983-10-16,-12.5056610107422,0.00697165681049228,0.291428089141846,0.0267091086395739
1983-10-17,-7.14030790328979,0.144289970397949,0.462517857551575,0.0263295225922726
1983-10-18,-0.819427728652954,4.82646501041018e-05,0.351927489042282,0.0259499344881406
1983-10-19,2.67669701576233,0.067277304828167,0.406898975372314,0.0239139703439215
1983-10-20,2.27914643287659,5.45767209203518e-10,0.318994045257568,0.0230512717901193
1983-10-21,1.20469427108765,0.00781585648655891,0.338179141283035,0.0221885752931477
1983-10-22,2.62871718406677,1.24113869667053,0.443493068218231,0.0213258767393455
1983-10-23,0.344449192285538,0.0154827833175659,0.715341806411743,0.02125686184232
1983-10-24,-0.88120311498642,1.81432092189789,0.535392999649048,0.0211878469452946
1983-10-25,-1.28844940662384,3.68611288070679,0.251700937747955,0.0211878469452946
1983-10-26,0.0936215445399284,5.56480884552002,0.25405216217041,0.0216019404411087
1983-10-27,-2.25181937217712,0.120544023811817,0.111179016530514,0.0201871165406108
1983-10-28,-3.55259776115417,0.031426202505827,0.305017620325089,0.0193244200436392
1983-10-29,-0.532531917095184,0,0.330528497695923,0.0193244200436392
1983-10-30,1.8185703754425,0.0356889478862286,0.336043030023575,0.0167363284958938
1983-10-31,-1.41728627681732,0.00340851792134345,0.103972993791103,0.0167363284958938
1983-11-01,-4.1067066192627,0.00655667204409838,0.267073392868042,
1983-11-02,0.513098537921906,1.63674283027649,0.14388282597065,
1983-11-03,1.3846127986908,0.147561892867088,0.0377345234155655,
1983-11-04,-1.47196221351624,0.00238633155822754,0,
1983-11-05,-3.04974675178528,1.1346048116684,0.0436248406767845,
1983-11-06,-7.16911125183105,0.572604537010193,0.031329944729805,
1983-11-07,-8.20938014984131,0.410205125808716,0.0881601572036743,
1983-11-08,-11.1897325515747,0.68561726808548,0.0784561932086945,
1983-11-09,-11.9590444564819,0.0774282813072205,0.0614334642887116,
1983-11-10,-10.7359485626221,0.447436898946762,0.0703878998756409,
1983-11-11,-8.47003650665283,2.95773339271545,0.207914590835571,
1983-11-12,-4.53418636322021,0.708592474460602,0,
1983-11-13,-5.20262765884399,2.11322236061096,0,
1983-11-14,-5.56062364578247,0.146372824907303,0.0392519868910313,
1983-11-15,-4.54875993728638,1.03480422496796,0.0475665666162968,
1983-11-16,-3.40751600265503,0.000191620289115235,0.00676107965409756,
1983-11-17,-0.783159255981445,0.575109601020813,0.0181995872408152,
1983-11-18,-4.14980506896973,1.556725025177,0.0197000075131655,
1983-11-19,-5.02099132537842,0.0612607337534428,0.0939911901950836,
1983-11-20,-6.71868228912354,0.0921066179871559,0.0137505913153291,
1983-11-21,-6.98327589035034,0.221298083662987,0.00528957322239876,
1983-11-22,-9.15298652648926,0.385045319795609,0.0277570635080338,
1983-11-23,-8.92780208587646,0.0893248692154884,0,
1983-11-24,-11.1407899856567,0.0101562160998583,0,
1983-11-25,-13.7677373886108,0.0327463932335377,0,
1983-11-26,-13.4320659637451,2.04105035663815e-05,0,
1983-11-27,-11.2753582000732,0.0482607968151569,0,
1983-11-28,-14.1346416473389,0.233455419540405,0,
1983-11-29,-15.4689273834229,0.000798901484813541,0,
1983-11-30,-16.2294578552246,0.0760820955038071,0.00900753680616617,
1983-12-01,-17.3171806335449,0.00920409336686134,0,
1983-12-02,-16.9559860229492,2.39152979850769,0.024541636928916,
1983-12-03,-18.2825355529785,0.389109402894974,0.0380947440862656,
1983-12-04,-22.2665748596191,1.20970261096954,0,
1983-12-05,-18.879753112793,0.0894594043493271,0,
1983-12-06,-20.4620361328125,0.632303237915039,0.0511196665465832,
1983-12-07,-28.2201175689697,0.278566777706146,0.00913212075829506,
1983-12-08,-28.3662776947021,0.10273752361536,0,
1983-12-09,-30.3422145843506,0.22815378010273,0,
1983-12-10,-27.2821998596191,0.146373078227043,0.0162686984986067,
1983-12-11,-24.5578670501709,2.44552779197693,0.019088052213192,
1983-12-12,-21.7110137939453,2.47763538360596,0.0080499304458499,
1983-12-13,-26.8392105102539,0.00508477119728923,0,
1983-12-14,-33.1702346801758,0,0.000329118600348011,
1983-12-15,-30.9037685394287,0.0105436649173498,0.00999306794255972,
1983-12-16,-31.6382179260254,0.248280093073845,0.0148826008662581,
1983-12-17,-27.7527694702148,0.0327329523861408,0,
1983-12-18,-25.7438735961914,2.92698296107119e-05,0,
1983-12-19,-27.0869808197021,0.00128921028226614,0.00541565893217921,
1983-12-20,-24.6789360046387,0.0242064110934734,0.0153200449422002,
1983-12-21,-24.3565673828125,0.0138069735839963,0.017129460349679,
1983-12-22,-26.4565734863281,0.00894883740693331,0.0426886565983295,
1983-12-23,-30.1296195983887,0.0524362623691559,0.00370520050637424,
1983-12-24,-22.2417736053467,0.0323402099311352,0.0341211780905724,
1983-12-25,-14.6463556289673,0.811251640319824,0.0556885488331318,
1983-12-26,-16.1917877197266,1.95138001441956,0.0352747738361359,
1983-12-27,-16.6284065246582,0.253082811832428,0.0487311780452728,
1983-12-28,-19.7489337921143,1.16177645281823e-07,0.0323599018156528,
1983-12-29,-19.2261447906494,0.0136550348252058,0.0242343842983246,
1983-12-30,-20.225715637207,0.00537767400965095,0,
1983-12-31,-18.324499130249,0.0070842788554728,0.0432187095284462,
1984-01-01,-13.9467296600342,1.53715097904205,0.0734777301549912,
1984-01-02,-11.5315980911255,1.12274932861328,0.168296962976456,
1984-01-03,-12.6890554428101,0.0268597882241011,0,
1984-01-04,-10.6305627822876,5.61127376556397,0.0356035903096199,
1984-01-05,-8.57948589324951,0.559751927852631,0.0312090329825878,
1984-01-06,-14.5134468078613,0.15768601000309,0,
1984-01-07,-20.4285087585449,0.00202217209152877,0.0185021702200174,
1984-01-08,-24.563943862915,0.151809424161911,0.0089393500238657,
1984-01-09,-25.3404083251953,0.149064749479294,0.0135040981695056,
1984-01-10,-23.945182800293,0.00911715254187584,0.0917686745524406,
1984-01-11,-19.9723472595215,0.910673439502716,0.0330161079764366,
1984-01-12,-20.3882694244385,0.10345196723938,0,
1984-01-13,-23.0705261230469,3.87785803468432e-06,0.0599570386111736,
1984-01-14,-14.9931650161743,0.170220673084259,0.215541571378708,
1984-01-15,-13.8863477706909,1.76273083686829,0.076209269464016,
1984-01-16,-24.3514671325684,0.0892035961151123,0.0194166619330645,
1984-01-17,-25.4462337493896,0.040107935667038,0.0324506238102913,
1984-01-18,-23.776819229126,0.201889365911484,0,
1984-01-19,-25.0373954772949,0.112988591194153,0.0426760576665401,
1984-01-20,-21.1084041595459,0.524608433246613,0.0338194258511066,
1984-01-21,-22.8632755279541,0.951913774013519,0.0456258878111839,
1984-01-22,-21.2389965057373,4.58472919464111,0.0945883318781853,
1984-01-23,-22.6263980865479,2.59484386444092,0.0642396658658981,
1984-01-24,-30.0287208557129,1.09132611751556,0.0305396858602762,
1984-01-25,-26.9371452331543,2.35029220581055,0.061238519847393,
1984-01-26,-27.0453052520752,1.14042901992798,0.0945004820823669,
1984-01-27,-14.9608869552612,3.37850546836853,0.0866408422589302,
1984-01-28,-10.3180770874023,0.745751440525055,0.064658634364605,
1984-01-29,-15.1414670944214,0.492856770753861,0.0679791420698166,
1984-01-30,-10.2426109313965,0.513333916664124,0.145429491996765,
1984-01-31,-6.06295490264893,1.04122114181519,0.0638360977172852,
1984-02-01,-11.9487581253052,2.05965805053711,0.0275609698146582,
1984-02-02,-11.3005285263062,3.61530303955078,0.152346238493919,
1984-02-03,-17.9368915557861,0.484180897474289,0.0442608930170536,
1984-02-04,-20.0006332397461,1.14718008041382,0.144279792904854,
1984-02-05,-11.4785270690918,0.000171537059941329,0.198407292366028,
1984-02-06,-14.0765724182129,1.32011067867279,0.137205019593239,
1984-02-07,-8.57812023162842,0.0352553762495518,0.0990431234240532,
1984-02-08,-10.7727031707764,1.45024967193604,0.0799091085791588,
1984-02-09,-17.5690498352051,2.47352313995361,0.136160135269165,
1984-02-10,-20.8682727813721,1.51926016807556,0.146715953946114,
1984-02-11,-20.3941516876221,0.558395028114319,0.148321211338043,
1984-02-12,-11.7188110351562,1.7190420627594,0.179783135652542,
1984-02-13,-14.4573354721069,1.31780564785004,0.119411587715149,
1984-02-14,-13.8914976119995,0.168130308389664,0.155300170183182,
1984-02-15,-9.94594097137451,0,0.131359726190567,
1984-02-16,-6.87817716598511,0.00252957688644528,0.220732226967812,
1984-02-17,-8.36108016967773,1.78926384251099e-05,0.234842211008072,
1984-02-18,-8.18458938598633,1.78926384251099e-05,0.206811174750328,
1984-02-19,-6.39663457870483,0.720579206943512,0.216939032077789,
1984-02-20,-1.61309969425201,0.600196123123169,0.179754018783569,
1984-02-21,-2.83258819580078,0.256244212388992,0.195012420415878,
1984-02-22,-6.49225664138794,0.132880851626396,0.178739100694656,
1984-02-23,-7.75856876373291,0.0407776236534119,0.20683553814888,
1984-02-24,-10.1455659866333,0.0471171624958515,0.188696458935738,
1984-02-25,-12.5449323654175,0.0737609267234802,0.229839861392975,
1984-02-26,-14.6750087738037,0.000561678723897785,0.2029177993536,
1984-02-27,-10.589391708374,0.561475932598114,0.359883815050125,
1984-02-28,-6.38830375671387,1.22818052768707,0.363265424966812,
1984-02-29,-8.07546901702881,0.921738386154175,0.280804753303528,
1984-03-01,-9.22750091552734,0.436386644840241,0.299181252717972,0
1984-03-02,-7.3934006690979,0.00248109106905758,0.345706909894943,0
1984-03-03,-12.1521635055542,0.0137179931625724,0.27197191119194,0
1984-03-04,-13.9721698760986,0.560810565948486,0.369164407253265,0
1984-03-05,-8.63699436187744,0.388205319643021,0.421321839094162,0
1984-03-06,-12.4687480926514,0.160989478230476,0.295807331800461,0
1984-03-07,-18.9184131622314,0.000636445707641542,0.299186676740646,0
1984-03-08,-14.9392585754395,2.05433771043317e-05,0.388753771781921,0
1984-03-09,-12.753978729248,0.00413525803014636,0.445239931344986,0
1984-03-10,-18.3954658508301,0,0.356433808803558,0
1984-03-11,-14.8980121612549,0,0.411540597677231,0
1984-03-12,-19.6453533172607,0.0168778002262115,0.279960870742798,0
1984-03-13,-25.1286201477051,0.0116971218958497,0.205597519874573,0
1984-03-14,-26.9597988128662,0.0655127987265587,0.225705489516258,0
1984-03-15,-25.0851573944092,0,0.310952931642532,0
1984-03-16,-14.4833974838257,0.328504502773285,0.554983139038086,0
1984-03-17,-8.71613693237305,1.97028923034668,0.549905121326447,0
1984-03-18,-7.03298091888428,0.171366050839424,0.618412911891937,0
1984-03-19,-2.82229256629944,0.0011229122756049,0.667398154735565,0
1984-03-20,-3.61177110671997,0.000629797985311598,0.770861506462097,0
1984-03-21,-1.75804197788239,1.30032253265381,0.901175737380981,0
1984-03-22,-2.63857841491699,2.62371373176575,0.671810269355774,0
1984-03-23,-3.26384568214417,3.36464381217957,0.369563430547714,0
1984-03-24,-2.10750532150269,0.816933393478394,0.831147968769074,0
1984-03-25,-2.10419631004333,0.000259018037468195,0.750860512256622,0
1984-03-26,-1.19911372661591,0,0.808669626712799,0
1984-03-27,0.885923087596893,0.410611540079117,0.901580154895782,0
1984-03-28,2.03461813926697,0.00297596771270037,1.09995639324188,0
1984-03-29,2.91067051887512,0.0220786295831203,1.16028380393982,0
1984-03-30,3.31987929344177,0,1.33129680156708,0
1984-03-31,4.14319181442261,0,1.48272264003754,0
1984-04-01,3.05010509490967,2.46775707637426e-05,1.41911816596985,0
1984-04-02,2.56803297996521,0.0855964049696922,1.35284459590912,0
1984-04-03,1.65647375583649,0,1.40965020656586,0
1984-04-04,3.84656667709351,0.0194987636059523,1.52301371097565,0
1984-04-05,-1.1623432636261,1.5545015335083,0.614367425441742,3.45078944271904e-05
1984-04-06,-2.12175321578979,0.595681965351105,0.907316386699677,0.00017253946008421
1984-04-07,-0.835895955562592,0.0060307402163744,1.47449493408203,0.00034507892016842
1984-04-08,1.96797299385071,0.378727614879608,1.64429426193237,0.01314750757188
1984-04-09,2.86809945106506,0.0343496985733509,1.78323805332184,0.018323691695786
1984-04-10,4.02569580078125,0.112974256277084,1.80074834823608,0.0305049773399102
1984-04-11,4.28387117385864,0,1.57967448234558,0.0496913675894985
1984-04-12,2.94117450714111,2.19760727882385,1.18138337135315,0.0855795747728066
1984-04-13,0.560594856739044,0.234849035739899,1.40206003189087,0.166673119534038
1984-04-14,4.89365911483765,0,2.28561806678772,0.24776666429527
1984-04-15,13.2065095901489,0,3.62978100776672,0.329205295882613
1984-04-16,12.0344047546387,0.000167334903380834,2.9771556854248,0.410643911015311
1984-04-17,5.82637596130371,1.1663031578064,1.61787021160126,0.862697319703837
1984-04-18,3.60058832168579,0.185781732201576,2.15183687210083,1.356160160247
1984-04-19,2.66423511505127,0.043256551027298,1.03406155109406,0.969671800510829
1984-04-20,5.12287950515747,0.410259306430817,2.14683365821838,0.759173641339377
1984-04-21,7.1708984375,8.96111960173585e-05,2.71302723884583,0.652199160532386
1984-04-22,5.86977863311768,1.02693831920624,2.70495080947876,0.565929428562002
1984-04-23,4.71843910217285,0.979895532131195,2.57717204093933,0.524519963798074
1984-04-24,2.97653031349182,0.145537912845612,1.85816633701324,0.483110499034149
1984-04-25,1.0634446144104,0.130544111132622,1.64053320884705,0.472758124615843
1984-04-26,0.823934853076935,0.656806766986847,2.22856330871582,0.400291569506296
1984-04-27,2.1745011806488,0.0529951229691505,2.38549160957336,0.348529730324066
1984-04-28,3.71264243125916,0.628469884395599,2.7419958114624,0.301598975070232
1984-04-29,4.14741182327271,0,3.15770411491394,0.276063142305228
1984-04-30,6.45477390289307,0,3.15571856498718,0.236724149134034
1984-05-01,5.32591152191162,0.00839406624436379,3.1506040096283,0.233618433517613
1984-05-02,7.64232540130615,0.0613096244633198,3.90292763710022,0.208427671124076
1984-05-03,8.81918525695801,0.0346766300499439,3.62207579612732,0.181166437137806
1984-05-04,7.3623218536377,0.0231280140578747,3.42076373100281,0.160116617929732
1984-05-05,5.29207801818848,0.0261173527687788,2.81216788291931,0.147348701547229
1984-05-06,3.30946016311646,0.017328217625618,2.33507108688355,0.145968387152075
1984-05-07,2.16370487213135,0.347289443016052,2.61382794380188,0.140102042745346
1984-05-08,2.19673871994019,2.00478458404541,2.0400538444519,0.123883332147635
1984-05-09,-0.63295316696167,11.9111089706421,1.07821917533875,0.125263654770112
1984-05-10,-0.170628294348717,4.56973695755005,1.02414274215698,0.120432546159749
1984-05-11,2.00590944290161,3.78716778755188,1.41502904891968,0.135270942362305
1984-05-12,3.81893754005432,0.076291911303997,2.46259045600891,0.128714440757999
1984-05-13,7.62281894683838,1.78860882442677e-05,3.70677924156189,0.116981760171862
1984-05-14,10.1166105270386,1.64711618423462,1.99684536457062,0.168053433929193
1984-05-15,6.98486709594727,1.11466348171234,1.0791140794754,0.272267269491231
1984-05-16,5.74237060546875,11.5835237503052,1.04164350032806,0.335761781032274
1984-05-17,4.77319192886353,16.6765155792236,0.301958084106445,0.376136018227158
1984-05-18,6.41981935501099,5.77456998825073,1.18110859394073,0.54177391019215
1984-05-19,8.56669998168945,0.0182744599878788,2.68748116493225,1.27679203316168
1984-05-20,7.41949129104614,2.38610744476318,0.919418573379517,1.24573487699748
1984-05-21,6.59942150115967,1.04152953624725,3.28486895561218,0.983474944462375
1984-05-22,3.20777487754822,0.133086323738098,3.58636331558228,0.873049661212849
1984-05-23,4.02400398254395,0,3.39415264129639,0.707411802157147
1984-05-24,5.03616428375244,0,3.08474493026733,0.579732572513544
1984-05-25,7.24327087402344,0.00131966546177864,3.51566958427429,0.521069194264833
1984-05-26,8.66043186187744,1.01502096652985,3.1931836605072,0.43825023182769
1984-05-27,9.28757667541504,1.31619703769684,3.29016804695129,0.424447087876148
1984-05-28,10.2682514190674,1.18639516830444,4.06875991821289,0.410643911015311
1984-05-29,10.9085836410522,0.228822484612465,4.10813188552856,0.403742339039536
1984-05-30,10.9223976135254,5.86567640304565,3.56855225563049,0.396840767063765
1984-05-31,7.61561965942383,15.6318073272705,0.467206716537476,0.383037623112219
1984-06-01,6.09546422958374,2.26791977882385,1.68097198009491,0.393389964621234
1984-06-02,7.34608364105225,2.24454212188721,2.56891465187073,0.99727808841392
1984-06-03,7.89797878265381,6.14527082443237,2.33152890205383,1.71504229789866
1984-06-04,8.38384437561035,0.41533488035202,3.25497388839722,1.20777624758537
1984-06-05,10.9811067581177,0.170539036393166,4.55109977722168,0.959319393183233
1984-06-06,14.2502527236938,1.39208388328552,3.65227723121643,0.814386282964138
1984-06-07,15.2953681945801,1.112340092659,3.81376647949219,0.728116550993754
1984-06-08,13.0411071777344,0.104373216629028,4.7090916633606,0.652199160532386
1984-06-09,12.3616456985474,0,5.00945711135864,0.565929428562002
1984-06-10,14.9017400741577,0.0136979250237346,4.61344528198242,0.524519963798074
1984-06-11,13.6574945449829,3.62028622627258,3.04233860969543,0.493462873452455
1984-06-12,12.9130220413208,0.011935762129724,5.2368483543396,0.496913642985695
1984-06-13,13.9477291107178,5.06283950805664,3.71444416046143,0.483110499034149
1984-06-14,12.8673334121704,0.65953803062439,4.47234869003296,0.469307355082603
1984-06-15,13.1295547485352,0.0993421226739883,4.82666206359863,0.469307355082603
1984-06-16,13.2088184356689,3.89856863021851,4.48231077194214,0.465856552640072
1984-06-17,11.8505210876465,2.53597044944763,2.43908143043518,0.448602606245995
1984-06-18,9.83462142944336,2.4353551864624,2.97545003890991,0.483110499034149
1984-06-19,10.7511329650879,4.79622220993042,3.17421889305115,0.869598924588903
1984-06-20,11.06409740448,7.31804370880127,1.64526796340942,0.897205212491991
1984-06-21,11.3951740264893,0.917956590652466,3.83678030967712,0.900656014934522
1984-06-22,11.9177217483521,2.75027823448181,4.06032705307007,0.786779929242465
1984-06-23,13.8110055923462,0.521454811096191,4.3464674949646,0.69015785576307
1984-06-24,14.9869060516357,2.03610897064209,4.38191938400269,0.686707053320539
1984-06-25,14.790246963501,2.86118245124817,3.42562174797058,0.565929428562002
1984-06-26,13.0337505340576,1.76963305473328,3.11508011817932,0.534872338216379
1984-06-27,14.254810333252,2.38873219490051,4.1824221611023,0.517618391822302
1984-06-28,13.5862283706665,1.39029550552368,4.62930583953857,0.503815247870757
1984-06-29,12.6506299972534,19.8968753814697,3.47906231880188,0.565929428562002
1984-06-30,9.14275360107422,40.130916595459,0.375948131084442,0.572831033447064
1984-07-01,7.54102468490601,18.7379417419434,0.824070572853088,1.68743600999557
1984-07-02,7.35694026947021,4.18645191192627,1.40328097343445,4.55504184803626
1984-07-03,10.1047735214233,0.00314544443972409,2.73281240463257,6.00437334513871
1984-07-04,11.3445692062378,0.0909493640065193,3.63704895973206,4.9001207759178
1984-07-05,14.0813140869141,0,4.65929985046387,3.1540214534921
1984-07-06,12.5517835617065,9.13523960113525,1.44183897972107,2.47076507097692
1984-07-07,11.6926984786987,8.42611694335938,1.78170073032379,2.1947019286717
1984-07-08,12.5654973983765,3.20677924156189,3.60480856895447,2.12568614309539
1984-07-09,13.2508735656738,3.84840989112854,2.73919129371643,1.99110544020389
1984-07-10,13.3686609268188,8.18368530273438,2.13163757324219,1.56665838523703
1984-07-11,12.9260015487671,0.0729765743017197,4.44041538238525,1.4251759458233
1984-07-12,13.9127464294434,0,4.25337696075439,1.36306176513206
1984-07-13,14.3270215988159,2.77097177505493,1.85375475883484,1.2215794573555
1984-07-14,13.2047348022461,10.8987674713135,2.17118716239929,1.15601440840314
1984-07-15,12.1992626190186,2.03504657745361,3.19121384620667,1.1905223011913
1984-07-16,12.9709758758545,3.33240175247192,3.73273658752441,1.18016995968228
1984-07-17,11.1952972412109,1.23390936851501,3.79558730125427,1.16636674991215
1984-07-18,11.7417774200439,0.672474563121796,4.35766553878784,1.13876046200907
1984-07-19,10.5346908569336,4.67044258117676,2.5068793296814,1.11115417410598
1984-07-20,8.98479747772217,1.33901309967041,1.8114857673645,1.0352367836446
1984-07-21,11.0717620849609,1.7516622543335,3.08218145370483,0.955868656559286
1984-07-22,15.2167367935181,0.0360819175839424,4.19665384292603,1.014532034808
1984-07-23,17.1545791625977,0.206069216132164,4.23221111297607,1.06974467643276
1984-07-24,19.6168403625488,0.352880507707596,4.29549217224121,0.728116550993754
1984-07-25,19.4045448303223,0.858406782150269,4.55492734909058,0.686707053320539
1984-07-26,22.1501064300537,0.0625169426202774,5.64417171478272,0.69015785576307
1984-07-27,21.2837371826172,1.57343316078186,5.52878379821777,0.69015785576307
1984-07-28,16.5517902374268,0.00620612176135182,5.09503984451294,0.603888123792686
1984-07-29,17.0115394592285,0,4.84289216995239,0.521069194264833
1984-07-30,18.196647644043,0,4.92323112487793,0.514167589379772
1984-07-31,20.3027019500732,0.0063298256136477,5.03474760055542,0.496913642985695
1984-08-01,21.4041538238525,4.41943775513209e-05,4.74601030349731,0.48656130147668
1984-08-02,21.909252166748,1.93253640645708e-06,4.58837413787842,0.469307355082603
1984-08-03,21.7192821502686,5.28110313415527,3.94610857963562,0.465856552640072
1984-08-04,20.506404876709,5.27028322219849,2.8745698928833,0.462405750197541
1984-08-05,20.3194103240967,4.51737546920776,3.29050278663635,0.462405750197541
1984-08-06,19.9361267089844,12.0962133407593,2.5507550239563,0.621142070186763
1984-08-07,15.4808073043823,26.9382286071777,0.537019908428192,2.68816490085202
1984-08-08,15.1790618896484,3.19650888442993,1.12741839885712,6.28043648744394
1984-08-09,16.2828903198242,0.0144076608121395,3.29412961006165,6.83256277205439
1984-08-10,13.9576034545898,1.18734836578369,3.5629141330719,5.31421548937564
1984-08-11,12.8876285552979,0.682482302188873,2.88896346092224,3.25409439523261
1984-08-12,15.4094552993774,0.00369444000534713,3.68738794326782,2.36033991936456
1984-08-13,11.1735582351685,0.158104240894318,2.50977897644043,1.91863878636647
1984-08-14,8.60057640075684,0.0375308021903038,2.6054961681366,1.73229624429274
1984-08-15,9.56414604187012,0.275775849819183,1.75172340869904,1.45968383861146
1984-08-16,12.9865083694458,0.00776029098778963,3.38335680961609,1.30094758444082
1984-08-17,15.7466697692871,1.40460634231567,3.97642397880554,1.01798283725053
1984-08-18,15.8680648803711,1.26759386062622,3.71599817276001,1.00417969329898
1984-08-19,13.0302591323853,1.37343692779541,3.07088136672974,0.993827285971386
1984-08-20,13.5735502243042,0.00572518073022366,2.5589759349823,0.980024142019844
1984-08-21,14.2969150543213,2.5226263999939,3.37975454330444,0.983474944462375
1984-08-22,15.2542247772217,0.0468098483979702,3.45087790489197,0.99037654934744
1984-08-23,13.8596000671387,14.9725408554077,1.9875545501709,1.00417969329898
1984-08-24,12.0569381713867,0.0391885153949261,2.96242117881775,1.01798283725053
1984-08-25,12.3323059082031,0.145916059613228,3.00881505012512,1.00763049574152
1984-08-26,13.5349502563477,1.06057548522949,3.16850519180298,0.959319393183233
1984-08-27,10.9810991287231,6.31371879577637,1.86957550048828,0.911008356443537
1984-08-28,3.94688630104065,22.6169776916504,0.225844636559486,0.959319393183233
1984-08-29,3.85979247093201,5.11307668685913,0.560633778572083,1.00417969329898
1984-08-30,5.21151971817017,0.810872733592987,1.22867941856384,1.11460491072992
1984-08-31,6.11458396911621,3.32067251205444,1.80616819858551,1.40102039454417
1984-09-01,6.66206169128418,4.58161020278931,0.952100217342377,1.30784918932588
1984-09-02,4.72538709640503,5.41309499740601,1.16316735744476,1.2284809306034
1984-09-03,5.40597057342529,0.86068731546402,1.5359354019165,1.2215794573555
1984-09-04,6.82513618469238,0.490651845932007,1.88085269927979,1.07319547887529
1984-09-05,10.1901330947876,3.80439829826355,1.10253977775574,1.02143363969306
1984-09-06,7.10079479217529,0.534701466560364,0.748281717300415,0.973122602953363
1984-09-07,4.04581260681152,0.415048599243164,1.00238764286041,0.931713105280144
1984-09-08,3.73325562477112,0.930754780769348,0.683748185634613,0.89375441004946
1984-09-09,5.99811124801636,2.07065939903259,1.24053752422333,0.835091031800749
1984-09-10,3.8709831237793,2.34083008766174,1.29744482040405,0.804033875636542
1984-09-11,2.88351941108704,0.215694949030876,1.27106022834778,0.769525982848388
1984-09-12,4.46887540817261,0.930171072483063,1.35662114620209,0.717764143666158
1984-09-13,5.33340883255005,0.249935567378998,1.33370590209961,0.679805514254058
1984-09-14,6.51666593551636,0.0647828131914139,1.87452530860901,0.641846819023371
1984-09-15,8.12209320068359,0,2.14525318145752,0.621142070186763
1984-09-16,9.5064525604248,1.09408390522003,2.15142798423767,0.600437321350155
1984-09-17,9.60608100891113,0.630417168140411,2.00083470344543,0.569380231004533
1984-09-18,7.4271411895752,0.514538407325745,1.93027174472809,0.562478626119468
1984-09-19,6.42676687240601,0.901382803916931,1.67189455032349,0.552126284610456
1984-09-20,5.16306495666504,0.0161507315933704,1.43498504161835,0.53832314065891
1984-09-21,1.38075768947601,0,1.16282737255096,0.510716819846531
1984-09-22,0.458676517009735,0.000955805706325918,1.24644815921783,0.493462873452455
1984-09-23,-1.69714558124542,4.67864322662354,0.476131737232208,0.483110499034149
1984-09-24,-0.593615055084229,1.09190237522125,0.613627374172211,0.462405750197541
1984-09-25,-0.683934032917023,0.448261857032776,0.656950354576111,0.448602606245995
1984-09-26,-2.064129114151,0.0143907470628619,0.983926057815552,0.43825023182769
1984-09-27,1.11599814891815,0,1.19840168952942,0.414094713457842
1984-09-28,3.18629288673401,0,1.16700124740601,0.393389964621234
1984-09-29,3.39030861854553,0,1.17276799678803,0.332656098325144
1984-09-30,4.3503155708313,3.22414517402649,1.09856820106506,0.372685248693917
1984-10-01,2.75396776199341,8.79898643493652,0.513234555721283,0.379586820669689
1984-10-02,2.20891118049622,1.00615119934082,0.433720529079437,0.38648839264546
1984-10-03,0.888862013816833,0.137576848268509,0.77990597486496,0.396840767063765
1984-10-04,0.410683512687683,3.38805079460144,0.36116498708725,0.407193141482071
1984-10-05,0.991625964641571,0.202596738934517,0.766257047653198,0.403742339039536
1984-10-06,-0.0678716823458672,0.112834118306637,0.707331240177155,0.393389964621234
1984-10-07,4.13468170166016,0.813637435436249,0.975469768047333,0.379586820669689
1984-10-08,9.46082496643066,2.56169199943543,0.853833973407745,0.379586820669689
1984-10-09,9.73620796203613,8.30450248718262,0.689897835254669,0.393389964621234
1984-10-10,9.70690155029297,0.177550613880157,1.03482091426849,0.410643911015311
1984-10-11,9.21079730987549,0.0718548819422722,1.00554502010345,0.507266017403997
1984-10-12,5.38708782196045,0.107953637838364,0.496865391731262,0.54177391019215
1984-10-13,2.56194639205933,0.992809772491455,0.497321099042893,0.521069194264833
1984-10-14,-0.618250668048859,7.62241840362549,0.365522980690002,0.493462873452455
1984-10-15,-2.17606353759766,2.2472357749939,0.434280931949616,0.472758124615843
1984-10-16,-3.0229823589325,3.75734186172485,0.315688103437424,0.448602606245995
1984-10-17,-2.3611524105072,5.76652240753174,0.434562921524048,0.420996285433613
1984-10-18,-1.27432775497437,3.86459112167358,0.376376837491989,0.43479946229445
1984-10-19,-1.60705101490021,0.627108573913574,0.202261328697205,0.417545515900373
1984-10-20,-1.25512278079987,1.71234524250031,0.133782774209976,0.417545515900373
1984-10-21,-1.0590136051178,0.761964499950409,0.177490457892418,0.410643911015311
1984-10-22,-6.70328092575073,0.700039029121399,0.196287989616394,0.38648839264546
1984-10-23,-9.0683069229126,0.108083844184875,0.213515818119049,0.348529730324066
1984-10-24,-9.00609397888184,5.32863235473633,0.144405379891396,0.280549172316803
1984-10-25,-6.10916566848755,6.46616744995117,0.197855621576309,0.187032781544535
1984-10-26,-13.2058448791504,1.85526812076569,0.214590355753899,0.155975674744268
1984-10-27,-19.5537395477295,0.241541281342506,0.0996524840593338,0.1414823571405
1984-10-28,-21.1365623474121,0.620384216308594,0.109736420214176,0.127679204961633
1984-10-29,-18.8338375091553,0.123551249504089,0.131160542368889,0.113876044555442
1984-10-30,-23.7084217071533,0.0590285025537014,0.0430095680058002,0.0993827351789971
1984-10-31,-24.6846866607666,0.0170569531619549,0.0492273047566414,0.0931713121734791
1984-11-01,-24.464807510376,0,0.05252780392766,
1984-11-02,-19.8979835510254,0.10706651955843,0.121168203651905,
1984-11-03,-20.0408935546875,0,0.0480025261640549,
1984-11-04,-20.0440673828125,0.0418635718524456,0.059797540307045,
1984-11-05,-16.7694778442383,1.65296030044556,0.101602010428905,
1984-11-06,-15.5056276321411,0.488722175359726,0.109430655837059,
1984-11-07,-12.8620662689209,2.77876901626587,0.111124999821186,
1984-11-08,-16.2422199249268,0.386520206928253,0.0173426941037178,
1984-11-09,-15.0350980758667,2.59440565109253,0.0698811113834381,
1984-11-10,-15.9324827194214,1.64717292785645,0.0489660575985909,
1984-11-11,-16.2937297821045,0.0328781493008137,0.0176855493336916,
1984-11-12,-18.2545471191406,0,0.0279212947934866,
1984-11-13,-17.1869735717773,4.08308267593384,0.0729205682873726,
1984-11-14,-20.0752849578857,2.549889087677,0.0592127591371536,
1984-11-15,-25.4474868774414,0.71689236164093,0.012698614038527,
1984-11-16,-22.480260848999,2.31341361999512,0.0575986132025719,
1984-11-17,-16.4163627624512,2.07498621940613,0.0957508608698845,
1984-11-18,-13.6458587646484,0.299208045005798,0.139409378170967,
1984-11-19,-10.3401584625244,0.00482585094869137,0,
1984-11-20,-10.2241868972778,0.0200874507427216,0.0133733181282878,
1984-11-21,-7.87963390350342,1.32659943119506e-05,0,
1984-11-22,-5.87582778930664,0.0853588134050369,0.251806378364563,
1984-11-23,-0.931458950042725,0.0276533402502537,0,
1984-11-24,-8.41694831848145,0.00346516259014607,0,
1984-11-25,-10.6393604278564,0.000983079429715872,0.0238973535597324,
1984-11-26,-13.6695928573608,0.00124867085833102,0.0233219712972641,
1984-11-27,-14.4410552978516,1.08003664016724,0.113981351256371,
1984-11-28,-10.1413059234619,3.80413055419922,0.121100701391697,
1984-11-29,-16.6488761901855,0.099110059440136,0,
1984-11-30,-18.7188110351562,0.327862858772278,0,
1984-12-01,-17.6428756713867,0.0286077503114939,0,
1984-12-02,-18.0109233856201,0.000917009369004518,0.0219789370894432,
1984-12-03,-17.5204391479492,0.0334015637636185,0.0570157580077648,
1984-12-04,-17.4985294342041,0.0437330566346645,0.0158600062131882,
1984-12-05,-16.8705253601074,0.000499973015394062,0.12672133743763,
1984-12-06,-10.986123085022,4.43634176254272,0.0100518260151148,
1984-12-07,-5.40701389312744,0.866021752357483,0,
1984-12-08,-8.48029899597168,0.000573312514461577,0,
1984-12-09,-13.0743856430054,4.87434339523315,0.00594265107065439,
1984-12-10,-25.0013847351074,0.880896687507629,0.0591596327722073,
1984-12-11,-28.2571105957031,0.0321842767298222,0.0278109032660723,
1984-12-12,-24.6163749694824,0.270149707794189,0.0441228076815605,
1984-12-13,-21.3292064666748,2.31904220581055,0.0337690562009811,
1984-12-14,-22.5755443572998,7.14076137542725,0.107115738093853,
1984-12-15,-30.5433406829834,0.678744733333588,0.0244549158960581,
1984-12-16,-32.5833473205566,0.00456176325678825,0,
1984-12-17,-28.0884323120117,0.0420643426477909,0.0297288447618485,
1984-12-18,-17.1569309234619,0.692525148391724,0.119288489222527,
1984-12-19,-16.6772022247314,4.79526376724243,0.0523275323212147,
1984-12-20,-22.459774017334,1.12260901927948,0.0615037642419338,
1984-12-21,-30.2322769165039,0.243190348148346,0.0175071191042662,
1984-12-22,-32.1481094360352,0.0963753163814545,0.00804527197033167,
1984-12-23,-35.4773445129395,0.00337889068759978,0.00333547010086477,
1984-12-24,-33.0083618164062,0,0.0190685391426086,
1984-12-25,-34.3802146911621,0,0.000881443615071476,
1984-12-26,-32.9922676086426,0.287996828556061,0.0335644446313381,
1984-12-27,-35.0068359375,0.271604955196381,0.00676289806142449,
1984-12-28,-37.2877960205078,0.00593213783577085,0.00412845844402909,
1984-12-29,-36.3492317199707,0.0419469960033894,0.019957659766078,
1984-12-30,-31.053674697876,0,0.0161800943315029,
1984-12-31,-29.2962226867676,0.0284497700631619,0.044457945972681,
1985-01-01,-18.1963691711426,0.0040883757174015,0.0747821778059006,
1985-01-02,-4.10450220108032,0.000595164543483406,0.193356290459633,
1985-01-03,0.836279094219208,0.00676110573112965,0.155033528804779,
1985-01-04,-2.71026611328125,0.102980174124241,0.0757299810647965,
1985-01-05,-3.46382856369019,1.45187497138977,0.0182910226285458,
1985-01-06,-6.69299221038818,1.69114983081818,0.171449914574623,
1985-01-07,-14.4902200698853,0.0550075173377991,0,
1985-01-08,-13.5057258605957,0.0171600785106421,0.0673637986183167,
1985-01-09,-14.1056423187256,0.00240784417837858,0.00966021325439215,
1985-01-10,-12.5025863647461,0.052878875285387,0.016732219606638,
1985-01-11,-9.45136165618896,0.216863468289375,0.0672038644552231,
1985-01-12,-8.2114372253418,5.81201982498169,0.17501662671566,
1985-01-13,-15.1004161834717,0.447414726018906,0.00901019386947155,
1985-01-14,-12.8043909072876,0.806796431541443,0.038908127695322,
1985-01-15,-13.0259122848511,2.81288981437683,0.023582162335515,
1985-01-16,-16.6410732269287,2.42785716056824,0.0531370528042316,
1985-01-17,-19.448543548584,3.83969593048096,0.0313558280467987,
1985-01-18,-25.9511833190918,0.180007666349411,0.00222155591472983,
1985-01-19,-26.6269378662109,2.27691407417296e-06,0.0946862697601318,
1985-01-20,-21.3101959228516,0.00797282718122006,0.215566784143448,
1985-01-21,-15.484938621521,1.82227176992456e-05,0.0374177694320679,
1985-01-22,-9.79394817352295,0.0355774573981762,0.121295355260372,
1985-01-23,-8.64004993438721,0.0712282583117485,0,
1985-01-24,-9.48418140411377,0.0558454804122448,0.0592009425163269,
1985-01-25,-9.758544921875,1.8885098695755,0.173431903123856,
1985-01-26,-13.6496887207031,0.241560220718384,0.0164828393608332,
1985-01-27,-15.8054628372192,0.66675078868866,0.0565069913864136,
1985-01-28,-21.4974670410156,0.470632791519165,0.0441852770745754,
1985-01-29,-32.0822296142578,0.0625605583190918,0.0258756466209888,
1985-01-30,-29.1299076080322,0.0280795190483332,0.0455311648547649,
1985-01-31,-29.1009883880615,0.00108961446676403,0.0327331982553005,
1985-02-01,-29.7998638153076,1.78926384251099e-05,0.0421517081558704,
1985-02-02,-28.7734775543213,1.78939171746606e-05,0.0339642614126205,
1985-02-03,-26.3588027954102,0.47580948472023,0.0970574915409088,
1985-02-04,-20.1494026184082,0,0.0599089227616787,
1985-02-05,-23.9525852203369,0.298509895801544,0.0507261976599693,
1985-02-06,-24.1610260009766,0.780666351318359,0.0526105724275112,
1985-02-07,-29.2594470977783,0.105110883712769,0.0318229421973228,
1985-02-08,-32.146125793457,0.0585569627583027,0.0346133634448051,
1985-02-09,-31.340145111084,0.0883372575044632,0.0657675787806511,
1985-02-10,-28.5937175750732,0.0145039036870003,0.0491052120923996,
1985-02-11,-26.3653316497803,2.29487347602844,0.107386730611324,
1985-02-12,-28.2060871124268,1.4297798871994,0.0944808945059776,
1985-02-13,-29.5401573181152,0,0.0764390528202057,
1985-02-14,-21.7001113891602,7.60800457000732,0.276733964681625,
1985-02-15,-18.5403747558594,2.34734725952148,0.121770560741425,
1985-02-16,-26.0325393676758,1.03868365287781,0.0835443362593651,
1985-02-17,-27.0741558074951,0.359030693769455,0.090480849146843,
1985-02-18,-18.5336532592773,2.81107616424561,0.238317310810089,
1985-02-19,-18.1289043426514,1.50012850761414,0.206681743264198,
1985-02-20,-21.5602111816406,0.0867892503738403,0.112659208476543,
1985-02-21,-20.4935073852539,0.693539559841156,0.2438013702631,
1985-02-22,-25.6164722442627,4.57312631607056,0.158708900213242,
1985-02-23,-22.0721530914307,3.30755543708801,0.187365517020226,
1985-02-24,-21.650562286377,0.610183656215668,0.174817785620689,
1985-02-25,-21.597339630127,0.767504990100861,0.149015739560127,
1985-02-26,-13.4363403320312,0.033338189125061,0.336877197027206,0.0239139703439215
1985-02-27,-2.73174595832825,1.7120943069458,0.803850412368774,0.0241555245403413
1985-02-28,-0.923764824867249,0.207562416791916,0.33779513835907,0.0245006031391299
1985-03-01,-15.1823358535767,1.83033490180969,0.276886999607086,0.0224301294895675
1985-03-02,-18.7953701019287,0.0199280064553022,0.270555913448334,0.0213948936932016
1985-03-03,-16.3749847412109,0.0130684254691005,0.272153615951538,0.0207047364956244
1985-03-04,-16.7214031219482,0.209926456212997,0.277301549911499,0.02053219719623
1985-03-05,-15.7700977325439,0.0130062820389867,0.302958399057388,0.02053219719623
1985-03-06,-21.9013519287109,0.249984174966812,0.211704269051552,0.02053219719623
1985-03-07,-12.4793119430542,0,0.478776574134827,0.02053219719623
1985-03-08,-7.80338621139526,0.182576149702072,0.635027587413788,0.0207047364956244
1985-03-09,-5.85120820999146,0.104233704507351,0.5406174659729,0.0207047364956244
1985-03-10,-4.91199493408203,0,0.499535888433456,0.0207047364956244
1985-03-11,-4.02486801147461,1.00521409511566,0.628769397735596,0.0208772757950187
1985-03-12,-3.02954053878784,1.27613091468811,0.484039127826691,0.0208772757950187
1985-03-13,-2.32399654388428,0.00847104843705893,0.654949903488159,0.0208772757950187
1985-03-14,-2.05709409713745,0.716800332069397,0.662555277347565,0.021049815094413
1985-03-15,-4.2689733505249,0.122657231986523,0.604255676269531,0.0213948936932016
1985-03-16,-1.58920252323151,0,0.795886337757111,0.0224301294895675
1985-03-17,0.0670172497630119,0.0946594327688217,0.877868890762329,0.0241555245403413
1985-03-18,-1.54116320610046,0.0264553390443325,0.745641767978668,0.0265710767886924
1985-03-19,-3.92720150947571,4.40486335754395,0.778517007827759,0.0303669454890286
1985-03-20,-5.17362785339355,9.46689796447754,0.307882577180862,0.0431348659851919
1985-03-21,-9.06179523468018,1.0961389541626,0.68506783246994,0.0534872321761732
1985-03-22,-4.06069946289062,1.11367833614349,0.528126657009125,0.0586634193853256
1985-03-23,-5.95272731781006,0.169195547699928,0.668047726154327,0.0586634193853256
1985-03-24,-6.54798030853271,0.00156433414667845,0.588310301303864,0.0500364461882873
1985-03-25,-8.74821186065674,0.192388162016869,0.639614701271057,0.0465856560867396
1985-03-26,-8.90985107421875,0.0450147911906242,0.720015466213226,0.0483110490806825
1985-03-27,-8.11944007873535,1.2367125749588,0.698016464710236,0.0500364461882873
1985-03-28,-13.5238103866577,0.296687483787537,0.700098156929016,0.0593535765829028
1985-03-29,-7.95202684402466,1.2423939704895,0.66380250453949,0.0624592839720003
1985-03-30,-7.5509729385376,0.671402990818024,0.7184739112854,0.0662551526723368
1985-03-31,-2.5167350769043,0.289244771003723,1.05779135227203,0.069015785576307
1985-04-01,0.67183381319046,0.313788592815399,1.17552161216736,0.0697059427738841
1985-04-02,-0.506596565246582,0.377054363489151,1.07050967216492,0.07074117857025
1985-04-03,-3.68916130065918,0.108093038201332,0.951078653335571,0.0703960999714616
1985-04-04,-4.83628273010254,0,1.06602191925049,0.0697059427738841
1985-04-05,-4.56341600418091,0.636577248573303,0.788833141326904,0.069015785576307
1985-04-06,-6.36393213272095,0.0204287227243185,0.855872452259064,0.0655649954747593
1985-04-07,-6.60311508178711,0,1.20733761787415,0.0603888123792686
1985-04-08,2.7436249256134,0,1.72998476028442,0.0631494452832389
1985-04-09,2.30908894538879,0.0200489535927773,1.41875278949738,0.0669453139835753
1985-04-10,-1.31210076808929,0.143169865012169,1.24631226062775,0.069015785576307
1985-04-11,-5.7198052406311,0.000811399251688272,1.20257878303528,0.07074117857025
1985-04-12,1.46750283241272,0.0586946569383144,1.7378830909729,0.07074117857025
1985-04-13,4.19146060943604,1.60451209545136,1.22612512111664,0.069015785576307
1985-04-14,1.10310053825378,1.14020776748657,1.43795156478882,0.0683256283787299
1985-04-15,-8.79373645782471,0.05799949914217,1.11396431922913,0.0697059427738841
1985-04-16,-5.2174277305603,0.208979591727257,1.4106684923172,0.0724665715641933
1985-04-17,-0.0518336407840252,0.000102230646007229,1.69894361495972,0.0745370513842478
1985-04-18,1.88991022109985,0,1.79189419746399,0.0890303607606926
1985-04-19,1.28272926807404,0.0926951467990875,1.7505214214325,0.109735101369978
1985-04-20,1.64281535148621,1.46454083919525,1.31712901592255,0.104558914160826
1985-04-21,-5.235595703125,2.25376653671265,0.692128956317902,0.100763049574152
1985-04-22,-7.4691915512085,1.45701587200165,1.17841958999634,0.0976573339577309
1985-04-23,-5.03037071228027,0.307206958532333,1.15920007228851,0.116291594746962
1985-04-24,-2.03656816482544,0.497986912727356,1.29644465446472,0.123193174950058
1985-04-25,1.41024076938629,0.160579800605774,1.74988341331482,0.131475069548307
1985-04-26,2.0060613155365,6.57574653625488,0.881566286087036,0.145968387152075
1985-04-27,1.18830728530884,1.30010914802551,1.28161954879761,0.187032781544535
1985-04-28,-0.492980718612671,4.74511766433716,1.02332758903503,0.194624510717885
1985-04-29,0.987551152706146,0.00197575055062771,2.05155992507935,0.286760603549644
1985-04-30,2.50091314315796,0.0652635544538498,2.01661682128906,0.343353526660269
1985-05-01,4.62371397018433,0.00175132602453232,2.52866744995117,0.33748718225354
1985-05-02,5.69064855575562,0.199343129992485,1.79034864902496,0.493462873452455
1985-05-03,5.97734785079956,1.74691271781921,1.7554794549942,0.94551624923169
1985-05-04,3.8722357749939,12.122612953186,0.884309828281403,1.90138483997239
1985-05-05,1.99636256694794,3.07912635803223,0.903150200843811,3.4852971716035
1985-05-06,3.40311455726624,0.019494317471981,1.93808937072754,4.27897870573103
1985-05-07,5.90920495986938,0.815201461315155,2.44802188873291,4.17545502736657
1985-05-08,5.84212303161621,0.120048470795155,2.22246050834656,4.65856552640072
1985-05-09,8.27425765991211,0.361653298139572,2.53913736343384,4.86561288312964
1985-05-10,7.4034743309021,0.145310506224632,2.27305483818054,4.55504184803626
1985-05-11,5.24004316329956,0.289541780948639,1.91670703887939,4.34799449130734
1985-05-12,5.11520147323608,4.95505628350657e-05,3.13198018074036,4.00291556342581
1985-05-13,8.86776351928711,0.136562570929527,3.25166702270508,3.31620844428669
1985-05-14,9.73862648010254,0.60552716255188,3.17717480659485,2.95732630663502
1985-05-15,9.56697082519531,0.00599026028066874,4.04078245162964,2.68471416422807
1985-05-16,12.6802644729614,7.70833594287979e-06,4.73248052597046,2.78133610607031
1985-05-17,13.9766988754272,0.0222405921667814,5.24780559539795,2.16019403588354
1985-05-18,8.3680477142334,4.78282527183183e-06,4.16756916046143,2.01526099148303
1985-05-19,11.1857748031616,7.70815313444473e-06,5.00801277160645,1.73229624429274
1985-05-20,11.3125600814819,0.56533944606781,4.40928316116333,1.58046146337
1985-05-21,12.8101539611816,0.540722250938416,4.55403518676758,1.4251759458233
1985-05-22,9.48643970489502,0.0635247305035591,3.75357270240784,1.29404597955576
1985-05-23,5.07979679107666,0.00498359696939588,3.01475262641907,1.15946514502709
1985-05-24,5.48666048049927,0.0116842994466424,3.50109243392944,1.15256367177919
1985-05-25,4.80073833465576,0.176178574562073,2.80661940574646,1.10770330584486
1985-05-26,7.04572725296021,1.13533186912537,3.56720542907715,1.06284307154769
1985-05-27,4.5451774597168,2.05801343917847,2.09017467498779,0.97657333957731
1985-05-28,2.46778869628906,5.89043712615967,2.08292651176453,0.890303607606926
1985-05-29,5.03319215774536,0.970938563346863,2.58549165725708,0.866148122146368
1985-05-30,4.18399906158447,2.90448212623596,1.6888335943222,0.824738624473153
1985-05-31,6.09956073760986,0.822527527809143,2.94090962409973,0.804033875636542
1985-06-01,8.529128074646,0.0328683368861675,4.46297073364258,0.79368153412753
1985-06-02,7.94930601119995,0,4.32151126861572,0.748821299830365
1985-06-03,8.9518928527832,0,4.81233501434326,0.610789728677751
1985-06-04,11.2242431640625,0,5.09651279449463,0.607338926235217
1985-06-05,13.4018507003784,0.310442596673965,4.32014274597168,0.607338926235217
1985-06-06,10.9228687286377,4.64196395874023,2.05603551864624,0.603888123792686
1985-06-07,10.1989688873291,0.993444502353668,4.04377174377441,0.579732572513544
1985-06-08,5.98654460906982,0.148797854781151,2.01832318305969,0.572831033447064
1985-06-09,6.35189342498779,2.53295469284058,2.97995233535767,0.565929428562002
1985-06-10,6.32205533981323,0.832275807857513,3.63500571250916,0.527970766240608
1985-06-11,9.5247163772583,0.226521104574204,3.54190969467163,0.507266017403997
1985-06-12,11.3936386108398,0.804337799549103,4.57603025436401,0.483110499034149
1985-06-13,12.3677186965942,1.4345691204071,4.03787899017334,0.469307355082603
1985-06-14,11.307559967041,0.893194377422333,4.28037023544312,0.455504178221767
1985-06-15,9.9987907409668,8.09289360046387,2.80136203765869,0.452053408688526
1985-06-16,10.2871465682983,2.91495299339294,3.23735904693604,0.448602606245995
1985-06-17,11.394983291626,0.208027541637421,4.79393625259399,0.445151803803465
1985-06-18,14.726432800293,0.000773648323956877,5.73125219345093,0.445151803803465
1985-06-19,15.342719078064,4.60582637786865,4.20005035400391,0.455504178221767
1985-06-20,11.114086151123,2.42386293411255,2.90030860900879,0.431348659851919
1985-06-21,7.37895250320435,1.73341941833496,2.68663883209229,0.417545515900373
1985-06-22,9.13398933410645,0.00103571976069361,2.70007753372192,0.407193141482071
1985-06-23,10.774923324585,1.3262197971344,3.5916702747345,0.420996285433613
1985-06-24,11.1849699020386,1.03369009494782,4.67814922332764,0.424447087876148
1985-06-25,11.6903820037842,2.1950624651268e-10,4.7445182800293,0.424447087876148
1985-06-26,12.0467348098755,0,5.20622777938843,0.400291569506296
1985-06-27,13.5408763885498,3.33690977096558,3.89684581756592,0.389939195087994
1985-06-28,13.8257541656494,7.80395889282227,3.10778856277466,0.383037623112219
1985-06-29,17.0490493774414,0.465301662683487,5.51796340942383,0.369234446251383
1985-06-30,18.6758823394775,0.716776132583618,5.07338523864746,0.369234446251383
1985-07-01,17.7002696990967,3.61442871508189e-05,6.0739164352417,0.372685248693917
1985-07-02,14.0037927627563,0.00448667444288731,3.11504077911377,0.372685248693917
1985-07-03,14.5380687713623,3.60484218597412,3.43550968170166,0.376136018227158
1985-07-04,16.4459800720215,0.664683520793915,4.25558614730835,0.376136018227158
1985-07-05,17.5400466918945,3.93911981582642,2.75971174240112,0.379586820669689
1985-07-06,12.2417697906494,1.75309371948242,3.12172842025757,0.362332874275612
1985-07-07,9.11612987518311,1.73319840431213,1.89191007614136,0.351980499857306
1985-07-08,8.90618515014648,0.139269009232521,3.75901579856873,0.345078927881535
1985-07-09,9.14172267913818,0.0413710884749889,4.38889503479004,0.339902757127028
1985-07-10,12.0326766967773,1.45106220245361,4.11541128158569,0.33748718225354
1985-07-11,12.1245126724243,2.22605919837952,4.28259325027466,0.334036412720299
1985-07-12,12.5261478424072,1.34754943847656,2.86710071563721,0.330930697103879
1985-07-13,13.283655166626,0.328309297561646,3.60770487785339,0.310571035093381
1985-07-14,13.7916011810303,2.16287875175476,3.0340039730072,0.308500547046004
1985-07-15,11.2142429351807,1.39305031299591,3.07300710678101,0.306085005081807
1985-07-16,9.74173545837402,0.0978931710124016,3.46029853820801,0.303669463117609
1985-07-17,12.1173677444458,2.80939340591431,4.03576850891113,0.312296436314647
1985-07-18,10.1056776046753,0.231700390577316,3.01179933547974,0.312296436314647
1985-07-19,8.36252403259277,0.0891657322645187,3.5141704082489,0.338177355905762
1985-07-20,12.5794172286987,0.815375864505768,3.60630774497986,0.365783676718143
1985-07-21,15.5060939788818,14.9364967346191,3.27322387695313,0.376136018227158
1985-07-22,8.63603973388672,9.56420421600342,0.741023182868958,0.393389964621234
1985-07-23,6.89422702789307,0.236074656248093,2.68008136749268,0.596986518907621
1985-07-24,11.8982849121094,2.59858703613281,3.05463886260986,1.48038865326665
1985-07-25,12.3923215866089,4.73730039596558,3.15944242477417,1.19742390607636
1985-07-26,13.3440790176392,5.89193105697632,2.18052530288696,1.01798283725053
1985-07-27,12.88720703125,1.00618016719818,2.96139073371887,0.873049661212849
1985-07-28,13.0667810440063,12.9591341018677,3.5614218711853,0.738468892502769
1985-07-29,15.6329097747803,0.203639894723892,3.89369511604309,0.641846819023371
1985-07-30,15.9588317871094,0,4.93230676651001,0.59008497984114
1985-07-31,16.777250289917,4.6047794057813e-06,5.17916917800903,0.54177391019215
1985-08-01,18.2350807189941,1.33513271808624,4.57900238037109,0.49001207100992
1985-08-02,16.9372863769531,4.30453538894653,3.22081756591797,0.469307355082603
1985-08-03,16.3684616088867,1.52592027187347,3.42508745193481,0.43825023182769
1985-08-04,14.442343711853,9.70490169525146,2.16613340377808,0.407193141482071
1985-08-05,11.5043859481812,6.47340250015259,1.63604164123535,0.400291569506296
1985-08-06,12.0296545028687,1.77829599380493,3.16583395004272,0.396840767063765
1985-08-07,8.68806934356689,0.952008962631226,2.97919225692749,0.400291569506296
1985-08-08,6.65171957015991,0.175013229250908,2.72440481185913,0.403742339039536
1985-08-09,8.71849918365479,0,3.63405919075012,0.407193141482071
1985-08-10,10.3569774627686,0.0579145476222038,3.3896222114563,0.427897857409388
1985-08-11,10.9411125183105,8.11557674407959,1.76424992084503,0.448602606245995
1985-08-12,9.11875820159912,6.76267242431641,1.39149713516235,0.389939195087994
1985-08-13,9.561842918396,0.163043990731239,3.33933329582214,0.332656098325144
1985-08-14,10.6937389373779,3.34281349182129,2.19553971290588,0.343353526660269
1985-08-15,9.2634162902832,6.71313619613648,2.21017742156982,0.355431302299841
1985-08-16,9.36349487304688,0.139323905110359,3.28460025787354,0.345078927881535
1985-08-17,12.3065176010132,0.0794541463255882,3.80360126495361,0.400291569506296
1985-08-18,15.5199165344238,9.38901329040527,2.60251832008362,0.307465319476961
1985-08-19,11.4477844238281,8.31384658813477,0.588216543197632,0.317472607069154
1985-08-20,5.86985731124878,0.304258048534393,1.7236567735672,0.327479894661347
1985-08-21,6.81962156295776,0.0277790017426014,3.023033618927,0.414094713457842
1985-08-22,10.4503087997437,1.11415004730225,2.82148933410645,0.496913642985695
1985-08-23,10.8650074005127,0.174393147230148,2.54666066169739,0.593535782283675
1985-08-24,10.1257905960083,3.26366758346558,1.92059481143951,0.527970766240608
1985-08-25,7.12775373458862,23.769624710083,0.851999878883362,0.49001207100992
1985-08-26,5.02668762207031,2.66187024116516,1.77022433280945,0.524519963798074
1985-08-27,7.58860778808594,1.02045214176178,2.63566994667053,0.63839601658084
1985-08-28,8.54980659484863,0.237321898341179,2.30820679664612,1.54595357058184
1985-08-29,9.46688652038574,3.12069606781006,2.17787218093872,1.43552828733232
1985-08-30,9.48299121856689,1.91223466396332,0.625093877315521,1.19397303781525
1985-08-31,8.80154228210449,0.673323094844818,2.15738773345947,0.99037654934744
1985-09-01,7.17959594726562,1.43506181240082,1.77071976661682,0.900656014934522
1985-09-02,8.67992115020752,0.743862926959992,2.21212792396545,0.859246517261306
1985-09-03,6.01512908935547,0.205548405647278,2.14411211013794,0.817837085406672
1985-09-04,4.73095464706421,2.68036103248596,1.2069433927536,0.752272036454312
1985-09-05,2.60054397583008,3.26525807380676,1.54185259342194,0.703960999714616
1985-09-06,1.68508398532867,1.1982353925705,1.27380466461182,0.728116550993754
1985-09-07,1.01928150653839,0.171974614262581,1.21849691867828,0.69015785576307
1985-09-08,2.72837448120117,0,2.04452037811279,0.686707053320539
1985-09-09,5.73383188247681,0,2.38503122329712,0.648748358089851
1985-09-10,8.30596351623535,0,2.38197016716003,0.624592872629294
1985-09-11,10.9667186737061,0,2.4220666885376,0.600437321350155
1985-09-12,11.9487037658691,0,1.81488621234894,0.593535782283675
1985-09-13,13.9818954467773,0.128414303064346,1.70589470863342,0.583183374956079
1985-09-14,10.6909561157227,2.54943799972534,0.869957625865936,0.545224712634685
1985-09-15,10.1262521743774,0.0815135017037392,1.13594102859497,0.54177391019215
1985-09-16,7.34314918518066,3.92262291908264,0.740702450275421,0.53832314065891
1985-09-17,0.599928915500641,2.25384974479675,1.18850934505463,0.531421535773848
1985-09-18,-1.92674279212952,0.00367757445201278,0.947680592536926,0.503815247870757
1985-09-19,-1.35574018955231,0.0660916790366173,1.42666792869568,0.469307355082603
1985-09-20,2.7896523475647,0,1.02329695224762,0.462405750197541
1985-09-21,3.07720303535461,2.16824078559876,0.994504511356354,0.448602606245995
1985-09-22,-0.429400265216827,0.00301503576338291,0.85356330871582,0.448602606245995
1985-09-23,-2.46245622634888,6.02265977859497,0.458539098501205,0.441701034270224
1985-09-24,0.195522859692574,2.02081656455994,0.587299942970276,0.43479946229445
1985-09-25,-0.470924645662308,0.000434753252193332,0.941802263259888,0.431348659851919
1985-09-26,0.0990874618291855,0.969617545604706,0.656805872917175,0.414094713457842
1985-09-27,-1.14124286174774,0.0051243775524199,0.91976398229599,0.389939195087994
1985-09-28,1.84295189380646,0,1.15879082679749,0.389939195087994
1985-09-29,5.67016649246216,0.00963991321623325,0.878116488456726,0.389939195087994
1985-09-30,4.3452320098877,0.225717455148697,0.63270515203476,0.379586820669689
1985-10-01,4.18571901321411,0.0277700535953045,1.3185760974884,0.448602606245995
1985-10-02,3.98922324180603,3.77629137039185,0.636569499969482,0.38648839264546
1985-10-03,1.44062924385071,0.788843214511871,0.585707366466522,0.38648839264546
1985-10-04,0.214035287499428,9.32130813598633,0.777273178100586,0.393389964621234
1985-10-05,-1.1119978427887,5.00869798660278,0.569736063480377,0.383037623112219
1985-10-06,-2.27106857299805,2.57918977737427,0.451103240251541,0.38648839264546
1985-10-07,-4.58706426620483,0.0547653250396252,0.455098837614059,0.389939195087994
1985-10-08,-4.9549822807312,0.0719709172844887,0.658474862575531,0.376136018227158
1985-10-09,-0.940525710582733,1.45104658603668,0.491552233695984,0.351980499857306
1985-10-10,2.14356184005737,0.382052600383759,0.435364156961441,0.329895469534836
1985-10-11,2.86319279670715,1.97530555725098,0.400414347648621,0.33162083784681
1985-10-12,-0.215267032384872,0.48078516125679,0.408063262701035,0.329895469534836
1985-10-13,-1.9906450510025,0.0718106254935265,0.366707772016525,0.328515155139681
1985-10-14,-4.3224630355835,1.30563950538635,0.458284229040146,0.32230372390684
1985-10-15,-2.15626621246338,0.0575332492589951,0.405150324106216,0.303669463117609
1985-10-16,-2.57160925865173,1.681272149086,0.218036144971848,0.300563747501189
1985-10-17,-3.18753671646118,1.48145437240601,0.177882850170136,0.297458031884768
1985-10-18,-3.13694667816162,0.0853225067257881,0.252227932214737,0.296767891141837
1985-10-19,-1.3734575510025,8.843825340271,0.355337768793106,0.296077717489614
1985-10-20,-3.37219166755676,6.56589698791504,0.231463551521301,0.290901546735107
1985-10-21,-3.6806755065918,1.32821762561798,0.358687490224838,0.286070429897421
1985-10-22,-2.35984969139099,0.186792477965355,0.221528768539429,0.243625721109806
1985-10-23,-4.9754810333252,1.88848042488098,0.142453640699387,0.207047356728921
1985-10-24,-9.64680004119873,0.300140589475632,0.141609475016594,0.18254675153296
1985-10-25,-9.59929370880127,0.044491358101368,0.135983869433403,0.172539463940767
1985-10-26,-7.13507127761841,0.0679744929075241,0.191494479775429,0.161496932324886
1985-10-27,-5.67467880249023,3.05848455429077,0.200173065066338,0.129404597955576
1985-10-28,-7.1039080619812,2.43270945549011,0.123174466192722,0.10352367836446
1985-10-29,-8.48861217498779,0.196005567908287,0.118016108870506,0.108009708376035
1985-10-30,-7.10295677185059,9.35094928741455,0.110653921961784,0.132510305344673
1985-10-31,-7.32719707489014,1.15057826042175,0.115351863205433,0.138031571152614
1985-11-01,-9.3759183883667,0.000389310414902866,0.0580693446099758,
1985-11-02,-11.6915664672852,0.17934775352478,0.0876415148377419,
1985-11-03,-6.98650932312012,3.07920050621033,0.102207988500595,
1985-11-04,-8.89824199676514,0.338274508714676,0.0221323985606432,
1985-11-05,-12.8103294372559,0,0.024448823183775,
1985-11-06,-18.6529655456543,0.0352868922054768,0.0321355871856213,
1985-11-07,-17.2017726898193,0.0150480763986707,0.0567238181829453,
1985-11-08,-18.5060291290283,0.148814603686333,0.0355032570660114,
1985-11-09,-21.3058128356934,0.0610594749450684,0.0155269503593445,
1985-11-10,-23.4593086242676,0.00242241681553423,0.0250935778021812,
1985-11-11,-23.7470188140869,1.38235819339752,0.129273071885109,
1985-11-12,-13.7059440612793,0.0756869986653328,0.0467169210314751,
1985-11-13,-10.6562919616699,0.0841117799282074,0.0369347557425499,
1985-11-14,-7.92184782028198,9.10662492970005e-05,0.0727514624595642,
1985-11-15,-9.29495334625244,4.32066345214844,0.0994134768843651,
1985-11-16,-19.3876094818115,1.59612321853638,0.113052725791931,
1985-11-17,-27.1595478057861,0.136338770389557,0,
1985-11-18,-26.0021286010742,0.171229839324951,0.0213497672230005,
1985-11-19,-25.0198020935059,0,0.0146585004404187,
1985-11-20,-23.2332344055176,1.01967096328735,0.063495010137558,
1985-11-21,-26.2792644500732,0.27656888961792,0.049666341394186,
1985-11-22,-26.9306240081787,0.287295937538147,0.0470387861132622,
1985-11-23,-26.3594493865967,0.346216797828674,0.026004321873188,
1985-11-24,-32.9081420898438,0.022624159231782,0.0177484005689621,
1985-11-25,-37.7152862548828,0.549182891845703,0.0210987590253353,
1985-11-26,-31.122802734375,3.01228857040405,0.0811353921890259,
1985-11-27,-22.4346961975098,0.88209342956543,0.0991977676749229,
1985-11-28,-18.6548099517822,1.05085790157318,0.116469763219357,
1985-11-29,-18.3369960784912,0.268873989582062,0.0268008764833212,
1985-11-30,-20.7504291534424,0.00241282931528986,0,
1985-12-01,-21.3101043701172,0.00116170372348279,0.02617521956563,
1985-12-02,-19.9936351776123,0,0.0558632723987103,
1985-12-03,-20.8239459991455,7.43572891224176e-05,0.0367133803665638,
1985-12-04,-18.1119518280029,0.339656352996826,0.125647157430649,
1985-12-05,-9.33156681060791,0.368873059749603,0.0211979821324348,
1985-12-06,-7.93398952484131,0.0126998471096158,0,
1985-12-07,-9.53627300262451,1.32071030139923,0.0119793815538287,
1985-12-08,-12.2152585983276,0.0167861562222242,0,
1985-12-09,-15.101954460144,0.111307248473167,0,
1985-12-10,-12.9350671768188,0.911552727222443,0.142786487936974,
1985-12-11,-16.6302089691162,0.428302347660065,0.048983421176672,
1985-12-12,-25.6521396636963,5.63249050173909e-05,0.0274295229464769,
1985-12-13,-19.8456802368164,3.74971389770508,0.150253862142563,
1985-12-14,-17.9813079833984,0.235948979854584,0,
1985-12-15,-21.7590427398682,1.2958949804306,0.00886200740933418,
1985-12-16,-19.4829692840576,2.30914258956909,0.0356671288609505,
1985-12-17,-16.8012142181396,1.00880026817322,0.0419681333005428,
1985-12-18,-14.4441299438477,0.264100939035416,0.00530850607901812,
1985-12-19,-12.8931522369385,4.33379030227661,0.0927672907710075,
1985-12-20,-5.8119010925293,1.11926448345184,0.139445692300797,
1985-12-21,-1.21927213668823,0.531119644641876,0,
1985-12-22,-3.28231358528137,7.11643028259277,0.0354687906801701,
1985-12-23,-9.62556552886963,0.342747777700424,0.0196881219744682,
1985-12-24,-7.40011930465698,0.0220704507082701,0.0939978808164597,
1985-12-25,2.46538972854614,5.65124893188477,0.448709487915039,
1985-12-26,-6.46423196792603,0.836775660514832,0.119481511414051,
1985-12-27,-13.4931268692017,0.109073057770729,0,
1985-12-28,-14.0422744750977,0.0265702772885561,0.0595748908817768,
1985-12-29,-10.5761909484863,1.32049345970154,0.159549608826637,
1985-12-30,-17.3951778411865,0,0,
1985-12-31,-21.8316192626953,1.23589324951172,0.00777524337172508,
1986-01-01,-19.8962078094482,2.96086168289185,0.119899287819862,
1986-01-02,-20.4710464477539,0.430282920598984,0,
1986-01-03,-19.4586791992188,0.687739610671997,0.042088195681572,
1986-01-04,-18.3801040649414,0.471746653318405,0.0294958874583244,
1986-01-05,-19.7452869415283,0.00393669912591577,0.045355960726738,
1986-01-06,-17.8980731964111,1.03552893051528e-05,0.0535827502608299,
1986-01-07,-13.3063745498657,0.113112159073353,0.1424810141325,
1986-01-08,-10.7430810928345,0,0,
1986-01-09,-10.870810508728,2.19378972053528,0.0568627938628197,
1986-01-10,-6.67327785491943,1.9645369052887,0.0186497867107391,
1986-01-11,-7.35772180557251,3.25493311882019,0.0232081841677427,
1986-01-12,-9.41656303405762,2.23595202442084e-06,0.126981243491173,
1986-01-13,-6.90841960906982,0,0.156272813677788,
1986-01-14,-5.05721378326416,0,0.0567676462233067,
1986-01-15,-7.56143712997437,0.0726907625794411,0,
1986-01-16,-10.2913608551025,0.0032393264118582,0,
1986-01-17,-12.738091468811,1.02783095836639,0.0332303196191788,
1986-01-18,-12.9554634094238,1.1426659822464,0.0356071889400482,
1986-01-19,-15.662449836731,6.15828466415405,0.0881037563085556,0.168053433929193
1986-01-20,-20.6387386322021,1.06482112407684,0.0246130172163248,
1986-01-21,-23.1715259552002,0.474743634462357,0.00652187876403332,
1986-01-22,-23.5310325622559,2.40261197090149,0.107543244957924,
1986-01-23,-19.8747024536133,1.56596744060516,0.107949808239937,
1986-01-24,-19.5315418243408,0.153038620948792,0.0450524985790253,
1986-01-25,-19.5669746398926,0.206101045012474,0.114048659801483,
1986-01-26,-12.8008947372437,0.7427037358284,0.137012153863907,
1986-01-27,-12.9521436691284,0.293372929096222,0.0108859986066818,
1986-01-28,-19.8035354614258,0.614388406276703,0.0251605547964573,
1986-01-29,-25.4312934875488,0.216772571206093,0.00975969526916742,
1986-01-30,-23.5830020904541,0.152846485376358,0.093486025929451,
1986-01-31,-14.1919717788696,0.0803619548678398,0.0904722958803177,
1986-02-01,-11.2409114837646,0.106728732585907,0.131960943341255,
1986-02-02,-8.03188133239746,0.0961473286151886,0.0750457495450974,
1986-02-03,-9.34486293792725,1.09157554106787e-05,0.0468687303364277,
1986-02-04,-8.83033561706543,0.00469432445243001,0.020904803648591,
1986-02-05,-12.8943014144897,0.141095563769341,0.0568067841231823,
1986-02-06,-13.9642858505249,0.0180222913622856,0.064144641160965,
1986-02-07,-17.8963260650635,0.322156339883804,0.054937619715929,
1986-02-08,-16.4385776519775,0.0961868837475777,0.137546986341476,
1986-02-09,-16.5994892120361,0.0135580943897367,0.151751190423965,
1986-02-10,-16.8111305236816,0.0680831968784332,0.115490429103374,
1986-02-11,-12.6380262374878,0.425885528326035,0.154860004782677,
1986-02-12,-16.2266254425049,0.459843456745148,0.0781981721520424,
1986-02-13,-17.9811458587646,1.09184610843658,0.122913300991058,
1986-02-14,-18.0623264312744,1.1437760591507,0.166670560836792,
1986-02-15,-28.6114768981934,0.212769895792007,0.0725512206554413,
1986-02-16,-31.1373443603516,0.0284000393003225,0.0467353947460651,
1986-02-17,-31.5278568267822,0.123052172362804,0.0694467052817345,
1986-02-18,-33.7341766357422,0.0698738098144531,0.0497740618884563,
1986-02-19,-33.2684135437012,0.172697901725769,0.0674112811684609,
1986-02-20,-28.0309448242188,0.0374127551913261,0.131638452410698,0.0345078927881535
1986-02-21,-24.3499126434326,0.0253983866423368,0.146132692694664,0.0327824977373797
1986-02-22,-24.4754180908203,0.00710492441430688,0.121521659195423,0.0310571026866059
1986-02-23,-25.021463394165,0.258688986301422,0.154439762234688,0.0303669454890286
1986-02-24,-14.5557498931885,1.94223690032959,0.365087151527405,0.0282964718394662
1986-02-25,-7.62511301040649,0.251859784126282,0.268956512212753,0.0262259981899038
1986-02-26,-6.24456453323364,0,0.252834856510162,0.0258809195911151
1986-02-27,-3.08233714103699,0.0434061661362648,0.580645799636841,0.0255358409923265
1986-02-28,1.55742537975311,0,0.616625070571899,0.0224301294895675
1986-03-01,0.253525853157043,0.0101404776796699,0.360286951065064,0.0193244200436392
1986-03-02,-4.95956134796143,0.183350712060928,0.304298788309097,0.017426485693471
1986-03-03,-15.663501739502,4.68885898590088,0.202438578009605,0.0172539463940767
1986-03-04,-12.8592500686646,1.36355435848236,0.450139403343201,0.0169088677952881
1986-03-05,-17.6252460479736,0.357568979263306,0.23563914000988,0.0155285513433029
1986-03-06,-24.7995262145996,0.134131535887718,0.236594676971436,0.0138031573209445
1986-03-07,-17.5303649902344,0.298809826374054,0.384376376867294,0.0125953811967689
1986-03-08,-18.0749244689941,2.45281863212585,0.275696754455566,0.0115601443719877
1986-03-09,-14.4378719329834,0.323562026023865,0.32702100276947,0.0106974468466008
1986-03-10,-14.3228378295898,0.102138631045818,0.406741291284561,0.0103523682478122
1986-03-11,-10.3801584243774,0.0104038277640939,0.559277057647705,0.00983474932121389
1986-03-12,-10.2378225326538,0.835286557674408,0.357207089662552,0.0091445910952213
1986-03-13,-4.12941741943359,0,0.615152537822723,0.008972051795827
1986-03-14,-4.39124631881714,0.0796149671077728,0.357318550348282,0.00879951249643267
1986-03-15,-5.49061870574951,0.678023338317871,0.533247411251068,0.00862697319703837
1986-03-16,-5.21415090560913,0.965132296085358,0.450720280408859,0.00862697319703837
1986-03-17,-7.61719703674316,3.09108901023865,0.385286420583725,0.00845443389764408
1986-03-18,-11.1083650588989,0.000117300784040708,0.544485092163086,0.00828189408404208
1986-03-19,-9.64812564849854,1.0992785692215,0.584111154079437,0.00845443389764408
1986-03-20,-8.00274562835693,1.44285190105438,0.387063443660736,0.00759173637225715
1986-03-21,-10.6339635848999,4.38117265701294,0.388436198234558,0.00707411795986656
1986-03-22,-15.8741521835327,0.535109758377075,0.415180295705795,0.00707411795986656
1986-03-23,-17.3531856536865,0.474054455757141,0.461144030094147,0.00724665725926086
1986-03-24,-16.3218936920166,0.107835508882999,0.578221321105957,0.00724665725926086
1986-03-25,-9.72666454315186,0,0.778460204601288,0.00724665725926086
1986-03-26,-2.32232880592346,0.062227476388216,0.956985294818878,0.00793681548525345
1986-03-27,-0.403820514678955,1.40164375305176,0.985104441642761,0.00828189408404208
1986-03-28,0.585239410400391,0.425293952226639,1.02169597148895,0.00862697319703837
1986-03-29,0.632261693477631,0.00686682248488069,1.10238361358643,0.0100072886206082
1986-03-30,1.20919239521027,0.681630730628967,1.09099495410919,0.012250301569565
1986-03-31,-4.71397161483765,4.22950887680054,0.645273506641388,0.0120777622701707
1986-04-01,-11.2387523651123,0.766574859619141,0.797259330749512,0.0103523682478122
1986-04-02,-10.2529554367065,0.0259824339300394,0.949388146400452,0.00862697319703837
1986-04-03,-5.12862110137939,0.100067980587482,1.17460739612579,0.00862697319703837
1986-04-04,0.849634170532227,1.09089612960815,0.795580387115479,0.0103523682478122
1986-04-05,1.9900906085968,0.187905237078667,1.31173193454742,0.0155285513433029
1986-04-06,1.453449010849,0.383528023958206,1.34844720363617,0.0224301294895675
1986-04-07,-1.03107631206512,0.0375626422464848,1.39888274669647,0.026916155387481
1986-04-08,-0.41242778301239,1.30140614509583,1.60959339141846,0.0267436160880867
1986-04-09,-10.4750719070435,0.130777060985565,0.909130811691284,0.0189793414448506
1986-04-10,-15.6191711425781,0.376099020242691,0.775069415569305,0.0134580776937405
1986-04-11,-13.1938714981079,0.573847413063049,0.943415641784668,0.00862697319703837
1986-04-12,-11.7818470001221,0.109807051718235,0.96842622756958,0.00793681548525345
1986-04-13,-10.4963178634644,2.71037370112026e-05,0.975372433662415,0.00810935478464778
1986-04-14,-9.3786563873291,0.0718413069844246,1.17337131500244,0.00862697319703837
1986-04-15,-3.61473655700684,0.00628982577472925,1.55899500846863,0.0148383941457257
1986-04-16,1.28103065490723,0.246774733066559,1.85518193244934,0.0273302509401258
1986-04-17,1.89648306369781,1.43794298171997,1.38012373447418,0.0331620858415117
1986-04-18,1.0713700056076,5.60600233078003,0.702516257762909,0.0755722871806137
1986-04-19,0.452943712472916,3.04730749130249,1.6554399728775,0.0986925697540972
1986-04-20,0.126896381378174,2.09491920471191,1.45530676841736,0.0980024125565197
1986-04-21,1.96426272392273,0.0851797536015511,1.86321449279785,0.0966220981613651
1986-04-22,-1.68404960632324,0.211230874061584,1.72467160224915,0.104558914160826
1986-04-23,-2.21454691886902,0.930107355117798,1.30865120887756,0.101453206771729
1986-04-24,-1.6914210319519,0.819578945636749,1.57157421112061,0.0804033875636542
1986-04-25,0.117453597486019,0.0276195853948593,1.7088109254837,0.0617691267744232
1986-04-26,2.527587890625,0.0012614366132766,1.22930932044983,0.0766075229769795
1986-04-27,5.973304271698,0,2.0174355506897,0.0814386233600204
1986-04-28,4.87289428710938,0.696077644824982,1.35462176799774,0.171159149545613
1986-04-29,1.95253765583038,0.0502969175577164,1.42545187473297,0.147003631175764
1986-04-30,-0.617907166481018,0.459996253252029,1.17342853546143,0.955868656559286
1986-05-01,-2.16953420639038,1.07266823761165e-05,1.7915530204773,0.583183374956079
1986-05-02,1.494020819664,0.336847335100174,1.95245242118835,0.59008497984114
1986-05-03,3.59985113143921,2.11405277252197,0.868444979190826,0.59008497984114
1986-05-04,4.44021987915039,0.564724087715149,1.79033768177032,0.790230731685
1986-05-05,2.58665299415588,0.170667111873627,1.89789164066315,1.07319547887529
1986-05-06,3.66630458831787,0.0493741668760777,2.29664278030396,1.53560122907283
1986-05-07,7.29062414169312,0.0262397583574057,2.81790494918823,2.32238128995246
1986-05-08,7.32814836502075,1.76964223384857,2.22723436355591,2.84345041839871
1986-05-09,7.04230785369873,0.734753608703613,2.4488217830658,3.36106881022102
1986-05-10,5.2315034866333,2.34876251220703,1.10113728046417,3.69234452833242
1986-05-11,6.06154203414917,0.000501133210491389,2.63483762741089,3.65783663554427
1986-05-12,4.97223234176636,3.1017951965332,1.56188237667084,3.14711971696987
1986-05-13,1.99392294883728,2.63943672180176,1.33433473110199,3.65783663554427
1986-05-14,1.26264989376068,0.109377540647984,1.9424797296524,3.72685242112058
1986-05-15,1.71084916591644,0.0555440038442612,2.48779630661011,2.67091095445795
1986-05-16,3.93164253234863,0,2.94228029251099,2.22230834821195
1986-05-17,7.76228380203247,0.0544585287570953,2.30933713912964,1.79095968836003
1986-05-18,11.0932664871216,0,3.69655275344849,1.69778835150459
1986-05-19,12.5130681991577,0.252240806818008,4.00639486312866,1.59771540976407
1986-05-20,13.7908849716187,1.51515913009644,3.81810855865479,1.52869962418777
1986-05-21,9.1099100112915,4.80780982971191,3.52640080451965,1.47693778500554
1986-05-22,7.46986389160156,3.55837631225586,1.82838237285614,1.4838393898906
1986-05-23,8.21296787261963,4.53353309631348,1.99829697608948,1.48038865326665
1986-05-24,11.589560508728,0.0309174917638302,3.73797726631165,1.62877256592828
1986-05-25,14.2338218688965,1.97071695327759,3.57530665397644,1.97385149380981
1986-05-26,17.5135555267334,0.0221610125154257,5.32491540908814,1.51834728267875
1986-05-27,17.6198863983154,0.00199047639034688,5.12308406829834,1.41827434093824
1986-05-28,13.0272693634033,1.64662337303162,4.80439805984497,1.32510313571996
1986-05-29,10.7989816665649,0.740596354007721,3.17194867134094,1.32855387234391
1986-05-30,8.82930850982666,5.38078737258911,2.22760581970215,1.24573487699748
1986-05-31,9.85635185241699,0.877797663211823,3.48629832267761,1.1905223011913
1986-06-01,13.2875394821167,4.59521675109863,2.58826684951782,1.131858857124
1986-06-02,8.9454174041748,1.51521646976471,3.20449447631836,1.22503019397945
1986-06-03,5.69976091384888,0.0622753687202931,3.18783855438232,1.02488444213559
1986-06-04,9.81998157501221,0.711367964744568,3.69374799728394,0.980024142019844
1986-06-05,11.7990274429321,0.627307295799255,3.61371636390686,0.969671800510829
1986-06-06,10.2995347976685,0.0302897822111845,4.39500379562378,0.931713105280144
1986-06-07,11.9105825424194,1.12820325739449e-05,5.32929992675781,0.883402068540445
1986-06-08,14.9570817947388,4.64068603515625,4.41532850265503,0.835091031800749
1986-06-09,12.27698802948,0.323823541402817,5.02285623550415,0.790230731685
1986-06-10,11.4104719161987,0.141681537032127,4.76116418838501,0.79368153412753
1986-06-11,9.12884712219238,1.76089644432068,3.91650676727295,0.786779929242465
1986-06-12,5.16835308074951,2.91035127639771,3.0943284034729,0.755722838896846
1986-06-13,4.31959390640259,0.213468238711357,3.27387809753418,0.855795714818772
1986-06-14,6.4725193977356,0.00815999507904053,3.44432497024536,0.755722838896846
1986-06-15,7.24624490737915,0.036188866943121,3.98125290870667,0.745370497387831
1986-06-16,7.99986457824707,0,4.00680923461914,0.662551567859982
1986-06-17,11.605640411377,0.572653710842133,4.78579521179199,0.634945214138309
1986-06-18,14.3497400283813,4.19178819656372,3.8169858455658,0.607338926235217
1986-06-19,12.5063247680664,23.624963760376,1.38929975032806,0.614240465301698
1986-06-20,9.85663414001465,11.2930946350098,0.535631418228149,0.703960999714616
1986-06-21,7.50832223892212,0.900174558162689,1.07838892936707,1.68398514173446
1986-06-22,10.7775602340698,0.651157200336456,3.01989030838013,2.4500603879589
1986-06-23,12.9213781356812,2.63759994506836,4.0963249206543,1.99800704508895
1986-06-24,11.049222946167,0.400640219449997,4.81587934494019,1.65637885383137
1986-06-25,8.80165004730225,4.36350536346436,1.57339334487915,1.33200460896786
1986-06-26,10.2400531768799,3.32921814918518,3.51203656196594,1.3182015308349
1986-06-27,12.1748113632202,0.469195455312729,3.16626572608948,1.25263648188254
1986-06-28,13.209566116333,0.410976380109787,4.47136974334717,1.22503019397945
1986-06-29,16.3925971984863,0.776886582374573,4.93569946289063,1.12495725223894
1986-06-30,16.5539989471436,3.11838507652283,4.28691577911377,1.10770330584486
1986-07-01,16.110725402832,3.49043488502502,4.08016347885132,1.05939233492375
1986-07-02,14.9902400970459,10.425389289856,3.62907409667969,1.07319547887529
1986-07-03,13.5459966659546,10.0195226669312,3.38716125488281,1.09044942526937
1986-07-04,12.7991409301758,1.53869497776032,2.80306696891785,1.04558912515362
1986-07-05,11.3648281097412,0.425863355398178,3.25411176681519,1.00417969329898
1986-07-06,10.9237289428711,0.73111093044281,3.56298565864563,0.952417854116752
1986-07-07,13.159384727478,0.669978797435761,3.64814186096191,0.897205212491991
1986-07-08,14.0043869018555,1.45947170257568,3.97714614868164,0.859246517261306
1986-07-09,15.9102745056152,4.36174154281616,3.67930722236633,0.817837085406672
1986-07-10,16.7746849060059,7.9190034866333,2.35371518135071,0.776427587733454
1986-07-11,16.8572063446045,0.932410717010498,3.1227662563324,0.835091031800749
1986-07-12,16.3346977233887,6.79147672653198,2.91474580764771,1.13530972538512
1986-07-13,15.5564317703247,5.73788261413574,3.17337846755981,1.40447126280528
1986-07-14,17.5427951812744,0.000345352775184438,4.29532051086426,1.33890621385292
1986-07-15,15.0412874221802,0.0142398877069354,2.67289233207703,1.18362069630623
1986-07-16,12.7099275588989,0.028884194791317,3.59460854530334,1.07664628131782
1986-07-17,12.9877624511719,0.138460770249367,2.32878661155701,0.969671800510829
1986-07-18,12.2736768722534,0.116032399237156,2.85064911842346,0.883402068540445
1986-07-19,10.5301666259766,0.0229800809174776,4.35483932495117,0.814386282964138
1986-07-20,12.4809770584106,0.00244905450381339,3.46039485931397,0.759173641339377
1986-07-21,15.4143238067627,6.16021633148193,3.52171897888184,0.710862604599678
1986-07-22,13.0560140609741,12.5482883453369,0.79665344953537,0.683256250878005
1986-07-23,10.1312303543091,0.998092770576477,2.65129089355469,0.669453106926462
1986-07-24,11.2348537445068,7.90727281570435,2.89175248146057,0.717764143666158
1986-07-25,12.6291275024414,0.00823790766298771,3.59212064743042,1.12840812050005
1986-07-26,12.1761121749878,0.135224565863609,3.72551369667053,1.29404597955576
1986-07-27,13.2856578826904,1.76108133792877,3.90966820716858,1.00763049574152
1986-07-28,13.9037446975708,7.45004653930664,2.78484773635864,0.879951266097914
1986-07-29,13.1843242645264,7.30112648010254,2.4952290058136,0.897205212491991
1986-07-30,13.4620552062988,1.73811602592468,2.67802143096924,0.959319393183233
1986-07-31,15.0978298187256,0.279626131057739,3.43145608901978,0.986925746904905
1986-08-01,16.9746494293213,0.124511301517487,3.90915870666504,0.897205212491991
1986-08-02,17.3203964233398,0.889615654945374,4.12958240509033,0.804033875636542
1986-08-03,17.6367359161377,2.00636315345764,4.08018255233765,0.821287822030619
1986-08-04,15.9788999557495,6.46179819107056,2.79404401779175,0.7419196949453
1986-08-05,14.0427713394165,1.00154232978821,4.13034105300903,0.710862604599678
1986-08-06,14.79261302948,0.222429871559143,2.97805571556091,0.652199160532386
1986-08-07,12.3185787200928,2.76679468154907,3.19559526443481,0.624592872629294
1986-08-08,11.310694694519,0.645550906658173,1.48761093616486,0.600437321350155
1986-08-09,11.882755279541,0.0029897119384259,3.7974636554718,0.579732572513544
1986-08-10,15.5086736679077,0.0642185583710671,4.42344236373901,0.527970766240608
1986-08-11,18.0498542785645,0,4.46996164321899,0.527970766240608
1986-08-12,17.5203132629395,2.43908619880676,3.11738896369934,0.493462873452455
1986-08-13,15.2073373794556,5.73791027069092,3.52749276161194,0.455504178221767
1986-08-14,9.2339448928833,14.4197301864624,1.36879396438599,0.445151803803465
1986-08-15,9.33935165405273,1.19778621196747,1.84276926517487,0.648748358089851
1986-08-16,9.8633861541748,5.70731449127197,1.6868166923523,0.762624443781908
1986-08-17,10.6387529373169,3.6918478012085,2.25022220611572,0.762624443781908
1986-08-18,9.25596618652344,5.20636558532715,0.834448337554932,0.703960999714616
1986-08-19,7.66209840774536,2.19126343727112,2.08886885643005,0.666002304483928
1986-08-20,9.43583583831787,1.24962520599365,2.34297966957092,0.679805514254058
1986-08-21,8.62534618377686,0.396203368902206,2.04537272453308,0.659100765417447
1986-08-22,11.4365186691284,1.37112408538087e-07,3.7294774055481,0.652199160532386
1986-08-23,9.25313663482666,7.21588897705078,1.76730716228485,0.648748358089851
1986-08-24,3.18417596817017,4.60787963867188,1.93389678001404,0.614240465301698
1986-08-25,4.60670948028564,0.194556698203087,2.03471350669861,0.628043675071828
1986-08-26,8.94864368438721,0.00624636793509126,2.69497013092041,0.703960999714616
1986-08-27,13.2408103942871,2.35399897974276e-06,3.44785928726196,0.686707053320539
1986-08-28,15.7563791275024,0,3.49429988861084,0.662551567859982
1986-08-29,15.9671173095703,0.256887346506119,3.33054733276367,0.614240465301698
1986-08-30,9.20787143707275,0.241966605186462,1.38908052444458,0.552126284610456
1986-08-31,5.54157829284668,0,2.43756937980652,0.514167589379772
1986-09-01,10.2456607818604,1.71472561359406,2.49541330337524,0.455504178221767
1986-09-02,9.508469581604,6.2236852645874,1.10213565826416,0.448602606245995
1986-09-03,7.7952733039856,0.662973999977112,1.72363293170929,0.441701034270224
1986-09-04,7.73036289215088,0.191049918532372,1.82470786571503,0.414094713457842
1986-09-05,8.63020801544189,0.455763548612595,2.01479649543762,0.396840767063765
1986-09-06,9.61071872711182,3.47918778231815e-08,2.59244084358215,0.376136018227158
1986-09-07,10.4656734466553,9.5392664661631e-05,2.46934604644775,0.358882071833081
1986-09-08,10.4477195739746,6.35463002254255e-05,2.20093369483948,0.334381466637119
1986-09-09,10.2857999801636,0.0829521343111992,2.47511506080627,0.320923409511686
1986-09-10,8.78789138793945,0.0947999656200409,2.04241871833801,0.315402151931068
1986-09-11,4.31979417800903,0.106709510087967,1.84038174152374,0.291591687478039
1986-09-12,3.17047667503357,0,1.80826127529144,0.267781255934301
1986-09-13,3.58157801628113,0,1.93210732936859,0.263640296294192
1986-09-14,4.37516307830811,0.0054937032982707,2.09432029724121,0.233273363146148
1986-09-15,4.35595178604126,0.0612161792814732,1.16718125343323,0.225681617518152
1986-09-16,4.1894359588623,0.156210318207741,1.04300153255463,0.217744801518691
1986-09-17,3.1206579208374,0.1513991355896,1.14331495761871,0.213948928704694
1986-09-18,4.54857492446899,0,1.71926236152649,0.20980798551923
1986-09-19,6.04307556152344,0.163498640060425,1.81614625453949,0.201526099148303
1986-09-20,5.65642786026001,0.440288931131363,1.79040265083313,0.184272152754226
1986-09-21,6.88208389282227,0.328730523586273,1.56781423091888,0.176680407126231
1986-09-22,7.15387678146362,1.16134190559387,0.788253426551819,0.175990249928654
1986-09-23,4.51958751678467,0.0110579403117299,1.10986471176147,0.172194377114656
1986-09-24,5.87225198745728,2.25496006011963,0.336188495159149,0.170814062719502
1986-09-25,6.73488903045654,0.82640540599823,1.07198762893677,0.169778835150459
1986-09-26,3.50447130203247,1.25871670246124,0.531510829925537,0.199800697927037
1986-09-27,2.79435205459595,1.31223940849304,0.198264598846436,0.199800697927037
1986-09-28,3.60277628898621,0.645629823207855,0.544244050979614,0.175990249928654
1986-09-29,2.52455973625183,1.14795756340027,0.33792844414711,0.126298890566478
1986-09-30,-0.477738261222839,0.782185614109039,0.924534201622009,0.140102042745346
1986-10-01,-2.2454469203949,1.0823894739151,0.806076288223267,0.153905203151536
1986-10-02,-1.53149235248566,3.18539547920227,0.903205513954163,0.151144574361227
1986-10-03,-0.0275110173970461,0.555351495742798,0.476048082113266,0.151144574361227
1986-10-04,0.307796508073807,0.645360469818115,0.875311613082886,0.134580785164728
1986-10-05,3.78194618225098,1.93009161949158,0.864389836788178,0.133200462542251
1986-10-06,1.18797945976257,7.84251546859741,0.184260323643684,0.133200462542251
1986-10-07,-3.04723882675171,0.897082567214966,0.525204658508301,0.133200462542251
1986-10-08,-2.13033628463745,1.1579327583313,0.551957488059998,0.133200462542251
1986-10-09,0.34500926733017,3.63035178184509,0.377507627010345,0.133200462542251
1986-10-10,-1.78432202339172,0.00512689631432295,0.652011811733246,0.127679204961633
1986-10-11,2.82104754447937,0,1.00057637691498,0.149074102768496
1986-10-12,6.88382816314697,0,1.08478891849518,0.170123905521924
1986-10-13,3.12009263038635,0,0.641397297382355,0.19151881155611
1986-10-14,3.50504446029663,0,0.71589583158493,0.148383945570918
1986-10-15,6.57296991348267,0,0.724865198135376,0.134580785164728
1986-10-16,6.98763179779053,0,0.73638653755188,0.130439833751941
1986-10-17,4.63121366500854,0.0804803296923637,0.665412187576294,0.130439833751941
1986-10-18,-0.0619764886796474,3.54701209068298,0.112977586686611,0.130439833751941
1986-10-19,0.121985137462616,0.188158467411995,0.471226960420609,0.121467781956114
1986-10-20,2.13541054725647,0.00332509446889162,0.319588392972946,0.125263654770112
1986-10-21,3.41962218284607,0.000155313464347273,0.465624392032623,0.122848096351269
1986-10-22,3.64556455612183,0.000827593845315278,0.472577750682831,0.121467781956114
1986-10-23,5.73857975006104,8.21088178781793e-05,0.715512573719025,0.118362074567017
1986-10-24,4.29808187484741,0.00277688866481185,0.522147417068481,0.114911280351808
1986-10-25,1.76182353496552,0.00246349861845374,0.285507649183273,0.110770337166344
1986-10-26,-1.3059995174408,4.02073764801025,0.177722364664078,0.109735101369978
1986-10-27,-5.32600355148315,7.52795076370239,0.265581548213959,0.110080179968767
1986-10-28,-12.3209266662598,1.22711896896362,0.170840054750443,0.110425258567556
1986-10-29,-13.5901336669922,0.370404660701752,0.140084430575371,0.103868756963249
1986-10-30,-13.3155374526978,0.447182565927506,0.193688109517097,0.0752272085818249
1986-10-31,-13.756552696228,0.0476929470896721,0.110296741127968,0.0565929436789325
1986-11-01,-13.5811042785645,0.0275469459593296,0.126197412610054,
1986-11-02,-9.19946956634521,0.356259673833847,0.13733597099781,
1986-11-03,-6.58803606033325,0.813291907310486,0.186431184411049,
1986-11-04,-0.00163457589223981,0.763119697570801,0.0736771374940872,
1986-11-05,-4.0458812713623,2.70640754699707,0.0975301563739777,
1986-11-06,-14.0984477996826,3.79944610595703,0.161391243338585,
1986-11-07,-21.3931884765625,0.271219730377197,0.0308240335434675,
1986-11-08,-23.6158447265625,0.194997981190681,0.0622165538370609,
1986-11-09,-24.1814517974854,0.079634390771389,0.0437988750636578,
1986-11-10,-22.6844329833984,0.0940845534205437,0.0330790244042873,
1986-11-11,-24.4661140441895,0.0393566861748695,0.0408477745950222,
1986-11-12,-22.3204860687256,0.101096801459789,0.129446789622307,
1986-11-13,-17.961540222168,0.322920620441437,0.0805073082447052,
1986-11-14,-20.6769256591797,0.072406105697155,0.0319973677396774,
1986-11-15,-17.9184494018555,0.0259503126144409,0.0752779468894005,
1986-11-16,-20.780445098877,0,0.0203393381088972,
1986-11-17,-25.7899990081787,9.88993124337867e-05,0.00237943208776414,
1986-11-18,-27.765495300293,5.78194376430474e-05,0.011207957752049,
1986-11-19,-26.3639125823975,1.42932677268982,0.0488688610494137,
1986-11-20,-23.2993717193604,2.82883596420288,0.0428288690745831,
1986-11-21,-22.005277633667,0.48038911819458,0.0233934614807367,
1986-11-22,-19.7380504608154,1.27073800563812,0.0805564224720001,
1986-11-23,-13.1219663619995,5.0939507484436,0.0510848686099052,
1986-11-24,-18.3704051971436,1.72272181510925,0.0599606111645699,
1986-11-25,-15.6270151138306,0.293793827295303,0.0414980500936508,
1986-11-26,-10.4182319641113,9.65482902526855,0.101973026990891,
1986-11-27,-15.375018119812,1.7431503534317,0,
1986-11-28,-11.9627361297607,0.0680649131536484,0,
1986-11-29,-11.4482583999634,0.00159455148968846,0.0245733745396137,
1986-11-30,-8.90087890625,0,0,
1986-12-01,-11.0921726226807,0.016513530164957,0,
1986-12-02,-14.5723991394043,8.67796043166891e-05,0,
1986-12-03,-14.424596786499,0.527651250362396,0.0166296306997538,
1986-12-04,-11.1681928634644,3.00060558319092,0.0734699293971062,
1986-12-05,-12.6671686172485,0.217172756791115,0,
1986-12-06,-14.9181041717529,2.19802308082581,0.0951119586825371,
1986-12-07,-16.0095672607422,7.55382776260376,0.171688497066498,
1986-12-08,-19.9224758148193,0.960581362247467,0.022084841504693,
1986-12-09,-15.3853893280029,0.0399463325738907,0.0927833095192909,
1986-12-10,-7.87483930587769,0.00169292488135397,0,
1986-12-11,-12.3229160308838,0.126722157001495,0,
1986-12-12,-13.1211709976196,0.0276737343519926,0.107478983700275,
1986-12-13,-12.43212890625,0.000635938660707325,0,
1986-12-14,-10.7994508743286,3.76578964278451e-06,0,
1986-12-15,-9.63187026977539,0.575568974018097,0.0874841064214706,
1986-12-16,-6.98466157913208,0.00542671885341406,0,
1986-12-17,-5.49310970306396,0.00183566298801452,0.103532023727894,
1986-12-18,-8.8343448638916,0.00693804258480668,0,
1986-12-19,-11.8865165710449,4.26776969106868e-05,0.0204751007258892,
1986-12-20,-11.2633256912231,5.28123749177212e-08,0.0135610504075885,
1986-12-21,-8.98585033416748,0.710789382457733,0.00142399512697011,
1986-12-22,-9.61754035949707,0.151672601699829,0,
1986-12-23,-10.4857931137085,4.81969785690308,0.142675191164017,
1986-12-24,-13.5615940093994,1.61419486999512,0.0570997595787048,
1986-12-25,-6.9491662979126,0.75271475315094,0.052941057831049,
1986-12-26,-5.75689268112183,0.000274392659775913,0,
1986-12-27,-7.92835760116577,0,0,
1986-12-28,-9.53226566314697,0.432905256748199,0.0368768088519573,
1986-12-29,-7.27271461486816,0.0574695058166981,0,
1986-12-30,-13.3473482131958,0.145860105752945,0,
1986-12-31,-17.4411296844482,0.024782145395875,0.0161680914461613,
1987-01-01,-15.6079683303833,0.29302704334259,0.0274294577538967,
1987-01-02,-18.0788593292236,0.188319429755211,0,
1987-01-03,-14.1808128356934,0.507439255714417,0.0706905201077461,
1987-01-04,-12.6644630432129,3.35225677490234,0.00427970802411437,
1987-01-05,-14.7241296768188,0.162311181426048,0.0135602988302708,
1987-01-06,-10.9376916885376,0,0.141220048069954,
1987-01-07,-7.93827199935913,0,0.0399564579129219,
1987-01-08,-9.20378112792969,0,0.0490298345685005,
1987-01-09,-7.7541618347168,0.0145329581573606,0.177503496408463,
1987-01-10,-1.53898549079895,0,0.0716992914676666,
1987-01-11,-4.09896183013916,5.07471656799316,0,
1987-01-12,-8.15770626068115,2.49177598953247,0.110835134983063,
1987-01-13,-20.2917556762695,0.590809345245361,0.0510973744094372,
1987-01-14,-22.3983726501465,0.0600634701550007,0.0290590729564428,
1987-01-15,-17.3878269195557,0.747874975204468,0.158190056681633,
1987-01-16,-14.6368494033813,0.0168144591152668,0.00359597988426685,
1987-01-17,-12.1071577072144,3.3544008731842,0.160746619105339,
1987-01-18,-10.3574523925781,0.776376724243164,0.0844737440347672,
1987-01-19,-9.59021186828613,2.58747911453247,0,
1987-01-20,-9.18672657012939,4.58947324752808,0.148992791771889,
1987-01-21,-12.7045745849609,2.2435700884671e-05,0,
1987-01-22,-14.4373140335083,0.00128507544286549,0.0466833561658859,
1987-01-23,-13.4381666183472,0,0.0325503870844841,
1987-01-24,-11.8582305908203,0.00103800627402961,0.0266714040189981,
1987-01-25,-11.7983350753784,0.0901944190263748,0.0296280719339848,
1987-01-26,-12.5275440216064,0.653364360332489,0.0521055050194264,
1987-01-27,-15.0313148498535,0.175824731588364,0,
1987-01-28,-13.3928546905518,2.11941528320313,0.0777276232838631,
1987-01-29,-16.4813861846924,2.97689199447632,0.0564566589891911,
1987-01-30,-16.156120300293,6.49581623077393,0.107359923422337,
1987-01-31,-19.7659549713135,1.26513481140137,0.0486924089491367,
1987-02-01,-17.9336090087891,1.99753212928772,0.12084524333477,
1987-02-02,-16.95090675354,0.00161179469432682,0.0202464275062084,
1987-02-03,-15.6670227050781,0,0.126781895756722,
1987-02-04,-9.5151252746582,1.82553470134735,0.168404757976532,
1987-02-05,-3.0926628112793,0.58090078830719,0.270703583955765,
1987-02-06,-4.55727100372314,0,0.106613755226135,
1987-02-07,-8.55561065673828,0.00910244509577751,0.023024957627058,
1987-02-08,-7.41486072540283,0.223594844341278,0.0810756385326386,
1987-02-09,-7.67223167419434,0.383509993553162,0.264649420976639,
1987-02-10,-8.96801471710205,0.40227621793747,0.143495053052902,
1987-02-11,-16.7975482940674,3.1180202960968,0.164839833974838,
1987-02-12,-19.2210674285889,5.76705360412598,0.130294263362885,
1987-02-13,-19.425220489502,2.99109530448914,0.181238278746605,
1987-02-14,-15.7282648086548,0.498833030462265,0.133444160223007,
1987-02-15,-14.1023015975952,0.452701687812805,0.18848592042923,
1987-02-16,-8.60333728790283,0.328343033790588,0.138961136341095,
1987-02-17,-6.03997802734375,2.58117008209229,0.162249892950058,
1987-02-18,-7.44170999526978,2.42855644226074,0.171661779284477,
1987-02-19,-9.19558238983154,1.46291160583496,0.247111737728119,0.0180476279940229
1987-02-20,-6.25158929824829,0.0634588673710823,0.249115347862244,0.0182891821904426
1987-02-21,-10.6161184310913,0.0179638508707285,0.181472927331924,0.0186342628460619
1987-02-22,-9.33185958862305,0.0205599684268236,0.197226956486702,0.0186342628460619
1987-02-23,-12.3630208969116,0.634925127029419,0.175960496068001,0.0186342628460619
1987-02-24,-16.8823585510254,0.161964178085327,0.172712624073029,0.0186342628460619
1987-02-25,-14.1747570037842,0.0116708474233747,0.225170582532883,0.0184617235466676
1987-02-26,-11.8969249725342,0.143128588795662,0.293760299682617,0.0182891821904426
1987-02-27,-12.6736793518066,2.49624466896057,0.278044044971466,0.0181166428910483
1987-02-28,-16.7699680328369,1.14139652252197,0.204789713025093,0.017944103591654
1987-03-01,-20.685230255127,0.13508728146553,0.164476379752159,0.0177715642922597
1987-03-02,-24.4867725372314,1.18639624118805,0.157114431262016,0.0175990249928654
1987-03-03,-24.4887218475342,1.12424874305725,0.192254960536957,0.017426485693471
1987-03-04,-21.1935005187988,11.3338432312012,0.17352893948555,0.0172539463940767
1987-03-05,-21.8379344940186,8.97275066375732,0.212286040186882,0.0172539463940767
1987-03-06,-22.5470428466797,2.80242443084717,0.271162956953049,0.0172539463940767
1987-03-07,-24.3525619506836,0.595454812049866,0.192293986678123,0.0172539463940767
1987-03-08,-20.847095489502,0,0.329193264245987,0.017426485693471
1987-03-09,-20.1590938568115,0.000965404557064176,0.268003135919571,0.0175990249928654
1987-03-10,-20.5513973236084,0.117204330861568,0.331310033798218,0.0177715642922597
1987-03-11,-19.1786518096924,0,0.362016171216965,0.017944103591654
1987-03-12,-15.1112327575684,0,0.422207593917847,0.0181166428910483
1987-03-13,-9.71032905578613,0.656455278396606,0.403096795082092,0.0182891821904426
1987-03-14,-8.17246246337891,3.54362893104553,0.361588567495346,0.0186342628460619
1987-03-15,-8.57814025878906,5.81432676315308,0.478032380342484,0.0189793414448506
1987-03-16,-8.81512641906738,1.78664326667786,0.45745375752449,0.0193244200436392
1987-03-17,-6.17310333251953,1.96721076965332,0.512352287769318,0.0199110548956783
1987-03-18,-5.2907772064209,3.10715198516846,0.503009080886841,0.0201871165406108
1987-03-19,-5.65786647796631,1.1063414812088,0.583731114864349,0.020359655840005
1987-03-20,-7.42914628982544,0.814614534378052,0.510025084018707,0.02053219719623
1987-03-21,-6.34352827072144,0.095345601439476,0.618827521800995,0.0207047364956244
1987-03-22,-8.72528266906738,3.29724498442374e-05,0.663645565509796,0.0207047364956244
1987-03-23,-7.30363702774048,0.00133321469184011,0.700580894947052,0.0207047364956244
1987-03-24,-5.66202259063721,5.7877208746504e-05,0.829155385494232,0.0207047364956244
1987-03-25,-2.59957361221313,0.538577437400818,0.758968830108643,0.0207047364956244
1987-03-26,-16.3464832305908,1.2273188829422,0.538462281227112,0.0207047364956244
1987-03-27,-18.9843940734863,0.20697084069252,0.525666534900665,0.0207047364956244
1987-03-28,-15.4388799667358,0.72480434179306,0.752653062343597,0.02053219719623
1987-03-29,-3.95441627502441,0.384568005800247,0.785365045070648,0.02053219719623
1987-03-30,-0.748875081539154,0.769110441207886,0.946087241172791,0.020359655840005
1987-03-31,-1.42881810665131,0.791802525520325,0.882229208946228,0.020359655840005
1987-04-01,-2.8283998966217,0,1.06343305110931,0.0200145772412164
1987-04-02,3.39298701286316,0.0852613598108292,1.53612852096558,0.0200145772412164
1987-04-03,-1.56357491016388,0.596795082092285,0.908729612827301,0.0196694986424278
1987-04-04,-3.01516318321228,0.0221392493695021,1.08215034008026,0.0196694986424278
1987-04-05,0.694879710674286,0.791372001171112,1.44299912452698,0.0193244200436392
1987-04-06,3.32934713363647,1.90310955047607,0.637612581253052,0.0193244200436392
1987-04-07,1.30480420589447,1.43706691265106,0.69599187374115,0.0189793414448506
1987-04-08,-0.542296528816223,2.19703888893127,0.803210318088532,0.0189793414448506
1987-04-09,-2.35382437705994,0.0831700190901756,1.04513394832611,0.0186342628460619
1987-04-10,-2.31544184684753,1.88554012775421,0.879186511039734,0.0186342628460619
1987-04-11,0.396128356456757,2.78308844566345,0.667624473571777,0.0182891821904426
1987-04-12,-1.25069677829742,0.0911478623747826,1.2211377620697,0.0182891821904426
1987-04-13,-0.580480217933655,0.70892071723938,0.844290137290955,0.0189793414448506
1987-04-14,3.72465944290161,0.223798736929894,1.67737221717834,0.02053219719623
1987-04-15,4.10607576370239,0.837293326854706,1.56571269035339,0.0226026687889618
1987-04-16,2.53718495368958,1.0752112865448,1.65897750854492,0.0277098369874271
1987-04-17,1.49625265598297,0.206316486001015,1.55259156227112,0.0372685256921237
1987-04-18,0.994102358818054,0.11127994209528,1.59203457832336,0.0831640245812862
1987-04-19,-0.675475120544434,0.051832839846611,1.71649849414825,0.0976573339577309
1987-04-20,1.45594751834869,0.135825589299202,1.94267225265503,0.114566201753019
1987-04-21,1.98250603675842,4.81939458847046,1.16217017173767,0.118707153165806
1987-04-22,1.01186990737915,0.124812856316566,1.76978623867035,0.262950139096615
1987-04-23,0.952503442764282,0.170750215649605,1.80163359642029,0.376136018227158
1987-04-24,2.30305504798889,0.0223010089248419,1.93606090545654,0.276063142305228
1987-04-25,2.99576091766357,3.70162296295166,1.26252520084381,0.296767891141837
1987-04-26,4.01420068740845,1.01629948616028,2.13925623893738,0.417545515900373
1987-04-27,6.89427328109741,0.247243911027908,2.89008903503418,0.628043675071828
1987-04-28,4.23587226867676,0.0156821422278881,1.94406855106354,0.779878390175985
1987-04-29,7.77443790435791,0.0580869391560555,2.12764191627502,1.43552828733232
1987-04-30,9.80527973175049,0.0447549372911453,2.86208152770996,1.85997547393634
1987-05-01,13.7223768234253,0.209991917014122,3.09348726272583,2.9676787797812
1987-05-02,9.41080474853516,0.270007073879242,2.53522133827209,4.76208920476518
1987-05-03,7.77888488769531,0.07142573595047,3.66287970542908,6.24592859465578
1987-05-04,8.72630786895752,0.455195158720017,3.58998322486877,6.48748384417286
1987-05-05,6.32548093795776,0.0291256066411734,3.2570366859436,5.62478652446902
1987-05-06,7.90588331222534,0,3.84053730964661,4.27897870573103
1987-05-07,10.772988319397,0.413568764925003,4.25525140762329,3.41283064940325
1987-05-08,7.31038761138916,0.589399755001068,3.06348729133606,2.86415510141674
1987-05-09,4.2897310256958,5.38672685623169,1.75351846218109,2.65710774468782
1987-05-10,2.56664848327637,2.06147336959839,2.76840138435364,2.14984169437453
1987-05-11,4.94807386398315,1.67082393169403,3.11703133583069,2.00490851833685
1987-05-12,4.70363521575928,7.85516738891602,1.88239312171936,1.84272152754226
1987-05-13,0.784548759460449,0.208493366837502,2.01381182670593,1.78750882009892
1987-05-14,3.13234400749207,3.98158288002014,2.0540463924408,1.75300092731076
1987-05-15,1.53213703632355,1.01102912425995,2.42102956771851,1.63222330255223
1987-05-16,3.16351366043091,0.774538695812225,2.83521389961243,1.53215049244888
1987-05-17,5.77528715133667,4.41067028045654,2.945396900177,1.41827434093824
1987-05-18,4.43966054916382,0.319726914167404,2.84851455688477,1.38721731641121
1987-05-19,1.01947939395905,0.444761127233505,2.8669810295105,1.26643969165267
1987-05-20,3.98583579063416,0,3.52520632743835,1.19397303781525
1987-05-21,8.13980579376221,0.00254695490002632,4.45079612731934,1.10770330584486
1987-05-22,9.67202091217041,0.100901141762733,4.3226170539856,1.04213838852967
1987-05-23,9.61451053619385,0.317667990922928,3.42941904067993,0.97657333957731
1987-05-24,11.3501081466675,0.574882924556732,4.36620569229126,0.900656014934522
1987-05-25,10.8798189163208,0.675502836704254,3.85261917114258,0.828189426915684
1987-05-26,10.0575428009033,4.40340948104858,2.49310088157654,0.828189426915684
1987-05-27,12.4928121566772,0.278809070587158,4.72719860076904,0.79368153412753
1987-05-28,15.3675851821899,0.756580650806427,4.82408237457275,0.755722838896846
1987-05-29,12.7348031997681,6.72226047515869,2.13864946365356,0.745370497387831
1987-05-30,11.5746994018555,1.88014376163483,3.03040933609009,0.735018090060235
1987-05-31,11.1903791427612,4.85260772705078,0.633326828479767,0.735018090060235
1987-06-01,8.41248035430908,2.59904360771179,1.55601704120636,0.735018090060235
1987-06-02,8.53304958343506,9.93376731872559,2.56363368034363,0.810935480521607
1987-06-03,5.84260272979736,9.28627014160156,1.01174628734589,0.886852870982979
1987-06-04,6.39218425750732,0.325996309518814,3.31369614601135,0.911008356443537
1987-06-05,8.94927406311035,0.339829027652741,3.63784599304199,1.00417969329898
1987-06-06,8.43865299224854,4.79850816726685,1.45262813568115,0.93861471016521
1987-06-07,10.0329141616821,0.932717382907867,3.53514122962952,0.948967051674221
1987-06-08,14.8782606124878,0.0327597968280315,5.18706512451172,0.828189426915684
1987-06-09,15.7133235931396,0.771722793579102,4.65609741210938,0.779878390175985
1987-06-10,15.7340278625488,0.873075544834137,3.78901481628418,0.755722838896846
1987-06-11,12.3016195297241,0.0302662048488855,3.91086268424988,0.697059460648135
1987-06-12,13.9553022384644,2.01502442359924,4.45023393630981,0.662551567859982
1987-06-13,12.1872024536133,1.5948771238327,4.6244683265686,0.593535782283675
1987-06-14,10.1298294067383,0.0161950644105673,4.90975952148438,0.572831033447064
1987-06-15,7.58545446395874,3.41601514816284,1.86250865459442,0.507266017403997
1987-06-16,9.42510986328125,0.490851014852524,4.29664134979248,0.483110499034149
1987-06-17,10.2419528961182,0.0661817342042923,4.71971464157105,0.483110499034149
1987-06-18,13.967625617981,0.0341218411922455,4.69908380508423,0.452053408688526
1987-06-19,14.3361682891846,0.203150570392609,5.20814037322998,0.427897857409388
1987-06-20,14.1702327728271,2.17859601974487,2.93142247200012,0.407193141482071
1987-06-21,17.0616321563721,20.9439449310303,4.08233404159546,0.38648839264546
1987-06-22,12.5272951126099,5.50519371032715,3.22521209716797,0.38648839264546
1987-06-23,7.90566825866699,15.6316118240356,1.03101408481598,0.407193141482071
1987-06-24,9.51275157928467,1.33525717258453,3.18089270591736,0.472758124615843
1987-06-25,12.6594734191895,0.000668240827508271,4.68521642684937,0.652199160532386
1987-06-26,13.774299621582,0.201089560985565,4.26175403594971,0.710862604599678
1987-06-27,13.3218860626221,2.15494966506958,3.83920097351074,0.838541768424696
1987-06-28,13.9484968185425,0.291032880544663,4.18705987930298,0.755722838896846
1987-06-29,14.3147478103638,5.7351655960083,2.37706279754639,0.527970766240608
1987-06-30,15.065450668335,2.14013171195984,4.15122652053833,0.496913642985695
1987-07-01,14.6367769241333,10.2959747314453,2.32895731925964,0.496913642985695
1987-07-02,12.9455595016479,8.30945110321045,1.97932052612305,0.583183374956079
1987-07-03,10.4030961990356,3.10777068138123,3.16684460639954,0.769525982848388
1987-07-04,11.4972114562988,0.0240794029086828,3.08226943016052,1.14911280351808
1987-07-05,12.2098007202148,0.00476208887994289,3.27870535850525,1.20777624758537
1987-07-06,11.8703384399414,0.475927531719208,3.97179675102234,1.02833517875954
1987-07-07,12.0373783111572,0.528812408447266,4.06088638305664,0.886852870982979
1987-07-08,11.392162322998,0.222553312778473,3.16759634017944,0.852344978194826
1987-07-09,11.197790145874,0,3.80665922164917,0.779878390175985
1987-07-10,10.4999618530273,0.174062713980675,3.5764434337616,0.721214946108693
1987-07-11,12.3814134597778,0.0471991896629334,4.20788812637329,0.617691267744232
1987-07-12,14.9762496948242,2.36442804336548,3.75743317604065,0.583183374956079
1987-07-13,14.1494655609131,2.53480410575867,3.98885822296143,0.562478626119468
1987-07-14,12.6760768890381,11.9968729019165,2.65648913383484,0.527970766240608
1987-07-15,9.41033267974854,4.54387521743774,1.6388498544693,0.607338926235217
1987-07-16,12.2758646011353,0.684151887893677,3.35697722434998,0.572831033447064
1987-07-17,11.8621950149536,0.278509110212326,4.18116998672485,0.97657333957731
1987-07-18,13.8487224578857,0.000892169482540339,4.76135873794556,0.924811500395079
1987-07-19,14.4184370040894,3.03975772857666,3.92420887947083,0.828189426915684
1987-07-20,10.1794681549072,1.08329546451569,3.06979179382324,0.710862604599678
1987-07-21,10.5798101425171,0.176302671432495,4.41469860076904,0.662551567859982
1987-07-22,14.1466150283813,0.509165704250336,4.41195011138916,0.63839601658084
1987-07-23,11.9419498443604,0.825838208198547,2.94150614738464,0.572831033447064
1987-07-24,15.24085521698,0.0301175229251385,4.3472752571106,0.53832314065891
1987-07-25,16.7422885894775,1.90060532093048,4.71421337127686,0.517618391822302
1987-07-26,18.5731887817383,1.23981940746307,2.86596035957336,0.496913642985695
1987-07-27,15.9401617050171,0.963563501834869,3.10082507133484,0.472758124615843
1987-07-28,17.2261867523193,0.565188586711884,3.03439736366272,0.472758124615843
1987-07-29,19.0109310150146,2.22259616851807,2.40801954269409,0.472758124615843
1987-07-30,18.2576332092285,11.2679538726807,2.2191698551178,0.462405750197541
1987-07-31,18.1301345825195,0.255810171365738,2.67742204666138,0.427897857409388
1987-08-01,14.453537940979,0.5402991771698,1.47730767726898,0.462405750197541
1987-08-02,10.5618801116943,5.9466404914856,3.77617979049683,0.517618391822302
1987-08-03,10.9576721191406,1.06686532497406,1.94449472427368,0.500364445428226
1987-08-04,11.4090824127197,4.06177663803101,2.96997833251953,0.49001207100992
1987-08-05,12.7809410095215,4.32225751876831,2.56012654304504,0.472758124615843
1987-08-06,14.552396774292,1.54865455627441,3.6009349822998,0.472758124615843
1987-08-07,14.5448770523071,6.03389024734497,2.83714008331299,0.472758124615843
1987-08-08,12.5155200958252,1.54863154888153,3.03736138343811,0.462405750197541
1987-08-09,10.4228372573853,4.66302871704102,2.41584801673889,0.452053408688526
1987-08-10,10.2041053771973,0.144534200429916,2.58362746238709,0.441701034270224
1987-08-11,9.08780384063721,2.03621196746826,2.00029945373535,0.427897857409388
1987-08-12,6.14163684844971,4.36005067825317,1.06373989582062,0.396840767063765
1987-08-13,6.52177858352661,0.129734441637993,2.45235157012939,0.396840767063765
1987-08-14,6.43631362915039,0.161114633083344,2.56274342536926,0.38648839264546
1987-08-15,10.5835237503052,0.323250621557236,3.18600749969482,0.362332874275612
1987-08-16,11.2828454971313,0.0139473751187325,2.76247119903564,0.351980499857306
1987-08-17,9.25814533233643,0.217689827084541,2.74469304084778,0.318852921464308
1987-08-18,8.89877796173096,5.55389213562012,2.21700549125671,0.340937984696071
1987-08-19,9.21723079681396,2.12817478179932,2.15950441360474,0.329895469534836
1987-08-20,9.55395793914795,0,2.56316256523132,0.307810406303073
1987-08-21,6.79308700561523,0.0550429634749889,1.99384129047394,0.296767891141837
1987-08-22,8.83603382110596,0.00161024508997798,3.11057066917419,0.286415516723532
1987-08-23,10.76575756073,0.464302152395248,2.80360174179077,0.276063142305228
1987-08-24,10.1279792785645,1.0542961359024,1.86444330215454,0.265710767886924
1987-08-25,10.3331031799316,0.0511124804615974,2.63304948806763,0.256048567120842
1987-08-26,11.7859516143799,0,3.18705654144287,0.256048567120842
1987-08-27,12.7648448944092,5.56437921524048,2.87863850593567,0.256048567120842
1987-08-28,10.791862487793,6.1064658164978,0.998618245124817,0.246386349900115
1987-08-29,9.3376932144165,1.53343951702118,2.0221962928772,0.256048567120842
1987-08-30,9.59969806671143,0.761527717113495,2.29432916641235,0.351980499857306
1987-08-31,4.84165287017822,1.16290235519409,1.0016428232193,0.340937984696071
1987-09-01,4.94082307815552,1.51078450679779,1.1716001033783,0.340937984696071
1987-09-02,7.72589111328125,0.466742515563965,0.903225660324097,0.318852921464308
1987-09-03,7.78502416610718,0.0517033152282238,2.05040836334229,0.329895469534836
1987-09-04,10.1218090057373,0.00247571780346334,2.3417980670929,0.329895469534836
1987-09-05,11.0331258773804,9.47745132446289,1.65950906276703,0.318852921464308
1987-09-06,7.06288003921509,1.30071139335632,1.83993661403656,0.307810406303073
1987-09-07,6.58151769638062,9.23944440955893e-08,2.18386030197144,0.389939195087994
1987-09-08,8.89617156982422,1.66431951522827,1.18109548091888,0.472758124615843
1987-09-09,11.6583671569824,0.307610839605331,2.30444860458374,0.472758124615843
1987-09-10,12.6013107299805,2.37303879657702e-07,2.64147663116455,0.472758124615843
1987-09-11,14.0456991195679,0.0913154110312462,2.74736762046814,0.427897857409388
1987-09-12,14.6241426467896,0.824345171451569,2.49079561233521,0.296767891141837
1987-09-13,8.67115879058838,0.399726271629334,1.72103941440582,0.38648839264546
1987-09-14,3.94791769981384,1.6588249206543,1.92139756679535,0.362332874275612
1987-09-15,4.65150833129883,19.7137145996094,0.298602432012558,0.362332874275612
1987-09-16,4.13186979293823,10.7196950912476,0.487520277500153,0.372685248693917
1987-09-17,6.3410496711731,0.365983158349991,1.89238619804382,0.396840767063765
1987-09-18,7.5932445526123,1.25904190540314,1.6323709487915,0.396840767063765
1987-09-19,7.36853361129761,0,1.46753597259521,0.38648839264546
1987-09-20,11.5386009216309,0.00337267736904323,2.29523730278015,0.383037623112219
1987-09-21,12.3024234771729,0.801002442836762,1.72882747650146,0.372685248693917
1987-09-22,10.2738561630249,1.20424854755402,1.40715146064758,0.351980499857306
1987-09-23,8.51051139831543,0.245731979608536,1.47068774700165,0.340937984696071
1987-09-24,7.60417366027832,0.27290216088295,1.46655333042145,0.318852921464308
1987-09-25,9.8562707901001,0.0140253594145179,1.48414170742035,0.307810406303073
1987-09-26,7.96589374542236,0.0329221859574318,1.52821111679077,0.307810406303073
1987-09-27,6.5078911781311,0.134148806333542,1.6509313583374,0.296767891141837
1987-09-28,5.6653733253479,0,1.39203155040741,0.276063142305228
1987-09-29,4.99248886108398,4.21089839935303,1.20935595035553,0.265710767886924
1987-09-30,6.32215642929077,0.683206081390381,1.36266541481018,0.276063142305228
1987-10-01,2.87035846710205,0.041392844170332,0.875408232212067,0.256048567120842
1987-10-02,10.3049030303955,0,1.93144071102142,0.246386349900115
1987-10-03,10.3070812225342,0.00159075122792274,1.72725927829742,0.21878004554238
1987-10-04,4.80076169967651,0.170247331261635,1.30242109298706,0.236724149134034
1987-10-05,2.20649480819702,0.487605065107346,0.333589196205139,0.227752089110884
1987-10-06,-0.438753604888916,6.89481401443481,0.585611581802368,0.21878004554238
1987-10-07,-1.12850821018219,10.481728553772,0.178120583295822,0.256048567120842
1987-10-08,-4.84952878952026,1.62225091457367,0.382443845272064,0.256048567120842
1987-10-09,-4.31672477722168,0,0.486090302467346,0.236724149134034
1987-10-10,-0.847664475440979,0.157984122633934,0.474536150693893,0.227752089110884
1987-10-11,4.35867404937744,0,0.66342967748642,0.21878004554238
1987-10-12,3.45623135566711,8.36991691589356,0.66601288318634,0.20980798551923
1987-10-13,-1.60698807239532,2.89403939247131,0.380739569664001,0.21878004554238
1987-10-14,-4.27800130844116,0.0158599261194468,0.290325164794922,0.236724149134034
1987-10-15,-2.69985222816467,0.88533878326416,0.43945723772049,0.246386349900115
1987-10-16,-1.38050425052643,6.18482875823975,0.200495794415474,0.236724149134034
1987-10-17,-2.22534894943237,1.29795134067535,0.293809324502945,0.240520005493386
1987-10-18,-6.72251081466675,0.102667167782784,0.230271443724632,0.246386349900115
1987-10-19,-10.2214622497559,0.120827287435532,0.326831430196762,0.214294015530805
1987-10-20,-3.73654127120972,3.20369863510132,0.376225084066391,0.170468992348036
1987-10-21,-1.45551562309265,3.66933441162109,0.213307842612267,0.20808260075261
1987-10-22,-3.31157922744751,1.11256468296051,0.214608758687973,0.199800697927037
1987-10-23,-1.82693576812744,0.2104761749506,0.243691638112068,0.193244196322731
1987-10-24,-1.06404829025269,0.205581381917,0.289077371358871,0.199800697927037
1987-10-25,0.748366415500641,0.0713158994913101,0.435434550046921,0.201526099148303
1987-10-26,0.299254864454269,0.000587099755648524,0.245090186595917,0.20980798551923
1987-10-27,-1.44150054454803,0.969830274581909,0.240706220269203,0.227752089110884
1987-10-28,-0.99075847864151,14.3392124176025,0.153690323233604,0.169778835150459
1987-10-29,-2.31573724746704,0.21598581969738,0.121418967843056,0.201526099148303
1987-10-30,-2.93850708007812,0,0.193352222442627,0.155285517546691
1987-10-31,-2.50735759735107,5.36138534545898,0.230227127671242,0.155285517546691
1987-11-01,-2.92517352104187,3.22838854789734,0.113091297447681,
1987-11-02,-3.9499716758728,0.789381265640259,0.349369376897812,
1987-11-03,-4.26118135452271,1.39788544178009,0.272328317165375,
1987-11-04,-10.5306701660156,0.419220834970474,0.058917511254549,
1987-11-05,-11.2175359725952,0.318699955940247,0.0709414258599281,
1987-11-06,-9.65454578399658,7.63830804824829,0.165755674242973,
1987-11-07,-8.46563053131104,0.351319134235382,0.0488683767616749,
1987-11-08,-7.16657876968384,0.00559581583365798,0.068321093916893,
1987-11-09,-4.29282903671265,0.0670803785324097,0.0984201356768608,
1987-11-10,-2.38246393203735,0.247853696346283,0,
1987-11-11,-3.56932139396667,2.53256154060364,0.0786053389310837,
1987-11-12,-8.17530918121338,0.478681266307831,0.00621890928596258,
1987-11-13,-6.86261987686157,1.15964508056641,0.127152338624001,
1987-11-14,-7.51761960983276,3.01201677322388,0.13037334382534,
1987-11-15,-13.3398141860962,0.722757697105408,0.0621516108512878,
1987-11-16,-18.1858863830566,0.28563928604126,0,
1987-11-17,-17.0629367828369,1.0934556722641,0.029386593028903,
1987-11-18,-16.1770305633545,0.625265419483185,0.0494393669068813,
1987-11-19,-15.2724390029907,0.749274790287018,0.0626102685928345,
1987-11-20,-5.8794846534729,0.966127634048462,0.163459211587906,
1987-11-21,-8.42075824737549,0.051707785576582,0.0247290935367346,
1987-11-22,-16.2309837341309,0,0.0446147806942463,
1987-11-23,-13.1560297012329,0.119836628437042,0.0394679866731167,
1987-11-24,-8.18164253234863,0.361673384904861,0.0593826323747635,
1987-11-25,-7.74250459671021,0.168924868106842,0,
1987-11-26,-8.36077690124512,0.003754205070436,0.0141159677878022,
1987-11-27,-6.76971006393433,0.264244884252548,0,
1987-11-28,-5.50100421905518,0,0,
1987-11-29,-4.00276184082031,0,0,
1987-11-30,-2.58125948905945,0,0.0373461842536926,
1987-12-01,-4.57170343399048,0,0.093076728284359,
1987-12-02,-7.27643585205078,1.79299306869507,0.000265600014245138,
1987-12-03,-6.74063587188721,2.79514050483704,0,
1987-12-04,-7.80086898803711,1.3047194480896,0,
1987-12-05,-9.754958152771,0.133053109049797,0.0154985329136252,
1987-12-06,-7.68519401550293,0.0184479299932718,0.143630832433701,
1987-12-07,-6.45929622650146,5.10945892333984,0.0309964474290609,
1987-12-08,-6.36135578155518,2.54172573477263e-05,0,
1987-12-09,-6.79791784286499,0.260947734117508,0.0513398572802544,
1987-12-10,-11.5974493026733,0.00889947637915611,0.0340406037867069,
1987-12-11,-12.7445878982544,0.696394324302673,0.00632047699764371,
1987-12-12,-12.5094509124756,0.201200395822525,0.0368645563721657,
1987-12-13,-14.0505743026733,1.51569724948786e-06,0,
1987-12-14,-11.9380168914795,0.0187526009976864,0.0502850376069546,
1987-12-15,-13.9067640304565,0.165488064289093,0,
1987-12-16,-17.079610824585,0.0472626946866512,0,
1987-12-17,-15.1465396881104,0.439070224761963,0,
1987-12-18,-11.7392492294312,3.62889981269836,0.11883656680584,
1987-12-19,-17.071102142334,0.168132081627846,0,
1987-12-20,-17.6199378967285,0.0479050688445568,0.000864470785018057,
1987-12-21,-14.9700574874878,3.26069164276123,0.0707072168588638,
1987-12-22,-13.1295671463013,0.179170653223991,0,
1987-12-23,-16.6784591674805,0.177943497896194,0,
1987-12-24,-14.4988279342651,0.260712474584579,0.0294633414596319,
1987-12-25,-7.23959159851074,0.0339127406477928,0.0469385087490082,
1987-12-26,-4.61862421035767,0,0,
1987-12-27,-9.30305862426758,0.00745324045419693,0,
1987-12-28,-10.3360023498535,0.55036723613739,0.105517216026783,
1987-12-29,-16.6298885345459,0.326085686683655,0.042202390730381,
1987-12-30,-20.5072383880615,0.0322853960096836,0.0277561713010073,
1987-12-31,-19.376953125,0.258451521396637,0.0634420439600945,
1988-01-01,-14.0340452194214,0.978502213954926,0.0429335720837116,
1988-01-02,-17.4726371765137,0.338619470596314,0.0416700541973114,
1988-01-03,-25.957462310791,0.000719039642717689,0.000822947942651808,
1988-01-04,-23.222204208374,0.00235979445278645,0.0693493038415909,
1988-01-05,-16.5958404541016,0.56526905298233,0.183820992708206,
1988-01-06,-17.3931903839111,0.989587485790253,0.0056453482247889,
1988-01-07,-19.6986503601074,0.108247235417366,0,
1988-01-08,-20.412281036377,0.0713321343064308,0.0517453290522099,
1988-01-09,-20.3608283996582,0.00458385143429041,0.0195963941514492,
1988-01-10,-23.7503719329834,0,0.00861356779932976,
1988-01-11,-26.5824737548828,0,0.0185559298843145,
1988-01-12,-27.0986652374268,0.00824142247438431,0.0459437407553196,
1988-01-13,-20.230936050415,0.755983829498291,0.10525331646204,
1988-01-14,-16.182445526123,0.799361228942871,0.0289148073643446,
1988-01-15,-12.9049339294434,8.82203006744385,0.102502271533012,
1988-01-16,-17.8895072937012,1.07826793193817,0,
1988-01-17,-17.0958518981934,0.0641848221421242,0.0197671949863434,
1988-01-18,-18.543773651123,0.157566472887993,0.000790744728874415,
1988-01-19,-16.5394248962402,0.0999249368906021,0.0869027152657509,
1988-01-20,-10.1545629501343,10.5194530487061,0.135281503200531,
1988-01-21,-17.0409317016602,1.59797346591949,0.0737270936369896,
1988-01-22,-12.7838277816772,5.57946920394898,0.217936456203461,
1988-01-23,-9.91666221618652,2.22200107574463,0.110210560262203,
1988-01-24,-14.8238792419434,0.101151034235954,0.0114844711497426,
1988-01-25,-10.1443862915039,2.89606285095215,0.0933631137013435,
1988-01-26,-16.4988269805908,0.382620424032211,0,
1988-01-27,-21.2723083496094,0.171637788414955,0.067877285182476,
1988-01-28,-23.1900272369385,1.37170433998108,0.0687666237354279,
1988-01-29,-24.4168834686279,1.84002447128296,0.0365325473248959,
1988-01-30,-29.0841674804688,0.789399921894074,0.0022754673846066,
1988-01-31,-32.1423645019531,3.09150927932933e-05,0.012812034226954,
1988-02-01,-30.0768222808838,0.0116363875567913,0.0501698739826679,
1988-02-02,-30.8140621185303,0.132680281996727,0.0318007916212082,
1988-02-03,-31.2357902526855,0.208853617310524,0.0423061661422253,
1988-02-04,-31.2689304351807,0.0117922266945243,0.0330941341817379,
1988-02-05,-29.9146499633789,0.372202396392822,0.0723404288291931,
1988-02-06,-25.0692195892334,0.30402010679245,0.0606457069516182,
1988-02-07,-27.2757034301758,0.0585294999182224,0.0635323226451874,
1988-02-08,-32.2937507629395,0.0703331828117371,0.0373635962605476,
1988-02-09,-34.2676963806152,0,0.044528890401125,
1988-02-10,-27.9596138000488,0,0.103158853948116,
1988-02-11,-16.9847049713135,0.561822652816773,0.149348348379135,
1988-02-12,-15.045750617981,0.733295321464539,0.112950555980206,
1988-02-13,-20.6043071746826,0.273561179637909,0.0524383634328842,
1988-02-14,-19.5635509490967,0.134580492973328,0.153262943029404,
1988-02-15,-14.2135066986084,0.998584687709808,0.117342725396156,
1988-02-16,-13.2302751541138,1.7777624130249,0.189119234681129,
1988-02-17,-10.8773899078369,0.279477804899216,0.178684964776039,
1988-02-18,-12.1170854568481,4.65186214447022,0.128216311335564,
1988-02-19,-14.1651496887207,1.44638609886169,0.195546060800552,
1988-02-20,-3.68447089195251,1.05657601356506,0.540066659450531,
1988-02-21,-6.58272504806519,4.37545204162598,0.558805048465729,
1988-02-22,-21.1612911224365,1.24658119678497,0.169427320361137,
1988-02-23,-22.2451038360596,0.0367439016699791,0.22018076479435,
1988-02-24,-11.3313484191895,0,0.498684853315353,
1988-02-25,-3.83174824714661,0,0.508440315723419,0.00517618412390608
1988-02-26,-1.45723021030426,0,0.409802347421646,0.00517618412390608
1988-02-27,-2.18505835533142,0,0.384818255901337,0.00514167616118571
1988-02-28,-4.10969686508179,0.144721925258636,0.315079599618912,0.00514167616118571
1988-02-29,-5.63696479797363,1.93517518043518,0.278665125370026,0.00514167616118571
1988-03-01,-9.84016704559326,0.0233726017177105,0.269027829170227,0.00510716819846531
1988-03-02,-11.3379383087158,0,0.42076051235199,0.00510716819846531
1988-03-03,-5.72915983200073,1.07388436794281,0.384232878684998,0.00510716819846531
1988-03-04,-5.27335786819458,0.435354679822922,0.440740793943405,0.00510716819846531
1988-03-05,-4.13727712631226,1.54306983947754,0.279731661081314,0.00510716819846531
1988-03-06,-4.14143466949463,0,0.416451632976532,0.00514167616118571
1988-03-07,-3.91977667808533,0.046471294015646,0.473190397024155,0.00514167616118571
1988-03-08,-2.19049715995789,0.218114346265793,0.362087547779083,0.00514167616118571
1988-03-09,-1.65185117721558,2.44118738174439,0.508321166038513,0.00517618412390608
1988-03-10,-2.64433979988098,0.0528338514268398,0.52093243598938,0.00517618412390608
1988-03-11,-3.23619079589844,0.00298068998381496,0.577517151832581,0.00524519953513921
1988-03-12,-1.48460185527802,4.54618784715422e-05,0.6114262342453,0.00531421546058001
1988-03-13,-3.59598898887634,0.0053800749592483,0.568353235721588,0.00534872342330041
1988-03-14,-3.11565899848938,0.67481940984726,0.458476364612579,0.00541773934874121
1988-03-15,-4.39012813568115,0.947390794754028,0.494810193777084,0.00548675475997431
1988-03-16,-7.32081079483032,0.00761642633005977,0.578232884407044,0.00552126272269471
1988-03-17,-9.15609455108643,2.13911414146423,0.426141411066055,0.00569380253629671
1988-03-18,-13.7194976806641,4.44690465927124,0.33522367477417,0.005866341835691
1988-03-19,-16.4747200012207,6.53949117660523,0.509126305580139,0.00603888113508534
1988-03-20,-11.3649454116821,1.77844047546387,0.66373747587204,0.0061769129859669
1988-03-21,-12.1097326278687,3.16309571266174,0.484987825155258,0.00628043635992043
1988-03-22,-9.27063179016113,0.248533010482788,0.758285343647003,0.00641846821080203
1988-03-23,-5.37708902359009,0,0.802593350410461,0.00652199158475553
1988-03-24,-6.57730579376221,0.116282984614372,0.752822637557983,0.00669453139835753
1988-03-25,-6.34250545501709,1.03161919116974,0.686535716056824,0.00683256273503143
1988-03-26,-4.23497295379639,0.890059173107147,0.546288728713989,0.00707411795986656
1988-03-27,-7.57215070724487,0.850872039794922,0.571199953556061,0.00735018114742206
1988-03-28,-10.0258703231812,0.1796665340662,0.671127736568451,0.00759173637225715
1988-03-29,-9.36089611053467,0.0147557836025953,0.736791908740997,0.00810935478464778
1988-03-30,-8.54844856262207,0.40997126698494,0.883763432502747,0.00879951249643267
1988-03-31,-1.78267002105713,2.48172950744629,0.950162768363953,0.0096622100218196
1988-04-01,-1.14976060390472,5.19616842269898,0.442704766988754,0.0110425254453895
1988-04-02,-0.97912061214447,0.859229564666748,1.06961631774902,0.0125953811967689
1988-04-03,0.386955410242081,0,0.704620659351349,0.0140792199942923
1988-04-04,-3.95481491088867,3.30220532417297,0.660563945770264,0.0141482359197331
1988-04-05,-8.60004138946533,1.60414934158325,0.749357640743256,0.0143207752191274
1988-04-06,-8.51500034332275,0.400083184242249,0.815754294395447,0.0144933145185217
1988-04-07,-4.46257448196411,2.95521712303162,0.928396165370941,0.0146658548463314
1988-04-08,-1.46329033374786,0.702023446559906,1.19419848918915,0.0148383941457257
1988-04-09,-0.508036911487579,0.0967015624046326,1.45380139350891,0.01501093344512
1988-04-10,2.45270133018494,0.702917575836182,1.6431155204773,0.0151834727445143
1988-04-11,2.23205351829529,3.98650097846985,0.921141982078552,0.0158736309705069
1988-04-12,0.861182570457458,0.00146650359965861,1.46442997455597,0.0160461702699012
1988-04-13,2.22597289085388,0,1.91656136512756,0.0186687702945747
1988-04-14,5.03246974945068,0.84520697593689,1.80491983890533,0.0190828637903887
1988-04-15,3.60263013839722,1.48887777328491,1.31264090538025,0.0258809195911151
1988-04-16,-0.648088872432709,0.0246479175984859,1.48642325401306,0.0548675506849892
1988-04-17,-0.999093592166901,0,1.76102435588837,0.0911008405807471
1988-04-18,1.44226896762848,0,1.76513707637787,0.267781255934301
1988-04-19,1.03433263301849,1.81283485289896e-05,1.66860389709473,0.327824981487458
1988-04-20,-3.24745512008667,0.250883787870407,1.61610233783722,0.217054644321114
1988-04-21,-2.32558441162109,0.16703599691391,1.5073333978653,0.236724149134034
1988-04-22,2.02830266952515,0,1.81828474998474,0.265710767886924
1988-04-23,3.02745294570923,0.000938807032071054,1.7853901386261,0.286415516723532
1988-04-24,1.62552666664124,0.00570839457213879,1.79094171524048,0.21878004554238
1988-04-25,2.4155638217926,0.671678245067596,1.04620885848999,0.351980499857306
1988-04-26,3.60726523399353,0.0647769942879677,1.9831817150116,0.472758124615843
1988-04-27,6.27332162857056,0,2.6071457862854,0.769525982848388
1988-04-28,7.97095346450806,0.000365237181540579,2.74139785766602,1.18016995968228
1988-04-29,5.74004173278809,5.52255773544312,1.8529806137085,2.67781242770585
1988-04-30,0.873727262020111,8.48645305633545,0.805491507053375,4.14094713457842
1988-05-01,-6.76648569107056,7.3500280380249,0.62857049703598,4.41701027688365
1988-05-02,-5.40590476989746,0.919428825378418,1.23317241668701,3.26099586848051
1988-05-03,-2.51592874526978,0.0557344667613506,1.92560958862305,2.45351112458285
1988-05-04,0.457324624061584,0,2.32311153411865,1.98765457194278
1988-05-05,2.59315013885498,3.04641723632813,1.59607696533203,1.84272152754226
1988-05-06,5.33677577972412,2.46879291534424,1.43229341506958,1.96694988892475
1988-05-07,8.70641422271729,0.0728107020258904,2.66810131072998,2.00490851833685
1988-05-08,9.92895221710205,0.21214234828949,2.57292032241821,2.73992674003425
1988-05-09,1.94805145263672,1.37830936908722,0.94658750295639,3.58882084996796
1988-05-10,0.215569689869881,2.63286662101746,1.3478227853775,3.89939188506135
1988-05-11,4.11733913421631,0.91470867395401,1.94980454444885,3.24029118546248
1988-05-12,4.53568029403687,0,2.56102275848389,2.78133610607031
1988-05-13,9.39676666259766,0.0234901681542397,3.48467755317688,2.55358406632336
1988-05-14,8.31105899810791,0.798271059989929,2.91854548454285,2.53287938330533
1988-05-15,4.47858047485352,0.00945117045193911,2.33668041229248,2.49146975399495
1988-05-16,9.0818395614624,0.510633766651154,3.65536832809448,2.24301303122998
1988-05-17,8.42496490478516,8.12844276428223,1.12288916110992,2.02216246473093
1988-05-18,4.04488563537598,0.0149111039936543,2.47280740737915,1.96694988892475
1988-05-19,6.98616456985474,2.09282207489014,3.2123703956604,3.30240523451656
1988-05-20,8.11165142059326,1.06679475307465,3.35193395614624,3.43698606904522
1988-05-21,8.35767269134521,0.0269758775830269,4.04576015472412,2.69851711072387
1988-05-22,7.84054708480835,4.11728848348503e-07,2.68210458755493,2.29822560703616
1988-05-23,10.9755830764771,2.15971899032593,3.39891886711121,2.02216246473093
1988-05-24,8.42276000976562,4.5440616607666,2.06171178817749,1.89793410334844
1988-05-25,9.47766876220703,0.0753764361143112,4.0026273727417,1.77025487370484
1988-05-26,7.71753740310669,4.35913562774658,2.93893218040466,1.71849303452261
1988-05-27,7.35621929168701,1.97144818305969,1.85982310771942,1.63222330255223
1988-05-28,9.88980674743652,0.678566575050354,2.22307252883911,1.56320751697592
1988-05-29,9.89126396179199,8.97273921966553,1.73765563964844,1.49764259966073
1988-05-30,10.6130409240723,2.41694569587708,3.20498824119568,1.41827434093824
1988-05-31,9.09411811828613,1.03900110721588,2.95983242988586,2.02216246473093
1988-06-01,10.8832635879517,1.91533327102661,4.11886644363403,2.20505440181787
1988-06-02,10.7002878189087,10.5645809173584,1.7444064617157,1.94969594253067
1988-06-03,11.369930267334,0.723339200019836,2.91839051246643,1.89793410334844
1988-06-04,11.4939231872559,0.163526311516762,4.21840476989746,2.09462911856835
1988-06-05,12.811206817627,0.54119735956192,2.54452133178711,2.09462911856835
1988-06-06,13.7201414108276,0.800753533840179,4.03714990615845,1.77025487370484
1988-06-07,13.1107387542725,0.141155511140823,1.91028523445129,1.68398514173446
1988-06-08,14.253098487854,1.02557790279388,3.17726588249207,1.49764259966073
1988-06-09,13.233528137207,8.60220813751221,1.06720399856567,1.44933149710245
1988-06-10,9.81173896789551,3.04531383514404,2.42757344245911,1.66673119534038
1988-06-11,5.1086573600769,1.24264299869537,1.18640112876892,1.87722942033042
1988-06-12,3.64767837524414,0.321350276470184,1.47573268413544,1.73574698091669
1988-06-13,9.39145565032959,0.0228403303772211,2.73558950424194,1.66673119534038
1988-06-14,12.7707786560059,0.00171129812952131,4.51060152053833,1.44933149710245
1988-06-15,15.1265649795532,0,5.54560422897339,1.38721731641121
1988-06-16,16.7306728363037,0.247099488973618,4.85692453384399,1.23883340374958
1988-06-17,16.5403232574463,0.890509843826294,4.56929063796997,1.14911280351808
1988-06-18,15.4716596603394,2.98544645309448,4.53142023086548,1.10770330584486
1988-06-19,12.3285646438599,0.349803537130356,4.93090200424194,1.05594153248121
1988-06-20,10.0876245498657,0.104049667716026,3.743647813797,1.06974467643276
1988-06-21,10.889328956604,1.21703767776489,2.44316339492798,1.04213838852967
1988-06-22,11.15110206604,0.0042103435844183,1.819007396698,0.97657333957731
1988-06-23,15.5119285583496,0.594774127006531,4.12614440917969,0.93861471016521
1988-06-24,12.8083095550537,0.0235797129571438,4.85893440246582,0.924811500395079
1988-06-25,12.0536975860596,0,5.12781381607056,0.855795714818772
1988-06-26,14.776629447937,0.990323901176453,2.7942008972168,0.79368153412753
1988-06-27,14.9093589782715,2.77358055114746,2.31125259399414,0.769525982848388
1988-06-28,15.1240768432617,9.02047634124756,1.99416494369507,0.876500463655383
1988-06-29,13.6108732223511,12.7899551391602,1.0870668888092,0.97657333957731
1988-06-30,12.914758682251,21.2151489257813,0.937845885753632,1.34235708211404
1988-07-01,11.6908903121948,5.26379346847534,2.78468585014343,3.40592891288102
1988-07-02,11.2079315185547,0.809739351272583,3.73300933837891,5.27970759658748
1988-07-03,10.3974161148071,0.177729219198227,1.72914779186249,4.24447081294288
1988-07-04,7.91744565963745,0.810974299907684,0.871763944625855,3.26099586848051
1988-07-05,10.8814868927002,0.00172846915666014,3.43685960769653,2.47076507097692
1988-07-06,12.0387582778931,6.15049076080322,1.99007499217987,2.28097166064208
1988-07-07,10.3579730987549,5.57408237457275,1.53106033802032,1.98765457194278
1988-07-08,8.92746639251709,0.496095061302185,1.51327729225159,1.80821363475411
1988-07-09,10.6409435272217,0.0596494302153587,2.31567430496216,1.6494772489463
1988-07-10,12.4283103942871,0.179218888282776,2.7027006149292,1.61496935615815
1988-07-11,15.9358472824097,0.02007838152349,4.74593448638916,1.58046146337
1988-07-12,18.2193508148193,0,4.661208152771,1.49764259966073
1988-07-13,16.282112121582,0.00184726715087891,4.25911140441895,1.25263648188254
1988-07-14,13.3090229034424,6.65841341018677,0.995501935482025,1.29749671617971
1988-07-15,12.7695760726929,4.77615022659302,2.39632177352905,1.16636674991215
1988-07-16,12.8691701889038,7.31849479675293,2.70485210418701,1.06974467643276
1988-07-17,13.8218107223511,3.81248140335083,3.4271605014801,1.05594153248121
1988-07-18,15.2934551239014,0.384716957807541,3.75076484680176,1.13530972538512
1988-07-19,15.1050539016724,8.0352954864502,2.4840612411499,1.06974467643276
1988-07-20,16.5791053771973,0.281132131814957,3.99794030189514,0.97657333957731
1988-07-21,18.7077178955078,4.14877510070801,4.04846143722534,0.911008356443537
1988-07-22,11.7612476348877,10.9945602416992,2.01014280319214,0.869598924588903
1988-07-23,10.2290334701538,0.843111395835877,3.8937451839447,0.828189426915684
1988-07-24,12.7083740234375,0.325746387243271,3.23988938331604,0.807484678079076
1988-07-25,14.7193193435669,0.450965136289597,3.99128317832947,0.79368153412753
1988-07-26,14.2569999694824,1.90647780895233,3.16039180755615,0.745370497387831
1988-07-27,12.8787546157837,3.75380706787109,2.92274904251099,0.707411802157147
1988-07-28,12.9935607910156,3.1525194644928,3.03447794914246,0.676354711811524
1988-07-29,12.8858556747437,1.68955290317535,3.24740767478943,0.652199160532386
1988-07-30,12.2764949798584,13.5614356994629,1.40293264389038,0.63839601658084
1988-07-31,11.2431411743164,8.22147655487061,1.81261765956879,0.607338926235217
1988-08-01,13.1302146911621,0.982662737369537,3.73998069763184,0.59008497984114
1988-08-02,14.7467460632324,0.000711461354512721,3.75065851211548,0.572831033447064
1988-08-03,14.3974847793579,3.9961793422699,3.12855815887451,0.576281835889598
1988-08-04,13.5539207458496,7.78259372711182,2.94544124603272,0.583183374956079
1988-08-05,7.70329570770264,2.10990929603577,1.73063123226166,0.59008497984114
1988-08-06,6.31554937362671,0.105672582983971,2.43611693382263,0.593535782283675
1988-08-07,10.5823860168457,1.73584303411189e-05,3.99376773834229,0.607338926235217
1988-08-08,13.5902795791626,0.476037204265595,3.49492168426514,0.576281835889598
1988-08-09,13.9490909576416,2.2483377456665,2.84233736991882,0.552126284610456
1988-08-10,14.7386617660522,2.0307559967041,3.12276697158814,0.53832314065891
1988-08-11,13.1578855514526,1.25609588623047,3.0375292301178,0.527970766240608
1988-08-12,13.9815378189087,0.0421860404312611,3.44015407562256,0.496913642985695
1988-08-13,12.3773746490479,5.49085521697998,1.68513977527618,0.493462873452455
1988-08-14,12.3183994293213,3.4548192024231,2.18984937667847,0.496913642985695
1988-08-15,12.1853466033936,0.761001825332642,2.52171778678894,0.496913642985695
1988-08-16,12.3320913314819,0.707661151885986,3.3931131362915,0.507266017403997
1988-08-17,12.1419296264648,0.189480111002922,3.36701583862305,0.496913642985695
1988-08-18,12.7041463851929,4.1305570602417,0.824570178985596,0.496913642985695
1988-08-19,14.2879304885864,1.09875130653381,2.49516701698303,0.462405750197541
1988-08-20,13.5170984268188,2.41730785369873,2.30842018127441,0.462405750197541
1988-08-21,13.4001054763794,1.0298980474472,3.12046575546265,0.462405750197541
1988-08-22,12.9816312789917,0.0862198695540428,3.40943789482117,0.462405750197541
1988-08-23,12.4128246307373,0.135734811425209,3.3182647228241,0.441701034270224
1988-08-24,10.5661535263062,0.155712589621544,3.01899790763855,0.417545515900373
1988-08-25,10.3285264968872,0.476993083953857,0.740915715694428,0.396840767063765
1988-08-26,9.0902624130249,0.00803736969828606,2.73181891441345,0.340937984696071
1988-08-27,10.8082389831543,5.6825429055607e-05,2.95125389099121,0.325754493440081
1988-08-28,15.5644092559814,0.00953924003988504,3.21839213371277,0.307810406303073
1988-08-29,17.6598587036133,1.04302287101746,3.60215353965759,0.296767891141837
1988-08-30,14.7848958969116,13.010814666748,1.5075786113739,0.303324376291498
1988-08-31,11.5736198425293,1.20016467571259,1.5297566652298,0.307810406303073
1988-09-01,12.9832334518433,0.148656576871872,3.14563012123108,0.292972001873193
1988-09-02,12.5534553527832,0.0310476161539555,3.34963274002075,0.276063142305228
1988-09-03,10.852370262146,0,2.93916320800781,0.286415516723532
1988-09-04,13.3802289962769,0,3.17387056350708,0.265710767886924
1988-09-05,18.0785255432129,0.0381283201277256,3.17078113555908,0.256393637492308
1988-09-06,13.9500150680542,0.000518718909006566,2.64569234848022,0.246386349900115
1988-09-07,6.16463804244995,1.09313917160034,1.92484855651855,0.228442246308461
1988-09-08,2.78214526176453,1.54496920108795,1.10416698455811,0.20980798551923
1988-09-09,2.10930848121643,0.373570144176483,0.989481925964355,0.20980798551923
1988-09-10,2.84471368789673,0.502550601959229,1.37012362480164,0.184962309951803
1988-09-11,5.11769342422485,0,2.17304706573486,0.182891838359072
1988-09-12,8.63614845275879,0.00407274113968015,2.5323646068573,0.177370564323808
1988-09-13,7.41491746902466,0.013590139336884,2.03590297698975,0.169778835150459
1988-09-14,8.58006954193115,0.0661968663334847,1.74035584926605,0.169778835150459
1988-09-15,4.19659900665283,11.8992023468018,0.208268195390701,0.167018206360149
1988-09-16,3.08292174339294,1.62044835090637,1.36555206775665,0.169778835150459
1988-09-17,2.89539742469788,2.94452714920044,1.44390892982483,0.162187089522463
1988-09-18,1.73372900485992,3.27899408340454,0.816321492195129,0.162187089522463
1988-09-19,3.78240942955017,0.00385453552007675,1.32547962665558,0.162187089522463
1988-09-20,4.70127820968628,0,1.31710577011108,0.178060721521386
1988-09-21,4.35683727264404,1.8131091594696,1.22902595996857,0.193244196322731
1988-09-22,2.96651482582092,3.48668241500855,0.496988594532013,0.193244196322731
1988-09-23,-0.663636684417725,0.225089028477669,0.835183382034302,0.193244196322731
1988-09-24,-2.36245822906494,0.0460365861654282,0.888092756271362,0.197730226334305
1988-09-25,-0.614782094955444,0.00242457143031061,1.08137989044189,0.201526099148303
1988-09-26,1.35528194904327,0.0687306970357895,1.12010765075684,0.193244196322731
1988-09-27,3.28383374214172,0.00462881475687027,0.710900485515595,0.193244196322731
1988-09-28,2.40002059936523,1.34768259525299,0.286129146814346,0.177370564323808
1988-09-29,8.35580062866211,1.41765010356903,1.80561375617981,0.177370564323808
1988-09-30,6.10667705535889,0.40756818652153,1.02903878688812,0.177370564323808
1988-10-01,3.82629346847534,1.36566376686096,0.876014292240143,0.177370564323808
1988-10-02,1.31504380702972,0.00127419701311737,0.774060428142548,0.169778835150459
1988-10-03,1.97494912147522,0,1.08770668506622,0.162187089522463
1988-10-04,8.19339084625244,0,1.46341717243195,0.163912490743729
1988-10-05,10.6502370834351,0,1.32584035396576,0.162187089522463
1988-10-06,11.1032094955444,0,1.55688667297363,0.148383945570918
1988-10-07,9.97367763519287,0.0331083983182907,1.30499088764191,0.155285517546691
1988-10-08,8.24072742462158,0,1.53235602378845,0.158391233163111
1988-10-09,8.72055339813232,0.00980048533529043,1.25997471809387,0.162187089522463
1988-10-10,7.68712472915649,0,0.872048556804657,0.15045441716365
1988-10-11,7.79591178894043,0.000156150606926531,0.651163995265961,0.1414823571405
1988-10-12,7.92551136016846,0.0355138331651688,0.806709468364716,0.134580785164728
1988-10-13,7.78114080429077,0.374284327030182,0.68357390165329,0.127679204961633
1988-10-14,6.42460441589355,1.03026461601257,0.217885702848434,0.12836936215921
1988-10-15,-0.286038845777512,0.76831191778183,0.333232492208481,0.127679204961633
1988-10-16,-0.0203664992004633,0.445731073617935,0.36524960398674,0.127679204961633
1988-10-17,-0.855204641819,0.0128491465002298,0.428233295679092,0.127679204961633
1988-10-18,-1.7995799779892,0.51740026473999,0.379737913608551,0.125263654770112
1988-10-19,-2.01404738426208,6.58561992645264,0.229204088449478,0.121467781956114
1988-10-20,-5.92769289016724,3.61044478416443,0.280517309904099,0.115946516148174
1988-10-21,-6.75799131393433,16.7915592193604,0.194023966789246,0.0935163907722675
1988-10-22,-10.0418529510498,7.47040796279907,0.251643687486649,0.0810935447612317
1988-10-23,-8.42593383789062,0.971873819828033,0.22774401307106,0.0621142053732116
1988-10-24,-6.22061634063721,0.114778846502304,0.157278999686241,0.0710862571690387
1988-10-25,-5.60043001174927,0.150069355964661,0.220636278390884,0.0714313357678274
1988-10-26,-9.25675296783447,4.06821966171265,0.248423457145691,0.07074117857025
1988-10-27,-12.2440156936646,0.180618897080421,0.0977978557348251,0.0669453139835753
1988-10-28,-11.0597667694092,0.294145971536636,0.150920048356056,0.0655649954747593
1988-10-29,-9.14679145812988,0.499319523572922,0.160906344652176,0.0648748382771822
1988-10-30,-7.36130571365356,6.20751237869263,0.198827907443047,0.067290392582364
1988-10-31,-8.16782665252686,0.660466909408569,0.0875051692128182,0.0724665715641933
1988-11-01,-8.60384082794189,0.185313433408737,0.145833536982536,0.0793681517672884
1988-11-02,-8.03014469146729,5.80210876464844,0.150527328252792,0.0879951249643267
1988-11-03,-8.62133884429932,0.0951645970344543,0.150769054889679,0.0969671767601538
1988-11-04,-6.28118705749512,0.067600391805172,0.105758495628834,
1988-11-05,-4.45806455612183,0.66569596529007,0.131551042199135,
1988-11-06,-3.76281070709229,12.1056575775146,0.238617032766342,
1988-11-07,-8.42638778686523,2.57942652702332,0.203380405902863,
1988-11-08,-10.224967956543,0.111892983317375,0.0533928833901882,
1988-11-09,-9.45041561126709,0.165321409702301,0.0595734789967537,
1988-11-10,-10.4594020843506,0.185655862092972,0.0415530279278755,
1988-11-11,-11.3747711181641,2.38410425186157,0.123839974403381,
1988-11-12,-9.96450614929199,0.894316673278809,0.0785304084420204,
1988-11-13,-13.2650327682495,0.452557384967804,0.0330727510154247,
1988-11-14,-14.2859888076782,0.102560773491859,0.0297156143933535,
1988-11-15,-13.1898260116577,0.196765333414078,0,
1988-11-16,-12.284628868103,0.536718249320984,0.0434429161250591,
1988-11-17,-17.8111820220947,1.61040508747101,0.0200934950262308,
1988-11-18,-22.8752117156982,0.488814204931259,0.0235227160155773,
1988-11-19,-20.4660758972168,1.93477761745453,0.0587079636752605,
1988-11-20,-18.45924949646,0.165204599499702,0.0531625859439373,
1988-11-21,-8.25581741333008,0.621075749397278,0.0749747902154923,
1988-11-22,-9.52994251251221,0,0,
1988-11-23,-9.89307022094727,1.33350121974945,0.0980933383107185,
1988-11-24,-14.1758632659912,2.75294542312622,0.0243596453219652,
1988-11-25,-20.6269149780273,0.200906574726105,0.00330420630052686,
1988-11-26,-26.323112487793,0.000624508946202695,0,
1988-11-27,-20.3968372344971,0.00439465511590242,0.121403969824314,
1988-11-28,-18.9296913146973,0.105722546577454,0.0132430614903569,
1988-11-29,-16.1874752044678,0.5115647315979,0.0730802789330483,
1988-11-30,-5.03270244598389,0.00289162178523839,0.27506822347641,
1988-12-01,-1.16576564311981,0.59352034330368,0.138475030660629,
1988-12-02,-7.85190773010254,0.000683154270518571,0.00442835548892617,
1988-12-03,-8.61492919921875,0.00138800707645714,0.166708141565323,
1988-12-04,-4.87973976135254,0.232307523488998,0.0141850216314197,
1988-12-05,-5.16995906829834,0.105541437864304,0.00627104239538312,
1988-12-06,-12.213095664978,0.00663360301405191,0,
1988-12-07,-18.4739761352539,0.0176307000219822,0,
1988-12-08,-21.2082462310791,0.450575411319733,0.0613273456692696,
1988-12-09,-16.2924823760986,2.3682849407196,0.0520521141588688,
1988-12-10,-12.4347448348999,0.606095671653748,0,
1988-12-11,-8.24921226501465,2.03819298744202,0.000879888597410172,
1988-12-12,-7.2080020904541,0.270951628684998,0,
1988-12-13,-13.6132802963257,0.140737667679787,0,
1988-12-14,-15.6400489807129,0.0778818726539612,0.00769787328317761,
1988-12-15,-9.00172519683838,0.0835248604416847,0.0635220110416412,
1988-12-16,-10.1088285446167,0.00013952431618236,0,
1988-12-17,-4.52388763427734,0.00480880821123719,0.143500998616219,
1988-12-18,-5.23121929168701,0.284107595682144,0,
1988-12-19,-11.4029569625854,0.0840154960751534,0,
1988-12-20,-19.0934009552002,0.045700553804636,0,
1988-12-21,-17.5515270233154,0.0894858539104462,0.012730429880321,
1988-12-22,-19.0392627716064,0,0,
1988-12-23,-20.2949104309082,0,0.0108634578064084,
1988-12-24,-22.9236965179443,0.0366627611219883,0,
1988-12-25,-25.5860958099365,0.169205531477928,0,
1988-12-26,-26.042896270752,0.00465898821130395,0.00161020772065967,
1988-12-27,-29.6879425048828,0.00163952365983278,0,
1988-12-28,-25.3168430328369,2.96748638153076,0.0664520040154457,
1988-12-29,-19.3901309967041,4.62558746337891,0.0935457199811935,
1988-12-30,-22.6630077362061,1.71872222423553,0.0240017529577017,
1988-12-31,-27.4001178741455,0.00107469083741307,0,
1989-01-01,-22.3924407958984,0.00240905815735459,0.0629396587610245,
1989-01-02,-19.0378646850586,0.296640872955322,0.00451240269467235,
1989-01-03,-16.6842842102051,0.214950636029243,0.0222933366894722,
1989-01-04,-16.3708934783936,0.0586806982755661,0.0174629297107458,
1989-01-05,-25.4255466461182,2.42450969381025e-05,0,
1989-01-06,-29.1878814697266,0.0448471158742905,0,
1989-01-07,-28.370756149292,0.00603575725108385,0.00828990060836077,
1989-01-08,-26.5215167999268,6.26993232799578e-06,0.00984377972781658,
1989-01-09,-25.3649578094482,2.18183977267472e-05,0.0465972200036049,
1989-01-10,-22.4062595367432,0.00651843473315239,0.0291765592992306,
1989-01-11,-21.1299457550049,0.13552887737751,0.0116771031171083,
1989-01-12,-12.8347940444946,0,0.13281187415123,
1989-01-13,-15.187840461731,0.0955046117305756,0,
1989-01-14,-25.4661731719971,0.373824685811996,0.0124234976246953,
1989-01-15,-21.9991073608398,0,0.0165095925331116,
1989-01-16,-20.8722457885742,1.13994550704956,0.0611151941120625,
1989-01-17,-19.8805103302002,2.1416540145874,0.074349045753479,
1989-01-18,-22.1889266967773,0.0730301588773727,0.0554595142602921,
1989-01-19,-21.0371036529541,4.9817681312561,0.0614684782922268,
1989-01-20,-16.054479598999,7.33201122283936,0.0798486173152924,
1989-01-21,-17.9245586395264,1.26103329658508,0.0355503782629967,
1989-01-22,-23.8638801574707,1.09144914150238,0.00620676204562187,
1989-01-23,-26.8958892822266,0.0138909621164203,0.0353775694966316,
1989-01-24,-18.3193111419678,0.00058986246585846,0.101594470441341,
1989-01-25,-11.2257223129272,0.569430291652679,0.172556206583977,
1989-01-26,-2.14350938796997,1.4308089017868,0.197065606713295,
1989-01-27,-4.56072473526001,0.933956563472748,0.302291929721832,
1989-01-28,-9.11369609832764,0.568650901317596,0.156163290143013,
1989-01-29,-19.2362670898438,2.85914731025696,0.0353229604661465,
1989-01-30,-31.9853324890137,1.39715731143951,0.0454263277351856,
1989-01-31,-36.252025604248,0.164534166455269,0.041142962872982,
1989-02-01,-33.1967430114746,0.010387459769845,0.0461177118122578,
1989-02-02,-32.2757186889648,0.0559523589909077,0.0418077223002911,
1989-02-03,-25.1044101715088,0.00723150931298733,0.154684945940971,
1989-02-04,-17.949426651001,0.643800795078278,0.278943359851837,
1989-02-05,-10.8002624511719,1.00152671337128,0.269353359937668,
1989-02-06,-12.3460130691528,1.40401303768158,0.226360321044922,
1989-02-07,-16.2884140014648,0.000409070635214448,0.0296903271228075,
1989-02-08,-15.0631113052368,0.0384466908872128,0.200830459594727,
1989-02-09,-9.64610767364502,0.746313989162445,0.265460312366486,
1989-02-10,-9.61774253845215,0.00868366472423077,0.115473359823227,
1989-02-11,-7.25732374191284,1.14973723888397,0.193365231156349,
1989-02-12,-6.97384643554688,2.54867577552795,0.215992242097855,
1989-02-13,-16.9638118743896,0.0700421705842018,0.096554771065712,
1989-02-14,-27.8099937438965,0,0.0569310821592808,
1989-02-15,-29.2670669555664,0.00425459770485759,0.087171845138073,
1989-02-16,-27.4487133026123,0,0.110476128757,
1989-02-17,-22.1776523590088,0,0.244422271847725,
1989-02-18,-14.393515586853,0.0115771312266588,0.317725837230682,
1989-02-19,-12.1483392715454,0.0419453904032707,0.237224936485291,
1989-02-20,-11.3339977264404,0.118948757648468,0.198549896478653,
1989-02-21,-13.5546751022339,0,0.225672990083694,
1989-02-22,-8.02632904052734,0,0.308210015296936,
1989-02-23,-5.88416481018066,1.74467766100861e-06,0.335175901651382,
1989-02-24,-13.6707592010498,0.954358518123627,0.279515653848648,
1989-02-25,-20.9701271057129,0.564540922641754,0.183249920606613,
1989-02-26,-13.6271066665649,1.60079383850098,0.328755646944046,
1989-02-27,-15.5623817443848,0.900597035884857,0.237344980239868,
1989-02-28,-24.7118110656738,0.111650705337524,0.143662378191948,
1989-03-01,-23.8530693054199,0.190997049212456,0.207027480006218,0.00455504182335428
1989-03-02,-16.6455345153809,1.21159660816193,0.271912455558777,0.00452053386063389
1989-03-03,-16.9297962188721,2.03072452545166,0.266980588436127,0.00452053386063389
1989-03-04,-26.3736324310303,0.203241497278214,0.223207637667656,0.00448602589791349
1989-03-05,-22.3795547485352,0.0345708653330803,0.300047695636749,0.00448602589791349
1989-03-06,-18.4151859283447,2.80231165885925,0.23828436434269,0.00445151793519308
1989-03-07,-19.1386566162109,0.327065855264664,0.279297143220902,0.00445151793519308
1989-03-08,-14.8509902954102,3.02705502510071,0.459310412406921,0.00441701048668039
1989-03-09,-21.4115543365479,3.28018403053284,0.250679790973663,0.00441701048668039
1989-03-10,-22.8659534454346,2.44090986251831,0.251227140426636,0.00438250252395999
1989-03-11,-21.886116027832,0.564976453781128,0.272662699222565,0.00438250252395999
1989-03-12,-18.9208641052246,0.086663655936718,0.426647931337357,0.00434799456123959
1989-03-13,-14.8267498016357,0.072573222219944,0.416171401739121,0.00434799456123959
1989-03-14,-18.5068836212158,0.14589561522007,0.312921762466431,0.00431348659851919
1989-03-15,-21.8291873931885,0.368999481201172,0.272386610507965,0.00431348659851919
1989-03-16,-24.7134742736816,0.00130789773538709,0.258770316839218,0.00427897863579879
1989-03-17,-21.9496936798096,0.00929512083530426,0.38642480969429,0.00427897863579879
1989-03-18,-18.7898101806641,0.100133508443832,0.376498430967331,0.00424447093018224
1989-03-19,-19.2444610595703,0,0.419170945882797,0.00424447093018224
1989-03-20,-16.9608039855957,0.000554972735699266,0.488645970821381,0.00420996296746184
1989-03-21,-13.3058681488037,0,0.684832632541657,0.00420996296746184
1989-03-22,-6.89699745178223,1.08211624622345,0.711339831352234,0.00420996296746184
1989-03-23,-9.54475021362305,2.5239417552948,0.514532685279846,0.00420996296746184
1989-03-24,-13.1186151504517,1.78818738460541,0.442166239023209,0.00420996296746184
1989-03-25,-17.7677135467529,2.30504512786865,0.406511694192886,0.00420996296746184
1989-03-26,-19.563440322876,1.13038289546967,0.443991273641586,0.00417545500474144
1989-03-27,-20.1482772827148,2.95327091217041,0.347133845090866,0.00417545500474144
1989-03-28,-15.9829206466675,1.48429811000824,0.485913902521133,0.00417545500474144
1989-03-29,-8.61473941802979,0.1939767152071,0.913289248943329,0.00417545500474144
1989-03-30,-4.7874698638916,0,1.01718556880951,0.00417545500474144
1989-03-31,-2.1828248500824,1.30845594406128,0.964210271835327,0.00417545500474144
1989-04-01,-2.64065861701965,2.46747422218323,0.676915585994721,0.00417545500474144
1989-04-02,-5.5751051902771,0.193057894706726,0.669790804386139,0.00414094704202104
1989-04-03,-9.20515155792236,1.75132787227631,0.543426096439362,0.00414094704202104
1989-04-04,-9.61951923370361,0.655977964401245,0.810773372650147,0.00414094704202104
1989-04-05,-7.05889368057251,0.219869196414948,1.1559716463089,0.00414094704202104
1989-04-06,-4.18017625808716,1.16675841808319,1.16354870796204,0.00414094704202104
1989-04-07,-5.61337423324585,0.374409079551697,1.06452548503876,0.00414094704202104
1989-04-08,-4.8602294921875,0.176557376980782,1.14198994636536,0.00420996296746184
1989-04-09,-1.50413405895233,0,1.34830558300018,0.00441701048668039
1989-04-10,-0.0326511561870575,0,1.56898593902588,0.00465856571151548
1989-04-11,3.26370859146118,0.436760544776917,1.76987767219543,0.00510716819846531
1989-04-12,3.96964716911316,0.72948032617569,1.62526285648346,0.00572830998480944
1989-04-13,2.12276101112366,0.156170591711998,1.28679716587067,0.00600437317236494
1989-04-14,1.64124655723572,0,1.44700634479523,0.00614240502324653
1989-04-15,-5.29162740707397,1.09487986564636,0.74042409658432,0.0120087463447299
1989-04-16,-11.6476612091064,0,0.893814742565155,0.00690157866047223
1989-04-17,-4.66709613800049,0,1.38579487800598,0.00772976822313875
1989-04-18,-2.37607383728027,0.0260091051459312,1.59502458572388,0.00869598912247917
1989-04-19,-0.910221636295319,0.0834041610360146,1.4419469833374,0.010076304546049
1989-04-20,0.0666849389672279,0.237055450677872,1.7619377374649,0.0238449533900654
1989-04-21,-0.6601722240448,5.25946235656738,0.539083302021027,0.0358882071833081
1989-04-22,-2.68899822235107,0.656408131122589,1.33408892154694,0.0314366907907379
1989-04-23,-0.814166069030762,0,1.68099343776703,0.0345078927881535
1989-04-24,0.62409234046936,0,1.89155304431915,0.0410643943924602
1989-04-25,2.14198327064514,0,2.01496887207031,0.072811650162982
1989-04-26,2.69716501235962,0,2.06191229820251,0.115601437549385
1989-04-27,6.16004323959351,0,2.35610198974609,0.151834731558804
1989-04-28,9.36584854125977,0,2.55672383308411,0.165982962336461
1989-04-29,9.73584365844727,0,2.59484815597534,0.807484678079076
1989-04-30,9.5598783493042,0.0265342053025961,2.83774042129517,1.62877256592828
1989-05-01,5.68371248245239,0.0469901263713837,2.20489716529846,2.31202881680628
1989-05-02,7.15527534484863,0.0807498693466187,2.31353545188904,2.83654868187649
1989-05-03,6.04518365859985,0.103671565651894,2.05788254737854,2.52942864668138
1989-05-04,2.18317246437073,0.0342256017029285,2.42532515525818,2.40865102192284
1989-05-05,9.16721725463867,0,3.72857618331909,2.04286727938612
1989-05-06,9.49235820770264,1.97638523578644,2.82653379440308,1.67363280022544
1989-05-07,11.2715635299683,0.270204395055771,3.7784116268158,1.62532169766716
1989-05-08,12.9293537139893,0.145144060254097,3.37123441696167,1.53905196569678
1989-05-09,14.8313426971436,0.430768221616745,4.41226673126221,1.43897915559344
1989-05-10,12.3008623123169,9.17781925201416,3.80227565765381,1.32855387234391
1989-05-11,6.42682123184204,2.77193927764893,2.22822999954224,1.24918574525859
1989-05-12,5.63273000717163,1.13613760471344,3.17764806747437,2.0601212257802
1989-05-13,7.82554054260254,0.131846770644188,3.03267288208008,2.50872370038903
1989-05-14,10.8097686767578,7.70833594287979e-06,4.61630535125732,1.8737785520693
1989-05-15,13.1034164428711,0.0110876252874732,4.44408082962036,1.5425028339579
1989-05-16,11.5166921615601,2.08479642868042,3.07451438903809,1.34235708211404
1989-05-17,8.44094276428223,0.302273482084274,2.07306790351868,1.12150651561499
1989-05-18,6.25998210906982,0.757445514202118,2.98792886734009,1.07664628131782
1989-05-19,3.8099160194397,3.49469542503357,1.61480641365051,1.06284307154769
1989-05-20,0.76160854101181,12.2792158126831,0.492797940969467,1.05939233492375
1989-05-21,-0.653707146644592,11.977237701416,0.635236620903015,1.07664628131782
1989-05-22,0.669267117977142,0.344216227531433,2.27971792221069,1.04903992759615
1989-05-23,4.90690469741821,7.70833594287979e-06,2.67769336700439,1.02833517875954
1989-05-24,3.88453006744385,6.04356819167151e-06,2.59999680519104,1.00072889085645
1989-05-25,3.94138145446777,0.149530664086342,1.97972917556763,1.57010912186098
1989-05-26,1.43960583209991,0.398044556379318,2.56690120697022,1.43897915559344
1989-05-27,1.08632922172546,1.17575236799894e-05,3.09541964530945,1.40447126280528
1989-05-28,6.95067977905273,1.28035235404968,4.01042699813843,1.22503019397945
1989-05-29,10.9724550247192,0.0198428239673376,4.50703191757202,1.14911280351808
1989-05-30,10.4210176467896,1.12998354434967,4.93635892868042,1.03868758608714
1989-05-31,13.8293571472168,11.0152587890625,3.23112869262695,0.99037654934744
1989-06-01,11.5276002883911,8.70207405090332,1.89503931999207,0.942065446789156
1989-06-02,11.0450077056885,3.72377252578735,2.93412113189697,1.01108123236546
1989-06-03,12.8681182861328,0.66129332780838,3.73380208015442,1.11805577899104
1989-06-04,16.1440925598145,5.67495441436768,3.55729055404663,1.10770330584486
1989-06-05,13.9268417358398,6.35954856872559,3.03364777565002,1.06284307154769
1989-06-06,11.4604158401489,5.47261905670166,1.6586891412735,1.23883340374958
1989-06-07,11.4783506393433,3.58803987503052,2.66652727127075,1.47693778500554
1989-06-08,10.8207387924194,0.30694767832756,2.63683128356934,1.47003618012047
1989-06-09,11.9560670852661,0.227588534355164,3.43066549301147,1.35270942362305
1989-06-10,13.5892400741577,0.260876029729843,4.73622274398804,1.28714437467069
1989-06-11,16.9051933288574,0.439072191715241,4.916184425354,1.32165226745884
1989-06-12,18.6251945495605,0,6.05395078659058,1.10425256922091
1989-06-13,18.5478630065918,0,6.19850444793701,1.01108123236546
1989-06-14,16.7221508026123,1.36902415752411,2.68151354789734,0.94551624923169
1989-06-15,15.9027767181396,1.08214914798737,4.06489181518555,0.911008356443537
1989-06-16,12.1549234390259,7.64079093933106,2.91770601272583,0.876500463655383
1989-06-17,11.7192668914795,7.16445016860962,2.92666220664978,0.855795714818772
1989-06-18,10.9337921142578,6.34743642807007,3.02342057228088,0.921360763771133
1989-06-19,9.88586235046387,1.22207164764404,4.42581224441528,0.983474944462375
1989-06-20,11.5903263092041,0.0318048596382141,3.74098443984985,0.897205212491991
1989-06-21,12.0947694778442,3.81344842910767,3.2362208366394,0.852344978194826
1989-06-22,10.8236513137817,1.962273478508,3.99387168884277,0.800583139012596
1989-06-23,8.56766510009766,0.166501238942146,3.6257848739624,0.759173641339377
1989-06-24,8.65174961090088,0.343077838420868,2.50059175491333,0.717764143666158
1989-06-25,10.5309820175171,6.79070144542493e-05,3.99161195755005,0.662551567859982
1989-06-26,10.4902439117432,0.132659763097763,3.41759276390076,0.631494411695774
1989-06-27,9.18191623687744,4.12120580673218,3.40370655059814,0.59008497984114
1989-06-28,9.66815280914307,4.60819482803345,3.31481838226318,0.58663417739861
1989-06-29,11.6409893035889,1.9705148935318,4.48898839950562,0.49001207100992
1989-06-30,13.3402471542358,1.17472696304321,3.75794911384583,0.500364445428226
1989-07-01,13.371265411377,0.604007959365845,3.70763897895813,0.48656130147668
1989-07-02,12.8363246917725,3.97249913215637,3.32020854949951,0.469307355082603
1989-07-03,9.8355073928833,13.7752237319946,1.46731269359589,0.445151803803465
1989-07-04,8.03658294677734,1.25399518013001,2.87265992164612,0.43479946229445
1989-07-05,11.1346416473389,0.235969394445419,4.50013828277588,0.493462873452455
1989-07-06,13.4528179168701,4.07697248458862,2.47091317176819,0.503815247870757
1989-07-07,14.170615196228,0.00206060311757028,3.86946654319763,0.496913642985695
1989-07-08,15.4095134735107,0.925181031227112,4.57246351242065,0.476208927058378
1989-07-09,13.466381072998,0.538751423358917,4.44245004653931,0.500364445428226
1989-07-10,12.2590856552124,0.405655384063721,4.36172771453857,0.48656130147668
1989-07-11,13.2748708724976,0,4.3322024345398,0.427897857409388
1989-07-12,15.1005392074585,0,4.77532482147217,0.420996285433613
1989-07-13,17.9406642913818,0.00231460854411125,4.96740865707398,0.383037623112219
1989-07-14,20.0567417144775,0.0309537928551435,5.18118715286255,0.351980499857306
1989-07-15,20.710376739502,0.428529411554337,5.5258903503418,0.324374179044926
1989-07-16,19.9909915924072,4.5291337966919,3.55423998832703,0.306775178734029
1989-07-17,17.991081237793,1.37840449810028,4.39889574050903,0.284690115502266
1989-07-18,17.2948150634766,10.2328205108643,1.93485760688782,0.291591687478039
1989-07-19,15.3182058334351,0.316163897514343,1.82218730449677,0.308845633872116
1989-07-20,15.1864795684814,0.202804699540138,4.42226505279541,0.389939195087994
1989-07-21,15.6267156600952,18.0920238494873,2.54726243019104,0.383037623112219
1989-07-22,13.1311931610107,7.14617204666138,2.57583618164063,0.379586820669689
1989-07-23,13.5208101272583,7.8173565864563,2.51168465614319,0.376136018227158
1989-07-24,14.7575349807739,6.60479688644409,2.86005687713623,0.500364445428226
1989-07-25,14.0164260864258,7.88086032867432,2.9205150604248,0.562478626119468
1989-07-26,15.7802352905273,0.908081829547882,3.91428565979004,0.617691267744232
1989-07-27,17.7760620117188,2.11586260795593,4.1070876121521,0.607338926235217
1989-07-28,17.5864868164062,5.08314275741577,2.72075963020325,0.531421535773848
1989-07-29,12.0135917663574,0.00108807592187077,2.62165355682373,0.503815247870757
1989-07-30,13.2628126144409,0.684733688831329,3.05303192138672,0.552126284610456
1989-07-31,16.042013168335,3.03897762298584,4.00230121612549,0.600437321350155
1989-08-01,16.0994281768799,3.27029967308044,2.82840895652771,0.548675482167925
1989-08-02,15.8128118515015,0.0374492704868317,2.05212116241455,0.510716819846531
1989-08-03,16.3487911224365,1.72257912158966,2.19651317596436,0.500364445428226
1989-08-04,17.1782894134521,1.05711543560028,3.29464912414551,0.503815247870757
1989-08-05,16.9816265106201,0.0479308106005192,3.73287534713745,0.496913642985695
1989-08-06,17.8118076324463,0,4.38972902297974,0.493462873452455
1989-08-07,17.6887264251709,0,4.38571166992188,0.483110499034149
1989-08-08,18.7743606567383,0.00310824019834399,4.37964248657227,0.648748358089851
1989-08-09,19.063720703125,0.00733121251687408,4.51943111419678,0.565929428562002
1989-08-10,20.3496112823486,0.72818660736084,4.55860567092896,0.503815247870757
1989-08-11,20.4372310638428,0,4.23003768920898,0.448602606245995
1989-08-12,20.0628852844238,0.754634857177734,3.68559885025024,0.43825023182769
1989-08-13,21.0177459716797,0.162889763712883,4.28861951828003,0.448602606245995
1989-08-14,20.6208190917969,0.157829090952873,4.21458578109741,0.407193141482071
1989-08-15,19.9584369659424,2.77991318702698,3.92512798309326,0.427897857409388
1989-08-16,17.9211826324463,1.74454760551453,2.43795728683472,0.43825023182769
1989-08-17,16.4498043060303,1.99459555005888e-05,3.7145516872406,0.407193141482071
1989-08-18,14.1530685424805,0.00317250890657306,3.93463659286499,0.376136018227158
1989-08-19,15.3856191635132,1.25806057453156,3.28074979782105,0.351980499857306
1989-08-20,13.7923078536987,7.42549276351929,1.7063330411911,0.325409439523261
1989-08-21,11.1236276626587,1.09137845039368,1.12905716896057,0.30125388824412
1989-08-22,10.434326171875,4.46840572357178,0.611639201641083,0.320923409511686
1989-08-23,10.1458473205566,11.9693050384522,0.33819305896759,0.458954980664301
1989-08-24,10.7600183486938,1.54643857479095,2.00861787796021,0.43825023182769
1989-08-25,10.4447393417358,0.753268480300903,1.72007429599762,0.441701034270224
1989-08-26,7.63743257522583,0.971422791481018,0.674237608909607,0.427897857409388
1989-08-27,6.89488363265991,1.22241866588593,1.25422120094299,0.396840767063765
1989-08-28,5.88476371765137,1.28257048130035,0.655178427696228,0.355431302299841
1989-08-29,6.10618591308594,0.121294319629669,1.16005527973175,0.338177355905762
1989-08-30,8.37245464324951,0,2.48390746116638,0.333346239068076
1989-08-31,9.93395233154297,0,2.66345739364624,0.328860209056501
1989-09-01,11.336199760437,0.485823810100555,2.41152477264404,0.326444667092304
1989-09-02,10.1100244522095,6.30844402313232,1.94031810760498,0.298838346279923
1989-09-03,11.3874263763428,0.0870330110192299,2.75672173500061,0.288485971861619
1989-09-04,11.7194185256958,1.06791913509369,1.64673435688019,0.285035202328378
1989-09-05,11.1671524047852,0.752389073371887,1.8632504940033,0.282274573538069
1989-09-06,11.2320261001587,1.17996597290039,1.6891565322876,0.241555249517075
1989-09-07,9.48684406280518,4.78890657424927,1.28962051868439,0.226026704344264
1989-09-08,5.93410158157349,0.516586363315582,1.74472463130951,0.247421593923804
1989-09-09,3.29983043670654,0.0725479647517204,1.63462841510773,0.214294015530805
1989-09-10,3.22149109840393,0,2.14172053337097,0.253287938330533
1989-09-11,8.55050086975098,0,2.59270644187927,0.251217466737802
1989-09-12,12.3971939086914,0.405609935522079,2.03234767913818,0.269851727527033
1989-09-13,11.7487945556641,0.17005529999733,1.90155363082886,0.250182222714113
1989-09-14,9.23377418518066,0.0111159402877092,1.59009742736816,0.240520005493386
1989-09-15,7.06906795501709,0,1.39047133922577,0.221540674332689
1989-09-16,3.68753004074097,0.00590717233717442,0.780365407466888,0.224991460320575
1989-09-17,1.18185472488403,0.710265815258026,1.12620413303375,0.269851727527033
1989-09-18,0.315274477005005,0.082847386598587,1.12661182880402,0.304359603860541
1989-09-19,-0.590256750583649,3.48084306716919,0.90074896812439,0.286415516723532
1989-09-20,-4.07936859130859,7.18659734725952,0.572693586349487,0.27951394474776
1989-09-21,-2.08136320114136,1.27461338043213,0.632623016834259,0.271922199119765
1989-09-22,0.671665906906128,0.124979570508003,1.16633129119873,0.256393637492308
1989-09-23,5.99440813064575,1.05463337898254,0.923018515110016,0.241555249517075
1989-09-24,3.20851016044617,0.0749319642782211,1.31157100200653,0.22947749033215
1989-09-25,7.19012641906738,3.27864171367764e-08,1.72254157066345,0.263640296294192
1989-09-26,11.1563558578491,0,1.61201179027557,0.286415516723532
1989-09-27,9.69011211395264,0.566708862781525,0.972318112850189,0.284345028676155
1989-09-28,4.8778395652771,0.365864723920822,0.555061340332031,0.276063142305228
1989-09-29,3.96259903907776,0.919488966464996,0.809365212917328,0.263985383120303
1989-09-30,1.13921058177948,0.282676786184311,1.06447100639343,0.255358409923265
1989-10-01,-0.286803275346756,0,1.04489040374756,0.242590493540763
1989-10-02,3.04217743873596,0,1.23632180690765,0.233273363146148
1989-10-03,6.29984760284424,0.257658988237381,1.20544564723969,0.20980798551923
1989-10-04,4.12335872650146,2.57999849319458,0.662771940231323,0.207047356728921
1989-10-05,1.93868029117584,1.71871690213266e-07,0.880347967147827,0.203251483914924
1989-10-06,2.28734612464905,5.68885099028194e-08,1.00842726230621,0.201526099148303
1989-10-07,5.13409090042114,0,1.062255859375,0.196004825113039
1989-10-08,4.39734554290771,0.689181506633759,1.04514741897583,0.189793410334844
1989-10-09,1.85336923599243,7.31635570526123,0.177111446857452,0.188068009113578
1989-10-10,0.811849236488342,1.5056357383728,0.554578721523285,0.186687694718424
1989-10-11,0.53933709859848,0.000540641485713422,0.667868435382843,0.183581995556649
1989-10-12,-0.193814337253571,0.936280429363251,0.327122300863266,0.181166437137806
1989-10-13,-1.01547920703888,1.2103750705719,0.272006303071976,0.186687694718424
1989-10-14,-2.33246898651123,6.54890060424805,0.173446863889694,0.18841309593969
1989-10-15,-2.83314085006714,2.90835905075073,0.321227192878723,0.184272152754226
1989-10-16,-4.76529788970947,0.000749267055653036,0.373857945203781,0.180476279940229
1989-10-17,-1.94729614257812,0.0559085309505463,0.722493290901184,0.226716861541841
1989-10-18,1.1820650100708,5.90396928787231,0.327941566705704,0.180476279940229
1989-10-19,1.02883458137512,1.66225397586823,0.30508092045784,0.193934353520308
1989-10-20,2.69432258605957,0,0.441265434026718,0.193934353520308
1989-10-21,0.945949673652649,0.669636428356171,0.217523232102394,0.184272152754226
1989-10-22,-0.38248947262764,15.5703172683716,0.131471320986748,0.203251483914924
1989-10-23,-2.57632064819336,0.532222807407379,0.202105760574341,0.190828654358533
1989-10-24,-2.79515695571899,0.223385095596313,0.157619744539261,0.201526099148303
1989-10-25,-1.19089424610138,0.653533458709717,0.182056427001953,0.192554039125153
1989-10-26,-2.93369007110596,0.347924917936325,0.244411110877991,0.181856594335383
1989-10-27,-2.57368469238281,3.47783446311951,0.148418441414833,0.185652467149381
1989-10-28,-8.46355628967285,0.598938405513763,0.116591200232506,0.162187089522463
1989-10-29,-9.09720611572266,0.448149293661118,0.287798881530762,0.125263654770112
1989-10-30,-8.45167446136475,0.737405896186829,0.204607427120209,0.0948967051674221
1989-10-31,-11.8689470291138,0.696087241172791,0.0925699919462204,0.04900120627826
1989-11-01,-14.1903457641602,4.7778754234314,0.185600265860558,0.069015785576307
1989-11-02,-9.7837438583374,4.84010076522827,0.146230235695839,0.0948967051674221
1989-11-03,-8.25763034820557,0.327843189239502,0.111946366727352,
1989-11-04,-6.08337116241455,4.86882257461548,0.117162317037582,
1989-11-05,-4.07801723480225,0.849215030670166,0.0783317685127258,
1989-11-06,-9.88193035125732,5.10723161697388,0.0770275667309761,
1989-11-07,-14.5247259140015,1.56569635868073,0.0706798583269119,
1989-11-08,-13.4720544815063,8.46768856048584,0.142667070031166,
1989-11-09,-15.1041164398193,4.83054685592651,0.108706168830395,
1989-11-10,-16.7411231994629,3.97701215744019,0.0967016220092773,
1989-11-11,-23.0764312744141,0,0.0241533275693655,
1989-11-12,-27.8130798339844,0.0161151830106974,0.0277240294963121,
1989-11-13,-27.8614368438721,0.00317457690834999,0.0418840348720551,
1989-11-14,-25.0431690216064,0,0.0413451753556728,
1989-11-15,-24.3217830657959,2.81534361839294,0.131221175193787,
1989-11-16,-19.6052055358887,2.166672706604,0.0589785352349281,
1989-11-17,-15.2293434143066,1.21474647521973,0.126926779747009,
1989-11-18,-9.35911560058594,1.17573010921478,0.097720630466938,
1989-11-19,-12.0644636154175,0.106328323483467,0.000598792801611126,
1989-11-20,-16.2891654968262,0.00199548178352416,0,
1989-11-21,-17.6526546478271,0.173794895410538,0.0591710507869721,
1989-11-22,-22.6914653778076,0.0200815182179213,0.0271662827581167,
1989-11-23,-14.8897857666016,4.10065698623657,0.16108013689518,
1989-11-24,-16.2642250061035,8.4306058883667,0.105405144393444,
1989-11-25,-22.6396083831787,1.60382580757141,0.0673354044556618,
1989-11-26,-27.4001083374023,0.0340920425951481,0.0117483083158731,
1989-11-27,-19.9409217834473,1.12582266330719,0.069096602499485,
1989-11-28,-8.11001300811768,3.18295860290527,0.15805758535862,
1989-11-29,-10.6336107254028,0.309505313634872,0,
1989-11-30,-10.103892326355,1.81058931350708,0.0733322203159332,
1989-12-01,-12.5757503509521,0.000609174021519721,0,
1989-12-02,-8.80887508392334,1.04882025718689,0.198348954319954,
1989-12-03,-5.64988040924072,0.0094459056854248,0,
1989-12-04,-10.8854217529297,0.0652925744652748,0,
1989-12-05,-18.7484760284424,2.07994937896729,0.115251332521439,
1989-12-06,-19.8752326965332,0.699790358543396,0.039228081703186,
1989-12-07,-21.2265567779541,0.540360033512116,0.00506092701107264,
1989-12-08,-20.2202072143555,2.12693977355957,0.0529626086354256,
1989-12-09,-24.038553237915,0.555339395999908,0.0178166478872299,
1989-12-10,-28.4395294189453,0.427894443273544,0.00908002164214849,
1989-12-11,-14.8430309295654,2.07908248901367,0.189798086881638,
1989-12-12,-13.1433010101318,0.000743069685995579,0,
1989-12-13,-9.46570205688477,0.390243023633957,0.0780952796339989,
1989-12-14,-9.74790000915527,2.51163077354431,0.139916107058525,
1989-12-15,-15.7055902481079,0.494649678468704,0.0134515138342977,
1989-12-16,-20.7265205383301,0.61615389585495,0,
1989-12-17,-27.7556495666504,0.339965909719467,0.00668656313791871,
1989-12-18,-32.6641311645508,0.0510795377194881,0.00149805517867208,
1989-12-19,-35.8425674438477,0.00258790841326118,0.0102380700409412,
1989-12-20,-37.9304542541504,0.00181430368684232,0.00223047914914787,
1989-12-21,-29.8358383178711,0.0118067851290107,0.0496387407183647,
1989-12-22,-15.7968082427979,0.802066087722778,0.139825448393822,
1989-12-23,-10.6789054870605,1.31767332553864,0.0177843309938908,
1989-12-24,-14.1093645095825,0.135014191269875,0.000350474118022248,
1989-12-25,-14.8195991516113,4.73319778393488e-05,0.0888093113899231,
1989-12-26,-6.8888111114502,0.0831002816557884,0,
1989-12-27,-11.1187562942505,0.146013155579567,0,
1989-12-28,-12.627269744873,0.0177577082067728,0,
1989-12-29,-7.18634462356567,0.188550591468811,0,
1989-12-30,-8.97397327423096,0.641924023628235,0,
1989-12-31,-8.58651256561279,1.34747576713562,0.0802253112196922,
1990-01-01,-15.0982484817505,3.71009612083435,0.0648437812924385,
1990-01-02,-22.0481967926025,2.84533739089966,0.0121478885412216,
1990-01-03,-28.4889488220215,0.432748436927795,0,
1990-01-04,-30.0164909362793,0,0.00426859827712178,
1990-01-05,-23.8672180175781,8.99668121337891,0.109221868216991,
1990-01-06,-20.5339984893799,2.95853161811829,0.0257816500961781,
1990-01-07,-15.5518589019775,2.0637788772583,0.10644905269146,
1990-01-08,-11.3852729797363,0.206490755081177,0.0306330882012844,
1990-01-09,-10.9915742874146,0.337910950183868,0.0294372197240591,
1990-01-10,-14.5774192810059,2.13588190078735,0.0695452615618706,
1990-01-11,-19.714075088501,0.273508757352829,0.0345753356814384,
1990-01-12,-12.6734895706177,0.00407006358727813,0.0949597135186195,
1990-01-13,-9.43332195281982,1.08825862407684,0.153140097856522,
1990-01-14,-11.4911050796509,0.00277475314214826,0.0620390586555004,
1990-01-15,-11.9967174530029,0.00162162352353334,0.000457008776720613,
1990-01-16,-16.0244102478027,0.000256206723861396,0,
1990-01-17,-17.4692687988281,0.156240940093994,0.0480862893164158,
1990-01-18,-16.1513042449951,0.218392074108124,0.0255139041692019,
1990-01-19,-16.0489368438721,0.305773288011551,0.0851531624794006,
1990-01-20,-10.0344648361206,0.0167523790150881,0.0931930989027023,
1990-01-21,-10.8678388595581,0.303031802177429,0,
1990-01-22,-12.1907691955566,0.245871067047119,0.0622209720313549,
1990-01-23,-16.959041595459,1.00258731842041,0,
1990-01-24,-17.190845489502,1.09263610839844,0.0238625835627317,
1990-01-25,-20.4774303436279,4.01862382888794,0.0805791169404984,
1990-01-26,-27.8191184997559,2.16826105117798,0.0507321432232857,
1990-01-27,-30.2680797576904,0.612935841083527,0.0321614407002926,
1990-01-28,-32.2900352478027,0.0319421514868736,0.00357940210960805,
1990-01-29,-38.257869720459,0.0219411458820105,0.0113270422443748,
1990-01-30,-37.2691383361816,0.044049296528101,0.0212545786052942,
1990-01-31,-34.8488464355469,0.0425213053822517,0.0260481145232916,
1990-02-01,-31.2966918945312,0.000340784521540627,0.0560534186661243,
1990-02-02,-25.8541107177734,0.538476645946503,0.073208250105381,
1990-02-03,-23.7390823364258,2.72191905975342,0.0842144265770912,
1990-02-04,-24.4388637542725,0.231311812996864,0.0564463809132576,
1990-02-05,-20.2651977539062,1.71471309661865,0.147476106882095,
1990-02-06,-20.4694690704346,0.0378834083676338,0.0705220922827721,
1990-02-07,-17.950439453125,1.50453746318817,0.0770027190446854,
1990-02-08,-25.760181427002,1.52450096607208,0.0802396535873413,
1990-02-09,-30.3640651702881,0.0610024631023407,0.0746754258871079,
1990-02-10,-24.2347755432129,0.0150917759165168,0.0974727272987366,
1990-02-11,-25.7949600219727,0.00483331549912691,0.0677077695727348,
1990-02-12,-31.3957843780518,0.173170432448387,0.0489147305488586,
1990-02-13,-28.1466541290283,0.00307807582430542,0.0801825001835823,
1990-02-14,-28.7085437774658,0,0.077494889497757,
1990-02-15,-31.2287178039551,0,0.0591902397572994,
1990-02-16,-33.3771057128906,0,0.0644410327076912,
1990-02-17,-27.4849853515625,0.228324100375176,0.161766171455383,
1990-02-18,-21.8936328887939,0.0341504216194153,0.195146381855011,
1990-02-19,-14.7696399688721,0.598101377487183,0.305633336305618,
1990-02-20,-13.7804546356201,1.02496981620789,0.154920443892479,
1990-02-21,-20.6622066497803,0.973377227783203,0.196061462163925,
1990-02-22,-16.6362209320068,2.61078190803528,0.199951320886612,0.0227061931913307
1990-02-23,-21.7407550811768,0.312783867120743,0.141392096877098,0.0226026687889618
1990-02-24,-20.5662364959717,1.730513215065,0.206099346280098,0.0224301294895675
1990-02-25,-11.5652770996094,0.407878398895264,0.283868163824081,0.0224301294895675
1990-02-26,-13.9620304107666,0.243058443069458,0.244043558835983,0.0224301294895675
1990-02-27,-8.4469051361084,0.0434217043220997,0.586752712726593,0.0226026687889618
1990-02-28,-1.11584067344666,0.020403103902936,0.925342619419098,0.0231202887439755
1990-03-01,-8.88600540161133,0.0161960031837225,0.254190593957901,0.0241555245403413
1990-03-02,-10.4856595993042,0.000237800442846492,0.378477811813355,0.0245006031391299
1990-03-03,-5.92708396911621,2.2710064513376e-05,0.457792609930039,0.0255358409923265
1990-03-04,-2.83117818832397,2.2710064513376e-05,0.535647034645081,0.0262259981899038
1990-03-05,-2.65440535545349,2.2710064513376e-05,0.544775664806366,0.0265710767886924
1990-03-06,-1.92281651496887,0.0294215101748705,0.466974258422852,0.0262259981899038
1990-03-07,-4.51562738418579,2.40645623207092,0.477983236312866,0.0258809195911151
1990-03-08,-8.47433662414551,2.82826447486877,0.343345522880554,0.0258809195911151
1990-03-09,-14.6121187210083,0.299131006002426,0.410153925418854,0.0255358409923265
1990-03-10,-13.1157722473145,0.500145852565765,0.393667846918106,0.0255358409923265
1990-03-11,-11.4752388000488,1.54180300235748,0.443201303482056,0.0255358409923265
1990-03-12,-11.3165664672852,0.0337651669979095,0.507370471954346,0.0258809195911151
1990-03-13,-6.19273090362549,2.2710064513376e-05,0.697296380996704,0.026916155387481
1990-03-14,0.0728829056024551,1.08723725134041e-05,0.866604566574097,0.0276063146418889
1990-03-15,-1.01397132873535,0.0452283583581448,0.709047615528107,0.0286415504382548
1990-03-16,-3.79372692108154,0.0289869606494904,0.55209094285965,0.0303669454890286
1990-03-17,-6.29247379302979,0.00261908653192222,0.714188814163208,0.0310571026866059
1990-03-18,-3.60548233985901,0.570580303668976,0.982088088989258,0.0327824977373797
1990-03-19,-9.97316455841064,0.814977586269379,0.455799132585526,0.0327824977373797
1990-03-20,-17.2732944488525,1.70396339893341,0.422510057687759,0.0324374191385911
1990-03-21,-19.103874206543,0.837644636631012,0.385854780673981,0.0322648798391968
1990-03-22,-17.5275096893311,0.110473692417145,0.464349329471588,0.0317472619410138
1990-03-23,-11.310583114624,7.11132524884306e-05,0.877273261547089,0.0314021833422252
1990-03-24,-5.86221170425415,0.203634813427925,0.657539963722229,0.0314021833422252
1990-03-25,-12.0023097991943,0.0150981470942497,0.607713520526886,0.0314021833422252
1990-03-26,-8.19943332672119,1.0523939408813e-06,0.846552670001984,0.0314021833422252
1990-03-27,-3.39712309837341,2.2710064513376e-05,0.998562216758728,0.0317472619410138
1990-03-28,-0.56279182434082,0.00628155702725053,0.994156956672668,0.0317472619410138
1990-03-29,0.641173183917999,0.064878948032856,0.84689736366272,0.0320923405398024
1990-03-30,1.73966181278229,1.79071807861328,0.967396080493927,0.0324374191385911
1990-03-31,0.64936637878418,2.63954424858093,0.910401880741119,0.0327824977373797
1990-04-01,0.970001637935638,0.543320894241333,0.938437402248383,0.0334726569917876
1990-04-02,0.803600311279297,0.00904680509120226,1.1456778049469,0.0345078927881535
1990-04-03,0.768756210803986,0.457169771194458,0.900822460651398,0.0355431285845194
1990-04-04,-0.415481805801392,0.876754462718964,1.10439741611481,0.0362332857820965
1990-04-05,0.467141687870026,0.48170679807663,1.28016936779022,0.0386488400872783
1990-04-06,1.04252517223358,0.527315139770508,1.2384831905365,0.0403742330812216
1990-04-07,-3.90325212478638,1.4878396987915,0.51084715127945,0.0431348659851919
1990-04-08,-9.81939506530762,2.25384259223938,0.683847606182098,0.0458954988891621
1990-04-09,-10.8177175521851,0.0479292050004005,0.814247786998749,0.0496913675894985
1990-04-10,-5.10592317581177,0.00879623461514711,1.1518657207489,0.0514167605834415
1990-04-11,-0.554308950901031,0.0268473122268915,1.46767258644104,0.0517618391822302
1990-04-12,-6.65247678756714,0.00260418001562357,0.984563112258911,0.0472758132843167
1990-04-13,-4.28550004959106,0.253761202096939,1.04050004482269,0.0414094729912489
1990-04-14,-2.35543918609619,2.36855483055115,0.88309645652771,0.0414094729912489
1990-04-15,-3.78468251228333,0.204406678676605,1.10117137432098,0.0448602589791348
1990-04-16,0.343400925397873,0.0217081867158413,1.71557486057282,0.0500364461882873
1990-04-17,3.70628833770752,0.10487987101078,2.0792670249939,0.0534872321761732
1990-04-18,4.22803544998169,2.03345465660095,1.47034931182861,0.059008497984114
1990-04-19,3.07393622398376,0.0124145429581404,1.75767946243286,0.0717764143666158
1990-04-20,5.41376924514771,0.781120359897614,2.06363725662231,0.0817837019588088
1990-04-21,6.06857252120972,1.42698514461517,2.01326775550842,0.142172514338077
1990-04-22,4.92242097854614,0.925924777984619,1.89672219753265,0.20980798551923
1990-04-23,3.73322367668152,0.54509848356247,1.73699808120728,0.217399731147225
1990-04-24,3.38431763648987,0.760592520236969,1.97273576259613,0.417545515900373
1990-04-25,-1.54880619049072,0.70820689201355,0.814628124237061,1.11460491072992
1990-04-26,-4.79494333267212,3.06517958641052,1.60736072063446,1.54940443884296
1990-04-27,-4.6850905418396,0.84775710105896,1.05021786689758,1.34925855536194
1990-04-28,-1.67744255065918,0.247978836297989,1.32418382167816,1.06284307154769
1990-04-29,0.659595429897308,0.0157144758850336,2.11160635948181,0.900656014934522
1990-04-30,1.78626954555511,0.00592405674979091,1.90742421150208,0.835091031800749
1990-05-01,2.54324316978455,0.0289951022714376,1.88571488857269,0.879951266097914
1990-05-02,5.12682676315308,1.14785158634186,1.92763304710388,0.928262302837614
1990-05-03,6.31995916366577,1.30048835277557,2.08375144004822,1.00417969329898
1990-05-04,9.32802486419678,0.37764310836792,2.87180376052856,1.2595380867676
1990-05-05,10.3199329376221,0.811975181102753,3.75164818763733,1.53560122907283
1990-05-06,6.50570774078369,9.52586936950684,0.970070064067841,1.88413089357832
1990-05-07,3.30194163322449,1.96525859832764,2.86822438240051,2.2257590848359
1990-05-08,3.74267196655273,0.467795789241791,2.05391621589661,2.08427677705934
1990-05-09,4.09131908416748,2.53469157218933,2.37948608398438,1.84617226416621
1990-05-10,2.33172678947449,0.0572738274931908,2.61984252929688,1.62187096104321
1990-05-11,2.68338656425476,0.00556196738034487,2.61890769004822,1.43897915559344
1990-05-12,3.90067172050476,0.212966918945313,2.80278754234314,1.27679203316168
1990-05-13,4.01462888717651,1.19310903549194,2.9044303894043,1.12840812050005
1990-05-14,5.3476095199585,0.0743142068386078,2.81155610084534,1.04213838852967
1990-05-15,4.47695779800415,3.01884174346924,2.03445363044739,1.00417969329898
1990-05-16,4.36463451385498,0.459871232509613,2.66259098052979,0.973122602953363
1990-05-17,5.42504072189331,2.85288143157959,2.82059001922607,1.02488444213559
1990-05-18,3.25158190727234,0.68503612279892,2.66131067276001,1.08699862282684
1990-05-19,2.94519448280334,0,3.07996964454651,1.0835478203843
1990-05-20,5.13604354858398,0,3.28981804847717,0.993827285971386
1990-05-21,9.30624866485596,0.00255166692659259,3.53542900085449,0.93861471016521
1990-05-22,11.6060047149658,0.644212543964386,3.99567937850952,0.890303607606926
1990-05-23,12.2323322296143,1.20128166675568,3.00085163116455,0.838541768424696
1990-05-24,13.1150913238525,0.113101601600647,4.49318933486939,0.804033875636542
1990-05-25,12.0342473983765,4.28174304962158,2.82588243484497,0.769525982848388
1990-05-26,15.4881973266602,1.07689583301544,5.51779222488403,0.797132336570062
1990-05-27,16.2736682891846,0.109870247542858,5.37333154678345,1.2284809306034
1990-05-28,17.2566738128662,1.05269546111231e-05,5.8225359916687,1.14221119863302
1990-05-29,18.5317325592041,0.00196631043218076,5.16357564926148,1.00417969329898
1990-05-30,18.4766807556152,0.846909046173096,5.23254108428955,0.855795714818772
1990-05-31,15.9644565582275,2.42010235786438,3.50164556503296,0.821287822030619
1990-06-01,6.13152313232422,2.55974388122559,3.35963010787964,0.745370497387831
1990-06-02,7.41098356246948,0.016402967274189,3.78383708000183,0.772976785290923
1990-06-03,7.45158290863037,0.0192392747849226,3.10178422927856,0.721214946108693
1990-06-04,11.8017349243164,0.517760336399078,3.42308402061462,0.652199160532386
1990-06-05,9.57051563262939,3.44786596298218,2.13207316398621,0.645297621465905
1990-06-06,6.34949159622192,0.300126940011978,2.84220719337463,0.583183374956079
1990-06-07,9.33490467071533,2.02346181869507,2.66226005554199,0.54177391019215
1990-06-08,8.1351146697998,1.77121531963348,4.36882829666138,0.534872338216379
1990-06-09,11.7505655288696,0.32734826207161,4.16153287887573,0.572831033447064
1990-06-10,12.2676334381104,1.35092163085938,3.88661289215088,0.583183374956079
1990-06-11,8.83875179290771,0.0441065840423107,1.76360154151917,0.596986518907621
1990-06-12,10.2360410690308,3.63005042076111,3.87130045890808,0.59008497984114
1990-06-13,8.25290107727051,0.0829571411013603,4.60253143310547,0.552126284610456
1990-06-14,11.9330263137817,0.0105367740616202,5.07547473907471,0.521069194264833
1990-06-15,15.6282567977905,2.1921067237854,4.7528977394104,0.483110499034149
1990-06-16,15.1777439117432,0.720289051532745,5.28768634796143,0.43479946229445
1990-06-17,13.4716882705688,0.381869256496429,4.32392406463623,0.407193141482071
1990-06-18,14.218165397644,1.03256273269653,4.79448175430298,0.407193141482071
1990-06-19,13.4395217895508,1.36066401004791,4.03381681442261,0.393389964621234
1990-06-20,13.5174779891968,1.9922970533371,4.35373735427856,0.393389964621234
1990-06-21,15.4719772338867,9.74450206756592,4.47579908370972,0.326444667092304
1990-06-22,18.1297874450684,0.580542683601379,6.04313230514526,0.334726553463231
1990-06-23,19.6268825531006,0.153515219688416,5.46146202087402,0.427897857409388
1990-06-24,12.7536382675171,0.0478987880051136,5.47506380081177,0.319543095116531
1990-06-25,14.6232137680054,0.339940339326859,4.81961536407471,0.302979289465386
1990-06-26,13.033109664917,1.14636933803558,3.74775147438049,0.283309801107112
1990-06-27,13.6612796783447,5.29118013381958,3.41909289360046,0.276063142305228
1990-06-28,14.1096086502075,2.94883441925049,3.35009741783142,0.27985899866458
1990-06-29,14.2543249130249,2.10455274581909,3.75305986404419,0.288140917944798
1990-06-30,13.4851722717285,2.29418706893921,3.22336530685425,0.372685248693917
1990-07-01,12.0125436782837,7.91290062807093e-07,2.80359292030334,0.410643911015311
1990-07-02,11.6770868301392,0.643668830394745,3.40286946296692,0.396840767063765
1990-07-03,11.6684303283691,0.318460285663605,3.16661167144775,0.351980499857306
1990-07-04,12.249135017395,0.0715235620737076,3.53336644172668,0.306430091907918
1990-07-05,12.8133029937744,5.64807891845703,3.34950494766235,0.27985899866458
1990-07-06,11.1920309066772,0.475025683641434,2.9709587097168,0.25846410908504
1990-07-07,13.4032554626465,0.312097758054733,3.67731857299805,0.254323165899576
1990-07-08,15.840651512146,0.27765154838562,4.73813629150391,0.255013323097154
1990-07-09,17.1876602172852,0.130014255642891,3.59692239761353,0.241555249517075
1990-07-10,17.9129486083984,0.000312695396132767,5.44185638427734,0.224301303122998
1990-07-11,20.0828666687012,1.20104765892029,6.0182695388794,0.216709573949648
1990-07-12,20.8183345794678,10.8584976196289,4.42007827758789,0.204976885136189
1990-07-13,12.5474672317505,20.1528053283691,2.32723808288574,0.199455627555571
1990-07-14,12.3404083251953,7.99412822723389,2.29576992988586,0.236379062307922
1990-07-15,11.7776622772217,0.0164179243147373,4.18679761886597,0.99037654934744
1990-07-16,10.2230377197266,0.981833696365356,2.39282536506653,1.74955019068682
1990-07-17,9.72179698944092,2.2313220500946,1.51471042633057,1.27334129653773
1990-07-18,9.94861316680908,0.524329721927643,2.05630707740784,0.928262302837614
1990-07-19,10.3900918960571,0.0206403788179159,3.55387544631958,0.721214946108693
1990-07-20,14.8287563323975,0.4457728266716,3.82542181015015,0.624592872629294
1990-07-21,17.2499122619629,0.14728382229805,4.79993391036987,0.517618391822302
1990-07-22,18.3676109313965,0.0302836056798697,5.3093376159668,0.493462873452455
1990-07-23,15.3517513275146,1.03914523124695,3.2414882183075,0.472758124615843
1990-07-24,13.9204454421997,0.0307378210127354,3.31605100631714,0.427897857409388
1990-07-25,17.2784271240234,0.0186858996748924,5.01385831832886,0.427897857409388
1990-07-26,18.9310817718506,7.41211938858032,4.2687029838562,0.372685248693917
1990-07-27,16.6664848327637,1.2344913482666,4.30472087860107,0.393389964621234
1990-07-28,12.9712724685669,0.060125295072794,2.57706904411316,0.351980499857306
1990-07-29,16.2622985839844,0.00109798705670983,4.65965700149536,0.376136018227158
1990-07-30,19.368631362915,0.00689915008842945,4.96392631530762,0.355431302299841
1990-07-31,19.1826782226562,5.60126447677612,4.19921398162842,0.344388754229312
1990-08-01,11.0527095794678,10.8259325027466,3.34565711021423,0.295732630663502
1990-08-02,9.49178409576416,4.80596590042114,2.17206263542175,0.323684038301995
1990-08-03,12.2808713912964,0.122984051704407,3.85330963134766,0.383037623112219
1990-08-04,15.748553276062,3.7284969778284e-08,4.74338722229004,0.383037623112219
1990-08-05,18.8658866882324,0,5.08289623260498,0.372685248693917
1990-08-06,18.7988224029541,4.1662449836731,3.84332776069641,0.351980499857306
1990-08-07,12.2826538085938,4.12236499786377,1.70131742954254,0.318852921464308
1990-08-08,10.5797672271729,0.00335437408648431,2.75950717926025,0.245351122331072
1990-08-09,12.511682510376,0.304966986179352,3.22598576545715,0.244660965133495
1990-08-10,16.0144195556641,1.58901882171631,2.72461366653442,0.26743616910819
1990-08-11,17.4400024414062,0.000671292888000608,3.61598539352417,0.262605068725149
1990-08-12,17.7882328033447,2.35766434669495,3.22531723976135,0.240865092319497
1990-08-13,14.407057762146,0.46046194434166,2.89871048927307,0.241555249517075
1990-08-14,11.8121223449707,0.0437139496207237,3.21354532241821,0.184962309951803
1990-08-15,11.7687282562256,0.221434280276299,2.7483057975769,0.297458031884768
1990-08-16,11.4780607223511,0.0982982218265533,2.71638345718384,0.189103253137267
1990-08-17,11.8971433639526,0,2.28920841217041,0.194624510717885
1990-08-18,14.1031875610352,3.85655426979065,2.2219660282135,0.191863881927576
1990-08-19,16.3524494171143,3.20846509933472,3.32838726043701,0.173919778335922
1990-08-20,17.5448532104492,7.41244399193874e-10,4.09657382965088,0.169088677952881
1990-08-21,17.5366096496582,8.31391620635986,3.79501676559448,0.16287724672004
1990-08-22,14.7625455856323,11.9726266860962,1.53705608844757,0.158046146337
1990-08-23,4.74303865432739,12.6537981033325,0.357941001653671,0.151834731558804
1990-08-24,5.54816150665283,1.83361661434174,1.66525590419769,0.246041279528649
1990-08-25,5.82656335830688,0.42939305305481,2.036949634552,0.369234446251383
1990-08-26,8.79133319854736,0.0275151189416647,2.99263477325439,0.455504178221767
1990-08-27,9.5277624130249,0.0922429710626602,2.80343651771545,0.407193141482071
1990-08-28,12.7187070846558,0.0822294875979424,2.43120455741882,0.369234446251383
1990-08-29,13.9009275436401,0.0807698965072632,2.3744113445282,0.345078927881535
1990-08-30,9.67536067962646,0.000245155941229314,1.98578155040741,0.336106867858385
1990-08-31,6.72947692871094,0.690717041492462,1.91422605514526,0.308845633872116
1990-09-01,8.4901294708252,1.55100870132446,1.28260445594788,0.280894259142914
1990-09-02,8.29604053497314,1.7130674123764,2.32033801078796,0.277443456700383
1990-09-03,5.86759662628174,4.9339337348938,1.8276538848877,0.259154282737263
1990-09-04,7.59073305130005,1.29461824893951,1.83920061588287,0.254323165899576
1990-09-05,5.35270023345947,0.823856234550476,1.42396295070648,0.252597781132956
1990-09-06,10.1345090866089,0.0339365899562836,2.65205454826355,0.24776666429527
1990-09-07,9.69477367401123,1.1998302936554,1.34334349632263,0.24328065073834
1990-09-08,5.66246747970581,2.9397599697113,1.68209052085876,0.238104463529188
1990-09-09,5.63409280776978,0.586659848690033,2.06808137893677,0.239829848295809
1990-09-10,5.58233690261841,0.63027685880661,1.04094886779785,0.241555249517075
1990-09-11,3.90898680686951,1.16324901580811,1.16674876213074,0.23120287509877
1990-09-12,4.68976354598999,6.52655553817749,1.2384295463562,0.207047356728921
1990-09-13,8.65219593048096,0.113702021539211,2.14176058769226,0.189103253137267
1990-09-14,10.5251989364624,0,2.22565722465515,0.189103253137267
1990-09-15,11.553448677063,1.76597225731712e-09,2.50950169563293,0.175300092731076
1990-09-16,12.0584535598755,0.0468474812805653,1.65787518024445,0.235688905110345
1990-09-17,7.05518102645874,0.0729951933026314,1.17900204658508,0.230857804727304
1990-09-18,4.29087209701538,6.44808197021484,1.39124155044556,0.20980798551923
1990-09-19,4.1971640586853,2.42290568351746,0.536598980426788,0.172539463940767
1990-09-20,3.0929069519043,0.754974782466888,0.960715770721436,0.147693788373341
1990-09-21,5.6646556854248,0.163764610886574,1.66908371448517,0.155285517546691
1990-09-22,11.9677200317383,0.000480146030895412,1.49605333805084,0.161496932324886
1990-09-23,14.2972011566162,0,2.43915510177612,0.165637891964995
1990-09-24,12.8943729400635,0.0583859756588936,2.51005077362061,0.160116617929732
1990-09-25,9.42620086669922,2.32857537269592,1.83735108375549,0.145623300325964
1990-09-26,6.93645668029785,1.75466525554657,1.14657354354858,0.142862671535655
1990-09-27,3.96545600891113,0.981409728527069,0.690421938896179,0.142172514338077
1990-09-28,3.78491544723511,0.0240849182009697,1.39482796192169,0.146313457523541
1990-09-29,6.05720233917236,0.0442525446414948,1.93118047714233,0.135961099559882
1990-09-30,5.88590145111084,0,1.50970864295959,0.129749676554364
1990-10-01,4.65036249160767,1.47090423107147,1.17525100708008,0.133890627967151
1990-10-02,3.949298620224,11.3197860717773,0.35109880566597,0.138721728350191
1990-10-03,0.661971867084503,1.86758732795715,0.680608808994293,0.147003631175764
1990-10-04,-0.051646526902914,0.306026190519333,0.6512411236763,0.180476279940229
1990-10-05,-0.682081043720245,0.790956795215607,0.616199016571045,0.180131193114117
1990-10-06,-1.59494197368622,0.568789899349213,0.520243287086487,0.140102042745346
1990-10-07,-0.675270676612854,1.07125879367231e-05,0.820182859897614,0.132855383943462
1990-10-08,1.13482594490051,1.73670244216919,0.570744812488556,0.12836936215921
1990-10-09,3.42172479629517,1.18323969841003,0.752615809440613,0.125263654770112
1990-10-10,-0.572086870670319,1.61387884616852,0.46405753493309,0.124573489345212
1990-10-11,-4.73104906082153,0.0733380168676376,0.604516625404358,0.113876044555442
1990-10-12,-4.80126810073853,5.00182867050171,0.393625974655151,0.108354786974824
1990-10-13,-3.83358097076416,1.0637366771698,0.414416879415512,0.072811650162982
1990-10-14,-7.06797647476196,1.41645979881287,0.29178375005722,0.0911008405807471
1990-10-15,-7.53884172439575,0.301934629678726,0.313280373811722,0.0955868623649993
1990-10-16,-8.46527671813965,0.168867439031601,0.364960521459579,0.0935163907722675
1990-10-17,-7.43492364883423,0.3922358751297,0.270259141921997,0.0879951249643267
1990-10-18,-4.41112995147705,1.14024555683136,0.297674238681793,0.080748466162443
1990-10-19,-2.80343055725098,3.75854873657227,0.326303035020828,0.0655649954747593
1990-10-20,-6.72617340087891,0.401296317577362,0.21030005812645,0.0559027864813551
1990-10-21,-5.47518014907837,1.14214837551117,0.317862153053284,0.0552126292837779
1990-10-22,-4.28664827346802,3.22969889640808,0.246485039591789,0.0555577078825663
1990-10-23,-5.82947111129761,1.23612606525421,0.180812999606133,0.0583183407865369
1990-10-24,1.3438675403595,2.28357911109924,0.500933229923248,0.0638396024808163
1990-10-25,-0.389494925737381,4.41040465375409e-05,0.140078380703926,0.0638396024808163
1990-10-26,-6.81869125366211,0.068899542093277,0.17341773211956,0.0572831008765096
1990-10-27,-9.3701057434082,0.295845091342926,0.273541152477264,0.0434799445839806
1990-10-28,-7.01965522766113,5.91690015792847,0.173908397555351,0.04071931168001
1990-10-29,-10.2176761627197,0.743272423744202,0.0998010411858559,0.0310571026866059
1990-10-30,-10.7150621414185,2.18200731277466,0.172823920845985,0.0296767882914514
1990-10-31,-5.5849494934082,3.5056471824646,0.117552228271961,0.0305394847884229
1990-11-01,-6.43707227706909,3.07684087753296,0.132790729403496,
1990-11-02,-9.00135326385498,0.720628321170807,0.0739946588873863,
1990-11-03,-8.50625133514404,0.600795328617096,0.0632696375250816,
1990-11-04,-12.4259281158447,3.39012908935547,0.139805465936661,
1990-11-05,-15.2521390914917,0.356448382139206,0.0583906881511211,
1990-11-06,-13.0523433685303,3.18393349647522,0.213612452149391,
1990-11-07,-6.38250017166138,6.2834358215332,0.0505590103566647,
1990-11-08,-10.5782995223999,9.5478343963623,0.134879499673843,
1990-11-09,-17.7711639404297,1.1344940662384,0.0554377548396587,
1990-11-10,-20.6409339904785,1.81304442882538,0.0520517081022263,
1990-11-11,-20.8007640838623,4.96248865127564,0.0845109671354294,
1990-11-12,-19.6270484924316,11.6028318405151,0.101241543889046,
1990-11-13,-16.1024761199951,9.87187480926514,0.0633909031748772,
1990-11-14,-15.2681436538696,0.678124964237213,0.0232262946665287,
1990-11-15,-15.0482177734375,0.0200596898794174,0.0675595551729202,
1990-11-16,-8.12201881408691,0.00928818061947823,0.0330020114779472,
1990-11-17,-9.2401876449585,0.493661940097809,0,
1990-11-18,-13.848464012146,3.85858511924744,0.049457386136055,
1990-11-19,-16.8839702606201,2.06181716918945,0.0553071573376656,
1990-11-20,-18.6136417388916,4.36550712585449,0.100793659687042,
1990-11-21,-20.9197406768799,0.494167387485504,0.0159700158983469,
1990-11-22,-24.8657760620117,0.0322098582983017,0.0433789119124413,
1990-11-23,-30.3291110992432,0,0.00491959741339088,
1990-11-24,-31.7125988006592,0.0292684268206358,0.0121557544916868,
1990-11-25,-30.8309669494629,0.00192418054211885,0.00484957220032811,
1990-11-26,-26.9703235626221,0,0.0440842173993588,
1990-11-27,-25.0407848358154,0.124216191470623,0.0274709574878216,
1990-11-28,-21.556058883667,1.23828506469727,0.0611914955079556,
1990-11-29,-19.0005130767822,0.0271118376404047,0.0271898582577705,
1990-11-30,-24.661096572876,0.649811267852783,0.0181556660681963,
1990-12-01,-28.7375774383545,0.318856507539749,0.0186900589615107,
1990-12-02,-28.5303840637207,0.561105728149414,0.0317565836012363,
1990-12-03,-26.6668281555176,7.93707370758057,0.126779645681381,
1990-12-04,-19.1540546417236,3.34303092956543,0.0876274332404137,
1990-12-05,-23.0016536712646,0.579929053783417,0.0293782893568277,
1990-12-06,-14.7648181915283,0.667912542819977,0.241937667131424,
1990-12-07,-3.36289072036743,0.744344472885132,0.0450591035187244,
1990-12-08,-9.19603252410889,7.81323671340942,0.0208038445562124,
1990-12-09,-16.5060138702393,0.154650956392288,0,
1990-12-10,-15.465799331665,0,0.00840683747082949,
1990-12-11,-16.8516941070557,0,0,
1990-12-12,-17.5490627288818,0.00357082369737327,0,
1990-12-13,-16.6449966430664,0.00969856604933739,0.0519738420844078,
1990-12-14,-15.5318727493286,0.0866834819316864,0.000621260551270098,
1990-12-15,-22.027156829834,0.117436267435551,0,
1990-12-16,-23.7874164581299,0.540096879005432,0.0249506328254938,
1990-12-17,-25.3293495178223,0.0478527992963791,0.0687596052885056,
1990-12-18,-33.3386764526367,0.0442016236484051,0.0256643574684858,
1990-12-19,-34.8523216247559,0.0106545006856322,0,
1990-12-20,-32.5440406799316,0.11969742923975,0.0309754200279713,
1990-12-21,-20.9499359130859,0.418317854404449,0.0799504816532135,
1990-12-22,-13.5254049301147,1.00818181037903,0.0614918731153011,
1990-12-23,-19.2417106628418,2.69094920158386,0.0567837059497833,
1990-12-24,-28.3895092010498,0.738827228546143,0.00713434116914868,
1990-12-25,-29.1825180053711,0.010739061050117,0.0386082082986832,
1990-12-26,-20.2073307037354,4.66273069381714,0.118212945759296,
1990-12-27,-28.6230010986328,3.98461532592773,0.0639852061867714,
1990-12-28,-36.2431411743164,0.177022844552994,0,
1990-12-29,-32.2686309814453,0,0.0228024814277887,
1990-12-30,-34.1957511901855,0.0639598742127419,0.0177743211388588,
1990-12-31,-31.7236423492432,0.260489940643311,0.0302604641765356,
1991-01-01,-26.9454441070557,0.536278426647186,0.0403108820319176,
1991-01-02,-23.7613010406494,0.437780678272247,0.0403090231120586,
1991-01-03,-19.3710956573486,0.682933151721954,0.165642827749252,
1991-01-04,-20.3657970428467,0.349773973226547,0.0698166787624359,
1991-01-05,-31.0085506439209,0.132778882980347,0.00133899587672204,
1991-01-06,-29.5777721405029,0.0946453213691711,0.026480371132493,
1991-01-07,-33.0210151672363,0.0085282614454627,0,
1991-01-08,-32.0734405517578,0.0759283676743507,0.00931965839117765,
1991-01-09,-27.645076751709,0.527518510818481,0.0679502561688423,
1991-01-10,-26.0936145782471,0.0882281288504601,0.0384894162416458,
1991-01-11,-22.73876953125,0.318928390741348,0.0669130682945252,
1991-01-12,-12.7341394424438,1.3713892698288,0.0922912657260895,
1991-01-13,-11.1530055999756,1.80340456962585,0.0567872412502766,
1991-01-14,-12.009819984436,0.084082156419754,0,
1991-01-15,-13.7430458068848,1.41401195526123,0.0621396116912365,
1991-01-16,-15.208233833313,0.0172268580645323,0.0702777728438377,
1991-01-17,-11.8080177307129,1.04932081699371,0.091755636036396,
1991-01-18,-12.5441427230835,2.40916848182678,0.15155690908432,
1991-01-19,-21.2292957305908,0.336079835891724,0.0203605778515339,
1991-01-20,-14.452446937561,6.18250633124262e-05,0.129661977291107,
1991-01-21,-3.85087633132935,6.07587766647339,0.453363984823227,
1991-01-22,-5.46490907669067,0.648422658443451,0.0762561708688736,
1991-01-23,-13.253607749939,0.314896076917648,0,
1991-01-24,-11.7780847549438,1.56371581554413,0.0921300798654556,
1991-01-25,-8.75606060028076,3.76658916473389,0.111327804625034,
1991-01-26,-6.81153249740601,6.15602350234985,0.119599416851997,
1991-01-27,-12.3399324417114,2.83518576622009,0.21546359360218,
1991-01-28,-19.1453895568848,0.457895845174789,0.0661002546548843,
1991-01-29,-20.5714263916016,0.0093644792214036,0.0365083888173103,
1991-01-30,-24.0968379974365,0.65079140663147,0.0186071041971445,
1991-01-31,-22.6658535003662,3.48327684402466,0.0889941155910492,
1991-02-01,-11.2385511398315,1.56107187271118,0.214371711015701,
1991-02-02,-5.45087289810181,0.297227919101715,0,
1991-02-03,-6.15841674804688,0,0.0767649263143539,
1991-02-04,-6.86029291152954,2.17638301849365,0.286121964454651,
1991-02-05,-0.495810389518738,1.34023785591126,0.520989060401917,
1991-02-06,-0.630711913108826,0.173926621675491,0.292958945035934,
1991-02-07,-2.0465772151947,0.162954181432724,0.333539217710495,
1991-02-08,-10.4760208129883,0.192292049527168,0.0348073095083237,
1991-02-09,-20.0819244384766,0.122071355581284,0.0944787934422493,
1991-02-10,-15.0914735794067,0.00562664261087775,0.159313082695007,
1991-02-11,-12.3331480026245,0.200789377093315,0.193794220685959,
1991-02-12,-12.4207725524902,0.925102055072784,0.146832853555679,
1991-02-13,-17.4222640991211,0.24145969748497,0.0484092943370342,
1991-02-14,-17.4536094665527,0.0592251196503639,0.234228491783142,
1991-02-15,-10.5513477325439,0.280994862318039,0.169539958238602,
1991-02-16,-10.9370498657227,2.44306325912476,0.123670466244221,
1991-02-17,-13.071141242981,1.79678797721863,0.147768154740334,
1991-02-18,-15.6459617614746,2.2729115486145,0.157313957810402,
1991-02-19,-17.2610149383545,5.95688247680664,0.186122387647629,
1991-02-20,-21.8144969940186,3.28150153160095,0.105698354542255,0.0116291602974285
1991-02-21,-23.3771266937256,0.970394253730774,0.109656922519207,0.0114221125211061
1991-02-22,-19.6797962188721,1.00808691978455,0.240127131342888,0.011180557296271
1991-02-23,-18.0966968536377,0.701447606086731,0.200808376073837,0.0110080179968767
1991-02-24,-13.2763700485229,0.771044194698334,0.293693512678146,0.0107664627720416
1991-02-25,-6.95828199386597,0,0.340803682804108,0.0105249075472065
1991-02-26,-7.45874643325806,0.250572800636292,0.214758217334747,0.0103523682478122
1991-02-27,-12.247296333313,1.86027503013611,0.173215344548225,0.0102833523223714
1991-02-28,-22.4680423736572,1.41362082958221,0.174788907170296,0.0101798279200025
1991-03-01,-27.5037975311279,0.343975394964218,0.125700667500496,0.010076304546049
1991-03-02,-23.9107475280762,0.290961176156998,0.160294726490974,0.00997278117209549
1991-03-03,-23.1398696899414,0.00414272351190448,0.183565244078636,0.00980024187270119
1991-03-04,-20.3923530578613,0.245146602392197,0.273681700229645,0.0096622100218196
1991-03-05,-24.263484954834,0.00502310832962394,0.183829009532928,0.00948967072242526
1991-03-06,-24.4601402282715,0.00239110365509987,0.250685185194016,0.00931713142303096
1991-03-07,-18.9524440765381,1.39035832881928,0.323106914758682,0.0091445910952213
1991-03-08,-11.2871446609497,3.65664601325989,0.463190227746964,0.008972051795827
1991-03-09,-11.9808645248413,2.38834428787231,0.294468551874161,0.00886852842187347
1991-03-10,-19.0855827331543,3.40467977523804,0.217502132058144,0.00879951249643267
1991-03-11,-21.9489479064941,0.401260524988174,0.254714757204056,0.00873049657099191
1991-03-12,-17.6908149719238,1.08850848674774,0.360792011022568,0.00866148064555111
1991-03-13,-13.2733497619629,0.00344388326629996,0.53540426492691,0.00859246523431797
1991-03-14,-8.17421340942383,0.0181089676916599,0.663914501667023,0.00852344930887718
1991-03-15,-5.59223747253418,0,0.599715948104858,0.00845443389764408
1991-03-16,-4.65381288528442,0.0139827951788902,0.775273323059082,0.00845443389764408
1991-03-17,-0.896599292755127,0.00625473540276289,0.809434115886688,0.00845443389764408
1991-03-18,-0.548279881477356,0,0.816612958908081,0.00855795727159758
1991-03-19,3.47750115394592,0.0816101655364037,0.844155192375183,0.00862697319703837
1991-03-20,1.31161725521088,0.00605459371581674,0.691893100738525,0.00879951249643267
1991-03-21,-0.167914107441902,0.310637921094894,0.500351190567017,0.008972051795827
1991-03-22,-2.18340492248535,2.73813676834106,0.658299744129181,0.008972051795827
1991-03-23,-10.189359664917,2.45519924163818,0.464885860681534,0.00879951249643267
1991-03-24,-16.910099029541,0.0671022981405258,0.507604718208313,0.00862697319703837
1991-03-25,-15.5007038116455,0.0927302837371826,0.556281447410584,0.00845443389764408
1991-03-26,-12.244029045105,0.703330874443054,0.563822627067566,0.00845443389764408
1991-03-27,-11.1443529129028,0.219758108258247,0.633153855800629,0.00845443389764408
1991-03-28,-8.89705562591553,0.0976379439234734,0.657103657722473,0.00845443389764408
1991-03-29,-2.4508330821991,0.281346946954727,0.966748774051666,0.00855795727159758
1991-03-30,-0.895460367202759,0.230799183249474,1.10556507110596,0.00862697319703837
1991-03-31,1.42969369888306,0.699818730354309,1.23918449878693,0.00869598912247917
1991-04-01,2.06787061691284,1.22678971290588,1.14713430404663,0.00876500504791997
1991-04-02,-0.322622090578079,0.028498575091362,1.19211208820343,0.00883402097336077
1991-04-03,-1.70034956932068,0.807208240032196,0.915024936199188,0.0089030358703862
1991-04-04,1.58219921588898,1.78576076030731,1.15038907527924,0.008972051795827
1991-04-05,0.942672669887543,0.0371041223406792,1.24373412132263,0.00917909957214937
1991-04-06,1.75986993312836,0.289460808038712,1.38457584381104,0.009524178170938
1991-04-07,1.73407638072968,0.264381110668182,1.16452705860138,0.0100072886206082
1991-04-08,1.67250835895538,0.104525558650494,1.35596358776093,0.0108699861459951
1991-04-09,1.56828892230988,0.364467620849609,1.38921928405762,0.0110425254453895
1991-04-10,0.71588146686554,0.454141944646835,1.3705016374588,0.0124228418973746
1991-04-11,-0.350577771663666,0.000497053028084338,1.47697997093201,0.0127679204961633
1991-04-12,2.92124891281128,0,1.7927987575531,0.0141482359197331
1991-04-13,4.9564471244812,1.09355819225311,1.71894943714142,0.0148383941457257
1991-04-14,1.79980480670929,0.373592227697372,0.852957487106323,0.0155975672687437
1991-04-15,0.550584733486176,0.119456060230732,1.60805702209473,0.0293317096926628
1991-04-16,1.00312507152557,0,1.67702400684357,0.0458954988891621
1991-04-17,1.04376018047333,0,1.88208425045013,0.0983474911553084
1991-04-18,5.68961954116821,0,2.25655198097229,0.121467781956114
1991-04-19,4.59542512893677,1.30204594135284,2.18153071403503,0.288140917944798
1991-04-20,3.55761361122131,0.0598260536789894,1.36285519599915,0.310571035093381
1991-04-21,1.48907124996185,1.42919161589816e-05,1.9916604757309,0.365783676718143
1991-04-22,3.66974759101868,0.000235746716498397,2.06713247299194,0.383037623112219
1991-04-23,3.99651455879211,0,2.1830735206604,0.717764143666158
1991-04-24,2.50330686569214,0.000516318599693477,2.13383150100708,1.0939002277119
1991-04-25,-0.231502860784531,0.0494254864752293,1.86964821815491,1.4458807604785
1991-04-26,0.0716533064842224,2.3131896398354e-07,1.8044285774231,1.80131202986905
1991-04-27,2.67983508110046,0.00755909038707614,1.67419481277466,1.85307386905128
1991-04-28,4.42291021347046,0.0614713691174984,1.75991344451904,1.77025487370484
1991-04-29,2.15949058532715,1.36500011649332e-06,2.39990401268005,1.70468995638965
1991-04-30,1.73728704452515,0,2.38296389579773,2.07392430391316
1991-05-01,2.01347303390503,0,2.44836831092834,2.10843219670131
1991-05-02,4.66842746734619,0,2.42114353179932,1.99110544020389
1991-05-03,5.45527315139771,0.0909136235713959,2.63860821723938,2.08772751368329
1991-05-04,5.69766855239868,0.182742759585381,2.89742040634155,2.26716845087195
1991-05-05,6.99926996231079,0,3.32566809654236,2.54668259307546
1991-05-06,7.57220792770386,0,3.38732481002808,2.85380262827056
1991-05-07,8.99719142913818,0,3.64761114120483,3.08500566791579
1991-05-08,10.4934120178223,0.0780042558908463,3.28200125694275,3.20923402929828
1991-05-09,10.4508695602417,1.39984986162744e-05,3.53949308395386,3.2299387123163
1991-05-10,11.4136400222778,0.338616669178009,4.30010747909546,3.12296429732789
1991-05-11,12.0139484405518,0,4.49954843521118,2.92281841384687
1991-05-12,14.1687316894531,0,5.00360155105591,2.7054188472461
1991-05-13,12.1415681838989,0,3.20511317253113,2.47076507097692
1991-05-14,10.0504808425903,3.54827213287354,2.13353896141052,2.263717714248
1991-05-15,9.11232852935791,10.6782245635986,0.46144911646843,2.03941641112501
1991-05-16,8.53303241729736,1.8631237745285,2.92336368560791,2.2257590848359
1991-05-17,12.8884115219116,0.137879058718681,4.48472690582275,2.12223540647144
1991-05-18,13.6512117385864,4.91643285751343,3.59650325775147,2.0014577817129
1991-05-19,12.6013889312744,0.380567699670792,3.92501902580261,1.9324419961366
1991-05-20,12.7716646194458,5.34301805496216,2.95085954666138,1.91173731311857
1991-05-21,7.86595487594604,2.80882096290588,2.54782629013062,1.9324419961366
1991-05-22,2.76030492782593,2.82033824920654,1.62376189231873,1.81856597626312
1991-05-23,1.6909853219986,2.21981143951416,1.55292093753815,1.73574698091669
1991-05-24,4.17171239852905,0.0220807604491711,2.98436212539673,1.63222330255223
1991-05-25,5.90176868438721,1.04280292987823,3.12930583953857,1.55285517546691
1991-05-26,8.2860803604126,2.78551244735718,2.53831267356873,1.4838393898906
1991-05-27,8.33127880096436,0.0421500168740749,3.45157599449158,1.40102039454417
1991-05-28,12.0158176422119,0.0485725626349449,4.47730302810669,1.356160160247
1991-05-29,14.9028377532959,0.0467929728329182,5.04055118560791,1.2595380867676
1991-05-30,11.720874786377,0.554875373840332,4.59075450897217,1.2284809306034
1991-05-31,9.9730052947998,0.382164984941483,4.61789560317993,1.18362069630623
1991-06-01,6.97682952880859,0.302362531423569,4.21053314208984,1.10770330584486
1991-06-02,8.53769493103027,0.188927337527275,4.27240991592407,1.0352367836446
1991-06-03,8.23538494110107,2.72037863731384,2.27298259735107,0.931713105280144
1991-06-04,8.04994010925293,9.18877601623535,0.961625158786774,0.873049661212849
1991-06-05,10.1801662445068,2.44037961959839,3.05134201049805,0.873049661212849
1991-06-06,14.1739625930786,0,5.49681520462036,0.873049661212849
1991-06-07,16.1428413391113,0.26346755027771,4.69060182571411,0.838541768424696
1991-06-08,14.2769260406494,2.69595885276794,2.46468043327332,0.79368153412753
1991-06-09,9.52862453460693,0.661311209201813,4.11117649078369,0.7419196949453
1991-06-10,11.6609306335449,4.18242311477661,2.6688175201416,0.728116550993754
1991-06-11,13.4517831802368,6.99550819396973,2.16184401512146,0.717764143666158
1991-06-12,10.3506698608398,11.3616199493408,0.246691912412643,0.731567353436289
1991-06-13,8.32689189910889,8.80817699432373,1.16309833526611,0.935163907722675
1991-06-14,10.3467674255371,14.9731121063232,1.3659211397171,1.59081380487901
1991-06-15,10.6020631790161,2.82361149787903,1.86612248420715,2.16364490414466
1991-06-16,11.4284334182739,1.48425912857056,2.50988817214966,2.263717714248
1991-06-17,11.058554649353,5.10192632675171,2.22040700912476,2.03596567450106
1991-06-18,12.001953125,0.0830831229686737,3.95471978187561,1.76335326881978
1991-06-19,14.1555919647217,1.77126383781433,4.60422277450562,1.55285517546691
1991-06-20,14.0145092010498,15.4942035675049,2.58911561965942,1.35270942362305
1991-06-21,11.9096832275391,2.39509034156799,3.8802387714386,1.24228414037353
1991-06-22,12.6257228851318,1.95627844333649,3.71005344390869,1.34235708211404
1991-06-23,13.9069557189941,2.66459965705872,3.80501770973206,1.27679203316168
1991-06-24,13.744912147522,0.0546372011303902,5.04570531845093,1.2215794573555
1991-06-25,15.598952293396,0.0292166899889708,4.97321557998657,1.14566206689413
1991-06-26,14.9776496887207,4.05540227890015,4.27638339996338,1.13876046200907
1991-06-27,15.0896396636963,6.15844202041626,3.69043302536011,1.05939233492375
1991-06-28,15.9386796951294,0.390246123075485,4.5228328704834,1.04558912515362
1991-06-29,17.548210144043,6.82797193527222,3.66088581085205,1.10080176677838
1991-06-30,16.5074920654297,4.0092134475708,2.73041749000549,1.06974467643276
1991-07-01,15.9535617828369,3.81065249443054,2.87863492965698,1.0352367836446
1991-07-02,17.0105228424072,0.380139321088791,4.54889726638794,1.01108123236546
1991-07-03,16.7460517883301,5.10721492767334,3.54477477073669,0.97657333957731
1991-07-04,15.3680620193481,2.04299759864807,2.18348026275635,0.959319393183233
1991-07-05,13.4907693862915,0,3.75934410095215,0.928262302837614
1991-07-06,7.39021158218384,0.269815921783447,2.76093292236328,0.966220998068298
1991-07-07,7.35411310195923,0.251189470291138,2.81580281257629,0.914459158886068
1991-07-08,11.5916194915771,2.50271725654602,4.65278196334839,0.797132336570062
1991-07-09,11.602931022644,1.2217218875885,2.25284004211426,0.759173641339377
1991-07-10,10.0002040863037,0.974918782711029,2.26580548286438,0.700510197272082
1991-07-11,13.4605236053467,2.27311968803406,4.00234174728394,0.666002304483928
1991-07-12,15.4574308395386,3.62680840492249,3.16459798812866,0.652199160532386
1991-07-13,15.9794692993164,4.12789440155029,4.0127215385437,0.634945214138309
1991-07-14,15.4095449447632,20.8397903442383,1.58204805850983,0.686707053320539
1991-07-15,14.7673177719116,6.92999505996704,1.49167454242706,1.04213838852967
1991-07-16,14.4782810211182,12.5074491500855,2.25681734085083,1.33545547722897
1991-07-17,14.5703792572021,3.13568377494812,3.21965432167053,1.50799494116974
1991-07-18,13.3609399795532,2.96689629554749,3.11479353904724,1.7460993224257
1991-07-19,13.0317087173462,0.824263572692871,4.26267290115356,1.33200460896786
1991-07-20,11.8583993911743,4.75639200210571,2.62596225738525,1.20432551096142
1991-07-21,12.02907371521,1.07983839511871,3.47299408912659,1.13876046200907
1991-07-22,13.9446020126343,0.351108640432358,4.25972366333008,1.0939002277119
1991-07-23,17.3547267913818,0,5.08014678955078,1.01798283725053
1991-07-24,19.6710052490234,0,5.38235950469971,0.928262302837614
1991-07-25,20.2680683135986,0.0504938215017319,5.83149337768555,0.866148122146368
1991-07-26,18.068811416626,4.08175849914551,3.35447001457214,0.821287822030619
1991-07-27,14.7588186264038,1.64510834217072,4.1675066947937,0.783329192618519
1991-07-28,12.666633605957,4.11034250259399,3.96214246749878,0.7419196949453
1991-07-29,12.1476697921753,2.186931848526,3.64108514785767,0.700510197272082
1991-07-30,11.2002792358398,5.46493053436279,2.18239045143127,0.659100765417447
1991-07-31,12.1709690093994,0.28376778960228,3.21556949615479,0.628043675071828
1991-08-01,14.2725210189819,0.636475384235382,3.5662670135498,0.600437321350155
1991-08-02,16.0051040649414,0.042812779545784,4.38280153274536,0.593535782283675
1991-08-03,17.661434173584,0.000852537748869509,5.22212839126587,0.572831033447064
1991-08-04,19.5862121582031,0.0749687626957893,4.95151710510254,0.552126284610456
1991-08-05,18.9596748352051,7.26137018203735,3.67221093177795,0.510716819846531
1991-08-06,14.7355575561523,2.19940280914307,2.49258613586426,0.510716819846531
1991-08-07,14.3438835144043,1.96032869815826,2.76995158195496,0.476208927058378
1991-08-08,19.131534576416,1.0046763420105,4.53997850418091,0.43825023182769
1991-08-09,19.7768325805664,0.6512131690979,4.7136344909668,0.414094713457842
1991-08-10,17.7626304626465,5.58771848678589,2.29432797431946,0.43479946229445
1991-08-11,18.01735496521,0.0277604442089796,4.14934349060059,0.424447087876148
1991-08-12,17.9191265106201,0,4.12588930130005,0.414094713457842
1991-08-13,18.589656829834,0,4.23775148391724,0.403742339039536
1991-08-14,18.8840045928955,0.312662661075592,3.09302639961243,0.38648839264546
1991-08-15,18.7222595214844,0.508306562900543,3.9269871711731,0.365783676718143
1991-08-16,16.603853225708,0.880799293518066,3.770259141922,0.355431302299841
1991-08-17,17.4838256835938,0.263348340988159,3.64464044570923,0.348529730324066
1991-08-18,18.0326366424561,0.0286494456231594,4.46379327774048,0.358882071833081
1991-08-19,14.5692873001099,5.00812578201294,2.0218243598938,0.358882071833081
1991-08-20,9.77853393554688,5.90956354141235,0.614107489585877,0.337142128336719
1991-08-21,8.61909008026123,1.75705373287201,0.785218596458435,0.310571035093381
1991-08-22,9.32520484924316,2.27626705169678,1.63927924633026,0.269851727527033
1991-08-23,10.6137409210205,9.69404315948486,2.27333879470825,0.262605068725149
1991-08-24,10.518177986145,4.03423547744751,2.75875210762024,0.286415516723532
1991-08-25,9.91157913208008,1.23491716384888,2.81524038314819,0.317472607069154
1991-08-26,8.23794269561768,5.97583723068237,0.663428425788879,0.351980499857306
1991-08-27,4.86839866638184,7.28163814544678,1.4257003068924,0.414094713457842
1991-08-28,7.19024991989136,3.31341361999512,0.66728276014328,0.403742339039536
1991-08-29,7.24021196365356,0.389696002006531,1.20856654644012,0.431348659851919
1991-08-30,9.36691188812256,0.51037585735321,1.28486120700836,0.414094713457842
1991-08-31,11.4227771759033,1.49367082118988,2.33966517448425,0.396840767063765
1991-09-01,9.32879447937012,6.95360708236694,0.33357435464859,0.379586820669689
1991-09-02,7.34136247634888,5.80601739883423,1.96952056884766,0.369234446251383
1991-09-03,5.38328218460083,0.616121292114258,1.43711030483246,0.358882071833081
1991-09-04,5.74483966827393,0.0805800929665566,1.78007078170776,0.339557670300917
1991-09-05,7.17379760742188,0.16109225153923,1.69027924537659,0.322993864649772
1991-09-06,4.42276334762573,0.476451426744461,2.3712944984436,0.289176145513841
1991-09-07,4.04623126983643,7.61419486999512,0.380980759859085,0.262259981899038
1991-09-08,4.86181020736694,0.952306568622589,0.794286370277405,0.27951394474776
1991-09-09,7.23440265655518,0.19854947924614,1.99394929409027,0.299873573848966
1991-09-10,9.54505825042725,0.0783492848277092,2.06443667411804,0.270886955096076
1991-09-11,9.70969772338867,0,0.77247017621994,0.26156982470146
1991-09-12,9.60258865356445,1.72812306880951,1.02201294898987,0.260534597132417
1991-09-13,8.65669631958008,2.58777523040772,0.622925281524658,0.260534597132417
1991-09-14,5.78114223480225,0.761173963546753,0.672070622444153,0.263985383120303
1991-09-15,3.89860153198242,1.38693523406982,0.660051286220551,0.266746011910612
1991-09-16,2.47608828544617,1.23694086074829,1.1396461725235,0.265710767886924
1991-09-17,1.43689548969269,0.0302365161478519,1.60814738273621,0.265020610689346
1991-09-18,3.80707550048828,0.002342444146052,1.46491730213165,0.263295225922726
1991-09-19,8.1864595413208,0.910191655158997,1.75681984424591,0.252597781132956
1991-09-20,5.81989622116089,1.80576229095459,1.00961589813232,0.248456821492847
1991-09-21,4.53594446182251,0.0408496111631393,1.05642545223236,0.24328065073834
1991-09-22,4.07484865188599,0.126941159367561,1.24768722057343,0.239484777924343
1991-09-23,4.03758764266968,0.14152854681015,0.826080918312073,0.228787333134573
1991-09-24,8.42135524749756,0.150174021720886,1.95886969566345,0.226371774715729
1991-09-25,6.77017402648926,0.000342600716976449,0.721585392951965,0.221195587506577
1991-09-26,7.09075975418091,0,1.42097389698029,0.207047356728921
1991-09-27,8.44945430755615,0.0077319797128439,1.51682150363922,0.196694982310617
1991-09-28,7.56551027297974,11.1292352676392,1.34263396263123,0.189793410334844
1991-09-29,4.7856616973877,3.94378018379211,1.17016410827637,0.192554039125153
1991-09-30,2.3905770778656,1.34686946868896,0.899370133876801,0.196694982310617
1991-10-01,1.36133027076721,0.0761221349239349,0.689478099346161,0.200835941950726
1991-10-02,0.782343983650208,0,0.71145099401474,0.203596570741035
1991-10-03,-0.263978362083435,0.149537980556488,0.822323381900787,0.207737513926498
1991-10-04,-0.185016125440598,3.26147419400513e-05,0.937258005142212,0.204976885136189
1991-10-05,3.72011208534241,0,0.962539792060852,0.196694982310617
1991-10-06,5.3744797706604,0.607379257678986,1.1065319776535,0.192554039125153
1991-10-07,5.14316463470459,1.20467627048492,1.44186758995056,0.191173724729999
1991-10-08,2.48366069793701,0.275158792734146,1.27770674228668,0.182891838359072
1991-10-09,2.2487359046936,0.89079076051712,0.96570897102356,0.189793410334844
1991-10-10,5.51143312454224,0.0171709433197975,0.724455833435059,0.17184930674319
1991-10-11,4.86895084381104,8.40009307861328,0.264387607574463,0.156665831941845
1991-10-12,1.38960838317871,10.8100185394287,0.174499362707138,0.150109330337539
1991-10-13,-2.30047416687012,2.04059958457947,0.472974509000778,0.155285517546691
1991-10-14,-2.45730710029602,3.13199591636658,0.217209488153458,0.189793410334844
1991-10-15,-1.37005865573883,4.43135118484497,0.45358544588089,0.275027898281539
1991-10-16,-8.28633594512939,0.804708242416382,0.348373711109161,0.283309801107112
1991-10-17,-12.1450986862183,0.428074806928635,0.277525156736374,0.288140917944798
1991-10-18,-11.2474565505981,0.00123372511006892,0.29574453830719,0.180131193114117
1991-10-19,-8.52458763122559,2.50756287574768,0.395602524280548,0.193244196322731
1991-10-20,-3.06471657752991,0.585007786750794,0.294071942567825,0.213948928704694
1991-10-21,-7.92660570144653,1.224573969841,0.338702589273453,0.210498142716807
1991-10-22,-13.4953870773315,0.0313323549926281,0.186800420284271,0.199455627555571
1991-10-23,-10.6515455245972,0.00592550961300731,0.222082868218422,0.181511523963917
1991-10-24,-12.1136751174927,0.716427505016327,0.214681789278984,0.161496932324886
1991-10-25,-13.9205369949341,0.259830832481384,0.142586067318916,0.146313457523541
1991-10-26,-20.5479602813721,0.108029969036579,0.10024332255125,0.129404597955576
1991-10-27,-18.5104236602783,0.551756203174591,0.192490369081497,0.113876044555442
1991-10-28,-17.7621612548828,0.0692462772130966,0.123304784297943,0.0993827351789971
1991-10-29,-17.1548328399658,0.0569092482328415,0.114557012915611,0.0924811549759017
1991-10-30,-15.1117715835571,0,0.206888630986214,0.0817837019588088
1991-10-31,-17.5593528747559,0.12143911421299,0.132769584655762,0.0759173657794024
1991-11-01,-17.9523067474365,7.30852605101973e-08,0.108541563153267,
1991-11-02,-17.629035949707,1.47130722325528e-05,0.22372929751873,
1991-11-03,-13.0705184936523,0.237257555127144,0.156393080949783,
1991-11-04,-16.3372402191162,0.0464179888367653,0.151853248476982,
1991-11-05,-21.2190685272217,0,0.0731960460543633,
1991-11-06,-18.5860786437988,0.00438581127673388,0.114186123013496,
1991-11-07,-14.7988395690918,5.75630140304565,0.14598174393177,
1991-11-08,-16.7853183746338,5.23309898376465,0.0868644788861275,
1991-11-09,-15.4889345169067,2.2719841003418,0.0893495604395866,
1991-11-10,-10.174919128418,3.57359719276428,0.0743082165718079,
1991-11-11,-8.9083948135376,2.21806144714355,0.12329912930727,
1991-11-12,-8.08503437042236,0.907689034938812,0.0701185315847397,
1991-11-13,-12.388934135437,1.90094208717346,0.0489734411239624,
1991-11-14,-15.0535001754761,1.70915544033051,0.00833012629300356,
1991-11-15,-11.2488498687744,2.65550780296326,0.192871809005737,
1991-11-16,-7.50441026687622,0.546352624893189,0,
1991-11-17,-14.4692907333374,2.77419066429138,0.0878983810544014,
1991-11-18,-13.1368274688721,2.11729145050049,0.0611467696726322,
1991-11-19,-13.8078165054321,0.398738026618958,0.0647371336817741,
1991-11-20,-11.4582529067993,2.90222954750061,0.124142028391361,
1991-11-21,-10.1605701446533,0.66810804605484,0.0544224865734577,
1991-11-22,-11.1279630661011,0.24419991672039,0.0175902117043734,
1991-11-23,-9.89803791046143,0.371917635202408,0.124139718711376,
1991-11-24,-9.08512401580811,0.130130618810654,0.000885563204064965,
1991-11-25,-10.2379751205444,0.0152365751564503,0.00221879221498966,
1991-11-26,-13.4797163009644,0.343827605247498,0,
1991-11-27,-11.4986591339111,0.177847340703011,0,
1991-11-28,-16.1848182678223,1.70255196094513,0.117937423288822,
1991-11-29,-22.8638477325439,0.184882327914238,0.00691756187006831,
1991-11-30,-24.6723899841309,1.43856048583984,0.0226245187222958,
1991-12-01,-25.4628162384033,1.77164196968079,0.0999161824584007,
1991-12-02,-26.732982635498,0.906340181827545,0.00498179160058498,
1991-12-03,-30.8507556915283,0.040503166615963,0.0113110886886716,
1991-12-04,-27.2235660552979,2.93443584442139,0.0486083142459393,
1991-12-05,-24.7736644744873,3.4651575088501,0.0703284069895744,
1991-12-06,-23.2833499908447,4.7766580581665,0.0516558885574341,
1991-12-07,-24.0286502838135,1.92365348339081,0.015138266608119,
1991-12-08,-24.6306171417236,1.69622659683228,0.00524528510868549,
1991-12-09,-19.7971248626709,7.38424682617188,0.118936531245708,
1991-12-10,-18.7467384338379,0.16585285961628,0.0187231842428446,
1991-12-11,-18.974739074707,0.50988095998764,0,
1991-12-12,-24.6881561279297,1.79101228713989,0.0159681979566813,
1991-12-13,-26.0521812438965,0.99356085062027,0,
1991-12-14,-21.134126663208,0.241741999983788,0.0232841782271862,
1991-12-15,-13.5895414352417,0.84681236743927,0.162731155753136,
1991-12-16,-13.6461744308472,0.0360384657979012,0.0424034595489502,
1991-12-17,-14.8486547470093,0,0.0937748178839684,
1991-12-18,-9.730788230896,0.104529574513435,0.374737113714218,
1991-12-19,-10.1177730560303,1.07763421535492,0.0490206032991409,
1991-12-20,-12.188419342041,5.30681896209717,0.0644166544079781,
1991-12-21,-14.5629081726074,2.84502339363098,0.0581055544316769,
1991-12-22,-15.8877811431885,0.712264120578766,0.017644003033638,
1991-12-23,-6.89067459106445,0.00681921280920506,0.125497490167618,
1991-12-24,-7.66740655899048,0.390323311090469,0.0438949093222618,
1991-12-25,-9.96851634979248,0.0771546065807343,0,
1991-12-26,-8.03667068481445,0.141075417399406,0.0517330095171928,
1991-12-27,-5.44076347351074,0.0884804055094719,0,
1991-12-28,-5.29154300689697,0,0.130725771188736,
1991-12-29,-5.75444459915161,0.000728037150111049,0,
1991-12-30,-9.12566184997559,0.289289087057114,0.03435979783535,
1991-12-31,-8.95487308502197,0.0843986421823502,0.0340894758701324,
1992-01-01,-8.97721767425537,0.0653430745005608,0,
1992-01-02,-6.18666887283325,0.163859412074089,0,
1992-01-03,-9.83400344848633,0,0,
1992-01-04,-16.3123264312744,0,0,
1992-01-05,-19.0396785736084,0.000776059925556183,0.024487717077136,
1992-01-06,-16.4950065612793,0.00885342340916395,0.0267206039279699,
1992-01-07,-17.9296703338623,0.000227308380999602,0,
1992-01-08,-15.1487350463867,0.215044409036636,0.0914197936654091,
1992-01-09,-10.5393285751343,0.439404040575027,0.093951404094696,
1992-01-10,-7.84460020065308,3.07490372657776,0.0332475490868092,
1992-01-11,-10.8199605941772,0.624090194702148,0,
1992-01-12,-17.8994483947754,0.22823503613472,0,
1992-01-13,-21.3006992340088,0.904636561870575,0.0198868606239557,
1992-01-14,-23.9531402587891,0.470386326313019,0.0389223396778107,
1992-01-15,-15.4520673751831,1.49218249320984,0.080861821770668,
1992-01-16,-24.6931953430176,0.540104806423187,0.0319619737565517,
1992-01-17,-22.778923034668,1.11212408542633,0.0688672661781311,
1992-01-18,-16.6013870239258,0.0306785888969898,0.101186253130436,
1992-01-19,-11.1478309631348,1.4281747341156,0.187568217515945,
1992-01-20,-11.2582807540894,0.0126731349155307,0.00734645873308182,
1992-01-21,-13.4734172821045,0.449314445257187,0.00797995179891586,
1992-01-22,-19.9527530670166,0.212873801589012,0,
1992-01-23,-24.7653141021729,0.422390043735504,0.0532710775732994,
1992-01-24,-22.9754753112793,1.33570051193237,0.0336802639067173,
1992-01-25,-25.555248260498,2.19453191757202,0.0591301172971726,
1992-01-26,-19.9001865386963,0.812348484992981,0.0812979489564896,
1992-01-27,-13.790901184082,0.162946194410324,0.0645900145173073,
1992-01-28,-13.7301359176636,1.34735333919525,0.103502944111824,
1992-01-29,-12.0847721099854,0.748509109020233,0.0468137040734291,
1992-01-30,-8.38990497589111,5.90193891525269,0.207808554172516,
1992-01-31,-6.6712007522583,0.0965294167399406,0,
1992-02-01,-13.5605573654175,3.41269111633301,0.0851869881153107,
1992-02-02,-16.2834434509277,2.39448618888855,0.0309705547988415,
1992-02-03,-9.51087284088135,0.28745824098587,0.20270536839962,
1992-02-04,-6.52290534973145,1.29436874389648,0,
1992-02-05,-9.58742523193359,0.0145230675116181,0,
1992-02-06,-14.7367334365845,0.0186969563364983,0.0410431511700153,
1992-02-07,-15.581000328064,3.41214942932129,0.102241896092892,
1992-02-08,-18.7933197021484,3.38795351982117,0.133479833602905,
1992-02-09,-25.8144702911377,0.030986936762929,0.0569570325314999,
1992-02-10,-29.0596141815186,1.06436782516539e-05,0.037345327436924,
1992-02-11,-24.6665325164795,0,0.0992731004953384,
1992-02-12,-21.0794067382812,0.207536056637764,0.0940849483013153,
1992-02-13,-18.7183876037598,0.316771954298019,0.133693441748619,
1992-02-14,-17.1356792449951,0.24035519361496,0.123802445828915,
1992-02-15,-14.6232032775879,0.416051685810089,0.134142085909843,
1992-02-16,-15.3440818786621,3.62090134620667,0.176368340849876,
1992-02-17,-17.5459957122803,2.59120082855225,0.153436735272408,
1992-02-18,-20.4792976379395,1.66488289833069,0.129095211625099,
1992-02-19,-23.0109539031982,3.5760989189148,0.152434125542641,
1992-02-20,-23.468090057373,2.77590227127075,0.10593593120575,0.0336797037396947
1992-02-21,-26.7049770355225,1.11151504516602,0.115212738513947,0.0331275763361683
1992-02-22,-21.0208148956299,2.05196118354797,0.187948822975159,0.0326099584379854
1992-02-23,-17.3389129638672,0.178060472011566,0.26148247718811,0.0320923405398024
1992-02-24,-9.77082824707031,0.0958743542432785,0.437821358442307,0.0315747226416195
1992-02-25,0.015393833629787,0.00153255288023502,0.533484995365143,0.0310571026866059
1992-02-26,5.61273813247681,0.000407172163249925,0.415645509958267,0.0310571026866059
1992-02-27,2.78219723701477,0.0428966395556927,0.680404603481293,0.0324374191385911
1992-02-28,1.49343931674957,0,0.4347864985466,0.0336451962911819
1992-02-29,1.79814851284027,0.182457327842712,0.483490943908691,0.0552126292837779
1992-03-01,-4.10010576248169,0.0102657377719879,0.369476437568665,0.0517618391822302
1992-03-02,-5.58050918579102,0.017248248681426,0.331489354372025,0.0483110490806825
1992-03-03,-7.76790714263916,0,0.387176424264908,0.0517618391822302
1992-03-04,-9.87972164154053,3.85335779190064,0.408612728118897,0.0448602589791348
1992-03-05,-11.8060092926025,0.482793986797333,0.311027318239212,0.0396840758836442
1992-03-06,-16.0025272369385,6.16506147384644,0.269217312335968,0.0362332857820965
1992-03-07,-18.1257305145264,1.58142399787903,0.278058856725693,0.0338177355905762
1992-03-08,-18.4087810516357,0.215932697057724,0.355194240808487,0.0324374191385911
1992-03-09,-10.522313117981,0.0544121041893959,0.616493225097656,0.0310571026866059
1992-03-10,-2.72753119468689,1.10781897433299e-07,0.589639365673065,0.0320923405398024
1992-03-11,1.17559587955475,0.171943038702011,0.640344262123108,0.0345078927881535
1992-03-12,-0.18951378762722,0,0.628122866153717,0.0362332857820965
1992-03-13,-0.703326404094696,0,0.591509521007538,0.0396840758836442
1992-03-14,0.462444871664047,0.00586521625518799,0.890311539173126,0.0414094729912489
1992-03-15,-3.61605596542358,0.558564364910126,0.539055705070496,0.0379586828897012
1992-03-16,-12.486475944519,0.0101713193580508,0.445221602916718,0.0396840758836442
1992-03-17,-9.01400852203369,0.0339151322841644,0.67085862159729,0.0362332857820965
1992-03-18,-9.00180816650391,0.0514656640589237,0.677405893802643,0.0327824977373797
1992-03-19,-4.96975374221802,0.00439325952902436,0.688978672027588,0.0317472619410138
1992-03-20,-2.60661911964417,0,0.825575649738312,0.0310571026866059
1992-03-21,2.42886638641357,0,1.0949958562851,0.0310571026866059
1992-03-22,3.81367230415344,0.500348567962647,1.1252349615097,0.0310571026866059
1992-03-23,-2.28012561798096,4.23064041137695,0.587945640087128,0.0317472619410138
1992-03-24,-6.82634544372559,0.0815423801541328,0.839192152023315,0.0327824977373797
1992-03-25,-0.34920996427536,0,0.99431437253952,0.0339902748899706
1992-03-26,2.07167172431946,0.0542721822857857,1.14057147502899,0.0379586828897012
1992-03-27,1.20002901554108,6.98037719726563,0.420269370079041,0.0431348659851919
1992-03-28,-1.70938265323639,0.775565207004547,0.625243842601776,0.0500364461882873
1992-03-29,-5.59089517593384,0.0119163636118174,0.782926917076111,0.0552126292837779
1992-03-30,-5.64738416671753,0.553140044212341,1.03594875335693,0.0510716819846531
1992-03-31,-0.384442776441574,0.887206554412842,1.07124507427216,0.0541773934874121
1992-04-01,3.63387942314148,0,1.16497027873993,0.0483110490806825
1992-04-02,5.51802492141724,3.76252150535584,1.07727921009064,0.0441701017815577
1992-04-03,1.79394829273224,0.256040185689926,1.06003415584564,0.0343353534887592
1992-04-04,-3.62890791893005,0,0.918426871299744,0.0351980499857306
1992-04-05,-7.43946981430054,0.0418856181204319,0.95190817117691,0.0379586828897012
1992-04-06,-6.81503677368164,0.754260778427124,0.747982323169708,0.0414094729912489
1992-04-07,-7.14689350128174,0.32476481795311,0.618631362915039,0.0465856560867396
1992-04-08,-12.7176666259766,0.237465113401413,0.668344259262085,0.0534872321761732
1992-04-09,-16.8272609710693,0.00831238273531199,0.625810742378235,0.0586634193853256
1992-04-10,-17.7807674407959,0.188449397683144,0.62806624174118,0.0603888123792686
1992-04-11,-14.586766242981,0.0323926396667957,0.896263778209686,0.0579732580740868
1992-04-12,-5.71284627914429,0,1.41138303279877,0.0500364461882873
1992-04-13,-1.45211052894592,0.000248342083068565,1.70619678497314,0.0414094729912489
1992-04-14,0.234268084168434,0.00119718385394663,1.60206520557404,0.0417545515900373
1992-04-15,2.14234614372253,0.000248003489105031,1.96786093711853,0.0458954988891621
1992-04-16,6.87250804901123,1.44811119753285e-05,2.23588228225708,0.0559027864813551
1992-04-17,0.996653616428375,0,1.83424806594849,0.0772976801745566
1992-04-18,-4.65610265731812,0.176307037472725,1.32302296161652,0.130439833751941
1992-04-19,-2.1275327205658,0.0441570803523064,1.77734649181366,0.293317088699305
1992-04-20,3.30345225334167,0.0250372942537069,2.07782793045044,0.562478626119468
1992-04-21,3.51907277107239,0.0396429151296616,2.28815531730652,0.959319393183233
1992-04-22,4.7554726600647,0.331043303012848,2.43195772171021,1.16636674991215
1992-04-23,3.30223393440247,0.0585502348840237,1.30920553207397,1.80476276649299
1992-04-24,3.4165141582489,0.00480665499344468,2.06833124160767,1.80821363475411
1992-04-25,5.55442476272583,0.170728102326393,2.3560745716095,1.69778835150459
1992-04-26,9.54682922363281,1.11296701431274,1.9848198890686,1.7460993224257
1992-04-27,5.65788555145264,0.239162147045136,1.59614765644073,1.90828644485745
1992-04-28,3.41508102416992,0.179273128509521,2.1426146030426,2.34998744621839
1992-04-29,4.00361824035645,1.06771850585938,2.47543358802795,2.01526099148303
1992-04-30,5.9238600730896,1.63149809837341,1.50463497638702,1.80476276649299
1992-05-01,1.75121653079987,9.04792785644531,0.836348533630371,1.72539463940767
1992-05-02,3.32206392288208,1.90352582931519,2.196209192276,1.75300092731076
1992-05-03,6.41091203689575,0.0627330243587494,3.095782995224,1.84272152754226
1992-05-04,10.7158880233765,0,4.35614919662476,1.65637885383137
1992-05-05,9.01498413085938,2.35547780990601,2.14055228233337,1.53905196569678
1992-05-06,3.02385997772217,2.77721118927002,1.2662764787674,1.44933149710245
1992-05-07,4.16840982437134,0.0319291055202484,2.70695805549622,1.34235708211404
1992-05-08,2.79087114334106,5.51153755187988,1.00115633010864,1.27679203316168
1992-05-09,4.01192140579224,1.57854342460632,2.52310752868652,1.21812858909438
1992-05-10,3.89237594604492,0.215090945363045,1.9640474319458,1.23193179886451
1992-05-11,0.705409288406372,0.521163284778595,1.54409658908844,1.34235708211404
1992-05-12,1.67523503303528,0.987765431404114,2.55991721153259,1.21467785247044
1992-05-13,4.65920305252075,2.05843114852905,2.48641276359558,1.12495725223894
1992-05-14,3.13849282264709,1.94651556015015,1.66675877571106,1.08009701794177
1992-05-15,0.969839334487915,1.75164330005646,2.71435594558716,1.05594153248121
1992-05-16,3.44219970703125,2.71754479408264,2.58859252929688,1.04213838852967
1992-05-17,2.94481348991394,2.81673359870911,1.6200977563858,1.01108123236546
1992-05-18,0.198925793170929,1.98665404319763,0.966777086257935,1.02488444213559
1992-05-19,-1.01777029037476,1.05685520172119,2.20667386054993,1.13530972538512
1992-05-20,-0.0933872684836388,0.764333307743073,2.48019671440125,1.10080176677838
1992-05-21,0.343029618263245,3.42983770370483,1.67924726009369,1.06629387399023
1992-05-22,0.794135987758636,0.0657814890146256,2.45459461212158,1.04903992759615
1992-05-23,5.47774219512939,0,3.35784220695496,1.06974467643276
1992-05-24,9.30719947814941,0,4.256667137146,1.30094758444082
1992-05-25,12.7033185958862,0,4.71546602249146,1.35270942362305
1992-05-26,13.4258813858032,1.18824827671051,3.49792194366455,1.27679203316168
1992-05-27,11.1365327835083,2.3737165927887,4.21277618408203,1.16636674991215
1992-05-28,9.91918277740479,1.86401057243347,3.2988646030426,1.15601440840314
1992-05-29,9.52823066711426,1.2406929731369,3.93342304229736,1.08699862282684
1992-05-30,10.8582735061646,1.60874354839325,3.1438319683075,1.04558912515362
1992-05-31,11.919529914856,0.681391358375549,2.40611934661865,1.00072889085645
1992-06-01,13.2715749740601,1.18399333953857,3.31443452835083,1.08699862282684
1992-06-02,11.0445346832275,0.552037596702576,3.49779295921326,0.928262302837614
1992-06-03,6.94693231582642,0.769365549087524,1.21395266056061,0.911008356443537
1992-06-04,7.21115064620972,3.3923487663269,1.39100670814514,0.859246517261306
1992-06-05,8.31452465057373,0.0642673224210739,3.42331647872925,0.814386282964138
1992-06-06,10.9054498672485,3.69614887237549,3.58607316017151,0.807484678079076
1992-06-07,9.87179756164551,0.0493180453777313,1.94074785709381,0.779878390175985
1992-06-08,9.28629970550537,8.44480991363525,1.72067868709564,0.852344978194826
1992-06-09,10.5053453445435,0.55563223361969,2.63353824615479,1.37686497490219
1992-06-10,7.71798086166382,0,2.22149324417114,2.12913701135651
1992-06-11,10.9851560592651,0,4.74346160888672,1.75300092731076
1992-06-12,13.6555290222168,0,5.0615668296814,1.38031571152614
1992-06-13,15.8946189880371,5.27399848238019e-08,5.47962760925293,1.23883340374958
1992-06-14,17.2516632080078,0.0237569604068995,5.70241975784302,1.0939002277119
1992-06-15,17.3206539154053,0.382079422473907,5.41946220397949,1.00417969329898
1992-06-16,17.0810527801514,1.28318583965302,4.17054224014282,0.966220998068298
1992-06-17,10.1939449310303,1.50934791564941,1.25523602962494,0.928262302837614
1992-06-18,9.04310894012451,0.971124887466431,2.19266200065613,0.852344978194826
1992-06-19,11.0159883499146,2.49274611473084,2.25370526313782,0.804033875636542
1992-06-20,13.6815576553345,6.43665647506714,2.03001379966736,0.79368153412753
1992-06-21,13.9945211410522,6.36140203475952,3.30963945388794,0.807484678079076
1992-06-22,14.0454511642456,0.0435621589422226,5.09980869293213,0.804033875636542
1992-06-23,12.850438117981,1.74249744415283,4.21743822097778,0.786779929242465
1992-06-24,9.99757289886475,0.587482810020447,1.71464538574219,0.759173641339377
1992-06-25,12.3632984161377,4.13056516647339,4.19004583358765,0.7419196949453
1992-06-26,13.4301824569702,5.96701049804688,3.55292844772339,0.776427587733454
1992-06-27,12.2325057983398,1.52075934410095,3.12856435775757,0.755722838896846
1992-06-28,11.7401218414307,0.219846069812775,3.87204599380493,0.769525982848388
1992-06-29,11.634711265564,0.255116373300552,3.82857322692871,0.786779929242465
1992-06-30,11.437105178833,3.08597421646118,3.84400248527527,0.800583139012596
1992-07-01,11.3863096237183,5.18136882781982,3.33204936981201,0.779878390175985
1992-07-02,12.5906677246094,6.15915870666504,3.18307566642761,0.779878390175985
1992-07-03,14.2804937362671,0.0415308624505997,3.9839391708374,0.786779929242465
1992-07-04,13.7641916275024,0.399641007184982,4.30411434173584,0.845443373309761
1992-07-05,15.7859678268433,0.0450238324701786,4.62517213821411,0.79368153412753
1992-07-06,13.7993068695068,2.02124118804932,2.30517625808716,0.759173641339377
1992-07-07,10.4138689041138,2.66874837875366,2.12975764274597,0.724665748551224
1992-07-08,8.51537322998047,0.500897228717804,3.15544199943543,0.662551567859982
1992-07-09,9.1711368560791,0,3.13990354537964,0.648748358089851
1992-07-10,12.252236366272,0.000793822517152876,4.22425365447998,0.63839601658084
1992-07-11,14.9159336090088,0.0110447462648153,4.46081972122192,0.614240465301698
1992-07-12,15.4047994613647,0.768326461315155,4.60354232788086,0.58663417739861
1992-07-13,15.532021522522,0.586664736270905,4.17356014251709,0.565929428562002
1992-07-14,13.4467973709106,8.44022178649902,1.43377447128296,0.614240465301698
1992-07-15,10.8840618133545,2.56963014602661,1.02525150775909,0.59008497984114
1992-07-16,12.2043209075928,4.22724390029907,2.45403456687927,0.666002304483928
1992-07-17,12.1869735717773,4.97544765472412,1.73476409912109,0.966220998068298
1992-07-18,12.586238861084,5.28752613067627,3.58550882339478,1.27679203316168
1992-07-19,12.8422651290894,0.0882339924573898,3.75103259086609,1.27679203316168
1992-07-20,14.359637260437,0,4.38898611068726,1.24573487699748
1992-07-21,15.8647489547729,1.59592616558075,4.81079530715942,1.04213838852967
1992-07-22,15.3035249710083,1.23063719272614,4.16546535491943,0.94551624923169
1992-07-23,13.081335067749,4.30324697494507,3.41015076637268,0.876500463655383
1992-07-24,11.7922258377075,3.6151909828186,2.44170212745667,0.79368153412753
1992-07-25,10.6466732025146,0.446530073881149,2.92466926574707,0.735018090060235
1992-07-26,11.219482421875,0.359739542007446,2.2149646282196,0.724665748551224
1992-07-27,12.5930032730103,1.57108378410339,2.97613549232483,0.724665748551224
1992-07-28,14.2397203445435,0.0365349687635899,3.57364678382874,0.769525982848388
1992-07-29,15.0668210983276,0.0182543005794287,3.98975896835327,0.755722838896846
1992-07-30,14.0762033462524,2.50650954246521,3.47156739234924,0.724665748551224
1992-07-31,12.2656335830688,0.059369008988142,2.6755747795105,0.669453106926462
1992-08-01,12.8606586456299,2.37420749664307,3.10861730575562,0.63839601658084
1992-08-02,14.8123369216919,0.00406058458611369,4.19352388381958,0.596986518907621
1992-08-03,15.5663537979126,2.48331546783447,2.98992347717285,0.555577087052987
1992-08-04,15.3203773498535,0.0512040965259075,4.25865316390991,0.534872338216379
1992-08-05,16.9185905456543,0.0650994405150414,4.24967050552368,0.524519963798074
1992-08-06,18.3560695648193,0.08268753439188,4.2687349319458,0.503815247870757
1992-08-07,18.0230655670166,16.3819885253906,2.93993067741394,0.469307355082603
1992-08-08,11.6712198257446,24.9409427642822,0.432208478450775,0.469307355082603
1992-08-09,8.41956043243408,5.34964323043823,0.513396561145783,2.37069212923641
1992-08-10,10.8497714996338,0.293376386165619,2.99208474159241,4.48602606245995
1992-08-11,13.4252700805664,0.0074024242348969,3.8375415802002,3.4852971716035
1992-08-12,17.9209728240967,0.000723162665963173,4.20517158508301,2.47421580760087
1992-08-13,20.0643444061279,0.251649349927902,3.99586892127991,1.93589273276055
1992-08-14,17.7611103057861,3.40087985992432,3.23681044578552,1.68743600999557
1992-08-15,13.7759494781494,0.760199725627899,3.25989556312561,1.53905196569678
1992-08-16,12.6287336349487,0.14260932803154,3.49973273277283,1.41137286769034
1992-08-17,14.95090675354,0.0109347589313984,4.04531955718994,1.26643969165267
1992-08-18,16.1324062347412,2.92434692382813,3.52495431900024,1.17326835479722
1992-08-19,10.1011209487915,6.57730674743652,2.20113897323608,1.16636674991215
1992-08-20,5.04188108444214,4.24604225158691,2.27534151077271,1.32855387234391
1992-08-21,3.2498345375061,2.93193864822388,1.58111548423767,1.29404597955576
1992-08-22,2.81960797309875,0.1919876486063,1.65924000740051,1.22503019397945
1992-08-23,4.22256231307983,9.11616589291953e-05,2.51312613487244,1.10425256922091
1992-08-24,5.47907400131226,0,2.80253481864929,1.01798283725053
1992-08-25,9.65632247924805,1.22164082527161,2.567626953125,0.94551624923169
1992-08-26,12.5375471115112,0.971449375152588,2.74961376190186,0.904106817377056
1992-08-27,11.5599880218506,12.5709056854248,0.563955664634705,0.866148122146368
1992-08-28,9.17317867279053,2.11007380485535,1.80706000328064,0.852344978194826
1992-08-29,8.51137638092041,0.119592033326626,1.90119254589081,0.900656014934522
1992-08-30,7.76001930236816,0.659455895423889,2.17666959762573,0.859246517261306
1992-08-31,8.07951736450195,1.78019881248474,0.963987827301025,0.835091031800749
1992-09-01,6.21931838989258,5.1607084274292,0.390484035015106,0.804033875636542
1992-09-02,4.80703926086426,0.316380083560944,1.13029682636261,0.821287822030619
1992-09-03,4.09080839157104,0.224950566887856,1.27807569503784,0.886852870982979
1992-09-04,2.18567585945129,0.018241411074996,1.62699294090271,0.900656014934522
1992-09-05,2.09160971641541,0.000191904866369441,1.88358402252197,0.835091031800749
1992-09-06,2.55181503295898,0,2.03594350814819,0.779878390175985
1992-09-07,3.787841796875,2.51141810417175,1.8946305513382,0.735018090060235
1992-09-08,6.13468837738037,1.24005138874054,0.46480056643486,0.721214946108693
1992-09-09,5.17601490020752,0.0146657899022102,1.96839118003845,0.717764143666158
1992-09-10,6.2587833404541,0.788907051086426,2.07230925559998,0.724665748551224
1992-09-11,6.14463472366333,0.681460916996002,1.77001917362213,0.728116550993754
1992-09-12,5.72289037704468,10.1870527267456,1.09604585170746,0.738468892502769
1992-09-13,0.989232420921326,14.5690135955811,0.324365317821503,0.759173641339377
1992-09-14,0.391983032226562,2.66277575492859,0.466145098209381,0.79368153412753
1992-09-15,0.793110489845276,0.844839990139008,0.729131162166596,0.745370497387831
1992-09-16,1.60359025001526,0.058811217546463,1.03672587871552,0.931713105280144
1992-09-17,0.396726846694946,0.351670533418655,0.780683159828186,0.914459158886068
1992-09-18,1.74197721481323,0.0709164887666702,0.954364061355591,0.759173641339377
1992-09-19,3.05029797554016,0.675332069396973,1.12003910541534,0.748821299830365
1992-09-20,-1.19471287727356,5.90619707107544,0.574482560157776,0.759173641339377
1992-09-21,-3.68267154693604,0.0185190923511982,0.908122658729553,0.769525982848388
1992-09-22,0.93687117099762,0.00091537571279332,0.662777423858643,0.779878390175985
1992-09-23,0.443492919206619,16.5741405487061,0.153044909238815,0.810935480521607
1992-09-24,-0.0977853387594223,9.68916416168213,0.442278295755386,0.883402068540445
1992-09-25,-0.612556636333466,3.0374276638031,0.479889661073685,1.00072889085645
1992-09-26,-2.91441106796265,0.371180385351181,0.484835147857666,0.966220998068298
1992-09-27,-3.39112067222595,0.069966547191143,0.609485685825348,0.942065446789156
1992-09-28,-1.52510726451874,3.10512566566467,0.419991821050644,0.876500463655383
1992-09-29,4.3950572013855,0.00568537088111043,1.25432515144348,0.855795714818772
1992-09-30,8.28782272338867,0,1.18729364871979,0.755722838896846
1992-10-01,5.88385534286499,7.27805016254024e-09,0.943272590637207,1.06284307154769
1992-10-02,8.04228115081787,0.00456205662339926,1.48551619052887,1.2595380867676
1992-10-03,10.263391494751,1.31203675270081,1.15710854530334,1.23883340374958
1992-10-04,4.5275936126709,7.30844874397008e-07,1.32549595832825,1.12150651561499
1992-10-05,1.34248542785645,0.382379114627838,0.93677431344986,1.06629387399023
1992-10-06,-0.711690902709961,0.0233111344277859,0.611530184745789,0.986925746904905
1992-10-07,1.80098044872284,0.000950968591496348,1.01400279998779,0.911008356443537
1992-10-08,2.29347896575928,0.0763031765818596,0.671025514602661,0.866148122146368
1992-10-09,2.39048004150391,0.0157220885157585,0.960435748100281,0.835091031800749
1992-10-10,2.51498603820801,0.016600975766778,0.387197941541672,0.810935480521607
1992-10-11,-0.813880026340485,0.576592266559601,0.66059273481369,0.779878390175985
1992-10-12,-1.61833441257477,0.27885314822197,0.554912269115448,0.745370497387831
1992-10-13,-3.81397104263306,0.886841893196106,0.416211873292923,0.669453106926462
1992-10-14,-7.64207363128662,0.227516204118729,0.504349887371063,0.669453106926462
1992-10-15,-8.55113792419434,0.21632906794548,0.427636653184891,0.58663417739861
1992-10-16,-10.7158203125,0.176947459578514,0.406636357307434,0.472758124615843
1992-10-17,-13.0880613327026,0.033206719905138,0.353876709938049,0.396840767063765
1992-10-18,-12.0120849609375,4.83458614349365,0.463913857936859,0.318852921464308
1992-10-19,-8.98516845703125,3.48713850975037,0.334261745214462,0.322993864649772
1992-10-20,-3.7863302230835,3.45227265357971,0.431369960308075,0.417545515900373
1992-10-21,-0.900852262973785,0.0931044593453407,0.191243544220924,0.524519963798074
1992-10-22,-0.152824550867081,2.74004197120667,0.366588145494461,0.524519963798074
1992-10-23,1.23072731494904,1.70114374160767,0.329110205173492,0.483110499034149
1992-10-24,0.39841827750206,0.346228897571564,0.366969704627991,0.496913642985695
1992-10-25,0.177482232451439,0.220562413334847,0.277462512254715,0.48656130147668
1992-10-26,-0.307005703449249,0,0.236866772174835,0.448602606245995
1992-10-27,-0.579697489738464,1.45918539473655e-08,0.230979457497597,0.414094713457842
1992-10-28,-0.618447244167328,2.16913669248697e-08,0.659336268901825,0.389939195087994
1992-10-29,0.166879445314407,0,0.512203812599182,0.431348659851919
1992-10-30,-0.627899527549744,3.8595724105835,0.306360185146332,0.420996285433613
1992-10-31,-0.0227898452430964,1.65333163738251,0.131818413734436,0.325409439523261
1992-11-01,0.957113027572632,0.227480635046959,0.119474545121193,
1992-11-02,-2.3813910484314,1.71852266788483,0.272459775209427,
1992-11-03,-6.8856372833252,0.23030549287796,0.125272795557976,
1992-11-04,-5.94075918197632,2.44331288337708,0.220253452658653,
1992-11-05,-3.74593138694763,0.761393129825592,0.0714754313230515,
1992-11-06,-5.25125169754028,0.523998498916626,0.0120371477678418,
1992-11-07,-5.08236980438232,1.19774794578552,0.0259010046720505,
1992-11-08,-6.46490383148193,0.725647389888763,0.0165101513266563,
1992-11-09,-10.2742223739624,0.0165301151573658,0.0232872031629086,
1992-11-10,-8.94090557098389,1.51567757129669,0.141115307807922,
1992-11-11,-7.30673885345459,1.64161777496338,0.171974822878838,
1992-11-12,-13.5195589065552,2.94781160354614,0.0620481669902802,
1992-11-13,-9.30940532684326,4.06822347640991,0.146065801382065,
1992-11-14,-11.3798599243164,5.15729522705078,0.121193446218967,
1992-11-15,-9.11277294158936,5.36322116851807,0.0801609680056572,
1992-11-16,-10.1497793197632,0.150758981704712,0.0214841645210981,
1992-11-17,-10.1472587585449,0,0,
1992-11-18,-8.99777793884277,0.528766751289368,0.0177766252309084,
1992-11-19,-9.24657726287842,1.83845961093903,0.0434057153761387,
1992-11-20,-10.6398401260376,1.63391947746277,0.0333604626357555,
1992-11-21,-12.8282623291016,0,0,
1992-11-22,-17.240083694458,1.90343243389179e-07,0,
1992-11-23,-14.7903366088867,2.01756574824685e-05,0.155906900763512,
1992-11-24,-8.10314464569092,0,0.194863021373749,
1992-11-25,-7.22173452377319,0,0.212606966495514,
1992-11-26,-7.12505292892456,0,0.366636335849762,
1992-11-27,-4.97042989730835,0.686753928661346,0.0870038419961929,
1992-11-28,-8.63193702697754,0.0127065414562821,0,
1992-11-29,-10.4684085845947,0.226786479353905,0.0721030160784721,
1992-11-30,-8.41232204437256,0,0.0493383817374706,
1992-12-01,-10.2778787612915,0.0938403457403183,0,
1992-12-02,-12.6914482116699,0.00260260468348861,0,
1992-12-03,-13.5097341537476,1.18212831523579e-07,0.0237625576555729,
1992-12-04,-8.12652492523193,0.0685368254780769,0.330217719078064,
1992-12-05,-9.42585372924805,0.182650238275528,0,
1992-12-06,-16.679615020752,0.000345993874361739,0.0121517051011324,
1992-12-07,-15.3086214065552,0.000235263141803443,0,
1992-12-08,-13.8690452575684,0,0,
1992-12-09,-15.4895496368408,0.0894698426127434,0.000885364424902946,
1992-12-10,-14.4043760299683,0.0415185429155827,0,
1992-12-11,-16.1963939666748,0.253279358148575,0,
1992-12-12,-18.1830711364746,0.000384594575734809,0,
1992-12-13,-10.6151695251465,3.26186084747314,0.220435053110123,
1992-12-14,-12.0835332870483,0.12569634616375,0,
1992-12-15,-22.4348888397217,0.549176573753357,0,
1992-12-16,-25.5685176849365,0.0012587943347171,0.0175941530615091,
1992-12-17,-26.9678401947021,0.0517458468675613,0.000201021626708098,
1992-12-18,-28.3935108184814,0,0.0142596308141947,
1992-12-19,-23.9865379333496,1.603444252396e-05,0.0165404342114925,
1992-12-20,-26.1707057952881,0.0921347662806511,0,
1992-12-21,-23.5901165008545,0.779915750026703,0.0304934270679951,
1992-12-22,-27.8058261871338,0.044606227427721,0,
1992-12-23,-26.9814014434814,0.715075492858887,0.0599960759282112,
1992-12-24,-25.9851207733154,0.550539910793304,0.0262747164815664,
1992-12-25,-29.6120052337646,0,0.0142332660034299,
1992-12-26,-30.2522621154785,0.160252213478088,0.0226756688207388,
1992-12-27,-36.7618217468262,0.0830628052353859,0.00397944031283259,
1992-12-28,-35.7730255126953,0.0521039217710495,0.0032309025991708,
1992-12-29,-35.6368026733398,1.17744583860713e-07,0,
1992-12-30,-32.997200012207,0,0.0217854958027601,
1992-12-31,-26.0151824951172,0,0.131143525242805,
1993-01-01,-21.5592079162598,0.236811637878418,0.110541023313999,
1993-01-02,-17.4327507019043,0.0233039129525423,0.00387014239095151,
1993-01-03,-19.9874591827393,0.453253090381622,0.0228447075933218,
1993-01-04,-25.6306858062744,0.104122340679169,0,
1993-01-05,-23.8871879577637,0.464679539203644,0.055259745568037,
1993-01-06,-21.4994201660156,0.0528113581240177,0,
1993-01-07,-23.1020812988281,0,0.00109933502972126,
1993-01-08,-25.974157333374,4.0789400372887e-06,0.0503118857741356,
1993-01-09,-21.4930114746094,0,0.118069402873516,
1993-01-10,-16.0633125305176,0.708472788333893,0.12666466832161,
1993-01-11,-16.4058933258057,0.12533001601696,0.01550601888448,
1993-01-12,-18.2238922119141,0.089129164814949,0,
1993-01-13,-20.868631362915,0.0209220871329308,0,
1993-01-14,-18.2136077880859,0.476349413394928,0.178799271583557,
1993-01-15,-13.7831983566284,0.490144014358521,0.0867506265640259,
1993-01-16,-17.8987884521484,0.00825070403516293,0,
1993-01-17,-15.0212688446045,0,0.0972090736031532,
1993-01-18,-14.2679214477539,0,0.187658503651619,
1993-01-19,-8.70381832122803,0.104663506150246,0.266049057245255,
1993-01-20,-11.389347076416,0.507346153259277,0.0489977449178696,
1993-01-21,-16.0021324157715,0.205222964286804,0,
1993-01-22,-20.0791797637939,0.054879404604435,0.00754505442455411,
1993-01-23,-23.9857921600342,0.00695603201165795,0.034913994371891,
1993-01-24,-19.9988613128662,1.42717957496643,0.109505712985992,
1993-01-25,-22.9100284576416,1.82863056659698,0.0571799241006374,
1993-01-26,-22.957368850708,0.503457009792328,0.0406970158219337,
1993-01-27,-25.1464424133301,0.0890904515981674,0.0211116336286068,
1993-01-28,-20.9983348846436,0,0.162616550922394,
1993-01-29,-9.11713695526123,0.00570417335256934,0.264699995517731,
1993-01-30,1.11396074295044,0,0.500986993312836,
1993-01-31,-2.63160419464111,0,0.121493317186832,
1993-02-01,-0.679052293300629,2.04806638066657e-05,0.517421185970306,
1993-02-02,-6.72552490234375,1.90804696083069,0.048206590116024,
1993-02-03,-20.0861206054688,7.12368726730347,0.0915607884526253,
1993-02-04,-24.6867523193359,4.61929559707642,0.117585502564907,
1993-02-05,-20.4707336425781,3.01153516769409,0.181111335754395,
1993-02-06,-10.6969337463379,0.157753482460976,0.121186643838882,
1993-02-07,-8.28386878967285,0.00731611298397183,0.142151311039925,
1993-02-08,-12.6954717636108,0.234040647745132,0.136253878474236,
1993-02-09,-19.0502529144287,9.14533957256936e-05,0.0714039728045464,
1993-02-10,-19.7972755432129,0.00166910898406059,0.0966138243675232,
1993-02-11,-16.0698852539062,0,0.111186236143112,
1993-02-12,-16.5794143676758,1.51551711559296,0.179361209273338,
1993-02-13,-19.5194416046143,0.449123620986939,0.0894011333584786,
1993-02-14,-22.1717643737793,0.0453932248055935,0.101778976619244,
1993-02-15,-21.8173980712891,0.0353979542851448,0.113660641014576,
1993-02-16,-21.0759315490723,0.0619136989116669,0.15694771707058,
1993-02-17,-14.6412935256958,1.32998073101044,0.239389762282372,
1993-02-18,-10.3368301391602,1.84230518341064,0.268277019262314,
1993-02-19,-14.7846927642822,0.353528171777725,0.187677443027496,
1993-02-20,-22.8478736877441,0.184490039944649,0.105214476585388,
1993-02-21,-28.133113861084,0.0237261150032282,0.107385136187077,
1993-02-22,-22.0188827514648,0.0986917540431023,0.159744575619698,
1993-02-23,-16.1941566467285,0.00021476398978848,0.273371487855911,
1993-02-24,-13.8732242584229,0.243085831403732,0.234821617603302,
1993-02-25,-13.1186618804932,0.0047057643532753,0.293682485818863,0.0270196797898498
1993-02-26,-10.2735891342163,0.262417614459991,0.323742777109146,0.027088696743706
1993-02-27,-2.28133225440979,0.117072850465775,0.400414317846298,0.027088696743706
1993-02-28,1.78005063533783,0.0079709542915225,0.599636971950531,0.027088696743706
1993-03-01,1.204594373703,0.551681995391846,0.288261473178864,0.027088696743706
1993-03-02,-1.05507278442383,0.0400534681975842,0.547767877578735,0.027088696743706
1993-03-03,-4.85880136489868,0.0313378646969795,0.430512338876724,0.0272612360431003
1993-03-04,-3.81808876991272,0.800152063369751,0.528119146823883,0.0276063146418889
1993-03-05,-3.16744589805603,0.638737201690674,0.467928618192673,0.0279513932406776
1993-03-06,-1.92169308662415,0.0162594560533762,0.484837979078293,0.0276063146418889
1993-03-07,-2.85017013549805,0.171216890215874,0.508817970752716,0.0272612360431003
1993-03-08,-4.6262092590332,1.31235182285309,0.362344324588776,0.0267436160880867
1993-03-09,-8.2882137298584,0.141547903418541,0.445677578449249,0.0262259981899038
1993-03-10,-10.6677017211914,0.21382100880146,0.463876098394394,0.0260534588905094
1993-03-11,-11.4199085235596,0.0305189918726683,0.425062298774719,0.0255358409923265
1993-03-12,-10.7803258895874,0.00374072068370879,0.598272860050201,0.0251907623935379
1993-03-13,-12.9278497695923,1.18041360378265,0.487013757228851,0.0248456837947492
1993-03-14,-14.258038520813,1.49612784385681,0.2780502140522,0.0241555245403413
1993-03-15,-20.676139831543,0.552932262420654,0.261118561029434,0.0234653673427641
1993-03-16,-18.9841270446777,0,0.490014612674713,0.0227752101451868
1993-03-17,-11.9640598297119,0,0.70373797416687,0.0224301294895675
1993-03-18,-11.4371719360352,0.0117263002321124,0.559478998184204,0.0227752101451868
1993-03-19,-12.6952877044678,0,0.687211036682129,0.0232928280433698
1993-03-20,-5.77693700790405,0.574834406375885,0.816940665245056,0.0234653673427641
1993-03-21,-2.05997395515442,0.471834778785706,0.990373611450195,0.0241555245403413
1993-03-22,-0.992171466350555,1.89601480960846,1.04653251171112,0.0245696200929861
1993-03-23,3.17889070510864,0.00605357717722654,1.52475965023041,0.0247076519438677
1993-03-24,1.10566675662994,0.0403720624744892,1.39462304115295,0.0251217454396817
1993-03-25,-2.15086078643799,0.446744650602341,1.09130156040192,0.0258809195911151
1993-03-26,-6.28725290298462,0.147120252251625,0.808833837509155,0.0276063146418889
1993-03-27,-3.59742379188538,0.0144702335819602,1.08654654026032,0.0293317096926628
1993-03-28,-2.63616609573364,0,1.37405562400818,0.0327824977373797
1993-03-29,-0.852831065654755,0.327692598104477,0.869747936725617,0.0345078927881535
1993-03-30,0.286598920822144,0.0200524479150772,1.1924022436142,0.0379586828897012
1993-03-31,0.513171553611755,0.0129526890814304,1.17126858234406,0.0334726569917876
1993-04-01,2.18541097640991,2.63567053480074e-05,1.43868911266327,0.0327824977373797
1993-04-02,3.40597462654114,0,1.69758057594299,0.0414094729912489
1993-04-03,4.56208324432373,0.121975697577,1.28904807567596,0.0500364461882873
1993-04-04,1.73418843746185,0.0361286289989948,1.37952291965485,0.0534872321761732
1993-04-05,0.455986589193344,0.0134671237319708,1.26568591594696,0.0483110490806825
1993-04-06,-3.73545336723328,3.21161556243897,0.645724773406982,0.0465856560867396
1993-04-07,-6.87079763412476,2.21856594085693,0.848390936851502,0.0507266033858644
1993-04-08,-5.92701387405396,0.193741410970688,1.33348941802979,0.106974464352347
1993-04-09,-2.48631525039673,0.535600364208221,0.804967701435089,0.124228410746424
1993-04-10,1.0085951089859,0.527280569076538,1.1194771528244,0.137686492553825
1993-04-11,2.19827365875244,0.0108071370050311,1.27169513702393,0.124228410746424
1993-04-12,1.42739760875702,1.50234961509705,1.53373217582703,0.138031571152614
1993-04-13,2.87159752845764,0.432847410440445,1.51506876945496,0.153905203151536
1993-04-14,3.82186055183411,0.0500542521476746,2.04617762565613,0.122848096351269
1993-04-15,5.83577156066895,1.1479320526123,1.97343170642853,0.12836936215921
1993-04-16,3.77935385704041,0.164710685610771,2.17680239677429,0.17184930674319
1993-04-17,2.61894297599792,0.0389609634876251,2.02386522293091,0.355431302299841
1993-04-18,1.94465160369873,0.133213087916374,1.50024199485779,0.53832314065891
1993-04-19,3.49287867546082,0,2.37123227119446,0.724665748551224
1993-04-20,6.65874433517456,3.53607129000011e-06,2.73830890655518,0.907557554001002
1993-04-21,7.91648244857788,0.0802359580993652,3.04826974868774,0.983474944462375
1993-04-22,4.91056156158447,0.122736416757107,1.73332130908966,0.897205212491991
1993-04-23,-0.805532276630402,0.00853441376239061,2.02920913696289,0.810935480521607
1993-04-24,-1.8966246843338,0.12400408834219,2.24354124069214,0.717764143666158
1993-04-25,1.40569078922272,1.10676038265228,2.24776768684387,0.63839601658084
1993-04-26,1.96359384059906,0.581450700759888,2.07460689544678,0.652199160532386
1993-04-27,3.82093834877014,0.110721491277218,2.37792015075684,0.548675482167925
1993-04-28,6.66044521331787,0.196311578154564,3.17878437042236,0.531421535773848
1993-04-29,7.3116717338562,1.8340185880661,2.72953820228577,0.58663417739861
1993-04-30,6.3508152961731,5.01480054855347,2.48710298538208,0.686707053320539
1993-05-01,7.51074886322021,0.0505291447043419,2.91633176803589,0.873049661212849
1993-05-02,7.19495868682861,1.22165584564209,1.25566852092743,1.08699862282684
1993-05-03,2.73203015327454,1.78457355499268,1.6348956823349,1.06284307154769
1993-05-04,4.08433771133423,0.000297786173177883,2.92956376075745,1.02143363969306
1993-05-05,9.53291416168213,0,3.53844881057739,0.921360763771133
1993-05-06,14.2923669815063,4.5667896270752,4.03596019744873,0.824738624473153
1993-05-07,12.9430847167969,13.0943155288696,1.28323113918304,0.797132336570062
1993-05-08,7.79309606552124,17.3810234069824,0.248926490545273,1.0939002277119
1993-05-09,6.15769863128662,0.841424405574799,3.20838093757629,2.28097166064208
1993-05-10,6.98752498626709,0.819380760192871,3.44710564613342,3.24374192208643
1993-05-11,11.6644229888916,1.21204698085785,3.54703187942505,2.61914911527572
1993-05-12,12.2737245559692,0.138326019048691,4.07668590545654,1.92554039125153
1993-05-13,9.7610445022583,0,4.33322143554688,1.63567417081334
1993-05-14,6.71836614608765,0.000435255060438067,3.8379065990448,1.55975678035197
1993-05-15,7.6226954460144,0.00367881124839187,3.84538912773132,1.45968383861146
1993-05-16,5.26147699356079,0.0153564969077706,3.38630533218384,1.30439832106477
1993-05-17,6.47628545761108,0.094834141433239,2.78088068962097,1.21812858909438
1993-05-18,9.90907192230225,0.53562206029892,3.09676003456116,1.08699862282684
1993-05-19,8.8299674987793,0,3.64306616783142,1.014532034808
1993-05-20,9.11995410919189,0.873686730861664,2.72269058227539,0.959319393183233
1993-05-21,3.45177340507507,4.89771413803101,0.833309710025787,0.907557554001002
1993-05-22,4.46526575088501,0.0015084637561813,2.32028746604919,1.11805577899104
1993-05-23,4.18901681900024,1.41066420078278,2.42912530899048,1.53560122907283
1993-05-24,3.17392539978027,0.0697310417890549,2.87233376502991,1.39411892129627
1993-05-25,2.02627468109131,0.0241107139736414,3.51558637619019,1.24918574525859
1993-05-26,6.64477205276489,0.630234599113464,2.30588507652283,1.18016995968228
1993-05-27,6.80879831314087,0.00555468024685979,3.61526322364807,1.21122698420932
1993-05-28,8.25110054016113,0,4.24755907058716,1.10770330584486
1993-05-29,8.90014553070068,0,4.44033908843994,0.935163907722675
1993-05-30,9.4823579788208,0,4.61262178421021,0.869598924588903
1993-05-31,12.1495895385742,0.000808728509582579,4.93053817749023,0.817837085406672
1993-06-01,13.6300172805786,0,5.38567161560059,0.745370497387831
1993-06-02,13.4679584503174,0,4.92776155471802,0.724665748551224
1993-06-03,15.0135164260864,0.268871515989304,4.96941375732422,0.683256250878005
1993-06-04,11.5947179794312,0.086318165063858,4.52140760421753,0.63839601658084
1993-06-05,9.50547409057617,0,4.79711437225342,0.607338926235217
1993-06-06,13.6170501708984,0.395001411437988,5.06223726272583,0.572831033447064
1993-06-07,16.636905670166,1.48334836959839,4.96423196792603,0.54177391019215
1993-06-08,16.2207508087158,15.2152280807495,3.26851320266724,0.534872338216379
1993-06-09,10.2021541595459,3.70013976097107,0.895890355110169,0.524519963798074
1993-06-10,7.71699666976929,0.000971801462583244,1.83651852607727,0.510716819846531
1993-06-11,8.95662879943848,0.00299358740448952,3.41200351715088,0.724665748551224
1993-06-12,11.3976449966431,0.562004745006561,3.42043781280518,0.697059460648135
1993-06-13,10.4843759536743,0.151034995913506,3.55640530586243,0.603888123792686
1993-06-14,8.47264289855957,0.0612388290464878,3.87800168991089,0.548675482167925
1993-06-15,9.47796058654785,0.406162679195404,3.83456301689148,0.517618391822302
1993-06-16,10.8069648742676,0.0938130393624306,5.08656358718872,0.472758124615843
1993-06-17,14.2358293533325,0.0125251412391663,5.52263069152832,0.452053408688526
1993-06-18,14.1291904449463,3.44139814376831,3.22121334075928,0.427897857409388
1993-06-19,12.8050231933594,6.09295988082886,3.03055334091187,0.414094713457842
1993-06-20,8.62269973754883,3.66330075263977,1.49891543388367,0.400291569506296
1993-06-21,8.82295703887939,0.242663487792015,4.15307474136353,0.38648839264546
1993-06-22,11.3605451583862,0.455078274011612,1.77840411663055,0.372685248693917
1993-06-23,9.98692989349365,0.11259999871254,1.66628921031952,0.389939195087994
1993-06-24,9.01167678833008,0.0251853186637163,1.14002096652985,0.400291569506296
1993-06-25,10.8013515472412,0.0334382951259613,3.33454084396362,0.420996285433613
1993-06-26,11.6020517349243,0.000352751842001453,3.78236174583435,0.43479946229445
1993-06-27,12.1496829986572,0,4.03520154953003,0.400291569506296
1993-06-28,12.5006370544434,0.0314396433532238,2.85116767883301,0.379586820669689
1993-06-29,12.2533283233643,3.38683130394202e-05,3.37007761001587,0.365783676718143
1993-06-30,12.7822313308716,3.38677597045898,2.93899202346802,0.343353526660269
1993-07-01,13.0297431945801,6.07606506347656,2.01286602020264,0.339557670300917
1993-07-02,14.3720378875732,3.23926615715027,3.70441389083862,0.339212583474806
1993-07-03,15.0889692306519,0.204370394349098,4.40925455093384,0.379586820669689
1993-07-04,14.9202737808228,0,3.88691735267639,0.365783676718143
1993-07-05,16.5830631256104,3.0008602142334,3.72904205322266,0.355431302299841
1993-07-06,15.9814710617065,0.982950389385223,3.52098917961121,0.355431302299841
1993-07-07,11.6342487335205,2.70043706893921,4.25435829162598,0.34369861348638
1993-07-08,8.85224151611328,5.09299898147583,1.06356084346771,0.320578322685574
1993-07-09,10.1953773498535,0.471651524305344,3.72561836242676,0.314021837535913
1993-07-10,9.73586082458496,0.295050948858261,3.7144923210144,0.338177355905762
1993-07-11,9.81571578979492,0.669952929019928,2.4924840927124,0.362332874275612
1993-07-12,8.54373836517334,2.9492883682251,2.78167009353638,0.335416727115454
1993-07-13,10.9225473403931,0.750434398651123,3.93592524528503,0.30401454994372
1993-07-14,10.5513677597046,2.82454681396484,3.25555539131165,0.277443456700383
1993-07-15,9.49187850952148,2.0917661190033,2.09610629081726,0.262259981899038
1993-07-16,10.9549722671509,1.06627416610718,3.12821269035339,0.249146978690424
1993-07-17,12.5259304046631,0.00885970238596201,3.517662525177,0.246041279528649
1993-07-18,13.0000057220459,7.08913564682007,2.42970585823059,0.238449533900654
1993-07-19,12.7559213638306,0.84652179479599,3.25101804733276,0.226371774715729
1993-07-20,13.5634717941284,0.0865464508533478,3.61629343032837,0.217399731147225
1993-07-21,15.2752561569214,1.79675662517548,2.73683428764343,0.217399731147225
1993-07-22,15.0884485244751,0.559459090232849,3.82201266288757,0.216709573949648
1993-07-23,16.3559150695801,2.38526344299316,3.72944664955139,0.215329243099848
1993-07-24,16.3261795043945,5.48763799667358,3.3260190486908,0.214294015530805
1993-07-25,14.5642671585083,7.80825090408325,2.65167117118835,0.315747205847888
1993-07-26,15.5606918334961,5.36465549468994,2.73111391067505,0.772976785290923
1993-07-27,14.740161895752,0.21357424557209,4.01159811019897,0.952417854116752
1993-07-28,13.8454828262329,0.0185690019279718,2.72074627876282,0.869598924588903
1993-07-29,12.0049095153809,2.880695104599,2.84323048591614,0.717764143666158
1993-07-30,10.0256071090698,8.06213569641113,0.47122386097908,0.686707053320539
1993-07-31,11.7275943756104,2.01672840118408,3.63928723335266,1.71849303452261
1993-08-01,12.739107131958,2.58989572525024,2.31631565093994,2.82964720862859
1993-08-02,14.4898405075073,2.83195209503174,2.86826801300049,2.20160353355676
1993-08-03,16.3563041687012,0.13895645737648,3.72291588783264,1.67018206360149
1993-08-04,17.0848407745361,3.42218995094299,3.52799487113953,1.41482360431429
1993-08-05,18.6852912902832,1.98405742645264,3.78382420539856,1.27679203316168
1993-08-06,16.7246208190918,14.3951606750488,1.38666164875031,1.12150651561499
1993-08-07,13.1977643966675,0.446737200021744,2.54962563514709,1.14911280351808
1993-08-08,12.1017694473267,6.05164337158203,1.98810350894928,1.40447126280528
1993-08-09,8.79213428497314,35.1198234558106,0.227918609976769,1.36651250175601
1993-08-10,6.77178430557251,13.9624366760254,0.518641710281372,2.0601212257802
1993-08-11,6.32517766952515,0.591252982616425,2.2918381690979,3.24374192208643
1993-08-12,6.48795366287231,3.98861789703369,1.03424549102783,3.32656091743286
1993-08-13,7.49071025848389,3.85691785812378,0.949006259441376,2.82619647200464
1993-08-14,7.79956912994385,0.262926906347275,2.3167245388031,2.49146975399495
1993-08-15,11.1994619369507,6.19555606817812e-09,3.48054885864258,2.16364490414466
1993-08-16,15.1780710220337,0,3.81214094161987,2.02216246473093
1993-08-17,16.3282070159912,0,3.73624539375305,1.82201671288707
1993-08-18,17.7025241851807,0.000410747510613874,3.63056111335754,1.6494772489463
1993-08-19,17.5414695739746,0.200152367353439,3.73255300521851,1.51834728267875
1993-08-20,18.359203338623,0.932512879371643,3.50393342971802,1.38721731641121
1993-08-21,17.5226402282715,0.603316724300385,3.43966007232666,1.51834728267875
1993-08-22,16.0088214874268,3.11366128921509,2.66883301734924,1.62187096104321
1993-08-23,14.8590822219849,2.59539127349854,2.31700706481934,1.38031571152614
1993-08-24,9.84527111053467,0.238024324178696,1.73808646202087,1.17671909142117
1993-08-25,8.02422046661377,0.0094258151948452,2.81869316101074,1.06629387399023
1993-08-26,9.54460430145264,0.920870721340179,2.45932221412659,0.966220998068298
1993-08-27,9.45200443267822,0.360168963670731,1.85710740089417,0.924811500395079
1993-08-28,8.93753910064697,2.89191174507141,1.88733971118927,0.914459158886068
1993-08-29,7.87804412841797,1.11915946006775,2.02387309074402,0.907557554001002
1993-08-30,10.1086893081665,1.08781230449677,2.18765377998352,0.883402068540445
1993-08-31,8.98936462402344,2.49596047401428,1.59026277065277,0.845443373309761
1993-09-01,8.34467029571533,1.3200478553772,0.740441024303436,0.835091031800749
1993-09-02,10.9897584915161,0.245950564742088,2.0325915813446,0.790230731685
1993-09-03,9.03330230712891,2.91423058509827,1.24666321277618,0.752272036454312
1993-09-04,8.36322498321533,0.584496736526489,1.60037457942963,0.748821299830365
1993-09-05,9.98680210113525,0.492254495620728,2.229252576828,0.714313407042212
1993-09-06,10.5401573181152,0.132953375577927,2.4346821308136,0.686707053320539
1993-09-07,13.8403205871582,0.231438979506493,2.90080404281616,0.672903909368993
1993-09-08,12.8744106292725,5.55667304992676,1.38317656517029,0.659100765417447
1993-09-09,10.1500291824341,0.587638914585114,1.97714531421661,0.621142070186763
1993-09-10,7.98002672195435,1.89835178852081,1.03325188159943,0.614240465301698
1993-09-11,3.4747633934021,0.313258200883865,1.36297082901001,0.600437321350155
1993-09-12,2.50743007659912,0,1.63848423957825,0.579732572513544
1993-09-13,5.2132625579834,0.0975621715188026,1.51999509334564,
1993-09-14,5.72626113891602,0.810205221176148,1.30849719047546,
1993-09-15,4.03955793380737,0.0899751409888268,1.2045533657074,
1993-09-16,5.84700727462769,0.00147617293987423,1.45600664615631,
1993-09-17,7.54685544967651,2.26543281911518e-08,2.01940250396729,
1993-09-18,8.37540626525879,0.00991044100373983,1.56010174751282,
1993-09-19,2.58990931510925,0.282678306102753,1.49447655677795,
1993-09-20,4.23028516769409,1.35920856791927e-07,1.62389099597931,
1993-09-21,4.3229341506958,0,1.69528162479401,
1993-09-22,6.40213823318481,0.225176274776459,1.47163379192352,
1993-09-23,4.87250995635986,9.17582988739014,0.485184401273727,
1993-09-24,0.737666130065918,2.53951644897461,0.507641851902008,
1993-09-25,0.988024830818176,2.60983395576477,0.764659285545349,
1993-09-26,3.85853385925293,2.35800957679749,1.12952899932861,
1993-09-27,1.81201016902924,0.245235919952393,0.524218142032623,
1993-09-28,2.06132411956787,0.573024094104767,0.945555210113525,
1993-09-29,4.63440179824829,2.2105975151062,0.988961756229401,
1993-09-30,-0.779272794723511,0.224070072174072,1.05293238162994,
1993-10-01,-1.01800632476807,0.324107974767685,0.715034127235413,
1993-10-02,5.79011201858521,0.67363178730011,0.706150770187378,
1993-10-03,2.48101186752319,1.34196937084198,1.02193784713745,
1993-10-04,4.07445096969604,5.09579086303711,0.758366286754608,
1993-10-05,-0.58617091178894,4.32615756988525,0.370235443115234,
1993-10-06,-6.92295932769775,0.861284673213959,0.437676012516022,0.379586820669689
1993-10-07,-4.35424661636353,0,0.584503889083862,
1993-10-08,-0.813703060150146,0,0.792630136013031,
1993-10-09,3.31940197944641,0.000937501026783139,0.884935140609741,
1993-10-10,3.48143744468689,0.0080963633954525,0.696530163288117,
1993-10-11,3.9986035823822,0.31125283241272,0.720386505126953,
1993-10-12,3.0155622959137,0.490436017513275,0.440987676382065,
1993-10-13,1.00102233886719,0.0372523330152035,0.253093928098679,
1993-10-14,-0.70898425579071,0.0310080721974373,0.343833297491074,
1993-10-15,-2.7137405872345,0.144440993666649,0.361530125141144,
1993-10-16,-1.95014619827271,0.47305291891098,0.44896474480629,
1993-10-17,0.816297292709351,0.366264015436173,0.397660732269287,
1993-10-18,0.478831946849823,0.83276242017746,0.387358248233795,
1993-10-19,-0.716442167758942,0.89660382270813,0.520256221294403,
1993-10-20,-2.68858170509338,0.615142047405243,0.461891502141953,
1993-10-21,-0.418374001979828,0.0402404926717281,0.387636661529541,
1993-10-22,0.0804268419742584,7.10409736633301,0.315445125102997,
1993-10-23,0.0614359192550182,1.49551379680634,0.169523507356644,
1993-10-24,-0.278497606515884,0.335648059844971,0.20209912955761,
1993-10-25,-3.94582486152649,0.000286616152152419,0.189232409000397,
1993-10-26,-0.632046759128571,0.833327054977417,0.213987216353416,
1993-10-27,-2.70599770545959,1.99180293083191,0.445300459861755,
1993-10-28,-8.93406295776367,0.0254190638661385,0.275505483150482,
1993-10-29,-6.61686134338379,1.27990245819092,0.350312441587448,
1993-10-30,-1.85502600669861,0.006355254445225,0.163382962346077,
1993-10-31,-0.757864236831665,2.52906513214111,0.101966165006161,
1993-11-01,-3.85855770111084,2.04634857177734,0.175362393260002,
1993-11-02,-7.78909969329834,0,0.171356275677681,
1993-11-03,-9.69502925872803,0.188278794288635,0.266266286373138,0.173229621138345
1993-11-04,-12.8900833129883,0.0748358815908432,0.0897085070610046,
1993-11-05,-12.1279582977295,0.0416208393871784,0.127139493823051,
1993-11-06,-12.555046081543,0.0777782201766968,0.15253521502018,
1993-11-07,-12.2522439956665,0.453473567962647,0.0834533274173737,
1993-11-08,-14.4231567382812,0.0952265337109566,0.0406548865139484,
1993-11-09,-9.25152587890625,0.74132513999939,0.0982770547270775,
1993-11-10,-7.9502329826355,0.0459376014769077,0.0525433942675591,
1993-11-11,-5.63249588012695,0.421588569879532,0.0658327713608742,
1993-11-12,-8.16729831695557,0.641315698623657,0.0614340752363205,
1993-11-13,-8.10013580322266,0.0774252340197563,0.00654031196609139,
1993-11-14,-5.62699556350708,3.14947557449341,0.222184211015701,
1993-11-15,-7.59373569488525,0.820997416973114,0.0805011540651321,
1993-11-16,-15.5811338424683,0.304542273283005,0.0386932715773582,
1993-11-17,-16.4311599731445,0.278769761323929,0,
1993-11-18,-17.4425201416016,0.969444990158081,0.0513540767133236,
1993-11-19,-13.9978475570679,8.48560523986816,0.168192356824875,
1993-11-20,-14.1951303482056,1.58488428592682,0.131374672055244,
1993-11-21,-26.7640018463135,0.0146531965583563,0.00275051966309547,
1993-11-22,-27.3563022613525,0.0417752787470818,0.0933121144771576,
1993-11-23,-18.7538471221924,0,0.265917718410492,
1993-11-24,-11.5818119049072,0.00145083758980036,0.15410204231739,
1993-11-25,-8.12068939208984,0,0.156396776437759,
1993-11-26,-5.54048109054565,1.81817877292633,0.235613033175468,
1993-11-27,-10.9869089126587,7.28843784332275,0.0567505545914173,
1993-11-28,-15.4934778213501,1.08736276626587,0.121837474405766,
1993-11-29,-7.59965658187866,7.3711462020874,0.0310363434255123,
1993-11-30,-12.8930778503418,3.28290414810181,0,
1993-12-01,-14.4179010391235,2.67664449893346e-06,0.0268834941089153,
1993-12-02,-12.7565984725952,0.204401686787605,0,
1993-12-03,-8.47028255462646,4.19150876998901,0.0779127553105354,
1993-12-04,-11.1715278625488,1.82597768306732,0.0354126952588558,
1993-12-05,-17.7233104705811,0.0423241145908833,0,
1993-12-06,-15.541820526123,0.000205817210371606,0.0272794160991907,
1993-12-07,-12.5063447952271,0,0.0849101096391678,
1993-12-08,-13.2079992294312,0.00698839453980327,0.0438502542674541,
1993-12-09,-14.8934469223022,0.00227294908836484,0.0382705889642239,
1993-12-10,-10.4758262634277,5.10390615463257,0.144786566495895,
1993-12-11,-11.9388628005981,1.62064206600189,0,
1993-12-12,-13.5114250183105,0.214486941695213,0,
1993-12-13,-9.8363790512085,0.720996499061585,0.0440174788236618,
1993-12-14,-8.69654941558838,0.0267979092895985,0.00895772781223059,
1993-12-15,-7.65506410598755,0.107423141598701,0.00908520724624395,
1993-12-16,-7.88745212554932,0.000210785248782486,0.00869138818234205,
1993-12-17,-8.90545654296875,1.34442567825317,0,
1993-12-18,-12.8169174194336,0.551405251026154,0,
1993-12-19,-13.7150917053223,0.291722893714905,0.0477460287511349,
1993-12-20,-12.3465671539307,2.38271641731262,0.145019441843033,
1993-12-21,-18.4314403533936,1.87680649757385,0.0459298752248287,
1993-12-22,-16.6066436767578,1.87664580345154,0.0407312996685505,
1993-12-23,-15.912652015686,2.03782677650452,0.0863186120986939,
1993-12-24,-13.8720254898071,0.241984635591507,0,
1993-12-25,-14.0934371948242,3.5828902721405,0.0800828710198402,
1993-12-26,-20.5841255187988,1.29434752464294,0,
1993-12-27,-18.3975143432617,0.0366436317563057,0.0537822134792805,
1993-12-28,-18.5610332489014,0.000289743067696691,0,
1993-12-29,-13.9275321960449,0.246143668889999,0.0499081909656525,
1993-12-30,-16.0751361846924,0.743440091609955,0.0626430213451386,
1993-12-31,-25.1211051940918,0.0182946436107159,0,
1994-01-01,-28.8694667816162,0.381736129522324,0.0308678187429905,
1994-01-02,-25.3040561676025,1.35274934768677,0.0218831524252892,
1994-01-03,-28.1783390045166,0.25930842757225,0,
1994-01-04,-31.205774307251,0.160058006644249,0.0213066432625055,
1994-01-05,-27.6559753417969,1.20957553386688,0.0289310291409493,
1994-01-06,-30.1719131469727,0.0188197568058968,0.0185672715306282,
1994-01-07,-26.5353927612305,1.68238365650177,0.0260540191084147,
1994-01-08,-29.2446765899658,4.63139533996582,0.0267859362065792,
1994-01-09,-33.6985702514648,0.376278400421143,0.00970512814819813,
1994-01-10,-35.5102195739746,0.0349484086036682,0.0059789982624352,
1994-01-11,-34.2662925720215,0.0311332549899817,0.013495228253305,
1994-01-12,-31.0985145568848,1.08732414245605,0.0348313748836517,
1994-01-13,-31.348180770874,0.622031807899475,0.0143067976459861,
1994-01-14,-31.6477355957031,0.381161481142044,0.011498617939651,
1994-01-15,-30.587345123291,0.318006813526154,0.0263512302190065,
1994-01-16,-34.8399696350098,0.0880087912082672,0.0132576888427138,
1994-01-17,-31.9000873565674,0.624358892440796,0.00986132398247719,
1994-01-18,-25.8167686462402,0.100851371884346,0.091540664434433,
1994-01-19,-21.7266941070557,2.36413812637329,0.0398832894861698,
1994-01-20,-17.9483604431152,3.10128161800094e-05,0.020515326410532,
1994-01-21,-19.1155624389648,1.09477698802948,0.0865279585123062,
1994-01-22,-16.1103515625,1.05059456825256,0.0267107803374529,
1994-01-23,-18.1145515441895,0.0626126155257225,0.0148680452257395,
1994-01-24,-17.6781196594238,2.50684833526611,0.151598200201988,
1994-01-25,-15.2054929733276,1.06142723560333,0.0650417134165764,
1994-01-26,-11.9431533813477,0.0393500477075577,0.0401251502335072,
1994-01-27,-13.0227909088135,0.276396542787552,0.045309454202652,
1994-01-28,-10.1484699249268,0.492353051900864,0.124324351549149,
1994-01-29,-10.7859086990356,0.0895242989063263,0.0345234908163548,
1994-01-30,-9.36039733886719,0.125635474920273,0.032478392124176,
1994-01-31,-10.3649845123291,0.938811838626862,0.122389674186707,
1994-02-01,-13.8529119491577,0.766192853450775,0.124637000262737,
1994-02-02,-21.1086940765381,0.00116083293687552,0.0673215091228485,
1994-02-03,-22.3900470733643,6.38122799045959e-08,0.128329247236252,
1994-02-04,-19.3296070098877,0.453362196683884,0.183338046073914,
1994-02-05,-24.0653400421143,0.32225427031517,0.0632025003433228,
1994-02-06,-32.4134750366211,0.10505161434412,0.0256047379225493,
1994-02-07,-29.2489356994629,0.0116839297115803,0.0742409378290176,
1994-02-08,-27.3542060852051,0.0104522369801998,0.0529880002140999,
1994-02-09,-26.8580074310303,0.0569897294044495,0.059237252920866,
1994-02-10,-28.7090492248535,0.0727664828300476,0.05283223092556,
1994-02-11,-30.3216609954834,0,0.0725262463092804,
1994-02-12,-21.8600101470947,3.62700319290161,0.150295525789261,
1994-02-13,-21.9780864715576,5.45645189285278,0.104945980012417,
1994-02-14,-27.2201614379883,0.33665531873703,0.0789581388235092,
1994-02-15,-24.6219596862793,0.34349063038826,0.137093231081963,
1994-02-16,-24.4984455108643,0.380440950393677,0.0698205456137657,
1994-02-17,-25.2523365020752,1.70821857452393,0.156177014112473,
1994-02-18,-21.6101379394531,5.45686626434326,0.168313696980476,
1994-02-19,-27.7082023620605,1.34250378608704,0.126717910170555,
1994-02-20,-30.6201591491699,0.320191144943237,0.0777573958039284,
1994-02-21,-31.9671859741211,0.000161857722559944,0.07933758944273,
1994-02-22,-27.8104515075684,0,0.128146946430206,
1994-02-23,-25.2980690002441,0.36047238111496,0.123449742794037,
1994-02-24,-26.7567234039307,0.0292833913117647,0.105356767773628,0.0134580776937405
1994-02-25,-26.9005336761475,0.191639080643654,0.0977262407541275,0.0135270936191813
1994-02-26,-25.2040328979492,0.560983061790466,0.149068132042885,0.0135961095446221
1994-02-27,-24.9214382171631,0.519830465316773,0.164383038878441,0.013699633946991
1994-02-28,-14.0509586334229,1.53680598735809,0.230879843235016,0.0138031573209445
1994-03-01,-10.7085742950439,10.7132844924927,0.347552806138992,0.0138031573209445
1994-03-02,-2.84848976135254,4.58926105499268,0.471297204494476,0.0139756966203388
1994-03-03,-0.796079158782959,0.652299225330353,0.396470367908478,0.0143207752191274
1994-03-04,-0.719540178775787,4.03601443395019e-05,0.36394801735878,0.0146658548463314
1994-03-05,-5.132652759552,1.44496154785156,0.484418272972107,0.0151834727445143
1994-03-06,-13.1561393737793,0.0287089087069035,0.294480502605438,0.0158736309705069
1994-03-07,-20.4629898071289,0.0197699069976807,0.271226227283478,0.0155285513433029
1994-03-08,-14.4836883544922,0.209651648998261,0.34329280257225,0.01501093344512
1994-03-09,-13.0244102478027,0.63008725643158,0.421452760696411,0.0146658548463314
1994-03-10,-8.61423397064209,4.80381117995421e-07,0.537722826004028,0.0143207752191274
1994-03-11,-3.74141311645508,0,0.636118710041046,0.0141482359197331
1994-03-12,-3.5197057723999,1.74388468265533,0.528338372707367,0.0143207752191274
1994-03-13,2.97228598594666,0.321535646915436,1.27811169624329,0.0146658548463314
1994-03-14,0.333966016769409,0.091853603720665,0.617126703262329,0.0163912488686899
1994-03-15,0.0518361181020737,0.130981653928757,0.769644141197205,0.0200145772412164
1994-03-16,-0.0395193621516228,1.14350485801697,0.586658537387848,0.0293317096926628
1994-03-17,-1.36413383483887,1.55242478847504,0.604763984680176,0.0276063146418889
1994-03-18,-6.28459548950195,0.887135624885559,0.575327515602112,0.0215674329925959
1994-03-19,-7.28421449661255,0.381233870983124,0.573826491832733,0.0227752101451868
1994-03-20,-6.48717260360718,0.971881747245789,0.638633728027344,0.0207047364956244
1994-03-21,-8.30334568023682,0.0625417977571487,0.608896613121033,0.0172539463940767
1994-03-22,-9.87050437927246,0.0813958421349526,0.607105553150177,0.0142517592936866
1994-03-23,-8.72817897796631,0.0141226761043072,0.683620095252991,0.0141482359197331
1994-03-24,-5.29805994033813,0.171340987086296,0.8386110663414,0.0151834727445143
1994-03-25,-2.31272530555725,0.00286392890848219,0.949746489524841,0.0160116617929732
1994-03-26,-1.39350378513336,0.0891552045941353,0.957037389278412,0.0165637881680842
1994-03-27,1.83909606933594,2.28414297103882,1.04645240306854,0.0163912488686899
1994-03-28,-0.439948856830597,0.0381225794553757,1.11371624469757,0.0182891821904426
1994-03-29,2.03172636032104,0,1.15609264373779,0.0190138488933633
1994-03-30,2.90480136871338,0,1.34201681613922,0.0241555245403413
1994-03-31,2.17585563659668,0.76257336139679,1.10196685791016,0.0586634193853256
1994-04-01,-1.68843281269073,0.0545917190611363,0.670017778873444,0.0862697319703837
1994-04-02,-1.55265438556671,0.0118508888408542,1.18981993198395,0.0948967051674221
1994-04-03,-8.03771018981934,0.000443492404883727,0.970864415168762,0.10352367836446
1994-04-04,-10.7562847137451,0,0.954735577106476,0.100072892376574
1994-04-05,-8.76665306091309,0,1.13227653503418,0.0948967051674221
1994-04-06,-4.77813100814819,0.000367879838449881,1.27539551258087,0.069015785576307
1994-04-07,-3.13661336898804,0.124853618443012,1.39463865756989,0.0607338909780574
1994-04-08,-3.0421302318573,0.0101741133257747,1.02819931507111,0.0562478650801438
1994-04-09,-3.76695156097412,0.0152916051447392,1.37312543392181,0.0517618391822302
1994-04-10,1.01718199253082,2.09474658966064,1.49665009975433,0.0586634193853256
1994-04-11,2.32049489021301,1.21959841251373,1.51035439968109,0.069015785576307
1994-04-12,-0.26082569360733,2.80804705619812,1.07096123695374,0.0900655965570588
1994-04-13,-3.22827243804932,1.04703593254089,1.00816571712494,0.0845443389764408
1994-04-14,-1.41361212730408,1.62095022201538,1.39008903503418,0.120432546159749
1994-04-15,1.12288212776184,1.19274640083313,1.46945929527283,0.173919778335922
1994-04-16,1.99130618572235,1.47798645496368,1.65442061424255,0.161496932324886
1994-04-17,1.40552759170532,0.0921960547566414,1.89509558677673,0.189793410334844
1994-04-18,-1.32712864875793,0.0131758796051145,1.65013635158539,0.223266059099309
1994-04-19,1.16447329521179,0,2.1714141368866,0.180476279940229
1994-04-20,4.02973127365112,0,2.11082553863525,0.227752089110884
1994-04-21,5.1656436920166,0.0500517375767231,2.2162013053894,0.255358409923265
1994-04-22,3.20290756225586,12.9556550979614,0.653655111789703,0.326099580266193
1994-04-23,-2.72195935249329,4.10075807571411,1.08521807193756,0.735018090060235
1994-04-24,-6.20502328872681,0.565342545509338,1.61901700496674,1.33890621385292
1994-04-25,-4.6889214515686,0.0269962474703789,1.64432299137115,1.04213838852967
1994-04-26,-1.94493103027344,2.84937071800232,1.49091231822968,0.852344978194826
1994-04-27,-0.541462779045105,0.519075334072113,1.60470831394196,0.745370497387831
1994-04-28,2.08116316795349,0.00149011122994125,2.14064717292786,0.693608658205601
1994-04-29,6.85098266601562,0.0664103031158447,2.40129208564758,0.769525982848388
1994-04-30,8.13461017608643,0,3.01213645935059,1.2284809306034
1994-05-01,10.1371822357178,1.72108638286591,2.80816602706909,2.16364490414466
1994-05-02,7.15617227554321,1.67116665840149,2.3693220615387,2.90901546735107
1994-05-03,4.15050268173218,0,2.84575271606445,3.18162760975802
1994-05-04,5.9476957321167,0,3.15449690818787,3.12641503395184
1994-05-05,7.79064750671387,0.548498809337616,3.13859987258911,2.54668259307546
1994-05-06,8.99461460113525,7.25161170959473,3.55360531806946,2.17744798227762
1994-05-07,6.86824226379395,6.0880560874939,2.15646505355835,2.26026697762405
1994-05-08,5.66214656829834,1.19618165493011,3.19940662384033,2.82274573538069
1994-05-09,6.79151964187622,1.39577579498291,2.60895705223084,3.41283064940325
1994-05-10,8.25606155395508,1.17412316799164,3.0394504070282,2.60879664212954
1994-05-11,6.66485595703125,1.59180104732513,2.26506686210632,2.14294008948947
1994-05-12,8.2223949432373,3.58433556556702,1.94837689399719,1.87722942033042
1994-05-13,7.13851165771484,0.0236672349274159,3.93153262138367,1.69433748324347
1994-05-14,7.31180286407471,5.94719552993774,2.47860336303711,1.53215049244888
1994-05-15,6.55076456069946,1.13546168804169,3.14795255661011,1.67363280022544
1994-05-16,8.58460330963135,0.0972502902150154,3.59091520309448,2.07737517217427
1994-05-17,8.45556354522705,0,2.58975696563721,2.31202881680628
1994-05-18,7.08193874359131,0,3.75353264808655,1.85307386905128
1994-05-19,7.52918815612793,0,4.0237717628479,1.55630591209086
1994-05-20,8.12792110443115,0.0569532364606857,4.30885696411133,1.36306176513206
1994-05-21,9.00034713745117,0,3.6586811542511,1.26643969165267
1994-05-22,8.47355842590332,0.0135118486359715,3.02662515640259,1.16636674991215
1994-05-23,10.4901351928711,2.28585553169251,3.22359085083008,1.12150651561499
1994-05-24,12.5669240951538,0.735911071300507,4.2877516746521,1.00072889085645
1994-05-25,15.213550567627,1.85579228401184,5.10187768936157,0.99727808841392
1994-05-26,13.1321277618408,0.673600554466248,4.47968721389771,0.955868656559286
1994-05-27,11.0436840057373,2.2671856880188,3.87286567687988,0.931713105280144
1994-05-28,8.09145832061768,0.0139749497175217,4.40362930297852,0.966220998068298
1994-05-29,9.13665676116943,1.8041775226593,2.41980838775635,1.02488444213559
1994-05-30,8.13557243347168,6.68677473068237,2.15439581871033,0.942065446789156
1994-05-31,9.46041107177734,0.22938098013401,4.52623701095581,0.897205212491991
1994-06-01,13.6672277450562,1.96606349945068,3.34463000297546,0.862697319703837
1994-06-02,13.6301336288452,0.0272446535527706,4.72542142868042,0.807484678079076
1994-06-03,13.2476577758789,0.00892479438334703,5.17668867111206,0.776427587733454
1994-06-04,16.2130165100098,0.003597003640607,5.67287921905518,0.724665748551224
1994-06-05,16.6830348968506,0.129292786121368,5.39913940429688,0.655649962974917
1994-06-06,17.1809406280518,0.203060686588287,5.65863847732544,0.610789728677751
1994-06-07,17.9293251037598,0.000199887013877742,4.67732381820679,0.576281835889598
1994-06-08,17.0272445678711,0.0391655303537846,4.17907428741455,0.545224712634685
1994-06-09,14.3222770690918,0.341852366924286,3.55424237251282,0.517618391822302
1994-06-10,11.4864168167114,7.10120820999146,1.84491014480591,0.483110499034149
1994-06-11,10.2592916488647,0.243182733654976,3.48478698730469,0.465856552640072
1994-06-12,8.02760982513428,0.103517189621925,3.46340250968933,0.458954980664301
1994-06-13,6.17023658752441,0.752880394458771,3.07657909393311,0.452053408688526
1994-06-14,6.38569498062134,0.00272690877318382,3.18084931373596,0.427897857409388
1994-06-15,6.86241817474365,0,4.07435035705566,0.410643911015311
1994-06-16,10.0290279388428,3.94248763768701e-06,3.83041429519653,0.389939195087994
1994-06-17,11.408597946167,0.359814494848251,4.88262796401978,0.369234446251383
1994-06-18,13.7135410308838,0.0902311652898788,5.26261377334595,0.345078927881535
1994-06-19,12.7050285339355,3.45839405059814,4.02234315872192,0.327824981487458
1994-06-20,12.057559967041,4.70100498199463,3.75749802589417,0.313331663883691
1994-06-21,14.001748085022,0.253327757120132,4.41260480880737,0.280549172316803
1994-06-22,15.351149559021,0.899180054664612,5.35219240188599,0.276063142305228
1994-06-23,14.1061735153198,6.6909031867981,3.98192048072815,0.271577112293653
1994-06-24,11.61208152771,8.24567794799805,3.66446232795715,0.277098369874271
1994-06-25,13.8190279006958,1.65469741821289,4.47255754470825,0.327824981487458
1994-06-26,16.0648250579834,1.17667472362518,5.20776748657227,0.403742339039536
1994-06-27,12.1536102294922,3.73433661460876,3.30650186538696,0.420996285433613
1994-06-28,9.70323371887207,0.1652822047472,3.29251933097839,0.365783676718143
1994-06-29,10.8144369125366,2.0231294631958,3.26373767852783,0.358882071833081
1994-06-30,11.9438438415527,0.0473650991916657,4.28748798370361,0.322648810732952
1994-07-01,12.8002758026123,0.0116555616259575,3.09331512451172,0.304704690686652
1994-07-02,14.1517286300659,0.0800572410225868,2.86250638961792,0.289866286256773
1994-07-03,14.0674467086792,1.89655804634094,3.25021123886108,0.277443456700383
1994-07-04,13.0256652832031,0.0193890295922756,4.48167419433594,0.272957426688808
1994-07-05,10.0865287780762,0.470506608486176,3.07352542877197,0.260189510306306
1994-07-06,11.0263547897339,0.0930000171065331,1.7082200050354,0.238449533900654
1994-07-07,14.5516319274902,3.89308214187622,3.65266704559326,0.214294015530805
1994-07-08,16.5760803222656,10.3644599914551,2.98024535179138,0.208772757950187
1994-07-09,12.4651927947998,0.847172141075134,4.32363319396973,0.205321955507655
1994-07-10,11.593770980835,3.66186714172363,2.80355405807495,0.20221625634588
1994-07-11,13.247483253479,2.02865076065063,3.2943902015686,0.198765470357994
1994-07-12,15.7394714355469,1.38633954524994,4.11349439620972,0.197730226334305
1994-07-13,15.1440496444702,0.00204411568120122,4.3674898147583,0.195314667915462
1994-07-14,15.4357633590698,0.0011927206069231,4.52803993225098,0.198765470357994
1994-07-15,17.2415561676025,1.87258648872376,4.43415451049805,0.184617223125692
1994-07-16,17.4509124755859,0.854152321815491,4.52130270004273,0.170468992348036
1994-07-17,16.4688816070557,6.33142328262329,3.46420574188232,0.157010918767957
1994-07-18,15.1357498168945,6.95797252655029,2.16922640800476,0.162187089522463
1994-07-19,16.2929039001465,0.838666558265686,4.43093824386597,0.170123905521924
1994-07-20,17.9075031280518,0.0375361740589142,5.36717987060547,0.191173724729999
1994-07-21,15.5191335678101,3.45041418075562,3.55174732208252,0.19151881155611
1994-07-22,14.9341135025024,0.0743524134159088,4.37420988082886,0.180821350311694
1994-07-23,17.045223236084,0.134891152381897,4.06161069869995,0.165292805138884
1994-07-24,18.5656566619873,0.0142262224107981,4.83554744720459,0.149764259966073
1994-07-25,19.6546764373779,0,5.4328351020813,0.141827443966611
1994-07-26,21.0757122039795,0.159207463264465,4.82293272018433,0.136306178158671
1994-07-27,21.474193572998,3.51164698600769,3.17131519317627,0.12836936215921
1994-07-28,18.4753150939941,0.0654702261090279,4.90253782272339,0.123538253548846
1994-07-29,19.5646858215332,0.064192108809948,4.86071443557739,0.117326838770651
1994-07-30,19.5583324432373,0,5.10603523254395,0.115601437549385
1994-07-31,17.1914806365967,11.6680240631104,1.56884276866913,0.128714440757999
1994-08-01,15.3123464584351,0.201854050159454,3.56332516670227,0.119052231764594
1994-08-02,16.587474822998,0.0940138772130013,4.46857786178589,0.0938614693710563
1994-08-03,18.2441520690918,0.241690650582314,4.08878469467163,0.0890303607606926
1994-08-04,18.5887680053711,0.0121967531740665,4.6549334526062,0.0821287887849203
1994-08-05,19.1260681152344,0.721078217029572,4.02013778686523,0.0776427587733454
1994-08-06,14.0023078918457,1.77147665425537e-08,3.80167770385742,0.073501815587882
1994-08-07,13.3450736999512,0.543931186199188,3.13080215454102,0.0697059427738841
1994-08-08,15.1713829040527,0.0645778849720955,2.99209952354431,0.0697059427738841
1994-08-09,14.9065504074097,0.124968938529491,3.43557786941528,0.0603888123792686
1994-08-10,15.773078918457,0,3.7581250667572,0.0631494452832389
1994-08-11,15.9159135818481,0.491179436445236,3.42882227897644,0.0569380222777209
1994-08-12,14.3868932723999,0.206078991293907,2.79879665374756,0.0514167605834415
1994-08-13,14.1771001815796,0.14107047021389,4.02406644821167,0.0514167605834415
1994-08-14,17.2485942840576,0.318562865257263,3.86459445953369,0.0503815247870757
1994-08-15,15.8264064788818,0.0800671428442001,3.0030677318573,0.0493462848770484
1994-08-16,13.5387506484985,0.759234249591827,1.77962779998779,0.0472758132843167
1994-08-17,13.587381362915,0.53637045621872,2.98290634155273,0.0455504202903737
1994-08-18,16.6552791595459,0.0155144464224577,3.23270082473755,0.0396840758836442
1994-08-19,18.7203540802002,0.165055796504021,3.94278740882874,0.0386488400872783
1994-08-20,14.8233737945557,2.49261236190796,2.03424525260925,0.0379586828897012
1994-08-21,15.6704788208008,0.0265878792852163,2.75896787643433,0.0369234470933353
1994-08-22,14.3565340042114,2.48394680023193,3.01462078094482,0.0348529713869422
1994-08-23,9.88032341003418,6.34719181060791,0.944260776042938,0.0362332857820965
1994-08-24,9.21250534057617,0.0084040705114603,2.51389241218567,0.0376136042909125
1994-08-25,9.46090316772461,0,2.09057402610779,0.0476208918831054
1994-08-26,11.6708574295044,0.0440581366419792,2.8172447681427,0.0476208918831054
1994-08-27,12.8733701705933,0,2.93228554725647,0.0462405774879508
1994-08-28,14.339207649231,0.00741068180650473,3.27300143241882,0.0448602589791348
1994-08-29,11.2032308578491,0,3.01448154449463,0.0431348659851919
1994-08-30,10.1674118041992,0,3.07872009277344,0.0414094729912489
1994-08-31,10.0981349945068,0,3.23447418212891,0.04071931168001
1994-09-01,11.1850671768188,0.12381199747324,3.52098536491394,0.0396840758836442
1994-09-02,10.9289255142212,0.0124391578137875,2.63701033592224,0.0372685256921237
1994-09-03,11.3274707794189,0.00303538329899311,2.70947432518005,0.0348529713869422
1994-09-04,9.37213802337646,0.00474693067371845,2.60285592079163,0.0336451962911819
1994-09-05,8.51498889923096,0,2.55903649330139,0.0324029116900784
1994-09-06,9.19171047210693,4.54777145385742,2.37479948997498,0.0280549176430464
1994-09-07,8.82979488372803,8.09654426574707,1.45878028869629,0.0282964718394662
1994-09-08,5.97664451599121,0.496696561574936,1.02768456935883,0.0303669454890286
1994-09-09,4.99181175231934,6.13927173614502,0.328029006719589,0.0296767882914514
1994-09-10,4.68615579605103,4.31334257125855,0.526314318180084,0.0267091086395739
1994-09-11,3.61858534812927,1.70993852615356,1.03524804115295,0.0322648798391968
1994-09-12,3.48047566413879,1.48428809642792,1.19827222824097,0.0339902748899706
1994-09-13,6.00822830200195,6.19419193267822,0.929587304592133,0.032747990288867
1994-09-14,5.66924715042114,7.41605424880981,0.280094057321548,0.0322648798391968
1994-09-15,8.738356590271,0.696800410747528,2.06060242652893,0.0316092300901322
1994-09-16,10.5900888442993,0.0287268199026585,2.39681029319763,0.0315747226416195
1994-09-17,13.9945955276489,0.211869806051254,2.33638143539429,0.0315402131362761
1994-09-18,12.8980684280396,0,2.21139073371887,0.0309535803410677
1994-09-19,9.51127815246582,0.0465933345258236,2.04477095603943,0.0307120240878172
1994-09-20,5.07908582687378,0.529121577739716,1.50501918792725,0.0305394847884229
1994-09-21,4.75905227661133,0.343003898859024,1.32227540016174,0.0313676738368818
1994-09-22,9.99887752532959,0.0654700919985771,2.21903657913208,0.0294007245896882
1994-09-23,6.21996784210205,0.155406400561333,1.87239253520966,0.0285035185873732
1994-09-24,7.20527982711792,0.000716115755494684,2.03459191322327,0.0274682827910073
1994-09-25,9.93623352050781,0.534396290779114,1.90797030925751,0.0272612360431003
1994-09-26,7.50078105926514,1.25960028171539,1.4538756608963,0.0262259981899038
1994-09-27,3.82232093811035,7.75431728363037,0.31362247467041,0.0255703484408392
1994-09-28,1.47487616539001,3.35243391990662,0.772726655006409,0.0260879663390222
1994-09-29,0.21510323882103,0.0623408406972885,0.683963537216187,0.0259154270396279
1994-09-30,0.984188139438629,0,1.02635371685028,0.025604855889352
1994-10-01,1.37796461582184,11.5113077163696,0.328172653913498,0.0298838350393584
1994-10-02,2.14502167701721,1.36905610561371,0.818270027637482,0.0300563743387527
1994-10-03,1.2358809709549,0.0297663677483797,0.659300923347473,0.0310571026866059
1994-10-04,6.16435766220093,1.21721304822131e-05,1.34393644332886,0.030919072892555
1994-10-05,5.61250734329224,2.46996307373047,0.794585883617401,0.0304359624428848
1994-10-06,2.59427428245544,0.249981805682182,0.781477987766266,0.0315402131362761
1994-10-07,3.54937505722046,0.00302162393927574,1.02200651168823,0.0328170051858924
1994-10-08,2.17752408981323,0.753478229045868,0.70595121383667,0.0316782449871577
1994-10-09,2.26145386695862,0.0401365272700787,0.701570272445679,0.0326444658864981
1994-10-10,1.77813851833344,1.39017260074615,0.7899449467659,0.0362332857820965
1994-10-11,0.249901443719864,0.00354704726487398,0.673211574554443,0.0386488400872783
1994-10-12,0.983716726303101,0.00140244455542415,0.706570208072662,0.0383037614884896
1994-10-13,1.85172069072723,0,0.655993402004242,0.0351980499857306
1994-10-14,2.49509382247925,0.0829358398914337,0.64588874578476,0.0348529713869422
1994-10-15,-0.00673441402614117,0.103323221206665,0.321709305047989,0.0332311007385372
1994-10-16,0.700663268566132,0.121096268296242,0.422123372554779,0.0306430091907918
1994-10-17,1.52001810073853,0.804980158805847,0.314606994390488,0.0294697394867137
1994-10-18,1.29419648647308,0.138853028416634,0.614305317401886,0.0273647583886385
1994-10-19,-0.520356893539429,0.567096769809723,0.171360015869141,0.027295743491613
1994-10-20,-0.10607285797596,0.0250027719885111,0.394061386585236,0.0288140897376491
1994-10-21,-1.80300164222717,0,0.353255391120911,0.026916155387481
1994-10-22,-3.1800012588501,0.289853096008301,0.279523938894272,0.0263640300407854
1994-10-23,-2.4877598285675,0.0035960734821856,0.249138578772545,0.0229132399392377
1994-10-24,-2.39698886871338,0.0345143787562847,0.298818200826645,0.0248456837947492
1994-10-25,1.21982800960541,0.0233441088348627,0.49585822224617,0.0247076519438677
1994-10-26,5.00536727905273,0.689602077007294,0.655986368656158,0.0247076519438677
1994-10-27,-0.18458317220211,1.72986423969269,0.386733561754227,0.0263640300407854
1994-10-28,-3.31005525588989,1.75756168365479,0.502378165721893,0.0240174926894597
1994-10-29,-6.86711597442627,0.0923994705080986,0.288123726844788,0.0229132399392377
1994-10-30,-8.95407772064209,0.0151194930076599,0.21896505355835,0.0218089892458464
1994-10-31,-8.92269229888916,0.373237520456314,0.18647937476635,0.0192208956412703
1994-11-01,-9.12105274200439,1.5578625202179,0.232560440897942,0.0168398518698473
1994-11-02,-12.0055799484253,0.038248497992754,0.113047167658806,
1994-11-03,-11.7647018432617,0.144372031092644,0.226354315876961,
1994-11-04,-4.65914535522461,0.00120672164484859,0.252427279949188,
1994-11-05,-7.60965776443481,0.551223278045654,0.105900630354881,
1994-11-06,-9.37790584564209,0.000425143429310992,0.14176644384861,
1994-11-07,-7.67267179489136,0.110392116010189,0.0152881816029549,
1994-11-08,-10.2452297210693,0.0870516672730446,0.0152023267000914,
1994-11-09,-8.8209810256958,0.198516950011253,0.0131455734372139,
1994-11-10,-11.7377872467041,0.806948065757752,0.0997759774327278,
1994-11-11,-5.21616840362549,1.91778516769409,0.0998987182974815,
1994-11-12,-8.61945152282715,0,0,
1994-11-13,-10.614727973938,0.138167634606361,0,
1994-11-14,-10.3859643936157,1.13760316371918,0.0641404539346695,
1994-11-15,-11.6692514419556,0.18390865623951,0,
1994-11-16,-8.95269203186035,0.256720513105392,0.0374404639005661,
1994-11-17,-17.0863666534424,0.177585035562515,0,
1994-11-18,-16.1505527496338,0.00605886243283749,0.127661898732185,
1994-11-19,-12.9707841873169,0.181385204195976,0.0290051065385342,
1994-11-20,-21.0684547424316,0.143725246191025,0,
1994-11-21,-21.06396484375,0.260758370161057,0.067386195063591,
1994-11-22,-14.4259843826294,0.464276403188705,0.0772671774029732,
1994-11-23,-16.0967559814453,0.152637094259262,0.0400307364761829,
1994-11-24,-22.7497825622559,0.116931200027466,0.0237046796828508,
1994-11-25,-21.1136035919189,0.199568510055542,0.078368566930294,
1994-11-26,-19.7763042449951,2.87352514266968,0.0952560603618622,
1994-11-27,-17.7617988586426,3.34477626893204e-05,0,
1994-11-28,-17.8917503356934,0.0322842933237553,0.00804475042968988,
1994-11-29,-17.2197456359863,0.227610006928444,0.064211867749691,
1994-11-30,-20.3112144470215,5.70093584060669,0.0829127132892609,
1994-12-01,-24.4097156524658,1.6348317861557,0.0161590836942196,
1994-12-02,-29.2580432891846,0.0663615390658379,0.00664318073540926,
1994-12-03,-26.8940334320068,0.00308391521684825,0.0239888597279787,
1994-12-04,-23.4099464416504,0,0.116185359656811,
1994-12-05,-16.5800609588623,0,0.193254053592682,
1994-12-06,-14.5011653900146,0.000384818471502513,0.149730905890465,
1994-12-07,-20.5563945770264,0.109084099531174,0,
1994-12-08,-24.4383163452148,0.563003659248352,0.00902681052684784,
1994-12-09,-27.5148048400879,0.262667208909988,0,
1994-12-10,-26.0376834869385,3.76635956764221,0.0985662490129471,
1994-12-11,-24.5955085754395,1.50422835350037,0,
1994-12-12,-19.230598449707,1.15445654955693e-05,0.0194323379546404,
1994-12-13,-11.1264896392822,0.0190964713692665,0.0220750086009502,
1994-12-14,-12.330602645874,0,0,
1994-12-15,-13.7182750701904,0,0,
1994-12-16,-14.2597684860229,0.0797043070197105,0,
1994-12-17,-14.1363115310669,1.60153150558472,0.01995550096035,
1994-12-18,-11.0372533798218,0.0829748660326004,0.00840171240270138,
1994-12-19,-8.29830932617188,0.37196472287178,0.134561970829964,
1994-12-20,-8.86493587493896,0.00748506328091025,0,
1994-12-21,-9.7055606842041,0.00659721856936812,0,
1994-12-22,-5.29154586791992,0,0.0636641010642052,
1994-12-23,-7.39569282531738,0,0.0138640180230141,
1994-12-24,-7.07100820541382,0.00358372647315264,0.276238411664963,
1994-12-25,-10.1156435012817,0.0675452798604965,0,
1994-12-26,-15.1153955459595,0,0,
1994-12-27,-15.3859930038452,1.07054209709167,0.00918252673000097,
1994-12-28,-14.9548091888428,0,0.0283635091036558,
1994-12-29,-17.5326995849609,0.240496501326561,0,
1994-12-30,-16.8168334960938,0.00169301428832114,0.0950303748250008,
1994-12-31,-13.3876943588257,0.0165657848119736,0.00442873733118176,
1995-01-01,-15.4317893981934,0.0637473464012146,0,
1995-01-02,-18.9937744140625,0.000210969024919905,0.0155484583228827,
1995-01-03,-16.052490234375,0,0.0714301690459251,
1995-01-04,-13.9106874465942,0.0576208792626858,0.068662129342556,
1995-01-05,-17.1900653839111,0.145176693797112,0,
1995-01-06,-16.255838394165,0.149629175662994,0.00493889674544334,
1995-01-07,-19.6700496673584,0,0,
1995-01-08,-25.3793106079102,0,0,
1995-01-09,-22.7569179534912,0.0299329068511724,0.0352013409137726,
1995-01-10,-17.9383678436279,0.365161269903183,0.0647425130009651,
1995-01-11,-16.0777740478516,0.70118123292923,0.0501101985573769,
1995-01-12,-14.9692621231079,0.173121720552444,0.041570995002985,
1995-01-13,-13.0089149475098,0.163702920079231,0.0280348509550095,
1995-01-14,-13.0425882339478,0.0173070207238197,0.0214553438127041,
1995-01-15,-13.1125593185425,0.437690019607544,0,
1995-01-16,-13.661696434021,0.0242027658969164,0,
1995-01-17,-11.6507263183594,0.0124675454571843,0,
1995-01-18,-10.9269962310791,0.929142951965332,0,
1995-01-19,-9.87518405914307,1.66401827335358,0.0679370164871216,
1995-01-20,-9.15963935852051,0.107119187712669,0.0592479780316353,
1995-01-21,-8.70267963409424,0,0.133810698986053,
1995-01-22,-8.37494373321533,0,0.112411186099052,
1995-01-23,-11.7211494445801,0,0.0334380306303501,
1995-01-24,-12.0934276580811,0.347504764795303,0.0192616581916809,
1995-01-25,-11.8176965713501,1.60800427693175e-05,0.0511764697730541,
1995-01-26,-12.8606023788452,0.00480434624478221,0.025567963719368,
1995-01-27,-14.3424797058105,5.03328692502691e-06,0.0452655777335167,
1995-01-28,-11.4074726104736,0,0.0911350324749947,
1995-01-29,-6.48094320297241,3.43679571151733,0.169837772846222,
1995-01-30,-5.26595211029053,2.17868781089783,0.0660585314035416,
1995-01-31,-8.43085384368896,0.0144361322745681,0.11800591647625,
1995-02-01,-10.6967096328735,2.39031958580017,0.0992100685834885,
1995-02-02,-17.8633251190186,0.998139321804047,0.0471145808696747,
1995-02-03,-13.3560419082642,1.45701313018799,0.137422621250153,
1995-02-04,-6.0872950553894,0.360043495893478,0.0936421677470207,
1995-02-05,-7.40931177139282,0,0.0514225624501705,
1995-02-06,-10.1817655563354,0,0.130864411592484,
1995-02-07,-6.57114505767822,0.0194424595683813,0.113707914948463,
1995-02-08,-5.20504760742188,5.21258163452148,0.0180656891316175,
1995-02-09,-16.4232635498047,2.04422116279602,0.132183521986008,
1995-02-10,-22.7660484313965,0.0791434571146965,0.0828777179121971,
1995-02-11,-23.9119625091553,0.0433833710849285,0.0953021571040154,
1995-02-12,-19.2901859283447,0,0.142228871583939,
1995-02-13,-17.6429290771484,0.340132474899292,0.138563245534897,
1995-02-14,-22.5005493164062,0.159547388553619,0.0715729966759682,
1995-02-15,-25.1236343383789,0.0701962411403656,0.0797645896673203,
1995-02-16,-28.8705005645752,0.00868884008377791,0.0685071870684624,
1995-02-17,-24.0559349060059,0.0880695730447769,0.127388522028923,
1995-02-18,-22.4038181304932,3.21860647201538,0.142653957009316,
1995-02-19,-22.5041828155518,4.08922958374023,0.189854994416237,
1995-02-20,-15.1944875717163,2.87129259109497,0.21224083006382,
1995-02-21,-12.4582967758179,0.857497453689575,0.220100328326225,6.90157888543808e-05
1995-02-22,-14.2008657455444,0.00503447186201811,0.213687494397163,6.90157888543808e-05
1995-02-23,-18.6577434539795,0.000135891037643887,0.185826972126961,6.90157888543808e-05
1995-02-24,-15.5760288238525,6.09201240539551,0.216763868927956,6.90157888543808e-05
1995-02-25,-20.2034454345703,6.62456750869751,0.18778982758522,6.90157888543808e-05
1995-02-26,-22.707202911377,0.972651362419128,0.158259585499764,6.90157888543808e-05
1995-02-27,-24.7320957183838,6.48843297312851e-06,0.151939854025841,6.90157888543808e-05
1995-02-28,-23.2146549224854,0.239766150712967,0.199248254299164,6.90157888543808e-05
1995-03-01,-13.7076768875122,0.73210996389389,0.329826474189758,6.90157888543808e-05
1995-03-02,-14.7724018096924,0.000452707492513582,0.206726104021072,6.90157888543808e-05
1995-03-03,-27.1560554504395,0.0309264212846756,0.136545568704605,6.90157888543808e-05
1995-03-04,-29.2881469726562,0.00291949370875955,0.139136776328087,6.90157888543808e-05
1995-03-05,-25.4056453704834,0.0190794672816992,0.202120155096054,6.90157888543808e-05
1995-03-06,-22.9109725952148,0.000342284038197249,0.196521177887917,6.90157888543808e-05
1995-03-07,-23.7791748046875,0,0.224040105938911,6.90157888543808e-05
1995-03-08,-20.1248340606689,0,0.257396250963211,6.90157888543808e-05
1995-03-09,-19.3156261444092,0.250048249959946,0.405689030885696,6.90157888543808e-05
1995-03-10,-13.1789093017578,2.59029960632324,0.295787692070007,6.90157888543808e-05
1995-03-11,-10.8225927352905,2.83306527137756,0.578040063381195,6.90157888543808e-05
1995-03-12,-12.4400243759155,0.100828118622303,0.365531086921692,6.90157888543808e-05
1995-03-13,-13.10959815979,2.15541172027588,0.514530718326569,6.90157888543808e-05
1995-03-14,-4.67044925689697,0.27685472369194,0.663968682289124,6.90157888543808e-05
1995-03-15,-2.53421092033386,1.80845546722412,0.499018490314484,6.90157888543808e-05
1995-03-16,-8.57177448272705,0.864780485630035,0.392265319824219,6.90157888543808e-05
1995-03-17,-7.30458498001099,0.0016735412646085,0.635167002677918,6.90157888543808e-05
1995-03-18,-4.20523166656494,0.0379783697426319,0.801561892032623,6.90157888543808e-05
1995-03-19,1.60977256298065,0.106978863477707,0.705808460712433,6.90157888543808e-05
1995-03-20,0.631523370742798,0.953375995159149,0.788012206554413,6.90157888543808e-05
1995-03-21,-1.55651676654816,12.0405759811401,0.38224321603775,6.90157888543808e-05
1995-03-22,-12.3302459716797,3.76043605804443,0.505084156990051,0.000103523679264324
1995-03-23,-17.5496501922607,2.42790579795837,0.538587391376495,6.90157888543808e-05
1995-03-24,-14.3089637756348,4.878662109375,0.404271513223648,6.90157888543808e-05
1995-03-25,-18.154899597168,0.300887763500214,0.475188940763474,6.90157888543808e-05
1995-03-26,-11.7418584823608,0.450565099716187,0.573248565196991,0.000103523679264324
1995-03-27,-10.7087850570679,0.63820081949234,0.625708878040314,0.000103523679264324
1995-03-28,-9.33672428131104,0.170988395810127,0.803576529026032,0.000103523679264324
1995-03-29,-7.22720384597778,1.27748715877533,0.663794994354248,0.000103523679264324
1995-03-30,-2.70213556289673,0.271728157997131,0.763023436069489,0.000103523679264324
1995-03-31,-2.88309717178345,0.0215752925723791,1.03976380825043,0.000103523679264324
1995-04-01,-2.29158067703247,3.89856362342834,0.503565728664398,0.000138031577708762
1995-04-02,-13.8876705169678,0.272426307201386,0.449033915996552,0.000138031577708762
1995-04-03,-22.5590648651123,0.22430308163166,0.535804808139801,0.000138031577708762
1995-04-04,-14.9869556427002,1.81824660301209,0.453100979328156,0.000138031577708762
1995-04-05,-9.60650539398193,0.612103760242462,0.758493006229401,0.000138031577708762
1995-04-06,-9.50816345214844,2.7339292500983e-06,0.987375438213348,0.000138031577708762
1995-04-07,-7.25489473342896,1.30162038658455e-06,1.13353598117828,0.000138031577708762
1995-04-08,-5.33698701858521,3.99631016989588e-06,1.14192318916321,0.000138031577708762
1995-04-09,-0.532885134220123,0.00827083643525839,1.17570316791534,0.000138031577708762
1995-04-10,2.53157329559326,0.155995920300484,1.272629737854,0.00017253946008421
1995-04-11,2.58017945289612,0.88699746131897,0.877762794494629,0.000379586818612859
1995-04-12,0.188075706362724,0.00167893525213003,1.20782244205475,0.00234653683711794
1995-04-13,-0.694712698459625,0.568855702877045,1.42031729221344,0.00565929457357631
1995-04-14,-2.59372425079346,4.98772239685059,0.567216515541077,0.00669453139835753
1995-04-15,-2.11585903167725,4.44138097763062,0.843428194522858,0.00600437317236494
1995-04-16,-2.65844678878784,0.609765470027924,1.03727197647095,0.00469307367423588
1995-04-17,0.248022198677063,0.102650590240955,1.47940039634705,0.00483110501090978
1995-04-18,2.21806526184082,0.126383692026138,1.55313277244568,0.00600437317236494
1995-04-19,3.43246054649353,2.15423154830933,1.35068511962891,0.01062843092116
1995-04-20,2.0625786781311,1.28606951236725,1.22786712646484,0.0260879663390222
1995-04-21,2.08844017982483,1.3303028345108,1.6957643032074,0.0766075229769795
1995-04-22,1.29525756835938,0.0618830285966396,1.71436810493469,0.0759173657794024
1995-04-23,3.14105629920959,0.669505417346954,2.08026266098022,0.0717764143666158
1995-04-24,2.2349374294281,0.00101802917197347,1.87236833572388,0.0869598891679609
1995-04-25,1.10788655281067,0.137906685471535,1.62896370887756,0.195659754741574
1995-04-26,2.07263922691345,0,2.1852285861969,0.472758124615843
1995-04-27,2.10075974464417,0.00180596159771085,2.34361863136292,0.531421535773848
1995-04-28,2.63532733917236,0.0671797469258308,1.27473843097687,0.593535782283675
1995-04-29,2.30734372138977,0,1.97650361061096,0.766075246224442
1995-04-30,3.18978428840637,1.29431928144186e-05,2.00910544395447,0.869598924588903
1995-05-01,4.81658744812012,1.39569675922394,1.78499174118042,0.883402068540445
1995-05-02,1.68931293487549,0.203951567411423,1.48849165439606,0.862697319703837
1995-05-03,0.590226292610168,0.26015642285347,2.26631689071655,0.852344978194826
1995-05-04,3.42429137229919,0,2.70793056488037,0.817837085406672
1995-05-05,6.96574926376343,0.199294000864029,3.01582384109497,0.838541768424696
1995-05-06,6.27527189254761,1.46893072128296,2.6985239982605,0.831640229358215
1995-05-07,8.67336177825928,0.0249976310878992,3.52470755577087,0.962770195625767
1995-05-08,13.1619920730591,0,4.11706686019897,1.05594153248121
1995-05-09,14.3072938919067,0,4.41705417633057,1.15946514502709
1995-05-10,11.2484245300293,0,4.24339962005615,1.16636674991215
1995-05-11,8.23758506774902,0,4.1192798614502,1.0835478203843
1995-05-12,7.95296716690063,0.0120972041040659,4.06731176376343,0.911008356443537
1995-05-13,9.98666954040527,0.00297821452841163,3.69169974327087,0.776427587733454
1995-05-14,7.41689586639404,0,4.12569808959961,0.666002304483928
1995-05-15,8.89032363891602,1.65798366069794,3.97410202026367,0.58663417739861
1995-05-16,9.50167083740234,2.36069583892822,3.05551934242249,0.531421535773848
1995-05-17,4.1181902885437,4.21103048324585,0.724705934524536,0.48656130147668
1995-05-18,2.4251229763031,0.224470317363739,2.13894963264465,0.452053408688526
1995-05-19,2.61063671112061,0.00593877537176013,2.64315962791443,0.431348659851919
1995-05-20,2.81739830970764,0.326793491840363,2.43379163742065,0.420996285433613
1995-05-21,6.79249143600464,0.613190829753876,3.39410471916199,0.417545515900373
1995-05-22,9.57785129547119,0.404390335083008,3.97112917900085,0.403742339039536
1995-05-23,7.08554601669312,1.30590128898621,2.8245153427124,0.389939195087994
1995-05-24,3.55183529853821,0.256995677947998,3.16718697547913,0.379586820669689
1995-05-25,5.9673228263855,0,3.96760559082031,0.372685248693917
1995-05-26,9.26702499389648,0,4.7753643989563,0.355431302299841
1995-05-27,16.6940422058105,0.322815656661987,5.46672105789185,0.351980499857306
1995-05-28,19.0799331665039,0.277806580066681,5.30626535415649,0.341628125439003
1995-05-29,17.0360660552979,0.414804011583328,5.06692361831665,0.336797041510608
1995-05-30,13.0935497283936,0.259498685598373,4.13723516464233,0.33127578392999
1995-05-31,11.6758823394775,0.227432861924171,4.83008480072022,0.318507834638197
1995-06-01,11.5143947601318,0.966710090637207,4.16967535018921,0.307810406303073
1995-06-02,13.7977247238159,0.525580763816834,3.90831255912781,0.295732630663502
1995-06-03,14.8885917663574,0.12458973377943,4.63160848617554,0.291591687478039
1995-06-04,16.5290679931641,4.78847326235155e-08,5.3205623626709,0.286760603549644
1995-06-05,15.5695104598999,0.000877350219525397,4.27035331726074,0.27951394474776
1995-06-06,12.3704786300659,0,5.53945159912109,0.271232041922187
1995-06-07,10.717342376709,0,5.1906304359436,0.262950139096615
1995-06-08,14.3117294311523,0,5.57133913040161,0.270886955096076
1995-06-09,15.8488626480103,0,5.82642698287964,0.245351122331072
1995-06-10,16.5511817932129,0,6.24859237670898,0.231547961924882
1995-06-11,17.3809547424316,0,6.42625236511231,0.222920988727843
1995-06-12,17.8869876861572,0.561971545219421,5.86450338363648,0.215329243099848
1995-06-13,17.301456451416,0.559409022331238,4.98221063613892,0.210498142716807
1995-06-14,13.9747228622437,4.64957666397095,2.4374623298645,0.199800697927037
1995-06-15,10.9331321716309,0.576440393924713,3.87970161437988,0.194624510717885
1995-06-16,13.075140953064,0.675110101699829,3.84453129768372,0.18841309593969
1995-06-17,13.7776517868042,6.07446622848511,1.44880270957947,0.177370564323808
1995-06-18,12.88551902771,0.747527182102203,1.10331201553345,0.191173724729999
1995-06-19,8.0533447265625,13.6030473709106,0.559784531593323,0.189448323508733
1995-06-20,6.45629453659058,5.67000818252564,0.731534957885742,0.190138497160956
1995-06-21,10.6514883041382,0.190332233905792,3.40932869911194,0.219815273111423
1995-06-22,11.7388410568237,0.0261083357036114,5.02597713470459,0.334726553463231
1995-06-23,16.3451080322266,0.168345808982849,5.55138301849365,0.355431302299841
1995-06-24,14.3899641036987,0.500374734401703,2.43676567077637,0.315057065104956
1995-06-25,12.2489547729492,4.16308784484863,3.58116006851196,0.279168857921648
1995-06-26,11.576416015625,2.05970454216003,4.03968524932861,0.249146978690424
1995-06-27,13.0716753005981,3.41567635536194,3.65524339675903,0.230167647529727
1995-06-28,11.1200752258301,0.0155284749343991,3.63995313644409,0.222230831530266
1995-06-29,13.1259860992432,1.09303569793701,4.58463335037231,0.219815273111423
1995-06-30,11.4539813995361,0,3.97038269042969,0.207392443555033
1995-07-01,11.6063146591187,0.00386574934236705,3.58159303665161,0.193589283148842
1995-07-02,12.6607837677002,0.0269637014716864,4.56998014450073,0.185307380323269
1995-07-03,10.1223697662354,1.18492913246155,2.71456289291382,0.178060721521386
1995-07-04,9.8173770904541,2.57432794570923,2.95833563804626,0.178750878718963
1995-07-05,8.12760829925537,1.46713745594025,3.75840759277344,0.174609935533499
1995-07-06,10.5839996337891,0.139080867171288,3.51976251602173,0.166328049162572
1995-07-07,13.077748298645,0.0649643242359161,4.18423175811768,0.160461704755843
1995-07-08,15.0550632476807,2.48337244987488,4.29291391372681,0.161496932324886
1995-07-09,12.701150894165,0.871952295303345,2.8846697807312,0.173229621138345
1995-07-10,12.5346450805664,0.000208560872124508,3.12507915496826,0.166328049162572
1995-07-11,10.6124382019043,4.82321882247925,1.03558552265167,0.175645179557188
1995-07-12,12.0146970748901,3.77176117897034,3.51637744903564,0.180131193114117
1995-07-13,12.8955059051514,5.33561754226685,2.83887767791748,0.172194377114656
1995-07-14,14.1167459487915,4.76530599594116,2.73280715942383,0.169778835150459
1995-07-15,13.6696434020996,1.99579429626465,3.37301731109619,0.183236908730538
1995-07-16,14.7184886932373,6.88413429260254,2.86564612388611,0.240865092319497
1995-07-17,14.1051654815674,0.0188255216926336,3.20743036270142,0.329205295882613
1995-07-18,15.1291227340698,2.38247060775757,3.59458446502686,0.328515155139681
1995-07-19,15.938380241394,2.8950400352478,3.28991174697876,0.299183433106034
1995-07-20,14.5364570617676,1.13421881198883,3.49831795692444,0.271232041922187
1995-07-21,11.8478708267212,7.14673471450806,1.89086389541626,0.257428881515997
1995-07-22,10.2946271896362,2.03715443611145,2.35498094558716,0.309535807524338
1995-07-23,9.65017032623291,0.2308699041605,2.85732388496399,0.335761781032274
1995-07-24,11.01296043396,0.465647578239441,3.38820743560791,0.355431302299841
1995-07-25,10.4456977844238,4.97747135162354,0.924444377422333,0.345078927881535
1995-07-26,13.7642965316772,0.657197594642639,3.45806765556335,0.322648810732952
1995-07-27,11.6502828598022,0.584182441234589,1.77355229854584,0.309190720698227
1995-07-28,8.44630241394043,2.76043653488159,1.40135025978088,0.297112945058657
1995-07-29,9.32157802581787,0.765448927879334,2.43251657485962,0.281584399885846
1995-07-30,10.8563089370728,0.1608866751194,3.28524017333984,0.259154282737263
1995-07-31,11.5268831253052,7.93706607818604,2.2257604598999,0.249146978690424
1995-08-01,12.2560529708862,0.577804207801819,2.60398960113525,0.252597781132956
1995-08-02,12.7941236495972,0.393314689397812,3.76236987113953,0.246041279528649
1995-08-03,13.819694519043,0.0151791609823704,3.86628484725952,0.238794620726766
1995-08-04,14.8588600158691,0.102799728512764,3.71059322357178,0.231893032296347
1995-08-05,12.3462104797363,0.59019285440445,3.90859818458557,0.21878004554238
1995-08-06,11.1428642272949,2.09253549575806,2.93379545211792,0.206357199531344
1995-08-07,10.2388210296631,0.497320175170898,2.8340163230896,0.191173724729999
1995-08-08,10.9996871948242,1.96171879768372,1.52972400188446,0.179095965545074
1995-08-09,10.0431804656982,0.125050410628319,1.85168635845184,0.172539463940767
1995-08-10,10.3477811813354,1.96460103988647,2.0276312828064,0.164947734767418
1995-08-11,9.45272350311279,0.95807158946991,1.27934801578522,0.158046146337
1995-08-12,11.0999708175659,2.12869071960449,2.79736495018005,0.148729015942384
1995-08-13,13.3753452301025,1.14777028560638,3.33403420448303,0.147003631175764
1995-08-14,13.729679107666,1.13190543651581,2.9129581451416,0.146313457523541
1995-08-15,11.6137046813965,5.3171877861023,1.48980820178986,0.136651256757459
1995-08-16,10.4647092819214,0.483377069234848,3.47965288162231,0.132855383943462
1995-08-17,12.0482883453369,4.54123258590698,2.67031741142273,0.129749676554364
1995-08-18,12.0770864486694,0.161980092525482,1.79727637767792,0.133890627967151
1995-08-19,9.27524852752686,4.55096626281738,0.912695527076721,0.144588072756921
1995-08-20,6.46831274032593,6.80444288253784,0.682382225990295,0.136651256757459
1995-08-21,7.18231105804443,0.912185490131378,2.0115978717804,0.136996335356248
1995-08-22,7.84711933135986,0.139924317598343,2.03317666053772,0.138031571152614
1995-08-23,7.42949724197388,4.50816679000855,1.65607488155365,0.165637891964995
1995-08-24,10.1486721038818,2.76802706718445,1.62940418720245,0.209462915147764
1995-08-25,9.12792015075684,0.924373924732208,2.41339612007141,0.211533386740496
1995-08-26,10.5359172821045,6.05009651184082,2.36955404281616,0.207392443555033
1995-08-27,8.95126438140869,1.09915328025818,1.22446763515472,0.19911054072946
1995-08-28,9.42257976531982,0.258231788873673,2.39560437202454,0.218089888344803
1995-08-29,8.92484283447266,3.72126698493958,2.07918667793274,0.248456821492847
1995-08-30,8.80134773254395,0.12176463752985,2.37818574905396,0.26743616910819
1995-08-31,9.83742809295654,1.60958480834961,1.75303304195404,0.254668252725688
1995-09-01,9.83883762359619,0.685453772544861,1.3968870639801,0.24017493512192
1995-09-02,11.8018398284912,0.0158508401364088,2.76974415779114,0.223266059099309
1995-09-03,11.0952863693237,0.0327091366052628,1.46523809432983,0.210843229542918
1995-09-04,10.4675874710083,0.0745873302221298,2.622318983078,0.207737513926498
1995-09-05,8.27557563781738,0.00837093126028776,2.32740569114685,0.197040069136728
1995-09-06,6.52825880050659,2.43257800320862e-05,2.53500056266785,0.185307380323269
1995-09-07,10.6532316207886,0.00910875201225281,2.46527743339539,0.17771565114992
1995-09-08,12.9196138381958,2.43770064116688e-05,2.75914311408997,0.169778835150459
1995-09-09,14.887393951416,2.43332760874182e-05,2.81116557121277,0.164602647941306
1995-09-10,15.5190143585205,0.111700721085072,1.94287180900574,0.157701075965534
1995-09-11,13.0812206268311,0.614526987075806,2.28242707252502,0.152524888756382
1995-09-12,12.6624336242676,0.962278604507446,2.55012893676758,0.147003631175764
1995-09-13,10.8272171020508,0.0770418345928192,2.47097206115723,0.144933143128387
1995-09-14,8.46259021759033,5.20399236679077,0.425396531820297,0.143897915559344
1995-09-15,7.5827693939209,1.55489242076874,1.27042293548584,0.143207758361766
1995-09-16,4.43542671203613,0.106545604765415,1.54252541065216,0.150799487535116
1995-09-17,1.2099484205246,1.07622635364532,1.1406661272049,0.169088677952881
1995-09-18,0.274093240499496,0.0242732204496861,1.11204183101654,0.190483567532421
1995-09-19,0.643006086349487,0.00020997341198381,1.47147250175476,0.186342624346958
1995-09-20,1.29510819911957,2.43257800320862e-05,1.60266363620758,0.173919778335922
1995-09-21,5.5519118309021,0.00157751329243183,1.94909954071045,0.162532176348575
1995-09-22,10.4608583450317,0.000146945851156488,2.01529145240784,0.154940430720579
1995-09-23,10.5936212539673,2.43257800320862e-05,2.0576446056366,0.146658544349652
1995-09-24,13.9861211776733,2.43257800320862e-05,2.03544211387634,0.140102042745346
1995-09-25,15.7063341140747,0,1.98542046546936,0.135616020961094
1995-09-26,13.2319107055664,1.23568106573657e-05,1.92864573001862,0.13078491235073
1995-09-27,12.4759187698364,0.00155401253141463,1.57467436790466,0.127679204961633
1995-09-28,8.17685604095459,1.65837204456329,0.502955257892609,0.124573489345212
1995-09-29,4.16677570343018,0.320873230695725,1.07175469398499,0.122157939153692
1995-09-30,3.55245232582092,2.10082101821899,0.767173111438751,0.120777624758537
1995-10-01,4.29903697967529,0.294543266296387,0.437641382217407,0.117326838770651
1995-10-02,3.30394577980042,2.39525651931763,1.06659340858459,0.113530965956653
1995-10-03,3.57735109329224,6.1148271560669,0.265678286552429,0.116291594746962
1995-10-04,1.79427576065063,0.26095250248909,0.610440969467163,0.115601437549385
1995-10-05,2.49718427658081,0.0465715304017067,1.05187356472015,0.115601437549385
1995-10-06,3.16713619232178,0.46630072593689,0.913719117641449,0.116636681573074
1995-10-07,3.11553049087524,0.0105836056172848,0.87109112739563,0.11180557296271
1995-10-08,1.92745876312256,1.5501606464386,0.315632790327072,0.112150651561499
1995-10-09,2.81182527542114,0.676515400409699,0.820430874824524,0.115256358950596
1995-10-10,2.54860591888428,2.12752842903137,0.601111233234406,0.110425258567556
1995-10-11,1.4692370891571,0.0232099965214729,0.479537278413773,0.106284307154769
1995-10-12,0.592603862285614,0.0135203031823039,0.611655831336975,0.103868756963249
1995-10-13,1.22916448116302,2.12412905693054,0.227467566728592,0.101798285370518
1995-10-14,2.53434276580811,0.349838346242905,0.559465944766998,0.0983474911553084
1995-10-15,0.59201979637146,0.0771605148911476,0.247087985277176,0.0952417837662108
1995-10-16,-3.57430076599121,0.00259402743540704,0.400590986013413,0.0924811549759017
1995-10-17,-5.88442945480347,0.0312986373901367,0.50214159488678,0.069015785576307
1995-10-18,-2.42291808128357,3.5537428855896,0.249771729111671,0.0617691267744232
1995-10-19,-1.7791610956192,0.664854228496552,0.44333627820015,0.0607338909780574
1995-10-20,2.38189005851746,3.90563797950745,0.367125064134598,0.0621142053732116
1995-10-21,0.792337000370026,0.00337847741320729,0.311344176530838,0.0679805497799411
1995-10-22,-2.14361906051636,0.256740778684616,0.300071716308594,0.0510716819846531
1995-10-23,-2.01386070251465,1.61478471755981,0.294319778680801,0.0628043666844505
1995-10-24,-2.36791014671326,3.04146385192871,0.24398598074913,0.0641846810796047
1995-10-25,-3.31003642082214,0.00563958985731006,0.175816252827644,0.0514167605834415
1995-10-26,-1.61547327041626,4.39861917495728,0.128479167819023,0.0496913675894985
1995-10-27,-4.16185569763184,3.21211791038513,0.161995828151703,0.0465856560867396
1995-10-28,-7.25564432144165,0.198230654001236,0.181143090128899,0.0452053375779236
1995-10-29,-7.97457647323608,0.00679142726585269,0.132640957832336,0.0455504202903737
1995-10-30,-7.79099750518799,1.15281999111176,0.17436371743679,0.0441701017815577
1995-10-31,-12.4336452484131,0.00817665830254555,0.0621484108269215,0.0434799445839806
1995-11-01,-15.6154565811157,1.14946852036724e-08,0.159062400460243,
1995-11-02,-9.87289142608643,0,0.195067062973976,
1995-11-03,-6.16682147979736,0.546422779560089,0.139700993895531,
1995-11-04,-5.67781496047974,0.470259606838226,0.17915216088295,
1995-11-05,-8.66140460968018,7.6292986869812,0.236127704381943,
1995-11-06,-12.5881338119507,0.471351087093353,0.112567357718945,
1995-11-07,-16.7832660675049,0.0551451109349728,0.0188835915178061,
1995-11-08,-17.2483253479004,0,0.0365010537207127,
1995-11-09,-17.6268901824951,0.0872346162796021,0.0847788527607918,
1995-11-10,-19.5597343444824,0.226172402501106,0.0492589436471462,
1995-11-11,-20.1725959777832,0,0.130072370171547,
1995-11-12,-19.8805999755859,0,0.0373251885175705,
1995-11-13,-16.9821510314941,0.00993928033858538,0.102504774928093,
1995-11-14,-11.1159610748291,0.164770647883415,0,
1995-11-15,-13.47705078125,4.87974834442139,0.181715309619904,
1995-11-16,-11.7450199127197,4.19834566116333,0.0369586199522018,
1995-11-17,-7.77917003631592,1.46741390228271,0.00323820114135742,
1995-11-18,-4.19271373748779,10.2338304519653,0.190125420689583,
1995-11-19,-11.0886926651001,0.902397215366364,0.0842257142066956,
1995-11-20,-11.6925420761108,0.360276371240616,0.0456405840814114,
1995-11-21,-13.6445875167847,1.38284552097321,0.0688499584794045,
1995-11-22,-20.5813083648682,0.00166722596623003,0.000818670552689582,
1995-11-23,-20.5826187133789,1.03256607055664,0.0127550689503551,
1995-11-24,-22.5044498443604,0.365588903427124,0.0194320343434811,
1995-11-25,-19.9326705932617,0.883351624011993,0.116797842085361,
1995-11-26,-19.4429607391357,2.15099096298218,0.0248327497392893,
1995-11-27,-22.4825019836426,0,0.0143091240897775,
1995-11-28,-25.8373146057129,0,0,
1995-11-29,-23.7626171112061,0.0224666334688663,0.0423629097640514,
1995-11-30,-19.9370212554932,1.22988259792328,0.0119901262223721,
1995-12-01,-22.4597244262695,0.304302841424942,0,
1995-12-02,-21.1830463409424,0.752265274524689,0.0516925677657127,
1995-12-03,-22.3470916748047,2.29479908943176,0.0215046629309654,
1995-12-04,-26.3121528625488,0.588654935359955,0.0495810806751251,
1995-12-05,-30.5883979797363,0,0.0168411750346422,
1995-12-06,-30.163049697876,0.000130122309201397,0.0392489060759544,
1995-12-07,-33.8932571411133,0.016119010746479,0.00922558642923832,
1995-12-08,-31.5076866149902,0.245267033576965,0.0318675488233566,
1995-12-09,-29.368408203125,0.0379453077912331,0.00899169035255909,
1995-12-10,-33.5609397888184,0.0753630176186562,0.00415039202198386,
1995-12-11,-30.1289405822754,0.201021581888199,0.0950978621840477,
1995-12-12,-24.3566780090332,0.948181629180908,0.0993687212467194,
1995-12-13,-21.9490146636963,1.91622531414032,0.0792668014764786,
1995-12-14,-23.2330188751221,1.27123296260834,0.0467795394361019,
1995-12-15,-24.8592052459717,0.781431317329407,0.0265205856412649,
1995-12-16,-20.9283351898193,0.910964012145996,0,
1995-12-17,-19.0294284820557,1.65180158615112,0.0881560519337654,
1995-12-18,-16.9498863220215,3.42584180831909,0.0748728662729263,
1995-12-19,-15.9972124099731,0.00411330023780465,0.0173985864967108,
1995-12-20,-10.9542646408081,0.0201777275651693,0,
1995-12-21,-9.78800964355469,0.234238550066948,0,
1995-12-22,-7.44081592559814,3.23837280273438,0.0276045296341181,
1995-12-23,-9.02571392059326,1.55346315295901e-05,0,
1995-12-24,-7.55803537368774,0.00088527932530269,0.0732300579547882,
1995-12-25,-7.73457002639771,1.63335498655215e-05,0,
1995-12-26,-6.2714467048645,0,0.0434674508869648,
1995-12-27,-7.92917346954346,0,0.0249490570276976,
1995-12-28,-11.2679843902588,0.0017519707325846,0,
1995-12-29,-10.1741275787354,2.12730407714844,0.0579515546560288,
1995-12-30,-10.3358182907104,1.08483946323395,0.007786198053509,
1995-12-31,-11.1555185317993,1.28087568283081,0.0253818854689598,
1996-01-01,-12.4505214691162,0.287989914417267,0.00998514052480459,
1996-01-02,-13.3003530502319,6.52867460250855,0.134515359997749,
1996-01-03,-17.6687488555908,0.872117936611176,0,
1996-01-04,-27.0841789245605,0.00278375414200127,0.012799920514226,
1996-01-05,-24.1542835235596,0,0.0501681976020336,
1996-01-06,-22.4633483886719,1.10333824157715,0.171499967575073,
1996-01-07,-17.9449729919434,0,0.019956523552537,
1996-01-08,-14.3894653320312,0.085462674498558,0.053370077162981,
1996-01-09,-16.3515777587891,1.15497481822968,0.0145224276930094,
1996-01-10,-16.25758934021,0.757779717445374,0.0547060966491699,
1996-01-11,-20.132942199707,7.26771020889282,0.0696982145309448,
1996-01-12,-26.5634136199951,2.11765503883362,0.0540001429617405,
1996-01-13,-31.7299270629883,1.72772634029388,0.00344123691320419,
1996-01-14,-30.1287059783936,0,0.0256622713059187,
1996-01-15,-28.3344020843506,0.00458016153424978,0.0286351274698973,
1996-01-16,-32.9053230285645,0.0048077404499054,0.00745284510776401,
1996-01-17,-36.0962142944336,0,0.00585526274517179,
1996-01-18,-33.7829475402832,3.30146467604209e-05,0.0131898019462824,
1996-01-19,-31.5241603851318,0.00138924678321928,0.0100630195811391,
1996-01-20,-30.2636299133301,0.286951005458832,0.0478842668235302,
1996-01-21,-24.9497241973877,0.450839072465897,0.0509972907602787,
1996-01-22,-25.1145172119141,0.0332818143069744,0.0148170525208116,
1996-01-23,-30.7516136169434,0.00203637848608196,0.0210896581411362,
1996-01-24,-25.9225845336914,3.99752707380685e-06,0.0245193913578987,
1996-01-25,-26.6827621459961,0.111433781683445,0.04280661419034,
1996-01-26,-32.3291130065918,0.0182457268238068,0.0140537386760116,
1996-01-27,-34.9551696777344,0.0348412469029427,0.0136735374107957,
1996-01-28,-33.5215911865234,0.0139671359211206,0.0245396737009287,
1996-01-29,-31.382173538208,0.000686221872456372,0.0337619222700596,
1996-01-30,-26.6607494354248,0.00134945963509381,0.0700941607356072,
1996-01-31,-30.6234741210938,0.10765728354454,0.0220853760838509,
1996-02-01,-32.7955780029297,0,0.0500061251223087,
1996-02-02,-27.0178165435791,0.185409814119339,0.100066974759102,
1996-02-03,-25.897045135498,0,0.0502939410507679,
1996-02-04,-25.0277252197266,1.16659271717072,0.099653922021389,
1996-02-05,-15.6744785308838,0.255128353834152,0.191057726740837,
1996-02-06,-8.40061664581299,0.319146424531937,0.130375385284424,
1996-02-07,-7.30637693405151,0,0.0537922903895378,
1996-02-08,-7.91455745697021,0,0.0971182286739349,
1996-02-09,-8.36466312408447,0.000195936343516223,0.233352020382881,
1996-02-10,-8.08821868896484,0,0.171430736780167,
1996-02-11,-6.96150875091553,0,0.242096856236458,
1996-02-12,-5.06193542480469,0.608644962310791,0.314960241317749,
1996-02-13,-6.60779762268066,2.28499841690064,0.124572806060314,
1996-02-14,-17.6342353820801,0.591878414154053,0.114948913455009,
1996-02-15,-16.5745964050293,0.0977153331041336,0.183931246399879,
1996-02-16,-11.0336332321167,0.0485371127724648,0.184115275740623,
1996-02-17,-12.7592353820801,8.15680027008057,0.180893883109093,
1996-02-18,-15.7695827484131,6.11151790618897,0.158176690340042,
1996-02-19,-20.9342918395996,0.531831979751587,0.136725977063179,
1996-02-20,-11.5011377334595,0.0507748872041702,0.272619605064392,
1996-02-21,-12.553394317627,1.57533967494965,0.122979611158371,
1996-02-22,-18.6605491638184,0.000263949594227597,0.153838604688644,
1996-02-23,-22.5459079742432,0.000604048545937985,0.142341360449791,
1996-02-24,-26.1073665618896,0,0.11153756827116,
1996-02-25,-26.5548038482666,0.00236644828692079,0.128240823745728,
1996-02-26,-21.8111724853516,0,0.246962606906891,
1996-02-27,-20.2310256958008,0,0.240671366453171,
1996-02-28,-15.5488958358765,0,0.375880181789398,0
1996-02-29,-7.70785999298096,0.286074727773666,0.530016481876373,0
1996-03-01,-7.1952977180481,1.5797016620636,0.293817728757858,0
1996-03-02,-13.0795726776123,2.63450217247009,0.26395058631897,0
1996-03-03,-20.1648979187012,0.659637868404388,0.216581895947456,0
1996-03-04,-27.5586013793945,0.00330295180901885,0.16903330385685,0
1996-03-05,-25.7982578277588,0.0170607976615429,0.200322017073631,0
1996-03-06,-25.8855381011963,0.00401966366916895,0.201590180397034,0
1996-03-07,-24.2915782928467,0,0.254600048065186,0
1996-03-08,-19.2674160003662,0.0900290012359619,0.354019194841385,0
1996-03-09,-12.5240831375122,3.06971478462219,0.28121218085289,0
1996-03-10,-5.02889919281006,0.859935522079468,0.59783947467804,0.00017253946008421
1996-03-11,-2.79019093513489,0.620224714279175,0.497459828853607,0.000138031577708762
1996-03-12,-9.93065738677979,0.00125140103045851,0.293884247541428,0.000138031577708762
1996-03-13,-16.0881481170654,1.51150393486023,0.294206947088242,0.00034507892016842
1996-03-14,-7.12741899490356,4.77560710906982,0.706179738044739,0.000690157840336841
1996-03-15,-7.6465015411377,11.0670680999756,0.397060185670853,0.000759173637225715
1996-03-16,-11.3381538391113,0.369930535554886,0.583043575286865,0.000793681535670154
1996-03-17,-8.010085105896,0.111740410327911,0.492423892021179,0.000793681535670154
1996-03-18,-14.5513477325439,3.29389945363801e-06,0.569605529308319,0.000759173637225715
1996-03-19,-8.97101974487305,2.30593371391296,0.422835975885391,0.000759173637225715
1996-03-20,-16.9043636322021,3.51895689964294,0.358754187822342,0.000759173637225715
1996-03-21,-20.9827461242676,0.599432229995728,0.32979679107666,0.000759173637225715
1996-03-22,-23.2233810424805,0.00254701054655015,0.348667323589325,0.000724665738781276
1996-03-23,-24.1482963562012,0,0.359907120466232,0.000724665738781276
1996-03-24,-17.2567157745361,0.0503876991569996,0.678181171417236,0.000690157840336841
1996-03-25,-12.1253595352173,2.23488235473633,0.479492485523224,0.000690157840336841
1996-03-26,-16.3944244384766,0.121018342673779,0.497636705636978,0.000655649941892402
1996-03-27,-18.5633449554443,0.609371781349182,0.581871867179871,0.000655649941892402
1996-03-28,-10.046630859375,0.34446707367897,0.634402930736542,0.000621142043447963
1996-03-29,-13.4455795288086,0.0709467455744743,0.591361820697784,0.000586634209279485
1996-03-30,-17.1050453186035,0.2890625,0.423949062824249,0.000586634209279485
1996-03-31,-19.5674457550049,0.146606460213661,0.507158279418945,0.000586634209279485
1996-04-01,-20.1115016937256,0.351003527641296,0.513520002365112,0.000552126310835047
1996-04-02,-15.1687097549438,3.71219182014465,0.461459577083588,0.000552126310835047
1996-04-03,-13.3048877716064,0.0832792147994041,0.847107172012329,0.000552126310835047
1996-04-04,-9.82075309753418,0.000324364984408021,1.10503995418549,0.000552126310835047
1996-04-05,1.38287258148193,1.21037578582764,1.48212838172913,0.000862697332559028
1996-04-06,4.29715728759766,2.85154819488525,1.46898460388184,0.00517618412390608
1996-04-07,2.87183833122253,0.00797150749713182,1.5685133934021,0.00641846821080203
1996-04-08,2.67336058616638,0.001799221849069,1.40328001976013,0.00924811549759017
1996-04-09,-0.0149747142568231,0.0245044995099306,1.20327198505402,0.0133200468712743
1996-04-10,-5.96739435195923,0.0344787426292896,0.929861903190613,0.0141137284712204
1996-04-11,-8.19315242767334,0.00044036193867214,1.0860390663147,0.0125953811967689
1996-04-12,-4.55171251296997,0.849738717079163,1.25534808635712,0.0121122707470987
1996-04-13,-3.47357606887817,1.59203910827637,1.10456717014313,0.012250301569565
1996-04-14,-2.55534934997559,0,1.4286527633667,0.0127334120192352
1996-04-15,-0.74782258272171,0.699954032897949,1.4855889081955,0.0134925861706686
1996-04-16,1.4649418592453,2.13237500190735,0.841018080711365,0.0147003622948441
1996-04-17,1.52531754970551,0.0217396430671215,1.22126019001007,0.015770106568138
1996-04-18,-2.00811004638672,6.55163240432739,0.607015073299408,0.0142172518451739
1996-04-19,-0.377298980951309,0.655555784702301,1.15161466598511,0.011732683671382
1996-04-20,-2.14297127723694,3.05857300758362,0.633031725883484,0.0110770339223175
1996-04-21,-5.36119937896729,0.0894454047083855,1.40310370922089,0.0140447125457796
1996-04-22,-2.43601250648499,0.00249078776687384,1.66669857501984,0.0322993872877095
1996-04-23,1.56190991401672,0.0623698458075523,1.99577534198761,0.0345078927881535
1996-04-24,4.59823513031006,0.00848618522286415,1.31344819068909,0.0448602589791348
1996-04-25,2.49734568595886,0.168272420763969,1.66158151626587,0.138031571152614
1996-04-26,1.35255312919617,0.055494524538517,0.999655961990356,0.379586820669689
1996-04-27,2.83562326431274,0.00478644110262394,1.59682536125183,0.966220998068298
1996-04-28,3.44109439849854,0.0272850133478642,2.12098813056946,1.24228414037353
1996-04-29,4.68188095092773,0.0973240956664085,2.02763104438782,1.73574698091669
1996-04-30,5.48530578613281,0,2.18073654174805,2.23611155798208
1996-05-01,4.30618524551392,0.123669058084488,2.19982838630676,2.49146975399495
1996-05-02,2.80441403388977,0.0414328537881374,1.75868606567383,2.60879664212954
1996-05-03,0.279705017805099,0.0759741887450218,1.81300318241119,2.53978085655323
1996-05-04,-0.0759029313921928,2.30752968788147,1.27609670162201,2.14639095775058
1996-05-05,-6.85757970809937,0.237261146306992,1.52625048160553,1.82201671288707
1996-05-06,-10.0092086791992,0.779878675937653,1.19347393512726,1.47693778500554
1996-05-07,-9.63501930236816,0.00463266763836145,1.6309506893158,1.1905223011913
1996-05-08,-9.40907001495361,0.175426259636879,1.52852022647858,1.014532034808
1996-05-09,-5.32608032226562,0.0149525059387088,1.77585971355438,0.904106817377056
1996-05-10,-2.15911388397217,0.0398906134068966,1.93843626976013,0.824738624473153
1996-05-11,0.899773776531219,0.015988826751709,2.25396704673767,0.772976785290923
1996-05-12,3.08075094223022,1.79304039478302,1.73610579967499,0.710862604599678
1996-05-13,1.78326737880707,0.475478887557983,1.64693152904511,0.703960999714616
1996-05-14,-0.776559412479401,0,2.18239235877991,0.7419196949453
1996-05-15,-0.183187395334244,0.0173663459718227,1.78806781768799,0.797132336570062
1996-05-16,3.91333889961243,0.43500092625618,2.37330842018127,0.783329192618519
1996-05-17,7.29109001159668,0.566859602928162,3.10803985595703,0.776427587733454
1996-05-18,5.73135137557983,10.883752822876,0.826099455356598,0.848894175752292
1996-05-19,5.49698352813721,12.7250566482544,1.00510275363922,1.24573487699748
1996-05-20,7.83118677139282,0.78957062959671,1.7265772819519,2.0980798551923
1996-05-21,8.8932466506958,0,2.99664449691772,3.04359603860541
1996-05-22,9.22207641601562,0,3.65085458755493,2.7054188472461
1996-05-23,9.51651763916016,0.355661034584045,3.69138193130493,2.00835938659797
1996-05-24,10.5393991470337,0.00617452617734671,4.22746562957764,1.72194390278372
1996-05-25,10.8843688964844,2.79631209373474,2.45209956169128,1.5217980193027
1996-05-26,10.6866397857666,0.692546606063843,3.9484395980835,1.39756965792022
1996-05-27,9.28255462646484,0.510361135005951,3.96233510971069,1.32165226745884
1996-05-28,10.083101272583,0.147590145468712,4.34340381622314,1.24228414037353
1996-05-29,11.1711511611938,0.918076992034912,3.73543286323547,1.15601440840314
1996-05-30,11.622802734375,0.199375942349434,4.06860160827637,1.07664628131782
1996-05-31,11.7636270523071,0.0715786665678024,4.47548675537109,1.02143363969306
1996-06-01,13.2295198440552,0.00254312506876886,4.81420612335205,0.959319393183233
1996-06-02,14.5918922424316,3.08060050010681,3.78828620910645,0.907557554001002
1996-06-03,14.4554662704468,1.04489123821259,4.52919816970825,0.873049661212849
1996-06-04,12.7702951431274,0.067301481962204,4.05669832229614,0.855795714818772
1996-06-05,10.2469873428345,0.814079761505127,2.64809346199036,0.869598924588903
1996-06-06,10.3241548538208,0.394698470830917,2.11238598823547,0.828189426915684
1996-06-07,11.5217018127441,2.4444694519043,4.20755386352539,0.79368153412753
1996-06-08,11.5140962600708,1.06511044502258,4.77727699279785,0.769525982848388
1996-06-09,11.3004512786865,0.436702430248261,4.81269025802612,0.748821299830365
1996-06-10,10.0234508514404,0.226519629359245,4.7551760673523,0.728116550993754
1996-06-11,10.864203453064,5.72352075576782,2.13337707519531,0.697059460648135
1996-06-12,10.3908195495605,0.377078771591187,5.08928728103638,0.672903909368993
1996-06-13,11.1723718643188,0.698683023452759,4.64999151229858,0.693608658205601
1996-06-14,11.9377765655518,1.0075660943985,3.60927724838257,0.710862604599678
1996-06-15,10.9982213973999,0.114254288375378,4.4799919128418,0.672903909368993
1996-06-16,10.1656332015991,8.03536701202393,1.9041690826416,0.645297621465905
1996-06-17,9.81386470794678,0.00845384225249291,3.45284652709961,0.63839601658084
1996-06-18,9.15304660797119,3.57981729507446,1.73930263519287,0.717764143666158
1996-06-19,5.41617155075073,8.31550884246826,0.408746093511581,0.755722838896846
1996-06-20,7.11876153945923,1.13930034637451,1.28884077072144,0.717764143666158
1996-06-21,10.2860546112061,0.238491535186768,4.60652875900269,0.714313407042212
1996-06-22,12.3848142623901,0.00576205039396882,4.65754318237305,0.710862604599678
1996-06-23,12.8843383789062,0.179329663515091,4.66236114501953,0.669453106926462
1996-06-24,13.3413915634155,0,5.0804328918457,0.621142070186763
1996-06-25,13.4235286712646,0,5.08463954925537,0.583183374956079
1996-06-26,12.8048686981201,1.64842844009399,3.88804197311401,0.552126284610456
1996-06-27,14.4870901107788,0.0668753609061241,4.83599472045898,0.521069194264833
1996-06-28,14.224889755249,1.487921833992,4.35627889633179,0.493462873452455
1996-06-29,13.9050674438477,0.0627415776252747,5.23156309127808,0.462405750197541
1996-06-30,13.3000898361206,0.493816256523132,4.66451501846314,0.43479946229445
1996-07-01,14.3121900558472,2.65738034248352,4.50566101074219,0.410643911015311
1996-07-02,12.6336936950684,0.2869773209095,4.70031070709229,0.396840767063765
1996-07-03,12.3542642593384,0.0781365036964417,3.012291431427,0.383037623112219
1996-07-04,11.0780324935913,14.2494211196899,2.24681305885315,0.362332874275612
1996-07-05,13.0581407546997,3.41749596595764,3.40165662765503,0.358882071833081
1996-07-06,12.0382051467896,0.592592239379883,2.93779540061951,0.358882071833081
1996-07-07,14.078971862793,0.480808287858963,3.52548956871033,0.358882071833081
1996-07-08,13.8293132781982,0.00329424790106714,4.31900024414063,0.351980499857306
1996-07-09,14.9724531173706,0.275389552116394,4.68256521224976,0.340247811043849
1996-07-10,15.3053503036499,5.77416801452637,1.68359351158142,0.327824981487458
1996-07-11,13.4454793930054,0.0119422627612948,3.4061598777771,0.309190720698227
1996-07-12,15.3671035766602,2.14854001998901,4.23724603652954,0.301944061896343
1996-07-13,13.4140377044678,4.99508571624756,3.20512890815735,0.290211373082884
1996-07-14,12.7348299026489,10.0821371078491,3.10804438591003,0.283309801107112
1996-07-15,12.6297922134399,2.35717105865479,2.43377733230591,0.298838346279923
1996-07-16,11.4062623977661,2.21329593658447,2.79012966156006,0.383037623112219
1996-07-17,12.5401544570923,1.58443975448608,3.17646360397339,0.476208927058378
1996-07-18,13.198935508728,2.25891470909119,2.48561382293701,0.472758124615843
1996-07-19,13.0960521697998,7.31457567214966,2.72080183029175,0.427897857409388
1996-07-20,11.7258462905884,0.320669800043106,3.55144762992859,0.407193141482071
1996-07-21,15.1090402603149,1.50376117229462,3.51812481880188,0.389939195087994
1996-07-22,16.6532821655273,0.744498789310455,3.53767418861389,0.365783676718143
1996-07-23,15.4417486190796,6.74638366699219,3.07184529304504,0.355431302299841
1996-07-24,13.7666931152344,3.9280858039856,2.20392036437988,0.369234446251383
1996-07-25,11.6760721206665,0.576484978199005,3.62116241455078,0.389939195087994
1996-07-26,13.1578044891357,0.835090458393097,2.82996797561646,0.469307355082603
1996-07-27,15.4156942367554,0,4.31180620193481,0.452053408688526
1996-07-28,18.3857498168945,0.097989521920681,4.44032001495361,0.410643911015311
1996-07-29,19.9171543121338,0,5.33534383773804,0.379586820669689
1996-07-30,19.1578693389893,0.0959460660815239,4.32409477233887,0.351980499857306
1996-07-31,16.356330871582,1.79647326469421,3.57179999351501,0.332656098325144
1996-08-01,12.3910989761353,2.16737031936646,1.59193646907806,0.313676750709802
1996-08-02,14.8130855560303,0.785959601402283,2.04201936721802,0.297458031884768
1996-08-03,15.0032691955566,3.0260865688324,2.60639643669128,0.285725343071309
1996-08-04,13.1814432144165,6.6089940071106,1.02545022964478,0.296767891141837
1996-08-05,11.8327779769897,2.70764064788818,1.41172659397125,0.310916121919493
1996-08-06,8.54117584228516,4.14108848571777,1.04654669761658,0.369234446251383
1996-08-07,10.3235015869141,0.882375001907349,2.28752684593201,0.565929428562002
1996-08-08,10.6404294967651,2.64278864860535,1.5882762670517,0.610789728677751
1996-08-09,14.2326354980469,4.95764017105103,2.83096671104431,0.58663417739861
1996-08-10,12.1888074874878,0.539862394332886,3.13025236129761,0.552126284610456
1996-08-11,13.8616304397583,0.0167978908866644,4.0975923538208,0.531421535773848
1996-08-12,15.7104406356812,1.2214378118515,2.88901972770691,0.562478626119468
1996-08-13,13.9039278030396,0.528394877910614,3.71419835090637,0.555577087052987
1996-08-14,12.9781503677368,0,3.80710291862488,0.503815247870757
1996-08-15,12.631067276001,1.18806457519531,2.87112903594971,0.462405750197541
1996-08-16,11.5105276107788,3.87169432640076,1.07233917713165,0.427897857409388
1996-08-17,11.4548139572144,4.51337671279907,2.11092019081116,0.420996285433613
1996-08-18,10.8796129226685,1.46403610706329,2.58944487571716,0.472758124615843
1996-08-19,11.0805540084839,4.91701602935791,2.73010611534119,0.548675482167925
1996-08-20,9.24815940856934,4.01203155517578,1.24016118049622,0.58663417739861
1996-08-21,8.29021167755127,0.00355606852099299,2.91464376449585,0.552126284610456
1996-08-22,9.87106513977051,0.28048500418663,2.75672149658203,0.524519963798074
1996-08-23,10.3800792694092,3.15192723274231,2.10234713554382,0.507266017403997
1996-08-24,9.92375659942627,0.153462871909142,2.71614217758179,0.476208927058378
1996-08-25,12.934760093689,0,3.28758120536804,0.43825023182769
1996-08-26,13.4334573745728,0.0849806666374207,2.84041905403137,0.400291569506296
1996-08-27,14.8013801574707,1.7360305719194e-05,3.16973161697388,0.383037623112219
1996-08-28,16.3766803741455,0.0116664199158549,3.53078818321228,0.358882071833081
1996-08-29,17.2462253570557,3.49914646148682,2.69014835357666,0.337832269079651
1996-08-30,15.9445037841797,0.519564270973206,3.2684223651886,0.324374179044926
1996-08-31,14.9617881774902,0.7398841381073,1.84461092948914,0.311951349488536
1996-09-01,12.4172306060791,4.84883689880371,1.61406970024109,0.303324376291498
1996-09-02,7.76289415359497,5.91202211380005,0.510399460792542,0.299528519932145
1996-09-03,5.51406097412109,0.411744236946106,1.72868275642395,0.291246600651927
1996-09-04,6.42072153091431,9.22766848816536e-05,2.20002770423889,0.272612356317342
1996-09-05,6.30469274520874,1.53531682491303,1.64719247817993,0.259499353108728
1996-09-06,4.13242816925049,1.76405107975006,0.943821787834167,0.263295225922726
1996-09-07,3.65552663803101,0.217795252799988,1.64236330986023,0.266400925084501
1996-09-08,3.69351363182068,0.329417914152145,1.20651948451996,0.266746011910612
1996-09-09,4.51479768753052,0.209508553147316,1.77661979198456,0.262259981899038
1996-09-10,7.12569093704224,0.0171631220728159,1.84825575351715,0.26156982470146
1996-09-11,11.224009513855,0,2.60060858726501,0.260189510306306
1996-09-12,13.925651550293,0.001275967922993,2.57404923439026,0.26156982470146
1996-09-13,15.4211292266846,0.411159098148346,1.91950440406799,0.259499353108728
1996-09-14,14.4626569747925,10.8673143386841,1.70752167701721,0.256393637492308
1996-09-15,14.4375658035278,0.471328377723694,1.83540022373199,0.247421593923804
1996-09-16,11.8400821685791,0.395206898450851,0.417500585317612,0.242590493540763
1996-09-17,11.5202903747559,0.827902138233185,1.49376511573792,0.236379062307922
1996-09-18,10.3709707260132,0,1.88163423538208,0.230857804727304
1996-09-19,9.15308666229248,17.8307762145996,0.433359831571579,0.227407018739418
1996-09-20,6.473473072052,2.29141116142273,1.43053483963013,0.227407018739418
1996-09-21,5.34777307510376,0.399213910102844,1.39909851551056,0.293662175525416
1996-09-22,4.09907388687134,0.00701592629775405,0.96814101934433,0.462405750197541
1996-09-23,2.84541583061218,0.345935672521591,0.974694430828094,0.479659696591618
1996-09-24,5.41004323959351,0.760496199131012,1.43976330757141,0.424447087876148
1996-09-25,5.50861263275146,0.277889460325241,1.50502729415894,0.376136018227158
1996-09-26,8.74039840698242,0.633798122406006,1.83794331550598,0.348529730324066
1996-09-27,4.41079044342041,0.00201574736274779,1.55041253566742,0.319543095116531
1996-09-28,-1.41371393203735,0.143709823489189,1.01208055019379,0.30712023265085
1996-09-29,-4.43082904815674,0.218789532780647,0.922977566719055,0.286070429897421
1996-09-30,-5.36175203323364,0.0959010273218155,0.836052775382996,0.263295225922726
1996-10-01,-2.88798522949219,0.209639891982079,0.770418405532837,0.256393637492308
1996-10-02,-1.84809732437134,0.0594505071640015,1.01467108726501,0.250182222714113
1996-10-03,0.75468784570694,0.991370439529419,0.599644184112549,0.228097175936995
1996-10-04,1.16234385967255,1.60015594959259,0.548930108547211,0.205667042333766
1996-10-05,0.196693316102028,0.720387756824493,0.348628342151642,0.215674329925959
1996-10-06,2.77445673942566,0.0266806352883577,0.794305086135864,0.216709573949648
1996-10-07,5.05343818664551,0,0.955948829650879,0.213258771507116
1996-10-08,2.52152633666992,0.0196410696953535,0.590764939785004,0.215329243099848
1996-10-09,3.00175023078918,0.639957785606384,0.864354908466339,0.212223543938073
1996-10-10,5.27751541137695,0.88875424861908,0.630807518959045,0.211533386740496
1996-10-11,3.31674909591675,12.0550632476807,0.212481409311295,0.210498142716807
1996-10-12,-1.15014612674713,0.32048287987709,0.487876057624817,0.21291370113565
1996-10-13,-0.942671597003937,1.23449885845184,0.185446053743362,0.221195587506577
1996-10-14,1.88753080368042,0.0521656684577465,0.367249548435211,0.228442246308461
1996-10-15,0.0981381461024284,0.0736557766795158,0.354781299829483,0.223956216296886
1996-10-16,-3.67408776283264,4.64411306381226,0.297939509153366,0.225681617518152
1996-10-17,-6.92166423797607,0.816587388515472,0.282852053642273,0.193589283148842
1996-10-18,-7.34665966033936,1.25190782546997,0.305952042341232,0.154595360349114
1996-10-19,-7.40360307693481,1.0385479927063,0.231192946434021,0.118362074567017
1996-10-20,-8.54304695129395,0.973256289958954,0.319856494665146,0.101453206771729
1996-10-21,-3.25555968284607,7.00920343399048,0.198424249887466,0.119397310363383
1996-10-22,-3.76865673065186,2.11888670921326,0.206831619143486,0.148038858744807
1996-10-23,-8.0626106262207,0.298335164785385,0.157431453466415,0.156665831941845
1996-10-24,-8.13932323455811,0.494450390338898,0.175931692123413,0.173229621138345
1996-10-25,-6.75549554824829,1.39206755161285,0.111617490649223,0.1414823571405
1996-10-26,-7.07901000976562,0.0235444642603397,0.112579479813576,0.131129990949519
1996-10-27,-5.67189407348633,1.33142054080963,0.148693934082985,0.151144574361227
1996-10-28,-12.1701335906982,3.81958723068237,0.153548374772072,0.111115415765133
1996-10-29,-17.0390872955322,0.0583463497459889,0.121828742325306,0.094206547969845
1996-10-30,-14.5202360153198,0.575346529483795,0.128410026431084,0.0790230731685
1996-10-31,-7.10185718536377,0.149677559733391,0.177072390913963,0.0724665715641933
1996-11-01,-4.43858480453491,0.00902292784303427,0.240084588527679,
1996-11-02,-4.43747234344482,0.0193858705461025,0.0404973402619362,
1996-11-03,-11.789116859436,0,0.125726744532585,
1996-11-04,-11.3239841461182,0.000188265286851674,0.0685123205184937,
1996-11-05,-7.90825605392456,0.332558900117874,0.0971414297819138,
1996-11-06,-5.27827310562134,0.0255482569336891,0.0258706975728273,
1996-11-07,-9.39092063903809,0.267093628644943,0.0490856692194939,
1996-11-08,-14.711633682251,0.119039408862591,0.00764919491484761,
1996-11-09,-16.0738525390625,0.149953231215477,0.0501478388905525,
1996-11-10,-16.4042282104492,0.580463290214539,0.00990957953035831,
1996-11-11,-15.0352296829224,0.138994872570038,0.0434322543442249,
1996-11-12,-14.1684551239014,0.0143286464735866,0.060532346367836,
1996-11-13,-12.2292976379395,0.929280340671539,0.106652155518532,
1996-11-14,-12.2151670455933,1.57493650913239,0.153768420219421,
1996-11-15,-16.212797164917,0.486934274435043,0.0489132404327393,
1996-11-16,-17.3637466430664,0.288535594940186,0.00634729396551848,
1996-11-17,-19.9721775054932,0,0.010507452301681,
1996-11-18,-19.7536392211914,0.157990470528603,0.059659443795681,
1996-11-19,-21.429370880127,0.308065265417099,0.0513209290802479,
1996-11-20,-21.6341934204102,0.0841399431228638,0.02519197948277,
1996-11-21,-21.7471370697021,0.242917507886887,0.0509938783943653,
1996-11-22,-17.9290447235107,0.0195212699472904,0.0327107794582844,
1996-11-23,-19.2564373016357,0.218021348118782,0.0243964456021786,
1996-11-24,-21.1088790893555,0.00443164864555001,0.00239141774363816,
1996-11-25,-17.7631683349609,0,0.0692808851599693,
1996-11-26,-15.6587648391724,0,0.00671295309439302,
1996-11-27,-10.9623708724976,0,0.0359948873519897,
1996-11-28,-10.2808408737183,1.98280870914459,0,
1996-11-29,-12.1261348724365,0.197383418679237,0,
1996-11-30,-12.4506607055664,0.0188119579106569,0,
1996-12-01,-11.0673799514771,0.211499199271202,0.036173552274704,
1996-12-02,-13.1089200973511,0.562097311019898,0,
1996-12-03,-15.4252605438232,0.354748755693436,0,
1996-12-04,-11.3802795410156,0.268208026885986,0.152269959449768,
1996-12-05,-11.3425798416138,3.58748536655185e-07,0,
1996-12-06,-12.3814601898193,0.000618396501522511,0.0126196807250381,
1996-12-07,-12.2256326675415,0.00839208718389273,0.0028579228091985,
1996-12-08,-12.9613981246948,0.501001715660095,0.00361317372880876,
1996-12-09,-14.2431478500366,0.151788890361786,0,
1996-12-10,-12.1916875839233,1.1134979724884,0.0854042172431946,
1996-12-11,-13.2967290878296,1.44360041618347,0.0283934623003006,
1996-12-12,-16.6289520263672,0.000216683765756898,0,
1996-12-13,-15.2254190444946,4.61499548691791e-05,0.0114778038114309,
1996-12-14,-15.0576257705688,0,0.0262641739100218,
1996-12-15,-16.3900279998779,2.08677554130554,0.0757711082696915,
1996-12-16,-18.8741989135742,0.0205671116709709,0,
1996-12-17,-20.6862258911133,0,0.0015748079167679,
1996-12-18,-15.0840730667114,1.61274111270905,0.124764166772366,
1996-12-19,-15.6897249221802,0.401874989271164,0.0140796164050698,
1996-12-20,-27.3305416107178,0.114141397178173,0.0200680829584599,
1996-12-21,-32.9362525939941,0.007349100895226,0.0122519126161933,
1996-12-22,-34.9349327087402,0.0418989472091198,0.00300422380678356,
1996-12-23,-32.4121971130371,0.0964855626225471,0.0210966672748327,
1996-12-24,-29.4012241363525,0.303166598081589,0.00544852251186967,
1996-12-25,-22.4806785583496,1.46338999271393,0.0410069301724434,
1996-12-26,-23.2894725799561,0.397156029939652,0.0614148750901222,
1996-12-27,-33.0928230285645,0.067681148648262,0.0043684053234756,
1996-12-28,-35.085865020752,0.078735776245594,0.0158510059118271,
1996-12-29,-37.6907806396484,0,0,
1996-12-30,-32.3473777770996,0,0.00987746845930815,
1996-12-31,-31.2032489776611,1.06140983104706,0.0336254835128784,
1997-01-01,-23.9089908599854,4.28468561172485,0.0810813382267952,
1997-01-02,-28.7734375,1.37269771099091,0.0149703556671739,
1997-01-03,-25.4261989593506,2.82057118415833,0.0556519441306591,
1997-01-04,-27.5567760467529,0.104604348540306,6.90677916281857e-05,
1997-01-05,-20.9919757843018,0.0127395149320364,0.0498854033648968,
1997-01-06,-16.226354598999,0.00545531744137406,0.0285701546818018,
1997-01-07,-13.107027053833,1.10577583312988,0.0483837835490704,
1997-01-08,-25.7155342102051,0.0917817279696465,0.0267814211547375,
1997-01-09,-30.9656543731689,0.0418907403945923,0.00255860178731382,
1997-01-10,-31.1288909912109,5.23832295584725e-06,0.0242323074489832,
1997-01-11,-24.2137126922607,1.16808359962306e-05,0.204928159713745,
1997-01-12,-12.7646923065186,5.23832295584725e-06,0.152742177248001,
1997-01-13,-13.0925922393799,0.00328554352745414,0.0801952481269836,
1997-01-14,-13.8972930908203,0.45748171210289,0.133887648582459,
1997-01-15,-24.2178020477295,0.00266394461505115,0.000864947156514972,
1997-01-16,-19.6267681121826,0,0.0587519146502018,
1997-01-17,-15.2266225814819,0.779573380947113,0.175541818141937,
1997-01-18,-9.48877239227295,0.261253535747528,0.0162190571427345,
1997-01-19,-11.3495073318481,0.414659738540649,0,
1997-01-20,-16.3612308502197,1.11822330951691,0.0503392927348614,
1997-01-21,-21.1821632385254,0.889771282672882,0.072991855442524,
1997-01-22,-23.9268074035645,2.66574025154114,0.0960436463356018,
1997-01-23,-31.346643447876,0.198489382863045,0.0326676480472088,
1997-01-24,-32.3150177001953,0.00154278066474944,0.0174998845905066,
1997-01-25,-29.9178791046143,0.106665842235088,0.0442137122154236,
1997-01-26,-29.113826751709,0.00174341211095452,0.0240148715674877,
1997-01-27,-31.2569141387939,0.0232161153107882,0.0206823069602251,
1997-01-28,-26.6808395385742,0.21851347386837,0.111932538449764,
1997-01-29,-15.2972259521484,0.140082702040672,0.142333820462227,
1997-01-30,-9.49420642852783,4.48165321350098,0.105043992400169,
1997-01-31,-9.83706092834473,1.69717037677765,0.0111758057028055,
1997-02-01,-9.92618465423584,0.0448081605136395,0.124744825065136,
1997-02-02,-7.99262809753418,0.956739783287048,0.0840152353048325,
1997-02-03,-10.0216445922852,0,0.0616127699613571,
1997-02-04,-8.41787528991699,0.0157071333378553,0.257048785686493,
1997-02-05,-7.80640029907227,0.000299589592032135,0.0248628370463848,
1997-02-06,-6.41835117340088,0,0.183496445417404,
1997-02-07,-5.26070833206177,0.000741251395083964,0.202374517917633,
1997-02-08,-6.71888446807861,0.429931312799454,0.0601330325007439,
1997-02-09,-10.4708805084229,0.488047987222672,0.120762646198273,
1997-02-10,-14.2617740631104,0.466069400310516,0.122699089348316,
1997-02-11,-17.2608966827393,0.0381898619234562,0.108235985040665,
1997-02-12,-15.1201276779175,0.210540667176247,0.177432537078857,
1997-02-13,-17.5918045043945,0.13094887137413,0.118526242673397,
1997-02-14,-20.565357208252,0.439001381397247,0.0953164771199226,
1997-02-15,-20.8689727783203,1.21085166931152,0.136575043201447,
1997-02-16,-17.6629161834717,6.64219951629639,0.136608496308327,
1997-02-17,-19.7251567840576,1.93745696544647,0.16051273047924,
1997-02-18,-20.1925163269043,0.461353272199631,0.152367621660233,
1997-02-19,-16.3776588439941,0.595293402671814,0.17516952753067,
1997-02-20,-16.5743446350098,0.245943665504456,0.141021072864532,
1997-02-21,-16.1347141265869,0.103315979242325,0.182855352759361,
1997-02-22,-13.3833713531494,0,0.257362693548203,
1997-02-23,-5.80820941925049,0,0.399191617965698,
1997-02-24,0.540834903717041,4.59670257568359,0.637179613113403,
1997-02-25,-6.82577562332153,0.40534582734108,0.321551650762558,
1997-02-26,-7.94033193588257,0.389614820480347,0.259515315294266,
1997-02-27,-7.64403486251831,2.34350156784058,0.286265552043915,
1997-02-28,-15.5053329467773,1.41303241252899,0.235452130436897,
1997-03-01,-23.7967071533203,0.00460721738636494,0.163268700242043,0.00448602589791349
1997-03-02,-25.0075721740723,0.000108877597085666,0.159263357520103,0.00445151793519308
1997-03-03,-24.3050994873047,0,0.195652216672897,0.00441701048668039
1997-03-04,-21.4479160308838,0,0.223730728030205,0.00438250252395999
1997-03-05,-22.4281749725342,0.000235848012380302,0.206361263990402,0.00431348659851919
1997-03-06,-20.7615718841553,0,0.318375438451767,0.00431348659851919
1997-03-07,-13.2826309204102,0.32379886507988,0.358258605003357,0.00427897863579879
1997-03-08,-8.7417049407959,0.0369527041912079,0.43262505531311,0.00424447093018224
1997-03-09,-8.69281482696533,0.0817222818732262,0.429874539375305,0.00420996296746184
1997-03-10,-14.2706480026245,0.366203814744949,0.362614154815674,0.00417545500474144
1997-03-11,-17.2118530273438,0.0243603512644768,0.295521020889282,0.00417545500474144
1997-03-12,-21.2746429443359,0.0220189038664103,0.266525894403458,0.00414094704202104
1997-03-13,-21.3851203918457,0.0444809496402741,0.321189224720001,0.00414094704202104
1997-03-14,-18.2579879760742,0.0543956719338894,0.399108380079269,0.00414094704202104
1997-03-15,-15.4365463256836,0.38929495215416,0.443346798419952,0.00407193137368409
1997-03-16,-16.1736087799072,0.427851408720017,0.395958751440048,0.00407193137368409
1997-03-17,-17.0125198364258,0.135355651378632,0.439629048109055,0.00410643933640449
1997-03-18,-10.2279233932495,2.75216460227966,0.604182064533234,0.00414094704202104
1997-03-19,-4.39217567443848,1.49700558185577,0.753952383995056,0.00414094704202104
1997-03-20,-1.25613379478455,1.13189220428467,0.718266904354096,0.00417545500474144
1997-03-21,-4.0946307182312,0.21529521048069,0.705329596996307,0.00420996296746184
1997-03-22,-5.18019008636475,0.0405419729650021,0.703684091567993,0.00420996296746184
1997-03-23,-4.39760398864746,0.133145481348038,0.821724832057953,0.00414094704202104
1997-03-24,-6.89702320098877,2.73606944084168,0.427195578813553,0.00407193137368409
1997-03-25,-7.38537073135376,10.2141704559326,0.425081104040146,0.00396840774262674
1997-03-26,-13.4209356307983,0.49518433213234,0.575017154216766,0.00386488411156936
1997-03-27,-15.8908500671387,1.54059767723084,0.51719456911087,0.00376136022340819
1997-03-28,-14.5341138839722,1.77434122562408,0.401402145624161,0.00365783659235081
1997-03-29,-9.6307487487793,0.810627341270447,0.786320269107819,0.00348529729295651
1997-03-30,-5.58050441741943,0.597138464450836,0.932365536689758,0.00331275773645836
1997-03-31,-8.71774578094482,0.265462279319763,0.735209703445435,0.00314021817996022
1997-04-01,-7.9299635887146,0.0340933576226234,1.01355504989624,0.00300218658618246
1997-04-02,-3.65959715843201,0.432686239480972,1.07244408130646,0.00289866295512511
1997-04-03,-5.08905458450317,0.0710777491331101,0.535812914371491,0.00279513932406776
1997-04-04,-11.9813890457153,0.269846528768539,0.768434524536133,0.00303669454890286
1997-04-05,-15.0523433685303,0.000149236686411314,0.663973033428192,0.00300218658618246
1997-04-06,-16.4082202911377,3.72129325114656e-05,0.749228417873383,0.00303669454890286
1997-04-07,-15.4034366607666,4.40302017068461e-07,0.727433204650879,0.00307120251162326
1997-04-08,-10.7965488433838,0,0.976186752319336,0.00307120251162326
1997-04-09,-7.03167724609375,0,1.20349597930908,0.00310571047434366
1997-04-10,-3.45866656303406,0,1.40444219112396,0.00338177340479532
1997-04-11,-2.08844637870789,0,1.39870071411133,0.00500364431030411
1997-04-12,0.574259459972382,0.0385532267391682,1.55286419391632,0.00745370503558325
1997-04-13,-5.37306833267212,0.0108932657167315,1.04305064678192,0.00804033885920698
1997-04-14,-7.750901222229,0.000429774401709437,1.13739919662476,0.00869598912247917
1997-04-15,0.798748850822449,0,1.7387307882309,0.0106629383696728
1997-04-16,5.86549520492554,0.0565919019281864,1.57334446907043,0.0152179812214424
1997-04-17,5.99228477478027,0.823409616947174,1.71904563903809,0.0177715642922597
1997-04-18,0.910907864570618,0.705058395862579,1.05796027183533,0.0180476279940229
1997-04-19,-2.32833671569824,0.58102685213089,1.56148862838745,0.0236724140906711
1997-04-20,-0.0969173982739449,0,2.14366054534912,0.0276063146418889
1997-04-21,2.59053039550781,6.76621055603027,0.731821060180664,0.0362332857820965
1997-04-22,3.21939754486084,2.41366100311279,1.069256067276,0.0448602589791348
1997-04-23,0.926312685012817,1.1445072889328,1.40655910968781,0.0603888123792686
1997-04-24,1.46987652778625,0.0828296393156052,1.54869401454926,0.0845443389764408
1997-04-25,4.25470876693726,0.00952311046421528,2.25111818313599,0.120777624758537
1997-04-26,6.4343523979187,0.721377670764923,2.84238648414612,0.189793410334844
1997-04-27,5.75483131408691,6.62510871887207,0.741013646125794,0.345078927881535
1997-04-28,-1.57451701164246,6.57373523712158,0.810243248939514,2.05321962089513
1997-04-29,-1.59744799137115,0.550665318965912,1.76406252384186,1.69778835150459
1997-04-30,-1.29785192012787,0,2.04301333427429,1.44933149710245
1997-05-01,2.11755132675171,0,2.34054446220398,1.40447126280528
1997-05-02,4.58426475524902,0,2.41159319877625,1.45623310198751
1997-05-03,5.03454113006592,1.65912175178528,1.74235999584198,1.59771540976407
1997-05-04,5.27552318572998,0.0453537404537201,2.46455335617065,1.71159142963755
1997-05-05,5.29646396636963,1.21437239646912,2.41573834419251,1.78060721521386
1997-05-06,4.53349828720093,0.548377573490143,1.58652913570404,1.73574698091669
1997-05-07,2.00476622581482,1.85794293880463,1.84546566009521,1.75300092731076
1997-05-08,5.16172742843628,2.43966007232666,2.15910720825195,1.88758176183943
1997-05-09,6.64192342758179,7.63184022903442,2.0012423992157,1.71849303452261
1997-05-10,5.40779733657837,1.0543555021286,2.56250858306885,1.77715647858991
1997-05-11,7.3985652923584,1.49521791934967,3.5287070274353,1.92208965462758
1997-05-12,8.22976684570312,2.88988041877747,1.67869126796722,1.79095968836003
1997-05-13,3.95378565788269,1.92714607715607,1.5783953666687,1.57355985848493
1997-05-14,3.9933500289917,0.267621278762817,3.40155386924744,1.48038865326665
1997-05-15,11.1377506256104,0.0437404215335846,3.85087203979492,1.36651250175601
1997-05-16,8.08217144012451,3.17407202720642,2.43281030654907,1.27334129653773
1997-05-17,3.08272981643677,5.40807485580444,2.1032989025116,1.20777624758537
1997-05-18,3.38483309745789,0.107921525835991,1.74766719341278,1.13530972538512
1997-05-19,2.8525390625,0.853227615356445,1.92784428596497,1.10770330584486
1997-05-20,3.32185649871826,0.970894694328308,2.64557933807373,1.014532034808
1997-05-21,5.36787176132202,0.118336118757725,2.73635220527649,0.942065446789156
1997-05-22,5.23118591308594,0.214364856481552,2.53220820426941,0.904106817377056
1997-05-23,6.48468732833862,0.000408810825319961,3.20263600349426,0.862697319703837
1997-05-24,9.20514869689941,1.11049246788025,3.54989194869995,0.814386282964138
1997-05-25,2.30566573143005,3.61780595779419,1.07837748527527,0.776427587733454
1997-05-26,-0.846184313297272,5.18761968612671,0.871305286884308,0.766075246224442
1997-05-27,2.61720252037048,2.9012668132782,1.51878821849823,0.755722838896846
1997-05-28,6.60905408859253,0.32987454533577,2.0245897769928,0.745370497387831
1997-05-29,8.39462757110596,0.192723989486694,3.71123576164246,0.759173641339377
1997-05-30,10.6770057678223,2.72552013397217,2.42348432540894,0.790230731685
1997-05-31,11.3458623886108,1.25848162174225,3.7008638381958,0.800583139012596
1997-06-01,11.0938549041748,6.69737482070923,1.04490327835083,0.942065446789156
1997-06-02,11.4294452667236,2.7778959274292,3.86354780197144,1.05249073003868
1997-06-03,12.5049543380737,1.41556894779205,4.10124778747559,1.11460491072992
1997-06-04,13.7096796035767,2.21580171585083,2.44415593147278,1.16291601328821
1997-06-05,12.414324760437,6.57756614685059,0.47662365436554,1.0939002277119
1997-06-06,13.4954233169556,0.14745044708252,4.7060866355896,1.52869962418777
1997-06-07,13.5374345779419,0.862028241157532,4.65382862091065,2.05321962089513
1997-06-08,12.9979496002197,11.6430721282959,2.59763169288635,1.76335326881978
1997-06-09,8.98170566558838,9.08484268188477,1.50414884090424,1.47348704838159
1997-06-10,11.7626733779907,2.51963782310486,3.97781562805176,1.49419173139961
1997-06-11,13.022162437439,0.049751915037632,4.47562980651855,1.59771540976407
1997-06-12,14.4358539581299,0.211722642183304,4.57470083236694,1.5425028339579
1997-06-13,14.2576427459717,1.13325011730194,1.23554182052612,1.38721731641121
1997-06-14,15.0802164077759,0.334911406040192,4.45665216445923,1.24228414037353
1997-06-15,12.9556732177734,5.28740501403809,3.73864054679871,1.16291601328821
1997-06-16,12.8380088806152,6.78897714614868,2.82771587371826,1.10770330584486
1997-06-17,12.8282194137573,0.987950503826141,3.33113551139832,1.05594153248121
1997-06-18,14.7580032348633,4.21105480194092,3.26950621604919,1.01108123236546
1997-06-19,14.9447784423828,2.71243929862976,3.9582245349884,0.966220998068298
1997-06-20,15.1630268096924,0,4.48128890991211,0.914459158886068
1997-06-21,14.1138343811035,1.68140780925751,4.28209447860718,0.873049661212849
1997-06-22,13.8306169509888,0.302257508039475,4.19673299789429,0.821287822030619
1997-06-23,14.4514179229736,0.734982967376709,4.57823801040649,0.776427587733454
1997-06-24,11.9989004135132,1.38901627063751,2.71969485282898,0.745370497387831
1997-06-25,12.5964317321777,0.897924363613129,3.94919943809509,0.686707053320539
1997-06-26,11.6616344451904,7.40096187591553,2.93553805351257,0.655649962974917
1997-06-27,6.26300859451294,1.42434561252594,2.68764972686768,0.617691267744232
1997-06-28,6.25860738754272,1.57524466514587,3.30094385147095,0.58663417739861
1997-06-29,7.60060167312622,0.470430970191956,3.28267240524292,0.555577087052987
1997-06-30,9.74914455413818,0.00090166466543451,3.7277684211731,0.524519963798074
1997-07-01,12.5931606292725,0.504673361778259,3.69386148452759,0.49001207100992
1997-07-02,14.1783504486084,6.6079158782959,3.69141674041748,0.469307355082603
1997-07-03,15.0147638320923,1.6596645116806,4.04101371765137,0.452053408688526
1997-07-04,13.3150339126587,0.425218969583511,3.74854803085327,0.43479946229445
1997-07-05,13.796799659729,0.671971917152405,4.42561388015747,0.414094713457842
1997-07-06,16.9525318145752,1.50799775123596,4.57029390335083,0.393389964621234
1997-07-07,15.4254751205444,7.54936981201172,1.98982548713684,0.393389964621234
1997-07-08,12.1027555465698,1.02295124530792,2.84919667243958,0.372685248693917
1997-07-09,15.0143327713013,1.9955415725708,3.73367738723755,0.393389964621234
1997-07-10,16.725378036499,4.21769857406616,3.57872986793518,0.424447087876148
1997-07-11,16.7530097961426,0.665522515773773,2.75738596916199,0.417545515900373
1997-07-12,17.3629779815674,6.27684736251831,4.6746678352356,0.441701034270224
1997-07-13,15.5581665039062,2.82929229736328,3.94147419929504,0.407193141482071
1997-07-14,13.8219919204712,10.6638059616089,1.73621833324432,0.414094713457842
1997-07-15,13.4697904586792,8.08682918548584,1.70327305793762,0.514167589379772
1997-07-16,12.7707233428955,6.65542554855347,1.4249495267868,0.762624443781908
1997-07-17,13.363733291626,4.6569447517395,2.23385977745056,1.14221119863302
1997-07-18,13.3404064178467,1.04486954212189,2.22285532951355,1.36651250175601
1997-07-19,15.5300283432007,0.852729856967926,3.79379940032959,1.34925855536194
1997-07-20,17.1923522949219,0.000357004202669486,4.61122798919678,1.34925855536194
1997-07-21,20.0526809692383,2.76288366317749,4.79657745361328,1.24918574525859
1997-07-22,18.471658706665,8.52804851531982,3.22775101661682,1.07319547887529
1997-07-23,14.1394681930542,3.50918388366699,3.61972260475159,0.911008356443537
1997-07-24,13.6131744384766,4.01014184951782,3.3615996837616,0.828189426915684
1997-07-25,13.467378616333,9.85985088348389,1.40458786487579,0.776427587733454
1997-07-26,14.0137643814087,1.83181023597717,2.72813606262207,0.728116550993754
1997-07-27,13.9684209823608,0.109346181154251,3.18971729278564,0.669453106926462
1997-07-28,14.1982288360596,0.00562337413430214,3.80266094207764,0.621142070186763
1997-07-29,17.2342872619629,0.467900484800339,4.56080389022827,0.576281835889598
1997-07-30,17.0386123657227,5.85169887542725,3.86952519416809,0.514167589379772
1997-07-31,13.1766347885132,48.0605659484863,0.697765648365021,0.510716819846531
1997-08-01,11.4654121398926,4.01228713989258,1.91201233863831,0.624592872629294
1997-08-02,13.2128429412842,0.679405033588409,3.78001403808594,1.21812858909438
1997-08-03,15.1432399749756,0.0299506317824125,3.99215483665466,1.41482360431429
1997-08-04,16.7400150299072,1.73559583345195e-05,3.9686872959137,1.18016995968228
1997-08-05,19.2430381774902,0.0286818388849497,4.50796937942505,1.00072889085645
1997-08-06,20.7519016265869,0,4.42492485046387,0.879951266097914
1997-08-07,16.856761932373,29.0412197113037,1.30008614063263,0.800583139012596
1997-08-08,10.4189872741699,3.8339364528656,2.59806132316589,0.7419196949453
1997-08-09,12.0921106338501,5.01141357421875,2.85008478164673,0.779878390175985
1997-08-10,11.2922239303589,6.86104249954224,1.91785073280334,0.89375441004946
1997-08-11,10.7404518127441,0.27783140540123,2.80522918701172,0.814386282964138
1997-08-12,14.5402603149414,0.908484518527985,3.28201627731323,0.752272036454312
1997-08-13,17.2767562866211,6.50674629211426,2.91257548332214,0.700510197272082
1997-08-14,15.268684387207,13.0204954147339,0.608811616897583,0.679805514254058
1997-08-15,10.7189025878906,3.00662326812744,1.40568578243256,0.707411802157147
1997-08-16,10.5233278274536,0.156667128205299,2.04535031318665,1.22503019397945
1997-08-17,10.4728450775146,0,2.83376884460449,1.24573487699748
1997-08-18,11.3441915512085,0.423840165138245,2.92327642440796,1.05594153248121
1997-08-19,10.9029865264893,10.0732135772705,1.45173144340515,0.921360763771133
1997-08-20,11.4546718597412,1.08597373962402,2.45323204994202,0.876500463655383
1997-08-21,14.3675441741943,0.111884981393814,3.06674861907959,0.838541768424696
1997-08-22,16.1653919219971,3.27310347557068,2.69108963012695,0.800583139012596
1997-08-23,14.8361797332764,0.750270307064056,3.17430377006531,0.759173641339377
1997-08-24,15.5336351394653,2.18404412269592,2.83866953849793,0.748821299830365
1997-08-25,14.5023736953735,0.782200574874878,2.80182695388794,0.7419196949453
1997-08-26,15.1790180206299,0.185591652989388,3.07160019874573,0.738468892502769
1997-08-27,15.3073949813843,2.18774604797363,2.25722885131836,0.807484678079076
1997-08-28,13.2818622589111,0.193767756223679,2.60904669761658,0.800583139012596
1997-08-29,10.8936548233032,4.99544811248779,1.68388175964355,0.766075246224442
1997-08-30,8.23180294036865,0.954978168010712,1.91502010822296,0.738468892502769
1997-08-31,7.09922933578491,0.0529828667640686,1.82318198680878,0.772976785290923
1997-09-01,10.1899471282959,0.000204530064365827,3.06521224975586,0.772976785290923
1997-09-02,13.7170009613037,0.10002875328064,3.14579105377197,0.731567353436289
1997-09-03,13.3304090499878,0.000204059571842663,2.88224720954895,0.683256250878005
1997-09-04,12.7621774673462,0.105726957321167,2.27182006835938,0.645297621465905
1997-09-05,12.7536010742188,1.20424127578735,2.10309243202209,0.603888123792686
1997-09-06,12.4653444290161,1.85524797439575,1.67215752601624,0.58663417739861
1997-09-07,11.4688482284546,0.314911454916,2.05868172645569,0.59008497984114
1997-09-08,11.9649858474731,0.117559157311916,2.51754283905029,0.583183374956079
1997-09-09,12.9831037521362,0.292282074689865,2.58201265335083,0.552126284610456
1997-09-10,10.4190006256104,0.809587419033051,1.63896429538727,0.521069194264833
1997-09-11,8.33536720275879,0.0625788420438767,1.06105077266693,0.496913642985695
1997-09-12,6.55356550216675,0.176202476024628,0.587414801120758,0.483110499034149
1997-09-13,3.4814190864563,0.0692818760871887,1.64792251586914,0.469307355082603
1997-09-14,2.27076578140259,0.57533723115921,1.78736567497253,0.452053408688526
1997-09-15,1.73510718345642,7.68621969223023,0.367560416460037,0.427897857409388
1997-09-16,2.54891490936279,1.54531693458557,0.478650242090225,0.414094713457842
1997-09-17,2.53723645210266,1.28914105892181,0.96860283613205,0.427897857409388
1997-09-18,1.9386979341507,0.152638256549835,1.1572083234787,0.396840767063765
1997-09-19,3.48110032081604,0.0854948833584786,1.45959520339966,0.379586820669689
1997-09-20,7.23183345794678,0.0184855163097382,1.70428192615509,0.362332874275612
1997-09-21,6.13258123397827,1.72029729128553e-06,0.722959399223328,0.362332874275612
1997-09-22,7.13137054443359,3.70871093764436e-05,1.75031268596649,0.343353526660269
1997-09-23,11.5993099212646,0,2.15490651130676,0.326444667092304
1997-09-24,13.4715747833252,0,2.28763890266418,0.318852921464308
1997-09-25,14.0333042144775,0,2.00555086135864,0.309880861441159
1997-09-26,15.3822679519653,0.62901246547699,1.83961391448975,0.299183433106034
1997-09-27,11.975396156311,8.16877555847168,0.570840656757355,0.294352316268348
1997-09-28,7.96831130981445,15.0784492492676,0.214922055602074,0.307465319476961
1997-09-29,4.40438890457153,4.78702783584595,0.456061720848084,0.312641523140759
1997-09-30,3.63379955291748,5.24957799911499,0.763178527355194,0.427897857409388
1997-10-01,2.29508352279663,4.11372041702271,0.373550236225128,0.983474944462375
1997-10-02,4.64258670806885,6.61512994766235,0.657982349395752,1.06284307154769
1997-10-03,1.62715840339661,1.83308243751526,0.583688199520111,1.16291601328821
1997-10-04,-1.37375557422638,0.199404776096344,0.846389770507813,1.34925855536194
1997-10-05,-0.0414946973323822,0,0.780758917331696,1.21812858909438
1997-10-06,-1.17910778522491,0,0.492516696453095,1.09044942526937
1997-10-07,-4.05170297622681,0.0269174817949533,0.5992711186409,1.00763049574152
1997-10-08,-5.74007272720337,0.151782527565956,0.496818721294403,0.921360763771133
1997-10-09,-6.02465200424194,0.139738023281097,0.626430094242096,0.845443373309761
1997-10-10,-3.49416470527649,1.23316466808319,0.496048003435135,0.797132336570062
1997-10-11,-2.74838423728943,5.1208610534668,0.256975144147873,0.766075246224442
1997-10-12,-5.73102331161499,0.888187944889069,0.410471141338348,0.738468892502769
1997-10-13,-9.71594524383545,0.918461918830872,0.393868148326874,0.686707053320539
1997-10-14,-9.3418083190918,0.698034107685089,0.351627677679062,0.641846819023371
1997-10-15,-7.20357036590576,1.23490500450134,0.247732937335968,0.631494411695774
1997-10-16,-0.802744209766388,1.38640224933624,0.263117998838425,0.628043675071828
1997-10-17,-2.14730954170227,2.56029081344605,0.211966708302498,0.617691267744232
1997-10-18,-2.93846917152405,0.544623970985413,0.276919394731522,0.59008497984114
1997-10-19,-8.3452730178833,0.075371116399765,0.171045586466789,0.572831033447064
1997-10-20,-11.9157466888428,0.0244652628898621,0.369326710700989,0.514167589379772
1997-10-21,-2.34389042854309,0.0230302698910236,0.268104761838913,0.493462873452455
1997-10-22,-4.8166823387146,0.0313817262649536,0.23502978682518,0.54177391019215
1997-10-23,-3.79329466819763,0.764556288719177,0.170724555850029,0.527970766240608
1997-10-24,-4.54950904846191,0.0241287667304277,0.245767906308174,0.524519963798074
1997-10-25,-3.20648884773254,0.447631001472473,0.23658461868763,0.493462873452455
1997-10-26,0.422075599431992,0.93104076385498,0.163556545972824,0.465856552640072
1997-10-27,-1.86733818054199,4.58010292053223,0.119315959513187,0.462405750197541
1997-10-28,-8.47512149810791,0.703950345516205,0.151197835803032,0.431348659851919
1997-10-29,-10.2054882049561,0.19321683049202,0.178416863083839,0.365783676718143
1997-10-30,-6.92563056945801,0.00778633030131459,0.195990234613419,0.338177355905762
1997-10-31,-2.12336015701294,0.681277334690094,0.125759661197662,0.31919800829042
1997-11-01,-1.89946663379669,0.106856800615788,0.108010537922382,
1997-11-02,-2.7030291557312,0.0631464421749115,0.145334839820862,
1997-11-03,-0.438846468925476,2.15387058258057,0.113886296749115,
1997-11-04,-1.51729023456573,0.0966083258390427,0.061975259333849,
1997-11-05,-0.144493535161018,0.0418757908046246,0.0476426146924496,
1997-11-06,-2.81560826301575,0.000151101397932507,0,
1997-11-07,-6.22696447372437,0,0.00209515169262886,
1997-11-08,-9.12204837799072,0,0.0113407587632537,
1997-11-09,-7.80714178085327,0,0.167708218097687,
1997-11-10,-5.57155179977417,0,0.303847283124924,
1997-11-11,-4.610915184021,0,0.302964627742767,
1997-11-12,-3.82851147651672,0,0.252993077039719,
1997-11-13,-4.99957704544067,0,0.173543974757195,
1997-11-14,-5.57392168045044,0,0.0740602687001228,
1997-11-15,-7.69646167755127,0.0448164045810699,0.0771191045641899,
1997-11-16,-13.2176761627197,0.00160461757332087,0,
1997-11-17,-11.640438079834,0.487585306167603,0.0167058706283569,
1997-11-18,-13.4945526123047,0.104205146431923,0.0346854068338871,
1997-11-19,-17.5981159210205,0.0688686594367027,0.00276975566521287,
1997-11-20,-20.4398555755615,0,0,
1997-11-21,-17.2749290466309,0.483068734407425,0.0527603477239609,
1997-11-22,-13.5680065155029,0.134931311011314,0,
1997-11-23,-7.28759098052979,0.256807118654251,0.150550812482834,
1997-11-24,-6.34244585037231,0.405560940504074,0.0103997364640236,
1997-11-25,-8.77553081512451,0.128913089632988,0,
1997-11-26,-12.9553089141846,0.00605276506394148,0,
1997-11-27,-13.2073802947998,4.34383869171143,0.0751518607139587,
1997-11-28,-12.4072427749634,2.63996028900147,0.00332437851466239,
1997-11-29,-10.006947517395,1.85519206523895,0.04592689499259,
1997-11-30,-7.55865907669067,0.856197714805603,0.0736982077360153,
1997-12-01,-10.3900718688965,0.0065899221226573,0,
1997-12-02,-8.19256782531738,0,0.0354286730289459,
1997-12-03,-7.51505184173584,0.000897918012924492,0.0595229640603066,
1997-12-04,-9.30038738250732,0.0136260958388448,0.0438267886638641,
1997-12-05,-12.9120836257935,1.03445574328731e-09,0,
1997-12-06,-12.2424945831299,0,0,
1997-12-07,-12.2119903564453,0,0.0153160551562905,
1997-12-08,-12.8096618652344,0.000523492752108723,0.0274475738406181,
1997-12-09,-13.593240737915,0.000395576353184879,0,
1997-12-10,-10.1786794662476,0.071665495634079,0.0246373564004898,
1997-12-11,-5.51491451263428,0,0.180623710155487,
1997-12-12,-4.81847620010376,0.0413702130317688,0.08067636936903,
1997-12-13,-5.01336717605591,0.0106612564995885,0.156101897358894,
1997-12-14,-2.5190110206604,0.35576131939888,0.0636007040739059,
1997-12-15,-9.85451126098633,0,0,
1997-12-16,-10.4121570587158,1.48723518848419,0.0209793224930763,
1997-12-17,-9.98787689208984,0.636606514453888,0.0411396287381649,
1997-12-18,-16.8781642913818,0.155127555131912,0,
1997-12-19,-16.3543548583984,1.98910903930664,0.0738580822944641,
1997-12-20,-8.89363384246826,0,0,
1997-12-21,-13.6757888793945,0.00514904642477632,0,
1997-12-22,-16.1824073791504,1.04930078983307,0.0261568687856197,
1997-12-23,-12.8251180648804,0.644870817661285,0.00850485358387232,
1997-12-24,-13.9591026306152,0.22636567056179,0.147816002368927,
1997-12-25,-6.32597875595093,0.29633566737175,0,
1997-12-26,-9.63743877410889,0.10793200135231,0,
1997-12-27,-12.8126392364502,0.00950978510081768,0,
1997-12-28,-13.2702169418335,0.178759321570396,0.0163667611777782,
1997-12-29,-14.0591335296631,2.66527843475342,0,
1997-12-30,-15.4037008285522,1.0381315946579,0.0442396439611912,
1997-12-31,-18.0914440155029,6.14121913909912,0.0708067566156387,
1998-01-01,-27.9818725585938,0.570747911930084,0.00711396895349026,
1998-01-02,-31.8680858612061,0.0557243414223194,0.00382665661163628,
1998-01-03,-32.9127540588379,0,0.00883273221552372,
1998-01-04,-33.8086624145508,0,0.0210829861462116,
1998-01-05,-28.1351470947266,0.0102621586993337,0.0467412918806076,
1998-01-06,-28.4692611694336,0.0354020781815052,0.00782392919063568,
1998-01-07,-27.6287956237793,0.317338466644287,0.0162420365959406,
1998-01-08,-28.1224803924561,0.465653747320175,0.0131323207169771,
1998-01-09,-29.0793895721436,0.0788449198007584,0,
1998-01-10,-28.938138961792,1.64113066603022e-06,0.00130509282462299,
1998-01-11,-27.2160339355469,0.000455735775176436,0.0123003460466862,
1998-01-12,-31.6363105773926,0.00326920324005187,0,
1998-01-13,-34.5366592407227,0,0.00433499692007899,
1998-01-14,-27.9820098876953,0.754182100296021,0.0610306710004807,
1998-01-15,-22.1681346893311,3.08249354362488,0.0654366537928581,
1998-01-16,-21.3184108734131,0.119316749274731,0.00827876571565867,
1998-01-17,-16.9971599578857,0.452183157205582,0.0863196402788162,
1998-01-18,-12.9764423370361,0.174362346529961,0.017198184505105,
1998-01-19,-15.9596338272095,3.18317985534668,0.0500024408102036,
1998-01-20,-18.1204719543457,4.50195741653442,0.0868240892887116,
1998-01-21,-19.8835697174072,1.709547996521,0.0121635105460882,
1998-01-22,-23.5058708190918,0.718763709068298,0.0222195778042078,
1998-01-23,-25.8398189544678,0.0182736720889807,0.0672228559851646,
1998-01-24,-19.1945686340332,0.873363614082336,0.125616043806076,
1998-01-25,-15.280987739563,0.145235389471054,0.052311833947897,
1998-01-26,-12.324686050415,0.00723931286484003,0.107785895466805,
1998-01-27,-9.2448091506958,1.30573737621307,0.0237101409584284,
1998-01-28,-12.7524824142456,0.236966773867607,0.0727205500006676,
1998-01-29,-11.0819320678711,1.06014752388,0.0917327404022217,
1998-01-30,-10.9013090133667,0.0782007500529289,0.0672473832964897,
1998-01-31,-11.3538274765015,0.0678101181983948,0.0242769308388233,
1998-02-01,-9.25248050689697,2.32563934332575e-06,0.10978078097105,
1998-02-02,-11.0410661697388,8.99968945304863e-05,0.0775749087333679,
1998-02-03,-12.8009252548218,0.657126665115356,0.0537800826132298,
1998-02-04,-14.1158666610718,0.798925757408142,0.0513580739498138,
1998-02-05,-13.9775495529175,4.83966302871704,0.143164113163948,
1998-02-06,-15.3633480072021,3.15934085845947,0.0613095536828041,
1998-02-07,-15.8848552703857,0.283851027488709,0.0686759203672409,
1998-02-08,-16.5391254425049,0.0420505329966545,0.0883140116930008,
1998-02-09,-10.2625274658203,0.247191071510315,0.120291247963905,
1998-02-10,-9.48849868774414,8.11035022252327e-07,0.0811233595013619,
1998-02-11,-10.6385612487793,0.743126153945923,0.172303393483162,
1998-02-12,-7.66935586929321,0.611194670200348,0.203734382987022,
1998-02-13,-5.51750373840332,2.03135967254639,0.15565550327301,
1998-02-14,-6.19079542160034,0.249467059969902,0.127489790320396,
1998-02-15,-7.92289924621582,0.0780050233006477,0.146502330899239,
1998-02-16,-6.42249965667725,0.0468318313360214,0.158096328377724,
1998-02-17,-7.27141618728638,0.0362747646868229,0.154352575540543,
1998-02-18,-6.17754554748535,0.0472279042005539,0.191253706812859,
1998-02-19,-7.97619152069092,0.409715175628662,0.220683977007866,
1998-02-20,-6.11707019805908,0.00143425993155688,0.227523162961006,
1998-02-21,-7.94969749450684,1.60990977287292,0.317109763622284,
1998-02-22,-9.64547443389893,6.16648721694946,0.18853996694088,
1998-02-23,-11.716944694519,0.525504112243652,0.184883639216423,
1998-02-24,-8.90381813049316,0.00877678766846657,0.253333956003189,
1998-02-25,-7.54170274734497,8.35863029351458e-05,0.296743214130402,
1998-02-26,-5.96644735336304,0.0315727181732655,0.272875219583511,
1998-02-27,-8.60293865203857,0.411836892366409,0.300366938114166,
1998-02-28,-9.1015100479126,0.101872764527798,0.245345219969749,
1998-03-01,-10.4353017807007,0,0.319548755884171,0.04900120627826
1998-03-02,-9.49994468688965,0.0428910851478577,0.376228660345078,0.0479659704818942
1998-03-03,-7.5282187461853,0.142751812934876,0.311016827821732,0.046930734685528
1998-03-04,-8.50378131866455,0.332654446363449,0.312648355960846,0.0455504202903737
1998-03-05,-15.5860910415649,0.0579994134604931,0.268386989831924,0.046930734685528
1998-03-06,-17.6985378265381,0.641577959060669,0.237854182720184,0.0455504202903737
1998-03-07,-23.281717300415,0.0142622487619519,0.196349203586578,0.0427897873864031
1998-03-08,-23.7386302947998,0.130866572260857,0.219128236174583,0.0396840758836442
1998-03-09,-23.3812656402588,2.61508375842823e-06,0.256534904241562,0.0369234470933353
1998-03-10,-19.3351230621338,5.23878851410586e-09,0.382465273141861,0.0341628141893649
1998-03-11,-9.56387710571289,0.148236826062202,0.579533576965332,0.0328515146912358
1998-03-12,-12.3032331466675,0.0228885170072317,0.416863709688187,0.0315402131362761
1998-03-13,-15.0987758636475,0.260551303625107,0.442533731460571,0.0288831066915053
1998-03-14,-10.4595880508423,1.63731122016907,0.49777689576149,0.0268126330419428
1998-03-15,-5.54169034957886,0,0.634613513946533,0.0250527305426563
1998-03-16,-4.47286033630371,0.361956983804703,0.593289077281952,0.0238794608385782
1998-03-17,-3.5561363697052,0.0126303927972913,0.743140578269959,0.0228442250422123
1998-03-18,-1.00577700138092,6.54862815281376e-05,0.782006621360779,0.0230167643416066
1998-03-19,-0.267434120178223,2.8332691192627,0.811660826206207,0.0236033991936456
1998-03-20,-0.483067482709885,0.951609313488007,0.579226136207581,0.0240520021948031
1998-03-21,-1.19588387012482,0.604414820671082,0.675622463226318,0.0250527305426563
1998-03-22,-0.770547032356262,0.00737313088029623,0.831445872783661,0.0260879663390222
1998-03-23,-1.71909236907959,2.2710064513376e-05,0.879623532295227,0.0273647583886385
1998-03-24,0.382283359766006,0.062093835324049,0.858340263366699,0.0287450748406237
1998-03-25,-0.562450766563416,0.54491001367569,0.912464201450348,0.0304359624428848
1998-03-26,-0.887886047363281,1.98951530456543,0.747424483299255,0.0303324380405159
1998-03-27,-4.29367446899414,0.393045395612717,0.794042587280273,0.0294352320382009
1998-03-28,-7.13582801818848,0.0412261486053467,0.740865647792816,0.0285035185873732
1998-03-29,-3.26541543006897,0.067216232419014,1.00316667556763,0.0283654887933223
1998-03-30,1.70543766021729,4.39519166946411,1.13258945941925,0.0294697394867137
1998-03-31,-0.259850710630417,0.49556776881218,0.824083268642426,0.0308845633872116
1998-04-01,-2.25700545310974,8.61120788613334e-05,1.09273111820221,0.0328515146912358
1998-04-02,-0.106779992580414,0,1.3391033411026,0.0351980499857306
1998-04-03,1.34938633441925,0.428015857934952,1.03258955478668,0.0376136042909125
1998-04-04,0.627231895923615,0.0246075000613928,1.36258924007416,0.0403742330812216
1998-04-05,0.0589217208325863,0,1.65428817272186,0.0427897873864031
1998-04-06,1.91153049468994,0,1.68559920787811,0.0448602589791348
1998-04-07,3.09137320518494,0,1.6137707233429,0.0458954988891621
1998-04-08,4.57169628143311,1.05055344104767,1.53393423557282,0.0552126292837779
1998-04-09,2.1827220916748,0.0444452725350857,1.424187541008,0.0759173657794024
1998-04-10,-0.883380532264709,0.683095693588257,1.58105134963989,0.10352367836446
1998-04-11,-3.23719024658203,0.945369482040405,1.23722052574158,0.0966220981613651
1998-04-12,-2.12810397148132,2.45057392120361,1.43170690536499,0.0862697319703837
1998-04-13,-1.19757080078125,0.581854701042175,1.56604909896851,0.0931713121734791
1998-04-14,0.179419845342636,0,1.73815488815308,0.0862697319703837
1998-04-15,2.92288565635681,0.0353996939957142,1.93995344638824,0.0810935447612317
1998-04-16,4.03292226791382,0,2.30246138572693,0.0776427587733454
1998-04-17,5.70547151565552,0,2.48491621017456,0.0724665715641933
1998-04-18,6.58815622329712,0,2.85845756530762,0.069015785576307
1998-04-19,7.28182077407837,0,2.72609496116638,0.172539463940767
1998-04-20,5.20915222167969,0.135352492332459,2.53750562667847,1.17326835479722
1998-04-21,5.71843338012695,0.000304029148537666,2.75728726387024,1.75990253219583
1998-04-22,5.34996795654297,0.254041135311127,2.75717496871948,2.17054650902972
1998-04-23,6.97471046447754,0,3.25907802581787,1.89793410334844
1998-04-24,7.18311882019043,1.13886678218842,2.10161781311035,1.89103249846338
1998-04-25,6.41766738891602,1.79736053943634,2.07836580276489,1.9634991523008
1998-04-26,4.8715353012085,1.64622473716736,2.49561023712158,1.86342621056029
1998-04-27,4.62247133255005,0.352946668863297,3.0783908367157,1.71504229789866
1998-04-28,6.00468349456787,0.807837128639221,3.52609157562256,1.60116627802519
1998-04-29,6.54759502410889,3.07789468765259,1.59296119213104,1.38031571152614
1998-04-30,6.14553022384644,0.143948540091515,3.46181702613831,1.25263648188254
1998-05-01,9.74392318725586,0.000306116708088666,3.800532579422,1.10770330584486
1998-05-02,11.5689353942871,1.51044642925262,4.41707706451416,1.04558912515362
1998-05-03,8.43304634094238,3.45801305770874,2.09319567680359,0.980024142019844
1998-05-04,6.40830326080322,4.55658578872681,3.31016850471497,0.959319393183233
1998-05-05,3.98737215995789,1.03357994556427,1.66544795036316,1.00417969329898
1998-05-06,7.10094404220581,6.73199028824456e-05,3.03647875785828,1.02833517875954
1998-05-07,9.20514106750488,0.0111420620232821,3.91805863380432,1.03178598120207
1998-05-08,7.54172611236572,0.594159424304962,3.11183524131775,0.973122602953363
1998-05-09,6.71672391891479,6.69825983047485,1.65326619148254,0.886852870982979
1998-05-10,7.86621141433716,0.467840641736984,3.98111653327942,0.838541768424696
1998-05-11,10.0168380737305,1.10620701487818e-09,4.41242933273315,0.935163907722675
1998-05-12,7.77856922149658,0,3.90331721305847,0.952417854116752
1998-05-13,7.89773607254028,0,4.06602764129639,0.866148122146368
1998-05-14,8.14891719818115,0.0213201101869345,4.16533470153809,0.810935480521607
1998-05-15,10.1776447296143,0.0182683449238539,3.98489284515381,0.772976785290923
1998-05-16,9.10303974151611,0.363566547632217,4.0926947593689,0.714313407042212
1998-05-17,10.7681922912598,1.66095638275146,3.48894882202148,0.655649962974917
1998-05-18,11.6907272338867,0.197114869952202,4.34027433395386,0.617691267744232
1998-05-19,14.1169557571411,2.4908926486969,3.79308867454529,0.610789728677751
1998-05-20,13.6126194000244,0.403987526893616,4.59560251235962,0.614240465301698
1998-05-21,15.6080255508423,0.65275764465332,5.02583122253418,0.662551567859982
1998-05-22,16.0846939086914,3.22824859619141,3.08675599098206,0.683256250878005
1998-05-23,14.0122804641724,2.89929127693176,3.25557518005371,0.679805514254058
1998-05-24,14.6178045272827,2.49599123001099,3.92874217033386,0.648748358089851
1998-05-25,15.5627679824829,7.28580951690674,3.6779146194458,0.628043675071828
1998-05-26,15.6195945739746,0.143698364496231,4.91574096679688,0.659100765417447
1998-05-27,13.4180927276611,1.12525546550751,4.79900455474854,1.59081380487901
1998-05-28,7.72461652755737,0,4.48433208465576,1.4458807604785
1998-05-29,10.5043745040894,0.00231452728621662,4.62719869613648,1.05249073003868
1998-05-30,7.02198505401611,0.684687614440918,4.54385805130005,0.862697319703837
1998-05-31,6.93969011306763,8.31590938568115,1.85315251350403,0.745370497387831
1998-06-01,5.49979162216187,1.28036642074585,3.07079696655273,0.683256250878005
1998-06-02,5.86381578445435,0.159672901034355,2.52928805351257,0.672903909368993
1998-06-03,7.11135292053223,0.0260253995656967,3.10255479812622,0.697059460648135
1998-06-04,9.5646333694458,0.421164631843567,3.35545611381531,0.714313407042212
1998-06-05,10.5342674255371,0.0522350482642651,3.60398817062378,0.683256250878005
1998-06-06,12.7628183364868,0,4.71708917617798,0.614240465301698
1998-06-07,14.4313640594482,0.0134756537154317,4.09901905059814,0.569380231004533
1998-06-08,15.7740726470947,0.753921866416931,4.17636013031006,0.517618391822302
1998-06-09,17.9382514953613,1.03571605682373,4.95982265472412,0.483110499034149
1998-06-10,17.1324882507324,0.0523490309715271,4.91838550567627,0.472758124615843
1998-06-11,15.5113830566406,5.37915515899658,3.99125051498413,0.514167589379772
1998-06-12,6.66315603256226,6.29809665679932,1.40553879737854,0.521069194264833
1998-06-13,3.87162089347839,4.17507123947144,1.15599322319031,0.500364445428226
1998-06-14,6.75766754150391,0.406360059976578,1.11123263835907,0.48656130147668
1998-06-15,9.83504486083984,2.51584959030151,3.17495131492615,0.500364445428226
1998-06-16,11.6772336959839,4.50605583190918,3.28197240829468,0.534872338216379
1998-06-17,12.0993270874023,0.376219213008881,4.00197124481201,0.559027889495521
1998-06-18,12.9268321990967,0.866072237491608,4.10784959793091,0.524519963798074
1998-06-19,13.9026556015015,0.266089498996735,3.94105648994446,0.517618391822302
1998-06-20,16.9100666046143,0.0364658646285534,4.85205984115601,0.493462873452455
1998-06-21,17.2122974395752,4.70104885101318,4.35059642791748,0.455504178221767
1998-06-22,18.9990386962891,0.473476141691208,4.83493804931641,0.431348659851919
1998-06-23,17.9396514892578,4.77453899383545,4.30025386810303,0.427897857409388
1998-06-24,16.4889907836914,6.19250965118408,3.32062768936157,0.465856552640072
1998-06-25,15.4976797103882,11.9762125015259,1.94759404659271,0.43825023182769
1998-06-26,13.7162256240845,2.47683048248291,1.89192283153534,0.407193141482071
1998-06-27,14.6211910247803,0.318601876497269,2.15472102165222,0.414094713457842
1998-06-28,14.4988250732422,0.00176897994242609,2.4909656047821,0.43479946229445
1998-06-29,16.9173603057861,0.0373504757881165,3.34019374847412,0.403742339039536
1998-06-30,17.502799987793,0.0463010594248772,4.27170753479004,0.376136018227158
1998-07-01,15.5833406448364,0.0789244025945664,4.94235372543335,0.344043700312492
1998-07-02,13.3467350006104,2.81302581228715e-09,5.07121276855469,0.330930697103879
1998-07-03,16.1547470092773,2.9477014541626,3.92155861854553,0.310916121919493
1998-07-04,19.2261123657227,0.892835915088654,4.77966976165772,0.289521232339953
1998-07-05,19.6761112213135,0.10183160752058,5.3189697265625,0.289176145513841
1998-07-06,20.0367221832275,0.397425770759583,4.67787265777588,0.297112945058657
1998-07-07,19.5200042724609,0.0953108444809914,5.31971502304077,0.312986577057579
1998-07-08,18.3673095703125,0.277851402759552,4.8105149269104,0.309190720698227
1998-07-09,18.221170425415,2.59896564483643,4.04058265686035,0.289866286256773
1998-07-10,17.4133243560791,0.89757251739502,4.14389610290527,0.290211373082884
1998-07-11,18.2613792419434,1.482781291008,4.49079608917236,0.292281861130262
1998-07-12,17.3574142456055,25.7001171112061,0.884250700473785,0.299528519932145
1998-07-13,14.1993570327759,37.7221412658691,0.374437302350998,0.341973212265115
1998-07-14,9.66047382354736,12.2581453323364,4.26384258270264,1.30784918932588
1998-07-15,10.8164091110229,0,4.36363697052002,2.91936767722292
1998-07-16,14.5346031188965,0.425755977630615,3.97002077102661,2.66400921793572
1998-07-17,17.8840503692627,8.86110687255859,2.6079888343811,2.01526099148303
1998-07-18,15.1807250976562,6.16596651077271,1.9044862985611,1.71159142963755
1998-07-19,15.297643661499,5.20408868789673,2.8366231918335,1.57701072674605
1998-07-20,15.0978469848633,1.12781703472137,3.97347354888916,1.46658544349652
1998-07-21,13.5859022140503,0.116464905440807,2.65552377700806,1.46658544349652
1998-07-22,14.7072820663452,0.0402574390172958,4.24336242675781,1.4838393898906
1998-07-23,16.8654499053955,4.95769453048706,4.60133647918701,1.3182015308349
1998-07-24,18.3864936828613,4.5607008934021,4.4447717666626,1.1905223011913
1998-07-25,17.0456409454346,0.730748534202576,4.09022855758667,1.09735096433585
1998-07-26,15.5258369445801,0.032899197191,4.55270910263062,1.01108123236546
1998-07-27,14.4212207794189,0.426634848117828,4.1796407699585,0.924811500395079
1998-07-28,11.4466066360474,0.118073038756847,2.75160694122314,0.869598924588903
1998-07-29,12.4210367202759,0.00302998279221356,4.15831327438355,0.817837085406672
1998-07-30,16.8862247467041,0.98284924030304,4.58811283111572,0.776427587733454
1998-07-31,17.1387996673584,0.0297673083841801,4.19852066040039,0.755722838896846
1998-08-01,17.2190074920654,2.26426291465759,3.80032300949097,0.728116550993754
1998-08-02,18.1621971130371,1.86490917205811,4.14831113815308,0.700510197272082
1998-08-03,19.1554870605469,7.92901086807251,4.33490896224976,0.717764143666158
1998-08-04,19.2032527923584,0.111155420541763,4.44522666931152,0.703960999714616
1998-08-05,19.1122016906738,1.71353137493134,4.10391521453857,0.676354711811524
1998-08-06,15.0656785964966,14.4960422515869,1.53403854370117,0.652199160532386
1998-08-07,12.8222246170044,1.76267886161804,2.68920660018921,0.659100765417447
1998-08-08,14.2142276763916,8.36465744669113e-07,4.14077568054199,0.762624443781908
1998-08-09,15.4777746200562,0.00110720028169453,3.92248678207397,0.797132336570062
1998-08-10,15.4650955200195,0.0870421528816223,3.95749115943909,0.738468892502769
1998-08-11,12.3231945037842,0,4.30567455291748,0.679805514254058
1998-08-12,12.321081161499,5.21075105667114,2.81720089912415,0.621142070186763
1998-08-13,12.0636520385742,0.83546507358551,3.15534734725952,0.569380231004533
1998-08-14,13.7979297637939,0.437582135200501,3.45659422874451,0.53832314065891
1998-08-15,11.2694997787476,0.0107519244775176,2.52615904808044,0.531421535773848
1998-08-16,12.9162340164185,0.000364023726433516,3.51217126846314,0.510716819846531
1998-08-17,14.0552949905396,0,3.80577397346497,0.479659696591618
1998-08-18,16.0435066223145,0.524329483509064,3.4787449836731,0.452053408688526
1998-08-19,11.0247526168823,0,2.8122570514679,0.424447087876148
1998-08-20,9.8335657119751,0.255108684301376,3.30065536499023,0.403742339039536
1998-08-21,13.6436042785645,5.81081867218018,2.89266896247864,0.379586820669689
1998-08-22,13.5136451721191,5.4138999949771e-09,3.59237146377564,0.362332874275612
1998-08-23,12.1578407287598,0.00148042477667332,2.8999650478363,0.351980499857306
1998-08-24,10.7263669967651,2.09409117698669,2.4460506439209,0.334381466637119
1998-08-25,11.1748638153076,1.4390664100647,2.73238110542297,0.31919800829042
1998-08-26,11.9237756729126,1.70169270038605,1.75149142742157,0.305739918255695
1998-08-27,11.5672435760498,0.749014377593994,2.63767051696777,0.300218660675077
1998-08-28,10.9120168685913,4.62570923787098e-08,3.40553212165833,0.29780311871088
1998-08-29,13.1967716217041,0.00122036878019571,3.57944130897522,0.294007262351527
1998-08-30,12.1050081253052,4.02888154983521,1.88781356811523,0.285035202328378
1998-08-31,9.32044410705566,0.0375100299715996,2.82936072349548,0.271922199119765
1998-09-01,10.6895666122437,1.0242702960968,2.39589691162109,0.267781255934301
1998-09-02,9.37253665924072,7.65318965911865,1.8832278251648,0.274337741083962
1998-09-03,9.41765308380127,0.263126373291016,3.03785967826843,0.285380289154489
1998-09-04,7.89470434188843,0.699117004871368,2.44145488739014,0.285380289154489
1998-09-05,8.63427448272705,0.0737437754869461,2.54644465446472,0.285035202328378
1998-09-06,7.80689811706543,0.00547007797285914,2.40628886222839,0.281584399885846
1998-09-07,12.8031606674194,0.00854309275746346,3.25933384895325,0.274682827910073
1998-09-08,12.2897233963013,0.0524140521883965,2.40111589431763,0.267781255934301
1998-09-09,9.3877124786377,0.0578216575086117,2.16309714317322,0.261914911527572
1998-09-10,8.29222774505615,0.266492307186127,2.38795232772827,0.258119038713574
1998-09-11,10.2902765274048,0.872372269630432,2.20733952522278,0.248111751121381
1998-09-12,9.01096630096436,5.53114223480225,1.88026511669159,0.242245406714652
1998-09-13,7.24231338500977,5.54799795150757,0.783629536628723,0.237414306331611
1998-09-14,4.77105331420898,2.6798107624054,1.2745715379715,0.231547961924882
1998-09-15,6.15603923797607,5.06141757965088,1.24237513542175,0.230857804727304
1998-09-16,6.35185194015503,2.63879823684692,1.54105496406555,0.235343834738879
1998-09-17,3.19928479194641,0.0127265509217978,1.7489401102066,0.240520005493386
1998-09-18,4.7217755317688,0.00049882847815752,2.03191471099854,0.248801908318958
1998-09-19,6.37706661224365,1.70083307438063e-08,1.86925482749939,0.261224754329994
1998-09-20,8.70695972442627,0,1.65273416042328,0.269851727527033
1998-09-21,9.63711929321289,0.00612113904207945,1.95665049552917,0.270886955096076
1998-09-22,9.54111480712891,1.69191670417786,1.46130192279816,0.266400925084501
1998-09-23,6.5754337310791,7.78956174850464,0.509424805641174,0.25984443993484
1998-09-24,3.11674189567566,2.40502333641052,0.878355205059052,0.256048567120842
1998-09-25,3.31874656677246,1.83612072467804,0.773223280906677,0.255703480294731
1998-09-26,2.27346420288086,1.70669198036194,0.700885117053986,0.26156982470146
1998-09-27,2.56204867362976,6.07586336135864,0.351602822542191,0.27054188472461
1998-09-28,3.36690354347229,1.83053982257843,0.996243834495544,0.27640822913134
1998-09-29,0.879331231117249,0.0671436712145805,0.95143449306488,0.273302513514919
1998-09-30,0.362391173839569,0.661913275718689,0.800409495830536,0.271232041922187
1998-10-01,5.57627773284912,0.667734622955322,0.869488418102264,0.282619627454889
1998-10-02,5.87136220932007,0.000402710429625586,0.867767751216888,0.288485971861619
1998-10-03,5.58844614028931,0.983442842960358,0.860710918903351,0.289866286256773
1998-10-04,2.20159363746643,0.657166004180908,0.584313035011292,0.289866286256773
1998-10-05,2.29516935348511,0,0.694706439971924,0.289521232339953
1998-10-06,0.170931339263916,0.0408408753573895,0.579241573810577,0.289176145513841
1998-10-07,1.61053609848022,0.717478930950165,0.416568994522095,0.283999941850044
1998-10-08,-0.889873206615448,0.522264897823334,0.577216327190399,0.270196797898499
1998-10-09,-2.36041665077209,0.0429876446723938,0.697828650474548,0.260879667503883
1998-10-10,-4.98069429397583,0.00023485385463573,0.574943423271179,0.254323165899576
1998-10-11,-3.41431021690369,0.0585880242288113,0.569019675254822,0.245351122331072
1998-10-12,-1.2194356918335,2.23568964004517,0.56478089094162,0.187032781544535
1998-10-13,0.375936031341553,0.58110636472702,0.543533563613892,0.178750878718963
1998-10-14,2.20228266716003,0.177188083529472,0.442566603422165,0.189103253137267
1998-10-15,1.84315466880798,0.802784979343414,0.237959265708923,0.194969597543996
1998-10-16,2.07502555847168,0.138700932264328,0.568677365779877,0.200145784753148
1998-10-17,2.84197688102722,0.0123278936371207,0.824512422084808,0.199800697927037
1998-10-18,0.571710228919983,7.69520447363448e-09,0.72233110666275,0.198420383531883
1998-10-19,2.56477189064026,0,0.518883287906647,0.197730226334305
1998-10-20,4.25247430801392,0,0.700655579566956,0.197040069136728
1998-10-21,5.15324687957764,0,0.671266973018646,0.194624510717885
1998-10-22,4.21307897567749,0,0.539631724357605,0.189448323508733
1998-10-23,2.70836472511292,0.00132881454192102,0.388245105743408,0.189793410334844
1998-10-24,1.96528387069702,1.43830775414244e-05,0.493748366832733,0.190483567532421
1998-10-25,3.69552564620972,0.981484353542328,0.7284374833107,0.134235706565939
1998-10-26,4.94683313369751,0.0745164304971695,1.33879566192627,0.110770337166344
1998-10-27,0.703923165798187,0.264174371957779,0.468898862600327,0.105249071358403
1998-10-28,0.253274261951447,2.81997919082642,0.305214375257492,0.123883332147635
1998-10-29,-2.95516920089722,0.736642837524414,0.302261143922806,0.0890303607606926
1998-10-30,-6.28832292556763,0.00409054197371006,0.216462835669518,0.0793681517672884
1998-10-31,-5.1515679359436,0.00740949204191566,0.381209164857864,0.0724665715641933
1998-11-01,-1.84428727626801,0.0058857505209744,0.301880031824112,
1998-11-02,-2.59933400154114,0.0933838039636612,0.174003124237061,
1998-11-03,-1.00556099414825,0.450388491153717,0.143323808908463,
1998-11-04,-0.81642484664917,1.59855890274048,0.182530432939529,
1998-11-05,-0.531085252761841,0.275898724794388,0.0751655027270317,
1998-11-06,-1.19201385974884,0.0663471594452858,0.0726693198084831,
1998-11-07,-2.33025240898132,0.0143911773338914,0.0286635607481003,
1998-11-08,-3.14078497886658,0.700273454189301,0.138749182224274,
1998-11-09,-5.99353694915771,2.34089374542236,0.201248303055763,
1998-11-10,-10.969500541687,0.687557578086853,0.159886568784714,
1998-11-11,-16.2467193603516,0.0305118262767792,0.0437096133828163,
1998-11-12,-13.8011560440063,0,0.107177808880806,
1998-11-13,-15.1907482147217,0.667522132396698,0.0766567960381508,
1998-11-14,-16.3153667449951,0.0550196915864945,0.026234146207571,
1998-11-15,-18.0118770599365,0.0653503686189652,0.0581278055906296,
1998-11-16,-18.6695098876953,0.198249772191048,0.0040631890296936,
1998-11-17,-17.4144973754883,0.122843183577061,0.0609194710850716,
1998-11-18,-18.4099979400635,0,0,
1998-11-19,-14.2157859802246,0,0.0490316599607468,
1998-11-20,-9.01512432098389,0.128123968839645,0.106876097619534,
1998-11-21,-6.66028118133545,1.99404883384705,0.00427826214581728,
1998-11-22,-7.5494647026062,0.194273754954338,0.0100496299564838,
1998-11-23,-7.94247055053711,0.0301627553999424,0,
1998-11-24,-6.90656042098999,0,0.0548043288290501,
1998-11-25,-6.4348201751709,0.620883107185364,0.0267311558127403,
1998-11-26,-6.30587434768677,0.262600630521774,0,
1998-11-27,-8.58267498016357,1.03716540336609,0,
1998-11-28,-10.3839101791382,1.87051928043365,0,
1998-11-29,-14.5502958297729,5.54132275283337e-05,0,
1998-11-30,-15.4618501663208,0.00014784830273129,0,
1998-12-01,-11.5747146606445,0.0932784080505371,0.0281607583165169,
1998-12-02,-8.7305212020874,0.360807955265045,0.0993827357888222,
1998-12-03,-11.8608703613281,1.08409142494202,0.030632134526968,
1998-12-04,-16.0546417236328,0.367936760187149,0,
1998-12-05,-13.3222007751465,0.0286122858524323,0,
1998-12-06,-13.6905279159546,1.13800346851349,0.0105481054633856,
1998-12-07,-15.4253559112549,1.20098340511322,0.0218999199569225,
1998-12-08,-10.0467042922974,0.630253791809082,0.0128448819741607,
1998-12-09,-11.3887958526611,0.00284661119803786,0,
1998-12-10,-8.10298156738281,0,0.0490803197026253,
1998-12-11,-5.28921794891357,0,0,
1998-12-12,-8.84286689758301,0.210823476314545,0.0221480969339609,
1998-12-13,-7.32187080383301,0,0,
1998-12-14,-12.2311410903931,0.0563453361392021,0,
1998-12-15,-15.3514337539673,0.000348871777532622,0.00504547683522105,
1998-12-16,-12.2829551696777,0.94165301322937,0.0386994369328022,
1998-12-17,-12.6102466583252,3.79475402832031,0.125335156917572,
1998-12-18,-23.4959239959717,0.855120480060577,0.0374913923442364,
1998-12-19,-28.2957878112793,0.00117646704893559,0,
1998-12-20,-28.0185165405273,0.0276477932929993,0.00370596908032894,
1998-12-21,-21.7588768005371,2.24234628677368,0.106541305780411,
1998-12-22,-21.8038902282715,0.525032937526703,0.0304103270173073,
1998-12-23,-22.7817630767822,0.00955317914485931,0.0227992944419384,
1998-12-24,-24.0989456176758,0.472527474164963,0,
1998-12-25,-21.5161609649658,0.583499372005463,0.0585590824484825,
1998-12-26,-19.4933300018311,0.553427934646606,0.0318626761436462,
1998-12-27,-25.7986755371094,0.0347297526896,0,
1998-12-28,-31.6298828125,0,0,
1998-12-29,-28.0414657592773,0.173738732933998,0.0532418228685856,
1998-12-30,-25.0222949981689,0.581882417201996,0,
1998-12-31,-24.7840270996094,0.0187557749450207,0.114877261221409,
1999-01-01,-22.8790912628174,0.345065414905548,0.0206032581627369,
1999-01-02,-27.0167999267578,0.000867859169375151,0,
1999-01-03,-22.9402084350586,2.33536839485168,0.0861295014619827,
1999-01-04,-18.3248805999756,2.32959508895874,0.0273493286222219,
1999-01-05,-23.7180233001709,0.801587760448456,0.0033143125474453,
1999-01-06,-28.1781253814697,0.219337150454521,0.00106081739068031,
1999-01-07,-28.6526508331299,0.01076565310359,0.00517623266205192,
1999-01-08,-29.6633853912354,0.0100918337702751,0.0229517742991447,
1999-01-09,-28.1715469360352,0.158113837242126,0.0368780866265297,
1999-01-10,-27.6922721862793,0.0173531528562307,0.0300147626549006,
1999-01-11,-30.3719596862793,0.0818332731723785,0.0135272825136781,
1999-01-12,-21.2115364074707,0.762073576450348,0.0657571405172348,
1999-01-13,-14.5856142044067,0.027324428781867,0.0421157740056515,
1999-01-14,-7.73200082778931,4.54751205444336,0.0129646537825465,
1999-01-15,-5.72291421890259,0.0696406811475754,0,
1999-01-16,-9.74929332733154,0.363344073295593,0,
1999-01-17,-13.035026550293,0.00719396304339171,0,
1999-01-18,-11.91383934021,0.0704925879836083,0.0159438624978066,
1999-01-19,-11.5724925994873,6.56493997573853,0.133225455880165,
1999-01-20,-18.152214050293,0.916800141334534,0.0190492700785398,
1999-01-21,-25.1628913879395,0.00301725137978792,0,
1999-01-22,-27.5587329864502,0,0.00555260479450226,
1999-01-23,-27.8708953857422,0,0.0676543116569519,
1999-01-24,-19.1675853729248,0,0.10402175784111,
1999-01-25,-15.6274566650391,0,0.0368507765233517,
1999-01-26,-15.4275856018066,0.0505494847893715,0.0115349916741252,
1999-01-27,-15.2525730133057,0.0928657352924347,0.116980619728565,
1999-01-28,-17.5802879333496,0.631089746952057,0.0235630944371223,
1999-01-29,-19.432502746582,2.22688150405884,0.0835733860731125,
1999-01-30,-23.7349147796631,0.958108186721802,0.0372863337397575,
1999-01-31,-19.4900302886963,1.39640307426453,0.100214459002018,
1999-02-01,-21.621208190918,3.38660907745361,0.0763896778225899,
1999-02-02,-25.3038139343262,0.0721057876944542,0.0321354530751705,
1999-02-03,-24.7640075683594,0,0.080866739153862,
1999-02-04,-19.4765205383301,0.00034960568882525,0.183258831501007,
1999-02-05,-18.6753845214844,0.124133452773094,0.147431820631027,
1999-02-06,-14.6047058105469,0.164784744381905,0.14651070535183,
1999-02-07,-11.9616870880127,0.128231033682823,0.11228834092617,
1999-02-08,-13.8916568756104,3.3102331161499,0.0990714877843857,
1999-02-09,-15.2645931243896,2.16714596748352,0.108902513980865,
1999-02-10,-17.80739402771,0.8548464179039,0.0808289349079132,
1999-02-11,-20.6297874450684,0.696534395217896,0.173260539770126,
1999-02-12,-9.9036226272583,0.264539986848831,0.227698937058449,
1999-02-13,-8.74569606781006,1.66465556621552,0.148841440677643,
1999-02-14,-10.2683277130127,0.532811045646668,0.119677416980267,
1999-02-15,-8.61550617218018,1.67462346212233e-08,0.154489398002625,
1999-02-16,-9.79304695129395,0.104312598705292,0.198014304041863,
1999-02-17,-9.14327716827393,0.0717712044715881,0.213878661394119,
1999-02-18,-8.15632152557373,0.187197551131248,0.185042098164558,
1999-02-19,-8.43031978607178,0.00491240294650197,0.17510399222374,
1999-02-20,-10.8688297271729,0,0.212555080652237,
1999-02-21,-7.74260330200195,0,0.28437665104866,
1999-02-22,-6.38956737518311,0,0.286913603544235,
1999-02-23,-5.8294677734375,0.933200597763062,0.176117911934853,
1999-02-24,-8.64206600189209,0.195619806647301,0.227108225226402,
1999-02-25,-6.5665602684021,0.0417763367295265,0.291229665279388,
1999-02-26,-5.97253751754761,0.385642558336258,0.304496794939041,
1999-02-27,-9.43287754058838,0.660999953746796,0.267633140087128,
1999-02-28,-11.1275615692139,0.246256619691849,0.280676037073135,
1999-03-01,-15.7517671585083,0.267438977956772,0.249022871255875,0.00279513932406776
1999-03-02,-10.5684509277344,0.670871198177338,0.349949061870575,0.00276063136134736
1999-03-03,-11.1294012069702,0.0460797213017941,0.285250633955002,0.00279513932406776
1999-03-04,-15.0735282897949,0.0962750986218452,0.286268800497055,0.00234653683711794
1999-03-05,-14.1582355499268,1.81925809383392,0.281761258840561,0.00245006046817529
1999-03-06,-16.4974994659424,0.272325396537781,0.259140700101852,0.00245006046817529
1999-03-07,-15.3102855682373,0.137444257736206,0.283189445734024,0.00234653683711794
1999-03-08,-14.5996809005737,0.0350341312587261,0.377396017313004,0.0023810445427345
1999-03-09,-10.5965356826782,0.0134658617898822,0.444580256938934,0.00220850524334019
1999-03-10,-7.99100303649902,0,0.561921119689941,0.00193244205578469
1999-03-11,-6.34952592849731,0.000182108051376417,0.510443091392517,0.00186342625889581
1999-03-12,-5.45988893508911,0.0432953052222729,0.5260910987854,0.00182891829617541
1999-03-13,-3.9203040599823,0.597133874893189,0.508865833282471,0.00182891829617541
1999-03-14,-2.84187793731689,0.684308409690857,0.59121698141098,0.00193244205578469
1999-03-15,-5.51918601989746,0.635175108909607,0.693255841732025,0.00227752091167715
1999-03-16,-5.53383493423462,0.0278875138610601,0.682418823242188,0.00276063136134736
1999-03-17,-6.27124643325806,6.43913226667792e-05,0.754406571388245,0.00355431296129346
1999-03-18,-4.59167242050171,0.282996773719788,0.759024858474731,0.00476208908546902
1999-03-19,-2.30616593360901,0.0193489026278257,0.815393030643463,0.00517618412390608
1999-03-20,-1.01669251918793,0,1.01830112934113,0.00438250252395999
1999-03-21,2.92596960067749,0,1.25752198696136,0.00220850524334019
1999-03-22,4.72532033920288,0,1.23443102836609,0.00282964728678815
1999-03-23,2.75583839416504,0,1.01387476921082,0.00407193137368409
1999-03-24,4.37954235076904,0,0.934476137161255,0.00431348659851919
1999-03-25,4.05661582946777,0.124478042125702,1.12096238136292,0.00479659704818942
1999-03-26,1.42168319225311,0.505509912967682,0.983544945716858,0.00455504182335428
1999-03-27,-2.00584244728088,1.25269722938538,0.567405462265015,0.00310571047434366
1999-03-28,-5.99582481384277,0.622155427932739,0.743376791477203,0.0027261236557308
1999-03-29,-7.88146543502808,0.154936209321022,0.817465424537659,0.00331275773645836
1999-03-30,-9.30041885375977,0.310320258140564,0.879150569438934,0.00414094704202104
1999-03-31,-8.09109306335449,0.932555198669434,0.883198261260986,0.00531421546058001
1999-04-01,-4.8073205947876,0.000552939833141863,1.15321123600006,0.00662551547291673
1999-04-02,0.972069263458252,2.15517163276672,1.06918561458588,0.00672903884687026
1999-04-03,2.16839623451233,5.35812711715698,0.377555012702942,0.00624592839720003
1999-04-04,-1.3488621711731,1.61361885070801,1.12181878089905,0.00527970749785961
1999-04-05,-4.31522607803345,1.10400652885437,0.759457945823669,0.00531421546058001
1999-04-06,-4.64014339447021,0.486570835113525,0.896962106227875,0.00572830998480944
1999-04-07,-2.97753667831421,0.604161381721497,1.32845187187195,0.00638396024808163
1999-04-08,-4.96905755996704,6.05484437942505,0.746483623981476,0.00472758112274862
1999-04-09,-5.14151811599731,3.58513259887695,0.794121444225311,0.00800583089648658
1999-04-10,-6.94396257400513,0.035605613142252,1.03248500823975,0.0132510309458335
1999-04-11,-1.48644006252289,0.151436924934387,1.72333550453186,0.0198765453903349
1999-04-12,3.86708092689514,0.465670943260193,1.78517913818359,0.0219470190398973
1999-04-13,2.00347638130188,1.14740347862244,1.5308450460434,0.0269851723413371
1999-04-14,0.0322274640202522,0,1.56509745121002,0.0379586828897012
1999-04-15,0.791711747646332,0.200927495956421,1.75465559959412,0.0503815247870757
1999-04-16,5.21460485458374,0.49676787853241,2.1814751625061,0.0662551526723368
1999-04-17,4.62160730361938,8.27815820230171e-05,1.97517347335815,0.0983474911553084
1999-04-18,5.40070724487305,0,2.34935164451599,0.176680407126231
1999-04-19,5.31229591369629,0,2.21421337127686,0.170468992348036
1999-04-20,4.6756272315979,0,2.46581792831421,0.214639085902271
1999-04-21,5.8562536239624,0,2.52150774002075,0.280204085490691
1999-04-22,7.78821086883545,0.000300615909509361,2.74854373931885,0.30401454994372
1999-04-23,7.97357130050659,0.00612910464406014,3.20365142822266,0.376136018227158
1999-04-24,6.91653871536255,0.975093483924866,2.78675818443298,0.462405750197541
1999-04-25,6.20975542068481,0,2.0848879814148,0.524519963798074
1999-04-26,2.55557775497437,0.0414862744510174,2.42864108085632,0.552126284610456
1999-04-27,0.400321185588837,0.00555575639009476,2.10176849365234,0.500364445428226
1999-04-28,0.71150541305542,0.141779825091362,2.32908916473389,0.441701034270224
1999-04-29,2.08991837501526,1.57692647917429e-05,2.79980063438416,0.376136018227158
1999-04-30,4.26654386520386,3.27970228681806e-05,2.97475218772888,0.317127520243043
1999-05-01,7.08978986740112,0.0455311834812164,3.15603804588318,0.3009088343273
1999-05-02,7.98286771774292,0.00158289540559053,2.78490877151489,0.279168857921648
1999-05-03,7.73202276229858,0.0597143173217773,3.35398507118225,0.265020610689346
1999-05-04,4.45055913925171,0,1.7732595205307,0.270886955096076
1999-05-05,0.0313562266528606,0.0860499665141106,1.58398675918579,0.306085005081807
1999-05-06,3.04700994491577,0.0285330172628164,3.31278371810913,0.300563747501189
1999-05-07,4.43184471130371,0.0064921397715807,2.41738104820251,0.28883105868773
1999-05-08,2.9682240486145,0,1.79362094402313,0.276063142305228
1999-05-09,5.09920024871826,0.21194052696228,3.37523055076599,0.260879667503883
1999-05-10,5.53991174697876,0.388243407011032,2.85088419914246,0.245696192702538
1999-05-11,6.3870153427124,4.34306275565177e-05,3.63773226737976,0.228097175936995
1999-05-12,3.81716680526733,6.65734529495239,0.710840880870819,0.216709573949648
1999-05-13,4.36140251159668,4.38812494277954,1.69556212425232,0.211878457111962
1999-05-14,4.43623304367065,0.659228801727295,1.89224994182587,0.212568614309539
1999-05-15,3.55890822410583,0.294492155313492,2.10504031181335,0.227407018739418
1999-05-16,2.09854292869568,3.50585699081421,1.96891331672668,0.327134807835236
1999-05-17,3.54944682121277,1.00725877285004,2.54930949211121,0.365783676718143
1999-05-18,4.59872674942017,0.356716513633728,2.77345204353333,0.365783676718143
1999-05-19,7.83698892593384,1.79960203170776,3.13110828399658,0.400291569506296
1999-05-20,8.16485500335693,0.475638151168823,3.84295105934143,0.458954980664301
1999-05-21,10.6465835571289,9.23145389556885,2.72575998306274,0.545224712634685
1999-05-22,9.16395473480225,5.68452596664429,2.77559089660645,0.555577087052987
1999-05-23,9.19429683685303,0.151732891798019,3.7028431892395,0.569380231004533
1999-05-24,14.0846939086914,0.104563809931278,4.73825931549072,0.766075246224442
1999-05-25,14.8032274246216,0.151524618268013,4.50972032546997,0.693608658205601
1999-05-26,9.35733795166016,0.0934616476297379,4.03885889053345,0.600437321350155
1999-05-27,7.7654128074646,4.17154455184937,3.2468581199646,0.531421535773848
1999-05-28,5.80705738067627,4.13897657394409,2.26834750175476,0.472758124615843
1999-05-29,6.21625900268555,0.634877026081085,3.88520312309265,0.431348659851919
1999-05-30,8.72646903991699,1.30002748966217,3.71149921417236,0.424447087876148
1999-05-31,9.24621772766113,1.12560224533081,3.14718961715698,0.414094713457842
1999-06-01,9.348219871521,3.11590766906738,3.45067358016968,0.396840767063765
1999-06-02,10.7624883651733,0.536561846733093,4.16848659515381,0.38648839264546
1999-06-03,11.5447263717651,1.84365904331207,4.29194211959839,0.376136018227158
1999-06-04,10.7640981674194,0.740465521812439,3.79393339157105,0.376136018227158
1999-06-05,9.33696269989014,1.3499014377594,3.62936091423035,0.362332874275612
1999-06-06,6.05066823959351,12.429705619812,0.645596563816071,0.345078927881535
1999-06-07,3.89366030693054,9.83137798309326,0.653216242790222,0.33748718225354
1999-06-08,6.43277502059937,1.09120142459869,3.19440078735352,0.407193141482071
1999-06-09,7.38632535934448,0.242160186171532,3.17697167396545,0.955868656559286
1999-06-10,7.02879095077515,0.65043169260025,3.02037906646729,1.04903992759615
1999-06-11,8.01978492736816,0.13067302107811,4.68565559387207,0.883402068540445
1999-06-12,8.76049137115479,4.76633176731411e-05,4.29191827774048,0.755722838896846
1999-06-13,12.1033668518066,0.000162196665769443,4.74439573287964,0.672903909368993
1999-06-14,13.3215608596802,0,5.36405849456787,0.600437321350155
1999-06-15,14.9207782745361,0,5.56543636322022,0.548675482167925
1999-06-16,17.4438285827637,0,6.35533952713013,0.503815247870757
1999-06-17,17.6748485565186,0.860579550266266,4.92991590499878,0.472758124615843
1999-06-18,18.8811931610107,2.84239363670349,4.82952690124512,0.43825023182769
1999-06-19,18.9289646148682,1.06484115123749,4.77007007598877,0.417545515900373
1999-06-20,13.972617149353,3.10091471672058,2.59998369216919,0.396840767063765
1999-06-21,13.4781532287598,1.07899165153503,3.57565331459045,0.38648839264546
1999-06-22,10.7544956207275,8.36608695983887,1.54869484901428,0.43479946229445
1999-06-23,6.79633951187134,1.44839441776276,1.85775649547577,0.476208927058378
1999-06-24,7.73054122924805,0.583071529865265,2.73484230041504,0.483110499034149
1999-06-25,8.23293209075928,0.574880182743073,2.74117493629456,0.479659696591618
1999-06-26,9.51385402679443,0.596580386161804,3.87875914573669,0.479659696591618
1999-06-27,11.3456525802612,4.30163431167603,3.06539487838745,0.479659696591618
1999-06-28,11.932957649231,11.6761903762817,3.47903633117676,0.462405750197541
1999-06-29,12.7131490707397,5.3480658531189,3.97301864624023,0.441701034270224
1999-06-30,13.3948135375977,11.5641021728516,2.94737648963928,0.479659696591618
1999-07-01,9.47331809997559,5.15108251571655,1.55498206615448,0.559027889495521
1999-07-02,10.6579551696777,2.52328109741211,3.99554491043091,0.707411802157147
1999-07-03,10.6456289291382,0.91477757692337,3.54544043540955,0.955868656559286
1999-07-04,8.86013412475586,15.5336303710938,2.19392514228821,1.03178598120207
1999-07-05,7.64435911178589,6.65974855422974,3.31050395965576,0.93861471016521
1999-07-06,10.4165439605713,0.236127704381943,3.82102179527283,0.986925746904905
1999-07-07,14.7180967330933,0.00620934367179871,4.88189458847046,1.29749671617971
1999-07-08,16.5780487060547,0.175926044583321,5.13483285903931,1.29404597955576
1999-07-09,17.7732925415039,0.261335879564285,5.12005758285523,1.09044942526937
1999-07-10,18.9041004180908,0.00969020836055279,4.79363298416138,0.955868656559286
1999-07-11,16.3978080749512,11.3781299591064,3.14813780784607,0.852344978194826
1999-07-12,14.7904891967773,14.8127937316895,1.43623328208923,0.821287822030619
1999-07-13,14.5402297973633,4.41300296783447,4.11656856536865,1.81856597626312
1999-07-14,8.69654178619385,2.59514737129211,2.90470719337463,2.65710774468782
1999-07-15,7.4826602935791,0.361631751060486,2.62606930732727,2.33618423644826
1999-07-16,11.704758644104,0.167483285069466,4.41880559921265,1.95314667915462
1999-07-17,15.1109275817871,0.517812132835388,3.82861876487732,1.65637885383137
1999-07-18,16.6849956512451,0.0337149351835251,5.23166465759277,1.42172520919936
1999-07-19,15.9054403305054,1.37609899044037,3.90862560272217,1.28369363804674
1999-07-20,15.5608100891113,5.10144424438477,2.59789490699768,1.19742390607636
1999-07-21,17.194486618042,0.518914699554443,4.13022422790527,1.15601440840314
1999-07-22,17.5683631896973,1.0048805475235,3.81815433502197,1.11115417410598
1999-07-23,12.1533393859863,1.04779040813446,2.28506469726563,1.05594153248121
1999-07-24,9.22182655334473,8.29476070404053,2.38248419761658,1.00417969329898
1999-07-25,10.2445774078369,3.16078948974609,3.20722675323486,0.948967051674221
1999-07-26,10.5819482803345,4.35739278793335,2.26952695846558,0.94551624923169
1999-07-27,11.5270614624023,4.01368951797485,1.91394639015198,0.955868656559286
1999-07-28,10.6338415145874,12.0331296920776,0.734548568725586,0.969671800510829
1999-07-29,9.96718978881836,20.8927993774414,1.1433140039444,1.00072889085645
1999-07-30,9.27408790588379,7.19529724121094,1.7184249162674,1.64257564406124
1999-07-31,10.6601867675781,0.775847315788269,2.54180407524109,2.33963523634654
1999-08-01,12.4698648452759,0.464768171310425,2.76623845100403,2.62950132514757
1999-08-02,14.7888965606689,1.73555108631263e-05,4.10834646224976,2.47766680749915
1999-08-03,19.1630477905273,0.00163346505723894,4.85912466049194,2.17054650902972
1999-08-04,22.0063171386719,0.729888021945953,4.65186500549316,1.9324419961366
1999-08-05,18.558931350708,3.31526970863342,3.20238709449768,1.78060721521386
1999-08-06,14.4796333312988,0.168653458356857,3.35488748550415,1.59426467314013
1999-08-07,12.5310888290405,1.22638750076294,3.13598537445068,1.48038865326665
1999-08-08,12.6837873458862,7.95958042144775,2.03137683868408,1.42862681408442
1999-08-09,9.60736560821533,0.695480525493622,2.26866793632507,1.41482360431429
1999-08-10,10.5561599731445,1.54321551322937,1.99775099754334,1.4458807604785
1999-08-11,10.8965787887573,1.29457330703735,2.706711769104,1.48729012651455
1999-08-12,11.9878587722778,0.30329617857933,2.8589985370636,1.51834728267875
1999-08-13,13.1659755706787,0.0293832644820213,3.10789704322815,1.51144567779369
1999-08-14,15.5081901550293,0.0379747971892357,2.51273488998413,1.42862681408442
1999-08-15,16.7929439544678,0,3.36566472053528,1.33200460896786
1999-08-16,16.8664569854736,0.847436726093292,3.47649002075195,1.23883340374958
1999-08-17,16.6003437042236,3.43201782015967e-06,4.13225650787354,1.15601440840314
1999-08-18,15.8889179229736,0.000265546317677945,3.62039732933044,1.09735096433585
1999-08-19,16.4208450317383,0.0591298416256905,3.89858818054199,1.05594153248121
1999-08-20,17.7699584960938,0.0777440220117569,3.70166206359863,1.01108123236546
1999-08-21,16.7161960601807,0.0146957188844681,3.50874924659729,0.955868656559286
1999-08-22,15.679368019104,5.74203729629517,2.39591097831726,0.904106817377056
1999-08-23,11.7684278488159,0.0585826896131039,2.25208139419556,0.873049661212849
1999-08-24,12.1123275756836,3.3260805606842,2.49060797691345,0.862697319703837
1999-08-25,11.332221031189,5.00399398803711,1.43121719360352,0.876500463655383
1999-08-26,7.57704544067383,4.72119617462158,1.52806627750397,0.89375441004946
1999-08-27,7.06284189224243,0.173727571964264,1.57942140102386,0.907557554001002
1999-08-28,10.6525049209595,0.00235981959849596,3.04966950416565,0.911008356443537
1999-08-29,15.1441011428833,6.12314653396606,2.88656711578369,0.907557554001002
1999-08-30,9.50220012664795,15.2636766433716,0.85718446969986,0.886852870982979
1999-08-31,6.2928318977356,0.538671314716339,1.63524055480957,0.93861471016521
1999-09-01,6.42442274093628,1.01105797290802,1.8760849237442,1.03178598120207
1999-09-02,8.09350109100342,0.894130170345306,2.10865449905396,1.07319547887529
1999-09-03,10.0184497833252,0.139288529753685,2.51087355613709,1.01108123236546
1999-09-04,10.8136730194092,0.987359046936035,2.59300088882446,0.942065446789156
1999-09-05,11.556601524353,5.95444440841675,2.02083134651184,0.879951266097914
1999-09-06,11.1804037094116,11.729790687561,0.553088068962097,0.879951266097914
1999-09-07,8.05948925018311,1.76134741306305,0.745148658752441,0.952417854116752
1999-09-08,7.24190378189087,0.0052352137863636,2.02352285385132,1.0352367836446
1999-09-09,10.476996421814,3.52860379219055,1.96820020675659,1.02488444213559
1999-09-10,8.50189685821533,1.89196991920471,1.9953795671463,0.99037654934744
1999-09-11,5.62838268280029,0.927801907062531,1.71751940250397,0.973122602953363
1999-09-12,6.47921705245972,0.0021379457321018,2.11578249931335,0.935163907722675
1999-09-13,9.10154724121094,1.24868520288146e-05,2.25676107406616,0.879951266097914
1999-09-14,12.6687107086182,0.000175656314240769,2.40873527526855,0.835091031800749
1999-09-15,10.4802780151367,0.595835626125336,1.93586456775665,0.786779929242465
1999-09-16,11.3374767303467,0.527769863605499,2.05673837661743,0.738468892502769
1999-09-17,7.95969533920288,2.38934183120728,0.676675140857697,0.693608658205601
1999-09-18,5.21159315109253,0.000552917772438377,1.56645452976227,0.652199160532386
1999-09-19,9.29548740386963,0.0138713493943214,2.19433379173279,0.63839601658084
1999-09-20,10.0770826339722,0.0210998542606831,2.21916341781616,0.631494411695774
1999-09-21,8.86704635620117,6.17840532868286e-06,2.14395809173584,0.624592872629294
1999-09-22,7.9070291519165,1.06451201438904,2.18826532363892,0.607338926235217
1999-09-23,11.2604093551636,0.939728915691376,1.87764048576355,0.572831033447064
1999-09-24,6.69992208480835,0.0690575242042542,2.05734324455261,0.545224712634685
1999-09-25,4.85363626480103,0.473989456892014,1.26223409175873,0.527970766240608
1999-09-26,3.27455639839172,0.35857629776001,1.20408964157105,0.500364445428226
1999-09-27,1.64122831821442,0.640797138214111,0.998294413089752,0.476208927058378
1999-09-28,0.983641684055328,0.250226020812988,0.907528519630432,0.452053408688526
1999-09-29,-2.01451802253723,0.892995834350586,1.02485466003418,0.43479946229445
1999-09-30,-4.45208263397217,0.278475940227509,0.643048584461212,0.417545515900373
1999-10-01,-3.8991322517395,3.21956348419189,0.782857835292816,0.407193141482071
1999-10-02,-5.83467388153076,1.00176548957825,0.789839029312134,0.38648839264546
1999-10-03,-2.15701484680176,0.573317050933838,0.705451726913452,0.372685248693917
1999-10-04,-2.75534892082214,1.58472907543182,0.657598376274109,0.365783676718143
1999-10-05,-2.30170440673828,0.00788959767669439,0.708402156829834,0.355431302299841
1999-10-06,-0.184608697891235,0.0113080209121108,0.524270236492157,0.345078927881535
1999-10-07,1.69944441318512,1.24032771587372,0.345569968223572,0.339557670300917
1999-10-08,2.439781665802,0.1160818785429,0.694099307060242,0.337142128336719
1999-10-09,1.60378134250641,0.353425830602646,0.514359712600708,0.334726553463231
1999-10-10,1.58295905590057,0.279681086540222,0.633621037006378,0.331965924672922
1999-10-11,1.69248843193054,0.350824683904648,0.654117822647095,0.327479894661347
1999-10-12,0.674622058868408,0.0836153328418732,0.623077213764191,0.31919800829042
1999-10-13,0.692474782466888,2.03618001937866,0.4091417491436,0.311606262662425
1999-10-14,-0.0959147810935974,4.91012334823608,0.280443847179413,0.302979289465386
1999-10-15,-2.7418053150177,0.824283421039581,0.41884845495224,0.295387576746682
1999-10-16,-4.29510164260864,0.603469789028168,0.297546118497849,0.288140917944798
1999-10-17,-2.21060180664062,0.733988285064697,0.302620470523834,0.24328065073834
1999-10-18,-1.92808878421783,0.00947365257889032,0.3553686439991,0.192554039125153
1999-10-19,3.98639154434204,0.000228556702495553,0.786209642887116,0.211878457111962
1999-10-20,4.38384485244751,2.11126017570496,0.801275730133057,0.226371774715729
1999-10-21,-0.723206460475922,0.314701676368713,0.445243656635284,0.2370692195055
1999-10-22,1.71215510368347,0.00134096993133426,0.677765965461731,0.237414306331611
1999-10-23,5.23695278167725,0,0.832298636436462,0.213948928704694
1999-10-24,3.23225903511047,1.8236608505249,0.561880946159363,0.205321955507655
1999-10-25,0.635153412818909,0.558358907699585,0.619176924228668,0.214294015530805
1999-10-26,-0.190510824322701,0.66335141658783,0.458110898733139,0.217054644321114
1999-10-27,-1.16350817680359,0.000772252038586885,0.517271935939789,0.211878457111962
1999-10-28,-1.87957060337067,0.0810358449816704,0.676885366439819,0.217399731147225
1999-10-29,-1.7565575838089,0.865688383579254,0.289262771606445,0.213948928704694
1999-10-30,-1.30928611755371,0.718159854412079,0.252297461032867,0.210498142716807
1999-10-31,-2.96966505050659,0.000851728313136846,0.353621572256088,0.207047356728921
1999-11-01,-2.82728981971741,1.86315241013091e-10,0.646263241767883,
1999-11-02,-0.557707130908966,1.79992699623108,0.492010146379471,
1999-11-03,-2.6622576713562,0.361363410949707,0.181272059679031,
1999-11-04,-6.48431968688965,0.223354831337929,0.232852071523666,
1999-11-05,-9.60118007659912,6.77401201798489e-09,0.170977860689163,
1999-11-06,-7.0440821647644,1.70403027534485,0.15461590886116,
1999-11-07,-5.78816652297974,2.11310720443726,0.0790532380342484,
1999-11-08,-3.85550689697266,0.339885771274567,0.0198308825492859,
1999-11-09,-3.77722573280334,0.266154319047928,0.134329870343208,
1999-11-10,-0.781304240226746,1.41289520263672,0.150647044181824,
1999-11-11,-0.852007627487183,0.0393891371786594,0.0448161065578461,
1999-11-12,-2.59526419639587,0.115457758307457,0.0630542039871216,
1999-11-13,-6.95693588256836,0.00711229955777526,0,
1999-11-14,-7.91978406906128,0.721815705299377,0,
1999-11-15,-9.13672637939453,3.17020082473755,0.160512030124664,
1999-11-16,-9.38002586364746,8.52519607543945,0.21072980761528,
1999-11-17,-11.0704908370972,11.2720079421997,0.154475271701813,
1999-11-18,-13.3450374603271,2.07046675682068,0.00379938539117575,
1999-11-19,-13.5737171173096,0.00127891486044973,0.0319238416850567,
1999-11-20,-10.0992612838745,3.60604619979858,0.185363158583641,
1999-11-21,-9.58691501617432,0.43268096446991,0,
1999-11-22,-11.5176582336426,3.58741743866631e-07,0,
1999-11-23,-11.5387372970581,0.0745324939489365,0.00192720931954682,
1999-11-24,-10.5476722717285,2.30081224441528,0.113794438540936,
1999-11-25,-9.89267539978027,2.24370551109314,0.0494250021874905,
1999-11-26,-11.4372062683105,1.02491617202759,0.0388196520507336,
1999-11-27,-15.9734230041504,0.26095175743103,0,
1999-11-28,-15.2493524551392,0.00257122260518372,0.0896520242094994,
1999-11-29,-9.0303783416748,0.0459478460252285,0.0552871897816658,
1999-11-30,-10.1848764419556,0.408645987510681,0.113455586135387,
1999-12-01,-18.5872402191162,0.138274520635605,0.0137901399284601,
1999-12-02,-15.607123374939,2.49589490890503,0.0966401770710945,
1999-12-03,-13.9689168930054,0.13415564596653,0,
1999-12-04,-11.7819623947144,0.0656532570719719,0.121826812624931,
1999-12-05,-8.71550846099854,0.544102847576141,0,
1999-12-06,-9.87444305419922,4.625572681427,0.00480703404173255,
1999-12-07,-13.0965309143066,3.37022495269775,0.0277100410312414,
1999-12-08,-16.8585090637207,0.00054342468502,0,
1999-12-09,-13.2711277008057,0.0319786444306374,0.192477762699127,
1999-12-10,-16.3655128479004,1.97036843019305e-05,0,
1999-12-11,-16.9110832214355,0.00906292628496885,0.0165235064923763,
1999-12-12,-14.7739124298096,0.0318713374435902,0.0816609784960747,
1999-12-13,-17.6091136932373,1.50265502929688,0.068504810333252,
1999-12-14,-21.1312217712402,0.593073725700378,0.00372826191596687,
1999-12-15,-18.6183395385742,1.13409686088562,0.067267432808876,
1999-12-16,-16.5959415435791,0.958591997623444,0.0210544597357512,
1999-12-17,-15.8809766769409,1.26070702075958,0.00803955364972353,
1999-12-18,-22.2406368255615,0.626620948314667,0.0412656962871552,
1999-12-19,-28.1752128601074,0.343962013721466,0.0333709567785263,
1999-12-20,-19.3510856628418,0.553082644939423,0.0322900079190731,
1999-12-21,-15.1610879898071,0.0339858941733837,0.0886338427662849,
1999-12-22,-3.60756707191467,0,0.0296567939221859,
1999-12-23,2.80463242530823,0,0.295233070850372,
1999-12-24,-0.389355510473251,0.0405963249504566,0.500617504119873,
1999-12-25,-7.72460985183716,0.20620222389698,0.157388687133789,
1999-12-26,-7.81154727935791,0.028857659548521,0.0560210719704628,
1999-12-27,3.39088749885559,0.00317615922540426,0.546337187290192,
1999-12-28,3.68602061271667,0.99990051984787,0,
1999-12-29,-6.18955421447754,6.76742887496948,0,
1999-12-30,-21.7592525482178,0.621536552906036,0.00266760238446295,
1999-12-31,-29.8347911834717,0.0730747207999229,0,
2000-01-01,-27.0821380615234,0.00262467842549086,0.0137167582288384,
2000-01-02,-26.8971271514893,0.000321465457091108,0.00593565311282873,
2000-01-03,-25.0783061981201,0,0.0098351975902915,
2000-01-04,-22.3570976257324,0.223429426550865,0.0781326070427895,
2000-01-05,-23.590503692627,1.56057441234589,0.0066366707906127,
2000-01-06,-21.7037830352783,1.9397873878479,0.0843859910964966,
2000-01-07,-15.8904981613159,1.82759487628937,0.0200836788862944,
2000-01-08,-15.6131362915039,3.68559765815735,0.0710688829421997,
2000-01-09,-19.5553588867188,1.87505185604095,0.0273332521319389,
2000-01-10,-27.3242931365967,0.000774072075728327,0,
2000-01-11,-28.4435253143311,0.277135998010635,0.023619981482625,
2000-01-12,-26.6168918609619,0.920481264591217,0.0256608426570892,
2000-01-13,-30.6855239868164,0.02228993922472,0,
2000-01-14,-34.8976593017578,0.132929384708405,0,
2000-01-15,-30.5816879272461,0.18361359834671,0.0152577273547649,
2000-01-16,-29.2904186248779,0.123539857566357,0.00811239052563906,
2000-01-17,-31.1080112457275,0.0158933233469725,0.014546038582921,
2000-01-18,-28.820405960083,0.00352281820960343,0.0208368133753538,
2000-01-19,-27.5967350006104,0,0.0636841505765915,
2000-01-20,-19.8334445953369,0.817237734794617,0.110380709171295,
2000-01-21,-15.5225811004639,0.629947483539581,0.113718844950199,
2000-01-22,-17.681396484375,0.000376086361939088,0.0415087454020977,
2000-01-23,-11.8928937911987,1.33429300785065,0.0490180440247059,
2000-01-24,-13.1163463592529,2.34764556807932e-05,0.0640336349606514,
2000-01-25,-13.4201364517212,2.33616719924612e-05,0.0491609647870064,
2000-01-26,-11.421290397644,0.0410405732691288,0.148341193795204,
2000-01-27,-12.021315574646,2.33616719924612e-05,0.115701116621494,
2000-01-28,-4.71293830871582,2.33616719924612e-05,0.315980792045593,
2000-01-29,-4.08841133117676,0.0249395612627268,0.382618844509125,
2000-01-30,-4.7627067565918,2.33616719924612e-05,0.142925262451172,
2000-01-31,-4.92879247665405,1.16808359962306e-05,0.271708846092224,
2000-02-01,-7.23168325424194,9.44837302085944e-05,0.0934343338012695,
2000-02-02,-8.26785755157471,0,0.0559217818081379,
2000-02-03,-7.99205303192139,7.18616917083637e-08,0.251571983098984,
2000-02-04,-8.28390121459961,0,0.198408126831055,
2000-02-05,-10.0361824035645,0.0128110554069281,0.190563067793846,
2000-02-06,-12.4626054763794,0.0635965019464493,0.134903207421303,
2000-02-07,-11.2182674407959,0.590306639671326,0.188257828354836,
2000-02-08,-17.0653247833252,0.214378505945206,0.131492987275124,
2000-02-09,-23.7671680450439,0,0.0831598341464996,
2000-02-10,-23.4230995178223,0,0.0703379213809967,
2000-02-11,-19.5979652404785,3.60046037428674e-09,0.0856124460697174,
2000-02-12,-20.2833499908447,0.0258707236498594,0.0972213745117188,
2000-02-13,-15.5001001358032,0.465496182441711,0.142218500375748,
2000-02-14,-17.4629516601562,0.0760239064693451,0.109912723302841,
2000-02-15,-24.726224899292,0.162667483091354,0.0801278352737427,
2000-02-16,-21.2600727081299,0.0190340634435415,0.128383457660675,
2000-02-17,-14.7353687286377,0.168933764100075,0.20780523121357,
2000-02-18,-11.491081237793,0.56736421585083,0.203980684280396,
2000-02-19,-9.27004146575928,0.148382291197777,0.269611746072769,
2000-02-20,-5.34432554244995,8.4421102997112e-08,0.296738058328629,
2000-02-21,-4.97236299514771,0.0443077422678471,0.218141674995422,
2000-02-22,-4.49204158782959,0.0375784710049629,0.282186955213547,
2000-02-23,-4.83332204818726,1.54594099521637,0.315698593854904,
2000-02-24,-6.07152795791626,0.000108715503301937,0.288988918066025,
2000-02-25,-5.82670068740845,6.13881994127041e-08,0.312792986631393,
2000-02-26,-6.21240997314453,0.0429794825613499,0.32591649889946,
2000-02-27,-6.08634185791016,0.27986216545105,0.351796597242355,
2000-02-28,-6.45413875579834,1.39259278774261,0.298975467681885,
2000-02-29,-9.09458446502686,0.170516490936279,0.343472719192505,
2000-03-01,-7.29258060455322,0.00760447140783072,0.400079280138016,0.0126643971222097
2000-03-02,-1.73424482345581,0.282820910215378,0.397426426410675,0.0126298886452817
2000-03-03,-2.1805899143219,0.684099733829498,0.407492965459824,0.0125263652713281
2000-03-04,-3.48541903495789,2.62180089950562,0.329431295394897,0.0121122707470987
2000-03-05,-3.1840648651123,3.74934959411621,0.281856149435043,0.0116636677459412
2000-03-06,-7.34918832778931,0.709976375102997,0.343780517578125,0.0113185891471526
2000-03-07,-15.5429573059082,0.0747395157814026,0.316467493772507,0.0109044946229232
2000-03-08,-15.007682800293,0.454211473464966,0.411798536777496,0.0103523682478122
2000-03-09,-16.0808906555176,0.0448625348508358,0.384042054414749,0.0096622100218196
2000-03-10,-18.4478588104248,0.0136782797053456,0.295460194349289,0.00828189408404208
2000-03-11,-18.8933429718018,0.224418625235558,0.327819645404816,0.00759173637225715
2000-03-12,-18.652717590332,0.0827805697917938,0.391194641590118,0.00690157866047223
2000-03-13,-19.8475303649902,0.0349639430642128,0.268244385719299,0.00686707069775183
2000-03-14,-19.2545986175537,0.0178473852574825,0.347713202238083,0.00683256273503143
2000-03-15,-17.4742050170898,0.000786866701673716,0.399860739707947,0.00686707069775183
2000-03-16,-15.1771640777588,1.39182817935944,0.375752031803131,0.00697059458591303
2000-03-17,-6.95120859146118,0.720746159553528,0.652788996696472,0.00714313388530736
2000-03-18,-3.82639455795288,1.55565917491913,0.79779189825058,0.00731567318470165
2000-03-19,-4.44274187088013,2.93615555763245,0.510832965373993,0.00752272044681635
2000-03-20,-7.11308002471924,0.292235016822815,0.661353886127472,0.00759173637225715
2000-03-21,-2.41424059867859,1.60796248912811,0.705964028835297,0.00776427567165148
2000-03-22,-1.05701470375061,0.0645290389657021,0.851505696773529,0.00779878363437185
2000-03-23,0.889862835407257,0.0105274971574545,0.935398817062378,0.00783329159709225
2000-03-24,-1.16551911830902,0.168528228998184,1.00113189220428,0.00786779955981265
2000-03-25,1.5314074754715,0.0977429151535034,1.09060990810394,0.00793681548525345
2000-03-26,1.24512755870819,0.873511075973511,1.20738279819489,0.00821287867280894
2000-03-27,2.27351999282837,0.0328502394258976,1.12732839584351,0.00828189408404208
2000-03-28,1.7019168138504,0.17397765815258,1.07077932357788,0.00841992593492368
2000-03-29,-0.571734070777893,0.000296018202789128,1.22583258152008,0.0105249075472065
2000-03-30,0.0551750101149082,0.339864104986191,1.25185894966126,0.0123193174950058
2000-03-31,2.11618089675903,1.6964225769043,1.28645348548889,0.0140792199942923
2000-04-01,0.436727970838547,1.57651734352112,1.05956423282623,0.0156665831941845
2000-04-02,-2.0074987411499,0.0638485327363014,1.10565829277039,0.0143207752191274
2000-04-03,0.777756452560425,0.0779068246483803,0.995759963989258,0.012836936421604
2000-04-04,-4.7748589515686,3.42277574539185,0.522731065750122,0.0125608727198409
2000-04-05,-14.0909471511841,0.222797766327858,0.718271017074585,0.0134580776937405
2000-04-06,-14.8615770339966,0.197966709733009,0.776292443275452,0.0150454408936327
2000-04-07,-13.4700889587402,0.373382151126862,0.73868715763092,0.0282274569424407
2000-04-08,-13.8406648635864,0.293991237878799,0.763389825820923,0.0358882071833081
2000-04-09,-8.41329669952393,0.194547399878502,0.921030759811401,0.0305049773399102
2000-04-10,-7.36343574523926,0,1.14573073387146,0.0251217454396817
2000-04-11,-7.4655647277832,0.00190709065645933,1.12512314319611,0.0258464121426024
2000-04-12,-11.207371711731,0.183666318655014,0.704013407230377,0.0277443464927705
2000-04-13,-15.7803010940552,0.0097273513674736,0.754494905471802,0.0278478688383087
2000-04-14,-12.6385517120361,0,1.12357330322266,0.0284345036903478
2000-04-15,-7.13926887512207,0,1.3203387260437,0.0300908817872655
2000-04-16,-5.48077583312988,0.107474878430367,1.26658856868744,0.0410643943924602
2000-04-17,-6.13839435577393,0.334769546985626,1.2578364610672,0.0610789695768457
2000-04-18,0.304176449775696,0,1.89632177352905,0.0579732580740868
2000-04-19,4.24656343460083,5.76542006456293e-05,2.21473407745361,0.0666002312711252
2000-04-20,3.80816984176636,0,1.86431527137756,0.102143363969306
2000-04-21,6.25811433792114,9.83036989055108e-06,2.30464625358582,0.133545541141039
2000-04-22,7.42212057113647,0.187496811151505,1.76489329338074,0.172539463940767
2000-04-23,6.17130136489868,1.64565491676331,1.61927020549774,0.154250273523002
2000-04-24,4.48430347442627,0.378634035587311,2.34717464447022,0.503815247870757
2000-04-25,4.06264925003052,2.65697908401489,1.46124184131622,1.72539463940767
2000-04-26,4.66196632385254,0.0129060046747327,2.31125426292419,1.41137286769034
2000-04-27,5.63221263885498,0.000471353414468467,2.66072535514832,1.57701072674605
2000-04-28,10.7169256210327,2.62059569358826,2.80969476699829,1.61842022441926
2000-04-29,7.58790969848633,0.374969452619553,3.21306562423706,1.88413089357832
2000-04-30,6.77009677886963,0.0100985914468765,2.58319878578186,1.99110544020389
2000-05-01,8.03540420532227,0.320918738842011,2.88875126838684,1.77025487370484
2000-05-02,6.34308195114136,0.0734261050820351,3.41378736495972,1.53560122907283
2000-05-03,8.27084445953369,0.000448750506620854,3.64669108390808,1.28024276978563
2000-05-04,9.06195449829102,0.0291817393153906,3.18742179870605,1.15946514502709
2000-05-05,6.02735996246338,0.709228932857513,2.65595102310181,1.07319547887529
2000-05-06,3.34390783309937,1.44451498985291,1.29591870307922,0.966220998068298
2000-05-07,2.51556396484375,1.42432272434235,1.18692219257355,0.917909961328598
2000-05-08,2.82908082008362,0.933392107486725,1.62881529331207,0.828189426915684
2000-05-09,3.14281940460205,1.93518555164337,2.21495270729065,0.790230731685
2000-05-10,2.18719720840454,0.397399872541428,2.03351211547852,0.752272036454312
2000-05-11,3.41793537139893,0.737712383270264,2.14468216896057,0.710862604599678
2000-05-12,5.29452896118164,1.50160276889801,2.57153034210205,0.672903909368993
2000-05-13,1.90784823894501,0.132381856441498,2.80933976173401,0.634945214138309
2000-05-14,2.03584456443787,1.62528550624847,2.26598477363586,0.610789728677751
2000-05-15,-0.693805754184723,1.35385501384735,1.71971797943115,0.58663417739861
2000-05-16,-0.0402457751333714,0.0935032814741135,2.04939103126526,0.569380231004533
2000-05-17,1.94711875915527,0.055316261947155,2.41014862060547,0.54177391019215
2000-05-18,7.27471733093262,0.606097638607025,2.46042799949646,0.527970766240608
2000-05-19,10.746319770813,0.514976680278778,3.46864604949951,0.496913642985695
2000-05-20,8.5711841583252,14.1501235961914,2.38765931129456,0.49001207100992
2000-05-21,7.55255126953125,0.53436803817749,3.21395945549011,0.507266017403997
2000-05-22,9.99273681640625,4.74784660339356,2.29664993286133,0.53832314065891
2000-05-23,8.5666971206665,5.26279878616333,1.94036734104157,0.666002304483928
2000-05-24,5.00181531906128,3.5715479850769,1.54598736763001,2.37414312913469
2000-05-25,4.72865009307861,6.40206909179688,1.38767182826996,2.50872370038903
2000-05-26,3.94823241233826,8.26716327667236,2.33026671409607,2.13948935286552
2000-05-27,5.53892469406128,3.6182324886322,2.90882658958435,2.53978085655323
2000-05-28,3.53244376182556,0.0340243764221668,2.79476261138916,2.2568162410001
2000-05-29,4.48403310775757,7.57302487386369e-08,3.98392939567566,1.88068015695437
2000-05-30,5.92792463302612,0.235890552401543,4.22758150100708,1.56320751697592
2000-05-31,8.73560333251953,0.595974624156952,3.83557558059692,1.37686497490219
2000-06-01,7.89384460449219,0.0837345272302628,3.90384411811829,1.24228414037353
2000-06-02,7.69424962997437,6.37876801192761e-05,4.58534908294678,1.12840812050005
2000-06-03,10.3656425476074,1.63838791847229,3.76871418952942,1.04903992759615
2000-06-04,10.2536468505859,1.79758512973785,3.54540419578552,0.97657333957731
2000-06-05,5.52089929580688,0.000296544341836125,4.26955366134644,0.914459158886068
2000-06-06,8.17939376831055,0.796483457088471,3.37734079360962,0.859246517261306
2000-06-07,5.91486549377441,2.62323331832886,0.955700814723969,0.824738624473153
2000-06-08,4.65748834609985,0.860297918319702,1.06711161136627,0.824738624473153
2000-06-09,8.74580192565918,0.0195499956607819,3.48073530197144,0.93861471016521
2000-06-10,6.97363567352295,1.62142789363861,1.1116236448288,0.980024142019844
2000-06-11,5.97803544998169,1.090740442276,1.32169604301453,0.904106817377056
2000-06-12,7.17700624465942,0.0266315881162882,2.42336225509644,0.859246517261306
2000-06-13,8.24325275421143,0.0158996190875769,2.80864953994751,0.821287822030619
2000-06-14,10.1173372268677,0,3.32318091392517,0.772976785290923
2000-06-15,9.07399082183838,0.38849002122879,3.10636162757874,0.745370497387831
2000-06-16,10.0338172912598,0.00732566369697452,4.53031444549561,0.714313407042212
2000-06-17,13.176721572876,1.31679022312164,4.06812572479248,0.666002304483928
2000-06-18,13.0981950759888,5.0945029258728,2.95975160598755,0.617691267744232
2000-06-19,12.43630027771,7.80959796905518,1.55646252632141,0.603888123792686
2000-06-20,12.8860359191895,0.745331883430481,4.6898045539856,0.596986518907621
2000-06-21,11.683744430542,6.47863721847534,2.8920464515686,0.593535782283675
2000-06-22,10.1643075942993,6.92408037185669,2.5144350528717,0.593535782283675
2000-06-23,12.1689882278442,0.529209554195404,3.93500161170959,0.683256250878005
2000-06-24,9.93403244018555,5.24561738967896,3.37357068061829,0.735018090060235
2000-06-25,9.22202396392822,0.217913925647736,3.53365445137024,0.724665748551224
2000-06-26,12.3069925308228,0,4.75564861297607,0.676354711811524
2000-06-27,14.1687784194946,3.18646836280823,4.12204122543335,0.631494411695774
2000-06-28,17.2452526092529,0.874690175056458,4.59454107284546,0.603888123792686
2000-06-29,17.5727977752686,4.69342660903931,4.10524988174439,0.583183374956079
2000-06-30,15.0915660858154,1.67063510417938,2.36047697067261,0.576281835889598
2000-07-01,13.9688367843628,3.51136350631714,3.41283679008484,0.572831033447064
2000-07-02,15.2689876556396,0.0362615883350372,4.18549776077271,0.58663417739861
2000-07-03,14.9922428131104,0.0236825197935104,4.06295442581177,0.700510197272082
2000-07-04,12.0462074279785,2.96228957176209,1.43882179260254,0.817837085406672
2000-07-05,13.47536277771,2.68268823623657,2.11329483985901,0.7419196949453
2000-07-06,13.813458442688,4.39887380599976,3.06166648864746,0.738468892502769
2000-07-07,14.3330984115601,6.22465801239014,3.69091486930847,0.752272036454312
2000-07-08,14.1344623565674,0.376268893480301,2.87734603881836,0.748821299830365
2000-07-09,15.0531740188599,0.257719665765762,3.31899976730347,0.807484678079076
2000-07-10,16.6095237731934,2.2191276550293,3.65231204032898,0.786779929242465
2000-07-11,17.3083610534668,7.1270170211792,2.94860816001892,0.731567353436289
2000-07-12,16.3591690063477,6.26772165298462,2.38555955886841,0.703960999714616
2000-07-13,16.2658042907715,1.3107773065567,3.75669026374817,0.735018090060235
2000-07-14,15.0831489562988,7.5826210975647,2.23376297950745,0.883402068540445
2000-07-15,10.1284952163696,3.30699276924133,0.696709871292114,0.879951266097914
2000-07-16,9.83315181732178,0.422002077102661,2.36704254150391,0.876500463655383
2000-07-17,9.68483924865723,1.47755229473114,2.16908049583435,0.89375441004946
2000-07-18,11.1767311096191,0.317193686962128,2.89170098304749,0.866148122146368
2000-07-19,12.8730335235596,0.00794672034680843,3.70880246162415,0.810935480521607
2000-07-20,15.9568910598755,3.44686841964722,3.2473475933075,0.759173641339377
2000-07-21,15.3588914871216,0.118466056883335,3.79153609275818,0.710862604599678
2000-07-22,15.5493698120117,0.000352970731910318,4.54334688186646,0.676354711811524
2000-07-23,18.7479019165039,0.143081933259964,4.44914102554321,0.652199160532386
2000-07-24,19.0562953948975,0.0461935810744762,4.46585941314697,0.634945214138309
2000-07-25,18.5113143920898,0.280170112848282,4.39958906173706,0.576281835889598
2000-07-26,17.7333145141602,5.06133460998535,3.74523663520813,0.500364445428226
2000-07-27,17.2326774597168,0.0215286482125521,4.04084920883179,0.476208927058378
2000-07-28,17.4326820373535,0.437025398015976,4.72657871246338,0.452053408688526
2000-07-29,13.8739385604858,0.948472201824188,4.4068751335144,0.48656130147668
2000-07-30,13.6482439041138,0.410046637058258,3.09809041023254,0.476208927058378
2000-07-31,15.2724304199219,0.0185203906148672,3.96261811256409,0.448602606245995
2000-08-01,16.9256935119629,0.000425168487709016,4.65405225753784,0.417545515900373
2000-08-02,18.3226013183594,0.83182418346405,3.17653036117554,0.38648839264546
2000-08-03,16.8698863983154,7.47327136993408,3.08352255821228,0.38648839264546
2000-08-04,16.1847686767578,1.57341718673706,3.50287961959839,0.376136018227158
2000-08-05,16.8351383209229,3.05561828613281,4.19040489196777,0.38648839264546
2000-08-06,15.4627676010132,1.85020780563355,2.59493660926819,0.410643911015311
2000-08-07,12.489049911499,0,3.03069639205933,0.407193141482071
2000-08-08,11.1559219360352,0.679227769374847,2.57038021087647,0.365783676718143
2000-08-09,9.86225128173828,2.52170014381409,2.20829677581787,0.348529730324066
2000-08-10,8.8682861328125,14.6864004135132,0.990085005760193,0.343353526660269
2000-08-11,8.38207721710205,2.74059915542603,1.60016369819641,0.337832269079651
2000-08-12,10.1010885238647,1.44495224952698,3.02891850471497,0.344733841055423
2000-08-13,7.80864906311035,3.59634041786194,0.688784122467041,0.358882071833081
2000-08-14,7.57814455032349,0.096999354660511,3.08806562423706,0.351980499857306
2000-08-15,9.47792434692383,0.00519400974735618,2.30387759208679,0.362332874275612
2000-08-16,7.91201448440552,0.160864964127541,1.89564394950867,0.358882071833081
2000-08-17,10.3670692443848,0.280095368623734,2.58735346794128,0.341628125439003
2000-08-18,12.7503929138184,0.435044318437576,2.97137928009033,0.318507834638197
2000-08-19,11.8812026977539,11.5127267837524,0.984958589076996,0.299183433106034
2000-08-20,10.9432401657104,0.451945543289185,3.01458597183228,0.301944061896343
2000-08-21,10.723593711853,1.22166693210602,2.6714973449707,0.29193677430415
2000-08-22,11.8618383407593,0.292122542858124,2.5347797870636,0.29780311871088
2000-08-23,12.8100624084473,1.73983085155487,2.71992897987366,0.291591687478039
2000-08-24,9.71939945220947,0.406654566526413,2.21670651435852,0.284345028676155
2000-08-25,8.15385055541992,1.10354793071747,0.879515707492828,0.284345028676155
2000-08-26,10.1817989349365,3.81240057945251,1.66224765777588,0.283999941850044
2000-08-27,6.10988903045654,13.662070274353,0.208347588777542,0.287795831118687
2000-08-28,3.6981086730957,1.74791932106018,1.34133994579315,0.3009088343273
2000-08-29,3.37917613983154,0.929703891277313,1.5896030664444,0.324374179044926
2000-08-30,3.59301900863647,1.22845327854157,1.59331953525543,0.510716819846531
2000-08-31,3.53234577178955,3.11113262176514,1.14970636367798,0.534872338216379
2000-09-01,4.93922853469849,0.00733723631128669,1.51518630981445,0.514167589379772
2000-09-02,7.75518083572388,1.19855940341949,1.70082366466522,0.534872338216379
2000-09-03,9.3455638885498,0.254751235246658,2.59367775917053,0.572831033447064
2000-09-04,7.26911401748657,0.0612182803452015,1.82868099212646,0.579732572513544
2000-09-05,8.01731967926025,4.85080099105835,1.37381422519684,0.514167589379772
2000-09-06,8.51963138580322,0.0511849671602249,1.90820348262787,0.465856552640072
2000-09-07,8.84742832183838,1.14945757389069,1.83290791511536,0.441701034270224
2000-09-08,8.6450023651123,4.40445041656494,1.53880393505096,0.424447087876148
2000-09-09,6.80362224578857,4.31106853485107,1.4561882019043,0.420996285433613
2000-09-10,3.70981359481812,0.514908850193024,1.15484416484833,0.414094713457842
2000-09-11,2.61239290237427,0.0440458580851555,1.77802991867065,0.396840767063765
2000-09-12,6.34310150146484,0.756794214248657,1.37827706336975,0.372685248693917
2000-09-13,6.77655744552612,0.149186834692955,1.90879416465759,0.358882071833081
2000-09-14,9.6333122253418,0.00541260186582804,2.22494459152222,0.351980499857306
2000-09-15,10.2998666763306,2.24996767883567e-08,2.51423215866089,0.339557670300917
2000-09-16,7.4526252746582,4.72507953643799,0.733436107635498,0.332311011499033
2000-09-17,7.67287111282349,5.72459173202515,1.07983112335205,0.324374179044926
2000-09-18,7.53921318054199,10.2525033950806,0.424345463514328,0.334381466637119
2000-09-19,4.31315898895264,3.42079925537109,1.10843074321747,0.348529730324066
2000-09-20,0.972821712493896,0.466803848743439,1.17186224460602,0.38648839264546
2000-09-21,-0.260587215423584,0.08891661465168,0.992274165153503,0.427897857409388
2000-09-22,0.024259764701128,1.20953280724478e-09,1.24292576313019,0.420996285433613
2000-09-23,5.71814393997192,3.52612137794495,1.46997976303101,0.38648839264546
2000-09-24,5.35122919082642,9.59652137756348,0.878701210021973,0.372685248693917
2000-09-25,1.1635570526123,4.03414678573608,0.610820472240448,0.372685248693917
2000-09-26,-2.05336356163025,4.10339641571045,0.31547623872757,0.414094713457842
2000-09-27,3.05179214477539,0.129460528492928,0.907547652721405,0.469307355082603
2000-09-28,2.03640365600586,0.334314912557602,0.266032993793488,0.48656130147668
2000-09-29,2.16657614707947,1.77365827560425,0.318643599748611,0.496913642985695
2000-09-30,0.693406760692596,5.21454572677612,0.376810669898987,0.53832314065891
2000-10-01,-2.91618633270264,0.958905935287476,0.902495384216309,0.54177391019215
2000-10-02,-5.0109338760376,1.54192638397217,0.817377209663391,0.527970766240608
2000-10-03,-6.16202783584595,0.665007174015045,0.67608118057251,0.452053408688526
2000-10-04,-7.14387941360474,0.0807862803339958,0.659436523914337,0.403742339039536
2000-10-05,-7.38087797164917,0.000273558718618006,0.763816893100739,0.362332874275612
2000-10-06,-1.05031597614288,1.05714459408546e-08,1.44218385219574,0.327479894661347
2000-10-07,6.91244316101074,0,1.56882226467133,0.345078927881535
2000-10-08,7.27373552322388,0.000150991283589974,1.18840932846069,0.400291569506296
2000-10-09,4.41717910766602,0.0685018822550774,0.84110826253891,0.38648839264546
2000-10-10,1.93716585636139,0.0126396603882313,0.422153830528259,0.348529730324066
2000-10-11,1.39222264289856,0.00047280327999033,0.659129440784454,0.33162083784681
2000-10-12,3.79543924331665,0,0.824282228946686,0.306085005081807
2000-10-13,2.6110463142395,0.253251791000366,0.620327472686768,0.305739918255695
2000-10-14,2.83286666870117,0.00252721575088799,0.635687589645386,0.30125388824412
2000-10-15,1.45208644866943,0.00986938644200563,0.55294668674469,0.294352316268348
2000-10-16,1.58306670188904,0.33175191283226,0.673819959163666,0.290901546735107
2000-10-17,1.62315726280212,0.14540696144104,0.607324421405792,0.287105657466464
2000-10-18,2.01037120819092,4.19858169555664,0.520349502563477,0.286070429897421
2000-10-19,-0.0226275753229856,1.35551047325134,0.365727037191391,0.287450744292575
2000-10-20,-3.13845896720886,3.03230500221252,0.312073737382889,0.288140917944798
2000-10-21,-2.15527868270874,2.48269486427307,0.236842319369316,0.28883105868773
2000-10-22,-3.16225409507751,0.218171894550323,0.19102568924427,0.289521232339953
2000-10-23,1.2759758234024,0.0151115227490664,0.111043341457844,0.288140917944798
2000-10-24,1.18114840984344,0,0.279687583446503,0.286415516723532
2000-10-25,-5.03876972198486,0.033804040402174,0.224123522639275,0.284690115502266
2000-10-26,-8.39835453033447,0.767098665237427,0.539671421051025,0.284345028676155
2000-10-27,-2.78235411643982,6.85555267333984,0.15124087035656,0.282964714281001
2000-10-28,-4.38602113723755,0.870811283588409,0.227510958909988,0.281929486711958
2000-10-29,-4.52974414825439,3.98916625976563,0.203998982906342,0.280549172316803
2000-10-30,-8.5033073425293,0.217876940965652,0.100976526737213,0.278823771095537
2000-10-31,-7.21974992752075,0.617297053337097,0.158952683210373,0.277098369874271
2000-11-01,-4.34834384918213,0.170594930648804,0.0624968558549881,
2000-11-02,-6.46594142913818,0,0.0771878585219383,
2000-11-03,-10.1264972686768,4.70809364318848,0.117941997945309,
2000-11-04,-8.6935977935791,2.01015615463257,0.156933233141899,
2000-11-05,-15.5398397445679,0.531742334365845,0.0494411550462246,
2000-11-06,-14.3965101242065,0.103069633245468,0.0437637455761433,
2000-11-07,-10.8984594345093,0.500433266162872,0.123967133462429,
2000-11-08,-10.7291593551636,1.0353798866272,0.0492691732943058,
2000-11-09,-13.7335615158081,0.0766665786504746,0.0247611589729786,
2000-11-10,-14.5382452011108,0.153706073760986,0.0568223930895329,
2000-11-11,-11.8642873764038,0.138863325119019,0.079516775906086,
2000-11-12,-6.30429744720459,0.00540936039760709,0.0658156350255013,
2000-11-13,-5.40351629257202,0.116335101425648,0.0473336800932884,
2000-11-14,-9.10458660125732,0.0111463004723191,0,
2000-11-15,-10.9558429718018,0.160101398825645,0.0504771173000336,
2000-11-16,-9.49331665039062,0.511827409267426,0.0684959217905998,
2000-11-17,-8.47880172729492,2.81894707679749,0.0671062916517258,
2000-11-18,-9.05457973480225,0.527162551879883,0.0423498414456844,
2000-11-19,-11.7776880264282,1.02953672467265e-05,0,
2000-11-20,-11.1862087249756,0,0.0623819939792156,
2000-11-21,-8.16421604156494,0.00137208157684654,0.0419526472687721,
2000-11-22,-5.25334692001343,0.0157023556530476,0.0181404128670692,
2000-11-23,-3.67676734924316,0.00777733605355024,0.0738874152302742,
2000-11-24,-3.49736666679382,0.014359574764967,0.0407341383397579,
2000-11-25,-5.6826319694519,2.02263689041138,0.0107284048572183,
2000-11-26,-9.00342464447021,0.0162786729633808,0,
2000-11-27,-11.7018842697144,0.0145714990794659,0,
2000-11-28,-13.9360198974609,0.00724652735516429,0,
2000-11-29,-13.2408046722412,0.0111867506057024,0,
2000-11-30,-12.914852142334,0.139441847801209,0.00369006139226258,
2000-12-01,-8.42612934112549,0,0.0107523836195469,
2000-12-02,-9.88904571533203,0.127859354019165,0,
2000-12-03,-20.6990070343018,0.189583539962769,0.028388150036335,
2000-12-04,-22.2211017608643,0.0634440556168556,0.0269994828850031,
2000-12-05,-18.0366706848145,3.31916165351868,0.0809575170278549,
2000-12-06,-11.5558166503906,0.748879015445709,0.0707393065094948,
2000-12-07,-18.5553607940674,0.000745936995372176,0.0181081462651491,
2000-12-08,-27.1592311859131,0.148978725075722,0,
2000-12-09,-33.5273590087891,0,8.58737184898928e-05,
2000-12-10,-32.4481925964355,3.9626749639865e-05,0.0148676531389356,
2000-12-11,-29.0500888824463,1.26997036886678e-07,0.0253279097378254,
2000-12-12,-30.6272087097168,0.034854531288147,0.0107278414070606,
2000-12-13,-31.7010726928711,0.256136000156403,0.00527039403095841,
2000-12-14,-33.2918853759766,0.133483305573463,0.000283785309875384,
2000-12-15,-35.5005836486816,0.0441721566021442,0,
2000-12-16,-31.1811275482178,1.10993123054504,0.0682893544435501,
2000-12-17,-26.4775657653809,0.63538384437561,0.0144955338910222,
2000-12-18,-24.2026309967041,2.59884214401245,0.0897486954927445,
2000-12-19,-19.2596549987793,2.57465362548828,0,
2000-12-20,-19.9534244537354,0.0274986233562231,0.0196859538555145,
2000-12-21,-17.9855270385742,2.4408811327703e-07,0,
2000-12-22,-25.1490917205811,0.161328747868538,0.0144271505996585,
2000-12-23,-20.9885730743408,0.191107392311096,0.0595467984676361,
2000-12-24,-21.9363689422607,0.000193334795767441,0.00651754438877106,
2000-12-25,-18.2860450744629,1.77345848083496,0.127963706851006,
2000-12-26,-15.420708656311,3.68529868125916,0.091268964111805,
2000-12-27,-14.7559452056885,0.381347358226776,0,
2000-12-28,-17.7019958496094,0,0,
2000-12-29,-12.4868631362915,0.0561871752142906,0.0913049057126045,
2000-12-30,-10.5282869338989,0.114947415888309,0,
2000-12-31,-9.7376070022583,0.526063740253449,0.0583017617464066,
2001-01-01,-9.89992046356201,0.244401067495346,0,
2001-01-02,-8.13992404937744,0.0122505268082023,0.022532045841217,
2001-01-03,-8.44827175140381,0.80088597536087,0.145983949303627,
2001-01-04,-10.8438291549683,0.665798306465149,0.046221237629652,
2001-01-05,-12.08083152771,5.33435106277466,0.0548400096595287,
2001-01-06,-16.6820526123047,0.48382505774498,0.0046283146366477,
2001-01-07,-10.9663724899292,0.00118787423707545,0.142102554440498,
2001-01-08,-7.42822694778442,0.0404289215803146,0.434496700763702,
2001-01-09,-7.37381553649902,9.60593915522168e-09,0,
2001-01-10,-5.91610527038574,0.00313108693808317,0.0752167329192162,
2001-01-11,-11.6087760925293,0.0750888362526894,0,
2001-01-12,-15.8293647766113,0.053198117762804,0,
2001-01-13,-14.9185352325439,0.00665137358009815,0,
2001-01-14,-15.9211740493774,0.123286329209805,0.0023281411267817,
2001-01-15,-12.2677354812622,8.90934117592224e-08,0.126319661736488,
2001-01-16,-5.39907360076904,0.00806964002549648,0.0810656994581223,
2001-01-17,-7.66731405258179,0.0431468933820725,0,
2001-01-18,-10.0639715194702,2.15599300190661e-07,0.000424025638494641,
2001-01-19,-7.83285713195801,0.000616890727542341,0,
2001-01-20,-9.02679824829102,0.0576480850577354,0,
2001-01-21,-10.1916189193726,7.61026167310774e-05,0,
2001-01-22,-9.59863185882568,0.123333901166916,0,
2001-01-23,-13.0956544876099,6.14588725511567e-06,0.120008714497089,
2001-01-24,-7.34237480163574,0.00194559001829475,0.162289217114449,
2001-01-25,-9.66051006317139,2.29520420447216e-08,0,
2001-01-26,-10.9883832931519,0.0154974134638906,0.0512993298470974,
2001-01-27,-11.0557050704956,0.146376997232437,0.0973894372582436,
2001-01-28,-7.08874082565308,1.76956176757813,0.0695485174655914,
2001-01-29,-8.93231678009033,5.84066581726074,0.113761276006699,
2001-01-30,-13.5520668029785,1.33064997196198,0.0280311778187752,
2001-01-31,-18.8118572235107,0.43712392449379,0.0926499366760254,
2001-02-01,-9.51836204528809,0.175212144851685,0.123223319649696,
2001-02-02,-7.18653440475464,2.89816045761108,0.0497347973287106,
2001-02-03,-6.54360866546631,2.94468927383423,0.091849222779274,
2001-02-04,-10.3366479873657,2.13420701026917,0.111108414828777,
2001-02-05,-15.6902017593384,0.478390455245972,0.0886154249310494,
2001-02-06,-18.0915851593018,0.0528303310275078,0.042170450091362,
2001-02-07,-20.1882572174072,0.0136485919356346,0.0443494841456413,
2001-02-08,-21.6260681152344,0.040847796946764,0.0475159473717213,
2001-02-09,-23.4184856414795,0.315618842840195,0.101245410740376,
2001-02-10,-22.0774784088135,0.320723921060562,0.0880341678857803,
2001-02-11,-24.6827850341797,0.155783995985985,0.0655702129006386,
2001-02-12,-22.5197906494141,0.203938066959381,0.0969693660736084,
2001-02-13,-18.9340076446533,1.37397742271423,0.167696282267571,
2001-02-14,-17.7085094451904,0.465127527713776,0.177332133054733,
2001-02-15,-19.0178680419922,0.107379347085953,0.129520446062088,
2001-02-16,-18.9749946594238,0.102811127901077,0.151079550385475,
2001-02-17,-16.1325416564941,0.00114169158041477,0.202466160058975,
2001-02-18,-18.8243618011475,0.00686740363016725,0.126946046948433,
2001-02-19,-22.2007446289062,4.65846916597457e-08,0.14055024087429,
2001-02-20,-20.0515289306641,0,0.214943110942841,
2001-02-21,-15.6472148895264,0.0162698570638895,0.211614698171616,
2001-02-22,-14.7953872680664,4.7774715423584,0.185800835490227,
2001-02-23,-21.8443069458008,0.806189715862274,0.161849200725555,
2001-02-24,-28.4816799163818,0.107507295906544,0.0950408801436424,
2001-02-25,-29.6568965911865,0,0.109726563096046,
2001-02-26,-25.3584022521973,0,0.2146105915308,
2001-02-27,-10.8089208602905,0,0.494438797235489,
2001-02-28,-2.76890468597412,4.58573436737061,0.425847858190537,
2001-03-01,-2.43552303314209,0.998978972434998,0.344034522771835,0.0186687702945747
2001-03-02,-4.75407314300537,0.0417900905013084,0.291495382785797,0.0175645175443526
2001-03-03,-6.01628303527832,1.08631837368011,0.380958080291748,0.0165292807195714
2001-03-04,-5.47269630432129,0.00265225418843329,0.369651108980179,0.0153905205208367
2001-03-05,-7.09037590026855,0.106456130743027,0.342259973287582,0.0151834727445143
2001-03-06,-6.42595052719116,0,0.496907591819763,0.0147348697433568
2001-03-07,-4.55994272232056,0.00883782748132944,0.664733588695526,0.0142862677706147
2001-03-08,-2.25280523300171,0.61347359418869,0.669042706489563,0.0140447125457796
2001-03-09,-10.4052038192749,0.370191276073456,0.382191270589829,0.0138376647694572
2001-03-10,-9.93019199371338,0.784893274307251,0.4624263048172,0.0134925861706686
2001-03-11,-8.97218894958496,5.15253973007202,0.397223263978958,0.0130439831695111
2001-03-12,-2.06791114807129,0.999462127685547,0.834272265434265,0.0131129990949519
2001-03-13,-3.05490565299988,0.136915355920792,0.573563873767853,0.013354554319787
2001-03-14,-7.16865491867065,0.112899214029312,0.408542603254318,0.0130784916464392
2001-03-15,-8.90614128112793,8.96040575071311e-08,0.535949110984802,0.0131129990949519
2001-03-16,-7.94969511032104,7.89492418107329e-08,0.62799471616745,0.0132855383943462
2001-03-17,-6.20972728729248,1.68149614334106,0.704404652118683,0.0135270936191813
2001-03-18,-15.3150835037231,2.85552382469177,0.448466390371323,0.0136651254700629
2001-03-19,-22.6167621612549,8.70527935028076,0.238873839378357,0.0144242996214963
2001-03-20,-25.6885395050049,0.928940892219543,0.258413672447205,0.0153905205208367
2001-03-21,-26.1657543182373,0.740240275859833,0.195443794131279,0.0159771543444604
2001-03-22,-27.7203350067139,0.050608865916729,0.237568899989128,0.0162532170178083
2001-03-23,-26.2251815795898,0,0.300067514181137,0.0160806777184139
2001-03-24,-21.8867664337158,1.27783479797472e-07,0.480114012956619,0.0162877254947363
2001-03-25,-13.2301044464111,0.0162294004112482,0.884447455406189,0.0165982966450122
2001-03-26,-4.71267366409302,2.01488184928894,0.771763563156128,0.0168053433929193
2001-03-27,-2.71202778816223,0.250158786773682,0.921262204647064,0.0171504230201232
2001-03-28,-0.150457933545113,4.73839044570923,0.547616183757782,0.0171159145431951
2001-03-29,-5.3136420249939,2.8576934337616,0.497087121009827,0.0169433752438009
2001-03-30,-8.82300567626953,0.196049809455872,0.732004821300507,0.0171159145431951
2001-03-31,-7.52800798416138,0.58603310585022,0.897838830947876,0.0173919782449583
2001-04-01,-2.55422163009644,0.454977363348007,0.974674820899963,0.0180476279940229
2001-04-02,-4.06220722198486,0.313690781593323,0.868333697319031,0.0199110548956783
2001-04-03,-4.24286413192749,1.62881308440888e-09,1.05704021453857,0.019738515596284
2001-04-04,0.210079029202461,0.525108933448792,1.17247724533081,0.0206702269902809
2001-04-05,1.31971514225006,0.915235936641693,1.23903036117554,0.0218089892458464
2001-04-06,-2.09948778152466,0.0995087921619415,0.864298045635223,0.022154067844635
2001-04-07,-6.43428897857666,0.463446140289307,1.00047171115875,0.0222920996955166
2001-04-08,-4.35472869873047,1.44250309467316,0.91962730884552,0.0228442250422123
2001-04-09,-1.35898673534393,0.0343574397265911,1.00125896930695,0.0235343822397895
2001-04-10,-3.42456531524658,0.250323891639709,0.967297255992889,0.024880191243262
2001-04-11,-5.50829648971558,0.147610381245613,1.13335835933685,0.0281929474370973
2001-04-12,-3.19795036315918,0,1.33344852924347,0.0355431285845194
2001-04-13,-0.371903330087662,0,1.45501029491425,0.0322993872877095
2001-04-14,-1.82670617103577,0,1.47905898094177,0.0274337753424946
2001-04-15,-2.82825589179993,0,1.5093184709549,0.0393389972848558
2001-04-16,-1.17718541622162,0,1.83952879905701,0.052106917781019
2001-04-17,1.14465737342834,0,1.67029798030853,0.0676354711811524
2001-04-18,1.90886342525482,3.06568063024315e-06,1.42742478847504,0.0800583089648658
2001-04-19,-4.32537794113159,0.189756095409393,0.894492924213409,0.073501815587882
2001-04-20,-11.1089134216309,0.255189806222916,1.27111339569092,0.072811650162982
2001-04-21,-5.89450454711914,0.0190150141716003,1.51434302330017,0.0938614693710563
2001-04-22,-3.46091198921204,0,1.69946432113647,0.0904106751558471
2001-04-23,1.73556435108185,0.321502506732941,1.61440813541412,0.085924653371595
2001-04-24,4.24592781066895,2.23494601249695,1.39271438121796,0.13975697237388
2001-04-25,2.76121115684509,2.06014037132263,1.53651082515717,0.154250273523002
2001-04-26,2.54970192909241,0,2.21636247634888,0.129404597955576
2001-04-27,8.86049556732178,1.15298283100128,2.55607104301453,0.154940430720579
2001-04-28,8.27851581573486,0.378173828125,1.38483059406281,0.249146978690424
2001-04-29,5.02081489562988,2.52453374862671,2.14291620254517,0.921360763771133
2001-04-30,2.83765363693237,2.51098847389221,2.01958012580872,2.31893029005418
2001-05-01,2.74437832832336,1.48685550689697,1.86184740066528,2.65710774468782
2001-05-02,3.33612251281738,0.202311828732491,2.32582330703735,2.55703480294731
2001-05-03,4.72681140899658,0.0435998439788818,2.20291352272034,2.59844443225769
2001-05-04,6.52327156066895,0.677763760089874,3.0201301574707,2.60189516888164
2001-05-05,4.1264271736145,12.6747570037842,0.503300487995148,2.52597764678311
2001-05-06,3.25895833969116,2.63613414764404,2.58876776695251,2.65710774468782
2001-05-07,3.70482230186462,0.251925557851791,2.88535928726196,2.53978085655323
2001-05-08,3.79872488975525,1.98617255687714,1.89948463439941,2.32238128995246
2001-05-09,3.26215958595276,0.696503400802612,2.41152954101563,2.2326605580838
2001-05-10,4.41762018203735,0.428720772266388,2.69533205032349,2.07392430391316
2001-05-11,6.43497085571289,0.268443256616592,3.05559682846069,1.93589273276055
2001-05-12,7.06540012359619,0.858998537063599,3.20934295654297,1.79095968836003
2001-05-13,9.64643478393555,0.938565313816071,4.24416255950928,1.66673119534038
2001-05-14,5.35747098922729,0.138079777359962,2.61613297462463,1.57701072674605
2001-05-15,5.02562713623047,1.13114765554201e-07,2.54647088050842,1.50799494116974
2001-05-16,4.83598852157593,0.0037620950024575,3.54627251625061,1.38031571152614
2001-05-17,5.35381984710693,0,2.9363067150116,1.25608735014365
2001-05-18,2.91458344459534,2.57897400856018,1.51111388206482,1.16981761817327
2001-05-19,2.73122048377991,0.189432859420776,2.57690668106079,1.0939002277119
2001-05-20,1.85022127628326,0.360101133584976,2.16515254974365,1.02833517875954
2001-05-21,3.6589367389679,6.12967255619878e-07,3.62501835823059,0.986925746904905
2001-05-22,7.50665378570557,0.0159130711108446,3.23566317558289,0.93861471016521
2001-05-23,12.4532251358032,0.983408629894257,4.16680479049683,0.89375441004946
2001-05-24,12.0362005233765,3.58942031860352,3.94964647293091,0.855795714818772
2001-05-25,11.3824138641357,0.535042643547058,4.27475595474243,0.824738624473153
2001-05-26,10.1461668014526,0.292271792888641,4.33891820907593,0.800583139012596
2001-05-27,10.4715700149536,2.35597395896912,2.56880021095276,0.790230731685
2001-05-28,15.8335027694702,0.764016270637512,4.79056835174561,0.779878390175985
2001-05-29,14.1655254364014,11.6701707839966,2.38314008712769,0.800583139012596
2001-05-30,6.03072071075439,9.18612289428711,0.451477855443955,0.797132336570062
2001-05-31,5.90665197372437,0.106441706418991,3.84870767593384,0.824738624473153
2001-06-01,10.2794647216797,0.0259562507271767,4.10467290878296,1.06974467643276
2001-06-02,13.1595687866211,0.134713679552078,3.58541703224182,1.16636674991215
2001-06-03,13.7570877075195,1.78494739532471,3.09943532943726,1.014532034808
2001-06-04,13.7764530181885,0.180006563663483,3.29982399940491,0.924811500395079
2001-06-05,16.2675018310547,0,5.39998579025269,0.855795714818772
2001-06-06,15.7429189682007,0.223760023713112,5.12977743148804,0.79368153412753
2001-06-07,15.6139583587646,3.51776695251465,3.45452332496643,0.748821299830365
2001-06-08,13.9988470077515,5.0481390953064,2.74780464172363,0.703960999714616
2001-06-09,13.6227340698242,8.14352035522461,3.25554251670837,0.69015785576307
2001-06-10,13.2682046890259,10.7836780548096,3.23074865341187,0.731567353436289
2001-06-11,12.9321842193604,2.93915343284607,3.8051929473877,0.917909961328598
2001-06-12,12.6114444732666,1.02512991428375,4.35273694992065,1.04903992759615
2001-06-13,12.6399545669556,1.22553992271423,4.07208204269409,1.04213838852967
2001-06-14,11.0656805038452,0.0685080289840698,4.34820890426636,0.904106817377056
2001-06-15,10.2240447998047,2.3602147102356,3.57164168357849,0.821287822030619
2001-06-16,9.69063091278076,0.27469477057457,3.05900168418884,0.769525982848388
2001-06-17,8.69920349121094,1.36420798301697,2.91265511512756,0.731567353436289
2001-06-18,10.1540431976318,0.00379964034073055,2.92247819900513,0.703960999714616
2001-06-19,12.543607711792,0.167328432202339,4.6918797492981,0.683256250878005
2001-06-20,15.6180000305176,0.417406260967255,5.71410465240479,0.683256250878005
2001-06-21,16.1829986572266,1.80465543270111,4.42090177536011,0.648748358089851
2001-06-22,13.3666868209839,1.84735441207886,3.81338119506836,0.607338926235217
2001-06-23,6.17450475692749,0.00471354555338621,3.01519894599915,0.593535782283675
2001-06-24,8.12529468536377,0.144193977117538,3.11697793006897,0.596986518907621
2001-06-25,9.00663948059082,0.293744444847107,2.73333883285522,0.603888123792686
2001-06-26,10.6643724441528,0.525003731250763,3.9359712600708,0.576281835889598
2001-06-27,10.8810520172119,0.742564022541046,3.55429983139038,0.548675482167925
2001-06-28,12.5112895965576,0,2.0380973815918,0.517618391822302
2001-06-29,11.7205028533936,0.597825050354004,4.12955141067505,0.496913642985695
2001-06-30,10.4289741516113,0.181122586131096,3.48560929298401,0.476208927058378
2001-07-01,13.6855964660645,0.14123959839344,4.6230640411377,0.455504178221767
2001-07-02,14.2911005020142,0.060179591178894,4.75819396972656,0.43479946229445
2001-07-03,12.5711641311646,0,4.82841873168945,0.420996285433613
2001-07-04,15.60804271698,3.1299421787262,4.30670547485352,0.414094713457842
2001-07-05,12.8982400894165,0.958780705928802,4.20286512374878,0.38648839264546
2001-07-06,13.6987085342407,1.10114860534668,3.69569826126099,0.379586820669689
2001-07-07,12.4067354202271,5.17155933380127,2.83699011802673,0.369234446251383
2001-07-08,12.4130067825317,1.00755941867828,2.85741186141968,0.351980499857306
2001-07-09,14.5567502975464,0.427178591489792,4.32727909088135,0.351980499857306
2001-07-10,16.3451061248779,3.12543940544128,4.78511571884155,0.355431302299841
2001-07-11,14.5908374786377,3.30803322792053,3.35780143737793,0.379586820669689
2001-07-12,12.93785572052,0.288293272256851,3.34150218963623,0.372685248693917
2001-07-13,15.9392728805542,0,5.1231861114502,0.344388754229312
2001-07-14,16.806510925293,5.14636516571045,2.96732473373413,0.323338951475883
2001-07-15,15.4622173309326,4.84653377532959,3.42166638374329,0.310571035093381
2001-07-16,15.411078453064,0.370990991592407,2.76887059211731,0.309190720698227
2001-07-17,16.2866630554199,8.36269378662109,1.02962183952332,0.320578322685574
2001-07-18,18.4597969055176,2.62826657295227,3.29137349128723,0.348529730324066
2001-07-19,16.4380722045898,14.1940088272095,1.17316257953644,0.344733841055423
2001-07-20,15.0930509567261,4.56281423568726,2.16477370262146,0.348529730324066
2001-07-21,14.0455045700073,1.2985919713974,2.07009959220886,0.759173641339377
2001-07-22,15.0755443572998,0.0580743923783302,3.71896409988403,0.904106817377056
2001-07-23,14.3687419891357,0.025479493662715,4.62890243530273,0.766075246224442
2001-07-24,16.2000122070312,0,4.26325988769531,0.662551567859982
2001-07-25,16.3461284637451,0.0295339412987232,3.78722715377808,0.579732572513544
2001-07-26,16.2639713287354,0.113731771707535,3.68928861618042,0.521069194264833
2001-07-27,14.9486227035522,3.57252788543701,2.3750479221344,0.49001207100992
2001-07-28,14.6333532333374,6.92047452926636,2.82647061347961,0.458954980664301
2001-07-29,14.6507186889648,0.0288147758692503,3.16536617279053,0.452053408688526
2001-07-30,14.0677366256714,0.427110195159912,3.65560340881348,0.452053408688526
2001-07-31,14.5533304214478,0.788298666477203,3.71954607963562,0.441701034270224
2001-08-01,16.2199878692627,1.83179473876953,3.59806561470032,0.420996285433613
2001-08-02,16.8773078918457,5.62316179275513,3.62250018119812,0.400291569506296
2001-08-03,15.0286998748779,2.47243523597717,2.59725642204285,0.389939195087994
2001-08-04,14.5884485244751,11.1174335479736,2.1147928237915,0.389939195087994
2001-08-05,13.9490308761597,5.85913324356079,3.12027835845947,0.393389964621234
2001-08-06,14.7355461120605,4.09414482116699,3.23008322715759,0.431348659851919
2001-08-07,13.0469675064087,1.58167052268982,2.21010613441467,0.510716819846531
2001-08-08,12.2950754165649,0.779629290103912,2.48789501190186,0.524519963798074
2001-08-09,14.9777679443359,2.38865733146668,3.45597553253174,0.514167589379772
2001-08-10,14.2638521194458,0.194638058543205,2.76681470870972,0.507266017403997
2001-08-11,12.5899810791016,0.479645609855652,2.38094568252564,0.493462873452455
2001-08-12,14.1153202056885,4.4649600982666,2.73172163963318,0.479659696591618
2001-08-13,16.1881923675537,5.01134777069092,3.10701942443848,0.465856552640072
2001-08-14,16.2161083221436,0.333068341016769,3.12173438072205,0.448602606245995
2001-08-15,16.8708534240723,0.380345433950424,3.81663250923157,0.417545515900373
2001-08-16,16.9160919189453,5.93810911553305e-09,3.94663834571838,0.400291569506296
2001-08-17,19.9106273651123,0.068280890583992,4.47949457168579,0.38648839264546
2001-08-18,19.3931312561035,2.64717102050781,3.31665444374084,0.365783676718143
2001-08-19,10.8029069900513,33.0101165771484,0.448824256658554,0.362332874275612
2001-08-20,6.07148456573486,11.6055784225464,1.10811114311218,0.372685248693917
2001-08-21,7.21976137161255,0.379916280508041,1.57255208492279,0.424447087876148
2001-08-22,8.56219005584717,1.90451812744141,1.12884283065796,0.600437321350155
2001-08-23,10.4641122817993,5.6990909576416,1.15467488765717,0.762624443781908
2001-08-24,11.9566345214844,2.61781573295593,2.54549932479858,0.762624443781908
2001-08-25,11.3666868209839,0.552891433238983,2.98420763015747,0.7419196949453
2001-08-26,11.2828903198242,0.247730240225792,2.46120262145996,0.759173641339377
2001-08-27,12.6638488769531,0.379209876060486,1.92983496189117,0.721214946108693
2001-08-28,12.9949188232422,0.61491197347641,2.15506339073181,0.666002304483928
2001-08-29,12.2900485992432,0.520840108394623,2.20521450042725,0.628043675071828
2001-08-30,12.8161239624023,0,3.01377463340759,0.593535782283675
2001-08-31,14.0734128952026,0.00733967963606119,2.49274659156799,0.569380231004533
2001-09-01,12.2516899108887,0.799802005290985,0.940267205238342,0.548675482167925
2001-09-02,10.0931730270386,0.0379593074321747,2.72730398178101,0.517618391822302
2001-09-03,7.81064081192017,2.50594043731689,0.97812420129776,0.49001207100992
2001-09-04,7.90906763076782,1.41808199882507,2.04670763015747,0.465856552640072
2001-09-05,8.04395961761475,0.696570158004761,2.15450835227966,0.452053408688526
2001-09-06,8.00199699401855,0,1.42959833145142,0.43479946229445
2001-09-07,8.83898544311523,2.2600781917572,1.26857995986938,0.417545515900373
2001-09-08,8.23849868774414,10.8777627944946,1.66767609119415,0.410643911015311
2001-09-09,7.08097267150879,14.4112319946289,0.486543983221054,0.403742339039536
2001-09-10,6.52492046356201,10.8445091247559,0.563634753227234,0.407193141482071
2001-09-11,6.75215291976929,1.33881866931915,0.895509481430054,0.445151803803465
2001-09-12,6.42529773712158,1.00049746833975e-05,1.51902198791504,0.524519963798074
2001-09-13,8.6918773651123,0,2.12208604812622,0.641846819023371
2001-09-14,12.5152130126953,0,2.38954544067383,0.662551567859982
2001-09-15,12.4946231842041,0.035687543451786,2.15115022659302,0.607338926235217
2001-09-16,7.87936210632324,0.205282807350159,1.53244876861572,0.559027889495521
2001-09-17,10.7739772796631,0.602260410785675,1.58316719532013,0.524519963798074
2001-09-18,9.4829216003418,11.7819623947144,1.18339490890503,0.496913642985695
2001-09-19,5.47885274887085,6.54963779449463,0.220116809010506,0.48656130147668
2001-09-20,3.49399781227112,1.77209746837616,0.722865700721741,0.514167589379772
2001-09-21,3.63987421989441,0.62185400724411,0.675914883613586,0.579732572513544
2001-09-22,4.81849241256714,0.0271083153784275,0.825342833995819,0.631494411695774
2001-09-23,12.6304006576538,0.0225480999797583,1.96798706054688,0.624592872629294
2001-09-24,11.0583086013794,0,1.85302650928497,0.607338926235217
2001-09-25,14.377854347229,6.93901893100701e-05,1.86394608020782,0.569380231004533
2001-09-26,15.1822729110718,1.48814165592194,1.97251284122467,0.53832314065891
2001-09-27,11.0390281677246,2.46716904640198,1.27373218536377,0.514167589379772
2001-09-28,5.96804666519165,0,1.25397956371307,0.49001207100992
2001-09-29,6.89598274230957,5.0163779258728,1.39785099029541,0.462405750197541
2001-09-30,5.31634473800659,1.12870860099792,1.08536791801453,0.452053408688526
2001-10-01,5.21999883651733,0.000456302979728207,1.22628808021545,0.455504178221767
2001-10-02,4.31985807418823,1.29687964916229,1.17121994495392,0.455504178221767
2001-10-03,1.02112424373627,0.417621999979019,0.531475424766541,0.445151803803465
2001-10-04,-0.237148225307465,0.226079076528549,0.763200759887695,0.427897857409388
2001-10-05,0.868841767311096,0,0.93503326177597,0.407193141482071
2001-10-06,3.49338603019714,0,1.17460453510284,0.396840767063765
2001-10-07,4.35464525222778,0,0.982120037078857,0.379586820669689
2001-10-08,3.30424284934998,0.191268652677536,0.604910016059876,0.369234446251383
2001-10-09,3.17955875396729,0.0656313374638557,0.750136256217957,0.362332874275612
2001-10-10,2.1176278591156,0.742628514766693,0.757996141910553,0.351980499857306
2001-10-11,2.80588889122009,2.60502457618713,0.35746106505394,0.33162083784681
2001-10-12,0.372026711702347,0,0.546482920646668,0.31919800829042
2001-10-13,0.17890077829361,0.595379889011383,0.384215444326401,0.313676750709802
2001-10-14,-0.320020467042923,0.924839794635773,0.441578537225723,0.30125388824412
2001-10-15,-2.4097683429718,0.0444181747734547,0.484862327575684,0.294697403094459
2001-10-16,-2.57115840911865,2.10713458061218,0.365849524736404,0.288140917944798
2001-10-17,-4.54493522644043,0.311096221208572,0.352448642253876,0.275718055479116
2001-10-18,-5.95908498764038,0.788236081600189,0.416424036026001,0.262950139096615
2001-10-19,-5.31526327133179,0.271112650632858,0.379889458417892,0.250182222714113
2001-10-20,-8.16887187957764,0.0284048952162266,0.252857893705368,0.224301303122998
2001-10-21,-9.21611499786377,0.0497758165001869,0.261169165372849,0.220850517135111
2001-10-22,-7.20272970199585,2.34573126363102e-05,0.327888995409012,0.215674329925959
2001-10-23,-7.10122156143188,0.755183458328247,0.303176015615463,0.196694982310617
2001-10-24,-8.35630130767822,0.95794266462326,0.187239035964012,0.194969597543996
2001-10-25,-6.20118093490601,0.0826182290911675,0.22090382874012,0.189793410334844
2001-10-26,-6.33964490890503,6.4228687286377,0.109412007033825,0.182891838359072
2001-10-27,-5.82562923431396,1.07612502574921,0.172700598835945,0.17771565114992
2001-10-28,-11.6324806213379,0.00220203911885619,0.167610511183739,0.172539463940767
2001-10-29,-6.0420880317688,0.375789970159531,0.309744209051132,0.169088677952881
2001-10-30,-4.00598812103271,0.0480137951672077,0.235205590724945,0.162187089522463
2001-10-31,-2.79372930526733,2.02743458747864,0.333180725574493,0.158736303534577
2001-11-01,-4.64877319335938,0.811438322067261,0.115410901606083,
2001-11-02,-2.26699185371399,3.3843891620636,0.115704737603664,
2001-11-03,-3.69180107116699,0.342711508274078,0.178517878055573,
2001-11-04,-2.00155282020569,2.27050018310547,0.0702924653887749,
2001-11-05,-8.0901927947998,0.0168894585222006,0.054548554122448,
2001-11-06,-10.7834405899048,0,0.0343211479485035,
2001-11-07,-10.9202632904053,1.17197263240814,0.0878787115216255,
2001-11-08,-7.47496032714844,0.872530877590179,0.0636060312390328,
2001-11-09,-6.38305044174194,0.106938801705837,0.000794915831647813,
2001-11-10,-7.96652936935425,1.07635617256165,0.147406756877899,
2001-11-11,-6.22022914886475,0.322534322738647,0.134883165359497,
2001-11-12,-3.15694737434387,5.23016548156738,0.0465453490614891,
2001-11-13,-1.31586837768555,5.3043737411499,0.0701051130890846,
2001-11-14,-2.43313503265381,7.76691913604736,0.101757369935513,
2001-11-15,-2.38274121284485,1.16360056400299,0.128297120332718,
2001-11-16,-2.8699951171875,0.136678710579872,0,
2001-11-17,-5.72527599334717,0,0,
2001-11-18,-7.31851577758789,3.95807298048112e-08,0.0814297944307327,
2001-11-19,-7.4726881980896,0.0719772353768349,0.16028805077076,
2001-11-20,-8.33234310150146,0.0182439722120762,0.0753449723124504,
2001-11-21,-6.12744092941284,0.874550640583038,0.127830281853676,
2001-11-22,-3.62119221687317,1.96895885467529,0.00293003744445741,
2001-11-23,-9.32717037200928,0.524369418621063,0.0969686210155487,
2001-11-24,-15.7014598846436,1.57555258274078,0.0640189796686173,
2001-11-25,-18.7495822906494,2.80361652374268,0.109426409006119,
2001-11-26,-17.9312534332275,1.58808612823486,0.0619125925004482,
2001-11-27,-18.6486072540283,1.3204528093338,0.0353286750614643,
2001-11-28,-18.7744293212891,0.153250649571419,0,
2001-11-29,-20.7776298522949,0,0.0100058009847999,
2001-11-30,-21.5803356170654,0.383874356746674,0.0301974732428789,
2001-12-01,-20.7297096252441,0.932350814342499,0.0592373386025429,
2001-12-02,-19.615270614624,0.752602517604828,0.0124554680660367,
2001-12-03,-23.7914886474609,0.0588986650109291,0.0101808225736022,
2001-12-04,-23.1191158294678,0.124158747494221,0.0378648154437542,
2001-12-05,-19.1459541320801,0.252656310796738,0,
2001-12-06,-19.6169910430908,3.11748099327087,0.0586531385779381,
2001-12-07,-21.0862522125244,0.742187857627869,0.0413836240768433,
2001-12-08,-14.2740345001221,1.09125220775604,0.0419396348297596,
2001-12-09,-23.6676902770996,0.0595718324184418,0,
2001-12-10,-27.9791088104248,0.209826782345772,0,
2001-12-11,-23.2505283355713,0.0458623170852661,0.0232832711189985,
2001-12-12,-17.0357074737549,0.176806062459946,0.0146673042327166,
2001-12-13,-16.7605648040771,0,0.00945958215743303,
2001-12-14,-11.9995651245117,2.90440392494202,0.0968636572360992,
2001-12-15,-16.6972999572754,2.82197618484497,0,
2001-12-16,-17.75221824646,2.57363486289978,0.0903672948479652,
2001-12-17,-17.4402599334717,4.29780626296997,0.079350471496582,
2001-12-18,-18.981071472168,0.000442009622929618,0.0880709588527679,
2001-12-19,-17.1466808319092,0.0163883250206709,0.00286462111398578,
2001-12-20,-18.8720264434814,0,0.00605724332854152,
2001-12-21,-16.8209762573242,1.05450326373102e-05,0.0724495053291321,
2001-12-22,-16.7429275512695,6.53460438115872e-06,0.0376949310302734,
2001-12-23,-11.694356918335,8.24173639557557e-06,0.11638293415308,
2001-12-24,-8.40928840637207,6.367874902935e-06,0.11048498749733,
2001-12-25,-4.74735641479492,1.93442019735812e-07,0.0176403466612101,
2001-12-26,-8.41706657409668,4.10876091336831e-05,0,
2001-12-27,-11.8952560424805,7.86017699283548e-05,0,
2001-12-28,-16.1423244476318,0,0.0106857214123011,
2001-12-29,-13.3807497024536,0.000105008701211773,0.000151388419908471,
2001-12-30,-13.7124738693237,0.000121319251775276,0.0217170268297195,
2001-12-31,-14.6119079589844,0.102980859577656,0.0158649496734142,
2002-01-01,-19.091682434082,0.0292760077863932,0.0137752136215568,
2002-01-02,-17.4423122406006,0.212459936738014,0.0785091519355774,
2002-01-03,-13.1255025863647,0.428788334131241,0.0350588411092758,
2002-01-04,-13.8120851516724,0.211208745837212,0,
2002-01-05,-14.0261840820312,2.02230003196746e-05,0.0159570090472698,
2002-01-06,-11.1712427139282,0.00317856832407415,0.0805689767003059,
2002-01-07,-6.2945704460144,0.485684633255005,0,
2002-01-08,-4.83303213119507,0.000868100498337299,0,
2002-01-09,-5.01878452301025,0,0,
2002-01-10,-4.89819717407227,0.000511589634697884,0.122339889407158,
2002-01-11,-5.24577856063843,0.694362103939056,0.0341913588345051,
2002-01-12,-5.55476713180542,5.04121732711792,0.286653429269791,
2002-01-13,-9.84298706054688,1.29139518737793,0.0762626156210899,
2002-01-14,-15.3461437225342,0.00331960176117718,0,
2002-01-15,-17.4501991271973,1.17359904834302e-05,0,
2002-01-16,-18.303279876709,6.16045190326986e-06,0.00960094388574362,
2002-01-17,-19.1898555755615,0.468271046876907,0.0478415936231613,
2002-01-18,-16.359827041626,0.00940934475511312,0,
2002-01-19,-22.1010723114014,0.554137587547302,0.0454901717603207,
2002-01-20,-24.9986877441406,0.339832812547684,0.0915999189019203,
2002-01-21,-28.1991081237793,0.750697612762451,0.0511649362742901,
2002-01-22,-32.6519165039062,0.148322567343712,0,
2002-01-23,-33.146842956543,0.252205938100815,0.0158330556005239,
2002-01-24,-31.6198902130127,0,0.0275683738291264,
2002-01-25,-31.1327476501465,0.243752658367157,0.0162672661244869,
2002-01-26,-32.3362808227539,0.143737196922302,0.0381091125309467,
2002-01-27,-34.8259696960449,0,0.0165066234767437,
2002-01-28,-29.7209396362305,0.123218946158886,0.0397705771028996,
2002-01-29,-28.4059524536133,0.0129896197468042,0.0329284407198429,
2002-01-30,-26.1937103271484,0,0.0698247104883194,
2002-01-31,-18.3731784820557,0.119194895029068,0.112863779067993,
2002-02-01,-14.4414253234863,0.0992536917328835,0.0505522899329662,
2002-02-02,-14.5192461013794,0.0104622067883611,0.0616295747458935,
2002-02-03,-15.0376577377319,0.790995836257935,0.151067033410072,
2002-02-04,-23.1039981842041,0.921012997627258,0.106996901333332,
2002-02-05,-17.4162216186523,0.0231496281921864,0.0715059414505959,
2002-02-06,-17.8937702178955,0.206444606184959,0.0507055856287479,
2002-02-07,-18.6096668243408,0,0.0430441536009312,
2002-02-08,-18.1495876312256,3.46466149494518e-05,0.0758391544222832,
2002-02-09,-18.0747375488281,2.08328223228455,0.15858992934227,
2002-02-10,-13.0623083114624,1.04197764396667,0.170014247298241,
2002-02-11,-14.1759605407715,0.00753355026245117,0.146804943680763,
2002-02-12,-7.69745826721191,0.174446389079094,0.296289384365082,
2002-02-13,-4.01802539825439,0.022002624347806,0.12282919883728,
2002-02-14,-6.05180883407593,0.51354992389679,0.338149517774582,
2002-02-15,-1.89186775684357,0,0.266860067844391,
2002-02-16,-3.2410249710083,0.516090989112854,0.223794311285019,
2002-02-17,-8.96121597290039,2.49789190292358,0.190297022461891,
2002-02-18,-17.5722732543945,0.0160914678126574,0.211841449141502,
2002-02-19,-12.0199499130249,1.0931351184845,0.290750026702881,
2002-02-20,-5.8755202293396,4.81152534484863,0.137943997979164,
2002-02-21,-10.9171419143677,0.16848187148571,0.1948252171278,
2002-02-22,-16.3896884918213,0.507089018821716,0.154397487640381,
2002-02-23,-20.4433975219727,0.17710779607296,0.188219383358955,
2002-02-24,-22.3715190887451,0.08474300801754,0.155408382415771,
2002-02-25,-19.6517715454102,0.0845733508467674,0.291484534740448,
2002-02-26,-14.6900367736816,0.160007640719414,0.348416894674301,
2002-02-27,-21.219856262207,0.000212236423976719,0.174141809344292,
2002-02-28,-23.4830513000488,0,0.157638132572174,
2002-03-01,-24.0864887237549,0.0146677764132619,0.229436010122299,0.00255358409923265
2002-03-02,-17.1005020141602,0.481705784797669,0.321338713169098,0.00227752091167715
2002-03-03,-10.3480634689331,2.13229632377625,0.326997369527817,0.00210498148373092
2002-03-04,-18.5831317901611,0.463896900415421,0.232029914855957,0.00193244205578469
2002-03-05,-25.135461807251,0.542095124721527,0.176845744252205,0.00179441046200693
2002-03-06,-23.6277599334717,0.180048123002052,0.204835250973701,0.00165637886822918
2002-03-07,-22.3220291137695,0.33357959985733,0.244002357125282,0.00155285523717183
2002-03-08,-23.2849559783936,0.14443476498127,0.211090609431267,0.00144933147756256
2002-03-09,-21.5709438323975,0.184543907642365,0.258767664432526,0.0013458078465052
2002-03-10,-24.4240589141846,0.00692369090393186,0.196652099490166,0.00127679204961633
2002-03-11,-23.5485897064209,2.49903225898743,0.278638988733292,0.00117326841855897
2002-03-12,-18.0670757293701,0.825797379016876,0.335273802280426,0.00110425262167009
2002-03-13,-20.6360778808594,0.0287085399031639,0.304257214069366,0.00103523676050526
2002-03-14,-21.1108245849609,0,0.335017710924149,0.00100072886206082
2002-03-15,-22.1841506958008,0.141980662941933,0.253821462392807,0.00100072886206082
2002-03-16,-22.9620265960693,0.247113689780235,0.292618751525879,0.000897205231003467
2002-03-17,-22.5835456848145,0.0694373473525047,0.324414849281311,0.000862697332559028
2002-03-18,-24.521915435791,0.365257203578949,0.280632883310318,0.000828189434114593
2002-03-19,-23.3796100616455,0.0721555277705193,0.317861467599869,0.000759173637225715
2002-03-20,-21.0687732696533,0.0126182874664664,0.419091075658798,0.000724665738781276
2002-03-21,-10.7645740509033,0.0415207967162132,0.78205269575119,0.000724665738781276
2002-03-22,-7.44994258880615,0,0.881216108798981,0.000690157840336841
2002-03-23,-7.58634328842163,0.0557370595633984,0.72930645942688,0.000655649941892402
2002-03-24,-4.66852474212646,2.82302951812744,0.715494573116303,0.000621142043447963
2002-03-25,-6.19237470626831,0.514593958854675,0.509669959545136,0.000621142043447963
2002-03-26,-4.85322713851929,0.450078517198563,0.722348988056183,0.000586634209279485
2002-03-27,-1.94240653514862,0.601150691509247,0.643364787101746,0.000552126310835047
2002-03-28,-8.11838817596436,0.240406021475792,0.605639815330505,0.000552126310835047
2002-03-29,-14.5557270050049,0.00635058106854558,0.574727296829224,0.000517618380252631
2002-03-30,-16.1089096069336,0.00284982309676707,0.677158832550049,0.000517618380252631
2002-03-31,-16.6576271057129,0.168267458677292,0.628314673900604,0.000483110513946172
2002-04-01,-19.0302467346191,0.163939833641052,0.443978905677795,0.000483110513946172
2002-04-02,-18.0080432891846,0.00465957960113883,0.613113343715668,0.000483110513946172
2002-04-03,-14.238844871521,1.2677686214447,0.738634526729584,0.000483110513946172
2002-04-04,-15.0102615356445,0.271867781877518,0.644240438938141,0.000483110513946172
2002-04-05,-16.3847522735596,0,0.737492322921753,0.000483110513946172
2002-04-06,-12.9500417709351,0,0.8806272149086,0.000483110513946172
2002-04-07,-11.5186738967896,0.325271785259247,0.755966484546661,0.000483110513946172
2002-04-08,-15.3066024780273,0.177686154842377,0.706732451915741,0.000483110513946172
2002-04-09,-12.3470773696899,0,1.03760969638824,0.000552126310835047
2002-04-10,-5.60300302505493,3.02526378631592,0.807492792606354,0.000690157840336841
2002-04-11,-1.64551544189453,0.423678606748581,1.0711635351181,0.00103523676050526
2002-04-12,-2.34871387481689,8.24747848510742,0.44467556476593,0.000966221027892341
2002-04-13,-3.670823097229,0.537984848022461,0.960352420806885,0.000862697332559028
2002-04-14,-4.07173585891724,0.209021553397179,1.29022860527039,0.000759173637225715
2002-04-15,-4.63134622573853,0.000172826141351834,1.36618959903717,0.000724665738781276
2002-04-16,-3.5905225276947,0.0374278761446476,1.44591128826141,0.00110425262167009
2002-04-17,-6.40560483932495,0.0624288320541382,0.930124163627625,0.00162187090550879
2002-04-18,-6.22200489044189,7.88336728874128e-06,1.41055274009705,0.00258809206195305
2002-04-19,-0.575268566608429,7.88336728874128e-06,1.75639867782593,0.00396840774262674
2002-04-20,3.76564812660217,0.258767604827881,2.00739336013794,0.00655649954747593
2002-04-21,4.43529510498047,1.36598086357117,1.51995694637299,0.0133200468712743
2002-04-22,-5.04272937774658,0.0644791424274445,0.929958999156952,0.0290901534394123
2002-04-23,-11.5998048782349,0.263754636049271,0.98748654127121,0.0224301294895675
2002-04-24,-10.2825422286987,0.00531214196234942,1.33568477630615,0.0292972001873193
2002-04-25,-7.92417335510254,0.58588457107544,1.31518816947937,0.0252252698420506
2002-04-26,-7.90081548690796,0.00235280999913812,1.58971285820007,0.0307810410416734
2002-04-27,-1.8920806646347,0.510627150535584,1.72197449207306,0.038993918686067
2002-04-28,1.29500901699066,1.15219402313232,1.61592733860016,0.0527970749785961
2002-04-29,-0.791638076305389,0.890284359455109,1.29452276229858,0.0666002312711252
2002-04-30,-4.0617823600769,0.668648660182953,1.62260437011719,0.0676354711811524
2002-05-01,-2.60531282424927,6.31140995025635,0.912966370582581,0.0759173657794024
2002-05-02,-7.52750444412231,2.66005778312683,0.736972272396088,0.0824738673837087
2002-05-03,-13.6947622299194,0.687380850315094,0.948279440402985,0.0759173657794024
2002-05-04,-13.9733476638794,0.274332612752914,1.07494223117828,0.0804033875636542
2002-05-05,-12.0317287445068,0.000145295009133406,1.40643560886383,0.0779878373721341
2002-05-06,-7.75146102905273,0.00215676007792354,1.59306633472443,0.0745370513842478
2002-05-07,-2.39530253410339,0,2.05718302726746,0.0772976801745566
2002-05-08,-0.72190272808075,0,2.2908148765564,0.080748466162443
2002-05-09,0.970848977565765,0.93400776386261,2.21792006492615,0.085924653371595
2002-05-10,3.72628211975098,0.234860733151436,2.22916483879089,0.0997278137777854
2002-05-11,5.14047384262085,1.87640309333801,1.51239240169525,0.143207758361766
2002-05-12,4.30780172348022,0.154965221881866,2.43329167366028,0.190138497160956
2002-05-13,8.45119476318359,0.117360062897205,2.70645046234131,0.43479946229445
2002-05-14,4.39035797119141,0.000505408854223788,2.83282160758972,1.07664628131782
2002-05-15,4.5501070022583,0,2.78880429267883,1.99800704508895
2002-05-16,8.64035129547119,0,3.13836932182312,1.83927065928115
2002-05-17,8.53224945068359,0,3.68410730361939,1.77025487370484
2002-05-18,9.34422016143799,5.83475775783882e-05,3.17925882339478,1.9634991523008
2002-05-19,8.40123462677002,0.990076720714569,1.36301350593567,1.96004828403968
2002-05-20,7.1926736831665,0.682913899421692,2.85783576965332,1.87032781544535
2002-05-21,2.82290029525757,0,3.40648031234741,1.72539463940767
2002-05-22,1.59393739700317,0,3.34737324714661,1.52869962418777
2002-05-23,2.3070056438446,0,2.64951038360596,1.32165226745884
2002-05-24,5.58983564376831,0.336020231246948,3.03452301025391,1.15946514502709
2002-05-25,6.2719554901123,0.121304519474506,3.5792441368103,1.04213838852967
2002-05-26,9.48997783660889,0.294151097536087,4.31751537322998,0.959319393183233
2002-05-27,4.74957466125488,0.379445135593414,2.4790530204773,0.89375441004946
2002-05-28,4.86599779129028,1.955601811409,3.15682673454285,0.84199257086723
2002-05-29,7.33560180664062,3.2360668182373,1.38552129268646,0.797132336570062
2002-05-30,7.61640214920044,5.63972806930542,2.5868513584137,0.772976785290923
2002-05-31,6.96368551254272,2.15253829956055,1.69186210632324,0.79368153412753
2002-06-01,9.57315826416016,1.9741073846817,2.86274814605713,0.993827285971386
2002-06-02,10.7228202819824,0.783264994621277,4.23338079452515,1.06974467643276
2002-06-03,13.9066257476807,0.882118344306946,4.07703495025635,1.03868758608714
2002-06-04,14.2529592514038,0.476002216339111,4.19798469543457,0.980024142019844
2002-06-05,14.6957521438599,4.37808799743652,3.51017022132874,0.928262302837614
2002-06-06,11.9313993453979,0.823753416538239,3.52616572380066,0.93861471016521
2002-06-07,12.9675998687744,0.957086026668549,3.64268946647644,0.886852870982979
2002-06-08,12.3627500534058,0.0874581933021545,4.76336479187012,0.831640229358215
2002-06-09,12.6174573898315,0.00256174383684993,5.15708780288696,0.797132336570062
2002-06-10,14.5228309631348,0,5.87312650680542,0.766075246224442
2002-06-11,15.2663421630859,0.307875543832779,5.53639125823975,0.721214946108693
2002-06-12,14.7370662689209,0.000117507268441841,5.28855419158936,0.679805514254058
2002-06-13,13.239333152771,0.0123103186488152,5.01741218566895,0.63839601658084
2002-06-14,14.0760326385498,1.16929197311401,4.6909441947937,0.603888123792686
2002-06-15,11.5602426528931,6.31186676025391,2.00833916664124,0.579732572513544
2002-06-16,8.55977153778076,1.60187888145447,1.46138036251068,0.562478626119468
2002-06-17,7.56308174133301,1.77154326438904,3.56377506256104,0.559027889495521
2002-06-18,10.2748250961304,2.1741840839386,4.26850271224976,0.555577087052987
2002-06-19,8.69567394256592,2.70216059684753,2.65914964675903,0.54177391019215
2002-06-20,9.7214241027832,1.045694231987,3.93066215515137,0.524519963798074
2002-06-21,10.2018804550171,4.61049222946167,3.36413502693176,0.507266017403997
2002-06-22,14.3480625152588,0.119456462562084,4.99041175842285,0.503815247870757
2002-06-23,17.0953712463379,1.40517938137054,5.64938116073608,0.510716819846531
2002-06-24,15.189356803894,7.21882104873657,3.94441246986389,0.521069194264833
2002-06-25,15.2448701858521,0.350195407867432,5.45636320114136,0.510716819846531
2002-06-26,18.2098236083984,0.00122739071957767,4.8722996711731,0.507266017403997
2002-06-27,17.9210014343262,0.743428230285645,4.39481592178345,0.496913642985695
2002-06-28,14.7228927612305,4.73066520690918,3.1908860206604,0.469307355082603
2002-06-29,14.9164123535156,5.99849557876587,3.07901906967163,0.448602606245995
2002-06-30,12.7122364044189,19.6688804626465,0.927444100379944,0.448602606245995
2002-07-01,10.8328580856323,6.70625972747803,0.878736138343811,0.559027889495521
2002-07-02,11.8036594390869,0.384188085794449,2.14773654937744,1.33890621385292
2002-07-03,12.3882808685303,0.0724420249462128,4.91174173355103,1.55975678035197
2002-07-04,13.7183809280396,5.57815647125244,3.45954895019531,1.2215794573555
2002-07-05,10.2969303131104,3.63659715652466,2.55844187736511,0.986925746904905
2002-07-06,10.4090147018433,4.02581596374512,3.87156224250793,1.014532034808
2002-07-07,13.5442161560059,0.215221777558327,4.30470037460327,1.21122698420932
2002-07-08,16.3694629669189,0.0703604817390442,5.71424579620361,1.10080176677838
2002-07-09,17.7773780822754,0.15510618686676,3.75948286056519,0.97657333957731
2002-07-10,16.8595676422119,0.103440061211586,5.34299802780151,0.883402068540445
2002-07-11,18.1814651489258,0.135432675480843,5.39545726776123,0.810935480521607
2002-07-12,16.2574901580811,0.076347216963768,4.88392877578735,0.738468892502769
2002-07-13,13.8357429504395,6.49370574951172,4.06202840805054,0.697059460648135
2002-07-14,13.729133605957,2.76094627380371,2.80102920532227,0.672903909368993
2002-07-15,10.1955480575562,4.82427930831909,1.3040759563446,0.679805514254058
2002-07-16,10.4546308517456,0.319938808679581,4.34800863265991,0.683256250878005
2002-07-17,14.5905294418335,0.104831695556641,4.15157127380371,0.641846819023371
2002-07-18,14.2297658920288,6.49734735488892,0.981155455112457,0.63839601658084
2002-07-19,13.5019464492798,0.0412438549101353,1.74508881568909,0.655649962974917
2002-07-20,15.2313194274902,0,2.69128704071045,0.693608658205601
2002-07-21,15.8792171478271,3.55148586095311e-06,4.19757604598999,0.676354711811524
2002-07-22,16.5149421691895,5.25492715835571,3.53119778633118,0.624592872629294
2002-07-23,16.5833950042725,0.963611543178558,4.23590278625488,0.58663417739861
2002-07-24,17.4052410125732,0.200841754674912,4.57268571853638,0.579732572513544
2002-07-25,19.6926002502441,0.25481128692627,5.05102300643921,0.562478626119468
2002-07-26,14.8821725845337,0.370784163475037,3.40635538101196,0.54177391019215
2002-07-27,13.5690717697144,3.53522539138794,2.19953775405884,0.503815247870757
2002-07-28,13.0711526870728,1.96788322925568,2.68741178512573,0.48656130147668
2002-07-29,9.37337684631348,2.99040150642395,1.45267283916473,0.527970766240608
2002-07-30,8.13208389282227,0.519289016723633,0.646089494228363,0.697059460648135
2002-07-31,6.47145175933838,0.88220226764679,1.85745108127594,0.672903909368993
2002-08-01,5.43788385391235,1.00205981731415,2.36716175079346,0.610789728677751
2002-08-02,3.98794054985046,0.458831340074539,2.01903963088989,0.54177391019215
2002-08-03,7.29663276672363,0.905450105667114,2.40871810913086,0.510716819846531
2002-08-04,8.04393005371094,0.356207668781281,2.71199727058411,0.483110499034149
2002-08-05,8.22854232788086,7.95330667495728,1.22000801563263,0.455504178221767
2002-08-06,11.8878259658813,1.9106832742691,3.20952844619751,0.43825023182769
2002-08-07,15.4157648086548,0.221233695745468,3.96710324287415,0.43479946229445
2002-08-08,16.7454071044922,0.183584913611412,3.9695737361908,0.445151803803465
2002-08-09,14.3782482147217,7.13370275497437,2.48978900909424,0.424447087876148
2002-08-10,11.7899913787842,9.80483531951904,1.21643459796906,0.400291569506296
2002-08-11,11.1418075561523,0.752615869045258,2.99759387969971,0.393389964621234
2002-08-12,12.5793151855469,0.513292551040649,2.79017806053162,0.393389964621234
2002-08-13,12.8794641494751,6.37459468841553,2.74838757514954,0.403742339039536
2002-08-14,11.8726043701172,1.48912453651428,2.07410907745361,0.400291569506296
2002-08-15,7.56922435760498,6.58603239059448,1.69790887832642,0.396840767063765
2002-08-16,6.07910776138306,1.00961947441101,2.59441041946411,0.424447087876148
2002-08-17,8.28825759887695,0.975664794445038,2.42569208145142,0.420996285433613
2002-08-18,10.5162315368652,1.70934808254242,2.79981565475464,0.414094713457842
2002-08-19,7.58843564987183,0.00172003975603729,2.63509559631348,0.400291569506296
2002-08-20,7.65411043167114,0.544605851173401,2.23339414596558,0.389939195087994
2002-08-21,13.0184717178345,0.129368051886559,3.00233483314514,0.376136018227158
2002-08-22,13.6474847793579,0.0011383214732632,3.20382070541382,0.362332874275612
2002-08-23,15.0904150009155,0.046550415456295,3.63599371910095,0.355431302299841
2002-08-24,15.1091957092285,0.0433591790497303,3.71172285079956,0.345078927881535
2002-08-25,13.4705381393433,0.0407136157155037,2.72796773910522,0.328515155139681
2002-08-26,15.9939861297607,0.300307631492615,3.2586944103241,0.316092292674
2002-08-27,15.9443874359131,0.165454402565956,2.81050753593445,0.296077717489614
2002-08-28,17.2043132781982,0.128584563732147,2.69964599609375,0.287105657466464
2002-08-29,16.038854598999,0.669854462146759,2.53676772117615,0.279168857921648
2002-08-30,12.6623468399048,0.00715020671486855,2.60652160644531,0.268816483503344
2002-08-31,12.6943244934082,3.13902425765991,2.3897430896759,0.25846410908504
2002-09-01,11.3712863922119,14.5228900909424,0.679294288158417,0.249146978690424
2002-09-02,9.23597240447998,1.66066479682922,1.21784269809723,0.252597781132956
2002-09-03,7.11760854721069,7.52531957626343,0.328330516815186,0.262950139096615
2002-09-04,5.55310583114624,6.57361173629761,0.585950613021851,0.305394864338875
2002-09-05,6.79394674301147,3.03782963752747,0.601862370967865,0.330240523451656
2002-09-06,6.90943813323975,0.328150004148483,1.58447313308716,0.344043700312492
2002-09-07,7.54768085479736,1.82325550213136e-08,2.39440989494324,0.372685248693917
2002-09-08,8.52964973449707,0.0770560279488564,2.28711271286011,0.369234446251383
2002-09-09,9.91558361053467,0.140351921319962,2.53648090362549,0.348529730324066
2002-09-10,9.49568843841553,0.141064077615738,2.4603476524353,0.327479894661347
2002-09-11,9.05897235870361,0.00303162797354162,2.31679081916809,0.311951349488536
2002-09-12,8.52649116516113,0.0264751333743334,2.08243703842163,0.297458031884768
2002-09-13,7.20576524734497,0.00560224149376154,2.19118404388428,0.280204085490691
2002-09-14,7.86048793792725,9.17508411407471,2.18731069564819,0.265365697515458
2002-09-15,9.30998992919922,2.03046131134033,1.96861779689789,0.264675540317881
2002-09-16,11.1340484619141,1.1128214597702,1.29035556316376,0.257773951887463
2002-09-17,8.16233444213867,0.482279658317566,1.77548432350159,0.251217466737802
2002-09-18,7.07874155044556,2.01912927627563,1.75244033336639,0.247076507097693
2002-09-19,5.57087755203247,9.95326900482178,0.559658586978912,0.242590493540763
2002-09-20,3.8867027759552,7.54115152359009,0.643509566783905,0.239484777924343
2002-09-21,1.86907839775085,0.553151786327362,0.986537218093872,0.248111751121381
2002-09-22,1.79646515846252,0.25975102186203,1.05757308006287,0.277788543526494
2002-09-23,-0.981389224529266,0.565469801425934,1.1630471944809,0.325409439523261
2002-09-24,-1.77466714382172,0.00187255116179585,1.20747363567352,0.358882071833081
2002-09-25,-3.15183973312378,0.00470542581751943,1.11847472190857,0.345078927881535
2002-09-26,-2.94412183761597,0.117707893252373,0.679537951946259,0.317127520243043
2002-09-27,-0.753202557563782,0.0624803304672241,1.02105927467346,0.288140917944798
2002-09-28,4.64650583267212,0.309446752071381,0.625872671604157,0.271232041922187
2002-09-29,2.21367931365967,1.44683015346527,0.620646417140961,0.265710767886924
2002-09-30,-0.970490753650665,0.359559416770935,0.769081473350525,0.262259981899038
2002-10-01,0.726972877979279,0.769363820552826,1.01565659046173,0.250527309540224
2002-10-02,3.08460688591003,9.20062923431396,0.830088913440704,0.241210162690963
2002-10-03,-0.918458342552185,1.09660828113556,0.513973772525787,0.234653677541302
2002-10-04,-2.85720252990723,0.242584362626076,0.513907253742218,0.227407018739418
2002-10-05,-1.80292177200317,0.19249752163887,0.616990804672241,0.222920988727843
2002-10-06,-1.52913165092468,0.167873382568359,0.636255502700806,0.216709573949648
2002-10-07,0.65388685464859,0.00168107962235808,0.761760890483856,0.209117828321653
2002-10-08,4.61923027038574,0.062681645154953,1.11240208148956,0.205667042333766
2002-10-09,2.79403209686279,0.297028332948685,0.50090366601944,0.205321955507655
2002-10-10,-1.55518805980682,0.628863155841827,0.602066695690155,0.201526099148303
2002-10-11,-7.98503255844116,0.16374509036541,0.496072143316269,0.193244196322731
2002-10-12,-9.41611862182617,0.943758189678192,0.444725751876831,0.181166437137806
2002-10-13,-0.623115122318268,0.907185673713684,0.582269847393036,0.173229621138345
2002-10-14,-4.91597127914429,1.68570399284363,0.549591541290283,0.167708363557727
2002-10-15,-3.56888294219971,0.738676130771637,0.535303115844727,0.181856594335383
2002-10-16,-5.7565712928772,6.58581113815308,0.196459293365479,0.178750878718963
2002-10-17,-3.78069829940796,0.46430116891861,0.28667750954628,0.172884550766879
2002-10-18,-5.57996559143066,0.0425309389829636,0.281030356884003,0.171504219917079
2002-10-19,-4.92777299880981,0.0318168476223946,0.384623110294342,0.167018206360149
2002-10-20,-4.48727798461914,0.178625613451004,0.455506592988968,0.177025493952342
2002-10-21,-6.75940895080566,4.61763602288556e-06,0.372241258621216,0.158736303534577
2002-10-22,-4.4809775352478,2.14256633626064e-05,0.372404754161835,0.113876044555442
2002-10-23,-2.44081735610962,0.136667400598526,0.287043333053589,0.120777624758537
2002-10-24,-3.94298505783081,1.01838505268097,0.204021736979485,0.134580785164728
2002-10-25,-5.77948760986328,0.433297604322433,0.189659714698792,0.151834731558804
2002-10-26,-9.01649188995361,0.123488262295723,0.164366766810417,0.158736303534577
2002-10-27,-8.65993404388428,0.0296604912728071,0.177050352096558,0.144933143128387
2002-10-28,-11.8561754226685,0.00604533031582832,0.135771319270134,0.136306178158671
2002-10-29,-12.7260322570801,2.14283645618707e-05,0.216378003358841,0.129404597955576
2002-10-30,-9.29337310791016,2.14274405152537e-05,0.232592985033989,0.12250301775248
2002-10-31,-6.99764966964722,7.7265549407457e-06,0.345956355333328,0.117326838770651
2002-11-01,-6.58904647827148,0.00401870952919126,0.186417430639267,
2002-11-02,-6.91631603240967,0.233406573534012,0.141288116574287,
2002-11-03,-5.57903623580933,0.418838024139404,0.0769812390208244,
2002-11-04,-5.07907962799072,1.01397657394409,0.117366932332516,
2002-11-05,-9.40229606628418,1.69736814498901,0.192144006490707,
2002-11-06,-11.2126874923706,0.000586192938499153,0.195347055792809,
2002-11-07,-10.9794540405273,3.53789949417114,0.141684010624886,
2002-11-08,-14.1682796478271,0.616467773914337,0.13679102063179,
2002-11-09,-14.9474182128906,1.59699833393097,0.0559551864862442,
2002-11-10,-15.6192712783813,0,0.025976249948144,
2002-11-11,-16.063648223877,0.00551006384193897,0.022782988846302,
2002-11-12,-16.2983016967773,0,0.0563567839562893,
2002-11-13,-12.2475166320801,0,0.126984432339668,
2002-11-14,-11.7410449981689,0,0.132351487874985,
2002-11-15,-8.76422500610352,0.003282266901806,0,
2002-11-16,-4.83732843399048,3.5758752822876,0.113223917782307,
2002-11-17,-7.94725179672241,2.0059015750885,0.0835558623075485,
2002-11-18,-8.89159297943115,0,0,
2002-11-19,-10.5162382125854,0.220512732863426,0.062903106212616,
2002-11-20,-5.11487340927124,0.0243845768272877,0,
2002-11-21,-3.45597457885742,3.90327477455139,0.192355871200562,
2002-11-22,-7.13136196136475,1.76332330703735,0.0921331197023392,
2002-11-23,-10.6774368286133,0.00217810901813209,0.00145558035001159,
2002-11-24,-9.34341716766357,0.0225919224321842,0.13995772600174,
2002-11-25,-9.31735801696777,0.00218182941898704,0.0680607259273529,
2002-11-26,-7.12782096862793,0.65066397190094,0.0716503784060478,
2002-11-27,-2.01134729385376,0.0933131352066994,0.107976011931896,
2002-11-28,1.30202162265778,1.003373503685,0.460543751716614,
2002-11-29,-2.46227860450745,0.00169813388492912,0.012254442088306,
2002-11-30,-5.38889980316162,0,0.127562940120697,
2002-12-01,-7.49861717224121,0.295749455690384,0,
2002-12-02,-16.6324558258057,0.243637561798096,0,
2002-12-03,-13.5028238296509,0.0685303434729576,0.0238234475255013,
2002-12-04,-10.5003538131714,0.0015613657888025,0,
2002-12-05,-9.607497215271,1.45780670642853,0.0482789166271687,
2002-12-06,-13.0126028060913,1.3791680430586e-05,0.0325734876096249,
2002-12-07,-14.6232423782349,0.116008579730988,0,
2002-12-08,-7.45674276351929,0.00117932818830013,0,
2002-12-09,-5.20017910003662,0.0021746049169451,0,
2002-12-10,-6.78521347045898,7.62129831314087,0.0450381599366665,
2002-12-11,-6.77947902679443,2.29517936706543,0.0378989763557911,
2002-12-12,-8.16333866119385,0.0509067662060261,0.125177606940269,
2002-12-13,-7.29835748672485,1.3782968153464e-06,0,
2002-12-14,-7.98186159133911,0.0101979989558458,0,
2002-12-15,-7.46520185470581,0.00652312766760588,0,
2002-12-16,-5.21044969558716,2.32596516609192,0.0664681643247604,
2002-12-17,-5.44055080413818,4.42173433303833,0.0176333114504814,
2002-12-18,-11.6717052459717,0.954632759094238,0,
2002-12-19,-14.1201763153076,0,0.0109245711937547,
2002-12-20,-14.3996706008911,5.32974445377477e-05,0.0544981621205807,
2002-12-21,-14.0003509521484,6.93020274411538e-06,0.0872937515377998,
2002-12-22,-14.3766574859619,0,0,
2002-12-23,-12.8653612136841,2.41866164287785e-05,0.0351102352142334,
2002-12-24,-9.04310989379883,0.000166710204211995,0,
2002-12-25,-10.0674457550049,0.0729493126273155,0.117029212415218,
2002-12-26,-15.2707748413086,0.0442615449428558,0,
2002-12-27,-15.0670557022095,6.11825307714753e-05,0,
2002-12-28,-16.5994567871094,0.0618699751794338,0,
2002-12-29,-17.4142761230469,0.0110365422442555,0.007480354513973,
2002-12-30,-16.5833072662354,0,0.0168731696903706,
2002-12-31,-15.35373878479,0,0,
2003-01-01,-13.7227716445923,0.108086347579956,0,
2003-01-02,-11.5237894058228,9.43172053666785e-05,0,
2003-01-03,-11.2551879882812,0.0270157027989626,0.0141759347170591,
2003-01-04,-8.52174854278564,0.0844638869166374,0.106787391006947,
2003-01-05,-9.11456966400146,0.00573220476508141,0,
2003-01-06,-3.4028148651123,0,0.162268817424774,
2003-01-07,-0.182174101471901,11.4807662963867,0.1307083517313,
2003-01-08,-11.6236772537231,1.00868284702301,0.101876944303513,
2003-01-09,-22.6542129516602,0,0,
2003-01-10,-27.1299915313721,0,0.0320126824080944,
2003-01-11,-25.6865196228027,0,0.00154923798982054,
2003-01-12,-29.6049327850342,3.52953748006257e-06,0.0181068032979965,
2003-01-13,-29.1541595458984,0,0.0250946283340454,
2003-01-14,-23.1972389221191,0,0.100693210959435,
2003-01-15,-19.5243663787842,0,0.00665774289518595,
2003-01-16,-14.3574466705322,0.0565886273980141,0.0456451252102852,
2003-01-17,-14.5052690505981,0.00023417201009579,0.030142717063427,
2003-01-18,-15.170482635498,0.136936634778976,0.0788317024707794,
2003-01-19,-20.5024585723877,1.13040471076965,0.00440271710976958,
2003-01-20,-25.0964031219482,0.000948707922361791,0.0168730635195971,
2003-01-21,-28.6885395050049,0.0465254671871662,0.0199279356747866,
2003-01-22,-31.0864086151123,0.0196071304380894,0.0101626478135586,
2003-01-23,-29.0458278656006,0.670497059822083,0.0314131490886211,
2003-01-24,-30.0487442016602,0.211325913667679,0.0110233733430505,
2003-01-25,-29.4352493286133,0.166370496153831,0.042874600738287,
2003-01-26,-22.0790405273438,5.74424839019775,0.119909726083279,
2003-01-27,-26.0987033843994,2.33409452438355,0.0447997450828552,
2003-01-28,-26.6066741943359,0.000636404904071242,0.0308385640382767,
2003-01-29,-19.5118789672852,0.0623901523649693,0.11236783862114,
2003-01-30,-16.1215572357178,1.04036736488342,0.0779012441635132,
2003-01-31,-16.1897869110107,1.32414710521698,0.093913197517395,
2003-02-01,-17.4779930114746,0.668373882770538,0.0642426386475563,
2003-02-02,-18.3901062011719,0.0134063269942999,0.0477078557014465,
2003-02-03,-16.5541858673096,0.0224228128790855,0.100115492939949,
2003-02-04,-14.2670021057129,0,0.0943401828408241,
2003-02-05,-11.7593822479248,3.03712604363682e-05,0.128860741853714,
2003-02-06,-6.62594938278198,0.234050735831261,0.187593594193459,
2003-02-07,-13.8268213272095,0.0150028709322214,0.0906911119818687,
2003-02-08,-17.6584053039551,1.3119592666626,0.11706455796957,
2003-02-09,-14.6216735839844,0.719252347946167,0.118237942457199,
2003-02-10,-13.7499151229858,0.411677747964859,0.168122678995132,
2003-02-11,-16.7616405487061,0.00154102151282132,0.119429223239422,
2003-02-12,-13.3187818527222,3.59088754653931,0.194659799337387,
2003-02-13,-15.7938833236694,2.42501401901245,0.184149563312531,
2003-02-14,-17.4071063995361,1.02786505222321,0.191950067877769,
2003-02-15,-17.0493297576904,3.35605311393738,0.137781426310539,
2003-02-16,-19.9133853912354,2.52769684791565,0.121207885444164,
2003-02-17,-20.2856025695801,3.22120642662048,0.122805833816528,
2003-02-18,-22.697208404541,0.00106989149935544,0.105217166244984,
2003-02-19,-27.5653266906738,0.00306046265177429,0.083811841905117,
2003-02-20,-30.4943141937256,0,0.0716693699359894,
2003-02-21,-28.7175483703613,0.038147795945406,0.114353336393833,
2003-02-22,-26.1331691741943,2.61346361218884e-10,0.132436767220497,
2003-02-23,-22.7686424255371,0,0.184585437178612,
2003-02-24,-18.2627811431885,0.991335391998291,0.31678706407547,
2003-02-25,-12.6025352478027,0.162316411733627,0.283215492963791,
2003-02-26,-16.7241401672363,0.254048347473145,0.206847235560417,
2003-02-27,-18.4644050598145,1.84993326663971,0.205513343214989,
2003-02-28,-20.3380165100098,0.224187687039375,0.205926120281219,
2003-03-01,-22.4452018737793,3.76050710678101,0.242323532700539,0
2003-03-02,-19.7315464019775,1.20123469829559,0.26277819275856,0
2003-03-03,-22.9159317016602,0.000356833887053654,0.170235753059387,0
2003-03-04,-24.6877613067627,1.15887582302094,0.191585466265678,0
2003-03-05,-24.5440158843994,0.627868235111237,0.176570266485214,0
2003-03-06,-31.5010585784912,0.120421372354031,0.119142524898052,0
2003-03-07,-33.0051422119141,0.00301181757822633,0.120079338550568,0
2003-03-08,-30.3934478759766,0.740709722042084,0.189460381865501,0
2003-03-09,-20.5351028442383,0.0642081573605537,0.297942012548447,0
2003-03-10,-23.53297996521,0.876165568828583,0.191991433501244,0
2003-03-11,-25.6732788085938,0.182965353131294,0.221000507473946,0
2003-03-12,-24.8144454956055,0.528396844863892,0.255964368581772,0
2003-03-13,-20.6752090454102,4.1989917755127,0.362870991230011,0
2003-03-14,-11.9236726760864,2.83101987838745,0.527714192867279,0
2003-03-15,-7.70484018325806,0.665452361106873,0.44219496846199,0
2003-03-16,-5.7378249168396,1.77240288257599,0.426782488822937,0
2003-03-17,-2.70465588569641,0.685810923576355,0.595769226551056,0
2003-03-18,-1.19469809532166,8.46615080263291e-07,0.898272037506104,0
2003-03-19,-0.375551223754883,0,0.851724803447723,0
2003-03-20,-1.08552694320679,0.0803446024656296,0.805424928665161,0
2003-03-21,1.53735291957855,0.115064226090908,0.86373645067215,0
2003-03-22,0.926656186580658,0.715370655059815,0.724287450313568,0
2003-03-23,-2.13521146774292,0.178620427846909,0.562349259853363,0
2003-03-24,-4.22705078125,0.158498749136925,0.749198138713837,0
2003-03-25,-6.04283142089844,0.00216564116999507,0.800309062004089,0
2003-03-26,-4.22626733779907,0.662610769271851,0.739023685455322,0
2003-03-27,-9.25703430175781,0.000186707766260952,0.69120466709137,0
2003-03-28,-5.39288377761841,0.1090387403965,0.870716214179993,0
2003-03-29,-8.6682710647583,3.52143788337708,0.503665924072266,0
2003-03-30,-7.37867450714111,7.65015840530396,0.500083267688751,0
2003-03-31,-9.72894859313965,1.93736982345581,0.675389766693115,0
2003-04-01,-13.2630796432495,0.00019919038459193,0.515571653842926,0
2003-04-02,-12.5694332122803,0.625804662704468,0.833669781684876,0
2003-04-03,-8.72777080535889,0.0431115031242371,0.738567352294922,0
2003-04-04,-9.55077743530273,0.536402940750122,0.707585990428925,0
2003-04-05,-8.36804580688477,0.122025102376938,0.819165647029877,0
2003-04-06,-6.15250825881958,0,1.00497150421143,0
2003-04-07,-1.02730119228363,0.506296992301941,1.15266668796539,0
2003-04-08,2.70554327964783,2.23297572135925,1.28740131855011,0
2003-04-09,2.00920701026917,0.73882657289505,0.853436350822449,0
2003-04-10,-0.817251443862915,0.0883111208677292,1.11464858055115,0
2003-04-11,0.750869870185852,0.0199345927685499,1.43335700035095,0
2003-04-12,0.00851203594356775,0.799885869026184,1.14159417152405,0
2003-04-13,0.0290721599012613,0.0323139727115631,1.22949826717377,0.00248456817379186
2003-04-14,-2.02594876289368,0.000695038645062596,1.41788852214813,0.00866148064555111
2003-04-15,-0.18515345454216,0.0220568459481001,1.66608691215515,0.012250301569565
2003-04-16,2.30433869361877,8.16854517324828e-05,1.41197121143341,0.0299528499363838
2003-04-17,2.94108009338379,0.422062277793884,1.61671006679535,0.052106917781019
2003-04-18,2.33006834983826,0.34974217414856,1.62269032001495,0.0624592839720003
2003-04-19,3.27681946754456,0,2.04606437683105,0.0821287887849203
2003-04-20,5.3934645652771,0.109803281724453,2.10559868812561,0.106284307154769
2003-04-21,8.61269187927246,0.30839216709137,2.21795868873596,0.158391233163111
2003-04-22,7.33371210098267,4.93016862869263,1.4928834438324,0.507266017403997
2003-04-23,5.21010589599609,0.82015722990036,1.50227665901184,1.131858857124
2003-04-24,3.32449412345886,0.0570572391152382,1.70841228961945,1.51144567779369
2003-04-25,2.57008099555969,0.313473433256149,1.16186678409576,1.69088674661952
2003-04-26,0.56659722328186,1.86598253250122,0.8459153175354,1.79095968836003
2003-04-27,1.84399044513702,2.57357144355774,2.40398693084717,1.83236905439609
2003-04-28,2.28907322883606,0,2.28427267074585,1.57010912186098
2003-04-29,6.25287771224976,0,2.79577088356018,1.32855387234391
2003-04-30,5.94367361068726,0.579473435878754,2.90497255325317,1.25263648188254
2003-05-01,3.11558318138123,1.43209433555603,1.39238703250885,1.24918574525859
2003-05-02,-3.37790322303772,1.44800209999084,1.3897922039032,1.27679203316168
2003-05-03,-7.18270778656006,1.14668738842011,1.22330713272095,1.19397303781525
2003-05-04,-5.12396192550659,0.0237963572144508,1.98593628406525,0.911008356443537
2003-05-05,-0.49652373790741,1.45762372016907,1.39635610580444,0.797132336570062
2003-05-06,2.13013315200806,0.207495778799057,1.9836220741272,0.762624443781908
2003-05-07,3.46672081947327,0,2.7455141544342,0.717764143666158
2003-05-08,4.00769519805908,5.18346343625353e-09,2.50363421440125,0.697059460648135
2003-05-09,4.73023748397827,3.12507690978237e-05,3.09953331947327,0.707411802157147
2003-05-10,8.99267578125,0,3.71976208686829,0.717764143666158
2003-05-11,10.8187074661255,0,4.50395154953003,0.717764143666158
2003-05-12,13.0446329116821,0,5.02684831619263,0.700510197272082
2003-05-13,10.6682281494141,0.00411231908947229,4.17981910705566,0.714313407042212
2003-05-14,8.88048934936523,1.32296371459961,2.64589333534241,0.714313407042212
2003-05-15,5.88359880447388,6.43437814712524,2.05785202980042,0.697059460648135
2003-05-16,-0.059459276497364,2.2176501750946,1.2823121547699,0.666002304483928
2003-05-17,-1.24777507781982,1.00766444206238,1.6660760641098,0.659100765417447
2003-05-18,2.62413644790649,1.19294738769531,3.21174716949463,0.676354711811524
2003-05-19,4.99074554443359,3.02744746208191,2.69383072853088,0.628043675071828
2003-05-20,5.52558565139771,0.984091699123383,3.308265209198,0.59008497984114
2003-05-21,8.57550144195557,0.454534262418747,4.36347723007202,0.569380231004533
2003-05-22,9.38611030578613,1.08633840084076,3.46860814094543,0.545224712634685
2003-05-23,11.4378137588501,0.27753296494484,4.30337047576904,0.527970766240608
2003-05-24,15.4132375717163,0,5.23364925384522,0.493462873452455
2003-05-25,16.8443603515625,0,4.92595863342285,0.472758124615843
2003-05-26,12.3614225387573,1.33933342194581e-09,5.14769220352173,0.458954980664301
2003-05-27,11.7207803726196,0.0125168710947037,4.68599224090576,0.445151803803465
2003-05-28,13.3630247116089,0.0242932941764593,4.63930130004883,0.427897857409388
2003-05-29,13.0619277954102,0.0266602169722319,4.20078992843628,0.407193141482071
2003-05-30,13.2069969177246,0.612930417060852,3.73829102516174,0.389939195087994
2003-05-31,14.3107242584229,0.015008145943284,3.92895221710205,0.379586820669689
2003-06-01,15.3086585998535,0.849096596240997,3.14489054679871,0.365783676718143
2003-06-02,13.6951303482056,0.784200847148895,4.42449235916138,0.351980499857306
2003-06-03,11.9695148468018,0.806040406227112,2.14331841468811,0.593535782283675
2003-06-04,9.121901512146,5.55665063858032,3.09734964370728,0.717764143666158
2003-06-05,6.72584772109985,0.694016575813294,1.52674198150635,0.628043675071828
2003-06-06,7.41998147964478,1.62981808185577,3.92764782905579,0.579732572513544
2003-06-07,11.9290285110474,2.17784285545349,3.82078790664673,0.552126284610456
2003-06-08,10.7259302139282,0.000180893213837408,3.81736969947815,0.521069194264833
2003-06-09,11.319411277771,0.318406105041504,3.72289943695068,0.479659696591618
2003-06-10,11.8817262649536,1.96198558807373,3.944096326828,0.445151803803465
2003-06-11,11.4732675552368,5.73519945144653,3.39534091949463,0.414094713457842
2003-06-12,3.13084816932678,2.93731212615967,2.7856719493866,0.400291569506296
2003-06-13,2.11383390426636,2.06991124153137,1.33291828632355,0.376136018227158
2003-06-14,6.40265274047852,0.156947389245033,2.10040020942688,0.369234446251383
2003-06-15,10.4745626449585,0.70348596572876,3.93066692352295,0.372685248693917
2003-06-16,9.58362865447998,1.41533398628235,4.03191947937012,0.358882071833081
2003-06-17,14.3243198394775,0.0145281674340367,5.31175136566162,0.341973212265115
2003-06-18,16.5106220245361,0.0713283494114876,4.89816474914551,0.327134807835236
2003-06-19,14.1922178268433,0.213920325040817,5.06713342666626,0.316437379500111
2003-06-20,11.8616857528687,0.332595139741898,4.06839847564697,0.304359603860541
2003-06-21,9.31095600128174,2.67384552955627,1.65889835357666,0.292972001873193
2003-06-22,9.3062915802002,0.927288353443146,2.04686665534973,0.290901546735107
2003-06-23,8.99139881134033,1.82782804965973,3.31164932250977,0.282274573538069
2003-06-24,11.468132019043,0.469334542751312,4.41893672943115,0.277098369874271
2003-06-25,13.4897994995117,2.24910449981689,3.8814902305603,0.268471413131878
2003-06-26,12.5332374572754,1.06544494628906,4.16537380218506,0.257773951887463
2003-06-27,11.6332387924194,5.9864649772644,2.60816740989685,0.248456821492847
2003-06-28,12.1736059188843,0.890028536319733,3.80531907081604,0.243625721109806
2003-06-29,11.633674621582,0,3.39684295654297,0.235688905110345
2003-06-30,12.8166666030884,3.00620126724243,5.15953302383423,0.232583189493925
2003-07-01,12.3240947723389,2.76455640792847,2.90430808067322,0.231547961924882
2003-07-02,11.6378116607666,8.20146179199219,2.45686554908752,0.234998747912768
2003-07-03,10.7733459472656,1.05587840080261,3.12494206428528,0.236379062307922
2003-07-04,12.0425653457642,19.5384540557861,1.84492647647858,0.232928276320036
2003-07-05,10.1622362136841,8.99913024902344,0.614381015300751,0.256048567120842
2003-07-06,10.4127407073975,1.3010880947113,1.27708864212036,0.31919800829042
2003-07-07,13.16845703125,0.958721935749054,4.24134922027588,0.562478626119468
2003-07-08,13.9906692504883,4.0677342414856,3.53499865531921,0.576281835889598
2003-07-09,14.6664304733276,2.68340182304382,2.91553115844727,0.507266017403997
2003-07-10,15.1500387191772,0.0919465273618698,4.41180562973022,0.69015785576307
2003-07-11,17.9606781005859,0.261369615793228,5.36940622329712,0.759173641339377
2003-07-12,16.1906261444092,0.0690074115991592,3.97254300117493,0.672903909368993
2003-07-13,11.6670007705688,0.365890473127365,4.01963090896606,0.576281835889598
2003-07-14,12.9057302474976,4.70367765426636,2.18829369544983,0.521069194264833
2003-07-15,11.263144493103,0.000322052394039929,4.07853698730469,0.48656130147668
2003-07-16,16.2096385955811,0.36184149980545,4.8807954788208,0.469307355082603
2003-07-17,15.1816730499268,6.19297218322754,3.41503047943115,0.445151803803465
2003-07-18,14.2237586975098,9.26934242248535,1.92225563526154,0.43479946229445
2003-07-19,15.4158353805542,0.0564940758049488,4.48968410491943,0.445151803803465
2003-07-20,12.6418437957764,0,4.11165714263916,0.54177391019215
2003-07-21,14.1306705474854,2.69580745697022,2.84168338775635,0.548675482167925
2003-07-22,16.2095909118652,0.427947074174881,4.38377141952515,0.500364445428226
2003-07-23,12.8163022994995,0.247180745005608,3.50693845748901,0.452053408688526
2003-07-24,14.8404912948608,2.45436143875122,3.30769419670105,0.420996285433613
2003-07-25,16.0374603271484,0.413610726594925,3.72330045700073,0.407193141482071
2003-07-26,18.1952514648438,0,4.93506145477295,0.407193141482071
2003-07-27,17.6591377258301,1.14615321159363,4.27065992355347,0.396840767063765
2003-07-28,16.0176258087158,0.0164638012647629,4.05740118026733,0.369234446251383
2003-07-29,16.763355255127,4.34368345736402e-08,4.88863468170166,0.343353526660269
2003-07-30,18.8641605377197,1.01558220386505,4.6709794998169,0.316437379500111
2003-07-31,18.0859851837158,0.00132449914235622,4.7676420211792,0.300563747501189
2003-08-01,21.1696014404297,1.37027418613434,5.14325094223023,0.288140917944798
2003-08-02,15.0561294555664,4.41904735565186,1.28972244262695,0.286070429897421
2003-08-03,11.8678922653198,0.956245839595795,2.76496028900147,0.285035202328378
2003-08-04,11.037467956543,1.41794860363007,2.0610682964325,0.279168857921648
2003-08-05,10.5996408462524,0.0225210692733526,3.50300908088684,0.257773951887463
2003-08-06,13.7453565597534,0.524568021297455,3.4893913269043,0.243625721109806
2003-08-07,14.5950288772583,0.241201773285866,3.25147151947022,0.23120287509877
2003-08-08,14.6835632324219,0.305666029453278,3.52269554138184,0.222575901901732
2003-08-09,10.3714952468872,5.85689926147461,1.71165335178375,0.212223543938073
2003-08-10,7.54133033752441,4.14286088943481,0.704901695251465,0.209117828321653
2003-08-11,8.84957981109619,0,3.3688976764679,0.208427671124076
2003-08-12,12.3484954833984,0,3.82798385620117,0.20808260075261
2003-08-13,13.7505388259888,0.199716940522194,3.73194670677185,0.203941641112501
2003-08-14,15.9923162460327,0.767826974391937,3.23812484741211,0.20221625634588
2003-08-15,18.5187072753906,0,4.60935878753662,0.186687694718424
2003-08-16,17.7991809844971,0.00333126448094845,4.46240091323853,0.177025493952342
2003-08-17,15.2010736465454,0.497876018285751,4.28765106201172,0.159426460732154
2003-08-18,12.6500844955444,3.99306750297546,1.61112070083618,0.149764259966073
2003-08-19,11.52659034729,11.6386346817017,1.49558818340302,0.144588072756921
2003-08-20,12.0164556503296,2.5054202079773,2.23848223686218,0.140792199942923
2003-08-21,10.9633054733276,0.170547768473625,2.57583951950073,0.145278229954498
2003-08-22,12.360221862793,4.8138575553894,3.02777576446533,0.151489644732693
2003-08-23,11.3660831451416,5.85715866088867,2.24163007736206,0.153215045953959
2003-08-24,8.70845127105713,6.50157356262207,1.93203127384186,0.153905203151536
2003-08-25,9.26912593841553,0.14969702064991,2.29546070098877,0.159426460732154
2003-08-26,9.45508289337158,0.0612508542835712,2.92135810852051,0.169778835150459
2003-08-27,10.9921741485596,0.0420479401946068,2.92415976524353,0.180476279940229
2003-08-28,11.3544683456421,0.0102546215057373,2.62397027015686,0.184272152754226
2003-08-29,13.2537174224854,0.00322328484617174,2.97944521903992,0.177370564323808
2003-08-30,12.9113807678223,0.0391417071223259,3.00577473640442,0.165637891964995
2003-08-31,12.9321165084839,1.15151059627533,1.9630069732666,0.154595360349114
2003-09-01,11.0424337387085,0.000809257035143673,2.79628992080689,0.145278229954498
2003-09-02,11.1862659454346,0.04723110049963,3.02355718612671,0.139066815176303
2003-09-03,12.5959997177124,0,3.15139818191528,0.135616020961094
2003-09-04,13.1791667938232,0.061781968921423,2.44822072982788,0.122848096351269
2003-09-05,13.252721786499,1.30257737636566,0.599924623966217,0.115946516148174
2003-09-06,13.1899757385254,0.731347858905792,1.83332741260529,0.112840808759076
2003-09-07,15.2696409225464,0.00654396926984191,3.05428194999695,0.107319542951136
2003-09-08,12.9476346969604,0.0408532023429871,2.61390686035156,0.105939228555981
2003-09-09,11.3101758956909,6.15950224158723e-09,2.6737048625946,0.105249071358403
2003-09-10,9.75466632843018,0.0262558907270432,1.85431718826294,0.104213835562038
2003-09-11,8.61542510986328,9.3846378326416,0.559374690055847,0.103178599765672
2003-09-12,8.79410171508789,1.45158863067627,1.5747606754303,0.0990376483528856
2003-09-13,8.70598316192627,0.629266798496246,1.78296375274658,0.0945516265686334
2003-09-14,4.40757036209106,0.000614325632341206,0.928813219070435,0.100417970975363
2003-09-15,0.738877892494202,1.28534591197968,1.09887313842773,0.10939002277119
2003-09-16,-0.613774836063385,0.105705611407757,0.71648246049881,0.110425258567556
2003-09-17,-0.566890954971313,0.0580195635557175,0.87738698720932,0.110425258567556
2003-09-18,1.01851868629456,0.0317978076636791,1.13486838340759,0.104213835562038
2003-09-19,4.55064392089844,0.948394894599915,1.27719366550446,0.0997278137777854
2003-09-20,3.45047116279602,4.37585949839558e-05,1.45665180683136,0.0973122553589426
2003-09-21,3.49811625480652,0.159559026360512,1.59800004959106,0.0948967051674221
2003-09-22,4.32365608215332,1.37798833847046,1.14615547657013,0.103178599765672
2003-09-23,1.48753702640533,2.07945084571838,0.839810609817505,0.0997278137777854
2003-09-24,-0.397140473127365,5.61185646057129,0.650993347167969,0.0952417837662108
2003-09-25,2.79090714454651,2.10109806060791,0.923794627189636,0.095931940963788
2003-09-26,3.71772360801697,0.271604269742966,0.768606305122376,0.106284307154769
2003-09-27,4.09872961044312,0.0073734475299716,1.01673674583435,0.105594149957192
2003-09-28,2.0959849357605,0.000104527018265799,1.14610993862152,0.117326838770651
2003-09-29,2.5496826171875,1.12691926901221e-08,1.25754570960999,0.123193174950058
2003-09-30,5.05153226852417,1.35391191591339e-08,1.43236446380615,0.126298890566478
2003-10-01,9.28041458129883,2.95967250707463e-09,1.45115923881531,0.121122703357326
2003-10-02,11.1140336990356,8.85282460671988e-08,1.43766260147095,0.110770337166344
2003-10-03,13.2125082015991,0,1.644611120224,0.106284307154769
2003-10-04,14.0017528533936,6.83104360632569e-07,1.68248450756073,0.105249071358403
2003-10-05,13.2924909591675,4.73547601131941e-09,1.57211816310883,0.101798285370518
2003-10-06,11.7878828048706,0,1.62526273727417,0.0993827351789971
2003-10-07,11.6136274337769,0.086211122572422,1.42416131496429,0.0973122553589426
2003-10-08,8.36388492584229,13.0555009841919,0.637381494045258,0.100417970975363
2003-10-09,6.27869892120361,0,0.596587240695953,0.101453206771729
2003-10-10,5.47901964187622,0.914130032062531,0.562916398048401,0.111115415765133
2003-10-11,3.03909087181091,1.42328989505768,0.557218611240387,0.129059519356787
2003-10-12,1.4100090265274,0.340091228485107,0.452865153551102,0.139066815176303
2003-10-13,0.313816964626312,0.334499418735504,0.453499138355255,0.13975697237388
2003-10-14,-0.10394311696291,0.0950272679328918,0.391163110733032,0.138031571152614
2003-10-15,-1.44759786128998,0.108769059181213,0.470615476369858,0.136306178158671
2003-10-16,-1.71448695659637,0.451293081045151,0.548854470252991,0.132165226745885
2003-10-17,-0.616959929466248,2.45330500602722,0.445292204618454,0.125608733368901
2003-10-18,-0.0427815765142441,0.324799925088882,0.304702013731003,0.114911280351808
2003-10-19,1.77519929409027,1.89442574977875,0.133480459451675,0.112495730160288
2003-10-20,1.07398784160614,0.655145883560181,0.342959821224213,0.113185887357865
2003-10-21,0.595685839653015,7.17516469955444,0.0694365352392197,0.114911280351808
2003-10-22,0.0528347976505756,3.64364862442017,0.221387088298798,0.113530965956653
2003-10-23,-0.0705810189247131,16.4933815002441,0.141921043395996,0.117326838770651
2003-10-24,-1.12743747234344,1.45724999904633,0.213962689042091,0.117326838770651
2003-10-25,-1.80925238132477,0.608022212982178,0.0813766494393349,0.124918567944001
2003-10-26,1.47724759578705,5.98859024047852,0.0768027603626251,0.113876044555442
2003-10-27,-0.086738221347332,1.14926862716675,0.218899786472321,0.113185887357865
2003-10-28,-5.17454051971436,4.29971075057983,0.218051165342331,0.143552828733232
2003-10-29,-8.45878219604492,2.42940354347229,0.245899960398674,0.144933143128387
2003-10-30,-13.0239067077637,0.0107028102502227,0.115165360271931,0.132855383943462
2003-10-31,-11.4378900527954,0.717767477035523,0.147285103797913,0.125953811967689
2003-11-01,-13.699667930603,1.27061891555786,0.0781278386712074,
2003-11-02,-19.0060367584229,0.141880378127098,0.0599627904593945,
2003-11-03,-12.6404371261597,0.311699002981186,0.105120047926903,
2003-11-04,-14.0813684463501,0.216059133410454,0.0774502530694008,
2003-11-05,-13.2999620437622,0.41373610496521,0.0961624830961227,
2003-11-06,-13.769627571106,0.171166151762009,0.106597438454628,
2003-11-07,-10.979061126709,0.00424278015270829,0.0718283280730248,
2003-11-08,-6.72221899032593,1.08264630593879e-09,0.0304983220994473,
2003-11-09,-7.25334405899048,0.429914265871048,0.118246421217918,
2003-11-10,-5.97770357131958,3.32745003700256,0.155968070030212,
2003-11-11,-9.34118366241455,0.245924457907677,0.0124456975609064,
2003-11-12,-11.4108924865723,0.0218150392174721,0.087225005030632,
2003-11-13,-3.17354774475098,0.0419953502714634,0.0626137405633926,
2003-11-14,-0.842232942581177,2.34238339835713e-09,0.35131561756134,
2003-11-15,-7.49712371826172,0.186804875731468,0.151786088943481,
2003-11-16,-8.12767791748047,0.0339220613241196,0,
2003-11-17,-9.59291934967041,0.701599061489105,0.0409165062010288,
2003-11-18,-11.479567527771,3.3743622303009,0.0114882374182343,
2003-11-19,-15.9266939163208,0.453585714101791,0.0414536036550999,
2003-11-20,-20.3108577728271,0.0995758324861526,0.0478351302444935,
2003-11-21,-22.8771629333496,0.0035213315859437,0,
2003-11-22,-21.9058628082275,0.417247027158737,0.032315231859684,
2003-11-23,-14.1098957061768,0.188497543334961,0.0565411821007729,
2003-11-24,-13.8956031799316,0.143190622329712,0,
2003-11-25,-15.9499349594116,0.028126185759902,0.00866566505283117,
2003-11-26,-18.2542018890381,0.00294250925071538,0,
2003-11-27,-17.1367778778076,3.69165372848511,0.0701083466410637,
2003-11-28,-15.5717000961304,0.713804185390472,0.0586625188589096,
2003-11-29,-19.1866703033447,0.255869388580322,0.0298722125589848,
2003-11-30,-19.4015560150146,0.0405094362795353,0,
2003-12-01,-15.5303440093994,1.1756314052036e-05,0.0760572627186775,
2003-12-02,-9.89180278778076,8.24547186084601e-09,0.268026620149612,
2003-12-03,-8.41404342651367,0.0332961715757847,0.146663501858711,
2003-12-04,-12.451681137085,0,0.076296404004097,
2003-12-05,-9.83558368682861,0.218928351998329,0.324835598468781,
2003-12-06,-11.3500642776489,0.334760844707489,0.0483366809785366,
2003-12-07,-17.2099418640137,1.90152966976166,0.0737897455692291,
2003-12-08,-20.6174507141113,0.0339077711105347,0,
2003-12-09,-22.4829730987549,0.000137819850351661,0.000728929182514548,
2003-12-10,-20.3479614257812,2.32759634855029e-06,0.0136974146589637,
2003-12-11,-17.7995128631592,0,0.0721476525068283,
2003-12-12,-17.0763397216797,0.00251825386658311,0.0516000315546989,
2003-12-13,-17.7341480255127,0.359775990247726,0,
2003-12-14,-17.4030265808105,0.0613540336489677,0,
2003-12-15,-14.2399587631226,0.112569659948349,0.0180343501269817,
2003-12-16,-9.71007251739502,0.477382898330689,0.0690713301301003,
2003-12-17,-9.47002220153809,0.00741508323699236,0,
2003-12-18,-9.93044090270996,0.249446019530296,0.0312439482659102,
2003-12-19,-5.00081920623779,0.00104613380972296,0,
2003-12-20,-4.62518453598022,0.495684206485748,0.0246604681015015,
2003-12-21,-6.11046028137207,0.0091183390468359,0,
2003-12-22,-7.33234453201294,5.70987213066587e-09,0.100799083709717,
2003-12-23,-5.4861273765564,0,0.291683703660965,
2003-12-24,-6.35348320007324,0.00685505010187626,0.012029018253088,
2003-12-25,-4.30038070678711,8.24863433837891,0.0906876996159554,
2003-12-26,-9.12621688842773,2.26279473304749,0.0388004668056965,
2003-12-27,-18.132007598877,0.0097847543656826,0,
2003-12-28,-22.869535446167,0.0860600620508194,0,
2003-12-29,-21.3510131835938,0.29688885807991,0.0167527049779892,
2003-12-30,-22.3166542053223,0,0.00110323447734118,
2003-12-31,-20.2453861236572,0.577557265758514,0.0334475971758366,
2004-01-01,-27.4837837219238,0.183237940073013,0,
2004-01-02,-33.9835395812988,0.113199532032013,0.00253652315586805,
2004-01-03,-32.4251899719238,0.192681133747101,0.0332412719726563,
2004-01-04,-30.5569248199463,0.213281646370888,0.0429291240870953,
2004-01-05,-18.527717590332,1.18838047981262,0.0619043000042439,
2004-01-06,-16.7250537872314,1.43321418762207,0.0168862417340279,
2004-01-07,-24.3550243377686,1.17403328418732,0.0224234573543072,
2004-01-08,-23.7411231994629,1.49235963821411,0.0895416811108589,
2004-01-09,-22.069242477417,0.377602845430374,0.0310174953192472,
2004-01-10,-15.3744058609009,2.69514346122742,0.0969759821891785,
2004-01-11,-14.9062099456787,0.0213433746248484,0,
2004-01-12,-13.8257818222046,1.79335069656372,0.0756719633936882,
2004-01-13,-14.0596179962158,4.55472707748413,0.0579574033617973,
2004-01-14,-16.218900680542,9.98668766021729,0.0951199233531952,
2004-01-15,-17.3027019500732,7.53013420104981,0.10054662078619,
2004-01-16,-23.2498893737793,1.05416882038116,0.0195493921637535,
2004-01-17,-24.8069019317627,2.31227421760559,0.0966341346502304,
2004-01-18,-17.1591110229492,0.772493004798889,0.10330405831337,
2004-01-19,-13.7834749221802,0.123643256723881,0.0414612367749214,
2004-01-20,-22.9415016174316,0.241700768470764,0.0550042204558849,
2004-01-21,-22.9908199310303,1.82111084461212,0.105696581304073,
2004-01-22,-21.1315650939941,1.06068968772888,0.0398689247667789,
2004-01-23,-20.5932273864746,1.78816783428192,0.0545117668807507,
2004-01-24,-22.742208480835,1.88444626331329,0.0390341095626354,
2004-01-25,-29.4078025817871,1.09429442882538,0.0400984659790993,
2004-01-26,-37.4035377502441,0.104095064103603,0.0209517013281584,
2004-01-27,-38.368049621582,0.00527957500889897,0.0117871118709445,
2004-01-28,-34.2858924865723,0.0463583804666996,0.0188200194388628,
2004-01-29,-31.0756549835205,0.000343925465131179,0.0572029165923595,
2004-01-30,-28.4668254852295,0.0154610509052873,0.0455533936619759,
2004-01-31,-22.6307277679443,0.239463552832603,0.0679833590984345,
2004-02-01,-19.5981674194336,0.0138191161677241,0.0650493130087853,
2004-02-02,-17.9857330322266,9.42566202866146e-06,0.122132286429405,
2004-02-03,-15.2171993255615,4.61757963421405e-06,0.179347798228264,
2004-02-04,-18.0948467254639,1.78926384251099e-05,0.0915244966745377,
2004-02-05,-14.7601184844971,0.0156964417546988,0.227964803576469,
2004-02-06,-9.8018045425415,1.0293664932251,0.224239468574524,
2004-02-07,-7.38647079467773,0.00857363361865282,0.0689744353294373,
2004-02-08,-10.8293609619141,0.0015399781987071,0.0200931299477816,
2004-02-09,-10.6476011276245,7.33751440048218,0.252011954784393,
2004-02-10,-17.0991592407227,0.445974171161652,0.125356510281563,
2004-02-11,-14.6096172332764,2.1868056137464e-05,0.302702724933624,
2004-02-12,-9.42493629455566,0.104449868202209,0.336047381162643,
2004-02-13,-19.088716506958,0.19033882021904,0.079776868224144,
2004-02-14,-20.3367710113525,1.58684718608856,0.212497606873512,
2004-02-15,-16.5304622650146,0.644190192222595,0.150465026497841,
2004-02-16,-18.2368793487549,0.0108691174536943,0.112387225031853,
2004-02-17,-17.5234794616699,0.327574849128723,0.143193572759628,
2004-02-18,-15.7880725860596,0.115407459437847,0.174549669027329,
2004-02-19,-14.2292747497559,0.097256563603878,0.182823687791824,
2004-02-20,-10.130633354187,4.17008368458482e-06,0.278951555490494,
2004-02-21,-6.16787099838257,6.4877322074608e-06,0.22426837682724,
2004-02-22,-3.39148020744324,0,0.312443226575851,
2004-02-23,-5.86494731903076,0.0479835569858551,0.28350967168808,
2004-02-24,-9.67947959899902,0.0135631645098329,0.236555770039558,
2004-02-25,-9.16150951385498,0.132353603839874,0.262167930603027,
2004-02-26,-8.81393909454346,0.00047137207002379,0.263090789318085,
2004-02-27,-9.04929447174072,0.0078318240121007,0.259924799203873,
2004-02-28,-8.6918306350708,0.00960259977728128,0.239712983369827,
2004-02-29,-10.4936962127686,0.156839594244957,0.235223025083542,
2004-03-01,-15.2847414016724,1.08619618415833,0.270815849304199,0.00676354680959066
2004-03-02,-22.9961605072021,0.240757748484612,0.166763260960579,0.00645297617352243
2004-03-03,-23.7390193939209,0,0.197468847036362,0.0062114209486873
2004-03-04,-22.2455196380615,3.40324404533021e-05,0.260064750909805,0.00628043635992043
2004-03-05,-15.8058662414551,3.02832221984863,0.304941564798355,0.00659100751019633
2004-03-06,-14.913893699646,0.547927618026733,0.327019095420837,0.00679805477231103
2004-03-07,-9.48383235931396,3.22426342964172,0.546250700950623,0.00693608662319263
2004-03-08,-4.60778379440308,0.430033326148987,0.676809966564179,0.00652199158475553
2004-03-09,-8.89041996002197,2.97025847434998,0.188380494713783,0.00603888113508534
2004-03-10,-19.4534912109375,0.36553218960762,0.436982899904251,0.00514167616118571
2004-03-11,-4.45414733886719,0.759836792945862,0.728432357311249,0.00455504182335428
2004-03-12,-4.03205156326294,0.0373342148959637,0.443402230739594,0.00396840774262674
2004-03-13,-6.01649856567383,0.810127079486847,0.499411106109619,0.00327824977373797
2004-03-14,-5.28716850280762,1.0418449640274,0.516100466251373,0.00324374181101757
2004-03-15,-4.35133600234985,3.40692639350891,0.453379422426224,0.00341628136751572
2004-03-16,-3.95790791511536,0.422777235507965,0.607472777366638,0.00362332862963045
2004-03-17,-5.59615850448608,0.381670981645584,0.475970327854157,0.00365783659235081
2004-03-18,-8.48338508605957,0.000348908826708794,0.628779292106628,0.00379586818612859
2004-03-19,-11.9373006820679,0.313170105218887,0.423182189464569,0.00383037614884896
2004-03-20,-14.6183061599731,1.16153681278229,0.442449063062668,0.00362332862963045
2004-03-21,-14.722264289856,0.0222284123301506,0.621428549289703,0.00355431296129346
2004-03-22,-14.0178422927856,0.00160546263214201,0.554002165794373,0.00383037614884896
2004-03-23,-7.54059267044067,0.432007312774658,0.85193282365799,0.00417545500474144
2004-03-24,-16.6526985168457,5.48753166198731,0.24484620988369,0.00438250252395999
2004-03-25,-26.0661811828613,2.65376043319702,0.264203459024429,0.00417545500474144
2004-03-26,-14.144944190979,0.00909231416881084,0.892075061798096,0.00427897863579879
2004-03-27,-10.6332569122314,3.32405376434326,0.35793063044548,0.00414094704202104
2004-03-28,-5.58558416366577,1.63291906574159e-06,0.952251136302948,0.00420996296746184
2004-03-29,1.36590015888214,0,1.43355393409729,0.00427897863579879
2004-03-30,7.95430469512939,0.0196328014135361,1.55251669883728,0.00434799456123959
2004-03-31,3.26619148254395,0.027037164196372,1.20173370838165,0.00455504182335428
2004-04-01,-1.02406585216522,0.0226757097989321,1.1954597234726,0.00476208908546902
2004-04-02,-1.46672403812408,2.67167524725664e-05,1.13923609256744,0.00496913634758371
2004-04-03,2.52849912643433,3.65295682591693e-09,1.75825083255768,0.00552126272269471
2004-04-04,4.82935094833374,0.0019958452321589,1.76784694194794,0.00690157866047223
2004-04-05,2.54948377609253,0.0167407765984535,1.29864084720612,0.0103523682478122
2004-04-06,0.257280945777893,0,1.26660883426666,0.0215674329925959
2004-04-07,0.154335111379623,0.000230141260544769,1.44052517414093,0.0462405774879508
2004-04-08,-1.81075632572174,2.45732962866896e-08,1.36383974552155,0.0955868623649993
2004-04-09,-0.0415529571473598,0.00157417391892523,1.44236433506012,0.129059519356787
2004-04-10,0.431414484977722,0.8739293217659,1.5630567073822,0.156665831941845
2004-04-11,4.90038967132568,0.535965204238892,1.85081028938293,0.213258771507116
2004-04-12,-4.12803649902344,0.0284505691379309,1.22261917591095,0.169088677952881
2004-04-13,-8.03472328186035,0.0453984513878822,1.2010989189148,0.100072892376574
2004-04-14,-7.05731725692749,3.77448964118958,1.00428986549377,0.130094755153153
2004-04-15,-7.83511209487915,1.75215649604797,1.28542530536652,0.144242985930809
2004-04-16,-7.46214723587036,0.0745734572410584,1.34062516689301,0.127679204961633
2004-04-17,-5.47795104980469,0.0859839171171188,1.5794358253479,0.201526099148303
2004-04-18,-3.3281672000885,3.01771068572998,1.14949297904968,0.228787333134573
2004-04-19,0.332187354564667,0.509104907512665,1.36717784404755,0.193589283148842
2004-04-20,0.456411361694336,0.822145938873291,1.55878353118896,0.190828654358533
2004-04-21,1.39489877223969,2.9974262714386,1.17712080478668,0.19151881155611
2004-04-22,-1.04389011859894,0.000537023064680398,1.76087725162506,0.183927065928115
2004-04-23,3.55409550666809,1.59762346744537,1.33197748661041,0.187722938742113
2004-04-24,1.82225441932678,1.59131610393524,1.461594581604,0.211878457111962
2004-04-25,2.68092393875122,0.082792192697525,2.0466206073761,0.217744801518691
2004-04-26,6.17367506027222,1.18290555477142,1.85378777980804,0.369234446251383
2004-04-27,3.4343204498291,1.13388967514038,1.35828387737274,0.679805514254058
2004-04-28,1.14106011390686,0.116937465965748,1.69661641120911,1.23193179886451
2004-04-29,3.73493456840515,1.33853590488434,1.94777512550354,1.0939002277119
2004-04-30,2.7726731300354,0.00370835303328931,2.36919212341309,1.014532034808
2004-05-01,7.22601795196533,1.91901836643638e-08,3.03311419487,1.131858857124
2004-05-02,4.6364426612854,0.00591627834364772,1.61932682991028,1.38376644815009
2004-05-03,-0.321832031011581,1.52533411979675,2.08634638786316,1.90828644485745
2004-05-04,-2.17929148674011,1.07578182220459,1.6741087436676,1.38376644815009
2004-05-05,-7.57272911071777,0.569963335990906,1.3363071680069,1.11805577899104
2004-05-06,-7.83561611175537,0.131953030824661,1.63724195957184,0.873049661212849
2004-05-07,-4.52704477310181,2.30018591880798,2.1266975402832,0.724665748551224
2004-05-08,-4.94186782836914,5.32835912704468,1.05037939548492,0.655649962974917
2004-05-09,-8.55772018432617,0.438836455345154,1.4010922908783,0.569380231004533
2004-05-10,-3.00258159637451,0.148945942521095,2.13208293914795,0.493462873452455
2004-05-11,-1.31019413471222,0.262109309434891,1.6057687997818,0.452053408688526
2004-05-12,-0.147849798202515,0.462882786989212,1.40863966941834,0.424447087876148
2004-05-13,-0.523820519447327,0.151757538318634,1.68819224834442,0.403742339039536
2004-05-14,2.2074499130249,1.47676765918732,1.96268594264984,0.383037623112219
2004-05-15,3.99265813827515,0.0859640017151833,2.3125696182251,0.369234446251383
2004-05-16,8.59208393096924,0.000114988877612632,3.11592173576355,0.372685248693917
2004-05-17,9.4326229095459,0.15993332862854,3.62866878509522,0.410643911015311
2004-05-18,11.0337772369385,0.548268496990204,2.62578439712524,0.631494411695774
2004-05-19,4.22084379196167,0.043387271463871,2.78395175933838,1.09735096433585
2004-05-20,3.53223633766174,0.00531882885843515,2.64000535011292,1.25608735014365
2004-05-21,2.91494798660278,0.672626733779907,2.41857481002808,1.04903992759615
2004-05-22,1.58856475353241,0.100947126746178,2.11409258842468,0.876500463655383
2004-05-23,2.48623633384705,0.447965651750565,2.45928740501404,0.748821299830365
2004-05-24,5.48559141159058,0.00951092503964901,3.17490005493164,0.659100765417447
2004-05-25,10.8574409484863,8.24120903015137,2.95123028755188,0.600437321350155
2004-05-26,8.257248878479,9.75795364379883,1.60908162593842,0.576281835889598
2004-05-27,5.16675806045532,0.43583756685257,1.73850190639496,0.634945214138309
2004-05-28,5.99956512451172,0.0970879271626472,1.73738873004913,1.14911280351808
2004-05-29,7.47059059143066,0.010682855732739,3.13481903076172,1.16636674991215
2004-05-30,7.05201816558838,4.0801248550415,1.24797797203064,0.986925746904905
2004-05-31,5.79842138290405,4.57090950012207,1.35248863697052,0.917909961328598
2004-06-01,7.46903276443481,0.926343023777008,2.29673910140991,0.983474944462375
2004-06-02,10.3887357711792,0.858064115047455,3.82133412361145,1.15601440840314
2004-06-03,10.5820283889771,0.124496527016163,4.77362680435181,1.0352367836446
2004-06-04,12.9481220245361,0.0276833008974791,4.92618751525879,0.969671800510829
2004-06-05,14.563455581665,0.00178203627001494,5.48635101318359,0.876500463655383
2004-06-06,12.702018737793,0,5.05485010147095,0.779878390175985
2004-06-07,8.99545955657959,0,4.45112180709839,0.724665748551224
2004-06-08,8.51788330078125,0.00918628927320242,4.01168489456177,0.662551567859982
2004-06-09,12.2942066192627,0.501752853393555,4.16532373428345,0.59008497984114
2004-06-10,10.9300842285156,8.10429859161377,2.5112133026123,0.555577087052987
2004-06-11,8.88395690917969,0.543282568454742,3.1768524646759,0.507266017403997
2004-06-12,9.0966796875,0,4.61308574676514,0.507266017403997
2004-06-13,9.83266448974609,4.63529213448055e-05,3.87441730499268,0.503815247870757
2004-06-14,10.9715223312378,1.68754327297211,4.00544929504395,0.472758124615843
2004-06-15,11.00217628479,0.501483261585236,4.16756677627564,0.462405750197541
2004-06-16,7.52304124832153,0.912793338298798,4.35189628601074,0.43479946229445
2004-06-17,11.198582649231,0.0866260305047035,5.08437585830689,0.410643911015311
2004-06-18,13.6926507949829,0.0448046550154686,5.35211038589478,0.389939195087994
2004-06-19,16.0626907348633,2.24977922439575,4.23826551437378,0.372685248693917
2004-06-20,12.0473957061768,4.81862771906094e-09,4.40466356277466,0.355431302299841
2004-06-21,12.1708192825317,2.18437580770114e-05,4.50068235397339,0.340247811043849
2004-06-22,11.8587589263916,0.0110422465950251,4.36547327041626,0.32230372390684
2004-06-23,12.737232208252,0.0348796844482422,5.03063249588013,0.308155493129184
2004-06-24,11.6800031661987,0,5.22726058959961,0.297458031884768
2004-06-25,13.9955234527588,0,5.35122156143189,0.289521232339953
2004-06-26,14.4587211608887,0,5.47933053970337,0.278478684269426
2004-06-27,16.8067035675049,0,5.7456488609314,0.265710767886924
2004-06-28,15.3392906188965,0.000490697042550892,5.33433485031128,0.252942851504422
2004-06-29,11.8634653091431,0.00130034750327468,4.72188520431519,0.24017493512192
2004-06-30,14.3535184860229,0.0523213781416416,4.98457479476929,0.229822560703616
2004-07-01,14.8090057373047,0.840452194213867,3.93731498718262,0.218434958716268
2004-07-02,13.7107019424438,0.0641277879476547,4.36535739898682,0.213603858333228
2004-07-03,12.3032188415527,9.61758178164018e-06,5.03944683074951,0.203596570741035
2004-07-04,12.6959638595581,0,4.97888326644898,0.193589283148842
2004-07-05,14.5086889266968,0.0195006020367146,5.20163726806641,0.188068009113578
2004-07-06,15.018536567688,0.53333055973053,3.07069849967957,0.178750878718963
2004-07-07,15.2343864440918,0.952573895454407,3.1534366607666,0.172194377114656
2004-07-08,19.5140838623047,0,5.70223474502564,0.169088677952881
2004-07-09,17.1244201660156,3.46606063842773,3.71998023986816,0.166328049162572
2004-07-10,16.0413856506348,2.05088043212891,3.75261902809143,0.161496932324886
2004-07-11,16.3189353942871,2.83790922164917,3.72136735916138,0.160116617929732
2004-07-12,15.8521814346313,10.9517202377319,2.79777264595032,0.150799487535116
2004-07-13,15.8760890960693,7.82593870162964,3.31820178031921,0.148383945570918
2004-07-14,17.0331993103027,0.119977161288261,4.68030595779419,0.158736303534577
2004-07-15,18.8677845001221,0.107287324965,4.36424684524536,0.25846410908504
2004-07-16,19.0791168212891,0.102515056729317,4.74467468261719,0.286760603549644
2004-07-17,19.9764175415039,1.00416314601898,4.5955662727356,0.239484777924343
2004-07-18,18.1712474822998,10.2058305740356,3.23594737052918,0.213603858333228
2004-07-19,15.5366134643555,7.54200506210327,3.04539895057678,0.18841309593969
2004-07-20,14.9682788848877,0.75285816192627,2.77309131622314,0.195314667915462
2004-07-21,12.9505405426025,0.438262760639191,3.55065011978149,0.247421593923804
2004-07-22,15.5933055877686,0.00861125811934471,4.59182167053223,0.321958637080729
2004-07-23,18.4440116882324,0.0929406583309174,4.63025760650635,0.296422804315725
2004-07-24,21.6818904876709,0.242963284254074,5.26451826095581,0.250182222714113
2004-07-25,20.6147212982178,1.47359383106232,4.13333988189697,0.221540674332689
2004-07-26,14.2621383666992,4.77975177764893,0.877987623214722,0.20808260075261
2004-07-27,12.7256488800049,1.35544085502625,4.04800128936768,0.200490855124614
2004-07-28,14.7624778747559,0,4.62253856658936,0.196004825113039
2004-07-29,15.9699668884277,0.928961396217346,3.94425177574158,0.190483567532421
2004-07-30,13.5152568817139,1.12969505786896,2.22355818748474,0.185997537520847
2004-07-31,10.445574760437,0.768516838550568,3.82254505157471,0.181166437137806
2004-08-01,10.5654983520508,0.193085417151451,4.01016092300415,0.172539463940767
2004-08-02,14.1329536437988,0.132107451558113,4.03318452835083,0.16115186195342
2004-08-03,16.37868309021,0.666744768619537,4.68940114974976,0.153560116325425
2004-08-04,16.9092693328857,3.10589003562927,2.16001796722412,0.151144574361227
2004-08-05,12.6957550048828,6.28989315032959,0.348761647939682,0.150799487535116
2004-08-06,10.5460891723633,0.0155305685475469,1.93783318996429,0.156320761570379
2004-08-07,8.96417808532715,0.52557098865509,2.16620802879334,0.151834731558804
2004-08-08,8.61847877502441,0.000574836507439613,3.35564494132996,0.159081390360688
2004-08-09,12.8296413421631,0.00131151033565402,3.93908429145813,0.16287724672004
2004-08-10,16.239688873291,1.73559583345195e-05,3.87820053100586,0.155630604372802
2004-08-11,17.4007873535156,0.0104345194995403,4.01194906234741,0.147003631175764
2004-08-12,18.8197383880615,0.0359644405543804,4.08133125305176,0.137686492553825
2004-08-13,17.6084575653076,0.0122592411935329,2.66215443611145,0.129404597955576
2004-08-14,15.5029106140137,0.0627439618110657,3.7771143913269,0.123193174950058
2004-08-15,14.4291563034058,3.43227429766557e-06,3.19247627258301,0.119052231764594
2004-08-16,13.1376266479492,0,3.59813046455383,0.114911280351808
2004-08-17,12.2992839813232,0.390145927667618,2.91877365112305,0.109735101369978
2004-08-18,11.7535009384155,1.03788511296443e-06,3.5348379611969,0.102143363969306
2004-08-19,13.1583652496338,0.467598766088486,2.29852724075317,0.0952417837662108
2004-08-20,12.1979665756226,4.74627304077148,1.03755128383636,0.095931940963788
2004-08-21,8.89199924468994,0.354779005050659,2.27520442008972,0.0921360763771133
2004-08-22,5.51197338104248,0.102953642606735,1.81917107105255,0.0886852821619042
2004-08-23,6.00856876373291,0.0267795398831368,2.1353931427002,0.0883402035631154
2004-08-24,6.2541332244873,5.70112991333008,1.00312805175781,0.0907557619819587
2004-08-25,8.49055480957031,1.90141940116882,1.73529028892517,0.0879951249643267
2004-08-26,5.86482191085815,0.809642970561981,1.13963508605957,0.084199260377652
2004-08-27,6.43346786499023,0.927852511405945,1.44120037555695,0.0828189459824974
2004-08-28,7.9930682182312,0.286323487758636,1.14265060424805,0.0831640245812862
2004-08-29,8.57715606689453,0.386141151189804,1.68877398967743,0.0800583089648658
2004-08-30,9.14414119720459,1.2343385219574,2.16633343696594,0.0783329159709225
2004-08-31,8.62378311157227,1.1869854927063,1.70137023925781,0.0786779945697112
2004-09-01,10.1113290786743,0.0132638532668352,2.18500900268555,0.0755722871806137
2004-09-02,9.70642757415771,0,2.6200065612793,0.0755722871806137
2004-09-03,9.08097076416016,0.309252858161926,1.43951952457428,0.0748821299830366
2004-09-04,10.7770395278931,0.0637106001377106,1.68416678905487,0.072811650162982
2004-09-05,6.38548803329468,0.429498046636581,1.36612904071808,0.0724665715641933
2004-09-06,3.4456639289856,0.133312538266182,1.49892222881317,0.0724665715641933
2004-09-07,0.532662093639374,4.22737646102905,0.683816969394684,0.0717764143666158
2004-09-08,0.468501150608063,1.23841750621796,1.35782766342163,0.07074117857025
2004-09-09,1.59737753868103,0.0211994480341673,1.70355808734894,0.0686707069775183
2004-09-10,1.81833255290985,0.0839853882789612,1.82644355297089,0.065910074073548
2004-09-11,2.78250956535339,0.183804392814636,0.660349547863007,0.0666002312711252
2004-09-12,4.05428171157837,1.12336754798889,0.578048288822174,0.065910074073548
2004-09-13,5.42509078979492,0.245824083685875,2.12449884414673,0.0634945238820276
2004-09-14,7.1203989982605,0.905516922473907,1.53822314739227,0.0634945238820276
2004-09-15,5.73369264602661,0.854434490203857,0.849744021892548,0.069015785576307
2004-09-16,3.96465706825256,0.170387864112854,0.902889907360077,0.0648748382771822
2004-09-17,1.20596015453339,0.201260015368462,0.872465252876282,0.0621142053732116
2004-09-18,1.36386811733246,2.57369947433472,0.955939829349518,0.0614240481756345
2004-09-19,-0.273986846208572,20.9110565185547,0.263683021068573,0.0693608641750957
2004-09-20,1.24020183086395,0.234518066048622,0.95036107301712,0.0700510213726729
2004-09-21,3.92350602149963,1.98926877975464,1.24548828601837,0.0703960999714616
2004-09-22,7.2641863822937,0.290883898735046,1.52194619178772,0.0697059427738841
2004-09-23,5.09855985641479,0.0267312470823526,1.21239602565765,0.0686707069775183
2004-09-24,7.38627195358276,0.00377015909180045,1.70218217372894,0.07074117857025
2004-09-25,7.42109823226929,0.0822749435901642,1.92244243621826,0.12250301775248
2004-09-26,5.40631437301636,0,1.59513831138611,0.165637891964995
2004-09-27,7.57912921905518,0.0365213081240654,1.74129116535187,0.162187089522463
2004-09-28,6.14332342147827,0.0198771841824055,1.96283233165741,0.151489644732693
2004-09-29,1.63418793678284,0.254245281219482,1.08575177192688,0.140102042745346
2004-09-30,-2.4338207244873,0.192753523588181,1.05234885215759,0.135961099559882
2004-10-01,-1.48283064365387,0.378899812698364,0.644049227237701,0.126989047764055
2004-10-02,-0.930479884147644,0.0190491545945406,0.604892432689667,0.113530965956653
2004-10-03,-3.88776540756226,0.0349604971706867,0.80308347940445,0.103868756963249
2004-10-04,3.60180306434631,5.68792692945408e-08,1.05391943454742,0.094206547969845
2004-10-05,4.83769130706787,0.404809921979904,0.892756760120392,0.0890303607606926
2004-10-06,7.79273653030396,0.0133033776655793,1.48277771472931,0.0800583089648658
2004-10-07,4.64429569244385,0,1.27579391002655,0.0890303607606926
2004-10-08,4.78571176528931,0.0674779191613197,1.05934035778046,0.0862697319703837
2004-10-09,4.25738477706909,0.175613015890121,0.837125539779663,0.0810935447612317
2004-10-10,4.28446674346924,1.7001816034317,0.863009333610535,0.0786779945697112
2004-10-11,3.48685765266418,5.7420654296875,0.505157113075256,0.0762624443781908
2004-10-12,2.08474135398865,0.00954858120530844,0.564140617847443,0.0748821299830366
2004-10-13,4.74030256271362,1.45587742328644,0.861537516117096,0.0762624443781908
2004-10-14,0.613700866699219,0.551204562187195,0.543699562549591,0.0721214929654046
2004-10-15,-5.93636703491211,2.39696025848389,0.215725585818291,0.07074117857025
2004-10-16,-8.16361618041992,1.72587084770203,0.422497302293777,0.0514167605834415
2004-10-17,-7.66316604614258,0.622676312923431,0.415393948554993,0.0483110490806825
2004-10-18,-8.5234432220459,0.732807755470276,0.419826656579971,0.0476208918831054
2004-10-19,-10.7790784835815,0.923072934150696,0.29542738199234,0.0434799445839806
2004-10-20,-12.2578096389771,0.0517249144613743,0.217618003487587,0.0462405774879508
2004-10-21,-8.21900081634521,0.0706610530614853,0.239504888653755,0.0441701017815577
2004-10-22,-6.45151615142822,0.165836930274963,0.247730106115341,0.0386488400872783
2004-10-23,-6.89917659759521,2.50992393493652,0.229732394218445,0.0324719265871038
2004-10-24,-8.50256729125977,0.0541316233575344,0.1782106757164,0.0292281852902939
2004-10-25,-9.36827754974365,0.315640449523926,0.303235799074173,0.0262259981899038
2004-10-26,-4.2350754737854,0.20641727745533,0.229097455739975,0.0291936778417812
2004-10-27,-5.86110830307007,0.00146860268432647,0.230366468429565,0.0253287942444195
2004-10-28,-2.65930581092834,0.000393168855225667,0.214029029011726,0.0216019404411087
2004-10-29,-3.25223445892334,0.0111511247232556,0.265425324440002,0.021049815094413
2004-10-30,-1.83711421489716,8.94383119884878e-05,0.199794560670853,0.0206702269902809
2004-10-31,-4.44733715057373,0.0389128848910332,0.132995784282684,0.0203941653453485
2004-11-01,-7.60594367980957,0.151826560497284,0.223721355199814,
2004-11-02,-5.54451990127563,0.434541404247284,0.0534235760569572,
2004-11-03,-6.23851442337036,0.459967523813248,0.212250083684921,
2004-11-04,-1.11097002029419,0.000616995559539646,0.431707888841629,
2004-11-05,-3.43917536735535,0.0272346381098032,0.0577953197062016,
2004-11-06,-9.93898773193359,0.10671591758728,0.0662670806050301,
2004-11-07,-14.8147916793823,0,0.0286869164556265,
2004-11-08,-10.9949798583984,0.69039648771286,0.197875961661339,
2004-11-09,-10.2269983291626,0.140176236629486,0.034289538860321,
2004-11-10,-13.2556743621826,7.36655510991113e-06,0.0816115960478783,
2004-11-11,-10.179759979248,7.35677258489886e-06,0.247162386775017,
2004-11-12,-7.53492546081543,0.0197251811623573,0.252716928720474,
2004-11-13,-8.13099193572998,0.23808653652668,0.0904999524354935,
2004-11-14,-6.19078826904297,0.0216455291956663,0.080325223505497,
2004-11-15,-2.46977806091309,0.105704262852669,0.0299714896827936,
2004-11-16,-3.94955587387085,0.185433253645897,0,
2004-11-17,-5.05181121826172,0,0.0504271537065506,
2004-11-18,-8.16491603851318,3.12925158141297e-06,0.0235185287892818,
2004-11-19,-12.895583152771,0.0427859872579575,0.0159067269414663,
2004-11-20,-12.4332075119019,0.347499370574951,0.103911712765694,
2004-11-21,-7.98047018051147,6.9507622718811,0.119370125234127,
2004-11-22,-10.5826272964478,0.6565380692482,0.00147727655712515,
2004-11-23,-10.1501054763794,0.0249913167208433,0,
2004-11-24,-10.6175994873047,0.825637638568878,0.0149108562618494,
2004-11-25,-11.9088754653931,0.417338877916336,0,
2004-11-26,-16.0091743469238,0.18122823536396,0,
2004-11-27,-16.8371295928955,0.00118957820814103,0.00221764855086803,
2004-11-28,-15.8796367645264,1.52244663238525,0.0193228684365749,
2004-11-29,-17.6211910247803,7.01522064208984,0.0899258330464363,
2004-11-30,-20.8933696746826,0.0872036814689636,0.000401109544327483,
2004-12-01,-15.7887287139893,1.59221863746643,0.0505238920450211,
2004-12-02,-7.04796457290649,5.74168300628662,0.0758525282144547,
2004-12-03,-14.3618602752686,7.34898853302002,0.0608424097299576,
2004-12-04,-24.8816509246826,0.533377349376679,0.00261500780470669,
2004-12-05,-25.4599800109863,1.37455761432648,0.0750222951173782,
2004-12-06,-23.8116607666016,1.85399484634399,0.0134416995570064,
2004-12-07,-29.443531036377,0.132386043667793,0,
2004-12-08,-25.0710983276367,0,0.0258098412305117,
2004-12-09,-21.4375839233398,0.0140764331445098,0.0373432673513889,
2004-12-10,-16.29931640625,7.10681831606053e-07,0.00768073042854667,
2004-12-11,-16.0611629486084,0.0122172953560948,0,
2004-12-12,-15.874755859375,0.00126944959629327,0.0540094189345837,
2004-12-13,-9.23983383178711,0,0.209329381585121,
2004-12-14,-10.4867601394653,0.00290393200702965,0.0636480674147606,
2004-12-15,-14.3149871826172,0,0,
2004-12-16,-16.160680770874,11.3690547943115,0.117081172764301,
2004-12-17,-15.4633226394653,2.43218207359314,0.0549454912543297,
2004-12-18,-17.2856826782227,2.28512716293335,0.0915319547057152,
2004-12-19,-14.4730377197266,9.07354164123535,0.0923494100570679,
2004-12-20,-23.6748123168945,0.863414824008942,0.0451282188296318,
2004-12-21,-25.3249378204346,0.411258816719055,0.00206047995015979,
2004-12-22,-29.9175434112549,3.24253082275391,0.0241726171225309,
2004-12-23,-17.8582878112793,0.72128564119339,0.152511179447174,
2004-12-24,-7.6200065612793,0.968277871608734,0,
2004-12-25,-16.5568065643311,0.258563101291657,0.0544892698526382,
2004-12-26,-26.4377250671387,0.0690902546048164,0.0171553939580917,
2004-12-27,-21.2712955474854,0.868382930755615,0.114326857030392,
2004-12-28,-13.0242757797241,3.14328694343567,0.114117495715618,
2004-12-29,-18.0125694274902,2.64352035522461,0.0651422366499901,
2004-12-30,-23.7187442779541,1.85965991020203,0.0371125116944313,
2004-12-31,-28.1059074401855,0.0842170417308807,0.00500950589776039,
2005-01-01,-27.1012706756592,0.0425878129899502,0.0151246720924974,
2005-01-02,-24.9145431518555,0.224478378891945,0.02156719006598,
2005-01-03,-25.7261962890625,0.0027176421135664,0.0187343563884497,
2005-01-04,-20.0664710998535,0.000218534129089676,0.15227110683918,
2005-01-05,-11.8130626678467,2.36800646781921,0.166371956467628,
2005-01-06,-12.2123775482178,2.03708815574646,0.134377807378769,
2005-01-07,-15.9506282806396,0.614134550094605,0,
2005-01-08,-23.9924907684326,0.0882775485515595,0,
2005-01-09,-27.405933380127,2.04784607887268,0.0538147054612637,
2005-01-10,-22.0021305084229,1.16745603084564,0.0511372089385986,
2005-01-11,-27.3968505859375,0.102975189685822,0.00448632752522826,
2005-01-12,-32.7456016540527,0.0241505317389965,0,
2005-01-13,-34.2263488769531,0.216436922550201,0.0178255420178175,
2005-01-14,-31.88010597229,0.139481648802757,0.0313394889235497,
2005-01-15,-30.2261657714844,0.0124586429446936,0.0108014978468418,
2005-01-16,-26.2205905914307,0.909343063831329,0.146898031234741,
2005-01-17,-20.3561820983887,7.16219425201416,0.0857647880911827,
2005-01-18,-25.1786041259766,4.02114915847778,0.0488929972052574,
2005-01-19,-23.7272911071777,4.78987407684326,0.0713508352637291,
2005-01-20,-25.0108013153076,0.596498131752014,0.0322228446602821,
2005-01-21,-27.0976715087891,0.000268753239652142,0.0773579478263855,
2005-01-22,-14.7700443267822,1.29694986343384,0.108644671738148,
2005-01-23,-6.79568862915039,1.79574036598206,0.10189475864172,
2005-01-24,-8.83200740814209,14.9908313751221,0.115391694009304,
2005-01-25,-16.4772491455078,0.602602481842041,0.0143443997949362,
2005-01-26,-13.8072738647461,7.83970451354981,0.153485476970673,
2005-01-27,-14.0569915771484,4.29974985122681,0.157223269343376,
2005-01-28,-21.4335670471191,2.25757050514221,0.0852094069123268,
2005-01-29,-19.1967582702637,3.86497354507446,0.107325702905655,
2005-01-30,-16.572021484375,4.44594526290894,0.0755472928285599,
2005-01-31,-9.57101821899414,5.57023429870606,0.104616910219193,
2005-02-01,-10.4175968170166,9.5177526473999,0.102356217801571,
2005-02-02,-18.6858234405518,1.90931713581085,0.0782635733485222,
2005-02-03,-23.2860565185547,1.70634126663208,0.104986868798733,
2005-02-04,-26.1102447509766,0.967957496643066,0.0526908822357655,
2005-02-05,-24.5009498596191,0.427744120359421,0.0634313598275185,
2005-02-06,-27.0745029449463,0.00610852288082242,0.0403599217534065,
2005-02-07,-24.220043182373,0.0337442681193352,0.126143574714661,
2005-02-08,-17.388256072998,0,0.141171649098396,
2005-02-09,-11.0781354904175,0.0647615566849709,0.198207423090935,
2005-02-10,-5.93558025360107,4.83813238361108e-08,0.093248188495636,
2005-02-11,-6.54520177841187,0.000900783517863601,0.0945643782615662,
2005-02-12,-5.10296821594238,0.372592002153397,0.0718957781791687,
2005-02-13,-15.1928768157959,0.444727569818497,0.13841287791729,
2005-02-14,-22.4678554534912,0.160745352506638,0.0967131182551384,
2005-02-15,-17.3913593292236,0.052679818123579,0.187474757432938,
2005-02-16,-14.5927038192749,2.51578950881958,0.18690899014473,
2005-02-17,-15.1484241485596,0.861781895160675,0.153222367167473,
2005-02-18,-12.8671159744263,7.80702794145327e-06,0.170423611998558,
2005-02-19,-13.8066387176514,0.0227973833680153,0.18016529083252,
2005-02-20,-14.0485353469849,0.501156747341156,0.172846913337708,
2005-02-21,-18.2991943359375,0.121491797268391,0.142103672027588,
2005-02-22,-13.09423828125,0.14203454554081,0.234772890806198,
2005-02-23,-10.5866985321045,0.139582008123398,0.324858218431473,
2005-02-24,-6.79531717300415,0.00602476065978408,0.313300251960754,
2005-02-25,-7.11762380599976,0.00112950708717108,0.22726871073246,
2005-02-26,-10.0068092346191,0.0161514580249786,0.245206385850906,
2005-02-27,-7.70986461639404,0,0.368234694004059,
2005-02-28,-5.16865348815918,0,0.426970630884171,
2005-03-01,-3.62661623954773,0,0.494988948106766,0.00196694988995316
2005-03-02,-2.93423843383789,1.35856878757477,0.332693666219711,0.00186342625889581
2005-03-03,-3.97281289100647,0.0237778965383768,0.321118414402008,0.00179441046200693
2005-03-04,-5.10604858398438,0.440098017454147,0.328875452280045,0.00175990249928654
2005-03-05,-3.62802386283875,0.160955831408501,0.482632279396057,0.00169088670239766
2005-03-06,-6.31783008575439,0.117109015583992,0.376902729272842,0.00162187090550879
2005-03-07,-7.84598207473755,2.75697803497314,0.306034773588181,0.00155285523717183
2005-03-08,-5.47601985931396,3.36744570732117,0.471247911453247,0.00151834727445143
2005-03-09,-3.06551766395569,8.38521385192871,0.52776026725769,0.00144933147756256
2005-03-10,-8.8056812286377,0.292725145816803,0.497320026159287,0.00141482364339408
2005-03-11,-10.0027379989624,5.84183645248413,0.425478518009186,0.00138031568067368
2005-03-12,-11.2439279556274,0.0384022109210491,0.540805637836456,0.0013112998837848
2005-03-13,-7.00323152542114,0.122852183878422,0.699004828929901,0.00127679204961633
2005-03-14,-7.87202930450439,0.0180983114987612,0.55031019449234,0.00124228408689593
2005-03-15,-14.9722671508789,0,0.405481189489365,0.00120777625272745
2005-03-16,-17.00266456604,0.0110805276781321,0.383898109197617,0.00117326841855897
2005-03-17,-11.7971420288086,0.613972544670105,0.512922704219818,0.00113876045583857
2005-03-18,-12.3480672836304,0.11047151684761,0.465917021036148,0.00110425262167009
2005-03-19,-13.2035913467407,0.00907306838780642,0.482152670621872,0.00110425262167009
2005-03-20,-13.5016794204712,0.075731061398983,0.543237507343292,0.0010697446589497
2005-03-21,-10.2678546905518,3.7197105884552,0.489345699548721,0.00103523676050526
2005-03-22,-9.51426601409912,1.48656630516052,0.540841221809387,0.00100072886206082
2005-03-23,-11.8377027511597,0.793496191501617,0.569731593132019,0.00100072886206082
2005-03-24,-11.2185859680176,0.054859321564436,0.695461392402649,0.000966221027892341
2005-03-25,-7.4531192779541,0,0.790220320224762,0.000966221027892341
2005-03-26,-8.22279262542725,0.00324197136797011,0.803952932357788,0.000931713129447906
2005-03-27,-4.23943853378296,0.379505604505539,0.592036664485931,0.000931713129447906
2005-03-28,-3.02942943572998,0.747578084468842,0.789404988288879,0.000897205231003467
2005-03-29,1.55341911315918,0.756846189498901,1.05152130126953,0.000897205231003467
2005-03-30,-1.07325685024261,0.311517834663391,0.908280372619629,0.000862697332559028
2005-03-31,-2.08955192565918,0.00265322206541896,1.22453773021698,0.000862697332559028
2005-04-01,2.71941566467285,1.09567105770111,0.859457612037659,0.000862697332559028
2005-04-02,-0.294387221336365,2.91137409210205,0.834885656833649,0.000828189434114593
2005-04-03,-0.634806334972382,0.00342832086607814,1.40430998802185,0.000828189434114593
2005-04-04,2.03801083564758,0.160682201385498,1.31864130496979,0.000828189434114593
2005-04-05,2.66937184333801,0.125330746173859,1.30460846424103,0.000828189434114593
2005-04-06,2.96430039405823,0.0390416458249092,1.53215980529785,0.000862697332559028
2005-04-07,5.61191654205322,0.480509579181671,1.89742398262024,0.000897205231003467
2005-04-08,6.59120607376099,3.91579413414001,1.43012940883636,0.000966221027892341
2005-04-09,0.769213318824768,0.678230106830597,0.888624310493469,0.00124228408689593
2005-04-10,2.50045871734619,0.00143430614843965,1.53670835494995,0.00186342625889581
2005-04-11,4.30525302886963,0.00348467892035842,1.87496328353882,0.00262259976756961
2005-04-12,0.625135362148285,0,1.1479504108429,0.00407193137368409
2005-04-13,-0.75744503736496,3.46571326255798,0.623775780200958,0.0062114209486873
2005-04-14,-0.207435786724091,0.178504571318626,1.1662540435791,0.0096622100218196
2005-04-15,2.43640041351318,0.826341927051544,1.43432128429413,0.0162187095692955
2005-04-16,3.62174916267395,0.531863927841187,1.79959809780121,0.0276063146418889
2005-04-17,-1.56895220279694,7.96513414382935,0.497581005096436,0.0483110490806825
2005-04-18,-2.99707698822021,1.09065747261047,1.45502126216888,0.0828189459824974
2005-04-19,5.18452262878418,5.32648919033818e-05,2.02808785438538,0.155285517546691
2005-04-20,7.37821626663208,0.00414502946659923,2.17830061912537,0.336106867858385
2005-04-21,8.05009937286377,0.25185838341713,2.47946572303772,0.569380231004533
2005-04-22,7.85865592956543,1.58861398696899,1.62346518039703,0.99037654934744
2005-04-23,6.78654909133911,0,2.2019567489624,2.19125119204775
2005-04-24,8.39846134185791,0.000442252901848406,2.61267733573914,3.36106881022102
2005-04-25,7.49921083450317,0.0189012102782726,2.43134760856628,3.86488399227319
2005-04-26,-0.292597681283951,0.0391313992440701,1.61995708942413,4.20996292015473
2005-04-27,-1.49400997161865,0.0143057759851217,1.83908200263977,4.14094713457842
2005-04-28,-3.33914017677307,2.7358669996147e-08,1.9996725320816,2.89176152095699
2005-04-29,-4.12637853622437,0,1.98104703426361,2.17399724565367
2005-04-30,-2.07705903053284,5.80079344558726e-08,2.04140496253967,1.7391978491778
2005-05-01,-0.431800335645676,0,2.15737819671631,1.48038865326665
2005-05-02,1.6982536315918,8.72204442003977e-09,2.48580026626587,1.30784918932588
2005-05-03,5.8982105255127,0.017405454069376,2.3990535736084,1.19397303781525
2005-05-04,6.87888956069946,0.132064789533615,2.63940691947937,1.14566206689413
2005-05-05,6.976233959198,2.85173487663269,1.69154357910156,1.20777624758537
2005-05-06,5.59383058547974,1.08871448040009,3.12715244293213,1.38376644815009
2005-05-07,7.13028621673584,0.182124823331833,3.05509400367737,1.49419173139961
2005-05-08,10.3941383361816,0.455654114484787,3.27215170860291,1.51834728267875
2005-05-09,2.11212682723999,0.00998752843588591,2.82951593399048,1.55630591209086
2005-05-10,-1.32686340808868,0.0255894958972931,2.76415872573853,1.52524888756382
2005-05-11,6.64403200149536,0,3.88638138771057,1.33200460896786
2005-05-12,4.96624755859375,0.918055295944214,2.37640881538391,1.20087464270031
2005-05-13,1.52521657943726,2.65487543060772e-08,3.25447273254395,1.12150651561499
2005-05-14,9.32043361663818,0.0219996739178896,3.89800000190735,1.04213838852967
2005-05-15,14.5374546051025,0.801342606544495,4.16437339782715,0.986925746904905
2005-05-16,13.3131093978882,0,4.78723430633545,0.955868656559286
2005-05-17,9.87692642211914,8.43800354003906,2.97304940223694,0.948967051674221
2005-05-18,5.83248949050903,23.1021728515625,0.610870480537415,0.973122602953363
2005-05-19,6.73239469528198,1.67359018325806,1.8173600435257,1.27334129653773
2005-05-20,9.56905746459961,4.30252504348755,2.96393060684204,2.78133610607031
2005-05-21,8.91747570037842,4.15599155426025,1.77110981941223,2.92626941374515
2005-05-22,7.48974466323853,0.621248722076416,2.97492694854736,3.02979309210961
2005-05-23,3.01761388778687,0.302790969610214,1.59846723079681,2.91246620397502
2005-05-24,4.64115762710571,0.115818955004215,2.2128918170929,2.34308597297049
2005-05-25,5.99925136566162,0.0218933094292879,3.28636622428894,1.95314667915462
2005-05-26,8.435866355896,2.53119640802879e-08,4.55910634994507,1.69088674661952
2005-05-27,11.1899242401123,0,4.5474534034729,1.50454407290863
2005-05-28,11.1271505355835,0,4.6115927696228,1.37341410664107
2005-05-29,16.00412940979,8.72204442003977e-09,5.46687936782837,1.26989042827661
2005-05-30,18.2831802368164,0.170016214251518,5.53216934204102,1.18016995968228
2005-05-31,16.5246639251709,3.74043130874634,4.33513069152832,1.10080176677838
2005-06-01,14.0773725509644,0.469371676445007,4.95607471466065,1.04558912515362
2005-06-02,14.5419588088989,0.599207639694214,5.07381391525269,1.00417969329898
2005-06-03,15.3596849441528,2.15276122093201,4.92339277267456,0.99727808841392
2005-06-04,16.5576248168945,0.0724515020847321,5.13150596618652,0.955868656559286
2005-06-05,16.4907035827637,0.0685142278671265,4.66325807571411,0.911008356443537
2005-06-06,15.6733713150024,0.339491814374924,4.74228954315186,0.879951266097914
2005-06-07,16.7822322845459,0.033909447491169,5.19883871078491,0.873049661212849
2005-06-08,16.7887878417969,2.86448073387146,4.63526678085327,0.886852870982979
2005-06-09,12.7960948944092,0.0245449729263783,3.76542139053345,0.835091031800749
2005-06-10,10.6355133056641,0.000965592218562961,3.83885788917542,0.766075246224442
2005-06-11,7.34203147888184,0.394347250461578,2.69655179977417,0.717764143666158
2005-06-12,8.03644180297852,0.000106750601844396,2.79243922233582,0.672903909368993
2005-06-13,9.11967372894287,7.41995620727539,1.17061614990234,0.631494411695774
2005-06-14,10.3789110183716,4.32261943817139,1.27485573291779,0.628043675071828
2005-06-15,9.80425262451172,1.13960552215576,2.66580820083618,0.662551567859982
2005-06-16,7.46948385238647,1.09748995304108,1.23063683509827,0.707411802157147
2005-06-17,8.54252815246582,0.0011756723979488,4.43075561523438,0.714313407042212
2005-06-18,11.172022819519,0.759317398071289,4.88341474533081,0.683256250878005
2005-06-19,8.5234842300415,7.61123561859131,2.62052726745605,0.645297621465905
2005-06-20,8.49473571777344,0.0550133436918259,4.39526224136353,0.596986518907621
2005-06-21,13.3794040679932,10.096981048584,2.81221508979797,0.565929428562002
2005-06-22,9.4462423324585,1.71919178962708,0.94736647605896,0.572831033447064
2005-06-23,8.88360404968262,2.97853016853333,3.17197513580322,0.631494411695774
2005-06-24,9.94312191009521,0.711998701095581,3.33166003227234,0.866148122146368
2005-06-25,9.72839260101318,0.22514009475708,2.96709513664246,0.931713105280144
2005-06-26,11.5501003265381,1.48329722881317,3.8071928024292,0.828189426915684
2005-06-27,11.3432731628418,1.41425120830536,4.07158422470093,0.717764143666158
2005-06-28,13.7863502502441,0.331816226243973,4.64570426940918,0.652199160532386
2005-06-29,15.7900562286377,0.597147881984711,4.19792747497559,0.58663417739861
2005-06-30,15.5980987548828,0.10368075966835,4.49963045120239,0.534872338216379
2005-07-01,15.952018737793,0.136894032359123,4.1969780921936,0.496913642985695
2005-07-02,16.6723880767822,3.17368149757385,3.72483563423157,0.49001207100992
2005-07-03,15.9807214736938,3.46982836723328,4.04374551773071,0.479659696591618
2005-07-04,14.6238031387329,0.210424035787582,4.95045471191406,0.472758124615843
2005-07-05,16.2860221862793,2.23586487770081,4.58269929885864,0.507266017403997
2005-07-06,16.1120891571045,7.01641750335693,3.16545844078064,0.465856552640072
2005-07-07,11.4899463653564,25.4282608032227,0.658361673355103,0.445151803803465
2005-07-08,13.4588394165039,2.65546727180481,3.71169495582581,0.53832314065891
2005-07-09,13.0025901794434,7.66159152984619,3.05764937400818,1.43207755070837
2005-07-10,13.1847124099731,0.202440142631531,3.15159630775452,1.52524888756382
2005-07-11,14.3948373794556,0.473080277442932,4.2400598526001,1.19742390607636
2005-07-12,15.6511249542236,0.116884902119637,4.78782987594605,1.00417969329898
2005-07-13,16.4015293121338,0.954346299171448,3.1540412902832,0.879951266097914
2005-07-14,15.2815742492676,0.832910597324371,4.16580486297607,0.766075246224442
2005-07-15,14.8257741928101,1.91564548015594,3.26117014884949,0.724665748551224
2005-07-16,14.3312187194824,7.85535001754761,3.11670994758606,0.69015785576307
2005-07-17,14.2832403182983,14.7272472381592,3.00745987892151,0.724665748551224
2005-07-18,13.2818632125854,19.2174034118652,1.80526673793793,0.821287822030619
2005-07-19,12.3478145599365,1.51543343067169,3.62880992889404,1.0835478203843
2005-07-20,11.0519981384277,0.671971917152405,3.74903035163879,1.66673119534038
2005-07-21,9.57556056976318,1.22668540477753,2.37014865875244,1.67708353684939
2005-07-22,9.68313503265381,0.812369763851166,2.07057976722717,1.33890621385292
2005-07-23,9.57800006866455,0.411906480789185,2.02755308151245,1.14221119863302
2005-07-24,9.89548397064209,6.50113487243652,2.3310546875,1.02488444213559
2005-07-25,9.24618911743164,0.353994905948639,2.43658924102783,0.931713105280144
2005-07-26,7.75752830505371,1.77592384815216,2.49608111381531,0.928262302837614
2005-07-27,10.3853921890259,0.261639595031738,3.50605750083923,0.89375441004946
2005-07-28,13.1021947860718,3.37920045852661,2.84469556808472,0.831640229358215
2005-07-29,13.6818323135376,1.25341022014618,3.12235283851624,0.783329192618519
2005-07-30,13.4779682159424,2.58574795722961,3.53102898597717,0.873049661212849
2005-07-31,14.1988430023193,1.46558666229248,2.36166858673096,0.97657333957731
2005-08-01,13.6432952880859,9.87026882171631,1.36386108398438,0.986925746904905
2005-08-02,9.94560050964355,6.63834619522095,2.18883466720581,1.01108123236546
2005-08-03,12.5654067993164,0.0126859955489635,3.94959259033203,1.14221119863302
2005-08-04,15.3140335083008,0.263369888067246,3.74630355834961,1.23193179886451
2005-08-05,15.3651151657104,1.16559171676636,3.70554304122925,1.20087464270031
2005-08-06,14.0637731552124,5.39937686920166,3.1039662361145,1.10425256922091
2005-08-07,13.225549697876,2.66372179985046,2.38443732261658,1.14911280351808
2005-08-08,9.96174430847168,1.72914934158325,3.2544093132019,1.15256367177919
2005-08-09,8.38960838317871,1.65981161594391,2.22111105918884,1.0939002277119
2005-08-10,8.76420116424561,5.35586404800415,1.47735238075256,0.99037654934744
2005-08-11,8.43437576293945,2.17555975914001,1.37588012218475,0.942065446789156
2005-08-12,9.08310508728027,2.72453999519348,2.71584057807922,0.94551624923169
2005-08-13,11.5098438262939,2.27925133705139,1.96145284175873,0.931713105280144
2005-08-14,6.49268960952759,1.34562242031097,1.81661689281464,0.904106817377056
2005-08-15,5.16277408599854,2.01929354667664,1.20014631748199,0.883402068540445
2005-08-16,6.48744630813599,7.04267024993897,1.90802896022797,0.886852870982979
2005-08-17,7.53138542175293,3.56921744346619,2.30043601989746,0.897205212491991
2005-08-18,7.65488481521606,0.230822205543518,2.12151193618774,0.955868656559286
2005-08-19,10.4277791976929,0,3.24741578102112,0.948967051674221
2005-08-20,12.6961030960083,0.0268548857420683,2.25759482383728,0.900656014934522
2005-08-21,14.5211782455444,1.3580733537674,3.1284658908844,0.859246517261306
2005-08-22,12.6733846664429,1.34124755859375,2.85750532150269,0.807484678079076
2005-08-23,11.6677904129028,4.27696990966797,2.72043108940125,0.786779929242465
2005-08-24,11.8216123580933,0,3.25085282325745,0.786779929242465
2005-08-25,14.4690761566162,0,3.53631997108459,0.752272036454312
2005-08-26,16.6825580596924,0,3.49065089225769,0.717764143666158
2005-08-27,14.9685525894165,0.873565793037415,3.18591332435608,0.683256250878005
2005-08-28,12.0426759719849,7.42764234542847,1.99619626998901,0.652199160532386
2005-08-29,6.80925559997559,0.468433231115341,1.00803244113922,0.628043675071828
2005-08-30,5.66049575805664,0.0241734590381384,1.64394068717957,0.610789728677751
2005-08-31,8.35240650177002,5.0265965461731,2.31553077697754,0.576281835889598
2005-09-01,9.46544647216797,2.03884315490723,1.90667235851288,0.555577087052987
2005-09-02,9.71932697296143,1.10248970985413,1.74229419231415,0.548675482167925
2005-09-03,9.22366905212402,8.62887668609619,1.33528602123261,0.552126284610456
2005-09-04,9.26615047454834,0.350523799657822,2.32904458045959,0.576281835889598
2005-09-05,9.47582244873047,0.00595476292073727,2.53276968002319,0.610789728677751
2005-09-06,10.3841199874878,8.50416537190313e-09,2.66211700439453,0.610789728677751
2005-09-07,9.80158233642578,0.220864042639732,1.65721547603607,0.583183374956079
2005-09-08,11.0789918899536,6.39720153808594,0.934371471405029,0.555577087052987
2005-09-09,9.4845495223999,1.63280487060547,1.27649056911469,0.53832314065891
2005-09-10,8.30561637878418,0.228369802236557,1.52431869506836,0.524519963798074
2005-09-11,6.24700164794922,3.53339123725891,0.82948625087738,0.521069194264833
2005-09-12,4.6146764755249,2.18606042861938,0.826902866363525,0.514167589379772
2005-09-13,2.27399396896362,0.0138700036332011,1.05106139183044,0.507266017403997
2005-09-14,3.81268382072449,0.291204571723938,1.73417782783508,0.514167589379772
2005-09-15,3.86394143104553,0.0141463717445731,1.30805623531342,0.53832314065891
2005-09-16,3.81335878372192,1.70168316364288,0.882181167602539,0.521069194264833
2005-09-17,6.22351503372192,0.423444151878357,1.62478411197662,0.493462873452455
2005-09-18,9.78847980499268,0.150749430060387,1.84493947029114,0.483110499034149
2005-09-19,8.02548408508301,2.46087241172791,1.46951115131378,0.476208927058378
2005-09-20,6.63021659851074,2.79445338249207,1.16130614280701,0.465856552640072
2005-09-21,5.37045812606812,0.218916207551956,0.78119421005249,0.455504178221767
2005-09-22,4.64321374893188,4.74154472351074,0.719107389450073,0.472758124615843
2005-09-23,2.74326801300049,1.90456032752991,0.621622443199158,0.476208927058378
2005-09-24,3.56999731063843,3.24076199531555,0.902949512004852,0.469307355082603
2005-09-25,6.79044914245605,2.16898703575134,1.5251237154007,0.48656130147668
2005-09-26,3.21466779708862,0.0650484189391136,1.13576722145081,0.545224712634685
2005-09-27,1.23815906047821,0.705505549907684,0.992791891098022,0.54177391019215
2005-09-28,1.81718456745148,0.300793260335922,0.607655942440033,0.562478626119468
2005-09-29,6.29141807556152,0.455463707447052,1.21659469604492,0.54177391019215
2005-09-30,2.30259680747986,0.0654161497950554,0.561240434646606,0.534872338216379
2005-10-01,1.69091558456421,0.262231767177582,0.811194241046906,0.527970766240608
2005-10-02,2.30523991584778,0.0114230988547206,0.956187188625336,0.510716819846531
2005-10-03,1.00875055789948,0.090956948697567,0.734166145324707,0.496913642985695
2005-10-04,1.34503972530365,0.000420129857957363,0.990127682685852,0.469307355082603
2005-10-05,2.35533785820007,0,0.937530219554901,0.448602606245995
2005-10-06,3.68185663223267,0.0315094366669655,0.96961772441864,0.43825023182769
2005-10-07,5.49515438079834,4.93668222427368,0.676804125308991,0.431348659851919
2005-10-08,2.99076700210571,0.242642104625702,0.458445966243744,0.420996285433613
2005-10-09,2.28844809532166,0.522559344768524,0.830995321273804,0.414094713457842
2005-10-10,5.26740503311157,0.0832904279232025,0.945906221866608,0.407193141482071
2005-10-11,3.39092445373535,0.0160672310739756,0.779594838619232,0.403742339039536
2005-10-12,4.16089153289795,0.0272992271929979,0.944953083992004,0.400291569506296
2005-10-13,4.22490215301514,2.38600769080222e-05,0.710870325565338,0.383037623112219
2005-10-14,2.60039854049683,0.266273111104965,0.65020090341568,0.376136018227158
2005-10-15,1.29863405227661,13.5290842056274,0.191275760531425,0.372685248693917
2005-10-16,-2.14576601982117,2.09442043304443,0.465041160583496,0.372685248693917
2005-10-17,-4.69041299819946,0,0.321768134832382,0.393389964621234
2005-10-18,-3.4688515663147,2.29239044413632e-10,0.299695491790772,0.376136018227158
2005-10-19,-0.158632144331932,2.0962450504303,0.0837218016386032,0.365783676718143
2005-10-20,-0.890937745571136,0.611256182193756,0.24423086643219,0.358882071833081
2005-10-21,-1.72948575019836,3.87075488106348e-07,0.421619802713394,0.358882071833081
2005-10-22,0.707569479942322,0,0.841267466545105,0.344388754229312
2005-10-23,3.3162477016449,0.0335655696690083,0.316142737865448,0.326099580266193
2005-10-24,3.99439358711243,0,0.422916561365128,0.348529730324066
2005-10-25,6.62998914718628,0,0.744017601013184,0.325409439523261
2005-10-26,5.29957675933838,0.00313312141224742,0.649774312973023,0.316437379500111
2005-10-27,1.3793967962265,0,0.495037019252777,0.317472607069154
2005-10-28,-0.93545264005661,0.0426531992852688,0.364514648914337,0.310571035093381
2005-10-29,-1.43485283851624,0.00670280680060387,0.306316882371902,0.303669463117609
2005-10-30,-1.24752831459045,0.428220212459564,0.183516383171082,0.29504248992057
2005-10-31,-2.09287595748901,0.372468441724777,0.209729805588722,0.291591687478039
2005-11-01,-3.59876775741577,0.481009662151337,0.272820144891739,
2005-11-02,-2.70557045936584,0.0311914794147015,0.158659309148788,
2005-11-03,-3.34438133239746,0.0506803654134274,0.0237446762621403,
2005-11-04,-3.33611035346985,0.174392119050026,0.160419717431068,
2005-11-05,-2.47371387481689,1.47550678253174,0.0780243873596191,
2005-11-06,-3.95302367210388,0.648012578487396,0.0663898661732674,
2005-11-07,-5.82022285461426,0.919799864292145,0.114080637693405,
2005-11-08,-5.02114915847778,0.171142920851707,0.0163899138569832,
2005-11-09,-5.50755834579468,2.51639890670776,0.0433415621519089,
2005-11-10,-2.63409876823425,4.59364557266235,0.0885767489671707,
2005-11-11,-9.47002696990967,1.1943736076355,0.15349817276001,
2005-11-12,-12.6460084915161,0.0639016106724739,0.0555973798036575,
2005-11-13,-12.6502599716187,0.57969456911087,0.114813432097435,
2005-11-14,-16.8743171691895,0.239696145057678,0.101276360452175,
2005-11-15,-19.9965343475342,0.0822743773460388,0.0868741497397423,
2005-11-16,-13.9065389633179,0.673468053340912,0.101207979023457,
2005-11-17,-8.48232269287109,0.499341875314713,0.120020464062691,
2005-11-18,-2.66752505302429,0.28116837143898,0.00601654499769211,
2005-11-19,-0.565750539302826,0.148418053984642,0.280413538217545,
2005-11-20,0.783679485321045,2.12626552581787,0.214011996984482,
2005-11-21,-3.79883408546448,0.296947956085205,0.170658841729164,
2005-11-22,0.705744683742523,0.154444947838783,0.168454244732857,
2005-11-23,-3.84943032264709,1.13298618793488,0.107985451817513,
2005-11-24,-3.95429539680481,6.98227631801274e-06,0.086295910179615,
2005-11-25,-3.48964977264404,0.00615912256762385,0.0444698743522167,
2005-11-26,-4.87187528610229,0.00280509446747601,0.203011497855186,
2005-11-27,-7.76797819137573,0.139655560255051,0.0988434553146362,
2005-11-28,-13.8260431289673,0.0545214414596558,0.0115333404392004,
2005-11-29,-14.5165071487427,0.00438617821782827,0,
2005-11-30,-14.2130489349365,0.0040354710072279,0,
2005-12-01,-14.0719776153564,0,0,
2005-12-02,-14.6603384017944,0.0306843332946301,0,
2005-12-03,-16.6374893188477,0.280476003885269,0,
2005-12-04,-18.5732727050781,0,0.0136805297806859,
2005-12-05,-19.4052085876465,0.000442843622295186,0.00391113059595227,
2005-12-06,-22.3494873046875,0.00495676649734378,0,
2005-12-07,-15.3077001571655,0.227700635790825,0.160336762666702,
2005-12-08,-10.993260383606,1.3731837272644,0.044892568141222,
2005-12-09,-4.11547946929932,0.163418546319008,0,
2005-12-10,-1.86421537399292,1.41547441482544,0,
2005-12-11,-1.61758923530579,0.461381167173386,0,
2005-12-12,-3.23344898223877,2.82716250419617,0.0313667841255665,
2005-12-13,-4.32707214355469,0.879807531833649,0,
2005-12-14,-11.0563917160034,0.778965711593628,0.0393679365515709,
2005-12-15,-18.3787307739258,0.0103245787322521,0,
2005-12-16,-15.8674583435059,0.00967726577073336,0.186111569404602,
2005-12-17,-13.2100410461426,2.71889373237855e-08,0.2453892827034,
2005-12-18,-9.63944816589355,0.000425986072514206,0.0932556763291359,
2005-12-19,-8.82909965515137,0.10663416236639,0,
2005-12-20,-10.5758676528931,0.731688916683197,0,
2005-12-21,-6.61385726928711,0.200945764780045,0,
2005-12-22,-4.82342433929443,6.96543111189385e-06,0,
2005-12-23,-7.42105197906494,0.16608715057373,0.0094732204452157,
2005-12-24,-5.56481266021729,0.325758457183838,0,
2005-12-25,-3.91324281692505,2.94698333740234,0.053289920091629,
2005-12-26,-6.31336832046509,0.0287700314074755,0,
2005-12-27,-5.72516965866089,1.69931268692017,0.0224499851465225,
2005-12-28,-5.37885475158691,1.19585227966309,0.00886253174394369,
2005-12-29,-8.26483821868896,0.000148291859659366,0,
2005-12-30,-8.42399311065674,0.0870271772146225,0,
2005-12-31,-7.93831586837769,0.72185754776001,0.0205356106162071,
2006-01-01,-6.41171598434448,0.190919071435928,0,
2006-01-02,-5.83642482757568,6.68121429043822e-05,0,
2006-01-03,-7.34618139266968,0.0324352122843266,0,
2006-01-04,-10.1363210678101,0.167712509632111,0,
2006-01-05,-8.15611267089844,0.776557743549347,0.0478825010359287,
2006-01-06,-13.1384124755859,1.59661459922791,0,
2006-01-07,-16.5822811126709,0.000263717985944822,0,
2006-01-08,-15.6957788467407,0.0703328922390938,0.00523969484493136,
2006-01-09,-14.1508960723877,3.25806140899658,0.0707245245575905,
2006-01-10,-13.7559356689453,0.714267790317535,0,
2006-01-11,-13.8235912322998,5.50142658539699e-07,0.0185471940785646,
2006-01-12,-15.6958961486816,0.00925265718251467,0,
2006-01-13,-14.5151071548462,0.269587129354477,0.0589095428586006,
2006-01-14,-12.8638973236084,1.52896273136139,0.0640131831169128,
2006-01-15,-15.0966062545776,0.745066404342651,0.0014614526880905,
2006-01-16,-19.874885559082,0.529652178287506,0,
2006-01-17,-17.2130584716797,0.711631834506989,0.127782970666885,
2006-01-18,-18.1206188201904,1.41236412525177,0.0602236576378346,
2006-01-19,-23.8269195556641,0.151964277029037,0,
2006-01-20,-21.8774814605713,0.014267198741436,0.0158288702368736,
2006-01-21,-18.1913356781006,0.0264628808945417,0.0520941689610481,
2006-01-22,-13.4395236968994,0.0555863603949547,0.0583880878984928,
2006-01-23,-11.4918651580811,0.851231515407562,0.260732799768448,
2006-01-24,-16.2570304870605,1.43940007686615,0.133649989962578,
2006-01-25,-12.6610565185547,0.85691636800766,0.0660450905561447,
2006-01-26,-19.6816825866699,0.178140938282013,0.0401348657906055,
2006-01-27,-24.917293548584,0.193616807460785,0.069136455655098,
2006-01-28,-18.143985748291,0.060579389333725,0.0909660831093788,
2006-01-29,-19.4457130432129,1.42005908489227,0.07915049046278,
2006-01-30,-21.0582790374756,0.103392221033573,0.0506802015006542,
2006-01-31,-19.2270030975342,0.441073775291443,0.152416452765465,
2006-02-01,-13.7548913955688,0.00310660339891911,0.0664622858166695,
2006-02-02,-11.2480278015137,0.0490872040390968,0.0443656072020531,
2006-02-03,-8.90877723693848,0.0116539252921939,0,
2006-02-04,-9.42205429077148,0.00584394810721278,0.171252116560936,
2006-02-05,-12.299843788147,0.31635645031929,0.150947079062462,
2006-02-06,-15.0132741928101,0.000681537087075412,0.0798321962356567,
2006-02-07,-11.5824995040894,0.0803526267409325,0.349482208490372,
2006-02-08,-4.07428693771362,2.32774996757507,0.349858373403549,
2006-02-09,-6.04336595535278,0.202246129512787,0.255373984575272,
2006-02-10,-10.4177894592285,0.00328889302909374,0.28829151391983,
2006-02-11,-5.60410642623901,8.94615914148744e-06,0.343468368053436,
2006-02-12,-3.33731198310852,0.129809379577637,0.358071386814117,
2006-02-13,-2.38655185699463,1.37819814682007,0.413594454526901,
2006-02-14,-15.2630558013916,0.179884135723114,0.144593760371208,
2006-02-15,-21.2184543609619,0,0.147297918796539,
2006-02-16,-25.0415000915527,0.00298858038149774,0.127270773053169,
2006-02-17,-16.6026287078857,0.114852368831635,0.303331881761551,
2006-02-18,-8.03161430358887,0.190303042531014,0.219041734933853,
2006-02-19,-6.93999099731445,0.786020338535309,0.190244778990746,
2006-02-20,-8.84880447387695,3.1181435585022,0.236777290701866,
2006-02-21,-11.656662940979,1.14015638828278,0.222912654280663,
2006-02-22,-13.6590938568115,1.56392657756805,0.206149592995644,
2006-02-23,-16.4638557434082,1.46894717216492,0.170982047915459,
2006-02-24,-19.6754779815674,1.55294477939606,0.140233069658279,
2006-02-25,-21.7846946716309,0.546133995056152,0.124070324003696,
2006-02-26,-21.139497756958,0.00260905316099525,0.195703864097595,
2006-02-27,-18.5639991760254,3.75992918014526,0.207792147994041,
2006-02-28,-19.7952194213867,1.29183268547058,0.185589522123337,
2006-03-01,-19.1370697021484,0,0.297219663858414,0.0379586828897012
2006-03-02,-15.8897151947021,0.0406089462339878,0.352172553539276,0.0372685256921237
2006-03-03,-12.0173873901367,0.0127572854980826,0.349276274442673,0.0345078927881535
2006-03-04,-10.390643119812,0.306647837162018,0.353239595890045,0.0338177355905762
2006-03-05,-8.44150352478027,0.0055026332847774,0.354198575019836,0.0317472619410138
2006-03-06,-6.87808275222778,4.04140905629902e-07,0.48034656047821,0.0303669454890286
2006-03-07,-5.13502788543701,0.0466004721820355,0.495776027441025,0.0293317096926628
2006-03-08,-4.33631896972656,0.526105165481567,0.465644687414169,0.0276063146418889
2006-03-09,-0.102630585432053,0.590143859386444,0.386930793523788,0.0255013335438138
2006-03-10,-6.05787515640259,1.31931781768799,0.432803094387054,0.026191490741391
2006-03-11,-12.7494096755981,0.275095403194428,0.424336940050125,0.0267091086395739
2006-03-12,-14.4815282821655,0.41485607624054,0.381025552749634,0.0268816479389683
2006-03-13,-13.2916765213013,0.657149732112885,0.33502459526062,0.0272612360431003
2006-03-14,-19.9492931365967,1.86220264434814,0.31416717171669,0.0286070429897421
2006-03-15,-17.5833778381348,2.79099822044373,0.284976124763489,0.0290901534394123
2006-03-16,-14.9961843490601,1.93233788013458,0.404280424118042,0.0269851723413371
2006-03-17,-14.4175281524658,4.56826114654541,0.41633141040802,0.0248456837947492
2006-03-18,-12.8151588439941,6.46988964080811,0.385755807161331,0.0232238110895136
2006-03-19,-13.6916465759277,0.147076293826103,0.493290930986404,0.021774479740503
2006-03-20,-7.42527866363525,0.0267355833202601,0.642985999584198,0.02053219719623
2006-03-21,-2.93807649612427,0.18542268872261,0.710887849330902,0.0191518807442449
2006-03-22,-1.95944321155548,0.256701171398163,0.619109511375427,0.0175990249928654
2006-03-23,-1.61817514896393,0.000439887953689322,0.81032919883728,0.016115186195342
2006-03-24,-2.84377121925354,0.425203919410706,0.831050157546997,0.0169433752438009
2006-03-25,-0.468207716941833,0.282163709402084,0.57674640417099,0.0181511523963917
2006-03-26,-0.162787228822708,1.47824394702911,0.751900315284729,0.0189793414448506
2006-03-27,-4.77995109558105,0.881953775882721,0.597642004489899,0.0194279444460081
2006-03-28,-10.1472368240356,0.07450932264328,0.577756941318512,0.019565974240059
2006-03-29,-7.07587480545044,1.88089323043823,0.952694475650787,0.019738515596284
2006-03-30,-0.105212084949017,0.210451051592827,1.01864790916443,0.0200835941950726
2006-03-31,-2.0057361125946,0.0936479717493057,0.947168588638306,0.0200835941950726
2006-04-01,-5.97674226760864,2.80508971606253e-09,1.00037121772766,0.0199800697927037
2006-04-02,-2.16745948791504,0.00349475839175284,1.38810884952545,0.0200835941950726
2006-04-03,3.02267575263977,0.579141318798065,1.28801727294922,0.0204631802423739
2006-04-04,1.0659590959549,0,1.27532696723938,0.0250527305426563
2006-04-05,2.54881930351257,0.0539938658475876,1.42992913722992,0.0216019404411087
2006-04-06,1.71118223667145,2.72175002098084,0.799890577793121,0.0194969593430335
2006-04-07,3.69283032417297,0.512368142604828,1.22055518627167,0.0199110548956783
2006-04-08,3.09166789054871,0.0263655297458172,1.28871130943298,0.0261224758443656
2006-04-09,4.62716674804688,2.33168411254883,1.58016121387482,0.0445151803803465
2006-04-10,1.16597700119019,1.15235698223114,0.9313023686409,0.0300563743387527
2006-04-11,1.13028693199158,0.323847442865372,1.34673678874969,0.0755722871806137
2006-04-12,0.91569983959198,0.374329954385757,1.10824549198151,0.135616020961094
2006-04-13,2.32229256629944,0.436313003301621,1.42761051654816,0.277788543526494
2006-04-14,4.9627537727356,1.48407697677612,1.72407555580139,0.383037623112219
2006-04-15,2.66451191902161,2.07493162155151,1.46214413642883,0.552126284610456
2006-04-16,1.11925446987152,0.0752062052488327,2.03193807601929,0.759173641339377
2006-04-17,2.55928945541382,0.0876751095056534,2.09860372543335,0.828189426915684
2006-04-18,4.21979284286499,0,2.60172200202942,0.897205212491991
2006-04-19,8.95838451385498,0,2.94586253166199,1.00072889085645
2006-04-20,8.02478218078613,1.71323847770691,2.04088997840881,1.09044942526937
2006-04-21,2.40199637413025,7.46967697143555,1.01687288284302,1.36306176513206
2006-04-22,1.01414287090302,0.213887482881546,2.15681886672974,1.55285517546691
2006-04-23,5.60053539276123,1.58824220442e-09,2.75120902061462,1.3182015308349
2006-04-24,10.4473571777344,0,3.22320127487183,1.20087464270031
2006-04-25,12.2347412109375,0,3.897780418396,1.26989042827661
2006-04-26,9.01805877685547,0.00457408744841814,3.44224309921265,1.38031571152614
2006-04-27,7.49783325195312,2.41776943206787,2.46806931495667,1.47003618012047
2006-04-28,9.19938659667969,0.0720909610390663,3.52640843391418,1.39066805303515
2006-04-29,9.97369575500488,0.000687178340740502,3.76552081108093,1.23193179886451
2006-04-30,6.85168981552124,0.148491069674492,3.56206750869751,1.16291601328821
2006-05-01,6.0374493598938,0.133414372801781,2.85415768623352,1.04213838852967
2006-05-02,6.09906244277954,0.0230922978371382,2.78542828559876,0.935163907722675
2006-05-03,5.78327560424805,0.392258375883102,2.91828536987305,0.838541768424696
2006-05-04,9.59906482696533,9.89299220321982e-09,3.5538375377655,0.762624443781908
2006-05-05,10.9766082763672,1.33626937866211,3.15974140167236,0.700510197272082
2006-05-06,9.90923023223877,0.785337924957275,2.81035566329956,0.652199160532386
2006-05-07,8.46651935577393,0.305036276578903,3.48729753494263,0.614240465301698
2006-05-08,7.81230163574219,0.0593780390918255,2.67706561088562,0.607338926235217
2006-05-09,7.90833044052124,3.21401882171631,2.10825157165527,0.607338926235217
2006-05-10,7.69951868057251,0.901030361652374,3.18667650222778,0.579732572513544
2006-05-11,10.3863868713379,1.20571412480786e-05,3.88814210891724,0.552126284610456
2006-05-12,12.1743087768555,0.642481982707977,4.27450609207153,0.531421535773848
2006-05-13,10.0990762710571,0.48853725194931,2.66349768638611,0.510716819846531
2006-05-14,9.61483573913574,4.23755121231079,3.36956167221069,0.493462873452455
2006-05-15,8.79403495788574,0.201182648539543,4.19456338882446,0.462405750197541
2006-05-16,9.18158721923828,0.0365067198872566,4.1869945526123,0.43479946229445
2006-05-17,13.3800735473633,1.31380307674408,3.55500721931458,0.410643911015311
2006-05-18,12.4957675933838,0.0131000690162182,4.15968370437622,0.396840767063765
2006-05-19,8.18405818939209,0.384444534778595,3.56147241592407,0.383037623112219
2006-05-20,6.50983953475952,0.650412499904633,2.23724508285522,0.362332874275612
2006-05-21,6.26018571853638,4.86932992935181,2.07284379005432,0.355431302299841
2006-05-22,7.42996549606323,0.0339694507420063,3.08967733383179,0.358882071833081
2006-05-23,6.16882705688477,0.113208800554276,2.25156497955322,0.362332874275612
2006-05-24,6.88286399841309,3.86943411827087,1.01735162734985,0.355431302299841
2006-05-25,7.54886960983276,3.50619435310364,0.74347984790802,0.339902757127028
2006-05-26,7.33959293365479,1.0739814043045,3.15201163291931,0.335071640289342
2006-05-27,7.64228057861328,0.332314401865006,2.23575139045715,0.358882071833081
2006-05-28,10.4023523330688,1.29433345794678,4.12956142425537,0.48656130147668
2006-05-29,9.76001071929932,2.51336884498596,3.09444332122803,0.441701034270224
2006-05-30,8.29521369934082,0.418055027723312,2.59151673316956,0.400291569506296
2006-05-31,11.2633895874023,0.0532250478863716,4.23485708236694,0.369234446251383
2006-06-01,16.0143375396729,0.203982412815094,5.10793447494507,0.348529730324066
2006-06-02,17.6199493408203,0.0766969695687294,4.3237042427063,0.329550382708724
2006-06-03,13.1702375411987,40.1458854675293,0.760183990001679,0.329205295882613
2006-06-04,8.01621723175049,35.4318962097168,0.3330297768116,0.441701034270224
2006-06-05,4.83952808380127,1.47127771377563,2.04334545135498,4.17545502736657
2006-06-06,3.50333380699158,0.517223536968231,1.73578357696533,6.10789702350317
2006-06-07,7.07398080825806,0.576653480529785,3.22718596458435,5.48675495331641
2006-06-08,10.2409944534302,8.99441337585449,1.91414201259613,3.45078927881535
2006-06-09,10.1114234924316,10.6168117523193,1.95932459831238,3.10225961430987
2006-06-10,11.4027881622314,2.42837595939636,2.37519025802612,3.58882084996796
2006-06-11,11.3582887649536,0,4.50258111953735,3.96840767063765
2006-06-12,11.5630178451538,0,3.89567303657532,3.51980506439166
2006-06-13,15.0320682525635,0,5.11580657958984,2.87795831118687
2006-06-14,19.5044994354248,0,5.52142715454102,2.51907617353521
2006-06-15,20.9221134185791,0.30000963807106,4.88218307495117,2.2568162410001
2006-06-16,19.8575000762939,5.16077709197998,3.86920666694641,2.05321962089513
2006-06-17,17.0325775146484,7.97070550918579,3.11724138259888,1.98765457194278
2006-06-18,16.7145957946777,8.49518966674805,2.8840606212616,2.30512734355838
2006-06-19,16.4193649291992,11.7998304367065,2.17551183700562,3.02979309210961
2006-06-20,15.1019020080566,14.7897748947144,2.49882745742798,4.24447081294288
2006-06-21,12.8198432922363,3.80566024780273,2.11314582824707,5.24519970379933
2006-06-22,13.5294799804688,5.99392032623291,3.66695976257324,5.90084966677425
2006-06-23,13.1883420944214,0.219399109482765,4.89403629302979,5.48675495331641
2006-06-24,13.5532455444336,0.148326694965363,4.15279960632324,4.14094713457842
2006-06-25,13.8574161529541,0.000264425092609599,5.02755737304688,3.29550376126866
2006-06-26,17.4311447143555,0.0864747986197472,5.11348295211792,2.84345041839871
2006-06-27,20.2383556365967,3.44855856895447,5.26720142364502,2.53978085655323
2006-06-28,17.1071853637695,0.609167039394379,2.95227336883545,2.32238128995246
2006-06-29,11.4545392990112,5.0542106628418,3.42764496803284,2.14984169437453
2006-06-30,11.2934083938599,3.91526818275452,3.01118969917297,2.02561333299205
2006-07-01,13.0503435134888,0,3.75248026847839,1.92554039125153
2006-07-02,14.5371980667114,0.0163684859871864,4.99983596801758,1.81856597626312
2006-07-03,17.464635848999,0.0299704615026712,5.50072336196899,1.70468995638965
2006-07-04,20.0360622406006,3.40664029121399,4.62458944320679,1.59081380487901
2006-07-05,16.6574020385742,0.195685043931007,3.14488983154297,1.49419173139961
2006-07-06,13.5272397994995,0.890490353107452,3.02420091629028,1.40102039454417
2006-07-07,12.9306926727295,18.9929180145264,0.903507649898529,1.35961102850811
2006-07-08,12.6681566238403,2.91317296028137,3.05932283401489,1.38031571152614
2006-07-09,15.5514011383057,1.29027700424194,4.497483253479,1.47693778500554
2006-07-10,11.86341381073,3.50814580917358,1.57516705989838,1.56665838523703
2006-07-11,8.70713424682617,16.3633651733398,0.381086468696594,1.55975678035197
2006-07-12,9.89605236053467,1.43005001544952,2.5967104434967,1.89103249846338
2006-07-13,11.9541492462158,3.59949159622192,3.38957214355469,2.39484781215272
2006-07-14,12.064887046814,10.2121486663818,1.33930969238281,2.35343818284234
2006-07-15,12.6523399353027,9.87320899963379,3.38702201843262,2.22920982145985
2006-07-16,14.5302534103394,4.79461050033569,3.62225294113159,2.43970791481272
2006-07-17,16.5174770355225,9.10135650634766,3.29249906539917,2.43970791481272
2006-07-18,14.9055595397949,4.4393162727356,3.14279532432556,2.31547955343023
2006-07-19,14.6961088180542,5.92240810394287,3.52067232131958,2.48456828074705
2006-07-20,17.3633842468262,0.894934952259064,4.46358776092529,2.35688918274061
2006-07-21,18.2330989837646,3.03130804013563e-07,4.87497091293335,2.29822560703616
2006-07-22,18.7790851593018,0,4.889723777771,2.07047356728921
2006-07-23,18.7435932159424,6.61083540762775e-05,4.51100778579712,1.82546758114819
2006-07-24,17.6986713409424,0.239624083042145,4.44770383834839,1.65292811720742
2006-07-25,15.6241064071655,2.52162528038025,3.29830098152161,1.53560122907283
2006-07-26,11.5050134658813,5.08975839614868,0.709669709205627,1.45623310198751
2006-07-27,11.9508228302002,1.41821253299713,1.80665743350983,1.36306176513206
2006-07-28,13.137544631958,0.0386092662811279,3.70459794998169,1.28369363804674
2006-07-29,13.5563697814941,0.0329949595034122,3.72476434707642,1.23883340374958
2006-07-30,12.4289932250977,0.117310017347336,2.56483387947083,1.18707156456735
2006-07-31,11.3358335494995,4.62832021713257,1.19525158405304,1.11805577899104
2006-08-01,8.67086791992188,1.78293800354004,1.778928399086,1.03178598120207
2006-08-02,10.5628385543823,0,2.39714002609253,0.99037654934744
2006-08-03,11.6412572860718,4.3050971031189,2.23083853721619,0.969671800510829
2006-08-04,12.2157554626465,6.83795070648193,2.67109823226929,0.93861471016521
2006-08-05,11.2498989105225,2.56579041481018,3.15282201766968,0.911008356443537
2006-08-06,13.2506246566772,1.79773497581482,3.44753098487854,0.904106817377056
2006-08-07,12.6382112503052,0.317108124494553,3.71260952949524,0.897205212491991
2006-08-08,13.4686889648438,4.02963638305664,3.48224329948425,0.876500463655383
2006-08-09,15.027702331543,0.9640132188797,3.66661548614502,0.859246517261306
2006-08-10,11.9387607574463,0.509216070175171,2.05925893783569,0.817837085406672
2006-08-11,12.2603378295898,4.67061042785645,2.86367583274841,0.752272036454312
2006-08-12,12.1598224639893,3.378502368927,3.15726947784424,0.700510197272082
2006-08-13,14.3233089447021,3.41341876983643,3.25222754478455,0.679805514254058
2006-08-14,13.6254796981812,8.25539779663086,2.58590197563171,0.672903909368993
2006-08-15,10.6149444580078,6.57290840148926,2.14211702346802,0.672903909368993
2006-08-16,11.4162864685059,1.81316816806793,2.35616803169251,0.669453106926462
2006-08-17,12.9091901779175,0.894749581813812,2.55430459976196,0.652199160532386
2006-08-18,13.8966064453125,1.87744760513306,2.82623910903931,0.628043675071828
2006-08-19,11.8155393600464,2.26860165596008,1.34544885158539,0.603888123792686
2006-08-20,11.4539890289307,0.335732221603394,2.83015108108521,0.579732572513544
2006-08-21,14.745210647583,0.00123550626449287,3.56038928031921,0.545224712634685
2006-08-22,16.3020610809326,0.00746341655030847,3.67371797561646,0.527970766240608
2006-08-23,12.9967212677002,0.125635251402855,2.62372422218323,0.503815247870757
2006-08-24,12.8523197174072,0.0453744642436504,2.88885116577148,0.479659696591618
2006-08-25,11.6197261810303,0.281143695116043,3.03410768508911,0.448602606245995
2006-08-26,13.2038555145264,7.53920745849609,2.45719289779663,0.427897857409388
2006-08-27,10.0517177581787,0.028886454179883,2.3475399017334,0.417545515900373
2006-08-28,14.2523927688599,0.85219943523407,2.45086455345154,0.410643911015311
2006-08-29,13.7808694839478,1.48979437351227,2.4045135974884,0.420996285433613
2006-08-30,10.6235494613647,1.98557651042938,1.25069081783295,0.410643911015311
2006-08-31,8.19405746459961,0.63109564781189,1.78288805484772,0.389939195087994
2006-09-01,11.5073223114014,0.000941268226597458,2.86562275886536,0.372685248693917
2006-09-02,13.931206703186,2.43257800320862e-05,2.99680638313293,0.351980499857306
2006-09-03,15.6079931259155,0.0188168920576572,3.10640168190002,0.339557670300917
2006-09-04,16.8892841339111,0.0400449857115746,3.1711847782135,0.32817006831357
2006-09-05,18.2709732055664,0.0247750841081142,3.28180551528931,0.316092292674
2006-09-06,13.9576139450073,0.0167213454842567,2.56440377235413,0.306430091907918
2006-09-07,12.7704753875732,0.438773691654205,1.46791732311249,0.297458031884768
2006-09-08,13.1456747055054,2.43257800320862e-05,2.68499851226807,0.280204085490691
2006-09-09,14.9158592224121,0,2.81460618972778,0.266400925084501
2006-09-10,14.0110092163086,2.46587491035461,2.16227650642395,0.267781255934301
2006-09-11,11.0790300369263,0,2.75253248214722,0.258809195911151
2006-09-12,8.29519844055176,1.57166481018066,2.03435182571411,0.24328065073834
2006-09-13,5.2083568572998,9.44746017456055,0.64782065153122,0.233963520343725
2006-09-14,2.21085405349731,1.51520335674286,1.18483686447144,0.222920988727843
2006-09-15,2.57813453674316,0.0253749936819077,1.2870546579361,0.214639085902271
2006-09-16,3.7206974029541,0.0627902001142502,1.54226696491241,0.210498142716807
2006-09-17,3.27054500579834,0.819517493247986,1.02476155757904,0.202561326717346
2006-09-18,3.41558909416199,0.00146199192386121,0.962039232254028,0.197385139508194
2006-09-19,6.80366230010986,0.0368963815271854,1.18310546875,0.187377851916001
2006-09-20,6.07371664047241,1.68209409713745,0.664064943790436,0.18254675153296
2006-09-21,7.31800031661987,2.08704137802124,1.15056622028351,0.180476279940229
2006-09-22,6.28316926956177,0.0209832601249218,1.38455450534821,0.173229621138345
2006-09-23,7.70696496963501,0.388989329338074,1.93183255195618,0.172194377114656
2006-09-24,7.94518661499023,0.902045845985413,1.85669350624084,0.17184930674319
2006-09-25,7.23820972442627,0.940746545791626,0.601358294487,0.170814062719502
2006-09-26,4.97644090652466,1.69414031505585,0.845867812633514,0.162187089522463
2006-09-27,4.35246992111206,5.80639791488648,1.16587364673615,0.157010918767957
2006-09-28,8.66168022155762,1.25162506103516,1.19636368751526,0.158391233163111
2006-09-29,7.73690462112427,0.112679876387119,1.31489408016205,0.168053433929193
2006-09-30,7.52811241149902,0.382415682077408,1.33786725997925,0.249837135888001
2006-10-01,3.34568786621094,2.11707401275635,0.448186814785004,0.285725343071309
2006-10-02,2.72008204460144,1.74709987640381,0.637188255786896,0.25984443993484
2006-10-03,3.51020550727844,1.07157920865575e-05,1.06455767154694,0.240865092319497
2006-10-04,2.44460010528564,0.0137803526595235,1.0703307390213,0.225336547146686
2006-10-05,6.26520776748657,0.0201962757855654,1.392991065979,0.211878457111962
2006-10-06,2.87370491027832,0.144276320934296,0.805889964103699,0.201871169519769
2006-10-07,1.18848717212677,0.0263673160225153,0.796852767467499,0.193934353520308
2006-10-08,1.45824420452118,0,0.803454995155335,0.183927065928115
2006-10-09,0.974899232387543,1.02479207515717,0.692353308200836,0.175990249928654
2006-10-10,-1.76418328285217,0.43673375248909,0.39515221118927,0.167363276731615
2006-10-11,-3.44261789321899,0,0.975127100944519,0.160461704755843
2006-10-12,0.335257202386856,0.0112065309658647,0.909020721912384,0.155630604372802
2006-10-13,0.556568264961243,9.5677882200107e-05,0.4723319709301,0.145968387152075
2006-10-14,0.0830283761024475,0.456835597753525,0.452436804771423,0.145968387152075
2006-10-15,-1.57250654697418,1.33100092411041,0.572936534881592,0.142862671535655
2006-10-16,-4.4285101890564,0.547467470169067,0.581981241703033,0.134235706565939
2006-10-17,-5.81980895996094,0.00552669074386358,0.295916497707367,0.12836936215921
2006-10-18,-4.49209594726562,0.000470568746095523,0.300111085176468,0.120777624758537
2006-10-19,-3.14622235298157,0.41255110502243,0.360075443983078,0.0938614693710563
2006-10-20,-1.39143371582031,1.08243453502655,0.178855389356613,0.111460494363922
2006-10-21,-2.20354604721069,0.00895081274211407,0.254689067602158,0.107319542951136
2006-10-22,-0.489587873220444,0,0.515161156654358,0.0938614693710563
2006-10-23,1.95819115638733,2.01676016331476e-06,0.464166283607483,0.12250301775248
2006-10-24,1.67201745510101,0.268933296203613,0.249820932745934,0.0997278137777854
2006-10-25,0.434517979621887,1.86944651603699,0.404536634683609,0.110770337166344
2006-10-26,-0.311884969472885,0.255860298871994,0.478151500225067,0.0980024125565197
2006-10-27,-1.2627991437912,0.0874720588326454,0.518476605415344,0.0741919727854591
2006-10-28,-6.3767557144165,0.492198824882507,0.394517004489899,0.0610789695768457
2006-10-29,-8.90197086334229,0.712766170501709,0.435192495584488,0.0596986551816915
2006-10-30,-10.0826950073242,0.207544654607773,0.304036974906921,0.0634945238820276
2006-10-31,-9.76781940460205,0.893260061740875,0.358391255140305,0.0479659704818942
2006-11-01,-11.1655416488647,0.300521552562714,0.236607044935226,
2006-11-02,-12.8188505172729,0.120377384126186,0.194079086184502,
2006-11-03,-12.4295091629028,0.464596629142761,0.315911024808884,
2006-11-04,-12.2167406082153,1.73171889781952,0.162352666258812,
2006-11-05,-12.1852207183838,7.92980194091797,0.177200853824615,
2006-11-06,-16.5006484985352,1.27877950668335,0.114438481628895,
2006-11-07,-14.4421043395996,1.3885270357132,0.155099615454674,
2006-11-08,-16.1864070892334,0.828171491622925,0.0889773070812225,
2006-11-09,-20.6883506774902,0.101920209825039,0.0408283434808254,
2006-11-10,-15.9346799850464,6.27789559075609e-05,0.111345082521439,
2006-11-11,-15.9663381576538,0,0.0181664917618036,
2006-11-12,-18.497730255127,0.218924507498741,0.0774661749601364,
2006-11-13,-11.0900325775146,0.0125488974153996,0.0421408824622631,
2006-11-14,-12.3344640731812,2.28589987754822,0.0948398560285568,
2006-11-15,-8.50852680206299,3.30637359619141,0.228362396359444,
2006-11-16,-11.9088802337646,1.77311789989471,0.0797770917415619,
2006-11-17,-15.583797454834,1.30376470088959,0.0181772205978632,
2006-11-18,-16.7392444610596,0.255122542381287,0.0203759018331766,
2006-11-19,-12.7274913787842,1.11757743358612,0.265604734420776,
2006-11-20,-12.8629541397095,0.880900681018829,0.0360638834536076,
2006-11-21,-20.6255397796631,0.417718082666397,0.0351558439433575,
2006-11-22,-21.73512840271,0.130569592118263,0.00552805420011282,
2006-11-23,-21.5059719085693,0.845960795879364,0.0250008590519428,
2006-11-24,-22.7840232849121,0.973705470561981,0.108781673014164,
2006-11-25,-28.0852527618408,0.0585813112556934,0.0132697764784098,
2006-11-26,-29.7570915222168,0.00110693776514381,0,
2006-11-27,-30.5353050231934,0,0.00361708318814635,
2006-11-28,-28.5913009643555,0.466282486915588,0.00932717882096767,
2006-11-29,-23.662633895874,0.552936851978302,0.0595447346568108,
2006-11-30,-18.4461994171143,5.45508480072022,0.0961999818682671,
2006-12-01,-25.8316116333008,0.189996778964996,0.00716827157884836,
2006-12-02,-23.2249221801758,0.606450915336609,0.0921924486756325,
2006-12-03,-17.7654972076416,0.211365833878517,0.00409117667004466,
2006-12-04,-15.2769870758057,0.0203147046267986,0.00519738951697946,
2006-12-05,-16.2159385681152,1.05873286724091,0.00726132374256849,
2006-12-06,-17.4105930328369,0.0852833762764931,0.083022840321064,
2006-12-07,-8.62027549743652,0.00539165083318949,0,
2006-12-08,-3.24375915527344,1.8265084028244,0.263453841209412,
2006-12-09,-5.40795707702637,0.0435434579849243,0,
2006-12-10,-7.85161066055298,0.133468523621559,0,
2006-12-11,-8.50841903686523,0.493337392807007,0,
2006-12-12,-8.22734069824219,4.54144382476807,0,
2006-12-13,-11.6404857635498,0.0188453532755375,0.0321674533188343,
2006-12-14,-9.16754722595215,2.22966551780701,0.0773100107908249,
2006-12-15,-11.5022821426392,0,0,
2006-12-16,-16.9204788208008,0.345681250095367,0,
2006-12-17,-18.0401287078857,0.217695936560631,0,
2006-12-18,-14.3277683258057,0.966628193855286,0.0924316793680191,
2006-12-19,-7.16394138336182,0.995410263538361,0.366535067558289,
2006-12-20,-8.04341888427734,0,0.0470833629369736,
2006-12-21,-5.83362340927124,1.48974251747131,0.0667754635214806,
2006-12-22,-5.02216768264771,2.56782221794128,0.356404095888138,
2006-12-23,-11.686411857605,0,0.0516793765127659,
2006-12-24,-11.6330232620239,0.452221304178238,0.0554018653929234,
2006-12-25,-9.53194046020508,1.27799832820892,0.1141617000103,
2006-12-26,-14.1205263137817,0.00183871563058347,0,
2006-12-27,-15.2809419631958,0.00360339321196079,0,
2006-12-28,-17.5899772644043,0,0.0478608906269074,
2006-12-29,-11.0892362594604,0.0582357123494148,0.294912755489349,
2006-12-30,-4.41455888748169,0.0214736685156822,0.206437006592751,
2006-12-31,-7.87149238586426,0,0,
2007-01-01,-9.08662796020508,3.73784637451172,0.0218225624412298,
2007-01-02,-5.85387849807739,0,0,
2007-01-03,-8.08153247833252,0.0564246848225594,0,
2007-01-04,-11.5980777740479,0.0992413312196732,0.0368489436805248,
2007-01-05,-14.7221927642822,0.337845653295517,0.00549499550834298,
2007-01-06,-16.535099029541,0.0777052864432335,0,
2007-01-07,-18.063591003418,0.0258558504283428,0.0318994522094727,
2007-01-08,-19.4766426086426,1.15901613235474,0,
2007-01-09,-18.9743270874023,0,0.0698413699865341,
2007-01-10,-23.9871292114258,0.228446781635284,0.0117088602855802,
2007-01-11,-26.2530746459961,0.0604059547185898,0.0177897810935974,
2007-01-12,-21.8581142425537,0.000514786865096539,0.0710878372192383,
2007-01-13,-26.653284072876,0.0116380536928773,0.0180902518332005,
2007-01-14,-22.1421089172363,0.0155360521748662,0.0343295596539974,
2007-01-15,-14.5849809646606,0.000616632867604494,0.0794369727373123,
2007-01-16,-12.1388940811157,2.93682837486267,0.127833634614944,
2007-01-17,-19.711935043335,0.634873867034912,0.00745002832263708,
2007-01-18,-16.6532459259033,0.746598243713379,0.0402623750269413,
2007-01-19,-16.3963871002197,4.10955619812012,0.0546486601233482,
2007-01-20,-14.197359085083,0.703418552875519,0.00708735827356577,
2007-01-21,-14.1178798675537,0.703981816768646,0.0588607937097549,
2007-01-22,-10.8521242141724,0.0236460082232952,0.031114287674427,
2007-01-23,-13.3546237945557,0.158536791801453,0.0344319827854633,
2007-01-24,-9.56854248046875,2.59520673751831,0.155969858169556,
2007-01-25,-7.22131395339966,3.31783485412598,0.382996499538422,
2007-01-26,-15.2237386703491,0.474556356668472,0.0974587947130203,
2007-01-27,-15.0792322158813,0.0434144660830498,0.199897244572639,
2007-01-28,-10.7598676681519,0.0169532019644976,0.0477996170520783,
2007-01-29,-12.0633974075317,0.362050980329514,0.0847163796424866,
2007-01-30,-9.20712184906006,0.380990833044052,0.121718056499958,
2007-01-31,-13.6278715133667,0.710341393947601,0.142547518014908,
2007-02-01,-22.0681571960449,5.48764717223094e-07,0.0979921594262123,
2007-02-02,-19.585319519043,0.000578431005124003,0.0808600634336472,
2007-02-03,-18.5662593841553,0.00339298811741173,0.0611029490828514,
2007-02-04,-19.2418575286865,0.105239287018776,0.106894955039024,
2007-02-05,-16.4483680725098,0,0.0902961194515228,
2007-02-06,-21.4230442047119,0.121606469154358,0.0468389913439751,
2007-02-07,-23.7900638580322,0.00669710803776979,0.0576920732855797,
2007-02-08,-25.2551193237305,0.0118233663961291,0.0487090833485127,
2007-02-09,-22.9473991394043,0,0.0758452117443085,
2007-02-10,-21.7783641815186,0.00105415028519928,0.15264131128788,
2007-02-11,-22.4798717498779,0.0881776139140129,0.0572693459689617,
2007-02-12,-23.2770118713379,0.00217698514461517,0.0976257547736168,
2007-02-13,-20.9104194641113,0.00460327789187431,0.170723110437393,
2007-02-14,-15.4233379364014,1.16571354866028,0.224543854594231,
2007-02-15,-13.5076198577881,1.37458038330078,0.150727078318596,
2007-02-16,-17.921968460083,1.54940509796143,0.128467127680779,
2007-02-17,-20.3386840820312,4.21009397506714,0.172294691205025,
2007-02-18,-20.5963554382324,7.95964670181274,0.164463996887207,
2007-02-19,-22.6609649658203,0.613715529441834,0.143932655453682,
2007-02-20,-21.0649871826172,2.24541544914246,0.171952798962593,
2007-02-21,-24.3359546661377,0.249913364648819,0.121378272771835,
2007-02-22,-21.4313869476318,0.263862252235413,0.187628880143166,
2007-02-23,-17.5302543640137,2.46215128898621,0.172166630625725,
2007-02-24,-16.127742767334,0.51738452911377,0.213349372148514,
2007-02-25,-15.9299125671387,0.567253649234772,0.222936198115349,
2007-02-26,-13.5411939620972,1.09699034690857,0.272573262453079,
2007-02-27,-11.3963537216187,0.421809643507004,0.254627645015717,
2007-02-28,-15.8145942687988,0.680060803890228,0.218999639153481,
2007-03-01,-17.8037261962891,1.49884593486786,0.23394975066185,0.00569380253629671
2007-03-02,-21.3550148010254,4.55883121490479,0.18409988284111,0.00562478661085591
2007-03-03,-23.5270137786865,4.3612585067749,0.180619269609451,0.00559027864813551
2007-03-04,-26.859561920166,0.26398441195488,0.177298441529274,0.00552126272269471
2007-03-05,-22.5776100158691,3.01336145401001,0.244360223412514,0.00545224731146161
2007-03-06,-18.1257400512695,4.62350034713745,0.189901068806648,0.00541773934874121
2007-03-07,-7.80338144302368,0.0526466779410839,0.530521512031555,0.00548675475997431
2007-03-08,-6.2400484085083,0.35165086388588,0.434775561094284,0.00572830998480944
2007-03-09,-11.330265045166,3.56310343742371,0.21879543364048,0.00569380253629671
2007-03-10,-19.8280181884766,0.00277403905056417,0.333528369665146,0.00534872342330041
2007-03-11,-18.2295780181885,2.54808497428894,0.258572995662689,0.00472758112274862
2007-03-12,-14.7915992736816,0.728043556213379,0.411631792783737,0.00424447093018224
2007-03-13,-17.4477119445801,0.583040356636047,0.31505411863327,0.00396840774262674
2007-03-14,-16.7758617401123,0.614997327327728,0.385354071855545,0.00417545500474144
2007-03-15,-16.9133720397949,0.348516404628754,0.368401646614075,0.00424447093018224
2007-03-16,-17.7987632751465,2.217768907547,0.422977685928345,0.00445151793519308
2007-03-17,-15.7170114517212,7.20523881912231,0.35717448592186,0.00465856571151548
2007-03-18,-20.5954914093018,1.24573564529419,0.340643554925919,0.00486561297363018
2007-03-19,-20.908353805542,1.64480471611023,0.406971544027329,0.00500364431030411
2007-03-20,-13.2539701461792,0.482514798641205,0.52694034576416,0.00517618412390608
2007-03-21,-14.0794239044189,0.074308767914772,0.506837546825409,0.00527970749785961
2007-03-22,-3.97496294975281,0.199956402182579,1.04279506206512,0.00538323138602081
2007-03-23,-1.83281326293945,7.13957452774048,0.730252802371979,0.00545224731146161
2007-03-24,0.608152151107788,0.386213511228561,0.99866646528244,0.00565929457357631
2007-03-25,-1.80722200870514,0.00903652608394623,0.839427709579468,0.00576281794752984
2007-03-26,-0.698429882526398,0.220231935381889,0.944167912006378,0.00576281794752984
2007-03-27,-0.234663724899292,1.92858850955963,0.675321459770203,0.00572830998480944
2007-03-28,-5.64925527572632,2.66866528875198e-08,0.959491431713104,0.00572830998480944
2007-03-29,0.426549345254898,0.268301904201508,1.08612930774689,0.00572830998480944
2007-03-30,1.59906077384949,20.1891269683838,0.837032794952393,0.00572830998480944
2007-03-31,-5.33359050750732,13.415096282959,0.338011175394058,0.00565929457357631
2007-04-01,-13.2826747894287,3.30839896202087,0.56704580783844,0.00559027864813551
2007-04-02,-17.08127784729,0.855511605739594,0.536969423294067,0.00545224731146161
2007-04-03,-16.4943523406982,0.0362941510975361,0.613603591918945,0.00534872342330041
2007-04-04,-13.6646699905396,0.160231217741966,0.645639181137085,0.00527970749785961
2007-04-05,-12.3247156143188,0.000377619726350531,0.825653731822968,0.00527970749785961
2007-04-06,-6.39220762252808,0.00178213743492961,1.13436269760132,0.00517618412390608
2007-04-07,-1.13070917129517,0,1.32274520397186,0.00500364431030411
2007-04-08,3.47110199928284,4.90215388708748e-05,1.5675265789032,0.00490012093635058
2007-04-09,4.48096704483032,1.96604943275452,1.18107557296753,0.00483110501090978
2007-04-10,1.0266489982605,0.721895098686218,0.711517572402954,0.00476208908546902
2007-04-11,2.56085562705994,0.420018911361694,1.26932573318481,0.00483110501090978
2007-04-12,2.4688401222229,0.000233599479543045,1.60756838321686,0.00517618412390608
2007-04-13,3.89765453338623,3.26916451740544e-05,1.56864607334137,0.00493462889907098
2007-04-14,5.51862812042236,2.02575969696045,1.53727805614471,0.00538323138602081
2007-04-15,2.74608516693115,0.160355120897293,1.57052731513977,0.0255013335438138
2007-04-16,3.62252759933472,0,1.36526763439178,0.0897205179582701
2007-04-17,3.68522787094116,0,1.52732610702515,0.138031571152614
2007-04-18,0.805689334869385,0.282680451869965,1.62709200382233,0.17944103591654
2007-04-19,1.04658281803131,0.0206175465136766,1.37385368347168,0.215329243099848
2007-04-20,2.04209232330322,1.22336006164551,0.80135303735733,0.255358409923265
2007-04-21,2.70437741279602,0.00137672259006649,1.91221952438355,0.293317088699305
2007-04-22,2.99158906936646,0.262270152568817,1.82761132717133,0.240520005493386
2007-04-23,3.63857865333557,0.0379870980978012,1.90756618976593,0.510716819846531
2007-04-24,7.69199848175049,0.473598212003708,1.62324905395508,0.99037654934744
2007-04-25,6.5348014831543,0.000419718882767484,2.19866180419922,1.72194390278372
2007-04-26,4.5592246055603,0.460569947957993,2.1549346446991,2.41900323179469
2007-04-27,3.47769856452942,5.992431640625,1.0448853969574,2.72612353026413
2007-04-28,3.33443212509155,0.071962870657444,1.99358177185059,2.59844443225769
2007-04-29,3.84070467948914,0.0318095870316029,2.48733687400818,2.26716845087195
2007-04-30,4.54730844497681,0.221146553754807,2.49514508247376,1.9704006255487
2007-05-01,5.91118574142456,0.101802580058575,2.43099594116211,1.92554039125153
2007-05-02,7.64970827102661,0.26088672876358,2.37841010093689,1.90138483997239
2007-05-03,6.59498071670532,0.112646080553532,1.08306705951691,1.84272152754226
2007-05-04,4.50955677032471,5.2407603263855,0.31864133477211,1.85652460567522
2007-05-05,5.65803861618042,7.23248052597046,1.29831302165985,2.10498146007736
2007-05-06,6.1716628074646,0.185801073908806,2.95321726799011,2.80204078908833
2007-05-07,6.66891050338745,2.65402936935425,2.7176194190979,3.4093799127793
2007-05-08,5.25739717483521,0.0182943623512983,2.95018863677979,3.20923402929828
2007-05-09,1.85967493057251,0.126452326774597,1.85851728916168,2.77098389619846
2007-05-10,4.23514890670776,0.451332360506058,2.72483849525452,2.31547955343023
2007-05-11,7.11865568161011,0.766402781009674,3.39013528823853,1.96694988892475
2007-05-12,7.52284717559814,2.22930264472961,2.30623531341553,1.75300092731076
2007-05-13,5.52408647537231,0.632698893547058,3.43994522094727,1.60461701464914
2007-05-14,6.5280442237854,0.155919179320335,3.69011402130127,1.51144567779369
2007-05-15,10.4265575408936,0.000616174482274801,4.32858848571777,1.37341410664107
2007-05-16,11.1367588043213,2.36409258842468,3.71350765228272,1.26989042827661
2007-05-17,2.09379649162292,5.95704507827759,0.784563183784485,1.21122698420932
2007-05-18,1.1788694858551,0.389292418956757,2.00021386146545,1.15256367177919
2007-05-19,2.80080103874207,4.76542806625366,1.12839949131012,1.07319547887529
2007-05-20,3.78498840332031,2.23924565315247,1.39349436759949,1.05594153248121
2007-05-21,5.70003890991211,5.42656993865967,2.94310593605042,1.08699862282684
2007-05-22,1.88225758075714,10.090895652771,0.792453050613403,1.14566206689413
2007-05-23,3.94766306877136,4.76719665527344,1.92270410060883,1.28714437467069
2007-05-24,6.84408664703369,0.00157107424456626,3.56330466270447,1.41827434093824
2007-05-25,11.0748128890991,0,4.4805269241333,1.59771540976407
2007-05-26,14.2169504165649,0.050684716552496,4.6333589553833,1.53215049244888
2007-05-27,14.2941026687622,8.98304748535156,2.90686392784119,1.32165226745884
2007-05-28,9.87259864807129,2.55758094787598,2.40489959716797,1.1905223011913
2007-05-29,11.9624691009521,0.00730545446276665,4.02429580688477,1.24228414037353
2007-05-30,16.2582759857178,0.0457568727433682,4.21717166900635,1.25608735014365
2007-05-31,17.2802829742432,0.0627057775855064,5.16235256195068,1.11115417410598
2007-06-01,15.5893220901489,0.30959489941597,4.59773969650269,0.99037654934744
2007-06-02,16.8056793212891,0.401423841714859,4.57611227035523,0.900656014934522
2007-06-03,16.8304233551025,0.125158086419106,4.79955863952637,0.838541768424696
2007-06-04,15.4989337921143,8.60395357449306e-06,5.41833066940308,0.790230731685
2007-06-05,14.0356578826904,0.614012181758881,3.77806711196899,0.748821299830365
2007-06-06,8.03969287872314,0.001870630774647,4.59014415740967,0.703960999714616
2007-06-07,7.11146306991577,0.0228718165308237,4.74547243118286,0.655649962974917
2007-06-08,8.69026470184326,0,3.66787195205689,0.614240465301698
2007-06-09,6.71188926696777,0.0575687885284424,3.50537991523743,0.572831033447064
2007-06-10,9.89027214050293,2.60984302258294e-06,4.74295616149902,0.54177391019215
2007-06-11,13.163236618042,0.0137438522651792,3.17291784286499,0.517618391822302
2007-06-12,12.4830074310303,3.0132303237915,3.59539651870728,0.496913642985695
2007-06-13,12.8592567443848,3.44685411453247,3.60738492012024,0.496913642985695
2007-06-14,13.4629688262939,4.80909442901611,3.82754850387573,0.479659696591618
2007-06-15,11.2968292236328,0.0217078030109406,4.77688837051392,0.465856552640072
2007-06-16,10.4818019866943,0.555163085460663,4.40574741363525,0.465856552640072
2007-06-17,11.9925994873047,0.0721004977822304,4.28729438781738,0.455504178221767
2007-06-18,10.647388458252,0.123315371572971,3.51025748252869,0.427897857409388
2007-06-19,8.73414516448975,0.966256022453308,4.2277569770813,0.407193141482071
2007-06-20,8.34973812103271,0.315139293670654,3.93423795700073,0.38648839264546
2007-06-21,9.05512142181396,0.0935240536928177,2.41516971588135,0.365783676718143
2007-06-22,10.3223848342896,2.84206700325012,3.34641861915588,0.348529730324066
2007-06-23,12.7651386260986,6.15500402450562,3.46229934692383,0.338522442731874
2007-06-24,12.0615043640137,7.8442850112915,3.73739767074585,0.33748718225354
2007-06-25,13.3580942153931,2.07662296295166,3.41212630271912,0.334381466637119
2007-06-26,12.0965127944946,0.275397479534149,2.8906397819519,0.319888181942643
2007-06-27,14.4118928909302,0.160818994045258,4.12758731842041,0.311951349488536
2007-06-28,16.9432849884033,0.432973146438599,4.85330629348755,0.302979289465386
2007-06-29,17.0332260131836,5.59640073776245,3.55983948707581,0.296767891141837
2007-06-30,13.4644975662231,11.3240213394165,0.742859125137329,0.314021837535913
2007-07-01,11.3419170379639,11.406042098999,0.451064437627792,0.34059289786996
2007-07-02,12.8011140823364,1.44431793689728,3.41633439064026,0.507266017403997
2007-07-03,15.061318397522,5.93663263320923,3.15460467338562,0.779878390175985
2007-07-04,14.264196395874,1.31282770633698,3.26271033287048,0.748821299830365
2007-07-05,17.3379020690918,2.09197235107422,3.96448993682861,0.800583139012596
2007-07-06,15.7768745422363,1.19777739048004,4.69770193099976,0.766075246224442
2007-07-07,13.0449066162109,3.79015874862671,3.13266038894653,0.679805514254058
2007-07-08,12.5398435592651,0.000906162080354989,2.97303748130798,0.63839601658084
2007-07-09,13.557373046875,0.884511172771454,4.00672388076782,0.593535782283675
2007-07-10,13.8761253356934,1.4215247631073,3.01846528053284,0.614240465301698
2007-07-11,16.9234790802002,0.19919365644455,3.77924799919128,0.596986518907621
2007-07-12,20.4639492034912,0.00251067895442247,5.55011701583862,0.58663417739861
2007-07-13,19.917028427124,0.0541279353201389,5.37289190292358,0.579732572513544
2007-07-14,21.1561832427979,3.62603855133057,4.03962469100952,0.514167589379772
2007-07-15,18.3644046783447,0.0447484627366066,4.47186708450317,0.458954980664301
2007-07-16,18.505765914917,3.55361199378967,2.777991771698,0.427897857409388
2007-07-17,19.7230663299561,1.35014688968658,4.09968757629395,0.396840767063765
2007-07-18,18.8436489105225,7.10090255737305,3.80523705482483,0.420996285433613
2007-07-19,19.710391998291,10.6802577972412,2.57572412490845,0.686707053320539
2007-07-20,18.0849876403809,0.189391911029816,4.71747016906738,0.807484678079076
2007-07-21,14.4074907302856,1.07156085968018,3.03713417053223,0.948967051674221
2007-07-22,14.9421148300171,0.19115024805069,4.20451402664185,0.790230731685
2007-07-23,16.3636569976807,0.109909757971764,4.86773300170898,0.662551567859982
2007-07-24,15.2055339813232,11.7416982650757,2.66273260116577,0.579732572513544
2007-07-25,14.8945760726929,5.56850337982178,2.94703769683838,0.531421535773848
2007-07-26,15.1605272293091,0.0892714112997055,4.19554138183594,0.517618391822302
2007-07-27,16.3454284667969,2.27881217002869,4.14430952072144,0.493462873452455
2007-07-28,17.3806571960449,2.51938700675964,3.92910933494568,0.455504178221767
2007-07-29,15.8172130584717,12.2916612625122,2.59694910049439,0.431348659851919
2007-07-30,15.6596832275391,3.99498796463013,4.15279722213745,0.420996285433613
2007-07-31,11.3828182220459,7.85871601104736,2.24027800559998,0.431348659851919
2007-08-01,15.7490644454956,1.89127326011658,3.91807579994202,0.431348659851919
2007-08-02,17.2292633056641,0.937921404838562,3.2776083946228,0.455504178221767
2007-08-03,16.4497718811035,7.47492265701294,3.15490984916687,0.43479946229445
2007-08-04,15.5555419921875,1.1782660484314,3.67913007736206,0.469307355082603
2007-08-05,14.6103448867798,0.921035289764404,2.92485857009888,0.445151803803465
2007-08-06,12.5828819274902,5.48485898971558,1.85408842563629,0.469307355082603
2007-08-07,12.9928722381592,9.32224369049072,2.47995638847351,0.507266017403997
2007-08-08,8.68570804595947,1.06887078285217,2.4572377204895,0.641846819023371
2007-08-09,7.50172662734985,0.228963330388069,2.27597665786743,0.911008356443537
2007-08-10,9.06616878509521,0.0367685444653034,3.15368604660034,0.859246517261306
2007-08-11,7.67264366149902,0.214322447776794,1.89963507652283,0.748821299830365
2007-08-12,7.54165410995483,0.685766458511353,1.95249676704407,0.655649962974917
2007-08-13,7.57240533828735,0.940537571907043,2.33194708824158,0.572831033447064
2007-08-14,9.29598331451416,3.50395441055298,1.64038300514221,0.531421535773848
2007-08-15,9.18560600280762,0.362705677747726,2.59696125984192,0.507266017403997
2007-08-16,11.2793664932251,0.0540939308702946,2.68033814430237,0.49001207100992
2007-08-17,11.6718988418579,0,3.42440700531006,0.465856552640072
2007-08-18,13.539909362793,0,3.55291748046875,0.43825023182769
2007-08-19,13.9507389068604,3.17509746551514,1.24883997440338,0.417545515900373
2007-08-20,12.0941877365112,3.91686344146729,2.02722215652466,0.410643911015311
2007-08-21,9.49681377410889,0.448161244392395,0.824379146099091,0.403742339039536
2007-08-22,7.98558139801025,0.0438353233039379,2.6705265045166,0.414094713457842
2007-08-23,7.05831623077393,2.11661243438721,1.28312945365906,0.483110499034149
2007-08-24,7.50269603729248,0.470609337091446,1.727423787117,0.479659696591618
2007-08-25,7.58592844009399,0.0730384141206741,1.86679589748383,0.465856552640072
2007-08-26,6.72209787368774,2.07399821281433,2.06553077697754,0.458954980664301
2007-08-27,6.47970962524414,1.76340866088867,2.14601063728333,0.43479946229445
2007-08-28,7.83318853378296,0.606111288070679,2.08165669441223,0.403742339039536
2007-08-29,7.7717866897583,0.0300338361412287,2.55738019943237,0.38648839264546
2007-08-30,7.20160579681396,15.9834461212158,1.12485539913177,0.369234446251383
2007-08-31,9.55802059173584,5.19086837768555,1.51043510437012,0.365783676718143
2007-09-01,9.89114189147949,4.99485492706299,2.18731570243835,0.410643911015311
2007-09-02,10.2660818099976,1.33860003948212,2.08729195594788,0.455504178221767
2007-09-03,10.5614557266235,1.27400517463684,1.99660420417786,0.448602606245995
2007-09-04,10.1585817337036,6.53314971923828,1.01574170589447,0.427897857409388
2007-09-05,7.25485754013062,0.110341757535934,1.56646251678467,0.441701034270224
2007-09-06,5.35438632965088,0.135541930794716,1.43200361728668,0.462405750197541
2007-09-07,6.82867765426636,0.814931035041809,1.1750123500824,0.462405750197541
2007-09-08,7.08777761459351,0.651913821697235,1.99975597858429,0.458954980664301
2007-09-09,8.10868263244629,0.0642772540450096,1.09805548191071,0.43479946229445
2007-09-10,8.77465152740479,1.64632749557495,0.687100768089294,0.410643911015311
2007-09-11,6.0423755645752,3.27681303024292,0.595630049705505,0.393389964621234
2007-09-12,4.16601753234863,0.0652850121259689,1.6747190952301,0.372685248693917
2007-09-13,6.67565250396729,0.000916960532777011,1.97401523590088,0.369234446251383
2007-09-14,9.31668376922607,0.442036092281342,1.90632224082947,0.345078927881535
2007-09-15,8.61833095550537,0.404003024101257,1.22350585460663,0.339212583474806
2007-09-16,5.30797386169434,9.12061595916748,0.31977516412735,0.330585610277767
2007-09-17,1.45153701305389,6.51489782333374,0.511063933372498,0.328860209056501
2007-09-18,0.523552298545837,2.02596139907837,0.735096752643585,0.351980499857306
2007-09-19,0.964341163635254,0.421261072158814,1.12764489650726,0.424447087876148
2007-09-20,2.30735945701599,2.34325861930847,0.556851625442505,0.448602606245995
2007-09-21,1.4204638004303,2.14453601837158,0.613647699356079,0.43825023182769
2007-09-22,1.94891798496246,2.1448380947113,0.624596416950226,0.445151803803465
2007-09-23,0.921444952487946,0.678159415721893,0.883888602256775,0.427897857409388
2007-09-24,1.8486362695694,1.82006669044495,0.506662607192993,0.427897857409388
2007-09-25,2.54869914054871,0.343422949314117,0.372539341449738,0.400291569506296
2007-09-26,3.31421208381653,2.38444948196411,0.509862005710602,0.393389964621234
2007-09-27,2.19902014732361,3.26166677474976,0.606557965278626,0.38648839264546
2007-09-28,0.645641624927521,7.34094047546387,0.37458810210228,0.400291569506296
2007-09-29,-2.34009838104248,0.365667939186096,0.797221839427948,0.462405750197541
2007-09-30,-1.64867854118347,0.698501229286194,0.694495022296906,0.572831033447064
2007-10-01,0.540886163711548,2.88673257827759,0.556804955005646,0.576281835889598
2007-10-02,1.77601981163025,1.78742623329163,0.421207427978516,0.569380231004533
2007-10-03,-1.09994578361511,0.865073025226593,0.643440425395966,0.59008497984114
2007-10-04,-0.875589787960052,0.356309562921524,0.732969224452972,0.672903909368993
2007-10-05,-0.86708527803421,0.0344046801328659,0.657487869262695,0.686707053320539
2007-10-06,2.72545313835144,0.0109976539388299,0.749837458133698,0.614240465301698
2007-10-07,3.57701301574707,1.72192096710205,0.542752981185913,0.576281835889598
2007-10-08,2.24806618690491,0.686392426490784,0.651057004928589,0.555577087052987
2007-10-09,3.06309962272644,0.00352536956779659,1.12505257129669,0.54177391019215
2007-10-10,6.26175546646118,0.00349925574846566,1.40659403800964,0.524519963798074
2007-10-11,5.66369962692261,0.000199980422621593,0.946171581745148,0.507266017403997
2007-10-12,3.22129583358765,3.29825482481283e-08,0.769569337368012,0.517618391822302
2007-10-13,2.53741407394409,0,0.798507511615753,0.48656130147668
2007-10-14,5.22543144226074,0.0167099088430405,0.752612352371216,0.458954980664301
2007-10-15,7.78792810440063,1.96154320240021,0.466770112514496,0.441701034270224
2007-10-16,6.35733366012573,0,0.46786442399025,0.43479946229445
2007-10-17,5.24405956268311,0.162164703011513,0.523177087306976,0.420996285433613
2007-10-18,1.76134431362152,0,0.435206711292267,0.407193141482071
2007-10-19,1.65042734146118,0,0.332851558923721,0.396840767063765
2007-10-20,0.464619308710098,0.26011323928833,0.458782345056534,0.376136018227158
2007-10-21,-1.3020339012146,0.061418678611517,0.37279686331749,0.355431302299841
2007-10-22,-0.346587151288986,0.00148414028808475,0.376544773578644,0.348529730324066
2007-10-23,-0.633393406867981,4.62983465194702,0.398371994495392,0.327479894661347
2007-10-24,-0.229955166578293,12.6753540039063,0.539837419986725,0.329205295882613
2007-10-25,-3.63624000549316,3.37880182266235,0.447878837585449,0.365783676718143
2007-10-26,-7.23247289657593,0.0725826621055603,0.306544691324234,0.410643911015311
2007-10-27,-3.53693866729736,0.410375773906708,0.302866637706757,0.351980499857306
2007-10-28,-1.83640968799591,1.19411468505859,0.210643067955971,0.303669463117609
2007-10-29,-2.65352892875671,0.168487206101418,0.162312269210815,0.472758124615843
2007-10-30,-2.62372040748596,0.221089541912079,0.200191795825958,0.469307355082603
2007-10-31,-2.46215796470642,0.48251348733902,0.123881578445435,0.462405750197541
2007-11-01,0.281006544828415,4.70596265792847,0.350129276514053,
2007-11-02,-2.27096438407898,0.173383235931396,0.171941339969635,
2007-11-03,-2.15576982498169,1.44038867950439,0.327520430088043,
2007-11-04,-4.9005880355835,0.939326763153076,0.242174848914146,
2007-11-05,-10.7050809860229,1.01702189445496,0.140845939517021,
2007-11-06,-5.886887550354,0.53375506401062,0.174556225538254,
2007-11-07,-7.36495304107666,2.35974216461182,0.122135818004608,
2007-11-08,-8.70771312713623,2.60253596305847,0.0985888913273811,
2007-11-09,-9.24420833587646,0.107759170234203,0.0452869385480881,
2007-11-10,-7.22878265380859,3.66216468811035,0.0883289352059364,
2007-11-11,-4.95729684829712,3.78145170211792,0.0506887957453728,
2007-11-12,-6.10701370239258,0,0,
2007-11-13,-7.96843004226685,0.154759079217911,0.0827234983444214,
2007-11-14,-8.64794254302979,0.0454247631132603,0,
2007-11-15,-7.05905342102051,0.0390406548976898,0.212431356310844,
2007-11-16,-5.4153003692627,0.610162973403931,0.114198960363865,
2007-11-17,-6.5720100402832,0.54750007390976,0,
2007-11-18,-6.83211946487427,4.30744314193726,0.0862160623073578,
2007-11-19,-10.947681427002,0.494963735342026,0.0217102020978928,
2007-11-20,-15.1330890655518,0.146927297115326,0,
2007-11-21,-15.0330038070679,0.000287001224933192,0.00775405392050743,
2007-11-22,-10.6925945281982,0.000949231500271708,0.0264441352337599,
2007-11-23,-9.16539859771729,1.38038277626038,0.0570663027465344,
2007-11-24,-10.9734115600586,5.21988725662231,0.123788848519325,
2007-11-25,-22.9328479766846,1.18138301372528,0.0351341143250465,
2007-11-26,-25.0337905883789,0.0102551290765405,0.0516213364899159,
2007-11-27,-21.9803829193115,0.910426318645477,0.0765746980905533,
2007-11-28,-24.2815608978271,0.20676988363266,0.0295448414981365,
2007-11-29,-19.0742263793945,0.22854720056057,0.143544554710388,
2007-11-30,-17.0602512359619,0.323413252830505,0.0655483976006508,
2007-12-01,-21.7328662872314,0.581136286258698,0.0443254560232163,
2007-12-02,-26.2071590423584,0.0398362278938293,0,
2007-12-03,-28.5009708404541,0.462479412555695,0.0539188832044601,
2007-12-04,-21.4015960693359,5.34410667419434,0.0908240377902985,
2007-12-05,-25.2400093078613,0.770967960357666,0.0479724407196045,
2007-12-06,-23.9552536010742,0.0276245456188917,0.0894012823700905,
2007-12-07,-22.6182804107666,0,0.00176644593011588,
2007-12-08,-20.1903381347656,0.0440209768712521,0.0396999605000019,
2007-12-09,-15.0816402435303,0,0.0628606975078583,
2007-12-10,-12.3576698303223,0.0990207493305206,0.00757904024794698,
2007-12-11,-13.5385103225708,2.06471514701843,0.0969055742025375,
2007-12-12,-15.9229183197021,1.60235011577606,0.0350609421730042,
2007-12-13,-15.5609540939331,0.276661902666092,0.0119259655475616,
2007-12-14,-15.3291883468628,0.000218632078031078,0,
2007-12-15,-15.9150800704956,0.329871565103531,0.134559243917465,
2007-12-16,-12.5489511489868,0.310001879930496,0,
2007-12-17,-10.7159118652344,1.52508568763733,0.10172925889492,
2007-12-18,-9.83145427703857,1.72859406471252,0.0120171420276165,
2007-12-19,-15.3965826034546,0.386363178491592,0,
2007-12-20,-15.8502597808838,5.51000118255615,0.104780487716198,
2007-12-21,-23.4326992034912,0.662604689598084,0,
2007-12-22,-19.1647167205811,0.0251953694969416,0.196105852723122,
2007-12-23,-13.5393896102905,1.06832194328308,0,
2007-12-24,-10.9819183349609,1.70574831962585,0.000988850370049477,
2007-12-25,-12.1055583953857,0.124245002865791,0,
2007-12-26,-13.4617052078247,3.0877788066864,0.0445747375488281,
2007-12-27,-14.6721487045288,0.794710516929627,0,
2007-12-28,-15.5615291595459,0.44923809170723,0.016810804605484,
2007-12-29,-15.8194341659546,0.511890172958374,0.0148234581574798,
2007-12-30,-16.7623119354248,0.0886908173561096,0,
2007-12-31,-19.3215179443359,0.264228910207748,0.0145707707852125,
2008-01-01,-21.2470569610596,0.116470791399479,0.119418755173683,
2008-01-02,-13.3217172622681,0.818447470664978,0.100259885191917,
2008-01-03,-13.6323957443237,0.204940497875214,0,
2008-01-04,-7.6143856048584,1.47917187213898,0.111946076154709,
2008-01-05,-8.95787811279297,0.850008487701416,0.0178515668958426,
2008-01-06,-14.2579174041748,0.522314488887787,0.0164788570255041,
2008-01-07,-19.8267364501953,0.522746026515961,0,
2008-01-08,-22.9564170837402,0,0,
2008-01-09,-23.3451442718506,0.00330659304745495,0.0227395184338093,
2008-01-10,-17.4214038848877,0.00189428275916725,0.020181268453598,
2008-01-11,-16.9333839416504,0.0184788182377815,0.0434367246925831,
2008-01-12,-11.9372634887695,0.00779743446037173,0.0471170619130135,
2008-01-13,-9.45263576507568,1.31655788421631,0.045241866260767,
2008-01-14,-11.0008611679077,1.74857294559479,0.0767129585146904,
2008-01-15,-22.9569301605225,0.156026676297188,0.00827410817146301,
2008-01-16,-20.1079578399658,0.199079915881157,0.0828746929764748,
2008-01-17,-21.3403701782227,0.525558948516846,0,
2008-01-18,-20.7060394287109,0.0150467157363892,0.0291281584650278,
2008-01-19,-17.8975353240967,0.111808501183987,0.0248727072030306,
2008-01-20,-17.9017658233643,0.0747484266757965,0.0269017815589905,
2008-01-21,-13.0427274703979,0.607050955295563,0.203378081321716,
2008-01-22,-9.39545154571533,0.0755166113376617,0.0714322328567505,
2008-01-23,-10.0585460662842,0.0870190635323525,0.0599121898412705,
2008-01-24,-10.6218414306641,1.22236430644989,0.0363015457987785,
2008-01-25,-13.2914619445801,1.66540694236755,0.0766128972172737,
2008-01-26,-20.2514610290527,1.49805879592896,0.0995941534638405,
2008-01-27,-32.2556076049805,0.586407780647278,0.0543481446802616,
2008-01-28,-35.891242980957,0,0.0123350312933326,
2008-01-29,-32.6630363464355,7.21424626703993e-08,0.0311567559838295,
2008-01-30,-32.714225769043,5.74351188831201e-09,0.0334929339587688,
2008-01-31,-33.2280616760254,0,0.0289716180413961,
2008-02-01,-32.2083282470703,0,0.0417267642915249,
2008-02-02,-28.5490131378174,0.150827392935753,0.0601035505533218,
2008-02-03,-27.9590549468994,4.15011936638621e-06,0.0380166359245777,
2008-02-04,-27.7163848876953,0.32494929432869,0.0651193484663963,
2008-02-05,-23.9690246582031,6.8726954460144,0.103666089475155,
2008-02-06,-27.6208934783936,3.11182236671448,0.0654269456863403,
2008-02-07,-30.3115653991699,0.606582760810852,0.0567995347082615,
2008-02-08,-31.7189235687256,0.354468405246735,0.0622613243758678,
2008-02-09,-34.3000984191895,0.0128813562914729,0.0340406261384487,
2008-02-10,-28.582836151123,1.61905217170715,0.118770137429237,
2008-02-11,-21.8068389892578,0.404694110155106,0.129686370491982,
2008-02-12,-23.3643493652344,2.14515542984009,0.12829278409481,
2008-02-13,-22.8184642791748,1.68590569496155,0.130948409438133,
2008-02-14,-22.8116455078125,1.08012413978577,0.141138181090355,
2008-02-15,-14.3421249389648,0,0.197666272521019,
2008-02-16,-10.2550401687622,0.0516717545688152,0.154524594545364,
2008-02-17,-13.774338722229,0.422521203756332,0.167340263724327,
2008-02-18,-12.8953437805176,0.00300019141286612,0.259061634540558,
2008-02-19,-8.51265621185303,0.0297729391604662,0.264797866344452,
2008-02-20,-7.254075050354,0.00238863658159971,0.291203528642654,
2008-02-21,-3.77483940124512,0,0.339100420475006,
2008-02-22,-4.14525461196899,0,0.334336996078491,
2008-02-23,-5.71497392654419,0,0.280934363603592,
2008-02-24,-6.91200304031372,0.0852632597088814,0.215294003486633,
2008-02-25,-9.00550746917725,0.255429446697235,0.206958845257759,
2008-02-26,-10.6376466751099,0.388793706893921,0.218668445944786,
2008-02-27,-12.1896886825562,7.04972743988037,0.171319201588631,
2008-02-28,-16.9414501190186,1.69562721252441,0.223709121346474,
2008-02-29,-13.2155332565308,2.24128413200378,0.367921024560928,
2008-03-01,-20.898530960083,5.85039472579956,0.166585341095924,0.0134580776937405
2008-03-02,-28.3389511108398,0.923405170440674,0.177103385329247,0.0129404597955576
2008-03-03,-20.1137161254883,0.376857042312622,0.274148136377335,0.0125953811967689
2008-03-04,-19.6072425842285,0.00329536199569702,0.278598725795746,0.0124918567944001
2008-03-05,-16.6740207672119,0.00071419304003939,0.301080673933029,0.0124228418973746
2008-03-06,-13.5340728759766,0.0173886846750975,0.506225287914276,0.012250301569565
2008-03-07,-2.76910161972046,0.00340706063434482,0.576869368553162,0.0121812856441242
2008-03-08,-1.33641314506531,2.25806434173137e-05,0.662784337997437,0.0120087463447299
2008-03-09,-2.0967390537262,2.87284636497498,0.541511833667755,0.0131820150203927
2008-03-10,-1.54970455169678,0.666856408119202,0.610270142555237,0.0134580776937405
2008-03-11,-3.75167012214661,5.42856550216675,0.316812485456467,0.013354554319787
2008-03-12,-6.80025196075439,4.79874897003174,0.479159951210022,0.0134580776937405
2008-03-13,-10.6315841674805,0.28973263502121,0.41729149222374,0.0134925861706686
2008-03-14,-15.5767736434937,0.570853054523468,0.327364891767502,0.0133890627967151
2008-03-15,-21.5252475738525,0.0102697173133492,0.295198231935501,0.0133200468712743
2008-03-16,-22.1912212371826,0.916377425193787,0.377411693334579,0.013354554319787
2008-03-17,-12.0540056228638,0.798964381217957,0.553183078765869,0.0133890627967151
2008-03-18,-11.2906608581543,0,0.529613852500916,0.01314750757188
2008-03-19,-12.9072418212891,1.01319372653961,0.424702316522598,0.012836936421604
2008-03-20,-12.613431930542,0.00185387011151761,0.584449648857117,0.0124573493458873
2008-03-21,-9.56484508514404,0.0840055793523789,0.70434308052063,0.0121122707470987
2008-03-22,-5.03523302078247,0.0369986742734909,0.788525938987732,0.0119742388962171
2008-03-23,-2.66418313980103,0.0120053961873055,0.987880706787109,0.0119052229707763
2008-03-24,-1.42968833446503,1.3076776266098,0.640312194824219,0.0119052229707763
2008-03-25,-6.08538103103638,3.31072330474854,0.43244343996048,0.0118016995968228
2008-03-26,-10.3542575836182,0.657879829406738,0.657073199748993,0.0116636677459412
2008-03-27,-10.8284778594971,0.374004572629929,0.644622325897217,0.0116291602974285
2008-03-28,-9.83013248443604,0.380802005529404,0.703862428665161,0.0115946518205004
2008-03-29,-13.1440925598145,0.0509689413011074,0.620679140090942,0.0115946518205004
2008-03-30,-13.6159286499023,0.206412076950073,0.7518190741539,0.0114911284465469
2008-03-31,-8.10331439971924,0.0991899818181992,0.908835172653198,0.0113530965956653
2008-04-01,-5.89695310592651,0.0139650888741016,1.03407633304596,0.0112495732217118
2008-04-02,-3.66861176490784,2.31484270095825,1.07890725135803,0.0112150647447837
2008-04-03,-7.76994180679321,1.77263236045837,0.711507022380829,0.0112495732217118
2008-04-04,-9.87642669677734,0.275414079427719,0.709063827991486,0.0112150647447837
2008-04-05,-9.393479347229,0.295322358608246,0.943740010261536,0.0111115413708302
2008-04-06,-6.46750497817993,0.385719448328018,0.965095043182373,0.0110425254453895
2008-04-07,-1.41542708873749,0.286710798740387,1.11415159702301,0.0111115413708302
2008-04-08,1.27711260318756,0.793798387050629,1.27598893642426,0.0112150647447837
2008-04-09,1.25985264778137,1.135418176651,0.780799269676209,0.0109735095199486
2008-04-10,-0.805743217468262,0.0903118699789047,1.29863727092743,0.0108699861459951
2008-04-11,1.62110269069672,0.170133531093597,1.5095466375351,0.0109735095199486
2008-04-12,3.29981327056885,0.00487286178395152,1.53563952445984,0.0113876050725934
2008-04-13,6.42263317108154,1.2022807598114,1.81301498413086,0.0155285513433029
2008-04-14,1.93169224262238,0.193007856607437,1.58236396312714,0.0207047364956244
2008-04-15,-0.42424687743187,0.568909823894501,0.974486827850342,0.0293317096926628
2008-04-16,-0.632247626781464,0.355856388807297,1.45095086097717,0.0414094729912489
2008-04-17,-3.38093948364258,11.2203311920166,0.596319913864136,0.0621142053732116
2008-04-18,-14.8326444625854,4.05891513824463,0.597188889980316,0.067290392582364
2008-04-19,-12.4384059906006,0.0897936522960663,0.937081933021545,0.10939002277119
2008-04-20,-9.74514007568359,0,1.02299880981445,0.192208968753687
2008-04-21,-9.81679439544678,0.00860187970101833,0.80663013458252,0.147693788373341
2008-04-22,-9.26733779907227,0.672711312770844,0.761481285095215,0.142862671535655
2008-04-23,-8.51518249511719,0.722173571586609,0.89616721868515,0.148383945570918
2008-04-24,-12.59983253479,0.666557252407074,0.897641956806183,0.120777624758537
2008-04-25,-8.12929058074951,1.12719098979142e-05,1.31516969203949,0.100072892376574
2008-04-26,0.199589118361473,7.88543184171431e-06,1.99046659469605,0.0897205179582701
2008-04-27,2.76682329177856,1.44073665142059,2.07779550552368,0.0862697319703837
2008-04-28,7.8795919418335,1.24844217300415,1.90462410449982,0.207047356728921
2008-04-29,6.1552996635437,0,2.22852110862732,0.414094713457842
2008-04-30,8.7614164352417,0.140332102775574,2.54213500022888,0.496913642985695
2008-05-01,7.11323356628418,0,2.87357878684998,1.77715647858991
2008-05-02,8.01715469360352,0,2.60943031311035,3.79586820669688
2008-05-03,9.02471542358398,0.00582530815154314,2.63786292076111,4.48602606245995
2008-05-04,7.34187984466553,3.79362154006958,1.4986332654953,4.48602606245995
2008-05-05,5.28337669372559,1.79758644104004,1.94377875328064,4.00291556342581
2008-05-06,6.80063152313232,0.269203335046768,2.45047235488892,3.42663385917337
2008-05-07,4.76884078979492,0,2.79985642433167,3.06084998499948
2008-05-08,2.96944308280945,0.00139338686130941,2.94590353965759,2.6812631643298
2008-05-09,3.03317284584045,0.0246913712471724,2.82017731666565,2.32583202657641
2008-05-10,6.3101921081543,0.383573234081268,3.17639589309692,1.98765457194278
2008-05-11,6.00450611114502,0.38741347193718,3.33585047721863,1.74955019068682
2008-05-12,7.67006397247314,0.0161776021122932,3.66859102249146,1.57701072674605
2008-05-13,8.12898063659668,0.246502816677094,3.03985095024109,1.4458807604785
2008-05-14,8.01997184753418,0.0042350897565484,3.93872380256653,1.35270942362305
2008-05-15,11.8385858535767,0.0892625600099564,4.32639789581299,1.28369363804674
2008-05-16,11.5716190338135,0,4.85500717163086,1.23193179886451
2008-05-17,10.1754732131958,0.948823153972626,3.50257682800293,1.15601440840314
2008-05-18,11.374137878418,6.41731405258179,3.14339447021484,1.06629387399023
2008-05-19,6.8751015663147,3.30402779579163,1.2491352558136,1.00417969329898
2008-05-20,7.18580532073975,4.6351957321167,1.694979429245,0.99037654934744
2008-05-21,6.13179397583008,10.0023612976074,0.646873414516449,1.03868758608714
2008-05-22,6.54115772247314,5.86955213546753,0.613284468650818,1.21812858909438
2008-05-23,6.19245433807373,0.295387864112854,1.30882453918457,1.77370574196596
2008-05-24,9.28561115264893,0.0120125999674201,3.21125316619873,2.04631801601007
2008-05-25,10.1921281814575,0.00174603227060288,4.19517135620117,1.79095968836003
2008-05-26,11.090690612793,0,4.76492166519165,1.56665838523703
2008-05-27,13.0300693511963,0,4.99195766448975,1.36996337001713
2008-05-28,14.4366931915283,0,5.19505548477173,1.25608735014365
2008-05-29,14.5675983428955,2.51235938072205,3.98396611213684,1.20777624758537
2008-05-30,9.43654823303223,2.63198566436768,3.776202917099,1.13876046200907
2008-05-31,7.49152994155884,1.39188063144684,3.06849241256714,1.06974467643276
2008-06-01,8.46966934204102,0.384198665618897,4.28407621383667,1.00072889085645
2008-06-02,13.4727983474731,0.35176357626915,4.92997360229492,0.959319393183233
2008-06-03,15.3662204742432,0.845491409301758,4.74427652359009,0.931713105280144
2008-06-04,11.9577722549438,0.0408165864646435,5.2240629196167,0.879951266097914
2008-06-05,13.3298559188843,1.06938230991364,4.03952646255493,0.845443373309761
2008-06-06,13.5237665176392,5.27165746688843,3.20408511161804,0.828189426915684
2008-06-07,13.3165836334229,4.81581449508667,2.91304922103882,0.821287822030619
2008-06-08,12.1074485778809,6.82483816146851,2.91024374961853,0.828189426915684
2008-06-09,11.535439491272,0.272765398025513,2.70192742347717,0.862697319703837
2008-06-10,10.6800708770752,3.66345524787903,3.18492579460144,0.897205212491991
2008-06-11,12.2908525466919,8.01271438598633,2.92297458648682,0.966220998068298
2008-06-12,12.2678556442261,0.582233667373657,4.30529356002808,1.17326835479722
2008-06-13,12.5169544219971,10.6006422042847,2.56418752670288,1.38031571152614
2008-06-14,10.9210042953491,11.2732582092285,0.850733757019043,1.9324419961366
2008-06-15,9.90625,0.192297533154488,3.62536382675171,1.89793410334844
2008-06-16,10.4417486190796,4.58108377456665,3.82615423202515,1.79441042498398
2008-06-17,10.0228776931763,0.614469051361084,3.38951897621155,1.69088674661952
2008-06-18,11.956075668335,0,4.2739143371582,1.44242989221738
2008-06-19,12.6271486282349,1.18439018726349,4.33349800109863,1.31129992594983
2008-06-20,13.6251401901245,3.12798857688904,3.90276551246643,1.24228414037353
2008-06-21,15.6256618499756,0.188146397471428,4.58890962600708,1.12150651561499
2008-06-22,15.5574722290039,0.713159263134003,3.91651892662048,1.0352367836446
2008-06-23,12.6767272949219,4.15939426422119,2.72943520545959,0.966220998068298
2008-06-24,12.6528759002686,0.194573134183884,4.66583681106567,0.862697319703837
2008-06-25,13.6679496765137,4.00444316864014,3.70850229263306,0.966220998068298
2008-06-26,11.2185916900635,7.64882183074951,2.52241230010986,1.0352367836446
2008-06-27,13.1422462463379,0.276526808738709,4.59482049942017,1.00072889085645
2008-06-28,16.718900680542,0.246336549520493,4.92983293533325,0.948967051674221
2008-06-29,16.0914726257324,6.45525346953946e-07,5.5011773109436,0.828189426915684
2008-06-30,13.0209636688232,0.167904570698738,4.41423511505127,0.655649962974917
2008-07-01,14.4053344726562,0.0859470739960671,3.40183925628662,0.552126284610456
2008-07-02,15.3285779953003,0.12688247859478,5.34510850906372,0.448602606245995
2008-07-03,19.5892925262451,1.27353870868683,5.28099346160889,0.396840767063765
2008-07-04,14.3023118972778,7.93645143508911,1.43269276618958,0.362332874275612
2008-07-05,12.9123878479004,1.2803852558136,2.844810962677,0.351980499857306
2008-07-06,12.4055423736572,0,3.25254368782043,0.355431302299841
2008-07-07,14.0034055709839,0.0162969660013914,3.31780385971069,0.365783676718143
2008-07-08,13.6486368179321,7.08917284011841,3.26277184486389,0.424447087876148
2008-07-09,12.3086557388306,2.76233243942261,3.36570692062378,0.517618391822302
2008-07-10,12.5019693374634,1.04435753822327,3.84829878807068,0.58663417739861
2008-07-11,13.81090259552,0.308306485414505,4.32692527770996,0.483110499034149
2008-07-12,14.6270332336426,2.63380813598633,3.7279794216156,0.403742339039536
2008-07-13,13.7819290161133,3.05506539344788,3.24580407142639,0.345078927881535
2008-07-14,12.8919334411621,3.57049870491028,3.04293322563171,0.351980499857306
2008-07-15,12.4422225952148,3.53979420661926,3.28167700767517,0.355431302299841
2008-07-16,12.3229303359985,2.61790990829468,3.88377451896668,0.379586820669689
2008-07-17,15.1840972900391,0.155333369970322,4.26743412017822,0.427897857409388
2008-07-18,15.3088636398315,0.703026831150055,4.02153396606445,0.465856552640072
2008-07-19,17.0926113128662,0.107972651720047,4.77596235275269,0.483110499034149
2008-07-20,16.8633098602295,0.342168688774109,4.2765154838562,0.448602606245995
2008-07-21,15.3348598480225,1.49679553508759,4.04130172729492,0.407193141482071
2008-07-22,12.7144117355347,0.023006908595562,4.28897476196289,0.362332874275612
2008-07-23,14.3891258239746,0.228481248021126,4.37131834030151,0.298838346279923
2008-07-24,14.9050550460815,0.0632549151778221,4.44255542755127,0.265710767886924
2008-07-25,15.5865163803101,2.53500598290657e-09,4.64755916595459,0.241555249517075
2008-07-26,16.9687175750732,0.0940373763442039,4.94786024093628,0.203596570741035
2008-07-27,17.7044849395752,1.99865067005157,4.08363342285156,0.182891838359072
2008-07-28,15.9256391525269,4.70177793502808,3.09272170066834,0.172539463940767
2008-07-29,14.4995737075806,0.00479042250663042,3.44307541847229,0.175990249928654
2008-07-30,16.1938171386719,3.62685346603394,2.93099403381348,0.189793410334844
2008-07-31,14.2331123352051,11.3380947113037,1.74151527881622,0.196694982310617
2008-08-01,13.3146858215332,10.9630365371704,1.5186539888382,0.19151881155611
2008-08-02,10.445873260498,4.20281934738159,0.516092777252197,0.189448323508733
2008-08-03,11.8987274169922,0.323960691690445,1.6733945608139,0.190138497160956
2008-08-04,13.647650718689,1.33283817768097,3.09966826438904,0.200490855124614
2008-08-05,14.3668222427368,1.18460249900818,2.95904421806335,0.194279440346419
2008-08-06,17.810977935791,0.10218845307827,4.36300325393677,0.187032781544535
2008-08-07,20.7535552978516,0.000239397544646636,4.72614288330078,0.185307380323269
2008-08-08,20.8680839538574,0.533373057842255,4.64686870574951,0.175990249928654
2008-08-09,20.9098834991455,0.0237315725535154,4.82787132263184,0.170814062719502
2008-08-10,19.3691101074219,5.80865049362183,2.69934034347534,0.165292805138884
2008-08-11,13.9521217346191,0.0294667035341263,3.67694926261902,0.153905203151536
2008-08-12,12.1835565567017,0.695102870464325,1.96602499485016,0.144933143128387
2008-08-13,14.28688621521,1.11420941352844,2.15557956695557,0.140102042745346
2008-08-14,16.5794372558594,0.531778573989868,4.10388040542603,0.142517601164189
2008-08-15,17.9146137237549,0.40156814455986,4.08233308792114,0.144588072756921
2008-08-16,16.8792285919189,10.8925485610962,3.60815358161926,0.151144574361227
2008-08-17,15.834698677063,0.257083266973496,3.93758726119995,0.155975674744268
2008-08-18,19.2638359069824,0.32916048169136,4.18671178817749,0.145278229954498
2008-08-19,14.3146057128906,0,2.69576549530029,0.142172514338077
2008-08-20,7.72626876831055,0.755484163761139,0.926925182342529,0.138376657978726
2008-08-21,7.65616846084595,0.0516645610332489,2.44717001914978,0.132165226745885
2008-08-22,8.85568046569824,0.456990659236908,2.42250752449036,0.124918567944001
2008-08-23,13.0285778045654,0.482556849718094,3.29227638244629,0.119397310363383
2008-08-24,15.5136308670044,1.96694600582123,3.26325559616089,0.113876044555442
2008-08-25,12.9042062759399,0.780987024307251,2.71266531944275,0.106974464352347
2008-08-26,9.56189060211182,0.0523205362260342,3.03079795837402,0.10352367836446
2008-08-27,9.44340133666992,0.632228910923004,2.85697317123413,0.100763049574152
2008-08-28,9.5757360458374,5.49907350540161,2.05018615722656,0.10110812817294
2008-08-29,7.75217294692993,0.227778092026711,1.94559586048126,0.0955868623649993
2008-08-30,4.37078857421875,1.17071092128754,1.4792971611023,0.0921360763771133
2008-08-31,5.06971883773804,0.382152736186981,1.43813979625702,0.0873049677667496
2008-09-01,8.03077602386475,0.0279740858823061,2.50614476203918,0.0845443389764408
2008-09-02,9.03199672698975,0.176075786352158,2.15024924278259,0.0828189459824974
2008-09-03,9.11450672149658,2.39355659484863,2.11376690864563,0.0766075229769795
2008-09-04,7.70601987838745,2.68959188461304,1.85945272445679,0.0693608641750957
2008-09-05,6.38684415817261,0.433196485042572,1.81087625026703,0.0697059427738841
2008-09-06,6.21137189865112,1.19279313087463,1.81708645820618,0.0676354711811524
2008-09-07,8.19124698638916,0.192665994167328,2.24581074714661,0.065910074073548
2008-09-08,8.95906829833984,5.02062892913818,1.00897312164307,0.0641846810796047
2008-09-09,7.37067031860352,5.36104393005371,1.25550949573517,0.0648748382771822
2008-09-10,7.42433214187622,0.105539985001087,1.61959707736969,0.0652199168759709
2008-09-11,10.175012588501,0.358629196882248,2.4950110912323,0.0652199168759709
2008-09-12,6.89153957366943,0.442909449338913,1.42042362689972,0.0652199168759709
2008-09-13,7.94924116134644,0.000657445751130581,2.15528631210327,0.0666002312711252
2008-09-14,8.68780136108398,0.124951705336571,1.54964625835419,0.0645297596783934
2008-09-15,11.1713676452637,0.976392149925232,1.74907672405243,0.0617691267744232
2008-09-16,6.39778709411621,1.39932703971863,0.635551452636719,0.0579732580740868
2008-09-17,4.73823642730713,1.30015480518341,1.03904843330383,0.0562478650801438
2008-09-18,5.73047304153442,0.675321877002716,0.826307773590088,0.0541773934874121
2008-09-19,2.25900983810425,0.00585961667820811,1.11145639419556,0.0524519963798074
2008-09-20,6.25282001495361,0,1.74227285385132,0.0514167605834415
2008-09-21,7.49848365783691,1.49907946586609,1.15884482860565,0.0576281794752984
2008-09-22,6.15911865234375,38.2174949645996,0.103603683412075,0.0693608641750957
2008-09-23,3.11122345924377,17.1979598999023,0.587347447872162,0.080748466162443
2008-09-24,2.64514446258545,0.302526921033859,1.19878470897675,0.0883402035631154
2008-09-25,1.52285182476044,0.539221167564392,1.23564767837524,0.158046146337
2008-09-26,1.1073511838913,0.574401497840881,1.14584791660309,0.245351122331072
2008-09-27,3.93363285064697,0.115687757730484,0.925104081630707,0.247421593923804
2008-09-28,5.02095794677734,0.0385347045958042,0.989837527275085,0.228097175936995
2008-09-29,6.6897668838501,1.98608195205452e-05,1.29841434955597,0.217054644321114
2008-09-30,8.56378555297852,1.75835612736819e-08,1.40253925323486,0.21291370113565
2008-10-01,14.3162660598755,1.04996515801759e-05,1.70686745643616,0.205321955507655
2008-10-02,16.2236557006836,0.00300590391270816,1.91252064704895,0.201526099148303
2008-10-03,14.3154125213623,4.63461401523091e-05,1.05423200130463,0.197730226334305
2008-10-04,12.8655128479004,0.00562238181009889,1.4270988702774,0.193244196322731
2008-10-05,10.8838930130005,6.89312744140625,0.576846301555634,0.190138497160956
2008-10-06,6.7177939414978,0.459714084863663,1.23928928375244,0.186342624346958
2008-10-07,2.79527068138123,3.44106030464172,0.680388391017914,0.193589283148842
2008-10-08,1.2633581161499,15.1739797592163,0.145046070218086,0.205667042333766
2008-10-09,-0.875742137432098,2.78873038291931,0.340400099754334,0.211188299914384
2008-10-10,-1.35383105278015,0.0515428297221661,0.484264582395554,0.233618433517613
2008-10-11,0.774187922477722,0.036630854010582,0.809757649898529,0.250182222714113
2008-10-12,4.03881502151489,0.142280399799347,0.749006748199463,0.249146978690424
2008-10-13,3.29386353492737,0.440025627613068,0.543818891048431,0.236033991936456
2008-10-14,0.225190192461014,0.0447549372911453,0.669618606567383,0.23120287509877
2008-10-15,1.91881442070007,4.05952596338466e-06,0.63232558965683,0.219470202739957
2008-10-16,0.683614492416382,0.0599988698959351,0.504291772842407,0.20808260075261
2008-10-17,-0.471027910709381,2.91826033592224,0.144557446241379,0.191863881927576
2008-10-18,-1.6636575460434,0.945569097995758,0.324367016553879,0.180476279940229
2008-10-19,-0.783849716186523,0.289636462926865,0.403089463710785,0.174609935533499
2008-10-20,0.294790834188461,0.205166906118393,0.500004351139069,0.174264865162033
2008-10-21,-0.643676936626434,1.09370529651642,0.290349960327148,0.185307380323269
2008-10-22,-0.303819596767426,2.30445146560669,0.488277852535248,0.165982962336461
2008-10-23,3.67389583587646,0,0.996085643768311,0.170468992348036
2008-10-24,1.8484091758728,0.0329645052552223,0.626395225524902,0.15217980193027
2008-10-25,-0.829080760478973,4.72674560546875,0.870406270027161,0.143552828733232
2008-10-26,-11.2161045074463,0.258053481578827,0.448722153902054,0.140447129571457
2008-10-27,-5.73046684265137,1.68103815667564e-05,0.408802002668381,0.155285517546691
2008-10-28,-1.30173170566559,0.733384072780609,0.322856694459915,0.164947734767418
2008-10-29,-2.23226523399353,1.15653133392334,0.273235827684402,0.17184930674319
2008-10-30,-7.34834671020508,0.0169822014868259,0.161496341228485,0.165637891964995
2008-10-31,-5.10666084289551,0.19793389737606,0.333402693271637,0.162187089522463
2008-11-01,0.45728263258934,0.329103529453278,0.221919745206833,
2008-11-02,-0.525027573108673,1.01500105857849,0.162031263113022,
2008-11-03,-0.623806893825531,0.298837333917618,0.0693356543779373,
2008-11-04,-3.15091896057129,1.00820505619049,0.138331070542336,
2008-11-05,-4.00534629821777,3.01476097106934,0.119349949061871,
2008-11-06,-4.67740392684937,0.531715095043182,0.0994933620095253,
2008-11-07,-4.92041873931885,0.0813968256115913,0.119871862232685,
2008-11-08,-0.61340320110321,2.62414169311523,0.00503626000136137,
2008-11-09,-1.25751495361328,3.12110066413879,0.0328106619417667,
2008-11-10,-5.71309947967529,2.6334547996521,0.0973628237843513,
2008-11-11,-8.78846073150635,0.55675882101059,0.0132324267178774,
2008-11-12,-5.0392370223999,1.59657371044159,0.106431394815445,
2008-11-13,-5.61928176879883,2.86983036994934,0.102015763521194,
2008-11-14,-8.96870517730713,3.06900874420535e-05,0,
2008-11-15,-7.2104377746582,1.5539858341217,0.0325348079204559,
2008-11-16,-8.72249221801758,0.159680798649788,0,
2008-11-17,-10.5514841079712,2.50706338882446,0.134808734059334,
2008-11-18,-11.3580770492554,6.63292980194092,0.15156315267086,
2008-11-19,-16.8223190307617,1.66664242744446,0,
2008-11-20,-14.2972888946533,0,0.137602880597115,
2008-11-21,-15.9091644287109,0.614966988563538,0.0170382726937532,
2008-11-22,-13.7295541763306,0.403916358947754,0.128191247582436,
2008-11-23,-13.1578741073608,0.0929482281208038,0.104857929050922,
2008-11-24,-5.13214635848999,0.0841576233506203,0.0677581578493118,
2008-11-25,-4.91385078430176,0.546409726142883,0,
2008-11-26,-5.54923725128174,0.0359739623963833,0.0211405046284199,
2008-11-27,-8.59486961364746,0,0.00640827883034945,
2008-11-28,-8.81602382659912,0.238931357860565,0.0215870290994644,
2008-11-29,-9.26856136322021,0.00685398140922189,0,
2008-11-30,-6.93390512466431,7.73030233383179,0.0210998374968767,
2008-12-01,-7.72284364700317,6.50389003753662,0.13138385117054,
2008-12-02,-12.955340385437,0.999222159385681,0.04887780174613,
2008-12-03,-18.8140125274658,0.060062438249588,0,
2008-12-04,-18.3670253753662,2.30427646636963,0.11614428460598,
2008-12-05,-15.7010746002197,0.301987588405609,0.00262519321404398,
2008-12-06,-14.6972827911377,0.968410849571228,0.104137986898422,
2008-12-07,-15.5692739486694,1.5754861831665,0.0510804280638695,
2008-12-08,-22.7862319946289,1.16465485095978,0.0144820641726255,
2008-12-09,-26.3985462188721,3.8079297542572,0.0706054493784905,
2008-12-10,-23.2379474639893,1.50760221481323,0.0262947399169207,
2008-12-11,-19.8961372375488,0.0682146772742271,0.0229301694780588,
2008-12-12,-22.1410808563232,0.137143522500992,0.0395414084196091,
2008-12-13,-30.848783493042,0.0599822327494621,0.00303427875041962,
2008-12-14,-28.7151966094971,0.152508839964867,0.0288827810436487,
2008-12-15,-24.2155532836914,2.5818452835083,0.0841786116361618,
2008-12-16,-17.2564792633057,0.873170614242554,0.0275919772684574,
2008-12-17,-18.3524036407471,0.686122894287109,0.0673584043979645,
2008-12-18,-29.2584056854248,0.0811677202582359,0,
2008-12-19,-33.2205238342285,0,0.000578642764594406,
2008-12-20,-30.5894336700439,0.000128094688989222,0.00919524300843477,
2008-12-21,-25.5718631744385,0,0.0328156799077988,
2008-12-22,-25.4373054504395,0.0343554839491844,0.023663243278861,
2008-12-23,-24.3374881744385,0.0111292023211718,0.00614368496462703,
2008-12-24,-24.3741264343262,0.0104095134884119,0.0353401303291321,
2008-12-25,-25.658899307251,0.0142756886780262,0.0123855695128441,
2008-12-26,-24.9712543487549,2.0270037651062,0.0328510217368603,
2008-12-27,-21.4639797210693,2.2531270980835,0.0863216668367386,
2008-12-28,-27.8793029785156,0.0146244214847684,0,
2008-12-29,-27.8005867004395,0.272750556468964,0.0235751047730446,
2008-12-30,-26.1242809295654,1.67580831050873,0.0137532418593764,
2008-12-31,-29.0169696807861,1.90310549736023,0.0363803580403328,
2009-01-01,-27.1697692871094,2.24597215652466,0.0302705392241478,
2009-01-02,-32.5561904907227,0.040013886988163,0,
2009-01-03,-31.1470718383789,0.0667469725012779,0.0171328634023666,
2009-01-04,-23.3878040313721,0.114005461335182,0.0758764892816544,
2009-01-05,-18.7602844238281,6.69395971298218,0.137432336807251,
2009-01-06,-26.2037410736084,2.04044270515442,0.0223777331411839,
2009-01-07,-31.3143444061279,0.933242380619049,0.0184221528470516,
2009-01-08,-28.6850433349609,0.573299705982208,0.00154047389514744,
2009-01-09,-29.2509136199951,0.00801466125994921,0.0339992679655552,
2009-01-10,-24.7305812835693,0.371946543455124,0.0375070385634899,
2009-01-11,-26.4965229034424,0.378954231739044,0.0286645460873842,
2009-01-12,-26.139347076416,0.830913662910461,0.0767147764563561,
2009-01-13,-23.3905162811279,2.82560610771179,0.0296742562204599,
2009-01-14,-22.8981990814209,0.692858219146729,0.0753525719046593,
2009-01-15,-11.9928150177002,0.0619037002325058,0.221562698483467,
2009-01-16,-4.25072002410889,0.310058206319809,0.192999050021172,
2009-01-17,-0.794592976570129,0.320414125919342,0.413444638252258,
2009-01-18,2.90364789962769,0.108059108257294,0.48741015791893,
2009-01-19,0.585128009319305,0.12015538662672,0.375543594360352,
2009-01-20,-1.78651809692383,0.0078814709559083,0.299299508333206,
2009-01-21,-9.48492240905762,2.32424902915955,0.108777679502964,
2009-01-22,-22.890832901001,1.16375184059143,0.0932853743433952,
2009-01-23,-27.6474838256836,0.0724346786737442,0.0216085817664862,
2009-01-24,-25.129280090332,4.95746405704267e-07,0.115614756941795,
2009-01-25,-17.9748344421387,2.87175594415601e-09,0.163907289505005,
2009-01-26,-19.3522434234619,0,0.134738266468048,
2009-01-27,-13.6094694137573,2.167560338974,0.111791655421257,
2009-01-28,-16.8175373077393,0.869638979434967,0.025879317894578,
2009-01-29,-15.2992630004883,0.718158781528473,0.0926842242479324,
2009-01-30,-14.5238876342773,3.805180311203,0.214036911725998,
2009-01-31,-19.0403327941895,1.24698317050934,0.0965458899736404,
2009-02-01,-26.1596088409424,0.162756755948067,0.0628693625330925,
2009-02-02,-17.3310451507568,0.401391863822937,0.12617427110672,
2009-02-03,-10.6289100646973,0.301685839891434,0.301672756671906,
2009-02-04,-4.10561418533325,0.433239132165909,0.397630155086517,
2009-02-05,-12.3715801239014,0.00502919452264905,0.0572533532977104,
2009-02-06,-19.9806709289551,1.17647433280945,0.0282205920666456,
2009-02-07,-16.036226272583,1.47695982377627e-05,0.156694442033768,
2009-02-08,-10.9848022460938,0.00553591083735228,0.139771729707718,
2009-02-09,-13.1383781433105,2.85073614120483,0.108430653810501,
2009-02-10,-16.6291809082031,0.973885715007782,0.0771671757102013,
2009-02-11,-19.2031326293945,0.00547408405691385,0.0760460570454598,
2009-02-12,-19.679931640625,0.147945716977119,0.0933065265417099,
2009-02-13,-19.5515289306641,0.0190074574202299,0.0784574151039124,
2009-02-14,-17.0734348297119,0.066848911345005,0.116260387003422,
2009-02-15,-15.5652780532837,5.30548504684703e-07,0.13707447052002,
2009-02-16,-15.9369401931763,0,0.135199725627899,
2009-02-17,-14.898983001709,6.4877322074608e-06,0.216957673430443,
2009-02-18,-13.3541765213013,0.396903395652771,0.226935893297195,
2009-02-19,-14.922758102417,0.656742334365845,0.19287271797657,
2009-02-20,-12.7613124847412,1.53646838665009,0.250614106655121,
2009-02-21,-7.84548854827881,1.9902149438858,0.298991113901138,
2009-02-22,-15.0387601852417,1.49661552906036,0.218469172716141,
2009-02-23,-22.4613952636719,0.264175981283188,0.127596199512482,
2009-02-24,-25.681755065918,0.0548492185771465,0.108164399862289,
2009-02-25,-29.3011054992676,0.00660313945263624,0.0949908420443535,
2009-02-26,-25.0845890045166,1.78926384251099e-05,0.209122285246849,
2009-02-27,-21.3527565002441,0.0197277944535017,0.220907732844353,
2009-02-28,-22.4167137145996,0.0186398904770613,0.215456172823906,
2009-03-01,-15.5162134170532,0.0310934446752071,0.351454436779022,0.0186342628460619
2009-03-02,-6.92119979858398,0.272935509681702,0.540443122386932,0.0173229612911022
2009-03-03,-9.65606021881104,1.41064643859863,0.284065216779709,0.016115186195342
2009-03-04,-15.3014793395996,0.00422637863084674,0.278157979249954,0.0151489652960016
2009-03-05,-21.7513561248779,0.207044064998627,0.201231017708778,0.0143552836960555
2009-03-06,-20.8874130249023,1.0588036775589,0.342978715896606,0.0137341413955037
2009-03-07,-14.9507369995117,3.93792510032654,0.271103143692017,0.0135961095446221
2009-03-08,-26.1781005859375,0.382457464933395,0.169634744524956,0.0135616020961094
2009-03-09,-31.0570297241211,0.0465909913182259,0.124439939856529,0.0133200468712743
2009-03-10,-27.8312530517578,0,0.195094227790833,0.0132510309458335
2009-03-11,-22.4197483062744,0.331899762153626,0.309936583042145,0.0132165224689054
2009-03-12,-15.3479795455933,2.05055451393127,0.498455762863159,0.0130439831695111
2009-03-13,-16.9907836914062,4.2605767250061,0.429138749837875,0.0126643971222097
2009-03-14,-16.1636638641357,0.259254395961761,0.375777781009674,0.0123193174950058
2009-03-15,-16.2577629089355,0.640948712825775,0.413645714521408,0.011732683671382
2009-03-16,-18.8314418792725,1.23467481136322,0.297540575265884,0.0109044946229232
2009-03-17,-22.0708637237549,0.161965444684029,0.325929641723633,0.0101453204714898
2009-03-18,-20.1394309997559,0.854526937007904,0.44693124294281,0.00962770257330686
2009-03-19,-12.2421798706055,0.573909997940064,0.494396209716797,0.009524178170938
2009-03-20,-14.6619157791138,2.05612015724182,0.539486229419708,0.00962770257330686
2009-03-21,-12.9894208908081,8.07002639770508,0.492299348115921,0.00983474932121389
2009-03-22,-13.9647006988525,1.83215504989676e-07,0.495812922716141,0.0100417970975363
2009-03-23,-13.5368576049805,0.0404646135866642,0.707214057445526,0.00997278117209549
2009-03-24,-6.88422679901123,2.11443853378296,0.713311731815338,0.0101108130229771
2009-03-25,-9.88069152832031,3.07430171966553,0.516677498817444,0.0102488438454433
2009-03-26,-9.28799057006836,2.46904587745667,0.894383192062378,0.0103178597708841
2009-03-27,-0.825620949268341,0.319456428289413,1.03673911094666,0.0105249075472065
2009-03-28,-3.72578835487366,1.21918046474457,0.732215166091919,0.0105249075472065
2009-03-29,-4.81349897384644,0.913940608501434,0.717666268348694,0.0104903990702784
2009-03-30,-4.31646537780762,0.845429420471191,0.926463901996613,0.0103868756963249
2009-03-31,-1.89527189731598,0.693189084529877,1.02873456478119,0.0101108130229771
2009-04-01,-5.70578861236572,0.761097073554993,0.829082012176514,0.0097312259472604
2009-04-02,-4.04632806777954,0.610642969608307,0.991661489009857,0.0094206547969845
2009-04-03,-4.68003463745117,0.339758723974228,0.841280162334442,0.00948967072242526
2009-04-04,-4.12601613998413,0.125096753239632,1.04895305633545,0.0102833523223714
2009-04-05,-0.0294058993458748,0.698079109191895,1.20928287506104,0.0104903990702784
2009-04-06,3.02995228767395,1.34346604347229,1.18892419338226,0.00931713142303096
2009-04-07,0.467591732740402,0.834403812885284,1.00980961322784,0.00824738612132168
2009-04-08,-0.338557749986649,0.00278448965400457,1.06205868721008,0.008972051795827
2009-04-09,-1.52109408378601,3.3140389919281,0.846371412277222,0.0133200468712743
2009-04-10,1.09995758533478,1.03109800815582,0.909853160381317,0.0231893036410009
2009-04-11,2.83083462715149,0.310738235712051,1.51176726818085,0.0330240539906301
2009-04-12,3.06746435165405,6.74479532241821,0.499566316604614,0.0483110490806825
2009-04-13,2.00056457519531,0.82160496711731,1.30109775066376,0.0779878373721341
2009-04-14,0.478693932294846,0.523979008197784,1.37332153320313,0.145968387152075
2009-04-15,1.17542517185211,0.692472159862518,1.58058845996857,0.17771565114992
2009-04-16,4.00831270217896,0.282067120075226,1.8954850435257,0.212568614309539
2009-04-17,4.26209926605225,0.32637295126915,1.97635412216187,0.312296436314647
2009-04-18,4.45008563995361,0.145972311496735,1.51873183250427,0.552126284610456
2009-04-19,2.48087644577026,0.155830577015877,1.80825769901276,0.769525982848388
2009-04-20,2.08797454833984,0.0488062091171742,1.73664116859436,0.455504178221767
2009-04-21,-0.787158608436584,5.8929591178894,0.761652648448944,0.320578322685574
2009-04-22,-5.84860324859619,7.28480195999146,0.593238353729248,0.306775178734029
2009-04-23,-8.26493644714355,0.835619568824768,0.980411350727081,0.315747205847888
2009-04-24,-8.27303504943848,0.236709237098694,1.33889198303223,0.290901546735107
2009-04-25,-3.82199907302856,1.24919450283051,1.26854407787323,0.278478684269426
2009-04-26,-1.41238677501678,1.1483393907547,1.4064267873764,0.276063142305228
2009-04-27,-3.99762368202209,0.00151402037590742,1.40115666389465,0.248456821492847
2009-04-28,-2.65537858009338,0,1.66658699512482,0.244315878307383
2009-04-29,2.0508496761322,0.000904068234376609,1.66960656642914,0.24017493512192
2009-04-30,3.20516204833984,0.04857013002038,2.04138588905334,0.232928276320036
2009-05-01,5.59604406356812,0.0392612218856812,2.03315019607544,0.241900336343186
2009-05-02,5.33280801773071,0.142482161521912,2.37414383888245,0.294697403094459
2009-05-03,9.69915580749512,0.133336156606674,2.75370121002197,0.728116550993754
2009-05-04,8.92677116394043,7.56237602233887,1.77952790260315,2.14639095775058
2009-05-05,3.83638668060303,1.74648356437683,1.13075435161591,3.16782466326222
2009-05-06,4.83684396743774,0.446202993392944,2.14860081672668,3.96840767063765
2009-05-07,6.90908432006836,1.26820981502533,2.10944247245789,4.31348659851919
2009-05-08,7.56571054458618,0.639779925346375,2.41529393196106,4.79659709755334
2009-05-09,8.2951545715332,2.15932321548462,2.56644606590271,4.9001207759178
2009-05-10,9.41389465332031,0.972990155220032,2.99015974998474,4.86561288312964
2009-05-11,4.02557992935181,0.0878316164016724,1.68810880184174,4.62405763361257
2009-05-12,-2.2424795627594,0.724553167819977,2.19661641120911,4.00291556342581
2009-05-13,-1.77857351303101,0.467789769172669,1.99811089038849,3.2299387123163
2009-05-14,1.26636576652527,1.8127133846283,2.2963182926178,2.69506637409992
2009-05-15,1.7208354473114,0.55402398109436,1.93744826316834,2.40520002202457
2009-05-16,1.60039889812469,2.59226226806641,1.62074744701386,2.20505440181787
2009-05-17,-3.55463290214539,0.117404840886593,2.16707754135132,2.0601212257802
2009-05-18,-1.97322845458984,0.140600770711899,2.64170098304749,1.89448336672449
2009-05-19,3.95157361030579,0.0536747947335243,3.24784064292908,1.69088674661952
2009-05-20,3.6548376083374,0.00601073773577809,2.89655017852783,1.57010912186098
2009-05-21,2.08530569076538,6.94834767500652e-09,3.08827376365662,1.49419173139961
2009-05-22,5.69595146179199,0,3.61675357818604,1.36996337001713
2009-05-23,10.0312042236328,0.290579110383987,3.7798478603363,1.29059524293181
2009-05-24,9.20306968688965,0.282393455505371,2.79441428184509,1.23883340374958
2009-05-25,5.86865520477295,0.562457919120789,2.5273163318634,1.20777624758537
2009-05-26,6.64681053161621,0.0159549657255411,3.92667889595032,1.15601440840314
2009-05-27,7.30052852630615,1.06834983825684,3.59662556648254,1.09735096433585
2009-05-28,5.77334690093994,7.28848314285278,1.13794875144959,1.05594153248121
2009-05-29,6.14501142501831,3.01469039916992,3.56403470039368,1.01108123236546
2009-05-30,8.85089874267578,3.41892719268799,3.22821640968323,0.99727808841392
2009-05-31,5.7418098449707,0.65813422203064,2.10067057609558,1.02143363969306
2009-06-01,7.66199493408203,0,4.38712644577026,1.11805577899104
2009-06-02,11.4546728134155,0.659679889678955,3.88297581672668,1.20432551096142
2009-06-03,12.8817005157471,0.374681413173676,3.9587824344635,1.14221119863302
2009-06-04,6.01068210601807,0.168404638767242,3.78205990791321,1.05939233492375
2009-06-05,6.04235029220581,0.84487795829773,3.05390667915344,1.02488444213559
2009-06-06,6.21925354003906,0.00442277174443007,3.34261107444763,0.969671800510829
2009-06-07,8.88886737823486,0.101186588406563,3.96077108383179,0.904106817377056
2009-06-08,10.0680809020996,0.0786779597401619,4.299880027771,0.84199257086723
2009-06-09,11.6036767959595,0.265387237071991,4.01592111587524,0.79368153412753
2009-06-10,13.0962219238281,0.249643042683601,4.07577562332153,0.7419196949453
2009-06-11,12.3231678009033,6.38044148217887e-05,4.64048004150391,0.69015785576307
2009-06-12,13.6014165878296,0.754798471927643,4.48506879806519,0.648748358089851
2009-06-13,15.1620712280273,7.06362915039063,3.30961561203003,0.624592872629294
2009-06-14,14.5202283859253,0,4.87487888336182,0.603888123792686
2009-06-15,14.8877067565918,0.123757593333721,5.10455369949341,0.610789728677751
2009-06-16,15.9889125823975,5.06223583221436,3.51323747634888,0.662551567859982
2009-06-17,13.9317398071289,0.573098003864288,4.29547548294067,0.666002304483928
2009-06-18,13.535514831543,7.85929822921753,3.1440966129303,0.710862604599678
2009-06-19,13.01926612854,1.60193169116974,4.40140914916992,0.759173641339377
2009-06-20,13.4021234512329,2.17499756813049,4.39754962921143,0.755722838896846
2009-06-21,13.9968490600586,2.04197692871094,4.97027444839478,0.735018090060235
2009-06-22,14.2637329101562,0.295638412237167,3.35579776763916,0.717764143666158
2009-06-23,12.2514419555664,0.798762977123261,2.89143633842468,0.669453106926462
2009-06-24,14.4806575775146,0.918380558490753,4.88401031494141,0.614240465301698
2009-06-25,14.182788848877,8.55427074432373,2.363933801651,0.562478626119468
2009-06-26,12.4000749588013,4.67227745056152,2.13301873207092,0.562478626119468
2009-06-27,12.0791616439819,2.03226709365845,3.68962669372559,0.569380231004533
2009-06-28,11.4879684448242,8.21662139892578,1.68848419189453,0.579732572513544
2009-06-29,7.77203893661499,15.466516494751,0.684845209121704,0.576281835889598
2009-06-30,7.76573514938354,6.69715356826782,1.23435735702515,0.738468892502769
2009-07-01,10.4206705093384,3.26763153076172,2.83972549438477,2.0014577817129
2009-07-02,11.0326299667358,2.6633448600769,2.708651304245,2.2326605580838
2009-07-03,10.6158752441406,4.71530818939209,3.1013810634613,1.85997547393634
2009-07-04,10.6148042678833,3.59884023666382,3.07378149032593,1.65637885383137
2009-07-05,12.0340871810913,1.30932080745697,3.74904370307922,1.50454407290863
2009-07-06,12.8011875152588,4.92546796798706,3.37068724632263,1.29404597955576
2009-07-07,12.6375389099121,0.000131512264488265,4.06788682937622,1.24918574525859
2009-07-08,11.9424142837524,1.46003353595734,2.92288136482239,1.40792199942923
2009-07-09,7.76194381713867,0.781851291656494,3.98154878616333,1.27679203316168
2009-07-10,9.28999710083008,0.0322316661477089,3.64825916290283,1.11115417410598
2009-07-11,13.014271736145,0.96088445186615,3.44353580474854,0.986925746904905
2009-07-12,13.2060222625732,18.8003444671631,3.22272658348084,0.907557554001002
2009-07-13,9.82875347137451,3.29700040817261,1.25263011455536,0.942065446789156
2009-07-14,9.19929122924805,0.223010629415512,3.21956634521484,1.17326835479722
2009-07-15,13.1296443939209,0.321973383426666,4.84236478805542,1.36996337001713
2009-07-16,14.225305557251,3.04834365844727,3.36172342300415,1.28714437467069
2009-07-17,12.5836935043335,4.42140960693359,4.38996505737305,1.11460491072992
2009-07-18,14.2663459777832,14.1278553009033,3.11294984817505,1.0352367836446
2009-07-19,14.9563579559326,0,2.8605489730835,1.04213838852967
2009-07-20,14.8598575592041,0.662229657173157,4.26036405563355,1.05594153248121
2009-07-21,17.1503887176514,1.45430600643158,4.09052276611328,0.99727808841392
2009-07-22,16.1605319976807,0.508851289749146,4.24184989929199,0.935163907722675
2009-07-23,15.5995922088623,0.000114711641799659,4.06344032287598,0.911008356443537
2009-07-24,18.611629486084,0.389236629009247,4.33996152877808,0.838541768424696
2009-07-25,18.1431674957275,0.084616482257843,4.88012218475342,0.772976785290923
2009-07-26,15.9856300354004,0.180738523602486,3.87749004364014,0.714313407042212
2009-07-27,16.5604438781738,0.262265712022781,2.83724498748779,0.659100765417447
2009-07-28,16.2756690979004,0.212562039494514,3.96678900718689,0.617691267744232
2009-07-29,16.9319725036621,1.11914873123169,3.67246580123901,0.59008497984114
2009-07-30,15.9323425292969,0.0406696014106274,3.57733178138733,0.555577087052987
2009-07-31,14.4837865829468,0.322011232376099,3.79034996032715,0.521069194264833
2009-08-01,18.0806045532227,2.24123525619507,4.5151515007019,0.510716819846531
2009-08-02,14.1797876358032,0.271190345287323,3.65994501113892,0.510716819846531
2009-08-03,9.04763984680176,1.01394999027252,1.94946038722992,0.49001207100992
2009-08-04,10.6988801956177,0.231690645217896,2.44959163665772,0.465856552640072
2009-08-05,12.0329303741455,0.137755453586578,3.22335720062256,0.43825023182769
2009-08-06,13.9845190048218,0,4.2473931312561,0.403742339039536
2009-08-07,15.3347501754761,0.308264851570129,3.91141057014465,0.379586820669689
2009-08-08,16.7186584472656,4.80829191207886,3.36662817001343,0.358882071833081
2009-08-09,13.2290296554565,0.874762415885925,2.2429666519165,0.341283071522183
2009-08-10,13.0267505645752,1.74933326244354,2.42635178565979,0.327479894661347
2009-08-11,11.5236406326294,5.42353391647339,2.8804669380188,0.320578322685574
2009-08-12,8.06070709228516,1.90703046321869,1.01850533485413,0.32230372390684
2009-08-13,7.87431192398071,0.353255182504654,1.69531214237213,0.314711978278845
2009-08-14,8.93562507629395,0.00321608735248446,2.76720070838928,0.308845633872116
2009-08-15,11.8506126403809,0.181621193885803,3.38431000709534,0.292281861130262
2009-08-16,13.4270181655884,0.0207324884831905,3.06364321708679,0.27951394474776
2009-08-17,16.1677627563477,1.01135754585266,3.66380882263184,0.263295225922726
2009-08-18,14.0056467056274,8.76372146606445,1.36493122577667,0.248111751121381
2009-08-19,11.5974626541138,1.90294861793518,2.48087620735168,0.238104463529188
2009-08-20,11.9618978500366,0.0733259543776512,2.92153143882751,0.223956216296886
2009-08-21,13.3415546417236,9.07195281982422,1.192547082901,0.216709573949648
2009-08-22,13.5853624343872,5.35684728622437,1.96690499782562,0.214984172728382
2009-08-23,11.1767663955688,0.627314984798431,3.27066731452942,0.219815273111423
2009-08-24,11.0134725570679,1.14004826545715,1.78634834289551,0.237414306331611
2009-08-25,9.69319343566895,4.51011466979981,1.12697410583496,0.257428881515997
2009-08-26,11.1817474365234,0.802960455417633,2.81938481330872,0.260534597132417
2009-08-27,12.7596626281738,1.45639189597091e-08,3.21844720840454,0.289521232339953
2009-08-28,12.875467300415,0.0998418107628822,3.46906876564026,0.369234446251383
2009-08-29,15.6756916046143,0.0289319828152657,2.98992514610291,0.365783676718143
2009-08-30,16.5091285705566,0.120062336325645,3.33189916610718,0.33127578392999
2009-08-31,16.0053882598877,0.0809387415647507,3.4749743938446,0.305394864338875
2009-09-01,12.2044258117676,0.110270850360394,2.68014264106751,0.27951394474776
2009-09-02,14.1335458755493,4.99900341033936,3.26337790489197,0.258809195911151
2009-09-03,16.2855396270752,0.715347588062286,2.32274675369263,0.236379062307922
2009-09-04,15.9350652694702,7.16508197784424,1.84174633026123,0.225681617518152
2009-09-05,13.4665327072144,5.43169546127319,0.358663409948349,0.224991460320575
2009-09-06,12.9117231369019,8.77220344543457,1.26207411289215,0.235343834738879
2009-09-07,10.0378103256226,20.7595691680908,0.59660542011261,0.277443456700383
2009-09-08,8.42096710205078,5.35267210006714,0.634033262729645,0.345078927881535
2009-09-09,6.36396551132202,0.0224916357547045,0.746201515197754,0.493462873452455
2009-09-10,8.65134620666504,0.0166193172335625,1.57426857948303,0.572831033447064
2009-09-11,12.2043304443359,2.43257800320862e-05,2.3929877281189,0.576281835889598
2009-09-12,15.8405704498291,2.43257800320862e-05,2.55868411064148,0.53832314065891
2009-09-13,17.0003795623779,2.43257800320862e-05,2.66358947753906,0.493462873452455
2009-09-14,16.7844200134277,2.43257800320862e-05,2.7680230140686,0.458954980664301
2009-09-15,13.7925252914429,0.0169361419975758,1.74757552146912,0.427897857409388
2009-09-16,10.6326856613159,0.0903281643986702,2.06549763679504,0.400291569506296
2009-09-17,10.1936445236206,0.00163538253400475,0.836391627788544,0.358882071833081
2009-09-18,10.0267562866211,0.253910452127457,1.94188225269318,0.332656098325144
2009-09-19,11.8784742355347,0.643315255641937,1.95001757144928,0.333346239068076
2009-09-20,7.85792589187622,2.41441535949707,0.815061986446381,0.308155493129184
2009-09-21,7.6318359375,0.815505266189575,1.68318724632263,0.292972001873193
2009-09-22,9.23713397979736,0.0952575132250786,1.22157740592957,0.27951394474776
2009-09-23,11.6009273529053,0.235389947891235,2.13178992271423,0.266746011910612
2009-09-24,11.7079620361328,0.0182024165987968,2.1368396282196,0.252252694306845
2009-09-25,8.47758197784424,0,1.8236722946167,0.246731436726227
2009-09-26,8.01604747772217,5.3482551574707,1.3204493522644,0.241555249517075
2009-09-27,6.25663566589355,0.699001729488373,0.733233213424683,0.225681617518152
2009-09-28,4.48753023147583,1.97040474414825,0.63372790813446,0.230512717901193
2009-09-29,4.341468334198,1.78681111335754,0.704621255397797,0.226716861541841
2009-09-30,2.65010070800781,3.11685991287231,0.639267265796661,0.226716861541841
2009-10-01,0.18288442492485,0.000547914241906256,0.992781341075897,0.251562537109268
2009-10-02,0.96264773607254,0.0470390468835831,0.872357189655304,0.227061931913307
2009-10-03,0.387875497341156,0.00881299842149019,0.597813427448273,0.211533386740496
2009-10-04,-0.13003596663475,8.96735491551226e-06,0.721901059150696,0.212223543938073
2009-10-05,0.324494659900665,2.43064498901367,0.489385455846787,0.206012112705232
2009-10-06,0.317420214414597,2.42667651176453,0.501813352108002,0.197385139508194
2009-10-07,-3.42309975624084,0.511361360549927,0.729291677474976,0.195659754741574
2009-10-08,-6.73095560073853,0.618041217327118,0.635325431823731,0.197730226334305
2009-10-09,-6.07636547088623,0.637427031993866,0.54493772983551,0.179095965545074
2009-10-10,-7.25577878952026,0.344994008541107,0.46616992354393,0.155975674744268
2009-10-11,-8.47953319549561,0.725409269332886,0.329259365797043,0.119397310363383
2009-10-12,-8.69159317016602,0.0132414903491735,0.380159467458725,0.165982962336461
2009-10-13,-7.50236320495605,0.00471434043720365,0.46892836689949,0.162187089522463
2009-10-14,-7.43442630767822,7.79641050030477e-06,0.525151789188385,0.149074102768496
2009-10-15,-5.53379583358765,0,0.45191890001297,0.158046146337
2009-10-16,-1.29966032505035,1.33809244632721,0.69732540845871,0.178405808347497
2009-10-17,2.06198763847351,2.60492277145386,0.349368274211884,0.177370564323808
2009-10-18,0.144106343388557,0.00657504238188267,0.373941212892532,0.163912490743729
2009-10-19,-0.574104964733124,2.39644050598145,0.291562020778656,0.183927065928115
2009-10-20,-0.95348060131073,0.325242638587952,0.335545808076859,0.167363276731615
2009-10-21,-1.1403968334198,0.015818988904357,0.241907402873039,0.151489644732693
2009-10-22,0.0545039884746075,0.919052064418793,0.219371184706688,0.144933143128387
2009-10-23,1.32645130157471,1.97923493385315,0.175465330481529,0.144242985930809
2009-10-24,1.42851686477661,3.30556631088257,0.117205172777176,0.149074102768496
2009-10-25,0.588877439498901,0.720649659633637,0.195742979645729,0.137686492553825
2009-10-26,0.232353821396828,3.87193083763123,0.222609922289848,0.13975697237388
2009-10-27,0.236422717571259,0.761561036109924,0.144109442830086,0.153905203151536
2009-10-28,-1.10171616077423,2.00731372833252,0.136678576469421,0.134925863763516
2009-10-29,-1.8254371881485,1.45983648300171,0.219754070043564,0.124918567944001
2009-10-30,-2.48417162895203,0.710459232330322,0.233754336833954,0.118707153165806
2009-10-31,-5.16106748580933,5.41104316711426,0.22549943625927,0.115946516148174
2009-11-01,-7.6020679473877,1.6804610490799,0.181678593158722,
2009-11-02,-7.91039562225342,0.215176612138748,0.0990991070866585,
2009-11-03,-9.2695369720459,1.93036496639252,0.165943622589111,
2009-11-04,-9.36163711547852,0.228432193398476,0.0778797790408135,
2009-11-05,-5.78020095825195,0.284960627555847,0.26794508099556,
2009-11-06,-1.23415315151215,0.0532150194048882,0.0422302149236202,
2009-11-07,-2.34175658226013,0.0398576520383358,0,
2009-11-08,-2.68455481529236,0.0476987846195698,0.0306601952761412,
2009-11-09,-5.99565935134888,0.0192795470356941,0.102796860039234,
2009-11-10,-4.82838010787964,4.61771535873413,0.105092771351337,
2009-11-11,-9.7716007232666,0.434274226427078,0,
2009-11-12,-10.464298248291,0.0401211977005005,0,
2009-11-13,-8.73507118225098,0.0908622369170189,0.00052401889115572,
2009-11-14,-8.68022632598877,0.0442110262811184,0.302286744117737,
2009-11-15,-2.73575687408447,0,0.110875621438026,
2009-11-16,-4.64685249328613,0.273088783025742,0.210631191730499,
2009-11-17,-4.76472806930542,10.8245258331299,0.153576120734215,
2009-11-18,-8.21597194671631,2.03562259674072,0.0180670320987701,
2009-11-19,-11.69007396698,0.0723235830664635,0.0824375376105309,
2009-11-20,-8.75889015197754,3.36155080795288,0.113503023982048,
2009-11-21,-10.7767324447632,1.46858239173889,0.0569602586328983,
2009-11-22,-13.6780853271484,0.00127107661683112,0,
2009-11-23,-13.3017711639404,0.150210216641426,0.0211935490369797,
2009-11-24,-11.4417772293091,1.87251877784729,0.00797477085143328,
2009-11-25,-10.1939125061035,0.24580343067646,0.119644083082676,
2009-11-26,-8.37299537658691,0.000446676305728033,0,
2009-11-27,-8.20416450500488,8.44727037474513e-05,0,
2009-11-28,-10.0695114135742,3.67139400623273e-05,0,
2009-11-29,-11.0191593170166,0.398726493120194,0.0203921720385551,
2009-11-30,-11.3169040679932,0.00185624463483691,0,
2009-12-01,-14.3085823059082,0.000198855879716575,0,
2009-12-02,-14.7916812896729,5.63621398441683e-08,0.046695739030838,
2009-12-03,-10.6699934005737,2.67176198959351,0.187523499131203,
2009-12-04,-6.41760683059692,2.11946082115173,0.220908716320992,
2009-12-05,-14.9833660125732,0.582831263542175,0.0732000395655632,
2009-12-06,-23.8126964569092,3.41516933985986e-05,0.00789333321154118,
2009-12-07,-22.5269069671631,0.0173787418752909,0.0636174753308296,
2009-12-08,-22.367073059082,0.112719386816025,0.0107755549252033,
2009-12-09,-21.7354698181152,0.894288718700409,0.0326179638504982,
2009-12-10,-24.945837020874,8.88504146132618e-05,0.030442139133811,
2009-12-11,-34.89892578125,4.49322305939859e-06,0,
2009-12-12,-34.9662208557129,0.0621797330677509,0.0138710392639041,
2009-12-13,-30.1871738433838,1.64830198627897e-05,0.0116691784933209,
2009-12-14,-29.4453506469727,1.64834727911511e-05,0.0282163452357054,
2009-12-15,-26.6856822967529,1.64834727911511e-05,0.0468195751309395,
2009-12-16,-22.194917678833,0,0.055130984634161,
2009-12-17,-15.7396907806396,0.358573198318481,0.0501895435154438,
2009-12-18,-10.248703956604,1.40669715404511,0.0646193027496338,
2009-12-19,-10.0452613830566,1.72369754314423,0.0923640951514244,
2009-12-20,-16.352409362793,0.230294913053513,0,
2009-12-21,-21.718729019165,0.000610231189057231,0.00947961676865816,
2009-12-22,-19.0852794647217,1.839728474617,0.0331517122685909,
2009-12-23,-21.5020580291748,0.450130462646484,0,
2009-12-24,-17.7176456451416,0.304300338029861,0.0580609738826752,
2009-12-25,-12.9703302383423,0,0.105842866003513,
2009-12-26,-7.8916277885437,0.00179621914867312,0.0598780326545239,
2009-12-27,-13.0114192962646,0.0209767576307058,0.011686441488564,
2009-12-28,-17.1879138946533,0.0708262696862221,0.032343540340662,
2009-12-29,-18.7901992797852,2.10118794441223,0.0484159253537655,
2009-12-30,-22.9637489318848,0.381557375192642,0,
2009-12-31,-28.4962463378906,0,0.000482226081658155,
2010-01-01,-25.4390144348145,0.269445449113846,0.0558141879737377,
2010-01-02,-26.5071907043457,0.0901121944189072,0,
2010-01-03,-28.2739353179932,0.00310618290677667,0.0112650571390986,
2010-01-04,-25.0116691589355,1.53815278736147e-06,0.015275601297617,
2010-01-05,-24.6311779022217,0,0.0232150834053755,
2010-01-06,-23.228645324707,0,0.0662508830428124,
2010-01-07,-16.8741550445557,0.000519438122864813,0.131614938378334,
2010-01-08,-11.0677318572998,1.11948132514954,0.127935618162155,
2010-01-09,-12.9922866821289,2.09151911735535,0.0479899719357491,
2010-01-10,-17.3662204742432,7.33009481430054,0.0509748570621014,
2010-01-11,-16.2869300842285,9.99227333068848,0.0787100493907929,
2010-01-12,-20.3532810211182,4.68895959854126,0.0768076553940773,
2010-01-13,-22.5123863220215,1.45530116558075,0.0572309531271458,
2010-01-14,-16.4081115722656,0.589592337608337,0.0914529711008072,
2010-01-15,-11.8046808242798,0.485933542251587,0.07159124314785,
2010-01-16,-13.0295133590698,0.185479342937469,0,
2010-01-17,-11.6570444107056,0.00728608435019851,0.0875895768404007,
2010-01-18,-10.3927822113037,0.0551676973700523,0.0485632382333279,
2010-01-19,-7.84994125366211,0.114145673811436,0.0246154218912125,
2010-01-20,-8.08433246612549,0.130540177226067,0.0816729366779327,
2010-01-21,-8.18589401245117,0.103290319442749,0.0818947106599808,
2010-01-22,-8.50258922576904,0.638702392578125,0.0420286543667316,
2010-01-23,-11.1981706619263,0.996846795082092,0.0793546363711357,
2010-01-24,-17.1549873352051,0.347652047872543,0.0367850288748741,
2010-01-25,-20.1011791229248,0.274834364652634,0.00786310527473688,
2010-01-26,-19.7880344390869,0.0431226305663586,0.100668802857399,
2010-01-27,-15.9020309448242,0.0282486863434315,0.162370696663857,
2010-01-28,-15.6581163406372,0.00221968116238713,0.0826922953128815,
2010-01-29,-17.0188617706299,0.322451323270798,0.0749610438942909,
2010-01-30,-22.1226177215576,0.123252213001251,0.0279918350279331,
2010-01-31,-20.2546043395996,0.87544721364975,0.139966353774071,
2010-02-01,-18.4924945831299,1.18206858634949,0.0806461423635483,
2010-02-02,-19.9498653411865,0.362621039152145,0.0369398109614849,
2010-02-03,-22.1101818084717,0.0227955672889948,0.0438819825649261,
2010-02-04,-20.1645774841309,0.0383868291974068,0.0982012450695038,
2010-02-05,-13.0635852813721,0.00616975594311953,0.128329053521156,
2010-02-06,-11.345606803894,0.0720859691500664,0.109807588160038,
2010-02-07,-10.2267627716064,0.167651161551476,0.108410462737083,
2010-02-08,-7.6616907119751,0.0868944600224495,0.0625091791152954,
2010-02-09,-9.29608821868896,0.223891466856003,0.0855561047792435,
2010-02-10,-9.9450216293335,0.248362317681313,0.100005596876144,
2010-02-11,-11.2101230621338,0.0200957525521517,0.116179898381233,
2010-02-12,-9.51595973968506,0.00410743895918131,0.126152664422989,
2010-02-13,-8.69912338256836,0.0161157697439194,0.219351083040237,
2010-02-14,-7.85929775238037,0.292140066623688,0.184094786643982,
2010-02-15,-5.3632493019104,0.073684923350811,0.251855254173279,
2010-02-16,-4.38861846923828,0,0.284981578588486,
2010-02-17,-4.98421239852905,0,0.240339875221252,
2010-02-18,-5.93674182891846,0.000106959923868999,0.201568484306335,
2010-02-19,-8.11359786987305,0.000276396749541163,0.195734024047852,
2010-02-20,-7.57104921340942,2.18980478194908e-08,0.290907770395279,
2010-02-21,-9.96304702758789,0.255885183811188,0.222928449511528,
2010-02-22,-13.838508605957,0.195923313498497,0.173753917217255,
2010-02-23,-11.4251928329468,0.0033723721280694,0.241406157612801,
2010-02-24,-10.69504737854,0.182277500629425,0.258467882871628,
2010-02-25,-11.0256004333496,0.967822730541229,0.28053617477417,
2010-02-26,-8.6341028213501,0.00496610766276717,0.271488070487976,
2010-02-27,-6.22599601745605,0.479102551937103,0.396340370178223,
2010-02-28,-3.9383659362793,0.211589395999908,0.373343646526337,
2010-03-01,-2.71376967430115,0.152215629816055,0.467872232198715,0.00517618412390608
2010-03-02,2.6122453212738,0.00339370942674577,0.640062749385834,0.00552126272269471
2010-03-03,3.52768969535828,0,0.552310407161713,0.005866341835691
2010-03-04,0.619025409221649,0,0.399219185113907,0.0062114209486873
2010-03-05,-0.603260397911072,0,0.617586970329285,0.00655649954747593
2010-03-06,0.206314533948898,0,0.575153946876526,0.00690157866047223
2010-03-07,0.848417937755585,1.45679247379303,0.66584575176239,0.00741919707286285
2010-03-08,-2.00187492370605,0.0505234859883785,0.609955847263336,0.00759173637225715
2010-03-09,-5.92135047912598,0,0.651037454605103,0.00776427567165148
2010-03-10,-4.69409513473511,0,0.689133048057556,0.00776427567165148
2010-03-11,-3.1576886177063,0.00213848170824349,0.720928728580475,0.00759173637225715
2010-03-12,-2.9110643863678,0.00210261601023376,0.596932590007782,0.00741919707286285
2010-03-13,-4.026291847229,0,0.671206116676331,0.00724665725926086
2010-03-14,-1.51147246360779,0,1.1012237071991,0.00707411795986656
2010-03-15,2.70490312576294,0.0417484566569328,1.07216882705688,0.0062114209486873
2010-03-16,1.96995759010315,0.0265618376433849,0.679149210453033,0.00700510203442576
2010-03-17,-4.43573522567749,6.62416172027588,0.371444374322891,0.00683256273503143
2010-03-18,-11.7014780044556,2.1420361995697,0.42888817191124,0.00666002343563713
2010-03-19,-11.8387613296509,0.00762701174244285,0.603186249732971,0.00655649954747593
2010-03-20,-9.02392482757568,2.91184759140015,0.478864967823029,0.00648748362203513
2010-03-21,-16.5728855133057,2.36400771141052,0.451448440551758,0.00634945228536123
2010-03-22,-19.2145252227783,0.056056197732687,0.434315890073776,0.0061769129859669
2010-03-23,-19.6690502166748,0,0.451918542385101,0.00596986520964454
2010-03-24,-21.3168296813965,0.782440543174744,0.481553822755814,0.0059008497984114
2010-03-25,-12.9849100112915,2.18013501167297,0.528114259243012,0.00628043635992043
2010-03-26,-14.4253253936768,0.408375114202499,0.51631772518158,0.00645297617352243
2010-03-27,-7.82193088531494,0.334302932024002,0.861658573150635,0.00648748362203513
2010-03-28,1.37705254554749,0,1.14057815074921,0.00666002343563713
2010-03-29,1.65453851222992,0.231372147798538,1.1668256521225,0.00697059458591303
2010-03-30,3.19471645355225,4.07823324203491,0.654478371143341,0.00748821248409595
2010-03-31,0.578716933727264,0.927190959453583,0.969055831432343,0.00869598912247917
2010-04-01,-1.40245580673218,0.000158298760652542,1.02008759975433,0.0094551622454972
2010-04-02,-2.17404508590698,0.252358019351959,1.15010392665863,0.00997278117209549
2010-04-03,1.12827503681183,0,1.41093862056732,0.0107664627720416
2010-04-04,2.5139217376709,0.305681675672531,1.19242262840271,0.0119052229707763
2010-04-05,1.05630934238434,0.285517781972885,1.28371512889862,0.0168398518698473
2010-04-06,-0.132180571556091,0.00200459640473127,1.6841926574707,0.0239139703439215
2010-04-07,1.68113088607788,0.188686206936836,1.35067391395569,0.0383037614884896
2010-04-08,1.33559441566467,0.0200710725039244,1.24605917930603,0.0410643943924602
2010-04-09,-3.60910058021545,4.4558310508728,0.747284650802612,0.0396840758836442
2010-04-10,-9.72012710571289,5.08234834671021,0.617160022258759,0.0372685256921237
2010-04-11,-8.22585010528564,0.852318525314331,0.826484441757202,0.021774479740503
2010-04-12,-2.93201994895935,0.0124562559649348,1.21420621871948,0.0167708359444065
2010-04-13,0.351529151201248,0.045633789151907,1.23986482620239,0.0225336538919364
2010-04-14,1.83376228809357,1.57667345774826e-05,1.77638423442841,0.0634945238820276
2010-04-15,5.63711071014404,1.57667345774826e-05,2.34012079238892,0.188068009113578
2010-04-16,9.69647026062012,0,2.59225058555603,0.223956216296886
2010-04-17,7.61044597625732,1.26544837257825e-05,2.48052215576172,0.18254675153296
2010-04-18,10.0443563461304,0.147171810269356,2.58903026580811,0.197040069136728
2010-04-19,12.926944732666,2.06334487273807e-08,3.28798413276672,1.01108123236546
2010-04-20,13.7633428573608,1.43895340443123e-05,3.54378247261047,1.43207755070837
2010-04-21,14.337718963623,0.00540635036304593,4.22386789321899,1.94624520590672
2010-04-22,10.7993135452271,6.17955112457275,2.6723518371582,1.91518804974252
2010-04-23,1.84187877178192,14.9261159896851,0.47860461473465,1.75990253219583
2010-04-24,-2.24647164344788,5.53161287307739,1.03464114665985,1.77715647858991
2010-04-25,0.744304120540619,0.392218083143234,1.43217706680298,1.57010912186098
2010-04-26,1.55841398239136,2.7339292500983e-06,2.15613150596619,1.45968383861146
2010-04-27,2.96664834022522,0.00266821449622512,2.49924826622009,1.27334129653773
2010-04-28,3.7293689250946,0.0572439953684807,1.82712078094482,1.12150651561499
2010-04-29,3.49785804748535,0.116636134684086,2.13774132728577,0.99727808841392
2010-04-30,5.27382230758667,1.31043541431427,1.99715983867645,0.883402068540445
2010-05-01,7.04742193222046,0.268992364406586,2.21541523933411,0.821287822030619
2010-05-02,7.42916250228882,0.105879440903664,2.60484623908997,0.828189426915684
2010-05-03,2.40540552139282,2.47331500053406,1.7775970697403,0.800583139012596
2010-05-04,-3.84385347366333,1.57273077964783,1.38058245182037,0.745370497387831
2010-05-05,0.212749302387238,1.42182880153996e-05,2.7210865020752,0.676354711811524
2010-05-06,1.33595621585846,0.295745044946671,2.4854142665863,0.621142070186763
2010-05-07,1.40665650367737,0.0269895661622286,2.18835186958313,0.572831033447064
2010-05-08,4.75823020935059,1.42158281803131,2.61973571777344,0.531421535773848
2010-05-09,5.58985948562622,0.0911623015999794,2.92907977104187,0.510716819846531
2010-05-10,6.11027383804321,1.2341548204422,3.09488320350647,0.49001207100992
2010-05-11,8.46273803710938,0.181797072291374,3.73763561248779,0.472758124615843
2010-05-12,10.379222869873,0.175723433494568,3.37960004806519,0.455504178221767
2010-05-13,8.49645709991455,1.87627279758453,2.40449786186218,0.441701034270224
2010-05-14,9.52817821502686,0,3.86140894889832,0.431348659851919
2010-05-15,8.88968086242676,0.0227398555725813,4.07375907897949,0.420996285433613
2010-05-16,12.2442922592163,0.0585534349083901,3.29820919036865,0.407193141482071
2010-05-17,12.0283317565918,0,4.25940608978272,0.396840767063765
2010-05-18,11.349497795105,1.59918832778931,2.95535850524902,0.38648839264546
2010-05-19,7.26014041900635,10.6465511322021,1.10124289989471,0.393389964621234
2010-05-20,4.7660756111145,1.25475060939789,0.593859910964966,0.424447087876148
2010-05-21,2.08402395248413,1.78204154968262,0.831165730953217,0.510716819846531
2010-05-22,0.0678577497601509,3.59394264221191,1.55357468128204,0.579732572513544
2010-05-23,3.61254692077637,0.121251903474331,2.0749671459198,0.576281835889598
2010-05-24,3.41521739959717,2.59411644935608,2.21324825286865,0.552126284610456
2010-05-25,7.75179147720337,0.713710308074951,3.00474166870117,0.552126284610456
2010-05-26,10.4895496368408,0.211837977170944,3.6028528213501,0.524519963798074
2010-05-27,10.757098197937,0.188135609030724,4.59981298446655,0.500364445428226
2010-05-28,10.6911201477051,0,4.47837400436401,0.469307355082603
2010-05-29,11.8004894256592,0.144510880112648,4.82998514175415,0.43825023182769
2010-05-30,12.5686779022217,0.0893149003386498,4.4318528175354,0.420996285433613
2010-05-31,12.5276441574097,0.00519224489107728,4.48177766799927,0.383037623112219
2010-06-01,13.8255834579468,0.39298489689827,4.94989633560181,0.362332874275612
2010-06-02,14.185378074646,0,5.30620431900024,0.344388754229312
2010-06-03,15.054859161377,0.0260586719959974,4.93121337890625,0.336451954684497
2010-06-04,13.4442291259766,2.29390096664429,3.01205801963806,0.324719265871038
2010-06-05,11.9067258834839,10.2939920425415,1.57347524166107,0.319543095116531
2010-06-06,8.35794544219971,14.570442199707,0.783461093902588,0.324029125128106
2010-06-07,5.88908576965332,1.77216446399689,1.96895527839661,0.393389964621234
2010-06-08,8.65070724487305,0.136980637907982,3.61393404006958,0.521069194264833
2010-06-09,9.53906536102295,2.3745551109314,3.92664527893066,0.672903909368993
2010-06-10,9.60926723480225,3.47667527198792,3.48802852630615,0.652199160532386
2010-06-11,10.9760828018188,1.6669739484787,2.90676593780518,0.58663417739861
2010-06-12,13.8129482269287,0.00128361582756042,4.19765520095825,0.614240465301698
2010-06-13,13.9704132080078,0.0239994004368782,4.42866325378418,0.662551567859982
2010-06-14,11.8481063842773,0.245741009712219,4.7001543045044,0.63839601658084
2010-06-15,8.61529541015625,1.07789707183838,3.12352752685547,0.569380231004533
2010-06-16,10.5420989990234,0,4.65545320510864,0.527970766240608
2010-06-17,14.5896615982056,0.0704102590680122,5.2549934387207,0.48656130147668
2010-06-18,14.6239795684814,2.19260501861572,4.05676937103272,0.455504178221767
2010-06-19,11.4033651351929,0.271642506122589,4.19466781616211,0.424447087876148
2010-06-20,13.4752769470215,2.52538061141968,4.44040679931641,0.400291569506296
2010-06-21,13.0655317306519,0.84005743265152,4.92687797546387,0.376136018227158
2010-06-22,11.3794364929199,0,4.35556650161743,0.358882071833081
2010-06-23,14.0388612747192,0.0703311637043953,4.62696409225464,0.341628125439003
2010-06-24,16.5325107574463,1.99077975749969,4.13672399520874,0.320578322685574
2010-06-25,16.4710216522217,4.61368179321289,3.20850944519043,0.308845633872116
2010-06-26,15.4622068405151,8.1695032119751,2.64208960533142,0.337832269079651
2010-06-27,15.7181062698364,5.38502407073975,3.34882879257202,0.372685248693917
2010-06-28,15.0140171051025,13.6146965026855,2.76502418518066,0.500364445428226
2010-06-29,14.668984413147,1.51304852962494,4.4278678894043,0.600437321350155
2010-06-30,12.7475938796997,4.68289995193481,1.8760861158371,0.600437321350155
2010-07-01,10.3095273971558,2.45677638053894,3.72920322418213,0.562478626119468
2010-07-02,9.88967037200928,8.73063182830811,1.31580901145935,0.545224712634685
2010-07-03,9.97631072998047,8.68211174011231,2.14264392852783,0.735018090060235
2010-07-04,11.4057426452637,0.306133627891541,3.49291348457336,1.15946514502709
2010-07-05,12.0736770629883,5.57025814056397,3.25301599502564,1.43207755070837
2010-07-06,13.098424911499,2.51767492294312,3.48405885696411,1.35270942362305
2010-07-07,14.1383066177368,2.82423043251038,3.51151704788208,1.17326835479722
2010-07-08,16.2474575042725,3.58552813529968,4.02628946304321,0.993827285971386
2010-07-09,14.1628408432007,0.361875176429749,3.24322986602783,0.886852870982979
2010-07-10,13.9216718673706,0.130665361881256,3.84452033042908,0.886852870982979
2010-07-11,16.6685638427734,3.34705018997192,4.12553215026855,0.845443373309761
2010-07-12,15.5046634674072,0.749702513217926,3.80016875267029,0.762624443781908
2010-07-13,16.797191619873,4.09496593475342,3.53850483894348,0.724665748551224
2010-07-14,16.7344799041748,6.13813781738281,2.87767004966736,0.676354711811524
2010-07-15,16.5956401824951,5.14872074127197,2.69975686073303,0.686707053320539
2010-07-16,13.0014429092407,11.6364297866821,2.6862211227417,0.759173641339377
2010-07-17,11.6502132415771,2.4803957939148,1.10927474498749,0.869598924588903
2010-07-18,12.5171928405762,0.349118709564209,3.88247203826904,0.931713105280144
2010-07-19,13.7336988449097,1.38482367992401,3.36850094795227,0.886852870982979
2010-07-20,14.5020999908447,5.2559609413147,3.43740177154541,0.766075246224442
2010-07-21,16.6672592163086,0.333100438117981,4.59682941436768,0.697059460648135
2010-07-22,18.5031986236572,0,4.66321182250977,0.676354711811524
2010-07-23,17.3321704864502,0.920363247394562,3.73002505302429,0.655649962974917
2010-07-24,13.7308626174927,6.33430290222168,3.4780797958374,0.610789728677751
2010-07-25,10.790075302124,16.6027297973633,1.66482245922089,0.569380231004533
2010-07-26,12.8381624221802,1.2196261882782,2.90585899353027,0.579732572513544
2010-07-27,14.3878927230835,0.0707208439707756,3.49981355667114,0.700510197272082
2010-07-28,17.0785617828369,0.0965908989310265,4.21431064605713,1.14911280351808
2010-07-29,17.8387985229492,0.202923163771629,4.34847116470337,0.986925746904905
2010-07-30,17.3245124816895,4.27691125869751,2.67670392990112,0.84199257086723
2010-07-31,16.7964019775391,0.358583360910416,3.8834753036499,0.745370497387831
2010-08-01,15.4366979598999,7.85447406768799,1.64459609985352,0.804033875636542
2010-08-02,15.4331226348877,3.6263062953949,3.23326182365418,0.84199257086723
2010-08-03,14.9542303085327,0.0260953493416309,3.06000256538391,0.762624443781908
2010-08-04,16.9480648040771,0.0378877036273479,3.68570327758789,0.707411802157147
2010-08-05,18.4539489746094,0.0057926382869482,4.18351984024048,0.645297621465905
2010-08-06,18.4446716308594,3.31637239456177,3.87861943244934,0.593535782283675
2010-08-07,17.9690952301025,4.93259286880493,3.17318725585938,0.555577087052987
2010-08-08,16.1455669403076,4.45545291900635,2.479412317276,0.545224712634685
2010-08-09,13.7908086776733,1.27784669399261,3.14203262329102,0.548675482167925
2010-08-10,14.0232124328613,1.5694727897644,1.92373263835907,0.507266017403997
2010-08-11,15.268816947937,0.551223754882813,2.76637291908264,0.479659696591618
2010-08-12,13.7516689300537,4.06112575531006,2.22615218162537,0.452053408688526
2010-08-13,13.997444152832,1.63843548297882,1.92979300022125,0.431348659851919
2010-08-14,12.7342863082886,4.74624347686768,2.43798875808716,0.424447087876148
2010-08-15,12.3724069595337,1.36473143100739,2.13766360282898,0.420996285433613
2010-08-16,11.012770652771,2.01856112480164,1.97169637680054,0.424447087876148
2010-08-17,8.81482219696045,0.671090006828308,2.45500826835632,0.410643911015311
2010-08-18,9.44657707214355,8.81255435943604,1.79514610767365,0.400291569506296
2010-08-19,10.0126276016235,5.1652102470398,0.593853294849396,0.38648839264546
2010-08-20,7.58230972290039,0.830772280693054,1.63972103595734,0.38648839264546
2010-08-21,8.24770355224609,0.0356706343591213,2.2031774520874,0.403742339039536
2010-08-22,10.8129367828369,1.22892999649048,2.44471549987793,0.427897857409388
2010-08-23,11.0514640808105,0.171596899628639,2.63696026802063,0.445151803803465
2010-08-24,11.3299922943115,0.27131113409996,2.37494087219238,0.431348659851919
2010-08-25,12.2607622146606,3.68542575836182,2.26637244224548,0.400291569506296
2010-08-26,12.5112295150757,6.93225717544556,1.49480307102203,0.379586820669689
2010-08-27,8.85698795318604,17.6665382385254,0.137853249907494,0.400291569506296
2010-08-28,7.02750682830811,4.16189384460449,2.07668471336365,0.514167589379772
2010-08-29,6.67604494094849,0,2.38085007667542,1.00763049574152
2010-08-30,7.14024782180786,0.410334587097168,1.84813368320465,1.131858857124
2010-08-31,7.78190898895264,5.0842456817627,1.83062076568604,0.983474944462375
2010-09-01,8.13850879669189,1.10176825523376,2.02111411094666,0.855795714818772
2010-09-02,8.78718948364258,0.17539519071579,2.23944568634033,0.776427587733454
2010-09-03,12.8173007965088,0.103798314929008,2.70441079139709,0.714313407042212
2010-09-04,12.0537424087524,0.377384036779404,1.42617237567902,0.666002304483928
2010-09-05,9.33273601531982,1.47016787528992,1.67111682891846,0.631494411695774
2010-09-06,8.53193187713623,5.15954256057739,0.236718520522118,0.600437321350155
2010-09-07,9.23691749572754,3.36766195297241,1.00524628162384,0.572831033447064
2010-09-08,7.73878479003906,0.398083418607712,1.0402307510376,0.552126284610456
2010-09-09,9.20174503326416,0.00368605996482074,1.7386828660965,0.54177391019215
2010-09-10,9.27770900726318,3.92193460464478,0.97644966840744,0.524519963798074
2010-09-11,8.95380115509033,0.546409070491791,1.32688450813293,0.527970766240608
2010-09-12,7.95383358001709,1.9992424249649,1.16645705699921,0.559027889495521
2010-09-13,6.57726860046387,0.35950955748558,1.24347484111786,0.565929428562002
2010-09-14,7.10916805267334,2.29924821853638,1.77400374412537,0.53832314065891
2010-09-15,4.04669761657715,5.81916046142578,1.07970237731934,0.521069194264833
2010-09-16,-0.231514990329742,1.42474699020386,1.28438270092011,0.503815247870757
2010-09-17,0.918724060058594,0.0439302586019039,1.25395250320435,0.48656130147668
2010-09-18,1.99003481864929,0.184134185314178,1.19045054912567,0.469307355082603
2010-09-19,2.66674304008484,1.21693050861359,1.11465799808502,0.448602606245995
2010-09-20,1.78577828407288,0.186158671975136,1.09209799766541,0.445151803803465
2010-09-21,2.62137007713318,0.052515309303999,1.32813918590546,0.441701034270224
2010-09-22,3.14078545570374,0.00856750272214413,1.29291558265686,0.43479946229445
2010-09-23,4.67979526519775,0.0103303026407957,1.21565175056458,0.420996285433613
2010-09-24,5.92745208740234,1.33841705322266,1.58473968505859,0.410643911015311
2010-09-25,9.49472522735596,2.22342705726624,0.828327596187592,0.403742339039536
2010-09-26,8.54057502746582,1.41665995121002,0.840460002422333,0.396840767063765
2010-09-27,8.19532012939453,1.04477751255035,0.805401563644409,0.389939195087994
2010-09-28,7.28321599960327,0.0356358364224434,1.12796366214752,0.383037623112219
2010-09-29,8.61337184906006,0.00654307845979929,1.30207753181458,0.379586820669689
2010-09-30,6.75529432296753,0.20207753777504,1.32318949699402,0.369234446251383
2010-10-01,7.97058820724487,0.0824227854609489,1.74859321117401,0.355431302299841
2010-10-02,9.43124866485596,0,1.75836610794067,0.344733841055423
2010-10-03,7.16511535644531,4.0029412957665e-06,1.56289613246918,0.336451954684497
2010-10-04,3.29995775222778,0.767850458621979,1.08207309246063,0.33162083784681
2010-10-05,3.85165286064148,0.0624898672103882,1.41485369205475,0.320233235859463
2010-10-06,7.26772260665894,0.0920171588659286,1.44555592536926,0.306775178734029
2010-10-07,7.4060263633728,2.4563205242157,1.0964457988739,0.304359603860541
2010-10-08,7.65205240249634,0.688624799251556,1.2626017332077,0.296077717489614
2010-10-09,5.56200361251831,0.249135255813599,1.14483046531677,0.29193677430415
2010-10-10,8.90799331665039,0.106627129018307,1.61746501922607,0.294007262351527
2010-10-11,7.06427764892578,0.000426386337494478,1.69232618808746,0.286070429897421
2010-10-12,2.87162184715271,0.885407090187073,0.902377188205719,0.281239313059734
2010-10-13,1.98420226573944,0.0608448907732964,0.632779955863953,0.261914911527572
2010-10-14,2.17550158500671,0,0.867683827877045,0.247076507097693
2010-10-15,-0.422845393419266,0.275130987167358,0.55856055021286,0.245696192702538
2010-10-16,-2.07947063446045,0.27103853225708,0.487671405076981,0.240865092319497
2010-10-17,-0.760879158973694,0.00217424193397164,0.444809675216675,0.2370692195055
2010-10-18,1.80639052391052,1.32274901866913,0.566685438156128,0.221540674332689
2010-10-19,0.879240751266479,0.30909538269043,0.553087294101715,0.224301303122998
2010-10-20,0.323786646127701,0.155985683202744,0.355228185653687,0.219815273111423
2010-10-21,0.678263127803802,0.00273502268828452,0.372782707214355,0.21878004554238
2010-10-22,-2.30037713050842,0.051902499049902,0.232806012034416,0.201181012322191
2010-10-23,-3.11635494232178,0.0897521302103996,0.319937229156494,0.203941641112501
2010-10-24,-2.9080286026001,2.89067363739014,0.338254541158676,0.190138497160956
2010-10-25,-3.02680373191833,0.869849860668182,0.240679651498795,0.175990249928654
2010-10-26,-6.52941608428955,0.391606152057648,0.21614296734333,0.154940430720579
2010-10-27,-5.84283924102783,0.0284463502466679,0.228622496128082,0.133200462542251
2010-10-28,-4.48096561431885,0.0783731043338776,0.181528121232986,0.105594149957192
2010-10-29,-4.12089776992798,2.14256633626064e-05,0.148863181471825,0.102833521166883
2010-10-30,-2.19137692451477,0.000101362726127263,0.191446974873543,0.118016995968228
2010-10-31,-0.0438584089279175,0,0.214050158858299,0.135961099559882
2010-11-01,-1.18276071548462,1.77063262462616,0.317983716726303,
2010-11-02,0.615656137466431,0.404725253582001,0.499390691518784,
2010-11-03,3.33673691749573,1.59108566322175e-08,0.496519535779953,
2010-11-04,3.08739995956421,0.00115479668602347,0.988598346710205,
2010-11-05,2.82596278190613,0,0.981861054897308,
2010-11-06,-0.894629716873169,0,0.305255651473999,
2010-11-07,-5.17505025863647,0.151274934411049,0.237661629915237,
2010-11-08,-4.26596164703369,3.44158482551575,0.18910625576973,
2010-11-09,-5.97712516784668,0.240399420261383,0,
2010-11-10,-8.66672706604004,0.307986080646515,0,
2010-11-11,-10.1412286758423,0.294558852910996,0,
2010-11-12,-8.0529088973999,0.368441581726074,0.160328909754753,
2010-11-13,-4.68276214599609,0.0439920648932457,0.0140191484242678,
2010-11-14,-3.10595321655273,0.126321822404861,0.0287937447428703,
2010-11-15,-6.4016489982605,1.61387729644775,0.184570237994194,
2010-11-16,-12.4567241668701,0.144897118210793,0.116132780909538,
2010-11-17,-15.3202428817749,0.0333774648606777,0.0282420217990875,
2010-11-18,-19.3214778900146,0.0828894451260567,0,
2010-11-19,-17.1813621520996,0.549235582351685,0.0704316645860672,
2010-11-20,-14.3890514373779,0.293040782213211,0.00144250737503171,
2010-11-21,-19.7907371520996,1.12341666221619,0.0505541786551476,
2010-11-22,-26.421968460083,0.92398476600647,0.0960217788815498,
2010-11-23,-21.4075508117676,0.0644733160734177,0.0780102610588074,
2010-11-24,-22.5836658477783,0.564673066139221,0.0493896789848805,
2010-11-25,-12.4670476913452,4.59235095977783,0.109776005148888,
2010-11-26,-9.0694408416748,0.0634345859289169,0.0130291832610965,
2010-11-27,-11.7989435195923,0.69823569059372,0.00176021957304329,
2010-11-28,-17.0330085754395,0.0688723847270012,0,
2010-11-29,-15.3686819076538,0.19294798374176,0.00525816110894084,
2010-11-30,-12.6834421157837,1.70422255992889,0.145093962550163,
2010-12-01,-14.0540523529053,0.417635679244995,0,
2010-12-02,-18.5693855285645,0.0779750645160675,0.00643445597961545,
2010-12-03,-21.742015838623,0.0771589875221252,0,
2010-12-04,-20.6243953704834,0.0213225893676281,0.0319272615015507,
2010-12-05,-12.995943069458,0,0.0954485610127449,
2010-12-06,-12.4474725723267,0.594431519508362,0.0246754065155983,
2010-12-07,-13.9506464004517,0.37444543838501,0.0114156994968653,
2010-12-08,-16.2162456512451,9.66906547546387,0.0860026106238365,
2010-12-09,-23.4805297851562,3.63232612609863,0.0620734430849552,
2010-12-10,-28.6803169250488,0.00228530750609934,0.0185131169855595,
2010-12-11,-25.8511638641357,0.10419736802578,0.0203378945589066,
2010-12-12,-18.6921272277832,1.61145794391632,0.0704363510012627,
2010-12-13,-18.8506507873535,1.22129881381989,0,
2010-12-14,-13.4547090530396,0.0470877476036549,0.039226695895195,
2010-12-15,-16.3126564025879,2.63895630836487,0.120603382587433,
2010-12-16,-16.299747467041,1.0591447353363,0.0516055338084698,
2010-12-17,-22.4476451873779,0.205206304788589,0,
2010-12-18,-18.6009635925293,0.140155479311943,0.0155383758246899,
2010-12-19,-16.533239364624,2.37002062797546,0.0965400487184525,
2010-12-20,-23.7549858093262,0.863462388515472,0.0028457089792937,
2010-12-21,-18.3978786468506,0.00194641901180148,0,
2010-12-22,-17.6458148956299,0,0.0197906065732241,
2010-12-23,-14.8071203231812,0.0562355183064938,0.0178956165909767,
2010-12-24,-14.9082107543945,0.0446465313434601,0.0840616747736931,
2010-12-25,-12.5641145706177,2.00467610359192,0.0263913031667471,
2010-12-26,-13.6644916534424,10.2676019668579,0.0729365721344948,
2010-12-27,-19.0852127075195,1.8218846321106,0.0459604859352112,
2010-12-28,-22.2574367523193,0.00467644585296512,0.0119265057146549,
2010-12-29,-23.050407409668,0.390003532171249,0.00875128712505102,
2010-12-30,-22.4387168884277,0.00339961238205433,0,
2010-12-31,-20.4033946990967,1.46694646900869e-05,0.0503983460366726,
2011-01-01,-15.5061893463135,2.39271521568298,0.0738962814211845,
2011-01-02,-16.2037105560303,0.429757803678513,0,
2011-01-03,-13.6573324203491,0.29944309592247,0.0356087163090706,
2011-01-04,-13.336576461792,0.46788901090622,0,
2011-01-05,-13.9060096740723,2.92440748214722,0.025032252073288,
2011-01-06,-12.3858261108398,3.8813362121582,0.0230252575129271,
2011-01-07,-14.3891277313232,0.217265725135803,0.0198749899864197,
2011-01-08,-17.7345161437988,0.000966216321103275,0,
2011-01-09,-20.3877792358398,0.0061451573856175,0.00888828840106726,
2011-01-10,-21.5393543243408,0.179269522428513,0.0153589015826583,
2011-01-11,-20.1287326812744,0.662939786911011,0.0360618531703949,
2011-01-12,-23.278507232666,0.247510641813278,0.0469808205962181,
2011-01-13,-27.3550910949707,0.134084567427635,0.0224978737533093,
2011-01-14,-30.3567447662354,0.0539044477045536,0.00197751261293888,
2011-01-15,-32.9011306762695,0.0827786475419998,0.0112521760165691,
2011-01-16,-33.4737815856934,0.0332070589065552,0.00621764827519655,
2011-01-17,-31.285135269165,1.23837685585022,0.0470409877598286,
2011-01-18,-29.2495174407959,0.837098360061646,0.0109751336276531,
2011-01-19,-27.2019424438477,0.000622725521679968,0.0179411265999079,
2011-01-20,-23.6061210632324,2.76496624946594,0.0937753468751907,
2011-01-21,-20.704137802124,1.59925937652588,0.0582959055900574,
2011-01-22,-15.3777275085449,4.45629072189331,0.126083984971046,
2011-01-23,-13.2441310882568,0.742785394191742,0.0430307015776634,
2011-01-24,-15.8928327560425,2.49464201927185,0.0773653537034988,
2011-01-25,-16.0549182891846,0,0.0834692418575287,
2011-01-26,-10.9194421768188,1.32094419002533,0.0383487418293953,
2011-01-27,-9.43468761444092,0.00611463701352477,0.124897368252277,
2011-01-28,-17.5101795196533,0.419748097658157,0.0701286345720291,
2011-01-29,-23.2232131958008,0.137569695711136,0.00260415417142212,
2011-01-30,-26.5062160491943,2.54845851088703e-08,0.0541121922433376,
2011-01-31,-24.1986293792725,1.66692952774383e-08,0.100777395069599,
2011-02-01,-17.3303718566895,1.78926384251099e-05,0.280695229768753,
2011-02-02,-3.28331351280212,0.00414130091667175,0.169452339410782,
2011-02-03,-1.04311323165894,0.157519593834877,0.113476544618607,
2011-02-04,-2.68971633911133,0.947356998920441,0.0722107216715813,
2011-02-05,-11.805832862854,1.67609286308289,0.165423944592476,
2011-02-06,-18.9217624664307,3.4086991007598e-08,0.0500668175518513,
2011-02-07,-17.0316791534424,0,0.13208481669426,
2011-02-08,-18.3824310302734,1.78920199687127e-05,0.0737025290727615,
2011-02-09,-19.05006980896,0,0.113492779433727,
2011-02-10,-12.8059616088867,0.554440498352051,0.170318990945816,
2011-02-11,-10.2807321548462,3.25002479553223,0.160148829221725,
2011-02-12,-14.0689153671265,2.73795199394226,0.151242390275002,
2011-02-13,-14.2221412658691,0.148386895656586,0.104391023516655,
2011-02-14,-16.9467811584473,1.09161674976349,0.106954157352448,
2011-02-15,-23.9104652404785,4.82052326202393,0.127959355711937,
2011-02-16,-26.0749797821045,0.774651288986206,0.0809259414672852,
2011-02-17,-26.8529415130615,0.162271931767464,0.0843514204025269,
2011-02-18,-29.0248394012451,0.0663982704281807,0.0719586536288261,
2011-02-19,-24.5784778594971,0.113203451037407,0.225709736347199,
2011-02-20,-14.8645429611206,1.42450714111328,0.316113829612732,
2011-02-21,-14.2567386627197,2.55661582946777,0.220464989542961,
2011-02-22,-19.6091365814209,0.751112461090088,0.17422291636467,
2011-02-23,-23.6897010803223,0.0130165172740817,0.154823541641235,
2011-02-24,-27.1083583831787,0.263423055410385,0.137901723384857,
2011-02-25,-18.3710193634033,2.81430602073669,0.256696701049805,
2011-02-26,-12.0565156936646,1.26949119567871,0.342754662036896,
2011-02-27,-23.156322479248,0.307441413402557,0.1416906863451,
2011-02-28,-29.1093120574951,0.0472977831959724,0.0982104763388634,
2011-03-01,-28.4748516082764,0.123977474868298,0.12110324203968,0.013354554319787
2011-03-02,-26.9400062561035,0.0172154400497675,0.172398686408997,0.0132855383943462
2011-03-03,-21.5521965026855,0.539301633834839,0.188227966427803,0.0131129990949519
2011-03-04,-23.0051708221436,0.363082200288773,0.174623712897301,0.0129059523470448
2011-03-05,-25.8597927093506,0.227950975298882,0.17954920232296,0.0126298886452817
2011-03-06,-23.8807106018066,0,0.218737587332726,0.0124573493458873
2011-03-07,-18.098051071167,0.0782894343137741,0.328862458467484,0.0123193174950058
2011-03-08,-15.8543853759766,0.497988969087601,0.284194558858871,0.0121467781956114
2011-03-09,-18.461856842041,1.71088004112244,0.292512685060501,0.0121467781956114
2011-03-10,-23.133150100708,0.706260085105896,0.241801157593727,0.0123193174950058
2011-03-11,-24.1788463592529,0.434769809246063,0.221397683024406,0.0125263652713281
2011-03-12,-16.9098091125488,0.327998608350754,0.301423251628876,0.0127334120192352
2011-03-13,-14.9111518859863,0.108491100370884,0.380444467067719,0.012836936421604
2011-03-14,-13.9197750091553,6.87834310531616,0.27748629450798,0.0127679204961633
2011-03-15,-14.9478416442871,0.00891288183629513,0.412478774785996,0.0130439831695111
2011-03-16,-14.3419981002808,0.1939757168293,0.395669221878052,0.0130784916464392
2011-03-17,-8.19970417022705,1.11550426483154,0.587071835994721,0.0135616020961094
2011-03-18,-7.0779185295105,2.4384458065033,0.423461198806763,0.0147693782202849
2011-03-19,-10.2999114990234,0.871752977371216,0.499983876943588,0.0148383941457257
2011-03-20,-12.4745035171509,0.226912572979927,0.515186607837677,0.0147693782202849
2011-03-21,-11.1342210769653,0.00455525843426585,0.616351008415222,0.0148383941457257
2011-03-22,-4.81510496139526,0.557875692844391,0.611589968204498,0.0149764249681919
2011-03-23,-0.786348164081573,1.20145058631897,0.773316860198975,0.0147348697433568
2011-03-24,-2.17207312583923,0.0206225849688053,0.658025622367859,0.0147693782202849
2011-03-25,-2.75386333465576,0.00182923162356019,0.629175364971161,0.0147348697433568
2011-03-26,-4.66047525405884,0.053900133818388,0.663407206535339,0.0145968389208906
2011-03-27,-3.35513496398926,0.0630885884165764,0.745417654514313,0.0142862677706147
2011-03-28,-2.41527986526489,0.531803607940674,0.647316038608551,0.0136306180215502
2011-03-29,-1.75826060771942,0.365463107824326,0.873374342918396,0.013354554319787
2011-03-30,1.46191549301147,0.327220618724823,0.824525713920593,0.0137686488440164
2011-03-31,2.13322329521179,0.594142496585846,1.15949308872223,0.0154250279693494
2011-04-01,0.957174241542816,2.50756049156189,0.902922987937927,0.0164602647941306
2011-04-02,-0.680391728878021,0.226868018507957,0.886066794395447,0.0165982966450122
2011-04-03,-0.672347605228424,0.148203283548355,1.083247423172,0.0164947722426434
2011-04-04,0.594315409660339,0.6192427277565,1.00906956195831,0.016115186195342
2011-04-05,2.49881339073181,0,1.36356174945831,0.0151489652960016
2011-04-06,0.305239707231522,1.40922665596008,1.07307922840118,0.0145968389208906
2011-04-07,-2.80395221710205,0.0941397547721863,0.960792362689972,0.0140102040688515
2011-04-08,0.280064851045609,0.0724012926220894,1.01448714733124,0.0139411891718261
2011-04-09,0.986570179462433,0.364694476127625,1.21626198291779,0.01501093344512
2011-04-10,1.23926568031311,0.19712370634079,1.39954030513763,0.0183581991442988
2011-04-11,-5.42441940307617,0,0.644000828266144,0.0372685256921237
2011-04-12,-10.3965797424316,1.09357082843781,0.807854473590851,0.0790230731685
2011-04-13,-4.25248146057129,0.000709904066752642,1.3669490814209,0.105249071358403
2011-04-14,-1.93810927867889,0,1.49480617046356,0.101798285370518
2011-04-15,-2.69314885139465,0.013980838470161,1.30837392807007,0.0928262335746904
2011-04-16,-6.08904600143433,0.0059530190192163,1.40249109268188,0.0828189459824974
2011-04-17,-5.74521112442017,0.374503791332245,1.16395449638367,0.0879951249643267
2011-04-18,-6.33067750930786,0.0943647250533104,1.07303655147552,0.0945516265686334
2011-04-19,-6.57300662994385,0.238898247480392,1.31148362159729,0.0890303607606926
2011-04-20,-2.16435360908508,1.09959864616394,1.32270061969757,0.10352367836446
2011-04-21,-5.36546421051025,1.88979315757751,0.983904421329498,0.118707153165806
2011-04-22,-3.18392658233643,2.76058769226074,1.31570374965668,0.118016995968228
2011-04-23,-1.96489822864532,0.95534348487854,1.3951895236969,0.130094755153153
2011-04-24,-3.27135968208313,0.709254443645477,1.22064256668091,0.140447129571457
2011-04-25,-0.199420735239983,0.0783083438873291,1.97112345695496,0.13975697237388
2011-04-26,2.71453619003296,0.301473736763001,2.12150740623474,0.131820148147096
2011-04-27,5.37824010848999,0.822259187698364,1.99890410900116,0.144588072756921
2011-04-28,2.95002198219299,0.0308822430670261,1.90666103363037,0.158736303534577
2011-04-29,-0.490548610687256,2.61862587928772,1.20943677425385,0.191863881927576
2011-04-30,0.422491312026978,0.69666188955307,1.9466872215271,0.19911054072946
2011-05-01,3.72892379760742,0.440489292144775,2.13280057907105,0.210153072345341
2011-05-02,3.62548851966858,0.836532652378082,1.9397132396698,0.304359603860541
2011-05-03,5.32948923110962,0.914463818073273,1.75710380077362,0.372685248693917
2011-05-04,5.9046368598938,0.669484317302704,2.50894832611084,0.983474944462375
2011-05-05,5.03760480880737,2.27642035484314,1.16869390010834,1.66328045871643
2011-05-06,5.45077323913574,2.07379007339478,1.97080528736115,2.14294008948947
2011-05-07,5.58050727844238,0.242086350917816,2.54200839996338,2.27061945077023
2011-05-08,7.23130655288696,1.13071846961975,2.71848940849304,2.17399724565367
2011-05-09,8.75208187103271,2.20799779891968,2.72853875160217,2.22920982145985
2011-05-10,9.81238842010498,0.503420412540436,2.96889352798462,2.31547955343023
2011-05-11,13.2569608688354,0.0490066930651665,4.40934324264526,2.40865102192284
2011-05-12,13.4732646942139,0,4.69715976715088,2.46386359772903
2011-05-13,10.2179327011108,1.75993323326111,2.47331357002258,2.24301303122998
2011-05-14,12.3882465362549,0.113696597516537,4.8848295211792,1.94969594253067
2011-05-15,14.2233009338379,0,5.7374062538147,1.73574698091669
2011-05-16,14.247802734375,0,5.03905487060547,1.51834728267875
2011-05-17,14.309042930603,0.141843184828758,5.01976442337036,1.33200460896786
2011-05-18,10.2882061004639,0.859913468360901,1.88272833824158,1.20777624758537
2011-05-19,11.0826826095581,0.341734349727631,4.38865375518799,1.10080176677838
2011-05-20,13.5081691741943,0.053739108145237,3.75842523574829,1.01108123236546
2011-05-21,14.0011835098267,0.868520617485046,3.83293056488037,0.94551624923169
2011-05-22,11.2111568450928,0,3.92097496986389,0.886852870982979
2011-05-23,6.78661727905273,0,4.27768039703369,0.852344978194826
2011-05-24,8.20586681365967,0,4.34217405319214,0.814386282964138
2011-05-25,8.50925636291504,0,4.60358810424805,0.755722838896846
2011-05-26,10.6115646362305,0.00272480421699584,4.89039850234985,0.703960999714616
2011-05-27,12.0724363327026,0.00582212023437023,4.77425622940064,0.659100765417447
2011-05-28,10.1193809509277,0,4.67246675491333,0.624592872629294
2011-05-29,9.18611907958984,0.0744169801473618,4.32674694061279,0.607338926235217
2011-05-30,10.1142988204956,0,4.93551445007324,0.572831033447064
2011-05-31,12.5980033874512,0.0174179933965206,4.90604543685913,0.54177391019215
2011-06-01,13.7125768661499,0.158091858029366,5.53506088256836,0.514167589379772
2011-06-02,9.1606273651123,1.28573679924011,2.65214419364929,0.49001207100992
2011-06-03,0.208887964487076,0.213158845901489,2.8372175693512,0.462405750197541
2011-06-04,2.51806640625,0.340326219797134,2.49493336677551,0.43825023182769
2011-06-05,6.41662740707397,0.156668648123741,3.88514018058777,0.417545515900373
2011-06-06,8.62827587127686,0.178277164697647,4.20326042175293,0.396840767063765
2011-06-07,7.26602983474731,0.0553670413792133,2.87862253189087,0.379586820669689
2011-06-08,9.41294479370117,0.00014369901327882,4.56399250030518,0.362332874275612
2011-06-09,12.8622016906738,0.768485903739929,4.52919435501099,0.348529730324066
2011-06-10,13.4869737625122,3.16939949989319,3.64264678955078,0.332311011499033
2011-06-11,9.46314144134521,0.514992713928223,1.3777027130127,0.320233235859463
2011-06-12,10.135835647583,1.94272196292877,3.7801468372345,0.31022594826727
2011-06-13,12.3383884429932,0.582687616348267,4.65743923187256,0.303669463117609
2011-06-14,12.5523366928101,0.473410606384277,3.02638292312622,0.298148205536991
2011-06-15,15.1169242858887,0.884662926197052,4.49367189407349,0.296767891141837
2011-06-16,15.4964294433594,0.591205775737763,3.23112201690674,0.296077717489614
2011-06-17,12.7359685897827,1.27134716510773,2.04709267616272,0.288485971861619
2011-06-18,14.0699920654297,0.303055077791214,2.85321259498596,0.277443456700383
2011-06-19,17.3591594696045,0,4.72238159179688,0.271577112293653
2011-06-20,16.3969306945801,0.787067651748657,4.28224992752075,0.266746011910612
2011-06-21,15.4338006973267,6.60544967651367,2.9343433380127,0.252942851504422
2011-06-22,15.5084047317505,1.07957112789154,4.04653549194336,0.234998747912768
2011-06-23,15.9898386001587,0.326702862977982,5.15785455703735,0.228442246308461
2011-06-24,16.3539924621582,0,4.84874439239502,0.221885744704155
2011-06-25,16.3992538452148,0,4.26446723937988,0.206012112705232
2011-06-26,11.8261489868164,3.06152614939492e-05,4.74165725708008,0.197040069136728
2011-06-27,10.1478118896484,0.00250108051113784,4.47130298614502,0.198075296705771
2011-06-28,12.7812147140503,4.25333881378174,3.9793586730957,0.180821350311694
2011-06-29,14.0535020828247,7.77225255966187,3.70944690704346,0.16874359112677
2011-06-30,12.5447273254395,8.6955680847168,3.28774666786194,0.168398520755304
2011-07-01,12.8100652694702,0.119491063058376,4.21153259277344,0.18254675153296
2011-07-02,12.6053838729858,0.225415408611298,4.30335521697998,0.218089888344803
2011-07-03,13.0811748504639,0.0011703132186085,3.83710432052612,0.214639085902271
2011-07-04,12.9591903686523,0.00706812180578709,5.15953969955444,0.199800697927037
2011-07-05,13.0514841079712,0.0238840263336897,5.19826984405518,0.18254675153296
2011-07-06,13.4594802856445,0.305199027061462,4.29236698150635,0.164602647941306
2011-07-07,15.5156850814819,8.2765474319458,3.51674127578735,0.147693788373341
2011-07-08,13.9157857894897,1.615154504776,2.11164879798889,0.139411885547769
2011-07-09,15.9295310974121,9.45343017578125,3.26298761367798,0.238104463529188
2011-07-10,16.3104763031006,0.458730518817902,4.33359670639038,0.383037623112219
2011-07-11,16.3264808654785,0,4.5691499710083,0.403742339039536
2011-07-12,17.3009624481201,0,4.32535886764526,0.355431302299841
2011-07-13,17.079381942749,0.00763408560305834,4.11236238479614,0.292281861130262
2011-07-14,17.4335403442383,3.77169322967529,3.1143491268158,0.24776666429527
2011-07-15,14.8548450469971,21.7649745941162,2.00711941719055,0.229132403506039
2011-07-16,14.5953760147095,1.2809454202652,1.77879369258881,0.224301303122998
2011-07-17,16.6682224273682,1.10557472705841,3.80645990371704,0.241210162690963
2011-07-18,17.3598289489746,0.753862738609314,4.5711259841919,0.247076507097693
2011-07-19,16.4757537841797,1.76316440105438,3.81893992424011,0.246731436726227
2011-07-20,14.678183555603,6.9978461265564,2.93133091926575,0.224991460320575
2011-07-21,14.0520277023315,3.51331734657288,2.38920998573303,0.205321955507655
2011-07-22,15.1623220443726,4.35688638687134,2.94935488700867,0.18841309593969
2011-07-23,14.2905225753784,1.76231753826141,2.75071907043457,0.192554039125153
2011-07-24,14.3386716842651,1.64970505237579,3.37980270385742,0.264675540317881
2011-07-25,16.747501373291,1.32005095481873,4.04653120040894,0.396840767063765
2011-07-26,17.09299659729,0.309551596641541,4.23038244247437,0.369234446251383
2011-07-27,15.3540687561035,1.07258927822113,3.75297856330872,0.326099580266193
2011-07-28,14.6167573928833,5.92757415771484,2.89411067962647,0.289176145513841
2011-07-29,12.7403173446655,2.31803107261658,2.55338978767395,0.26156982470146
2011-07-30,12.6849994659424,0.482786864042282,3.38141369819641,0.238104463529188
2011-07-31,13.9892416000366,2.81575870513916,3.16313195228577,0.234998747912768
2011-08-01,11.2818384170532,12.417088508606,1.45364463329315,0.27951394474776
2011-08-02,13.3562822341919,0.494153171777725,3.75870490074158,0.294697403094459
2011-08-03,13.8119401931763,5.44006967544556,2.91081809997559,0.326099580266193
2011-08-04,14.3363275527954,1.92502892017365,3.5496461391449,0.351980499857306
2011-08-05,16.3728408813477,0.345520496368408,4.0596170425415,0.365783676718143
2011-08-06,16.7156639099121,0,3.79997134208679,0.372685248693917
2011-08-07,16.3757553100586,0.329083651304245,3.93373799324036,0.369234446251383
2011-08-08,16.5123424530029,0,4.27610111236572,0.355431302299841
2011-08-09,15.3125400543213,7.16290664672852,2.70944499969482,0.365783676718143
2011-08-10,12.6862564086914,0.497670263051987,2.25770425796509,0.358882071833081
2011-08-11,13.074818611145,0.956916928291321,2.67165088653564,0.320233235859463
2011-08-12,13.7922077178955,3.29865837097168,2.79191422462463,0.293662175525416
2011-08-13,12.6030464172363,0.0197131652384996,2.48148727416992,0.281239313059734
2011-08-14,11.7452507019043,6.84082078933716,1.19393527507782,0.287795831118687
2011-08-15,11.9631052017212,1.97617399692535,2.9962055683136,0.273647583886385
2011-08-16,11.1325225830078,1.82292747497559,2.24055361747742,0.281239313059734
2011-08-17,10.6345405578613,4.12298536300659,1.78687167167664,0.313676750709802
2011-08-18,9.40984725952148,1.76968133449554,1.927321434021,0.315402151931068
2011-08-19,9.85215187072754,1.4437962770462,2.00987792015076,0.324029125128106
2011-08-20,10.6928071975708,0.882829368114471,2.53992247581482,0.326099580266193
2011-08-21,15.7223768234253,0.544015109539032,2.7134735584259,0.331965924672922
2011-08-22,15.3032884597778,0.213346421718597,3.20849323272705,0.328860209056501
2011-08-23,13.4044408798218,3.92568182945251,2.88160085678101,0.315402151931068
2011-08-24,11.9712390899658,3.80964279174805,2.4150185585022,0.325409439523261
2011-08-25,10.1903095245361,2.18088912963867,1.35097205638886,0.510716819846531
2011-08-26,11.4077091217041,2.81007750402296e-09,2.93095231056213,0.621142070186763
2011-08-27,12.4291172027588,0.241462245583534,2.74387621879578,0.700510197272082
2011-08-28,11.0697221755981,0.83814412355423,2.81756043434143,0.662551567859982
2011-08-29,12.0047168731689,6.58121347427368,1.41518914699554,0.579732572513544
2011-08-30,9.30984497070312,11.109447479248,0.396041482686996,0.514167589379772
2011-08-31,8.2508487701416,1.64387130737305,1.82436776161194,0.48656130147668
2011-09-01,8.35539150238037,1.04799520969391,2.53972816467285,0.483110499034149
2011-09-02,7.9527268409729,0.503752052783966,2.45927667617798,0.496913642985695
2011-09-03,8.7218599319458,0.120231308043003,2.59531497955322,0.500364445428226
2011-09-04,12.3768892288208,0.438487261533737,2.75720763206482,0.472758124615843
2011-09-05,11.9773321151733,1.10425770282745,1.9841103553772,0.448602606245995
2011-09-06,10.85080909729,8.12788627513328e-08,2.71741652488709,0.420996285433613
2011-09-07,15.4333963394165,0,3.13637161254883,0.400291569506296
2011-09-08,16.0675163269043,0.181274905800819,2.93483591079712,0.376136018227158
2011-09-09,16.5972881317139,0.106126196682453,3.07113599777222,0.351980499857306
2011-09-10,13.1447219848633,0,3.18745708465576,0.330240523451656
2011-09-11,8.24120426177979,0.467049986124039,2.27811121940613,0.311951349488536
2011-09-12,5.24162435531616,1.01661896705627,1.39851891994476,0.271922199119765
2011-09-13,1.73653841018677,0.142240151762962,1.85190260410309,0.249837135888001
2011-09-14,5.32346487045288,0.136616006493568,2.07701635360718,0.238104463529188
2011-09-15,8.90574836730957,0.0231474414467812,2.05353927612305,0.222575901901732
2011-09-16,10.0839834213257,3.49829602241516,1.35553216934204,0.219470202739957
2011-09-17,8.50710010528564,5.3170747756958,0.652837216854096,0.213258771507116
2011-09-18,7.2133150100708,2.98225736618042,1.13534700870514,0.209117828321653
2011-09-19,8.18968772888184,1.80024826526642,1.48721325397491,0.203596570741035
2011-09-20,8.05285739898682,0.201814472675323,2.10498380661011,0.199800697927037
2011-09-21,11.5665473937988,0.205753281712532,2.2296929359436,0.196694982310617
2011-09-22,11.2704696655273,0.612220585346222,2.50589990615845,0.188758166311156
2011-09-23,10.3346376419067,0.204174429178238,1.59064161777496,0.184617223125692
2011-09-24,10.0288667678833,0.0610161833465099,1.9386111497879,0.17944103591654
2011-09-25,8.64018440246582,2.20436787605286,1.02047443389893,0.171159149545613
2011-09-26,7.49433708190918,0.27732452750206,1.40787088871002,0.166328049162572
2011-09-27,7.5829815864563,4.90390396118164,1.0149267911911,0.161496932324886
2011-09-28,5.04942846298218,0.0286434292793274,0.558897793292999,0.163912490743729
2011-09-29,3.36263298988342,0.0379619933664799,0.901685118675232,0.161496932324886
2011-09-30,8.35752582550049,0.053415521979332,1.97552573680878,0.174609935533499
2011-10-01,5.18397283554077,0,1.58099448680878,0.186342624346958
2011-10-02,2.72626757621765,0.122358478605747,0.861783683300018,0.182891838359072
2011-10-03,3.12172150611877,0.490725070238113,0.628979086875916,0.175990249928654
2011-10-04,5.39549827575684,1.66844880580902,0.516889214515686,0.160461704755843
2011-10-05,5.63610029220581,0.0637017115950584,0.65561842918396,0.162187089522463
2011-10-06,4.20659399032593,0.09324049949646,0.501081645488739,0.169778835150459
2011-10-07,5.20262813568115,0.0326811969280243,0.990179002285004,0.167708363557727
2011-10-08,3.55037355422974,0.00364660588093102,0.96914803981781,0.156320761570379
2011-10-09,4.73258924484253,0.283814579248428,1.29051280021667,0.154250273523002
2011-10-10,3.60057735443115,0.275059342384338,0.724585950374603,0.15045441716365
2011-10-11,3.59040594100952,1.75548124313355,0.50700044631958,0.143207758361766
2011-10-12,3.49722409248352,1.46654212474823,0.526209712028503,0.147348701547229
2011-10-13,2.55400109291077,1.30383229255676,0.196443796157837,0.144242985930809
2011-10-14,2.64010810852051,4.49374492745847e-05,0.510319173336029,0.140102042745346
2011-10-15,1.02105677127838,0.00580210657790303,0.504050016403198,0.148383945570918
2011-10-16,0.450812757015228,0.190899357199669,0.616876542568207,0.149419173139961
2011-10-17,1.51940488815308,0,0.585446774959564,0.143897915559344
2011-10-18,0.279945343732834,0.00670872954651713,0.39946123957634,0.137341413955037
2011-10-19,3.26465249061584,0.0217214729636908,0.407909482717514,0.12836936215921
2011-10-20,1.96621966362,0.224782198667526,0.363791853189468,0.115256358950596
2011-10-21,-0.901016473770142,0.000541383167728782,0.385378181934357,0.115601437549385
2011-10-22,-0.695074260234833,0.512591540813446,0.355727016925812,0.114221123154231
2011-10-23,-0.853784918785095,0,0.200027734041214,0.0917909977783245
2011-10-24,-0.677600622177124,0.068685919046402,0.250121176242828,0.0990376483528856
2011-10-25,-0.765225172042847,0.0296351741999388,0.296305030584335,0.0948967051674221
2011-10-26,-1.22064065933228,0.682576060295105,0.29241219162941,0.0662551526723368
2011-10-27,-0.582727015018463,0.123525530099869,0.568576276302338,0.0697059427738841
2011-10-28,-3.13001108169556,1.3888772726059,0.323324739933014,0.0821287887849203
2011-10-29,-1.96574950218201,0.0464163273572922,0.215261667966843,0.0655649954747593
2011-10-30,-2.16693353652954,0.74156641960144,0.12777416408062,0.0855795747728066
2011-10-31,-2.62401413917542,0.382116794586182,0.0811298415064812,0.0790230731685
2011-11-01,-2.46388673782349,0.319574534893036,0.30912858247757,
2011-11-02,-1.44924354553223,3.16439962387085,0.32721534371376,
2011-11-03,-4.68754529953003,4.27209997177124,0.26239088177681,
2011-11-04,-12.3683700561523,0.22034777700901,0.187578156590462,
2011-11-05,-11.1299543380737,0.0662814825773239,0.145812854170799,
2011-11-06,-10.3036909103394,0,0.113937273621559,
2011-11-07,-9.92008876800537,0,0.0385497696697712,
2011-11-08,-8.26202201843262,0.00280253100208938,0.0647921860218048,
2011-11-09,-9.84733295440674,1.91798830032349,0.105086460709572,
2011-11-10,-8.1701831817627,0.582785487174988,0.106754302978516,
2011-11-11,-12.1412448883057,0.052899893373251,0.0598523691296578,
2011-11-12,-10.2701139450073,1.70770645141602,0.123899005353451,
2011-11-13,-8.34981632232666,2.09938287734985,0.110911764204502,
2011-11-14,-12.9697561264038,0.414569407701492,0.122884027659893,
2011-11-15,-19.4112968444824,0.017995385453105,0,
2011-11-16,-21.4662628173828,0.109914973378181,0.00700093246996403,
2011-11-17,-19.5826930999756,0.0176133140921593,0.00766647234559059,
2011-11-18,-21.0158672332764,0.0594476945698261,0,
2011-11-19,-20.7635936737061,0.0809010118246079,0,
2011-11-20,-27.2950420379639,0.272054374217987,0,
2011-11-21,-26.7613315582275,0.486516505479813,0.108831100165844,
2011-11-22,-15.4146156311035,4.46460628509522,0.0719134584069252,
2011-11-23,-18.3538856506348,2.81243824958801,0.0161489546298981,
2011-11-24,-13.9093446731567,0.515259563922882,0.0486510656774044,
2011-11-25,-14.3062963485718,0.957753598690033,0.0902063250541687,
2011-11-26,-14.9553985595703,4.51710367202759,0.15384928882122,
2011-11-27,-11.6613740921021,6.79666805267334,0.0861362516880035,
2011-11-28,-19.4243412017822,9.26182167404477e-07,0.0346085131168366,
2011-11-29,-15.4987478256226,0.0522811114788055,0,
2011-11-30,-14.3035545349121,0.00182865839451551,0.00123124604579061,
2011-12-01,-10.0157918930054,4.43111991882324,0.214914456009865,
2011-12-02,-9.09785270690918,0.330744236707687,0.0570992492139339,
2011-12-03,-12.9807720184326,0.0541353039443493,0,
2011-12-04,-13.0707235336304,0.0152209075167775,0.0168221592903137,
2011-12-05,-4.76971626281738,0.943799555301666,0.227154925465584,
2011-12-06,-5.82481479644775,2.83150100708008,0.0485259145498276,
2011-12-07,-17.5876655578613,0.158683285117149,0.0343756265938282,
2011-12-08,-23.004940032959,1.08503401279449,0.0307992957532406,
2011-12-09,-15.9884643554688,0.000556850631255657,0.0443948581814766,
2011-12-10,-10.5582208633423,0,0,
2011-12-11,-10.2639818191528,0.25834521651268,0.000832047429867089,
2011-12-12,-12.010986328125,0.19177719950676,0.079866997897625,
2011-12-13,-9.97037887573242,1.80395746231079,0.00722896074876189,
2011-12-14,-10.9982414245605,1.01945126056671,0,
2011-12-15,-14.084662437439,0.128799498081207,0,
2011-12-16,-12.7110080718994,0.325004905462265,0.0167368482798338,
2011-12-17,-9.86244297027588,0,0.0159186143428087,
2011-12-18,-15.0313119888306,0.00221422291360796,0,
2011-12-19,-10.4999971389771,0,0.151592344045639,
2011-12-20,-7.47521114349365,0.000286596739897504,0,
2011-12-21,-11.4743871688843,0.00184628926217556,0,
2011-12-22,-10.8770580291748,5.06364267494064e-05,0.0613872036337853,
2011-12-23,-7.24058055877686,0.025948254391551,0.166701555252075,
2011-12-24,-4.10098648071289,1.07155740261078,0,
2011-12-25,-6.76583433151245,0.943859815597534,0.0475512854754925,
2011-12-26,-12.3358478546143,0.696737051010132,0,
2011-12-27,-11.5663118362427,0.745681166648865,0.0385363809764385,
2011-12-28,-14.4816846847534,0.0674512013792992,0.0225543361157179,
2011-12-29,-10.885458946228,3.76182222366333,0.0731247588992119,
2011-12-30,-15.743462562561,0.45962718129158,0.0310229398310185,
2011-12-31,-15.5365505218506,0.625017702579498,0.0312777571380138,
2012-01-01,-16.6028861999512,0.0356231033802032,0.0615778751671314,
2012-01-02,-10.4600009918213,0.0701224803924561,0.246616080403328,
2012-01-03,-9.75233173370361,0.0277746673673391,0.0201357994228601,
2012-01-04,-8.98270130157471,7.89242267608643,0.159493342041969,
2012-01-05,-9.57413959503174,1.38213717937469,0,
2012-01-06,-15.1376991271973,0.0695473179221153,0,
2012-01-07,-15.0474443435669,0.616484761238098,0.0626311674714088,
2012-01-08,-7.94907712936401,0.00102416798472404,0.118104711174965,
2012-01-09,-6.12282228469849,0.0147204408422112,0.0132330572232604,
2012-01-10,-14.1073446273804,0.241370320320129,0.0414461232721806,
2012-01-11,-19.1815338134766,0.164586678147316,0.10901665687561,
2012-01-12,-11.8401918411255,2.33216071128845,0.074391670525074,
2012-01-13,-9.84530544281006,1.59987843036652,0.0357665345072746,
2012-01-14,-17.5839328765869,2.05263686180115,0.0787853896617889,
2012-01-15,-26.7941455841064,1.02023816108704,0.084753043949604,
2012-01-16,-32.8065490722656,0.362710058689117,0.00609126687049866,
2012-01-17,-33.2570495605469,0.512327492237091,0.0228437334299088,
2012-01-18,-25.2960834503174,1.12540376186371,0.0714931488037109,
2012-01-19,-22.6027069091797,0.477460473775864,0.0247976090759039,
2012-01-20,-25.2204627990723,0.00256811222061515,0.00249273190274835,
2012-01-21,-24.6301670074463,1.76208436489105,0.150457978248596,
2012-01-22,-19.1806545257568,0.346754342317581,0.0258166417479515,
2012-01-23,-14.564359664917,0.295931607484818,0.110595151782036,
2012-01-24,-15.3251733779907,0.675998747348785,0.0643052086234093,
2012-01-25,-12.3528184890747,0.978659808635712,0.11633338779211,
2012-01-26,-16.6880855560303,0.516627073287964,0.0488884933292866,
2012-01-27,-17.644416809082,0.0760607570409775,0.0189358815550804,
2012-01-28,-22.8545989990234,0.133477285504341,0.0399216152727604,
2012-01-29,-18.2615127563477,0.754792392253876,0.126963451504707,
2012-01-30,-17.0579147338867,2.90639638900757,0.0630795732140541,
2012-01-31,-15.0980367660522,0.232080683112144,0.0873813256621361,
2012-02-01,-12.1257944107056,0.0383557043969631,0.0694895908236504,
2012-02-02,-10.3405656814575,0.0893789008259773,0.162426978349686,
2012-02-03,-4.80788278579712,0.285066813230515,0.20037816464901,
2012-02-04,0.106832757592201,0.612396717071533,0.243560194969177,
2012-02-05,-6.14438390731812,0.256503760814667,0.102422922849655,
2012-02-06,-12.1653299331665,0.293418884277344,0.0991521775722504,
2012-02-07,-9.11422729492188,0.217833578586578,0.262398034334183,
2012-02-08,-13.1416492462158,0.205275148153305,0.142757207155228,
2012-02-09,-19.0056133270264,0.1924988925457,0.065904788672924,
2012-02-10,-18.4263038635254,0.187449723482132,0.207706138491631,
2012-02-11,-14.5809707641602,0.150082156062126,0.229795023798943,
2012-02-12,-9.87916660308838,0.0812019780278206,0.20145158469677,
2012-02-13,-5.55618619918823,0.00259119598194957,0.209036380052567,
2012-02-14,-5.6093487739563,0.03111014328897,0.103654608130455,
2012-02-15,-9.13021755218506,0.0211762972176075,0.173659279942513,
2012-02-16,-10.0165729522705,0.0755804255604744,0.182230859994888,
2012-02-17,-8.82557392120361,0.00137180427554995,0.164078906178474,
2012-02-18,-8.32991123199463,0.0716843232512474,0.301640778779984,
2012-02-19,-8.49155902862549,0,0.264875054359436,
2012-02-20,-12.4120740890503,1.40134596824646,0.158145487308502,
2012-02-21,-11.0987043380737,3.26644229888916,0.199237659573555,
2012-02-22,-11.1797246932983,0.518812477588654,0.222175523638725,
2012-02-23,-15.3739366531372,0.482299894094467,0.208133921027184,
2012-02-24,-15.4035663604736,0.0271850023418665,0.183696866035461,
2012-02-25,-17.6170139312744,0.00729521038010716,0.170361667871475,
2012-02-26,-21.0859451293945,0.33737450838089,0.17470546066761,
2012-02-27,-15.7479639053345,0.192425280809402,0.294174820184708,
2012-02-28,-11.7131338119507,0.454593360424042,0.258436053991318,
2012-02-29,-14.267728805542,0.236548975110054,0.260883659124374,
2012-03-01,-16.028938293457,0.744162499904633,0.226277068257332,0.00893754434731427
2012-03-02,-15.8672046661377,0.0469129607081413,0.264769822359085,0.00886852842187347
2012-03-03,-11.4998741149902,0.388799965381622,0.318185478448868,0.00883402097336077
2012-03-04,-10.5109910964966,0.0662387013435364,0.300963580608368,0.00876500504791997
2012-03-05,-14.6959838867188,0.742831230163574,0.257596522569656,0.00869598912247917
2012-03-06,-20.8337669372559,0.562669515609741,0.242716103792191,0.00862697319703837
2012-03-07,-15.9838447570801,0.311608552932739,0.338448226451874,0.00859246523431797
2012-03-08,-11.1603813171387,1.30398273468018,0.566295921802521,0.00852344930887718
2012-03-09,-1.75391519069672,0.631134927272797,0.963269352912903,0.00845443389764408
2012-03-10,0.00331126688979566,0.0205398723483086,0.541117310523987,0.00841992593492368
2012-03-11,-2.06336307525635,1.87573111057282,0.565443992614746,0.00835091000948288
2012-03-12,-6.26653337478638,1.00200581550598,0.288218945264816,0.00828189408404208
2012-03-13,-11.9939832687378,0.355598479509354,0.409585148096085,0.00824738612132168
2012-03-14,-16.3313293457031,0.295671463012695,0.285389244556427,0.00824738612132168
2012-03-15,-12.0849714279175,0.525234580039978,0.712213277816773,0.00821287867280894
2012-03-16,-6.51818943023682,2.28746747970581,0.483674883842468,0.00817837071008854
2012-03-17,-9.98455810546875,2.90797829627991,0.581215798854828,0.00817837071008854
2012-03-18,-11.1954030990601,6.8190450668335,0.279018104076386,0.00814386274736815
2012-03-19,-13.8354654312134,1.01828598976135,0.54489940404892,0.00814386274736815
2012-03-20,-13.3179063796997,0.138036921620369,0.47112512588501,0.00810935478464778
2012-03-21,-16.9239978790283,0,0.397490948438644,0.00807484682192738
2012-03-22,-18.1425304412842,0.000269349809968844,0.498229771852493,0.00807484682192738
2012-03-23,-12.9881181716919,0.000658538658171892,0.597538709640503,0.00804033885920698
2012-03-24,-9.45558071136475,0.0256440620869398,0.65249502658844,0.00800583089648658
2012-03-25,-6.7272481918335,0.99106752872467,0.854192733764648,0.00800583089648658
2012-03-26,-4.03532838821411,0.0548699758946896,0.816607773303986,0.00797132344797385
2012-03-27,-3.68661546707153,0.00994052737951279,1.03535676002502,0.00793681548525345
2012-03-28,0.562173902988434,0.0128360157832503,0.965819656848907,0.00793681548525345
2012-03-29,1.52050256729126,0,0.803025901317596,0.00790230752253305
2012-03-30,2.30454087257385,0.0835774466395378,1.0753390789032,0.00790230752253305
2012-03-31,-0.0142031386494637,1.41734504699707,0.933923006057739,0.00786779955981265
2012-04-01,-0.75149005651474,0.252663940191269,0.794025182723999,0.00783329159709225
2012-04-02,-1.73421275615692,0.0360128916800022,1.15851187705994,0.00783329159709225
2012-04-03,3.81251120567322,0,1.49196481704712,0.00783329159709225
2012-04-04,0.515187680721283,1.16378366947174,0.781715571880341,0.00793681548525345
2012-04-05,-6.83031845092773,7.55310392379761,0.467787861824036,0.00807484682192738
2012-04-06,-7.92187738418579,4.72342824935913,0.683544099330902,0.00824738612132168
2012-04-07,-6.4844183921814,0.0188345219939947,0.990556836128235,0.00838541797220328
2012-04-08,-5.22848796844482,0.14282338321209,1.12590265274048,0.00855795727159758
2012-04-09,-3.7640700340271,0.0104040568694472,1.25156509876251,0.00873049657099191
2012-04-10,-1.52573883533478,0,1.47190225124359,0.0089030358703862
2012-04-11,3.14926648139954,0.00594113627448678,1.69277787208557,0.0090410677212678
2012-04-12,3.20340394973755,2.99350047111511,1.61790549755096,0.0092136070206621
2012-04-13,-1.08146512508392,1.8497017621994,0.695361435413361,0.00938614734847177
2012-04-14,-5.47260856628418,0.827990353107452,1.14324522018433,0.0095931940963788
2012-04-15,-8.90564632415771,0.00444181729108095,1.0264436006546,0.0097657333957731
2012-04-16,-7.83076047897339,0.00627896143123508,1.24364900588989,0.00993827269516743
2012-04-17,-8.14967727661133,0.0208081118762493,1.40322518348694,0.0101453204714898
2012-04-18,-2.72380542755127,0.0104040568694472,1.68249952793121,0.0579732580740868
2012-04-19,0.146319270133972,0.0103141823783517,1.91054165363312,0.852344978194826
2012-04-20,4.25179433822632,0.183729290962219,1.89219152927399,0.7419196949453
2012-04-21,4.50313282012939,0.00023847387637943,1.25779914855957,0.676354711811524
2012-04-22,4.33233880996704,0.294233411550522,2.02998208999634,0.621142070186763
2012-04-23,3.31427597999573,0,1.98196256160736,0.596986518907621
2012-04-24,-0.166422367095947,0.678159236907959,1.31098055839539,0.565929428562002
2012-04-25,-1.03468930721283,1.05682730674744,1.59194302558899,0.58663417739861
2012-04-26,0.91198056936264,0,1.84758532047272,0.700510197272082
2012-04-27,2.21528625488281,2.22937297821045,0.884549081325531,0.848894175752292
2012-04-28,4.3691782951355,0.35195729136467,2.46074295043945,0.804033875636542
2012-04-29,5.40462875366211,0.392099469900131,2.16278719902039,0.786779929242465
2012-04-30,8.02684593200684,0.440768390893936,2.34668016433716,0.879951266097914
2012-05-01,7.32031917572021,0.138897478580475,2.52718567848206,0.97657333957731
2012-05-02,7.88234186172485,0,3.14202046394348,1.15256367177919
2012-05-03,8.60887336730957,0.062772698700428,3.01404714584351,1.38376644815009
2012-05-04,7.13358783721924,0.474687039852142,1.30961215496063,1.54940443884296
2012-05-05,6.52536153793335,2.50923204421997,2.50854325294495,1.62532169766716
2012-05-06,6.50286865234375,0.245219275355339,3.14864468574524,1.60116627802519
2012-05-07,9.4091682434082,0.298891305923462,3.43819832801819,1.45623310198751
2012-05-08,11.6124029159546,0.0610037259757519,3.90126204490662,1.30439832106477
2012-05-09,6.80745029449463,0.12213371694088,3.30392026901245,1.16636674991215
2012-05-10,2.51238870620728,6.68451309204102,2.11844110488892,1.00763049574152
2012-05-11,5.13267230987549,1.40658140182495,2.73615646362305,0.948967051674221
2012-05-12,8.58903789520264,0.062665194272995,3.43069934844971,0.924811500395079
2012-05-13,9.60077476501465,13.5026426315308,3.05613374710083,1.13876046200907
2012-05-14,7.36417627334595,3.16039490699768,2.70513463020325,1.12840812050005
2012-05-15,8.43663597106934,0.235467180609703,3.03923034667969,1.16291601328821
2012-05-16,8.36452579498291,4.72298097610474,3.03524398803711,1.26989042827661
2012-05-17,4.8297233581543,1.12066769599915,3.00398087501526,1.11115417410598
2012-05-18,3.43010234832764,2.32762813568115,1.52214205265045,1.00072889085645
2012-05-19,3.41431450843811,3.15253472328186,1.87898886203766,0.94551624923169
2012-05-20,5.47820520401001,0.0569255352020264,3.25143098831177,0.955868656559286
2012-05-21,9.70154666900635,0.758112609386444,3.96348118782043,1.014532034808
2012-05-22,10.8085718154907,0.362109184265137,4.08290529251099,0.97657333957731
2012-05-23,11.2903881072998,0.183058112859726,4.35696172714233,0.862697319703837
2012-05-24,9.30488967895508,0.565909206867218,4.12737703323364,0.797132336570062
2012-05-25,8.69332981109619,0.089013896882534,4.17468309402466,0.759173641339377
2012-05-26,12.9052000045776,0.016211898997426,4.80560684204102,0.703960999714616
2012-05-27,14.0070495605469,0,5.36925172805786,0.641846819023371
2012-05-28,14.2615385055542,0.130634680390358,5.23769474029541,0.600437321350155
2012-05-29,14.0678005218506,0.0789549723267555,5.20775604248047,0.565929428562002
2012-05-30,13.9875545501709,0.725669801235199,5.36357021331787,0.53832314065891
2012-05-31,12.0770864486694,0.247407928109169,4.79751777648926,0.503815247870757
2012-06-01,12.2166090011597,0.135247632861137,4.63952541351318,0.472758124615843
2012-06-02,12.1894121170044,0.200739145278931,3.57961249351501,0.445151803803465
2012-06-03,11.7606410980225,7.71922969818115,2.34619951248169,0.417545515900373
2012-06-04,10.750316619873,7.19643259048462,2.4543628692627,0.410643911015311
2012-06-05,10.5670948028564,0.382231116294861,2.11377501487732,0.448602606245995
2012-06-06,13.6280069351196,0.274940878152847,4.66778373718262,0.555577087052987
2012-06-07,17.5662231445312,0.312409311532974,4.67411947250366,0.559027889495521
2012-06-08,13.4985046386719,0.0271357893943787,4.32975053787231,0.531421535773848
2012-06-09,13.3372383117676,3.90101051330566,2.75678968429565,0.493462873452455
2012-06-10,11.2292222976685,0.00390847120434046,3.62507343292236,0.462405750197541
2012-06-11,11.0079145431519,3.0625102519989,2.56139230728149,0.441701034270224
2012-06-12,10.1929311752319,0.443053871393204,1.6356920003891,0.424447087876148
2012-06-13,10.4967613220215,6.34740352630615,2.7228786945343,0.407193141482071
2012-06-14,9.99930763244629,4.26577758789063,3.5155086517334,0.469307355082603
2012-06-15,9.14614295959473,3.12102818489075,3.30934596061707,0.583183374956079
2012-06-16,9.69401454925537,8.06076431274414,2.21074724197388,0.59008497984114
2012-06-17,9.32752704620361,2.45757269859314,1.61233842372894,0.596986518907621
2012-06-18,11.4213094711304,1.07253181934357,1.47557413578033,0.610789728677751
2012-06-19,11.4790487289429,1.98233151435852,3.63434052467346,0.59008497984114
2012-06-20,12.5449275970459,0.347148418426514,4.9063024520874,0.565929428562002
2012-06-21,14.9244976043701,0.955937504768372,5.04387331008911,0.527970766240608
2012-06-22,15.0890159606934,0.0394863598048687,5.19702196121216,0.49001207100992
2012-06-23,14.4374971389771,0,5.26203584671021,0.458954980664301
2012-06-24,14.3607234954834,2.60933995246887,4.04626131057739,0.455504178221767
2012-06-25,16.3816108703613,4.59752130508423,4.21954870223999,0.431348659851919
2012-06-26,14.0018892288208,2.02884721755981,3.06221175193787,0.410643911015311
2012-06-27,14.1891670227051,3.60029053688049,3.39618945121765,0.410643911015311
2012-06-28,15.3390483856201,0.509707629680634,4.31533622741699,0.393389964621234
2012-06-29,13.9815893173218,0.349447131156921,3.41312098503113,0.383037623112219
2012-06-30,15.6486959457397,0.646396040916443,4.52630233764648,0.365783676718143
2012-07-01,15.7208385467529,0.784693717956543,3.79264879226685,0.351980499857306
2012-07-02,13.8727912902832,0.0647243410348892,4.64451122283936,0.330585610277767
2012-07-03,14.629322052002,0.00503014679998159,4.73085880279541,0.307810406303073
2012-07-04,15.749680519104,0.112861461937428,5.12979459762573,0.282964714281001
2012-07-05,15.4774446487427,0.525626003742218,4.24468564987183,0.263640296294192
2012-07-06,15.7394495010376,5.81740379333496,3.85880088806152,0.251562537109268
2012-07-07,16.1751098632812,0.781341254711151,4.79465627670288,0.230167647529727
2012-07-08,19.7025680541992,0.398851901292801,5.0845799446106,0.245006035504961
2012-07-09,20.9645462036133,0.430910974740982,5.67774391174316,0.258809195911151
2012-07-10,22.4100208282471,0.0649438351392746,6.46407842636108,0.246731436726227
2012-07-11,18.0815124511719,0.249412894248962,5.23698902130127,0.226026704344264
2012-07-12,13.1426448822021,0.877462565898895,4.45280456542969,0.209117828321653
2012-07-13,14.241527557373,0.079987570643425,5.23946142196655,0.192554039125153
2012-07-14,18.6262321472168,0.191688776016235,4.83244609832764,0.179786122742651
2012-07-15,17.3944358825684,0.557033240795136,4.04050636291504,0.168398520755304
2012-07-16,17.0585231781006,3.58733367919922,4.71451616287231,0.161842019150997
2012-07-17,19.4174690246582,8.16666412353516,3.61524105072022,0.161842019150997
2012-07-18,14.6285161972046,22.121603012085,1.07738316059113,0.205667042333766
2012-07-19,14.236873626709,6.90206480026245,2.45922064781189,0.317127520243043
2012-07-20,16.585958480835,1.85449789569248e-05,4.91164398193359,1.07319547887529
2012-07-21,18.7502670288086,0.0515029728412628,4.11415767669678,1.37341410664107
2012-07-22,20.1395626068115,2.38272356987,4.37740278244019,1.0835478203843
2012-07-23,18.8051204681396,0.17435659468174,4.67372369766235,0.859246517261306
2012-07-24,19.1104984283447,0.23682202398777,4.30173873901367,0.717764143666158
2012-07-25,18.7258815765381,5.55504274368286,3.78595852851868,0.617691267744232
2012-07-26,17.35569190979,0.548518121242523,3.63852548599243,0.53832314065891
2012-07-27,18.0349674224854,2.82487154006958,4.03932952880859,0.53832314065891
2012-07-28,17.5711288452148,1.57768750190735,4.06022357940674,0.628043675071828
2012-07-29,17.8251628875732,7.51952219009399,3.04180097579956,0.534872338216379
2012-07-30,17.3185653686523,1.03733944892883,3.83740520477295,0.469307355082603
2012-07-31,17.581615447998,0.690378606319428,3.49362373352051,0.817837085406672
2012-08-01,16.0725021362305,0.220476701855659,3.56306147575378,0.776427587733454
2012-08-02,16.3143138885498,4.16211700439453,3.34989547729492,0.63839601658084
2012-08-03,15.2058887481689,1.96572351455688,1.62455248832703,0.614240465301698
2012-08-04,14.9835004806519,0.869413256645203,3.67446947097778,0.583183374956079
2012-08-05,12.7185153961182,0.00287818885408342,3.86253571510315,0.569380231004533
2012-08-06,13.4161128997803,0.243657469749451,2.70711374282837,0.569380231004533
2012-08-07,15.68288230896,0.123154506087303,3.61475563049316,0.507266017403997
2012-08-08,18.1175193786621,0.0708103477954865,4.03530550003052,0.465856552640072
2012-08-09,17.7822360992432,1.67293393611908,3.23883771896362,0.43825023182769
2012-08-10,15.0861721038818,0.990929186344147,3.7231650352478,0.427897857409388
2012-08-11,10.7823543548584,2.93734240531921,1.76226449012756,0.483110499034149
2012-08-12,10.9620380401611,0.870595037937164,3.13695502281189,0.458954980664301
2012-08-13,13.265736579895,6.09239673614502,2.25594639778137,0.407193141482071
2012-08-14,10.9561109542847,0.658798754215241,2.45371341705322,0.38648839264546
2012-08-15,10.8062629699707,0.884627640247345,3.25086617469788,0.407193141482071
2012-08-16,14.6496734619141,0.883851289749146,3.30056619644165,0.420996285433613
2012-08-17,15.8946676254272,0.125552743673325,3.75756573677063,0.400291569506296
2012-08-18,18.206974029541,0,4.68450593948364,0.383037623112219
2012-08-19,18.5930290222168,6.36895420029759e-05,3.94137167930603,0.358882071833081
2012-08-20,16.5126190185547,0.0178209505975246,3.17365145683289,0.333346239068076
2012-08-21,17.2448825836182,0.0357754044234753,3.71044087409973,0.314021837535913
2012-08-22,16.1428546905518,0.74836266040802,3.60812473297119,0.290556459908996
2012-08-23,13.9368762969971,10.8569183349609,2.04480791091919,0.275372985107651
2012-08-24,11.4944047927856,4.3379168510437,0.735458433628082,0.267781255934301
2012-08-25,14.3352355957031,0.168250471353531,2.862948179245,0.314366891452734
2012-08-26,13.4672937393188,0.223550632596016,2.86304378509522,0.410643911015311
2012-08-27,15.338791847229,0.11067109555006,3.68208050727844,0.393389964621234
2012-08-28,15.7708415985107,0.459830790758133,3.45325946807861,0.355431302299841
2012-08-29,12.7227087020874,3.25346398353577,2.13926696777344,0.324719265871038
2012-08-30,8.34273052215576,2.12548804283142,0.472944110631943,0.302979289465386
2012-08-31,8.16956901550293,0.110675565898418,2.26722431182861,0.280204085490691
2012-09-01,11.9669933319092,0,2.81697058677673,0.269506640700921
2012-09-02,12.8120946884155,4.46254777908325,1.74357712268829,0.271232041922187
2012-09-03,9.78121185302734,11.9751014709473,0.339467585086823,0.273302513514919
2012-09-04,11.8124094009399,2.357497215271,2.20978307723999,0.275372985107651
2012-09-05,11.7648105621338,0.857623279094696,1.98017990589142,0.302634235548566
2012-09-06,13.1369371414185,0.0479860976338387,2.88321733474731,0.38648839264546
2012-09-07,12.4205160140991,0.0324645191431046,2.74338507652283,0.403742339039536
2012-09-08,10.9803771972656,0,2.7502167224884,0.379586820669689
2012-09-09,11.3209095001221,2.41460680961609,1.87177467346191,0.355431302299841
2012-09-10,11.3116083145142,2.1701877117157,1.15638661384583,0.338522442731874
2012-09-11,7.71808576583862,0.443652123212814,1.72083854675293,0.322993864649772
2012-09-12,3.94833755493164,0.306652098894119,2.09752440452576,0.31022594826727
2012-09-13,7.57849836349487,0.0984242781996727,2.26810908317566,0.27640822913134
2012-09-14,9.15573978424072,7.06533145904541,1.76350951194763,0.25087237991169
2012-09-15,5.5602331161499,0.512351155281067,0.932169735431671,0.251217466737802
2012-09-16,5.76325464248657,0.271099746227264,1.75118267536163,0.248456821492847
2012-09-17,9.42467975616455,0.00853424798697233,2.45251679420471,0.238794620726766
2012-09-18,12.5214405059814,0.513274908065796,2.04002904891968,0.246041279528649
2012-09-19,9.91747570037842,0.0613765977323055,1.94467842578888,0.239829848295809
2012-09-20,10.1746587753296,1.21628900160431e-05,2.01752948760986,0.231893032296347
2012-09-21,12.1045846939087,1.21628900160431e-05,2.09560561180115,0.224646389949109
2012-09-22,15.3297691345215,1.74160431924975e-05,2.07900476455688,0.222230831530266
2012-09-23,14.068172454834,0.125866532325745,1.68213272094727,0.216364487123536
2012-09-24,14.2017955780029,0.15331281721592,1.90208792686462,0.211188299914384
2012-09-25,10.4707450866699,0.248913004994392,1.65926504135132,0.206012112705232
2012-09-26,7.13157606124878,1.21625753308763e-05,1.39882206916809,0.200490855124614
2012-09-27,11.186074256897,1.21628900160431e-05,2.00346899032593,0.194969597543996
2012-09-28,11.6908626556396,3.86763548851013,0.639672935009003,0.187377851916001
2012-09-29,6.49901103973389,0.33989343047142,1.15584373474121,0.185652467149381
2012-09-30,4.37649822235107,0.0768835246562958,1.35499978065491,0.183236908730538
2012-10-01,3.89711785316467,0.00503615848720074,0.627946794033051,0.182201681161495
2012-10-02,2.96770167350769,2.67658543586731,0.63674408197403,0.180821350311694
2012-10-03,2.81809163093567,0.495857089757919,0.707050263881683,0.178060721521386
2012-10-04,1.89747846126556,0.000387201434932649,0.921635389328003,0.175300092731076
2012-10-05,2.43811178207397,0,0.949178516864777,0.172884550766879
2012-10-06,5.20225858688354,0.295333117246628,1.02146005630493,0.170468992348036
2012-10-07,5.72733926773071,1.79650640487671,0.496745884418488,0.167708363557727
2012-10-08,2.16042852401733,0.582040250301361,0.634841561317444,0.165292805138884
2012-10-09,-0.213664382696152,1.56503975391388,0.329182952642441,0.16287724672004
2012-10-10,-3.27458000183105,0.633257389068604,0.642852604389191,0.160806775127309
2012-10-11,-6.68996000289917,0.000490380392875522,0.38723012804985,0.158391233163111
2012-10-12,-7.86003875732422,1.05194413661957,0.511062443256378,0.155975674744268
2012-10-13,-3.75505614280701,0.210407838225365,0.525981783866882,0.153905203151536
2012-10-14,1.25365686416626,1.01857125759125,0.266059309244156,0.151489644732693
2012-10-15,0.186727553606033,0.190845370292664,0.326190084218979,0.149419173139961
2012-10-16,0.803611040115356,0,0.284042179584503,0.147348701547229
2012-10-17,1.40239322185516,0.877316355705261,0.341131299734116,0.145278229954498
2012-10-18,0.216385200619698,0.14554351568222,0.320889741182327,0.142862671535655
2012-10-19,-0.803935527801514,1.85288310050964,0.433602005243301,0.140792199942923
2012-10-20,-3.64379620552063,7.12996435165405,0.371260792016983,0.139066815176303
2012-10-21,-4.40564012527466,9.8995418548584,0.245887205004692,0.136996335356248
2012-10-22,-3.07444262504578,3.37268447875977,0.228522747755051,0.134925863763516
2012-10-23,-4.27505445480347,1.73470115661621,0.226304695010185,0.132855383943462
2012-10-24,-5.37902688980103,0.747991025447846,0.187963843345642,0.131129990949519
2012-10-25,-7.02013349533081,0.400912940502167,0.200133308768272,0.129059519356787
2012-10-26,-11.8305797576904,0.0473920740187168,0.0993986427783966,0.127334126362844
2012-10-27,-13.7739248275757,1.54115879535675,0.124716900289059,0.125608733368901
2012-10-28,-11.5114612579346,5.93353366851807,0.160169944167137,0.123538253548846
2012-10-29,-14.4923763275146,1.0507504940033,0.0901825800538063,0.121812860554903
2012-10-30,-14.9608297348022,0.00837097316980362,0.0910578742623329,0.120777624758537
2012-10-31,-15.4567775726318,0,0.101512253284454,0.12008746756096
2012-11-01,-11.4400043487549,0.00469680083915591,0.127915933728218,
2012-11-02,-11.5560207366943,0.0487334802746773,0.0859935656189919,
2012-11-03,-8.60948467254639,0.636837542057037,0.170642390847206,
2012-11-04,-2.11321210861206,2.63836622238159,0.119649417698383,
2012-11-05,-3.40881633758545,0.807650983333588,0.0750558823347092,
2012-11-06,-6.8274130821228,0.0921251550316811,0.00191156554501504,
2012-11-07,-9.50268173217773,0.0161867402493954,0.104308933019638,
2012-11-08,-14.3876161575317,0.0228049401193857,0.0166422687470913,
2012-11-09,-16.2960243225098,0.0803770124912262,0.0368530973792076,
2012-11-10,-17.4371776580811,0.00179028674028814,0.08570796251297,
2012-11-11,-13.7809629440308,1.77600538730621,0.132262006402016,
2012-11-12,-12.8831510543823,1.4525238275528,0.0707440003752708,
2012-11-13,-15.9971580505371,0.66317480802536,0.0224035102874041,
2012-11-14,-17.6128120422363,0.701482772827148,0.0366416983306408,
2012-11-15,-16.1763610839844,0.737637042999268,0.0924915224313736,
2012-11-16,-12.6950874328613,2.21453833580017,0.10062563419342,
2012-11-17,-10.1359357833862,0.777335822582245,0.0635173693299294,
2012-11-18,-13.4670219421387,0.780416548252106,0.0774380415678024,
2012-11-19,-16.7931461334229,2.50051283836365,0.0304547008126974,
2012-11-20,-18.4035568237305,1.53953981399536,0.07407296448946,
2012-11-21,-21.1831474304199,0.314294844865799,0,
2012-11-22,-20.9638271331787,0.00367807131260633,0.0192126035690308,
2012-11-23,-15.8076152801514,3.48085713386536,0.114778451621532,
2012-11-24,-18.7555274963379,0.95533412694931,0.0423958897590637,
2012-11-25,-19.8591156005859,1.58005976676941,0.0617067404091358,
2012-11-26,-22.198278427124,0.167241588234901,0,
2012-11-27,-22.5905666351318,0.233622163534164,0.0401687249541283,
2012-11-28,-25.5119876861572,0.0551613979041576,0,
2012-11-29,-27.7240829467773,1.77423274517059,0.0568145327270031,
2012-11-30,-20.7746429443359,3.89762282371521,0.0463493876159191,
2012-12-01,-21.1607074737549,1.74491202831268,0.0620750822126865,
2012-12-02,-19.8705863952637,1.44079566001892,0.0634849965572357,
2012-12-03,-19.5036640167236,2.14668321609497,0.0316616259515286,
2012-12-04,-16.4000186920166,4.27407217025757,0.0684927105903626,
2012-12-05,-16.7222805023193,5.52838468551636,0.0733173862099648,
2012-12-06,-22.6056022644043,0.381654232740402,0,
2012-12-07,-25.4126949310303,0.666475534439087,0.0291447248309851,
2012-12-08,-25.6985969543457,0.250296533107758,0,
2012-12-09,-24.9780883789062,0.712251484394074,0.0376411788165569,
2012-12-10,-23.0994281768799,2.10601353645325,0.0234850868582726,
2012-12-11,-20.7995624542236,0.648566365242004,0.0638568326830864,
2012-12-12,-25.9769611358643,0.171176165342331,0,
2012-12-13,-18.9674377441406,0.134708940982819,0.0872324109077454,
2012-12-14,-14.39173412323,0.0780971348285675,0,
2012-12-15,-16.128101348877,2.11031310755061e-05,0.0806016996502876,
2012-12-16,-12.2655248641968,0.328560590744019,0.0418857336044312,
2012-12-17,-16.4124889373779,0.033446379005909,0,
2012-12-18,-17.8853988647461,0.0673600435256958,0.0247004684060812,
2012-12-19,-20.5781192779541,0.160352975130081,0,
2012-12-20,-17.7240867614746,0.00127962743863463,0.0642435103654862,
2012-12-21,-19.8347625732422,0.475896507501602,0.0243361163884401,
2012-12-22,-23.7123680114746,0.0830193683505058,0,
2012-12-23,-23.9492416381836,0.0453752130270004,0.0236449260264635,
2012-12-24,-23.3479957580566,1.9674180293805e-05,0.0196031015366316,
2012-12-25,-23.854564666748,3.84422165211618e-08,0.0129920113831759,
2012-12-26,-24.7823352813721,0,0.00771507015451789,
2012-12-27,-24.9628467559814,0.000695609138347209,0.00501734390854836,
2012-12-28,-22.2660293579102,0.0484661459922791,0.0413657128810883,
2012-12-29,-20.3890514373779,0.000828979711513966,0.0140895331278443,
2012-12-30,-19.0298004150391,0.00155932479538023,0.0470351688563824,
2012-12-31,-12.5803623199463,6.71952602715464e-06,0.0988779366016388,
2013-01-01,-8.20841789245605,0.45942497253418,0.0120108723640442,
2013-01-02,-8.13104152679443,0.00255319778807461,0.162057936191559,
2013-01-03,-8.18845653533936,0,0,
2013-01-04,-12.0040693283081,0.954225659370422,0.0482525825500488,
2013-01-05,-12.0257616043091,0.415446043014526,0,
2013-01-06,-11.4547643661499,0.077371396124363,0.0283480864018202,
2013-01-07,-12.5972375869751,0.168309941887856,0,
2013-01-08,-16.1839561462402,0.384919136762619,0.0155843049287796,
2013-01-09,-18.7168617248535,0.000537643907591701,0,
2013-01-10,-23.1194190979004,0.0643627718091011,0,
2013-01-11,-21.4772033691406,0.0139724845066667,0.0147367483004928,
2013-01-12,-20.8916416168213,0.0252577736973763,0.0225881617516279,
2013-01-13,-19.959753036499,0.129757717251778,0.0248925313353539,
2013-01-14,-15.1946887969971,4.47272729873657,0.12050623446703,
2013-01-15,-12.8329992294312,5.0873875617981,0.0723132118582726,
2013-01-16,-16.9181785583496,1.41575193405151,0,
2013-01-17,-18.6731948852539,5.05903196334839,0.175241395831108,
2013-01-18,-19.9250717163086,1.61001026630402,0.0793140307068825,
2013-01-19,-27.1506214141846,0.0337874069809914,0.0224349144846201,
2013-01-20,-28.2386360168457,0.00922764651477337,0.016100762411952,
2013-01-21,-22.7543087005615,0.662585914134979,0.083025336265564,
2013-01-22,-22.3170013427734,0.453208982944489,0.0232708733528852,
2013-01-23,-23.1224632263184,3.55054783821106,0.137058407068253,
2013-01-24,-19.4591445922852,1.40778362751007,0.0614322684705257,
2013-01-25,-18.0815410614014,0.0111426068469882,0.0783549025654793,
2013-01-26,-15.534951210022,0.020197281613946,0.0620408840477467,
2013-01-27,-16.7944049835205,1.36650598049164,0.0637763515114784,
2013-01-28,-25.6693515777588,1.08894407749176,0.0478184297680855,
2013-01-29,-33.0045852661133,0,0.0283722728490829,
2013-01-30,-33.5087776184082,0.218860298395157,0.0274527426809073,
2013-01-31,-26.5549850463867,0.110034607350826,0.0887128040194511,
2013-02-01,-20.1055183410645,2.10953092575073,0.133162885904312,
2013-02-02,-19.58078956604,0.420757442712784,0.07314233481884,
2013-02-03,-17.6335773468018,1.98603951931,0.149999156594276,
2013-02-04,-14.2561340332031,1.42672073841095,0.128619715571404,
2013-02-05,-15.3468914031982,0.640864431858063,0.0581058152019978,
2013-02-06,-16.6014976501465,0.140698686242104,0.0759162753820419,
2013-02-07,-13.3729019165039,0.276811450719833,0.0918042063713074,
2013-02-08,-9.45021152496338,1.17815911769867,0.156300604343414,
2013-02-09,-10.3897695541382,0.12799246609211,0.162718757987022,
2013-02-10,-11.5714893341064,0.296389311552048,0.212159901857376,
2013-02-11,-4.70191335678101,0.00113313877955079,0.236017689108849,
2013-02-12,-6.93099641799927,0.684092819690704,0.0147645650431514,
2013-02-13,-10.3285284042358,0.360497683286667,0.106923989951611,
2013-02-14,-12.5623207092285,0.410938620567322,0.106124959886074,
2013-02-15,-7.25832557678223,0.256274491548538,0.328695118427277,
2013-02-16,-1.68811595439911,4.72162055969238,0.231929942965508,
2013-02-17,-9.81002426147461,1.16700410842896,0.174712061882019,
2013-02-18,-13.0663356781006,2.73264479637146,0.227049335837364,
2013-02-19,-12.6003494262695,1.03242635726929,0.180976763367653,
2013-02-20,-14.9565582275391,0.275865584611893,0.184313088655472,
2013-02-21,-10.0761270523071,0.0346182808279991,0.220719084143639,
2013-02-22,-6.87953281402588,0.673080563545227,0.253151148557663,
2013-02-23,-11.274374961853,1.53483557701111,0.190847471356392,
2013-02-24,-13.3020133972168,0.877041339874268,0.1989965736866,
2013-02-25,-12.3219270706177,0.202409580349922,0.219345808029175,
2013-02-26,-12.375693321228,0.564784646034241,0.242337122559547,
2013-02-27,-10.1141262054443,0.375162899494171,0.274723649024963,
2013-02-28,-8.50675773620605,0.45508137345314,0.263516336679459,
2013-03-01,-6.15602111816406,3.85749316215515,0.296925574541092,0.0120087463447299
2013-03-02,-6.05779933929443,0.1484684497118,0.323543906211853,0.0121122707470987
2013-03-03,-9.89513301849365,0.0480963326990604,0.271962136030197,0.0121812856441242
2013-03-04,-13.3743124008179,0.581302046775818,0.294598877429962,0.012250301569565
2013-03-05,-13.2853059768677,0.957979202270508,0.297982960939407,0.012284810046493
2013-03-06,-18.7082099914551,0.191412642598152,0.23919703066349,0.0123193174950058
2013-03-07,-20.8442554473877,0.0493542104959488,0.251373320817947,0.0123193174950058
2013-03-08,-15.3268413543701,0.147639319300652,0.357979208230972,0.0123538259719338
2013-03-09,-15.6379671096802,0.268638223409653,0.417329162359238,0.0123538259719338
2013-03-10,-10.5140762329102,0.928776144981384,0.392107546329498,0.0123538259719338
2013-03-11,-8.85929584503174,1.7121719121933,0.524086236953735,0.0123883334204466
2013-03-12,-13.5624799728394,0.822416484355927,0.299991518259048,0.0125263652713281
2013-03-13,-19.2286052703857,0.331238508224487,0.312869697809219,0.0126989045707225
2013-03-14,-23.2875308990479,0.0267037302255631,0.268966913223267,0.012802427944676
2013-03-15,-21.4871349334717,0.430213093757629,0.288867235183716,0.0130784916464392
2013-03-16,-22.6074199676514,0.0934534966945648,0.26480159163475,0.0134235702452278
2013-03-17,-22.8838005065918,0.282650619745255,0.322374761104584,0.0136651254700629
2013-03-18,-20.8582992553711,0.183215245604515,0.344352662563324,0.0139411891718261
2013-03-19,-16.7736644744873,0.170179590582848,0.555773317813873,0.0144242996214963
2013-03-20,-9.45731258392334,2.73722815513611,0.597454488277435,0.0147003622948441
2013-03-21,-10.9725704193115,4.39488220214844,0.428098946809769,0.0152179812214424
2013-03-22,-11.4849224090576,1.84952580928803,0.545269727706909,0.0158736309705069
2013-03-23,-14.0004663467407,0.571645617485046,0.589348614215851,0.0162877254947363
2013-03-24,-9.40501403808594,0.210124745965004,0.765088081359863,0.0167018200189658
2013-03-25,-6.2509241104126,0.213499501347542,0.885244846343994,0.017426485693471
2013-03-26,-5.81327152252197,0.290266215801239,0.732404708862305,0.0207047364956244
2013-03-27,-4.3499436378479,0.173717185854912,0.92834460735321,0.0227407006398434
2013-03-28,-4.74646759033203,0.987663328647614,0.696537673473358,0.0231202887439755
2013-03-29,-7.62331056594849,0.265644133090973,0.839589238166809,0.0234653673427641
2013-03-30,-10.1345567703247,4.04822397232056,0.583339750766754,0.0238104459415527
2013-03-31,-4.81538724899292,0.4350965321064,0.801591336727142,0.0242590489427102
2013-04-01,-8.13755035400391,0.363214164972305,0.945100724697113,0.0244660956906172
2013-04-02,-3.64200639724731,3.47257280349731,0.734524190425873,0.0245351126444733
2013-04-03,-9.56107521057129,0.230272397398949,0.761179149150848,0.02377593849304
2013-04-04,-13.9960870742798,2.67675614356995,0.410875022411346,0.02125686184232
2013-04-05,-18.3243160247803,0.596244931221008,0.636872291564941,0.0196694986424278
2013-04-06,-13.4036874771118,0.567012846469879,0.721379220485687,0.019565974240059
2013-04-07,-9.82693958282471,0.00143887812737376,0.956318140029907,0.0200145772412164
2013-04-08,-8.89283561706543,0.136872828006744,1.09033393859863,0.0207047364956244
2013-04-09,-3.4495313167572,1.16860330104828,1.37542808055878,0.023258320594857
2013-04-10,0.923171520233154,1.69745767116547,1.32337021827698,0.033852243039089
2013-04-11,1.63069236278534,0.069554939866066,1.34866154193878,0.04071931168001
2013-04-12,-2.84173178672791,0.195562735199928,1.3294882774353,0.0462405774879508
2013-04-13,-1.07996511459351,0.0827584192156792,1.45656001567841,0.0510716819846531
2013-04-14,-1.58730947971344,1.6066427230835,0.956390738487244,0.053832310774962
2013-04-15,-1.26959002017975,0.44173476099968,1.15126526355743,0.0576281794752984
2013-04-16,-1.83730399608612,1.16199064254761,1.05379951000214,0.0603888123792686
2013-04-17,-1.68626713752747,2.68801736831665,1.06651091575623,0.0610789695768457
2013-04-18,-1.95286929607391,0.278533220291138,1.22875416278839,0.0617691267744232
2013-04-19,-3.76457405090332,2.83965682983398,0.7624272108078,0.0586634193853256
2013-04-20,-6.46257877349854,1.80715894699097,1.04307913780212,0.0576281794752984
2013-04-21,-6.13238668441772,0.00108450395055115,1.36279380321503,0.0524519963798074
2013-04-22,-3.0923056602478,0.0572682768106461,1.49566304683685,0.0441701017815577
2013-04-23,-2.0283522605896,1.81471133232117,1.10723733901978,0.0393389972848558
2013-04-24,1.04673838615417,1.16502940654755,1.67133331298828,0.0372685256921237
2013-04-25,1.69736313819885,2.62391424179077,1.21895062923431,0.0339212579361144
2013-04-26,-4.18190145492554,1.10257959365845,0.706740498542786,0.0278823783436521
2013-04-27,-3.99611282348633,3.35975098609924,0.969520330429077,0.0301253912926089
2013-04-28,-8.10037136077881,0.458383679389954,1.15197622776032,0.0229477494445811
2013-04-29,-7.58963251113892,0,0.9238640666008,0.0248456837947492
2013-04-30,-10.1128349304199,0.666212677955627,1.18976998329163,0.0224991464434236
2013-05-01,-4.74177074432373,0.0381964519619942,1.6068400144577,0.0211188299914384
2013-05-02,4.23014736175537,0.00210342952050269,2.07953810691834,0.0198420379418221
2013-05-03,7.63449621200562,0.160567909479141,2.18922829627991,0.0235343822397895
2013-05-04,9.07401180267334,0,2.49446940422058,0.0262259981899038
2013-05-05,10.3259334564209,0,2.87397885322571,0.0282619643909535
2013-05-06,4.76035451889038,0.345893532037735,1.63072991371155,0.0192554051466137
2013-05-07,-1.01848292350769,0.0495988987386227,1.94200897216797,0.43825023182769
2013-05-08,3.01781034469604,0.0291799809783697,2.30106830596924,1.18707156456735
2013-05-09,3.24227023124695,0.583478450775147,1.84696102142334,1.30439832106477
2013-05-10,1.90962421894073,0,2.28376412391663,1.56320751697592
2013-05-11,8.10265445709229,0.018931420519948,2.8532121181488,2.06357196240414
2013-05-12,12.72057056427,3.3177547454834,1.77168583869934,2.62950132514757
2013-05-13,10.9290819168091,3.1487774848938,2.51126933097839,4.27897870573103
2013-05-14,9.72958660125732,0.904744565486908,2.78500413894653,5.10716813264672
2013-05-15,9.63521194458008,0.784900605678558,3.55322456359863,5.07266023985856
2013-05-16,10.2927951812744,0.351867973804474,3.90118956565857,3.89939188506135
2013-05-17,10.7855749130249,0.0875628292560577,4.22307968139648,3.02979309210961
2013-05-18,15.0151405334473,0.416728645563126,4.67691659927368,2.55358406632336
2013-05-19,13.0778293609619,0.898375034332275,4.20990037918091,2.23956229460603
2013-05-20,10.1251153945923,0.37894806265831,3.06811356544495,1.99110544020389
2013-05-21,5.78871583938599,2.13384962081909,2.54725289344788,1.83927065928115
2013-05-22,12.7532777786255,0.303243964910507,5.02191829681397,1.67363280022544
2013-05-23,15.9849548339844,6.84419319441076e-06,4.93842935562134,1.53215049244888
2013-05-24,15.8464097976685,0.0898307412862778,5.51623487472534,1.43552828733232
2013-05-25,14.3516845703125,0.000105515886389185,5.305823802948,1.33545547722897
2013-05-26,12.814507484436,0.0810325443744659,3.96557021141052,1.24573487699748
2013-05-27,13.0434341430664,3.15430116653442,3.67617464065552,1.17671909142117
2013-05-28,12.5931711196899,4.41494989395142,3.48212027549744,1.10080176677838
2013-05-29,12.706503868103,0.336194902658463,4.51080369949341,1.05249073003868
2013-05-30,13.6144285202026,0,4.46526765823364,1.05249073003868
2013-05-31,14.9068975448608,0.00229401770047843,4.47073078155518,1.05594153248121
2013-06-01,13.8437929153442,7.72871685028076,2.5471818447113,0.99727808841392
2013-06-02,12.7052707672119,0.606791615486145,3.97528147697449,0.931713105280144
2013-06-03,14.3711996078491,1.93767607212067,4.15893077850342,0.879951266097914
2013-06-04,15.1123828887939,1.2059291601181,4.37996292114258,0.835091031800749
2013-06-05,14.342472076416,0.739298939704895,3.67748212814331,0.783329192618519
2013-06-06,12.6347227096558,0.272177278995514,4.96697616577148,0.7419196949453
2013-06-07,10.9487228393555,0.836289763450623,4.2282133102417,0.697059460648135
2013-06-08,9.67558002471924,0.0323661603033543,2.8053560256958,0.655649962974917
2013-06-09,6.52477741241455,0.605083882808685,2.77104687690735,0.624592872629294
2013-06-10,4.13098621368408,4.06553888320923,0.599866211414337,0.603888123792686
2013-06-11,7.04403352737427,2.1577000617981,1.42213809490204,0.572831033447064
2013-06-12,9.43344688415527,9.38054180145264,1.57547569274902,0.53832314065891
2013-06-13,12.0336017608643,10.2141942977905,1.81974387168884,0.53832314065891
2013-06-14,12.3392992019653,8.3547306060791,2.20394062995911,0.559027889495521
2013-06-15,10.6887588500977,3.88162851333618,0.839135468006134,0.565929428562002
2013-06-16,12.939546585083,0.303290575742722,2.42971467971802,0.614240465301698
2013-06-17,14.6920833587646,1.00457906723022,4.33387422561646,0.721214946108693
2013-06-18,14.1984415054321,0.0525613725185394,3.55371975898743,0.762624443781908
2013-06-19,15.3851985931396,0.143325939774513,3.93427968025208,0.728116550993754
2013-06-20,16.4295387268066,0.171230107545853,4.50117588043213,0.679805514254058
2013-06-21,16.7301750183105,2.51428818702698,4.61198568344116,0.628043675071828
2013-06-22,17.1987571716309,0.336425632238388,4.7023777961731,0.596986518907621
2013-06-23,18.3511390686035,0.102421969175339,4.8233208656311,0.565929428562002
2013-06-24,17.8862991333008,0.00281942333094776,4.14731979370117,0.54177391019215
2013-06-25,17.7971496582031,0.315406084060669,4.32910251617432,0.514167589379772
2013-06-26,17.4786148071289,1.3287957906723,3.49793720245361,0.49001207100992
2013-06-27,17.973762512207,0.749827861785889,3.78527283668518,0.476208927058378
2013-06-28,17.2526779174805,1.16977858543396,3.94943451881409,0.455504178221767
2013-06-29,16.6296463012695,0.192063510417938,3.76020669937134,0.43825023182769
2013-06-30,19.0986309051514,0.161973342299461,4.55885076522827,0.448602606245995
2013-07-01,21.1692428588867,0.116262719035149,5.82507514953613,0.424447087876148
2013-07-02,19.8753242492676,8.31025981903076,3.99774956703186,0.396840767063765
2013-07-03,16.3455867767334,0.0499381273984909,5.55995512008667,0.372685248693917
2013-07-04,15.5975189208984,0.0179300382733345,4.96215152740479,0.351980499857306
2013-07-05,14.6804285049438,7.39915132522583,2.65355849266052,0.32230372390684
2013-07-06,14.3942337036133,4.41424512863159,3.41591024398804,0.318507834638197
2013-07-07,14.656626701355,1.7466926574707,3.71991896629334,0.325409439523261
2013-07-08,15.9158573150635,1.2232129573822,4.17571306228638,0.322993864649772
2013-07-09,17.2481269836426,4.41331958770752,4.17900037765503,0.321613550254618
2013-07-10,15.571063041687,0.366662114858627,3.9702570438385,0.323338951475883
2013-07-11,13.9156684875488,11.2551307678223,3.51363301277161,0.326789753918415
2013-07-12,8.47142219543457,2.13795876502991,2.40686631202698,0.309535807524338
2013-07-13,7.48279237747192,1.48375010490417,1.4510395526886,0.285380289154489
2013-07-14,10.4182176589966,0.11496801674366,3.63679885864258,0.27054188472461
2013-07-15,11.0707874298096,2.88780069351196,3.40911531448364,0.257773951887463
2013-07-16,9.70552444458008,0,4.18013906478882,0.266400925084501
2013-07-17,12.205771446228,1.22860074043274,3.64032363891602,0.255013323097154
2013-07-18,14.0850667953491,0.116105280816555,3.40257406234741,0.240520005493386
2013-07-19,13.2849006652832,0.0358305834233761,4.08654403686523,0.235343834738879
2013-07-20,14.8356122970581,0.0998602136969566,3.47561454772949,0.22947749033215
2013-07-21,15.8747491836548,0.188119456171989,3.64933395385742,0.216364487123536
2013-07-22,15.7536449432373,0.00027017216780223,2.80188703536987,0.208772757950187
2013-07-23,12.8294715881348,0.354828327894211,2.86824536323547,0.200145784753148
2013-07-24,13.356671333313,0.161459609866142,3.93856334686279,0.199455627555571
2013-07-25,14.7755975723267,0.0159088466316462,4.98434162139893,0.194279440346419
2013-07-26,16.5084114074707,3.50289392471314,3.29891610145569,0.180131193114117
2013-07-27,13.2317152023315,31.0423946380615,0.38139945268631,0.179786122742651
2013-07-28,11.1230049133301,2.57781744003296,2.04350829124451,0.197040069136728
2013-07-29,10.6301670074463,0,2.95813059806824,0.545224712634685
2013-07-30,12.0656108856201,10.0969200134277,2.86532616615295,0.652199160532386
2013-07-31,14.2958469390869,0.613994479179382,3.60064220428467,0.579732572513544
2013-08-01,14.1879386901855,0.0562900826334953,4.1910514831543,0.517618391822302
2013-08-02,14.3151807785034,3.70570635795593,3.04757905006409,0.579732572513544
2013-08-03,16.8178310394287,3.0412232875824,3.1256263256073,0.53832314065891
2013-08-04,16.4086761474609,0.231813952326775,3.3168830871582,0.493462873452455
2013-08-05,17.8243923187256,1.28600287437439,3.56840062141418,0.500364445428226
2013-08-06,16.021484375,0.407640039920807,3.58299732208252,0.676354711811524
2013-08-07,13.4744358062744,0,3.40788650512695,0.576281835889598
2013-08-08,12.7532844543457,0,3.50102996826172,0.507266017403997
2013-08-09,14.3202848434448,0.248114436864853,4.21189165115356,0.458954980664301
2013-08-10,15.1741151809692,4.48971223831177,2.41146850585938,0.414094713457842
2013-08-11,16.1426334381104,3.2278094291687,2.15584015846252,0.393389964621234
2013-08-12,16.4264602661133,5.57421207427979,3.05028009414673,0.427897857409388
2013-08-13,17.686014175415,3.83798909187317,3.08618354797363,0.703960999714616
2013-08-14,16.5755748748779,5.95492649078369,2.35805082321167,0.921360763771133
2013-08-15,16.5775604248047,1.34880101680756,3.22351455688477,0.84199257086723
2013-08-16,16.7908496856689,1.32376778125763,3.10805058479309,0.783329192618519
2013-08-17,15.9160432815552,5.55142641067505,2.37167310714722,0.707411802157147
2013-08-18,14.3246049880981,2.87575125694275,3.22915720939636,0.710862604599678
2013-08-19,12.7982378005981,0.0850373730063438,3.5808482170105,0.735018090060235
2013-08-20,10.5862379074097,0.460390657186508,1.40570425987244,0.672903909368993
2013-08-21,13.1996479034424,0.254563748836517,3.1226110458374,0.621142070186763
2013-08-22,12.1909675598145,0.403903931379318,2.52089858055115,0.565929428562002
2013-08-23,12.5099077224731,0.217419937252998,2.97159695625305,0.521069194264833
2013-08-24,12.9646759033203,4.01827526092529,2.17007303237915,0.48656130147668
2013-08-25,11.3564395904541,19.3333854675293,0.638445258140564,0.465856552640072
2013-08-26,9.94371318817139,5.82417345046997,0.879697918891907,0.521069194264833
2013-08-27,10.043571472168,4.67007637023926,0.931060791015625,1.14221119863302
2013-08-28,9.96933078765869,6.14132070541382,0.777926683425903,1.64602651232236
2013-08-29,9.13970375061035,0.391849905252457,1.03218686580658,1.94969594253067
2013-08-30,11.7679395675659,1.72341823577881,2.3299503326416,1.90483570823351
2013-08-31,13.71399974823,1.44181132316589,2.34815073013306,1.60806775127309
2013-09-01,14.7736711502075,1.20187962055206,2.78960585594177,1.38376644815009
2013-09-02,9.00984001159668,0.368949234485626,1.21687877178192,1.23883340374958
2013-09-03,8.83811664581299,2.96696543955477e-05,2.54068613052368,1.131858857124
2013-09-04,14.9510536193848,0,3.14112615585327,1.0835478203843
2013-09-05,15.1691093444824,0,3.1389627456665,1.01798283725053
2013-09-06,13.0163497924805,0.00113986455835402,2.46191239356995,0.94551624923169
2013-09-07,14.8678741455078,0.108457930386066,3.12106800079346,0.869598924588903
2013-09-08,16.7353115081787,0.00487140007317066,2.87769412994385,0.821287822030619
2013-09-09,14.116813659668,0,2.93119740486145,0.776427587733454
2013-09-10,10.2525482177734,0.109408855438232,2.24800205230713,0.735018090060235
2013-09-11,11.2724018096924,0.0287287924438715,2.59238886833191,0.679805514254058
2013-09-12,15.5837211608887,0.0668121129274368,3.13027429580689,0.63839601658084
2013-09-13,13.8993673324585,0.427339136600494,2.20636057853699,0.614240465301698
2013-09-14,8.64134311676025,0.108457952737808,2.12997984886169,0.583183374956079
2013-09-15,12.9368181228638,0,2.48723649978638,0.552126284610456
2013-09-16,13.0487327575684,2.70653343200684,2.25239968299866,0.527970766240608
2013-09-17,7.18329477310181,22.1414451599121,0.166798278689384,0.527970766240608
2013-09-18,2.32990384101868,5.72870063781738,0.678412437438965,0.565929428562002
2013-09-19,4.14267301559448,0.112552642822266,1.52318596839905,0.634945214138309
2013-09-20,8.40746784210205,0,1.98592150211334,0.714313407042212
2013-09-21,10.8339767456055,0.108581446111202,1.82355272769928,0.728116550993754
2013-09-22,9.25211715698242,0.00044389208778739,1.79621469974518,0.717764143666158
2013-09-23,8.91103649139404,0.344024062156677,1.33111560344696,0.669453106926462
2013-09-24,6.44313716888428,0.41949474811554,1.33927178382874,0.63839601658084
2013-09-25,5.91984462738037,2.57755565643311,0.493950843811035,0.610789728677751
2013-09-26,4.90368938446045,0.598268210887909,0.751383364200592,0.583183374956079
2013-09-27,4.34008407592773,0.452726989984512,0.744076132774353,0.559027889495521
2013-09-28,5.24523687362671,0.04483462870121,1.08980596065521,0.545224712634685
2013-09-29,6.80408716201782,0.929862201213837,0.958165526390076,0.534872338216379
2013-09-30,4.83517265319824,1.00091934204102,0.587855398654938,0.524519963798074
2013-10-01,3.28159523010254,1.19120216369629,0.646273732185364,0.521069194264833
2013-10-02,3.09218955039978,0.543627679347992,0.689594268798828,0.517618391822302
2013-10-03,1.01517295837402,0.0166049022227526,0.828309953212738,0.500364445428226
2013-10-04,1.7875679731369,0,0.805498003959656,0.48656130147668
2013-10-05,4.06748580932617,0.463665693998337,0.814325749874115,0.476208927058378
2013-10-06,2.84074139595032,1.05828154087067,0.875024557113648,0.465856552640072
2013-10-07,2.3190324306488,10.6628131866455,0.138228476047516,0.458954980664301
2013-10-08,0.322559595108032,4.48034906387329,0.348749130964279,0.476208927058378
2013-10-09,-0.620064198970795,2.60540652275085,0.344878137111664,0.534872338216379
2013-10-10,1.08510005474091,0.404892981052399,0.476529955863953,0.607338926235217
2013-10-11,1.19408464431763,0.281292647123337,0.563443660736084,0.641846819023371
2013-10-12,1.84235346317291,0.0182686280459166,0.557728171348572,0.648748358089851
2013-10-13,0.170858964323997,6.15065287590255e-09,0.530596315860748,0.63839601658084
2013-10-14,2.18064761161804,0.207505643367767,0.499166548252106,0.603888123792686
2013-10-15,2.29834413528442,3.15013718605042,0.269982039928436,0.569380231004533
2013-10-16,1.57178199291229,0.153921246528626,0.495136976242065,0.552126284610456
2013-10-17,3.28648114204407,0.236574620008469,0.495187878608704,0.531421535773848
2013-10-18,3.33155250549316,0.237330511212349,0.340453594923019,0.521069194264833
2013-10-19,2.41462779045105,3.15388035774231,0.350827485322952,0.507266017403997
2013-10-20,3.06476783752441,0.225798353552818,0.314250320196152,0.500364445428226
2013-10-21,2.68049883842468,2.46769571304321,0.379727274179459,0.49001207100992
2013-10-22,1.10449981689453,0.941458821296692,0.368444561958313,0.479659696591618
2013-10-23,0.124018035829067,0.130275160074234,0.318351149559021,0.465856552640072
2013-10-24,1.33592844009399,0.211118578910828,0.517125606536865,0.452053408688526
2013-10-25,-0.18910439312458,1.13183009624481,0.416910171508789,0.43479946229445
2013-10-26,-0.934874713420868,0.792683601379395,0.41425296664238,0.431348659851919
2013-10-27,-6.88856077194214,0.0396988615393639,0.271488100290298,0.396840767063765
2013-10-28,-6.59343719482422,0.0114782471209764,0.3613221347332,0.376136018227158
2013-10-29,0.997630000114441,0,0.542229950428009,0.355431302299841
2013-10-30,1.32686352729797,0,0.270202845335007,0.355431302299841
2013-10-31,0.28345113992691,1.0521137714386,0.162722155451775,0.369234446251383
2013-11-01,-0.825881600379944,1.24240982532501,0.13162998855114,
2013-11-02,-1.84885811805725,1.2641716003418,0.145836070179939,
2013-11-03,-7.39587545394897,0.443830370903015,0.0695605054497719,
2013-11-04,-9.89702987670898,0.00233417516574264,0.183169543743134,
2013-11-05,-10.5213298797607,0.0499135106801987,0.158692330121994,
2013-11-06,-7.43838262557983,0.242552608251572,0.113074406981468,
2013-11-07,-8.68076992034912,0.727211177349091,0.111687950789928,
2013-11-08,-9.89952087402344,5.28187370300293,0.179371014237404,
2013-11-09,-16.817569732666,0.741119742393494,0.0979690104722977,
2013-11-10,-22.5922203063965,0.00158084568101913,0.12092949450016,
2013-11-11,-13.3159818649292,0,0.272820681333542,
2013-11-12,-8.4701681137085,8.92208480834961,0.144578903913498,
2013-11-13,-9.34101963043213,2.04274082183838,0.0476406328380108,
2013-11-14,-7.79345035552979,0.585125088691711,0.053387962281704,
2013-11-15,-8.86453437805176,0.930600106716156,0.0475307479500771,
2013-11-16,-18.7250461578369,0.360813468694687,0,
2013-11-17,-20.8808212280273,0.251897633075714,0.0301984529942274,
2013-11-18,-21.9519233703613,0.739414632320404,0.00836325809359551,
2013-11-19,-24.1393280029297,0.105191022157669,0.00531940255314112,
2013-11-20,-26.712926864624,0.0020742064807564,0,
2013-11-21,-25.5535926818848,0.150509029626846,0,
2013-11-22,-26.262601852417,0.120187573134899,0.058627013117075,
2013-11-23,-14.2260150909424,0.219502478837967,0.142655029892921,
2013-11-24,-7.2798376083374,2.28016996383667,0.23062290251255,
2013-11-25,-13.209321975708,0.267931073904038,0.0110963014885783,
2013-11-26,-12.0375213623047,1.32038497924805,0.125680729746819,
2013-11-27,-10.8450374603271,0.448390513658524,0,
2013-11-28,-11.0501403808594,8.63749408721924,0.141451820731163,
2013-11-29,-11.8674335479736,1.09545373916626,0,
2013-11-30,-10.2982015609741,1.55669188499451,0.0596643164753914,
2013-12-01,-14.9601945877075,0.110806435346603,0.137460142374039,
2013-12-02,-19.4958171844482,1.16785979270935,0.0710155144333839,
2013-12-03,-19.7241153717041,0.343627005815506,0.0468241386115551,
2013-12-04,-24.5352230072021,0.0479929558932781,0,
2013-12-05,-28.3818092346191,0.298602163791657,0.009156902320683,
2013-12-06,-28.5498352050781,0.0342811271548271,0.0018184354994446,
2013-12-07,-24.3856048583984,0.287293642759323,0.0710613802075386,
2013-12-08,-23.0095138549805,1.1448632478714,0.0299929771572351,
2013-12-09,-17.807222366333,1.20722842216492,0.075450100004673,
2013-12-10,-27.1375427246094,0,0,
2013-12-11,-25.1391334533691,0,0.0404637791216373,
2013-12-12,-27.7090244293213,1.03214919567108,0.0340430997312069,
2013-12-13,-26.5469188690186,0.495757579803467,0.0203987043350935,
2013-12-14,-22.8851661682129,2.06374621391296,0.11834542453289,
2013-12-15,-12.3613090515137,2.77632808685303,0.106199875473976,
2013-12-16,-21.0267066955566,0.258536666631699,0,
2013-12-17,-22.3649272918701,2.95339584350586,0.0637473091483116,
2013-12-18,-25.6135292053223,0.793077766895294,0,
2013-12-19,-27.0513286590576,0,0.019787548109889,
2013-12-20,-30.638313293457,0,0,
2013-12-21,-29.6387500762939,7.24410056136549e-05,0.00669258181005716,
2013-12-22,-24.0167503356934,2.02910900115967,0.089008741080761,
2013-12-23,-16.2567100524902,0.597820222377777,0.0796211287379265,
2013-12-24,-16.2160987854004,1.20254731178284,0.0154012031853199,
2013-12-25,-19.3252735137939,1.98761999607086,0.0934352278709412,
2013-12-26,-18.3755378723145,4.27514600753784,0.0339744463562965,
2013-12-27,-23.9671955108643,0.908822357654572,0,
2013-12-28,-31.0045909881592,0.141664445400238,0.00274814432486892,
2013-12-29,-28.1221714019775,0,0.0357202850282192,
2013-12-30,-32.2721557617188,0,0.00280385743826628,
2013-12-31,-28.2123508453369,0,0.042144238948822,
2014-01-01,-26.1407794952393,2.1430492401123,0.0459116436541081,
2014-01-02,-17.039945602417,0.681500911712647,0.0837104618549347,
2014-01-03,-24.3647022247314,0.0187539644539356,0.0306289438158274,
2014-01-04,-30.6323089599609,0.144323542714119,0.0211991108953953,
2014-01-05,-29.1291179656982,2.106858253479,0.0532604344189167,
2014-01-06,-21.7318172454834,4.96030807495117,0.0876449197530747,
2014-01-07,-21.5600433349609,0.698090732097626,0.0355874300003052,
2014-01-08,-17.0888004302979,0.36737921833992,0.0401960127055645,
2014-01-09,-13.1135063171387,5.7767219543457,0.0714702755212784,
2014-01-10,-17.1249523162842,0.603190064430237,0,
2014-01-11,-19.2831192016602,3.50535917282105,0.0567572340369225,
2014-01-12,-22.3958969116211,1.18556475639343,0.0050897472538054,
2014-01-13,-20.4127979278564,0.322031825780869,0.00676894187927246,
2014-01-14,-16.4115161895752,8.64504432678223,0.155993923544884,
2014-01-15,-3.35496211051941,4.36717414855957,0.673559248447418,
2014-01-16,-3.56360244750977,0.142655685544014,0,
2014-01-17,-3.13167595863342,0.0191182363778353,0.0729908123612404,
2014-01-18,-6.85292816162109,1.67312490940094,0.0295527409762144,
2014-01-19,-15.6717672348022,1.26780879497528,0.0688445344567299,
2014-01-20,-16.1434516906738,0.173368856310844,0.0790854915976524,
2014-01-21,-15.4065084457397,0.192715346813202,0.00640643294900656,
2014-01-22,-11.8358478546143,1.9419965610723e-05,0.103627875447273,
2014-01-23,-3.22011780738831,0.37751892209053,0.131465882062912,
2014-01-24,-0.769401967525482,0.0252264197915792,0.00893178582191467,
2014-01-25,-8.09170150756836,0.429106086492538,0.151811510324478,
2014-01-26,-24.0575122833252,0.175892516970634,0.0240132585167885,
2014-01-27,-21.8807926177979,0.157003492116928,0.143185257911682,
2014-01-28,-17.6090049743652,0.0358306579291821,0.126279130578041,
2014-01-29,-22.4449768066406,0.0163834020495415,0.0340529717504978,
2014-01-30,-22.0894641876221,0.000679271761327982,0.100762419402599,
2014-01-31,-18.6275424957275,0.140441179275513,0.0604603253304958,
2014-02-01,-17.9017772674561,0.384453803300858,0.116877019405365,
2014-02-02,-18.7249736785889,0.497592002153397,0.0970506444573402,
2014-02-03,-21.1100273132324,0.0626101866364479,0.0749878063797951,
2014-02-04,-22.5027389526367,0.00611556647345424,0.0366209074854851,
2014-02-05,-21.5786304473877,0.0108897043392062,0.0522369891405106,
2014-02-06,-19.2998371124268,0.612492799758911,0.110790617763996,
2014-02-07,-19.7286796569824,0.140099436044693,0.0549098365008831,
2014-02-08,-26.5159301757812,0.106802731752396,0.0284874755889177,
2014-02-09,-25.6001129150391,0.25727978348732,0.0691968202590942,
2014-02-10,-26.9303455352783,0.00558043271303177,0.0472566410899162,
2014-02-11,-28.8966388702393,0.0173123478889465,0.0461352020502091,
2014-02-12,-27.3137016296387,1.12182724475861,0.121224030852318,
2014-02-13,-26.1424598693848,0.423450350761414,0.0641975030303001,
2014-02-14,-22.3684959411621,0.000254114420386031,0.184779301285744,
2014-02-15,-13.6364002227783,0.218054443597794,0.181189686059952,
2014-02-16,-10.983060836792,1.05298388004303,0.294528096914291,
2014-02-17,-8.8564567565918,2.17742872238159,0.208458751440048,
2014-02-18,-15.520923614502,1.21578288078308,0.126051679253578,
2014-02-19,-15.2841081619263,0.475676715373993,0.163623169064522,
2014-02-20,-16.9667987823486,0.136344105005264,0.137535482645035,
2014-02-21,-22.5006561279297,0.0916171744465828,0.105466797947884,
2014-02-22,-25.0898704528809,0.143299132585526,0.111241601407528,
2014-02-23,-26.7514514923096,0.0842649713158608,0.119773603975773,
2014-02-24,-23.3038349151611,0.137329831719399,0.167652189731598,
2014-02-25,-19.1316337585449,0.115501075983047,0.29689171910286,
2014-02-26,-16.7427787780762,0.132477611303329,0.283700108528137,
2014-02-27,-22.9487857818604,0.0185309797525406,0.153878182172775,
2014-02-28,-27.2169532775879,0.065568819642067,0.126685217022896,
2014-03-01,-27.1643505096436,0.19107623398304,0.178812205791473,0.0232238110895136
2014-03-02,-24.4616394042969,2.27251177875587e-07,0.245568662881851,0.0230512717901193
2014-03-03,-22.0120964050293,0,0.264602154493332,0.0229132399392377
2014-03-04,-20.2022037506104,0,0.231878757476807,0.0227407006398434
2014-03-05,-21.3464889526367,0.172562524676323,0.233874544501305,0.0226026687889618
2014-03-06,-20.7469692230225,1.46309844240022e-07,0.264531522989273,0.0224301294895675
2014-03-07,-20.7124710083008,0.404289275407791,0.305728852748871,0.0222920996955166
2014-03-08,-16.2002983093262,3.5429379940033,0.394459664821625,0.0221195583392916
2014-03-09,-12.0325994491577,5.36221075057983,0.360682845115662,0.0219815285452407
2014-03-10,-12.4455490112305,0.29424050450325,0.363715887069702,0.0218089892458464
2014-03-11,-8.94133186340332,0.000435273977927864,0.54311740398407,0.0216709573949648
2014-03-12,-1.27444744110107,3.55278968811035,0.719518184661865,0.0215329255440832
2014-03-13,0.106728784739971,2.3398642539978,0.500044226646423,0.0218434966943591
2014-03-14,-3.82591938972473,3.03687715530396,0.528016865253449,0.0218434966943591
2014-03-15,-4.35673856735229,1.43623328208923,0.756235480308533,0.0213258767393455
2014-03-16,-0.930326700210571,0.0883106887340546,0.709080994129181,0.0209117832435314
2014-03-17,-2.27236747741699,0.323455154895782,0.714571952819824,0.0200835941950726
2014-03-18,-2.79029846191406,0.10807927697897,0.614361941814423,0.0196694986424278
2014-03-19,-7.91149759292603,0.00312823615968227,0.414761543273926,0.0193244200436392
2014-03-20,-18.0676898956299,0.00355664151720703,0.367740303277969,0.0191863881927576
2014-03-21,-18.3174877166748,0.00749393180012703,0.411121517419815,0.0187722946969435
2014-03-22,-17.1997871398926,0.168587982654572,0.460341364145279,0.0184617235466676
2014-03-23,-16.3013439178467,0.239356324076653,0.449285328388214,0.0187032777430874
2014-03-24,-16.4106674194336,0.00715706357732415,0.493025809526444,0.0184617235466676
2014-03-25,-15.2701940536499,0.176996901631355,0.492693275213242,0.0178405812461158
2014-03-26,-17.5141639709473,0.366141647100449,0.489012032747269,0.0169088677952881
2014-03-27,-15.7223501205444,0.0544477924704552,0.55655163526535,0.0165982966450122
2014-03-28,-12.2692136764526,0.144097626209259,0.728933453559876,0.016632804093525
2014-03-29,-15.9760122299194,0.0916064232587814,0.393450230360031,0.0162187095692955
2014-03-30,-24.6542415618896,0.140931934118271,0.379581332206726,0.0158391224935788
2014-03-31,-17.0101871490479,0.0417478010058403,0.692152798175812,0.0153905205208367
2014-04-01,-12.8671655654907,0.263507753610611,0.704415142536163,0.0143207752191274
2014-04-02,-14.3553037643433,0.070354625582695,0.636959671974182,0.014458807070009
2014-04-03,-15.3599119186401,1.32224345207214,0.757013618946075,0.0144242996214963
2014-04-04,-8.5118989944458,1.64749550819397,0.790926456451416,0.0141482359197331
2014-04-05,-8.75414085388184,0.120960853993893,1.02030038833618,0.0138376647694572
2014-04-06,-3.69781041145325,1.11449301242828,1.11262273788452,0.013699633946991
2014-04-07,0.252541899681091,0.0213874559849501,1.27118134498596,0.0135270936191813
2014-04-08,3.67877888679504,3.17932724952698,1.6476446390152,0.0135270936191813
2014-04-09,2.25553226470947,3.25888776779175,1.09158027172089,0.0143207752191274
2014-04-10,-3.76541471481323,0.50124317407608,1.02885270118713,0.0143207752191274
2014-04-11,-8.56138324737549,0.0144010968506336,0.848793208599091,0.0140447125457796
2014-04-12,-9.90230751037598,0.00655189342796803,0.984576225280762,0.0138376647694572
2014-04-13,-9.46969985961914,0.00691123679280281,1.06461548805237,0.0140447125457796
2014-04-14,-1.8072988986969,0.11573102325201,1.50740885734558,0.0149419175196792
2014-04-15,-5.37041854858398,0,1.12100744247437,0.0170468986177544
2014-04-16,-8.12063121795654,0.00579253537580371,1.0180778503418,0.0225681613404491
2014-04-17,-3.95809268951416,0,1.44598078727722,0.0336797037396947
2014-04-18,-1.66533446311951,0.0463997237384319,1.28624427318573,0.0386488400872783
2014-04-19,0.0570314638316631,0.000584520341362804,1.5156067609787,0.042099630188826
2014-04-20,2.64143991470337,0.148289054632187,1.76852345466614,0.0472758132843167
2014-04-21,3.3385214805603,0,1.8615585565567,0.0669453139835753
2014-04-22,4.26933574676514,0.0268995594233274,2.09216165542603,0.107319542951136
2014-04-23,2.5050356388092,0.00168090988881886,1.08100998401642,0.167018206360149
2014-04-24,0.393362462520599,1.31145715713501,1.07492256164551,0.149419173139961
2014-04-25,1.16438353061676,0.0425755120813847,1.32395851612091,0.25397809552811
2014-04-26,1.13517355918884,0.555835962295532,1.26558136940002,0.271922199119765
2014-04-27,1.66055417060852,0.87529981136322,0.879818797111511,0.233618433517613
2014-04-28,4.11679744720459,1.04426062107086,1.76687979698181,0.182891838359072
2014-04-29,5.99395751953125,0.145101100206375,2.38914132118225,0.249146978690424
2014-04-30,9.05516624450684,0.0336970239877701,2.42452096939087,0.776427587733454
2014-05-01,5.84392261505127,0.739331662654877,2.42529535293579,1.63912490743729
2014-05-02,-1.51899313926697,0.362636715173721,1.29644691944122,2.04631801601007
2014-05-03,-3.72639060020447,0.00129482825286686,2.09567403793335,2.14294008948947
2014-05-04,-2.99797201156616,1.14379584789276,1.75844097137451,1.61496935615815
2014-05-05,-0.731344759464264,0.373687773942947,1.82768750190735,1.32510313571996
2014-05-06,-0.0677424073219299,0.0224780850112438,1.9194096326828,1.11805577899104
2014-05-07,1.56197690963745,0.0585833191871643,2.38717818260193,0.959319393183233
2014-05-08,0.933334112167358,0.57476419210434,2.07766938209534,0.89375441004946
2014-05-09,-0.864531636238098,0.342494189739227,1.43544137477875,0.862697319703837
2014-05-10,1.05537784099579,0.0303906053304672,2.27650618553162,0.84199257086723
2014-05-11,4.63941526412964,0.722040951251984,2.31780743598938,0.828189426915684
2014-05-12,5.69680309295654,2.05497840966018e-08,2.92038059234619,0.845443373309761
2014-05-13,8.10457134246826,0.0161785949021578,3.45597124099731,0.904106817377056
2014-05-14,11.1282367706299,0.498532831668854,3.07213664054871,1.07664628131782
2014-05-15,5.34620046615601,1.44015336036682,2.09547710418701,1.31475066257378
2014-05-16,5.33403062820435,0,3.24215149879456,1.49074099477567
2014-05-17,8.52276802062988,0.515381217002869,2.89978623390198,1.36651250175601
2014-05-18,9.58982753753662,0.408994674682617,3.80904006958008,1.23193179886451
2014-05-19,9.56842422485352,0.551890730857849,3.81205892562866,1.11460491072992
2014-05-20,11.9957332611084,6.52536582946777,2.79544472694397,1.05939233492375
2014-05-21,9.44694042205811,7.05102252960205,2.29307007789612,1.02833517875954
2014-05-22,8.91172695159912,0.347629874944687,3.04570031166077,1.10080176677838
2014-05-23,13.7855758666992,2.0806725025177,4.43398809432983,1.16291601328821
2014-05-24,9.61418628692627,0.211356580257416,2.79391717910767,1.11460491072992
2014-05-25,8.90530109405518,1.46758246421814,3.50614309310913,1.08009701794177
2014-05-26,9.83264446258545,2.37738037109375,2.93169784545898,1.07664628131782
2014-05-27,9.20077991485596,2.11047148704529,2.95894718170166,1.00417969329898
2014-05-28,9.24596309661865,0.106432400643826,3.57256412506104,0.986925746904905
2014-05-29,8.36279201507568,0.466104418039322,2.76074647903442,0.983474944462375
2014-05-30,9.91765308380127,0.0459838956594467,3.4690465927124,0.959319393183233
2014-05-31,10.1613368988037,1.03192591667175,3.31358861923218,0.855795714818772
2014-06-01,12.1421346664429,1.03741455078125,3.92925143241882,0.79368153412753
2014-06-02,12.9208478927612,5.35111856460571,4.39314126968384,0.762624443781908
2014-06-03,7.32912540435791,10.8937911987305,1.37808382511139,0.745370497387831
2014-06-04,4.66653251647949,0.518159508705139,1.15229594707489,0.731567353436289
2014-06-05,3.09188961982727,0.292017906904221,2.78666496276855,0.755722838896846
2014-06-06,6.74065542221069,0,3.66784262657166,0.804033875636542
2014-06-07,8.53167915344238,0.233355209231377,3.96770787239075,0.759173641339377
2014-06-08,10.0069608688354,0,4.40979290008545,0.710862604599678
2014-06-09,12.9027729034424,0.00302168633788824,4.05389976501465,0.659100765417447
2014-06-10,10.9030828475952,0.869181215763092,4.44108486175537,0.624592872629294
2014-06-11,13.7612648010254,5.1977972984314,4.02493906021118,0.593535782283675
2014-06-12,13.0701398849487,0.610651016235352,4.85174512863159,0.565929428562002
2014-06-13,13.0894403457642,0.0724593102931976,5.024733543396,0.559027889495521
2014-06-14,15.0919599533081,0.72712367773056,5.02932834625244,0.555577087052987
2014-06-15,14.6112823486328,2.33481049537659,3.81788539886475,0.534872338216379
2014-06-16,15.4298896789551,0.335670202970505,4.80774164199829,0.524519963798074
2014-06-17,14.8163452148438,0,4.78304290771484,0.496913642985695
2014-06-18,14.7965440750122,0.330663561820984,4.67259788513184,0.458954980664301
2014-06-19,15.1373958587646,0.612306773662567,4.15130043029785,0.431348659851919
2014-06-20,15.1184873580933,13.0496339797974,0.970039546489716,0.424447087876148
2014-06-21,13.4175300598145,6.42576360702515,1.72895741462708,0.43479946229445
2014-06-22,15.0288515090942,0.378418475389481,3.87592363357544,0.431348659851919
2014-06-23,16.4609069824219,0.79615592956543,4.07699918746948,0.462405750197541
2014-06-24,17.4405307769775,0.0609364733099937,4.87091779708862,0.465856552640072
2014-06-25,17.5328807830811,8.04126262664795,3.70495676994324,0.43479946229445
2014-06-26,16.5743923187256,0.111063972115517,4.64800834655762,0.414094713457842
2014-06-27,17.2789573669434,2.37399578094482,4.22334003448486,0.396840767063765
2014-06-28,16.5043659210205,2.93978762626648,4.4009838104248,0.376136018227158
2014-06-29,17.1484889984131,0.469338685274124,4.97205686569214,0.389939195087994
2014-06-30,15.5457057952881,0.485534220933914,3.48670172691345,0.396840767063765
2014-07-01,17.2715377807617,4.56973028182983,3.86220192909241,0.383037623112219
2014-07-02,17.4080467224121,0.575232684612274,4.24316883087158,0.372685248693917
2014-07-03,19.9968013763428,8.45594692230225,3.95547533035278,0.410643911015311
2014-07-04,16.5793876647949,7.40550327301025,3.00074505805969,0.43825023182769
2014-07-05,14.0627927780151,2.85723495483398,3.61625647544861,0.527970766240608
2014-07-06,15.0457944869995,3.80365967750549,3.73607397079468,0.603888123792686
2014-07-07,16.2625846862793,1.68152987957001,4.36822748184204,0.569380231004533
2014-07-08,18.2571392059326,0.808771312236786,4.58701133728027,0.555577087052987
2014-07-09,17.4618473052979,2.05473709106445,3.80318832397461,0.496913642985695
2014-07-10,12.6559286117554,1.28492677211761,2.58196949958801,0.445151803803465
2014-07-11,13.8992376327515,0.0670627728104591,3.89243078231812,0.410643911015311
2014-07-12,13.3707990646362,0.00169501942582428,3.5087878704071,0.383037623112219
2014-07-13,17.775203704834,4.89937423964193e-09,5.72795724868774,0.358882071833081
2014-07-14,20.5850009918213,0.397108018398285,5.46313571929932,0.344043700312492
2014-07-15,21.7868061065674,0.866025447845459,4.60588645935059,0.334036412720299
2014-07-16,17.9585857391357,0.490999162197113,4.15144491195679,0.327479894661347
2014-07-17,13.9954872131348,1.57036983966827,3.53348207473755,0.322993864649772
2014-07-18,14.4292602539062,10.5415573120117,4.17351055145264,0.323684038301995
2014-07-19,13.869384765625,10.9883632659912,3.04995703697205,0.327479894661347
2014-07-20,13.8209648132324,0.712577998638153,3.96310901641846,0.332311011499033
2014-07-21,15.473484992981,2.03547954559326,3.83124876022339,0.351980499857306
2014-07-22,16.8037033081055,0.0552201271057129,4.51162338256836,0.362332874275612
2014-07-23,17.8291416168213,1.49864411354065,4.40947008132935,0.427897857409388
2014-07-24,18.6509017944336,8.70235443115234,3.56620383262634,0.572831033447064
2014-07-25,16.9926910400391,18.1456069946289,1.97232329845428,0.531421535773848
2014-07-26,16.3649826049805,3.72979378700256,2.47071933746338,0.54177391019215
2014-07-27,17.9996757507324,0.571081697940826,4.04682922363281,0.662551567859982
2014-07-28,18.3493423461914,0.0502669587731361,4.57541227340698,0.769525982848388
2014-07-29,19.5671806335449,2.54984882985809e-07,4.77883958816528,0.693608658205601
2014-07-30,20.8656063079834,1.84094083309174,4.32999229431152,0.610789728677751
2014-07-31,16.6046733856201,0.249000936746597,3.28463935852051,0.548675482167925
2014-08-01,12.2935647964478,0.750874280929565,3.62873125076294,0.500364445428226
2014-08-02,16.3186073303223,0.0016520747449249,4.43955898284912,0.462405750197541
2014-08-03,19.327995300293,0,4.86356687545776,0.43479946229445
2014-08-04,18.7217559814453,0.00450976099818945,5.0560040473938,0.407193141482071
2014-08-05,20.7204627990723,0,5.25746536254883,0.379586820669689
2014-08-06,19.5598201751709,4.65625095367432,3.70760488510132,0.355431302299841
2014-08-07,13.9529237747192,4.25607442855835,1.82096898555756,0.34059289786996
2014-08-08,10.610221862793,2.09961533546448,2.76858305931091,0.338867496648694
2014-08-09,12.2076568603516,0.466772347688675,3.43324756622314,0.321268496337797
2014-08-10,15.283374786377,0.0111108627170324,3.57669997215271,0.312986577057579
2014-08-11,16.678897857666,0.0014032224426046,3.33756303787231,0.304359603860541
2014-08-12,17.55983543396,0.000142307413625531,4.51835012435913,0.284345028676155
2014-08-13,20.1166324615479,0.0885716378688812,4.74528074264526,0.269161570329455
2014-08-14,17.7150821685791,0,3.72425055503845,0.255703480294731
2014-08-15,19.3401317596436,3.72504977974586e-08,3.83249831199646,0.245696192702538
2014-08-16,20.2876892089844,0.246003732085228,3.95073413848877,0.230512717901193
2014-08-17,15.6738481521606,0.650091707706451,4.16572523117065,0.219470202739957
2014-08-18,15.0253992080688,3.25695657730103,2.0194046497345,0.20980798551923
2014-08-19,12.1997718811035,2.89325261116028,2.41588497161865,0.200145784753148
2014-08-20,8.64893531799316,1.04043662548065,1.94947934150696,0.190138497160956
2014-08-21,8.09394264221191,0.00573290046304464,2.47544980049133,0.18841309593969
2014-08-22,8.35697174072266,0.394203901290894,2.29285597801209,0.181511523963917
2014-08-23,8.92520523071289,0,2.9449999332428,0.171159149545613
2014-08-24,10.1842050552368,0,2.85248684883118,0.164257577569841
2014-08-25,12.0437078475952,0.0641577765345573,2.65335464477539,0.157355989139422
2014-08-26,14.9963150024414,9.38331508636475,2.64909219741821,0.151489644732693
2014-08-27,12.4097471237183,2.19873237609863,2.86159157752991,0.160806775127309
2014-08-28,8.65159320831299,0,1.85195779800415,0.15045441716365
2014-08-29,10.4857416152954,0.619686901569367,2.731036901474,0.145278229954498
2014-08-30,11.8827695846558,0.107397571206093,2.29460954666138,0.140447129571457
2014-08-31,11.185040473938,1.89405071735382,2.40688371658325,0.134580785164728
2014-09-01,9.78209209442139,8.2710132598877,2.07066416740417,0.136651256757459
2014-09-02,9.48660945892334,0.182466924190521,1.78302681446075,0.135616020961094
2014-09-03,9.41787719726562,0.24547815322876,2.3017852306366,0.131475069548307
2014-09-04,7.95016574859619,0.115120135247707,1.3659895658493,0.126643969165266
2014-09-05,3.0916473865509,2.69911885261536,0.550722539424896,0.123193174950058
2014-09-06,2.44557094573975,7.11497116088867,0.319279879331589,0.123193174950058
2014-09-07,0.576855480670929,0.7754847407341,1.2384420633316,0.12250301775248
2014-09-08,0.420082718133926,0.00303411134518683,1.27504587173462,0.12250301775248
2014-09-09,-0.0607404708862305,0.000748077174648643,1.21601068973541,0.122848096351269
2014-09-10,-0.058716107159853,0,1.74945306777954,0.124918567944001
2014-09-11,2.83747720718384,0,1.6897953748703,0.118362074567017
2014-09-12,6.45365715026855,0.143669903278351,1.54250597953796,0.112150651561499
2014-09-13,4.01925992965698,0,1.79557621479034,0.107664621549924
2014-09-14,7.3219575881958,0.00125074933748692,1.94152629375458,0.103178599765672
2014-09-15,8.65048027038574,0.0168734416365623,1.54148578643799,0.0980024125565197
2014-09-16,7.07119941711426,0.0128311160951853,1.66121745109558,0.0945516265686334
2014-09-17,6.55554819107056,1.9177782535553,1.44812345504761,0.0935163907722675
2014-09-18,7.68469047546387,0.0794394016265869,1.68884384632111,0.0921360763771133
2014-09-19,8.51699161529541,4.18130970001221,1.27977526187897,0.0931713121734791
2014-09-20,9.06164073944092,2.4044783115387,1.99705994129181,0.0966220981613651
2014-09-21,12.1318826675415,1.8121223632761e-08,2.14362406730652,0.0907557619819587
2014-09-22,14.9216775894165,0,2.48385524749756,0.0873049677667496
2014-09-23,10.4143123626709,0.000262142857536674,2.00001764297485,0.0848894175752291
2014-09-24,5.54645872116089,13.7070188522339,0.487421154975891,0.0897205179582701
2014-09-25,6.80602025985718,5.29510307312012,1.15563154220581,0.0966220981613651
2014-09-26,4.41157245635986,0,0.793123424053192,0.0993827351789971
2014-09-27,4.46451616287231,0,1.24792349338532,0.113876044555442
2014-09-28,4.9407958984375,0.00256400252692401,1.25624072551727,0.146313457523541
2014-09-29,9.29019832611084,0.128920629620552,1.29274237155914,0.143897915559344
2014-09-30,6.73202037811279,4.47720098495483,0.508162796497345,0.135616020961094
2014-10-01,1.07598185539246,0.166655495762825,0.439665168523788,0.145623300325964
2014-10-02,-0.712940990924835,1.79876255989075,1.00250327587128,0.152869959127848
2014-10-03,-2.68676590919495,2.37532639503479,0.340004682540894,0.1414823571405
2014-10-04,1.27523672580719,0.550724804401398,0.744351267814636,0.138721728350191
2014-10-05,5.34728097915649,0.799423158168793,0.905337631702423,0.122848096351269
2014-10-06,4.3228588104248,1.9203919172287,0.389576971530914,0.119742388962171
2014-10-07,2.38829612731934,0.0193511415272951,0.91826593875885,0.132165226745885
2014-10-08,1.14317607879639,0.705441415309906,0.704680860042572,0.130439833751941
2014-10-09,1.20539462566376,0,0.587388932704926,0.139066815176303
2014-10-10,5.62361145019531,0.177527457475662,0.992084980010986,0.138721728350191
2014-10-11,7.11147212982178,0.013802976347506,0.814036667346954,0.13975697237388
2014-10-12,4.19742202758789,0.996325492858887,0.6249058842659,0.141137286769034
2014-10-13,3.60226631164551,1.16815376281738,0.614837825298309,0.137341413955037
2014-10-14,1.28162264823914,15.2207040786743,0.139519989490509,0.137341413955037
2014-10-15,-1.3530033826828,1.75219202041626,0.362555027008057,0.136996335356248
2014-10-16,-2.02193117141724,0.776739537715912,0.261239588260651,0.148729015942384
2014-10-17,1.18131935596466,1.82749354839325,0.377975255250931,0.172194377114656
2014-10-18,2.99906778335571,8.22153472900391,0.165187045931816,0.184617223125692
2014-10-19,3.02704524993896,0.46509450674057,0.338622897863388,0.192554039125153
2014-10-20,6.28794431686401,0.137557283043861,0.601269006729126,0.207047356728921
2014-10-21,4.98393297195435,0.127470046281815,0.322385191917419,0.246731436726227
2014-10-22,4.26976680755615,0.126749128103256,0.362597674131393,0.280549172316803
2014-10-23,0.144017815589905,0.460480600595474,0.200928539037704,0.276753315957451
2014-10-24,-2.73211026191711,0.130929112434387,0.374104797840118,0.257773951887463
2014-10-25,-2.83679342269897,0,0.224176108837128,0.252942851504422
2014-10-26,-2.94381475448608,1.53244388103485,0.180386945605278,0.218089888344803
2014-10-27,-3.52630138397217,0.390460640192032,0.202290564775467,0.172539463940767
2014-10-28,-3.47318482398987,0.43365266919136,0.201332002878189,0.177025493952342
2014-10-29,-2.9298255443573,0,0.242479920387268,0.185997537520847
2014-10-30,-1.29553878307343,0.207296818494797,0.231266722083092,0.177025493952342
2014-10-31,0.918306767940521,0.10845722258091,0.16572867333889,0.158736303534577
2014-11-01,-0.311858862638474,0.0828258991241455,0.131934344768524,
2014-11-02,-2.06911110877991,9.96066592051648e-05,0.106804773211479,
2014-11-03,-2.84919023513794,0.411829173564911,0.111605942249298,
2014-11-04,-4.45151042938232,6.42597341537476,0.174066349864006,
2014-11-05,-4.93747520446777,0.286578088998795,0.138757824897766,
2014-11-06,-3.35586810112,2.16671109199524,0.291885554790497,
2014-11-07,-13.3134174346924,0.975737273693085,0.153590142726898,
2014-11-08,-17.6741847991943,0.00798901356756687,0.062523365020752,
2014-11-09,-17.7687854766846,0.00122223829384893,0.0961068719625473,
2014-11-10,-17.8998470306396,0.305143624544144,0.0461874604225159,
2014-11-11,-18.8460578918457,0,0.0431623384356499,
2014-11-12,-16.7235469818115,0,0.0414932519197464,
2014-11-13,-16.3999462127686,0.0751303434371948,0.0416484214365482,
2014-11-14,-14.664776802063,0.0758222341537476,0.0221730694174767,
2014-11-15,-12.4259395599365,0.26028698682785,0.250502616167069,
2014-11-16,-12.4517965316772,0.0300332345068455,0.0431087985634804,
2014-11-17,-11.9382629394531,0.22722202539444,0.182471826672554,
2014-11-18,-10.5690317153931,0.189993813633919,0.0910574346780777,
2014-11-19,-11.8674221038818,0.812638998031616,0.0661983713507652,
2014-11-20,-7.49719715118408,0.0234947539865971,0.128477141261101,
2014-11-21,-10.928334236145,1.3166366815567,0.0875633433461189,
2014-11-22,-14.406195640564,1.90355825424194,0.128019526600838,
2014-11-23,-17.6556453704834,1.08894574642181,0.0191296767443419,
2014-11-24,-18.6154556274414,0.0217042099684477,0.0207654256373644,
2014-11-25,-22.5399169921875,0.101851455867291,0,
2014-11-26,-18.1911106109619,0.254147380590439,0.0551977567374706,
2014-11-27,-26.3361225128174,0.00193518889136612,0,
2014-11-28,-28.60231590271,0.0407605580985546,0.00102495623286814,
2014-11-29,-28.1308326721191,0.20221734046936,0.0363231375813484,
2014-11-30,-27.1030082702637,0.00394464517012239,0.0246675070375204,
2014-12-01,-23.0771617889404,0.00572167662903667,0.00296165817417204,
2014-12-02,-23.8164329528809,0.308914482593536,0,
2014-12-03,-20.7578220367432,0.249012589454651,0.0586314238607884,
2014-12-04,-17.3894233703613,0.10382055491209,0,
2014-12-05,-17.6093082427979,0.112552829086781,0,
2014-12-06,-15.3758764266968,1.35319268703461,0.0473060868680477,
2014-12-07,-16.0610427856445,0.311214923858643,0,
2014-12-08,-12.7197256088257,0.560516476631165,0.126601964235306,
2014-12-09,-7.03992366790771,1.37289655208588,0.141574770212173,
2014-12-10,-7.5609884262085,1.99833977222443,0,
2014-12-11,-11.984790802002,4.9539909362793,0.0623686574399471,
2014-12-12,-14.8084335327148,0.154732510447502,0.000349578185705468,
2014-12-13,-9.33013153076172,0.223613023757935,0,
2014-12-14,-12.6621417999268,0.0781193152070046,0,
2014-12-15,-10.4350061416626,0.0587068349123001,0.0937213227152824,
2014-12-16,-11.3763771057129,0.104327186942101,0.0601634830236435,
2014-12-17,-12.385422706604,0,0.0484792552888393,
2014-12-18,-11.501727104187,0.00492949318140745,0.0323503389954567,
2014-12-19,-8.73179531097412,0.216490373015404,0.149393990635872,
2014-12-20,-10.6781463623047,0.118508853018284,0,
2014-12-21,-9.0584888458252,0.164504572749138,0.0122975511476398,
2014-12-22,-11.0938472747803,0.248133048415184,0,
2014-12-23,-13.487006187439,0.00766665441915393,0,
2014-12-24,-17.7668972015381,0.14789229631424,0,
2014-12-25,-21.3745021820068,0.20547416806221,0,
2014-12-26,-19.3456230163574,0.849270224571228,0.0412379689514637,
2014-12-27,-19.0150299072266,0.102726876735687,0.0030049670021981,
2014-12-28,-21.9027824401855,0.263126283884048,0.0375347770750523,
2014-12-29,-22.6541385650635,0.00308734527789056,0.0078683327883482,
2014-12-30,-16.2573204040527,0.0447773411870003,0.23056922852993,
2014-12-31,-11.2627277374268,4.61573266983032,0.0721300020813942,
2015-01-01,-17.9243202209473,0.245445057749748,0.0201504081487656,
2015-01-02,-26.3274059295654,0.0210209097713232,0.0198663920164108,
2015-01-03,-27.9212207794189,0.229051902890205,0.00687317131087184,
2015-01-04,-26.6023654937744,0.0975647643208504,0.0407220683991909,
2015-01-05,-23.2955665588379,0.189058408141136,0.00544343143701553,
2015-01-06,-24.4921951293945,0.185467317700386,0,
2015-01-07,-19.987720489502,1.61145305633545,0.160509392619133,
2015-01-08,-23.5623111724854,0.00260405312292278,0.0290876757353544,
2015-01-09,-20.7462692260742,0.157163813710213,0.0782680213451386,
2015-01-10,-23.0641403198242,0.156987681984901,0.0219273641705513,
2015-01-11,-20.5375175476074,0.294841676950455,0.0914484560489655,
2015-01-12,-14.4184074401855,0.685959398746491,0.0734537318348885,
2015-01-13,-12.6578226089478,3.570143699646,0.0851361528038979,
2015-01-14,-12.9664487838745,4.03375625610352,0.0852373838424683,
2015-01-15,-16.3188762664795,4.44921112060547,0.149421319365501,
2015-01-16,-10.4968786239624,0.500673711299896,0.228133961558342,
2015-01-17,-6.9112720489502,1.85704779624939,0,
2015-01-18,-10.8327150344849,0.294153243303299,0,
2015-01-19,-11.7958564758301,0.00570898503065109,0,
2015-01-20,-12.5752000808716,0.346374273300171,0,
2015-01-21,-7.50723886489868,0.142021372914314,0.0731965303421021,
2015-01-22,-3.55065035820007,2.14930939674377,0.0216546915471554,
2015-01-23,-5.96577262878418,1.22014963626862,0.010976797901094,
2015-01-24,-4.53067970275879,2.8567898273468,0.0286640375852585,
2015-01-25,-4.33795785903931,5.49234056472778,0.0822205021977425,
2015-01-26,-11.6056289672852,0.291194260120392,0,
2015-01-27,-19.1503791809082,0.212481066584587,0.0497231669723988,
2015-01-28,-21.523323059082,0.258712410926819,0.0138046033680439,
2015-01-29,-19.1389656066895,0,0.0929544791579247,
2015-01-30,-21.540376663208,0.00798013061285019,0.029465252533555,
2015-01-31,-23.0768947601318,0.366350114345551,0.0367162823677063,
2015-02-01,-21.919282913208,0.274141520261765,0.0513506606221199,
2015-02-02,-21.7550144195557,0.391131550073624,0.046906765550375,
2015-02-03,-24.9183712005615,0.0735369697213173,0.0502918809652329,
2015-02-04,-23.1061363220215,0.0841862261295319,0.117579720914364,
2015-02-05,-26.4460124969482,1.77769374847412,0.0519347116351128,
2015-02-06,-27.2822494506836,8.51889801025391,0.103320278227329,
2015-02-07,-26.7800731658936,5.41721868515015,0.0931626409292221,
2015-02-08,-27.9683742523193,1.09261131286621,0.0603383108973503,
2015-02-09,-25.5798854827881,0.284772396087647,0.0956491231918335,
2015-02-10,-26.7356929779053,0.223791509866714,0.0491311475634575,
2015-02-11,-27.226282119751,3.38763523101807,0.134758144617081,
2015-02-12,-16.681921005249,0.553254365921021,0.142303124070168,
2015-02-13,-17.5586853027344,7.78206157684326,0.211773902177811,
2015-02-14,-15.438497543335,1.72019910812378,0.208684533834457,
2015-02-15,-14.7629137039185,0.287639796733856,0.176226615905762,
2015-02-16,-18.7094230651855,0.37582129240036,0.120067290961742,
2015-02-17,-18.432071685791,2.02787065505981,0.252195358276367,
2015-02-18,-10.4406728744507,0.463068246841431,0.230871126055717,
2015-02-19,-8.8251314163208,0.0813461467623711,0.250289708375931,
2015-02-20,-12.9190473556519,0.111766122281551,0.160906881093979,
2015-02-21,-18.5824508666992,0.156323537230492,0.18502289056778,
2015-02-22,-10.7354869842529,0.239691719412804,0.352938383817673,
2015-02-23,-4.31614017486572,7.27006387710571,0.344149678945541,
2015-02-24,-12.2927007675171,3.49145102500916,0.238785088062286,
2015-02-25,-19.5135059356689,0.395216256380081,0.169829875230789,
2015-02-26,-17.7373046875,0.0180741269141436,0.249186411499977,
2015-02-27,-16.5782089233398,0.541659474372864,0.236841484904289,
2015-02-28,-10.5029392242432,1.00192046165466,0.278686046600342,
2015-03-01,-11.4783086776733,2.17308354377747,0.372427642345428,0.0178405812461158
2015-03-02,-15.8921508789062,0.417315542697907,0.261320322751999,0.0182891821904426
2015-03-03,-21.3351783752441,0.179199367761612,0.188778102397919,0.0190828637903887
2015-03-04,-18.5721092224121,0.108618974685669,0.322661429643631,0.0196349911939151
2015-03-05,-10.2731494903564,0.082007423043251,0.480136871337891,0.0200145772412164
2015-03-06,-6.4324836730957,0.730334520339966,0.435419857501984,0.0196349911939151
2015-03-07,-3.55801582336426,1.15561044216156,0.449838399887085,0.0197730230447967
2015-03-08,-2.2016761302948,6.73774147033691,0.241115942597389,0.0199110548956783
2015-03-09,-3.14328050613403,1.98919427394867,0.335006982088089,0.0198075304933094
2015-03-10,-12.8894777297974,0.226023554801941,0.275092661380768,0.0197730230447967
2015-03-11,-14.563494682312,2.35286355018616,0.325259357690811,0.0208427662896753
2015-03-12,-11.8451290130615,3.00883913040161,0.338167577981949,0.0213603862446889
2015-03-13,-4.19419002532959,0.191146865487099,0.913999497890472,0.0209807981405569
2015-03-14,0.739730298519135,5.06025695800781,0.76670229434967,0.0205667046447428
2015-03-15,-15.1024389266968,0.450274288654327,0.438130378723145,0.0200835941950726
2015-03-16,-16.0477294921875,0.0925163552165031,0.440972089767456,0.0198420379418221
2015-03-17,-9.42454051971436,0,0.782046020030975,0.0210153076459003
2015-03-18,-6.52978849411011,0.0707230418920517,0.707680761814117,0.0213258767393455
2015-03-19,-10.6280736923218,0,0.53855162858963,0.0214984180955705
2015-03-20,-13.1425457000732,0.00548100844025612,0.558064758777618,0.0217399722919902
2015-03-21,-12.3254690170288,0.000475083739729598,0.574692249298096,0.0217399722919902
2015-03-22,-9.15318298339844,3.49918103218079,0.495208352804184,0.0213948936932016
2015-03-23,-7.48074007034302,0.187697395682335,0.691365659236908,0.0213258767393455
2015-03-24,-7.95626306533813,0.0993782207369804,0.765857696533203,0.0213948936932016
2015-03-25,-6.6180682182312,0.0101212225854397,0.826125979423523,0.0213948936932016
2015-03-26,-2.94871401786804,0.000723680015653372,0.873444199562073,0.0213948936932016
2015-03-27,1.85938549041748,0.55720454454422,0.990685701370239,0.02125686184232
2015-03-28,0.324416726827621,0.281739711761475,1.11142468452454,0.021049815094413
2015-03-29,0.463852316141129,1.28863537311554,0.591308653354645,0.0214639085902271
2015-03-30,1.80783605575562,0.0479857809841633,1.16383695602417,0.0210153076459003
2015-03-31,1.7638087272644,0,0.974697887897491,0.0209117832435314
2015-04-01,-3.64652705192566,1.48990178108215,0.987049520015717,0.02053219719623
2015-04-02,-6.65450525283813,0.631304919719696,0.796719133853912,0.0198765453903349
2015-04-03,-8.07602691650391,0.0128509234637022,0.929921686649323,0.0189103244909944
2015-04-04,-10.1416959762573,0.0118233067914844,0.876214921474457,0.0193244200436392
2015-04-05,-12.8728055953979,0.0149909295141697,0.870697140693665,0.0214294011417143
2015-04-06,-7.07738876342773,0.000533365528099239,1.24111139774323,0.0218434966943591
2015-04-07,-0.480146020650864,8.2733531598933e-06,1.35819387435913,0.0208427662896753
2015-04-08,3.04829406738281,0.0923839658498764,1.5946296453476,0.0183927065928115
2015-04-09,4.24177360534668,0,1.87054312229157,0.0193244200436392
2015-04-10,5.15040349960327,0.10280791670084,2.14100217819214,0.0341628141893649
2015-04-11,5.23857831954956,0.0785525217652321,1.93382561206818,0.100763049574152
2015-04-12,-0.22427174448967,8.92396068572998,0.91967636346817,0.0717764143666158
2015-04-13,0.0712129399180412,0.232331499457359,1.60059320926666,0.0776427587733454
2015-04-14,1.41340732574463,0.054885059595108,1.60700798034668,0.108354786974824
2015-04-15,2.28153133392334,1.41937029361725,1.7568039894104,0.205321955507655
2015-04-16,2.42779803276062,0.398412644863129,1.84263014793396,0.292626915047082
2015-04-17,2.80697107315063,0,1.30465066432953,0.282274573538069
2015-04-18,2.86746311187744,1.01244688034058,1.88890993595123,0.27985899866458
2015-04-19,3.09682488441467,0.0923839136958122,2.00830721855164,0.292281861130262
2015-04-20,5.88807344436646,0.0546777546405792,2.40257477760315,0.305394864338875
2015-04-21,5.72029161453247,0.389554470777512,2.35083103179932,0.332656098325144
2015-04-22,5.72753286361694,0.0965343862771988,2.51058316230774,0.420996285433613
2015-04-23,4.89685392379761,0.845485687255859,2.26489424705505,0.503815247870757
2015-04-24,-1.6049542427063,0,2.11754965782166,0.652199160532386
2015-04-25,-1.7584947347641,0,1.96859908103943,0.745370497387831
2015-04-26,1.54721260070801,1.7699599993648e-05,2.36187028884888,0.797132336570062
2015-04-27,6.82519054412842,0.228524625301361,2.53331589698792,0.728116550993754
2015-04-28,11.5052194595337,1.06853544712067,3.33601427078247,0.852344978194826
2015-04-29,8.68089580535889,0.106003202497959,3.20183086395264,1.34235708211404
2015-04-30,5.62283563613892,0.156302630901337,2.85349321365356,2.1947019286717
2015-05-01,5.20611000061035,0.3105408847332,2.6184241771698,2.43970791481272
2015-05-02,2.08028173446655,0.401884347200394,1.72855627536774,2.14639095775058
2015-05-03,-0.209027290344238,0.448408901691437,1.69427919387817,1.74955019068682
2015-05-04,0.314245909452438,0.0562382452189922,2.14898991584778,1.45623310198751
2015-05-05,2.7288122177124,0,2.71797490119934,1.1905223011913
2015-05-06,3.17772698402405,0.065515324473381,2.98859572410584,1.01108123236546
2015-05-07,5.0857720375061,0.09572684019804,3.14386105537415,0.852344978194826
2015-05-08,4.58448648452759,1.45544767379761,2.52641701698303,0.759173641339377
2015-05-09,5.16940498352051,0.00418014358729124,3.43973779678345,0.714313407042212
2015-05-10,8.79207992553711,0,4.17536783218384,0.676354711811524
2015-05-11,12.0583724975586,0.0390607230365276,4.55806159973145,0.655649962974917
2015-05-12,12.8544425964355,0.0488259084522724,4.77793312072754,0.659100765417447
2015-05-13,13.120885848999,0.144511297345161,4.78003263473511,0.655649962974917
2015-05-14,13.354115486145,0,5.11672639846802,0.648748358089851
2015-05-15,10.8435411453247,0.252284854650497,3.884761095047,0.624592872629294
2015-05-16,1.88770520687103,0.000866707297973335,3.63263845443726,0.593535782283675
2015-05-17,5.16849756240845,0,3.8910436630249,0.555577087052987
2015-05-18,10.2494878768921,0.0390607230365276,4.71655178070068,0.510716819846531
2015-05-19,13.201696395874,0.0906296893954277,5.17725610733032,0.476208927058378
2015-05-20,15.1819353103638,0.154276475310326,5.45177030563355,0.452053408688526
2015-05-21,15.8762254714966,0.189609199762344,5.00699949264526,0.427897857409388
2015-05-22,15.8570575714111,0.567581415176392,5.38055610656738,0.407193141482071
2015-05-23,15.1850070953369,0,4.87634658813477,0.389939195087994
2015-05-24,15.7767944335938,0.114277347922325,4.33843469619751,0.372685248693917
2015-05-25,16.5549812316895,0.35213178396225,5.25905084609985,0.355431302299841
2015-05-26,10.5988101959229,0.266362369060516,4.99268102645874,0.339212583474806
2015-05-27,8.86820888519287,0.879991114139557,3.2853319644928,0.328860209056501
2015-05-28,4.27944087982178,0.287196308374405,4.10549926757813,0.312296436314647
2015-05-29,7.13770961761475,0.0898307412862778,4.6316556930542,0.30401454994372
2015-05-30,10.766092300415,0.0839371308684349,5.25366687774658,0.293662175525416
2015-05-31,10.9655122756958,4.30955171585083,2.8465621471405,0.279168857921648
2015-06-01,4.50931262969971,0.609903693199158,2.87660717964172,0.266746011910612
2015-06-02,7.1570463180542,0.0359847694635391,4.55710744857788,0.264330453491769
2015-06-03,14.8387212753296,0.0518456697463989,4.89260530471802,0.252942851504422
2015-06-04,16.619665145874,0.454434782266617,4.76412868499756,0.242590493540763
2015-06-05,17.455436706543,0.0122566446661949,5.33225727081299,0.24328065073834
2015-06-06,16.0707206726074,1.11070669106539e-07,5.68798875808716,0.228442246308461
2015-06-07,13.8725299835205,1.42631125450134,4.96462059020996,0.218434958716268
2015-06-08,12.6089029312134,10.2812871932983,2.44928741455078,0.20980798551923
2015-06-09,10.8065643310547,4.21045923233032,3.15618491172791,0.201181012322191
2015-06-10,11.7235279083252,0.289889842271805,5.03835821151733,0.201526099148303
2015-06-11,15.036075592041,6.30563879013062,3.82620596885681,0.211878457111962
2015-06-12,12.107400894165,4.6236047744751,3.22701811790466,0.240865092319497
2015-06-13,12.460898399353,1.31985926628113,4.38912677764893,0.249837135888001
2015-06-14,11.1871566772461,2.01975607872009,3.38075280189514,0.287450744292575
2015-06-15,8.97398090362549,2.11189389228821,2.89035940170288,0.507266017403997
2015-06-16,7.29449796676636,0.514078915119171,3.55648064613342,0.455504178221767
2015-06-17,8.03574848175049,0.0349978543817997,3.02516984939575,0.396840767063765
2015-06-18,11.9637145996094,0.290920346975327,4.01576519012451,0.362332874275612
2015-06-19,11.8835868835449,0,5.06115770339966,0.337832269079651
2015-06-20,12.9308528900146,0.606470346450806,4.2876124382019,0.311951349488536
2015-06-21,12.4540071487427,2.77002811431885,2.622145652771,0.289521232339953
2015-06-22,13.7487392425537,0.844260036945343,4.27678775787354,0.272612356317342
2015-06-23,15.4897193908691,0.217338427901268,4.82537031173706,0.262605068725149
2015-06-24,17.232006072998,1.83590853214264,4.43143129348755,0.259499353108728
2015-06-25,17.3782005310059,2.83693790435791,4.73941135406494,0.26156982470146
2015-06-26,17.5758628845215,5.85563278198242,3.96318912506104,0.258809195911151
2015-06-27,18.693151473999,0.0907795131206512,5.54240894317627,0.245006035504961
2015-06-28,17.9111251831055,0,6.1729531288147,0.226371774715729
2015-06-29,17.7900447845459,0.000339714752044529,5.77547359466553,0.221540674332689
2015-06-30,19.7538013458252,1.16525340080261,3.82721185684204,0.218434958716268
2015-07-01,18.0139312744141,0.466573506593704,4.7778205871582,0.210153072345341
2015-07-02,19.7437973022461,0.191339671611786,5.43116569519043,0.204976885136189
2015-07-03,16.632511138916,2.4590470790863,4.89593744277954,0.194969597543996
2015-07-04,12.353253364563,2.05833768844605,2.40369486808777,0.184617223125692
2015-07-05,12.6729173660278,0.639266192913055,4.69456195831299,0.17771565114992
2015-07-06,11.2418584823608,4.16661357879639,1.90420055389404,0.168053433929193
2015-07-07,11.0361166000366,0.0969636142253876,4.56162405014038,0.164257577569841
2015-07-08,15.4075040817261,2.87151169776917,3.38674521446228,0.164257577569841
2015-07-09,10.0334568023682,5.9682183265686,1.35210716724396,0.167018206360149
2015-07-10,10.8698110580444,0.972961723804474,2.98589944839478,0.176680407126231
2015-07-11,16.2217960357666,0.0672512650489807,4.62377452850342,0.180476279940229
2015-07-12,18.31028175354,0,4.38199138641357,0.188068009113578
2015-07-13,20.0095291137695,0.408513426780701,4.51186227798462,0.195659754741574
2015-07-14,18.8180503845215,5.26578998565674,3.87914443016052,0.183927065928115
2015-07-15,16.2521667480469,1.17595171928406,4.09961414337158,0.174609935533499
2015-07-16,15.4002876281738,3.69277286529541,3.72619414329529,0.183581995556649
2015-07-17,15.5760545730591,0.102532781660557,3.66701316833496,0.228787333134573
2015-07-18,16.8807678222656,6.59146738052368,3.50977230072022,0.255358409923265
2015-07-19,13.819920539856,8.98148822784424,2.23727083206177,0.260534597132417
2015-07-20,13.8074426651001,0.170081868767738,2.69815468788147,0.260534597132417
2015-07-21,13.4681806564331,8.89671421051025,0.836372077465057,0.257773951887463
2015-07-22,12.3215780258179,8.26748085021973,2.20277190208435,0.265365697515458
2015-07-23,12.4056539535522,0.633079290390015,2.88433814048767,0.286070429897421
2015-07-24,13.7516269683838,0.774326026439667,3.52482986450195,0.325754493440081
2015-07-25,14.7859745025635,6.74078845977783,2.75746393203735,0.343008439834158
2015-07-26,13.594799041748,2.99044036865234,3.10722041130066,0.329205295882613
2015-07-27,14.3913650512695,0.081222839653492,3.18954873085022,0.376136018227158
2015-07-28,14.7398023605347,4.67819404602051,2.91994047164917,0.389939195087994
2015-07-29,14.2778482437134,4.36093473434448,2.26529169082642,0.372685248693917
2015-07-30,13.9647407531738,0.456912517547607,4.26745796203613,0.351980499857306
2015-07-31,14.5003862380981,0.906632423400879,2.90708351135254,0.335071640289342
2015-08-01,14.0652456283569,1.73164248466492,3.41990041732788,0.322993864649772
2015-08-02,14.3791790008545,4.84341478347778,2.75256085395813,0.316092292674
2015-08-03,15.9998941421509,5.66407470614649e-05,2.69248652458191,0.312296436314647
2015-08-04,16.3153438568115,0.00219171331264079,3.97577929496765,0.317127520243043
2015-08-05,16.3984851837158,0.19596041738987,3.58440089225769,0.312296436314647
2015-08-06,14.2854261398315,0.208000332117081,2.53926920890808,0.298838346279923
2015-08-07,15.2300624847412,4.50955677032471,2.60524868965149,0.286760603549644
2015-08-08,15.3131484985352,5.531813621521,2.87559962272644,0.274682827910073
2015-08-09,16.3202171325684,0.0747860744595528,3.58692836761475,0.266400925084501
2015-08-10,17.8053092956543,0.94788271188736,3.93727397918701,0.264675540317881
2015-08-11,15.3315830230713,0.0750071033835411,3.77755880355835,0.27054188472461
2015-08-12,15.0231847763062,0.00781994685530663,3.55312371253967,0.263640296294192
2015-08-13,15.74875831604,5.25140190124512,2.9935519695282,0.251217466737802
2015-08-14,10.7239360809326,6.6746301651001,0.886020362377167,0.238794620726766
2015-08-15,9.02079772949219,0.801718771457672,1.20687389373779,0.230857804727304
2015-08-16,10.3812561035156,0.101613104343414,2.75313329696655,0.232583189493925
2015-08-17,12.3867835998535,2.01985549926758,2.86319661140442,0.233618433517613
2015-08-18,11.873251914978,2.92486667633057,2.69365167617798,0.243625721109806
2015-08-19,12.6486663818359,9.1633825302124,1.95050489902496,0.241900336343186
2015-08-20,8.5951509475708,5.11303949356079,1.01232600212097,0.242245406714652
2015-08-21,6.4092698097229,3.35521626472473,1.11648535728455,0.265365697515458
2015-08-22,7.66773700714111,0.351451724767685,2.76092338562012,0.309190720698227
2015-08-23,10.4385032653809,1.32392299175262,2.55829191207886,0.424447087876148
2015-08-24,11.6675319671631,0.541053950786591,2.49771571159363,0.521069194264833
2015-08-25,10.5050363540649,1.2275003194809,2.43751454353333,0.500364445428226
2015-08-26,10.6768846511841,1.77610909938812,2.18275260925293,0.462405750197541
2015-08-27,12.6943826675415,3.9649503378314e-06,3.3223569393158,0.427897857409388
2015-08-28,12.5914640426636,0.833997786045075,2.50747156143189,0.396840767063765
2015-08-29,14.0770578384399,3.97788286209106,3.06122708320618,0.369234446251383
2015-08-30,15.053412437439,0.52842116355896,3.47854447364807,0.351980499857306
2015-08-31,12.2529344558716,0.484291315078735,3.24102878570557,0.332656098325144
2015-09-01,7.35819578170776,0.0126443887129426,2.2191469669342,0.321268496337797
2015-09-02,6.97439384460449,0.172475174069405,2.00004649162292,0.308500547046004
2015-09-03,5.32807636260986,6.9386887550354,0.560851037502289,0.296077717489614
2015-09-04,7.8663010597229,2.51387476921082,1.46341216564178,0.283654887933223
2015-09-05,8.61670875549316,0.165337890386581,2.00811338424683,0.265710767886924
2015-09-06,9.11861324310303,1.21628900160431e-05,2.39227032661438,0.250527309540224
2015-09-07,8.78664779663086,0.0370407700538635,2.04910969734192,0.240865092319497
2015-09-08,9.27822685241699,1.40033960342407,1.76151549816132,0.233618433517613
2015-09-09,9.23996257781982,0.216839671134949,1.78646886348724,0.223611145925421
2015-09-10,10.4205665588379,1.21625753308763e-05,2.47589159011841,0.216019416752071
2015-09-11,13.5523481369019,0.000416893075453118,2.65389323234558,0.210843229542918
2015-09-12,12.79150390625,0.175650089979172,2.80330300331116,0.20808260075261
2015-09-13,7.31702613830566,1.43826150894165,1.1925402879715,0.201181012322191
2015-09-14,4.77091360092163,0.2172030210495,1.29205656051636,0.192899125951265
2015-09-15,4.97259092330933,0,1.73653626441956,0.184962309951803
2015-09-16,6.59558200836182,0.0906705260276794,1.88579404354095,0.181511523963917
2015-09-17,7.17509031295776,0.189980700612068,1.84462463855743,0.177025493952342
2015-09-18,8.32816410064697,0.0466895587742329,1.99198830127716,0.172194377114656
2015-09-19,8.80728244781494,0.560876250267029,2.10544919967651,0.166673119534038
2015-09-20,4.82589530944824,3.19177532196045,1.08705675601959,0.16115186195342
2015-09-21,2.71424174308777,1.00060439109802,1.05361616611481,0.154595360349114
2015-09-22,1.28982019424438,0.0278074759989977,1.2231183052063,0.151489644732693
2015-09-23,2.66854739189148,1.53857970237732,1.24649262428284,0.148038858744807
2015-09-24,4.25596237182617,1.28021502494812,1.22323501110077,0.143897915559344
2015-09-25,7.10960006713867,0.428259134292603,1.5710780620575,0.140447129571457
2015-09-26,3.41183090209961,7.45986032485962,1.15212404727936,0.13975697237388
2015-09-27,-0.147742047905922,1.51010310649872,0.919726669788361,0.142862671535655
2015-09-28,0.379932522773743,0.519874930381775,1.22609305381775,0.13975697237388
2015-09-29,7.42014598846436,0.031165910884738,1.4439777135849,0.137341413955037
2015-09-30,11.412278175354,6.08144500802155e-06,1.55244302749634,0.132165226745885
2015-10-01,11.6133232116699,6.36724042892456,1.49563908576965,0.124228410746424
2015-10-02,4.01355695724487,16.0473575592041,0.279129058122635,0.134235706565939
2015-10-03,0.222089096903801,0.168869853019714,0.584149539470673,0.13975697237388
2015-10-04,1.13625907897949,0.0057680462487042,0.823097407817841,0.145278229954498
2015-10-05,0.620242416858673,0.393505483865738,0.515009939670563,0.148729015942384
2015-10-06,0.624919950962067,0.118212565779686,0.776334285736084,0.155630604372802
2015-10-07,2.21583652496338,4.54144419848035e-08,0.864780068397522,0.157701075965534
2015-10-08,3.29012012481689,6.22460842132568,0.887711822986603,0.151834731558804
2015-10-09,1.82278978824615,3.18683075904846,0.254296779632568,0.141827443966611
2015-10-10,0.620340883731842,1.1801609992981,0.469529718160629,0.147348701547229
2015-10-11,-1.27132523059845,0.828279435634613,0.440567404031754,0.158046146337
2015-10-12,0.0139531623572111,2.40205907821655,0.472959369421005,0.194279440346419
2015-10-13,2.73432779312134,0.00811178982257843,1.05059385299683,0.215329243099848
2015-10-14,2.75499892234802,0.0909059196710587,0.605579614639282,0.221195587506577
2015-10-15,1.12353312969208,1.45719995998661e-05,0.506887137889862,0.228097175936995
2015-10-16,1.97209346294403,2.3244195901384e-08,0.775489091873169,0.228442246308461
2015-10-17,5.12700319290161,1.04574726655926e-09,1.01987588405609,0.216709573949648
2015-10-18,5.77315950393677,0.0286143831908703,0.650609135627747,0.201181012322191
2015-10-19,3.11874485015869,9.47572135925293,0.329202622175217,0.20221625634588
2015-10-20,0.172730147838593,3.17517995834351,0.19125472009182,0.206012112705232
2015-10-21,-0.475336402654648,0.0630635693669319,0.274573773145676,0.200490855124614
2015-10-22,1.03197395801544,0.0472371578216553,0.357752710580826,0.202561326717346
2015-10-23,2.17105960845947,0.904041826725006,0.345505356788635,0.198765470357994
2015-10-24,-0.39354807138443,1.18430113792419,0.140924528241158,0.20221625634588
2015-10-25,-2.12870454788208,0.162505224347115,0.241104438900948,0.199800697927037
2015-10-26,-1.24766099452972,4.68012285232544,0.0912328511476517,0.196349911939151
2015-10-27,-4.09896039962769,0.61350679397583,0.243268370628357,0.187032781544535
2015-10-28,-4.13517045974731,0.290391772985458,0.384641259908676,0.167363276731615
2015-10-29,-1.51683032512665,0.0446037761867046,0.178692698478699,0.147693788373341
2015-10-30,-0.509834825992584,0,0.10450055450201,0.140792199942923
2015-10-31,-2.5484836101532,0.685674607753754,0.15025982260704,0.171159149545613
2015-11-01,-4.23090696334839,0.129712969064713,0.22508804500103,
2015-11-02,-5.31270170211792,0.699892520904541,0.17893859744072,
2015-11-03,-8.42575645446777,0.226433634757996,0.0755020529031754,
2015-11-04,-8.3089771270752,0.0917542427778244,0.0355011112987995,
2015-11-05,-8.71503448486328,0.227580368518829,0.118208512663841,
2015-11-06,-8.27698421478271,0.462668031454086,0.104218162596226,
2015-11-07,-3.71828484535217,0.00394468801096082,0.0283925887197256,
2015-11-08,-5.73225593566895,0.38690459728241,0.0461146496236324,
2015-11-09,-6.94678926467896,0.00579513469710946,0.0345692038536072,
2015-11-10,-6.48130035400391,0.0395401455461979,0.0775509923696518,
2015-11-11,-2.61808109283447,0.973515927791595,0.308905333280563,
2015-11-12,-5.99535894393921,0.750682353973389,0.175540775060654,
2015-11-13,-5.39569902420044,0.11235810816288,0,
2015-11-14,-6.75421047210693,0.0918095707893372,0,
2015-11-15,-7.85789823532104,0.340579628944397,0,
2015-11-16,-7.74590349197388,2.9267144203186,0.0175187457352877,
2015-11-17,-9.71321487426758,4.80301237106323,0.168626606464386,
2015-11-18,-15.3910140991211,0.215375393629074,0.0380607433617115,
2015-11-19,-19.0407600402832,0.214886054396629,0.0141637930646539,
2015-11-20,-19.4196033477783,0.194659650325775,0.0415029861032963,
2015-11-21,-10.2579612731934,5.31473302841187,0.113002322614193,
2015-11-22,-3.43574547767639,8.06645774841309,0.108605489134789,
2015-11-23,-10.3721742630005,2.00476670265198,0.0429716780781746,
2015-11-24,-18.158670425415,0.0951218232512474,0,
2015-11-25,-17.6750221252441,0.391323238611221,0.0616690553724766,
2015-11-26,-10.6147003173828,4.68155791910618e-10,0.205995634198189,
2015-11-27,-5.57411766052246,0.178311944007874,0.18270680308342,
2015-11-28,-5.12300968170166,0,0.301291435956955,
2015-11-29,-2.8705415725708,1.32119737372705e-08,0.315785139799118,
2015-11-30,-7.37439250946045,3.10102927869593e-06,0.243399813771248,
2015-12-01,-8.70070362091064,0.179234489798546,0.0981021746993065,
2015-12-02,-7.44707918167114,4.1216926574707,0.137706935405731,
2015-12-03,-7.73512601852417,2.34174633026123,0.0202053189277649,
2015-12-04,-8.15199279785156,6.50513601303101,0.0800286829471588,
2015-12-05,-14.6900033950806,0.308188140392303,0.0114107569679618,
2015-12-06,-12.2923164367676,1.4560319185257,0.0752897337079048,
2015-12-07,-8.24791717529297,1.26835739612579,0.0297877267003059,
2015-12-08,-11.3483324050903,1.60610628128052,0,
2015-12-09,-9.74210071563721,1.49374234676361,0.0520803518593311,
2015-12-10,-9.26253700256348,0.00944035965949297,0.0127359153702855,
2015-12-11,-7.49756383895874,0.64113062620163,0.0500893481075764,
2015-12-12,-6.169593334198,0.583724200725555,0.0421593189239502,
2015-12-13,-5.60781812667847,1.01735186576843,0,
2015-12-14,-7.71127939224243,0.143062993884087,0,
2015-12-15,-11.2521305084229,0.175109758973122,0,
2015-12-16,-18.6486930847168,0.364132553339005,0.00530400266870856,
2015-12-17,-19.8118190765381,0.00754457619041205,0,
2015-12-18,-20.9818229675293,0,0,
2015-12-19,-19.7627182006836,0.027598949149251,0.0146023938432336,
2015-12-20,-18.5446720123291,0.756727755069733,0.0583499819040299,
2015-12-21,-17.2677574157715,0.0710842460393906,0,
2015-12-22,-19.8253765106201,0.0816153511404991,0,
2015-12-23,-21.7586574554443,0,0,
2015-12-24,-21.6940460205078,0.482386857271195,0.0283461771905422,
2015-12-25,-21.3630676269531,0.085890419781208,0,
2015-12-26,-25.1928482055664,0.69655704498291,0.0132624246180058,
2015-12-27,-21.8471145629883,1.07826685905457,0.0584161914885044,
2015-12-28,-24.0642795562744,0.00152547226753086,0,
2015-12-29,-21.0235595703125,0.000444818811956793,0.122280769050121,
2015-12-30,-13.8946466445923,1.64830198627897e-05,0,
2015-12-31,-9.70555114746094,8.24173639557557e-06,0.157022893428803,
2016-01-01,-5.54221630096436,0,0.18580324947834,
2016-01-02,-6.85478782653809,0,0.0320830829441547,
2016-01-03,-7.35158729553223,0,0.169321686029434,
2016-01-04,-10.2486476898193,0,0.0766276940703392,
2016-01-05,-13.0593776702881,0.000690111774019897,0.0473915077745915,
2016-01-06,-21.0847644805908,0.000841425789985806,0.00867202784866095,
2016-01-07,-19.3328666687012,0.0116434283554554,0,
2016-01-08,-20.0501346588135,0.000156817404786125,0,
2016-01-09,-19.2002105712891,0.462037622928619,0.0364242121577263,
2016-01-10,-17.8651943206787,0.24391596019268,0.0812197253108025,
2016-01-11,-22.3708648681641,0,0,
2016-01-12,-17.8541622161865,1.17293441295624,0.0957343429327011,
2016-01-13,-14.9808931350708,2.09672808647156,0.078163355588913,
2016-01-14,-16.6281681060791,0.0903842523694038,0,
2016-01-15,-20.511209487915,0.0431585945188999,0.0156387612223625,
2016-01-16,-24.001335144043,0.00214252318255603,0.0176980048418045,
2016-01-17,-22.3802185058594,0.119184158742428,0.125538617372513,
2016-01-18,-16.9321804046631,2.30021643638611,0.0836464315652847,
2016-01-19,-16.9343872070312,1.19293344020844,0,
2016-01-20,-17.6474456787109,0.568554699420929,0.0449170544743538,
2016-01-21,-13.4135904312134,0.0469306036829948,0.0709066316485405,
2016-01-22,-11.3995943069458,0.0445695146918297,0.0491683892905712,
2016-01-23,-10.7290287017822,0.372298181056976,0.0849555879831314,
2016-01-24,-11.4599542617798,0.0817147120833397,0,
2016-01-25,-11.701771736145,0.0123167214915156,0.0894158184528351,
2016-01-26,-6.62273168563843,0.739612877368927,0.223617419600487,
2016-01-27,-4.60256671905518,4.81404733657837,0.100037172436714,
2016-01-28,-5.43473196029663,7.42467451095581,0.0790143013000488,
2016-01-29,-1.97626090049744,1.78428137302399,0,
2016-01-30,-8.16305351257324,0.00347477151080966,0,
2016-01-31,-16.5836982727051,0.0584404766559601,0.0398201867938042,
2016-02-01,-16.6960697174072,0.0353830009698868,0.0580557025969029,
2016-02-02,-15.1984300613403,0.902497231960297,0.0737169831991196,
2016-02-03,-18.8299961090088,0.059181846678257,0.0190935414284468,
2016-02-04,-18.7111568450928,0.0423536486923695,0.0918474644422531,
2016-02-05,-13.3222303390503,3.09782361984253,0.138781294226646,
2016-02-06,-10.8677005767822,2.16318583488464,0.110301226377487,
2016-02-07,-12.1581945419312,0.000315982499159873,0.0818343982100487,
2016-02-08,-9.99176216125488,1.42666285682935e-05,0.141369685530663,
2016-02-09,-7.58614540100098,3.71195650100708,0.131904453039169,
2016-02-10,-12.0516815185547,0.0667031705379486,0.156670123338699,
2016-02-11,-14.6431550979614,0.626807987689972,0.256630510091782,
2016-02-12,-15.528790473938,0,0.171190708875656,
2016-02-13,-8.97835350036621,0.579474985599518,0.153806820511818,
2016-02-14,-10.8040609359741,0.0535408332943916,0.0935916006565094,
2016-02-15,-11.1536169052124,1.93191659450531,0.133027791976929,
2016-02-16,-11.1624975204468,3.05700612068176,0.175734579563141,
2016-02-17,-14.1919975280762,1.90514385700226,0.155104532837868,
2016-02-18,-16.5476398468018,4.82142066955566,0.15005861222744,
2016-02-19,-22.5579280853271,0.166664734482765,0.127034455537796,
2016-02-20,-23.0519123077393,0.0722826421260834,0.137557253241539,
2016-02-21,-13.5261926651001,0.0160429775714874,0.214948385953903,
2016-02-22,-9.30219841003418,0.0179084688425064,0.334515959024429,
2016-02-23,-4.62438869476318,0.958198845386505,0.242824018001556,
2016-02-24,-5.32486248016357,0.268497735261917,0.279496818780899,
2016-02-25,-3.12151193618774,0.0863136425614357,0.412979632616043,
2016-02-26,-4.39432048797607,5.31970548629761,0.3161840736866,
2016-02-27,-12.154972076416,1.6035590171814,0.309147000312805,
2016-02-28,-19.4319171905518,0.0502069480717182,0.173683390021324,
2016-02-29,-20.6106986999512,0.733817219734192,0.256493479013443,
2016-03-01,-15.2005577087402,0.506523609161377,0.320548623800278,
2016-03-02,-11.2816076278687,0.290125072002411,0.274962097406387,
2016-03-03,-14.8771228790283,0.0887511968612671,0.288884907960892,
2016-03-04,-13.9707736968994,3.17590093612671,0.38076588511467,
2016-03-05,-9.99803638458252,0.975179553031921,0.395875453948975,
2016-03-06,-12.0217256546021,0.232263639569283,0.378492265939713,
2016-03-07,-11.0823106765747,1.91752994060516,0.389874279499054,
2016-03-08,-9.14003372192383,1.04425597190857,0.312026351690292,
2016-03-09,-7.34859752655029,0.0169164482504129,0.38765150308609,
2016-03-10,-2.76309084892273,0,0.568637371063232,
2016-03-11,-3.27860546112061,0.453612327575684,0.444900006055832,
2016-03-12,-2.57170081138611,0.294454246759415,0.536921620368958,
2016-03-13,-4.16831111907959,2.56232666969299,0.340771734714508,
2016-03-14,-4.28552722930908,1.81537127494812,0.481563717126846,
2016-03-15,-6.70935010910034,1.0890052318573,0.413218349218369,
2016-03-16,-7.22748422622681,0.410569816827774,0.453926742076874,
2016-03-17,-6.58928251266479,0.064281277358532,0.519696056842804,
2016-03-18,-7.89237070083618,0.0679269433021545,0.6334228515625,
2016-03-19,-5.57836437225342,0.579069018363953,0.710255742073059,
2016-03-20,-5.46062994003296,0.511066555976868,0.681214809417725,
2016-03-21,-7.85171413421631,0.863056421279907,0.623366236686707,
2016-03-22,-9.00594711303711,1.6657966375351,0.527603149414063,
2016-03-23,-8.51220417022705,1.02192997932434,0.564468681812286,
2016-03-24,-12.5399503707886,0.24319526553154,0.68140321969986,
2016-03-25,-5.16508436203003,0.124007202684879,0.740235805511475,
2016-03-26,-6.52076053619385,0.00858951918780804,0.862626969814301,
2016-03-27,-1.08932602405548,0,1.06193566322327,
2016-03-28,1.01215636730194,0,1.09548759460449,
2016-03-29,2.05080437660217,0.00204412220045924,1.1421639919281,
2016-03-30,-0.20171707868576,0.194104641675949,0.986866235733032,
2016-03-31,-2.21160173416138,0.301833122968674,0.620405912399292,
2016-04-01,-1.95895767211914,0.0316023454070091,0.856714069843292,
2016-04-02,-4.69521999359131,3.33545589447022,0.715938568115234,
2016-04-03,-8.59481620788574,0.497127592563629,0.807785153388977,
2016-04-04,-3.76630520820618,0.00111817289143801,1.17585754394531,
2016-04-05,-3.4764838218689,4.75434684753418,0.674304366111755,
2016-04-06,-6.68684482574463,0.927735567092896,0.835210859775543,
2016-04-07,-5.42836761474609,5.4665044444846e-05,1.12556910514832,
2016-04-08,-4.81803274154663,1.79918563365936,0.862292051315308,
2016-04-09,-6.33081150054932,0.374039649963379,0.720822095870972,
2016-04-10,-9.26093196868896,0.00482637761160731,1.00793278217316,
2016-04-11,-2.61974215507507,0.0032485481351614,1.32509386539459,
2016-04-12,-0.436788856983185,0.644026517868042,1.43674862384796,
2016-04-13,0.0977977737784386,0.623426735401154,1.02242684364319,
2016-04-14,-4.54712867736816,0.123168453574181,1.04688477516174,
2016-04-15,-1.7976279258728,0.0220022443681955,1.49959754943848,
2016-04-16,4.29891920089722,0.00127134122885764,1.82628154754639,
2016-04-17,6.96074676513672,0.0701249465346336,2.08198952674866,
2016-04-18,11.5100955963135,0.0608290173113346,2.61213064193726,
2016-04-19,6.64986228942871,0.207106083631516,2.59705305099487,
2016-04-20,-3.66983127593994,0.124802969396114,1.69791507720947,
2016-04-21,-1.10820424556732,9.35666211177022e-09,1.86445105075836,
2016-04-22,-0.474167138338089,0,2.04248642921448,
2016-04-23,1.27202808856964,0.326486974954605,2.33113861083984,
2016-04-24,2.06389474868774,1.1368248462677,0.88091379404068,
2016-04-25,3.21527767181396,1.02775990962982,0.814866840839386,
2016-04-26,3.7593150138855,1.57395017147064,1.0950665473938,
2016-04-27,5.75756502151489,0.610744774341583,1.42303943634033,
2016-04-28,10.9084987640381,0.00177300826180726,2.88243269920349,
2016-04-29,10.6237573623657,0,3.22920536994934,
2016-04-30,9.2999324798584,0.33875435590744,2.5805881023407,
2016-05-01,9.792893409729,0.089846171438694,3.73377346992493,
2016-05-02,15.0918989181519,1.54166718857596e-05,4.5111927986145,
2016-05-03,17.7389907836914,1.54166718857596e-05,4.81592655181885,
2016-05-04,15.9341669082642,0.0718327462673187,4.63499879837036,
2016-05-05,8.03061580657959,0.619341790676117,3.53748822212219,
2016-05-06,7.32138538360596,0.232657104730606,3.84438037872314,
2016-05-07,12.2072257995605,2.59791898727417,3.07294583320618,
2016-05-08,6.69798231124878,11.8667612075806,0.473523020744324,
2016-05-09,3.31834292411804,1.9768613576889,1.55475890636444,
2016-05-10,5.01094436645508,0.118965782225132,3.05796146392822,
2016-05-11,5.05948686599731,1.35262434923789e-05,3.06750750541687,
2016-05-12,5.35408306121826,1.54350127559155e-05,3.50565767288208,
2016-05-13,8.51705074310303,0.0517330504953861,3.85494875907898,
2016-05-14,10.8241271972656,1.54166718857596e-05,4.06817007064819,
2016-05-15,13.1649780273438,1.54166718857596e-05,4.85419988632202,
2016-05-16,13.7227544784546,0.0153387542814016,4.57605314254761,
2016-05-17,14.3183040618896,1.06320321559906,4.26748085021973,
2016-05-18,7.39788913726807,1.32584249973297,2.45200061798096,
2016-05-19,0.11555103212595,1.37480294704437,1.5015070438385,
2016-05-20,0.470915257930756,9.96969699859619,0.559881687164307,
2016-05-21,5.3059024810791,2.4032735824585,1.85456264019012,
2016-05-22,8.82594203948975,0.000606711080763489,4.19401931762695,
2016-05-23,11.7733640670776,0.115789890289307,4.24636650085449,
2016-05-24,13.0332479476929,0.0112823434174061,4.60674905776978,
2016-05-25,9.77675628662109,1.63877284526825,3.5290219783783,
2016-05-26,8.95548439025879,2.45759129524231,1.25568842887878,
2016-05-27,8.16466903686523,9.43397331237793,1.21386229991913,
2016-05-28,9.49827003479004,9.09745121002197,1.65752637386322,
2016-05-29,8.06066989898682,1.88314497470856,2.77751445770264,
2016-05-30,7.496169090271,0.110847227275372,1.95977020263672,
2016-05-31,8.09128284454346,2.69841599464417,3.60473465919495,
2016-06-01,10.7909574508667,5.25217723846436,3.67128276824951,
2016-06-02,11.5746812820435,0.46543151140213,3.83029174804688,
2016-06-03,12.3852090835571,10.9254150390625,2.54099345207214,
2016-06-04,12.1263761520386,0.841951310634613,4.53289604187012,
2016-06-05,13.5253009796143,0.0377038903534412,4.98418283462524,
2016-06-06,17.4456806182861,0.690207421779633,3.99255585670471,
2016-06-07,14.8846063613892,0.317990392446518,5.15306377410889,
2016-06-08,12.110860824585,0.28107476234436,3.63512253761292,
2016-06-09,14.7689266204834,0.364574015140533,4.836585521698,
2016-06-10,13.0799713134766,0.0948861166834831,5.29322957992554,
2016-06-11,12.7366971969604,2.18450880050659,3.51314830780029,
2016-06-12,10.2694425582886,4.42000865936279,1.80182373523712,
2016-06-13,11.7607669830322,8.08907127380371,3.10218596458435,
2016-06-14,12.3068523406982,6.79468154907227,3.47176551818848,
2016-06-15,11.2266283035278,17.8488502502441,1.3723806142807,
2016-06-16,8.63088703155518,9.03817176818848,1.86040890216827,
2016-06-17,8.1910400390625,2.69473171234131,2.40554594993591,
2016-06-18,8.96752834320068,3.13289833068848,3.82561659812927,
2016-06-19,11.059962272644,0.042640320956707,4.72841644287109,
2016-06-20,14.5975866317749,0.152386680245399,5.22733497619629,
2016-06-21,18.4062805175781,0.0296357925981283,5.56828880310059,
2016-06-22,18.6527576446533,3.49121689796448,4.74981880187988,
2016-06-23,16.0347137451172,10.5782880783081,2.96876692771912,
2016-06-24,14.1920080184937,0.993579506874084,3.97827339172363,
2016-06-25,16.0201873779297,1.69182193279266,4.29560470581055,
2016-06-26,17.2825965881348,7.18866062164307,3.44962692260742,
2016-06-27,18.3303871154785,0.669327199459076,5.00768423080444,
2016-06-28,18.2243518829346,0.203419148921967,5.00749397277832,
2016-06-29,17.7977600097656,0.388150125741959,4.75912094116211,
2016-06-30,18.7831325531006,0.000150198757182807,5.16428899765015,
2016-07-01,18.2729759216309,1.82209694385529,4.06205797195435,
2016-07-02,16.9021015167236,10.4729900360107,3.08745431900024,
2016-07-03,16.7614860534668,7.95065689086914,3.73435735702515,
2016-07-04,15.7172508239746,12.4286193847656,1.34789633750916,
2016-07-05,15.8519906997681,5.98985242843628,3.77963352203369,
2016-07-06,14.4212417602539,3.15673089027405,3.43923902511597,
2016-07-07,12.3631887435913,1.37952983379364,2.97903418540955,
2016-07-08,10.6961040496826,1.38440251350403,2.01801466941834,
2016-07-09,13.5394325256348,0.60867565870285,2.89231896400452,
2016-07-10,14.9641857147217,5.35647058486939,3.59717869758606,
2016-07-11,15.7532339096069,0.675249636173248,4.2319860458374,
2016-07-12,14.8201580047607,0.603872060775757,3.77545142173767,
2016-07-13,14.3687572479248,3.34607315063477,3.46512722969055,
2016-07-14,15.9596738815308,0.642158627510071,4.37757110595703,
2016-07-15,17.7165699005127,0.351007431745529,4.77146339416504,
2016-07-16,16.5929069519043,0.372516989707947,3.38751888275147,
2016-07-17,16.4081192016602,0.174957111477852,4.21479034423828,
2016-07-18,18.2581195831299,0.217574313282967,4.82184410095215,
2016-07-19,16.9581985473633,6.79946565628052,2.75785422325134,
2016-07-20,16.1993999481201,2.82982134819031,3.04398345947266,
2016-07-21,10.0374450683594,0.278676211833954,2.34162044525147,
2016-07-22,10.1901636123657,2.53986263275147,2.01411867141724,
2016-07-23,13.2083234786987,4.36936807632446,2.65815854072571,
2016-07-24,14.0402736663818,2.73110508918762,3.32289218902588,
2016-07-25,13.1463994979858,1.38705360889435,2.97978615760803,
2016-07-26,16.1839542388916,0.0512517765164375,4.03524303436279,
2016-07-27,16.2070236206055,1.39581501483917,3.52931714057922,
2016-07-28,16.2293453216553,0.0203836336731911,3.3386344909668,
2016-07-29,16.958366394043,4.38981533050537,3.60613489151001,
2016-07-30,15.8492736816406,1.1964795589447,3.79509735107422,
2016-07-31,15.1166477203369,0.832773923873901,2.90046191215515,
2016-08-01,15.3937911987305,0.0596705749630928,4.13062000274658,
2016-08-02,15.4121770858765,6.94949150085449,3.09455990791321,
2016-08-03,15.2372598648071,6.53698015213013,2.64323425292969,
2016-08-04,15.6452751159668,0.439001232385635,3.1532609462738,
2016-08-05,15.3871307373047,0,3.47073078155518,
2016-08-06,14.0383567810059,0.617632269859314,2.75993061065674,
2016-08-07,13.9756050109863,0.0751611888408661,3.55274152755737,
2016-08-08,15.9792184829712,5.42816781997681,3.02908968925476,
2016-08-09,15.6646575927734,0.48621478676796,3.86760711669922,
2016-08-10,15.5989589691162,6.46060705184937,2.34364700317383,
2016-08-11,15.4856157302856,0.790121078491211,3.75559091567993,
2016-08-12,14.9983415603638,0.332789689302444,3.44765686988831,
2016-08-13,15.054669380188,0,3.1227502822876,
2016-08-14,15.7087755203247,0.806163907051086,3.18541598320007,
2016-08-15,17.1612396240234,0.470443278551102,3.41528964042664,
2016-08-16,15.0388984680176,11.9643535614014,2.111572265625,
2016-08-17,12.8257503509521,1.53659701347351,2.43111443519592,
2016-08-18,12.7304086685181,0.956504940986633,3.10966324806213,
2016-08-19,12.2900867462158,2.00228142738342,1.95806872844696,
2016-08-20,12.8527116775513,5.28433799743652,2.51920628547668,
2016-08-21,11.5181608200073,1.90194427967072,1.74696564674377,
2016-08-22,13.2272157669067,1.31674695014954,2.46381425857544,
2016-08-23,12.7884101867676,0.733615100383759,2.96033763885498,
2016-08-24,14.7094097137451,2.76451110839844,2.53011965751648,
2016-08-25,13.7252130508423,0.95295125246048,2.87106728553772,
2016-08-26,12.0660161972046,13.3488187789917,1.30532002449036,
2016-08-27,10.4662561416626,1.08623468875885,1.11315166950226,
2016-08-28,6.60030460357666,0.887134373188019,1.59837603569031,
2016-08-29,5.87964630126953,0.0504055470228195,2.03696322441101,
2016-08-30,8.89035320281982,0.000917676137760282,2.44256448745728,
2016-08-31,10.7424573898315,6.05403280258179,1.91102612018585,
2016-09-01,10.7021923065186,6.15870475769043,0.529578447341919,
2016-09-02,10.2179527282715,17.0583381652832,0.491974025964737,
2016-09-03,7.02424049377441,3.52447748184204,0.814790189266205,
2016-09-04,5.28028059005737,0.0832078084349632,1.76898968219757,
2016-09-05,7.28417062759399,0.0293894354254007,2.3244788646698,
2016-09-06,8.39188098907471,0.119614109396935,2.15406227111816,
2016-09-07,9.92234802246094,1.35889315605164,2.20638370513916,
2016-09-08,9.05958080291748,1.11496329307556,1.5330775976181,
2016-09-09,5.61692047119141,3.91884350776672,1.78867161273956,
2016-09-10,6.33875322341919,6.55214357376099,0.426559418439865,
2016-09-11,3.96192526817322,0.855593025684357,1.65986275672913,
2016-09-12,4.78067922592163,1.21810116979759e-05,1.91040110588074,
2016-09-13,10.4314699172974,0.443435311317444,2.14034867286682,
2016-09-14,10.0718688964844,2.11482048034668,1.93088829517365,
2016-09-15,7.17204570770264,2.05830417598918e-07,1.37304711341858,
2016-09-16,11.3576097488403,1.47311758995056,1.68242180347443,
2016-09-17,11.2059831619263,1.93518769741058,1.49088084697723,
2016-09-18,8.14664649963379,4.42260503768921,0.705272972583771,
2016-09-19,4.31129741668701,0.276872515678406,0.84568601846695,
2016-09-20,4.14582681655884,0.534633576869965,0.90800553560257,
2016-09-21,5.87024927139282,0.0574945621192455,1.48873805999756,
2016-09-22,8.80208015441895,1.21628900160431e-05,2.06141424179077,
2016-09-23,9.54456424713135,0.677147448062897,1.1326014995575,
2016-09-24,7.72230863571167,0.602760016918182,1.54445052146912,
2016-09-25,6.98848295211792,0.0119522474706173,1.59431254863739,
2016-09-26,9.04494380950928,0.71737402677536,1.71334087848663,
2016-09-27,8.78590202331543,2.04360055923462,1.1351934671402,
2016-09-28,3.53557395935059,0.048426803201437,1.20314598083496,
2016-09-29,3.83359885215759,0.0088939955458045,1.27890694141388,
2016-09-30,0.895780324935913,0.094480961561203,1.03457021713257,
2016-10-01,-0.515465319156647,3.71637320518494,0.91572493314743,
2016-10-02,0.0826718956232071,3.82310152053833,0.438137203454971,
2016-10-03,-0.535663306713104,0.151782214641571,0.506580889225006,
2016-10-04,-0.959377884864807,0.116312824189663,0.41911655664444,
2016-10-05,-1.06142032146454,0.0262478813529015,0.603922843933106,
2016-10-06,-2.5518057346344,0,0.619887411594391,
2016-10-07,-2.40434050559998,0.125366345047951,0.719239175319672,
2016-10-08,-1.17658257484436,0.0659308135509491,0.566902041435242,
2016-10-09,-0.279279679059982,0.666674435138702,0.400180727243423,
2016-10-10,-0.860775649547577,0.451525986194611,0.3818439245224,
2016-10-11,-2.29843187332153,0.0191162992268801,0.469011038541794,
2016-10-12,-4.83838319778442,0.128305375576019,0.31822282075882,
2016-10-13,-5.3680305480957,0.0189880318939686,0.469610124826431,
2016-10-14,-7.1330738067627,0.34704726934433,0.528646349906921,
2016-10-15,-6.48054885864258,1.52251422405243,0.377315819263458,
2016-10-16,-2.95202302932739,3.21659660339355,0.311404019594193,
2016-10-17,-2.01367688179016,3.68244409561157,0.251988619565964,
2016-10-18,-1.59259641170502,0.652240812778473,0.254567205905914,
2016-10-19,-2.22045803070068,0.338254064321518,0.290153980255127,
2016-10-20,-0.836199939250946,0.125293031334877,0.222130835056305,
2016-10-21,-0.650603652000427,0.0823815241456032,0.195125326514244,
2016-10-22,-0.385547131299973,0.754814207553864,0.148449420928955,
2016-10-23,-0.22204901278019,1.16604650020599,0.142533421516418,
2016-10-24,0.417371451854706,1.98013889789581,0.226935505867004,
2016-10-25,0.334624141454697,1.98350501060486,0.154016643762589,
2016-10-26,0.567016661167145,4.09677219390869,0.102437943220139,
2016-10-27,0.292152851819992,1.42213141918182,0.159845322370529,
2016-10-28,-0.113710418343544,0.234559282660484,0.161640718579292,
2016-10-29,0.430284231901169,0.0945035964250565,0.15116161108017,
2016-10-30,-0.667692005634308,1.18680119514465,0.159747555851936,
2016-10-31,-4.6163649559021,1.14349150657654,0.219095721840858,
2016-11-01,-10.056568145752,0.410292387008667,0.112399607896805,
2016-11-02,-10.4895076751709,0.0900285020470619,0.148045375943184,
2016-11-03,-1.78873920440674,1.12526845932007,0.251185536384583,
2016-11-04,2.54463028907776,0.0297964029014111,0.144606873393059,
2016-11-05,4.55605220794678,0.160515516996384,0.444157332181931,
2016-11-06,1.54505550861359,0.00349658168852329,0.00748152239248157,
2016-11-07,-0.352052807807922,0.000987877836450934,0.126043274998665,
2016-11-08,3.88181209564209,0.888784766197205,0.203682124614716,
2016-11-09,3.38852906227112,0.406796187162399,0.0446891896426678,
2016-11-10,2.47836947441101,1.47130722325528e-05,0.26064994931221,
2016-11-11,2.03335022926331,0.12035608291626,0.184655353426933,
2016-11-12,1.36148285865784,1.47135451697977e-05,0.0843852907419205,
2016-11-13,-1.08577728271484,0.247014239430428,0.0860749930143356,
2016-11-14,-1.20112264156342,0.714062750339508,0.0369395948946476,
2016-11-15,-1.7743912935257,0.00215936475433409,0.0471890494227409,
2016-11-16,-7.54719686508179,0.386527329683304,0.0985980406403542,
2016-11-17,-12.3480987548828,0.386300951242447,0.125480100512505,
2016-11-18,-15.5724020004272,0.031714741140604,0,
2016-11-19,-16.8557071685791,1.51964509487152,0.121327735483646,
2016-11-20,-11.8312921524048,4.65453720092773,0.119419321417809,
2016-11-21,-11.9563751220703,0.909193158149719,0.0635105967521668,
2016-11-22,-16.1918678283691,0.100164167582989,0.0494830198585987,
2016-11-23,-8.52939987182617,1.97949302196503,0.0507569015026093,
2016-11-24,-5.36655950546265,1.17669582366943,0.0179016031324863,
2016-11-25,-4.31307220458984,0.774761140346527,0.0539904907345772,
2016-11-26,-11.6143827438354,0.0048284106887877,0,
2016-11-27,-11.8897256851196,0,0,
2016-11-28,-10.9464340209961,0,0,
2016-11-29,-9.83407878875732,0.000993154826574028,0,
2016-11-30,-8.59393978118896,0.00534480717033148,0.102371126413345,
2016-12-01,-10.4987630844116,0.0777198672294617,0,
2016-12-02,-10.5078172683716,1.00277733802795,0.0506643876433373,
2016-12-03,-8.26570320129395,0.112546965479851,0,
2016-12-04,-15.2953329086304,4.22678899765015,0.161981239914894,
2016-12-05,-20.4631175994873,1.38083684444428,0.117994457483292,
2016-12-06,-22.1311836242676,0.698843240737915,0.0781376361846924,
2016-12-07,-23.5793418884277,0.0504189319908619,0,
2016-12-08,-28.2075634002686,0.141184523701668,0,
2016-12-09,-27.1718692779541,0.360817819833756,0.0123841837048531,
2016-12-10,-25.4535598754883,0.097481794655323,0,
2016-12-11,-24.2178020477295,0.67807549238205,0.0523408018052578,
2016-12-12,-19.1538543701172,2.32832360267639,0.0812146663665772,
2016-12-13,-19.9636669158936,0.286091983318329,0.0240178015083075,
2016-12-14,-19.9262504577637,0.336041897535324,0.0505486652255058,
2016-12-15,-23.9551544189453,0.154903993010521,0.00845804996788502,
2016-12-16,-30.8704128265381,0.000308258808217943,0,
2016-12-17,-28.9398822784424,0.604684352874756,0.0244729910045862,
2016-12-18,-21.5370292663574,2.77885341644287,0.0498307272791863,
2016-12-19,-16.1518859863281,1.33196651935577,0.0414753966033459,
2016-12-20,-13.3993911743164,0.00955616030842066,0,
2016-12-21,-11.5723857879639,0.220068693161011,0.0197098664939404,
2016-12-22,-15.1608352661133,0.0282231606543064,0,
2016-12-23,-19.1567974090576,0.0452646017074585,0,
2016-12-24,-20.7062511444092,1.2347422853054e-05,0.00477423239499331,
2016-12-25,-21.1054878234863,0.00225751381367445,0.010150752030313,
2016-12-26,-19.5655765533447,0,0.0144822243601084,
2016-12-27,-16.9936351776123,0.111583910882473,0,
2016-12-28,-16.5858459472656,0.136019632220268,0,
2016-12-29,-16.9655075073242,0.379201531410217,0,
2016-12-30,-16.458459854126,0.000320240797009319,0.0326247923076153,
2016-12-31,-12.7043037414551,2.03485178947449,0.0957931354641914,
2017-01-01,-14.6009836196899,0.234806284308434,0.021173007786274,
2017-01-02,-22.6103992462158,0.414903938770294,0,
2017-01-03,-15.5980844497681,0.259615302085876,0.0332925915718079,
2017-01-04,-9.71400928497314,1.05174195766449,0.0647062733769417,
2017-01-05,-13.1946535110474,0.272022157907486,0.00452537508681417,
2017-01-06,-17.7412967681885,0.298423320055008,0.0585062727332115,
2017-01-07,-25.3039093017578,0.0962460711598396,0.00628588860854507,
2017-01-08,-28.1580963134766,0.250930458307266,0.0275297518819571,
2017-01-09,-24.6315498352051,0.0401641800999641,0.00945798587054014,
2017-01-10,-25.8241443634033,1.8035796880722,0.01877536252141,
2017-01-11,-24.4663581848145,1.00619041919708,0.0750214830040932,
2017-01-12,-27.4505634307861,0.467633932828903,0.0643082410097122,
2017-01-13,-19.5695991516113,0.0801543444395065,0.0310809928923845,
2017-01-14,-12.4845161437988,2.83550325548276e-05,0.12083775550127,
2017-01-15,-3.9011697769165,0.03972152993083,0,
2017-01-16,-4.40733480453491,0.0190156083554029,0.020086957141757,
2017-01-17,-4.55387115478516,0.316292554140091,0,
2017-01-18,-6.73003196716309,5.05776643753052,0.069782629609108,
2017-01-19,-7.22682237625122,4.69492053985596,0.0506950654089451,
2017-01-20,-7.07161045074463,0.777334868907929,0.0453992784023285,
2017-01-21,-14.3690452575684,0.63125866651535,0.012478755787015,
2017-01-22,-17.5125560760498,0.000602109357714653,0.00999315269291401,
2017-01-23,-15.4179306030273,0,0.0666264444589615,
2017-01-24,-13.2922706604004,0.241314604878426,0.0430279783904552,
2017-01-25,-9.59482192993164,0.14183621108532,0.124621458351612,
2017-01-26,-8.10330486297607,0.447245925664902,0.0767794698476791,
2017-01-27,-6.10288286209106,0.247495353221893,0.0712149813771248,
2017-01-28,-5.73160266876221,0.142077550292015,0.0257913321256638,
2017-01-29,-3.99768280982971,0.627705574035645,0,
2017-01-30,-10.6073722839355,2.12128925323486,0.0914701223373413,
2017-01-31,-15.3388805389404,0.708289980888367,0.073344312608242,
2017-02-01,-15.9217443466187,0.0569327063858509,0.0253135543316603,
2017-02-02,-16.1015300750732,0.247504249215126,0.0873627066612244,
2017-02-03,-19.0122051239014,0.230210274457932,0.0458457916975021,
2017-02-04,-20.6274375915527,0.456224054098129,0.0708597898483276,
2017-02-05,-26.1321125030518,0.0401058457791805,0.0355733931064606,
2017-02-06,-26.2274074554443,0.353396832942963,0.0515108704566956,
2017-02-07,-24.4681968688965,0.0326775796711445,0.088772639632225,
2017-02-08,-18.6359424591064,0.166381165385246,0.111239463090897,
2017-02-09,-18.4015293121338,7.96471067587845e-06,0.0822414010763168,
2017-02-10,-20.381160736084,0.474671840667725,0.134142741560936,
2017-02-11,-15.2146949768066,0.491183489561081,0.167782202363014,
2017-02-12,-5.1274242401123,0.392342686653137,0.644863247871399,
2017-02-13,-1.18917727470398,2.15649580955505,0.203395307064056,
2017-02-14,-1.54477262496948,0.169491156935692,0.34822878241539,
2017-02-15,2.43108654022217,0.100945711135864,0.359561145305634,
2017-02-16,1.17496728897095,0.239422053098679,0.148874953389168,
2017-02-17,-3.98854947090149,0.450071841478348,0.174500033259392,
2017-02-18,-7.79333305358887,0,0.162954270839691,
2017-02-19,-8.95674228668213,1.36654210090637,0.177159816026688,
2017-02-20,-10.0964460372925,1.93884134292603,0.208270221948624,
2017-02-21,-13.8215980529785,2.34869575500488,0.245037764310837,
2017-02-22,-16.3251781463623,0.974619388580322,0.226418405771256,
2017-02-23,-14.019326210022,1.14071381092072,0.21983739733696,
2017-02-24,-17.3079319000244,0.0997495874762535,0.198775231838226,
2017-02-25,-15.2150774002075,0.562995314598084,0.320779770612717,
2017-02-26,-21.1702632904053,0.0391701012849808,0.172113806009293,
2017-02-27,-23.0187110900879,0.384348601102829,0.137223958969116,
2017-02-28,-25.1088829040527,0,0.149722144007683,
2017-03-01,-26.1582679748535,0.00458704028278589,0.149714142084122,
2017-03-02,-23.3038806915283,1.90203106403351,0.277851045131683,
2017-03-03,-16.0457763671875,0.405568420886993,0.294446259737015,
2017-03-04,-22.2699222564697,0.0153694953769445,0.210013896226883,
2017-03-05,-21.1919250488281,0.53053480386734,0.255132019519806,
2017-03-06,-23.2886447906494,0.13911871612072,0.21216593682766,
2017-03-07,-23.6043109893799,0.0262678191065788,0.214507773518562,
2017-03-08,-26.8427619934082,0.00639135530218482,0.20704360306263,
2017-03-09,-24.747200012207,0.00859599933028221,0.216976433992386,
2017-03-10,-24.8142395019531,0.00046917432337068,0.253202676773071,
2017-03-11,-20.8608951568604,0,0.308585315942764,
2017-03-12,-18.5385723114014,1.18257975578308,0.396904438734055,
2017-03-13,-11.2874755859375,1.07967829704285,0.504787862300873,
2017-03-14,-4.70616388320923,0.00485934317111969,0.667690336704254,
2017-03-15,-3.94420838356018,0.865048110485077,0.614642441272736,
2017-03-16,-10.6181812286377,1.00384569168091,0.52662605047226,
2017-03-17,-10.8251190185547,0.244276329874992,0.61901330947876,
2017-03-18,-7.72733640670776,3.58098745346069,0.372916698455811,
2017-03-19,-15.0925617218018,1.0575098991394,0.352531641721725,
2017-03-20,-19.3272762298584,0.0864882990717888,0.449050575494766,
2017-03-21,-9.72467613220215,0.00113860098645091,0.821706175804138,
2017-03-22,-5.19993209838867,0.0873040854930878,0.623389065265656,
2017-03-23,-7.57980728149414,1.72224223613739,0.71784257888794,
2017-03-24,-3.2589738368988,0.0348383449018002,0.875667631626129,
2017-03-25,-1.89170968532562,2.12356352806091,0.6704341173172,
2017-03-26,-1.87805831432343,1.64208722114563,0.711342453956604,
2017-03-27,-2.66442608833313,1.0016303062439,0.895859777927399,
2017-03-28,0.96660852432251,0.021303428336978,0.951387405395508,
2017-03-29,2.65883874893188,2.37846732139587,0.959117889404297,
2017-03-30,1.64423739910126,0.708922386169434,0.986353039741516,
2017-03-31,2.10380268096924,0.189494431018829,0.785533547401428,
2017-04-01,3.60378742218018,0,1.31878316402435,
2017-04-02,2.33577704429626,0.00923733040690422,1.30001831054688,
2017-04-03,0.973205089569092,0,1.31204867362976,
2017-04-04,-0.106903031468391,0.702352702617645,1.17303252220154,
2017-04-05,0.49147567152977,0.097791999578476,0.952423632144928,
2017-04-06,2.95499134063721,1.54786157224862e-08,1.66863143444061,
2017-04-07,1.59230208396912,0.179177522659302,1.51103317737579,
2017-04-08,-0.857470452785492,0.00336413946934044,1.45813941955566,
2017-04-09,-3.19260787963867,0.0305242743343115,1.65021216869354,
2017-04-10,2.90525412559509,1.71057534217834,1.76166594028473,
2017-04-11,0.381222903728485,0.36539950966835,1.32649612426758,
2017-04-12,-2.00337648391724,5.45188996170509e-08,1.80158662796021,
2017-04-13,1.05517148971558,0,2.08267593383789,
2017-04-14,1.29499650001526,0,1.74684429168701,
2017-04-15,0.809192776679993,0.116040349006653,1.65795040130615,
2017-04-16,0.383332133293152,1.82141816616058,1.17902064323425,
2017-04-17,-8.68711757659912,0.24746210873127,1.11212635040283,
2017-04-18,-10.0870962142944,0.116987064480782,1.3592734336853,
2017-04-19,-6.22791194915771,1.42154324054718,1.3603401184082,
2017-04-20,-3.5314416885376,0.19129852950573,1.38611280918121,
2017-04-21,-3.61009621620178,0.856133937835693,1.58604300022125,
2017-04-22,-6.60991382598877,0.0828026905655861,1.62651228904724,
2017-04-23,-5.82419347763062,3.06625089763202e-08,1.86941075325012,
2017-04-24,-2.06500720977783,0,2.08752918243408,
2017-04-25,0.177765697240829,0.0606768764555454,2.18447494506836,
2017-04-26,2.89676117897034,0.0605717115104199,2.18526792526245,
2017-04-27,3.44485807418823,0.00016469694674015,1.9375993013382,
2017-04-28,4.44615411758423,0.544382035732269,2.02450728416443,
2017-04-29,6.96726036071777,0.455222755670548,2.55191612243652,
2017-04-30,6.98963928222656,1.92493414878845,2.32939267158508,
2017-05-01,5.14757966995239,0.0815655440092087,2.58339071273804,
2017-05-02,6.42447233200073,0.0368398725986481,2.33787417411804,
2017-05-03,6.34659481048584,0.184225618839264,1.99513471126556,
2017-05-04,7.85921144485474,5.87629429560366e-08,3.45478367805481,
2017-05-05,9.34532356262207,0.230476945638657,3.5203812122345,
2017-05-06,11.193904876709,6.45220375061035,3.72176790237427,
2017-05-07,7.97379493713379,1.41774213314056,2.27840375900269,
2017-05-08,6.69772815704346,0.455572545528412,2.85102891921997,
2017-05-09,10.149019241333,1.34954917430878,3.23693156242371,
2017-05-10,9.11278820037842,0,3.77342009544373,
2017-05-11,8.24547386169434,0.0439569167792797,4.0759711265564,
2017-05-12,7.05265045166016,0,3.15169167518616,
2017-05-13,5.60413837432861,5.13917350769043,1.72917795181274,
2017-05-14,2.69262719154358,7.52578163146973,0.675985038280487,
2017-05-15,4.15128803253174,0.419124007225037,1.43591153621674,
2017-05-16,6.24165868759155,0.0135682318359613,2.78903388977051,
2017-05-17,6.86841487884521,0.0491210669279099,3.16741228103638,
2017-05-18,7.93316221237183,1.5844053030014,3.07532000541687,
2017-05-19,9.54690456390381,1.84837853908539,3.35943078994751,
2017-05-20,10.0462255477905,0.286932229995728,3.97399592399597,
2017-05-21,11.9872369766235,5.06665164721198e-05,4.48208618164063,
2017-05-22,15.565710067749,0.0915010645985603,4.00015640258789,
2017-05-23,14.2009897232056,2.31172657012939,3.39350056648254,
2017-05-24,11.8310651779175,0.529944002628326,4.18460416793823,
2017-05-25,8.95006942749023,0.0402525588870049,3.6844584941864,
2017-05-26,9.60247898101807,0.00023373581643682,4.32931661605835,
2017-05-27,10.6572456359863,0.244683906435967,3.51132082939148,
2017-05-28,8.88953495025635,0.00276920176111162,4.65797185897827,
2017-05-29,13.867751121521,1.07671326077252e-07,5.47553968429565,
2017-05-30,16.6901473999023,0,5.77549266815186,
2017-05-31,17.4698524475098,2.04653358459473,3.53480195999146,
2017-06-01,16.1377372741699,0.5666543841362,4.64346265792847,
2017-06-02,14.0296411514282,12.3279275894165,2.34209966659546,
2017-06-03,12.0455112457275,4.06113624572754,3.47840905189514,
2017-06-04,10.955979347229,0.835638701915741,4.82481050491333,
2017-06-05,11.5417585372925,0.550138711929321,4.56740474700928,
2017-06-06,12.4719667434692,0.0418331436812878,3.32533669471741,
2017-06-07,15.8355503082275,0.00239286129362881,4.7478461265564,
2017-06-08,16.7383441925049,0.0320306494832039,5.55100011825562,
2017-06-09,14.0958461761475,1.5282035192854e-08,5.42869138717651,
2017-06-10,8.61323928833008,2.22071433067322,2.21760129928589,
2017-06-11,6.62600660324097,0.327439725399017,4.02908134460449,
2017-06-12,7.9581561088562,0.436768263578415,1.97365975379944,
2017-06-13,10.300708770752,0.287533938884735,4.12899446487427,
2017-06-14,11.2044868469238,0.0771733075380325,4.36731910705566,
2017-06-15,9.86369895935059,3.59794974327087,0.801160156726837,
2017-06-16,13.0221405029297,4.50839471817017,2.60699057579041,
2017-06-17,12.1620225906372,1.89707708358765,4.75587892532349,
2017-06-18,10.6414489746094,2.36456561088562,3.70248699188232,
2017-06-19,10.6743803024292,0.355897694826126,3.50083184242249,
2017-06-20,12.5972490310669,6.09058809280396,3.67238092422485,
2017-06-21,12.1617622375488,0.10806779563427,3.43952560424805,
2017-06-22,8.73775100708008,0.221228539943695,4.19583797454834,
2017-06-23,10.8932838439941,0.437666356563568,4.50238132476807,
2017-06-24,12.6046380996704,0.00472677871584892,5.04860067367554,
2017-06-25,14.3283224105835,0.631381034851074,5.85395240783691,
2017-06-26,17.2037658691406,5.63870477676392,4.36845397949219,
2017-06-27,12.5955038070679,8.71359062194824,1.08402407169342,
2017-06-28,15.9006195068359,2.06681561470032,4.14336490631104,
2017-06-29,15.7220983505249,6.97934246063232,3.38512539863586,
2017-06-30,13.3038644790649,6.99805068969727,1.1701078414917,
2017-07-01,15.3976411819458,2.38488674163818,3.33069539070129,
2017-07-02,17.3901767730713,1.12343883514404,4.11016273498535,
2017-07-03,15.2013063430786,6.19213914871216,3.79807376861572,
2017-07-04,11.9595623016357,3.68340754508972,2.72507739067078,
2017-07-05,12.9079561233521,5.76681566238403,1.94947385787964,
2017-07-06,15.1424474716187,2.67910861968994,2.62900352478027,
2017-07-07,17.5392570495605,0.00036455862573348,5.18352317810059,
2017-07-08,19.253101348877,0,5.31820440292358,
2017-07-09,19.058931350708,0,4.20606470108032,
2017-07-10,17.1740646362305,0.263587146997452,4.65887355804443,
2017-07-11,15.5216035842896,0.38836345076561,3.65884637832642,
2017-07-12,15.1414175033569,0.158026680350304,4.11243534088135,
2017-07-13,15.8863945007324,2.69393634796143,3.41174554824829,
2017-07-14,12.8729496002197,5.81092071533203,2.65074062347412,
2017-07-15,15.3825931549072,3.09019827842712,3.57190203666687,
2017-07-16,14.0568580627441,3.07736086845398,3.51581883430481,
2017-07-17,10.3441905975342,1.38943314552307,2.71288204193115,
2017-07-18,9.07965850830078,0.307187259197235,2.87817239761353,
2017-07-19,13.4676036834717,0,4.47905588150024,
2017-07-20,13.9393243789673,0.478810340166092,3.59447717666626,
2017-07-21,15.6480083465576,0.888460636138916,4.06983184814453,
2017-07-22,16.8817100524902,15.0433444976807,3.94368624687195,
2017-07-23,14.6031293869019,8.6449613571167,1.54660356044769,
2017-07-24,13.5847606658936,0.170999616384506,4.65441179275513,
2017-07-25,18.0175228118896,0.470765560865402,4.52098703384399,
2017-07-26,20.1355743408203,0.00746258534491062,4.65537643432617,
2017-07-27,19.0709667205811,0.136046439409256,4.50895309448242,
2017-07-28,14.7672834396362,3.27394413948059,3.1049976348877,
2017-07-29,12.3693494796753,0.562938570976257,2.82407450675964,
2017-07-30,15.7728929519653,0.725891828536987,3.68311715126038,
2017-07-31,14.2045879364014,3.17694234848022,2.44392371177673,
2017-08-01,13.4409532546997,0.0897266641259193,3.44817543029785,
2017-08-02,14.7392091751099,0.0357933826744556,3.92195296287537,
2017-08-03,16.7599010467529,3.75698900222778,3.11449599266052,
2017-08-04,15.2932014465332,1.88010621070862,3.33601021766663,
2017-08-05,16.4217014312744,8.63677787780762,3.53739881515503,
2017-08-06,12.9392547607422,0.312126010656357,2.64369344711304,
2017-08-07,12.0635175704956,0.00109137268736959,3.66535973548889,
2017-08-08,15.8385963439941,0.0430968962609768,4.15564060211182,
2017-08-09,17.9503936767578,0.0403444394469261,4.17097616195679,
2017-08-10,18.8139896392822,4.88943747711801e-08,4.36673879623413,
2017-08-11,19.6403350830078,1.7775077409965e-08,5.08628559112549,
2017-08-12,18.8041896820068,0,5.08339691162109,
2017-08-13,18.6795215606689,0.144236221909523,4.9487795829773,
2017-08-14,15.7520656585693,3.85458111763001,1.3891853094101,
2017-08-15,12.8901138305664,1.36331355571747,2.25479650497437,
2017-08-16,12.2734394073486,0.120516061782837,3.51435685157776,
2017-08-17,13.5839061737061,0.0264246221631765,3.14211940765381,
2017-08-18,14.0319204330444,2.57176208496094,3.14842677116394,
2017-08-19,10.7501811981201,6.1203727722168,1.19779431819916,
2017-08-20,10.6621513366699,1.24891459941864,3.30345416069031,
2017-08-21,10.9026031494141,0.206026151776314,3.18002581596375,
2017-08-22,12.4861555099487,6.04383899371896e-07,3.4479718208313,
2017-08-23,16.7341747283936,0.28464874625206,3.56997132301331,
2017-08-24,15.2993984222412,14.5622892379761,2.01645183563232,
2017-08-25,12.3521060943604,19.843433380127,0.276159554719925,
2017-08-26,12.170672416687,0.392241448163986,3.28943848609924,
2017-08-27,12.4927530288696,0.146887496113777,3.50706362724304,
2017-08-28,11.0772085189819,0.00045517593389377,3.20300531387329,
2017-08-29,10.3748292922974,0.00223394553177059,3.14419531822205,
2017-08-30,14.5446395874023,0.00594267342239618,3.45256948471069,
2017-08-31,13.7057485580444,0.0242419727146626,3.43846797943115,
2017-09-01,12.5319604873657,9.2937416411587e-06,3.37116050720215,
2017-09-02,10.8608551025391,0.21861506998539,2.3649320602417,
2017-09-03,10.5708055496216,1.35292065143585,2.51058411598206,
2017-09-04,9.92043685913086,0.0920471847057343,2.7100133895874,
2017-09-05,14.8820562362671,4.67102765355776e-08,3.16919636726379,
2017-09-06,16.3780879974365,7.58054596872171e-08,3.14000344276428,
2017-09-07,17.9855899810791,0.0535213276743889,3.5055890083313,
2017-09-08,15.9398012161255,0.00886918604373932,2.66281938552856,
2017-09-09,10.430645942688,2.08230471611023,2.09826970100403,
2017-09-10,10.0723476409912,6.71976184844971,0.749638319015503,
2017-09-11,6.05314159393311,11.5830717086792,0.27756455540657,
2017-09-12,6.83933258056641,4.23215484619141,0.951481103897095,
2017-09-13,4.65455770492554,0.0503767840564251,1.10965120792389,
2017-09-14,5.36768817901611,0,1.63984143733978,
2017-09-15,6.11208057403564,2.49392484441557e-09,2.04469776153564,
2017-09-16,7.1555290222168,0,2.25822710990906,
2017-09-17,7.82024192810059,0,2.19803261756897,
2017-09-18,8.6883602142334,0.00128676218446344,2.12585496902466,
2017-09-19,7.14533805847168,0,2.26871991157532,
2017-09-20,6.92825365066528,2.41912621277152e-05,1.88804304599762,
2017-09-21,4.44887351989746,0.0587777830660343,1.24386858940125,
2017-09-22,1.70928227901459,0.000736168934963644,0.999205648899078,
2017-09-23,2.88632678985596,0.0024484961759299,1.26778328418732,
2017-09-24,6.59044551849365,0.577460169792175,1.58357286453247,
2017-09-25,8.46286773681641,0.00142562226392329,1.65969026088715,
2017-09-26,8.00515937805176,4.02924124500714e-05,1.52774751186371,
2017-09-27,7.63020324707031,1.57457590103149,1.02831256389618,
2017-09-28,10.0760927200317,0,1.5922155380249,
2017-09-29,13.6169385910034,0,1.62854278087616,
2017-09-30,11.9810314178467,0.845519423484802,1.44074249267578,
2017-10-01,3.91711711883545,1.32600891590118,0.709177196025848,
2017-10-02,0.371522933244705,0.00135477853473276,1.12931621074677,
2017-10-03,2.49486947059631,0.00235029496252537,1.21704089641571,
2017-10-04,2.78949737548828,0,0.630285322666168,
2017-10-05,6.52863025665283,0.0196816772222519,1.28980076313019,
2017-10-06,4.60374402999878,1.59889566898346,0.648411393165588,
2017-10-07,1.35183823108673,2.69414615631104,0.485380709171295,
2017-10-08,-2.03188514709473,0.332396745681763,0.780044138431549,
2017-10-09,-0.429037839174271,2.39862608909607,0.771186530590057,
2017-10-10,-0.971356272697449,0.695435583591461,0.489807277917862,
2017-10-11,-1.0592634677887,0.131758823990822,0.418748944997788,
2017-10-12,-1.92923939228058,1.18226766586304,0.426690727472305,
2017-10-13,-2.95534873008728,0.40169820189476,0.551500380039215,
2017-10-14,-4.38250112533569,0.338746011257172,0.389659225940704,
2017-10-15,-3.34592151641846,0.906898379325867,0.308616280555725,
2017-10-16,1.98849213123322,1.52760112285614,0.418716549873352,
2017-10-17,0.526852428913116,3.97566056251526,0.196387082338333,
2017-10-18,-3.2325804233551,2.82098889350891,0.531411051750183,
2017-10-19,-1.24214696884155,1.44037067890167,0.337533205747604,
2017-10-20,0.0923906117677689,0.115987658500671,0.253203332424164,
2017-10-21,-0.894545614719391,0.064374215900898,0.228674799203873,
2017-10-22,-0.970727503299713,0.265357226133347,0.257383793592453,
2017-10-23,-0.00986032839864492,4.02315235137939,0.347331166267395,
2017-10-24,0.00789664592593908,0.960340321063995,0.210990875959396,
2017-10-25,-2.0448145866394,0.090665727853775,0.294394791126251,
2017-10-26,-2.76979494094849,0.0674601644277573,0.270037651062012,
2017-10-27,0.860589504241943,0.0515899434685707,0.255367696285248,
2017-10-28,3.10071444511414,3.16175484657288,0.478154867887497,
2017-10-29,0.516938626766205,1.16353940963745,0.309548020362854,
2017-10-30,-1.59939873218536,3.31074285507202,0.200952887535095,
2017-10-31,-3.62918281555176,5.21672201156616,0.180304959416389,
2017-11-01,-8.33173656463623,2.29935503005981,0.188962310552597,
2017-11-02,-13.6983003616333,0.0553855262696743,0.0759945064783096,
2017-11-03,-16.6023464202881,0.666227459907532,0.177788227796555,
2017-11-04,-11.0185642242432,2.03517699241638,0.175640374422073,
2017-11-05,-9.93326091766357,0.70724231004715,0.1362234801054,
2017-11-06,-13.6034784317017,1.18114042282105,0.160163655877113,
2017-11-07,-16.1322059631348,0.339702129364014,0.0835369229316711,
2017-11-08,-17.9717807769775,0.00547608686611056,0.0494918487966061,
2017-11-09,-14.6858253479004,0.231660902500153,0.122031986713409,
2017-11-10,-14.9310750961304,0.0187477339059114,0.0334496758878231,
2017-11-11,-13.0636596679688,0.102657087147236,0.0547133386135101,
2017-11-12,-10.0241527557373,2.35641002655029,0.102748565375805,
2017-11-13,-14.0945768356323,0.155192896723747,0.0251126643270254,
2017-11-14,-16.0909118652344,0.784796714782715,0.0368574969470501,
2017-11-15,-14.819676399231,3.90658807754517,0.129007428884506,
2017-11-16,-17.2319087982178,1.64056515693665,0.0584530644118786,
2017-11-17,-20.2066307067871,0.28365895152092,0.0148172387853265,
2017-11-18,-19.3048057556152,0.936178922653198,0.0375945456326008,
2017-11-19,-20.2488327026367,8.23724460601807,0.0983709767460823,
2017-11-20,-20.0120887756348,1.18017435073853,0.0458284951746464,
2017-11-21,-18.1282176971436,0.0857974216341972,0.0215203035622835,
2017-11-22,-18.341983795166,6.14851140975952,0.0803128480911255,
2017-11-23,-14.4224576950073,5.77200984954834,0.134350970387459,
2017-11-24,-14.9175691604614,6.72686386108398,0.0349928848445416,
2017-11-25,-15.882080078125,0.880756795406342,0.0346942320466042,
2017-11-26,-17.6824645996094,2.23055911064148,0.134474650025368,
2017-11-27,-16.6642742156982,0.17333610355854,0.0397006720304489,
2017-11-28,-17.2902126312256,1.00052094459534,0.0520241148769856,
2017-11-29,-12.3210363388062,0.112335927784443,0,
2017-11-30,-9.55475425720215,0.0186819694936275,0,
2017-12-01,-11.3380737304688,0.0118330111727119,0,
2017-12-02,-16.5824966430664,0.0769236385822296,0,
2017-12-03,-20.1094264984131,0.0276868417859077,0,
2017-12-04,-19.0003108978271,0.95808333158493,0.0747539326548576,
2017-12-05,-8.35782146453857,1.0912549495697,0.0274257268756628,
2017-12-06,-5.71128177642822,0.511635661125183,0.0517409853637219,
2017-12-07,-0.670981824398041,1.73168921470642,0.431157201528549,
2017-12-08,-2.48823595046997,0.511710643768311,0.188547879457474,
2017-12-09,-0.740857899188995,1.42749488353729,0.20207467675209,
2017-12-10,-1.29413604736328,12.1659069061279,0,
2017-12-11,-2.76750373840332,0.347194463014603,0.00161221029702574,
2017-12-12,-2.01146006584167,0.00141414673998952,0.0167296901345253,
2017-12-13,-4.02906799316406,0.0990961343050003,0,
2017-12-14,-5.77915954589844,2.47283625602722,0.0898174792528153,
2017-12-15,-2.14976596832275,3.96484851837158,0.0552132800221443,
2017-12-16,-9.9498929977417,0.0820220783352852,0,
2017-12-17,-8.25547027587891,0.348279297351837,0,
2017-12-18,-14.0045967102051,0.42241695523262,0.0219478253275156,
2017-12-19,-24.0928726196289,0.12476909160614,0,
2017-12-20,-18.6812114715576,0.0681354403495789,0.0283374544233084,
2017-12-21,-12.6650295257568,2.64822936058044,0.0798149257898331,
2017-12-22,-10.1690998077393,2.17945313453674,0.0206788796931505,
2017-12-23,-15.5601692199707,0.453530788421631,0,
2017-12-24,-25.87184715271,0.00698991399258375,0,
2017-12-25,-32.455207824707,0.0696424022316933,0,
2017-12-26,-29.8018836975098,0.021721126511693,0.0186429116874933,
2017-12-27,-27.6687259674072,0.0737496986985207,0.0251842197030783,
2017-12-28,-31.5333633422852,0.0223612990230322,0.00244273175485432,
2017-12-29,-33.7617721557617,0.0570211447775364,0.00507827522233129,
2017-12-30,-30.5967712402344,4.15436261391733e-05,0.0207107551395893,
2017-12-31,-28.9586029052734,2.37020159943313e-07,0.035192146897316,
2018-01-01,-26.4298133850098,0.0539259128272533,0.0976524204015732,
2018-01-02,-20.7393131256104,0.176557898521423,0.0729881152510643,
2018-01-03,-13.95641040802,0.134556740522385,0.0527478456497192,
2018-01-04,-10.1404838562012,0.000338100071530789,0.00350345810875297,
2018-01-05,-7.77140522003174,2.14316463470459,0.0652557462453842,
2018-01-06,-8.48355960845947,2.86106777191162,0.0459823496639729,
2018-01-07,-13.1475162506104,1.57835388183594,0.0138714835047722,
2018-01-08,-18.3673896789551,1.05913138389587,0.0565394423902035,
2018-01-09,-26.7723999023438,1.12978446483612,0.0508246682584286,
2018-01-10,-30.0923080444336,0.0815811455249786,0.00086920231115073,
2018-01-11,-30.6362953186035,2.33686168940039e-05,0.00182989437598735,
2018-01-12,-30.0424633026123,0.13893324136734,0.0272821765393019,
2018-01-13,-23.819408416748,0.0744567140936852,0.0962547957897186,
2018-01-14,-22.3260593414307,1.89378354775727e-07,0.0968716070055962,
2018-01-15,-11.1411113739014,1.23323886214166e-07,0.215344592928886,
2018-01-16,-5.56880807876587,0.0571567676961422,0.12103732675314,
2018-01-17,-4.99776697158813,0.0128020215779543,0.0246671531349421,
2018-01-18,-5.71842050552368,3.77069568634033,0.104036316275597,
2018-01-19,-6.63226461410522,1.88137662410736,0.0451689995825291,
2018-01-20,-9.92216491699219,0.490241914987564,0,
2018-01-21,-14.2365083694458,1.72090661525726,0.0458428710699081,
2018-01-22,-15.3952808380127,0.666309654712677,0.0784774944186211,
2018-01-23,-14.4869899749756,0.0722252577543259,0.0157131850719452,
2018-01-24,-11.7006435394287,0.0854747965931892,0.0825537964701653,
2018-01-25,-15.6085920333862,0.792761027812958,0.0564441308379173,
2018-01-26,-19.2619915008545,0.292656749486923,0.0223947912454605,
2018-01-27,-23.2878437042236,0.0604917071759701,0.0235933102667332,
2018-01-28,-23.8276805877686,0.129089325666428,0.0273004900664091,
2018-01-29,-21.9425258636475,5.33155679702759,0.123866550624371,
2018-01-30,-22.8962364196777,1.15610218048096,0.0691511705517769,
2018-01-31,-25.0303020477295,0.222267299890518,0.0399024784564972,
2018-02-01,-28.1196708679199,0.210064396262169,0.0461448431015015,
2018-02-02,-31.5591144561768,0.347732603549957,0.0271722208708525,
2018-02-03,-28.6968460083008,0.261741489171982,0.0544177107512951,
2018-02-04,-22.0471096038818,0.455115526914597,0.119267739355564,
2018-02-05,-21.0157985687256,1.08017420768738,0.0515904128551483,
2018-02-06,-23.4564819335938,0.0890523865818977,0.0677669495344162,
2018-02-07,-21.6250495910645,0.061251025646925,0.0712364092469215,
2018-02-08,-17.6767578125,0.00232164282351732,0.0896589979529381,
2018-02-09,-18.0080890655518,0.990594446659088,0.18135692179203,
2018-02-10,-17.4719390869141,0.41135710477829,0.148275449872017,
2018-02-11,-25.6347522735596,0.162471637129784,0.0515706092119217,
2018-02-12,-19.8127994537354,1.53450810909271,0.231633022427559,
2018-02-13,-10.8685922622681,0,0.238436594605446,
2018-02-14,-25.2877712249756,0.329722911119461,0.0864626243710518,
2018-02-15,-22.0436344146729,1.46467460382382e-09,0.139346286654472,
2018-02-16,-19.2900733947754,0.599188625812531,0.174362063407898,
2018-02-17,-16.7259750366211,0.458388239145279,0.184508711099625,
2018-02-18,-19.1273784637451,1.01380157470703,0.143683701753616,
2018-02-19,-18.8434734344482,0.698473572731018,0.166963651776314,
2018-02-20,-27.7204341888428,0.00992130860686302,0.0837118253111839,
2018-02-21,-17.2519607543945,1.62833869457245,0.218771427869797,
2018-02-22,-8.86416816711426,0.454630583524704,0.277859181165695,
2018-02-23,-9.71345138549805,2.30554413795471,0.271476715803146,
2018-02-24,-12.7795448303223,0.319929897785187,0.238870605826378,
2018-02-25,-13.7890558242798,0.416783213615418,0.214441671967506,
2018-02-26,-11.3060483932495,0.022082544863224,0.273284256458282,
2018-02-27,-10.1075267791748,0.481957852840424,0.282915562391281,
2018-02-28,-12.4495096206665,0.108022958040237,0.291915863752365,
2018-03-01,-13.623631477356,4.23648529590537e-08,0.343470096588135,0.0094551622454972
2018-03-02,-14.371021270752,0.0334137380123138,0.299449265003204,0.0095931940963788
2018-03-03,-13.4673004150391,0.00951782148331404,0.356372743844986,0.00948967072242526
2018-03-04,-11.5363712310791,0.0840365588665009,0.295903116464615,0.00931713142303096
2018-03-05,-9.39673614501953,0.806760132312775,0.256181567907333,0.008972051795827
2018-03-06,-12.6252956390381,0.304485231637955,0.293764024972916,0.00852344930887718
2018-03-07,-14.8001165390015,0.401115953922272,0.322022467851639,0.00886852842187347
2018-03-08,-14.1219425201416,0.474184989929199,0.463427126407623,0.0101798279200025
2018-03-09,-8.34810352325439,0.696376621723175,0.420376032590866,0.0103868756963249
2018-03-10,-6.72352313995361,0.211928486824036,0.664519667625427,0.00993827269516743
2018-03-11,-3.67745423316956,0.336739122867584,0.689513862133026,0.00969671747033233
2018-03-12,-1.35685789585114,0.250321745872498,0.7421715259552,0.009524178170938
2018-03-13,-0.926986753940582,2.30758669204079e-05,0.848841369152069,0.0092826229461029
2018-03-14,0.618690371513367,2.2710064513376e-05,0.762044250965118,0.0091445910952213
2018-03-15,-0.261714279651642,2.2710064513376e-05,0.711836934089661,0.00893754434731427
2018-03-16,-2.4029266834259,0.00144799472764134,0.739726543426514,0.00886852842187347
2018-03-17,-3.95351481437683,0,0.706350922584534,0.00859246523431797
2018-03-18,-4.70455360412598,0.00019199657253921,0.808485090732575,0.00841992593492368
2018-03-19,-3.47878694534302,0.471358209848404,0.682075023651123,0.0129059523470448
2018-03-20,-3.89948415756226,0.171639874577522,0.527046084403992,0.0174955026473272
2018-03-21,-11.0238094329834,0.000610797782428563,0.604727804660797,0.0248456837947492
2018-03-22,-14.0932807922363,0.559641420841217,0.581045508384705,0.0628043666844505
2018-03-23,-9.34484767913818,8.53094482421875,0.330011427402496,0.069015785576307
2018-03-24,-14.4518775939941,1.32805180549622,0.467044413089752,0.0666002312711252
2018-03-25,-20.3213748931885,0.398739814758301,0.407722324132919,0.0855795747728066
2018-03-26,-20.0656623840332,0.204573094844818,0.424997955560684,0.100417970975363
2018-03-27,-18.6752815246582,0.0668749958276749,0.55353569984436,0.106629385753558
2018-03-28,-18.6625747680664,0.203804641962051,0.416852682828903,0.10939002277119
2018-03-29,-23.1536178588867,0.00165943836327642,0.425009340047836,0.110425258567556
2018-03-30,-20.8153038024902,0.0683008059859276,0.449411630630493,0.112150651561499
2018-03-31,-13.9461250305176,2.1612256873027e-08,0.788458168506622,0.114221123154231
2018-04-01,-11.5723266601562,0.103877902030945,0.74660187959671,0.113185887357865
2018-04-02,-12.6874027252197,0.235837295651436,0.613450050354004,0.112495730160288
2018-04-03,-16.3612861633301,0.0493914559483528,0.57597690820694,0.11180557296271
2018-04-04,-17.8178119659424,0.496233522891998,0.462536185979843,0.109044944172401
2018-04-05,-14.9185075759888,0.300739109516144,0.671200752258301,0.095931940963788
2018-04-06,-14.7661876678467,0.198052406311035,0.840929567813873,0.0652199168759709
2018-04-07,-10.1463451385498,5.84484549648323e-09,0.992016315460205,0.0339902748899706
2018-04-08,-8.04812812805176,0.135370776057243,1.06693935394287,0.0177715642922597
2018-04-09,-7.48415517807007,0.000564470537938178,1.16951310634613,0.0110425254453895
2018-04-10,-7.70906734466553,0.0114656761288643,1.03646290302277,0.00845443389764408
2018-04-11,-10.1340637207031,0,1.1026850938797,0.00738468911014245
2018-04-12,-7.62140893936157,0.000489589641802013,1.20605933666229,0.00703960999714616
2018-04-13,-3.84379959106445,0.00130540668033063,1.01340460777283,0.00717764184802772
2018-04-14,0.274525761604309,1.57143414020538,0.975931167602539,0.00752272044681635
2018-04-15,-2.65621590614319,0.386859595775604,0.909110009670258,0.00790230752253305
2018-04-16,-5.05699443817139,0.566802263259888,1.23462390899658,0.00810935478464778
2018-04-17,-3.70176649093628,6.61676263809204,0.675536215305328,0.00797132344797385
2018-04-18,-2.60197997093201,0.68615734577179,1.41334366798401,0.00745370503558325
2018-04-19,1.5001734495163,0.00177669117692858,1.77216839790344,0.00683256273503143
2018-04-20,3.42681097984314,0.244927644729614,1.74064004421234,0.00893754434731427
2018-04-21,4.12420606613159,2.67550683021545,1.00422191619873,0.0106629383696728
2018-04-22,1.22179591655731,2.57461261749268,1.19984424114227,0.019048356341876
2018-04-23,3.01835083961487,0.240295186638832,1.94539380073547,0.0260534588905094
2018-04-24,5.31973743438721,0.130767658352852,2.01623463630676,0.0337142111882074
2018-04-25,4.46326494216919,2.87212689187299e-08,2.38927173614502,0.152869959127848
2018-04-26,6.37917327880859,0.000274414080195129,2.20718860626221,0.207392443555033
2018-04-27,7.94855737686157,0.471021115779877,2.69352197647095,0.224301303122998
2018-04-28,4.9232292175293,4.38746213912964,1.30615770816803,0.555577087052987
2018-04-29,1.48307371139526,1.39434516429901,1.96851575374603,1.07664628131782
2018-04-30,3.24342012405396,0.846612691879273,1.76941692829132,1.35270942362305
2018-05-01,4.14884281158447,1.6884548664093,2.19743824005127,1.33200460896786
2018-05-02,5.38973665237427,1.92993581295013,1.76225292682648,1.53215049244888
2018-05-03,4.70278263092041,0.745838284492493,2.03581118583679,1.69088674661952
2018-05-04,6.10514545440674,0.852725744247437,2.285311460495,2.10153072345341
2018-05-05,9.52913093566895,0.0435005091130734,3.38278031349182,2.17744798227762
2018-05-06,12.3438806533813,1.78267125505727e-08,4.04349517822266,2.17744798227762
2018-05-07,8.49342727661133,0.673584759235382,3.60620641708374,2.68816490085202
2018-05-08,5.85254526138306,0.132425650954247,2.19862627983093,2.92626941374515
2018-05-09,3.34608912467957,0.0488196648657322,3.35997033119202,2.4569618612068
2018-05-10,7.93803691864014,0.0488259717822075,3.98814797401428,1.93934360102166
2018-05-11,12.6671390533447,0.0239137597382069,4.55277919769287,1.68398514173446
2018-05-12,14.7703495025635,0.00739798229187727,4.91605138778687,1.49074099477567
2018-05-13,8.73583507537842,0.604756355285645,3.3693323135376,1.356160160247
2018-05-14,7.16748142242432,0.359724223613739,2.72844624519348,1.27679203316168
2018-05-15,8.56200981140137,0.428824543952942,3.69101691246033,1.20087464270031
2018-05-16,7.18752670288086,0.0630433708429337,3.59217166900635,1.10425256922091
2018-05-17,7.1320276260376,0.474671065807343,3.85185384750366,1.02488444213559
2018-05-18,11.1498374938965,0.153098851442337,4.43540239334106,0.959319393183233
2018-05-19,14.2958116531372,0.100997060537338,4.88516807556152,0.89375441004946
2018-05-20,15.7839918136597,0.0390607230365276,5.1405200958252,0.835091031800749
2018-05-21,16.8195552825928,0.00685145054012537,5.12465906143189,0.786779929242465
2018-05-22,17.1031799316406,0,5.41578722000122,0.766075246224442
2018-05-23,18.5937633514404,0.3736951649189,5.22819757461548,0.728116550993754
2018-05-24,18.9992370605469,0.405359327793121,6.09451627731323,0.69015785576307
2018-05-25,16.0419502258301,0.684368133544922,4.37526369094849,0.666002304483928
2018-05-26,11.7361192703247,6.48162651062012,2.1171760559082,0.645297621465905
2018-05-27,11.1310653686523,0.0227091182023287,4.35034418106079,0.631494411695774
2018-05-28,12.5876598358154,1.93371224403381,4.54406070709229,0.610789728677751
2018-05-29,7.3947491645813,1.47568583488464,2.4389054775238,0.600437321350155
2018-05-30,7.49094772338867,0.243676036596298,3.45612645149231,0.569380231004533
2018-05-31,8.54079914093018,0.250624775886536,4.05829524993897,0.545224712634685
2018-06-01,9.73504257202148,0.525340437889099,3.59712195396423,0.531421535773848
2018-06-02,10.7297964096069,5.44844770431519,2.89336776733398,0.510716819846531
2018-06-03,9.09350490570068,0.800128161907196,3.05898451805115,0.493462873452455
2018-06-04,5.47964239120483,0.260549247264862,2.05656433105469,0.545224712634685
2018-06-05,2.74484801292419,3.05627512931824,1.94396007061005,0.624592872629294
2018-06-06,4.69476699829102,1.37527990341187,1.71974170207977,0.624592872629294
2018-06-07,9.0904483795166,1.12664246559143,4.59189748764038,0.600437321350155
2018-06-08,13.757884979248,2.31542205810547,3.44824576377869,0.579732572513544
2018-06-09,13.7703447341919,9.93858432769775,1.91520738601685,0.565929428562002
2018-06-10,11.4669895172119,11.3172912597656,2.65874147415161,0.565929428562002
2018-06-11,8.67876720428467,2.53318548202515,0.853931069374085,0.831640229358215
2018-06-12,5.8219518661499,2.94011235237122,1.30652630329132,1.52524888756382
2018-06-13,4.21980237960815,3.17077112197876,1.02005302906036,1.78405808347497
2018-06-14,5.42393636703491,0.0503595024347305,2.44858956336975,1.53905196569678
2018-06-15,9.09152030944824,0.388118416070938,2.98596835136414,1.29749671617971
2018-06-16,13.9009828567505,0,5.22289276123047,1.12495725223894
2018-06-17,16.7604007720947,0.00853596348315477,4.21309852600098,0.993827285971386
2018-06-18,18.8371963500977,0.038837768137455,4.92353248596191,0.89375441004946
2018-06-19,22.2525310516357,6.00695166212972e-05,6.29741525650024,0.807484678079076
2018-06-20,22.4315700531006,6.70551162329502e-06,6.08227348327637,0.745370497387831
2018-06-21,22.5322666168213,0.0211627967655659,5.70513868331909,0.693608658205601
2018-06-22,19.4843597412109,3.06197094917297,4.2824125289917,0.659100765417447
2018-06-23,17.4821949005127,6.91146516799927,2.99100637435913,0.624592872629294
2018-06-24,19.0525074005127,0.549131333827972,4.34787607192993,0.652199160532386
2018-06-25,17.651683807373,4.19751787185669,4.0732798576355,0.779878390175985
2018-06-26,13.4315891265869,2.94745826721191,3.25359892845154,0.790230731685
2018-06-27,11.8271684646606,6.94021415710449,0.922496974468231,1.1905223011913
2018-06-28,9.23392963409424,7.32267284393311,0.471899032592773,1.50799494116974
2018-06-29,10.5283870697021,5.46858644485474,1.73187792301178,1.47693778500554
2018-06-30,12.079439163208,10.0611963272095,3.0028018951416,1.86687694718424
2018-07-01,12.2974081039429,2.82230043411255,2.71305108070374,2.38449533900654
2018-07-02,11.5490951538086,3.97418475151062,1.8323849439621,2.78823784259253
2018-07-03,13.7663316726685,0.241880238056183,3.65121221542358,2.58119048586361
2018-07-04,13.767993927002,0.0102856894955039,4.90782499313355,2.22920982145985
2018-07-05,15.8798789978027,0.0120491646230221,5.3194727897644,1.9324419961366
2018-07-06,17.2702293395996,1.09487783908844,4.57599639892578,1.65637885383137
2018-07-07,11.4344539642334,1.53209114074707,2.85120987892151,1.47003618012047
2018-07-08,12.7341327667236,0.1035425812006,4.02503681182861,1.51144567779369
2018-07-09,16.8318920135498,0.0187767576426268,4.70704412460327,1.59426467314013
2018-07-10,18.2868843078613,0.246538281440735,5.4660849571228,1.42862681408442
2018-07-11,17.0324993133545,7.91196015370588e-08,5.7467303276062,1.27679203316168
2018-07-12,16.0646553039551,0.616065204143524,4.7637243270874,1.131858857124
2018-07-13,12.2304630279541,3.56193900108337,2.34258055686951,1.00763049574152
2018-07-14,9.3856725692749,3.03631019592285,1.17847764492035,0.917909961328598
2018-07-15,11.0525169372559,0.583216905593872,4.31607389450073,0.862697319703837
2018-07-16,15.1660223007202,0.735336720943451,3.79940629005432,0.835091031800749
2018-07-17,15.2659339904785,0.507060706615448,4.77581262588501,0.804033875636542
2018-07-18,13.4268779754639,6.7942533493042,2.0734851360321,0.783329192618519
2018-07-19,13.7987833023071,6.85943698883057,2.72156715393066,0.766075246224442
2018-07-20,13.8241376876831,0.350442707538605,3.12401175498962,0.783329192618519
2018-07-21,14.8139925003052,2.30568170547485,2.37653660774231,0.810935480521607
2018-07-22,13.3872318267822,1.51362442970276,2.85964965820313,0.817837085406672
2018-07-23,11.2845401763916,0.19609297811985,2.32080936431885,0.776427587733454
2018-07-24,12.8212575912476,0.405695915222168,2.41244983673096,0.721214946108693
2018-07-25,15.034818649292,0.0208194758743048,3.80134582519531,0.686707053320539
2018-07-26,17.6517810821533,0.0705116242170334,4.38263940811157,0.652199160532386
2018-07-27,19.5385913848877,0.230305418372154,4.71884393692017,0.614240465301698
2018-07-28,21.488037109375,0.582690596580505,4.94582509994507,0.58663417739861
2018-07-29,17.7427196502686,2.27427530288696,3.42868828773499,0.552126284610456
2018-07-30,15.5367946624756,1.70475256443024,3.55314421653748,0.517618391822302
2018-07-31,13.8172664642334,5.11736434418708e-05,3.92358469963074,0.48656130147668
2018-08-01,16.3928298950195,0.105664655566216,3.92351317405701,0.469307355082603
2018-08-02,17.9120235443115,0.0266847088932991,4.07822895050049,0.441701034270224
2018-08-03,18.1822986602783,3.52070713043213,3.11923980712891,0.417545515900373
2018-08-04,13.7850980758667,0.667140662670136,2.04205083847046,0.396840767063765
2018-08-05,15.8193874359131,0.857661366462708,3.67971515655518,0.379586820669689
2018-08-06,16.0941066741943,0.382079988718033,2.95959520339966,0.362332874275612
2018-08-07,16.7277317047119,1.22666501998901,3.1359429359436,0.345078927881535
2018-08-08,17.4002628326416,0.00142223038710654,4.23061418533325,0.322648810732952
2018-08-09,18.1871242523193,0.0546016544103622,4.22338628768921,0.305739918255695
2018-08-10,17.5343189239502,0.232423514127731,4.44647550582886,0.28883105868773
2018-08-11,10.8884792327881,0,3.37002825737,0.277098369874271
2018-08-12,11.5125341415405,0.375691115856171,3.29043674468994,0.267091082282078
2018-08-13,14.9110441207886,0.000599570397753269,4.21658277511597,0.249146978690424
2018-08-14,16.7180843353271,0,4.18292951583862,0.231893032296347
2018-08-15,13.3031949996948,0.124821096658707,2.11661100387573,0.223266059099309
2018-08-16,13.385703086853,0.12261700630188,3.33001565933228,0.21878004554238
2018-08-17,13.3264741897583,0,3.99791693687439,0.203596570741035
2018-08-18,12.0316114425659,0.657882452011108,3.0616090297699,0.191863881927576
2018-08-19,11.7813920974731,0.283709973096848,3.05984711647034,0.185652467149381
2018-08-20,11.8014192581177,9.58769508230262e-09,3.03730368614197,0.172194377114656
2018-08-21,14.8225364685059,0.0164941512048244,3.98886370658875,0.159081390360688
2018-08-22,11.9225482940674,2.07139658927917,2.47830486297607,0.15217980193027
2018-08-23,6.72213697433472,5.76235961914063,1.78516757488251,0.149074102768496
2018-08-24,5.57082891464233,4.42010688781738,1.19668829441071,0.154250273523002
2018-08-25,4.82585191726685,1.58022701740265,1.66917908191681,0.141827443966611
2018-08-26,6.46288442611694,0.370760858058929,1.31547629833221,0.1414823571405
2018-08-27,7.77999925613403,1.72908079624176,1.55212390422821,0.133890627967151
2018-08-28,9.78437328338623,1.44004440307617,1.74999380111694,0.133890627967151
2018-08-29,11.4891929626465,3.19565749168396,1.44225406646729,0.132510305344673
2018-08-30,8.91244697570801,4.55761289596558,1.18995118141174,0.120432546159749
2018-08-31,6.32773494720459,3.38443470001221,1.25473463535309,0.114911280351808
2018-09-01,4.8569221496582,4.12645721435547,1.05835199356079,0.116636681573074
2018-09-02,6.94178915023804,0.46838989853859,2.60288548469543,0.112495730160288
2018-09-03,4.71722221374512,1.52842628955841,1.38611674308777,0.108009708376035
2018-09-04,3.65543556213379,0.112163878977299,2.19935584068298,0.104903992759615
2018-09-05,3.67463636398315,0.000329460483044386,1.92781221866608,0.0976573339577309
2018-09-06,3.27031946182251,6.40244479654939e-08,2.21727991104126,0.0990376483528856
2018-09-07,6.44465303421021,3.99568796157837,0.929904878139496,0.0914459191795358
2018-09-08,4.94924640655518,0,0.698358714580536,0.0897205179582701
2018-09-09,4.7775764465332,0.282516717910767,1.68576765060425,0.0848894175752291
2018-09-10,3.38331866264343,1.2608380317688,1.78479206562042,0.0855795747728066
2018-09-11,-0.389111399650574,6.56098461151123,0.692044794559479,0.0879951249643267
2018-09-12,-2.60385036468506,0.354710251092911,1.24833035469055,0.0890303607606926
2018-09-13,-2.2881908416748,0.11518544703722,1.33149087429047,0.0817837019588088
2018-09-14,-0.679781436920166,0.0283809136599302,1.33515703678131,0.0752272085818249
2018-09-15,-1.31444191932678,0.0799436122179031,1.10865032672882,0.0710862571690387
2018-09-16,0.0484094433486462,0.120392844080925,1.53141558170319,0.065910074073548
2018-09-17,2.05025458335876,0.0482060946524143,1.57245576381683,0.0614240481756345
2018-09-18,1.40479266643524,0,1.28702521324158,0.0572831008765096
2018-09-19,-0.512604832649231,0.0183326750993729,1.39277994632721,0.0559027864813551
2018-09-20,-2.95300889015198,0.00117161276284605,1.34909439086914,0.0545224720862005
2018-09-21,-3.29307913780212,9.56816074904054e-05,1.28609216213226,0.0493462848770484
2018-09-22,-0.806310772895813,0.174460366368294,1.57842040061951,0.0462405774879508
2018-09-23,0.968410789966583,0,1.02302026748657,0.0396840758836442
2018-09-24,4.83826637268066,0.0247059408575296,1.39348578453064,0.0372685256921237
2018-09-25,3.9991672039032,0.303590208292007,0.909391343593597,0.0328860221397485
2018-09-26,2.44038057327271,0.399487316608429,0.700697839260101,0.0337832260852328
2018-09-27,-1.42321991920471,0.232618480920792,1.04527842998505,0.0400291544824329
2018-09-28,-1.70739138126373,0.377641677856445,1.16534852981567,0.0355431285845194
2018-09-29,-1.92411303520203,0.657967865467072,0.971095204353333,0.0303669454890286
2018-09-30,-2.1475932598114,0.347372591495514,0.824272513389587,0.0276063146418889
2018-10-01,-2.75526261329651,0.466680884361267,0.748416423797607,0.0234308598942513
2018-10-02,-1.82123076915741,0.428451627492905,0.896826565265656,0.0216364478896214
2018-10-03,-4.72479438781738,0.213136672973633,0.718313097953796,0.0171159145431951
2018-10-04,-6.89956760406494,2.72290301322937,0.500155031681061,0.0190828637903887
2018-10-05,-6.03738737106323,0.981439828872681,0.482095956802368,0.0208082588411625
2018-10-06,-5.72964763641357,0.0366368219256401,0.656543433666229,0.0150454408936327
2018-10-07,-6.4901819229126,0.00376154249534011,0.629092395305634,0.0118707155222636
2018-10-08,-7.3873119354248,1.40802924875061e-07,0.727353632450104,0.0228097175936995
2018-10-09,-6.26021766662598,0.0908227562904358,0.947356283664703,0.0204631802423739
2018-10-10,-6.35054636001587,0.153775408864021,0.574045360088348,0.019945562344191
2018-10-11,-3.92121863365173,0.340384960174561,0.291145175695419,0.0296422808429387
2018-10-12,-3.32276558876038,0.153267338871956,0.636288285255432,0.0246386349900115
2018-10-13,-0.907759130001068,0.0554262809455395,0.582599103450775,0.024880191243262
2018-10-14,1.88072335720062,0.0831035524606705,0.889632821083069,0.0234998747912768
2018-10-15,4.61254501342773,0.00616620574146509,0.507299780845642,0.0235688917451329
2018-10-16,0.903724372386932,0.167630329728127,0.448058992624283,0.0187032777430874
2018-10-17,4.06437873840332,0.0514651164412499,1.09536528587341,0.012836936421604
2018-10-18,4.99313688278198,0.781082689762116,0.438363552093506,0.019565974240059
2018-10-19,-0.10184471309185,0.245359733700752,0.548706889152527,0.018841309593969
2018-10-20,3.36407446861267,0.137858241796494,1.02449834346771,0.0140792199942923
2018-10-21,3.69992160797119,0.00170456548221409,0.681319773197174,0.012836936421604
2018-10-22,1.79711163043976,0.0514650233089924,0.763884365558624,0.0129404597955576
2018-10-23,4.03364372253418,1.11200485264362e-07,0.713303327560425,0.00793681548525345
2018-10-24,4.21612882614136,1.17044429259749e-07,0.853998184204102,0.00821287867280894
2018-10-25,1.83697462081909,0,0.554606676101685,0.012284810046493
2018-10-26,2.41519093513489,0,0.375840067863464,0.0150799493705608
2018-10-27,0.837826788425446,1.17142178623908e-07,0.315989345312119,0.0123883334204466
2018-10-28,-1.91406834125519,1.41157461257535e-05,0.213295266032219,0.00869598912247917
2018-10-29,-2.82169103622437,0.0178580339998007,0.11642287671566,0.0102833523223714
2018-10-30,-3.81824588775635,0.0926726534962654,0.123560361564159,0.0096622100218196
2018-10-31,-3.44164705276489,0.608313262462616,0.194345816969872,0.00679805477231103
2018-11-01,-5.03936958312988,0.548696875572205,0.275180280208588,
2018-11-02,-4.76355695724487,3.6894633769989,0.288290023803711,
2018-11-03,-7.7305383682251,0.704298496246338,0.1941197514534,
2018-11-04,-11.4084482192993,0.019687021151185,0.126500874757767,
2018-11-05,-14.0380783081055,0.0829792991280556,0.0554574765264988,
2018-11-06,-15.4954700469971,0.0361188761889935,0.0622924640774727,
2018-11-07,-15.3838920593262,0.0228829514235258,0.0342680290341377,
2018-11-08,-15.1786136627197,0.0125801498070359,0.121069423854351,
2018-11-09,-10.8298873901367,0.111891262233257,0.221647411584854,
2018-11-10,-12.8353471755981,0,0.165859043598175,
2018-11-11,-13.8942537307739,0.427358418703079,0.0469079613685608,
2018-11-12,-11.276237487793,1.14697813987732,0.140611067414284,
2018-11-13,-7.76506280899048,0.0598674230277538,0.156169608235359,
2018-11-14,-8.0585241317749,0.471444100141525,0.109557919204235,
2018-11-15,-13.9593305587769,0.709923326969147,0.0549268499016762,
2018-11-16,-20.9617042541504,0.355515271425247,0,
2018-11-17,-18.5395107269287,3.41079878807068,0.1028653383255,
2018-11-18,-15.7182626724243,1.42382788658142,0.065919928252697,
2018-11-19,-11.499062538147,0.329813361167908,0.0851194486021996,
2018-11-20,-8.95998859405518,0.180271506309509,0.124343626201153,
2018-11-21,-7.86780452728271,0.706647992134094,0.0448082312941551,
2018-11-22,-8.03611469268799,0.743248522281647,0.0976846218109131,
2018-11-23,-13.0439224243164,0.274330943822861,0,
2018-11-24,-13.4800701141357,1.91598498821259,0.0422521643340588,
2018-11-25,-12.8893346786499,0.122988559305668,0.0562872178852558,
2018-11-26,-5.31256055831909,2.74216055870056,0.106609798967838,
2018-11-27,-3.7217960357666,0.0558400526642799,0.0765409618616104,
2018-11-28,-4.47497701644897,0.0341711640357971,0.0795951262116432,
2018-11-29,-7.18120670318604,0.953447759151459,0.0131809944286942,
2018-11-30,-10.1241006851196,0.024919243529439,0,
2018-12-01,-11.0536127090454,1.22942364215851,0.00375143601559103,
2018-12-02,-14.6672811508179,0.222864389419556,0,
2018-12-03,-13.3845129013062,0.162852093577385,0,
2018-12-04,-12.5698957443237,2.07944560050964,0.0777119696140289,
2018-12-05,-13.020055770874,0.0917699411511421,0,
2018-12-06,-12.702657699585,0.132320582866669,0.0106507651507854,
2018-12-07,-14.4534158706665,2.62133781347984e-09,0.00605720933526754,
2018-12-08,-11.0165147781372,2.72776006227105e-08,0.170372143387795,
2018-12-09,-9.88390636444092,0.000892435084097087,0.0605527982115746,
2018-12-10,-8.77940845489502,6.91598245339264e-08,0,
2018-12-11,-9.8105583190918,0.279657393693924,0.0257770996540785,
2018-12-12,-5.637375831604,2.61185884475708,0.0571015514433384,
2018-12-13,-7.86883640289307,2.61008524894714,0,
2018-12-14,-10.0283985137939,4.2301139831543,0.0644398778676987,
2018-12-15,-15.1730165481567,3.61508965492249,0.0579413063824177,
2018-12-16,-19.1363658905029,0.78851056098938,0.137962490320206,
2018-12-17,-11.8431692123413,0,0.0193993840366602,
2018-12-18,-9.67058372497559,0.269630193710327,0,
2018-12-19,-8.47501659393311,0,0,
2018-12-20,-10.4665985107422,3.74233460426331,0,
2018-12-21,-9.8549976348877,1.57818198204041,0.10020050406456,
2018-12-22,-18.864501953125,0.0716490894556046,0,
2018-12-23,-21.4295845031738,0.0656704530119896,0.00339588918723166,
2018-12-24,-19.8615627288818,1.80068790912628,0.0846812129020691,
2018-12-25,-20.1369209289551,0.728377401828766,0,
2018-12-26,-21.4371109008789,1.25580453872681,0.0233093723654747,
2018-12-27,-21.3951148986816,0.501993894577026,0.00267356797121465,
2018-12-28,-22.4071578979492,0.809736430644989,0.0674614235758781,
2018-12-29,-18.1345901489258,0.450044274330139,0.0555196739733219,
2018-12-30,-19.4483890533447,0.190633788704872,0,
2018-12-31,-18.4606857299805,2.65107917785645,0.0623469464480877,
2019-01-01,-9.53248310089111,0.817082703113556,0.108569718897343,
2019-01-02,-4.76353216171265,0.140204578638077,0.104130730032921,
2019-01-03,-6.99561214447021,0.0883207991719246,0,
2019-01-04,-14.0748996734619,0.0810453221201897,0,
2019-01-05,-14.3863763809204,3.37753748893738,0.0760558918118477,
2019-01-06,-15.8242177963257,5.85142612457275,0.109333485364914,
2019-01-07,-21.287281036377,1.14047491550446,0.120599791407585,
2019-01-08,-26.6592140197754,0.0664019659161568,0.00146050343755633,
2019-01-09,-25.4695529937744,0.0548812299966812,0.053948562592268,
2019-01-10,-18.7075099945068,0.775109350681305,0.133655980229378,
2019-01-11,-13.4819192886353,0.0277721025049686,0.0963128581643105,
2019-01-12,-11.7559690475464,0.0134078152477741,0,
2019-01-13,-14.4942989349365,0.969764113426208,0.0562261790037155,
2019-01-14,-17.450122833252,0.837265253067017,0.0644206255674362,
2019-01-15,-23.0345878601074,0.119261130690575,0.0154467700049281,
2019-01-16,-23.4050312042236,0.0161326844245195,0.0215716511011124,
2019-01-17,-27.8767642974854,0.184474319219589,0.0398403592407703,
2019-01-18,-22.6423892974854,0.17531244456768,0.144757464528084,
2019-01-19,-19.045036315918,1.25585412979126,0.305530369281769,
2019-01-20,-17.5386047363281,1.23435080051422,0.0660662055015564,
2019-01-21,-18.8422145843506,0.313836604356766,0.00491123832762241,
2019-01-22,-17.6542320251465,4.16122436523438,0.118426121771336,
2019-01-23,-27.1227149963379,0.219669193029404,0.0139563055709004,
2019-01-24,-22.118335723877,0.0314670912921429,0.0611541830003262,
2019-01-25,-15.3179035186768,3.93772053718567,0.106879949569702,
2019-01-26,-8.58111763000488,4.10045671463013,0.106686949729919,
2019-01-27,-9.78678512573242,4.3730788230896,0.141767948865891,
2019-01-28,-21.5748405456543,0.476525396108627,0.0221415460109711,
2019-01-29,-19.8078689575195,1.78307223320007,0.11534408479929,
2019-01-30,-16.8508491516113,4.95900964736939,0.147652357816696,
2019-01-31,-21.5547065734863,0.496525317430496,0.0781896784901619,
2019-02-01,-27.5973072052002,0.280159801244736,0.0587600991129875,
2019-02-02,-28.0256671905518,0.355287343263626,0.0563535913825035,
2019-02-03,-31.5192642211914,0.132990598678589,0.0233731791377068,
2019-02-04,-30.7041187286377,0.297536790370941,0.0406661331653595,
2019-02-05,-28.982400894165,1.24052562000543e-07,0.0476452223956585,
2019-02-06,-28.8038711547852,0.0549927949905396,0.0547572895884514,
2019-02-07,-25.697717666626,0.0485757440328598,0.0620460323989391,
2019-02-08,-27.5545310974121,0.00209021917544305,0.0415908135473728,
2019-02-09,-29.7576198577881,0.0510870181024075,0.0861619636416435,
2019-02-10,-21.7796287536621,0.886771738529205,0.104233749210835,
2019-02-11,-21.8843231201172,0.0658212006092072,0.0733519122004509,
2019-02-12,-25.0229263305664,0.161601543426514,0.0729797780513763,
2019-02-13,-23.182373046875,0.000157302478328347,0.0909244418144226,
2019-02-14,-21.8428039550781,0.0983318760991096,0.114184997975826,
2019-02-15,-18.6014881134033,0.585539102554321,0.135266363620758,
2019-02-16,-19.2178173065186,0.0789446830749512,0.106468960642815,
2019-02-17,-22.4531154632568,0.00344912428408861,0.083859421312809,
2019-02-18,-21.8000736236572,0.0074938228353858,0.216044649481773,
2019-02-19,-16.9213848114014,1.13536810874939,0.174340292811394,
2019-02-20,-17.0576438903809,0.390223473310471,0.167425125837326,
2019-02-21,-18.7465534210205,0.108334973454475,0.202413722872734,
2019-02-22,-19.5621204376221,0.151259735226631,0.18080048263073,
2019-02-23,-22.5225067138672,0.0437183193862438,0.126178801059723,
2019-02-24,-25.2911567687988,0.31910565495491,0.15105527639389,
2019-02-25,-21.3755168914795,0.00494746770709753,0.214865043759346,
2019-02-26,-10.9851293563843,0.140177384018898,0.251955032348633,
2019-02-27,-9.39548873901367,0.374045759439468,0.307516723871231,
2019-02-28,-19.5864505767822,0.192956984043121,0.152548313140869,
2019-03-01,-27.3545532226562,0.0175699610263109,0.142841905355454,0
2019-03-02,-23.6346702575684,0.00176638294942677,0.206400245428085,0
2019-03-03,-17.8810443878174,2.86402883631354e-08,0.339498221874237,0
2019-03-04,-14.2595205307007,0.114978171885014,0.450475513935089,0
2019-03-05,-11.9238367080688,0.020541163161397,0.350948482751846,0
2019-03-06,-15.4865427017212,0.171041220426559,0.358719348907471,0
2019-03-07,-13.8081932067871,0.160289034247398,0.440548002719879,0
2019-03-08,-12.4382209777832,0.00502285035327077,0.459815829992294,0
2019-03-09,-12.6225833892822,0.235751420259476,0.436896711587906,0
2019-03-10,-9.30197715759277,0.066638320684433,0.64029186964035,0
2019-03-11,-2.91075205802917,1.64567826033135e-08,0.71269017457962,0
2019-03-12,-4.46382474899292,0.773146986961365,0.624087035655975,0
2019-03-13,-5.09282970428467,0.0209643486887217,0.493653476238251,0
2019-03-14,-6.13869333267212,1.19178664684296,0.696263551712036,0
2019-03-15,-1.50283467769623,0.256061106920242,0.686393260955811,0
2019-03-16,-2.82573580741882,0.0396529249846935,0.782381653785706,0
2019-03-17,-0.187589555978775,7.82944043749012e-05,1.01823627948761,0
2019-03-18,4.85340213775635,0.0188203267753124,1.16219770908356,0
2019-03-19,7.95533514022827,0.037435743957758,1.27574360370636,0
2019-03-20,6.53025245666504,0.0992719531059265,1.22110164165497,0
2019-03-21,6.01798582077026,0.247700110077858,1.18919360637665,0
2019-03-22,6.16479015350342,0.0197634976357222,1.25590920448303,0.000379586818612859
2019-03-23,0.429755240678787,0.0058334618806839,0.764051973819733,0.00141482364339408
2019-03-24,-1.24072599411011,1.62763408297906e-05,1.04089367389679,0.00169088670239766
2019-03-25,2.50015068054199,0.0552363246679306,1.19489705562592,0.0029676788805659
2019-03-26,1.41291701793671,0.635275542736054,0.74910032749176,0.00869598912247917
2019-03-27,0.558008432388306,0.0605069510638714,0.789611637592316,0.0114566199696188
2019-03-28,-0.0487872138619423,0.038451436907053,0.98902702331543,0.0184962309951803
2019-03-29,-1.0756893157959,0.325914800167084,0.789702653884888,0.0285725355412294
2019-03-30,-1.08862447738647,0.0781301483511925,0.978751182556152,0.038993918686067
2019-03-31,-1.85816061496735,0.495102435350418,1.05725502967834,0.0510716819846531
2019-04-01,-0.851132750511169,0.986784160137177,1.07603240013123,0.053832310774962
2019-04-02,-6.91028165817261,0.0477912202477455,1.00376272201538,0.0562478650801438
2019-04-03,-11.1560554504395,1.99327790737152,0.561333119869232,0.0621142053732116
2019-04-04,-12.2274217605591,0.280933141708374,0.761387825012207,0.0617691267744232
2019-04-05,-8.87604904174805,0.379754036664963,1.01574671268463,0.0666002312711252
2019-04-06,-3.09862923622131,0.0554560609161854,0.990190923213959,0.073501815587882
2019-04-07,-0.948414385318756,0.820073246955872,0.974174439907074,0.0817837019588088
2019-04-08,3.68425559997559,0.455535113811493,1.58655893802643,0.0835091031800749
2019-04-09,5.12826299667358,0.187884926795959,1.83985567092896,0.0852344961740179
2019-04-10,5.95881509780884,0.612046837806702,1.92606198787689,0.084199260377652
2019-04-11,6.22219562530518,1.82817661762238,1.77100229263306,0.0814386233600204
2019-04-12,5.28603363037109,0.851675868034363,1.93236100673676,0.0776427587733454
2019-04-13,5.21561813354492,0.808955430984497,1.91315102577209,0.0693608641750957
2019-04-14,2.97225546836853,0.133889764547348,1.64439916610718,0.0572831008765096
2019-04-15,1.67059814929962,0.0283716674894094,1.86187613010407,0.0828189459824974
2019-04-16,2.57727813720703,0.512191891670227,2.05713701248169,0.142862671535655
2019-04-17,5.22878980636597,0.624014496803284,2.2339301109314,0.206357199531344
2019-04-18,5.40909099578857,0.183517843484879,2.2221884727478,0.18841309593969
2019-04-19,7.00417137145996,0.261537462472916,2.79315114021301,0.170123905521924
2019-04-20,3.36604571342468,1.76263952255249,1.80098080635071,0.183927065928115
2019-04-21,4.1962776184082,0.115933284163475,2.63003540039063,0.206357199531344
2019-04-22,5.66913080215454,2.03230834007263,2.10486912727356,0.225681617518152
2019-04-23,5.28017234802246,1.27111065387726,2.65864062309265,0.220160359937534
2019-04-24,3.35376167297363,0.419855684041977,2.59698724746704,0.223266059099309
2019-04-25,0.903396487236023,1.02685880661011,1.80243360996246,0.22947749033215
2019-04-26,-0.569636404514313,0.182873278856277,2.13694596290588,0.217744801518691
2019-04-27,-1.23838341236115,0.087476022541523,2.04713463783264,0.205321955507655
2019-04-28,0.157915070652962,0.100812032818794,2.09254956245422,0.178750878718963
2019-04-29,-2.46869659423828,0.753375828266144,1.42132782936096,0.156320761570379
2019-04-30,-9.57256031036377,0.0910111293196678,1.49934864044189,0.140792199942923
2019-05-01,-6.52414655685425,0.464038342237473,1.67898344993591,0.12250301775248
2019-05-02,-3.94896864891052,1.95970487594605,1.38434970378876,0.106974464352347
2019-05-03,-5.69820499420166,1.09112203121185,1.42241585254669,0.102488442568095
2019-05-04,-3.07980298995972,0.176678851246834,2.12406325340271,0.095931940963788
2019-05-05,0.14132584631443,0.513833165168762,1.83247244358063,0.0904106751558471
2019-05-06,2.20380759239197,0.000951201131101698,2.43107604980469,0.0886852821619042
2019-05-07,4.71062421798706,0.474759042263031,2.96293163299561,0.0938614693710563
2019-05-08,11.2067642211914,0.441768825054169,3.25856280326843,0.0914459191795358
2019-05-09,11.887996673584,0.702280879020691,3.60152196884155,0.0855795747728066
2019-05-10,8.02937889099121,0.0546272695064545,3.22224283218384,0.0897205179582701
2019-05-11,9.09947872161865,0.651613235473633,3.78624892234802,0.115256358950596
2019-05-12,9.40439796447754,1.54675686359406,3.69334936141968,0.180821350311694
2019-05-13,4.16180992126465,0.984022736549377,1.66198968887329,0.201181012322191
2019-05-14,4.48688697814941,0.429421633481979,2.54094314575195,0.211878457111962
2019-05-15,2.78558254241943,0.0507426373660564,3.18316698074341,0.211533386740496
2019-05-16,3.98163986206055,0,3.7250247001648,0.203596570741035
2019-05-17,8.91868782043457,0,4.46611547470093,0.193589283148842
2019-05-18,11.6140184402466,0,4.93541526794434,0.180476279940229
2019-05-19,11.682258605957,2.02075156607862e-08,5.06998920440674,0.165637891964995
2019-05-20,11.8916711807251,4.90642086958815e-08,5.08347272872925,0.153215045953959
2019-05-21,13.8156719207764,0.000642018509097397,4.80159425735474,0.143552828733232
2019-05-22,13.2184209823608,0.175361379981041,4.36366176605225,0.137341413955037
2019-05-23,10.5243854522705,0.102350130677223,4.2767481803894,0.131820148147096
2019-05-24,9.97505664825439,0.152946397662163,4.50150728225708,0.129404597955576
2019-05-25,7.95706033706665,0.0375128351151943,4.5166130065918,0.127679204961633
2019-05-26,11.1349678039551,0.375000238418579,5.34854984283447,0.125263654770112
2019-05-27,15.3817186355591,0.0478622019290924,4.60797786712647,0.120777624758537
2019-05-28,19.2524929046631,0.0995882153511047,6.51923227310181,0.113185887357865
2019-05-29,18.1697273254395,0.179721832275391,6.06490755081177,0.106974464352347
2019-05-30,7.06444835662842,0.129381835460663,3.65951251983643,0.10110812817294
2019-05-31,9.2585973739624,1.69023704528809,3.28179383277893,0.0997278137777854
2019-06-01,9.87874221801758,4.39374399185181,3.12893199920654,0.101798285370518
2019-06-02,10.5005626678467,2.06684708595276,3.67741823196411,0.0993827351789971
2019-06-03,8.91693592071533,3.34778141975403,2.877361536026,0.0928262335746904
2019-06-04,6.56432247161865,0.364103317260742,2.42953824996948,0.0914459191795358
2019-06-05,4.79401302337646,0.874775886535645,1.82606661319733,0.0976573339577309
2019-06-06,3.79278779029846,0.236969098448753,2.55742573738098,0.0952417837662108
2019-06-07,3.30564212799072,0.462393879890442,2.29058742523193,0.115256358950596
2019-06-08,4.28029108047485,1.01051294803619,2.80115938186646,0.115946516148174
2019-06-09,7.30789613723755,0.37199205160141,3.65436434745789,0.108354786974824
2019-06-10,7.66258668899536,0.00330167007632554,4.40099906921387,0.10110812817294
2019-06-11,10.2611246109009,0.258027404546738,4.73678159713745,0.0907557619819587
2019-06-12,15.1854982376099,0.13673909008503,5.0065450668335,0.084199260377652
2019-06-13,16.5451240539551,3.1606433391571,3.56852173805237,0.0797132303660771
2019-06-14,13.5650205612183,1.9203188419342,3.10101938247681,0.0769526015757682
2019-06-15,15.5669994354248,0.111381739377975,4.53638172149658,0.0731567287617704
2019-06-16,17.6270847320557,0.107585422694683,5.66605234146118,0.0714313357678274
2019-06-17,19.4951591491699,0.327521532773972,6.06873512268066,0.0697059427738841
2019-06-18,16.4304618835449,2.59340167045593,3.56424808502197,0.072811650162982
2019-06-19,12.0109872817993,0.616822004318237,3.64379668235779,0.073501815587882
2019-06-20,10.8699426651001,2.1971583366394,3.07689642906189,0.0724665715641933
2019-06-21,10.0041761398315,14.424222946167,1.78821682929993,0.0741919727854591
2019-06-22,12.9046068191528,3.36256766319275,2.98978495597839,0.0783329159709225
2019-06-23,13.387547492981,7.6346287727356,2.78150749206543,0.245351122331072
2019-06-24,14.2632875442505,4.51139211654663,2.74871206283569,1.32165226745884
2019-06-25,14.3866262435913,7.66863203048706,3.50418305397034,1.05249073003868
2019-06-26,14.5518341064453,0.00248495512641966,4.62773132324219,0.935163907722675
2019-06-27,13.4454202651978,3.03112101554871,2.49207997322083,1.02143363969306
2019-06-28,13.5857286453247,3.2571702003479,3.89851093292236,0.900656014934522
2019-06-29,14.5010805130005,4.58799886703491,3.65186929702759,0.786779929242465
2019-06-30,11.4848871231079,0.548245489597321,2.13789653778076,0.907557554001002
2019-07-01,5.97664070129395,10.2775363922119,1.27596890926361,0.980024142019844
2019-07-02,9.9655294418335,2.4182288646698,1.93602526187897,0.848894175752292
2019-07-03,11.7762689590454,1.89787089824677,2.97318720817566,0.883402068540445
2019-07-04,12.1527051925659,0.343859046697617,1.97916483879089,1.10770330584486
2019-07-05,13.6087818145752,0.0927174091339111,4.47985792160034,0.993827285971386
2019-07-06,15.2208633422852,0.381879270076752,3.83107209205627,0.84199257086723
2019-07-07,12.9347057342529,0.179206296801567,3.91766285896301,0.728116550993754
2019-07-08,8.2231616973877,0.112906411290169,2.8511700630188,0.648748358089851
2019-07-09,8.52915382385254,0.0591083727777004,3.0833752155304,0.58663417739861
2019-07-10,13.0400075912476,0.999548614025116,3.97840452194214,0.54177391019215
2019-07-11,14.4455900192261,0.00385092059150338,5.12409496307373,0.507266017403997
2019-07-12,12.8486375808716,0.512505054473877,2.57961487770081,0.479659696591618
2019-07-13,11.9707622528076,0.0856228470802307,2.68751263618469,0.448602606245995
2019-07-14,13.1092176437378,0.136397749185562,3.30583691596985,0.427897857409388
2019-07-15,13.7992525100708,0.0174775961786509,4.79140138626099,0.420996285433613
2019-07-16,17.2204875946045,0.000439522933447734,5.03001260757446,0.407193141482071
2019-07-17,16.3549880981445,0.718304455280304,4.42228221893311,0.389939195087994
2019-07-18,17.295202255249,5.08659934997559,4.1240725517273,0.376136018227158
2019-07-19,16.2029571533203,1.13472604751587,4.20996141433716,0.365783676718143
2019-07-20,16.2387351989746,0.0355784893035889,4.63294744491577,0.362332874275612
2019-07-21,18.0733470916748,0.00690953060984612,5.12555932998657,0.372685248693917
2019-07-22,19.3434562683105,0.102946393191814,4.75947189331055,0.389939195087994
2019-07-23,19.5302772521973,0.872510731220245,4.29870653152466,0.365783676718143
2019-07-24,18.7133502960205,0.101277261972427,4.06305027008057,0.348529730324066
2019-07-25,18.1075687408447,15.3852758407593,3.01350355148315,0.351980499857306
2019-07-26,15.0325155258179,8.05149650573731,2.58276700973511,0.376136018227158
2019-07-27,13.4365901947021,2.99153470993042,1.39824676513672,0.420996285433613
2019-07-28,10.6178827285767,1.12710750102997,2.57625436782837,0.448602606245995
2019-07-29,13.1660089492798,2.38112902641296,3.17050218582153,0.49001207100992
2019-07-30,12.7121200561523,1.57221484184265,3.51836276054382,0.545224712634685
2019-07-31,11.6141920089722,0.97733473777771,3.0567193031311,0.572831033447064
2019-08-01,12.3289041519165,3.8452832698822,2.98026728630066,0.548675482167925
2019-08-02,15.1893310546875,1.21240246295929,2.92802143096924,0.503815247870757
2019-08-03,15.5854091644287,1.40454196929932,3.17750406265259,0.472758124615843
2019-08-04,16.4358730316162,4.2463812828064,3.01921319961548,0.445151803803465
2019-08-05,14.2037782669067,3.17553305625916,1.56812381744385,0.431348659851919
2019-08-06,9.64381790161133,0.256375193595886,2.81205987930298,0.410643911015311
2019-08-07,10.8368358612061,1.48075795173645,2.76124382019043,0.396840767063765
2019-08-08,9.70703125,4.55868148803711,0.648786425590515,0.393389964621234
2019-08-09,8.08145713806152,3.3249409198761,2.32581281661987,0.376136018227158
2019-08-10,8.6867790222168,0.00545028736814857,3.06800389289856,0.362332874275612
2019-08-11,11.5121259689331,0.0283730532974005,3.29907512664795,0.348529730324066
2019-08-12,12.8982486724854,0.0648940205574036,3.4807550907135,0.330930697103879
2019-08-13,13.5778646469116,0.477802455425263,3.51703715324402,0.321613550254618
2019-08-14,16.812629699707,0.246676251292229,3.3712043762207,0.309190720698227
2019-08-15,14.4611034393311,30.2161083221436,1.73574233055115,0.296767891141837
2019-08-16,9.35442352294922,3.87709283828735,1.50249004364014,0.308500547046004
2019-08-17,5.36575126647949,0.226386651396751,2.5006799697876,0.333001152241965
2019-08-18,5.95160627365112,0.111461065709591,0.974252045154572,0.362332874275612
2019-08-19,7.16843366622925,0.330259263515472,1.58036363124847,0.389939195087994
2019-08-20,9.16555500030518,0.0515887476503849,2.42223525047302,0.372685248693917
2019-08-21,15.7821321487427,0.277840882539749,3.80698013305664,0.345078927881535
2019-08-22,13.2990789413452,1.74456238746643,1.43495988845825,0.326444667092304
2019-08-23,8.92163848876953,2.21827077865601,1.07887053489685,0.321268496337797
2019-08-24,11.7209053039551,3.236328125,2.38489651679993,0.310916121919493
2019-08-25,11.4353523254395,9.44147777557373,1.83282268047333,0.286760603549644
2019-08-26,11.5750141143799,5.06125736236572,1.41144692897797,0.285380289154489
2019-08-27,9.83040142059326,8.87794589996338,1.82612931728363,0.282619627454889
2019-08-28,10.5735034942627,2.80088758468628,1.82159996032715,0.309190720698227
2019-08-29,9.58360385894775,0.714105784893036,2.47167801856995,0.322993864649772
2019-08-30,10.4983558654785,6.38709592819214,2.29453921318054,0.321268496337797
2019-08-31,8.88626956939697,2.09413385391235,1.11575102806091,0.314021837535913
2019-09-01,8.23483371734619,0.575303852558136,1.51861846446991,0.312296436314647
2019-09-02,9.30403709411621,4.23058557510376,1.57700979709625,0.317817693895265
2019-09-03,12.4280309677124,1.82502388954163,2.01002240180969,0.318162780721377
2019-09-04,11.2649478912354,20.4639797210693,0.102244451642036,0.316437379500111
2019-09-05,10.5457229614258,1.89483022689819,1.4598696231842,0.314021837535913
2019-09-06,9.60442924499512,1.01467049121857,1.64667510986328,0.317817693895265
2019-09-07,9.05678558349609,2.15413379669189,0.867804050445557,0.345078927881535
2019-09-08,7.00242900848389,0.0943655371665955,1.68757152557373,0.372685248693917
2019-09-09,7.00210905075073,0.234387993812561,2.23464512825012,0.445151803803465
2019-09-10,6.82987451553345,0.10843313485384,2.23716902732849,0.555577087052987
2019-09-11,6.60086584091187,0.09384735673666,1.78628730773926,0.507266017403997
2019-09-12,10.0309076309204,0.0115771880373359,2.13981413841248,0.462405750197541
2019-09-13,11.3564329147339,1.44879412651062,1.21392238140106,0.427897857409388
2019-09-14,10.5807237625122,0.258583605289459,1.93712067604065,0.403742339039536
2019-09-15,9.1400203704834,11.5433435440063,0.770822405815125,0.383037623112219
2019-09-16,5.78587579727173,12.8718185424805,0.19797271490097,0.396840767063765
2019-09-17,5.85631465911865,0.455655872821808,0.905720829963684,0.400291569506296
2019-09-18,6.61027336120605,0.211520120501518,1.76969337463379,0.534872338216379
2019-09-19,7.79072856903076,0.535488367080689,1.18852913379669,0.662551567859982
2019-09-20,8.33115386962891,0.493620455265045,0.922073721885681,0.621142070186763
2019-09-21,9.12914276123047,0.131980359554291,1.80821645259857,0.579732572513544
2019-09-22,10.7805757522583,0.292825371026993,1.88996422290802,0.548675482167925
2019-09-23,8.84918117523193,2.80750799179077,1.34092557430267,0.531421535773848
2019-09-24,6.27380800247192,2.77169847488403,1.13200950622559,0.517618391822302
2019-09-25,4.32857370376587,0.260468572378159,1.07307839393616,0.483110499034149
2019-09-26,2.36685490608215,0.286811977624893,1.03794586658478,0.452053408688526
2019-09-27,1.02902579307556,0.518809080123901,0.913631319999695,0.431348659851919
2019-09-28,-0.85406619310379,0.146994054317474,0.745794475078583,0.410643911015311
2019-09-29,-1.56146049499512,0,1.07882487773895,0.389939195087994
2019-09-30,-0.172724589705467,0,1.04189693927765,0.365783676718143
2019-10-01,5.32664489746094,0,1.31815731525421,0.348529730324066
2019-10-02,6.8085412979126,0,1.36174857616425,0.331965924672922
2019-10-03,7.6268162727356,0.0029903796967119,1.40887498855591,0.32817006831357
2019-10-04,5.81741428375244,5.76973533630371,0.771936297416687,0.314021837535913
2019-10-05,4.00964260101318,0.886269271373749,0.60203355550766,0.311951349488536
2019-10-06,5.45422554016113,0.0422355309128761,1.26019203662872,0.306085005081807
2019-10-07,1.12784540653229,3.83746767044067,0.704674124717712,0.299183433106034
2019-10-08,-3.55848264694214,2.66784429550171,0.703648149967194,0.294352316268348
2019-10-09,-4.41511726379395,0.0855086520314217,0.733865141868591,0.292972001873193
2019-10-10,-1.31611669063568,0.0386114157736301,0.703612387180328,0.237414306331611
2019-10-11,0.646064341068268,7.74908548919484e-05,0.997341871261597,0.220505430309
2019-10-12,3.72552585601807,0.00689570652320981,0.781255960464478,0.232583189493925
2019-10-13,1.57510828971863,0.185713917016983,0.588260889053345,0.237414306331611
2019-10-14,-1.13889408111572,0.0386437885463238,0.412502378225327,0.226716861541841
2019-10-15,-3.60220980644226,4.62069892883301,0.398357570171356,0.219470202739957
2019-10-16,-0.0312900431454182,1.23376655578613,0.301148653030396,0.202561326717346
2019-10-17,1.01993000507355,10.0133390426636,0.0540930293500423,0.214294015530805
2019-10-18,0.574016928672791,0.489113211631775,0.258307069540024,0.238449533900654
2019-10-19,-1.76053905487061,1.7193911075592,0.36030974984169,0.230512717901193
2019-10-20,-1.97003865242004,0.211098432540894,0.256725698709488,0.225681617518152
2019-10-21,-1.43412339687347,0.190273568034172,0.297431111335754,0.21878004554238
2019-10-22,-0.294424206018448,0.000583388027735055,0.202834129333496,0.20980798551923
2019-10-23,-1.27704513072968,0.684831261634827,0.264534324407578,0.204976885136189
2019-10-24,0.591473340988159,0.194285959005356,0.451795697212219,0.200145784753148
2019-10-25,-2.40175247192383,0.149874985218048,0.345392733812332,0.191863881927576
2019-10-26,-7.91386699676514,0.185398235917091,0.356175303459168,0.145623300325964
2019-10-27,-7.51172590255737,1.37022078037262,0.36024010181427,0.115601437549385
2019-10-28,-10.1507902145386,0.171258762478828,0.244776472449303,0.0804033875636542
2019-10-29,-12.250316619873,0,0.365713238716126,0.0797132303660771
2019-10-30,-3.85541582107544,0.72070974111557,0.174655437469482,0.0793681517672884
2019-10-31,0.324405819177628,0.0456442944705486,0.0990434437990189,0.0724665715641933
2019-11-01,-1.65196096897125,0.263205885887146,0.0509065985679627,
2019-11-02,-3.16607975959778,0.265121966600418,0.178093791007996,
2019-11-03,-7.34669637680054,0.0950777232646942,0.174012094736099,
2019-11-04,-12.5483655929565,0.438204646110535,0.116921991109848,
2019-11-05,-12.6702823638916,0.495466321706772,0.182963252067566,
2019-11-06,-15.5687131881714,0.295948654413223,0.088130846619606,
2019-11-07,-13.7465677261353,0.865854740142822,0.217772528529167,
2019-11-08,-11.6621179580688,0.375982075929642,0.21360856294632,
2019-11-09,-17.8452682495117,0.105124369263649,0.118923991918564,
2019-11-10,-21.2349624633789,0,0.0730205178260803,
2019-11-11,-17.4407081604004,0,0.147180542349815,
2019-11-12,-12.7285575866699,0.105965256690979,0.0932411253452301,
2019-11-13,-11.693546295166,1.82090485095978,0.122942544519901,
2019-11-14,-15.3295803070068,3.18585109710693,0.177662774920464,
2019-11-15,-11.406792640686,1.06600797176361,0.0689839199185371,
2019-11-16,-9.42636489868164,0.388662338256836,0.0224120691418648,
2019-11-17,-6.68691873550415,1.05313789844513,0.0476960130035877,
2019-11-18,-10.8835334777832,1.12244868278503,0.0271820556372404,
2019-11-19,-15.464545249939,0.415635287761688,0.0512344390153885,
2019-11-20,-11.2098903656006,0.0904277041554451,0.0669076219201088,
2019-11-21,-5.85525465011597,0.0241442192345858,0.0650158450007439,
2019-11-22,-2.50228333473206,0.370454102754593,0,
2019-11-23,-0.978116691112518,0.126815810799599,0,
2019-11-24,-5.3620491027832,0.0028343410231173,0,
2019-11-25,-10.2215967178345,0.00891303643584251,0.0377817675471306,
2019-11-26,-12.7967138290405,0.9343022108078,0.091826967895031,
2019-11-27,-15.1175336837769,0.325013905763626,0,
2019-11-28,-17.1843643188477,0.0837850868701935,0.0362465791404247,
2019-11-29,-13.244987487793,0,0.0735865235328674,
2019-11-30,-12.714075088501,0,0.113003507256508,
2019-12-01,-10.4345684051514,0.958019256591797,0.111531391739845,
2019-12-02,-8.60335254669189,0.257160246372223,0.00417024130001664,
2019-12-03,-9.40421962738037,0.410309642553329,0,
2019-12-04,-17.7728824615479,0.214735776185989,0,
2019-12-05,-16.2175922393799,0.677846550941467,0.0113019160926342,
2019-12-06,-17.3826942443848,1.49556148052216,0.0135402074083686,
2019-12-07,-22.2600212097168,0.0354271195828915,0,
2019-12-08,-20.2709007263184,0.0748909637331963,0.0138023560866714,
2019-12-09,-24.0281658172607,1.28859187498165e-06,0,
2019-12-10,-24.2112293243408,0,0.0243606269359589,
2019-12-11,-23.966100692749,0.0161230806261301,0.0514214895665646,
2019-12-12,-29.6100387573242,0,0.0157031621783972,
2019-12-13,-27.319917678833,1.59618496894836,0.0798429176211357,
2019-12-14,-22.5880126953125,0.04654735699296,0,
2019-12-15,-22.8237361907959,0.0210003070533276,0.00714971264824271,
2019-12-16,-23.924617767334,0.0236286744475365,0.00479906657710671,
2019-12-17,-17.3858776092529,11.3614912033081,0.0899999365210533,
2019-12-18,-20.3647537231445,3.0799515247345,0.0621569231152535,
2019-12-19,-18.3665332794189,1.58942401409149,0.108371868729591,
2019-12-20,-15.3644437789917,0.423343479633331,0.0238693486899138,
2019-12-21,-14.2631893157959,0.954563140869141,0.0451355166733265,
2019-12-22,-15.7815990447998,0.172722369432449,0,
2019-12-23,-15.8304710388184,0.02126887999475,0,
2019-12-24,-15.1140279769897,0.349680513143539,0.0085128229111433,
2019-12-25,-10.2593765258789,0.332845598459244,0.0108733931556344,
2019-12-26,-13.1714286804199,0.153623715043068,0.0247665792703629,
2019-12-27,-13.7269468307495,0.00369853503070772,0,
2019-12-28,-13.3060617446899,0.125462830066681,0.0978236645460129,
2019-12-29,-10.4395427703857,0.0940462052822113,0,
2019-12-30,-12.0047550201416,0.000197696586837992,0,
2019-12-31,-9.92563629150391,0.570725739002228,0.027319910004735,
