"pred_beta"
0.108813252274146
0.0269429406626091
0.0137780370695985
0.0108786440520102
0.0123347262990124
0.00932234057828545
0.00948205604319077
0.00614540935339271
0.00783648010360092
0.00345152465160583
0.00833285838979329
0.0118162816597856
0.00848998711375105
0.00793713079090518
0.00468297347465839
0.00702050655857681
0.00678103031001586
0.00655933720999011
0.00665246909503671
0.00337456328906841
0.00636221108997961
0.00425097630532264
0.00834317745767625
0.00427787577221425
0.00257422046519562
0.0089189225809361
0.000858775898638463
0.00132331048489618
0.000150083280002315
0.00483873706294734
0.00698152013816139
0.00276380340300161
0.00817845768110466
0.00511993556003386
0.00546526508139956
0.00393816758441387
0.00362705634231637
0.00023896557903499
0.00285601257007894
0.00176902039164915
0.00465555404841047
0.00184148364771014
0.00738032379323812
0.00723763493579261
0.00471905765995903
-0.00026472448487595
0.00290486680141891
0.00668618680911355
0.0054411270742221
0.0111810979327098
0.00309269027466711
0.0027785799985209
0.00113562207015874
0.000138799622229819
0.00103090504653665
0.000222924122721289
-0.000785583228156467
1.37845213698101e-05
-0.000849555916143144
-0.00103994949837446
0.000587243502328084
0.0011385673640131
0.00059518283242939
0.00119151635082243
0
0
0
0
0
0
0
0
0
0
0
0
0
0
0
0
0
0
0
0
0
0
0
0
0
0
0
0
0
0
0
0
0
0
0
0
0
0
0
0
0
0
0
0
0
0
0
0
0
0
0
0
0
0
0
0
0
0
0
0
0
0
0
0
0
0
0
0
0
0
0
0
0
0
0
0
0
0
0
0
0
0
0
0
0
0
0.109524845012508
0.0270028132105596
0.0139812981201815
0.0109495025265778
0.0124635577394818
0.00957310968835281
0.00951935122360673
0.00613658969114385
0.00772673192489985
0.00353619553938488
0.00838782763037642
0.0118459062132699
0.00851977979066815
0.00813671416821518
0.00463281318803152
0.00670377147005321
0.00690645355060031
0.00683408157999377
0.00667321729335199
0.00346708282040728
0.00663621341393021
0.00424791512783148
0.008250357330224
0.0040902118545761
0.00230759013497479
0.00852275958878189
0.000647261200758664
0.00120072209967226
0.000105476550090576
0.00470067025280286
0.00705839324927973
0.0028123231233287
0.00793683843044473
0.00498894554307995
0.00561651935486711
0.00416799617292282
0.0039889793551355
0.00051682667445229
0.00304867956066709
0.00195364329124056
0.00509275350601705
0.00199230021182107
0.0077058779968611
0.00744976124328594
0.00508256439943401
-0.000227122882695085
0.00304702048086796
0.00708636315123071
0.00569671024938827
0.0113077625203238
0.00310721806409439
0.00285134865066882
0.00118112334979049
8.21657540620227e-05
0.00119428759473982
0.000252651941259298
-0.000862579146565924
6.15360234413326e-05
-0.000925832233611361
-0.00109620187387428
0.000787041798877848
0.00141496290594784
0.000837438810141181
0.00159040823611289
0
0
0
0
0
0
0
0
0
0
0
0
0
0
0
0
0
0
0
0
0
0
0
0
0
0
0
0
0
0
0
0
0
0
0
0
0
0
0
0
0
0
0
0
0
0
0
0
0
0
0
0
0
0
0
0
0
0
0
0
0
0
0
0
0
0
0
0
0
0
0
0
0
0
0
0
0
0
0
0
0
0
0
0
0
0
0.110028127361796
0.02710574437703
0.0142134382668268
0.0110530261419845
0.0126829639835786
0.00989707642907957
0.00970114925461353
0.00634169392736203
0.0077590245173523
0.00371617420229081
0.00856977225064213
0.0115490404181736
0.00842377865161551
0.00833261130152236
0.00461681266564511
0.00636503424059233
0.0069385500408729
0.00698377879553061
0.0067510395750777
0.00331934815919181
0.00667677739049983
0.00418597160105669
0.00817120399171497
0.00396992922873262
0.00214476216276413
0.00817079549389521
0.000461541093826675
0.00109444914044141
0.000133974926208198
0.00458502751654883
0.00712965456873879
0.00286372373143884
0.00771111387183265
0.00488842913901335
0.00576265970091529
0.00435489355318269
0.00434466524349396
0.000796466523177945
0.00323629276893118
0.00207704975272209
0.00541514928169327
0.00222214662167386
0.00802434525372381
0.00767178474783221
0.00543526737464214
-0.000130320123292916
0.00316202899517259
0.00749451790075066
0.00592427799238758
0.0112067986023316
0.00306425214676335
0.00287237374803118
0.00118570671035027
2.39294306572814e-05
0.00140332340703883
0.000343349998064959
-0.000917205088742728
0.000108161608289
-0.000941903942773659
-0.00107443027614132
0.00106384336765706
0.00181757671393272
0.00111299800880446
0.00204105609460422
0
0
0
0
0
0
0
0
0
0
0
0
0
0
0
0
0
0
0
0
0
0
0
0
0
0
0
0
0
0
0
0
0
0
0
0
0
0
0
0
0
0
0
0
0
0
0
0
0
0
0
0
0
0
0
0
0
0
0
0
0
0
0
0
0
0
0
0
0
0
0
0
0
0
0
0
0
0
0
0
0
0
0
0
0
0
0.110468852859941
0.0272252745531605
0.0144373699977038
0.0111341319926763
0.0128329939072473
0.0102503640802788
0.00999071156533724
0.00661912221272672
0.00797325019659734
0.00397587840512279
0.00867590430313333
0.0113112123572228
0.00835500796841865
0.00847144758872224
0.0043858756922865
0.00598331356325022
0.00688141415160021
0.00700543978631257
0.00662618712894409
0.0033389203174394
0.00694060179889925
0.00419211347161594
0.00810309011057561
0.00365981495222513
0.00203393164907783
0.00793181326988509
0.000288288818554494
0.00101964167867013
0.00015173774684305
0.00449419435049567
0.00713095316944232
0.00288306798515166
0.00742947721577795
0.00478349519296928
0.00590475444132577
0.00449914405851593
0.00450431460050428
0.00104291487679072
0.00348772165968984
0.00215352534411052
0.00546568555168709
0.00250083355200966
0.00836879852041534
0.00780166207576299
0.00582443812891131
1.60364582132504e-05
0.00330909746044452
0.00773697534016442
0.00604827433006167
0.0112108307516628
0.00306701821235243
0.00295180954773632
0.00121900103459377
1.41467632176121e-05
0.00163014301020978
0.000525222873734715
-0.000846234602803386
0.000237908273208809
-0.000965297521863748
-0.001008471129053
0.00132952098763887
0.00226003057801257
0.00142056083130736
0.00246594682300324
0.00119095443461214
0
0
0
0
0
0
0
0
0
0
0
0
0
0
0
0
0
0
0
0
0
0
0
0
0
0
0
0
0
0
0
0
0
0
0
0
0
0
0
0
0
0
0
0
0
0
0
0
0
0
0
0
0
0
0
0
0
0
0
0
0
0
0
0
0
0
0
0
0
0
0
0
0
0
0
0
0
0
0
0
0
0
0
0
0
0.110306654473167
0.0271306587676844
0.0146583405042397
0.0111577820591457
0.0128625435994986
0.0105707607569143
0.0103610549004878
0.00695538679059084
0.00800259796959152
0.00415648319030508
0.00847870067730521
0.0107508946351582
0.0082551281103656
0.00868044508460419
0.0041695648060544
0.00571279187431881
0.00691675563211398
0.00678816913361599
0.00658218668437659
0.00339656772625144
0.00704962077753311
0.00431753139607465
0.00803615266860102
0.00345494695743753
0.00190017720102544
0.00777164880336385
0.000262901031778432
0.00100898074636487
0.000193076545786622
0.00427773436765092
0.00715143964044024
0.00282272541022657
0.00714842791396596
0.00470762597008632
0.00611038242318998
0.00472014701385957
0.00473614042348515
0.00131495234718767
0.0037806289606527
0.00227302227592407
0.00552241097023331
0.00259341918099246
0.00845602815886598
0.00750030066667778
0.00601913272186383
0.000191385282581224
0.00342465498133736
0.00784528939423251
0.00612295366164861
0.0111150234088707
0.00317240106988413
0.0031159120156097
0.00131707524414824
6.80514008724351e-05
0.00189892721511142
0.000724617674794846
-0.000710699954107734
0.00045476726927812
-0.000967261625915766
-0.00111384895395599
0.00137046144081104
0.00235769676951101
0.00147756802186723
0.00258658008407594
0.00140374943483958
0
0
0
0
0
0
0
0
0
0
0
0
0
0
0
0
0
0
0
0
0
0
0
0
0
0
0
0
0
0
0
0
0
0
0
0
0
0
0
0
0
0
0
0
0
0
0
0
0
0
0
0
0
0
0
0
0
0
0
0
0
0
0
0
0
0
0
0
0
0
0
0
0
0
0
0
0
0
0
0
0
0
0
0
0
0.110108579871201
0.0268545983545251
0.0149042414127134
0.0112533184178531
0.0128420190662449
0.0107929345543924
0.0106590067540026
0.0072159642584519
0.00810932019526706
0.00438092438279062
0.00836477319674321
0.0101150940231847
0.00808744577379658
0.00891746473640167
0.00403387341281111
0.00550480251931779
0.0070697901718268
0.00669543970409815
0.00652920847449592
0.00349625254656759
0.00718534214330775
0.00454203349680698
0.00819283517411025
0.00337518205040155
0.00177079345935847
0.00742708472218809
0.000191931935016557
0.00107746974545489
0.000223755940158961
0.00402561963238193
0.00712726903266078
0.00279597257580508
0.00679108747483555
0.00465031290885803
0.00630587387047279
0.00489953606586707
0.00501866548070564
0.00157280780143272
0.00399057809384657
0.00229444173410022
0.00556190221375834
0.00265445398505886
0.00850468201425548
0.00718301543591277
0.00592223657806487
0.000298908331718477
0.00365031308394868
0.00793159725147347
0.00619449471420479
0.0109999737680948
0.0032562567561049
0.00327597605280979
0.00142583150959328
8.54658627151465e-05
0.0020654850441957
0.000901759520515818
-0.000555132710232034
0.000597152556405367
-0.00090902511235176
-0.00116937561170901
0.00131360196570644
0.00241591196213977
0.00142275023924837
0.00264335241837977
0.00159308227470395
0
0
0
0
0
0
0
0
0
0
0
0
0
0
0
0
0
0
0
0
0
0
0
0
0
0
0
0
0
0
0
0
0
0
0
0
0
0
0
0
0
0
0
0
0
0
0
0
0
0
0
0
0
0
0
0
0
0
0
0
0
0
0
0
0
0
0
0
0
0
0
0
0
0
0
0
0
0
0
0
0
0
0
0
0
0.109979046203846
0.0265337302869497
0.0150712789856113
0.0113392938860841
0.0128611433877306
0.0109797525822679
0.0108386757193578
0.00740270048615097
0.00820855170047195
0.00465935991517453
0.0082956719377722
0.00950559844291814
0.00775610141488516
0.0089747322927353
0.00384407503760471
0.00526645533544859
0.00720277259950944
0.00664974239147295
0.00656345478834509
0.0035747704653632
0.00742210317478007
0.00477276903653293
0.00842386119292896
0.00341381237433486
0.00167232884925722
0.00701588172701526
5.24653067396415e-05
0.00113000520836028
0.000311102071110091
0.00375260412308888
0.00703293767556362
0.00272423805146612
0.0064673402973766
0.00452533321827709
0.00652297384903024
0.00505715786191793
0.00524548042685234
0.00184314921958342
0.00423387572916163
0.00232739260958546
0.00558728346782034
0.00274090138798674
0.00858238069333083
0.0068490592515062
0.00578559136411269
0.000271668504065325
0.00381208311188658
0.00807305414612658
0.00623832105101869
0.0108672187239088
0.0033033613047758
0.00342189012601508
0.0015772180966592
0.000141022285505006
0.00227755333549149
0.00107016019486705
-0.000393808409315297
0.000728980048434155
-0.000870078265303259
-0.00119366258365481
0.00130847457990338
0.00237330718120738
0.0012702701434742
0.0025597775945177
0.00170107855060691
0.000929033919027189
0
0
0
0
0
0
0
0
0
0
0
0
0
0
0
0
0
0
0
0
0
0
0
0
0
0
0
0
0
0
0
0
0
0
0
0
0
0
0
0
0
0
0
0
0
0
0
0
0
0
0
0
0
0
0
0
0
0
0
0
0
0
0
0
0
0
0
0
0
0
0
0
0
0
0
0
0
0
0
0
0
0
0
0
0.110011328724795
0.0264027086421894
0.0153586939912078
0.0112268810749246
0.0126736500856636
0.0111511458777411
0.0110740714506807
0.00750716041740146
0.00822336155551857
0.00497616289697304
0.00825714806594785
0.00895272227178274
0.00744434144813838
0.00899443420076822
0.00349383617918713
0.00508535228608542
0.00739707552414983
0.00658188584582641
0.00647769246102087
0.00359842888424571
0.00756846478909524
0.00483299806208642
0.00844819746878739
0.00346092920709893
0.00175816635601422
0.00672645909660187
-6.48996136621091e-06
0.000996810727349612
0.000414332768509507
0.00355356683788961
0.0069187160346526
0.00264151849660999
0.00609975805263928
0.00444759250531955
0.00664344077427127
0.00522685313398352
0.00537075809067607
0.00205642091893606
0.0044446049056804
0.00239880862019345
0.00540462374365887
0.00279212113967156
0.00872317666309096
0.00650292262331157
0.00540623438069373
0.000235211395037678
0.00390166554222792
0.00807510107915101
0.00630235259966496
0.010751963616869
0.0033562914927379
0.00338086364063415
0.00157674553742063
0.00020788891353719
0.00243980412096006
0.00126621693592604
-0.00024631433944096
0.000875902126922292
-0.000809166323682527
-0.0012149570449627
0.00135997168122168
0.0024000275428183
0.00109936176903241
0.00250950330468526
0.00178754142644375
0.00104829861876177
0.00121836965515068
0
0
0
0
0
0
0
0
0
0
0
0
0
0
0
0
0
0
0
0
0
0
0
0
0
0
0
0
0
0
0
0
0
0
0
0
0
0
0
0
0
0
0
0
0
0
0
0
0
0
0
0
0
0
0
0
0
0
0
0
0
0
0
0
0
0
0
0
0
0
0
0
0
0
0
0
0
0
0
0
0
0
0
0.110122858637272
0.0263686121433362
0.0156691045515827
0.0110201842969004
0.0123765614017032
0.0112862502587993
0.0113581482235418
0.0075802280915294
0.00821400197237014
0.00528165273886354
0.00821480034719803
0.00842248937844091
0.00728228208050701
0.00903179025894725
0.00312037704787907
0.00486410115037693
0.00762781259461178
0.00650531709378212
0.00639981353691193
0.00367280581514243
0.00776957023784228
0.00488488064679839
0.00853856421166215
0.00346752628556325
0.0019067804725352
0.00654784815219121
2.71503064211574e-05
0.000845471775596865
0.000432610435412656
0.00341771243611559
0.00685808388172708
0.00262804402091608
0.00566986644969308
0.00429793320452483
0.00678679627886268
0.00537402668138988
0.00547031906002277
0.00220686129542451
0.00461957573918852
0.00249440373521937
0.0053191853493213
0.00281081267658282
0.00883688762256328
0.00624100796659405
0.00502823730247687
0.000179092929466017
0.00399724597647356
0.00801121343901084
0.00636634136433198
0.0106383849534956
0.00337404806831378
0.00334553898774287
0.00157971406585956
0.000247141333912542
0.00259815903738902
0.00142942885318818
-6.59278528429583e-05
0.000975084252608598
-0.00077624680082585
-0.0012192656892851
0.00136996156457731
0.00244725214036534
0.000980233590105477
0.00243325041313979
0.00181050018705373
0.00115305535712185
0.00144049888360146
0
0
0
0
0
0
0
0
0
0
0
0
0
0
0
0
0
0
0
0
0
0
0
0
0
0
0
0
0
0
0
0
0
0
0
0
0
0
0
0
0
0
0
0
0
0
0
0
0
0
0
0
0
0
0
0
0
0
0
0
0
0
0
0
0
0
0
0
0
0
0
0
0
0
0
0
0
0
0
0
0
0
0
0.110024716869911
0.0262724353954198
0.0159665273364673
0.0108202744294809
0.0120103285981215
0.0111787860128077
0.0113923583725477
0.00757930897279195
0.00815368632277898
0.00548514801846155
0.00808286507532632
0.00793000833165568
0.00715979088039647
0.00920173984680845
0.00284695952120691
0.0046637416109357
0.00773702742590466
0.00652340856713606
0.00636959580880263
0.00369367547780768
0.00768816134563008
0.00485779621729347
0.00839231349662765
0.00313907174270868
0.00181994165398566
0.00644793860810719
0.000197747899832767
0.000748608517627062
0.000435759593614157
0.00310998201900368
0.00678167589367853
0.00263560777590479
0.00532735796449064
0.00422988982172392
0.00695791587642106
0.00549614276120495
0.00547811865792575
0.00233608871817567
0.00470660314997693
0.00259888520919694
0.00522114893761209
0.00284563665377831
0.00870596353717906
0.00597104321360608
0.00474929551488143
7.5715718384369e-05
0.00376686236776066
0.00782691684711715
0.00622221389661749
0.0104155375038731
0.00335098330397729
0.00332746383578631
0.00157418072462994
0.000116357474676144
0.00263430313586709
0.00167745385350865
0.000125477257137511
0.0011325975153456
-0.000718210554495819
-0.00119206948210055
0.0014328355634132
0.00256047937496539
0.000941722759354593
0.00243987868325109
0.00185467903786945
0.00127333026604547
0.00163827894298773
0.00159612976538012
0
0
0
0
0
0
0
0
0
0
0
0
0
0
0
0
0
0
0
0
0
0
0
0
0
0
0
0
0
0
0
0
0
0
0
0
0
0
0
0
0
0
0
0
0
0
0
0
0
0
0
0
0
0
0
0
0
0
0
0
0
0
0
0
0
0
0
0
0
0
0
0
0
0
0
0
0
0
0
0
0
0
0.110101580953753
0.0261280246853386
0.0162188500884614
0.0106957254667496
0.0116020087205568
0.0109994981957134
0.0112934813381695
0.0075424139152065
0.00819281869552258
0.00567435158386081
0.00796994995993297
0.00751840696353392
0.0070903624118271
0.00944259319984131
0.00264729132677749
0.00447119942538667
0.00784443026667167
0.00652418025660675
0.00639641501895139
0.00370447941805339
0.00764283821312679
0.0049225428622188
0.008287707697078
0.0028075380471918
0.00179470130765184
0.00633987285382313
0.000446055199547408
0.000727564955731247
0.000483883956810642
0.00283296886399509
0.00667929559745511
0.00267962821482746
0.00502901892342862
0.00415235568980475
0.00711682307453333
0.00560604236085592
0.00555150957153707
0.00246609409639049
0.00472093633793529
0.00268092308127694
0.00513110828789507
0.00291557680318112
0.00861543012003104
0.00568272073031027
0.00447100118973576
4.00669460306844e-05
0.00354519495845303
0.00764147207470732
0.00609386451844482
0.0102108945514799
0.00327601888723642
0.00332101552278333
0.00154783690195671
2.5529143979306e-05
0.00268706493117605
0.00186749599255427
0.000326292684286896
0.00127953865395005
-0.000655959805635352
-0.00117919668208239
0.0014959951865213
0.00267485596064407
0.00086324451165709
0.00245351597574297
0.00190844499607104
0.00141623986283578
0.00185839933444841
0.0019070055466184
0
0
0
0
0
0
0
0
0
0
0
0
0
0
0
0
0
0
0
0
0
0
0
0
0
0
0
0
0
0
0
0
0
0
0
0
0
0
0
0
0
0
0
0
0
0
0
0
0
0
0
0
0
0
0
0
0
0
0
0
0
0
0
0
0
0
0
0
0
0
0
0
0
0
0
0
0
0
0
0
0
0
0.11013517890759
0.0260487452562791
0.0163993653349539
0.0106161782822689
0.0112333614337491
0.0108893014782599
0.011272754839479
0.00739369466467205
0.0082328678079952
0.00577459458847205
0.00794549211052975
0.00719665362815632
0.00708184777935348
0.00975789437452644
0.00248463282552426
0.00438378954852957
0.00802257310588871
0.00652333559363594
0.00640977911192864
0.0037206821835152
0.00766243915272559
0.00494704937968016
0.00806835013115239
0.00251044597394457
0.00189187347358838
0.00646819430240926
0.000766331012606144
0.000789275073735247
0.000554368824136488
0.00258504974363153
0.00656197100991721
0.0026559967590404
0.00472948236693654
0.0038885823388547
0.00709783339341178
0.00558312279009681
0.0055361733406961
0.00249349732611985
0.00473939937692365
0.00270973981619326
0.00505484260601273
0.00301875934320523
0.00851814265968408
0.00542542646523771
0.00420279692607544
1.13459988790225e-05
0.00338315948534866
0.00749822128850683
0.00606192096162619
0.0101632835051465
0.00334297707962473
0.00322980389783586
0.00155237434564877
-8.30671812216566e-05
0.00261871851927656
0.00194999013953834
0.000463915316769416
0.0013977034791094
-0.000594359851149366
-0.00116635328884944
0.00153113051355356
0.00274312363412636
0.000803153928662747
0.00240778681759709
0.00195502868890231
0.00158787440365475
0.00211618707666315
0.00229236105839067
0
0
0
0
0
0
0
0
0
0
0
0
0
0
0
0
0
0
0
0
0
0
0
0
0
0
0
0
0
0
0
0
0
0
0
0
0
0
0
0
0
0
0
0
0
0
0
0
0
0
0
0
0
0
0
0
0
0
0
0
0
0
0
0
0
0
0
0
0
0
0
0
0
0
0
0
0
0
0
0
0
0
0.110246172444372
0.0260437813547618
0.0166716645463379
0.0104329371508765
0.0109547361517863
0.0107157237829268
0.0112969484788153
0.00719239494993914
0.00802274466672902
0.00581025676470633
0.00794228232591192
0.00692390646832039
0.00709457943319572
0.0101180776202122
0.00237482120300962
0.00436153689754333
0.00823202669420622
0.00655535323467471
0.00633362921238791
0.00358158754551677
0.00768377567803967
0.00499669558436083
0.00786935556002729
0.00221726317698966
0.00198681650539442
0.00648228692174331
0.00110562546324921
0.000839721528304614
0.000689550933415693
0.00236287689342378
0.00640868239181507
0.00268434106069465
0.00441643578907559
0.00365778221541036
0.00707833990402274
0.00554838733192305
0.00548475826785273
0.00244648068981183
0.00474902896543033
0.00270324102391773
0.00494304438376178
0.00314148228054017
0.00844326952660366
0.00521779100590771
0.00396861998979393
-1.68071402160285e-05
0.00324816474251545
0.00739273171530969
0.00608091140186683
0.0100727170190086
0.00333704505762748
0.0029737252421901
0.00144974840907623
-0.000137233480252287
0.0025083365181086
0.00197699337531593
0.000569043279938383
0.0014582243484843
-0.00054094423353462
-0.00117191311060035
0.00154903665846234
0.00278147171240666
0.000722799215412394
0.00236413920256266
0.00198657424374749
0.0017712119903492
0.0023676349056055
0.00260308234158153
0
0
0
0
0
0
0
0
0
0
0
0
0
0
0
0
0
0
0
0
0
0
0
0
0
0
0
0
0
0
0
0
0
0
0
0
0
0
0
0
0
0
0
0
0
0
0
0
0
0
0
0
0
0
0
0
0
0
0
0
0
0
0
0
0
0
0
0
0
0
0
0
0
0
0
0
0
0
0
0
0
0
0.110343631963729
0.0260818780019022
0.0169989159493422
0.0103127235113321
0.0106148304661371
0.0105189522099169
0.0112717919258771
0.00702012650541052
0.00787472407147737
0.00577053965834838
0.00792064537845577
0.00668580176025722
0.00719034875577221
0.0105010088637677
0.00231645948230016
0.00438848200222988
0.00852193143002831
0.00656272236855612
0.00628457932093714
0.0034226305199759
0.00762803870069627
0.00505221636896688
0.00771792510539422
0.00194213000305158
0.00206312555955789
0.0064875803049997
0.0013732568082193
0.000908721971077476
0.000806210968260717
0.00215818672477767
0.00627740380555326
0.00268255953323664
0.00417098117226248
0.00343868790272747
0.00706181639676997
0.00551566659990717
0.00540928951408609
0.00235941950277511
0.00471812420045248
0.0026898198550322
0.00481285864743791
0.0032392740802487
0.00837327120675423
0.00501958351611265
0.00373609357909974
-9.58057142185936e-05
0.00310352541842178
0.00733217170173273
0.00610748949071065
0.0100187986521651
0.00328895219652337
0.0027042478092333
0.00131433824180876
-0.000273267385506909
0.00244714150902348
0.00200358525077532
0.000652313745041645
0.00149115872811997
-0.000542495066890945
-0.00115907083411628
0.00156611728229623
0.00280741040829279
0.000653946504029342
0.00233118031196732
0.00202745543146031
0.00195872839846332
0.00263215636486623
0.00290809740981338
0
0
0
0
0
0
0
0
0
0
0
0
0
0
0
0
0
0
0
0
0
0
0
0
0
0
0
0
0
0
0
0
0
0
0
0
0
0
0
0
0
0
0
0
0
0
0
0
0
0
0
0
0
0
0
0
0
0
0
0
0
0
0
0
0
0
0
0
0
0
0
0
0
0
0
0
0
0
0
0
0
0
0.11064962668762
0.0262843969928744
0.0174214861325632
0.010258437311219
0.0103531526177648
0.0102973090884247
0.011359167399633
0.00691511808651562
0.0078342121612774
0.00586076848740748
0.00785967101196743
0.00642594596112138
0.00731321459161553
0.0109125629549504
0.00228943172911604
0.00446472530400308
0.00884441081466163
0.0066439937219728
0.00628910211783643
0.00324286009053187
0.00754302169026937
0.00505518591119181
0.00755841023511343
0.00164060780258209
0.00214535479217565
0.00649316706785811
0.00157916417050973
0.000921419212227535
0.000889555806936209
0.00189037118460655
0.00621985827317769
0.00270175891120455
0.00393404023539057
0.0032373827684624
0.00702607152026986
0.00551524649460619
0.0053549451568737
0.00224492619452166
0.00463178971784987
0.00263270366139809
0.00468475724857882
0.00332628798165937
0.00824824661696343
0.00481759829547532
0.00349218400029437
-0.000159709362877509
0.00297738893550186
0.00726005943784004
0.00615472186420991
0.0100157171333285
0.00330811348746551
0.00240513699053377
0.0011629988661839
-0.000371287825101491
0.00235422216934521
0.00206447672790778
0.000712200700788467
0.00152717211564245
-0.000558260809368191
-0.001211845452893
0.00157513315968073
0.00277366868450835
0.000545521397949893
0.00226460932952069
0.00203033436523114
0.00211679579742483
0.00286907903608133
0.00319769050588207
0
0
0
0
0
0
0
0
0
0
0
0
0
0
0
0
0
0
0
0
0
0
0
0
0
0
0
0
0
0
0
0
0
0
0
0
0
0
0
0
0
0
0
0
0
0
0
0
0
0
0
0
0
0
0
0
0
0
0
0
0
0
0
0
0
0
0
0
0
0
0
0
0
0
0
0
0
0
0
0
0
0
0.110994555733258
0.0265791143810244
0.0179523115774365
0.010203460732657
0.0101315571009443
0.0101620245035105
0.0114545858161205
0.00687090800741358
0.00782987194232996
0.00600600320926553
0.00773251498584223
0.00608630675845219
0.0073857128704599
0.0112545158006861
0.0022403554062837
0.0044423516634142
0.00910627401838228
0.00665399675897966
0.00626838258572631
0.00313038496835775
0.00744347801388862
0.00501228588596996
0.00737196696965053
0.00138313034417222
0.00222877217465962
0.00652123796650418
0.00183145811586587
0.000965076378788912
0.00103426944712036
0.0016871451132145
0.00611193402862795
0.00269127227508583
0.00370713273472838
0.00306642719005806
0.00696718100173198
0.00544943972825968
0.00531070135795946
0.00218437118332299
0.00451191236530873
0.0024517368882668
0.00451654071883472
0.00347748368588713
0.00814820161517221
0.00460453902002055
0.00320212257002328
-0.000285319854856297
0.00284937315688692
0.00723439728175706
0.00620435417817101
0.0100040233034467
0.00332921540329267
0.00210690483459681
0.00100105912732626
-0.000441902439446762
0.00234479688493097
0.00211561108703594
0.000843068848176819
0.00158814101195363
-0.000556782534614412
-0.00124482192342456
0.00156041480473634
0.00271984975967319
0.000400907979467328
0.00217310797603876
0.0019665235251999
0.00225062612044027
0.00309284006510447
0.00341571773759136
0.000902722173777405
0
0
0
0
0
0
0
0
0
0
0
0
0
0
0
0
0
0
0
0
0
0
0
0
0
0
0
0
0
0
0
0
0
0
0
0
0
0
0
0
0
0
0
0
0
0
0
0
0
0
0
0
0
0
0
0
0
0
0
0
0
0
0
0
0
0
0
0
0
0
0
0
0
0
0
0
0
0
0
0
0
0.111381011800785
0.026908402359933
0.0184650352305846
0.0101441878896445
0.00991359245393284
0.0100499164085621
0.0115785658745822
0.00682174217571051
0.00782928037153168
0.00614805398006911
0.00766023376722378
0.00580165154500191
0.00751244313198848
0.0116486291202112
0.00223172475456137
0.00451968314536267
0.00937717931156883
0.00666558818040544
0.00625613004138731
0.0030257278227154
0.00733447608243848
0.00498813510020994
0.00717301013103261
0.00104079805998191
0.00228785814624306
0.00655218129863599
0.00206532232740953
0.000994558515177064
0.00114578358654684
0.00150421455527907
0.00610791651849431
0.002677919172052
0.00344801192388332
0.00289288394387
0.00687265783642571
0.00539903058904048
0.00528508520095429
0.00212612864056428
0.00441980241441856
0.00226808768579684
0.00430313601973297
0.00361309507744433
0.00806123937536802
0.0043782491295904
0.00293661516252739
-0.000428952986524716
0.00268276774776319
0.00715848202184914
0.00619983322753194
0.0100059712997756
0.00338589789538373
0.00180287284342164
0.000893886127727919
-0.000502307954298966
0.00240256550666075
0.00224069140588803
0.000936732601989374
0.00168529119047141
-0.000529925264171541
-0.00125817921162606
0.00151663379458229
0.00265248460867422
0.000252527260211828
0.00207128670547024
0.00190259085706475
0.00240004269033047
0.00331783273278088
0.00362309071250478
0.000898995539231404
0
0
0
0
0
0
0
0
0
0
0
0
0
0
0
0
0
0
0
0
0
0
0
0
0
0
0
0
0
0
0
0
0
0
0
0
0
0
0
0
0
0
0
0
0
0
0
0
0
0
0
0
0
0
0
0
0
0
0
0
0
0
0
0
0
0
0
0
0
0
0
0
0
0
0
0
0
0
0
0
0
0.111312074470005
0.0271155044492726
0.0189238845998741
0.0101593173691466
0.00983620201311447
0.0100284009446784
0.0117169711947782
0.00674019776514291
0.00779618646116555
0.00632311946706579
0.00738328692246653
0.00553432368411706
0.0075639097840553
0.0116229394687856
0.00203385806650688
0.00455978788764082
0.00942408373564903
0.00664689265967035
0.00633707029156427
0.00312157953461999
0.00739397838617275
0.00495156070375137
0.00707762838592319
0.00081459252166865
0.00246744459141666
0.00659363381421372
0.00237520278504534
0.00116389104018526
0.00130720171187868
0.00136398735155557
0.00607814276207638
0.0026110750432598
0.00298320306506035
0.00231546897529793
0.0065366855820439
0.00512960400596062
0.00505977302252625
0.00181102224663012
0.00421274048226184
0.00195845779164808
0.00392372671773072
0.00379271768105321
0.00815699602926669
0.00429326661535389
0.00282609018229761
-0.00044389257791986
0.0025217379279711
0.00705127845719847
0.00621122640408312
0.0101860366242629
0.00350583469119215
0.00160250765312806
0.000800528089728598
-0.000537364375526667
0.0024687150073346
0.00231250284061579
0.00101649965533509
0.00165172100138565
-0.000513705091458755
-0.00130160049175125
0.00145247045696838
0.00265712108703641
0.000168751567161967
0.00198930626371223
0.00194054604501808
0.00253795864867207
0.00358932357685097
0.00390430342218387
0.000986542518476379
0
0
0
0
0
0
0
0
0
0
0
0
0
0
0
0
0
0
0
0
0
0
0
0
0
0
0
0
0
0
0
0
0
0
0
0
0
0
0
0
0
0
0
0
0
0
0
0
0
0
0
0
0
0
0
0
0
0
0
0
0
0
0
0
0
0
0
0
0
0
0
0
0
0
0
0
0
0
0
0
0
0.111135879495567
0.0270957533926571
0.0193612061583411
0.0101854942895721
0.00983831074739497
0.0101483770386111
0.0119531434982678
0.0066575532454919
0.00765374811158575
0.00641551393215342
0.00716091301643246
0.00520630763138071
0.00767712691629751
0.0116108462026538
0.00158767908014048
0.00448926395265301
0.00949483639373445
0.00650577921104275
0.00647524543111457
0.00327852709761414
0.00760714435412722
0.00502591183114975
0.00696465354496116
0.000657475415424826
0.00268670482729001
0.00667697572877753
0.00270013307324555
0.00138633323299817
0.00158276781895578
0.00130548273613648
0.00607471380459222
0.00249653627602286
0.00245546525653504
0.00166694433683186
0.00605046022166598
0.00478507251088895
0.00466663298959918
0.00141182829043886
0.00387383021453219
0.00158431840854026
0.00347213198608226
0.00381304778536465
0.00829197905126236
0.00425897645151916
0.00270734810080226
-0.000485010872139406
0.00240883017841535
0.00698747023267206
0.00627137152952349
0.0104814395055552
0.00375677714053942
0.00141136916910002
0.000737357525463684
-0.000556978684242602
0.00255531540296353
0.00233014827544346
0.0010032213269569
0.0015116766635419
-0.000601821542841792
-0.00139972507292341
0.00133899520303057
0.00260904006790845
6.43844320521312e-05
0.00197219647496902
0.00198537047592928
0.00275310248867942
0.00384558890417162
0.00423491157243956
0.00116077126225963
0
0
0
0
0
0
0
0
0
0
0
0
0
0
0
0
0
0
0
0
0
0
0
0
0
0
0
0
0
0
0
0
0
0
0
0
0
0
0
0
0
0
0
0
0
0
0
0
0
0
0
0
0
0
0
0
0
0
0
0
0
0
0
0
0
0
0
0
0
0
0
0
0
0
0
0
0
0
0
0
0
0.111092841246455
0.0272705793295402
0.0199103993530229
0.0102900734733204
0.00990138474121152
0.010414111695082
0.0123344152804009
0.00659470335793362
0.00752308929469698
0.00650906951746956
0.00689868781041015
0.00492995035745335
0.00785182930833725
0.0117031780171384
0.00120422410010566
0.00435320446883054
0.00953299348629499
0.0063312585845123
0.00660318885958459
0.00342767444045662
0.00781368565288849
0.00511432990280931
0.0068974278577819
0.000529583672284608
0.00292101724137966
0.00676336460943839
0.00301285676586995
0.00160758894936928
0.00184408754440151
0.00125044908305002
0.00609311312848494
0.00233124481920059
0.00194623776258306
0.0010425572260789
0.00555648861814301
0.00440754730217773
0.00430384633222936
0.00103205408976413
0.00351066665730878
0.00113490054630087
0.00303735158422269
0.0038878816130217
0.00835917751943693
0.00418711717194294
0.00256180665550236
-0.000529827770541345
0.00227568745121315
0.0069032244692874
0.00630024075366497
0.0107568039647859
0.00402949819720739
0.00127590790394514
0.000647302558624067
-0.000592952458413521
0.00267172199440975
0.00236041402206173
0.000952919937087649
0.00136660155664003
-0.000685870038264763
-0.00153177594287174
0.00121087497855453
0.00254016319588181
-7.86261736148359e-05
0.00191280003610375
0.00201781608896174
0.00294677621650862
0.00406114384534989
0.00453680670797648
0.00129376984475137
0.0014777810875716
0
0
0
0
0
0
0
0
0
0
0
0
0
0
0
0
0
0
0
0
0
0
0
0
0
0
0
0
0
0
0
0
0
0
0
0
0
0
0
0
0
0
0
0
0
0
0
0
0
0
0
0
0
0
0
0
0
0
0
0
0
0
0
0
0
0
0
0
0
0
0
0
0
0
0
0
0
0
0
0
0.110270655289654
0.0275059218850367
0.0202386684761135
0.010268998211799
0.00967346467799824
0.0104840951131804
0.0125662543081244
0.0066269901241806
0.00748009524965916
0.00672098148777031
0.00678791977972359
0.00466372427515724
0.00803766050321034
0.0117208173404268
0.00100830506848787
0.00417220739334058
0.00932789771286242
0.00615484231227707
0.00664616291962877
0.00339580815675503
0.00780707974901501
0.00528101680437234
0.00687767530130941
0.000409572701605134
0.00267958360618042
0.00664311338462308
0.00329508934451407
0.00194395426209149
0.0020026498602256
0.00129227799507022
0.00601713474154439
0.0022421247142349
0.00156940948418848
0.000617637758157602
0.00493965366409804
0.00411010741569483
0.00414050624209183
0.000802462258864258
0.00322948154585132
0.000821633451525904
0.00268346667572506
0.00403391525444666
0.00843276876455887
0.00402811878852287
0.0024179697071052
-0.000600749286579285
0.00202552660126787
0.00678917457448645
0.00641270166460587
0.0110911616139674
0.00439940119272368
0.00129211600134309
0.000737649576520338
-0.00049086873182455
0.0029054730777707
0.0024685831753048
0.00099458938215904
0.00136117544412358
-0.000597554454779207
-0.0015334850405235
0.00105440037219918
0.0024741704373345
-0.000196683314619928
0.00174918849877799
0.00194899001858212
0.00305774431852042
0.004285044675907
0.00487464118232756
0.00137008890405634
0.00165137103958753
0
0
0
0
0
0
0
0
0
0
0
0
0
0
0
0
0
0
0
0
0
0
0
0
0
0
0
0
0
0
0
0
0
0
0
0
0
0
0
0
0
0
0
0
0
0
0
0
0
0
0
0
0
0
0
0
0
0
0
0
0
0
0
0
0
0
0
0
0
0
0
0
0
0
0
0
0
0
0
0
0.109533045000961
0.027484066435272
0.0206882010175072
0.0103048418015244
0.00950561390901781
0.0104795455402114
0.0127767326588124
0.00668736577069814
0.00754173819268079
0.00696509503355202
0.00672271801485066
0.00444961750846821
0.00820604552173895
0.0117343990478733
0.000802676325757162
0.00414468760841288
0.00921149153311114
0.00591806483001485
0.00670075004747563
0.00327514496407886
0.00770190758287824
0.00535756120914314
0.00687714419890508
0.000280499405916679
0.00249941271045082
0.00630577203721
0.0033812789966511
0.00225644120944617
0.00219317252319357
0.00125897563599511
0.00595533311966125
0.00211803827782018
0.00124286542751585
0.000308054968849641
0.00445459905977408
0.00376467151771979
0.0039841289906721
0.000620733334050784
0.00302813898881554
0.000604044748183186
0.00240383619803041
0.00416236343998736
0.00855034444648795
0.00392247595200719
0.00220064053269435
-0.000700244741366466
0.00174046749827185
0.00662849100818741
0.00649297673210735
0.0114604189931414
0.00478948704641041
0.00132978642702775
0.00085397312337988
-0.000349874749407551
0.00315948677027833
0.00259564967605102
0.00106759144126589
0.00141091348273922
-0.000471767171605911
-0.00141775413339619
0.00102004085066432
0.00242939735217014
-0.000258188423519907
0.00161258806885384
0.00183647009256014
0.00312973778982254
0.00445144330638397
0.00523746825591202
0.0014279881807466
0.00173530022003988
0
0
0
0
0
0
0
0
0
0
0
0
0
0
0
0
0
0
0
0
0
0
0
0
0
0
0
0
0
0
0
0
0
0
0
0
0
0
0
0
0
0
0
0
0
0
0
0
0
0
0
0
0
0
0
0
0
0
0
0
0
0
0
0
0
0
0
0
0
0
0
0
0
0
0
0
0
0
0
0
0.108688707254237
0.0273758461322664
0.0206735775087364
0.0103127377112409
0.0093812723142651
0.0105206203456822
0.0128767645640508
0.00657342604699014
0.00763137462125457
0.00735392115139266
0.00670479720294991
0.00424994430120102
0.00828825062524727
0.0117070066209523
0.0006545797151712
0.00406545387399964
0.00925628291884178
0.00587230240317982
0.00679217603522413
0.00318038035790327
0.00751927154206307
0.0052904977851692
0.00668898145002664
0.000170586074347289
0.00235332011957639
0.00606588365205747
0.00320726909757957
0.00238370463833724
0.00243444441854383
0.0013259061981102
0.00576595577968578
0.00204329104660409
0.000893850931483897
1.43143643863858e-05
0.00400242391729646
0.00347083493297555
0.00361944678961543
0.000422916647284371
0.00285875301578457
0.000493655832773682
0.00229819368525505
0.00437555778872024
0.0087564907761793
0.00372421255195154
0.00199727965506414
-0.000844505881620164
0.00149199521839992
0.00649574410445326
0.00645674726252848
0.0117933074168434
0.00516847285804194
0.00136362602270792
0.000989143983950157
-0.00022573169509322
0.0034251837693369
0.00274712894051293
0.00121191687920283
0.00153551729659548
-0.000276055650634083
-0.00130831598978022
0.00102231025242144
0.00249176738729252
-0.00024668126646557
0.00147142795384379
0.00177107615924545
0.00316560174622821
0.00460195652258472
0.00548081465187526
0.00155482335359976
0.00188537314808043
0
0
0
0
0
0
0
0
0
0
0
0
0
0
0
0
0
0
0
0
0
0
0
0
0
0
0
0
0
0
0
0
0
0
0
0
0
0
0
0
0
0
0
0
0
0
0
0
0
0
0
0
0
0
0
0
0
0
0
0
0
0
0
0
0
0
0
0
0
0
0
0
0
0
0
0
0
0
0
0
0.107863739446273
0.0272456997085639
0.0207517412013898
0.0102612184234281
0.00923580193201699
0.0105990125713139
0.013010432632366
0.00650365984053214
0.00772594908392583
0.00784653736586125
0.00681892852742228
0.00410364399989153
0.00841050450393658
0.0116555285407764
0.000472329033365206
0.00407474258401978
0.00932839405092658
0.00597895388478841
0.00701641970529909
0.00305449597409294
0.0073201986818933
0.00522183752525103
0.00642646875652325
3.12034853032495e-05
0.00220572109656566
0.00583457730951448
0.00309693985321625
0.00245452067818136
0.00254373369262161
0.00138748284904608
0.00559669853633467
0.00191891169327263
0.000551116738456322
-0.000211417653490202
0.00364326421161396
0.00325083987680358
0.0032669786332406
0.000190540044192753
0.00266505028211303
0.000350643398795944
0.002237499284853
0.00465983952257977
0.00903359258570242
0.00348902684010759
0.00178720866615967
-0.000977915698100894
0.00119122945135083
0.00636659826679342
0.00641941690170316
0.0121236304051201
0.00548543489756885
0.00136894714982442
0.00109778550870405
-0.000116374091950302
0.003698816647613
0.00293297580575961
0.00133022514668839
0.00165752580887345
-5.94753044212588e-05
-0.00115923582524522
0.00100945896019746
0.00254884941250628
-0.000268366605706438
0.00132843660026843
0.00173218945561132
0.00317731792738507
0.00473345553862015
0.00571288986504357
0.00164093372510042
0.00204378540313581
0
0
0
0
0
0
0
0
0
0
0
0
0
0
0
0
0
0
0
0
0
0
0
0
0
0
0
0
0
0
0
0
0
0
0
0
0
0
0
0
0
0
0
0
0
0
0
0
0
0
0
0
0
0
0
0
0
0
0
0
0
0
0
0
0
0
0
0
0
0
0
0
0
0
0
0
0
0
0
0
0.107254587748266
0.027190698103985
0.0209827024717909
0.0103230614243741
0.00908120315441256
0.0107837464260844
0.0132101398917402
0.00655709023028057
0.00786933559084358
0.0084180887274286
0.00703140959332807
0.00407264136863976
0.00852682285613711
0.0116141437541544
0.000276979941496007
0.00403715381500073
0.00946194876650301
0.00620396916114861
0.00736824136966168
0.00299828505610399
0.00707704792943844
0.00512164278871109
0.00612102979437908
-0.000101041132626219
0.00202409762890353
0.00558111270354672
0.00299429422543481
0.00253856816576437
0.00258836094098026
0.00135331374756011
0.00540664151540108
0.00178389413533079
0.000275992898006436
-0.000400569055962766
0.00333990244168912
0.00312963784824612
0.00295905482314042
1.77561409483999e-05
0.00248229726960198
0.000240861941934259
0.00213929772112887
0.00497727856191194
0.009336617374093
0.00327632534669021
0.00152136373465344
-0.00111983335244836
0.000955231379065884
0.00616750166895648
0.00632239796236239
0.0124368882673879
0.00576430460985567
0.00129445973214099
0.00119004033073974
-5.47234043158415e-05
0.00396159901166262
0.0031266788838135
0.00147832757826492
0.00176143759986859
0.000137071406067885
-0.00100939829775703
0.00100098637602113
0.00254752166715596
-0.000297532186323685
0.00120599484617778
0.00164319180789181
0.00317910040849928
0.0048831817628472
0.00591508979466718
0.00166345799077019
0.00221182939029274
0
0
0
0
0
0
0
0
0
0
0
0
0
0
0
0
0
0
0
0
0
0
0
0
0
0
0
0
0
0
0
0
0
0
0
0
0
0
0
0
0
0
0
0
0
0
0
0
0
0
0
0
0
0
0
0
0
0
0
0
0
0
0
0
0
0
0
0
0
0
0
0
0
0
0
0
0
0
0
0
0.106879672986391
0.0273453414324758
0.0213140112316027
0.0105683241456938
0.00903032920974374
0.0109672276958827
0.0134807203348247
0.00666720923745719
0.00814615745246336
0.00906624357138352
0.00731252269399332
0.00413544036838155
0.00877466603346098
0.0115820805834995
5.22179920754463e-05
0.00396148724217635
0.00953246147161253
0.00647961708643991
0.0078411904112173
0.0030540513514246
0.00689792031266405
0.00504713773743416
0.00578761890804735
-0.000284206389192914
0.00185537599984818
0.00529385729348356
0.00287636226633877
0.00267957648705959
0.00271697100633077
0.00129564844057161
0.00517017819165627
0.00161371582260856
-5.03087423697525e-05
-0.00052229111846815
0.00303136930206292
0.00299490287373418
0.00268898135015625
-0.000169033175888388
0.00229758719727615
0.000127136285542596
0.00202833604206055
0.00527683949776956
0.00972599819568836
0.00308154776349371
0.0012632620247088
-0.00127351449954849
0.000707123896535418
0.00600503834569048
0.0061694951334045
0.012707535752516
0.0059807344820384
0.00115542219794029
0.00123207373044375
2.28887613731569e-05
0.00421114391542885
0.00331619597556557
0.00164995904342537
0.0018880942317528
0.000317770673916807
-0.000870759097590635
0.00100503844758528
0.00255464575099437
-0.000413723244684783
0.00103508215212062
0.0016287708116357
0.0031471386433422
0.00502969828433219
0.00616139284969942
0.00164072877853801
0.0023078983819532
0
0
0
0
0
0
0
0
0
0
0
0
0
0
0
0
0
0
0
0
0
0
0
0
0
0
0
0
0
0
0
0
0
0
0
0
0
0
0
0
0
0
0
0
0
0
0
0
0
0
0
0
0
0
0
0
0
0
0
0
0
0
0
0
0
0
0
0
0
0
0
0
0
0
0
0
0
0
0
0
0.106565857879742
0.0273611217499942
0.0215625418607628
0.0108375687390414
0.00892565415979522
0.0111418697972975
0.0136878319983343
0.00674378113286719
0.00849746485553417
0.00972489947433309
0.00765611742189969
0.00409369415592403
0.0091018205949406
0.0116846812197447
-0.000147685782735351
0.00386723826088653
0.00944362437982151
0.00667394526975514
0.00837217167953996
0.00302059461439182
0.00678926240102838
0.00508570360253348
0.00556704057691526
-0.000460900239826955
0.00162419546858172
0.00494300035223374
0.00271212403044868
0.0028037361890904
0.00291101879433117
0.00133653927212787
0.00492039031395266
0.0014543555754259
-0.000341610874904403
-0.00063028084071004
0.0026011503912785
0.00282872095217224
0.00240641152329938
-0.000451085580175414
0.00213686118754622
2.31406997611421e-05
0.00187515739401578
0.00553599922624041
0.0101643035661985
0.00292629831025398
0.00103768250064596
-0.0014524386443793
0.000498317740330553
0.00577151433785704
0.00593929155245761
0.0129059692885293
0.00618617973637724
0.00101593752694665
0.00118833267731587
6.1647905448306e-05
0.00440613363886282
0.00354052654142162
0.00184935183017617
0.00199869595687235
0.000499258615267167
-0.000697844979358081
0.00104916591786018
0.00262343002847386
-0.000488737021987854
0.000791713359107575
0.00157007439369657
0.00319998023776984
0.00522305442111265
0.00640917375608956
0.00164825615255409
0.00235931126080495
0
0
0
0
0
0
0
0
0
0
0
0
0
0
0
0
0
0
0
0
0
0
0
0
0
0
0
0
0
0
0
0
0
0
0
0
0
0
0
0
0
0
0
0
0
0
0
0
0
0
0
0
0
0
0
0
0
0
0
0
0
0
0
0
0
0
0
0
0
0
0
0
0
0
0
0
0
0
0
0
0.106173262050069
0.0272128846476397
0.0213762365325941
0.0108319217380147
0.0087088666157028
0.0109828745167455
0.0138184539387318
0.00676539640650616
0.0086126125869382
0.0104195826965413
0.0079124311901042
0.00410711972255988
0.00916922526198316
0.0119028476446488
-0.000188791070530721
0.00384521064393267
0.00934333902814634
0.00654720583070406
0.00885907848339619
0.00316007980485274
0.00652106230260054
0.00520868068047161
0.00550592282408609
-0.000509140696008445
0.00142693520205892
0.00464041454923097
0.00245933341955488
0.00284915978716896
0.00307664202278183
0.00142040112249108
0.0047263549808098
0.00141009148228229
-0.000539088033216897
-0.000643068330907801
0.00229164766901081
0.00247921767418697
0.00222028215196414
-0.000617872138300532
0.00188452780105537
-3.72429230136585e-05
0.00167596978856597
0.00560830435517017
0.0105391019644805
0.00282883802820629
0.000874146288765871
-0.00148364410436265
0.000281175141817213
0.0055756438018857
0.00545420066902517
0.0128371337557892
0.00636193726084872
0.000897472657410736
0.00119068858775861
-4.87915481114327e-06
0.00455474722439045
0.00365052317580268
0.00204654567530202
0.00212344486768325
0.000618579579184437
-0.000552994825479333
0.00107992639703384
0.00275093506778287
-0.000493538506952846
0.000595606276586726
0.00144800026851189
0.00310392993855888
0.0052098173070935
0.00672946851383912
0.00163052585665052
0.00241780698197827
0
0
0
0
0
0
0
0
0
0
0
0
0
0
0
0
0
0
0
0
0
0
0
0
0
0
0
0
0
0
0
0
0
0
0
0
0
0
0
0
0
0
0
0
0
0
0
0
0
0
0
0
0
0
0
0
0
0
0
0
0
0
0
0
0
0
0
0
0
0
0
0
0
0
0
0
0
0
0
0
0.104684772866273
0.02638960958983
0.0206025763858351
0.0104775938456933
0.00844307809343191
0.0106332366712935
0.0131968008551208
0.0065557659177047
0.00846522154002004
0.0104329972639489
0.0080739487049963
0.00416564228395847
0.00913947459907809
0.011762099110023
-9.97710901830891e-05
0.00397572760901901
0.00936836309192585
0.00626129868787215
0.00848061800427361
0.00315437564000168
0.00646701869112273
0.00534083369967088
0.00562277634419108
-0.000235922160276772
0.00138998251762759
0.00438949106727816
0.00233631067386467
0.00279328962181665
0.00291974649921438
0.00143380712862887
0.00455048245499993
0.00142831575772344
-0.000492513511017933
-0.000456200976810967
0.00216230851676461
0.00234566692780446
0.0020986490817709
-0.000568481711448079
0.0018151310810538
1.07029027503111e-05
0.00164493380226886
0.00537446280221895
0.010043302495363
0.00271960582604112
0.000834519020988103
-0.00140852390726129
0.000280932048555976
0.00530474422178082
0.00500474678078125
0.0119496278228893
0.00609974984406918
0.000904106420303546
0.00125276822421937
1.14632374125933e-05
0.0042462697675739
0.00350652421810749
0.00216427222160911
0.00217015524791869
0.000813545347094952
-0.0003315447419251
0.00103181698398472
0.00266043451051927
-0.000443292399883881
0.000480479862862258
0.00135883334646464
0.00282450606883404
0.00458428355884881
0.00594831213003231
0
0
0
0
0
0
0
0
0
0
0
0
0
0
0
0
0
0
0
0
0
0
0
0
0
0
0
0
0
0
0
0
0
0
0
0
0
0
0
0
0
0
0
0
0
0
0
0
0
0
0
0
0
0
0
0
0
0
0
0
0
0
0
0
0
0
0
0
0
0
0
0
0
0
0
0
0
0
0
0
0
0
0.103081519165837
0.025379459198188
0.0196874214006422
0.0100841770183574
0.00810217247293923
0.0102681862095665
0.012528765165695
0.00636158663935719
0.00835054280629317
0.0103769239107718
0.00804797581964572
0.00411682333015708
0.00895917669314199
0.0113486570245632
-9.5155653560052e-05
0.00388417038298072
0.00910676747516125
0.00595046868200796
0.00809454837648529
0.00307526108627317
0.00644042336385998
0.00525839099586527
0.00566736456047098
-5.33225422578502e-05
0.00145468730449241
0.0042531126446674
0.0023053929862179
0.00284151847558644
0.0028025736944877
0.00142331689246547
0.00436655972395381
0.00140606849224721
-0.000456914433264851
-0.00034613778683453
0.00214085578466481
0.00234088091926228
0.00202210411471119
-0.000476447955505472
0.00184394947685041
0.000141331715174022
0.00162405010391344
0.00512883095503436
0.00944361434667425
0.00253666011394398
0.000842467556164665
-0.0013325866751519
0.000259756409749505
0.00500069342697671
0.00459758406926976
0.0111176679730675
0.00576545003754085
0.000986421063964905
0.00137646436538221
0.000106662802090715
0.00402208361935183
0.00332739053309939
0.00227029897482649
0.00220750598395798
0.000967017038758408
-9.15104027281988e-05
0.000992074934466708
0.00243287724159759
-0.000411535614830969
0.000392667213531432
0.00120459683974744
0.0024737819935861
0.00397028868326608
0.00518923662380616
0
0
0
0
0
0
0
0
0
0
0
0
0
0
0
0
0
0
0
0
0
0
0
0
0
0
0
0
0
0
0
0
0
0
0
0
0
0
0
0
0
0
0
0
0
0
0
0
0
0
0
0
0
0
0
0
0
0
0
0
0
0
0
0
0
0
0
0
0
0
0
0
0
0
0
0
0
0
0
0
0
0
0.101651892412737
0.0246308847285551
0.018802711519497
0.00967895783819774
0.00773668681885772
0.0098528215238478
0.0118656989308147
0.00621680935484128
0.00820364244358605
0.0102567616017994
0.0079325531136548
0.00400938013352158
0.00876641801277438
0.0109577242095452
-5.49861808005864e-05
0.00378285888781528
0.00887220457389621
0.00570622507643383
0.00774174710440396
0.00303579934334614
0.00637667505817126
0.00515046946884043
0.00583320961533011
0.00015270226489013
0.00156935647485377
0.00417785003225764
0.00228030721730869
0.00291716215440973
0.00270439316000532
0.00140683245041094
0.00418716641266081
0.00137557371538738
-0.000418965331199137
-0.000261054677585004
0.00210584634269107
0.0022842879585005
0.00191529535482024
-0.000445997836769053
0.00182803431419654
0.000274785682785223
0.00165458977903159
0.00490032367302013
0.00894016003438402
0.00234141599920404
0.000845943079069074
-0.00120663313914977
0.000293861210873756
0.00470917881888977
0.00420327859945646
0.01030145475259
0.00540601702865387
0.00104960173624966
0.00150048367837624
0.000168173455447108
0.00377000380840046
0.00313751261797428
0.00231634898581594
0.00216185520414235
0.00108004723061936
8.52142504416635e-05
0.000926845232540096
0.00220033532535676
-0.000327377833608309
0.000339655986505469
0.00105554872221276
0.00216545975193673
0.00337424734791086
0.00442090694504246
0
0
0
0
0
0
0
0
0
0
0
0
0
0
0
0
0
0
0
0
0
0
0
0
0
0
0
0
0
0
0
0
0
0
0
0
0
0
0
0
0
0
0
0
0
0
0
0
0
0
0
0
0
0
0
0
0
0
0
0
0
0
0
0
0
0
0
0
0
0
0
0
0
0
0
0
0
0
0
0
0
0
0.100181578643369
0.0239445776617626
0.0181362966597587
0.00931423991559195
0.00732380967368836
0.00946401620550387
0.0112083090531848
0.00603104866943084
0.00804585696036524
0.0101446796204911
0.00785485143588158
0.0038713058391187
0.00859649079803618
0.0106135985316678
3.60951950681659e-06
0.0036851918039512
0.00862979918802822
0.0054820910555589
0.00744447480758723
0.00300777091136653
0.00630304155416663
0.00499792175600149
0.00594572959803801
0.000376668878003016
0.00167173996016002
0.00416189558769033
0.00232429799300764
0.00298420908031177
0.00265888934572286
0.00142609714699452
0.00401483664392908
0.00134503308738218
-0.00035562213089557
-0.000126551041430396
0.00214591145226811
0.0022385092089861
0.00186576458787753
-0.000388994304089516
0.00178196681711181
0.000347250940182317
0.00166627928184125
0.00465450910840321
0.00852153740721969
0.00222099304122277
0.000860200832979888
-0.00105128202470034
0.000340580751559637
0.00434692213028973
0.00384959491534034
0.00953174738614718
0.00504195343237119
0.00106354857485131
0.00157249184610182
0.000300032194972091
0.00343697793419129
0.00295020757516144
0.0023372861681818
0.00208689162630912
0.00117303638337446
0.000280125533666086
0.000856693717494429
0.00195042224809941
-0.00020631004011601
0.000323955379428029
0.00092732917254247
0.00183435357841385
0.00280415941737408
0.00367097876289526
0
0
0
0
0
0
0
0
0
0
0
0
0
0
0
0
0
0
0
0
0
0
0
0
0
0
0
0
0
0
0
0
0
0
0
0
0
0
0
0
0
0
0
0
0
0
0
0
0
0
0
0
0
0
0
0
0
0
0
0
0
0
0
0
0
0
0
0
0
0
0
0
0
0
0
0
0
0
0
0
0
0
0.0987967880868091
0.0232947711225337
0.0174946329820001
0.00908467264964552
0.00691205658048561
0.0090359682097408
0.0105689912574559
0.00588434110561685
0.00795200345652446
0.0100672875169246
0.00779048057383729
0.00377244400403366
0.00845587047746768
0.0102977192483777
6.02522456832992e-05
0.00363497228787976
0.00843558968982337
0.00529713926446234
0.00719435276123288
0.00298195854079152
0.00618297476466737
0.00483627984640366
0.00602010658084183
0.000571213643651269
0.0018191473945969
0.00420236026743151
0.00244813846795328
0.00312651910088882
0.00264661247955651
0.00150004476654945
0.00389108412674181
0.00136575960471563
-0.000251869285685935
1.66127608654855e-05
0.00219935655350254
0.00221723684556584
0.00181924167739868
-0.000338836755435358
0.00172441921456306
0.0003717313521907
0.00169144871009782
0.00447101570609092
0.00812360791287311
0.00215856183406321
0.000877655078408264
-0.000875241574251365
0.000415466696114752
0.00402544406653002
0.00350370798116245
0.00877985950223265
0.00468526309470667
0.0010162454915882
0.00159784223166414
0.000413557398349504
0.00318989656327454
0.00273784544611242
0.00234075706710394
0.00201068235003156
0.00119952357261861
0.000420718499868855
0.000817099901640876
0.00173891913208975
-6.78563556109014e-05
0.000309670381803347
0.000748550025352962
0.00150110480698979
0.00218607384238531
0.00289132023139602
0
0
0
0
0
0
0
0
0
0
0
0
0
0
0
0
0
0
0
0
0
0
0
0
0
0
0
0
0
0
0
0
0
0
0
0
0
0
0
0
0
0
0
0
0
0
0
0
0
0
0
0
0
0
0
0
0
0
0
0
0
0
0
0
0
0
0
0
0
0
0
0
0
0
0
0
0
0
0
0
0
0
0.097447864667263
0.0226987336694597
0.016903937165941
0.00890983288719179
0.00661426208283696
0.00862983305545299
0.00993935107605669
0.00573006184930455
0.00778245920505581
0.00996779683950014
0.00773103798597887
0.00362353136900199
0.00832260161764638
0.0100175043482227
0.000112314671821889
0.00360619798525885
0.00826466216209778
0.00516422772201843
0.00695066378649883
0.00302197385952091
0.00612361491670327
0.00469239487728726
0.00610470241377041
0.000706499185799647
0.0019515390668515
0.00429914795210668
0.00255765811685374
0.00331251676747277
0.00268902121780959
0.00158141965322588
0.00378312943876817
0.00139586354881401
-0.000142557283722318
0.000185215989080581
0.00223149275085503
0.00216552939512696
0.0017559415700589
-0.000282809254444238
0.00166860698913967
0.000382587330273563
0.00172289984721326
0.0042734157434637
0.0077676179635713
0.00215310434195508
0.00090319575545069
-0.000701078956903001
0.000501772878222139
0.00370738420415749
0.00317672563596221
0.00807551811216372
0.00432033048564006
0.000948386394745599
0.00160235524473713
0.000495896254470284
0.00291582896021668
0.00250047869745544
0.00229376251512617
0.00188144296932127
0.00120967484744967
0.000524794545363473
0.000712403301894796
0.00150091547505445
9.35962881785214e-05
0.000303539739317304
0.000577519454727398
0.00115883337565927
0.00156419602101916
0
0
0
0
0
0
0
0
0
0
0
0
0
0
0
0
0
0
0
0
0
0
0
0
0
0
0
0
0
0
0
0
0
0
0
0
0
0
0
0
0
0
0
0
0
0
0
0
0
0
0
0
0
0
0
0
0
0
0
0
0
0
0
0
0
0
0
0
0
0
0
0
0
0
0
0
0
0
0
0
0
0
0
0.0961465448710241
0.0221012999483534
0.0163364194310802
0.00873793851834083
0.00632831496179928
0.00820554834928087
0.00932414623014467
0.00559288415908033
0.00756280379395683
0.0096504848684074
0.00751078412420016
0.00343353350486732
0.00804937472735946
0.0097172709511873
0.000180489296427867
0.00351108187270783
0.008102292848373
0.0049841202275204
0.00678087642548904
0.00298964427003277
0.00614077818148297
0.00465279854473722
0.00626102885176327
0.0008710617401245
0.00204527784370654
0.0043750967019507
0.00273279485401182
0.00340574867405774
0.0027500270962107
0.00165054049721799
0.00362446700728001
0.00139391923018925
-4.7628116740565e-05
0.000326776389043664
0.00226536086186934
0.00209154129919273
0.00168035558715127
-0.000194964325655843
0.00166328501242586
0.000448397717499604
0.00170286448153489
0.00411206053342625
0.00734706005691275
0.00210794338261976
0.000964952271035768
-0.000543500912114361
0.000619518426659027
0.00338859830801795
0.00288271643160441
0.00736310891397694
0.00404552745442271
0.000861214529775183
0.00157286081899409
0.000574026753038723
0.00262054146581009
0.00223761519545665
0.00209752724224793
0.00169734819758546
0.00113979193328679
0.000585066478517233
0.000632570893130596
0.00122993040674066
0.000206936060659814
0.000337828179737006
0.000401238359264398
0.000815184352680484
0
0
0
0
0
0
0
0
0
0
0
0
0
0
0
0
0
0
0
0
0
0
0
0
0
0
0
0
0
0
0
0
0
0
0
0
0
0
0
0
0
0
0
0
0
0
0
0
0
0
0
0
0
0
0
0
0
0
0
0
0
0
0
0
0
0
0
0
0
0
0
0
0
0
0
0
0
0
0
0
0
0
0
0
0.094917910587698
0.0215325775103633
0.0157945638392225
0.00858524705526979
0.00608004794029753
0.00783524816251301
0.00883252155894536
0.00547980000586193
0.00733127412415637
0.00934007837194
0.00728780627040841
0.00325780267814922
0.00779509171553976
0.00939187418282706
0.00023542348595316
0.00339006838256985
0.00798262115816939
0.00482248222397122
0.00665537170461249
0.00299931668121596
0.00620197367157371
0.0046645429758732
0.00647627435585068
0.00106428320713764
0.00213307199005883
0.00444595212048178
0.00289313274515705
0.00349190485748992
0.00281306700215761
0.00172888816338796
0.00351286049968232
0.00139089002475554
6.55993233415999e-05
0.000431632608761829
0.00229313287910661
0.00203251371075469
0.00162126807564088
-0.000121759532573849
0.00169364008858064
0.000492097353992014
0.00167678054630881
0.00395537204089646
0.00693618532373382
0.00207783876632881
0.00099913446801096
-0.00040188446402876
0.000726313530849959
0.00303820065167353
0.00260623836112605
0.00664133973312483
0.00380180900421686
0.000841200788433807
0.00153063028763812
0.000600657583489589
0.0022846123595822
0.00193367636176723
0.00188513218408943
0.0015300219899428
0.00100636684886693
0.000609666236360366
0.000576547292467154
0.000923821664218878
0.000260369158559765
0.000352290966733639
0
0
0
0
0
0
0
0
0
0
0
0
0
0
0
0
0
0
0
0
0
0
0
0
0
0
0
0
0
0
0
0
0
0
0
0
0
0
0
0
0
0
0
0
0
0
0
0
0
0
0
0
0
0
0
0
0
0
0
0
0
0
0
0
0
0
0
0
0
0
0
0
0
0
0
0
0
0
0
0
0
0
0
0
0
0
0.0939068749490771
0.0210474851552221
0.0152623517221419
0.00844799573717775
0.00585579358932416
0.00745976403938
0.00836449866342165
0.00540283125080963
0.007082684690246
0.00897789919763906
0.0070657461079579
0.00319605809301457
0.0076559406550793
0.00910991547662403
0.000328733637441126
0.00331539015956142
0.00787963844379517
0.00470544187200004
0.0065411093819782
0.0030910438570069
0.00630792877513468
0.00477976743620755
0.00673586237928605
0.00127554559758187
0.00220812096253335
0.0045148313511828
0.00306479735994912
0.00355704073178467
0.00284697909180171
0.00188888076213636
0.00343774553532258
0.00138493303698004
9.73362323340205e-05
0.000487792435161655
0.00227369261242033
0.0019877534300046
0.00156860747318111
-3.38092342199449e-05
0.00173261710440943
0.000568128798995896
0.00164848257854763
0.00379000035343912
0.00649537145905295
0.00203649991837075
0.0011240876361538
-0.000278037667095734
0.000815199114479677
0.00276063516037668
0.00236529637219104
0.00590845242419186
0.00353609703116135
0.00085380804096638
0.00145033774207051
0.000618818727134818
0.0019169922380639
0.00162342405790084
0.00161701702535187
0.00135497969258762
0.0009146858202597
0.000590349209833211
0.000493874037184426
0.000609093870527737
0
0
0
0
0
0
0
0
0
0
0
0
0
0
0
0
0
0
0
0
0
0
0
0
0
0
0
0
0
0
0
0
0
0
0
0
0
0
0
0
0
0
0
0
0
0
0
0
0
0
0
0
0
0
0
0
0
0
0
0
0
0
0
0
0
0
0
0
0
0
0
0
0
0
0
0
0
0
0
0
0
0
0
0
0
0
0
0
0.092935257335367
0.0205902587276936
0.0147560808819928
0.00833711372213499
0.00564553036709839
0.00712197296898702
0.00792446039555476
0.0053389602459764
0.00687468239930739
0.00861136654360334
0.00682645539312096
0.00312843185394517
0.00749920700837888
0.00883067298384122
0.000427030868103297
0.00322262674496824
0.00780187558086325
0.00458360411176496
0.00642367513517606
0.00317979637658854
0.00641702851959157
0.00490398773297523
0.00698682790702834
0.00151054305255661
0.0023106839939795
0.0045905027130911
0.00323870880023481
0.00359471287302464
0.00284284437158198
0.0020341784921771
0.00335375101854517
0.00140495208461709
0.000125855323624357
0.00048204471052977
0.00222033531685091
0.00190659365132104
0.00150742175128977
4.1238775334207e-05
0.00176976900547664
0.000656419879685964
0.00167346551104139
0.00361912906515624
0.0060736446617936
0.00195688121282044
0.00122354574265369
-0.000142933846179271
0.000905356301577942
0.00249868734758811
0.00213075178776698
0.00521168418344188
0.0032556330042453
0.000838518092437011
0.00136656598995309
0.000664237167012696
0.00155845688383524
0.00129173439309202
0.00132864958728904
0
0
0
0
0
0
0
0
0
0
0
0
0
0
0
0
0
0
0
0
0
0
0
0
0
0
0
0
0
0
0
0
0
0
0
0
0
0
0
0
0
0
0
0
0
0
0
0
0
0
0
0
0
0
0
0
0
0
0
0
0
0
0
0
0
0
0
0
0
0
0
0
0
0
0
0
0
0
0
0
0
0
0
0
0
0
0
0
0
0
0
0
0
0.0920418264688452
0.0201786243390732
0.0143325506658603
0.00823167845818966
0.00542719299237983
0.00679702505311265
0.00753082277381304
0.00529751168816812
0.00666994587624662
0.0083491792238478
0.00659237323705919
0.00302624189960873
0.00735416263903076
0.00859847798681197
0.000570398292018555
0.00316371839598383
0.00773985384493419
0.00451534068518249
0.00631138747605741
0.00327852880205776
0.00653560448542995
0.00507370473884644
0.00731856461090897
0.00172802999141559
0.00247746980009754
0.00471589035562882
0.00338827002607865
0.00366157425145167
0.00284176339230481
0.00216122195452061
0.0033541935902707
0.0014868807091727
0.000239656174840635
0.000545576596774064
0.00215746579940751
0.00182852266200639
0.00145593465258426
0.000135296658903581
0.0018205030734415
0.000755663189179848
0.00173882566105623
0.00351157570040021
0.00568578977555167
0.00193521166731914
0.00131281768210837
-7.37107437279394e-06
0.00107358277835196
0.00226818062911099
0.00189791428575352
0.00454563456700792
0.00297836660636505
0.00079306731792863
0.00125267773810306
0.000664106483508086
0.00118808154495889
0.000988802159409906
0
0
0
0
0
0
0
0
0
0
0
0
0
0
0
0
0
0
0
0
0
0
0
0
0
0
0
0
0
0
0
0
0
0
0
0
0
0
0
0
0
0
0
0
0
0
0
0
0
0
0
0
0
0
0
0
0
0
0
0
0
0
0
0
0
0
0
0
0
0
0
0
0
0
0
0
0
0
0
0
0
0
0
0
0
0
0
0
0
0
0
0
0
0
0.09121376902115
0.0197558214590001
0.0139142295328842
0.00813704128466557
0.00522244913042775
0.00651388871159611
0.00715611614285846
0.00529918604706983
0.00651425169565642
0.00813028412534183
0.00649269839596174
0.00291735764826626
0.00718794678664501
0.008386490182601
0.000703368994447843
0.00315061787898051
0.00769717006088772
0.00442877148845684
0.00621261340363948
0.00336335630012247
0.00666613712769701
0.00527675879771277
0.00769164342246253
0.0019473215322852
0.00261956440141279
0.00486587695375306
0.00356431634446715
0.00371489126808974
0.00283830374338974
0.00222194641125915
0.00331011193846853
0.00154743825956552
0.000331249991660085
0.000659269057117083
0.00210744943004511
0.00174924078261182
0.00140390513609751
0.000192049061173346
0.00185372749696496
0.000836241721472426
0.00178891277204655
0.00340574235580339
0.00533465242746748
0.00185782115921298
0.00135217135314836
8.02506185583311e-05
0.00114481716965783
0.00200975803592485
0.00164218093745502
0.00389240129006507
0.00268654463115285
0.000772891124522776
0.00112660758191435
0.000599019506930002
0.000815341434836255
0
0
0
0
0
0
0
0
0
0
0
0
0
0
0
0
0
0
0
0
0
0
0
0
0
0
0
0
0
0
0
0
0
0
0
0
0
0
0
0
0
0
0
0
0
0
0
0
0
0
0
0
0
0
0
0
0
0
0
0
0
0
0
0
0
0
0
0
0
0
0
0
0
0
0
0
0
0
0
0
0
0
0
0
0
0
0
0
0
0
0
0
0
0
0
0.0904846171065676
0.0193773752995331
0.0135970883194336
0.0080706627479556
0.00501978281923166
0.00625692372946993
0.00680392905548604
0.0052954978480982
0.00633565210559763
0.00786302085939
0.0063819542378353
0.00284391811188511
0.00698537142797194
0.00810815938844182
0.000801416164708722
0.00309904182039729
0.00763153056880512
0.00432739070058682
0.00603245882361683
0.0034235931104473
0.00675712442864702
0.00546385037960201
0.00807068725868272
0.00218617192722477
0.00281214176549497
0.00500008217675993
0.00375637902019496
0.00379015833815458
0.00283169064565382
0.00228586406463173
0.00325706397165286
0.00159297017088195
0.000385982437988899
0.000760216162704938
0.00208552601368603
0.00167234659796075
0.00131364670741529
0.000235538347487005
0.0018737913908903
0.000891227970296093
0.00182754388585743
0.00330949841456758
0.00498772865154977
0.00180692484353084
0.00137902049455355
0.000196489499696545
0.00118949936157895
0.001744959027338
0.00141710001014906
0.00319128820787381
0.00234958637160751
0
0
0
0
0
0
0
0
0
0
0
0
0
0
0
0
0
0
0
0
0
0
0
0
0
0
0
0
0
0
0
0
0
0
0
0
0
0
0
0
0
0
0
0
0
0
0
0
0
0
0
0
0
0
0
0
0
0
0
0
0
0
0
0
0
0
0
0
0
0
0
0
0
0
0
0
0
0
0
0
0
0
0
0
0
0
0
0
0
0
0
0
0
0
0
0
0
0
0
0.0898427952432103
0.0189995412851276
0.0133193785998424
0.00801310181470227
0.00480482339611654
0.00598639261696834
0.00646494502151065
0.00528351310460398
0.00614284959617186
0.00758404188561422
0.00628283624930253
0.00278678883026291
0.0068704924439925
0.00786902441284306
0.000870373191547277
0.00306069329940228
0.00754705650263815
0.00423829186165728
0.00586991470699593
0.00348593360993854
0.00688496313257295
0.00564895668260466
0.00839940092516346
0.00244245882978467
0.00301533379414792
0.00514309069024587
0.00395534803483846
0.00390901632336802
0.0028510871307625
0.00235220538640994
0.00323374835823102
0.00163259851784864
0.000426623965173791
0.000852442876735425
0.00205262483267887
0.00165225715459553
0.0012335837794834
0.000281799259976707
0.00187312618877587
0.000912755203732085
0.00182859903447405
0.00319402578580228
0.00462630911603346
0.00174826722703897
0.00139839868640107
0.000318250790868056
0.00123095723239522
0.00148034373240025
0.00118177834174483
0.00249487575544084
0.0019543371006271
0
0
0
0
0
0
0
0
0
0
0
0
0
0
0
0
0
0
0
0
0
0
0
0
0
0
0
0
0
0
0
0
0
0
0
0
0
0
0
0
0
0
0
0
0
0
0
0
0
0
0
0
0
0
0
0
0
0
0
0
0
0
0
0
0
0
0
0
0
0
0
0
0
0
0
0
0
0
0
0
0
0
0
0
0
0
0
0
0
0
0
0
0
0
0
0
0
0
0
0.0888753125168985
0.0186035058949549
0.01314225316568
0.00802874642158072
0.00470403977232804
0.00577939046155127
0.00617558805785044
0.00514481159643314
0.00589602882628933
0.00731202446061656
0.00611024477279728
0.00277198274293584
0.00682586263730693
0.00776254285983674
0.000888981029337575
0.00292608320741679
0.00725276470419644
0.00413468409292781
0.00574653977128792
0.00355587774933317
0.0067497000939723
0.00548093068978425
0.00816574344321469
0.00270312809371352
0.00322401825127027
0.00534079224384401
0.00400587239024362
0.0038941087935319
0.00284974208368278
0.00248296589143733
0.00320553266776868
0.00167873448013137
0.000458549225790376
0.000870707698718133
0.00194500243412248
0.00151905413905811
0.00118647511916322
0.000329419228398518
0.00167357171238388
0.000897105559929886
0.0017075989789825
0.00292702612544374
0.00409315249493323
0.00168788459419964
0.00138930248486692
0.00044203094806578
0.00094017541855007
0.00106759831567766
0.000878091362725163
0.00178110966910308
0
0
0
0
0
0
0
0
0
0
0
0
0
0
0
0
0
0
0
0
0
0
0
0
0
0
0
0
0
0
0
0
0
0
0
0
0
0
0
0
0
0
0
0
0
0
0
0
0
0
0
0
0
0
0
0
0
0
0
0
0
0
0
0
0
0
0
0
0
0
0
0
0
0
0
0
0
0
0
0
0
0
0
0
0
0
0
0
0
0
0
0
0
0
0
0
0
0
0
0
0.0881034636783314
0.0182014880587092
0.0130119100345949
0.00810426330993583
0.00465991716095568
0.00561285309768433
0.00589841313184846
0.00500089898918976
0.00570186345877256
0.00704949696695255
0.00591958138149666
0.00271321192485571
0.00672260832832263
0.00764448017405913
0.00098120882924173
0.00282022261384871
0.00695310834223667
0.00402261750011264
0.00560609547608062
0.00365065268688616
0.00662730435829863
0.00529142082552469
0.00796067087634534
0.00295356271495109
0.00343591155081664
0.00556082972880924
0.00409848494761393
0.00393717086337329
0.00286758336070603
0.00268211645937227
0.00325990926040024
0.00172364324147054
0.000482065701198559
0.000826965165331979
0.0017391007619396
0.00134050180877436
0.00111607960578861
0.0004147537083359
0.001506598743664
0.000812690381993223
0.00149699524792738
0.00256875931289153
0.00352213626509422
0.00158365170149996
0.00131844239438126
0.000538018609462386
0.00067586820572845
0.000679052190209925
0.000635310805294993
0.00107525290134505
0
0
0
0
0
0
0
0
0
0
0
0
0
0
0
0
0
0
0
0
0
0
0
0
0
0
0
0
0
0
0
0
0
0
0
0
0
0
0
0
0
0
0
0
0
0
0
0
0
0
0
0
0
0
0
0
0
0
0
0
0
0
0
0
0
0
0
0
0
0
0
0
0
0
0
0
0
0
0
0
0
0
0
0
0
0
0
0
0
0
0
0
0
0
0
0
0
0
0
0
0.087387404047274
0.0179549340129041
0.0129198138285035
0.00821105300538603
0.00468782123628608
0.00550259225338783
0.00567745852175159
0.00487811661704454
0.00551374312144224
0.00681369649896764
0.00574159646008958
0.00265412467146099
0.00661497935020807
0.00751799306159565
0.00105955121427746
0.00273912980719582
0.00665866169800879
0.00389760900246873
0.00545259763802473
0.00371437017100921
0.00651914642021674
0.00509043259311548
0.00773209475061918
0.00321579141587421
0.00365319328471442
0.00577544627519418
0.0041989037793317
0.00399175130038782
0.00293127348391863
0.002878783956879
0.00334171160460845
0.00178823291858437
0.000492071567790791
0.000795389608410724
0.00153651572026028
0.00116215134032052
0.00102412069761093
0.00046864340596037
0.00135233572180365
0.000705678698703645
0.00125136048691613
0.00219702457056225
0.00293810902977192
0.00145650526569446
0
0
0
0
0
0
0
0
0
0
0
0
0
0
0
0
0
0
0
0
0
0
0
0
0
0
0
0
0
0
0
0
0
0
0
0
0
0
0
0
0
0
0
0
0
0
0
0
0
0
0
0
0
0
0
0
0
0
0
0
0
0
0
0
0
0
0
0
0
0
0
0
0
0
0
0
0
0
0
0
0
0
0
0
0
0
0
0
0
0
0
0
0
0
0
0
0
0
0
0
0
0
0
0
0
0
0.0866487582134021
0.0176716633841079
0.0126947111233633
0.00809336942232407
0.0047007706065771
0.00536162054343777
0.00547655089340116
0.00474565076951976
0.00532031417491522
0.00658170968730872
0.00549511014811009
0.00258058492389334
0.00651054627125482
0.00735042064777509
0.00116663526518161
0.00273356817876963
0.00644875537110711
0.00376393546420155
0.00525455403661337
0.00365400908724373
0.00638830165358977
0.00493657674369999
0.00752897188223439
0.00333369028393819
0.00373711611636001
0.00571467712894111
0.00430410449957393
0.00409636813990559
0.00305651330178414
0.00297542953189556
0.00337460564328128
0.00190110711084816
0.000564828084149678
0.00078419927925802
0.00134357651605437
0.0010206277809786
0.000910162584504173
0.00046226882516977
0.00117717931599496
0.000644689414938199
0.00102182860098402
0.00174186860201606
0.00234586717245544
0
0
0
0
0
0
0
0
0
0
0
0
0
0
0
0
0
0
0
0
0
0
0
0
0
0
0
0
0
0
0
0
0
0
0
0
0
0
0
0
0
0
0
0
0
0
0
0
0
0
0
0
0
0
0
0
0
0
0
0
0
0
0
0
0
0
0
0
0
0
0
0
0
0
0
0
0
0
0
0
0
0
0
0
0
0
0
0
0
0
0
0
0
0
0
0
0
0
0
0
0
0
0
0
0
0
0
0.0859304308161869
0.0173931666847025
0.012504983129477
0.00804932743257139
0.00471827022780731
0.00523976629396775
0.00532690055161552
0.00465241364254691
0.00517709798448365
0.00637938887977947
0.00526699208926288
0.00251698042440803
0.00641002405500314
0.00718642692239799
0.00127086408480015
0.00272779601891875
0.00625622746853182
0.00367093591594991
0.00504076664837975
0.00356668581593152
0.00622937440049015
0.004755930000198
0.00733342824456091
0.00345103499288952
0.00376822068408493
0.00563705266304768
0.00436971826862057
0.00417763578137282
0.00318996937982174
0.00309305967602402
0.00343385896582878
0.0020099608158399
0.0006725818280522
0.000801871210103648
0.00114360842217308
0.00088780147204029
0.000786581157609427
0.000439794146960249
0.000982966296698484
0.0005734705130666
0.000808161812471029
0.00127184540526869
0
0
0
0
0
0
0
0
0
0
0
0
0
0
0
0
0
0
0
0
0
0
0
0
0
0
0
0
0
0
0
0
0
0
0
0
0
0
0
0
0
0
0
0
0
0
0
0
0
0
0
0
0
0
0
0
0
0
0
0
0
0
0
0
0
0
0
0
0
0
0
0
0
0
0
0
0
0
0
0
0
0
0
0
0
0
0
0
0
0
0
0
0
0
0
0
0
0
0
0
0
0
0
0
0
0
0
0
0.0852306787177793
0.017124626500789
0.0123419893911227
0.00801449170505477
0.00473291947116902
0.00511965988450049
0.00517249665499019
0.00458359463128576
0.00505361780758805
0.00622368692319491
0.00505814491265938
0.00243714850743181
0.00629388213517122
0.00701960534117598
0.00137802208876596
0.00271063171301854
0.00609300995680563
0.0036113922852903
0.00489406696224105
0.00346940168555045
0.00605873953565984
0.00456721974897143
0.00709634458901576
0.00354440171311615
0.00380645295252379
0.00552210935324073
0.00442896945093008
0.00421452870332885
0.00331807551641702
0.00323081511961966
0.00349624538357866
0.00212597301140158
0.000762588244582641
0.000822502230148296
0.000943000392023217
0.000734992932011505
0.000649252626122193
0.000385690930999073
0.000745005642660537
0.000460566013309075
0.000569483707187676
0
0
0
0
0
0
0
0
0
0
0
0
0
0
0
0
0
0
0
0
0
0
0
0
0
0
0
0
0
0
0
0
0
0
0
0
0
0
0
0
0
0
0
0
0
0
0
0
0
0
0
0
0
0
0
0
0
0
0
0
0
0
0
0
0
0
0
0
0
0
0
0
0
0
0
0
0
0
0
0
0
0
0
0
0
0
0
0
0
0
0
0
0
0
0
0
0
0
0
0
0
0
0
0
0
0
0
0
0
0.0845737310556119
0.0168939323055943
0.0121937795497917
0.00800112828660448
0.00477846951614093
0.00503754396752154
0.00502659524469385
0.00452035730845042
0.0049573585565115
0.00609298573957134
0.00485376675338084
0.00235670779838437
0.0060881217917917
0.00683843620752479
0.00148841697686318
0.00269686561999629
0.00592699078870465
0.00357993576306772
0.00477221713179967
0.00343374284812537
0.00588576309804728
0.00438235848565818
0.00683886237083958
0.00351525691457015
0.00376430159826654
0.00539456846217695
0.00441780530976566
0.00424125581754277
0.0034116584251352
0.00334770452456999
0.0035740393173748
0.00222141558653151
0.000877425906161709
0.00079582401441349
0.000759382035574301
0.000595768223242962
0.000495097586131005
0
0
0
0
0
0
0
0
0
0
0
0
0
0
0
0
0
0
0
0
0
0
0
0
0
0
0
0
0
0
0
0
0
0
0
0
0
0
0
0
0
0
0
0
0
0
0
0
0
0
0
0
0
0
0
0
0
0
0
0
0
0
0
0
0
0
0
0
0
0
0
0
0
0
0
0
0
0
0
0
0
0
0
0
0
0
0
0
0
0
0
0
0
0
0
0
0
0
0
0
0
0
0
0
0
0
0
0
0
0
0
0
0
0.0839392072166463
0.0166725565273856
0.0120261807255235
0.00800224318153052
0.00483759241008269
0.00496869318064369
0.00489164530995712
0.00441835650263594
0.0048885998406084
0.00597960643999648
0.00467629915185908
0.00232511491856891
0.00590847710283957
0.00664393605585046
0.0015760460997645
0.00267050749039171
0.00575807334252204
0.0035444095038158
0.00464769275464349
0.0034336865869222
0.00577983974250123
0.00420116660159629
0.00656934838578193
0.00343230400211015
0.00367566171605317
0.00524478206203707
0.00441384189675148
0.00419470875300335
0.00344881207614801
0.00340078406908985
0.00355816391927792
0.00231548776695881
0.000998751481741572
0.000780646383973608
0.000559006641373124
0
0
0
0
0
0
0
0
0
0
0
0
0
0
0
0
0
0
0
0
0
0
0
0
0
0
0
0
0
0
0
0
0
0
0
0
0
0
0
0
0
0
0
0
0
0
0
0
0
0
0
0
0
0
0
0
0
0
0
0
0
0
0
0
0
0
0
0
0
0
0
0
0
0
0
0
0
0
0
0
0
0
0
0
0
0
0
0
0
0
0
0
0
0
0
0
0
0
0
0
0
0
0
0
0
0
0
0
0
0
0
0
0
0
0
0.0833151150424107
0.0164422287451348
0.0118641613679418
0.00801298558799439
0.00489780261555283
0.00491654282144428
0.00476300118269489
0.00431039972858556
0.00479222895303196
0.00586833149243167
0.00451655142419399
0.00231610345808028
0.00577673477023161
0.00644077076711045
0.00155300257300408
0.00258154357093057
0.00555391880012332
0.00348684897471667
0.00447865614079463
0.00346622424956956
0.00572007521067133
0.00413682451020477
0.00631593244198834
0.00333668199620965
0.0035347486276277
0.00498366009272216
0.00433474295450859
0.00414705919330755
0.00341589844313354
0.00339207325999491
0.00342429775387737
0.0023185850521405
0
0
0
0
0
0
0
0
0
0
0
0
0
0
0
0
0
0
0
0
0
0
0
0
0
0
0
0
0
0
0
0
0
0
0
0
0
0
0
0
0
0
0
0
0
0
0
0
0
0
0
0
0
0
0
0
0
0
0
0
0
0
0
0
0
0
0
0
0
0
0
0
0
0
0
0
0
0
0
0
0
0
0
0
0
0
0
0
0
0
0
0
0
0
0
0
0
0
0
0
0
0
0
0
0
0
0
0
0
0
0
0
0
0
0
0
0
0
0.0826817514082995
0.0162306475096674
0.011695136292549
0.00805224957676699
0.00498606169778286
0.00486510132195366
0.0046339319776627
0.00422291623406623
0.00472164365192642
0.00576696961726145
0.00440349219368271
0.00235426767878639
0.00567445536055809
0.00624149988309628
0.00150291298462156
0.00239344952410495
0.00534495070396864
0.00342722379392384
0.00429367363998093
0.00347913973930313
0.00566304585836448
0.00406993352680672
0.00604787401168127
0.00319162277848195
0.00334141267608008
0.00470315956897042
0.00415859810260109
0.00401276662321388
0.00336745557615579
0.00332652384449692
0.00327835921353163
0
0
0
0
0
0
0
0
0
0
0
0
0
0
0
0
0
0
0
0
0
0
0
0
0
0
0
0
0
0
0
0
0
0
0
0
0
0
0
0
0
0
0
0
0
0
0
0
0
0
0
0
0
0
0
0
0
0
0
0
0
0
0
0
0
0
0
0
0
0
0
0
0
0
0
0
0
0
0
0
0
0
0
0
0
0
0
0
0
0
0
0
0
0
0
0
0
0
0
0
0
0
0
0
0
0
0
0
0
0
0
0
0
0
0
0
0
0
0
0.0820532711037384
0.0160092873218662
0.0115238068168501
0.00806646583479581
0.00506758466986023
0.00482310193584246
0.00450525977774821
0.00413325675187164
0.00465976478568762
0.00565771005889542
0.0042755797877092
0.00239312428553317
0.00560627682457235
0.00607056781895668
0.00149261920653147
0.00221827594940068
0.00511355752474728
0.00334768072849141
0.00410291460227131
0.00349071640463283
0.0056018446622812
0.00402386978314108
0.00580428604319167
0.00308554228626518
0.00313072652936298
0.00440017899721729
0.00395357545070958
0.00383653306604819
0.00329571175920702
0.00325469182030049
0.00307719820475251
0
0
0
0
0
0
0
0
0
0
0
0
0
0
0
0
0
0
0
0
0
0
0
0
0
0
0
0
0
0
0
0
0
0
0
0
0
0
0
0
0
0
0
0
0
0
0
0
0
0
0
0
0
0
0
0
0
0
0
0
0
0
0
0
0
0
0
0
0
0
0
0
0
0
0
0
0
0
0
0
0
0
0
0
0
0
0
0
0
0
0
0
0
0
0
0
0
0
0
0
0
0
0
0
0
0
0
0
0
0
0
0
0
0
0
0
0
0
0
0.0814406764256324
0.0157781108653798
0.011363738369214
0.00805219474604606
0.00514111866638627
0.00480236303611012
0.00440774704282385
0.00405102791535309
0.00459074727519883
0.00556893201290332
0.00418637400615338
0.00240103874944121
0.00555875073545778
0.00593961254426736
0.00152296098650494
0.00207597944667308
0.00489293829797329
0.00324181429812353
0.00388766696304601
0.00348600047816007
0.00552349628420627
0.00395070009622112
0.00557046111145746
0.00299552748872807
0.00294740480412474
0.00408303514132431
0.0037152468620523
0.00360277252031216
0.0031859870156466
0.00318601243649592
0.00287777387533724
0
0
0
0
0
0
0
0
0
0
0
0
0
0
0
0
0
0
0
0
0
0
0
0
0
0
0
0
0
0
0
0
0
0
0
0
0
0
0
0
0
0
0
0
0
0
0
0
0
0
0
0
0
0
0
0
0
0
0
0
0
0
0
0
0
0
0
0
0
0
0
0
0
0
0
0
0
0
0
0
0
0
0
0
0
0
0
0
0
0
0
0
0
0
0
0
0
0
0
0
0
0
0
0
0
0
0
0
0
0
0
0
0
0
0
0
0
0
0
0.0808941134389563
0.0155662951762572
0.011216110912075
0.0080647830332909
0.00521013142884457
0.00482197931269647
0.00434959424363538
0.00399110803060328
0.00452087944571706
0.00545885821235516
0.0041109282519583
0.00243284601861711
0.00548217904679492
0.00584872021779122
0.00158936901594084
0.00197881584688954
0.00470379130404295
0.0031538752880189
0.00365001337325063
0.00345964470182915
0.00544103090472795
0.00387915940269485
0.00534097306196614
0.00292246124059802
0.00277179163607153
0.00379023853221984
0.00345870688599628
0.00334795794225471
0.00301866611338146
0.00306106129497914
0
0
0
0
0
0
0
0
0
0
0
0
0
0
0
0
0
0
0
0
0
0
0
0
0
0
0
0
0
0
0
0
0
0
0
0
0
0
0
0
0
0
0
0
0
0
0
0
0
0
0
0
0
0
0
0
0
0
0
0
0
0
0
0
0
0
0
0
0
0
0
0
0
0
0
0
0
0
0
0
0
0
0
0
0
0
0
0
0
0
0
0
0
0
0
0
0
0
0
0
0
0
0
0
0
0
0
0
0
0
0
0
0
0
0
0
0
0
0
0
0.0803986830799248
0.0153650464423849
0.0110647669746098
0.0080737570610051
0.00526787741164279
0.00480215821336978
0.0042766444192075
0.00393571724313297
0.0044721953585345
0.00536316814168072
0.00403894722703477
0.00248725448944642
0.00543204512832953
0.00574549693256103
0.00166476604398745
0.00191387187860683
0.00455246977589051
0.00311808560301196
0.00344315853995363
0.00340739416570296
0.00533132866074187
0.00379862510889872
0.00510519279965916
0.00284286879902855
0.00261600976995608
0.0035094463570264
0.00321443194569687
0.00307303361508226
0.0028168203304412
0.00286676837039081
0
0
0
0
0
0
0
0
0
0
0
0
0
0
0
0
0
0
0
0
0
0
0
0
0
0
0
0
0
0
0
0
0
0
0
0
0
0
0
0
0
0
0
0
0
0
0
0
0
0
0
0
0
0
0
0
0
0
0
0
0
0
0
0
0
0
0
0
0
0
0
0
0
0
0
0
0
0
0
0
0
0
0
0
0
0
0
0
0
0
0
0
0
0
0
0
0
0
0
0
0
0
0
0
0
0
0
0
0
0
0
0
0
0
0
0
0
0
0
0
0.0800142883119505
0.0152220903856709
0.0109580708581144
0.00809630987507831
0.00533950099737625
0.00479100547167694
0.00420468490044134
0.00390713029805749
0.00447551608190049
0.00531538900001921
0.00398516622686453
0.00252482465085817
0.00539709174692291
0.00562806782972079
0.00170090248858597
0.00186013281973182
0.00443558945019436
0.00310086913243953
0.00327636573065015
0.00342469373450584
0.00522493888569597
0.00368948476759314
0.00486708972166235
0.00276117111734719
0.00244399014116254
0.00320255348779438
0.00295276154304942
0.00277692699614619
0.00251427901766609
0.00260704606237885
0
0
0
0
0
0
0
0
0
0
0
0
0
0
0
0
0
0
0
0
0
0
0
0
0
0
0
0
0
0
0
0
0
0
0
0
0
0
0
0
0
0
0
0
0
0
0
0
0
0
0
0
0
0
0
0
0
0
0
0
0
0
0
0
0
0
0
0
0
0
0
0
0
0
0
0
0
0
0
0
0
0
0
0
0
0
0
0
0
0
0
0
0
0
0
0
0
0
0
0
0
0
0
0
0
0
0
0
0
0
0
0
0
0
0
0
0
0
0
0
0.0795978024021059
0.0150853732756095
0.0108973947086804
0.00814119516293111
0.00543693775608642
0.0048027906229304
0.0041527386511306
0.00389307058210883
0.00449820444629218
0.00530854274586977
0.00395539806146316
0.00254070817082702
0.00532347221535294
0.00553023378406817
0.00174039027156716
0.00177106650126337
0.00432083286086726
0.00313746133848546
0.00312364404530675
0.00347524775042735
0.00512619579223477
0.00353287162585131
0.00461006278452532
0.0026796049034508
0.00225411567899332
0.00286905428851101
0.00263600672413029
0.00246523661152039
0.00219108653375829
0
0
0
0
0
0
0
0
0
0
0
0
0
0
0
0
0
0
0
0
0
0
0
0
0
0
0
0
0
0
0
0
0
0
0
0
0
0
0
0
0
0
0
0
0
0
0
0
0
0
0
0
0
0
0
0
0
0
0
0
0
0
0
0
0
0
0
0
0
0
0
0
0
0
0
0
0
0
0
0
0
0
0
0
0
0
0
0
0
0
0
0
0
0
0
0
0
0
0
0
0
0
0
0
0
0
0
0
0
0
0
0
0
0
0
0
0
0
0
0
0
0.0792599358870078
0.0149798031234069
0.0108438033761283
0.00824793060893098
0.00554882941959639
0.00482110133246272
0.0040966926753059
0.00387221060103553
0.00449689875679819
0.00529559350165592
0.00393785845075245
0.00256005934937826
0.00523850877792561
0.00537204995198289
0.00178686594446605
0.00171213863588311
0.00419625498185727
0.00318877302557306
0.00300978058221833
0.00355333369369949
0.0050632574221144
0.00339705701237355
0.00438393373343021
0.0026126856369211
0.00205707630861515
0.00254222958427549
0.00232198989730589
0.00217775272598073
0
0
0
0
0
0
0
0
0
0
0
0
0
0
0
0
0
0
0
0
0
0
0
0
0
0
0
0
0
0
0
0
0
0
0
0
0
0
0
0
0
0
0
0
0
0
0
0
0
0
0
0
0
0
0
0
0
0
0
0
0
0
0
0
0
0
0
0
0
0
0
0
0
0
0
0
0
0
0
0
0
0
0
0
0
0
0
0
0
0
0
0
0
0
0
0
0
0
0
0
0
0
0
0
0
0
0
0
0
0
0
0
0
0
0
0
0
0
0
0
0
0
0.0788865721482942
0.0148396441432951
0.0108287853628117
0.00824209523923547
0.00572241416224007
0.00485734883476236
0.00406732827387617
0.0038661145513506
0.004516113627407
0.00528418908655357
0.0039178368482081
0.00255718370154137
0.00511109476506674
0.00518594957415057
0.00178946961802934
0.00166117169586346
0.00409238386686761
0.00323345305481743
0.00292550777149063
0.00368882659829379
0.00505098789626103
0.00329833237711865
0.00406400911554283
0.00242642675243174
0.00186183173134982
0.00222745903953805
0.00201704577394473
0.00189402736717925
0
0
0
0
0
0
0
0
0
0
0
0
0
0
0
0
0
0
0
0
0
0
0
0
0
0
0
0
0
0
0
0
0
0
0
0
0
0
0
0
0
0
0
0
0
0
0
0
0
0
0
0
0
0
0
0
0
0
0
0
0
0
0
0
0
0
0
0
0
0
0
0
0
0
0
0
0
0
0
0
0
0
0
0
0
0
0
0
0
0
0
0
0
0
0
0
0
0
0
0
0
0
0
0
0
0
0
0
0
0
0
0
0
0
0
0
0
0
0
0
0
0
0.0784553760368509
0.014682052991984
0.010803273165666
0.00813678482428216
0.0058874173517244
0.00496488540277253
0.00403647234826609
0.00383586247728158
0.00454059926389492
0.00527070903710535
0.00390401050237293
0.0025519791814931
0.00500235573463254
0.00500004503452158
0.00179028525106006
0.00160985091989526
0.0039844903167545
0.00327715176052482
0.00287433983321586
0.00385793860487394
0.00505987501703373
0.00321005720575608
0.00382029714638066
0.00228103682883645
0.00162221878258315
0.00187757111020312
0.0016620007047836
0.0015749006905125
0
0
0
0
0
0
0
0
0
0
0
0
0
0
0
0
0
0
0
0
0
0
0
0
0
0
0
0
0
0
0
0
0
0
0
0
0
0
0
0
0
0
0
0
0
0
0
0
0
0
0
0
0
0
0
0
0
0
0
0
0
0
0
0
0
0
0
0
0
0
0
0
0
0
0
0
0
0
0
0
0
0
0
0
0
0
0
0
0
0
0
0
0
0
0
0
0
0
0
0
0
0
0
0
0
0
0
0
0
0
0
0
0
0
0
0
0
0
0
0
0
0
0.0781351683980927
0.0145292153563208
0.010803003382653
0.0080390968297267
0.00612384521930779
0.00511049693101508
0.00404012335703443
0.00381531529672522
0.00456895763377162
0.00525971598275399
0.00390708776394105
0.00253313924112
0.00489549070539493
0.00482876424865538
0.00179718265473091
0.00155206575538545
0.00385114207736996
0.0033294949619218
0.00282935073563839
0.0040102321809444
0.00511342146287161
0.00316302725975118
0.00359658120258433
0.00214867750983313
0.00137426486898149
0.0014933827661135
0.00128149164410652
0
0
0
0
0
0
0
0
0
0
0
0
0
0
0
0
0
0
0
0
0
0
0
0
0
0
0
0
0
0
0
0
0
0
0
0
0
0
0
0
0
0
0
0
0
0
0
0
0
0
0
0
0
0
0
0
0
0
0
0
0
0
0
0
0
0
0
0
0
0
0
0
0
0
0
0
0
0
0
0
0
0
0
0
0
0
0
0
0
0
0
0
0
0
0
0
0
0
0
0
0
0
0
0
0
0
0
0
0
0
0
0
0
0
0
0
0
0
0
0
0
0
0
0.0776583733533265
0.0144427042862903
0.0106816796128056
0.0079478320231451
0.00631325456585332
0.00528367373749727
0.00406718804278477
0.00385352583850184
0.00457193297442557
0.00521017954334647
0.00391064171830035
0.00256136791692614
0.00485267060094414
0.00467840826135329
0.00181624954181526
0.0015118324150977
0.00371724049788769
0.0032089629123175
0.0027005707665517
0.00379738411716384
0.004826094166486
0.00304852031793911
0.00336813072747866
0.00201124572131982
0.00127077539248352
0
0
0
0
0
0
0
0
0
0
0
0
0
0
0
0
0
0
0
0
0
0
0
0
0
0
0
0
0
0
0
0
0
0
0
0
0
0
0
0
0
0
0
0
0
0
0
0
0
0
0
0
0
0
0
0
0
0
0
0
0
0
0
0
0
0
0
0
0
0
0
0
0
0
0
0
0
0
0
0
0
0
0
0
0
0
0
0
0
0
0
0
0
0
0
0
0
0
0
0
0
0
0
0
0
0
0
0
0
0
0
0
0
0
0
0
0
0
0
0
0
0
0
0
0
0.0770436807078443
0.0143223594886545
0.0105597479052073
0.00787634895479762
0.00649814747432972
0.00538283435564904
0.00414205233206557
0.00392606228287024
0.00462967888077897
0.00517401909605321
0.00392916333108042
0.00258325328594245
0.00481699859166916
0.00453207664157348
0.00185157020123517
0.00151161927449783
0.00362616249509805
0.00311238991374661
0.00255857291365373
0.00361412151987509
0.00459539312704051
0.00292057240284385
0.00318291576017004
0.00192926865199784
0
0
0
0
0
0
0
0
0
0
0
0
0
0
0
0
0
0
0
0
0
0
0
0
0
0
0
0
0
0
0
0
0
0
0
0
0
0
0
0
0
0
0
0
0
0
0
0
0
0
0
0
0
0
0
0
0
0
0
0
0
0
0
0
0
0
0
0
0
0
0
0
0
0
0
0
0
0
0
0
0
0
0
0
0
0
0
0
0
0
0
0
0
0
0
0
0
0
0
0
0
0
0
0
0
0
0
0
0
0
0
0
0
0
0
0
0
0
0
0
0
0
0
0
0
0
0.0764694687656939
0.0141455988090423
0.0104092447719183
0.00778409375474984
0.00665645778833585
0.00549469108913589
0.00418451113833063
0.00400609555837482
0.00469463864870766
0.00518429633838407
0.00396783912868107
0.00262350681292311
0.00477266681817035
0.00440101726431366
0.00188724985373969
0.00151186890282471
0.00353764571841168
0.00303239210159734
0.00242342549439165
0.00340081008246781
0.004380178028959
0.00279125852723045
0.00293636576401604
0
0
0
0
0
0
0
0
0
0
0
0
0
0
0
0
0
0
0
0
0
0
0
0
0
0
0
0
0
0
0
0
0
0
0
0
0
0
0
0
0
0
0
0
0
0
0
0
0
0
0
0
0
0
0
0
0
0
0
0
0
0
0
0
0
0
0
0
0
0
0
0
0
0
0
0
0
0
0
0
0
0
0
0
0
0
0
0
0
0
0
0
0
0
0
0
0
0
0
0
0
0
0
0
0
0
0
0
0
0
0
0
0
0
0
0
0
0
0
0
0
0
0
0
0
0
0
0.075977438682519
0.0140043320573508
0.0102429962905462
0.00760193668198484
0.00680651098217856
0.00556844828712234
0.00424642635726115
0.00405026555845578
0.00477589151243176
0.0052054237448917
0.0040656787406609
0.00267609792158845
0.00474055845047778
0.00429367100802244
0.00192928963411142
0.00148523780349499
0.00343482508313825
0.00299231260466993
0.00232222930123559
0.00318488215734157
0.00411015345956311
0.00266919106883649
0
0
0
0
0
0
0
0
0
0
0
0
0
0
0
0
0
0
0
0
0
0
0
0
0
0
0
0
0
0
0
0
0
0
0
0
0
0
0
0
0
0
0
0
0
0
0
0
0
0
0
0
0
0
0
0
0
0
0
0
0
0
0
0
0
0
0
0
0
0
0
0
0
0
0
0
0
0
0
0
0
0
0
0
0
0
0
0
0
0
0
0
0
0
0
0
0
0
0
0
0
0
0
0
0
0
0
0
0
0
0
0
0
0
0
0
0
0
0
0
0
0
0
0
0
0
0
0
0.0754172153824853
0.0138246104590175
0.010055676395761
0.00742567365972216
0.00687062877902425
0.00561029789846201
0.00426418631922159
0.00411195746090451
0.00482440973568127
0.00521902628485867
0.00415243544040118
0.00275167949790112
0.00472431827973923
0.00420674241398931
0.00198771173657554
0.00148865225778825
0.00333402169006325
0.00296501762813366
0.00225583060700559
0.00299551699789921
0.00384624949719193
0.00250738573839883
0
0
0
0
0
0
0
0
0
0
0
0
0
0
0
0
0
0
0
0
0
0
0
0
0
0
0
0
0
0
0
0
0
0
0
0
0
0
0
0
0
0
0
0
0
0
0
0
0
0
0
0
0
0
0
0
0
0
0
0
0
0
0
0
0
0
0
0
0
0
0
0
0
0
0
0
0
0
0
0
0
0
0
0
0
0
0
0
0
0
0
0
0
0
0
0
0
0
0
0
0
0
0
0
0
0
0
0
0
0
0
0
0
0
0
0
0
0
0
0
0
0
0
0
0
0
0
0
0.0745754042046378
0.0136065871567306
0.00981629045926845
0.00726942032980207
0.00687264013631359
0.00553234345182793
0.0042377304284618
0.00413598217031298
0.00477999902423513
0.00518174217817944
0.00422943845413406
0.00282945088059526
0.00463962915179541
0.00414378154165385
0.00206796612485873
0.0015114961481259
0.00326588737077785
0.00286284498878005
0.0021910645389773
0.00284268765350195
0.0035317416720706
0
0
0
0
0
0
0
0
0
0
0
0
0
0
0
0
0
0
0
0
0
0
0
0
0
0
0
0
0
0
0
0
0
0
0
0
0
0
0
0
0
0
0
0
0
0
0
0
0
0
0
0
0
0
0
0
0
0
0
0
0
0
0
0
0
0
0
0
0
0
0
0
0
0
0
0
0
0
0
0
0
0
0
0
0
0
0
0
0
0
0
0
0
0
0
0
0
0
0
0
0
0
0
0
0
0
0
0
0
0
0
0
0
0
0
0
0
0
0
0
0
0
0
0
0
0
0
0
0
0.0738501732116116
0.0135122676437142
0.00964486079088548
0.00713094543243077
0.00689171065997899
0.00547237972690871
0.00422029122248062
0.00414115696671623
0.0047243578977462
0.00515774315779044
0.00427351000761171
0.00290549924643797
0.00454506194719509
0.00410985404450161
0.0021427880540179
0.00153207391535256
0.00318445293651867
0.0027501553341357
0.00211096668912087
0.00268425840144819
0.00320915322280984
0
0
0
0
0
0
0
0
0
0
0
0
0
0
0
0
0
0
0
0
0
0
0
0
0
0
0
0
0
0
0
0
0
0
0
0
0
0
0
0
0
0
0
0
0
0
0
0
0
0
0
0
0
0
0
0
0
0
0
0
0
0
0
0
0
0
0
0
0
0
0
0
0
0
0
0
0
0
0
0
0
0
0
0
0
0
0
0
0
0
0
0
0
0
0
0
0
0
0
0
0
0
0
0
0
0
0
0
0
0
0
0
0
0
0
0
0
0
0
0
0
0
0
0
0
0
0
0
0
0.0731362438562649
0.013423141336666
0.00952702336314424
0.00701193212095745
0.00691357094224599
0.00540371729174124
0.00415019859469073
0.00409003194381181
0.00467266909065647
0.00505724010573775
0.00432269593451629
0.00295425110341387
0.00444726517045608
0.00406532560631792
0.00224918207546271
0.00155538907083956
0.00310611851546019
0.00264061147489343
0.00204569233837951
0.00250794528342068
0.00287468807637555
0
0
0
0
0
0
0
0
0
0
0
0
0
0
0
0
0
0
0
0
0
0
0
0
0
0
0
0
0
0
0
0
0
0
0
0
0
0
0
0
0
0
0
0
0
0
0
0
0
0
0
0
0
0
0
0
0
0
0
0
0
0
0
0
0
0
0
0
0
0
0
0
0
0
0
0
0
0
0
0
0
0
0
0
0
0
0
0
0
0
0
0
0
0
0
0
0
0
0
0
0
0
0
0
0
0
0
0
0
0
0
0
0
0
0
0
0
0
0
0
0
0
0
0
0
0
0
0
0
0.0723441972010908
0.0132469388269883
0.00946503297340984
0.00701095205448565
0.00700046676986267
0.00535838525219111
0.00411179967640644
0.00408504269596359
0.00461613708756778
0.00500987920445878
0.00432091265581523
0.00300878776261411
0.00436125992063601
0.00404577006621249
0.00236796042188179
0.00162753778338739
0.00303247548473871
0.00254458681036912
0.00197483935979761
0.00231031835350632
0.00248197620001219
0
0
0
0
0
0
0
0
0
0
0
0
0
0
0
0
0
0
0
0
0
0
0
0
0
0
0
0
0
0
0
0
0
0
0
0
0
0
0
0
0
0
0
0
0
0
0
0
0
0
0
0
0
0
0
0
0
0
0
0
0
0
0
0
0
0
0
0
0
0
0
0
0
0
0
0
0
0
0
0
0
0
0
0
0
0
0
0
0
0
0
0
0
0
0
0
0
0
0
0
0
0
0
0
0
0
0
0
0
0
0
0
0
0
0
0
0
0
0
0
0
0
0
0
0
0
0
0
0
0.0715995306192874
0.0130694061268901
0.00941632195364033
0.00702313416187166
0.00712492264189761
0.00535831951711791
0.00409109264093023
0.00410076198698443
0.00456077280906632
0.00487933185259171
0.00430545753100099
0.00301661685872815
0.00426962519415814
0.00399736947547666
0.00245963680352948
0.00168353934866656
0.0029829413171429
0.00243821261036752
0.00190455405196347
0.00211041145040975
0
0
0
0
0
0
0
0
0
0
0
0
0
0
0
0
0
0
0
0
0
0
0
0
0
0
0
0
0
0
0
0
0
0
0
0
0
0
0
0
0
0
0
0
0
0
0
0
0
0
0
0
0
0
0
0
0
0
0
0
0
0
0
0
0
0
0
0
0
0
0
0
0
0
0
0
0
0
0
0
0
0
0
0
0
0
0
0
0
0
0
0
0
0
0
0
0
0
0
0
0
0
0
0
0
0
0
0
0
0
0
0
0
0
0
0
0
0
0
0
0
0
0
0
0
0
0
0
0
0
0.0708847842470514
0.0129427582092853
0.00938927852171634
0.00704156574297506
0.00728401453059341
0.00540465113438964
0.00410445511351172
0.00412572549538856
0.00451802106460047
0.00476355220561571
0.00423800909653329
0.00301191734971221
0.00415094525137787
0.0039522543799737
0.0025306891965112
0.00170229968023884
0.00291205043502384
0.00236155749392641
0.00181270903046254
0.00191402488961824
0
0
0
0
0
0
0
0
0
0
0
0
0
0
0
0
0
0
0
0
0
0
0
0
0
0
0
0
0
0
0
0
0
0
0
0
0
0
0
0
0
0
0
0
0
0
0
0
0
0
0
0
0
0
0
0
0
0
0
0
0
0
0
0
0
0
0
0
0
0
0
0
0
0
0
0
0
0
0
0
0
0
0
0
0
0
0
0
0
0
0
0
0
0
0
0
0
0
0
0
0
0
0
0
0
0
0
0
0
0
0
0
0
0
0
0
0
0
0
0
0
0
0
0
0
0
0
0
0
0
0.070182192704876
0.0128557417232069
0.00937389484940591
0.00703753315145668
0.00740356058490227
0.00545785438342855
0.00422167338609732
0.00420889620466197
0.0044834352284412
0.00465571390345432
0.00415699321590731
0.00296283395416798
0.00404576769961741
0.00384693217161968
0.0026217340623673
0.00170447683171672
0.00283524697492861
0.00227645649963659
0.00176121732535912
0
0
0
0
0
0
0
0
0
0
0
0
0
0
0
0
0
0
0
0
0
0
0
0
0
0
0
0
0
0
0
0
0
0
0
0
0
0
0
0
0
0
0
0
0
0
0
0
0
0
0
0
0
0
0
0
0
0
0
0
0
0
0
0
0
0
0
0
0
0
0
0
0
0
0
0
0
0
0
0
0
0
0
0
0
0
0
0
0
0
0
0
0
0
0
0
0
0
0
0
0
0
0
0
0
0
0
0
0
0
0
0
0
0
0
0
0
0
0
0
0
0
0
0
0
0
0
0
0
0
0
0.0694999066007125
0.0127845183765487
0.00938849622233334
0.00705338233440094
0.0075301235563868
0.00550661014505981
0.00435768974177047
0.00434893260354777
0.0044938752318187
0.00454939927953063
0.00407070931372681
0.00290939637366573
0.00389895616519963
0.00371313757652286
0.00268598401288781
0.00171083357007803
0.00272132146577603
0.00217161283510826
0
0
0
0
0
0
0
0
0
0
0
0
0
0
0
0
0
0
0
0
0
0
0
0
0
0
0
0
0
0
0
0
0
0
0
0
0
0
0
0
0
0
0
0
0
0
0
0
0
0
0
0
0
0
0
0
0
0
0
0
0
0
0
0
0
0
0
0
0
0
0
0
0
0
0
0
0
0
0
0
0
0
0
0
0
0
0
0
0
0
0
0
0
0
0
0
0
0
0
0
0
0
0
0
0
0
0
0
0
0
0
0
0
0
0
0
0
0
0
0
0
0
0
0
0
0
0
0
0
0
0
0
0.0688227376332604
0.0127267971224631
0.00940339982405923
0.00708429701018945
0.00767657570561862
0.00552714758615426
0.00443602894640187
0.00448379311804193
0.00457745691189692
0.00447368356229717
0.00397987129347376
0.00283325401894529
0.0037434741085312
0.00355044391803352
0.00262335428954579
0.00168619509190846
0.00262405164256802
0.00199360126861386
0
0
0
0
0
0
0
0
0
0
0
0
0
0
0
0
0
0
0
0
0
0
0
0
0
0
0
0
0
0
0
0
0
0
0
0
0
0
0
0
0
0
0
0
0
0
0
0
0
0
0
0
0
0
0
0
0
0
0
0
0
0
0
0
0
0
0
0
0
0
0
0
0
0
0
0
0
0
0
0
0
0
0
0
0
0
0
0
0
0
0
0
0
0
0
0
0
0
0
0
0
0
0
0
0
0
0
0
0
0
0
0
0
0
0
0
0
0
0
0
0
0
0
0
0
0
0
0
0
0
0
0
0.0681835229104602
0.0126933009271526
0.00942428510861413
0.00711424107300061
0.00784334503756703
0.00553391854166123
0.00446695244506184
0.0045695583024936
0.00469492307735466
0.00447244644506405
0.00393370398104356
0.00277151950232705
0.00357855006739452
0.00338575474448099
0.00252175030280581
0.00165983421877228
0.00250417287206791
0.00183871733706354
0
0
0
0
0
0
0
0
0
0
0
0
0
0
0
0
0
0
0
0
0
0
0
0
0
0
0
0
0
0
0
0
0
0
0
0
0
0
0
0
0
0
0
0
0
0
0
0
0
0
0
0
0
0
0
0
0
0
0
0
0
0
0
0
0
0
0
0
0
0
0
0
0
0
0
0
0
0
0
0
0
0
0
0
0
0
0
0
0
0
0
0
0
0
0
0
0
0
0
0
0
0
0
0
0
0
0
0
0
0
0
0
0
0
0
0
0
0
0
0
0
0
0
0
0
0
0
0
0
0
0
0
0.0675186590095317
0.0126279469705697
0.00944304983158087
0.00712771243363334
0.00796412838288596
0.00555365796319903
0.00452200823625223
0.0046424424589476
0.00475638105052799
0.00446929826120479
0.00392160490538863
0.00270723694673687
0.00340094299715019
0.00319556158227404
0.00239420661048561
0.00158908364335861
0.00231834808973171
0
0
0
0
0
0
0
0
0
0
0
0
0
0
0
0
0
0
0
0
0
0
0
0
0
0
0
0
0
0
0
0
0
0
0
0
0
0
0
0
0
0
0
0
0
0
0
0
0
0
0
0
0
0
0
0
0
0
0
0
0
0
0
0
0
0
0
0
0
0
0
0
0
0
0
0
0
0
0
0
0
0
0
0
0
0
0
0
0
0
0
0
0
0
0
0
0
0
0
0
0
0
0
0
0
0
0
0
0
0
0
0
0
0
0
0
0
0
0
0
0
0
0
0
0
0
0
0
0
0
0
0
0
0.06686586421421
0.0125665978500515
0.00945213932850177
0.00714913151130063
0.00809981357058493
0.00558628467416836
0.00456665738714388
0.00471350115142445
0.00481001011180116
0.00446404271673104
0.00389273846223157
0.00268132245760604
0.00324896630859872
0.00302070186378814
0.00224465922945246
0.00152531032348667
0.00198721341831826
0
0
0
0
0
0
0
0
0
0
0
0
0
0
0
0
0
0
0
0
0
0
0
0
0
0
0
0
0
0
0
0
0
0
0
0
0
0
0
0
0
0
0
0
0
0
0
0
0
0
0
0
0
0
0
0
0
0
0
0
0
0
0
0
0
0
0
0
0
0
0
0
0
0
0
0
0
0
0
0
0
0
0
0
0
0
0
0
0
0
0
0
0
0
0
0
0
0
0
0
0
0
0
0
0
0
0
0
0
0
0
0
0
0
0
0
0
0
0
0
0
0
0
0
0
0
0
0
0
0
0
0
0
0.0661993952961414
0.0125101529385086
0.00943895644630616
0.00714608682748498
0.00824811875638818
0.00563588356467496
0.00461343818457759
0.00474117432762813
0.00482040075719232
0.0044335647641387
0.00387930493712566
0.00265895752994902
0.00314503056976497
0.00288699760068657
0.00212615784455547
0.0014766192924887
0
0
0
0
0
0
0
0
0
0
0
0
0
0
0
0
0
0
0
0
0
0
0
0
0
0
0
0
0
0
0
0
0
0
0
0
0
0
0
0
0
0
0
0
0
0
0
0
0
0
0
0
0
0
0
0
0
0
0
0
0
0
0
0
0
0
0
0
0
0
0
0
0
0
0
0
0
0
0
0
0
0
0
0
0
0
0
0
0
0
0
0
0
0
0
0
0
0
0
0
0
0
0
0
0
0
0
0
0
0
0
0
0
0
0
0
0
0
0
0
0
0
0
0
0
0
0
0
0
0
0
0
0
0
0.06555068400388
0.012444385444475
0.00941099792070279
0.00712756866849342
0.0083846679834684
0.00568693560153128
0.00465620105204982
0.00477528002332404
0.00485105371303904
0.00442610479555176
0.00386638548084518
0.00262481700964789
0.00305294784270765
0.00278737724641678
0.00204219004228529
0
0
0
0
0
0
0
0
0
0
0
0
0
0
0
0
0
0
0
0
0
0
0
0
0
0
0
0
0
0
0
0
0
0
0
0
0
0
0
0
0
0
0
0
0
0
0
0
0
0
0
0
0
0
0
0
0
0
0
0
0
0
0
0
0
0
0
0
0
0
0
0
0
0
0
0
0
0
0
0
0
0
0
0
0
0
0
0
0
0
0
0
0
0
0
0
0
0
0
0
0
0
0
0
0
0
0
0
0
0
0
0
0
0
0
0
0
0
0
0
0
0
0
0
0
0
0
0
0
0
0
0
0
0
0
0.0649150733949625
0.0123737800317035
0.00938123199484523
0.00709649122456307
0.00850551347672638
0.00573016992799387
0.00470300945107006
0.00480505471357876
0.00488859249387644
0.00443795009318922
0.00386658167278712
0.00258409562480623
0.00294821153879339
0.00269763391393739
0.00199298881907906
0
0
0
0
0
0
0
0
0
0
0
0
0
0
0
0
0
0
0
0
0
0
0
0
0
0
0
0
0
0
0
0
0
0
0
0
0
0
0
0
0
0
0
0
0
0
0
0
0
0
0
0
0
0
0
0
0
0
0
0
0
0
0
0
0
0
0
0
0
0
0
0
0
0
0
0
0
0
0
0
0
0
0
0
0
0
0
0
0
0
0
0
0
0
0
0
0
0
0
0
0
0
0
0
0
0
0
0
0
0
0
0
0
0
0
0
0
0
0
0
0
0
0
0
0
0
0
0
0
0
0
0
0
0
0
0.0642508036227075
0.0123035574708561
0.00927952823158122
0.00705897118484091
0.00862003021059968
0.00576599752517908
0.004734973162099
0.00483842883879015
0.00491874816977571
0.00445710773715218
0.00389542488824028
0.0025552619637624
0.00285272094977899
0.00260554248217247
0
0
0
0
0
0
0
0
0
0
0
0
0
0
0
0
0
0
0
0
0
0
0
0
0
0
0
0
0
0
0
0
0
0
0
0
0
0
0
0
0
0
0
0
0
0
0
0
0
0
0
0
0
0
0
0
0
0
0
0
0
0
0
0
0
0
0
0
0
0
0
0
0
0
0
0
0
0
0
0
0
0
0
0
0
0
0
0
0
0
0
0
0
0
0
0
0
0
0
0
0
0
0
0
0
0
0
0
0
0
0
0
0
0
0
0
0
0
0
0
0
0
0
0
0
0
0
0
0
0
0
0
0
0
0
0
0.0636260826251602
0.012217070181599
0.00917621163328378
0.00696553739347497
0.00872556760193085
0.00577920611750056
0.00475443590269716
0.00484461991629333
0.00495261479131303
0.0044732901857986
0.00392785032360631
0.00254611544112925
0.00276960856411545
0.00251231000455984
0
0
0
0
0
0
0
0
0
0
0
0
0
0
0
0
0
0
0
0
0
0
0
0
0
0
0
0
0
0
0
0
0
0
0
0
0
0
0
0
0
0
0
0
0
0
0
0
0
0
0
0
0
0
0
0
0
0
0
0
0
0
0
0
0
0
0
0
0
0
0
0
0
0
0
0
0
0
0
0
0
0
0
0
0
0
0
0
0
0
0
0
0
0
0
0
0
0
0
0
0
0
0
0
0
0
0
0
0
0
0
0
0
0
0
0
0
0
0
0
0
0
0
0
0
0
0
0
0
0
0
0
0
0
0
0
0.0630134986473929
0.0120914731894979
0.00900211389107125
0.00684787739114629
0.00877453108373607
0.00579293912909268
0.00477957090591095
0.00486258784962326
0.00497690555811634
0.00449545512255416
0.00395936244460492
0.00254938685161101
0.00269691007416258
0.00244074039356161
0
0
0
0
0
0
0
0
0
0
0
0
0
0
0
0
0
0
0
0
0
0
0
0
0
0
0
0
0
0
0
0
0
0
0
0
0
0
0
0
0
0
0
0
0
0
0
0
0
0
0
0
0
0
0
0
0
0
0
0
0
0
0
0
0
0
0
0
0
0
0
0
0
0
0
0
0
0
0
0
0
0
0
0
0
0
0
0
0
0
0
0
0
0
0
0
0
0
0
0
0
0
0
0
0
0
0
0
0
0
0
0
0
0
0
0
0
0
0
0
0
0
0
0
0
0
0
0
0
0
0
0
0
0
0
0
0.0624513308052607
0.0119908347940101
0.00885177446720772
0.00673997959771462
0.00882495467111959
0.0057812216166661
0.00479415756353941
0.00486203787748086
0.00499320560609479
0.0044874969992765
0.00397317579484581
0.00253917254355614
0.00263959107169052
0.00239957414596963
0
0
0
0
0
0
0
0
0
0
0
0
0
0
0
0
0
0
0
0
0
0
0
0
0
0
0
0
0
0
0
0
0
0
0
0
0
0
0
0
0
0
0
0
0
0
0
0
0
0
0
0
0
0
0
0
0
0
0
0
0
0
0
0
0
0
0
0
0
0
0
0
0
0
0
0
0
0
0
0
0
0
0
0
0
0
0
0
0
0
0
0
0
0
0
0
0
0
0
0
0
0
0
0
0
0
0
0
0
0
0
0
0
0
0
0
0
0
0
0
0
0
0
0
0
0
0
0
0
0
0
0
0
0
0
0
0.0619109833249684
0.0119118801274245
0.00872756050412331
0.00665857966958686
0.00887811840576915
0.00575959069721966
0.00477914222248463
0.00484952166848644
0.00498370593717842
0.00447159571858481
0.00396796993992733
0.00253691376336436
0.00257767351690253
0.00236261653206906
0
0
0
0
0
0
0
0
0
0
0
0
0
0
0
0
0
0
0
0
0
0
0
0
0
0
0
0
0
0
0
0
0
0
0
0
0
0
0
0
0
0
0
0
0
0
0
0
0
0
0
0
0
0
0
0
0
0
0
0
0
0
0
0
0
0
0
0
0
0
0
0
0
0
0
0
0
0
0
0
0
0
0
0
0
0
0
0
0
0
0
0
0
0
0
0
0
0
0
0
0
0
0
0
0
0
0
0
0
0
0
0
0
0
0
0
0
0
0
0
0
0
0
0
0
0
0
0
0
0
0
0
0
0
0
0
0.0614044880167781
0.0118501602645281
0.00861287582627299
0.0066043889723186
0.00895377735365423
0.00573717118749296
0.00475724017272748
0.00480566876946239
0.00496881328542059
0.00443913799695905
0.00394903374829248
0.00252469840728778
0.00253384626727159
0.00232059387540682
0
0
0
0
0
0
0
0
0
0
0
0
0
0
0
0
0
0
0
0
0
0
0
0
0
0
0
0
0
0
0
0
0
0
0
0
0
0
0
0
0
0
0
0
0
0
0
0
0
0
0
0
0
0
0
0
0
0
0
0
0
0
0
0
0
0
0
0
0
0
0
0
0
0
0
0
0
0
0
0
0
0
0
0
0
0
0
0
0
0
0
0
0
0
0
0
0
0
0
0
0
0
0
0
0
0
0
0
0
0
0
0
0
0
0
0
0
0
0
0
0
0
0
0
0
0
0
0
0
0
0
0
0
0
0
0
0.0609131080480743
0.0117814740549567
0.0085009570085232
0.00657513768079925
0.00906441652019855
0.00573295274167579
0.00475682040137778
0.00476424182614611
0.00495178725741811
0.0044039641463206
0.00391181448329719
0.00249187089931884
0.00245579454017822
0.00226730168940211
0
0
0
0
0
0
0
0
0
0
0
0
0
0
0
0
0
0
0
0
0
0
0
0
0
0
0
0
0
0
0
0
0
0
0
0
0
0
0
0
0
0
0
0
0
0
0
0
0
0
0
0
0
0
0
0
0
0
0
0
0
0
0
0
0
0
0
0
0
0
0
0
0
0
0
0
0
0
0
0
0
0
0
0
0
0
0
0
0
0
0
0
0
0
0
0
0
0
0
0
0
0
0
0
0
0
0
0
0
0
0
0
0
0
0
0
0
0
0
0
0
0
0
0
0
0
0
0
0
0
0
0
0
0
0
0
0.0604540518564489
0.0117191642024633
0.00839812866821034
0.00656296088784065
0.00916912060078165
0.00574077969212966
0.00476594395716957
0.00471216193886151
0.00493377491489668
0.00434323786634029
0.00387038785105455
0.00242929219544101
0.00236753045071434
0.00219687583556854
0
0
0
0
0
0
0
0
0
0
0
0
0
0
0
0
0
0
0
0
0
0
0
0
0
0
0
0
0
0
0
0
0
0
0
0
0
0
0
0
0
0
0
0
0
0
0
0
0
0
0
0
0
0
0
0
0
0
0
0
0
0
0
0
0
0
0
0
0
0
0
0
0
0
0
0
0
0
0
0
0
0
0
0
0
0
0
0
0
0
0
0
0
0
0
0
0
0
0
0
0
0
0
0
0
0
0
0
0
0
0
0
0
0
0
0
0
0
0
0
0
0
0
0
0
0
0
0
0
0
0
0
0
0
0
0
0.0600039538428921
0.011659788552572
0.00829661836179208
0.006558884591203
0.00928988264996312
0.00569177301798949
0.00475210758640216
0.00462998385750317
0.004838078931443
0.00427917114943816
0.00376929992045012
0.00236631814215724
0.00226937491516472
0.00213713318839785
0
0
0
0
0
0
0
0
0
0
0
0
0
0
0
0
0
0
0
0
0
0
0
0
0
0
0
0
0
0
0
0
0
0
0
0
0
0
0
0
0
0
0
0
0
0
0
0
0
0
0
0
0
0
0
0
0
0
0
0
0
0
0
0
0
0
0
0
0
0
0
0
0
0
0
0
0
0
0
0
0
0
0
0
0
0
0
0
0
0
0
0
0
0
0
0
0
0
0
0
0
0
0
0
0
0
0
0
0
0
0
0
0
0
0
0
0
0
0
0
0
0
0
0
0
0
0
0
0
0
0
0
0
0
0
0
0.0595765113171994
0.0115945714682387
0.00819509906422715
0.00655659185275905
0.00943293113722053
0.00564190298526742
0.00470979586292706
0.00456690194716898
0.00475804991067631
0.00420791360201718
0.00367498587847594
0.00226960009498001
0.00217054635169034
0.0020619797130176
0.00153377572830696
0
0
0
0
0
0
0
0
0
0
0
0
0
0
0
0
0
0
0
0
0
0
0
0
0
0
0
0
0
0
0
0
0
0
0
0
0
0
0
0
0
0
0
0
0
0
0
0
0
0
0
0
0
0
0
0
0
0
0
0
0
0
0
0
0
0
0
0
0
0
0
0
0
0
0
0
0
0
0
0
0
0
0
0
0
0
0
0
0
0
0
0
0
0
0
0
0
0
0
0
0
0
0
0
0
0
0
0
0
0
0
0
0
0
0
0
0
0
0
0
0
0
0
0
0
0
0
0
0
0
0
0
0
0
0
0.0591844956145367
0.0115304714344203
0.00809282618438885
0.00655877493756747
0.00957296553273696
0.00559420292703595
0.00467407070882553
0.00451511884138931
0.00469765357894508
0.00415416368121021
0.00356927156905359
0.00216908511844514
0.0020335979522941
0.0019770350264372
0.00143891720508142
0
0
0
0
0
0
0
0
0
0
0
0
0
0
0
0
0
0
0
0
0
0
0
0
0
0
0
0
0
0
0
0
0
0
0
0
0
0
0
0
0
0
0
0
0
0
0
0
0
0
0
0
0
0
0
0
0
0
0
0
0
0
0
0
0
0
0
0
0
0
0
0
0
0
0
0
0
0
0
0
0
0
0
0
0
0
0
0
0
0
0
0
0
0
0
0
0
0
0
0
0
0
0
0
0
0
0
0
0
0
0
0
0
0
0
0
0
0
0
0
0
0
0
0
0
0
0
0
0
0
0
0
0
0
0
0.0586122449145701
0.0114293864398783
0.00799828371843945
0.00654333734182609
0.00972596309575369
0.00555653042596514
0.00465462847702129
0.00447608525765138
0.00466337412756046
0.00414023973484044
0.00349601735120068
0.00208034956740892
0.00190304905547552
0.00186831815335934
0.0013474552232166
0
0
0
0
0
0
0
0
0
0
0
0
0
0
0
0
0
0
0
0
0
0
0
0
0
0
0
0
0
0
0
0
0
0
0
0
0
0
0
0
0
0
0
0
0
0
0
0
0
0
0
0
0
0
0
0
0
0
0
0
0
0
0
0
0
0
0
0
0
0
0
0
0
0
0
0
0
0
0
0
0
0
0
0
0
0
0
0
0
0
0
0
0
0
0
0
0
0
0
0
0
0
0
0
0
0
0
0
0
0
0
0
0
0
0
0
0
0
0
0
0
0
0
0
0
0
0
0
0
0
0
0
0
0
0
0.058078989758674
0.0113289911330746
0.00790673983486865
0.0065411850931283
0.00988127773217841
0.00552338642711121
0.00462979971306792
0.00443793110126882
0.00463117664081456
0.00413699501412658
0.00344973043398043
0.00201937952833441
0.00177917481519819
0.00175537057379731
0.00122051861761522
0.00140839173631236
0
0
0
0
0
0
0
0
0
0
0
0
0
0
0
0
0
0
0
0
0
0
0
0
0
0
0
0
0
0
0
0
0
0
0
0
0
0
0
0
0
0
0
0
0
0
0
0
0
0
0
0
0
0
0
0
0
0
0
0
0
0
0
0
0
0
0
0
0
0
0
0
0
0
0
0
0
0
0
0
0
0
0
0
0
0
0
0
0
0
0
0
0
0
0
0
0
0
0
0
0
0
0
0
0
0
0
0
0
0
0
0
0
0
0
0
0
0
0
0
0
0
0
0
0
0
0
0
0
0
0
0
0
0
0.057509315571233
0.0112423292187015
0.00781331950512013
0.00655596182858241
0.00998664852231928
0.00547482044265918
0.00461116691522551
0.0043960841872803
0.00460365428291048
0.00414078037291022
0.00340119015188932
0.00197691943616185
0.00166898536869243
0.00160454831293201
0.00109249736478293
0.00133410699043452
0
0
0
0
0
0
0
0
0
0
0
0
0
0
0
0
0
0
0
0
0
0
0
0
0
0
0
0
0
0
0
0
0
0
0
0
0
0
0
0
0
0
0
0
0
0
0
0
0
0
0
0
0
0
0
0
0
0
0
0
0
0
0
0
0
0
0
0
0
0
0
0
0
0
0
0
0
0
0
0
0
0
0
0
0
0
0
0
0
0
0
0
0
0
0
0
0
0
0
0
0
0
0
0
0
0
0
0
0
0
0
0
0
0
0
0
0
0
0
0
0
0
0
0
0
0
0
0
0
0
0
0
0
0
0.0569529134903879
0.011139871462863
0.00772391557441924
0.00657410587680319
0.0100674811376767
0.00543962822417116
0.00460192664292516
0.00433384187021889
0.00452735764513736
0.004096318405531
0.00331186079053062
0.0019260093563588
0.00157657068421423
0.00145142109763366
0.000962484852523571
0.0012608705563661
0
0
0
0
0
0
0
0
0
0
0
0
0
0
0
0
0
0
0
0
0
0
0
0
0
0
0
0
0
0
0
0
0
0
0
0
0
0
0
0
0
0
0
0
0
0
0
0
0
0
0
0
0
0
0
0
0
0
0
0
0
0
0
0
0
0
0
0
0
0
0
0
0
0
0
0
0
0
0
0
0
0
0
0
0
0
0
0
0
0
0
0
0
0
0
0
0
0
0
0
0
0
0
0
0
0
0
0
0
0
0
0
0
0
0
0
0
0
0
0
0
0
0
0
0
0
0
0
0
0
0
0
0
0
0.0564430380636208
0.0110756976838179
0.00767165269135827
0.00659755519838045
0.0101598092177585
0.00543021663647998
0.00462092880603347
0.00427827241032188
0.00442651068660602
0.00396627275477169
0.00320265545684539
0.00186648712109011
0.00148914828682382
0.00133526976734195
0.00086347528022046
0
0
0
0
0
0
0
0
0
0
0
0
0
0
0
0
0
0
0
0
0
0
0
0
0
0
0
0
0
0
0
0
0
0
0
0
0
0
0
0
0
0
0
0
0
0
0
0
0
0
0
0
0
0
0
0
0
0
0
0
0
0
0
0
0
0
0
0
0
0
0
0
0
0
0
0
0
0
0
0
0
0
0
0
0
0
0
0
0
0
0
0
0
0
0
0
0
0
0
0
0
0
0
0
0
0
0
0
0
0
0
0
0
0
0
0
0
0
0
0
0
0
0
0
0
0
0
0
0
0
0
0
0
0
0
0.0559236657132701
0.0110427633285656
0.00764568966172057
0.00664161795767184
0.010259794364508
0.00541908664698917
0.00465013125905435
0.00423674259784893
0.0043306060061366
0.003832032553571
0.00305507749102616
0.0017977339016475
0.00140089347911416
0.00120561452488362
0
0
0
0
0
0
0
0
0
0
0
0
0
0
0
0
0
0
0
0
0
0
0
0
0
0
0
0
0
0
0
0
0
0
0
0
0
0
0
0
0
0
0
0
0
0
0
0
0
0
0
0
0
0
0
0
0
0
0
0
0
0
0
0
0
0
0
0
0
0
0
0
0
0
0
0
0
0
0
0
0
0
0
0
0
0
0
0
0
0
0
0
0
0
0
0
0
0
0
0
0
0
0
0
0
0
0
0
0
0
0
0
0
0
0
0
0
0
0
0
0
0
0
0
0
0
0
0
0
0
0
0
0
0
0
0
0.0554290697006747
0.0110478657819786
0.00763901435548861
0.00670018085124918
0.0103727210075893
0.00541182131460772
0.00466860818509851
0.00419329514041789
0.00423999197361768
0.00369640218073158
0.00291240998896263
0.00172366331196271
0.00131129307806956
0.00107974182648716
0
0
0
0
0
0
0
0
0
0
0
0
0
0
0
0
0
0
0
0
0
0
0
0
0
0
0
0
0
0
0
0
0
0
0
0
0
0
0
0
0
0
0
0
0
0
0
0
0
0
0
0
0
0
0
0
0
0
0
0
0
0
0
0
0
0
0
0
0
0
0
0
0
0
0
0
0
0
0
0
0
0
0
0
0
0
0
0
0
0
0
0
0
0
0
0
0
0
0
0
0
0
0
0
0
0
0
0
0
0
0
0
0
0
0
0
0
0
0
0
0
0
0
0
0
0
0
0
0
0
0
0
0
0
0
0
0.0549514757091962
0.0110545830207642
0.00764172491420954
0.00678326741087895
0.0105021580031879
0.0054174220705676
0.00468872045825189
0.00413608716513061
0.00414205910526959
0.0035574634132284
0.00275857173955231
0.00164708573498445
0.00121263950293393
0
0
0
0
0
0
0
0
0
0
0
0
0
0
0
0
0
0
0
0
0
0
0
0
0
0
0
0
0
0
0
0
0
0
0
0
0
0
0
0
0
0
0
0
0
0
0
0
0
0
0
0
0
0
0
0
0
0
0
0
0
0
0
0
0
0
0
0
0
0
0
0
0
0
0
0
0
0
0
0
0
0
0
0
0
0
0
0
0
0
0
0
0
0
0
0
0
0
0
0
0
0
0
0
0
0
0
0
0
0
0
0
0
0
0
0
0
0
0
0
0
0
0
0
0
0
0
0
0
0
0
0
0
0
0
0
0
0.0544998449042016
0.0110646791245311
0.00764167091439724
0.00684950191851189
0.0106601830083154
0.00544056872490939
0.00472689054645143
0.00407992560684244
0.00402805980300622
0.00341759186010906
0.0026052812377993
0.0015564032775073
0
0
0
0
0
0
0
0
0
0
0
0
0
0
0
0
0
0
0
0
0
0
0
0
0
0
0
0
0
0
0
0
0
0
0
0
0
0
0
0
0
0
0
0
0
0
0
0
0
0
0
0
0
0
0
0
0
0
0
0
0
0
0
0
0
0
0
0
0
0
0
0
0
0
0
0
0
0
0
0
0
0
0
0
0
0
0
0
0
0
0
0
0
0
0
0
0
0
0
0
0
0
0
0
0
0
0
0
0
0
0
0
0
0
0
0
0
0
0
0
0
0
0
0
0
0
0
0
0
0
0
0
0
0
0
0
0
0
0.0538682142000854
0.0111000213737444
0.00765707963581417
0.00685021272258509
0.010577306590606
0.00550121894392653
0.00480044313319552
0.00405880074389169
0.00390791455086641
0.00326691038302148
0.00246473367415719
0
0
0
0
0
0
0
0
0
0
0
0
0
0
0
0
0
0
0
0
0
0
0
0
0
0
0
0
0
0
0
0
0
0
0
0
0
0
0
0
0
0
0
0
0
0
0
0
0
0
0
0
0
0
0
0
0
0
0
0
0
0
0
0
0
0
0
0
0
0
0
0
0
0
0
0
0
0
0
0
0
0
0
0
0
0
0
0
0
0
0
0
0
0
0
0
0
0
0
0
0
0
0
0
0
0
0
0
0
0
0
0
0
0
0
0
0
0
0
0
0
0
0
0
0
0
0
0
0
0
0
0
0
0
0
0
0
0
0
0.0533045692631643
0.0111119732619422
0.0076750129346681
0.00685590102547316
0.0104885000774989
0.00553299864901183
0.00488643459226492
0.00404322019951953
0.00379628864438459
0.00311823668021662
0
0
0
0
0
0
0
0
0
0
0
0
0
0
0
0
0
0
0
0
0
0
0
0
0
0
0
0
0
0
0
0
0
0
0
0
0
0
0
0
0
0
0
0
0
0
0
0
0
0
0
0
0
0
0
0
0
0
0
0
0
0
0
0
0
0
0
0
0
0
0
0
0
0
0
0
0
0
0
0
0
0
0
0
0
0
0
0
0
0
0
0
0
0
0
0
0
0
0
0
0
0
0
0
0
0
0
0
0
0
0
0
0
0
0
0
0
0
0
0
0
0
0
0
0
0
0
0
0
0
0
0
0
0
0
0
0
0
0
0
0.0527761302915411
0.0111441138837719
0.00766332698131582
0.00686830864709882
0.0104059426926624
0.00555549651118747
0.00493164127345533
0.00404401536003003
0.00369068616117175
0.00297391891062534
0
0
0
0
0
0
0
0
0
0
0
0
0
0
0
0
0
0
0
0
0
0
0
0
0
0
0
0
0
0
0
0
0
0
0
0
0
0
0
0
0
0
0
0
0
0
0
0
0
0
0
0
0
0
0
0
0
0
0
0
0
0
0
0
0
0
0
0
0
0
0
0
0
0
0
0
0
0
0
0
0
0
0
0
0
0
0
0
0
0
0
0
0
0
0
0
0
0
0
0
0
0
0
0
0
0
0
0
0
0
0
0
0
0
0
0
0
0
0
0
0
0
0
0
0
0
0
0
0
0
0
0
0
0
0
0
0
0
0
0
0.0522750609625896
0.0111789695381732
0.00765175954862324
0.00685945891059257
0.0103369966485863
0.00558299481636894
0.00496764684183807
0.00400591768783974
0.003606011703949
0
0
0
0
0
0
0
0
0
0
0
0
0
0
0
0
0
0
0
0
0
0
0
0
0
0
0
0
0
0
0
0
0
0
0
0
0
0
0
0
0
0
0
0
0
0
0
0
0
0
0
0
0
0
0
0
0
0
0
0
0
0
0
0
0
0
0
0
0
0
0
0
0
0
0
0
0
0
0
0
0
0
0
0
0
0
0
0
0
0
0
0
0
0
0
0
0
0
0
0
0
0
0
0
0
0
0
0
0
0
0
0
0
0
0
0
0
0
0
0
0
0
0
0
0
0
0
0
0
0
0
0
0
0
0
0
0
0
0
0
0
0.0517769303493636
0.0112139046943745
0.00764914078323226
0.00684054126601519
0.010251286831092
0.00561681642419465
0.00500997193035793
0.00396369087390474
0.00349284401470085
0
0
0
0
0
0
0
0
0
0
0
0
0
0
0
0
0
0
0
0
0
0
0
0
0
0
0
0
0
0
0
0
0
0
0
0
0
0
0
0
0
0
0
0
0
0
0
0
0
0
0
0
0
0
0
0
0
0
0
0
0
0
0
0
0
0
0
0
0
0
0
0
0
0
0
0
0
0
0
0
0
0
0
0
0
0
0
0
0
0
0
0
0
0
0
0
0
0
0
0
0
0
0
0
0
0
0
0
0
0
0
0
0
0
0
0
0
0
0
0
0
0
0
0
0
0
0
0
0
0
0
0
0
0
0
0
0
0
0
0
0
0.0512788501184558
0.0112354407825642
0.00765202085098069
0.00681990735752478
0.010153774340591
0.00563569727400418
0.00505877990831322
0.0039287456621888
0.00337118411038255
0
0
0
0
0
0
0
0
0
0
0
0
0
0
0
0
0
0
0
0
0
0
0
0
0
0
0
0
0
0
0
0
0
0
0
0
0
0
0
0
0
0
0
0
0
0
0
0
0
0
0
0
0
0
0
0
0
0
0
0
0
0
0
0
0
0
0
0
0
0
0
0
0
0
0
0
0
0
0
0
0
0
0
0
0
0
0
0
0
0
0
0
0
0
0
0
0
0
0
0
0
0
0
0
0
0
0
0
0
0
0
0
0
0
0
0
0
0
0
0
0
0
0
0
0
0
0
0
0
0
0
0
0
0
0
0
0
0
0
0
0
0.0507884645489733
0.0112504923106292
0.00764875523715825
0.00680456054495189
0.0100554312031479
0.00562546840947861
0.00508567966955091
0.00390105701231751
0.00325716704724703
0
0
0
0
0
0
0
0
0
0
0
0
0
0
0
0
0
0
0
0
0
0
0
0
0
0
0
0
0
0
0
0
0
0
0
0
0
0
0
0
0
0
0
0
0
0
0
0
0
0
0
0
0
0
0
0
0
0
0
0
0
0
0
0
0
0
0
0
0
0
0
0
0
0
0
0
0
0
0
0
0
0
0
0
0
0
0
0
0
0
0
0
0
0
0
0
0
0
0
0
0
0
0
0
0
0
0
0
0
0
0
0
0
0
0
0
0
0
0
0
0
0
0
0
0
0
0
0
0
0
0
0
0
0
0
0
0
0
0
0
0
0.0503075727108839
0.0112632767666672
0.00763541871208245
0.00677637610952604
0.00996341558951947
0.0056118088756878
0.0050769473247059
0.00384651851691894
0
0
0
0
0
0
0
0
0
0
0
0
0
0
0
0
0
0
0
0
0
0
0
0
0
0
0
0
0
0
0
0
0
0
0
0
0
0
0
0
0
0
0
0
0
0
0
0
0
0
0
0
0
0
0
0
0
0
0
0
0
0
0
0
0
0
0
0
0
0
0
0
0
0
0
0
0
0
0
0
0
0
0
0
0
0
0
0
0
0
0
0
0
0
0
0
0
0
0
0
0
0
0
0
0
0
0
0
0
0
0
0
0
0
0
0
0
0
0
0
0
0
0
0
0
0
0
0
0
0
0
0
0
0
0
0
0
0
0
0
0
0
0.0498354031084514
0.0112700661007239
0.00762181331816986
0.00674057800671267
0.00986264194995988
0.00560042780400842
0.0050613865337901
0.00375321924193534
0
0
0
0
0
0
0
0
0
0
0
0
0
0
0
0
0
0
0
0
0
0
0
0
0
0
0
0
0
0
0
0
0
0
0
0
0
0
0
0
0
0
0
0
0
0
0
0
0
0
0
0
0
0
0
0
0
0
0
0
0
0
0
0
0
0
0
0
0
0
0
0
0
0
0
0
0
0
0
0
0
0
0
0
0
0
0
0
0
0
0
0
0
0
0
0
0
0
0
0
0
0
0
0
0
0
0
0
0
0
0
0
0
0
0
0
0
0
0
0
0
0
0
0
0
0
0
0
0
0
0
0
0
0
0
0
0
0
0
0
0
0
0.0493747582147961
0.0112763503179366
0.00760238911762565
0.00670312284235606
0.00975420933188239
0.00557887506801192
0.00504658667845398
0.00365382346450856
0
0
0
0
0
0
0
0
0
0
0
0
0
0
0
0
0
0
0
0
0
0
0
0
0
0
0
0
0
0
0
0
0
0
0
0
0
0
0
0
0
0
0
0
0
0
0
0
0
0
0
0
0
0
0
0
0
0
0
0
0
0
0
0
0
0
0
0
0
0
0
0
0
0
0
0
0
0
0
0
0
0
0
0
0
0
0
0
0
0
0
0
0
0
0
0
0
0
0
0
0
0
0
0
0
0
0
0
0
0
0
0
0
0
0
0
0
0
0
0
0
0
0
0
0
0
0
0
0
0
0
0
0
0
0
0
0
0
0
0
0
0
0.0489217418602638
0.0112833111303823
0.00758505771327398
0.00666002398062975
0.00964500368750447
0.0055476117897569
0.00501861838182933
0.00355434704059613
0
0
0
0
0
0
0
0
0
0
0
0
0
0
0
0
0
0
0
0
0
0
0
0
0
0
0
0
0
0
0
0
0
0
0
0
0
0
0
0
0
0
0
0
0
0
0
0
0
0
0
0
0
0
0
0
0
0
0
0
0
0
0
0
0
0
0
0
0
0
0
0
0
0
0
0
0
0
0
0
0
0
0
0
0
0
0
0
0
0
0
0
0
0
0
0
0
0
0
0
0
0
0
0
0
0
0
0
0
0
0
0
0
0
0
0
0
0
0
0
0
0
0
0
0
0
0
0
0
0
0
0
0
0
0
0
0
0
0
0
0
0
0.0484762349191351
0.0112905680462446
0.00756881052792332
0.00661958460744004
0.00953123975196053
0.00551493786140826
0.00498128362407222
0
0
0
0
0
0
0
0
0
0
0
0
0
0
0
0
0
0
0
0
0
0
0
0
0
0
0
0
0
0
0
0
0
0
0
0
0
0
0
0
0
0
0
0
0
0
0
0
0
0
0
0
0
0
0
0
0
0
0
0
0
0
0
0
0
0
0
0
0
0
0
0
0
0
0
0
0
0
0
0
0
0
0
0
0
0
0
0
0
0
0
0
0
0
0
0
0
0
0
0
0
0
0
0
0
0
0
0
0
0
0
0
0
0
0
0
0
0
0
0
0
0
0
0
0
0
0
0
0
0
0
0
0
0
0
0
0
0
0
0
0
0
0
0.0480259647419589
0.0112972017963636
0.00755425825729938
0.00658125031489276
0.00942138209150015
0.00547605289003232
0.0049432796221587
0
0
0
0
0
0
0
0
0
0
0
0
0
0
0
0
0
0
0
0
0
0
0
0
0
0
0
0
0
0
0
0
0
0
0
0
0
0
0
0
0
0
0
0
0
0
0
0
0
0
0
0
0
0
0
0
0
0
0
0
0
0
0
0
0
0
0
0
0
0
0
0
0
0
0
0
0
0
0
0
0
0
0
0
0
0
0
0
0
0
0
0
0
0
0
0
0
0
0
0
0
0
0
0
0
0
0
0
0
0
0
0
0
0
0
0
0
0
0
0
0
0
0
0
0
0
0
0
0
0
0
0
0
0
0
0
0
0
0
0
0
0
0
0.0475850077590931
0.0113038956141289
0.00753974250801122
0.00654528806026832
0.00931419009726735
0.00543959201326197
0.00489816123761338
0
0
0
0
0
0
0
0
0
0
0
0
0
0
0
0
0
0
0
0
0
0
0
0
0
0
0
0
0
0
0
0
0
0
0
0
0
0
0
0
0
0
0
0
0
0
0
0
0
0
0
0
0
0
0
0
0
0
0
0
0
0
0
0
0
0
0
0
0
0
0
0
0
0
0
0
0
0
0
0
0
0
0
0
0
0
0
0
0
0
0
0
0
0
0
0
0
0
0
0
0
0
0
0
0
0
0
0
0
0
0
0
0
0
0
0
0
0
0
0
0
0
0
0
0
0
0
0
0
0
0
0
0
0
0
0
0
0
0
0
0
0
0
0.047122219166092
0.011312533599667
0.00752774394279882
0.00650712962968585
0.00921066173210683
0.00540621665603675
0
0
0
0
0
0
0
0
0
0
0
0
0
0
0
0
0
0
0
0
0
0
0
0
0
0
0
0
0
0
0
0
0
0
0
0
0
0
0
0
0
0
0
0
0
0
0
0
0
0
0
0
0
0
0
0
0
0
0
0
0
0
0
0
0
0
0
0
0
0
0
0
0
0
0
0
0
0
0
0
0
0
0
0
0
0
0
0
0
0
0
0
0
0
0
0
0
0
0
0
0
0
0
0
0
0
0
0
0
0
0
0
0
0
0
0
0
0
0
0
0
0
0
0
0
0
0
0
0
0
0
0
0
0
0
0
0
0
0
0
0
0
0
0
0.0466642894491367
0.011297851923237
0.00751835150703338
0.00647151953094139
0.00910711758400051
0.00537454847525802
0
0
0
0
0
0
0
0
0
0
0
0
0
0
0
0
0
0
0
0
0
0
0
0
0
0
0
0
0
0
0
0
0
0
0
0
0
0
0
0
0
0
0
0
0
0
0
0
0
0
0
0
0
0
0
0
0
0
0
0
0
0
0
0
0
0
0
0
0
0
0
0
0
0
0
0
0
0
0
0
0
0
0
0
0
0
0
0
0
0
0
0
0
0
0
0
0
0
0
0
0
0
0
0
0
0
0
0
0
0
0
0
0
0
0
0
0
0
0
0
0
0
0
0
0
0
0
0
0
0
0
0
0
0
0
0
0
0
0
0
0
0
0
0
0.0461643938759097
0.0112759445350299
0.00748734628244018
0.00644023731878602
0.00901109625478944
0.00534309238082214
0
0
0
0
0
0
0
0
0
0
0
0
0
0
0
0
0
0
0
0
0
0
0
0
0
0
0
0
0
0
0
0
0
0
0
0
0
0
0
0
0
0
0
0
0
0
0
0
0
0
0
0
0
0
0
0
0
0
0
0
0
0
0
0
0
0
0
0
0
0
0
0
0
0
0
0
0
0
0
0
0
0
0
0
0
0
0
0
0
0
0
0
0
0
0
0
0
0
0
0
0
0
0
0
0
0
0
0
0
0
0
0
0
0
0
0
0
0
0
0
0
0
0
0
0
0
0
0
0
0
0
0
0
0
0
0
0
0
0
0
0
0
0
0
0.04568537668301
0.0112503908560407
0.00745505933288653
0.00637962208789746
0.00891901506676001
0.00531624595015308
0
0
0
0
0
0
0
0
0
0
0
0
0
0
0
0
0
0
0
0
0
0
0
0
0
0
0
0
0
0
0
0
0
0
0
0
0
0
0
0
0
0
0
0
0
0
0
0
0
0
0
0
0
0
0
0
0
0
0
0
0
0
0
0
0
0
0
0
0
0
0
0
0
0
0
0
0
0
0
0
0
0
0
0
0
0
0
0
0
0
0
0
0
0
0
0
0
0
0
0
0
0
0
0
0
0
0
0
0
0
0
0
0
0
0
0
0
0
0
0
0
0
0
0
0
0
0
0
0
0
0
0
0
0
0
0
0
0
0
0
0
0
0
0
0.0452274367892383
0.0112324711067884
0.00741775452091701
0.00631696082650759
0.00880022308745712
0.00529215117303333
0
0
0
0
0
0
0
0
0
0
0
0
0
0
0
0
0
0
0
0
0
0
0
0
0
0
0
0
0
0
0
0
0
0
0
0
0
0
0
0
0
0
0
0
0
0
0
0
0
0
0
0
0
0
0
0
0
0
0
0
0
0
0
0
0
0
0
0
0
0
0
0
0
0
0
0
0
0
0
0
0
0
0
0
0
0
0
0
0
0
0
0
0
0
0
0
0
0
0
0
0
0
0
0
0
0
0
0
0
0
0
0
0
0
0
0
0
0
0
0
0
0
0
0
0
0
0
0
0
0
0
0
0
0
0
0
0
0
0
0
0
0
0
0
0.0447770948065873
0.0112209480634042
0.00738585283899612
0.00624984482023256
0.00868111878272734
0
0
0
0
0
0
0
0
0
0
0
0
0
0
0
0
0
0
0
0
0
0
0
0
0
0
0
0
0
0
0
0
0
0
0
0
0
0
0
0
0
0
0
0
0
0
0
0
0
0
0
0
0
0
0
0
0
0
0
0
0
0
0
0
0
0
0
0
0
0
0
0
0
0
0
0
0
0
0
0
0
0
0
0
0
0
0
0
0
0
0
0
0
0
0
0
0
0
0
0
0
0
0
0
0
0
0
0
0
0
0
0
0
0
0
0
0
0
0
0
0
0
0
0
0
0
0
0
0
0
0
0
0
0
0
0
0
0
0
0
0
0
0
0
0
0.0443420843307704
0.011206980737859
0.00736291077328992
0.00618752983910784
0.00855931329914186
0
0
0
0
0
0
0
0
0
0
0
0
0
0
0
0
0
0
0
0
0
0
0
0
0
0
0
0
0
0
0
0
0
0
0
0
0
0
0
0
0
0
0
0
0
0
0
0
0
0
0
0
0
0
0
0
0
0
0
0
0
0
0
0
0
0
0
0
0
0
0
0
0
0
0
0
0
0
0
0
0
0
0
0
0
0
0
0
0
0
0
0
0
0
0
0
0
0
0
0
0
0
0
0
0
0
0
0
0
0
0
0
0
0
0
0
0
0
0
0
0
0
0
0
0
0
0
0
0
0
0
0
0
0
0
0
0
0
0
0
0
0
0
0
0
0.0439130357891563
0.0111966670438961
0.00733898609576239
0.0061342576335424
0.00844311511446695
0
0
0
0
0
0
0
0
0
0
0
0
0
0
0
0
0
0
0
0
0
0
0
0
0
0
0
0
0
0
0
0
0
0
0
0
0
0
0
0
0
0
0
0
0
0
0
0
0
0
0
0
0
0
0
0
0
0
0
0
0
0
0
0
0
0
0
0
0
0
0
0
0
0
0
0
0
0
0
0
0
0
0
0
0
0
0
0
0
0
0
0
0
0
0
0
0
0
0
0
0
0
0
0
0
0
0
0
0
0
0
0
0
0
0
0
0
0
0
0
0
0
0
0
0
0
0
0
0
0
0
0
0
0
0
0
0
0
0
0
0
0
0
0
0
0.0434941477871239
0.0111866803111725
0.00731793802564396
0.00608183416388589
0.00833695453551678
0
0
0
0
0
0
0
0
0
0
0
0
0
0
0
0
0
0
0
0
0
0
0
0
0
0
0
0
0
0
0
0
0
0
0
0
0
0
0
0
0
0
0
0
0
0
0
0
0
0
0
0
0
0
0
0
0
0
0
0
0
0
0
0
0
0
0
0
0
0
0
0
0
0
0
0
0
0
0
0
0
0
0
0
0
0
0
0
0
0
0
0
0
0
0
0
0
0
0
0
0
0
0
0
0
0
0
0
0
0
0
0
0
0
0
0
0
0
0
0
0
0
0
0
0
0
0
0
0
0
0
0
0
0
0
0
0
0
0
0
0
0
0
0
0
0.0430780978613619
0.0111774615439277
0.00729812175724383
0.00603311031339818
0.00823244671484736
0
0
0
0
0
0
0
0
0
0
0
0
0
0
0
0
0
0
0
0
0
0
0
0
0
0
0
0
0
0
0
0
0
0
0
0
0
0
0
0
0
0
0
0
0
0
0
0
0
0
0
0
0
0
0
0
0
0
0
0
0
0
0
0
0
0
0
0
0
0
0
0
0
0
0
0
0
0
0
0
0
0
0
0
0
0
0
0
0
0
0
0
0
0
0
0
0
0
0
0
0
0
0
0
0
0
0
0
0
0
0
0
0
0
0
0
0
0
0
0
0
0
0
0
0
0
0
0
0
0
0
0
0
0
0
0
0
0
0
0
0
0
0
0
0
0.0426739289255935
0.0111636077862991
0.00728022347533162
0.00598482925386059
0.00813249097550445
0
0
0
0
0
0
0
0
0
0
0
0
0
0
0
0
0
0
0
0
0
0
0
0
0
0
0
0
0
0
0
0
0
0
0
0
0
0
0
0
0
0
0
0
0
0
0
0
0
0
0
0
0
0
0
0
0
0
0
0
0
0
0
0
0
0
0
0
0
0
0
0
0
0
0
0
0
0
0
0
0
0
0
0
0
0
0
0
0
0
0
0
0
0
0
0
0
0
0
0
0
0
0
0
0
0
0
0
0
0
0
0
0
0
0
0
0
0
0
0
0
0
0
0
0
0
0
0
0
0
0
0
0
0
0
0
0
0
0
0
0
0
0
0
0
0.0422839725174133
0.0111557695182258
0.00725954517658668
0.00593781201268173
0.00803516317752999
0
0
0
0
0
0
0
0
0
0
0
0
0
0
0
0
0
0
0
0
0
0
0
0
0
0
0
0
0
0
0
0
0
0
0
0
0
0
0
0
0
0
0
0
0
0
0
0
0
0
0
0
0
0
0
0
0
0
0
0
0
0
0
0
0
0
0
0
0
0
0
0
0
0
0
0
0
0
0
0
0
0
0
0
0
0
0
0
0
0
0
0
0
0
0
0
0
0
0
0
0
0
0
0
0
0
0
0
0
0
0
0
0
0
0
0
0
0
0
0
0
0
0
0
0
0
0
0
0
0
0
0
0
0
0
0
0
0
0
0
0
0
0
0
0
0.0419085308383848
0.0111578668561153
0.00724848036991858
0.00588778336476653
0.00794170742082812
0
0
0
0
0
0
0
0
0
0
0
0
0
0
0
0
0
0
0
0
0
0
0
0
0
0
0
0
0
0
0
0
0
0
0
0
0
0
0
0
0
0
0
0
0
0
0
0
0
0
0
0
0
0
0
0
0
0
0
0
0
0
0
0
0
0
0
0
0
0
0
0
0
0
0
0
0
0
0
0
0
0
0
0
0
0
0
0
0
0
0
0
0
0
0
0
0
0
0
0
0
0
0
0
0
0
0
0
0
0
0
0
0
0
0
0
0
0
0
0
0
0
0
0
0
0
0
0
0
0
0
0
0
0
0
0
0
0
0
0
0
0
0
0
0
0.0415379550986874
0.0111637459200867
0.00724385209122892
0.00584472087553495
0.00784610942557601
0
0
0
0
0
0
0
0
0
0
0
0
0
0
0
0
0
0
0
0
0
0
0
0
0
0
0
0
0
0
0
0
0
0
0
0
0
0
0
0
0
0
0
0
0
0
0
0
0
0
0
0
0
0
0
0
0
0
0
0
0
0
0
0
0
0
0
0
0
0
0
0
0
0
0
0
0
0
0
0
0
0
0
0
0
0
0
0
0
0
0
0
0
0
0
0
0
0
0
0
0
0
0
0
0
0
0
0
0
0
0
0
0
0
0
0
0
0
0
0
0
0
0
0
0
0
0
0
0
0
0
0
0
0
0
0
0
0
0
0
0
0
0
0
0
0.0411721046618666
0.0111673660325929
0.00724300170777723
0.00580657713323215
0.00775919070891084
0
0
0
0
0
0
0
0
0
0
0
0
0
0
0
0
0
0
0
0
0
0
0
0
0
0
0
0
0
0
0
0
0
0
0
0
0
0
0
0
0
0
0
0
0
0
0
0
0
0
0
0
0
0
0
0
0
0
0
0
0
0
0
0
0
0
0
0
0
0
0
0
0
0
0
0
0
0
0
0
0
0
0
0
0
0
0
0
0
0
0
0
0
0
0
0
0
0
0
0
0
0
0
0
0
0
0
0
0
0
0
0
0
0
0
0
0
0
0
0
0
0
0
0
0
0
0
0
0
0
0
0
0
0
0
0
0
0
0
0
0
0
0
0
0
0.0408095075771655
0.0111693246090283
0.00724181491130324
0.00577480440956404
0.00767928722713784
0
0
0
0
0
0
0
0
0
0
0
0
0
0
0
0
0
0
0
0
0
0
0
0
0
0
0
0
0
0
0
0
0
0
0
0
0
0
0
0
0
0
0
0
0
0
0
0
0
0
0
0
0
0
0
0
0
0
0
0
0
0
0
0
0
0
0
0
0
0
0
0
0
0
0
0
0
0
0
0
0
0
0
0
0
0
0
0
0
0
0
0
0
0
0
0
0
0
0
0
0
0
0
0
0
0
0
0
0
0
0
0
0
0
0
0
0
0
0
0
0
0
0
0
0
0
0
0
0
0
0
0
0
0
0
0
0
0
0
0
0
0
0
0
0
0.0404631570823483
0.0111692859939262
0.0072406978212914
0.00574342358550294
0.00760866295373063
0
0
0
0
0
0
0
0
0
0
0
0
0
0
0
0
0
0
0
0
0
0
0
0
0
0
0
0
0
0
0
0
0
0
0
0
0
0
0
0
0
0
0
0
0
0
0
0
0
0
0
0
0
0
0
0
0
0
0
0
0
0
0
0
0
0
0
0
0
0
0
0
0
0
0
0
0
0
0
0
0
0
0
0
0
0
0
0
0
0
0
0
0
0
0
0
0
0
0
0
0
0
0
0
0
0
0
0
0
0
0
0
0
0
0
0
0
0
0
0
0
0
0
0
0
0
0
0
0
0
0
0
0
0
0
0
0
0
0
0
0
0
0
0
0
0.0401314157519539
0.0111762857273043
0.00724075951297475
0.00571240979590546
0.0075384337441912
0
0
0
0
0
0
0
0
0
0
0
0
0
0
0
0
0
0
0
0
0
0
0
0
0
0
0
0
0
0
0
0
0
0
0
0
0
0
0
0
0
0
0
0
0
0
0
0
0
0
0
0
0
0
0
0
0
0
0
0
0
0
0
0
0
0
0
0
0
0
0
0
0
0
0
0
0
0
0
0
0
0
0
0
0
0
0
0
0
0
0
0
0
0
0
0
0
0
0
0
0
0
0
0
0
0
0
0
0
0
0
0
0
0
0
0
0
0
0
0
0
0
0
0
0
0
0
0
0
0
0
0
0
0
0
0
0
0
0
0
0
0
0
0
0
0.0398136602354623
0.0111881506815798
0.00724848956257459
0.00568159341066013
0.00746972904461749
0
0
0
0
0
0
0
0
0
0
0
0
0
0
0
0
0
0
0
0
0
0
0
0
0
0
0
0
0
0
0
0
0
0
0
0
0
0
0
0
0
0
0
0
0
0
0
0
0
0
0
0
0
0
0
0
0
0
0
0
0
0
0
0
0
0
0
0
0
0
0
0
0
0
0
0
0
0
0
0
0
0
0
0
0
0
0
0
0
0
0
0
0
0
0
0
0
0
0
0
0
0
0
0
0
0
0
0
0
0
0
0
0
0
0
0
0
0
0
0
0
0
0
0
0
0
0
0
0
0
0
0
0
0
0
0
0
0
0
0
0
0
0
0
0
0.0394976972285078
0.0111947988753049
0.00726106064014262
0.00565841299879677
0.00740148705364629
0
0
0
0
0
0
0
0
0
0
0
0
0
0
0
0
0
0
0
0
0
0
0
0
0
0
0
0
0
0
0
0
0
0
0
0
0
0
0
0
0
0
0
0
0
0
0
0
0
0
0
0
0
0
0
0
0
0
0
0
0
0
0
0
0
0
0
0
0
0
0
0
0
0
0
0
0
0
0
0
0
0
0
0
0
0
0
0
0
0
0
0
0
0
0
0
0
0
0
0
0
0
0
0
0
0
0
0
0
0
0
0
0
0
0
0
0
0
0
0
0
0
0
0
0
0
0
0
0
0
0
0
0
0
0
0
0
0
0
0
0
0
0
0
0
0.0391860106153134
0.0111971503815413
0.00727862004188144
0.00564085258102168
0.00734203031653512
0
0
0
0
0
0
0
0
0
0
0
0
0
0
0
0
0
0
0
0
0
0
0
0
0
0
0
0
0
0
0
0
0
0
0
0
0
0
0
0
0
0
0
0
0
0
0
0
0
0
0
0
0
0
0
0
0
0
0
0
0
0
0
0
0
0
0
0
0
0
0
0
0
0
0
0
0
0
0
0
0
0
0
0
0
0
0
0
0
0
0
0
0
0
0
0
0
0
0
0
0
0
0
0
0
0
0
0
0
0
0
0
0
0
0
0
0
0
0
0
0
0
0
0
0
0
0
0
0
0
0
0
0
0
0
0
0
0
0
0
0
0
0
0
0
0.0389038261786898
0.0111990454793951
0.00729408465219695
0.00562625062105516
0.00728809850237884
0
0
0
0
0
0
0
0
0
0
0
0
0
0
0
0
0
0
0
0
0
0
0
0
0
0
0
0
0
0
0
0
0
0
0
0
0
0
0
0
0
0
0
0
0
0
0
0
0
0
0
0
0
0
0
0
0
0
0
0
0
0
0
0
0
0
0
0
0
0
0
0
0
0
0
0
0
0
0
0
0
0
0
0
0
0
0
0
0
0
0
0
0
0
0
0
0
0
0
0
0
0
0
0
0
0
0
0
0
0
0
0
0
0
0
0
0
0
0
0
0
0
0
0
0
0
0
0
0
0
0
0
0
0
0
0
0
0
0
0
0
0
0
0
0
0.0386394943902587
0.0112289662618499
0.00731007824418868
0.00560926718065613
0.00723807030754637
0
0
0
0
0
0
0
0
0
0
0
0
0
0
0
0
0
0
0
0
0
0
0
0
0
0
0
0
0
0
0
0
0
0
0
0
0
0
0
0
0
0
0
0
0
0
0
0
0
0
0
0
0
0
0
0
0
0
0
0
0
0
0
0
0
0
0
0
0
0
0
0
0
0
0
0
0
0
0
0
0
0
0
0
0
0
0
0
0
0
0
0
0
0
0
0
0
0
0
0
0
0
0
0
0
0
0
0
0
0
0
0
0
0
0
0
0
0
0
0
0
0
0
0
0
0
0
0
0
0
0
0
0
0
0
0
0
0
0
0
0
0
0
0
0
0.0383843261394482
0.0112701693835941
0.00734387821818033
0.00559258027488559
0.00718641659261927
0
0
0
0
0
0
0
0
0
0
0
0
0
0
0
0
0
0
0
0
0
0
0
0
0
0
0
0
0
0
0
0
0
0
0
0
0
0
0
0
0
0
0
0
0
0
0
0
0
0
0
0
0
0
0
0
0
0
0
0
0
0
0
0
0
0
0
0
0
0
0
0
0
0
0
0
0
0
0
0
0
0
0
0
0
0
0
0
0
0
0
0
0
0
0
0
0
0
0
0
0
0
0
0
0
0
0
0
0
0
0
0
0
0
0
0
0
0
0
0
0
0
0
0
0
0
0
0
0
0
0
0
0
0
0
0
0
0
0
0
0
0
0
0
0
0.03813626447104
0.0113132635374163
0.00738952525625008
0.00559021012031368
0.00713671867477609
0
0
0
0
0
0
0
0
0
0
0
0
0
0
0
0
0
0
0
0
0
0
0
0
0
0
0
0
0
0
0
0
0
0
0
0
0
0
0
0
0
0
0
0
0
0
0
0
0
0
0
0
0
0
0
0
0
0
0
0
0
0
0
0
0
0
0
0
0
0
0
0
0
0
0
0
0
0
0
0
0
0
0
0
0
0
0
0
0
0
0
0
0
0
0
0
0
0
0
0
0
0
0
0
0
0
0
0
0
0
0
0
0
0
0
0
0
0
0
0
0
0
0
0
0
0
0
0
0
0
0
0
0
0
0
0
0
0
0
0
0
0
0
0
0
0.0379104844203411
0.0113559677821854
0.00743923751032145
0.00560158852602391
0.0071014930787775
0
0
0
0
0
0
0
0
0
0
0
0
0
0
0
0
0
0
0
0
0
0
0
0
0
0
0
0
0
0
0
0
0
0
0
0
0
0
0
0
0
0
0
0
0
0
0
0
0
0
0
0
0
0
0
0
0
0
0
0
0
0
0
0
0
0
0
0
0
0
0
0
0
0
0
0
0
0
0
0
0
0
0
0
0
0
0
0
0
0
0
0
0
0
0
0
0
0
0
0
0
0
0
0
0
0
0
0
0
0
0
0
0
0
0
0
0
0
0
0
0
0
0
0
0
0
0
0
0
0
0
0
0
0
0
0
0
0
0
0
0
0
0
0
0
0.0376902652011624
0.0114102136306256
0.00749069733725325
0.00561722936610582
0.00707921781147245
0
0
0
0
0
0
0
0
0
0
0
0
0
0
0
0
0
0
0
0
0
0
0
0
0
0
0
0
0
0
0
0
0
0
0
0
0
0
0
0
0
0
0
0
0
0
0
0
0
0
0
0
0
0
0
0
0
0
0
0
0
0
0
0
0
0
0
0
0
0
0
0
0
0
0
0
0
0
0
0
0
0
0
0
0
0
0
0
0
0
0
0
0
0
0
0
0
0
0
0
0
0
0
0
0
0
0
0
0
0
0
0
0
0
0
0
0
0
0
0
0
0
0
0
0
0
0
0
0
0
0
0
0
0
0
0
0
0
0
0
0
0
0
0
0
0.0374742455055583
0.0114628334665848
0.00755541745298256
0.00563466818900562
0.00706196527916033
0
0
0
0
0
0
0
0
0
0
0
0
0
0
0
0
0
0
0
0
0
0
0
0
0
0
0
0
0
0
0
0
0
0
0
0
0
0
0
0
0
0
0
0
0
0
0
0
0
0
0
0
0
0
0
0
0
0
0
0
0
0
0
0
0
0
0
0
0
0
0
0
0
0
0
0
0
0
0
0
0
0
0
0
0
0
0
0
0
0
0
0
0
0
0
0
0
0
0
0
0
0
0
0
0
0
0
0
0
0
0
0
0
0
0
0
0
0
0
0
0
0
0
0
0
0
0
0
0
0
0
0
0
0
0
0
0
0
0
0
0
0
0
0
0
0.0372634502070243
0.011514081803007
0.00762084917721974
0.00566670863397611
0.00704734349983741
0
0
0
0
0
0
0
0
0
0
0
0
0
0
0
0
0
0
0
0
0
0
0
0
0
0
0
0
0
0
0
0
0
0
0
0
0
0
0
0
0
0
0
0
0
0
0
0
0
0
0
0
0
0
0
0
0
0
0
0
0
0
0
0
0
0
0
0
0
0
0
0
0
0
0
0
0
0
0
0
0
0
0
0
0
0
0
0
0
0
0
0
0
0
0
0
0
0
0
0
0
0
0
0
0
0
0
0
0
0
0
0
0
0
0
0
0
0
0
0
0
0
0
0
0
0
0
0
0
0
0
0
0
0
0
0
0
0
0
0
0
0
0
0
0
0.0370582219356607
0.0115636650604681
0.00768530137511176
0.00570001553041414
0.00704834335294456
0
0
0
0
0
0
0
0
0
0
0
0
0
0
0
0
0
0
0
0
0
0
0
0
0
0
0
0
0
0
0
0
0
0
0
0
0
0
0
0
0
0
0
0
0
0
0
0
0
0
0
0
0
0
0
0
0
0
0
0
0
0
0
0
0
0
0
0
0
0
0
0
0
0
0
0
0
0
0
0
0
0
0
0
0
0
0
0
0
0
0
0
0
0
0
0
0
0
0
0
0
0
0
0
0
0
0
0
0
0
0
0
0
0
0
0
0
0
0
0
0
0
0
0
0
0
0
0
0
0
0
0
0
0
0
0
0
0
0
0
0
0
0
0
0
0.036853047414726
0.0116121340216023
0.00774433689565186
0.00573307412189638
0.00705141072189895
0
0
0
0
0
0
0
0
0
0
0
0
0
0
0
0
0
0
0
0
0
0
0
0
0
0
0
0
0
0
0
0
0
0
0
0
0
0
0
0
0
0
0
0
0
0
0
0
0
0
0
0
0
0
0
0
0
0
0
0
0
0
0
0
0
0
0
0
0
0
0
0
0
0
0
0
0
0
0
0
0
0
0
0
0
0
0
0
0
0
0
0
0
0
0
0
0
0
0
0
0
0
0
0
0
0
0
0
0
0
0
0
0
0
0
0
0
0
0
0
0
0
0
0
0
0
0
0
0
0
0
0
0
0
0
0
0
0
0
0
0
0
0
0
0
0.0366790107073686
0.0116603148422308
0.00780529874162548
0.00576870606112074
0.00705329409982436
0
0
0
0
0
0
0
0
0
0
0
0
0
0
0
0
0
0
0
0
0
0
0
0
0
0
0
0
0
0
0
0
0
0
0
0
0
0
0
0
0
0
0
0
0
0
0
0
0
0
0
0
0
0
0
0
0
0
0
0
0
0
0
0
0
0
0
0
0
0
0
0
0
0
0
0
0
0
0
0
0
0
0
0
0
0
0
0
0
0
0
0
0
0
0
0
0
0
0
0
0
0
0
0
0
0
0
0
0
0
0
0
0
0
0
0
0
0
0
0
0
0
0
0
0
0
0
0
0
0
0
0
0
0
0
0
0
0
0
0
0
0
0
0
0
0.0365121668392416
0.0117130272022469
0.00786539636051086
0.005805098622489
0.00705630585918427
0.00497814711879518
0
0
0
0
0
0
0
0
0
0
0
0
0
0
0
0
0
0
0
0
0
0
0
0
0
0
0
0
0
0
0
0
0
0
0
0
0
0
0
0
0
0
0
0
0
0
0
0
0
0
0
0
0
0
0
0
0
0
0
0
0
0
0
0
0
0
0
0
0
0
0
0
0
0
0
0
0
0
0
0
0
0
0
0
0
0
0
0
0
0
0
0
0
0
0
0
0
0
0
0
0
0
0
0
0
0
0
0
0
0
0
0
0
0
0
0
0
0
0
0
0
0
0
0
0
0
0
0
0
0
0
0
0
0
0
0
0
0
0
0
0
0
0
0
0.0363509259619193
0.0117661505403097
0.00791957783854041
0.00583869794375416
0.00705964494103027
0.00502236592742505
0
0
0
0
0
0
0
0
0
0
0
0
0
0
0
0
0
0
0
0
0
0
0
0
0
0
0
0
0
0
0
0
0
0
0
0
0
0
0
0
0
0
0
0
0
0
0
0
0
0
0
0
0
0
0
0
0
0
0
0
0
0
0
0
0
0
0
0
0
0
0
0
0
0
0
0
0
0
0
0
0
0
0
0
0
0
0
0
0
0
0
0
0
0
0
0
0
0
0
0
0
0
0
0
0
0
0
0
0
0
0
0
0
0
0
0
0
0
0
0
0
0
0
0
0
0
0
0
0
0
0
0
0
0
0
0
0
0
0
0
0
0
0
0
0.0361452064370436
0.0118178430326637
0.00797565487671004
0.00586334151637558
0.00705757902918398
0.00506503152823497
0
0
0
0
0
0
0
0
0
0
0
0
0
0
0
0
0
0
0
0
0
0
0
0
0
0
0
0
0
0
0
0
0
0
0
0
0
0
0
0
0
0
0
0
0
0
0
0
0
0
0
0
0
0
0
0
0
0
0
0
0
0
0
0
0
0
0
0
0
0
0
0
0
0
0
0
0
0
0
0
0
0
0
0
0
0
0
0
0
0
0
0
0
0
0
0
0
0
0
0
0
0
0
0
0
0
0
0
0
0
0
0
0
0
0
0
0
0
0
0
0
0
0
0
0
0
0
0
0
0
0
0
0
0
0
0
0
0
0
0
0
0
0
0
0.0359584170273961
0.0118445240323817
0.00803351967401523
0.00589008317858672
0.00704463677765153
0.00510598600106631
0
0
0
0
0
0
0
0
0
0
0
0
0
0
0
0
0
0
0
0
0
0
0
0
0
0
0
0
0
0
0
0
0
0
0
0
0
0
0
0
0
0
0
0
0
0
0
0
0
0
0
0
0
0
0
0
0
0
0
0
0
0
0
0
0
0
0
0
0
0
0
0
0
0
0
0
0
0
0
0
0
0
0
0
0
0
0
0
0
0
0
0
0
0
0
0
0
0
0
0
0
0
0
0
0
0
0
0
0
0
0
0
0
0
0
0
0
0
0
0
0
0
0
0
0
0
0
0
0
0
0
0
0
0
0
0
0
0
0
0
0
0
0
0
0.0357228595401169
0.0118791710462925
0.00802779161453928
0.00591914812044558
0.00703507083240941
0.00513339826097527
0
0
0
0
0
0
0
0
0
0
0
0
0
0
0
0
0
0
0
0
0
0
0
0
0
0
0
0
0
0
0
0
0
0
0
0
0
0
0
0
0
0
0
0
0
0
0
0
0
0
0
0
0
0
0
0
0
0
0
0
0
0
0
0
0
0
0
0
0
0
0
0
0
0
0
0
0
0
0
0
0
0
0
0
0
0
0
0
0
0
0
0
0
0
0
0
0
0
0
0
0
0
0
0
0
0
0
0
0
0
0
0
0
0
0
0
0
0
0
0
0
0
0
0
0
0
0
0
0
0
0
0
0
0
0
0
0
0
0
0
0
0
0
0
0.0354902394220793
0.0118969467396394
0.00803000212991375
0.00592268976878815
0.00702798008005344
0.00516096649560606
0
0
0
0
0
0
0
0
0
0
0
0
0
0
0
0
0
0
0
0
0
0
0
0
0
0
0
0
0
0
0
0
0
0
0
0
0
0
0
0
0
0
0
0
0
0
0
0
0
0
0
0
0
0
0
0
0
0
0
0
0
0
0
0
0
0
0
0
0
0
0
0
0
0
0
0
0
0
0
0
0
0
0
0
0
0
0
0
0
0
0
0
0
0
0
0
0
0
0
0
0
0
0
0
0
0
0
0
0
0
0
0
0
0
0
0
0
0
0
0
0
0
0
0
0
0
0
0
0
0
0
0
0
0
0
0
0
0
0
0
0
0
0
0
0.0352618179191788
0.0119110790017125
0.00801886997458101
0.00593363476132267
0.00700138067554928
0.00519037372227251
0
0
0
0
0
0
0
0
0
0
0
0
0
0
0
0
0
0
0
0
0
0
0
0
0
0
0
0
0
0
0
0
0
0
0
0
0
0
0
0
0
0
0
0
0
0
0
0
0
0
0
0
0
0
0
0
0
0
0
0
0
0
0
0
0
0
0
0
0
0
0
0
0
0
0
0
0
0
0
0
0
0
0
0
0
0
0
0
0
0
0
0
0
0
0
0
0
0
0
0
0
0
0
0
0
0
0
0
0
0
0
0
0
0
0
0
0
0
0
0
0
0
0
0
0
0
0
0
0
0
0
0
0
0
0
0
0
0
0
0
0
0
0
0
0.0350377667252863
0.0119245404637827
0.00800414631407277
0.00592957871863802
0.00698420139869101
0.00519632042994658
0
0
0
0
0
0
0
0
0
0
0
0
0
0
0
0
0
0
0
0
0
0
0
0
0
0
0
0
0
0
0
0
0
0
0
0
0
0
0
0
0
0
0
0
0
0
0
0
0
0
0
0
0
0
0
0
0
0
0
0
0
0
0
0
0
0
0
0
0
0
0
0
0
0
0
0
0
0
0
0
0
0
0
0
0
0
0
0
0
0
0
0
0
0
0
0
0
0
0
0
0
0
0
0
0
0
0
0
0
0
0
0
0
0
0
0
0
0
0
0
0
0
0
0
0
0
0
0
0
0
0
0
0
0
0
0
0
0
0
0
0
0
0
0
0.0348192449852313
0.0119367098951388
0.00799001319522238
0.00592125555129886
0.00694836033146559
0.00520771964726028
0
0
0
0
0
0
0
0
0
0
0
0
0
0
0
0
0
0
0
0
0
0
0
0
0
0
0
0
0
0
0
0
0
0
0
0
0
0
0
0
0
0
0
0
0
0
0
0
0
0
0
0
0
0
0
0
0
0
0
0
0
0
0
0
0
0
0
0
0
0
0
0
0
0
0
0
0
0
0
0
0
0
0
0
0
0
0
0
0
0
0
0
0
0
0
0
0
0
0
0
0
0
0
0
0
0
0
0
0
0
0
0
0
0
0
0
0
0
0
0
0
0
0
0
0
0
0
0
0
0
0
0
0
0
0
0
0
0
0
0
0
0
0
0
0.0346042035352588
0.0119482517247923
0.0079756278409357
0.00591353185019384
0.00690803589564149
0.00519593424036899
0
0
0
0
0
0
0
0
0
0
0
0
0
0
0
0
0
0
0
0
0
0
0
0
0
0
0
0
0
0
0
0
0
0
0
0
0
0
0
0
0
0
0
0
0
0
0
0
0
0
0
0
0
0
0
0
0
0
0
0
0
0
0
0
0
0
0
0
0
0
0
0
0
0
0
0
0
0
0
0
0
0
0
0
0
0
0
0
0
0
0
0
0
0
0
0
0
0
0
0
0
0
0
0
0
0
0
0
0
0
0
0
0
0
0
0
0
0
0
0
0
0
0
0
0
0
0
0
0
0
0
0
0
0
0
0
0
0
0
0
0
0
0
0
0.0343758759997271
0.0119586393001647
0.0079612827378965
0.00590568034017253
0.00686862260452895
0.0051771947668222
0.00446979071276497
0
0
0
0
0
0
0
0
0
0
0
0
0
0
0
0
0
0
0
0
0
0
0
0
0
0
0
0
0
0
0
0
0
0
0
0
0
0
0
0
0
0
0
0
0
0
0
0
0
0
0
0
0
0
0
0
0
0
0
0
0
0
0
0
0
0
0
0
0
0
0
0
0
0
0
0
0
0
0
0
0
0
0
0
0
0
0
0
0
0
0
0
0
0
0
0
0
0
0
0
0
0
0
0
0
0
0
0
0
0
0
0
0
0
0
0
0
0
0
0
0
0
0
0
0
0
0
0
0
0
0
0
0
0
0
0
0
0
0
0
0
0
0
0.0341614702713217
0.0119644178898207
0.00794685294869447
0.00589692652810081
0.00682862707079935
0.00515843631995049
0.00445115894586735
0
0
0
0
0
0
0
0
0
0
0
0
0
0
0
0
0
0
0
0
0
0
0
0
0
0
0
0
0
0
0
0
0
0
0
0
0
0
0
0
0
0
0
0
0
0
0
0
0
0
0
0
0
0
0
0
0
0
0
0
0
0
0
0
0
0
0
0
0
0
0
0
0
0
0
0
0
0
0
0
0
0
0
0
0
0
0
0
0
0
0
0
0
0
0
0
0
0
0
0
0
0
0
0
0
0
0
0
0
0
0
0
0
0
0
0
0
0
0
0
0
0
0
0
0
0
0
0
0
0
0
0
0
0
0
0
0
0
0
0
0
0
0
0.0339546192070773
0.0119717086261936
0.00792900018760025
0.00588844707689852
0.00678979208782919
0.00514034080410597
0.00443479693719463
0
0
0
0
0
0
0
0
0
0
0
0
0
0
0
0
0
0
0
0
0
0
0
0
0
0
0
0
0
0
0
0
0
0
0
0
0
0
0
0
0
0
0
0
0
0
0
0
0
0
0
0
0
0
0
0
0
0
0
0
0
0
0
0
0
0
0
0
0
0
0
0
0
0
0
0
0
0
0
0
0
0
0
0
0
0
0
0
0
0
0
0
0
0
0
0
0
0
0
0
0
0
0
0
0
0
0
0
0
0
0
0
0
0
0
0
0
0
0
0
0
0
0
0
0
0
0
0
0
0
0
0
0
0
0
0
0
0
0
0
0
0
0
0.0337611515399877
0.0119814775101516
0.0079119027142986
0.00587024091056724
0.00675140337197022
0.00512174301663387
0.0044184217425596
0
0
0
0
0
0
0
0
0
0
0
0
0
0
0
0
0
0
0
0
0
0
0
0
0
0
0
0
0
0
0
0
0
0
0
0
0
0
0
0
0
0
0
0
0
0
0
0
0
0
0
0
0
0
0
0
0
0
0
0
0
0
0
0
0
0
0
0
0
0
0
0
0
0
0
0
0
0
0
0
0
0
0
0
0
0
0
0
0
0
0
0
0
0
0
0
0
0
0
0
0
0
0
0
0
0
0
0
0
0
0
0
0
0
0
0
0
0
0
0
0
0
0
0
0
0
0
0
0
0
0
0
0
0
0
0
0
0
0
0
0
0
0
0.0335633737473757
0.0119942546221474
0.00789758985867611
0.00585373625836554
0.00670821364686413
0.00510345218248013
0.00440220223348404
0
0
0
0
0
0
0
0
0
0
0
0
0
0
0
0
0
0
0
0
0
0
0
0
0
0
0
0
0
0
0
0
0
0
0
0
0
0
0
0
0
0
0
0
0
0
0
0
0
0
0
0
0
0
0
0
0
0
0
0
0
0
0
0
0
0
0
0
0
0
0
0
0
0
0
0
0
0
0
0
0
0
0
0
0
0
0
0
0
0
0
0
0
0
0
0
0
0
0
0
0
0
0
0
0
0
0
0
0
0
0
0
0
0
0
0
0
0
0
0
0
0
0
0
0
0
0
0
0
0
0
0
0
0
0
0
0
0
0
0
0
0
0
0.0333940666127899
0.0120100563526111
0.00788428888492803
0.00583877281675705
0.00666578792178875
0.00507516170389439
0.0043858996941257
0
0
0
0
0
0
0
0
0
0
0
0
0
0
0
0
0
0
0
0
0
0
0
0
0
0
0
0
0
0
0
0
0
0
0
0
0
0
0
0
0
0
0
0
0
0
0
0
0
0
0
0
0
0
0
0
0
0
0
0
0
0
0
0
0
0
0
0
0
0
0
0
0
0
0
0
0
0
0
0
0
0
0
0
0
0
0
0
0
0
0
0
0
0
0
0
0
0
0
0
0
0
0
0
0
0
0
0
0
0
0
0
0
0
0
0
0
0
0
0
0
0
0
0
0
0
0
0
0
0
0
0
0
0
0
0
0
0
0
0
0
0
0
0.0332345983689615
0.0120485657726282
0.00787530362556861
0.00582404933751277
0.00662501862057162
0.00504657208195722
0.00435905092091486
0.00271993092431195
0
0
0
0
0
0
0
0
0
0
0
0
0
0
0
0
0
0
0
0
0
0
0
0
0
0
0
0
0
0
0
0
0
0
0
0
0
0
0
0
0
0
0
0
0
0
0
0
0
0
0
0
0
0
0
0
0
0
0
0
0
0
0
0
0
0
0
0
0
0
0
0
0
0
0
0
0
0
0
0
0
0
0
0
0
0
0
0
0
0
0
0
0
0
0
0
0
0
0
0
0
0
0
0
0
0
0
0
0
0
0
0
0
0
0
0
0
0
0
0
0
0
0
0
0
0
0
0
0
0
0
0
0
0
0
0
0
0
0
0
0
0
0.0330790908949752
0.012088950144654
0.00788068484669093
0.00581248656138847
0.00658513979243222
0.00501952128679188
0.00433096491266407
0.00270643881732013
0
0
0
0
0
0
0
0
0
0
0
0
0
0
0
0
0
0
0
0
0
0
0
0
0
0
0
0
0
0
0
0
0
0
0
0
0
0
0
0
0
0
0
0
0
0
0
0
0
0
0
0
0
0
0
0
0
0
0
0
0
0
0
0
0
0
0
0
0
0
0
0
0
0
0
0
0
0
0
0
0
0
0
0
0
0
0
0
0
0
0
0
0
0
0
0
0
0
0
0
0
0
0
0
0
0
0
0
0
0
0
0
0
0
0
0
0
0
0
0
0
0
0
0
0
0
0
0
0
0
0
0
0
0
0
0
0
0
0
0
0
0
0.0329264144238124
0.0121276705728039
0.00788900752761624
0.00581265319544196
0.00654869076277733
0.00499232976114773
0.00430425380794277
0.00269096938468063
0
0
0
0
0
0
0
0
0
0
0
0
0
0
0
0
0
0
0
0
0
0
0
0
0
0
0
0
0
0
0
0
0
0
0
0
0
0
0
0
0
0
0
0
0
0
0
0
0
0
0
0
0
0
0
0
0
0
0
0
0
0
0
0
0
0
0
0
0
0
0
0
0
0
0
0
0
0
0
0
0
0
0
0
0
0
0
0
0
0
0
0
0
0
0
0
0
0
0
0
0
0
0
0
0
0
0
0
0
0
0
0
0
0
0
0
0
0
0
0
0
0
0
0
0
0
0
0
0
0
0
0
0
0
0
0
0
0
0
0
0
0
0.0327759421684304
0.0121649629681046
0.00789657761992681
0.00581576478001706
0.00652311581951297
0.00496829276653988
0.00427686463953304
0.00267676360834333
0
0
0
0
0
0
0
0
0
0
0
0
0
0
0
0
0
0
0
0
0
0
0
0
0
0
0
0
0
0
0
0
0
0
0
0
0
0
0
0
0
0
0
0
0
0
0
0
0
0
0
0
0
0
0
0
0
0
0
0
0
0
0
0
0
0
0
0
0
0
0
0
0
0
0
0
0
0
0
0
0
0
0
0
0
0
0
0
0
0
0
0
0
0
0
0
0
0
0
0
0
0
0
0
0
0
0
0
0
0
0
0
0
0
0
0
0
0
0
0
0
0
0
0
0
0
0
0
0
0
0
0
0
0
0
0
0
0
0
0
0
0
0.0326278694754969
0.012200018461973
0.00790379246605143
0.00581826760425174
0.00650110925187235
0.00495410930690433
0.00425272184897198
0.00266155037832573
0.00169843543906551
0
0
0
0
0
0
0
0
0
0
0
0
0
0
0
0
0
0
0
0
0
0
0
0
0
0
0
0
0
0
0
0
0
0
0
0
0
0
0
0
0
0
0
0
0
0
0
0
0
0
0
0
0
0
0
0
0
0
0
0
0
0
0
0
0
0
0
0
0
0
0
0
0
0
0
0
0
0
0
0
0
0
0
0
0
0
0
0
0
0
0
0
0
0
0
0
0
0
0
0
0
0
0
0
0
0
0
0
0
0
0
0
0
0
0
0
0
0
0
0
0
0
0
0
0
0
0
0
0
0
0
0
0
0
0
0
0
0
0
0
0
0.0324830018955812
0.0122330411365971
0.0079093172588035
0.00582057307810338
0.00647869728652385
0.00494243096844731
0.00423657287169594
0.00264892772447662
0.00168994585259961
0
0
0
0
0
0
0
0
0
0
0
0
0
0
0
0
0
0
0
0
0
0
0
0
0
0
0
0
0
0
0
0
0
0
0
0
0
0
0
0
0
0
0
0
0
0
0
0
0
0
0
0
0
0
0
0
0
0
0
0
0
0
0
0
0
0
0
0
0
0
0
0
0
0
0
0
0
0
0
0
0
0
0
0
0
0
0
0
0
0
0
0
0
0
0
0
0
0
0
0
0
0
0
0
0
0
0
0
0
0
0
0
0
0
0
0
0
0
0
0
0
0
0
0
0
0
0
0
0
0
0
0
0
0
0
0
0
0
0
0
0
0.0323413399583475
0.0122634316693852
0.00791361320157312
0.00582103961203071
0.00645653842592805
0.00492972802142373
0.00422225897928161
0.00264233274849827
0.00168364304534954
0
0
0
0
0
0
0
0
0
0
0
0
0
0
0
0
0
0
0
0
0
0
0
0
0
0
0
0
0
0
0
0
0
0
0
0
0
0
0
0
0
0
0
0
0
0
0
0
0
0
0
0
0
0
0
0
0
0
0
0
0
0
0
0
0
0
0
0
0
0
0
0
0
0
0
0
0
0
0
0
0
0
0
0
0
0
0
0
0
0
0
0
0
0
0
0
0
0
0
0
0
0
0
0
0
0
0
0
0
0
0
0
0
0
0
0
0
0
0
0
0
0
0
0
0
0
0
0
0
0
0
0
0
0
0
0
0
0
0
0
0
0.0322026576050199
0.0122921954537924
0.0079150124549711
0.00582036714991845
0.0064330376554116
0.00491710651322908
0.00420710166295628
0.0026369819185885
0.00168218713411596
0
0
0
0
0
0
0
0
0
0
0
0
0
0
0
0
0
0
0
0
0
0
0
0
0
0
0
0
0
0
0
0
0
0
0
0
0
0
0
0
0
0
0
0
0
0
0
0
0
0
0
0
0
0
0
0
0
0
0
0
0
0
0
0
0
0
0
0
0
0
0
0
0
0
0
0
0
0
0
0
0
0
0
0
0
0
0
0
0
0
0
0
0
0
0
0
0
0
0
0
0
0
0
0
0
0
0
0
0
0
0
0
0
0
0
0
0
0
0
0
0
0
0
0
0
0
0
0
0
0
0
0
0
0
0
0
0
0
0
0
0
0.032066561000869
0.0123196681417555
0.0079157293674617
0.00581646602117129
0.00640863316820298
0.0049020926286721
0.00419213882623686
0.00263007815644242
0.0016812831531494
0
0
0
0
0
0
0
0
0
0
0
0
0
0
0
0
0
0
0
0
0
0
0
0
0
0
0
0
0
0
0
0
0
0
0
0
0
0
0
0
0
0
0
0
0
0
0
0
0
0
0
0
0
0
0
0
0
0
0
0
0
0
0
0
0
0
0
0
0
0
0
0
0
0
0
0
0
0
0
0
0
0
0
0
0
0
0
0
0
0
0
0
0
0
0
0
0
0
0
0
0
0
0
0
0
0
0
0
0
0
0
0
0
0
0
0
0
0
0
0
0
0
0
0
0
0
0
0
0
0
0
0
0
0
0
0
0
0
0
0
0
0.0319342287477323
0.0123456519679222
0.00791619007711235
0.00581256595671283
0.00638180020720849
0.00488602717501083
0.00417531581654794
0.0026232717074645
0.001679002684474
0.0010446390637427
0
0
0
0
0
0
0
0
0
0
0
0
0
0
0
0
0
0
0
0
0
0
0
0
0
0
0
0
0
0
0
0
0
0
0
0
0
0
0
0
0
0
0
0
0
0
0
0
0
0
0
0
0
0
0
0
0
0
0
0
0
0
0
0
0
0
0
0
0
0
0
0
0
0
0
0
0
0
0
0
0
0
0
0
0
0
0
0
0
0
0
0
0
0
0
0
0
0
0
0
0
0
0
0
0
0
0
0
0
0
0
0
0
0
0
0
0
0
0
0
0
0
0
0
0
0
0
0
0
0
0
0
0
0
0
0
0
0
0
0
0.0318045393475512
0.0123707872935844
0.00791610005871604
0.00580864018877265
0.00635543186090546
0.00486761965930161
0.00415752375807811
0.00261426639369285
0.00167685066563612
0.00104758514777564
0
0
0
0
0
0
0
0
0
0
0
0
0
0
0
0
0
0
0
0
0
0
0
0
0
0
0
0
0
0
0
0
0
0
0
0
0
0
0
0
0
0
0
0
0
0
0
0
0
0
0
0
0
0
0
0
0
0
0
0
0
0
0
0
0
0
0
0
0
0
0
0
0
0
0
0
0
0
0
0
0
0
0
0
0
0
0
0
0
0
0
0
0
0
0
0
0
0
0
0
0
0
0
0
0
0
0
0
0
0
0
0
0
0
0
0
0
0
0
0
0
0
0
0
0
0
0
0
0
0
0
0
0
0
0
0
0
0
0
0
0.0316775469210979
0.0123945543248382
0.00791595381627232
0.00580433211291923
0.00632948238113167
0.00484934029192893
0.00413748303026102
0.00260424378678685
0.00167277481836091
0.00105066573162106
0
0
0
0
0
0
0
0
0
0
0
0
0
0
0
0
0
0
0
0
0
0
0
0
0
0
0
0
0
0
0
0
0
0
0
0
0
0
0
0
0
0
0
0
0
0
0
0
0
0
0
0
0
0
0
0
0
0
0
0
0
0
0
0
0
0
0
0
0
0
0
0
0
0
0
0
0
0
0
0
0
0
0
0
0
0
0
0
0
0
0
0
0
0
0
0
0
0
0
0
0
0
0
0
0
0
0
0
0
0
0
0
0
0
0
0
0
0
0
0
0
0
0
0
0
0
0
0
0
0
0
0
0
0
0
0
0
0
0
0
0.0315531462048158
0.0124169668266976
0.00791531743844172
0.0057999056996943
0.00630359159584683
0.00483124544207986
0.00411770409316886
0.00259213657352267
0.00166769890702089
0.0010517131124184
0
0
0
0
0
0
0
0
0
0
0
0
0
0
0
0
0
0
0
0
0
0
0
0
0
0
0
0
0
0
0
0
0
0
0
0
0
0
0
0
0
0
0
0
0
0
0
0
0
0
0
0
0
0
0
0
0
0
0
0
0
0
0
0
0
0
0
0
0
0
0
0
0
0
0
0
0
0
0
0
0
0
0
0
0
0
0
0
0
0
0
0
0
0
0
0
0
0
0
0
0
0
0
0
0
0
0
0
0
0
0
0
0
0
0
0
0
0
0
0
0
0
0
0
0
0
0
0
0
0
0
0
0
0
0
0
0
0
0
0
0.0314317335947223
0.0124378056107907
0.00791409777788548
0.00579518106787575
0.00627812711804439
0.00481301413971703
0.00409826525891798
0.0025800270771106
0.00166024399661486
0.00105163274794623
0
0
0
0
0
0
0
0
0
0
0
0
0
0
0
0
0
0
0
0
0
0
0
0
0
0
0
0
0
0
0
0
0
0
0
0
0
0
0
0
0
0
0
0
0
0
0
0
0
0
0
0
0
0
0
0
0
0
0
0
0
0
0
0
0
0
0
0
0
0
0
0
0
0
0
0
0
0
0
0
0
0
0
0
0
0
0
0
0
0
0
0
0
0
0
0
0
0
0
0
0
0
0
0
0
0
0
0
0
0
0
0
0
0
0
0
0
0
0
0
0
0
0
0
0
0
0
0
0
0
0
0
0
0
0
0
0
0
0
0
0.0313137430234428
0.0124579842605949
0.00791209805243442
0.00579047744358866
0.00625278401814087
0.00479486235294026
0.00407884159886534
0.0025680755637689
0.00165264017856728
0.00104907638536522
0.000653847694311094
0
0
0
0
0
0
0
0
0
0
0
0
0
0
0
0
0
0
0
0
0
0
0
0
0
0
0
0
0
0
0
0
0
0
0
0
0
0
0
0
0
0
0
0
0
0
0
0
0
0
0
0
0
0
0
0
0
0
0
0
0
0
0
0
0
0
0
0
0
0
0
0
0
0
0
0
0
0
0
0
0
0
0
0
0
0
0
0
0
0
0
0
0
0
0
0
0
0
0
0
0
0
0
0
0
0
0
0
0
0
0
0
0
0
0
0
0
0
0
0
0
0
0
0
0
0
0
0
0
0
0
0
0
0
0
0
0
0
0
0.0311977537483092
0.0124770324166183
0.00791008828893492
0.00578527109911489
0.00622765170637751
0.004776610106028
0.00405966641539675
0.00255603380103305
0.00164527484046114
0.00104635936430577
0.000652871111988184
0
0
0
0
0
0
0
0
0
0
0
0
0
0
0
0
0
0
0
0
0
0
0
0
0
0
0
0
0
0
0
0
0
0
0
0
0
0
0
0
0
0
0
0
0
0
0
0
0
0
0
0
0
0
0
0
0
0
0
0
0
0
0
0
0
0
0
0
0
0
0
0
0
0
0
0
0
0
0
0
0
0
0
0
0
0
0
0
0
0
0
0
0
0
0
0
0
0
0
0
0
0
0
0
0
0
0
0
0
0
0
0
0
0
0
0
0
0
0
0
0
0
0
0
0
0
0
0
0
0
0
0
0
0
0
0
0
0
0
0.0310788147120232
0.0124920357173119
0.00790796467269009
0.00578033895836456
0.00620269857082778
0.00475849879409641
0.00404067649638907
0.00254448865071823
0.00163788756470664
0.00104415115043073
0.000652163112450147
0
0
0
0
0
0
0
0
0
0
0
0
0
0
0
0
0
0
0
0
0
0
0
0
0
0
0
0
0
0
0
0
0
0
0
0
0
0
0
0
0
0
0
0
0
0
0
0
0
0
0
0
0
0
0
0
0
0
0
0
0
0
0
0
0
0
0
0
0
0
0
0
0
0
0
0
0
0
0
0
0
0
0
0
0
0
0
0
0
0
0
0
0
0
0
0
0
0
0
0
0
0
0
0
0
0
0
0
0
0
0
0
0
0
0
0
0
0
0
0
0
0
0
0
0
0
0
0
0
0
0
0
0
0
0
0
0
0
0
0.0309629505595579
0.012505481766516
0.0079050613236323
0.00577528328583391
0.00617823391781131
0.00474002347276418
0.00402186188030656
0.00253290300830372
0.00163053786499285
0.00104190196479411
0.000651770284423249
0
0
0
0
0
0
0
0
0
0
0
0
0
0
0
0
0
0
0
0
0
0
0
0
0
0
0
0
0
0
0
0
0
0
0
0
0
0
0
0
0
0
0
0
0
0
0
0
0
0
0
0
0
0
0
0
0
0
0
0
0
0
0
0
0
0
0
0
0
0
0
0
0
0
0
0
0
0
0
0
0
0
0
0
0
0
0
0
0
0
0
0
0
0
0
0
0
0
0
0
0
0
0
0
0
0
0
0
0
0
0
0
0
0
0
0
0
0
0
0
0
0
0
0
0
0
0
0
0
0
0
0
0
0
0
0
0
0
0
0.0308496098378477
0.0125179339011417
0.00790152180211812
0.00576975420498527
0.00615401215040712
0.00472186871069349
0.00400286982634003
0.00252136164911175
0.00162315841373096
0.00103956162132423
0.000651331631640145
0
0
0
0
0
0
0
0
0
0
0
0
0
0
0
0
0
0
0
0
0
0
0
0
0
0
0
0
0
0
0
0
0
0
0
0
0
0
0
0
0
0
0
0
0
0
0
0
0
0
0
0
0
0
0
0
0
0
0
0
0
0
0
0
0
0
0
0
0
0
0
0
0
0
0
0
0
0
0
0
0
0
0
0
0
0
0
0
0
0
0
0
0
0
0
0
0
0
0
0
0
0
0
0
0
0
0
0
0
0
0
0
0
0
0
0
0
0
0
0
0
0
0
0
0
0
0
0
0
0
0
0
0
0
0
0
0
0
0
0.030738851193611
0.0125291679335679
0.00789792330042398
0.00576388622558315
0.00612979660649961
0.00470387894478839
0.00398434160565969
0.0025095068657513
0.00161589163341026
0.00103720525769263
0.000650848025748711
0
0
0
0
0
0
0
0
0
0
0
0
0
0
0
0
0
0
0
0
0
0
0
0
0
0
0
0
0
0
0
0
0
0
0
0
0
0
0
0
0
0
0
0
0
0
0
0
0
0
0
0
0
0
0
0
0
0
0
0
0
0
0
0
0
0
0
0
0
0
0
0
0
0
0
0
0
0
0
0
0
0
0
0
0
0
0
0
0
0
0
0
0
0
0
0
0
0
0
0
0
0
0
0
0
0
0
0
0
0
0
0
0
0
0
0
0
0
0
0
0
0
0
0
0
0
0
0
0
0
0
0
0
0
0
0
0
0
0
0.0306304978711718
0.0125392653085758
0.00789391711453915
0.00575809398338151
0.00610558261221857
0.00468571612243752
0.00396604936908401
0.00249800225465447
0.00160829776022164
0.00103495317756829
0.000650361470359837
0
0
0
0
0
0
0
0
0
0
0
0
0
0
0
0
0
0
0
0
0
0
0
0
0
0
0
0
0
0
0
0
0
0
0
0
0
0
0
0
0
0
0
0
0
0
0
0
0
0
0
0
0
0
0
0
0
0
0
0
0
0
0
0
0
0
0
0
0
0
0
0
0
0
0
0
0
0
0
0
0
0
0
0
0
0
0
0
0
0
0
0
0
0
0
0
0
0
0
0
0
0
0
0
0
0
0
0
0
0
0
0
0
0
0
0
0
0
0
0
0
0
0
0
0
0
0
0
0
0
0
0
0
0
0
0
0
0
0
0.0305248335539763
0.0125480367831256
0.00788957989509098
0.00575210495524157
0.00608181905811779
0.00466730976436406
0.00394770192635257
0.00248646186534024
0.00160100233378855
0.00103231368643175
0.000649941398343594
0.000400215308690154
0
0
0
0
0
0
0
0
0
0
0
0
0
0
0
0
0
0
0
0
0
0
0
0
0
0
0
0
0
0
0
0
0
0
0
0
0
0
0
0
0
0
0
0
0
0
0
0
0
0
0
0
0
0
0
0
0
0
0
0
0
0
0
0
0
0
0
0
0
0
0
0
0
0
0
0
0
0
0
0
0
0
0
0
0
0
0
0
0
0
0
0
0
0
0
0
0
0
0
0
0
0
0
0
0
0
0
0
0
0
0
0
0
0
0
0
0
0
0
0
0
0
0
0
0
0
0
0
0
0
0
0
0
0
0
0
0
0
0.0304215351595508
0.0125557377847557
0.007884669459924
0.00574599959775437
0.00605829664651274
0.00464930323533558
0.00392920984377174
0.00247475267250227
0.00159364205786158
0.00102996291983234
0.000649129146950916
0.00040013069704335
0
0
0
0
0
0
0
0
0
0
0
0
0
0
0
0
0
0
0
0
0
0
0
0
0
0
0
0
0
0
0
0
0
0
0
0
0
0
0
0
0
0
0
0
0
0
0
0
0
0
0
0
0
0
0
0
0
0
0
0
0
0
0
0
0
0
0
0
0
0
0
0
0
0
0
0
0
0
0
0
0
0
0
0
0
0
0
0
0
0
0
0
0
0
0
0
0
0
0
0
0
0
0
0
0
0
0
0
0
0
0
0
0
0
0
0
0
0
0
0
0
0
0
0
0
0
0
0
0
0
0
0
0
0
0
0
0
0
0.0303206828084621
0.0125621093683904
0.00787942978536878
0.00573952684062428
0.00603505657434727
0.00463136827981548
0.00391120758678134
0.00246291302111315
0.00158619802058269
0.00102754194626391
0.000648557845518176
0.000399579438705806
0
0
0
0
0
0
0
0
0
0
0
0
0
0
0
0
0
0
0
0
0
0
0
0
0
0
0
0
0
0
0
0
0
0
0
0
0
0
0
0
0
0
0
0
0
0
0
0
0
0
0
0
0
0
0
0
0
0
0
0
0
0
0
0
0
0
0
0
0
0
0
0
0
0
0
0
0
0
0
0
0
0
0
0
0
0
0
0
0
0
0
0
0
0
0
0
0
0
0
0
0
0
0
0
0
0
0
0
0
0
0
0
0
0
0
0
0
0
0
0
0
0
0
0
0
0
0
0
0
0
0
0
0
0
0
0
0
0
0.0302226189789997
0.0125673077699883
0.0078735964203449
0.00573293700001782
0.00601184444007179
0.00461356745154253
0.00389342107764927
0.0024514414217909
0.00157863649397052
0.00102504914894742
0.000647967793491737
0.000399375751957676
0
0
0
0
0
0
0
0
0
0
0
0
0
0
0
0
0
0
0
0
0
0
0
0
0
0
0
0
0
0
0
0
0
0
0
0
0
0
0
0
0
0
0
0
0
0
0
0
0
0
0
0
0
0
0
0
0
0
0
0
0
0
0
0
0
0
0
0
0
0
0
0
0
0
0
0
0
0
0
0
0
0
0
0
0
0
0
0
0
0
0
0
0
0
0
0
0
0
0
0
0
0
0
0
0
0
0
0
0
0
0
0
0
0
0
0
0
0
0
0
0
0
0
0
0
0
0
0
0
0
0
0
0
0
0
0
0
0
0.030127982891324
0.0125719389725855
0.00786737611660225
0.00572595369149117
0.00598896173514296
0.00459563916792817
0.00387591937984206
0.00244010266825629
0.00157145472273425
0.0010224258819933
0.000647307702929461
0.000399141138868889
0
0
0
0
0
0
0
0
0
0
0
0
0
0
0
0
0
0
0
0
0
0
0
0
0
0
0
0
0
0
0
0
0
0
0
0
0
0
0
0
0
0
0
0
0
0
0
0
0
0
0
0
0
0
0
0
0
0
0
0
0
0
0
0
0
0
0
0
0
0
0
0
0
0
0
0
0
0
0
0
0
0
0
0
0
0
0
0
0
0
0
0
0
0
0
0
0
0
0
0
0
0
0
0
0
0
0
0
0
0
0
0
0
0
0
0
0
0
0
0
0
0
0
0
0
0
0
0
0
0
0
0
0
0
0
0
0
0
0.0300366115497799
0.0125771809042125
0.00786137589387164
0.00571876408852423
0.00596606152254797
0.00457781875760289
0.00385842793753693
0.00242895960177636
0.00156441355137322
0.00102019282862177
0.00064651810823583
0.000398841584166942
0
0
0
0
0
0
0
0
0
0
0
0
0
0
0
0
0
0
0
0
0
0
0
0
0
0
0
0
0
0
0
0
0
0
0
0
0
0
0
0
0
0
0
0
0
0
0
0
0
0
0
0
0
0
0
0
0
0
0
0
0
0
0
0
0
0
0
0
0
0
0
0
0
0
0
0
0
0
0
0
0
0
0
0
0
0
0
0
0
0
0
0
0
0
0
0
0
0
0
0
0
0
0
0
0
0
0
0
0
0
0
0
0
0
0
0
0
0
0
0
0
0
0
0
0
0
0
0
0
0
0
0
0
0
0
0
0
0
0.0299476850094148
0.0125820413681385
0.00785660852743269
0.00571192659757362
0.00594332055526353
0.00455982621130055
0.0038411432060135
0.00241772858840305
0.00155758422027184
0.00101810781483071
0.000646103401703758
0.000398387348715209
0
0
0
0
0
0
0
0
0
0
0
0
0
0
0
0
0
0
0
0
0
0
0
0
0
0
0
0
0
0
0
0
0
0
0
0
0
0
0
0
0
0
0
0
0
0
0
0
0
0
0
0
0
0
0
0
0
0
0
0
0
0
0
0
0
0
0
0
0
0
0
0
0
0
0
0
0
0
0
0
0
0
0
0
0
0
0
0
0
0
0
0
0
0
0
0
0
0
0
0
0
0
0
0
0
0
0
0
0
0
0
0
0
0
0
0
0
0
0
0
0
0
0
0
0
0
0
0
0
0
0
0
0
0
0
0
0
0
0.0298610800055749
0.0125857975535254
0.00785206061160554
0.00570636114004576
0.00592130119108174
0.00454184495345984
0.00382383022856796
0.00240667592492821
0.00155069658951959
0.00101623509249734
0.000645830345309344
0.000398293179241297
0
0
0
0
0
0
0
0
0
0
0
0
0
0
0
0
0
0
0
0
0
0
0
0
0
0
0
0
0
0
0
0
0
0
0
0
0
0
0
0
0
0
0
0
0
0
0
0
0
0
0
0
0
0
0
0
0
0
0
0
0
0
0
0
0
0
0
0
0
0
0
0
0
0
0
0
0
0
0
0
0
0
0
0
0
0
0
0
0
0
0
0
0
0
0
0
0
0
0
0
0
0
0
0
0
0
0
0
0
0
0
0
0
0
0
0
0
0
0
0
0
0
0
0
0
0
0
0
0
0
0
0
0
0
0
0
0
0
0.0297779428933021
0.0125882714973219
0.00784708857252731
0.00570126327409533
0.00590119141159393
0.00452469066344367
0.00380672396440661
0.00239550003035478
0.00154406986441529
0.00101432458614909
0.000645816542055602
0.000398388222328957
0
0
0
0
0
0
0
0
0
0
0
0
0
0
0
0
0
0
0
0
0
0
0
0
0
0
0
0
0
0
0
0
0
0
0
0
0
0
0
0
0
0
0
0
0
0
0
0
0
0
0
0
0
0
0
0
0
0
0
0
0
0
0
0
0
0
0
0
0
0
0
0
0
0
0
0
0
0
0
0
0
0
0
0
0
0
0
0
0
0
0
0
0
0
0
0
0
0
0
0
0
0
0
0
0
0
0
0
0
0
0
0
0
0
0
0
0
0
0
0
0
0
0
0
0
0
0
0
0
0
0
0
0
0
0
0
0
0
0.0296973403689922
0.0125919099351205
0.00784165198927903
0.00569600691383059
0.00588186573398594
0.00450914049885506
0.00379050093413724
0.0023844215962725
0.00153733772686942
0.00101262086887171
0.000645767293329861
0.000398728952127337
0
0
0
0
0
0
0
0
0
0
0
0
0
0
0
0
0
0
0
0
0
0
0
0
0
0
0
0
0
0
0
0
0
0
0
0
0
0
0
0
0
0
0
0
0
0
0
0
0
0
0
0
0
0
0
0
0
0
0
0
0
0
0
0
0
0
0
0
0
0
0
0
0
0
0
0
0
0
0
0
0
0
0
0
0
0
0
0
0
0
0
0
0
0
0
0
0
0
0
0
0
0
0
0
0
0
0
0
0
0
0
0
0
0
0
0
0
0
0
0
0
0
0
0
0
0
0
0
0
0
0
0
0
0
0
0
0
0
0.0296191107562385
0.012594544769384
0.00783789802373783
0.00569036373859819
0.00586273714862197
0.00449420675803518
0.00377588264081761
0.0023740074636311
0.00153069597694419
0.00101082301725246
0.000645871597778124
0.000399038392993473
0.000245762741959504
0
0
0
0
0
0
0
0
0
0
0
0
0
0
0
0
0
0
0
0
0
0
0
0
0
0
0
0
0
0
0
0
0
0
0
0
0
0
0
0
0
0
0
0
0
0
0
0
0
0
0
0
0
0
0
0
0
0
0
0
0
0
0
0
0
0
0
0
0
0
0
0
0
0
0
0
0
0
0
0
0
0
0
0
0
0
0
0
0
0
0
0
0
0
0
0
0
0
0
0
0
0
0
0
0
0
0
0
0
0
0
0
0
0
0
0
0
0
0
0
0
0
0
0
0
0
0
0
0
0
0
0
0
0
0
0
0
0.0295436715572595
0.0125960704535135
0.00783376734899419
0.00568668274856696
0.00584361304091293
0.00447930329852845
0.00376184184287547
0.00236479322152928
0.00152459628234601
0.0010091057110254
0.000645881626094114
0.000399433832389507
0.000246441010456928
0
0
0
0
0
0
0
0
0
0
0
0
0
0
0
0
0
0
0
0
0
0
0
0
0
0
0
0
0
0
0
0
0
0
0
0
0
0
0
0
0
0
0
0
0
0
0
0
0
0
0
0
0
0
0
0
0
0
0
0
0
0
0
0
0
0
0
0
0
0
0
0
0
0
0
0
0
0
0
0
0
0
0
0
0
0
0
0
0
0
0
0
0
0
0
0
0
0
0
0
0
0
0
0
0
0
0
0
0
0
0
0
0
0
0
0
0
0
0
0
0
0
0
0
0
0
0
0
0
0
0
0
0
0
0
0
0
0.0294703880621265
0.0125959362947362
0.00782917488701046
0.00568290348865207
0.00582690029077369
0.00446423720768961
0.00374795532868905
0.00235601226505794
0.00151964308199184
0.0010079476105995
0.00064598138251383
0.000399745078718864
0.000247219962740576
0
0
0
0
0
0
0
0
0
0
0
0
0
0
0
0
0
0
0
0
0
0
0
0
0
0
0
0
0
0
0
0
0
0
0
0
0
0
0
0
0
0
0
0
0
0
0
0
0
0
0
0
0
0
0
0
0
0
0
0
0
0
0
0
0
0
0
0
0
0
0
0
0
0
0
0
0
0
0
0
0
0
0
0
0
0
0
0
0
0
0
0
0
0
0
0
0
0
0
0
0
0
0
0
0
0
0
0
0
0
0
0
0
0
0
0
0
0
0
0
0
0
0
0
0
0
0
0
0
0
0
0
0
0
0
0
0
0.0293990914897187
0.0125944172938735
0.00782337350414237
0.00567879963757465
0.00581042972845863
0.00445131020746102
0.00373401631032826
0.0023472714247005
0.00151511724413501
0.00100788246660597
0.000646611582367845
0.000400142283027322
0
0
0
0
0
0
0
0
0
0
0
0
0
0
0
0
0
0
0
0
0
0
0
0
0
0
0
0
0
0
0
0
0
0
0
0
0
0
0
0
0
0
0
0
0
0
0
0
0
0
0
0
0
0
0
0
0
0
0
0
0
0
0
0
0
0
0
0
0
0
0
0
0
0
0
0
0
0
0
0
0
0
0
0
0
0
0
0
0
0
0
0
0
0
0
0
0
0
0
0
0
0
0
0
0
0
0
0
0
0
0
0
0
0
0
0
0
0
0
0
0
0
0
0
0
0
0
0
0
0
0
0
0
0
0
0
0
0
0.0293301940658355
0.0125918563147
0.00781681230211648
0.00567347792272699
0.00579405362342031
0.00443850190108923
0.00372223403010297
0.00233832018859876
0.00151064635865987
0.00100823668939723
0.000648308366935589
0.000401075777107789
0
0
0
0
0
0
0
0
0
0
0
0
0
0
0
0
0
0
0
0
0
0
0
0
0
0
0
0
0
0
0
0
0
0
0
0
0
0
0
0
0
0
0
0
0
0
0
0
0
0
0
0
0
0
0
0
0
0
0
0
0
0
0
0
0
0
0
0
0
0
0
0
0
0
0
0
0
0
0
0
0
0
0
0
0
0
0
0
0
0
0
0
0
0
0
0
0
0
0
0
0
0
0
0
0
0
0
0
0
0
0
0
0
0
0
0
0
0
0
0
0
0
0
0
0
0
0
0
0
0
0
0
0
0
0
0
0
0
0.0292635361206491
0.0125881328921323
0.00780966377039551
0.00566767781723896
0.00577680324087916
0.00442563276758718
0.00371067340019018
0.00233113966968494
0.00150598232224794
0.00100866258975515
0.000650361975782821
0.00040296066032947
0
0
0
0
0
0
0
0
0
0
0
0
0
0
0
0
0
0
0
0
0
0
0
0
0
0
0
0
0
0
0
0
0
0
0
0
0
0
0
0
0
0
0
0
0
0
0
0
0
0
0
0
0
0
0
0
0
0
0
0
0
0
0
0
0
0
0
0
0
0
0
0
0
0
0
0
0
0
0
0
0
0
0
0
0
0
0
0
0
0
0
0
0
0
0
0
0
0
0
0
0
0
0
0
0
0
0
0
0
0
0
0
0
0
0
0
0
0
0
0
0
0
0
0
0
0
0
0
0
0
0
0
0
0
0
0
0
0
0.0291970711590351
0.0125832509129751
0.00780188027267815
0.00566137115685903
0.00575939338406403
0.00441142867023116
0.00369914942652623
0.00232407190991703
0.00150298115263403
0.00100884164023985
0.00065246412804771
0.000405176481887163
0
0
0
0
0
0
0
0
0
0
0
0
0
0
0
0
0
0
0
0
0
0
0
0
0
0
0
0
0
0
0
0
0
0
0
0
0
0
0
0
0
0
0
0
0
0
0
0
0
0
0
0
0
0
0
0
0
0
0
0
0
0
0
0
0
0
0
0
0
0
0
0
0
0
0
0
0
0
0
0
0
0
0
0
0
0
0
0
0
0
0
0
0
0
0
0
0
0
0
0
0
0
0
0
0
0
0
0
0
0
0
0
0
0
0
0
0
0
0
0
0
0
0
0
0
0
0
0
0
0
0
0
0
0
0
0
0
0
0.0291311053037115
0.0125747670961849
0.0077935359999454
0.00565462218151613
0.00574180001096765
0.00439698623602267
0.0036868532084653
0.00231697198588781
0.00150006434236339
0.00100733863351111
0.000653909753849924
0.000407239541119778
0
0
0
0
0
0
0
0
0
0
0
0
0
0
0
0
0
0
0
0
0
0
0
0
0
0
0
0
0
0
0
0
0
0
0
0
0
0
0
0
0
0
0
0
0
0
0
0
0
0
0
0
0
0
0
0
0
0
0
0
0
0
0
0
0
0
0
0
0
0
0
0
0
0
0
0
0
0
0
0
0
0
0
0
0
0
0
0
0
0
0
0
0
0
0
0
0
0
0
0
0
0
0
0
0
0
0
0
0
0
0
0
0
0
0
0
0
0
0
0
0
0
0
0
0
0
0
0
0
0
0
0
0
0
0
0
0
0
0.0290638864544005
0.0125619585611183
0.00778035544826249
0.00564752099735673
0.00572410222264114
0.00438222013772206
0.00367444591555043
0.00230864483968347
0.00149694351398823
0.00100559151127382
0.000654110964291082
0.000408750987310292
0
0
0
0
0
0
0
0
0
0
0
0
0
0
0
0
0
0
0
0
0
0
0
0
0
0
0
0
0
0
0
0
0
0
0
0
0
0
0
0
0
0
0
0
0
0
0
0
0
0
0
0
0
0
0
0
0
0
0
0
0
0
0
0
0
0
0
0
0
0
0
0
0
0
0
0
0
0
0
0
0
0
0
0
0
0
0
0
0
0
0
0
0
0
0
0
0
0
0
0
0
0
0
0
0
0
0
0
0
0
0
0
0
0
0
0
0
0
0
0
0
0
0
0
0
0
0
0
0
0
0
0
0
0
0
0
0
0
0.0289988056292571
0.0125401615777117
0.00776048569832272
0.00563225003771396
0.0057064034801571
0.00436717866488629
0.0036617895318087
0.00230010888241414
0.00149275131220598
0.00100385060903857
0.00065456329133832
0.00041168122968284
0
0
0
0
0
0
0
0
0
0
0
0
0
0
0
0
0
0
0
0
0
0
0
0
0
0
0
0
0
0
0
0
0
0
0
0
0
0
0
0
0
0
0
0
0
0
0
0
0
0
0
0
0
0
0
0
0
0
0
0
0
0
0
0
0
0
0
0
0
0
0
0
0
0
0
0
0
0
0
0
0
0
0
0
0
0
0
0
0
0
0
0
0
0
0
0
0
0
0
0
0
0
0
0
0
0
0
0
0
0
0
0
0
0
0
0
0
0
0
0
0
0
0
0
0
0
0
0
0
0
0
0
0
0
0
0
0
0
0.0289361494291065
0.0125170668684054
0.0077316207117427
0.0056102269736585
0.00568061052856982
0.00435199431223755
0.00364893248174589
0.00229115577304907
0.00148837419297826
0.00100070371668723
0.000654974492982657
0.000414819483778229
0
0
0
0
0
0
0
0
0
0
0
0
0
0
0
0
0
0
0
0
0
0
0
0
0
0
0
0
0
0
0
0
0
0
0
0
0
0
0
0
0
0
0
0
0
0
0
0
0
0
0
0
0
0
0
0
0
0
0
0
0
0
0
0
0
0
0
0
0
0
0
0
0
0
0
0
0
0
0
0
0
0
0
0
0
0
0
0
0
0
0
0
0
0
0
0
0
0
0
0
0
0
0
0
0
0
0
0
0
0
0
0
0
0
0
0
0
0
0
0
0
0
0
0
0
0
0
0
0
0
0
0
0
0
0
0
0
0
0.0288748831279174
0.0124925086232548
0.00770186663428164
0.0055752280654331
0.00564555525565133
0.0043250314650553
0.00363607857712123
0.00228194302650146
0.00148364568934218
0.000997492537624938
0.000654056178221096
0.000417951898171132
0
0
0
0
0
0
0
0
0
0
0
0
0
0
0
0
0
0
0
0
0
0
0
0
0
0
0
0
0
0
0
0
0
0
0
0
0
0
0
0
0
0
0
0
0
0
0
0
0
0
0
0
0
0
0
0
0
0
0
0
0
0
0
0
0
0
0
0
0
0
0
0
0
0
0
0
0
0
0
0
0
0
0
0
0
0
0
0
0
0
0
0
0
0
0
0
0
0
0
0
0
0
0
0
0
0
0
0
0
0
0
0
0
0
0
0
0
0
0
0
0
0
0
0
0
0
0
0
0
0
0
0
0
0
0
0
0
0
0.0288174581743
0.012459777263416
0.00766940834519617
0.0055396427249605
0.00560476348079644
0.0042936300444409
0.00361792119396614
0.0022726478330263
0.00147862996698814
0.000993872722483317
0.000653005908551534
0.000420112497201523
0
0
0
0
0
0
0
0
0
0
0
0
0
0
0
0
0
0
0
0
0
0
0
0
0
0
0
0
0
0
0
0
0
0
0
0
0
0
0
0
0
0
0
0
0
0
0
0
0
0
0
0
0
0
0
0
0
0
0
0
0
0
0
0
0
0
0
0
0
0
0
0
0
0
0
0
0
0
0
0
0
0
0
0
0
0
0
0
0
0
0
0
0
0
0
0
0
0
0
0
0
0
0
0
0
0
0
0
0
0
0
0
0
0
0
0
0
0
0
0
0
0
0
0
0
0
0
0
0
0
0
0
0
0
0
0
0
0
0.0287662793223955
0.0124284305105213
0.0076279521195314
0.00550107083858929
0.00556366063899635
0.00425623111125892
0.00359532234554365
0.00225793586410477
0.00147357253412319
0.000990011753462773
0.00065159231841708
0.000422194890008935
0
0
0
0
0
0
0
0
0
0
0
0
0
0
0
0
0
0
0
0
0
0
0
0
0
0
0
0
0
0
0
0
0
0
0
0
0
0
0
0
0
0
0
0
0
0
0
0
0
0
0
0
0
0
0
0
0
0
0
0
0
0
0
0
0
0
0
0
0
0
0
0
0
0
0
0
0
0
0
0
0
0
0
0
0
0
0
0
0
0
0
0
0
0
0
0
0
0
0
0
0
0
0
0
0
0
0
0
0
0
0
0
0
0
0
0
0
0
0
0
0
0
0
0
0
0
0
0
0
0
0
0
0
0
0
0
0
0
0.0287190006421816
0.0123997262227554
0.00759019483634162
0.00546241603648331
0.00552232962470359
0.00421828298394505
0.00356671599072268
0.00223858531686871
0.00146299250249368
0.000986111508825329
0.000649838487746832
0.000423763363897192
0
0
0
0
0
0
0
0
0
0
0
0
0
0
0
0
0
0
0
0
0
0
0
0
0
0
0
0
0
0
0
0
0
0
0
0
0
0
0
0
0
0
0
0
0
0
0
0
0
0
0
0
0
0
0
0
0
0
0
0
0
0
0
0
0
0
0
0
0
0
0
0
0
0
0
0
0
0
0
0
0
0
0
0
0
0
0
0
0
0
0
0
0
0
0
0
0
0
0
0
0
0
0
0
0
0
0
0
0
0
0
0
0
0
0
0
0
0
0
0
0
0
0
0
0
0
0
0
0
0
0
0
0
0
0
0
0
0
0.0286787592686737
0.01237165959183
0.00755495334948954
0.00542663025707899
0.00548108095523062
0.00417989254173099
0.00353769522887864
0.00221278979645645
0.00144751833833882
0.000976404332788697
0.000648048348826739
0
0
0
0
0
0
0
0
0
0
0
0
0
0
0
0
0
0
0
0
0
0
0
0
0
0
0
0
0
0
0
0
0
0
0
0
0
0
0
0
0
0
0
0
0
0
0
0
0
0
0
0
0
0
0
0
0
0
0
0
0
0
0
0
0
0
0
0
0
0
0
0
0
0
0
0
0
0
0
0
0
0
0
0
0
0
0
0
0
0
0
0
0
0
0
0
0
0
0
0
0
0
0
0
0
0
0
0
0
0
0
0
0
0
0
0
0
0
0
0
0
0
0
0
0
0
0
0
0
0
0
0
0
0
0
0
0
0
0
0.0286414342145556
0.0123446281978414
0.00752143097000832
0.00539426862432726
0.00544336696852322
0.00414120131738139
0.00350828397749474
0.00218646201279893
0.00142591172763762
0.000962036055709312
0.000640738501360431
0
0
0
0
0
0
0
0
0
0
0
0
0
0
0
0
0
0
0
0
0
0
0
0
0
0
0
0
0
0
0
0
0
0
0
0
0
0
0
0
0
0
0
0
0
0
0
0
0
0
0
0
0
0
0
0
0
0
0
0
0
0
0
0
0
0
0
0
0
0
0
0
0
0
0
0
0
0
0
0
0
0
0
0
0
0
0
0
0
0
0
0
0
0
0
0
0
0
0
0
0
0
0
0
0
0
0
0
0
0
0
0
0
0
0
0
0
0
0
0
0
0
0
0
0
0
0
0
0
0
0
0
0
0
0
0
0
0
0
0.0286051196627652
0.0123176966221065
0.00748984390271493
0.00536404642204482
0.00540951325720144
0.00410582324302116
0.00347850766605272
0.00215960581725253
0.00140381311678649
0.000941467206682319
0.000628689418323297
0
0
0
0
0
0
0
0
0
0
0
0
0
0
0
0
0
0
0
0
0
0
0
0
0
0
0
0
0
0
0
0
0
0
0
0
0
0
0
0
0
0
0
0
0
0
0
0
0
0
0
0
0
0
0
0
0
0
0
0
0
0
0
0
0
0
0
0
0
0
0
0
0
0
0
0
0
0
0
0
0
0
0
0
0
0
0
0
0
0
0
0
0
0
0
0
0
0
0
0
0
0
0
0
0
0
0
0
0
0
0
0
0
0
0
0
0
0
0
0
0
0
0
0
0
0
0
0
0
0
0
0
0
0
0
0
0
0
0
0.0285758529797475
0.0122910796082838
0.00746018940322459
0.00533591628297823
0.00537817191723294
0.00407415463296295
0.0034519161800421
0.00213167461999201
0.00138092549991018
0.000920247048688592
0.000611005480138463
0
0
0
0
0
0
0
0
0
0
0
0
0
0
0
0
0
0
0
0
0
0
0
0
0
0
0
0
0
0
0
0
0
0
0
0
0
0
0
0
0
0
0
0
0
0
0
0
0
0
0
0
0
0
0
0
0
0
0
0
0
0
0
0
0
0
0
0
0
0
0
0
0
0
0
0
0
0
0
0
0
0
0
0
0
0
0
0
0
0
0
0
0
0
0
0
0
0
0
0
0
0
0
0
0
0
0
0
0
0
0
0
0
0
0
0
0
0
0
0
0
0
0
0
0
0
0
0
0
0
0
0
0
0
0
0
0
0
0
0.0285488272922854
0.0122661339239611
0.00743117584546782
0.00530905577982528
0.00534884363451638
0.00404481060338831
0.00342904585603803
0.00210676628315348
0.00135724535934617
0.000898342753176369
0.000592786565916447
0
0
0
0
0
0
0
0
0
0
0
0
0
0
0
0
0
0
0
0
0
0
0
0
0
0
0
0
0
0
0
0
0
0
0
0
0
0
0
0
0
0
0
0
0
0
0
0
0
0
0
0
0
0
0
0
0
0
0
0
0
0
0
0
0
0
0
0
0
0
0
0
0
0
0
0
0
0
0
0
0
0
0
0
0
0
0
0
0
0
0
0
0
0
0
0
0
0
0
0
0
0
0
0
0
0
0
0
0
0
0
0
0
0
0
0
0
0
0
0
0
0
0
0
0
0
0
0
0
0
0
0
0
0
0
0
0
0
0
0.0285267995345523
0.0122402573914468
0.00740499807667939
0.00528304626424332
0.00532081450127834
0.00401748245570384
0.00340864270090033
0.00208537575527349
0.00133650212279161
0.000875551771648541
0.000573838890173061
0
0
0
0
0
0
0
0
0
0
0
0
0
0
0
0
0
0
0
0
0
0
0
0
0
0
0
0
0
0
0
0
0
0
0
0
0
0
0
0
0
0
0
0
0
0
0
0
0
0
0
0
0
0
0
0
0
0
0
0
0
0
0
0
0
0
0
0
0
0
0
0
0
0
0
0
0
0
0
0
0
0
0
0
0
0
0
0
0
0
0
0
0
0
0
0
0
0
0
0
0
0
0
0
0
0
0
0
0
0
0
0
0
0
0
0
0
0
0
0
0
0
0
0
0
0
0
0
0
0
0
0
0
0
0
0
0
0
0
0.0285072431576538
0.0122153333759443
0.0073783950867622
0.00525897139295532
0.00529386226569821
0.00399107457983886
0.00339015950316467
0.00206619753305032
0.00131902128302174
0.000855394564960757
0.000553678963616937
0
0
0
0
0
0
0
0
0
0
0
0
0
0
0
0
0
0
0
0
0
0
0
0
0
0
0
0
0
0
0
0
0
0
0
0
0
0
0
0
0
0
0
0
0
0
0
0
0
0
0
0
0
0
0
0
0
0
0
0
0
0
0
0
0
0
0
0
0
0
0
0
0
0
0
0
0
0
0
0
0
0
0
0
0
0
0
0
0
0
0
0
0
0
0
0
0
0
0
0
0
0
0
0
0
0
0
0
0
0
0
0
0
0
0
0
0
0
0
0
0
0
0
0
0
0
0
0
0
0
0
0
0
0
0
0
0
0
0
0.028491751340027
0.0121895933787498
0.00735338628748848
0.00523469249227199
0.00526898884434533
0.00396594356196059
0.00337279067545296
0.00204813749433255
0.00130371521369126
0.000838585204991048
0.000536141046077044
0
0
0
0
0
0
0
0
0
0
0
0
0
0
0
0
0
0
0
0
0
0
0
0
0
0
0
0
0
0
0
0
0
0
0
0
0
0
0
0
0
0
0
0
0
0
0
0
0
0
0
0
0
0
0
0
0
0
0
0
0
0
0
0
0
0
0
0
0
0
0
0
0
0
0
0
0
0
0
0
0
0
0
0
0
0
0
0
0
0
0
0
0
0
0
0
0
0
0
0
0
0
0
0
0
0
0
0
0
0
0
0
0
0
0
0
0
0
0
0
0
0
0
0
0
0
0
0
0
0
0
0
0
0
0
0
0
0
0
0.0284783037506153
0.0121642716278972
0.00732821654427618
0.00521209071183376
0.00524422750359131
0.00394255465051708
0.00335707100626185
0.00203102963573164
0.00128939343367902
0.000823900710594555
0.000521822565130617
0
0
0
0
0
0
0
0
0
0
0
0
0
0
0
0
0
0
0
0
0
0
0
0
0
0
0
0
0
0
0
0
0
0
0
0
0
0
0
0
0
0
0
0
0
0
0
0
0
0
0
0
0
0
0
0
0
0
0
0
0
0
0
0
0
0
0
0
0
0
0
0
0
0
0
0
0
0
0
0
0
0
0
0
0
0
0
0
0
0
0
0
0
0
0
0
0
0
0
0
0
0
0
0
0
0
0
0
0
0
0
0
0
0
0
0
0
0
0
0
0
0
0
0
0
0
0
0
0
0
0
0
0
0
0
0
0
0
0
0.0284672594990965
0.0121375247967631
0.00730458252515513
0.00518976019879744
0.00522152697416492
0.00391913828710893
0.00334326620066406
0.00201518018172693
0.00127600268388213
0.000810050811408895
0
0
0
0
0
0
0
0
0
0
0
0
0
0
0
0
0
0
0
0
0
0
0
0
0
0
0
0
0
0
0
0
0
0
0
0
0
0
0
0
0
0
0
0
0
0
0
0
0
0
0
0
0
0
0
0
0
0
0
0
0
0
0
0
0
0
0
0
0
0
0
0
0
0
0
0
0
0
0
0
0
0
0
0
0
0
0
0
0
0
0
0
0
0
0
0
0
0
0
0
0
0
0
0
0
0
0
0
0
0
0
0
0
0
0
0
0
0
0
0
0
0
0
0
0
0
0
0
0
0
0
0
0
0
0
0
0
0
0
0
0.028459975617832
0.01211013815493
0.00728036945992237
0.00517033433839337
0.0051997160975044
0.00389766608999626
0.00332955111381282
0.00200060991254774
0.00126336806053695
0.000796760738942705
0
0
0
0
0
0
0
0
0
0
0
0
0
0
0
0
0
0
0
0
0
0
0
0
0
0
0
0
0
0
0
0
0
0
0
0
0
0
0
0
0
0
0
0
0
0
0
0
0
0
0
0
0
0
0
0
0
0
0
0
0
0
0
0
0
0
0
0
0
0
0
0
0
0
0
0
0
0
0
0
0
0
0
0
0
0
0
0
0
0
0
0
0
0
0
0
0
0
0
0
0
0
0
0
0
0
0
0
0
0
0
0
0
0
0
0
0
0
0
0
0
0
0
0
0
0
0
0
0
0
0
0
0
0
0
0
0
0
0
0
0.0284565215693995
0.0120834757608306
0.00725600313729131
0.00515061918315386
0.00518185546155155
0.0038769550657085
0.00331790496688424
0.00198602325843136
0.00125164918221394
0.000784136614566181
0
0
0
0
0
0
0
0
0
0
0
0
0
0
0
0
0
0
0
0
0
0
0
0
0
0
0
0
0
0
0
0
0
0
0
0
0
0
0
0
0
0
0
0
0
0
0
0
0
0
0
0
0
0
0
0
0
0
0
0
0
0
0
0
0
0
0
0
0
0
0
0
0
0
0
0
0
0
0
0
0
0
0
0
0
0
0
0
0
0
0
0
0
0
0
0
0
0
0
0
0
0
0
0
0
0
0
0
0
0
0
0
0
0
0
0
0
0
0
0
0
0
0
0
0
0
0
0
0
0
0
0
0
0
0
0
0
0
0
0
0.0284558364946024
0.0120574379261502
0.00723300185842206
0.00513098251153877
0.00516403523568987
0.003859741332353
0.00330713088702984
0.0019732228493285
0.00123993255681901
0.000772417442005135
0
0
0
0
0
0
0
0
0
0
0
0
0
0
0
0
0
0
0
0
0
0
0
0
0
0
0
0
0
0
0
0
0
0
0
0
0
0
0
0
0
0
0
0
0
0
0
0
0
0
0
0
0
0
0
0
0
0
0
0
0
0
0
0
0
0
0
0
0
0
0
0
0
0
0
0
0
0
0
0
0
0
0
0
0
0
0
0
0
0
0
0
0
0
0
0
0
0
0
0
0
0
0
0
0
0
0
0
0
0
0
0
0
0
0
0
0
0
0
0
0
0
0
0
0
0
0
0
0
0
0
0
0
0
0
0
0
0
0
0
0.0284575959479589
0.0120308791844573
0.00721123765970622
0.00511261631088518
0.00514646934823955
0.00384250252633355
0.00329968712839064
0.00196107392421414
0.00122994142598706
0.000760707324089629
0
0
0
0
0
0
0
0
0
0
0
0
0
0
0
0
0
0
0
0
0
0
0
0
0
0
0
0
0
0
0
0
0
0
0
0
0
0
0
0
0
0
0
0
0
0
0
0
0
0
0
0
0
0
0
0
0
0
0
0
0
0
0
0
0
0
0
0
0
0
0
0
0
0
0
0
0
0
0
0
0
0
0
0
0
0
0
0
0
0
0
0
0
0
0
0
0
0
0
0
0
0
0
0
0
0
0
0
0
0
0
0
0
0
0
0
0
0
0
0
0
0
0
0
0
0
0
0
0
0
0
0
0
0
0
0
0
0
0
0
0.0284618503654495
0.0120034346601351
0.00718957916312762
0.00509571103088366
0.00513036778446065
0.00382529346313658
0.0032922878478747
0.00195200626806007
0.00122053033812499
0.000750696775280455
0
0
0
0
0
0
0
0
0
0
0
0
0
0
0
0
0
0
0
0
0
0
0
0
0
0
0
0
0
0
0
0
0
0
0
0
0
0
0
0
0
0
0
0
0
0
0
0
0
0
0
0
0
0
0
0
0
0
0
0
0
0
0
0
0
0
0
0
0
0
0
0
0
0
0
0
0
0
0
0
0
0
0
0
0
0
0
0
0
0
0
0
0
0
0
0
0
0
0
0
0
0
0
0
0
0
0
0
0
0
0
0
0
0
0
0
0
0
0
0
0
0
0
0
0
0
0
0
0
0
0
0
0
0
0
0
0
0
0
0
0.0284681848350515
0.0119751673104416
0.00716767296160547
0.00507912542603652
0.00511597629257165
0.0038091958337091
0.00328498247727743
0.00194296982188137
0.00121404901617187
0
0
0
0
0
0
0
0
0
0
0
0
0
0
0
0
0
0
0
0
0
0
0
0
0
0
0
0
0
0
0
0
0
0
0
0
0
0
0
0
0
0
0
0
0
0
0
0
0
0
0
0
0
0
0
0
0
0
0
0
0
0
0
0
0
0
0
0
0
0
0
0
0
0
0
0
0
0
0
0
0
0
0
0
0
0
0
0
0
0
0
0
0
0
0
0
0
0
0
0
0
0
0
0
0
0
0
0
0
0
0
0
0
0
0
0
0
0
0
0
0
0
0
0
0
0
0
0
0
0
0
0
0
0
0
0
0
0
0
0
0
0.0284766571734826
0.0119455420077246
0.00714557028037401
0.00506255555509185
0.00510226469224101
0.0037946845551694
0.00327892555428385
0.00193392062027279
0.00120760610463422
0
0
0
0
0
0
0
0
0
0
0
0
0
0
0
0
0
0
0
0
0
0
0
0
0
0
0
0
0
0
0
0
0
0
0
0
0
0
0
0
0
0
0
0
0
0
0
0
0
0
0
0
0
0
0
0
0
0
0
0
0
0
0
0
0
0
0
0
0
0
0
0
0
0
0
0
0
0
0
0
0
0
0
0
0
0
0
0
0
0
0
0
0
0
0
0
0
0
0
0
0
0
0
0
0
0
0
0
0
0
0
0
0
0
0
0
0
0
0
0
0
0
0
0
0
0
0
0
0
0
0
0
0
0
0
0
0
0
0
0
0
0.0284875344826756
0.0119147650259924
0.00712271315699425
0.00504599900840286
0.00508879532189095
0.00378056455536931
0.0032743772457751
0.00192571630968523
0.00120097205812824
0
0
0
0
0
0
0
0
0
0
0
0
0
0
0
0
0
0
0
0
0
0
0
0
0
0
0
0
0
0
0
0
0
0
0
0
0
0
0
0
0
0
0
0
0
0
0
0
0
0
0
0
0
0
0
0
0
0
0
0
0
0
0
0
0
0
0
0
0
0
0
0
0
0
0
0
0
0
0
0
0
0
0
0
0
0
0
0
0
0
0
0
0
0
0
0
0
0
0
0
0
0
0
0
0
0
0
0
0
0
0
0
0
0
0
0
0
0
0
0
0
0
0
0
0
0
0
0
0
0
0
0
0
0
0
0
0
0
0
0
0
0.0285029146370992
0.0118826397802658
0.00709926639608387
0.00502899034679514
0.00507597091117815
0.00376649678717202
0.00327031102334353
0.00191876439596451
0.00119498995260262
0
0
0
0
0
0
0
0
0
0
0
0
0
0
0
0
0
0
0
0
0
0
0
0
0
0
0
0
0
0
0
0
0
0
0
0
0
0
0
0
0
0
0
0
0
0
0
0
0
0
0
0
0
0
0
0
0
0
0
0
0
0
0
0
0
0
0
0
0
0
0
0
0
0
0
0
0
0
0
0
0
0
0
0
0
0
0
0
0
0
0
0
0
0
0
0
0
0
0
0
0
0
0
0
0
0
0
0
0
0
0
0
0
0
0
0
0
0
0
0
0
0
0
0
0
0
0
0
0
0
0
0
0
0
0
0
0
0
0
0
0
0.0285208706781774
0.0118501246723374
0.00707503325402873
0.00501161664246649
0.00506297016632024
0.00375285259093288
0.0032663803581459
0.00191208783266934
0.0011902171765775
0
0
0
0
0
0
0
0
0
0
0
0
0
0
0
0
0
0
0
0
0
0
0
0
0
0
0
0
0
0
0
0
0
0
0
0
0
0
0
0
0
0
0
0
0
0
0
0
0
0
0
0
0
0
0
0
0
0
0
0
0
0
0
0
0
0
0
0
0
0
0
0
0
0
0
0
0
0
0
0
0
0
0
0
0
0
0
0
0
0
0
0
0
0
0
0
0
0
0
0
0
0
0
0
0
0
0
0
0
0
0
0
0
0
0
0
0
0
0
0
0
0
0
0
0
0
0
0
0
0
0
0
0
0
0
0
0
0
0
0
0
0.0285416537182548
0.011816621566276
0.0070506121894684
0.00499376691891297
0.00504995856147517
0.00373887750768118
0.00326297786526305
0.00190504607541588
0.00118543948083228
0
0
0
0
0
0
0
0
0
0
0
0
0
0
0
0
0
0
0
0
0
0
0
0
0
0
0
0
0
0
0
0
0
0
0
0
0
0
0
0
0
0
0
0
0
0
0
0
0
0
0
0
0
0
0
0
0
0
0
0
0
0
0
0
0
0
0
0
0
0
0
0
0
0
0
0
0
0
0
0
0
0
0
0
0
0
0
0
0
0
0
0
0
0
0
0
0
0
0
0
0
0
0
0
0
0
0
0
0
0
0
0
0
0
0
0
0
0
0
0
0
0
0
0
0
0
0
0
0
0
0
0
0
0
0
0
0
0
0
0
0
0.0285727033423296
0.0117827014242931
0.00702546495113224
0.00497578743956695
0.0050366634674125
0.00372470397132931
0.00325939741130339
0.00189837086688326
0
0
0
0
0
0
0
0
0
0
0
0
0
0
0
0
0
0
0
0
0
0
0
0
0
0
0
0
0
0
0
0
0
0
0
0
0
0
0
0
0
0
0
0
0
0
0
0
0
0
0
0
0
0
0
0
0
0
0
0
0
0
0
0
0
0
0
0
0
0
0
0
0
0
0
0
0
0
0
0
0
0
0
0
0
0
0
0
0
0
0
0
0
0
0
0
0
0
0
0
0
0
0
0
0
0
0
0
0
0
0
0
0
0
0
0
0
0
0
0
0
0
0
0
0
0
0
0
0
0
0
0
0
0
0
0
0
0
0
0
0
0
0.0286071346482934
0.0117570479784565
0.00700048939303809
0.00495725892810631
0.005024300984242
0.00371009754462202
0.00325579641226561
0.00189141606486557
0
0
0
0
0
0
0
0
0
0
0
0
0
0
0
0
0
0
0
0
0
0
0
0
0
0
0
0
0
0
0
0
0
0
0
0
0
0
0
0
0
0
0
0
0
0
0
0
0
0
0
0
0
0
0
0
0
0
0
0
0
0
0
0
0
0
0
0
0
0
0
0
0
0
0
0
0
0
0
0
0
0
0
0
0
0
0
0
0
0
0
0
0
0
0
0
0
0
0
0
0
0
0
0
0
0
0
0
0
0
0
0
0
0
0
0
0
0
0
0
0
0
0
0
0
0
0
0
0
0
0
0
0
0
0
0
0
0
0
0
0
0
0.0286436714732428
0.0117312081352907
0.00698160266869421
0.00493918498204954
0.00501207616839903
0.00369556460517881
0.00325221507755808
0.0018843753465474
0
0
0
0
0
0
0
0
0
0
0
0
0
0
0
0
0
0
0
0
0
0
0
0
0
0
0
0
0
0
0
0
0
0
0
0
0
0
0
0
0
0
0
0
0
0
0
0
0
0
0
0
0
0
0
0
0
0
0
0
0
0
0
0
0
0
0
0
0
0
0
0
0
0
0
0
0
0
0
0
0
0
0
0
0
0
0
0
0
0
0
0
0
0
0
0
0
0
0
0
0
0
0
0
0
0
0
0
0
0
0
0
0
0
0
0
0
0
0
0
0
0
0
0
0
0
0
0
0
0
0
0
0
0
0
0
0
0
0
0
0
0
0.0286824026581763
0.0117040820744664
0.00696316082006123
0.00492551300089273
0.00500074650396936
0.00368125811747142
0.00324859753604846
0.00187732147162411
0
0
0
0
0
0
0
0
0
0
0
0
0
0
0
0
0
0
0
0
0
0
0
0
0
0
0
0
0
0
0
0
0
0
0
0
0
0
0
0
0
0
0
0
0
0
0
0
0
0
0
0
0
0
0
0
0
0
0
0
0
0
0
0
0
0
0
0
0
0
0
0
0
0
0
0
0
0
0
0
0
0
0
0
0
0
0
0
0
0
0
0
0
0
0
0
0
0
0
0
0
0
0
0
0
0
0
0
0
0
0
0
0
0
0
0
0
0
0
0
0
0
0
0
0
0
0
0
0
0
0
0
0
0
0
0
0
0
0
0
0
0
0.0287301317894237
0.0116757893668682
0.00694367427421434
0.00491267287182567
0.00499405200395093
0.00366772716564776
0.0032456017720552
0.00187268839264715
0
0
0
0
0
0
0
0
0
0
0
0
0
0
0
0
0
0
0
0
0
0
0
0
0
0
0
0
0
0
0
0
0
0
0
0
0
0
0
0
0
0
0
0
0
0
0
0
0
0
0
0
0
0
0
0
0
0
0
0
0
0
0
0
0
0
0
0
0
0
0
0
0
0
0
0
0
0
0
0
0
0
0
0
0
0
0
0
0
0
0
0
0
0
0
0
0
0
0
0
0
0
0
0
0
0
0
0
0
0
0
0
0
0
0
0
0
0
0
0
0
0
0
0
0
0
0
0
0
0
0
0
0
0
0
0
0
0
0
0
0
0
0.0287774138380567
0.011648349015348
0.0069233501970922
0.00489904576414925
0.00498850624644046
0.00365862186054298
0.00324299466106897
0.00186681243465325
0
0
0
0
0
0
0
0
0
0
0
0
0
0
0
0
0
0
0
0
0
0
0
0
0
0
0
0
0
0
0
0
0
0
0
0
0
0
0
0
0
0
0
0
0
0
0
0
0
0
0
0
0
0
0
0
0
0
0
0
0
0
0
0
0
0
0
0
0
0
0
0
0
0
0
0
0
0
0
0
0
0
0
0
0
0
0
0
0
0
0
0
0
0
0
0
0
0
0
0
0
0
0
0
0
0
0
0
0
0
0
0
0
0
0
0
0
0
0
0
0
0
0
0
0
0
0
0
0
0
0
0
0
0
0
0
0
0
0
0
0
0
0.0288241660482812
0.0116184120491822
0.00690399506217583
0.00488501544163503
0.00498288008677093
0.00365078277911447
0.00324604122727279
0.00186181643818684
0
0
0
0
0
0
0
0
0
0
0
0
0
0
0
0
0
0
0
0
0
0
0
0
0
0
0
0
0
0
0
0
0
0
0
0
0
0
0
0
0
0
0
0
0
0
0
0
0
0
0
0
0
0
0
0
0
0
0
0
0
0
0
0
0
0
0
0
0
0
0
0
0
0
0
0
0
0
0
0
0
0
0
0
0
0
0
0
0
0
0
0
0
0
0
0
0
0
0
0
0
0
0
0
0
0
0
0
0
0
0
0
0
0
0
0
0
0
0
0
0
0
0
0
0
0
0
0
0
0
0
0
0
0
0
0
0
0
0
0
0
0
0.0288756242226345
0.0115854210226939
0.00688048715387858
0.00487082878959726
0.00497703974896842
0.00364248749346469
0.00325014968978048
0
0
0
0
0
0
0
0
0
0
0
0
0
0
0
0
0
0
0
0
0
0
0
0
0
0
0
0
0
0
0
0
0
0
0
0
0
0
0
0
0
0
0
0
0
0
0
0
0
0
0
0
0
0
0
0
0
0
0
0
0
0
0
0
0
0
0
0
0
0
0
0
0
0
0
0
0
0
0
0
0
0
0
0
0
0
0
0
0
0
0
0
0
0
0
0
0
0
0
0
0
0
0
0
0
0
0
0
0
0
0
0
0
0
0
0
0
0
0
0
0
0
0
0
0
0
0
0
0
0
0
0
0
0
0
0
0
0
0
0
0
0
0
0.0289394782468511
0.0115556807225351
0.00686096873302838
0.00485751965979001
0.00497302051127801
0.00363371505407644
0.00325385968454588
0
0
0
0
0
0
0
0
0
0
0
0
0
0
0
0
0
0
0
0
0
0
0
0
0
0
0
0
0
0
0
0
0
0
0
0
0
0
0
0
0
0
0
0
0
0
0
0
0
0
0
0
0
0
0
0
0
0
0
0
0
0
0
0
0
0
0
0
0
0
0
0
0
0
0
0
0
0
0
0
0
0
0
0
0
0
0
0
0
0
0
0
0
0
0
0
0
0
0
0
0
0
0
0
0
0
0
0
0
0
0
0
0
0
0
0
0
0
0
0
0
0
0
0
0
0
0
0
0
0
0
0
0
0
0
0
0
0
0
0
0
0
0
0.0290057102592181
0.0115273411626565
0.00684296547463954
0.00484505545168086
0.00496810303063257
0.00362518082047879
0.00325720392699881
0
0
0
0
0
0
0
0
0
0
0
0
0
0
0
0
0
0
0
0
0
0
0
0
0
0
0
0
0
0
0
0
0
0
0
0
0
0
0
0
0
0
0
0
0
0
0
0
0
0
0
0
0
0
0
0
0
0
0
0
0
0
0
0
0
0
0
0
0
0
0
0
0
0
0
0
0
0
0
0
0
0
0
0
0
0
0
0
0
0
0
0
0
0
0
0
0
0
0
0
0
0
0
0
0
0
0
0
0
0
0
0
0
0
0
0
0
0
0
0
0
0
0
0
0
0
0
0
0
0
0
0
0
0
0
0
0
0
0
0
0
0
0
0.029082128885342
0.01149791416094
0.00682380073264596
0.00483463068154933
0.00496370578298546
0.0036147070486355
0.00325999930943884
0
0
0
0
0
0
0
0
0
0
0
0
0
0
0
0
0
0
0
0
0
0
0
0
0
0
0
0
0
0
0
0
0
0
0
0
0
0
0
0
0
0
0
0
0
0
0
0
0
0
0
0
0
0
0
0
0
0
0
0
0
0
0
0
0
0
0
0
0
0
0
0
0
0
0
0
0
0
0
0
0
0
0
0
0
0
0
0
0
0
0
0
0
0
0
0
0
0
0
0
0
0
0
0
0
0
0
0
0
0
0
0
0
0
0
0
0
0
0
0
0
0
0
0
0
0
0
0
0
0
0
0
0
0
0
0
0
0
0
0
0
0
0
0.0291627442021069
0.011473588747662
0.00680443845401756
0.00482232003464659
0.00496073427933391
0.0036038377236586
0.00326067668199269
0
0
0
0
0
0
0
0
0
0
0
0
0
0
0
0
0
0
0
0
0
0
0
0
0
0
0
0
0
0
0
0
0
0
0
0
0
0
0
0
0
0
0
0
0
0
0
0
0
0
0
0
0
0
0
0
0
0
0
0
0
0
0
0
0
0
0
0
0
0
0
0
0
0
0
0
0
0
0
0
0
0
0
0
0
0
0
0
0
0
0
0
0
0
0
0
0
0
0
0
0
0
0
0
0
0
0
0
0
0
0
0
0
0
0
0
0
0
0
0
0
0
0
0
0
0
0
0
0
0
0
0
0
0
0
0
0
0
0
0
0
0
0
0.0292462978557687
0.0114494420491541
0.00678924688350139
0.00480995696291737
0.00495479699030428
0.00359380323120447
0.00326061574296374
0
0
0
0
0
0
0
0
0
0
0
0
0
0
0
0
0
0
0
0
0
0
0
0
0
0
0
0
0
0
0
0
0
0
0
0
0
0
0
0
0
0
0
0
0
0
0
0
0
0
0
0
0
0
0
0
0
0
0
0
0
0
0
0
0
0
0
0
0
0
0
0
0
0
0
0
0
0
0
0
0
0
0
0
0
0
0
0
0
0
0
0
0
0
0
0
0
0
0
0
0
0
0
0
0
0
0
0
0
0
0
0
0
0
0
0
0
0
0
0
0
0
0
0
0
0
0
0
0
0
0
0
0
0
0
0
0
0
0
0
0
0
0
0.0293366672182951
0.0114245361681599
0.00677399133457118
0.00480099532414823
0.00494911908383835
0.00358021397507842
0.0032617609425364
0
0
0
0
0
0
0
0
0
0
0
0
0
0
0
0
0
0
0
0
0
0
0
0
0
0
0
0
0
0
0
0
0
0
0
0
0
0
0
0
0
0
0
0
0
0
0
0
0
0
0
0
0
0
0
0
0
0
0
0
0
0
0
0
0
0
0
0
0
0
0
0
0
0
0
0
0
0
0
0
0
0
0
0
0
0
0
0
0
0
0
0
0
0
0
0
0
0
0
0
0
0
0
0
0
0
0
0
0
0
0
0
0
0
0
0
0
0
0
0
0
0
0
0
0
0
0
0
0
0
0
0
0
0
0
0
0
0
0
0
0
0
0
0.0294300617082033
0.0114008494673423
0.00675883579861384
0.00479223141085054
0.00494700947932213
0.00356675633611488
0.00325987454758907
0
0
0
0
0
0
0
0
0
0
0
0
0
0
0
0
0
0
0
0
0
0
0
0
0
0
0
0
0
0
0
0
0
0
0
0
0
0
0
0
0
0
0
0
0
0
0
0
0
0
0
0
0
0
0
0
0
0
0
0
0
0
0
0
0
0
0
0
0
0
0
0
0
0
0
0
0
0
0
0
0
0
0
0
0
0
0
0
0
0
0
0
0
0
0
0
0
0
0
0
0
0
0
0
0
0
0
0
0
0
0
0
0
0
0
0
0
0
0
0
0
0
0
0
0
0
0
0
0
0
0
0
0
0
0
0
0
0
0
0
0
0
0
0.0295244251161635
0.0113756619727537
0.0067454610996965
0.00478423391398466
0.00494086524567824
0.00355580875670904
0.00325836277731295
0
0
0
0
0
0
0
0
0
0
0
0
0
0
0
0
0
0
0
0
0
0
0
0
0
0
0
0
0
0
0
0
0
0
0
0
0
0
0
0
0
0
0
0
0
0
0
0
0
0
0
0
0
0
0
0
0
0
0
0
0
0
0
0
0
0
0
0
0
0
0
0
0
0
0
0
0
0
0
0
0
0
0
0
0
0
0
0
0
0
0
0
0
0
0
0
0
0
0
0
0
0
0
0
0
0
0
0
0
0
0
0
0
0
0
0
0
0
0
0
0
0
0
0
0
0
0
0
0
0
0
0
0
0
0
0
0
0
0
0
0
0
0
0.0296248364388789
0.0113509887594492
0.00673194131252696
0.00477792543089163
0.00493569823797916
0.0035461996357097
0
0
0
0
0
0
0
0
0
0
0
0
0
0
0
0
0
0
0
0
0
0
0
0
0
0
0
0
0
0
0
0
0
0
0
0
0
0
0
0
0
0
0
0
0
0
0
0
0
0
0
0
0
0
0
0
0
0
0
0
0
0
0
0
0
0
0
0
0
0
0
0
0
0
0
0
0
0
0
0
0
0
0
0
0
0
0
0
0
0
0
0
0
0
0
0
0
0
0
0
0
0
0
0
0
0
0
0
0
0
0
0
0
0
0
0
0
0
0
0
0
0
0
0
0
0
0
0
0
0
0
0
0
0
0
0
0
0
0
0
0
0
0
0
0.0297302312911755
0.0113303099461679
0.00672106366049438
0.0047718505159812
0.00493291410963033
0.00353734994106611
0
0
0
0
0
0
0
0
0
0
0
0
0
0
0
0
0
0
0
0
0
0
0
0
0
0
0
0
0
0
0
0
0
0
0
0
0
0
0
0
0
0
0
0
0
0
0
0
0
0
0
0
0
0
0
0
0
0
0
0
0
0
0
0
0
0
0
0
0
0
0
0
0
0
0
0
0
0
0
0
0
0
0
0
0
0
0
0
0
0
0
0
0
0
0
0
0
0
0
0
0
0
0
0
0
0
0
0
0
0
0
0
0
0
0
0
0
0
0
0
0
0
0
0
0
0
0
0
0
0
0
0
0
0
0
0
0
0
0
0
0
0
0
0
0.0298307267553406
0.0113109890951452
0.00671358141719115
0.00476877156223759
0.00493098963487296
0.0035308600464271
0
0
0
0
0
0
0
0
0
0
0
0
0
0
0
0
0
0
0
0
0
0
0
0
0
0
0
0
0
0
0
0
0
0
0
0
0
0
0
0
0
0
0
0
0
0
0
0
0
0
0
0
0
0
0
0
0
0
0
0
0
0
0
0
0
0
0
0
0
0
0
0
0
0
0
0
0
0
0
0
0
0
0
0
0
0
0
0
0
0
0
0
0
0
0
0
0
0
0
0
0
0
0
0
0
0
0
0
0
0
0
0
0
0
0
0
0
0
0
0
0
0
0
0
0
0
0
0
0
0
0
0
0
0
0
0
0
0
0
0
0
0
0
0
0.0299349379940592
0.0112875955425474
0.00670697888052846
0.00476617027989533
0.00493142622076256
0.00352318679279283
0
0
0
0
0
0
0
0
0
0
0
0
0
0
0
0
0
0
0
0
0
0
0
0
0
0
0
0
0
0
0
0
0
0
0
0
0
0
0
0
0
0
0
0
0
0
0
0
0
0
0
0
0
0
0
0
0
0
0
0
0
0
0
0
0
0
0
0
0
0
0
0
0
0
0
0
0
0
0
0
0
0
0
0
0
0
0
0
0
0
0
0
0
0
0
0
0
0
0
0
0
0
0
0
0
0
0
0
0
0
0
0
0
0
0
0
0
0
0
0
0
0
0
0
0
0
0
0
0
0
0
0
0
0
0
0
0
0
0
0
0
0
0
0
0.0300362227783959
0.0112641492716877
0.00669770239602962
0.00476812986868876
0.00493432709508509
0.00351900475412431
0
0
0
0
0
0
0
0
0
0
0
0
0
0
0
0
0
0
0
0
0
0
0
0
0
0
0
0
0
0
0
0
0
0
0
0
0
0
0
0
0
0
0
0
0
0
0
0
0
0
0
0
0
0
0
0
0
0
0
0
0
0
0
0
0
0
0
0
0
0
0
0
0
0
0
0
0
0
0
0
0
0
0
0
0
0
0
0
0
0
0
0
0
0
0
0
0
0
0
0
0
0
0
0
0
0
0
0
0
0
0
0
0
0
0
0
0
0
0
0
0
0
0
0
0
0
0
0
0
0
0
0
0
0
0
0
0
0
0
0
0
0
0
0
0.0301320515500485
0.0112268189000476
0.00668423466724309
0.00476470092755554
0.00494144522552526
0.00351722203892205
0
0
0
0
0
0
0
0
0
0
0
0
0
0
0
0
0
0
0
0
0
0
0
0
0
0
0
0
0
0
0
0
0
0
0
0
0
0
0
0
0
0
0
0
0
0
0
0
0
0
0
0
0
0
0
0
0
0
0
0
0
0
0
0
0
0
0
0
0
0
0
0
0
0
0
0
0
0
0
0
0
0
0
0
0
0
0
0
0
0
0
0
0
0
0
0
0
0
0
0
0
0
0
0
0
0
0
0
0
0
0
0
0
0
0
0
0
0
0
0
0
0
0
0
0
0
0
0
0
0
0
0
0
0
0
0
0
0
0
0
0
0
0
0
0.0302262870067687
0.0111861461020894
0.00666853239306664
0.00475508390085117
0.00494319531119152
0.00351795223062157
0
0
0
0
0
0
0
0
0
0
0
0
0
0
0
0
0
0
0
0
0
0
0
0
0
0
0
0
0
0
0
0
0
0
0
0
0
0
0
0
0
0
0
0
0
0
0
0
0
0
0
0
0
0
0
0
0
0
0
0
0
0
0
0
0
0
0
0
0
0
0
0
0
0
0
0
0
0
0
0
0
0
0
0
0
0
0
0
0
0
0
0
0
0
0
0
0
0
0
0
0
0
0
0
0
0
0
0
0
0
0
0
0
0
0
0
0
0
0
0
0
0
0
0
0
0
0
0
0
0
0
0
0
0
0
0
0
0
0
0
0
0
0
0
0.0303356380116594
0.0111544303199631
0.00665123210922424
0.0047402688719945
0.00494081753351181
0.00351238260285228
0
0
0
0
0
0
0
0
0
0
0
0
0
0
0
0
0
0
0
0
0
0
0
0
0
0
0
0
0
0
0
0
0
0
0
0
0
0
0
0
0
0
0
0
0
0
0
0
0
0
0
0
0
0
0
0
0
0
0
0
0
0
0
0
0
0
0
0
0
0
0
0
0
0
0
0
0
0
0
0
0
0
0
0
0
0
0
0
0
0
0
0
0
0
0
0
0
0
0
0
0
0
0
0
0
0
0
0
0
0
0
0
0
0
0
0
0
0
0
0
0
0
0
0
0
0
0
0
0
0
0
0
0
0
0
0
0
0
0
0
0
0
0
0
0.0304488732732741
0.0111313747467255
0.00664285811086575
0.00472534647218182
0.00493501343790633
0.00350154776090559
0
0
0
0
0
0
0
0
0
0
0
0
0
0
0
0
0
0
0
0
0
0
0
0
0
0
0
0
0
0
0
0
0
0
0
0
0
0
0
0
0
0
0
0
0
0
0
0
0
0
0
0
0
0
0
0
0
0
0
0
0
0
0
0
0
0
0
0
0
0
0
0
0
0
0
0
0
0
0
0
0
0
0
0
0
0
0
0
0
0
0
0
0
0
0
0
0
0
0
0
0
0
0
0
0
0
0
0
0
0
0
0
0
0
0
0
0
0
0
0
0
0
0
0
0
0
0
0
0
0
0
0
0
0
0
0
0
0
0
0
0
0
0
0
0.0305669617621874
0.0111077253844782
0.0066433547069757
0.0047186846160533
0.00492904960561918
0.00348605272902401
0
0
0
0
0
0
0
0
0
0
0
0
0
0
0
0
0
0
0
0
0
0
0
0
0
0
0
0
0
0
0
0
0
0
0
0
0
0
0
0
0
0
0
0
0
0
0
0
0
0
0
0
0
0
0
0
0
0
0
0
0
0
0
0
0
0
0
0
0
0
0
0
0
0
0
0
0
0
0
0
0
0
0
0
0
0
0
0
0
0
0
0
0
0
0
0
0
0
0
0
0
0
0
0
0
0
0
0
0
0
0
0
0
0
0
0
0
0
0
0
0
0
0
0
0
0
0
0
0
0
0
0
0
0
0
0
0
0
0
0
0
0
0
0
0.0306902131488888
0.0110843148780696
0.00664308116266714
0.00471913379824257
0.00493041978983433
0.00346940036840174
0
0
0
0
0
0
0
0
0
0
0
0
0
0
0
0
0
0
0
0
0
0
0
0
0
0
0
0
0
0
0
0
0
0
0
0
0
0
0
0
0
0
0
0
0
0
0
0
0
0
0
0
0
0
0
0
0
0
0
0
0
0
0
0
0
0
0
0
0
0
0
0
0
0
0
0
0
0
0
0
0
0
0
0
0
0
0
0
0
0
0
0
0
0
0
0
0
0
0
0
0
0
0
0
0
0
0
0
0
0
0
0
0
0
0
0
0
0
0
0
0
0
0
0
0
0
0
0
0
0
0
0
0
0
0
0
0
0
0
0
0
0
0
0
0.0308181245891977
0.0110608108159478
0.00664444884458847
0.0047188021133901
0.00493876116156218
0.0034588862826248
0
0
0
0
0
0
0
0
0
0
0
0
0
0
0
0
0
0
0
0
0
0
0
0
0
0
0
0
0
0
0
0
0
0
0
0
0
0
0
0
0
0
0
0
0
0
0
0
0
0
0
0
0
0
0
0
0
0
0
0
0
0
0
0
0
0
0
0
0
0
0
0
0
0
0
0
0
0
0
0
0
0
0
0
0
0
0
0
0
0
0
0
0
0
0
0
0
0
0
0
0
0
0
0
0
0
0
0
0
0
0
0
0
0
0
0
0
0
0
0
0
0
0
0
0
0
0
0
0
0
0
0
0
0
0
0
0
0
0
0
0
0
0
0
0.0309589900288121
0.0110377649069848
0.00664617731222752
0.00471978590740234
0.00494612455464652
0.00345366716069562
0
0
0
0
0
0
0
0
0
0
0
0
0
0
0
0
0
0
0
0
0
0
0
0
0
0
0
0
0
0
0
0
0
0
0
0
0
0
0
0
0
0
0
0
0
0
0
0
0
0
0
0
0
0
0
0
0
0
0
0
0
0
0
0
0
0
0
0
0
0
0
0
0
0
0
0
0
0
0
0
0
0
0
0
0
0
0
0
0
0
0
0
0
0
0
0
0
0
0
0
0
0
0
0
0
0
0
0
0
0
0
0
0
0
0
0
0
0
0
0
0
0
0
0
0
0
0
0
0
0
0
0
0
0
0
0
0
0
0
0
0
0
0
0
0.0311136741378083
0.011022213441807
0.00664756067900541
0.00472124462121132
0.00495549493907312
0.00344732402311102
0
0
0
0
0
0
0
0
0
0
0
0
0
0
0
0
0
0
0
0
0
0
0
0
0
0
0
0
0
0
0
0
0
0
0
0
0
0
0
0
0
0
0
0
0
0
0
0
0
0
0
0
0
0
0
0
0
0
0
0
0
0
0
0
0
0
0
0
0
0
0
0
0
0
0
0
0
0
0
0
0
0
0
0
0
0
0
0
0
0
0
0
0
0
0
0
0
0
0
0
0
0
0
0
0
0
0
0
0
0
0
0
0
0
0
0
0
0
0
0
0
0
0
0
0
0
0
0
0
0
0
0
0
0
0
0
0
0
0
0
0
0
0
0
0.0312760415425671
0.0110137097515263
0.00665606556519266
0.00472238606339437
0.00496602825622224
0.00344231927192629
0
0
0
0
0
0
0
0
0
0
0
0
0
0
0
0
0
0
0
0
0
0
0
0
0
0
0
0
0
0
0
0
0
0
0
0
0
0
0
0
0
0
0
0
0
0
0
0
0
0
0
0
0
0
0
0
0
0
0
0
0
0
0
0
0
0
0
0
0
0
0
0
0
0
0
0
0
0
0
0
0
0
0
0
0
0
0
0
0
0
0
0
0
0
0
0
0
0
0
0
0
0
0
0
0
0
0
0
0
0
0
0
0
0
0
0
0
0
0
0
0
0
0
0
0
0
0
0
0
0
0
0
0
0
0
0
0
0
0
0
0
0
0
0
0.0314423691275339
0.0110087438302382
0.00667284321985226
0.00473080347733151
0.00497751976537162
0
0
0
0
0
0
0
0
0
0
0
0
0
0
0
0
0
0
0
0
0
0
0
0
0
0
0
0
0
0
0
0
0
0
0
0
0
0
0
0
0
0
0
0
0
0
0
0
0
0
0
0
0
0
0
0
0
0
0
0
0
0
0
0
0
0
0
0
0
0
0
0
0
0
0
0
0
0
0
0
0
0
0
0
0
0
0
0
0
0
0
0
0
0
0
0
0
0
0
0
0
0
0
0
0
0
0
0
0
0
0
0
0
0
0
0
0
0
0
0
0
0
0
0
0
0
0
0
0
0
0
0
0
0
0
0
0
0
0
0
0
0
0
0
0
0.0316142669473524
0.0110070880099911
0.00669457552504991
0.00474882402842212
0.0049980274906027
0
0
0
0
0
0
0
0
0
0
0
0
0
0
0
0
0
0
0
0
0
0
0
0
0
0
0
0
0
0
0
0
0
0
0
0
0
0
0
0
0
0
0
0
0
0
0
0
0
0
0
0
0
0
0
0
0
0
0
0
0
0
0
0
0
0
0
0
0
0
0
0
0
0
0
0
0
0
0
0
0
0
0
0
0
0
0
0
0
0
0
0
0
0
0
0
0
0
0
0
0
0
0
0
0
0
0
0
0
0
0
0
0
0
0
0
0
0
0
0
0
0
0
0
0
0
0
0
0
0
0
0
0
0
0
0
0
0
0
0
0
0
0
0
0
0.0317909837079024
0.0110065493537233
0.00672043804535514
0.00476965740703824
0.00502805826477398
0
0
0
0
0
0
0
0
0
0
0
0
0
0
0
0
0
0
0
0
0
0
0
0
0
0
0
0
0
0
0
0
0
0
0
0
0
0
0
0
0
0
0
0
0
0
0
0
0
0
0
0
0
0
0
0
0
0
0
0
0
0
0
0
0
0
0
0
0
0
0
0
0
0
0
0
0
0
0
0
0
0
0
0
0
0
0
0
0
0
0
0
0
0
0
0
0
0
0
0
0
0
0
0
0
0
0
0
0
0
0
0
0
0
0
0
0
0
0
0
0
0
0
0
0
0
0
0
0
0
0
0
0
0
0
0
0
0
0
0
0
0
0
0
0
0.0319721955073647
0.0110066497258835
0.00674771452557626
0.00479576863937807
0.00506375343317132
0
0
0
0
0
0
0
0
0
0
0
0
0
0
0
0
0
0
0
0
0
0
0
0
0
0
0
0
0
0
0
0
0
0
0
0
0
0
0
0
0
0
0
0
0
0
0
0
0
0
0
0
0
0
0
0
0
0
0
0
0
0
0
0
0
0
0
0
0
0
0
0
0
0
0
0
0
0
0
0
0
0
0
0
0
0
0
0
0
0
0
0
0
0
0
0
0
0
0
0
0
0
0
0
0
0
0
0
0
0
0
0
0
0
0
0
0
0
0
0
0
0
0
0
0
0
0
0
0
0
0
0
0
0
0
0
0
0
0
0
0
0
0
0
0
0.0321751560527366
0.0110122310614418
0.00677809921545951
0.00482143831719818
0.00509885680866173
0
0
0
0
0
0
0
0
0
0
0
0
0
0
0
0
0
0
0
0
0
0
0
0
0
0
0
0
0
0
0
0
0
0
0
0
0
0
0
0
0
0
0
0
0
0
0
0
0
0
0
0
0
0
0
0
0
0
0
0
0
0
0
0
0
0
0
0
0
0
0
0
0
0
0
0
0
0
0
0
0
0
0
0
0
0
0
0
0
0
0
0
0
0
0
0
0
0
0
0
0
0
0
0
0
0
0
0
0
0
0
0
0
0
0
0
0
0
0
0
0
0
0
0
0
0
0
0
0
0
0
0
0
0
0
0
0
0
0
0
0
0
0
0
0
0.0323825221326715
0.0110199596532134
0.00680653894017225
0.00484740384647076
0.00513555111666988
0.0034655232527442
0
0
0
0
0
0
0
0
0
0
0
0
0
0
0
0
0
0
0
0
0
0
0
0
0
0
0
0
0
0
0
0
0
0
0
0
0
0
0
0
0
0
0
0
0
0
0
0
0
0
0
0
0
0
0
0
0
0
0
0
0
0
0
0
0
0
0
0
0
0
0
0
0
0
0
0
0
0
0
0
0
0
0
0
0
0
0
0
0
0
0
0
0
0
0
0
0
0
0
0
0
0
0
0
0
0
0
0
0
0
0
0
0
0
0
0
0
0
0
0
0
0
0
0
0
0
0
0
0
0
0
0
0
0
0
0
0
0
0
0
0
0
0
0
0.0326162917228028
0.0110277104960151
0.00683276367543402
0.00486692267622687
0.00517145543362297
0.00348409370836011
0
0
0
0
0
0
0
0
0
0
0
0
0
0
0
0
0
0
0
0
0
0
0
0
0
0
0
0
0
0
0
0
0
0
0
0
0
0
0
0
0
0
0
0
0
0
0
0
0
0
0
0
0
0
0
0
0
0
0
0
0
0
0
0
0
0
0
0
0
0
0
0
0
0
0
0
0
0
0
0
0
0
0
0
0
0
0
0
0
0
0
0
0
0
0
0
0
0
0
0
0
0
0
0
0
0
0
0
0
0
0
0
0
0
0
0
0
0
0
0
0
0
0
0
0
0
0
0
0
0
0
0
0
0
0
0
0
0
0
0
0
0
0
0
0.0328445985296345
0.0110317356603508
0.00686011250380598
0.00489173983884014
0.00519585098062029
0.00350392886952524
0
0
0
0
0
0
0
0
0
0
0
0
0
0
0
0
0
0
0
0
0
0
0
0
0
0
0
0
0
0
0
0
0
0
0
0
0
0
0
0
0
0
0
0
0
0
0
0
0
0
0
0
0
0
0
0
0
0
0
0
0
0
0
0
0
0
0
0
0
0
0
0
0
0
0
0
0
0
0
0
0
0
0
0
0
0
0
0
0
0
0
0
0
0
0
0
0
0
0
0
0
0
0
0
0
0
0
0
0
0
0
0
0
0
0
0
0
0
0
0
0
0
0
0
0
0
0
0
0
0
0
0
0
0
0
0
0
0
0
0
0
0
0
0
0.0330845322647163
0.0110306925607722
0.00688123508211034
0.00492073260129042
0.00522981234900166
0.00352375421463176
0
0
0
0
0
0
0
0
0
0
0
0
0
0
0
0
0
0
0
0
0
0
0
0
0
0
0
0
0
0
0
0
0
0
0
0
0
0
0
0
0
0
0
0
0
0
0
0
0
0
0
0
0
0
0
0
0
0
0
0
0
0
0
0
0
0
0
0
0
0
0
0
0
0
0
0
0
0
0
0
0
0
0
0
0
0
0
0
0
0
0
0
0
0
0
0
0
0
0
0
0
0
0
0
0
0
0
0
0
0
0
0
0
0
0
0
0
0
0
0
0
0
0
0
0
0
0
0
0
0
0
0
0
0
0
0
0
0
0
0
0
0
0
0
0.0333417192884302
0.0110379463708567
0.00690095691347717
0.00493872348198823
0.00526725580479039
0.00355287398795856
0
0
0
0
0
0
0
0
0
0
0
0
0
0
0
0
0
0
0
0
0
0
0
0
0
0
0
0
0
0
0
0
0
0
0
0
0
0
0
0
0
0
0
0
0
0
0
0
0
0
0
0
0
0
0
0
0
0
0
0
0
0
0
0
0
0
0
0
0
0
0
0
0
0
0
0
0
0
0
0
0
0
0
0
0
0
0
0
0
0
0
0
0
0
0
0
0
0
0
0
0
0
0
0
0
0
0
0
0
0
0
0
0
0
0
0
0
0
0
0
0
0
0
0
0
0
0
0
0
0
0
0
0
0
0
0
0
0
0
0
0
0
0
0
0.0336022308858948
0.0110502840162989
0.0069280089535078
0.004955502925769
0.00529492850301983
0.00358521854561189
0
0
0
0
0
0
0
0
0
0
0
0
0
0
0
0
0
0
0
0
0
0
0
0
0
0
0
0
0
0
0
0
0
0
0
0
0
0
0
0
0
0
0
0
0
0
0
0
0
0
0
0
0
0
0
0
0
0
0
0
0
0
0
0
0
0
0
0
0
0
0
0
0
0
0
0
0
0
0
0
0
0
0
0
0
0
0
0
0
0
0
0
0
0
0
0
0
0
0
0
0
0
0
0
0
0
0
0
0
0
0
0
0
0
0
0
0
0
0
0
0
0
0
0
0
0
0
0
0
0
0
0
0
0
0
0
0
0
0
0
0
0
0
0
0.0338712642741003
0.011059295150441
0.0069605636100249
0.00497726198513469
0.0053216328110775
0.00360543001034234
0
0
0
0
0
0
0
0
0
0
0
0
0
0
0
0
0
0
0
0
0
0
0
0
0
0
0
0
0
0
0
0
0
0
0
0
0
0
0
0
0
0
0
0
0
0
0
0
0
0
0
0
0
0
0
0
0
0
0
0
0
0
0
0
0
0
0
0
0
0
0
0
0
0
0
0
0
0
0
0
0
0
0
0
0
0
0
0
0
0
0
0
0
0
0
0
0
0
0
0
0
0
0
0
0
0
0
0
0
0
0
0
0
0
0
0
0
0
0
0
0
0
0
0
0
0
0
0
0
0
0
0
0
0
0
0
0
0
0
0
0
0
0
0
0.0341477661774686
0.0110690700628317
0.00699057815171067
0.00499729713293005
0.00534316359714694
0.00362255626262633
0
0
0
0
0
0
0
0
0
0
0
0
0
0
0
0
0
0
0
0
0
0
0
0
0
0
0
0
0
0
0
0
0
0
0
0
0
0
0
0
0
0
0
0
0
0
0
0
0
0
0
0
0
0
0
0
0
0
0
0
0
0
0
0
0
0
0
0
0
0
0
0
0
0
0
0
0
0
0
0
0
0
0
0
0
0
0
0
0
0
0
0
0
0
0
0
0
0
0
0
0
0
0
0
0
0
0
0
0
0
0
0
0
0
0
0
0
0
0
0
0
0
0
0
0
0
0
0
0
0
0
0
0
0
0
0
0
0
0
0
0
0
0
0
0.0344326160405561
0.0110831115032329
0.00702121616443889
0.00501440363091833
0.00536587099305739
0.00364190572370805
0
0
0
0
0
0
0
0
0
0
0
0
0
0
0
0
0
0
0
0
0
0
0
0
0
0
0
0
0
0
0
0
0
0
0
0
0
0
0
0
0
0
0
0
0
0
0
0
0
0
0
0
0
0
0
0
0
0
0
0
0
0
0
0
0
0
0
0
0
0
0
0
0
0
0
0
0
0
0
0
0
0
0
0
0
0
0
0
0
0
0
0
0
0
0
0
0
0
0
0
0
0
0
0
0
0
0
0
0
0
0
0
0
0
0
0
0
0
0
0
0
0
0
0
0
0
0
0
0
0
0
0
0
0
0
0
0
0
0
0
0
0
0
0
0.0347251587297733
0.0110993756141668
0.00705223022599115
0.00503138294626944
0.00538544459689194
0.00365706553188316
0
0
0
0
0
0
0
0
0
0
0
0
0
0
0
0
0
0
0
0
0
0
0
0
0
0
0
0
0
0
0
0
0
0
0
0
0
0
0
0
0
0
0
0
0
0
0
0
0
0
0
0
0
0
0
0
0
0
0
0
0
0
0
0
0
0
0
0
0
0
0
0
0
0
0
0
0
0
0
0
0
0
0
0
0
0
0
0
0
0
0
0
0
0
0
0
0
0
0
0
0
0
0
0
0
0
0
0
0
0
0
0
0
0
0
0
0
0
0
0
0
0
0
0
0
0
0
0
0
0
0
0
0
0
0
0
0
0
0
0
0
0
0
0
0.0350141712215275
0.0111178405880575
0.00708434513393667
0.00504750096546938
0.00540835951845363
0.00367236153590896
0
0
0
0
0
0
0
0
0
0
0
0
0
0
0
0
0
0
0
0
0
0
0
0
0
0
0
0
0
0
0
0
0
0
0
0
0
0
0
0
0
0
0
0
0
0
0
0
0
0
0
0
0
0
0
0
0
0
0
0
0
0
0
0
0
0
0
0
0
0
0
0
0
0
0
0
0
0
0
0
0
0
0
0
0
0
0
0
0
0
0
0
0
0
0
0
0
0
0
0
0
0
0
0
0
0
0
0
0
0
0
0
0
0
0
0
0
0
0
0
0
0
0
0
0
0
0
0
0
0
0
0
0
0
0
0
0
0
0
0
0
0
0
0
0.0353105704106344
0.0111410091276365
0.00711918293376732
0.00506532963862002
0.00543251061555254
0.00368657411650045
0.00370033551888498
0
0
0
0
0
0
0
0
0
0
0
0
0
0
0
0
0
0
0
0
0
0
0
0
0
0
0
0
0
0
0
0
0
0
0
0
0
0
0
0
0
0
0
0
0
0
0
0
0
0
0
0
0
0
0
0
0
0
0
0
0
0
0
0
0
0
0
0
0
0
0
0
0
0
0
0
0
0
0
0
0
0
0
0
0
0
0
0
0
0
0
0
0
0
0
0
0
0
0
0
0
0
0
0
0
0
0
0
0
0
0
0
0
0
0
0
0
0
0
0
0
0
0
0
0
0
0
0
0
0
0
0
0
0
0
0
0
0
0
0
0
0
0
0.0356144366644056
0.0111685835722742
0.00714899795231285
0.00508346108343389
0.00546058172374807
0.0036929210768155
0.0037247563521325
0
0
0
0
0
0
0
0
0
0
0
0
0
0
0
0
0
0
0
0
0
0
0
0
0
0
0
0
0
0
0
0
0
0
0
0
0
0
0
0
0
0
0
0
0
0
0
0
0
0
0
0
0
0
0
0
0
0
0
0
0
0
0
0
0
0
0
0
0
0
0
0
0
0
0
0
0
0
0
0
0
0
0
0
0
0
0
0
0
0
0
0
0
0
0
0
0
0
0
0
0
0
0
0
0
0
0
0
0
0
0
0
0
0
0
0
0
0
0
0
0
0
0
0
0
0
0
0
0
0
0
0
0
0
0
0
0
0
0
0
0
0
0
0.0359364929376269
0.0111996779148567
0.00718247932293523
0.00510301697328925
0.00549151296558582
0.00369911582475589
0.00375483600842832
0
0
0
0
0
0
0
0
0
0
0
0
0
0
0
0
0
0
0
0
0
0
0
0
0
0
0
0
0
0
0
0
0
0
0
0
0
0
0
0
0
0
0
0
0
0
0
0
0
0
0
0
0
0
0
0
0
0
0
0
0
0
0
0
0
0
0
0
0
0
0
0
0
0
0
0
0
0
0
0
0
0
0
0
0
0
0
0
0
0
0
0
0
0
0
0
0
0
0
0
0
0
0
0
0
0
0
0
0
0
0
0
0
0
0
0
0
0
0
0
0
0
0
0
0
0
0
0
0
0
0
0
0
0
0
0
0
0
0
0
0
0
0
0.0362742785512666
0.0112375917764913
0.00722003019619887
0.00512623576452218
0.00552408797897149
0.00370886430934574
0.00379032224781232
0
0
0
0
0
0
0
0
0
0
0
0
0
0
0
0
0
0
0
0
0
0
0
0
0
0
0
0
0
0
0
0
0
0
0
0
0
0
0
0
0
0
0
0
0
0
0
0
0
0
0
0
0
0
0
0
0
0
0
0
0
0
0
0
0
0
0
0
0
0
0
0
0
0
0
0
0
0
0
0
0
0
0
0
0
0
0
0
0
0
0
0
0
0
0
0
0
0
0
0
0
0
0
0
0
0
0
0
0
0
0
0
0
0
0
0
0
0
0
0
0
0
0
0
0
0
0
0
0
0
0
0
0
0
0
0
0
0
0
0
0
0
0
0.036613567199182
0.0112754429124228
0.00726335111974829
0.00515165900200124
0.00555786664950875
0.00371795431067301
0.00382879896039094
0
0
0
0
0
0
0
0
0
0
0
0
0
0
0
0
0
0
0
0
0
0
0
0
0
0
0
0
0
0
0
0
0
0
0
0
0
0
0
0
0
0
0
0
0
0
0
0
0
0
0
0
0
0
0
0
0
0
0
0
0
0
0
0
0
0
0
0
0
0
0
0
0
0
0
0
0
0
0
0
0
0
0
0
0
0
0
0
0
0
0
0
0
0
0
0
0
0
0
0
0
0
0
0
0
0
0
0
0
0
0
0
0
0
0
0
0
0
0
0
0
0
0
0
0
0
0
0
0
0
0
0
0
0
0
0
0
0
0
0
0
0
0
0.0369675447585602
0.0113111457759258
0.0073082900066958
0.00518038226579305
0.0055957625024079
0.00372976152629346
0.00386777485716936
0.00225167475193218
0
0
0
0
0
0
0
0
0
0
0
0
0
0
0
0
0
0
0
0
0
0
0
0
0
0
0
0
0
0
0
0
0
0
0
0
0
0
0
0
0
0
0
0
0
0
0
0
0
0
0
0
0
0
0
0
0
0
0
0
0
0
0
0
0
0
0
0
0
0
0
0
0
0
0
0
0
0
0
0
0
0
0
0
0
0
0
0
0
0
0
0
0
0
0
0
0
0
0
0
0
0
0
0
0
0
0
0
0
0
0
0
0
0
0
0
0
0
0
0
0
0
0
0
0
0
0
0
0
0
0
0
0
0
0
0
0
0
0
0
0
0
0.0373236307182324
0.0113487617540683
0.00735169190562416
0.00520975750619187
0.00563885699339762
0.00374492607714197
0.00390918314548317
0.00227388080048446
0
0
0
0
0
0
0
0
0
0
0
0
0
0
0
0
0
0
0
0
0
0
0
0
0
0
0
0
0
0
0
0
0
0
0
0
0
0
0
0
0
0
0
0
0
0
0
0
0
0
0
0
0
0
0
0
0
0
0
0
0
0
0
0
0
0
0
0
0
0
0
0
0
0
0
0
0
0
0
0
0
0
0
0
0
0
0
0
0
0
0
0
0
0
0
0
0
0
0
0
0
0
0
0
0
0
0
0
0
0
0
0
0
0
0
0
0
0
0
0
0
0
0
0
0
0
0
0
0
0
0
0
0
0
0
0
0
0
0
0
0
0
0.0376868594061011
0.0113846279816127
0.0073991226767073
0.0052368873003251
0.00568478450665375
0.00376343108121572
0.00395366854975177
0.00229796330269356
0.00191055391821378
0
0
0
0
0
0
0
0
0
0
0
0
0
0
0
0
0
0
0
0
0
0
0
0
0
0
0
0
0
0
0
0
0
0
0
0
0
0
0
0
0
0
0
0
0
0
0
0
0
0
0
0
0
0
0
0
0
0
0
0
0
0
0
0
0
0
0
0
0
0
0
0
0
0
0
0
0
0
0
0
0
0
0
0
0
0
0
0
0
0
0
0
0
0
0
0
0
0
0
0
0
0
0
0
0
0
0
0
0
0
0
0
0
0
0
0
0
0
0
0
0
0
0
0
0
0
0
0
0
0
0
0
0
0
0
0
0
0
0
0
0
0.0380690020461104
0.0114213664911738
0.00744200594907909
0.00526411665226825
0.00572903521897662
0.0037792944113627
0.00400205446298268
0.00232476735475653
0.00198836420374503
0
0
0
0
0
0
0
0
0
0
0
0
0
0
0
0
0
0
0
0
0
0
0
0
0
0
0
0
0
0
0
0
0
0
0
0
0
0
0
0
0
0
0
0
0
0
0
0
0
0
0
0
0
0
0
0
0
0
0
0
0
0
0
0
0
0
0
0
0
0
0
0
0
0
0
0
0
0
0
0
0
0
0
0
0
0
0
0
0
0
0
0
0
0
0
0
0
0
0
0
0
0
0
0
0
0
0
0
0
0
0
0
0
0
0
0
0
0
0
0
0
0
0
0
0
0
0
0
0
0
0
0
0
0
0
0
0
0
0
0
0
0.0384622607182547
0.0114646520240459
0.00748451762961008
0.00528677252427133
0.00577162415778452
0.00379397974972081
0.00404971712224964
0.00235657491078694
0.00206910293495071
0
0
0
0
0
0
0
0
0
0
0
0
0
0
0
0
0
0
0
0
0
0
0
0
0
0
0
0
0
0
0
0
0
0
0
0
0
0
0
0
0
0
0
0
0
0
0
0
0
0
0
0
0
0
0
0
0
0
0
0
0
0
0
0
0
0
0
0
0
0
0
0
0
0
0
0
0
0
0
0
0
0
0
0
0
0
0
0
0
0
0
0
0
0
0
0
0
0
0
0
0
0
0
0
0
0
0
0
0
0
0
0
0
0
0
0
0
0
0
0
0
0
0
0
0
0
0
0
0
0
0
0
0
0
0
0
0
0
0
0
0
0.0388773594013329
0.0115156020222098
0.00753114433525871
0.00531367153510655
0.00581446584279973
0.00380881233654967
0.00409717250023702
0.00238729645073238
0.00215198360253201
0.00131978749386985
0
0
0
0
0
0
0
0
0
0
0
0
0
0
0
0
0
0
0
0
0
0
0
0
0
0
0
0
0
0
0
0
0
0
0
0
0
0
0
0
0
0
0
0
0
0
0
0
0
0
0
0
0
0
0
0
0
0
0
0
0
0
0
0
0
0
0
0
0
0
0
0
0
0
0
0
0
0
0
0
0
0
0
0
0
0
0
0
0
0
0
0
0
0
0
0
0
0
0
0
0
0
0
0
0
0
0
0
0
0
0
0
0
0
0
0
0
0
0
0
0
0
0
0
0
0
0
0
0
0
0
0
0
0
0
0
0
0
0
0
0.0392853212768749
0.0115513342760591
0.00757561591699177
0.00533818700150982
0.00585592937820918
0.00382614711568995
0.0041464761037549
0.00241545448468464
0.00224214221944021
0.0013922598394252
0
0
0
0
0
0
0
0
0
0
0
0
0
0
0
0
0
0
0
0
0
0
0
0
0
0
0
0
0
0
0
0
0
0
0
0
0
0
0
0
0
0
0
0
0
0
0
0
0
0
0
0
0
0
0
0
0
0
0
0
0
0
0
0
0
0
0
0
0
0
0
0
0
0
0
0
0
0
0
0
0
0
0
0
0
0
0
0
0
0
0
0
0
0
0
0
0
0
0
0
0
0
0
0
0
0
0
0
0
0
0
0
0
0
0
0
0
0
0
0
0
0
0
0
0
0
0
0
0
0
0
0
0
0
0
0
0
0
0
0
0.0396954419649492
0.0115788766787423
0.00761399536319935
0.00535860220213344
0.00589112770997756
0.00384234407161753
0.00419791814779289
0.00244725342710235
0.00233240388450465
0.00147105730021194
0.00110186421861745
0
0
0
0
0
0
0
0
0
0
0
0
0
0
0
0
0
0
0
0
0
0
0
0
0
0
0
0
0
0
0
0
0
0
0
0
0
0
0
0
0
0
0
0
0
0
0
0
0
0
0
0
0
0
0
0
0
0
0
0
0
0
0
0
0
0
0
0
0
0
0
0
0
0
0
0
0
0
0
0
0
0
0
0
0
0
0
0
0
0
0
0
0
0
0
0
0
0
0
0
0
0
0
0
0
0
0
0
0
0
0
0
0
0
0
0
0
0
0
0
0
0
0
0
0
0
0
0
0
0
0
0
0
0
0
0
0
0
0
0.0401255688362313
0.0116212089425064
0.00764972051292986
0.00537753263670519
0.00593161793909297
0.00386885935154941
0.00425351615165648
0.00248073994546112
0.00242311911048681
0.00154817673935765
0.00119329717377932
0
0
0
0
0
0
0
0
0
0
0
0
0
0
0
0
0
0
0
0
0
0
0
0
0
0
0
0
0
0
0
0
0
0
0
0
0
0
0
0
0
0
0
0
0
0
0
0
0
0
0
0
0
0
0
0
0
0
0
0
0
0
0
0
0
0
0
0
0
0
0
0
0
0
0
0
0
0
0
0
0
0
0
0
0
0
0
0
0
0
0
0
0
0
0
0
0
0
0
0
0
0
0
0
0
0
0
0
0
0
0
0
0
0
0
0
0
0
0
0
0
0
0
0
0
0
0
0
0
0
0
0
0
0
0
0
0
0
0
0.040546608807566
0.0116702742480131
0.007692984619199
0.00540453830752505
0.00598452272686162
0.00391380421537342
0.00432737322148942
0.00252392900316672
0.00251797485343663
0.00161315911530973
0.00126569755690576
0.00144938615595267
0
0
0
0
0
0
0
0
0
0
0
0
0
0
0
0
0
0
0
0
0
0
0
0
0
0
0
0
0
0
0
0
0
0
0
0
0
0
0
0
0
0
0
0
0
0
0
0
0
0
0
0
0
0
0
0
0
0
0
0
0
0
0
0
0
0
0
0
0
0
0
0
0
0
0
0
0
0
0
0
0
0
0
0
0
0
0
0
0
0
0
0
0
0
0
0
0
0
0
0
0
0
0
0
0
0
0
0
0
0
0
0
0
0
0
0
0
0
0
0
0
0
0
0
0
0
0
0
0
0
0
0
0
0
0
0
0
0
0.0409744553743716
0.0117058322809586
0.00774481862696158
0.005413668059017
0.00603244881684611
0.00394896895011959
0.00440565415532165
0.00257166237521933
0.00261074621152648
0.00168478921805149
0.00131925798357674
0.00164098557646483
0
0
0
0
0
0
0
0
0
0
0
0
0
0
0
0
0
0
0
0
0
0
0
0
0
0
0
0
0
0
0
0
0
0
0
0
0
0
0
0
0
0
0
0
0
0
0
0
0
0
0
0
0
0
0
0
0
0
0
0
0
0
0
0
0
0
0
0
0
0
0
0
0
0
0
0
0
0
0
0
0
0
0
0
0
0
0
0
0
0
0
0
0
0
0
0
0
0
0
0
0
0
0
0
0
0
0
0
0
0
0
0
0
0
0
0
0
0
0
0
0
0
0
0
0
0
0
0
0
0
0
0
0
0
0
0
0
0
0.0414177623292009
0.0117548304668588
0.00778318298117979
0.00542225788214554
0.00608481534797901
0.00398523495250117
0.00448219530661897
0.00263031024827342
0.00270847082090141
0.00175846511911173
0.00137603123517272
0.00182938812760664
0
0
0
0
0
0
0
0
0
0
0
0
0
0
0
0
0
0
0
0
0
0
0
0
0
0
0
0
0
0
0
0
0
0
0
0
0
0
0
0
0
0
0
0
0
0
0
0
0
0
0
0
0
0
0
0
0
0
0
0
0
0
0
0
0
0
0
0
0
0
0
0
0
0
0
0
0
0
0
0
0
0
0
0
0
0
0
0
0
0
0
0
0
0
0
0
0
0
0
0
0
0
0
0
0
0
0
0
0
0
0
0
0
0
0
0
0
0
0
0
0
0
0
0
0
0
0
0
0
0
0
0
0
0
0
0
0
0
0.0418398628177034
0.0118174527881862
0.00783133851037205
0.00542769497059462
0.00613924220842259
0.00403317235025305
0.00456043981621051
0.00268568647381719
0.00281090611950745
0.00183512776307259
0.0014330216692999
0.00201642576834417
0.000928589129786559
0
0
0
0
0
0
0
0
0
0
0
0
0
0
0
0
0
0
0
0
0
0
0
0
0
0
0
0
0
0
0
0
0
0
0
0
0
0
0
0
0
0
0
0
0
0
0
0
0
0
0
0
0
0
0
0
0
0
0
0
0
0
0
0
0
0
0
0
0
0
0
0
0
0
0
0
0
0
0
0
0
0
0
0
0
0
0
0
0
0
0
0
0
0
0
0
0
0
0
0
0
0
0
0
0
0
0
0
0
0
0
0
0
0
0
0
0
0
0
0
0
0
0
0
0
0
0
0
0
0
0
0
0
0
0
0
0
0.0422358764427521
0.0118845052307708
0.00781321094612743
0.00543076034960071
0.00614599544704245
0.00407312791683395
0.00462361554367874
0.00273671462613854
0.00289815992857386
0.00191997751179946
0.00149626351835796
0.00220909692936865
0.00102941325179931
0
0
0
0
0
0
0
0
0
0
0
0
0
0
0
0
0
0
0
0
0
0
0
0
0
0
0
0
0
0
0
0
0
0
0
0
0
0
0
0
0
0
0
0
0
0
0
0
0
0
0
0
0
0
0
0
0
0
0
0
0
0
0
0
0
0
0
0
0
0
0
0
0
0
0
0
0
0
0
0
0
0
0
0
0
0
0
0
0
0
0
0
0
0
0
0
0
0
0
0
0
0
0
0
0
0
0
0
0
0
0
0
0
0
0
0
0
0
0
0
0
0
0
0
0
0
0
0
0
0
0
0
0
0
0
0
0
0.0426492958976627
0.0119428293197064
0.00779419455693463
0.00542407276737483
0.00615610305349076
0.00410705138366163
0.00469455739188279
0.00279483040864032
0.00297967674436496
0.00199130579436321
0.00156098380210377
0.00241133710803047
0.00113007692816378
0.000661262917351601
0
0
0
0
0
0
0
0
0
0
0
0
0
0
0
0
0
0
0
0
0
0
0
0
0
0
0
0
0
0
0
0
0
0
0
0
0
0
0
0
0
0
0
0
0
0
0
0
0
0
0
0
0
0
0
0
0
0
0
0
0
0
0
0
0
0
0
0
0
0
0
0
0
0
0
0
0
0
0
0
0
0
0
0
0
0
0
0
0
0
0
0
0
0
0
0
0
0
0
0
0
0
0
0
0
0
0
0
0
0
0
0
0
0
0
0
0
0
0
0
0
0
0
0
0
0
0
0
0
0
0
0
0
0
0
0
0.0430750135376573
0.0120082929295413
0.00777075443794702
0.00541778176495282
0.0061683437197154
0.00414522026398625
0.00476264191541557
0.00285381054105404
0.00306575413864525
0.00206342904572949
0.00162385782302974
0.00261526458805733
0.00123516118995907
0.000719038930805426
0.000536518735016705
0
0
0
0
0
0
0
0
0
0
0
0
0
0
0
0
0
0
0
0
0
0
0
0
0
0
0
0
0
0
0
0
0
0
0
0
0
0
0
0
0
0
0
0
0
0
0
0
0
0
0
0
0
0
0
0
0
0
0
0
0
0
0
0
0
0
0
0
0
0
0
0
0
0
0
0
0
0
0
0
0
0
0
0
0
0
0
0
0
0
0
0
0
0
0
0
0
0
0
0
0
0
0
0
0
0
0
0
0
0
0
0
0
0
0
0
0
0
0
0
0
0
0
0
0
0
0
0
0
0
0
0
0
0
0
0.0434989522976526
0.0120718745124536
0.00774949734127467
0.00540828048032143
0.00618844857288164
0.00418429440635371
0.00483162449443166
0.00290977164733149
0.00315247055163317
0.00213757048126238
0.0016857963332871
0.00281853872330654
0.00134127347939665
0.000778982237937647
0.000604331961661414
0.000831979474658499
0
0
0
0
0
0
0
0
0
0
0
0
0
0
0
0
0
0
0
0
0
0
0
0
0
0
0
0
0
0
0
0
0
0
0
0
0
0
0
0
0
0
0
0
0
0
0
0
0
0
0
0
0
0
0
0
0
0
0
0
0
0
0
0
0
0
0
0
0
0
0
0
0
0
0
0
0
0
0
0
0
0
0
0
0
0
0
0
0
0
0
0
0
0
0
0
0
0
0
0
0
0
0
0
0
0
0
0
0
0
0
0
0
0
0
0
0
0
0
0
0
0
0
0
0
0
0
0
0
0
0
0
0
0
0.0439218776075103
0.0121160999414528
0.00772688479466647
0.00540060519056328
0.00620271370979439
0.00423760197018238
0.00488914269047149
0.00295122576577725
0.00322705789890845
0.00220596778764602
0.00174235922958923
0.00301965406552092
0.00144860225470523
0.000843804782491884
0.000672428915993951
0.00105099778191536
0
0
0
0
0
0
0
0
0
0
0
0
0
0
0
0
0
0
0
0
0
0
0
0
0
0
0
0
0
0
0
0
0
0
0
0
0
0
0
0
0
0
0
0
0
0
0
0
0
0
0
0
0
0
0
0
0
0
0
0
0
0
0
0
0
0
0
0
0
0
0
0
0
0
0
0
0
0
0
0
0
0
0
0
0
0
0
0
0
0
0
0
0
0
0
0
0
0
0
0
0
0
0
0
0
0
0
0
0
0
0
0
0
0
0
0
0
0
0
0
0
0
0
0
0
0
0
0
0
0
0
0
0
0
0.0443585011739969
0.0121566269467169
0.00770453177749429
0.00539013597283848
0.00621046089065746
0.0042638526287844
0.00493794840270584
0.00296343975100286
0.00329842563025195
0.00224985570972823
0.00179351018331862
0.00321777605209745
0.00155509384573693
0.000898623589847298
0.000744642214430559
0.00127096047450838
0.000813313990119993
0
0
0
0
0
0
0
0
0
0
0
0
0
0
0
0
0
0
0
0
0
0
0
0
0
0
0
0
0
0
0
0
0
0
0
0
0
0
0
0
0
0
0
0
0
0
0
0
0
0
0
0
0
0
0
0
0
0
0
0
0
0
0
0
0
0
0
0
0
0
0
0
0
0
0
0
0
0
0
0
0
0
0
0
0
0
0
0
0
0
0
0
0
0
0
0
0
0
0
0
0
0
0
0
0
0
0
0
0
0
0
0
0
0
0
0
0
0
0
0
0
0
0
0
0
0
0
0
0
0
0
0
0
0.0448464761924928
0.0122041767437785
0.00768359056966051
0.00538106330524576
0.00621447964619485
0.00428265482805385
0.00497450058138729
0.00297578151803013
0.00337138437347473
0.00228670618993792
0.00184028335350491
0.00341468555734928
0.00167762202253711
0.000951378171651037
0.000801296783598836
0.00148182271464376
0.000980572056080744
0
0
0
0
0
0
0
0
0
0
0
0
0
0
0
0
0
0
0
0
0
0
0
0
0
0
0
0
0
0
0
0
0
0
0
0
0
0
0
0
0
0
0
0
0
0
0
0
0
0
0
0
0
0
0
0
0
0
0
0
0
0
0
0
0
0
0
0
0
0
0
0
0
0
0
0
0
0
0
0
0
0
0
0
0
0
0
0
0
0
0
0
0
0
0
0
0
0
0
0
0
0
0
0
0
0
0
0
0
0
0
0
0
0
0
0
0
0
0
0
0
0
0
0
0
0
0
0
0
0
0
0
0
0.0453577054284254
0.0122812263458762
0.00766610172706516
0.0053766173236915
0.00621995299349647
0.00429822304439365
0.00500508968342952
0.00298317205525057
0.00344687650755175
0.0023158531807089
0.00188089797479255
0.00360542677313438
0.00180822376430412
0.00101463206145661
0.000851452242470012
0.00168142776609002
0.00114862173857686
0
0
0
0
0
0
0
0
0
0
0
0
0
0
0
0
0
0
0
0
0
0
0
0
0
0
0
0
0
0
0
0
0
0
0
0
0
0
0
0
0
0
0
0
0
0
0
0
0
0
0
0
0
0
0
0
0
0
0
0
0
0
0
0
0
0
0
0
0
0
0
0
0
0
0
0
0
0
0
0
0
0
0
0
0
0
0
0
0
0
0
0
0
0
0
0
0
0
0
0
0
0
0
0
0
0
0
0
0
0
0
0
0
0
0
0
0
0
0
0
0
0
0
0
0
0
0
0
0
0
0
0
0
0.045903574427164
0.0123616468540865
0.00766384119699512
0.00537113954106985
0.0062253000177509
0.00431433473233552
0.00503130613384417
0.00297694654363166
0.00351276986623292
0.00234061423047438
0.00190211531242893
0.00378293457159671
0.00192841971378408
0.00107717211090296
0.000901892320036505
0.00187219564959125
0.00129695757135756
0.00101950188121066
0
0
0
0
0
0
0
0
0
0
0
0
0
0
0
0
0
0
0
0
0
0
0
0
0
0
0
0
0
0
0
0
0
0
0
0
0
0
0
0
0
0
0
0
0
0
0
0
0
0
0
0
0
0
0
0
0
0
0
0
0
0
0
0
0
0
0
0
0
0
0
0
0
0
0
0
0
0
0
0
0
0
0
0
0
0
0
0
0
0
0
0
0
0
0
0
0
0
0
0
0
0
0
0
0
0
0
0
0
0
0
0
0
0
0
0
0
0
0
0
0
0
0
0
0
0
0
0
0
0
0
0
0.0464608185964025
0.012453704854974
0.0076624686696242
0.00537371902559528
0.00622725190867308
0.00432900040829278
0.0050588022589299
0.00296802346273218
0.00357497412461788
0.00236020058409558
0.00192503414641577
0.00395082742130513
0.00204443992842762
0.00113630425475383
0.000952156898817294
0.00206915503647448
0.00144411372946484
0.00116815771911525
0
0
0
0
0
0
0
0
0
0
0
0
0
0
0
0
0
0
0
0
0
0
0
0
0
0
0
0
0
0
0
0
0
0
0
0
0
0
0
0
0
0
0
0
0
0
0
0
0
0
0
0
0
0
0
0
0
0
0
0
0
0
0
0
0
0
0
0
0
0
0
0
0
0
0
0
0
0
0
0
0
0
0
0
0
0
0
0
0
0
0
0
0
0
0
0
0
0
0
0
0
0
0
0
0
0
0
0
0
0
0
0
0
0
0
0
0
0
0
0
0
0
0
0
0
0
0
0
0
0
0
0
0.0470478907735276
0.0125565602977397
0.0076706739993428
0.00538506043060645
0.0062576520981375
0.00434689771187788
0.00508897461539345
0.00296070720572909
0.00363234477424814
0.00237219267665382
0.00194567947447203
0.00411863827111038
0.00213807675127067
0.00119546819591186
0.00100386947421808
0.00227334092180732
0.00159805871267889
0.00131606024147378
0.00149716485020222
0
0
0
0
0
0
0
0
0
0
0
0
0
0
0
0
0
0
0
0
0
0
0
0
0
0
0
0
0
0
0
0
0
0
0
0
0
0
0
0
0
0
0
0
0
0
0
0
0
0
0
0
0
0
0
0
0
0
0
0
0
0
0
0
0
0
0
0
0
0
0
0
0
0
0
0
0
0
0
0
0
0
0
0
0
0
0
0
0
0
0
0
0
0
0
0
0
0
0
0
0
0
0
0
0
0
0
0
0
0
0
0
0
0
0
0
0
0
0
0
0
0
0
0
0
0
0
0
0
0
0
0.0476836981614143
0.0127022515544022
0.00769061926817687
0.0054010554136762
0.00628569119373311
0.00439980755455758
0.00512574543044489
0.00295612384718615
0.00369152123113832
0.00237280218227893
0.00194048456520729
0.00427564194330287
0.00223676209888782
0.00123432713726981
0.00104539266179337
0.00247305830500193
0.00175505767170075
0.00147301665737301
0.00171218539849978
0
0
0
0
0
0
0
0
0
0
0
0
0
0
0
0
0
0
0
0
0
0
0
0
0
0
0
0
0
0
0
0
0
0
0
0
0
0
0
0
0
0
0
0
0
0
0
0
0
0
0
0
0
0
0
0
0
0
0
0
0
0
0
0
0
0
0
0
0
0
0
0
0
0
0
0
0
0
0
0
0
0
0
0
0
0
0
0
0
0
0
0
0
0
0
0
0
0
0
0
0
0
0
0
0
0
0
0
0
0
0
0
0
0
0
0
0
0
0
0
0
0
0
0
0
0
0
0
0
0
0
0.0483488244777563
0.012886682720016
0.00775177125088007
0.00542668751480664
0.00633070442856507
0.00445511500865135
0.00517995595597289
0.00295100701198
0.00374757874705243
0.00237369394512777
0.00192224896915107
0.00441789131200029
0.00232238991425578
0.00126904215830713
0.00105642821537347
0.0026609304861142
0.00190411798508998
0.00163891646664979
0.00193323098788786
0.00143849515679319
0
0
0
0
0
0
0
0
0
0
0
0
0
0
0
0
0
0
0
0
0
0
0
0
0
0
0
0
0
0
0
0
0
0
0
0
0
0
0
0
0
0
0
0
0
0
0
0
0
0
0
0
0
0
0
0
0
0
0
0
0
0
0
0
0
0
0
0
0
0
0
0
0
0
0
0
0
0
0
0
0
0
0
0
0
0
0
0
0
0
0
0
0
0
0
0
0
0
0
0
0
0
0
0
0
0
0
0
0
0
0
0
0
0
0
0
0
0
0
0
0
0
0
0
0
0
0
0
0
0
0.0490018748561891
0.0130491837768218
0.00782247380635148
0.00545062745193495
0.00636860121029911
0.0045014546869071
0.00522840883973299
0.00295660404725173
0.00380003842354438
0.00237822558095101
0.00190696281657952
0.00455367494592505
0.00240327090802129
0.0012970727126214
0.00107930773371558
0.00285257990211543
0.00205266836998578
0.00180312544825345
0.00215685645709788
0.00166585590370989
0
0
0
0
0
0
0
0
0
0
0
0
0
0
0
0
0
0
0
0
0
0
0
0
0
0
0
0
0
0
0
0
0
0
0
0
0
0
0
0
0
0
0
0
0
0
0
0
0
0
0
0
0
0
0
0
0
0
0
0
0
0
0
0
0
0
0
0
0
0
0
0
0
0
0
0
0
0
0
0
0
0
0
0
0
0
0
0
0
0
0
0
0
0
0
0
0
0
0
0
0
0
0
0
0
0
0
0
0
0
0
0
0
0
0
0
0
0
0
0
0
0
0
0
0
0
0
0
0
0
0.0497149835108536
0.0132289382434623
0.00792185564047138
0.005517727823524
0.00643929315752565
0.00453462222697998
0.00528258462869849
0.00296495742742178
0.00388922045610089
0.00237885323535579
0.00189543885125839
0.00469773993368808
0.00247902121849142
0.00132165073804467
0.00109740366307411
0.00304331487689258
0.00220316584870316
0.00196433870561166
0.00237636476106643
0.00188940264320304
0.000999822618416166
0
0
0
0
0
0
0
0
0
0
0
0
0
0
0
0
0
0
0
0
0
0
0
0
0
0
0
0
0
0
0
0
0
0
0
0
0
0
0
0
0
0
0
0
0
0
0
0
0
0
0
0
0
0
0
0
0
0
0
0
0
0
0
0
0
0
0
0
0
0
0
0
0
0
0
0
0
0
0
0
0
0
0
0
0
0
0
0
0
0
0
0
0
0
0
0
0
0
0
0
0
0
0
0
0
0
0
0
0
0
0
0
0
0
0
0
0
0
0
0
0
0
0
0
0
0
0
0
0
0.0504628431054898
0.0134344924102468
0.00803010366263241
0.00559473428157683
0.0065091879253428
0.00459935595549071
0.0053243688262663
0.00298537817178281
0.00397550815359144
0.00239363389731017
0.00186377400730987
0.00483431958473529
0.00255688046519864
0.00134038875165329
0.00111318860916316
0.00323460627524401
0.00235826021978016
0.00213186759593716
0.00257919899378917
0.00210787295159112
0.00114000005900481
0.00146116336007366
0
0
0
0
0
0
0
0
0
0
0
0
0
0
0
0
0
0
0
0
0
0
0
0
0
0
0
0
0
0
0
0
0
0
0
0
0
0
0
0
0
0
0
0
0
0
0
0
0
0
0
0
0
0
0
0
0
0
0
0
0
0
0
0
0
0
0
0
0
0
0
0
0
0
0
0
0
0
0
0
0
0
0
0
0
0
0
0
0
0
0
0
0
0
0
0
0
0
0
0
0
0
0
0
0
0
0
0
0
0
0
0
0
0
0
0
0
0
0
0
0
0
0
0
0
0
0
0
0.0512139061926219
0.0136368465943696
0.00815124682275428
0.00569522569637097
0.00658852312447328
0.00467459112537501
0.00539604458046534
0.00300696129915042
0.00407464979103808
0.00240826520048976
0.00184757013367004
0.00495452442913135
0.00262583874735789
0.00135992482107797
0.00112203362251882
0.00341779040595382
0.00251068187216237
0.00229852462413505
0.0027693402984685
0.00231751197567027
0.00127585074225777
0.00175743970810779
0
0
0
0
0
0
0
0
0
0
0
0
0
0
0
0
0
0
0
0
0
0
0
0
0
0
0
0
0
0
0
0
0
0
0
0
0
0
0
0
0
0
0
0
0
0
0
0
0
0
0
0
0
0
0
0
0
0
0
0
0
0
0
0
0
0
0
0
0
0
0
0
0
0
0
0
0
0
0
0
0
0
0
0
0
0
0
0
0
0
0
0
0
0
0
0
0
0
0
0
0
0
0
0
0
0
0
0
0
0
0
0
0
0
0
0
0
0
0
0
0
0
0
0
0
0
0
0
0.0519890982004202
0.0138743475898288
0.00829133441126876
0.0058061395516116
0.00668562824956844
0.00475780571453702
0.00548085242885128
0.00304836939319147
0.00417839235538466
0.00243554023292979
0.00183205722975881
0.00508405621350837
0.00268601897237545
0.00137624273626068
0.00112935342277659
0.00358997806102421
0.0026587860391643
0.0024654233233303
0.00295337602743495
0.00250679792561043
0.00141280921303047
0.00204936205807501
0.0010722283797946
0
0
0
0
0
0
0
0
0
0
0
0
0
0
0
0
0
0
0
0
0
0
0
0
0
0
0
0
0
0
0
0
0
0
0
0
0
0
0
0
0
0
0
0
0
0
0
0
0
0
0
0
0
0
0
0
0
0
0
0
0
0
0
0
0
0
0
0
0
0
0
0
0
0
0
0
0
0
0
0
0
0
0
0
0
0
0
0
0
0
0
0
0
0
0
0
0
0
0
0
0
0
0
0
0
0
0
0
0
0
0
0
0
0
0
0
0
0
0
0
0
0
0
0
0
0
0
0.0527847906499683
0.0141256587388406
0.00845084460326748
0.00592419935908528
0.00679687796370024
0.00485498708429217
0.00556880278367382
0.00310639484365895
0.00429889818174057
0.00245841614946687
0.00182111081103114
0.00521221626196308
0.00275942538906739
0.00139512675028282
0.00114311932209421
0.00376326326419582
0.00279909550714478
0.00261945062682353
0.00312975684521843
0.00269336440151054
0.00153877709496679
0.00233602247844315
0.00125939515801885
0.00086797290306952
0
0
0
0
0
0
0
0
0
0
0
0
0
0
0
0
0
0
0
0
0
0
0
0
0
0
0
0
0
0
0
0
0
0
0
0
0
0
0
0
0
0
0
0
0
0
0
0
0
0
0
0
0
0
0
0
0
0
0
0
0
0
0
0
0
0
0
0
0
0
0
0
0
0
0
0
0
0
0
0
0
0
0
0
0
0
0
0
0
0
0
0
0
0
0
0
0
0
0
0
0
0
0
0
0
0
0
0
0
0
0
0
0
0
0
0
0
0
0
0
0
0
0
0
0
0
0.0536198051423166
0.0143872436879255
0.00861383076611271
0.00604596788425879
0.00691085592366521
0.00496246178313509
0.00568824996214208
0.00317254537472052
0.00442109511723615
0.00248825610360499
0.00181982009995549
0.00535670424660119
0.00284411874549082
0.0014261314444937
0.00116817127600966
0.00394753883341308
0.00294549051099955
0.00276439651770385
0.00330008353618877
0.0028788151851857
0.00165660741740962
0.00260268380397345
0.0014359125073454
0.0010228958736648
0.000537462572689789
0
0
0
0
0
0
0
0
0
0
0
0
0
0
0
0
0
0
0
0
0
0
0
0
0
0
0
0
0
0
0
0
0
0
0
0
0
0
0
0
0
0
0
0
0
0
0
0
0
0
0
0
0
0
0
0
0
0
0
0
0
0
0
0
0
0
0
0
0
0
0
0
0
0
0
0
0
0
0
0
0
0
0
0
0
0
0
0
0
0
0
0
0
0
0
0
0
0
0
0
0
0
0
0
0
0
0
0
0
0
0
0
0
0
0
0
0
0
0
0
0
0
0
0
0
0.0544626635829957
0.0146714582772033
0.00881023723761915
0.00616469082674904
0.00702852811276918
0.00507361698172437
0.00582350562811436
0.00325926057554189
0.00455555381299013
0.00253174260472705
0.00182218212615671
0.00550735576442929
0.00293714299425704
0.00146089338751954
0.00120053368804197
0.00412606495075862
0.00309818101303785
0.00291503847678475
0.00346790966345062
0.00306270428473993
0.00177385210257712
0.00286177051216409
0.00159470683134022
0.00117509647434933
0.000654957282647693
0.00155081683927302
0
0
0
0
0
0
0
0
0
0
0
0
0
0
0
0
0
0
0
0
0
0
0
0
0
0
0
0
0
0
0
0
0
0
0
0
0
0
0
0
0
0
0
0
0
0
0
0
0
0
0
0
0
0
0
0
0
0
0
0
0
0
0
0
0
0
0
0
0
0
0
0
0
0
0
0
0
0
0
0
0
0
0
0
0
0
0
0
0
0
0
0
0
0
0
0
0
0
0
0
0
0
0
0
0
0
0
0
0
0
0
0
0
0
0
0
0
0
0
0
0
0
0
0
0.055343396495722
0.0149776574732496
0.00902936712099716
0.00630057058982659
0.00716426068816063
0.005178185132477
0.00594097254537776
0.00335544212121666
0.00471306723749371
0.00256892584392835
0.00181499246596683
0.0056525410216845
0.00302498359758711
0.00148154050445057
0.00124100251437441
0.00432598290845756
0.00325509677714722
0.00306712603141623
0.00363917493059247
0.0032415787070729
0.00188187719918079
0.00311772665363555
0.00174716170042269
0.00132549650950999
0.00076060816254017
0.00202464887291667
0
0
0
0
0
0
0
0
0
0
0
0
0
0
0
0
0
0
0
0
0
0
0
0
0
0
0
0
0
0
0
0
0
0
0
0
0
0
0
0
0
0
0
0
0
0
0
0
0
0
0
0
0
0
0
0
0
0
0
0
0
0
0
0
0
0
0
0
0
0
0
0
0
0
0
0
0
0
0
0
0
0
0
0
0
0
0
0
0
0
0
0
0
0
0
0
0
0
0
0
0
0
0
0
0
0
0
0
0
0
0
0
0
0
0
0
0
0
0
0
0
0
0
0
0.0562103049457124
0.0152524708158636
0.00921696004667503
0.00644487114041592
0.00732148955438402
0.00528295809508067
0.0060761201120346
0.0034738752602363
0.00487818955534844
0.00260967346648052
0.00181460112085127
0.00580577361690568
0.0031227685496339
0.00150447690266273
0.00127795243913271
0.00450875615273894
0.00341709212922447
0.00320761593148774
0.00381118732085717
0.0034208141954414
0.00198063713925628
0.00335091136227911
0.00190202926812505
0.00147583813719123
0.000855020906097295
0.00249589257770729
0
0
0
0
0
0
0
0
0
0
0
0
0
0
0
0
0
0
0
0
0
0
0
0
0
0
0
0
0
0
0
0
0
0
0
0
0
0
0
0
0
0
0
0
0
0
0
0
0
0
0
0
0
0
0
0
0
0
0
0
0
0
0
0
0
0
0
0
0
0
0
0
0
0
0
0
0
0
0
0
0
0
0
0
0
0
0
0
0
0
0
0
0
0
0
0
0
0
0
0
0
0
0
0
0
0
0
0
0
0
0
0
0
0
0
0
0
0
0
0
0
0
0
0
0.0570333155889524
0.0154522248773278
0.00929346226644144
0.00645162538882091
0.00744668098479633
0.00540391316089332
0.00613913437733357
0.00365261294442158
0.00507389997340255
0.00261801669986335
0.00183933324692421
0.00594808077185117
0.00322518545506637
0.00155371545204923
0.00132561899423678
0.00470966360061996
0.00358398212593709
0.00334230545664905
0.00391824180361225
0.00359398234269063
0.00207881829707959
0.00358410295113813
0.00204825559507459
0.00163185830216971
0.000950402073284722
0.002864818686374
0.000886689561124948
0
0
0
0
0
0
0
0
0
0
0
0
0
0
0
0
0
0
0
0
0
0
0
0
0
0
0
0
0
0
0
0
0
0
0
0
0
0
0
0
0
0
0
0
0
0
0
0
0
0
0
0
0
0
0
0
0
0
0
0
0
0
0
0
0
0
0
0
0
0
0
0
0
0
0
0
0
0
0
0
0
0
0
0
0
0
0
0
0
0
0
0
0
0
0
0
0
0
0
0
0
0
0
0
0
0
0
0
0
0
0
0
0
0
0
0
0
0
0
0
0
0
0
0.0577960227047539
0.0156278477847304
0.00936510379480591
0.00645060814532193
0.00758149158034135
0.00553887620036391
0.00622038963390437
0.00380004751820468
0.00522241834591306
0.00261507772863375
0.00186350085540366
0.0061253739116405
0.00335634906404065
0.00163737319323354
0.00140875876281674
0.00492281462019379
0.00374200030447276
0.00347021632466267
0.00404974587270727
0.00377520902567566
0.00217850786651728
0.00381894212923165
0.00219532370470056
0.00178940188893427
0.00103726315350575
0.00324049279273679
0.000985984103292391
0.00120789876760186
0
0
0
0
0
0
0
0
0
0
0
0
0
0
0
0
0
0
0
0
0
0
0
0
0
0
0
0
0
0
0
0
0
0
0
0
0
0
0
0
0
0
0
0
0
0
0
0
0
0
0
0
0
0
0
0
0
0
0
0
0
0
0
0
0
0
0
0
0
0
0
0
0
0
0
0
0
0
0
0
0
0
0
0
0
0
0
0
0
0
0
0
0
0
0
0
0
0
0
0
0
0
0
0
0
0
0
0
0
0
0
0
0
0
0
0
0
0
0
0
0
0
0.0585217527055344
0.0157784042735927
0.00945646052358529
0.00645117908485495
0.00768870632153897
0.00566862608707023
0.00631373704207134
0.00395790547177501
0.00538450174259845
0.00263724303423028
0.00189743770455848
0.00632767355564439
0.00351133819527721
0.00170669089661799
0.0015081295491291
0.00515404921097536
0.00387069753052163
0.00360360085904876
0.00419109628177705
0.00399158740611227
0.00228139158546519
0.00406145758135498
0.00234674303491785
0.00193454287976076
0.00107614078580939
0.00360491678723368
0.00108630085624531
0.0014067146869241
0.000683576599565805
0
0
0
0
0
0
0
0
0
0
0
0
0
0
0
0
0
0
0
0
0
0
0
0
0
0
0
0
0
0
0
0
0
0
0
0
0
0
0
0
0
0
0
0
0
0
0
0
0
0
0
0
0
0
0
0
0
0
0
0
0
0
0
0
0
0
0
0
0
0
0
0
0
0
0
0
0
0
0
0
0
0
0
0
0
0
0
0
0
0
0
0
0
0
0
0
0
0
0
0
0
0
0
0
0
0
0
0
0
0
0
0
0
0
0
0
0
0
0
0
0
0.0592984922902743
0.0159562614848101
0.0095408871956787
0.00646577841828518
0.00782125794457084
0.00579015966427871
0.00640237221535435
0.00413337898230005
0.0055593882157221
0.00264819736600426
0.00193472916679244
0.00654304469634333
0.0036755507541642
0.00177793472733209
0.00159351191319468
0.00538416152231103
0.00400747509588606
0.00374054009446089
0.00434510566269865
0.00422508849692777
0.00240426049266794
0.00429299656476462
0.00249945674065408
0.00208112233568298
0.00110443608270951
0.00395480441920566
0.00119398371610514
0.0016043147581554
0.000802890940044812
0.000945983479635635
0
0
0
0
0
0
0
0
0
0
0
0
0
0
0
0
0
0
0
0
0
0
0
0
0
0
0
0
0
0
0
0
0
0
0
0
0
0
0
0
0
0
0
0
0
0
0
0
0
0
0
0
0
0
0
0
0
0
0
0
0
0
0
0
0
0
0
0
0
0
0
0
0
0
0
0
0
0
0
0
0
0
0
0
0
0
0
0
0
0
0
0
0
0
0
0
0
0
0
0
0
0
0
0
0
0
0
0
0
0
0
0
0
0
0
0
0
0
0
0
0.0600820093863469
0.0161568311197968
0.00964193604456146
0.00650092531443386
0.00794931189609136
0.00591311449335872
0.00645254799457772
0.00426472068455684
0.00572748477486449
0.00265577048277811
0.00195253369732141
0.00678393580960642
0.00385625523554947
0.00184553778658019
0.00168591752140133
0.00562351838124072
0.00415963916736763
0.00390071751583559
0.00450449854477931
0.00447373893774337
0.00253387938700768
0.00453923762048702
0.00262622822662441
0.00222239122592822
0.00113029449283708
0.00429864730233906
0.001293154814225
0.00179773704566957
0.000906652819019451
0.00112071500788892
0
0
0
0
0
0
0
0
0
0
0
0
0
0
0
0
0
0
0
0
0
0
0
0
0
0
0
0
0
0
0
0
0
0
0
0
0
0
0
0
0
0
0
0
0
0
0
0
0
0
0
0
0
0
0
0
0
0
0
0
0
0
0
0
0
0
0
0
0
0
0
0
0
0
0
0
0
0
0
0
0
0
0
0
0
0
0
0
0
0
0
0
0
0
0
0
0
0
0
0
0
0
0
0
0
0
0
0
0
0
0
0
0
0
0
0
0
0
0
0
0.0609037912947843
0.0163643043686378
0.00975896068820543
0.0065486613337307
0.00809610992448872
0.00605965612800821
0.00651766359367797
0.00437906522239492
0.00588194159430719
0.00266082804625474
0.00197323581888763
0.00701819659774413
0.00405338404082694
0.00192396363434154
0.00178220090149996
0.00587377209593982
0.00431345678691569
0.00406924420547924
0.00468764670418794
0.0047297737792773
0.00268008643176786
0.00479513760399163
0.00276950408845423
0.00234296216464625
0.00114411849648774
0.00464245608621945
0.00138996683642736
0.00198267184986762
0.00100403955026563
0.00128596254104991
0.000690182148893292
0
0
0
0
0
0
0
0
0
0
0
0
0
0
0
0
0
0
0
0
0
0
0
0
0
0
0
0
0
0
0
0
0
0
0
0
0
0
0
0
0
0
0
0
0
0
0
0
0
0
0
0
0
0
0
0
0
0
0
0
0
0
0
0
0
0
0
0
0
0
0
0
0
0
0
0
0
0
0
0
0
0
0
0
0
0
0
0
0
0
0
0
0
0
0
0
0
0
0
0
0
0
0
0
0
0
0
0
0
0
0
0
0
0
0
0
0
0
0
0.06157881223806
0.0166214845905374
0.00985884247588104
0.00654990969480287
0.00822145366212333
0.00617383726213531
0.00660946254111044
0.00453766603121601
0.00600537971775527
0.00267828837542218
0.00204225681161715
0.00728291000459081
0.00427888804474375
0.00207354297199454
0.00193898584882482
0.00604198141247474
0.0043796026174157
0.00401653049786744
0.00474386202992191
0.00485679378402627
0.00283017354074208
0.00508312881623092
0.00290665540838194
0.00234112872162397
0.00117811765118337
0.00500013742085974
0.00148676456456156
0.00214465156302611
0.00108032919500062
0.0014304992039548
0.000831582471828847
0.000517433517939901
0
0
0
0
0
0
0
0
0
0
0
0
0
0
0
0
0
0
0
0
0
0
0
0
0
0
0
0
0
0
0
0
0
0
0
0
0
0
0
0
0
0
0
0
0
0
0
0
0
0
0
0
0
0
0
0
0
0
0
0
0
0
0
0
0
0
0
0
0
0
0
0
0
0
0
0
0
0
0
0
0
0
0
0
0
0
0
0
0
0
0
0
0
0
0
0
0
0
0
0
0
0
0
0
0
0
0
0
0
0
0
0
0
0
0
0
0
0
0.0624684069622605
0.0168508910780249
0.0099841707978291
0.00658334672705823
0.00837964677327799
0.0062785290670704
0.0067188069550693
0.00472344230101959
0.00611692712166874
0.00266496789701972
0.00210476936390771
0.00750798164447343
0.00445044652798554
0.00216328885210484
0.00204991215293163
0.00618967357358702
0.00448403608863081
0.004005386314361
0.00483433794753719
0.005030760149572
0.00304496910146484
0.00536117077252326
0.00306223113731121
0.00235273762283546
0.00126416293564566
0.00530991455247216
0.00155397714183408
0.00229123547782991
0.00114621069530833
0.0015588147736992
0.000964346359126957
0.000601169690490798
0.000975841385504977
0
0
0
0
0
0
0
0
0
0
0
0
0
0
0
0
0
0
0
0
0
0
0
0
0
0
0
0
0
0
0
0
0
0
0
0
0
0
0
0
0
0
0
0
0
0
0
0
0
0
0
0
0
0
0
0
0
0
0
0
0
0
0
0
0
0
0
0
0
0
0
0
0
0
0
0
0
0
0
0
0
0
0
0
0
0
0
0
0
0
0
0
0
0
0
0
0
0
0
0
0
0
0
0
0
0
0
0
0
0
0
0
0
0
0
0
0
0.0632111487502482
0.0168621785634844
0.0100264338911168
0.00668339491429064
0.00849483721979298
0.00627242942878695
0.00682749074471687
0.0048466172055604
0.00627031743693664
0.00272837990253176
0.00219435011417593
0.00772243448566445
0.00465635679875568
0.00226281529144093
0.00220472801650608
0.00635044078387348
0.00464500143477389
0.00391124987662004
0.00484885542835657
0.00499996468548729
0.00302088691340399
0.00549388110774422
0.00321528183769345
0.00239576353267553
0.00133407997838722
0.00548707189296126
0.00157462720890176
0.00240085218225903
0.00121157748365847
0.00169710891928214
0.00113859193176751
0.000671119240662223
0.00124665639759363
0
0
0
0
0
0
0
0
0
0
0
0
0
0
0
0
0
0
0
0
0
0
0
0
0
0
0
0
0
0
0
0
0
0
0
0
0
0
0
0
0
0
0
0
0
0
0
0
0
0
0
0
0
0
0
0
0
0
0
0
0
0
0
0
0
0
0
0
0
0
0
0
0
0
0
0
0
0
0
0
0
0
0
0
0
0
0
0
0
0
0
0
0
0
0
0
0
0
0
0
0
0
0
0
0
0
0
0
0
0
0
0
0
0
0
0
0
0.0639891392809546
0.0168219965789532
0.0100137017901668
0.00680891973979136
0.00861722077253328
0.00626993104036089
0.00690199384959959
0.00495604162447275
0.00641087771014228
0.00280819074445298
0.00231911459863643
0.00794483936814974
0.00483329289995694
0.0023772691187454
0.00235482398954267
0.00652116956438431
0.00477426373117593
0.00382716439470984
0.00491823105785526
0.0050429439371954
0.0029945560498454
0.00554488147856573
0.00341330433036976
0.00241410958198682
0.00144279947289362
0.00568351343947554
0.00163525975214563
0.0024667230509531
0.00125011489054294
0.00183201622634391
0.00130987638832717
0.000747474820036793
0.00152421006099892
0.00092345628936266
0
0
0
0
0
0
0
0
0
0
0
0
0
0
0
0
0
0
0
0
0
0
0
0
0
0
0
0
0
0
0
0
0
0
0
0
0
0
0
0
0
0
0
0
0
0
0
0
0
0
0
0
0
0
0
0
0
0
0
0
0
0
0
0
0
0
0
0
0
0
0
0
0
0
0
0
0
0
0
0
0
0
0
0
0
0
0
0
0
0
0
0
0
0
0
0
0
0
0
0
0
0
0
0
0
0
0
0
0
0
0
0
0
0
0
0
0.0648190407852124
0.0168290580274899
0.0100142638002609
0.00688167834525096
0.00873042258158859
0.00629038725304144
0.0069722536222299
0.00507872834683778
0.00655677065908548
0.00289886034436688
0.00243921589661452
0.00818491613261324
0.00497284384423482
0.00245419443954461
0.00250736876596222
0.00669547089563793
0.0048890508872395
0.00375430038681588
0.00501339215505163
0.00509399127862858
0.00298149286005233
0.00557684126523585
0.00360867421116335
0.00244765982165039
0.00154785164530864
0.00589116251402361
0.00169459260864401
0.00253474631152508
0.00128035463528008
0.00196802136634691
0.00148056696792575
0.000814980201179946
0.0017969417606263
0.00118606081272789
0.00105730461231272
0
0
0
0
0
0
0
0
0
0
0
0
0
0
0
0
0
0
0
0
0
0
0
0
0
0
0
0
0
0
0
0
0
0
0
0
0
0
0
0
0
0
0
0
0
0
0
0
0
0
0
0
0
0
0
0
0
0
0
0
0
0
0
0
0
0
0
0
0
0
0
0
0
0
0
0
0
0
0
0
0
0
0
0
0
0
0
0
0
0
0
0
0
0
0
0
0
0
0
0
0
0
0
0
0
0
0
0
0
0
0
0
0
0
0
0.0657018553627287
0.0168698558962848
0.0100291464149173
0.00695298871702697
0.00883471220656332
0.00631128571377477
0.00704654267152674
0.00520520791145962
0.00670393557287102
0.00300669264351549
0.00256149082716451
0.00845704856581784
0.00514981501578269
0.0025322391689808
0.00267543900372759
0.00689983602377684
0.00503466039070719
0.00369374892341873
0.00511422597707112
0.00514715047689191
0.00298537757349739
0.00561083671709309
0.00379696909009785
0.00249061094647304
0.00164239582568605
0.00610310570112941
0.00173894388789085
0.00259485127513258
0.00130718429939205
0.00211132436691558
0.00165965844846971
0.000889911514785795
0.00206031780092247
0.00143223649647748
0.00128700521945854
0.000581259860275669
0
0
0
0
0
0
0
0
0
0
0
0
0
0
0
0
0
0
0
0
0
0
0
0
0
0
0
0
0
0
0
0
0
0
0
0
0
0
0
0
0
0
0
0
0
0
0
0
0
0
0
0
0
0
0
0
0
0
0
0
0
0
0
0
0
0
0
0
0
0
0
0
0
0
0
0
0
0
0
0
0
0
0
0
0
0
0
0
0
0
0
0
0
0
0
0
0
0
0
0
0
0
0
0
0
0
0
0
0
0
0
0
0
0
0.0666071022711165
0.0169359443499005
0.0100673328021725
0.00702185468492614
0.00894249213524138
0.00633439548961172
0.00712572339565381
0.00533765701085733
0.00684626059112318
0.00313331385575947
0.00269081123012317
0.00867268569267246
0.00529831571855139
0.00262188450270721
0.00282872042786109
0.00712423927034262
0.00522225056221944
0.00367371462425127
0.00520285551736391
0.00516704696915794
0.00300098125279909
0.00566524246753488
0.00399978011433908
0.00254038049055834
0.00177035450982201
0.00633908026542174
0.00179801539332652
0.00265750892494323
0.00133140204355168
0.00227036620409336
0.00182958376429011
0.000964152142804436
0.00233123741486515
0.00166732667112807
0.001507345457781
0.000701336951891411
0.000510204522456418
0
0
0
0
0
0
0
0
0
0
0
0
0
0
0
0
0
0
0
0
0
0
0
0
0
0
0
0
0
0
0
0
0
0
0
0
0
0
0
0
0
0
0
0
0
0
0
0
0
0
0
0
0
0
0
0
0
0
0
0
0
0
0
0
0
0
0
0
0
0
0
0
0
0
0
0
0
0
0
0
0
0
0
0
0
0
0
0
0
0
0
0
0
0
0
0
0
0
0
0
0
0
0
0
0
0
0
0
0
0
0
0
0
0.0674884601359128
0.0169932118021351
0.0100787029881447
0.00708239071378359
0.00899853928225569
0.00638429442035529
0.00716796560985263
0.00540305879195652
0.00699822346256221
0.00326617060734128
0.00283306571364039
0.00879962525953376
0.00542974065092334
0.00267915301249104
0.00294281427651431
0.00725892754132001
0.00537190322613326
0.00367470769769732
0.00530520036278765
0.00521046731337975
0.00307886013105487
0.00575063778132264
0.00421649722283602
0.00260931953825993
0.00186018912963273
0.00659345329216331
0.00188396503083881
0.0026777092556299
0.00137614215040998
0.00243699276610445
0.0020185769724921
0.00103675034623823
0.00261986647559809
0.00190194139749515
0.00170804223149749
0.000758344964526143
0.000596492456829644
-4.81657414307931e-05
0.000299507663072249
0.0001093921631716
0.000137996063024356
0
0
0
0
0
0
0
0
0
0
0
0
0
0
0
0
0
0
0
0
0
0
0
0
0
0
0
0
0
0
0
0
0
0
0
0
0
0
0
0
0
0
0
0
0
0
0
0
0
0
0
0
0
0
0
0
0
0
0
0
0
0
0
0
0
0
0
0
0
0
0
0
0
0
0
0
0
0
0
0
0
0
0
0
0
0
0
0
0
0
0
0
0
0
0
0
0
0
0
0
0
0
0
0
0
0
0
0
0
0.0684234121646871
0.0170396511446623
0.0101021067390688
0.007159139382946
0.00906844038104939
0.00639156767245717
0.00722640392808868
0.00549860506186722
0.00709924440592299
0.00339751036231364
0.00298719750779932
0.00892951330224599
0.00548773395554183
0.00271553481730358
0.00306805013431745
0.00737539373005954
0.00546194058386801
0.00368253670878979
0.00545495605167387
0.00526169146364477
0.0031725963454473
0.0058725338282309
0.00445326032096885
0.00269118621999397
0.00198263624101089
0.00682566478217402
0.00198073263700834
0.00272346019822521
0.0013886951804452
0.00261580943359112
0.00220643849036664
0.0011123056825837
0.00292867278578662
0.00215074132941823
0.00191163234131605
0.000794155611930814
0.000606438709648187
-0.000106890629500798
0.000432216546259784
0.000191391968619978
0.000289052256246922
0.000130677792767572
0.000242869157535236
0
0
0
0
0
0
0
0
0
0
0
0
0
0
0
0
0
0
0
0
0
0
0
0
0
0
0
0
0
0
0
0
0
0
0
0
0
0
0
0
0
0
0
0
0
0
0
0
0
0
0
0
0
0
0
0
0
0
0
0
0
0
0
0
0
0
0
0
0
0
0
0
0
0
0
0
0
0
0
0
0
0
0
0
0
0
0
0
0
0
0
0
0
0
0
0
0
0
0
0
0
0
0
0
0
0
0
0.0693867330521442
0.0171546515230806
0.0101334884326601
0.00722604279340221
0.00915559866996375
0.00639977453179783
0.00725787231453523
0.00558472693838817
0.00716903327385177
0.00354378366165494
0.00318422689966185
0.00908944342126875
0.00558590008900562
0.0027945535220693
0.00320657501133112
0.00753318517161581
0.00558554716248907
0.00368632997801741
0.00558944481140849
0.00534221440909019
0.00327694387495211
0.00597525587575646
0.00473359499399697
0.00278487708715143
0.00208482808747058
0.00705447583120695
0.00205797403637998
0.00275281816895492
0.00138875455699224
0.00280649332678204
0.00240441085720253
0.00119098049455609
0.00323938215575417
0.00239177154837139
0.00211481129568007
0.000830073095214958
0.000603820782218162
-0.000192664659319712
0.00055854460090662
0.000276185063628326
0.000408404940242596
0.000155817349592858
0.000402755044692513
0.000347319739590921
0
0
0
0
0
0
0
0
0
0
0
0
0
0
0
0
0
0
0
0
0
0
0
0
0
0
0
0
0
0
0
0
0
0
0
0
0
0
0
0
0
0
0
0
0
0
0
0
0
0
0
0
0
0
0
0
0
0
0
0
0
0
0
0
0
0
0
0
0
0
0
0
0
0
0
0
0
0
0
0
0
0
0
0
0
0
0
0
0
0
0
0
0
0
0
0
0
0
0
0
0
0
0
0
0
0
0.0703991212930325
0.0173094438604821
0.0101998898742299
0.00728866399600301
0.00922662242066643
0.00640907127378196
0.00728083003958377
0.00566447863196098
0.00725407236980649
0.00359753024401812
0.00338946852260453
0.00927669365240514
0.00568456886111768
0.00287520559583907
0.00334820754803486
0.00772030219848932
0.00570950076075582
0.00366507441101872
0.00566736563265697
0.00537129558202181
0.00337286494127415
0.00608345593158944
0.00499959283890536
0.00292656457701458
0.00220021721137505
0.00727195883229398
0.00213236243304154
0.0027690110495422
0.00138845547771246
0.00301062790721431
0.00260697669327722
0.00127497340636322
0.00354530488470082
0.00260978947882058
0.00229684413188021
0.000869073290647655
0.000603750034967678
-0.000284288768095506
0.000665598394107179
0.000366994190054366
0.000542399660802876
0.000169523242931986
0.000586968654045871
0.000554085303794935
0.000318447202801885
0
0
0
0
0
0
0
0
0
0
0
0
0
0
0
0
0
0
0
0
0
0
0
0
0
0
0
0
0
0
0
0
0
0
0
0
0
0
0
0
0
0
0
0
0
0
0
0
0
0
0
0
0
0
0
0
0
0
0
0
0
0
0
0
0
0
0
0
0
0
0
0
0
0
0
0
0
0
0
0
0
0
0
0
0
0
0
0
0
0
0
0
0
0
0
0
0
0
0
0
0
0
0
0
0
0.0714440387723219
0.0175144991186018
0.0103139271498477
0.00734974006020088
0.00933698928524711
0.00642272413316917
0.00728872044278293
0.00576245757492576
0.00732585349245661
0.00362768883702322
0.00360182658321214
0.009452241172521
0.00581830175029069
0.00298292952614774
0.00349908714815355
0.00790499292102456
0.00585940821514564
0.00368598516183828
0.0057621854440214
0.00533539780790195
0.00347460484895651
0.00620488495854587
0.0052464615105662
0.00308211869099367
0.00234462899838063
0.00748568163810469
0.00220003965514476
0.00279397213907937
0.00136114565034499
0.00321028521280726
0.00282705266915
0.00135702718672671
0.00385439930387022
0.00282848834998147
0.00246306947147182
0.000918813930674726
0.000614567368834586
-0.000381598630080193
0.000756432271849151
0.000432990455651826
0.00067276713037344
0.00021815766618315
0.000788418788205857
0.000771125109709781
0.000470837109706584
-5.61712003017575e-05
0.000220863391540211
0
0
0
0
0
0
0
0
0
0
0
0
0
0
0
0
0
0
0
0
0
0
0
0
0
0
0
0
0
0
0
0
0
0
0
0
0
0
0
0
0
0
0
0
0
0
0
0
0
0
0
0
0
0
0
0
0
0
0
0
0
0
0
0
0
0
0
0
0
0
0
0
0
0
0
0
0
0
0
0
0
0
0
0
0
0
0
0
0
0
0
0
0
0
0
0
0
0
0
0
0
0
0
0.0725575444808638
0.0177308701167023
0.0104367964697342
0.00738782330207647
0.00941337746289153
0.00644521166696714
0.00730868288986933
0.00584192376776859
0.00741817757738097
0.00368327412708484
0.00385820809636847
0.0096437099627871
0.0059442707388987
0.00312171389287967
0.0036637033046218
0.00810336173110563
0.00599779222510639
0.00372976987088314
0.00584940231035765
0.00524298358330583
0.0034639431203107
0.00632582729838858
0.00551662783026189
0.00327189134051567
0.00248578962326565
0.00773302530792239
0.00226143612452422
0.00284550380032218
0.00136506266060586
0.0034148752492267
0.00308663002188776
0.00145830541792646
0.00416138417226632
0.00306251819321825
0.00263271466212049
0.000978520916453517
0.000637216089978556
-0.000465336936575094
0.000855614136512661
0.000495588263221302
0.000777269841048227
0.000257095652195125
0.000994361081037735
0.000991310651949669
0.00063406635808687
-6.62110341432859e-05
0.000375129171908514
0.00052155142420076
0
0
0
0
0
0
0
0
0
0
0
0
0
0
0
0
0
0
0
0
0
0
0
0
0
0
0
0
0
0
0
0
0
0
0
0
0
0
0
0
0
0
0
0
0
0
0
0
0
0
0
0
0
0
0
0
0
0
0
0
0
0
0
0
0
0
0
0
0
0
0
0
0
0
0
0
0
0
0
0
0
0
0
0
0
0
0
0
0
0
0
0
0
0
0
0
0
0
0
0
0
0
0.073738835587378
0.0179678736227338
0.0105684115598122
0.0074320816326022
0.00949395981340635
0.00648242586270027
0.00733176879137228
0.00591350992723813
0.00750808796295358
0.00374232614482745
0.0041672591993377
0.00990012512391391
0.00612894292504413
0.00328846267950501
0.00383409452458416
0.00830587392770259
0.00614719381202417
0.00379609056835757
0.00593422691343701
0.00515185165369521
0.00343653925131956
0.00642624252694082
0.00576359212897048
0.00343516962947348
0.00260146269589513
0.00795565346530774
0.00230987834839779
0.00288711921542498
0.00136061675673603
0.00361453159222508
0.00336553156666262
0.00157936507807895
0.00449115212841301
0.00330592447082537
0.00279817617127204
0.00103125310719566
0.000687370318664493
-0.00055258004156533
0.000949565972449987
0.000552976872568754
0.000882731545540615
0.000296344203010482
0.00120211991373018
0.00122551515103424
0.000800816163166497
-6.64866449469074e-05
0.000534323701202865
0.000781552198664337
0
0
0
0
0
0
0
0
0
0
0
0
0
0
0
0
0
0
0
0
0
0
0
0
0
0
0
0
0
0
0
0
0
0
0
0
0
0
0
0
0
0
0
0
0
0
0
0
0
0
0
0
0
0
0
0
0
0
0
0
0
0
0
0
0
0
0
0
0
0
0
0
0
0
0
0
0
0
0
0
0
0
0
0
0
0
0
0
0
0
0
0
0
0
0
0
0
0
0
0
0
0
0.0750213544120618
0.0182399211055918
0.0107172965114785
0.00748132079808631
0.00955219774721125
0.006507178590848
0.00736078918891366
0.00599528666588075
0.0075878235476445
0.00378752443054247
0.00448215321703971
0.0102051377256458
0.00635513217915435
0.00350096488884906
0.0039972351378222
0.00853252111172583
0.00629012041860396
0.00391196816842537
0.00607034871382012
0.0050661063249052
0.00341620142352908
0.00651948121402848
0.0059855636226627
0.00358436855718398
0.00272281073302544
0.00819079560164705
0.0023279927489467
0.00291209997090996
0.00133847552672118
0.00381648389517919
0.00362515600315664
0.00169053539409247
0.00481973218485126
0.00354986218946693
0.00296568974873976
0.00108206844187151
0.000747220328803135
-0.000611046311009154
0.00102119251898153
0.000603662186998363
0.000994205982263905
0.000337324057621242
0.00140188454752833
0.00146420503979344
0.000968232630566372
-5.55570034213361e-05
0.000700055183179965
0.00103664950615894
0.00105182275067497
0
0
0
0
0
0
0
0
0
0
0
0
0
0
0
0
0
0
0
0
0
0
0
0
0
0
0
0
0
0
0
0
0
0
0
0
0
0
0
0
0
0
0
0
0
0
0
0
0
0
0
0
0
0
0
0
0
0
0
0
0
0
0
0
0
0
0
0
0
0
0
0
0
0
0
0
0
0
0
0
0
0
0
0
0
0
0
0
0
0
0
0
0
0
0
0
0
0
0
0
0
0.0764778581242972
0.0185340669129454
0.0107893497177416
0.00752433731026119
0.00962978309798956
0.00652750941704491
0.0073633882760006
0.00598381106767738
0.00768768911444435
0.00384684304518682
0.00476196693624514
0.0105448612269529
0.00660530787716565
0.00373999836028197
0.00421333533359524
0.00868843001514186
0.00644336912167818
0.00404425880003364
0.00624796037117155
0.00493117367477243
0.00340064011416842
0.00660265285025151
0.00620859749535668
0.00364088679317086
0.00283011352263272
0.00845159014188349
0.00232913352805317
0.00294534322259934
0.00134459487149995
0.00402360573724599
0.00390526390638903
0.00179647221764326
0.00510024328076955
0.00382012510291679
0.00315260932522862
0.00109750128626313
0.000815880263746111
-0.00065630416216342
0.00112871865881247
0.000671842056535404
0.00112606948776997
0.000373056921231851
0.00157684072514242
0.00164215807234821
0.0011085167045283
-5.41161180697699e-05
0.000829939212284888
0.00125429443918148
0.00127367907672792
0
0
0
0
0
0
0
0
0
0
0
0
0
0
0
0
0
0
0
0
0
0
0
0
0
0
0
0
0
0
0
0
0
0
0
0
0
0
0
0
0
0
0
0
0
0
0
0
0
0
0
0
0
0
0
0
0
0
0
0
0
0
0
0
0
0
0
0
0
0
0
0
0
0
0
0
0
0
0
0
0
0
0
0
0
0
0
0
0
0
0
0
0
0
0
0
0
0
0
0
0
0.077857948687565
0.0188035596617981
0.0108503106023299
0.00752345604820502
0.00965568424867647
0.0065700365325506
0.00740643474649395
0.00599096928160725
0.0077636145077158
0.00393170351623764
0.00504652618464387
0.0108523185548097
0.00684835035355085
0.00400921246470439
0.00442423097898217
0.00891713120002865
0.00653124141594896
0.00419906159739116
0.00645879931827532
0.00479430704574743
0.00335193489251641
0.00666474997765804
0.00642765569305076
0.00368406403095196
0.00288186079405119
0.00870069080560468
0.00234810708859293
0.00296268485452778
0.00134168849659252
0.00422190675108007
0.00417464803596804
0.00195385892898363
0.00544821590360479
0.00406688678991349
0.00332634829488668
0.00117945442948205
0.000867953228810106
-0.00065852421943137
0.00126612207752364
0.000772290256971053
0.00123512252617012
0.000393819486970288
0.00175477980644175
0.00175862289743667
0.00119592661856912
-6.30879876474322e-05
0.00096797982017802
0.00144572251451434
0.00146484802221959
0.00268192977765211
0
0
0
0
0
0
0
0
0
0
0
0
0
0
0
0
0
0
0
0
0
0
0
0
0
0
0
0
0
0
0
0
0
0
0
0
0
0
0
0
0
0
0
0
0
0
0
0
0
0
0
0
0
0
0
0
0
0
0
0
0
0
0
0
0
0
0
0
0
0
0
0
0
0
0
0
0
0
0
0
0
0
0
0
0
0
0
0
0
0
0
0
0
0
0
0
0
0
0
0
0.0793021137760633
0.0190553107424046
0.0109618586431303
0.0075222804209804
0.0096592604306058
0.0065711262629773
0.00743459021168157
0.00599511126113873
0.00784840887576417
0.00397374379956258
0.00536012432343008
0.0111923815762279
0.00709303059065142
0.00428993502664225
0.00465602400977295
0.00916557113969977
0.00663812113964954
0.00433996098481591
0.00665997431728592
0.00465506620490627
0.00333035351024866
0.0067350751801469
0.00663913144591992
0.00371538566269749
0.00289990329665828
0.00889673368812656
0.00235609653896968
0.00300048841023605
0.0013465845013411
0.00442885213311364
0.00447973626076303
0.00212203535529737
0.00579725460128326
0.00429644040514257
0.00347815772520749
0.00128161500865118
0.000949096000667779
-0.000656283591344834
0.00143734598471424
0.000882683080639828
0.00136341070099412
0.00043196990714497
0.00195202979270529
0.00188173269553139
0.00124882792727706
-0.000107675424847842
0.00109192194162071
0.00163234442111954
0.00161500361754844
0.00320033942794733
0
0
0
0
0
0
0
0
0
0
0
0
0
0
0
0
0
0
0
0
0
0
0
0
0
0
0
0
0
0
0
0
0
0
0
0
0
0
0
0
0
0
0
0
0
0
0
0
0
0
0
0
0
0
0
0
0
0
0
0
0
0
0
0
0
0
0
0
0
0
0
0
0
0
0
0
0
0
0
0
0
0
0
0
0
0
0
0
0
0
0
0
0
0
0
0
0
0
0
0
0.0806766262635047
0.0192774261929591
0.0109955170951189
0.0075010432109626
0.00957713720243003
0.00654170257561825
0.00748009496296293
0.00604869235123232
0.00797263575543236
0.00399008479920351
0.00557923127547631
0.0114871107742732
0.00733454327098374
0.00452679800115048
0.00487450416488916
0.00943583337840114
0.00670466107748508
0.00446440483779831
0.00683516231239628
0.00455998285083831
0.0033377311920399
0.00673185100638943
0.00677042890559411
0.00374046253433281
0.00290278861409535
0.00902609171817256
0.00227668622219235
0.00300785884536159
0.00130825354542961
0.00463464343716143
0.00475972978818953
0.00226657770634778
0.00613963926211116
0.00454730581392843
0.0036275115275385
0.00135784746709908
0.00104661899977565
-0.000625556232684206
0.00157202661360275
0.00101747849921685
0.0014748451778632
0.000482588652947466
0.00210582384192391
0.00199443147415913
0.00130620086434452
-0.00017018610433299
0.00117732222802501
0.00176721694761439
0.00173995718835827
0.00365512684094508
0
0
0
0
0
0
0
0
0
0
0
0
0
0
0
0
0
0
0
0
0
0
0
0
0
0
0
0
0
0
0
0
0
0
0
0
0
0
0
0
0
0
0
0
0
0
0
0
0
0
0
0
0
0
0
0
0
0
0
0
0
0
0
0
0
0
0
0
0
0
0
0
0
0
0
0
0
0
0
0
0
0
0
0
0
0
0
0
0
0
0
0
0
0
0
0
0
0
0
0
0.0820594459146324
0.0195106766466179
0.0109546269454955
0.00747312909193706
0.00955481297051716
0.00646967741614993
0.00744412023524062
0.00607976315417731
0.00813869830310606
0.00405491297907046
0.00579668315021594
0.011669056213126
0.00756863358005415
0.00479150353654168
0.00505343255722015
0.00972438297557243
0.00675619830712311
0.0045338492096713
0.00700591769746127
0.0044157366542935
0.00335506599598235
0.0067526682229063
0.00688364652943538
0.00368083819893256
0.00290598796774856
0.00915106484720099
0.00213694867143783
0.00289547597936517
0.0012609799803075
0.00483225804423583
0.00501365936839829
0.00244104008638738
0.00650569672402856
0.00480043869420303
0.00378404693325775
0.00140236653377021
0.00109194670854174
-0.000573432026503757
0.00173005745709431
0.00110731241796751
0.00159998860164946
0.000531936283438163
0.0022770078229444
0.00210908972807228
0.00137247493151979
-0.000239447314931768
0.00124640457762409
0.00183429424814653
0.00182669579782784
0.00410621575399403
0
0
0
0
0
0
0
0
0
0
0
0
0
0
0
0
0
0
0
0
0
0
0
0
0
0
0
0
0
0
0
0
0
0
0
0
0
0
0
0
0
0
0
0
0
0
0
0
0
0
0
0
0
0
0
0
0
0
0
0
0
0
0
0
0
0
0
0
0
0
0
0
0
0
0
0
0
0
0
0
0
0
0
0
0
0
0
0
0
0
0
0
0
0
0
0
0
0
0
0
0.0835416415633368
0.0197620766162947
0.0109557030226275
0.00745212480237729
0.00953308612249112
0.00645695495645475
0.00742976700126013
0.00609003116857735
0.00827981451040296
0.00412185982191858
0.00600533953638248
0.0118295172575021
0.00775797171628578
0.00509821399189244
0.0052481348926112
0.00999601971574241
0.0068286038852247
0.00460933817465856
0.00714495896791015
0.00433412649771502
0.00338350488423259
0.00676659361859708
0.0070190571374041
0.0036541083719208
0.00293424874689562
0.00929724698311097
0.00203202377389409
0.00279382241311356
0.00119748714760057
0.00506243949284493
0.00528623973265458
0.00259822729938488
0.00690561665867772
0.00505337668482988
0.0039510325823444
0.00146125157164423
0.00109989312990765
-0.000533113128030405
0.00189972883043403
0.00121289268109215
0.00171983861501339
0.000602430957177874
0.00244926886675228
0.00225560665354729
0.0014315934325956
-0.000324485593864596
0.00131050619938271
0.00189531575610525
0.00190628318730207
0.00453397448265002
0
0
0
0
0
0
0
0
0
0
0
0
0
0
0
0
0
0
0
0
0
0
0
0
0
0
0
0
0
0
0
0
0
0
0
0
0
0
0
0
0
0
0
0
0
0
0
0
0
0
0
0
0
0
0
0
0
0
0
0
0
0
0
0
0
0
0
0
0
0
0
0
0
0
0
0
0
0
0
0
0
0
0
0
0
0
0
0
0
0
0
0
0
0
0
0
0
0
0
0
0.0851332892296112
0.0199667464655945
0.0109496666847096
0.00736960550773257
0.00934407458086724
0.00640194999142556
0.00744114021287246
0.00606965457946463
0.00834297901525552
0.00419383383143574
0.00625709580941243
0.0120260546178514
0.00795642865917024
0.00532945647569944
0.00543105622818194
0.0102236405669973
0.00683385795742017
0.00469838409167238
0.00730823751686267
0.00431487139297185
0.00344916244225537
0.00671585880644851
0.00719253989606315
0.00363638248277199
0.00291062592667199
0.00935400822158135
0.00194104911974733
0.00267142819618694
0.00110693502774993
0.00517386715992072
0.00553079150074099
0.00276465985465192
0.00730367214242493
0.00529165429971405
0.00413330814650729
0.00149908928232456
0.0011325064042244
-0.00046495095171725
0.00202884389827818
0.00131957641940133
0.00183098663407712
0.000586616990655195
0.00262158906908216
0.00240457328983165
0.00148315027381301
-0.000413691051118763
0.00138245065266017
0.00196017629959644
0.00197295681787709
0.00493981979205546
0
0
0
0
0
0
0
0
0
0
0
0
0
0
0
0
0
0
0
0
0
0
0
0
0
0
0
0
0
0
0
0
0
0
0
0
0
0
0
0
0
0
0
0
0
0
0
0
0
0
0
0
0
0
0
0
0
0
0
0
0
0
0
0
0
0
0
0
0
0
0
0
0
0
0
0
0
0
0
0
0
0
0
0
0
0
0
0
0
0
0
0
0
0
0
0
0
0
0
0
0.086935350478687
0.0203405831073855
0.0108274259440178
0.00735712565478765
0.00927970433454821
0.00634821197667755
0.00750836760755062
0.00614839340085792
0.00846956304074815
0.00417858845400239
0.00643083238705736
0.0121572396314546
0.00812182595112752
0.0055255685731605
0.0055890847709119
0.0104047884768577
0.00680353219222893
0.00474195875790933
0.00747822139651635
0.00434850576884612
0.00364417604315649
0.00654727985608409
0.00738933941095829
0.00367459916879588
0.00287591979022233
0.00946425163225638
0.00187575321300312
0.00253830522020484
0.000915320429096486
0.00517345236934682
0.00551872963631757
0.00279311877340619
0.00768172001293602
0.00553396933669003
0.00423785891447995
0.00158731186943549
0.00119656670344268
-0.000401277248517009
0.00218240256726767
0.00143110314922156
0.00196793893920026
0.000614169262695037
0.00279786453974304
0.00258903530399136
0.00155968013646791
-0.000485230887235298
0.00139035734547259
0.00202289560459678
0.0020440654295904
0.00534084906187364
0
0
0
0
0
0
0
0
0
0
0
0
0
0
0
0
0
0
0
0
0
0
0
0
0
0
0
0
0
0
0
0
0
0
0
0
0
0
0
0
0
0
0
0
0
0
0
0
0
0
0
0
0
0
0
0
0
0
0
0
0
0
0
0
0
0
0
0
0
0
0
0
0
0
0
0
0
0
0
0
0
0
0
0
0
0
0
0
0
0
0
0
0
0
0
0
0
0
0
0
0.0887509077261122
0.0207064041503147
0.0107503975576437
0.00731455668974986
0.00923972848626485
0.00635800434077635
0.00750785030152944
0.00622210827151918
0.00863305489667186
0.00417725984610355
0.00652524707097178
0.0121938683300918
0.00829728480110458
0.00574133054856318
0.00573564325984514
0.0105586210727067
0.00681165474721913
0.00483130819983186
0.00763779027408897
0.00442971605093406
0.00385059636554104
0.00645166620507416
0.00774604298419127
0.00372914738284859
0.00290884607148979
0.00964300259024671
0.00183081560008437
0.00236600406309775
0.000737595124069136
0.00522743835186069
0.00549412518841706
0.00265727347664446
0.00810936402073394
0.0058242902531902
0.0043165783998411
0.00169643008074226
0.00127833263795816
-0.000387892735555794
0.00235942938823843
0.00158127579180129
0.00211293979167663
0.000690761799864915
0.0030241272490452
0.00276607428279808
0.00163074044078736
-0.000562348027674943
0.00142314131402166
0.00211606369532757
0.00213301727541755
0.00574632160175659
0.00245226929403093
0
0
0
0
0
0
0
0
0
0
0
0
0
0
0
0
0
0
0
0
0
0
0
0
0
0
0
0
0
0
0
0
0
0
0
0
0
0
0
0
0
0
0
0
0
0
0
0
0
0
0
0
0
0
0
0
0
0
0
0
0
0
0
0
0
0
0
0
0
0
0
0
0
0
0
0
0
0
0
0
0
0
0
0
0
0
0
0
0
0
0
0
0
0
0
0
0
0
0
0.0907303946677026
0.0212052086825596
0.010764622295158
0.00735104134512352
0.00922825698908665
0.00639749837384052
0.00748719599543536
0.00627084604216324
0.00870431574551649
0.00418168725036567
0.00662291558663545
0.0121837058624746
0.00840967330077234
0.00595099707177353
0.005872711429774
0.0107527317806437
0.0068505312472983
0.00492543180309793
0.00775333944689132
0.00450261048679572
0.0040633351028295
0.00637531157932479
0.0081618125566117
0.00383316624568629
0.00295162585915929
0.009834378681136
0.00179615750376828
0.00221305779373245
0.000582065918574159
0.00529218893461762
0.00552477809691607
0.00258598951746474
0.00855924385809522
0.00608608422019592
0.00439853042693209
0.00177647562883454
0.00134195902127216
-0.000386636936625408
0.00256197261023539
0.00173059522485566
0.00221683844465301
0.000771859375640179
0.00324919363699599
0.00296867054155056
0.00168390664864646
-0.000626411967719122
0.00146307183075608
0.00219605894333619
0.00217582477472349
0.00613395058656493
0.0025625813578903
0
0
0
0
0
0
0
0
0
0
0
0
0
0
0
0
0
0
0
0
0
0
0
0
0
0
0
0
0
0
0
0
0
0
0
0
0
0
0
0
0
0
0
0
0
0
0
0
0
0
0
0
0
0
0
0
0
0
0
0
0
0
0
0
0
0
0
0
0
0
0
0
0
0
0
0
0
0
0
0
0
0
0
0
0
0
0
0
0
0
0
0
0
0
0
0
0
0
0
0.0926768173568067
0.0218394990658552
0.0108876725333821
0.007440465578897
0.00924834985128949
0.00635059546949351
0.00748216471207955
0.00632149999290275
0.00874036469070422
0.0042049052786468
0.00686569214510889
0.0121997499256905
0.00844156528432854
0.00611059647046739
0.00598342239175097
0.0109558863068807
0.00691407670498273
0.00500405247592855
0.00772322669584067
0.00453656219746873
0.00428721914016412
0.00628379718013121
0.00847058072637357
0.00398245298977825
0.00298663177044237
0.00996128296825284
0.00174441550494748
0.00210085584192907
0.000468735892932175
0.0052814166959374
0.00551730759364125
0.00259030553465664
0.00907525762308043
0.00633722329065274
0.0044778953624045
0.0018925813651228
0.00141726711591841
-0.000375466177832723
0.00279723952685282
0.001914923631625
0.00235669720993902
0.00085141840316648
0.00348652302442202
0.00320013603036141
0.00175947936250815
-0.000758803787482581
0.00148683104764497
0.00226949105280249
0.00222921739706964
0.00651798739507399
0.0026902241540549
0
0
0
0
0
0
0
0
0
0
0
0
0
0
0
0
0
0
0
0
0
0
0
0
0
0
0
0
0
0
0
0
0
0
0
0
0
0
0
0
0
0
0
0
0
0
0
0
0
0
0
0
0
0
0
0
0
0
0
0
0
0
0
0
0
0
0
0
0
0
0
0
0
0
0
0
0
0
0
0
0
0
0
0
0
0
0
0
0
0
0
0
0
0
0
0
0
0
0
0.0945592383628745
0.0224195132576278
0.0110168724213074
0.00756762670407225
0.00938576574322001
0.00635819434367853
0.00739530800939596
0.00635001262348913
0.00880928936710627
0.00424372901801572
0.00714141322147965
0.0122881893946399
0.00847217244762137
0.00620770385310554
0.00603004185209153
0.0110913254451111
0.00696599812028624
0.00508610669191573
0.00768461621584267
0.00447372372991359
0.00445813596686231
0.00615449654987657
0.00873205982533302
0.00413179274444698
0.00306015778248556
0.00999712899443236
0.00170966822704594
0.00197656831558657
0.000345071271791862
0.00529375888568034
0.00549484426444767
0.00256764975113851
0.00954830280973983
0.00656888356049574
0.00449094100888303
0.00196140357435737
0.0015078592455886
-0.000378756721484797
0.00298196096587151
0.00209926396025774
0.00248918437863861
0.000948990144111039
0.00380876077452647
0.00348281500179048
0.00183604859773567
-0.000823895977427939
0.0015179080983452
0.00237642274863474
0.00231689667328154
0.00694396766480033
0.00277962114178063
0
0
0
0
0
0
0
0
0
0
0
0
0
0
0
0
0
0
0
0
0
0
0
0
0
0
0
0
0
0
0
0
0
0
0
0
0
0
0
0
0
0
0
0
0
0
0
0
0
0
0
0
0
0
0
0
0
0
0
0
0
0
0
0
0
0
0
0
0
0
0
0
0
0
0
0
0
0
0
0
0
0
0
0
0
0
0
0
0
0
0
0
0
0
0
0
0
0
0
0.0961714242728066
0.0228559584535967
0.0109484175016301
0.00766524117592114
0.00951011632230356
0.00650680789839786
0.00746336981815427
0.00636931656754524
0.00904326680996525
0.00441219828033253
0.00750309045687565
0.012494686010245
0.00863035725451462
0.00637641602456045
0.0060769794159594
0.0111727660441606
0.00690058741999241
0.00510753513632073
0.00760943719940693
0.00440378955879978
0.00460904660968186
0.00607671333896435
0.00898287144049993
0.00426925510151697
0.00313875095000266
0.0101260518393033
0.00177703787370594
0.00185005186222156
0.000184419131440252
0.00527406465021785
0.00548054608033399
0.00250653387311961
0.00993833513530935
0.00674118531820702
0.00446287802346994
0.0019895948880558
0.00166157543423394
-0.000311780627532812
0.00315918651913073
0.00229582396996638
0.00264394318844422
0.000978682849735169
0.00410744562853149
0.00382144061225438
0.00196412952435226
-0.000876580037350261
0.00154629399174375
0.0025124239046622
0.0024338755247115
0.00741485567421569
0.00292188746376679
0.00246661555308515
0
0
0
0
0
0
0
0
0
0
0
0
0
0
0
0
0
0
0
0
0
0
0
0
0
0
0
0
0
0
0
0
0
0
0
0
0
0
0
0
0
0
0
0
0
0
0
0
0
0
0
0
0
0
0
0
0
0
0
0
0
0
0
0
0
0
0
0
0
0
0
0
0
0
0
0
0
0
0
0
0
0
0
0
0
0
0
0
0
0
0
0
0
0
0
0
0
0
0.0977291894340786
0.0233611691120981
0.010872381604751
0.00768415594188747
0.00971074912934649
0.00662259563149445
0.00745367731465599
0.00625312293259209
0.00913642158907695
0.00459327018251597
0.00777474029500302
0.0126688385762526
0.00872031571548904
0.00656823371288308
0.00604532943728209
0.0112474960372411
0.00679581250395694
0.00513574272462955
0.00758470731797792
0.0043225923334563
0.00475636449666843
0.0058609015874942
0.00921433258567156
0.00443204956517686
0.00318968048245171
0.0101833783394691
0.00193820720992846
0.00183680935698802
2.37884743123901e-05
0.00528660738172631
0.00554586505530613
0.00238111376205978
0.0101904727314579
0.00689521170646731
0.00453654687629329
0.00206110748863425
0.00182900037077232
-0.000253820182365799
0.00330859190998564
0.00245639647067671
0.00281422346200821
0.0010474907451898
0.00444097961717973
0.00417382417142714
0.00208737867587212
-0.000928776930340507
0.00158914749846354
0.00267198709675616
0.0024777420789141
0.00786767333405556
0.00300954725924675
0.00261099789347117
0
0
0
0
0
0
0
0
0
0
0
0
0
0
0
0
0
0
0
0
0
0
0
0
0
0
0
0
0
0
0
0
0
0
0
0
0
0
0
0
0
0
0
0
0
0
0
0
0
0
0
0
0
0
0
0
0
0
0
0
0
0
0
0
0
0
0
0
0
0
0
0
0
0
0
0
0
0
0
0
0
0
0
0
0
0
0
0
0
0
0
0
0
0
0
0
0
0
0.0988303640970532
0.0237157492989929
0.0108743472158196
0.00767472634300524
0.00980669282617154
0.00668973852772892
0.00750632728351763
0.00611477759244834
0.00905479524335026
0.00443876943968472
0.00798894533876461
0.0125937139465215
0.00872052840230786
0.0067571820175215
0.00600496197281877
0.0110832031910489
0.0066499063793662
0.00521398981590725
0.00756394706877784
0.00429573334831681
0.00478876904692127
0.00562372867463832
0.00914850329879971
0.00448516270873009
0.00327748445670107
0.0101657613228328
0.00195367230689322
0.00196451608393452
-2.79522214499287e-05
0.00529048000796258
0.0056627405733258
0.00236936476077644
0.0102147358157687
0.00673204435057997
0.00457136580434053
0.00225805043730581
0.00205192350440264
-0.000174946811174286
0.0034887796741836
0.00258378292740103
0.0030455764845979
0.00116231441815137
0.00483850820041308
0.00461057177699792
0.0022875043728504
-0.000869458736912599
0.00172034734064498
0.00291215638069426
0.00256785468378267
0.00820844071255254
0.00307291667523109
0.00268087223694199
0
0
0
0
0
0
0
0
0
0
0
0
0
0
0
0
0
0
0
0
0
0
0
0
0
0
0
0
0
0
0
0
0
0
0
0
0
0
0
0
0
0
0
0
0
0
0
0
0
0
0
0
0
0
0
0
0
0
0
0
0
0
0
0
0
0
0
0
0
0
0
0
0
0
0
0
0
0
0
0
0
0
0
0
0
0
0
0
0
0
0
0
0
0
0
0
0
0
0.100155002078626
0.0242576360609825
0.010961300218081
0.00769152848650811
0.00985465286611902
0.00673345968957006
0.00757593632008025
0.00599326676119733
0.00902035667600337
0.00438735862000249
0.00819200704495508
0.0125526230858847
0.00879742193130575
0.00691889111142439
0.00598722924578941
0.0109757928932146
0.00656693476255412
0.00524604598893626
0.00748780961998964
0.00423826334361536
0.00482164933452534
0.00540856000872193
0.00907085605967576
0.00451650342149693
0.00334469924259767
0.0101187753542413
0.00195721623137341
0.00205476728226367
-5.42527442565172e-05
0.00532991309341609
0.00577360548681102
0.0023688900121702
0.0102548447592561
0.00663161714784025
0.00460934388111834
0.00243777746910627
0.00226139891374757
-0.000141832515577001
0.00358499696071484
0.00268200365382784
0.00328665551210909
0.00127418244517163
0.00522616781723581
0.00508522186382098
0.00249020356055083
-0.000798341633612828
0.0018755539612849
0.00317215322140236
0.00267456757404055
0.0085753252012109
0.00311200639133545
0.00275820909443017
0.00165842073491806
0
0
0
0
0
0
0
0
0
0
0
0
0
0
0
0
0
0
0
0
0
0
0
0
0
0
0
0
0
0
0
0
0
0
0
0
0
0
0
0
0
0
0
0
0
0
0
0
0
0
0
0
0
0
0
0
0
0
0
0
0
0
0
0
0
0
0
0
0
0
0
0
0
0
0
0
0
0
0
0
0
0
0
0
0
0
0
0
0
0
0
0
0
0
0
0
0
0.10135995005079
0.0248713395231515
0.0111881334990776
0.00782377656359382
0.00997736949816319
0.00673312572164285
0.00763378160031679
0.00586768522558718
0.00885639674223239
0.00428395582055401
0.00840318982042482
0.0125264838873455
0.00891486919327847
0.00715599788349406
0.00592458005165416
0.0109199292527563
0.00654029190979609
0.00530059121385919
0.00738283757820692
0.00418348568681306
0.00489953009699228
0.00523954358279158
0.00903226010433708
0.00450627543894813
0.0034146865340283
0.0100786488236555
0.00192959959859782
0.00213846951623332
-8.89152969395258e-05
0.00533340261453089
0.00594949782508347
0.00237466361960705
0.0103195412210465
0.00654547393782014
0.00468192435964818
0.00260816281055447
0.00244133705433393
-0.000160501054189959
0.00356778369663447
0.00268131947412241
0.00348635138007825
0.0013544529149444
0.00561884950899846
0.0055746973262571
0.00273126475062679
-0.000698536923141808
0.00205486633455621
0.00343614396412445
0.00281507712390014
0.00897991655872667
0.00318543534427452
0.00281653368867763
0.00176320360785576
0
0
0
0
0
0
0
0
0
0
0
0
0
0
0
0
0
0
0
0
0
0
0
0
0
0
0
0
0
0
0
0
0
0
0
0
0
0
0
0
0
0
0
0
0
0
0
0
0
0
0
0
0
0
0
0
0
0
0
0
0
0
0
0
0
0
0
0
0
0
0
0
0
0
0
0
0
0
0
0
0
0
0
0
0
0
0
0
0
0
0
0
0
0
0
0
0
0.102706823347137
0.0255753338208617
0.011624542469366
0.0081563157513011
0.0101536566354659
0.00684127734037856
0.00774129150919125
0.00579189889610374
0.00863221173572388
0.00415866160296191
0.00849924542131036
0.0124804171926187
0.00888607191185513
0.00727994129871012
0.00586403424001219
0.0105076103714322
0.00642609577739711
0.00538474657937004
0.00724316864781976
0.00398782302530405
0.00494889435519328
0.00513486733885393
0.00907466545805763
0.00455857341737954
0.00333922454430578
0.0100470835166874
0.00192378404067142
0.00211963338820018
-0.000114527815627554
0.00531716913813409
0.00611292638343323
0.00250055884589347
0.0102021214485104
0.00648645073924885
0.00477541374411748
0.002753662948821
0.00244494044144324
-0.00019233714467883
0.00344796642354974
0.00259268135616025
0.0034783861729002
0.00137530565322505
0.00601201652397653
0.00600480707627477
0.00296123248127779
-0.000599729757519747
0.0021030474041821
0.0037464965309118
0.00307409610075262
0.00935038024657933
0.00328625942091082
0.00292399217242532
0.00176746866447587
0
0
0
0
0
0
0
0
0
0
0
0
0
0
0
0
0
0
0
0
0
0
0
0
0
0
0
0
0
0
0
0
0
0
0
0
0
0
0
0
0
0
0
0
0
0
0
0
0
0
0
0
0
0
0
0
0
0
0
0
0
0
0
0
0
0
0
0
0
0
0
0
0
0
0
0
0
0
0
0
0
0
0
0
0
0
0
0
0
0
0
0
0
0
0
0
0
0.104065376374038
0.0263687263943931
0.0121262362409492
0.00855879968692213
0.0104483236640294
0.00697400537991626
0.00775659158942842
0.00574165441373449
0.00846770081410379
0.00397607155195395
0.00862365051375706
0.0124257923010577
0.00890188832211944
0.0073848622887609
0.0057910692935319
0.0101315092272616
0.00629345457884083
0.00546248049782042
0.00705342152731808
0.00376657739052963
0.00494365111506068
0.00498715743910382
0.00914035378404126
0.00466235186109142
0.00333535618795597
0.0100213274413951
0.00191556371687382
0.00209723944029449
-0.000154168058073009
0.0052835143777813
0.00621513760111281
0.002470723203523
0.00986112991068666
0.00634113978782102
0.00490144675956716
0.00287758637995566
0.00237524751199268
-0.000248035990550984
0.00329361335805709
0.00248695799868267
0.00347017535103157
0.00136909439687494
0.0063609613110659
0.0064128349880642
0.00317585244254613
-0.000510919166462435
0.00217396604243837
0.00405095578330401
0.00327009417090045
0.00965261365064595
0.00325208495473395
0.00292288207490948
0.0016752133589948
0
0
0
0
0
0
0
0
0
0
0
0
0
0
0
0
0
0
0
0
0
0
0
0
0
0
0
0
0
0
0
0
0
0
0
0
0
0
0
0
0
0
0
0
0
0
0
0
0
0
0
0
0
0
0
0
0
0
0
0
0
0
0
0
0
0
0
0
0
0
0
0
0
0
0
0
0
0
0
0
0
0
0
0
0
0
0
0
0
0
0
0
0
0
0
0
0
0.105221567056547
0.026780174385214
0.0125532525121245
0.00900152493954492
0.0108510837627903
0.00719684079156765
0.00780846485100151
0.00558149384599905
0.00829193758456976
0.00383611073339266
0.00866346056711344
0.0124250235128457
0.00895050832286336
0.00758885341216674
0.00562611367946247
0.00973106597241397
0.00628931825972731
0.00542247274408417
0.00697024953345416
0.00358182868619082
0.00493229020480833
0.00469201448462272
0.00915778584645481
0.00480444366193001
0.00338686505755925
0.00998558783232431
0.00184925543682931
0.00209882477398781
-0.000145509503600001
0.00526085234848668
0.00636137406061295
0.00236163451264921
0.00946053330705554
0.00597188020475012
0.00486986960022269
0.00305244319280316
0.00231317644351057
-0.00036131299312629
0.00303812672310397
0.00232134098011149
0.00342465488309246
0.00134086745495048
0.00653640540005422
0.0067915432655316
0.00342021855462587
-0.000425135592627614
0.00230002686098021
0.0044477952768583
0.00352848305034192
0.00988485777516442
0.00316570108426382
0.00273790737726854
0.00152042336924092
0
0
0
0
0
0
0
0
0
0
0
0
0
0
0
0
0
0
0
0
0
0
0
0
0
0
0
0
0
0
0
0
0
0
0
0
0
0
0
0
0
0
0
0
0
0
0
0
0
0
0
0
0
0
0
0
0
0
0
0
0
0
0
0
0
0
0
0
0
0
0
0
0
0
0
0
0
0
0
0
0
0
0
0
0
0
0
0
0
0
0
0
0
0
0
0
0
0.105801177779251
0.0270044109313978
0.0128860234683002
0.00950846117065057
0.011115456145291
0.00758580465627647
0.00802045234627947
0.0056114798344465
0.00808932819595524
0.0037317672964817
0.00865828574644337
0.0123289871681134
0.00883373795406514
0.00764273575148509
0.00548057914748028
0.00921651745117683
0.00628937943466768
0.00549117989562329
0.0068254816012698
0.00342595443125193
0.00505352671963649
0.00445870355882902
0.00901968487260551
0.00485243329102948
0.00339489423142836
0.00992246091210388
0.00170160826941822
0.00198613488204608
-9.3847077368283e-05
0.00525248675700477
0.00641941223262743
0.0023280186785932
0.00914474950309154
0.00575120200887557
0.00497407650208155
0.00326262208900836
0.0023883422961954
-0.000448227689874182
0.00284663840926906
0.00212086025657863
0.00349439929446776
0.00134850743936342
0.00658915562288744
0.00682760361552913
0.0036749908842829
-0.00028436994467107
0.00246504027226534
0.00479939806758692
0.00385340968455361
0.0100296035686494
0.00312885081553987
0.0027025483161864
0.00137677314593245
0.000247069895289938
0.00024966478928199
0
0
0
0
0
0
0
0
0
0
0
0
0
0
0
0
0
0
0
0
0
0
0
0
0
0
0
0
0
0
0
0
0
0
0
0
0
0
0
0
0
0
0
0
0
0
0
0
0
0
0
0
0
0
0
0
0
0
0
0
0
0
0
0
0
0
0
0
0
0
0
0
0
0
0
0
0
0
0
0
0
0
0
0
0
0
0
0
0
0
0
0
0
0
0
0.106372139752862
0.0269979818699278
0.0131411068625562
0.0100023271187019
0.0114152767708892
0.00793647233903956
0.00826790586893158
0.00576376372354699
0.00801458105125664
0.00358278593441454
0.00857789921474114
0.0122556791869772
0.00880235042230165
0.00771685105229151
0.00536080603847531
0.00877169809238239
0.00626471815752498
0.00558049876784523
0.00672750225509011
0.00332008698766999
0.00521484885636922
0.00426120157870291
0.00887931304220804
0.0048607771255917
0.00331823092726271
0.00985855389462301
0.00158146822342448
0.00191722641672968
-3.33742314209218e-07
0.00526626696243307
0.00650290356138693
0.00233484580082802
0.00889293470878211
0.00556735647315089
0.00507381889864149
0.00336573649470654
0.00247562635919306
-0.00043473499320851
0.00266869025192937
0.00192836555063983
0.00361760794921611
0.00136447516757626
0.00669598663592655
0.00683360942593108
0.0037676509461471
-0.000182290397007677
0.00259968793766541
0.0051543230166251
0.00413819905955715
0.0102292438617648
0.00310691512814473
0.00267993975901343
0.00127548357950335
0.000134320110103462
0.000338338373847258
8.93226602663858e-05
-0.000247511424665678
-7.32333415509747e-06
0
0
0
0
0
0
0
0
0
0
0
0
0
0
0
0
0
0
0
0
0
0
0
0
0
0
0
0
0
0
0
0
0
0
0
0
0
0
0
0
0
0
0
0
0
0
0
0
0
0
0
0
0
0
0
0
0
0
0
0
0
0
0
0
0
0
0
0
0
0
0
0
0
0
0
0
0
0
0
0
0
0
0
0
0
0
0
0
0
0
0
0
0.107027439381334
0.0270591016683622
0.0133648074477537
0.0105213031160704
0.011751062894671
0.00834527492300695
0.0085303366675847
0.00592833944654492
0.00796252749012245
0.00344916151668706
0.00829807920028079
0.0121400762505697
0.00869761430331836
0.00786064898782414
0.0052419960040938
0.00835538559340301
0.00632407296607575
0.00569834185311916
0.00669525682782612
0.00326361059795472
0.00543875179735507
0.00414952098410808
0.00883856406666729
0.00482575099131191
0.00319976492234967
0.0096781017055673
0.00144028384852392
0.00184620192664451
9.74483394134521e-05
0.00519808337274867
0.00661370708490966
0.00238228584798828
0.00863496704198004
0.00544063490680774
0.00510913353617152
0.00344361077844026
0.00267815510547858
-0.000380367973114038
0.00261215831619206
0.00177287086292867
0.00380641061083015
0.00146831098985144
0.00680501248054891
0.00684915267307386
0.00393569970142891
-0.000167690423932286
0.00277879564561707
0.00555386712014763
0.00443469038221466
0.0104294788964685
0.00305685104404672
0.00261751858300745
0.00123407872366979
0.00015267235135006
0.000487677704032439
8.4286197213056e-05
-0.000428707518846326
-5.13449043593779e-05
-0.000386214565605988
-0.000432647470135658
0.00015676440230238
0.000314882782156654
0
0
0
0
0
0
0
0
0
0
0
0
0
0
0
0
0
0
0
0
0
0
0
0
0
0
0
0
0
0
0
0
0
0
0
0
0
0
0
0
0
0
0
0
0
0
0
0
0
0
0
0
0
0
0
0
0
0
0
0
0
0
0
0
0
0
0
0
0
0
0
0
0
0
0
0
0
0
0
0
0
0
0
0
0
0
0
0
0.107535329151663
0.0269925227299142
0.0134531678658983
0.0106602707441731
0.0120147149150116
0.00871447793246476
0.00882588312797858
0.00600063486852439
0.00793933693746783
0.00342866249803825
0.00820729998111315
0.0119417988867808
0.00862983717650466
0.00785268423319997
0.00501736084439553
0.00788601460939346
0.0064337329645012
0.00595370007032757
0.00664474072875944
0.00326996082882903
0.00574832531051344
0.00411453733719118
0.00863980731068663
0.00465430778376812
0.00302748608817615
0.00944682396475436
0.00126282467707089
0.00169568610163915
0.000139663594032401
0.00508574005066888
0.0067101649105419
0.00252646107903263
0.0084584972719428
0.00530644084600699
0.00522030455683615
0.00357556596938034
0.00296034817064315
-0.000189975087844468
0.00264800393747305
0.0017234634471017
0.00405386273461479
0.00156735363434492
0.00697831648729406
0.00695931986175286
0.00416849050705666
-0.000248696644026231
0.00282043229931157
0.00597581001012308
0.0047801176557725
0.0106823040788879
0.00305340103223722
0.0026440627226174
0.00115741355546593
0.00015036364374482
0.000694930651407042
0.00013030423724117
-0.000551453161617346
-6.87976536378913e-05
-0.000574020587219674
-0.000668683674587729
0.000309683869297846
0.000603596622607739
0
0
0
0
0
0
0
0
0
0
0
0
0
0
0
0
0
0
0
0
0
0
0
0
0
0
0
0
0
0
0
0
0
0
0
0
0
0
0
0
0
0
0
0
0
0
0
0
0
0
0
0
0
0
0
0
0
0
0
0
0
0
0
0
0
0
0
0
0
0
0
0
0
0
0
0
0
0
0
0
0
0
0
0
0
0
0
0
0.108101738209254
0.0269303863062512
0.0136263998064146
0.010759013495789
0.0121876707035243
0.00907380378644282
0.00914073285133727
0.00606369954496048
0.00788022545983999
0.00343812734985251
0.00825207675128494
0.0118464161381767
0.00854169386735111
0.00787968312675898
0.00479466574846083
0.00746627004814758
0.00661111926534485
0.00624393368836217
0.00664388297991134
0.00329280034241827
0.00608139059541461
0.00414355896554393
0.00846472889333747
0.0044740685012687
0.0028493392147576
0.00920936564708206
0.0010656084389514
0.00152344005666739
0.000169905343423059
0.00496352484515609
0.00684119465063256
0.00264272944951626
0.0083343885919986
0.00520576599781589
0.00533254726737476
0.00375359500440963
0.00327428086955133
9.26689712150703e-06
0.00270041254917862
0.00169143877816091
0.00434724201098556
0.00168146346244852
0.00716641185359951
0.00709451717102261
0.00444108620065502
-0.000276490336122513
0.00284761058510896
0.00634964836841591
0.00515015154123213
0.010945482806223
0.00307294842447732
0.0027065279035957
0.00113584667655145
0.000126502330418182
0.000877227133760806
0.00017952083084748
-0.000661983222794638
-3.80935737309702e-05
-0.000743870492465522
-0.000872431204702914
0.000445784802919395
0.000883253486166183
0.000379574065520481
0
0
0
0
0
0
0
0
0
0
0
0
0
0
0
0
0
0
0
0
0
0
0
0
0
0
0
0
0
0
0
0
0
0
0
0
0
0
0
0
0
0
0
0
0
0
0
0
0
0
0
0
0
0
0
0
0
0
0
0
0
0
0
0
0
0
0
0
0
0
0
0
0
0
0
0
0
0
0
0
0
0
0
0
0
0
0
