Year,Month,Day,Forcing_Precipitation_mm/d,HBV_Snowfall_mm/d,HBV_Rainfall_mm/d,HBV_Snowmelt_mm/d,Observed_Streamflow_mm/d
1979,1,1,0.0252340845763683,0.0252340845763683,0,0,
1979,1,2,0.0282305665314198,0.0266554201413365,0,0,
1979,1,3,0,0.0141630350285148,0,0,
1979,1,4,4.01942852477077e-05,2.74720406128054e-05,0,0,
1979,1,5,7.21398691894137e-06,2.71889397416153e-05,0,0,
1979,1,6,2.63014935626416e-05,1.02974739611683e-05,0,0,
1979,1,7,0.218451276421547,0.109106652788,0,0,
1979,1,8,0.020186048001051,0.118637103939421,0,0,
1979,1,9,0,0.00993769833466934,0,0,
1979,1,10,1.59683551714807e-07,1.19538477727499e-07,0,0,
1979,1,11,0.00219554384239018,0.000438613785456621,0,0,
1979,1,12,0,0.00151341094257301,0,0,
1979,1,13,0,1.34377948816655e-05,0,0,
1979,1,14,0.0632081851363182,0.0308052737961568,0,0,
1979,1,15,1.26496434211731,0.663139589141766,0,0,
1979,1,16,5.99321269989014,3.6284755772129,0,0,
1979,1,17,7.05713033676148,6.50966354296041,0,0,
1979,1,18,8.9811544418335,7.9811890150804,0,0,
1979,1,19,5.05913257598877,6.99268195586858,0,0,
1979,1,20,0.827464401721954,3.01046964760214,0,0,
1979,1,21,2.37253904342651,1.53750046541601,0,0,
1979,1,22,1.10637378692627,1.78381075741948,0,0,
1979,1,23,0.515627264976502,0.819488681330128,0,0,
1979,1,24,2.47671389579773,1.45218228003663,0,0,
1979,1,25,5.24685621261597,3.87845364631404,0,0,
1979,1,26,0.751793205738068,3.03296733719333,0,0,
1979,1,27,0.571629285812378,0.609371892271504,0,0,
1979,1,28,1.31530177593231,0.852233051388573,0,0,
1979,1,29,0.0632044300436974,0.789178903201353,0,0,
1979,1,30,0.258562982082367,0.14427316520743,0,0,
1979,1,31,1.77074360847473,0.933596499760561,0,0,
1979,2,1,5.7513017654419,3.79075994896372,0,0,
1979,2,2,4.55276584625244,5.2586264550273,0,0,
1979,2,3,3.92553329467773,4.22319397361593,0,0,
1979,2,4,2.23653054237366,2.99852028562623,0,0,
1979,2,5,0.456744015216827,1.49261211198454,0,0,
1979,2,6,0.463038623332977,0.459331762353834,0,0,
1979,2,7,0.00817489996552467,0.185841975803292,0,0,
1979,2,8,0.374739855527878,0.209332315590984,0,0,
1979,2,9,0.0905168280005455,0.27206088999457,0,0,
1979,2,10,0,0.0745912304787382,0,0,
1979,2,11,0,0.00554371028260192,0,0,
1979,2,12,0,0.00406075672630379,0,0,
1979,2,13,0.0469471290707588,0.0390365025190107,0,0,
1979,2,14,0.0601614974439144,0.055060302055999,0,0,
1979,2,15,1.42137217521667,0.776833352693714,0,0,
1979,2,16,0.176788941025734,0.616532872850101,0,0,
1979,2,17,0.07875856757164,0.141549708381078,0,0,
1979,2,18,0.067515105009079,0.0777437709392785,0,0,
1979,2,19,0.0984809696674347,0.0787057273529968,0,0,
1979,2,20,0.00108342268504202,0.0226576494490729,0,0,
1979,2,21,0,0.000679784978117937,0,0,
1979,2,22,0.00315792649053037,0.00118664811705571,0,0,
1979,2,23,0,0.00195186725693475,0,0,
1979,2,24,0.0071382587775588,0.002688963569355,0,0,
1979,2,25,0.0368337407708168,0.0181347532827942,0,0,
1979,2,26,0,0.0227417933682546,0,0,
1979,2,27,0.522156476974487,0.270495097581048,0,0,
1979,2,28,0.0374873094260693,0.331587596891623,0,0,
1979,3,1,4.55198574066162,2.26884795939435,0,0,
1979,3,2,12.6699781417847,8.69065580782888,0,0,
1979,3,3,7.11167097091675,10.0841245852709,0,0,
1979,3,4,11.3483390808105,9.15577289569147,0,0,
1979,3,5,3.84028720855713,7.85340711808274,0,0,
1979,3,6,1.24626159667969,2.29056849975186,0,0,
1979,3,7,1.02067124843597,1.13061246045848,0,0,
1979,3,8,1.71708309650421,1.28145419204705,0,0,
1979,3,9,11.1842489242554,6.2391953713155,0,0,
1979,3,10,0.798818528652191,6.06774181747183,0,0,
1979,3,11,1.08432745933533,1.01933525726164,0,0,
1979,3,12,2.25118589401245,1.40439400259156,0,0,
1979,3,13,2.66030216217041,2.40808597618455,0,0,
1979,3,14,2.21541857719421,2.55548329958074,0,0,
1979,3,15,0.0553613603115082,0.996333010474501,0,0,
1979,3,16,0.105910181999207,0.0927742095413464,0,0,
1979,3,17,0.416895627975464,0.235010989019628,0,0,
1979,3,18,1.52972555160522,0.792359439458892,0.179724853364663,0,
1979,3,19,2.49565672874451,0.585138030518465,1.42755304146069,7.2591839076683,
1979,3,20,2.36783289909363,0,2.4329680189861,12.7212184016583,
1979,3,21,0.0307972524315119,0.0153932366152389,1.18433082655718,5.42886625837992,
1979,3,22,0.256073921918869,0.0295501189078493,0.113769184649173,0.862882675224277,
1979,3,23,0.560105621814728,0.149961675338261,0.26940354261318,0.799705810072844,
1979,3,24,0.258082091808319,0.256459439303654,0.151914923100264,0,
1979,3,25,0,0.129856332116788,0,0,
1979,3,26,0.232464402914047,0.116185388555238,0,0,
1979,3,27,2.63113784790039,1.12488931748146,0,0,
1979,3,28,1.35896158218384,2.33032567016423,0,0,
1979,3,29,0.062898613512516,0.659512082003289,0,0,
1979,3,30,0.00515687558799982,0.0264579280039357,0,0,
1979,3,31,0.102016732096672,0.0347215432275334,0,0,
1979,4,1,0.113030545413494,0.0940303744939968,0,0,
1979,4,2,0.00397287169471383,0.0186535148206985,0,0,
1979,4,3,0.0179596692323685,0.00934661804072334,0,0,
1979,4,4,1.1658855676651,0.684838996794753,0,0,
1979,4,5,4.04378652572632,2.56044494866157,0,0,
1979,4,6,0,2.358592986411,0,0,
1979,4,7,3.08922576904297,1.38009340608832,0,-3.5527136788005e-15,
1979,4,8,0.312937200069428,1.51430270700848,0,3.5527136788005e-15,
1979,4,9,0.477602630853653,0.360462238338329,0,0,
1979,4,10,0.0738644152879715,0.42139310041992,0,0,
1979,4,11,0.119377322494984,0.141778361282377,0,0,
1979,4,12,0.0183814689517021,0.104452761459356,0,0,
1979,4,13,0,0.022476516020248,0,0,
1979,4,14,0.0271745529025793,0.0185550379594588,0,0,
1979,4,15,0,0.00939044652579923,0,0,
1979,4,16,0.053768016397953,0.0367461475569826,0,0,
1979,4,17,0.00113299244549125,0.0162761674698686,0,0,
1979,4,18,0.00022575726325158,0.000480679868616107,0,0,
1979,4,19,3.31291332145156e-08,0.000135213632432851,0,0,
1979,4,20,0.00241906451992691,0.00172189684994351,0,0,
1979,4,21,7.94196694187122e-07,0.001209532468323,3.97098278703822e-07,7.85969121588284,
1979,4,22,1.80599954546778e-06,0,1.29215438438024e-06,17.9659321948268,
1979,4,23,0,0,9.0401182450961e-07,22.1907646320013,
1979,4,24,0,0,0,24.8598631685016,
1979,4,25,0.0031097901519388,0,0.00158549260181751,27.1344900768424,
1979,4,26,0,-2.8421709430404e-14,0.00163113567568551,28.7983732879218,
1979,4,27,4.26586893809144e-06,2.8421709430404e-14,2.20051803356824e-06,23.1178522234861,
1979,4,28,3.84489685529843e-05,0,2.0769312030211e-05,0,
1979,4,29,0.00809186417609453,0,0.00388581502585428,0,
1979,4,30,0,0,0.00403344382350479,0,
1979,5,1,0.00509094260632992,0,0.00237249321132982,0,
1979,5,2,0.00514222402125597,0,0.00512318996579886,0,
1979,5,3,0.0348367318511009,0,0.0220104199410214,0,
1979,5,4,0.213597059249878,0,0.107962138242546,0,
1979,5,5,0.258344024419785,0,0.22952346962818,0,
1979,5,6,3.10139322280884,0,1.66796309501354,0,
1979,5,7,0.752053260803223,0,1.95229912935387,0,
1979,5,8,0,0,0.407277079256673,0,
1979,5,9,0.208661451935768,0,0.0870034707997771,0,
1979,5,10,3.20279121398926,0,1.67034446563735,0,
1979,5,11,2.8125524520874,0,3.02384455307414,0,
1979,5,12,1.47871994972229,0,2.09326410386081,0,
1979,5,13,2.19220924377441,0,1.78286760161344,0,
1979,5,14,0,0,1.09366338610535,0,
1979,5,15,4.50649849881302e-07,0,1.27267504979045e-07,0,
1979,5,16,1.23561251163483,0,0.584091697648763,0,
1979,5,17,1.53826355934143,0,1.38976258887603,0,
1979,5,18,0.172685578465462,0,0.785831805112501,0,
1979,5,19,0.914732873439789,0,0.596829840797266,0,
1979,5,20,0.389902681112289,0,0.639306559425268,0,
1979,5,21,0.155302226543427,0,0.30708173264258,0,
1979,5,22,1.47592914104462,0,0.860724003783727,0,
1979,5,23,1.79577434062958,0,1.59846742374567,0,
1979,5,24,0.399213373661041,0,1.18844076326979,0,
1979,5,25,2.53031158447266,0,1.45782064046577,0,
1979,5,26,7.8476152420044,0,5.16431892285227,0,
1979,5,27,4.78699588775635,0,6.23364536989991,0,
1979,5,28,0.365194618701935,0,2.71558695029346,0,
1979,5,29,0,-2.8421709430404e-14,0.230377776178592,0,
1979,5,30,0.00114718708209693,2.8421709430404e-14,0.000695880053228848,0,
1979,5,31,1.01450729370117,0,0.398109749473647,0,
1979,6,1,5.00636100769043,0,3.1725163923267,0,
1979,6,2,2.31018352508545,0,3.6285272460399,0,
1979,6,3,1.28178000450134,0,1.81515566829167,0,
1979,6,4,1.65419507026672,0,1.59086080880369,0,
1979,6,5,2.98615384101868,0,2.47134158427845,0,
1979,6,6,0.857448041439056,0,2.10437819537952,0,
1979,6,7,0.00537585932761431,0,0.542855665382213,0,
1979,6,8,0.00339451804757118,0,0.00424579638789169,0,
1979,6,9,2.62855315208435,0,1.46343694218531,0,
1979,6,10,0.997774124145508,0,1.81528175611921,0,
1979,6,11,3.09761500358582,0,1.89113610334387,0,
1979,6,12,1.17017912864685,0,2.03040845640831,0,
1979,6,13,1.28487861156464,0,1.19276556899574,0,
1979,6,14,5.04267644882202,0,3.30832965627047,0,
1979,6,15,3.27627325057983,0,3.9532528854598,0,
1979,6,16,1.18146288394928,0,2.00856996278743,0,
1979,6,17,0.56395149230957,0,1.03916278824082,0,
1979,6,18,1.23291730880737,0,0.73570181523084,0,
1979,6,19,0.761364996433258,0,1.04153818903031,0,
1979,6,20,4.06293535232544,0,2.20633802977454,0,
1979,6,21,7.62204313278198,0,5.74450547624372,0,
1979,6,22,6.09443235397339,0,6.77466287175066,0,
1979,6,23,6.2662501335144,0,6.16938085929439,0,
1979,6,24,1.30713832378387,0,4.01864963578397,0,
1979,6,25,0,0,0.546804738951906,-2.8421709430404e-14,
1979,6,26,1.02600932121277,0,0.364696939989315,2.8421709430404e-14,
1979,6,27,4.01106834411621,0,2.29048418256393,0,
1979,6,28,5.04277801513672,-2.8421709430404e-14,4.51588949242378,0,
1979,6,29,5.55180644989014,5.6843418860808e-14,5.41994846756113,0,
1979,6,30,4.21106624603272,-2.8421709430404e-14,5.13303809719656,0,
1979,7,1,0.443029135465622,0,2.43889087461918,0,
1979,7,2,2.45303249359131,0,1.54301112979111,0,
1979,7,3,3.78143382072449,0,3.0090530388751,-2.8421709430404e-14,
1979,7,4,11.2666311264038,0,7.2405613061101,2.8421709430404e-14,
1979,7,5,2.77614068984985,0,7.25438193220285,0,
1979,7,6,9.8646354675293,0,5.93011749122681,0,
1979,7,7,7.64828205108643,0,8.70162338756697,0,
1979,7,8,0.169952020049095,0,4.28667494859889,0,
1979,7,9,1.74852871894836,0,1.08495799504149,0,
1979,7,10,1.74372065067291,0,1.74719999064212,0,
1979,7,11,4.96179008483887,0,3.67708160624028,0,
1979,7,12,2.55469751358032,0,3.98337503093757,2.8421709430404e-14,
1979,7,13,8.05222606658936,0,5.2006825712657,-2.8421709430404e-14,
1979,7,14,2.67311573028564,0,5.65117091621528,0,
1979,7,15,0.522952079772949,0,1.68381345283939,0,
1979,7,16,3.48195052146912,0,1.74948835948624,0,
1979,7,17,5.84720849990845,0,4.37996749970819,0,
1979,7,18,1.55448114871979,0,3.80974408969698,0,
1979,7,19,7.64303350448608,0,4.09052127734145,0,
1979,7,20,17.0289192199707,0,11.9960792308131,0,
1979,7,21,3.18848705291748,0,9.75037587913266,0,
1979,7,22,1.94009709358215,0,2.59340672872796,0,
1979,7,23,0.00170507992152125,0,0.54659240657756,0,
1979,7,24,0,0,0.00117514714051481,0,
1979,7,25,0.20421539247036,0,0.046144348095936,0,
1979,7,26,0,0,0.0856101419833806,0,
1979,7,27,0,0,0,0,
1979,7,28,0.398413807153702,0,0.217788916732331,-2.8421709430404e-14,
1979,7,29,0.315230578184128,0,0.381740320015638,2.8421709430404e-14,
1979,7,30,0.4944788813591,0,0.375680460086073,0,
1979,7,31,1.96225142478943,-2.8421709430404e-14,1.40708645885942,0,
1979,8,1,0.653739213943481,2.8421709430404e-14,1.59468617363297,0,
1979,8,2,9.31659126281738,0,5.15547532815796,0,
1979,8,3,4.93629121780396,0,7.60982839266058,0,
1979,8,4,1.30596160888672,0,3.25263124186705,0,
1979,8,5,0.0188425704836845,0,0.36667908135945,0,
1979,8,6,0.186024069786072,0,0.143469750012542,0,
1979,8,7,0,0,0.0810945671457546,0,
1979,8,8,0.000394902453990653,0,8.56846695000968e-05,0,
1979,8,9,0.169841393828392,0,0.0483214745949852,0,
1979,8,10,0.107734270393848,0,0.137807714832945,0,
1979,8,11,0,0,0.0302914040412929,0,
1979,8,12,0,0,0,0,
1979,8,13,0.14458093047142,0,0.0261146639593619,0,
1979,8,14,0.224297150969505,0,0.147472985942102,0,
1979,8,15,0.497198402881622,0,0.276014750466743,0,
1979,8,16,1.62877511978149,0,0.955241563500181,0,
1979,8,17,4.5115213394165,0,2.55565235541138,0,
1979,8,18,0.935433685779572,2.8421709430404e-14,3.17437262788297,0,
1979,8,19,0,-2.8421709430404e-14,0.351614358339788,0,
1979,8,20,0,2.8421709430404e-14,2.8421709430404e-14,0,
1979,8,21,0.146496877074242,-2.8421709430404e-14,0.0263455679067874,0,
1979,8,22,0.0341834798455238,0,0.0746605630612578,0,
1979,8,23,6.30697695669369e-06,0,0.0165394676111816,-2.8421709430404e-14,
1979,8,24,7.38633316359483e-05,0,5.49075654987519e-05,2.8421709430404e-14,
1979,8,25,0.000127661769511178,0,8.53075095506028e-05,0,
1979,8,26,0,0,9.72524556743792e-05,0,
1979,8,27,0.696101009845734,0,0.148084579650771,0,
1979,8,28,0,0,0.398614618042046,2.8421709430404e-14,
1979,8,29,0,0,0,-2.8421709430404e-14,
1979,8,30,2.34131383895874,0,1.0617796463124,0,
1979,8,31,0.123981960117817,0,0.711947911548464,0,
1979,9,1,7.22623062133789,0,3.23297875907718,0,
1979,9,2,10.9922161102295,0,8.79239567275823,0,
1979,9,3,6.80231857299805,0,8.69373054830191,0,
1979,9,4,17.2020168304443,0,12.1812862175061,0,
1979,9,5,6.92274570465088,0,12.3506875721843,0,
1979,9,6,0.323495537042618,0,4.24943696491772,-2.8421709430404e-14,
1979,9,7,0.476053267717362,0,0.430762247995631,2.8421709430404e-14,
1979,9,8,0.0365530923008919,0,0.155357430048468,0,
1979,9,9,0.100803904235363,0,0.0666633068790929,0,
1979,9,10,0,0,0.0301914704048158,0,
1979,9,11,4.75606441497803,0,3.01451908445921,0,
1979,9,12,16.0178489685059,0,10.3777884215531,0,
1979,9,13,12.7798175811768,0,14.186669799537,0,
1979,9,14,1.5792487859726,0,7.03923824396276,0,
1979,9,15,2.49587774276733,0,2.30358608814782,0,
1979,9,16,1.87135577201843,0,2.08528971761956,0,
1979,9,17,0.39069789648056,0,1.13510050278904,0,
1979,9,18,0.0273234434425831,0,0.204695774257345,0,
1979,9,19,0,0,0.0147092435833542,0,
1979,9,20,0.972064852714539,0,0.154142415910826,0,
1979,9,21,0.779666900634766,0,0.803821760814458,0,
1979,9,22,2.61472487449646,0,1.27586701727057,0,
1979,9,23,4.67974758148193,0,3.11647568270348,0,
1979,9,24,5.36168813705444,0,4.82611462457555,0,
1979,9,25,0.420790433883667,0,2.6773359754319,0,
1979,9,26,0.6722452044487,0,0.5779791434407,0,
1979,9,27,0.480583131313324,0,0.601407783481591,0,
1979,9,28,0.0805069580674171,0,0.419123812618523,0,
1979,9,29,0.152154073119164,0,0.153113382362164,0,
1979,9,30,2.62497234344482,0,1.97355089209708,0,
1979,10,1,0.065104141831398,0,1.55294966818752,-2.8421709430404e-14,
1979,10,2,15.7055397033691,0,8.70562517341489,5.6843418860808e-14,
1979,10,3,19.4808349609375,0,17.9115612155867,-2.8421709430404e-14,
1979,10,4,17.4195461273193,0,18.4142386936721,0,
1979,10,5,8.83722972869873,0,13.3203980777453,0,
1979,10,6,0.0204319786280394,0,4.35928201558806,0,
1979,10,7,0.268085807561874,0,0.0937288594972188,0,
1979,10,8,23.2015953063965,0,11.7348282902676,0,
1979,10,9,36.2498512268066,0,29.7257107109859,0,
1979,10,10,1.79755747318268,0,18.8127493830237,0,
1979,10,11,0.639217376708984,0,1.05330838661848,0,
1979,10,12,0.768450319766998,0,0.682733573639894,0,
1979,10,13,0.713697373867035,0,0.728065620018242,0,
1979,10,14,0.0481781922280788,0,0.570301106729403,0,
1979,10,15,0.0283525325357914,0,0.0482536042521247,0,
1979,10,16,3.19592237472534,1.59796009223612,0.0141762759833455,0,
1979,10,17,1.11133360862732,1.5979618176971,0.555666585124868,3.19591825759383,
1979,10,18,0.21110463142395,0.105552961954487,0.555663402251696,0,
1979,10,19,0.556816697120667,0.105552247654487,0.278408528070656,0.211108967136198,
1979,10,20,0.595432758331299,0.297713840060766,0.278410722994693,0,
1979,10,21,0.0178894605487585,0.308070474005234,0,0,
1979,10,22,4.01210117340088,2.01439856243687,0,0,
1979,10,23,12.3710403442383,2.0060507374186,6.18551970738963,4.6262331511974,
1979,10,24,11.6257677078247,0,12.0524224367414,0,
1979,10,25,1.7294225692749,0,7.44970092182928,0,
1979,10,26,0.170441865921021,0.0852191482184992,0.864729393880452,0,
1979,10,27,9.82608985900879,2.59717671476184,2.40108977247951,0,
1979,10,28,1.22915661334991,2.88143506885035,2.66357251735815,0,
1979,10,29,0.56120491027832,0.362496511443936,0.534273633876524,1.68751912190012,
1979,10,30,5.11565542221069,0,2.83514545504283,5.52621754621339,
1979,10,31,2.97391057014465,0,3.78841711520658,0,
1979,11,1,0.00204254244454205,0.00102001726918388,1.488781021617,0,
1979,11,2,0.00102935964241624,0.00152868180512655,0,0,
1979,11,3,0.0436167269945145,0.0223084459700829,0,0,
1979,11,4,0.136257648468018,0.0897968384603303,0,0,
1979,11,5,0.0132789965718985,0.075520652502064,0,0,
1979,11,6,0,0.00699955041889666,0,0,
1979,11,7,0,0,0,0,
1979,11,8,0.076212041079998,0.0386032405365597,0,2.8421709430404e-14,
1979,11,9,0.20906825363636,0.143695542421398,0,-2.8421709430404e-14,
1979,11,10,0.043876625597477,0.127911547336595,0,0,
1979,11,11,0.582486689090729,0.311921078958108,0,0,
1979,11,12,1.85608303546906,1.21529025956249,0,0,
1979,11,13,8.69306087493897,5.28074641044918,0,0,
1979,11,14,19.06662940979,5.56682636995416,8.3130173862063,0.816382633431147,
1979,11,15,5.13939714431763,1.51509387861236,10.7851424723642,1.69538718876254,
1979,11,16,10.7633838653564,0.267015253392998,7.69285539126986,7.24386365315061,
1979,11,17,1.13932466506958,0.569662238776573,5.38169281842545,4.90864739404714,
1979,11,18,3.36058235168457,2.26428893527995,0,0,
1979,11,19,44.9003639221191,24.1544161439509,0,0,
1979,11,20,39.8107032775879,36.4032240163796,5.95231011388205,0,
1979,11,21,22.7284507751465,25.3157272788004,5.94877421687488,0,
1979,11,22,4.59672117233276,11.3787309943395,2.29542689612344,3.56474278115223,
1979,11,23,1.23669517040253,0.615948620618951,2.30727739246674,3.58314631705414,
1979,11,24,0.803225994110107,1.01081866318583,0,0,
1979,11,25,0.957854747772217,0.867314930500356,0,0,
1979,11,26,0.170533865690231,0.794222683084911,0,0,
1979,11,27,4.18535852432251,2.41145583502157,0,0,
1979,11,28,4.44673252105713,4.37515576317225,0,0,
1979,11,29,1.11903536319733,2.86895370380211,0,0,
1979,11,30,8.22010231018066,4.4173346200497,0,0,
1979,12,1,4.17709970474243,6.60105372026828,0,0,
1979,12,2,0.0335141904652119,1.84916510328259,0,0,
1979,12,3,0.124919049441814,0.06729081335817,0,0,
1979,12,4,4.26210927963257,1.73828110746177,0,0,
1979,12,5,9.41801261901855,7.27886122402288,0,0,
1979,12,6,1.99414694309235,5.7058193446473,0,0,
1979,12,7,5.4845781326294,3.65647165767001,0,-2.8421709430404e-14,
1979,12,8,1.54778051376343,3.71702676710811,0,0,
1979,12,9,0.0382661893963814,1.13941874231699,0,2.8421709430404e-14,
1979,12,10,7.80901384353638,3.52763542907957,0,0,
1979,12,11,2.1472065448761,5.56560250803057,0,0,
1979,12,12,0.189947977662086,1.16729087341923,0,0,
1979,12,13,0.0806404426693916,0.131552267916788,0,0,
1979,12,14,0.0125728650018573,0.0642030567911434,0,0,
1979,12,15,0.00917823892086744,0.0140614828594039,0,2.8421709430404e-14,
1979,12,16,2.4180760383606,0.748590031145227,0,-2.8421709430404e-14,
1979,12,17,14.3424301147461,7.99683554963559,0,0,
1979,12,18,10.8354721069336,13.2057729063407,0,2.8421709430404e-14,
1979,12,19,8.99351596832275,9.58884188832565,0,0,
1979,12,20,17.4072799682617,13.7105117674634,0,-2.8421709430404e-14,
1979,12,21,8.01059913635254,12.5154255063367,0,0,
1979,12,22,1.10458731651306,5.18303199521432,0,0,
1979,12,23,0.0223777424544096,0.752469605409317,0,0,
1979,12,24,6.75023603439331,3.26613863987302,0,0,
1979,12,25,12.3289632797241,10.3101937642888,0,0,
1979,12,26,7.84512233734131,9.51486902640681,0,0,
1979,12,27,1.69533622264862,5.00682245944552,0,0,
1979,12,28,6.32145929336548,3.88081466799963,0,0,
1979,12,29,0.315386146306992,3.00768473240299,0,0,
1979,12,30,0.0387078821659088,0.243656411629729,0,0,
1979,12,31,0.262525469064713,0.179187156221758,0,0,
1980,1,1,2.99472570419312,1.69434547087036,0,0,
1980,1,2,4.6020188331604,3.86175224687406,0,0,
1980,1,3,1.60446786880493,2.96567826564535,0,0,
1980,1,4,0,0.615704378985583,0,0,
1980,1,5,1.07326889038086,0.458102598361677,0,0,
1980,1,6,1.17274510860443,1.09623105169123,0,0,
1980,1,7,0.471126198768616,0.795679456375467,0,0,
1980,1,8,1.45418870449066,0.91030737361092,0,0,
1980,1,9,0.60372930765152,1.21654427107654,0,0,
1980,1,10,0.013703340664506,0.543619502031277,0,0,
1980,1,11,0.204156652092934,0.15764848563191,0,0,
1980,1,12,0.651836216449738,0.322572742222633,0,0,
1980,1,13,0.0263008363544941,0.255867750010339,0,-2.8421709430404e-14,
1980,1,14,3.92145180702209,1.02822200973657,0,2.8421709430404e-14,
1980,1,15,3.43263363838196,3.72094004830194,0,0,
1980,1,16,0.594712674617767,2.5244467531266,0,0,
1980,1,17,5.16243267059326,3.26753788706401,0,2.8421709430404e-14,
1980,1,18,3.40821361541748,3.81086417365623,0,-2.8421709430404e-14,
1980,1,19,4.71082401275635,4.2844889382385,0,0,
1980,1,20,1.28797018527985,2.33733531689501,0,0,
1980,1,21,2.05004858970642,1.86394489832782,0,0,
1980,1,22,8.73983669281006,1.02502452977592,4.36991734487481,5.62027634206439,
1980,1,23,1.34953022003174,0.673954066495696,4.37517083190824,5.6270330027873,
1980,1,24,0.0273391082882881,0.497733493643239,0,0,
1980,1,25,4.64814002043568e-05,0.006331588136959,0,0,
1980,1,26,0,3.64776443575465e-05,0,0,
1980,1,27,0.212848201394081,0.0458120708552201,0,0,
1980,1,28,1.02464866638184,0.602216599006056,0,0,
1980,1,29,0.00588653236627579,0.563261308996061,0,0,
1980,1,30,5.60435628890991,3.18596404826315,0,-2.8421709430404e-14,
1980,1,31,6.53890085220337,5.75868487883884,0,2.8421709430404e-14,
1980,2,1,11.4494695663452,8.78540640565444,0,0,
1980,2,2,6.26085138320923,9.32712513246321,0,0,
1980,2,3,4.31382656097412,5.0487957674286,0,0,
1980,2,4,2.37244129180908,3.37516036115721,0,0,
1980,2,5,1.21692681312561,2.0181630307377,0,0,
1980,2,6,12.6332979202271,6.77140990996884,0,0,
1980,2,7,6.89840698242188,10.9073466863016,0,0,
1980,2,8,0.00281636579893529,4.08440804757674,0,2.8421709430404e-14,
1980,2,9,0.150458678603172,0.118057885378676,0,-2.8421709430404e-14,
1980,2,10,0.0832323580980301,0.101999562235392,0,0,
1980,2,11,0.0465696416795254,0.0697012040882328,0,0,
1980,2,12,0.000278707273537293,0.0389016664810242,0,0,
1980,2,13,0.000886406400240958,0.00469385285055068,0,0,
1980,2,14,0.0195596851408482,0.0127886727393616,0,0,
1980,2,15,0.00109152449294925,0.0467244769040462,0,0,
1980,2,16,0.452982097864151,0.379309948186233,0,0,
1980,2,17,0,0.300296781746169,0,0,
1980,2,18,1.62641203403473,0.260695193271658,0,0,
1980,2,19,0.745319128036499,1.06395740959067,0,0,
1980,2,20,0.670893132686615,0.712597461769633,0,0,
1980,2,21,3.77579617500305,2.82167577551843,0,0,
1980,2,22,3.59564089775085,3.65526616460249,0,0,
1980,2,23,3.38759803771973,3.52533492256168,0,0,
1980,2,24,6.37283229827881,5.3581133141829,-1.13686837721616e-13,0,
1980,2,25,0.690206170082092,4.64527873236875,1.13686837721616e-13,0,
1980,2,26,1.30504512786865,0.998042191810669,0,0,
1980,2,27,1.25956070423126,1.29062377323532,0,0,
1980,2,28,5.69797897338867,3.75227512187269,0,0,
1980,2,29,9.86512184143066,8.78991565248703,0,0,
1980,3,1,0.0145096816122532,4.38444463974565,0,0,
1980,3,2,0.195536658167839,0.0717524398177147,0,0,
1980,3,3,0,0.0727084280567851,0,0,
1980,3,4,0,0,0,0,
1980,3,5,0.135023653507233,0.0574678523618104,0,2.8421709430404e-14,
1980,3,6,0.736864984035492,0.23800622932788,0,-2.8421709430404e-14,
1980,3,7,1.37832093238831,0.985228241744835,0,0,
1980,3,8,0.718850672245026,1.10628867085325,0,0,
1980,3,9,1.40541255474091,0.875723145143638,0,0,
1980,3,10,0.250324875116348,0.728337032660079,0,0,
1980,3,11,0.107994437217712,0.168956007541624,0,0,
1980,3,12,0.315497100353241,0.154839304972825,0,0,
1980,3,13,0.128658249974251,0.211994118248867,0,2.8421709430404e-14,
1980,3,14,0,0.104820346302745,0,-2.8421709430404e-14,
1980,3,15,5.75232410430908,2.34004836207828,0,0,
1980,3,16,8.56746864318848,7.11827507686792,0,0,
1980,3,17,1.05386412143707,4.03158475851262,0,0,
1980,3,18,0.0934330299496651,0.867009474421366,0,0,
1980,3,19,0,0.11298803161219,0,0,
1980,3,20,0.0515575371682644,0.0129801555438007,0,0,
1980,3,21,3.00902724266052,1.52515197121295,0,0,
1980,3,22,0.152784362435341,1.54437496538833,0,0,
1980,3,23,0.00778175052255392,0.104878255591757,0,0,
1980,3,24,0.000832944991998375,0.00597144643109004,0,0,
1980,3,25,1.66276061534882,0.23587518702891,0,0,
1980,3,26,0.952167749404907,1.17377277711773,0,0,
1980,3,27,3.2045693397522,1.79716931009773,0,0,
1980,3,28,1.00886082649231,2.69714907779542,0,0,
1980,3,29,0.22942428290844,0.689861427921869,0,0,
1980,3,30,0.388535082340241,0.307338599947002,0,0,
1980,3,31,0.558606505393982,0.418145917746756,0,0,
1980,4,1,0,0.323602717456197,0,0,
1980,4,2,1.01037240028381,0.0630304538259452,0.442154111684772,0.825150374081034,
1980,4,3,0.463212192058563,0.206736774483147,0.528767893655754,0.821269391034974,
1980,4,4,0.00874110497534275,0.147991384346597,0.088463818186483,0,
1980,4,5,0.00184971443377435,0.00421365029228582,0,0,
1980,4,6,0.027086740359664,0.0170029378925847,0,2.8421709430404e-14,
1980,4,7,0.744927823543549,0.0731479479006794,0.31285829903652,0.729588355877496,
1980,4,8,0.345923542976379,0.128689959857184,0.417812426429805,0.8130790016981,
1980,4,9,0.00746516836807132,0.0729501530815924,0.103953464254005,0.0800815443077454,
1980,4,10,3.08087515830994,0.334734925188741,1.20943740367159,0.580947354729972,
1980,4,11,21.3717651367188,0.33080039058575,11.901086821033,3.56464056474255,
1980,4,12,6.46368789672852,0,13.6752128448649,11.3196773082645,
1980,4,13,0.308099091053009,0.146856118046458,3.25430119704879,8.20921688243601,
1980,4,14,0.438114166259766,0.366167285729262,0.00650469113850249,0,
1980,4,15,4.50770378112793,2.53650902900017,0,-2.8421709430404e-14,
1980,4,16,7.24545049667358,5.78765172242731,0,2.8421709430404e-14,
1980,4,17,5.33813285827637,6.25053094715986,0,0,
1980,4,18,9.89215183258057,2.69369982855301,4.90042749695863,2.48497989524236,
1980,4,19,3.4321711063385,0,6.01822311449416,8.25549831906858,
1980,4,20,0.834977805614471,0.0482318988355246,2.11715161996551,6.158220687111,
1980,4,21,9.52355289459229,1.22756787358367,3.68257968836656,1.31695408278296,
1980,4,22,5.42543029785156,1.71723590777015,6.14123971692095,1.25041540681025,
1980,4,23,1.01080656051636,0.236728862923201,2.62157439673422,2.54573916417627,
1980,4,24,3.78651022911072,1.96892709674114,0.485202691480822,1.4929308514192,
1980,4,25,1.33924770355225,1.9036909697071,0.665932802709449,6.62286569674933,
1980,4,26,2.3592164516449,0,1.73704037891423,13.2045781930837,
1980,4,27,6.11406898498535,0,4.16374155109168,12.0444489018765,
1980,4,28,0.484382122755051,0,3.31494757456574,12.727590702518,
1980,4,29,4.68390417098999,0,2.34251769773618,11.9858770012669,
1980,4,30,12.1990013122559,0,8.75631887467318,11.1022356906757,
1980,5,1,14.697925567627,0,12.7819595040302,12.969547518343,
1980,5,2,1.51692092418671,0,9.16311344989356,15.0118541016308,
1980,5,3,0.0710147321224213,0.0289031183651787,0.792394182080898,9.37478896361023,
1980,5,4,0.00696876272559166,0.031532469928834,0.0090517712625342,9.28066623430732,
1980,5,5,0.434907376766205,0,0.200581490694049,24.227613415032,
1980,5,6,2.79195189476013,0,1.61349339808385,33.8218719285204,
1980,5,7,1.71249401569366,0,2.2555012595617,32.6457440792548,
1980,5,8,1.61935293674469,0,1.66724190279558,28.6002169959252,
1980,5,9,0.00488941790536046,0,0.871787651684713,27.8306901336358,
1980,5,10,0.00340477586723864,0,0.00418921028881414,28.2510210189412,
1980,5,11,1.18354710139101e-05,0,0.0018160559189937,34.2359431302083,
1980,5,12,0,0,5.79884545004461e-06,39.5426622608993,
1980,5,13,0.00367638398893178,0,0.00183495169824255,42.6791613900538,
1980,5,14,0.103525839745998,0,0.05362181171472,44.0659172151992,
1980,5,15,0,0,0.0517854331715171,23.9049402427321,
1980,5,16,0.163811028003693,0,0.0818639587226926,1.13686837721616e-13,
1980,5,17,0.189592391252518,0,0.17442123865726,0,
1980,5,18,0.891759037971497,0,0.629572783192998,0,
1980,5,19,0.141335606575012,0,0.426897779255341,1.13686837721616e-13,
1980,5,20,0.191024616360664,0,0.164974253790092,-1.13686837721616e-13,
1980,5,21,0.00696278549730778,0,0.118483628149647,-1.13686837721616e-13,
1980,5,22,1.13850033283234,0,0.429289006273962,1.13686837721616e-13,
1980,5,23,0.0103361289948225,0,0.616694516561552,0,
1980,5,24,0.0308163594454527,0,0.0201096877588043,0,
1980,5,25,0.514057576656342,0,0.319812402689081,0,
1980,5,26,0.0209344774484634,0,0.284268485069788,0,
1980,5,27,0.000584330642595887,0,0.00745507879867091,0,
1980,5,28,0.0755040645599365,0,0.0520225156063816,0,
1980,5,29,5.67227925785119e-06,0,0.0169084895007927,0,
1980,5,30,2.20010781288147,0,1.25134188481616,0,
1980,5,31,2.43438291549683,0,2.2950234721817,0,
1980,6,1,1.61538195610046,0,2.32264122302342,0,
1980,6,2,0.146378815174103,1.13686837721616e-13,1.11689552610551,1.13686837721616e-13,
1980,6,3,0,-1.13686837721616e-13,0.0933289190750202,-1.13686837721616e-13,
1980,6,4,0.0154159413650632,0,0.00913450139944416,0,
1980,6,5,0.0243688430637121,0,0.0214602326813065,0,
1980,6,6,0,0,0.00885269321622673,0,
1980,6,7,0,0,0.000168520262150196,0,
1980,6,8,0.0301550179719925,0,0.0233992461952539,0,
1980,6,9,0.00445129116997123,0,0.0170626076464941,0,
1980,6,10,0.00273851864039898,0,0.00312782765877273,0,
1980,6,11,0.00919873174279928,0,0.00542354239303222,0,
1980,6,12,1.45761942863464,0,0.465406795935792,0,
1980,6,13,3.44367837905884,0,2.54802607150896,0,
1980,6,14,0.700827300548554,0,2.81177335134817,0,
1980,6,15,0.959890246391296,0,0.977103691833463,0,
1980,6,16,3.70655751228333,0,2.69905028262531,0,
1980,6,17,0.839889168739319,0,3.25476421029055,0,
1980,6,18,0.236961036920548,0,0.925531571462557,0,
1980,6,19,0.0321697406470776,0,0.0916281718123173,0,
1980,6,20,0.0305799450725317,0,0.0319053585033089,0,
1980,6,21,0.735005259513855,0,0.1644283177327,0,
1980,6,22,0.635763645172119,0,0.669615199302598,0,
1980,6,23,0,0,0.395759850843092,0,
1980,6,24,0.262762010097504,0,0.155517967562446,0,
1980,6,25,0.00834786705672741,0,0.216969553474996,0,
1980,6,26,0.317217916250229,0,0.0953492212665878,0,
1980,6,27,0.142878174781799,0,0.245630638422995,0,
1980,6,28,0.873462975025177,0,0.461768972518144,0,
1980,6,29,0.0198842231184244,0,0.467159084919217,0,
1980,6,30,1.08859634399414,0,0.569884068793613,0,
1980,7,1,0.213856592774391,0,0.578958011705026,0,
1980,7,2,0.702981412410736,0,0.525749080334776,0,
1980,7,3,0.344421058893204,0,0.377213084874597,0,
1980,7,4,0,0,0.056796619037641,0,
1980,7,5,0.0821757018566132,0,0.0616850597346002,0,
1980,7,6,0.000944986008107662,0,0.012157830366732,0,
1980,7,7,0.322859257459641,0,0.0555953166709742,0,
1980,7,8,0.321885466575623,0,0.294584925033632,0,
1980,7,9,0.538108944892883,0,0.421780298238218,0,
1980,7,10,0.756544888019562,0,0.65082451948058,0,
1980,7,11,0.186277508735657,0,0.426140915984774,1.13686837721616e-13,
1980,7,12,0.472905218601227,0,0.445546583585497,-1.13686837721616e-13,
1980,7,13,1.96579921245575,0,1.60705349179932,1.13686837721616e-13,
1980,7,14,4.41871452331543,0,2.28959399221355,-1.13686837721616e-13,
1980,7,15,3.32373762130737,0,3.81821906054233,0,
1980,7,16,0.280236423015595,0,1.19283968988498,0,
1980,7,17,0,0,0.186652940710133,0,
1980,7,18,3.27153491973877,0,1.68541141245146,0,
1980,7,19,1.72139525413513,0,2.9126152860905,0,
1980,7,20,2.02958965301514,1.13686837721616e-13,1.94553632953671,0,
1980,7,21,2.04077458381653,-1.13686837721616e-13,2.03859580328458,0,
1980,7,22,5.91986799240112,0,2.67659158497349,0,
1980,7,23,18.7645988464355,0,12.1716096080867,0,
1980,7,24,7.11954784393311,0,12.9311003611523,0,
1980,7,25,0.237229734659195,0,4.79535577561944,0,
1980,7,26,0.746124744415283,0,0.430986561865097,0,
1980,7,27,0.569187343120575,0,0.621674958667995,0,
1980,7,28,1.84809041023254,0,1.01915534890168,0,
1980,7,29,2.15467691421509,0,2.00548729023114,0,
1980,7,30,8.27584266662598,0,3.68793817855772,0,
1980,7,31,2.54513049125671,0,5.83233464166881,0,
1980,8,1,2.50742745399475,0,2.52962616803018,0,
1980,8,2,0.460860878229141,0,2.13932387875229,0,
1980,8,3,4.79479551315308,0,2.61671739010501,0,
1980,8,4,1.451455950737,0,3.16980277369862,0,
1980,8,5,0,0,1.07879872156821,0,
1980,8,6,0,0,0.0581627321320184,0,
1980,8,7,0.347178310155869,0,0.113199462633133,0,
1980,8,8,1.95460689067841,0,1.15952066901912,0,
1980,8,9,0.586650788784027,0,1.68129745573231,0,
1980,8,10,0.00836217682808638,0,0.431903582943164,0,
1980,8,11,0.156319871544838,0,0.0438526781698556,0,
1980,8,12,2.94048500061035,0,1.16525559335253,-1.13686837721616e-13,
1980,8,13,7.16209745407105,0,3.6718496361998,1.13686837721616e-13,
1980,8,14,3.20047616958618,0,6.44235218942686,0,
1980,8,15,1.03417229652405,0,2.76044487992169,0,
1980,8,16,6.94173431396484,0,4.26162920835066,0,
1980,8,17,1.75026500225067,0,2.92993045385924,0,
1980,8,18,2.83365559577942,0,2.58308972795066,0,
1980,8,19,1.98809885978699,1.13686837721616e-13,2.36429941933466,0,
1980,8,20,0.503671646118164,-1.13686837721616e-13,1.59905152034423,0,
1980,8,21,0.0265468582510948,0,0.287412924829937,0,
1980,8,22,5.02953577041626,0,1.67140276175053,0,
1980,8,23,4.65057420730591,0,4.92711691362558,0,
1980,8,24,0.667739868164063,0,2.59675841213618,0,
1980,8,25,0.302965193986893,0,0.494785520756864,0,
1980,8,26,0.365062534809113,0,0.363626156276951,0,
1980,8,27,0.587536931037903,0,0.567955330851191,0,
1980,8,28,0.84129923582077,-1.13686837721616e-13,0.795727442989119,0,
1980,8,29,0.249971434473991,1.13686837721616e-13,0.758778823280295,0,
1980,8,30,0.215852811932564,1.13686837721616e-13,0.306718099853697,0,
1980,8,31,2.28035736083984,-1.13686837721616e-13,1.30060404694086,0,
1980,9,1,0.0474265217781067,0,0.56860434581472,0,
1980,9,2,0.17874750494957,0,0.0919896771440563,0,
1980,9,3,6.72653245925903,0,3.73868582609703,0,
1980,9,4,2.0151252746582,0,4.12391743089302,0,
1980,9,5,6.94559383392334,0,4.66525260528761,0,
1980,9,6,2.59797263145447,0,4.36597845011193,0,
1980,9,7,0.991357684135437,0,1.82429187373634,0,
1980,9,8,4.68594598770142,0,2.04946176879253,0,
1980,9,9,1.25061142444611,0,4.04423790959834,0,
1980,9,10,1.72557294368744,0,1.80028551634643,0,
1980,9,11,0.6858811378479,0,1.39402325795174,0,
1980,9,12,0.143053814768791,0,0.375713221835667,0,
1980,9,13,3.38708138465881,0,1.01763080808519,0,
1980,9,14,1.54876518249512,0,2.17230690684585,0,
1980,9,15,8.17150115966797,0,6.15553519550406,0,
1980,9,16,4.51016902923584,0,5.37213511017183,0,
1980,9,17,1.04785168170929,0,2.50467204883091,0,
1980,9,18,0.00593461049720645,0,0.6739604122331,0,
1980,9,19,0,0,0.0170033689219053,0,
1980,9,20,0,0,0.00045454570158654,0,
1980,9,21,1.6471254825592,0,0.337694043351348,0,
1980,9,22,3.41161513328552,0,2.38210217954486,0,
1980,9,23,2.75532054901123,0,3.1854976145263,0,
1980,9,24,13.5105123519897,0,9.72871772795213,0,
1980,9,25,3.46580958366394,0,9.80370424114085,0,
1980,9,26,0.758891224861145,0,2.1163928682198,0,
1980,9,27,3.23073410987854,0,1.53118310487014,0,
1980,9,28,2.64893293380737,0,3.07505265462748,0,
1980,9,29,8.51388454437256,0,5.02734853452193,0,
1980,9,30,1.25654804706573,0,3.91408403947094,0,
1980,10,1,17.9373645782471,0,9.62442683191603,0,
1980,10,2,29.7432289123535,0,24.5020047557383,0,
1980,10,3,23.8278846740723,0,24.8464814165106,0,
1980,10,4,13.5723562240601,0,20.3351460746828,0,
1980,10,5,13.7326612472534,0,13.6345399325807,0,
1980,10,6,15.0727882385254,0,13.9120609767861,0,
1980,10,7,11.1846742630005,0,13.9388082661292,0,
1980,10,8,1.43967616558075,0,8.65116333177298,0,
1980,10,9,3.01948738098145,0,1.9575704434385,0,
1980,10,10,1.39050900936127,0,2.73374339695761,0,
1980,10,11,5.61670684814453,0,3.31197941074538,0,
1980,10,12,0.0590159222483635,0,2.77360180904498,0,
1980,10,13,0.141225263476372,0.0706090690464407,0.0295094499199422,0,
1980,10,14,0.423655182123184,0.281924012153922,0,0,
1980,10,15,13.2467060089111,0.211827608958288,6.62335244487326,0.56436230711563,
1980,10,16,29.8266735076904,0,21.533858597551,0,
1980,10,17,14.6536445617676,0,22.2401405296555,0,
1980,10,18,19.3598117828369,0,16.7423451838322,0,
1980,10,19,2.11457967758179,0,13.1658948718866,0,
1980,10,20,4.65902900695801,0,3.38679795880898,0,
1980,10,21,3.98488783836365,0.989514591987358,3.33244441316447,0,
1980,10,22,2.90144181251526,1.97827538771082,1.46542734751301,0,
1980,10,23,2.24338579177856,0.988289235482625,1.5839684655673,3.46568861825949,
1980,10,24,0.420761674642563,0,1.33240980248229,2.20415532938216,
1980,10,25,0.476773142814636,0,0.449476119120618,0,
1980,10,26,0.428989797830582,0.118785966111091,0.334095448533844,0,
1980,10,27,1.74956583976746,0.994980370814005,0.0955304806743698,0,
1980,10,28,1.51303136348724,0.874782411119554,0.756516121724189,2.17978997866885,
1980,10,29,2.10794115066528,-1.13686837721616e-13,1.65799132301049,0,
1980,10,30,3.7793493270874,1.88967749787628,1.03423520210845,0,
1980,10,31,13.6158275604248,8.6868363538149,0,0,
1980,11,1,3.14237356185913,8.37901997885831,0,0,
1980,11,2,6.09398078918457,4.58842374201106,0,0,
1980,11,3,12.6829376220703,9.31101739791211,0,0,
1980,11,4,11.2323169708252,6.34147070094173,5.61615681166359,3.2281397852945,
1980,11,5,1.00746428966522,0.505095307021406,5.60096045810246,3.21940499473089,
1980,11,6,0.816777586936951,0.912112952294478,0,0,
1980,11,7,2.31227517127991,1.76912742427487,0,0,
1980,11,8,9.30007076263428,5.72573997638301,0,0,
1980,11,9,0.821096003055573,4.96241826214589,0,0,
1980,11,10,0,0.583655145254056,0,0,
1980,11,11,11.3740034103394,5.54000671857364,0,0,
1980,11,12,4.7501106262207,8.24823063410008,0,0,
1980,11,13,2.66260457038879,3.7464003761072,0,0,
1980,11,14,1.65827023983002,2.35289303858031,0,0,
1980,11,15,44.4227714538574,22.6980004963082,0,0,
1980,11,16,1.88479351997376,23.441064791714,0.214679181806787,0,
1980,11,17,3.53834772109985,2.7970621810997,0.158332723008698,0,
1980,11,18,3.97805881500244,3.85032741921714,0,0,
1980,11,19,6.37095308303833,4.76435678398741,0,0,
1980,11,20,6.76767492294312,6.57717761199103,0,0,
1980,11,21,0.928247153759003,3.94982462538053,0,0,
1980,11,22,4.07452964782715,2.06263607529911,0,0,
1980,11,23,1.92329394817352,3.46466478848481,0,0,
1980,11,24,10.5685749053955,6.59372695289517,0,0,
1980,11,25,2.90429663658142,5.9790638151328,0.757386745310214,0,
1980,11,26,34.5584907531738,17.9661726834424,0.757747314502922,0,
1980,11,27,8.40827655792236,22.0394541972735,0,0,
1980,11,28,6.06213569641113,7.98397454140377,0,0,
1980,11,29,0.704584896564484,3.50675474755633,0,0,
1980,11,30,0.114422641694546,0.586447257810846,0,0,
1980,12,1,0.121304921805859,0.149478093875359,0,0,
1980,12,2,0.0273483972996473,0.0430294816127343,0,0,
1980,12,3,0.00133192609064281,0.0187276942323251,0,0,
1980,12,4,0.0083885733038187,0.00567539135749939,0,0,
1980,12,5,0.0293684247881174,0.0224231061739602,0,0,
1980,12,6,7.68448066711426,4.12225471979934,0,0,
1980,12,7,4.64991426467896,5.63491128406361,0,0,
1980,12,8,1.00769114494324,3.50014049121933,0,0,
1980,12,9,0.136660039424896,0.602263536490341,0,0,
1980,12,10,4.12648868560791,2.2115326966873,0,0,
1980,12,11,2.36674380302429,2.88243166235816,0,-1.13686837721616e-13,
1980,12,12,8.03724479675293,4.91164925744181,0,1.13686837721616e-13,
1980,12,13,15.3222942352295,11.160199827865,0,0,
1980,12,14,8.01838111877441,11.3434270920316,0,0,
1980,12,15,7.249192237854,7.78628711937199,0,0,
1980,12,16,2.20305490493774,5.39117278892434,0,0,
1980,12,17,0.0777009725570679,0.751571213403054,0,0,
1980,12,18,0.0176602508872747,0.0406041173607719,0,0,
1980,12,19,0.00395376048982143,0.0150344447632733,0,0,
1980,12,20,4.56338784715626e-05,0.00406762410943884,0,0,
1980,12,21,0,0.000154642011011674,0,0,
1980,12,22,0.000175039924215525,5.29958105062178e-05,0,0,
1980,12,23,0.000821453344542533,0.000361598586550826,0,0,
1980,12,24,8.31779479980469,3.05638647431135,0,0,
1980,12,25,14.5054225921631,11.2183607458173,0,0,
1980,12,26,3.95950722694397,10.1073416319349,0,0,
1980,12,27,0.625937879085541,2.28902422922522,0,0,
1980,12,28,6.86457586288452,2.71351818873063,0,0,
1980,12,29,5.00279235839844,5.53640968192019,0,-1.13686837721616e-13,
1980,12,30,0.977008163928986,3.87021336021371,0,1.13686837721616e-13,
1980,12,31,2.6209089756012,1.61220881874226,0,0,
1981,1,1,1.96263182163239,2.45712849766005,0,0,
1981,1,2,3.41056513786316,2.80753486607478,0,0,
1981,1,3,2.67607808113098,2.95570895818014,0,0,
1981,1,4,0.641095161437988,1.84193364374062,0,0,
1981,1,5,17.1377754211426,8.16866801372828,0,0,
1981,1,6,12.7292461395264,13.7881963804224,0,0,
1981,1,7,1.68021333217621,8.5356279589713,0,0,
1981,1,8,1.03663969039917,1.52768858165121,0,0,
1981,1,9,3.53925085067749,2.49092855765309,0,0,
1981,1,10,9.0432653427124,5.4055621219743,0,0,
1981,1,11,3.94948506355286,5.49595944926477,1.00040693134724,0,
1981,1,12,0.912507653236389,1.43065550088227,1.00052436042529,0,
1981,1,13,6.7286581993103,4.90506443574213,0,0,
1981,1,14,15.7285871505737,3.36432805438278,7.86429601866598,2.44246523604465,
1981,1,15,10.6837615966797,0,13.1967063270702,12.8742751862243,
1981,1,16,10.6995582580566,0,10.69161574229,17.3762123129898,
1981,1,17,9.03110885620117,4.51747048151879,5.34750909491618,6.95204387559147,
1981,1,18,11.2090120315552,4.54439066332009,5.56871575871605,5.33688119683836,
1981,1,19,14.7326622009277,0,13.0288241472313,14.9916510638388,
1981,1,20,6.64370775222778,3.29408064071436,7.42791925433971,9.56437146311202,
1981,1,21,4.19359111785889,5.43882874464657,0,0,
1981,1,22,0.0611804015934467,2.15958952089454,0,0,
1981,1,23,0.223369404673576,0.133355178254533,0,0,
1981,1,24,0.101611003279686,0.162828004079302,0,0,
1981,1,25,6.01327657699585,1.61300676244946,0,0,
1981,1,26,0.250227391719818,2.70855162494104,0,0,
1981,1,27,2.00600147247314,1.41204317967095,0,0,
1981,1,28,0.0108264805749059,1.05288441327662,0,0,
1981,1,29,0.0709490701556206,0.0295036718600841,0,0,
1981,1,30,0.531434953212738,0.301838267019093,0,0,
1981,1,31,0.35715463757515,0.493281065445444,0,0,
1981,2,1,2.35304617881775,1.28555682705019,0,0,
1981,2,2,2.29298257827759,2.32767106974825,0,0,
1981,2,3,0.162415638566017,0.973912697995047,0,0,
1981,2,4,0.0404264442622662,0.104291782052997,0,0,
1981,2,5,0.036516223102808,0.0399303192427851,0,0,
1981,2,6,0.192833617329597,0.058181261957543,0,0,
1981,2,7,0.368645757436752,0.218543074947547,0,0,
1981,2,8,0.121830567717552,0.251410538477785,0,0,
1981,2,9,0.26104748249054,0.187979213826793,0,0,
1981,2,10,1.37957000732422,0.791806448435409,0,0,
1981,2,11,6.81151914596558,4.95987998031296,0,0,
1981,2,12,1.91124105453491,4.23857093773904,0,0,
1981,2,13,8.22602081298828,6.84187512702238,0,0,
1981,2,14,11.4594650268555,10.7230926839391,0,0,
1981,2,15,6.88814544677734,7.97523172647561,0,0,
1981,2,16,0.680527865886688,4.95533215822638,0,0,
1981,2,17,5.01792144775391,2.72579539436106,0,0,
1981,2,18,0.548491477966309,3.09605337269636,0,0,
1981,2,19,3.06354689598084,1.40533941073954,0,0,
1981,2,20,5.71078538894653,3.54301708025423,0,0,
1981,2,21,3.68002104759216,4.45679450156604,0,0,
1981,2,22,2.88893389701843,3.24145846310876,0,0,
1981,2,23,0.238785520195961,2.0316526621566,0,0,
1981,2,24,0.0255135092884302,0.250564514700272,0,0,
1981,2,25,1.06588333892432e-06,0.0319492509074735,0,0,
1981,2,26,0.00266034691594541,0.00184709132076932,0,0,
1981,2,27,0,0.0362654675777776,0,0,
1981,2,28,0.513288199901581,0.412454815154433,0,0,
1981,3,1,2.46597862243652,1.30944702148213,0,0,
1981,3,2,0.221721053123474,1.90219600875321,0,0,
1981,3,3,0.0590166263282299,0.30010387802713,0,0,
1981,3,4,0.624718010425568,0.239801937103039,0,0,
1981,3,5,0.111972041428089,0.557827358685927,0,0,
1981,3,6,1.87252007890493e-05,0.206674983684934,0,0,
1981,3,7,3.02046942710876,2.1664620033655,0,0,
1981,3,8,17.0164413452148,8.92021143832312,0,0,
1981,3,9,9.76222801208496,14.3367981585895,0,0,
1981,3,10,2.33014130592346,4.44656099110625,0,0,
1981,3,11,0.817014932632446,1.26794608172486,0.305630984978507,0.48077776868206,
1981,3,12,10.2787132263184,0.102882442406781,5.44472706771148,3.44576092431578,
1981,3,13,8.57804203033447,4.2854299098999,5.14365968617699,2.96760013738503,
1981,3,14,13.4635848999023,10.8141654666222,0,0,
1981,3,15,6.00533056259155,6.72673232521197,3.00386643031243,1.16277447480149,
1981,3,16,0.0378642156720161,0.0207944574849535,3.00811845346925,1.16442040151219,
1981,3,17,0,0.0189575491287997,0,0,
1981,3,18,0,0,0,0,
1981,3,19,5.44028225704096e-05,2.29528945965285e-05,0,0,
1981,3,20,0,0.0578077823533931,0,0,
1981,3,21,0.839599847793579,0.67353190761537,0,0,
1981,3,22,6.216628074646,1.87746179821556,0,0,
1981,3,23,3.11246466636658,5.49981822309724,0,0,
1981,3,24,0.549586415290833,2.26527087565955,0,0,
1981,3,25,0.00593536719679833,0.281293446764494,0.00014308234199234,0,
1981,3,26,2.0772922039032,0.501319378576454,0.000220674397723997,0,
1981,3,27,1.83597779273987,1.2868088303826,0.571418757358515,0.140083299052094,
1981,3,28,0.230768769979477,0.461990464744076,0.57146215154512,0.140097316053243,
1981,3,29,0.0929009318351746,0.212252832303648,0,0,
1981,3,30,0.0877011045813561,0.107847288649054,0,0,
1981,3,31,0.364647686481476,0.243020107924849,0,0,
1981,4,1,1.18299603462219,0.975791159474056,0,-1.13686837721616e-13,
1981,4,2,3.49782919883728,3.02650818562393,0,1.13686837721616e-13,
1981,4,3,1.10269713401794,2.84981871635296,0,0,
1981,4,4,0.00425769342109561,1.0288635120512,0,0,
1981,4,5,0.0424965284764767,0.143556511151701,0,0,
1981,4,6,0.152393102645874,0.126847936237482,0,0,
1981,4,7,0.185718417167664,0.176056720819361,0,0,
1981,4,8,0.152866825461388,0.167350772489499,0,0,
1981,4,9,0.296486586332321,0.251223409644581,0,0,
1981,4,10,0.0736093521118164,0.125538622169643,0,0,
1981,4,11,0.00876086205244064,0.0246628565714673,0,0,
1981,4,12,0.00766970030963421,0.0287523524473272,0,0,
1981,4,13,0.474497884511948,0.354453782540759,0,0,
1981,4,14,0.35840368270874,0.452091729087897,0,0,
1981,4,15,1.75088703632355,1.41640246633847,0,1.13686837721616e-13,
1981,4,16,1.3056628704071,1.67984895857262,0,-1.13686837721616e-13,
1981,4,17,0.423355996608734,0.990885825579426,0,0,
1981,4,18,3.80962204933167,1.41282672490297,0,0,
1981,4,19,6.32959985733032,1.81087949616449,3.16479940888576,2.23577184997293,
1981,4,20,1.65823400020599,2.27373675443232e-13,4.06122323904424,7.47593920408258,
1981,4,21,0.298134803771973,-2.27373675443232e-13,1.00849348095903,9.57599331792483,
1981,4,22,0.146947354078293,0.0745919157616299,0.146798658197895,4.13231457371808,
1981,4,23,0.0255025047808886,0.0760887976291542,0.00949857420664557,0.455725314347092,
1981,4,24,0.751192808151245,0.00338514891632258,0.381305626859785,8.08785466404959,
1981,4,25,0.0992008671164513,0,0.425973211961718,11.2646710708905,
1981,4,26,0.558873891830444,0,0.297971784439596,5.56328732682175,
1981,4,27,0.850734412670136,0,0.711369101599757,7.48686551909066,
1981,4,28,0.475357294082642,0,0.675474979748742,13.6309378326422,
1981,4,29,0.000992366229183972,0,0.239658394719754,13.5465706688188,
1981,4,30,0.0125308586284518,0,0.00668013374297516,11.7962643156208,
1981,5,1,0.793320715427399,0,0.38190171716451,16.9055162794882,
1981,5,2,0.364078342914581,0,0.490771713035656,21.3959519667576,
1981,5,3,0.00158360321074724,0,0.208427145910036,23.3823648661564,
1981,5,4,0.0400721170008183,0,0.0102425718475843,25.2622572158459,
1981,5,5,2.26360975830175e-06,0,0.0160649150698191,27.0608757722121,
1981,5,6,0.000161784308147617,0,8.06382006430795e-05,38.7711395946033,
1981,5,7,0,0,8.62238061927201e-05,50.1764948444306,
1981,5,8,3.39713769790251e-05,0,1.70153800809203e-05,48.5997471276646,
1981,5,9,0,0,1.69965496752411e-05,42.3985522989415,
1981,5,10,8.22842957859393e-06,0,3.8242369555519e-06,39.2334387347696,
1981,5,11,0.0543923899531364,0,0.0269670042735015,36.2461915168744,
1981,5,12,0.159760415554047,0,0.100639981337281,33.7018073456566,
1981,5,13,1.69840061664581,0,0.926758583846322,38.342774592533,
1981,5,14,0.00925437267869711,0,0.965699653692354,43.887024350885,
1981,5,15,1.04010617733002,0,0.550771569474591,45.5517672525743,
1981,5,16,0.514577329158783,0,0.775970390142447,35.9386996612141,
1981,5,17,0.0225239004939795,0,0.267794520824282,0,
1981,5,18,0.133875802159309,0,0.078329125223263,0,
1981,5,19,2.82133150100708,0,1.4253536704116,0,
1981,5,20,2.42973399162293,0,2.63058113443867,0,
1981,5,21,2.1353588104248,0,2.28410483680386,0,
1981,5,22,0.276314377784729,0,1.20792320710893,0,
1981,5,23,1.83227109909058,0,1.05400602568193,0,
1981,5,24,5.65517425537109,0,3.74327225394381,0,
1981,5,25,5.20195579528809,0,5.43026213577559,0,
1981,5,26,15.5258769989014,0,10.3719453533761,0,
1981,5,27,5.59040641784668,0,10.5713660711631,0,
1981,5,28,0.0139140598475933,0,2.83662186836932,0,
1981,5,29,0.17905530333519,0,0.0941597256569366,0,
1981,5,30,0.523740291595459,0,0.349868122629914,0,
1981,5,31,0.915240406990051,0,0.720719079248283,0,
1981,6,1,1.0933301448822,0,1.00456863476938,0,
1981,6,2,0.348940640687943,0,0.741264931258456,0,
1981,6,3,0.567438423633575,0,0.485941727035652,0,
1981,6,4,0.0514743886888027,0,0.252508711332894,0,
1981,6,5,0.0322372280061245,0,0.0482830580874634,0,
1981,6,6,6.74663829803467,0,1.6953033330376,0,
1981,6,7,12.1750259399414,0,10.1356639757132,0,
1981,6,8,0,0,5.2753780945427,0,
1981,6,9,0.0480252839624882,0,0.0297838985297858,0,
1981,6,10,0.767172932624817,0,0.297376734878526,0,
1981,6,11,0.983915567398071,0,0.887671220783432,0,
1981,6,12,0.350506246089935,0,0.793883600458457,0,
1981,6,13,1.82671320438385,0,0.920226356440025,0,
1981,6,14,1.77110266685486,0,1.82380810913583,0,
1981,6,15,3.14692258834839,0,2.71880246836395,0,
1981,6,16,2.3306303024292,0,2.93468837026148,0,
1981,6,17,4.68246650695801,0,3.21309360853638,0,
1981,6,18,2.06802606582642,0,2.96130130795109,0,
1981,6,19,0.814749956130981,0,1.8465544340886,0,
1981,6,20,0.947972416877747,0,0.947295116835221,0,
1981,6,21,2.76779246330261,0,1.52194965683429,0,
1981,6,22,2.37186241149902,0,2.57155490246078,0,
1981,6,23,7.58964586257935,0,5.95007314469126,0,
1981,6,24,2.64192652702332,0,5.43406405745259,0,
1981,6,25,0.90646904706955,0,2.12627369842494,0,
1981,6,26,1.27228307723999,0,1.16636194473972,0,
1981,6,27,0.0590519569814205,0,0.962037852008962,0,
1981,6,28,0.71789938211441,0,0.362989387099333,0,
1981,6,29,3.60988974571228,0,2.43110307270786,0,
1981,6,30,2.56293082237244,0,2.81131915093374,0,
1981,7,1,11.0422096252441,0,5.06025115859939,0,
1981,7,2,8.78176879882813,0,10.4708241798817,0,
1981,7,3,10.3160839080811,0,9.67211900517918,0,
1981,7,4,0.915880978107452,0,6.19451187612913,0,
1981,7,5,1.74346375465393,0,1.29642803935371,0,
1981,7,6,2.577223777771,0,1.86136465131835,0,
1981,7,7,1.64058327674866,0,2.19256918824317,-2.27373675443232e-13,
1981,7,8,1.37393748760223,0,1.35321522229424,2.27373675443232e-13,
1981,7,9,0.00359880598261952,0,0.275101543678829,0,
1981,7,10,0.0970972776412964,0,0.0300903637596548,0,
1981,7,11,0.467235654592514,0,0.228056443849027,0,
1981,7,12,0,0,0.167284232849624,0,
1981,7,13,0.0364660024642944,0,0.00477703360138548,0,
1981,7,14,0,0,0.0262842146044022,0,
1981,7,15,2.97685943451143e-07,0,0.00209332266945239,0,
1981,7,16,0.0742679461836815,0,0.0178584823140682,0,
1981,7,17,0.0335408560931683,0,0.0609859312176013,0,
1981,7,18,0,0,0.0259322891424745,0,
1981,7,19,0.0736177563667297,0,0.02820264506272,0,
1981,7,20,0.322638362646103,0,0.183657586692107,0,
1981,7,21,0.0957233980298042,0,0.211089626578541,0,
1981,7,22,0.0833858624100685,0,0.0895105913186853,0,
1981,7,23,0,0,0.0405360155536982,0,
1981,7,24,0.967876136302948,0,0.498797973739784,0,
1981,7,25,1.59272992610931,0,1.46907000074521,0,
1981,7,26,3.26081943511963,0,2.85635942271074,0,
1981,7,27,2.98354268074036,0,2.68179904757358,0,
1981,7,28,0.14854884147644,0,0.512540550934091,0,
1981,7,29,0.801888108253479,0,0.355534865473373,0,
1981,7,30,0.720912396907806,0,0.709855903006883,0,
1981,7,31,0,0,0.17404094099561,0,
1981,8,1,0.0120244110003114,0,0.177816435242448,0,
1981,8,2,3.60883951187134,0,2.74331862006147,0,
1981,8,3,8.63286972045898,0,4.42625268690972,0,
1981,8,4,21.9316844940186,0,14.3313272287166,0,
1981,8,5,8.58380508422852,0,17.3575674112012,0,
1981,8,6,6.37222719192505,0,7.42606542027829,-2.27373675443232e-13,
1981,8,7,0.219270586967468,0,3.67900648057162,2.27373675443232e-13,
1981,8,8,0.868898570537567,0,0.521512580143963,0,
1981,8,9,2.66922736167908,0,1.26837673131899,0,
1981,8,10,0.0877014920115471,0,1.37242836229939,0,
1981,8,11,0.124940186738968,0,0.0978904390883599,0,
1981,8,12,0.0024400157853961,0,0.0977441734955846,0,
1981,8,13,3.31461238861084,0,2.05599757636628,2.27373675443232e-13,
1981,8,14,1.36184370517731,0,3.00002078486523,-2.27373675443232e-13,
1981,8,15,2.06520295143127,0,1.85288282554984,0,
1981,8,16,4.92037630081177,0,2.8950686386263,0,
1981,8,17,3.14297986030579,0,3.74158065566667,0,
1981,8,18,1.72238767147064,0,2.53177519874316,0,
1981,8,19,6.96921443939209,0,2.7647192865486,0,
1981,8,20,22.2737236022949,0,14.7077713834499,0,
1981,8,21,6.57695913314819,0,14.9368789253474,0,
1981,8,22,0.0467525385320187,0,1.52655881069313,0,
1981,8,23,0.0501166991889477,0,0.0492231529142373,0,
1981,8,24,0,0,0.0279402589121673,0,
1981,8,25,0.000242156704189256,0,0.000124335408827392,0,
1981,8,26,3.7537853717804,0,0.578655908129349,0,
1981,8,27,2.5915858745575,0,2.9935510433354,0,
1981,8,28,2.85313057899475,0,2.70253955243334,-2.27373675443232e-13,
1981,8,29,0.475913614034653,0,0.965552415824504,2.27373675443232e-13,
1981,8,30,1.16399252414703,0,0.592264467262339,0,
1981,8,31,5.53420782089233,0,2.26287189261825,0,
1981,9,1,0.888960480690002,0,2.23108919580409,0,
1981,9,2,0.234660297632217,0,0.590636392307488,0,
1981,9,3,0.394359856843948,0,0.261662024585348,0,
1981,9,4,3.97837972640991,0,1.67187404077822,0,
1981,9,5,1.51456832885742,0,3.26967273933042,0,
1981,9,6,20.9521865844727,0,9.18241990055662,0,
1981,9,7,27.450777053833,0,24.4866038084563,0,
1981,9,8,9.63814735412598,0,18.9369792721418,0,
1981,9,9,3.50581908226013,0,4.80773629075839,0,
1981,9,10,16.3946437835693,0,8.61419939694815,0,
1981,9,11,10.0845260620117,0,12.3528951662815,0,
1981,9,12,0.560597717761993,0,2.96593945980362,0,
1981,9,13,1.32274854183197,0,1.16436472801047,0,
1981,9,14,19.6823997497559,0,10.7605944733684,0,
1981,9,15,4.99051952362061,0,11.1613608401183,0,
1981,9,16,0.754782497882843,0,1.90241695049622,0,
1981,9,17,14.6029739379883,0,6.67277349757364,0,
1981,9,18,17.545072555542,0,16.7932406098876,0,
1981,9,19,0.143169417977333,0,10.7621029034951,0,
1981,9,20,0.768807172775269,0,0.513065667085357,0,
1981,9,21,0.182564988732338,0,0.559945588931669,0,
1981,9,22,0.804806172847748,0,0.600285773994983,0,
1981,9,23,0.377777934074402,0,0.665629942957366,0,
1981,9,24,1.06414139270782,0,0.770549168998741,0,
1981,9,25,1.50911045074463,0,1.15598592640276,0,
1981,9,26,7.35595655441284,0,4.13694604787838,0,
1981,9,27,1.54661726951599,0,4.65967851412961,0,
1981,9,28,3.08961081504822,1.02123347423162,1.30075804191051,0,
1981,9,29,9.67343521118164,1.02123435446629,5.36028850401863,3.08960831871514,
1981,9,30,9.14893627166748,0,9.41050816992833,0,
1981,10,1,5.85597658157349,0,6.69843745225307,0,
1981,10,2,0.370391875505447,0.185195496872893,2.92799526119916,0,
1981,10,3,0.00529110804200172,0.189026775456796,0,0,
1981,10,4,0.694217622280121,0.348462797975117,0,0,
1981,10,5,4.06290197372437,1.97463429103595,0.402322922996973,0,
1981,10,6,2.47580862045288,1.6287450094967,1.64061033840994,3.22864115852121,
1981,10,7,9.11959075927734,0,5.79570146063384,1.90245337564852,
1981,10,8,0.72756153345108,0,4.9717067860372,0,
1981,10,9,1.3978363275528,0,1.26404663826543,0,
1981,10,10,0.0231293458491564,0,0.562507302084669,0,
1981,10,11,0.70141065120697,0.350704129483347,0.0115647123675444,0,
1981,10,12,8.20148181915283,0.35070538155037,4.10074025539848,0.70140866145789,
1981,10,13,5.56780481338501,0,6.46465981368738,0,
1981,10,14,15.4606313705444,0,7.86885834490226,0,
1981,10,15,10.5917129516602,0,14.042349852494,0,
1981,10,16,2.69070935249329,0,5.96896165371982,0,
1981,10,17,25.2479572296143,2.27373675443232e-13,13.9693068625404,0,
1981,10,18,12.8301115036011,-2.27373675443232e-13,19.0390564989498,0,
1981,10,19,1.84566414356232,0.922829167798227,6.4150759388026,0,
1981,10,20,0.0233156718313694,0.934871475685213,0,0,
1981,10,21,1.27029466629028,0.011657844687079,0.635146855228186,1.86936016251411,
1981,10,22,1.10198426246643,0,1.24694295512177,0,
1981,10,23,5.19225835800171,0,2.69497121615018,0,
1981,10,24,13.0943546295166,0,9.02936904545277,0,
1981,10,25,7.74245643615723,0,10.8153928395129,0,
1981,10,26,3.14225649833679,0,6.7755776542233,0,
1981,10,27,0.366952657699585,0.0156194610847251,1.97537481691847,0.0156194610847251,
1981,10,28,0.661821007728577,0.346098130276005,0.168288868158697,0.0151872544574871,
1981,10,29,4.14243650436401,2.40199129552616,0,0,
1981,10,30,2.91708898544312,3.5227087730209,0,0,
1981,10,31,9.48943519592285,6.19479213769955,0,-2.27373675443232e-13,
1981,11,1,1.87964415550232,5.73344287454415,0,2.27373675443232e-13,
1981,11,2,0.706201493740082,1.35138035169871,2.27373675443232e-13,0,
1981,11,3,11.1989850997925,6.02003676493951,-4.54747350886464e-13,0,
1981,11,4,10.2178478240967,10.7600213656131,2.27373675443232e-13,0,
1981,11,5,4.00831460952759,7.16407653976967,0,0,
1981,11,6,2.84057974815369,3.31594412107711,0,0,
1981,11,7,2.14140963554382,2.50364654254486,0,0,
1981,11,8,5.75367116928101,3.74605534970101,0,0,
1981,11,9,19.0310497283936,12.2635338333325,0,0,
1981,11,10,19.847677230835,9.51552609834812,9.92383732830672,2.07235708652593,
1981,11,11,4.44098138809204,0,11.9207694123329,10.5882443106052,
1981,11,12,2.10238790512085,1.0553744052022,2.21166011034029,8.30101846364187,
1981,11,13,0,1.04796004512832,0,0,
1981,11,14,0,0,0,0,
1981,11,15,0.418241918087006,0.0579978556693277,0,0,
1981,11,16,1.05739402770996,0.644140571788284,0,0,
1981,11,17,1.28244888782501,1.1756649861677,0,0,
1981,11,18,1.22155845165253,1.26287258581624,0,0,
1981,11,19,6.00928544998169,3.47020537195499,0,0,
1981,11,20,2.11361026763916,3.80590698660944,0,0,
1981,11,21,1.46164381504059,1.78250864976121,0,0,
1981,11,22,1.95156216621399,1.62152203943447,0,0,
1981,11,23,4.22774362564087,2.8776921441206,0,0,
1981,11,24,2.97017955780029,3.26660369598426,2.27373675443232e-13,2.27373675443232e-13,
1981,11,25,5.87105703353882,4.34390015885401,-2.27373675443232e-13,-2.27373675443232e-13,
1981,11,26,0.849810183048248,3.33171285315621,0,0,
1981,11,27,4.30771160125732,2.33614877608625,0,0,
1981,11,28,6.7695369720459,5.40175221305162,0,0,
1981,11,29,3.89943528175354,5.55497082282022,0,0,
1981,11,30,4.22136735916138,4.15235203891984,-2.27373675443232e-13,0,
1981,12,1,2.10330200195313,3.67551645018557,2.27373675443232e-13,0,
1981,12,2,8.58288669586182,5.17626155400649,0,0,
1981,12,3,1.77457845211029,5.72433661420018,0,0,
1981,12,4,13.0408926010132,6.95053776672307,0,2.27373675443232e-13,
1981,12,5,15.8652400970459,13.985342252497,0,-2.27373675443232e-13,
1981,12,6,0.514439105987549,7.580564512298,0,0,
1981,12,7,0.00514608109369874,0.131809756574285,0,0,
1981,12,8,0.212418019771576,0.126194707991772,0,0,
1981,12,9,0.000143470111652277,0.144249996873214,0,0,
1981,12,10,0.0742411315441132,0.0142414773622477,0,0,
1981,12,11,0.00602631503716111,0.0442900339960488,0,0,
1981,12,12,0,0.0029991441160746,0,0,
1981,12,13,0.0257635191082954,0.0220659532824357,0,0,
1981,12,14,0.0823846235871315,0.0685876021473177,0,0,
1981,12,15,5.22426986694336,2.99695122934145,0,0,
1981,12,16,20.0937519073486,12.7387925133003,0,0,
1981,12,17,15.3892526626587,18.0503472701917,0,0,
1981,12,18,8.53390598297119,7.87922714201341,4.08235446749177,1.04604448143004,
1981,12,19,2.28676891326904,1.32753736624431,4.08424294437759,1.04652837640788,
1981,12,20,3.15190148353577,2.6807720134359,0,0,
1981,12,21,0.48960018157959,2.08311199732248,0,0,
1981,12,22,0.0360920913517475,0.303251279124424,0,0,
1981,12,23,0.945287764072418,0.240909238440736,0,0,
1981,12,24,1.81794035434723,1.38552339732587,0,0,
1981,12,25,0.90260112285614,1.26713209657737,0,0,
1981,12,26,0.944033563137054,0.919663412685395,0,0,
1981,12,27,0.0421108938753605,0.366752793606338,0,0,
1981,12,28,0,0.0210646445705152,0,0,
1981,12,29,0.052170317620039,0.0325313920891404,0,0,
1981,12,30,0,0.00793727876521189,0,0,
1981,12,31,1.536970557936e-05,1.14864117222169e-05,0,0,
1982,1,1,0,0.00291778580663049,0,0,
1982,1,2,0.0289958938956261,0.0245852693524284,0,0,
1982,1,3,0.281876742839813,0.114041764820058,0,0,
1982,1,4,0.075487308204174,0.249273007184456,0,0,
1982,1,5,1.82634711265564,0.742154747338873,0,0,
1982,1,6,0.474246263504028,1.24692678032557,0,0,
1982,1,7,0.71902060508728,0.542438533477707,0,0,
1982,1,8,12.5127143859863,5.68532026644334,0,0,
1982,1,9,2.38084864616394,6.98920637061974,-2.27373675443232e-13,0,
1982,1,10,0.149069532752037,1.08529054155201,2.27373675443232e-13,0,
1982,1,11,0,0.0803450620021522,0,0,
1982,1,12,4.9729495048523,2.00240667104958,0,0,
1982,1,13,10.5563640594482,7.16224076060553,0,0,
1982,1,14,0.104647107422352,6.21878779858594,0,0,
1982,1,15,0,0.0641650188392759,0,0,
1982,1,16,0.00897337589412928,0.0101546728956237,0,0,
1982,1,17,0.0406956374645233,0.0472008111630657,0,0,
1982,1,18,0.144944041967392,0.120215227502513,0,0,
1982,1,19,0.0546603985130787,0.0619263780929487,0,0,
1982,1,20,0,0.00792387754131596,0,0,
1982,1,21,0,0,0,0,
1982,1,22,0,0.140308835861788,0,0,
1982,1,23,1.31729304790497,1.11782371749155,0,0,
1982,1,24,0.513454377651215,0.806933206049735,0,0,
1982,1,25,1.07808935642242,0.762980285315507,0,0,
1982,1,26,0.593387722969055,0.95576760814879,0,0,
1982,1,27,2.64856815338135,1.82818744057499,0,0,
1982,1,28,3.36754536628723,3.12961774429596,0,0,
1982,1,29,0.227514207363129,1.43189588129894,0,0,
1982,1,30,0.245347201824188,0.239163617695112,0,0,
1982,1,31,0.32516673207283,0.28957393478413,0,0,
1982,2,1,0.103286951780319,0.153549181803328,0,0,
1982,2,2,0.183226242661476,0.162509635156994,0,0,
1982,2,3,0.105830110609531,0.140013501291833,0,0,
1982,2,4,0.339642137289047,0.382381107586525,0,0,
1982,2,5,1.21332144737244,1.07134339278264,0,0,
1982,2,6,0.160948365926743,1.00793183434234,0,0,
1982,2,7,0.0736016929149628,0.189197782385463,0,0,
1982,2,8,7.1557788848877,3.26756548720982,-2.27373675443232e-13,-2.27373675443232e-13,
1982,2,9,10.0201148986816,7.73562401687718,2.27373675443232e-13,2.27373675443232e-13,
1982,2,10,2.98473334312439,7.08514549858273,0,0,
1982,2,11,0.445211201906204,0.914512626219903,0,0,
1982,2,12,0,0.0963555354001073,0,0,
1982,2,13,0.770918369293213,0.452887667800269,0,0,
1982,2,14,12.6755638122559,5.91037908618137,0,0,
1982,2,15,13.4431552886963,12.988465366011,0,0,
1982,2,16,4.3102388381958,8.53417287596835,0,0,
1982,2,17,4.08518505096436,4.24630711458303,0,0,
1982,2,18,5.21001815795898,4.74604706885248,0,0,
1982,2,19,4.38771343231201,4.76945428322597,2.27373675443232e-13,0,
1982,2,20,2.40872383117676,3.72834098989051,-2.27373675443232e-13,0,
1982,2,21,0.0312897488474846,1.99057935421843,0,0,
1982,2,22,0.044923335313797,0.235610415605379,0,0,
1982,2,23,0.302100270986557,0.258291942979213,0,0,
1982,2,24,0.000914055330213159,0.195720122004332,0,0,
1982,2,25,0,0.0046197771516745,0,0,
1982,2,26,0,0.000102788856565894,0,0,
1982,2,27,0,0,0,0,
1982,2,28,7.54702705307864e-05,1.0430725524202e-05,0,0,
1982,3,1,0,5.65526379432413e-05,0,0,
1982,3,2,0.0748482272028923,0.0103532399850792,0,0,
1982,3,3,7.43518758099526e-05,0.056096794065752,0,0,
1982,3,4,8.77973604929139e-07,0.00847279213962793,0,0,
1982,3,5,0.547932267189026,0.0757385883186998,0,0,
1982,3,6,1.22118473052979,0.596247567571481,0,0,
1982,3,7,3.59913444519043,1.74855055383364,0,0,
1982,3,8,1.57664656639099,2.74440744033041,0,0,
1982,3,9,0.776852250099182,1.13623842893526,0,0,
1982,3,10,2.96023774147034,2.37710596107854,0,0,
1982,3,11,1.24212837219238,2.71070599552399,0,0,
1982,3,12,0.607712626457214,1.14625122707412,0,0,
1982,3,13,0.258796989917755,0.481044304391617,0,0,
1982,3,14,0.269251793622971,0.264201299557953,0,0,
1982,3,15,0.647245943546295,0.350374537965536,0,0,
1982,3,16,0.758843302726746,0.677632456235415,0,0,
1982,3,17,0.0109571870416403,0.213657283454495,-2.27373675443232e-13,0,
1982,3,18,2.47892694460461e-06,0.0091056650178416,2.27373675443232e-13,0,
1982,3,19,0.0326665677130222,0.00762193179298265,0,0,
1982,3,20,0.0395901687443256,0.033418892165173,0,0,
1982,3,21,0.287805169820786,0.109640794055849,0,0,
1982,3,22,1.59453547000885,0.685663811082804,0,0,
1982,3,23,0.0957720726728439,0.874459704241417,0,0,
1982,3,24,2.78566884994507,2.14021484127034,0,0,
1982,3,25,7.12402439117432,4.6404052513717,0,0,
1982,3,26,2.20278358459473,3.8160280460429,0,0,
1982,3,27,0.104202844202518,0.68552177832953,0,0,
1982,3,28,0.275829702615738,0.199334270953841,-2.27373675443232e-13,0,
1982,3,29,0.0405590012669563,0.222998095376624,2.27373675443232e-13,0,
1982,3,30,0.0170106086879969,0.0417227909260873,0,0,
1982,3,31,0.0172089021652937,0.0324264824728289,0,0,
1982,4,1,0.317539006471634,0.247861234710854,0,-2.27373675443232e-13,
1982,4,2,0.033594086766243,0.28065709796806,0,2.27373675443232e-13,
1982,4,3,0.0378219373524189,0.0686238002456321,0,0,
1982,4,4,0.00367022375576198,0.0150511374267808,0,0,
1982,4,5,0.00108312128577381,0.00151408509213979,0,0,
1982,4,6,0.000359439698513597,0.000441450115431508,0,0,
1982,4,7,0.000181223731487989,0.000206264935741274,0,0,
1982,4,8,3.46292209625244,9.06119339560973e-05,1.73145975146531,2.6512293357589,
1982,4,9,1.48193669319153,0.740911612518175,1.73159362173146,2.6514343193146,
1982,4,10,0.367637276649475,1.33624136901085,0,0,
1982,4,11,0.0533220879733563,0.372151570139067,0,0,
1982,4,12,5.06961965560913,2.23339830717691,0,0,
1982,4,13,3.65292406082153,4.31779606237524,0,0,
1982,4,14,0.000173502150573768,2.18867984326812,0,0,
1982,4,15,3.93092441558838,1.65927404701142,0,0,
1982,4,16,0.348070561885834,2.28057670253565,0,0,
1982,4,17,0.0397568717598915,0.236337668800161,0,0,
1982,4,18,3.90948104858398,0.753547384373178,0,0,
1982,4,19,6.98718690872192,4.35156317859037,0,0,
1982,4,20,22.1537628173828,3.71172653404665,10.6295767069755,1.05385006166102,
1982,4,21,0.525491178035736,0.711068701469685,10.688185095195,1.05966068378098,
1982,4,22,0.0182810332626104,0.273324809439146,0,0,
1982,4,23,0.00159337557852268,0.0099402882119648,0,0,
1982,4,24,1.41044688224792,0.468614493896666,0,0,
1982,4,25,2.84992170333862,0.913596354701212,1.1922781361136,0.720751461524969,
1982,4,26,7.09860706329346,0.232980440483289,4.7385464422232,2.19957749188552,
1982,4,27,3.14236736297607,0,5.19960373589811,5.84567138581224,
1982,4,28,0.224158942699432,0,1.57618661422976,9.69062790534917,
1982,4,29,0.234553128480911,0.101883856367522,0.1273867808261,5.24011680972421,
1982,4,30,0.358491688966751,0.285237556902757,0.013255271926937,0,
1982,5,1,0.235730350017548,0.295860460673794,0,0,
1982,5,2,0.160435706377029,0.19576401786162,2.27373675443232e-13,0,
1982,5,3,0.276027351617813,0.0802637353451701,0.137934736210127,4.34787445622442,
1982,5,4,0,0,0.137943393066053,4.34814733108078,
1982,5,5,3.51429200172424,0.861006669445715,0.834526915717788,0,
1982,5,6,0.843163788318634,0.89114957557058,1.28586538927789,12.1687578963672,
1982,5,7,0.0252476837486029,0,0.471898954712742,26.3517171715594,
1982,5,8,0.0167917162179947,0,0.021285501386501,25.3242855494236,
1982,5,9,0.0781398937106133,0,0.0462659181321214,18.6088245386393,
1982,5,10,3.01185202598572,0,1.50418525473083,18.2600283164095,
1982,5,11,2.45514059066772,0,2.75508414890351,24.3872917737974,
1982,5,12,1.15776491165161,0,1.85901793740595,23.1160064769394,
1982,5,13,0.489026308059692,0,0.845399979179774,10.2805817349602,
1982,5,14,0.0973222404718399,0,0.301113043649593,4.60408672784956,
1982,5,15,0.389654457569122,0,0.255748150383624,7.06541214543108,
1982,5,16,0.365871071815491,0,0.376605606706107,11.7752401082687,
1982,5,17,2.85039401054382,2.27373675443232e-13,1.70101611091741,20.6263734402062,
1982,5,18,0.291412532329559,-2.27373675443232e-13,1.59688737025954,26.7339452874019,
1982,5,19,3.72744178771973,-2.27373675443232e-13,2.0030440021194,27.791264167789,
1982,5,20,0.1180484816432,2.27373675443232e-13,1.89902562263205,27.7487134733603,
1982,5,21,3.43207740783691,0,1.77495986071267,22.9023667097094,
1982,5,22,2.9245970249176,0,3.19754753963684,17.6878745807496,
1982,5,23,2.15324807167053,0,2.54506607140274,19.5689250211542,
1982,5,24,3.87673091888428,0,3.02145983999571,23.8648162662494,
1982,5,25,0.489908039569855,0,2.27934147252017,28.4608665382505,
1982,5,26,1.82345616817474,0,1.14866444016411,32.8907506608891,
1982,5,27,0.00110269733704627,0,0.904337897151663,8.93042417627316,
1982,5,28,0.118682086467743,0,0.0586188277782185,0,
1982,5,29,0,0,0.0591655789385186,2.27373675443232e-13,
1982,5,30,0.462774306535721,0,0.232070446145144,-2.27373675443232e-13,
1982,5,31,0.350747793912888,0,0.407201973931933,0,
1982,6,1,0.0456068813800812,0,0.203734627817084,0,
1982,6,2,0.505423486232758,0,0.273016050847218,0,
1982,6,3,0.478110164403915,0,0.491740236250507,2.27373675443232e-13,
1982,6,4,0,0,0.2400542112116,-2.27373675443232e-13,
1982,6,5,0,0,0,0,
1982,6,6,0.00576584599912167,0,0.00167299738791371,0,
1982,6,7,0.067788153886795,0,0.0153409618251317,0,
1982,6,8,0.00806849449872971,0,0.0509475220278546,0,
1982,6,9,0.00471177883446217,-2.27373675443232e-13,0.00960745110478456,0,
1982,6,10,0.182092308998108,2.27373675443232e-13,0.0932941367966578,0,
1982,6,11,0.784239232540131,0,0.455871154929127,0,
1982,6,12,0.856584429740906,0,0.814183656558498,0,
1982,6,13,1.01239430904388,0,0.929877617703141,0,
1982,6,14,0.381951957941055,0,0.668699039283411,0,
1982,6,15,2.94553542137146,0,2.30956590189658,-2.27373675443232e-13,
1982,6,16,2.1798460483551,0,2.82976268243851,2.27373675443232e-13,
1982,6,17,0.204696118831635,0,1.84787563011651,0,
1982,6,18,3.17697978019714,-2.27373675443232e-13,1.77544441105488,-2.27373675443232e-13,
1982,6,19,5.57184839248657,2.27373675443232e-13,3.52769875062563,2.27373675443232e-13,
1982,6,20,1.02325117588043,0,4.24194862030618,0,
1982,6,21,0.344605505466461,0,0.626044895460382,0,
1982,6,22,0.0187334399670362,0,0.104049203298246,0,
1982,6,23,0.012394024990499,0,0.0134238561497568,0,
1982,6,24,0.0203485116362572,0,0.0139286555022409,0,
1982,6,25,0.319918811321259,0,0.0775727513321272,0,
1982,6,26,0.0877744480967522,0,0.253636100725089,0,
1982,6,27,0.0139503413811326,0,0.090189553740629,0,
1982,6,28,0.129930391907692,0,0.0416232699831198,0,
1982,6,29,0.0290550291538239,0,0.0948182919371447,0,
1982,6,30,0.514598727226257,0,0.274222387022974,0,
1982,7,1,1.13628447055817,0,0.879769927541474,0,
1982,7,2,0.25196173787117,0,0.609392879749294,0,
1982,7,3,0,0,0.104675601103054,0,
1982,7,4,0.50297075510025,0,0.296605137060851,0,
1982,7,5,0.0893932282924652,0,0.237137323169009,0,
1982,7,6,0.375786870718002,0,0.400556425660852,0,
1982,7,7,4.25501871109009,0,3.12371897956064,2.27373675443232e-13,
1982,7,8,2.75448369979858,0,3.99315450502422,-2.27373675443232e-13,
1982,7,9,0.0299732815474272,0,2.19603775583573,0,
1982,7,10,0.926734685897827,2.27373675443232e-13,0.524284218035291,0,
1982,7,11,0.40088564157486,-2.27373675443232e-13,0.539208999059838,0,
1982,7,12,0.629857957363129,0,0.595959244478763,0,
1982,7,13,0.629121243953705,0,0.733420910568157,0,
1982,7,14,1.55826556682587,0,1.42952899648299,0,
1982,7,15,0.584155976772308,0,1.42127300709649,0,
1982,7,16,1.30029904842377,0,0.842560997249166,0,
1982,7,17,0.492894321680069,0,0.957478783002898,0,
1982,7,18,4.02716779708862,0,3.23441672513286,0,
1982,7,19,4.47901821136475,0,4.15749902711173,0,
1982,7,20,0.320102214813232,0,2.47645670195425,0,
1982,7,21,0.0297202356159687,0,0.216439656376906,0,
1982,7,22,0.0494984798133373,0,0.0452904442856834,0,
1982,7,23,0.00830813404172659,0,0.034952955387098,0,
1982,7,24,0.033911969512701,0,0.0207954058612359,-2.27373675443232e-13,
1982,7,25,0.0186051670461893,0,0.0238156103196161,2.27373675443232e-13,
1982,7,26,0.00720894569531083,0,0.0102019259984445,0,
1982,7,27,0.00487707741558552,0,0.0053368682092696,0,
1982,7,28,0.00251570227555931,0,0.006052465169887,0,
1982,7,29,0.0673622116446495,0,0.0515765609236496,0,
1982,7,30,2.04516339302063,0,0.548907347401837,0,
1982,7,31,2.60585761070251,2.27373675443232e-13,2.35669664059719,2.27373675443232e-13,
1982,8,1,5.19817638397217,-2.27373675443232e-13,4.71691220515345,-2.27373675443232e-13,
1982,8,2,9.93635559082031,0,7.23883201861031,0,
1982,8,3,1.22280025482178,0,6.7242862429348,0,
1982,8,4,4.9783673286438,0,2.96444291191074,0,
1982,8,5,5.11554002761841,0,5.01574194477325,0,
1982,8,6,0.640384674072266,0,2.97390138058654,0,
1982,8,7,1.10406720638275,0,0.813595347414321,0,
1982,8,8,5.77871608734131,0,4.03936231522721,0,
1982,8,9,0.905126750469208,0,2.81865031323923,0,
1982,8,10,0.849076986312866,0,0.879727230559638,0,
1982,8,11,6.50893878936768,0,4.03515046191114,0,
1982,8,12,3.1432957649231,0,5.25629387499612,0,
1982,8,13,0.195623576641083,0,2.62838203878664,0,
1982,8,14,0.0763852745294571,0,0.360262022354618,0,
1982,8,15,0.0120038371533155,0,0.0573317497833159,0,
1982,8,16,0.784251868724823,0,0.323923874589582,0,
1982,8,17,0.373915314674377,0,0.477506738583998,0,
1982,8,18,0.992232799530029,0,0.475971759140975,0,
1982,8,19,0.28727325797081,0,0.716597557038313,0,
1982,8,20,0.0101108867675066,0,0.103041270988797,0,
1982,8,21,0.0908089578151703,0,0.069716823323688,0,
1982,8,22,0.0215530768036842,0,0.13764179870077,0,
1982,8,23,1.09827899932861,0,0.930830777552728,0,
1982,8,24,0.702811479568481,0,0.945764938583579,0,
1982,8,25,1.09296834468842,2.27373675443232e-13,0.964598710241262,2.27373675443232e-13,
1982,8,26,6.19160509109497,-2.27373675443232e-13,1.88942650006675,-2.27373675443232e-13,
1982,8,27,1.9010763168335,0,3.58911038957649,0,
1982,8,28,2.23135304450989,0,2.06649672341473,0,
1982,8,29,2.76303577423096,0,2.33382504026304,0,
1982,8,30,2.54398608207703,0,2.61748658193301,0,
1982,8,31,1.32660448551178,0,2.20226986719081,0,
1982,9,1,12.2537879943848,0,7.76262608986781,0,
1982,9,2,4.01053237915039,0,10.1846025189611,0,
1982,9,3,0.0628850758075714,0,2.87697581895964,0,
1982,9,4,0.117555841803551,0,0.184396474645837,0,
1982,9,5,2.38794636726379,0,0.819660856130668,0,
1982,9,6,12.9416742324829,0,7.16560305939947,2.27373675443232e-13,
1982,9,7,1.51915609836578,0,8.26272367735055,-2.27373675443232e-13,
1982,9,8,0.673015654087067,0,1.05071603090937,0,
1982,9,9,0.747419714927673,0,0.692960364670853,0,
1982,9,10,0,0,0.362965134013393,0,
1982,9,11,0.00140402466058731,0,0.000325908472859737,0,
1982,9,12,0.0182392038404942,0,0.0561842345864534,0,
1982,9,13,1.79198360443115,0,1.35999486346509,0,
1982,9,14,3.69349813461304,0,2.35030965301394,0,
1982,9,15,0.590904355049133,0,1.72975469199537,0,
1982,9,16,0.260797888040543,0,0.39191518745065,-2.27373675443232e-13,
1982,9,17,0.238638669252396,0,0.257612534348482,2.27373675443232e-13,
1982,9,18,0.001030876301229,0,0.180489005537311,0,
1982,9,19,0.0212370250374079,0,0.0107406901588547,0,
1982,9,20,1.01211190223694,0,0.568712042038442,0,
1982,9,21,0.155915424227715,0,0.631098096340793,0,
1982,9,22,3.62818479537964,0,2.99332407386737,0,
1982,9,23,11.2791843414307,0,7.26229846017759,0,
1982,9,24,3.24818730354309,0,5.18169582388737,0,
1982,9,25,0.119923926889896,0,0.836721380239396,0,
1982,9,26,0.275315552949905,0,0.215639596804522,0,
1982,9,27,2.07354044914246,0,0.842967319041236,0,
1982,9,28,0.354206323623657,0,1.73571267792249,0,
1982,9,29,18.8388004302979,0,9.4229329831378,0,
1982,9,30,16.4483489990234,0,17.1940030289052,0,
1982,10,1,0.469095647335053,0,10.4719745491334,0,
1982,10,2,0.78672868013382,-2.27373675443232e-13,0.656337303233613,-2.27373675443232e-13,
1982,10,3,3.46731996536255,2.27373675443232e-13,1.59018933494417,2.27373675443232e-13,
1982,10,4,3.76525902748108,0,3.44814013722498,0,
1982,10,5,12.4011459350586,0,8.05619875712364,0,
1982,10,6,15.2348852157593,0,13.8157039686917,-2.27373675443232e-13,
1982,10,7,0.288888514041901,0,7.78151674798528,2.27373675443232e-13,
1982,10,8,4.55738544464111,0,2.81261669203059,0,
1982,10,9,17.327278137207,0,13.0767243314422,0,
1982,10,10,4.96424531936646,0,11.3802806264571,0,
1982,10,11,19.2073860168457,0,12.085804628492,0,
1982,10,12,14.5493907928467,0,16.87839224255,0,
1982,10,13,2.23463940620422,0,10.8865827301615,0,
1982,10,14,0.0639297887682915,0.00758117068312458,1.36056423930495,0.00758117068312458,
1982,10,15,0.463777273893356,0.241277603668323,0.0348857353333187,0.00938831482744718,
1982,10,16,0.147630020976067,0.307169504520971,0,0,
1982,10,17,12.0154190063477,6.08253507901259,0,0,
1982,10,18,1.01146602630615,6.36680709462121,0.172129554602634,0,
1982,10,19,3.2448296546936,1.98703091338598,0.168664758197338,0,
1982,10,20,9.557861328125,5.32095154985063,1.08034429183635,0,
1982,10,21,16.0117874145508,11.7042730813339,1.08040894208034,0,
1982,10,22,4.97687864303589,10.596313431284,0,0,
1982,10,23,12.1507196426392,8.38921473927826,0,0,
1982,10,24,16.302864074707,14.0282286309721,0,0,
1982,10,25,9.92898178100586,13.230415377172,0,0,
1982,10,26,9.57774066925049,9.68014234046427,0,0,
1982,10,27,2.07780623435974,6.17174084767885,0,0,
1982,10,28,2.9566695690155,2.72822142968175,0,-2.27373675443232e-13,
1982,10,29,9.35318183898926,5.86012766350109,0,0,
1982,10,30,11.3589515686035,10.0749613642859,0,2.27373675443232e-13,
1982,10,31,0.011455905623734,5.9736651232156,0,2.27373675443232e-13,
1982,11,1,3.89609742164612,2.21434375330341,0,-2.27373675443232e-13,
1982,11,2,18.2226753234863,10.6532689439416,0,0,
1982,11,3,10.6665229797363,14.8005165314089,0,0,
1982,11,4,1.89633178710938,6.11034499472476,0,0,
1982,11,5,0.0393133014440537,0.439444882847283,0,0,
1982,11,6,0.131912767887115,0.110979858134215,0,0,
1982,11,7,0.240647226572037,0.183088679217917,0,0,
1982,11,8,7.61291980743408,4.29603966323339,0,0,
1982,11,9,16.5828552246094,12.6702596217715,0,0,
1982,11,10,0.585221946239471,8.13802795214929,0,0,
1982,11,11,0.143068730831146,0.252997040497576,0,0,
1982,11,12,0.552709758281708,0.379842942203368,0,0,
1982,11,13,11.042667388916,5.93291907494358,0,0,
1982,11,14,4.41521835327148,7.81735028568892,0,0,
1982,11,15,0.38254702091217,3.02276251068497,0,0,
1982,11,16,0.404767960309982,0.398328512514127,0,0,
1982,11,17,0.0861256048083305,0.296091660309457,0,0,
1982,11,18,0,0.076800189088317,0,0,
1982,11,19,0,0.00874579690957944,0,0,
1982,11,20,0.0598457716405392,0.0394290180988719,0,0,
1982,11,21,0.0344143398106098,0.0532022425074956,0,0,
1982,11,22,0.0127484248951077,0.0262901308860819,0,0,
1982,11,23,0.038186140358448,0.0295510817952618,0,0,
1982,11,24,0.115301951766014,0.0868171293436717,0,0,
1982,11,25,10.0284585952759,4.30333987436916,0,0,
1982,11,26,1.7538994550705,5.3350535912889,0,0,
1982,11,27,0.223637998104095,0.909700689800502,0,0,
1982,11,28,3.71849155426025,2.36156832199094,0,0,
1982,11,29,1.35798120498657,3.16442738585101,0,0,
1982,11,30,0.894133627414703,1.26591381241633,0,0,
1982,12,1,9.80658435821533,4.7905541173127,0,0,
1982,12,2,5.98669958114624,7.14968178894196,0,0,
1982,12,3,0.386686772108078,2.59556168348354,0,0,
1982,12,4,0.0417587235569954,0.292246422463677,0,0,
1982,12,5,0.00990689545869827,0.151014524366474,0,0,
1982,12,6,1.02116823196411,0.8850370312623,0,-2.27373675443232e-13,
1982,12,7,15.6739158630371,7.46887029682807,0,2.27373675443232e-13,
1982,12,8,5.36724185943604,10.5771846150783,0,0,
1982,12,9,0.351889610290527,3.42043522199947,0,0,
1982,12,10,0.564734578132629,0.508277381161179,0,-2.27373675443232e-13,
1982,12,11,11.3034172058105,5.94515577096604,0,2.27373675443232e-13,
1982,12,12,5.84204721450806,9.50035142508045,0,-2.27373675443232e-13,
1982,12,13,9.30003833770752,8.43601602018794,0,2.27373675443232e-13,
1982,12,14,6.47262573242188,8.71150047173751,0,0,
1982,12,15,1.77988517284393,4.63237425521947,4.54747350886464e-13,0,
1982,12,16,1.18435597419739,1.44068880446002,-4.54747350886464e-13,0,
1982,12,17,0.139121577143669,0.806084346630769,0,0,
1982,12,18,2.27302718162537,0.602611112094337,0,0,
1982,12,19,0.940385043621063,1.40659369177774,0,0,
1982,12,20,0.0181257035583258,0.416036548616148,0,0,
1982,12,21,0.144762814044952,0.0661698625374356,0,0,
1982,12,22,0.460492610931397,0.355891448660032,0,0,
1982,12,23,3.57671356201172,2.16812855532248,0,0,
1982,12,24,3.7742486000061,3.68285421947166,0,0,
1982,12,25,0.0177020728588104,2.28705831288244,0,0,
1982,12,26,1.02653276920319,0.501075950420727,0,0,
1982,12,27,0.500114381313324,0.8666150875124,0,0,
1982,12,28,0.0496995374560356,0.448973883625058,0,0,
1982,12,29,1.05475187301636,0.504048026497912,0,0,
1982,12,30,1.53297579288483,1.2516418253565,0,0,
1982,12,31,0.032163992524147,1.21127087138439,0,0,
1983,1,1,4.80725908279419,2.73141044009731,0,0,
1983,1,2,3.60485911369324,3.96647450226783,0,0,
1983,1,3,4.11221504211426,3.87086812687608,0,0,
1983,1,4,2.67061948776245,3.68289109562329,0,0,
1983,1,5,5.29504251480103,3.13715020719951,0,0,
1983,1,6,23.1611099243164,13.9937408705275,0,0,
1983,1,7,7.12640047073364,15.2521384749462,0,0,
1983,1,8,3.64461517333984,4.80499245995998,0,0,
1983,1,9,0.249582499265671,1.30492091295719,0,0,
1983,1,10,6.85986757278442,2.70599663629741,0,0,
1983,1,11,10.1567516326904,9.09914827359671,0,0,
1983,1,12,4.05150413513184,8.27380497440799,0,0,
1983,1,13,31.6303329467773,17.4687398040551,0,2.27373675443232e-13,
1983,1,14,25.9590187072754,30.0674113770224,0,-2.27373675443232e-13,
1983,1,15,6.68949842453003,16.8440445106444,0,0,
1983,1,16,5.80849695205689,6.2458503340356,0,0,
1983,1,17,3.88937902450562,5.24099341000283,0,0,
1983,1,18,1.35692012310028,3.53055254833907,0,0,
1983,1,19,1.78323030471802,1.79204960086417,0,0,
1983,1,20,0,1.28961172865684,0,0,
1983,1,21,0.00087683938909322,0.0585360031454911,0,0,
1983,1,22,0.000101992794952821,0.00067102238199368,0,0,
1983,1,23,0,0.00016743649939599,0,0,
1983,1,24,0,1.0601270787447e-05,0,0,
1983,1,25,5.77967596054077,1.45417123009702,0,0,
1983,1,26,0.0485923513770104,2.78404512028146,0,0,
1983,1,27,0.775592029094696,0.484990113266576,0,0,
1983,1,28,3.45286560058594,1.7472670733423,0,0,
1983,1,29,6.5273232460022,4.07697701393909,0,0,
1983,1,30,2.44415402412415,4.06719195014557,0,0,
1983,1,31,0.786937952041626,1.37743388224271,0,0,
1983,2,1,1.42441487312317,1.07813621050627,0,0,
1983,2,2,2.23967719078064,1.61671770886915,0,0,
1983,2,3,1.80650758743286,1.95534981547098,0,0,
1983,2,4,10.1760559082031,7.15043434377594,0,0,
1983,2,5,3.38625478744507,7.96233047594023,0,0,
1983,2,6,0.883944511413574,2.27853681578199,0,0,
1983,2,7,0.0444859303534031,0.657885444090425,0,0,
1983,2,8,4.41190004348755,2.69389341641954,0,0,
1983,2,9,1.71689558029175,2.50547253614832,0,0,
1983,2,10,4.14421033859253,3.015802850412,0,0,
1983,2,11,0.829123377799988,2.98642355626225,0,0,
1983,2,12,2.74346327781677,1.26071483080113,0,0,
1983,2,13,0.159395411610603,1.23101849625209,0,0,
1983,2,14,0.00881591066718102,0.0676355147866161,0,0,
1983,2,15,0.0249871090054512,0.0123489819352471,0,0,
1983,2,16,0.00147093704435974,0.0176129648575625,0,0,
1983,2,17,0.485546439886093,0.18236789507182,0,0,
1983,2,18,6.08693695068359,3.5058693636538,0,0,
1983,2,19,4.55866289138794,5.57582162119616,0,0,
1983,2,20,2.36914992332459,4.17092624091993,0,0,
1983,2,21,1.53877139091492,2.10498779040381,0,0,
1983,2,22,0.308743804693222,1.01402023746277,0,0,
1983,2,23,10.7439670562744,5.68453462894013,0,2.27373675443232e-13,
1983,2,24,1.37959432601929,6.55440666967661,0,-4.54747350886464e-13,
1983,2,25,2.30347752571106,1.98313106146816,0,2.27373675443232e-13,
1983,2,26,0,1.23031772627201,0,0,
1983,2,27,1.23441553115845,0.362861918847557,0,0,
1983,2,28,1.87844455242157,1.29529841714202,0,0,
1983,3,1,0.0702066123485565,1.08186622565972,0,0,
1983,3,2,0.212158933281899,0.127484248308065,0,0,
1983,3,3,0.0686061605811119,0.116548934222919,0,0,
1983,3,4,0.102913036942482,0.072931285744744,0,0,
1983,3,5,0.00150629144627601,0.0803762566820296,0,0,
1983,3,6,0,0.00383623580046333,0,0,
1983,3,7,0.0188744887709618,0.00611384369130974,0,0,
1983,3,8,2.3682849407196,0.775891745128774,0,0,
1983,3,9,11.9080762863159,8.02045808845014,0,2.27373675443232e-13,
1983,3,10,4.25821256637573,10.1673366769082,0,-2.27373675443232e-13,
1983,3,11,5.38482189178467,4.67196268215366,0,0,
1983,3,12,0.119980551302433,4.25182363716613,0,0,
1983,3,13,0.0039792088791728,0.301329816253201,0,0,
1983,3,14,0.00666199158877134,0.0160308425074618,0,0,
1983,3,15,0.384124994277954,0.21502126157975,0,0,
1983,3,16,0.0035796775482595,0.122107520836835,0,0,
1983,3,17,0.016718540340662,0.0128938349889722,0,0,
1983,3,18,0.000676385592669249,0.00424933015801798,0,0,
1983,3,19,4.18957060901448e-05,0.000248698373070511,0,0,
1983,3,20,0.0012240675278008,0.000891836277787661,0,0,
1983,3,21,0,0.000350200358298025,0,0,
1983,3,22,0.00138165231328458,0.00107892490314043,0,0,
1983,3,23,0.00152842362876982,0.00185314605278109,0,0,
1983,3,24,0.00812312215566635,0.0413006556527762,0,0,
1983,3,25,0.647089779376984,0.503406826688661,0,-2.27373675443232e-13,
1983,3,26,0.223708346486092,0.583044170096855,0,2.27373675443232e-13,
1983,3,27,3.52994155883789,1.54443531523248,0,0,
1983,3,28,1.64574921131134,2.73628599640961,0,0,
1983,3,29,0,1.22808200224972,0,0,
1983,3,30,0.575477719306946,0.141010932435165,0,0,
1983,3,31,18.9157257080078,7.57384464929464,0,2.27373675443232e-13,
1983,4,1,1.16471421718597,11.7473406739209,-4.54747350886464e-13,-4.54747350886464e-13,
1983,4,2,0.0106857353821397,0.898891662924143,4.54747350886464e-13,2.27373675443232e-13,
1983,4,3,2.76329398155212,1.61440599959451,0,0,
1983,4,4,14.0739307403564,1.38164724367607,7.03696408210954,2.06085068571747,
1983,4,5,3.40438723564148,0.947543512310403,7.82144840177125,2.07237568297865,
1983,4,6,0.0394556187093258,0.975962358330889,0.752021532433901,0,
1983,4,7,0.0148542262613773,0.0355583237815154,0,0,
1983,4,8,0.0333903394639492,0.0204119625218482,0,0,
1983,4,9,0.016241317614913,0.0285380951559091,0,0,
1983,4,10,0.456281632184982,0.109512757707307,0,0,
1983,4,11,0.0746139362454414,0.328557658201589,0,0,
1983,4,12,1.20339238643646,0.488234018696858,0,0,
1983,4,13,6.66629981994629,2.83095465037968,1.09126001131608,0,
1983,4,14,1.16382086277008,2.24280895138054,1.67338921202418,8.55633576776495,
1983,4,15,1.33539283275604,0,1.24419442537646,15.8898416080503,
1983,4,16,6.73594570159912,0,4.15425906394785,12.6715593393888,
1983,4,17,5.40755271911621,0,6.0834639816535,9.73030288510972,
1983,4,18,1.44367563724518,0.720048594644595,2.71047822716264,4.21679452741137,
1983,4,19,1.4050178527832,1.06403055963983,0.360583473508086,0,
1983,4,20,2.23626923561096,0.337206377811526,1.4830211992462,2.76531460575507,
1983,4,21,0.36546528339386,0,1.34286173699911,7.74729395841132,
1983,4,22,0.00521004246547818,0,0.192161945396947,8.64882684261238,
1983,4,23,0.000149989806232043,0,0.00266240490009295,8.90990103875629,
1983,4,24,0,0,7.22253212188662e-05,16.5345979510362,
1983,4,25,0,0,0,28.1287815058213,
1983,4,26,0,0,0,36.6122861170884,
1983,4,27,0.0233212653547525,0,0.00823261533923869,38.6849687059316,
1983,4,28,0,0,0.0152819451900541,37.6406996698915,
1983,4,29,0.0678452029824257,0,0.032049595038643,36.2049513924039,
1983,4,30,1.53580284118652,0,0.768510352608701,31.9569172736151,
1983,5,1,0.288595885038376,0,0.806505575382289,34.3926025199967,
1983,5,2,3.27828145027161,0,1.79706829421411,28.3569919229753,
1983,5,3,1.98420226573944,0,2.60635250788346,19.0113540993661,
1983,5,4,0.67900276184082,0,1.35978947705644,16.5806328225135,
1983,5,5,0.843599259853363,0,0.747152420761722,14.6739128041845,
1983,5,6,0.843852579593658,0,0.843715783936659,20.6949664042763,
1983,5,7,0.340204387903214,0,0.592706370855012,28.0240335589156,
1983,5,8,2.69983196258545,0,1.51393691563317,34.4296533308257,
1983,5,9,0.0533288866281509,0,1.38340022852935,35.0231030570194,
1983,5,10,0,0,0.026342528420173,28.6387167588114,
1983,5,11,0,0,0,28.5660602322919,
1983,5,12,0.145731687545776,0,0.0728878219624676,35.4697275470603,
1983,5,13,0,0,0.073735889526688,27.9180718571865,
1983,5,14,0.0774751454591751,0,0.0382106440292773,0,
1983,5,15,0.106331571936607,0,0.091923826688344,0,
1983,5,16,0.472645163536072,0,0.289268161775908,0,
1983,5,17,0.799667358398438,0,0.608521087406643,0,
1983,5,18,0.424436748027802,0,0.645946014447873,0,
1983,5,19,5.11222362518311,0,3.50597378405428,0,
1983,5,20,3.60181879997253,0,4.35701644411847,0,
1983,5,21,0.159466981887817,0,1.88058493196968,0,
1983,5,22,2.95457220077515,0,1.48089701240087,0,
1983,5,23,0.0909474939107895,0,1.196558322285,0,
1983,5,24,1.14886116981506,0,0.399747100323111,0,
1983,5,25,1.97538137435913,0,1.49123550925515,0,
1983,5,26,1.75517165660858,0,1.88883721618186,0,
1983,5,27,5.89371013641357,0,4.80148988846486,0,
1983,5,28,4.6460280418396,0,5.26986652388359,0,
1983,5,29,0.345473229885101,0,2.49577047180264,0,
1983,5,30,0.00895150937139988,0,0.176978924720515,0,
1983,5,31,0.664748013019562,0,0.334552536792671,0,
1983,6,1,1.34639644622803,0,1.00727913381797,0,
1983,6,2,10.4802312850952,0,5.75902284382755,0,
1983,6,3,1.57668197154999,0,6.02654051521358,0,
1983,6,4,1.25244295597076,0,1.4278441746178,0,
1983,6,5,2.85337805747986,0,1.89050031758734,0,
1983,6,6,2.52686214447022,0,2.80117367103594,0,
1983,6,7,0.076856404542923,0,2.12758052446452,0,
1983,6,8,0.276039361953735,0,0.238303028274913,0,
1983,6,9,0.417912721633911,0,0.348427155661739,0,
1983,6,10,0.746754705905914,0,0.585617267829093,0,
1983,6,11,0.0387794002890587,0,0.35174044569294,0,
1983,6,12,0.259797900915146,0,0.176169408095575,0,
1983,6,13,0.922440767288208,0,0.658055770597002,0,
1983,6,14,0.590418100357056,0,0.743322756808084,0,
1983,6,15,3.9861159324646,0,2.66054749644763,0,
1983,6,16,0.154416158795357,0,1.41197744153851,0,
1983,6,17,0.88268381357193,0,0.783058022446312,0,
1983,6,18,3.82077240943909,0,3.10394997637695,0,
1983,6,19,5.83530187606812,0,5.22524119378113,0,
1983,6,20,3.57870054244995,0,3.95453528719554,0,
1983,6,21,0.216424912214279,0,1.01700040934293,0,
1983,6,22,0.00878618098795414,0,0.187289034055539,0,
1983,6,23,0.00102140591479838,0,0.0306542640846601,0,
1983,6,24,0.00123586563859135,0,0.00191067994137484,0,
1983,6,25,0.00946231279522181,0,0.00246449389760528,0,
1983,6,26,1.74225854873657,0,0.29642829172235,0,
1983,6,27,1.09776091575623,0,1.42965671814454,0,
1983,6,28,0.0335696898400784,0,0.629548467262339,0,
1983,6,29,1.37617361545563,0,0.628328665531171,0,
1983,6,30,9.31076240539551,0,5.62114885647497,0,
1983,7,1,9.6472864151001,0,9.35888093346421,0,
1983,7,2,1.38969671726227,0,7.82032715225887,0,
1983,7,3,5.62275981903076,0,4.31877918306463,0,
1983,7,4,3.07821083068848,0,4.71165975141093,0,
1983,7,5,9.32314205169678,-4.54747350886464e-13,7.23091141252417,0,
1983,7,6,0,4.54747350886464e-13,7.11834505220031,0,
1983,7,7,0.195799276232719,0,0.093399660932846,0,
1983,7,8,0.564657509326935,0,0.378146439673856,0,
1983,7,9,2.67988395690918,0,1.0804564680875,0,
1983,7,10,1.90654766559601,0,2.18477262427223,0,
1983,7,11,0.407068282365799,0,1.0068704956102,0,
1983,7,12,5.42686319351196,0,4.28044316123851,0,
1983,7,13,2.26597285270691,0,4.37086324666416,0,
1983,7,14,1.89724981784821,0,2.26476552156237,0,
1983,7,15,0.0189548190683126,0,1.52213189081158,0,
1983,7,16,0.016844280064106,0,0.0388227738717433,0,
1983,7,17,0.288659393787384,0,0.0717336984380381,0,
1983,7,18,0.282351076602936,0,0.268819328734026,0,
1983,7,19,2.11591267585754,0,1.16126279141281,0,
1983,7,20,1.6730340719223,0,1.83638841750735,0,
1983,7,21,10.5570974349976,0,4.13918114570515,0,
1983,7,22,13.2301816940308,0,11.3933117675097,0,
1983,7,23,0.931470990180969,0,5.29092334891038,0,
1983,7,24,0.609002649784088,0,0.705841236708693,0,
1983,7,25,0.616038203239441,0,0.610432778810718,0,
1983,7,26,0.769602000713348,0,0.646791396427943,0,
1983,7,27,3.75503492355347,0,1.36637244187705,0,
1983,7,28,2.86751413345337,0,3.28182768514807,0,
1983,7,29,0.525219917297363,0,1.72739029069908,0,
1983,7,30,1.14266192913055,0,0.990494179866801,0,
1983,7,31,3.55964922904968,0,2.77690637729529,0,
1983,8,1,0.422951310873032,0,1.1213419091423,0,
1983,8,2,2.69152688980103,0,0.730540897386618,0,
1983,8,3,4.98454189300537,0,3.04992762093298,-4.54747350886464e-13,
1983,8,4,0.735032320022583,0,1.97424515910825,4.54747350886464e-13,
1983,8,5,0.355831176042557,0,0.594229834508042,0,
1983,8,6,1.09576725959778,0,0.707185185876369,0,
1983,8,7,0.0730165019631386,0,0.428876960293565,0,
1983,8,8,0.525402665138245,0,0.578514281698972,0,
1983,8,9,5.53123092651367,0,4.43590819641804,0,
1983,8,10,5.9468412399292,0,5.71632423023675,0,
1983,8,11,2.14914035797119,0,3.27653104889123,0,
1983,8,12,0.276926696300507,0,1.19164093414611,0,
1983,8,13,1.18144965171814,0,0.479439937029383,0,
1983,8,14,4.0988507270813,0,2.46768128368831,0,
1983,8,15,3.70873975753784,0,3.96819754508488,0,
1983,8,16,6.0733847618103,0,5.16195571273374,0,
1983,8,17,1.29741191864014,0,3.74897650525145,0,
1983,8,18,4.94682550430298,0,2.30329456170102,0,
1983,8,19,0.0419053584337235,0,3.98645932150384,0,
1983,8,20,0.526422202587128,0,0.392184369796269,0,
1983,8,21,2.07837176322937,0,1.03701537153665,0,
1983,8,22,4.95845127105713,0,2.83625113434027,0,
1983,8,23,5.30878782272339,0,5.06209244239562,0,
1983,8,24,2.41997694969177,0,4.50707401029149,0,
1983,8,25,5.36094474792481,0,4.1777584119709,0,
1983,8,26,10.9264860153198,0,7.80885934052503,0,
1983,8,27,0.788985908031464,0,5.74969301628653,0,
1983,8,28,0.252778708934784,0,0.460622420683649,0,
1983,8,29,6.34178941254504e-05,0,0.145940049723322,0,
1983,8,30,0.168092846870422,0,0.111226017112131,0,
1983,8,31,0.0538267493247986,0,0.13166953518521,0,
1983,9,1,2.43749189376831,0,1.38974964972749,0,
1983,9,2,10.1060075759888,0,5.48899803558788,0,
1983,9,3,4.54674959182739,0,7.70864566374166,0,
1983,9,4,15.1860961914063,0,9.67913896432174,0,
1983,9,5,3.72396039962769,0,10.8661943511734,0,
1983,9,6,0.784374296665192,0,2.25995369069415,0,
1983,9,7,0.0363303050398827,0,0.546183607452804,0,
1983,9,8,0,0,0.0466953250529514,0,
1983,9,9,0.00582574866712093,0,0.00593621004236411,0,
1983,9,10,0.00243419222533703,0,0.00469434203569108,0,
1983,9,11,0.262580752372742,0,0.15350884646432,0,
1983,9,12,0.61817741394043,0,0.473518665102347,0,
1983,9,13,2.50453567504883,0,1.70994628762355,-4.54747350886464e-13,
1983,9,14,3.46394467353821,0,3.18842849629436,4.54747350886464e-13,
1983,9,15,3.20243096351624,0,3.07632648938488,0,
1983,9,16,1.25860631465912,0,1.58610633397529,0,
1983,9,17,0.630259156227112,0,1.12359943895581,0,
1983,9,18,0.339366137981415,0,0.520605056359273,0,
1983,9,19,1.96194636821747,0,0.595508456100106,0,
1983,9,20,3.33516979217529,4.54747350886464e-13,2.382340250776,4.54747350886464e-13,
1983,9,21,9.52607822418213,-4.54747350886464e-13,4.58413354296044,-4.54747350886464e-13,
1983,9,22,2.08285355567932,0,5.32373008113609,0,
1983,9,23,6.78913450241089,0,4.6403370971675,0,
1983,9,24,12.1780691146851,0,9.02207798770587,0,
1983,9,25,1.69657564163208,0.625321088481996,6.31118793835412,0,
1983,9,26,0.487683653831482,0.873243999499664,0.225354496876662,0,
1983,9,27,0.0524260252714157,0.275382451990936,0,0,
1983,9,28,0.00769026437774301,0.0354644895514866,0,0,
1983,9,29,0.101584374904633,0.0510512230130189,0.0119918863074417,0,
1983,9,30,1.65125250816345,0.0406213730589116,0.787498220084217,2.37156953459089,
1983,10,1,0.842214465141296,0,1.09753115092008,0,
1983,10,2,5.31744623184204,0,4.03837136798984,0,
1983,10,3,15.4666557312012,0,13.0902699019912,0,
1983,10,4,1.07024157047272,0,8.07579549566117,0,
1983,10,5,0.364732772111893,0.182363996647382,0.535127796520101,0,
1983,10,6,4.80990362167358,2.58642165713582,0,0,
1983,10,7,7.16220283508301,5.97051905678563,-4.54747350886464e-13,0,
1983,10,8,5.87905359268189,6.56537417729169,9.09494701772928e-13,0,
1983,10,9,0.377838581800461,3.18777992648393,-4.54747350886464e-13,0,
1983,10,10,1.21805620193481,0.18891946398935,0.609027542975582,2.01047605351323,
1983,10,11,1.3664482831955,0,1.29221142988445,16.6709000657411,
1983,10,12,0.683864831924439,0,0.885170566364195,0,
1983,10,13,0.966471970081329,0.187140174044089,0.638025664316047,0.113724144051957,
1983,10,14,0.00237774127162993,0.18833191701151,0.296091586387774,0.113725887531473,
1983,10,15,1.10638010501862,0.553708259825726,0,0,
1983,10,16,0,0.550299854841342,0,0,
1983,10,17,2.38642477989197,0,1.19321170150261,1.36119984966763,
1983,10,18,7.61538171768189,0,5.0008981902979,0,
1983,10,19,10.2684459686279,0,8.94166601395818,0,
1983,10,20,4.74485445022583,0,7.50617519798198,0,
1983,10,21,0.343164712190628,0,1.80670780194532,0,
1983,10,22,6.33126592636108,0,3.33717035576956,4.54747350886464e-13,
1983,10,23,20.4960670471191,10.2480301873238,3.16563399374945,-4.54747350886464e-13,
1983,10,24,8.29602909088135,13.7872503680069,0.605471418230991,0,
1983,10,25,3.41261696815491,5.30948567617861,0.625011420187548,0,
1983,10,26,4.16540861129761,3.8616629719545,0,0,
1983,10,27,5.0852541923523,4.63652750789697,0,0,
1983,10,28,15.0555267333984,2.54262769731986,7.52776158693177,3.75393748826173,
1983,10,29,1.20717990398407,0.453473200514964,7.63290792308453,3.72955671478076,
1983,10,30,6.47898435592651,3.66734508624177,0.154288364525655,0,
1983,10,31,0.0957520082592964,3.28662608284958,0,0,
1983,11,1,2.1450366973877,0.938955406087189,4.54747350886464e-13,0,
1983,11,2,0.273348212242126,1.07882180233037,-4.54747350886464e-13,0,
1983,11,3,0.963566660881042,0.571326911239794,0,0,
1983,11,4,1.75520193576813,1.41463311702091,0,0,
1983,11,5,0.0384730212390423,0.922456626118219,0,4.54747350886464e-13,
1983,11,6,0.0856327936053276,0.0478321079363013,0,-4.54747350886464e-13,
1983,11,7,0.128898859024048,0.102277347295967,0,0,
1983,11,8,0.00280228746123612,0.104814385961618,0,0,
1983,11,9,0.242256090044975,0.130951880443718,0,0,
1983,11,10,0,0.117145299823733,0,0,
1983,11,11,5.88572359085083,2.68551893002177,0,0,
1983,11,12,0.0570991225540638,2.97281056953761,0,0,
1983,11,13,0.0135954702273011,0.0270963473908523,0,0,
1983,11,14,1.04981732368469,0.606812318415905,0,0,
1983,11,15,2.43055114879098e-06,0.757449879010437,0,0,
1983,11,16,0.216936707496643,0.0855783282313496,0,0,
1983,11,17,3.21569132804871,1.96093895523472,0,0,
1983,11,18,2.19631958007813,2.44339613575767,0,0,
1983,11,19,0.000629291345831007,0.871499274348025,0,0,
1983,11,20,0.186636880040169,0.0600619745609947,0,0,
1983,11,21,0.998636960983276,0.359578519388379,0,0,
1983,11,22,2.78395199775696,1.84436484804291,0,0,
1983,11,23,2.81893849372864,2.78861699610661,0,0,
1983,11,24,1.69276607036591,2.46401022684358,0,0,
1983,11,25,0.036812249571085,0.589450248754474,0,0,
1983,11,26,0.0200481992214918,0.0340671934304737,0,0,
1983,11,27,0.179998338222504,0.0704069876642279,0,0,
1983,11,28,0.163033857941628,0.177376924606051,0,0,
1983,11,29,0.406594395637512,0.235113391694995,0,0,
1983,11,30,0,0.332121193462626,0,0,
1983,12,1,2.72295069694519,1.38522950677088,0,0,
1983,12,2,1.94583857059479,2.14133845512333,-4.54747350886464e-13,0,
1983,12,3,0.644666075706482,1.63457708971146,4.54747350886464e-13,0,
1983,12,4,0.0643118470907211,0.440337302919033,0,0,
1983,12,5,0.0841853022575378,0.0755196291520406,0,0,
1983,12,6,1.19016528129578,0.507970963801654,0,0,
1983,12,7,0.234994053840637,0.719766302848257,0,0,
1983,12,8,0.0195423681288958,0.136082430061833,0,0,
1983,12,9,0.205547094345093,0.0695065695495032,0,0,
1983,12,10,0.112946949899197,0.142153522941044,0,0,
1983,12,11,0.658840894699097,0.348165010550019,0,0,
1983,12,12,0.11479976028204,0.513146327759841,0,0,
1983,12,13,0.116657674312592,0.135137372376448,0,0,
1983,12,14,1.63060760498047,0.524755265348631,0,0,
1983,12,15,0.16238372027874,0.74073990463603,0,0,
1983,12,16,0.0347004048526287,0.0723907328497262,0,0,
1983,12,17,0.372293263673782,0.18930132188143,0,0,
1983,12,18,1.66404604911804,0.970404609433899,4.54747350886464e-13,4.54747350886464e-13,
1983,12,19,0.122528068721294,1.24548207538282,-4.54747350886464e-13,0,
1983,12,20,0.00278146308846772,0.0734006784141457,0,-4.54747350886464e-13,
1983,12,21,0.000700375123415142,0.00290911747970313,0,0,
1983,12,22,0.00874520558863878,0.00240775626025425,0,0,
1983,12,23,0.000310408358927816,0.0065375154922549,0,0,
1983,12,24,0.000256660336162895,0.000900706033917231,0,0,
1983,12,25,0.00618314696475864,0.00140910081972834,0,0,
1983,12,26,0.0286447163671255,0.0101143485080684,0,0,
1983,12,27,0,0.0214934007994998,0,0,
1983,12,28,1.22653247558446e-07,0.00204006081503394,0,0,
1983,12,29,0.000112867412099149,2.19649846258108e-05,0,0,
1983,12,30,0.000530249963048846,0.000185730816610885,0,0,
1983,12,31,2.35041546821594,1.06339026046226,0,0,
1984,1,1,8.4788875579834,5.15294886911534,0,-4.54747350886464e-13,0.156245671670268
1984,1,2,2.82494640350342,5.50928172138083,0,4.54747350886464e-13,0.155338583217831
1984,1,3,3.02040076255798,2.94132354209114,0,4.54747350886464e-13,0.154204726031446
1984,1,4,3.38013863563538,3.15057404513118,0,-4.54747350886464e-13,0.153070868845061
1984,1,5,1.43367624282837,2.60681234045478,0,0,0.151937011658676
1984,1,6,0.842762053012848,1.11356387421029,0,0,0.151029923206239
1984,1,7,0.0551121048629284,0.563134543146134,0,0,0.149669297285906
1984,1,8,0.0010664634173736,0.0537051690075714,0,0,0.149215746301366
1984,1,9,9.97840309143066,4.7378103759861,0,0,0.148308657848929
1984,1,10,3.68043661117554,7.34849584853373,0,0,0.147401569396492
1984,1,11,1.43816316127777,2.07227906411435,0,4.54747350886464e-13,0.147401569396492
1984,1,12,0.0864242017269135,1.218650810903,0,-4.54747350886464e-13,0.147401569396492
1984,1,13,2.26985645294189,0.711344787636335,0,0,0.147401569396492
1984,1,14,1.17475187778473,1.83577188384152,0,0,0.147401569396492
1984,1,15,0,0.901497162770738,0,0,0.147401569396492
1984,1,16,0.000918180507142097,0.116853250706299,0,0,0.146948031928596
1984,1,17,0.499827325344086,0.435007144649262,0,0,0.146494494460699
1984,1,18,2.40560412406921,0.935936247153677,0,0,0.146040943476159
1984,1,19,3.0182797908783,2.60641359454485,0,0,0.145587406008262
1984,1,20,2.23540878295898,2.85693912778106,0,0,0.145133855023722
1984,1,21,6.0522780418396,4.31718876622017,0,0,0.144680317555826
1984,1,22,7.2767481803894,6.91121148159982,0,-4.54747350886464e-13,0.144226766571285
1984,1,23,1.78239583969116,4.31248522166698,0,4.54747350886464e-13,0.143773229103389
1984,1,24,0.38635778427124,1.10563363942401,0,4.54747350886464e-13,0.143319691635492
1984,1,25,7.75248861312866,3.6751322714822,0,-4.54747350886464e-13,0.142866140650952
1984,1,26,7.22317504882813,7.50252736780567,0,0,0.141505514730619
1984,1,27,2.0748655796051,4.00097757173035,0,0,0.140598426278182
1984,1,28,5.36003112792969,4.1380192966235,0,0,0.140598426278182
1984,1,29,7.71445846557617,5.91445464005892,0,0,0.139691337825745
1984,1,30,5.80471038818359,7.05758545693197,0,0,0.139011018107257
1984,1,31,1.85785710811615,3.70784016208154,0,0,0.138330711905412
1984,2,1,6.82409763336182,4.73566340174284,0,0,0.137877160920872
1984,2,2,6.69779014587402,6.79254921592201,0,0,0.137196854719027
1984,2,3,12.1462831497192,9.6953064268987,0,0,0.136516535000538
1984,2,4,9.19648742675781,11.3457807797431,0,0,0.135609446548101
1984,2,5,2.91681170463562,6.98758519728244,4.54747350886464e-13,0,0.134929140346257
1984,2,6,16.1858730316162,8.95177963227934,-4.54747350886464e-13,0,0.134929140346257
1984,2,7,11.0978002548218,14.3824972611274,0,0,0.135155909080205
1984,2,8,1.40354669094086,6.07677345924958,0,0,0.135382677814153
1984,2,9,0.348487228155136,0.925950865221239,0,0,0.135382677814153
1984,2,10,5.01792526245117,2.74585372300453,0,-4.54747350886464e-13,0.135609446548101
1984,2,11,4.76034927368164,4.84030021695162,0,4.54747350886464e-13,0.13583621528205
1984,2,12,11.9762468338013,7.81962232493379,0,-4.54747350886464e-13,0.135609446548101
1984,2,13,4.51840114593506,8.78884934479083,0,4.54747350886464e-13,0.134929140346257
1984,2,14,2.80563092231751,4.22572288513902,0,0,0.134248820627768
1984,2,15,4.25709962844849,3.65682429780691,0,0,0.133795269643228
1984,2,16,4.33306932449341,4.29733619696617,-4.54747350886464e-13,-4.54747350886464e-13,0.133341732175331
1984,2,17,5.57585716247559,4.53872049920165,4.54747350886464e-13,4.54747350886464e-13,0.132888194707435
1984,2,18,8.78099632263184,6.98711822376436,4.54747350886464e-13,4.54747350886464e-13,0.132434643722895
1984,2,19,12.9012184143066,9.75698003142134,-4.54747350886464e-13,-4.54747350886464e-13,0.131981106254998
1984,2,20,3.04531502723694,8.91487570233448,0,0,0.131527555270458
1984,2,21,1.64758038520813,2.74473916045645,0,0,0.131527555270458
1984,2,22,1.00927650928497,1.37559445866782,0,0,0.131527555270458
1984,2,23,1.16120445728302,1.08430592284049,0,0,0.131527555270458
1984,2,24,0.809962391853333,1.09857175476736,0,0,0.13130078653651
1984,2,25,0.0533112436532974,0.498641187343765,0,0,0.13130078653651
1984,2,26,1.87321245670319,0.748862346099941,0,0,0.13130078653651
1984,2,27,3.14958715438843,2.14899545549997,0,0,0.131527555270458
1984,2,28,4.24454355239868,3.70063921067685,0,0,0.131754324004406
1984,2,29,2.12026786804199,2.98565971675134,0,0,0.131754324004406
1984,3,1,11.9067611694336,6.18091499834372,0,0,0.132207874988946
1984,3,2,5.13251399993897,9.02130330060254,0,4.54747350886464e-13,0.133114963441383
1984,3,3,0.100956946611404,3.68588532685271,0,-4.54747350886464e-13,0.134475589361716
1984,3,4,0.704187035560608,0.0504784330250914,0.352093798738679,2.79033947045264,0.135382677814153
1984,3,5,5.69331405131379e-06,2.84352427115664e-06,0.352481030079161,2.79340827455962,0.136062997532642
1984,3,6,0.118969924747944,0.0334941816681749,0.025304624965429,0,0.137196854719027
1984,3,7,0.0585852637887001,0.0338838167067479,0.0548938013866973,3.72806795152655,0.138330711905412
1984,3,8,0.0297502279281616,0.00361830397469021,0.0406464006805436,4.24937810989741,0.140371657544234
1984,3,9,0.0105184391140938,0.00889166429851684,0.0113042838474939,0.502796697148824,0.141505514730619
1984,3,10,0.00217963033355773,0.00526222307871649,0.00108919277636232,1.43913784954339,0.142866140650952
1984,3,11,0.00184513279236853,0,0.00201262634391242,7.56354200756869,0.143999997837337
1984,3,12,0.508758783340454,0,0.254749507037559,8.28915373879499,0.145133855023722
1984,3,13,0.191613107919693,0.0945815741079059,0.257631879277142,2.17752131704765,0.147401569396492
1984,3,14,0.0110937114804983,0.101376636474015,0,0,0.148988977567417
1984,3,15,0.0610582977533341,0.0187909695869166,0,0,0.149669297285906
1984,3,16,0.944569885730743,0.28953601117064,0,0,0.150122834753802
1984,3,17,3.01395273208618,1.2379243559858,0,0,0.150576372221699
1984,3,18,6.00952291488648,4.07935372524707,0.000279473641512595,4.54747350886464e-13,0.151029923206239
1984,3,19,1.20327961444855,2.2329969381658,0.160103371305922,-4.54747350886464e-13,0.151483460674136
1984,3,20,0.223776295781136,0.390088600826402,0.0523764465365275,0,0.151937011658676
1984,3,21,0.00320731429383159,0.0894263532136392,-4.54747350886464e-13,0,0.152390549126572
1984,3,22,4.86198472976685,2.2342627094622,4.54747350886464e-13,0,0.152844100111113
1984,3,23,1.61460089683533,2.91496467857041,0,0,0.153297637579009
1984,3,24,0.323491632938385,1.00111787212336,0,0,0.153751175046906
1984,3,25,0.0303236693143845,0.235893795233096,0,0,0.154204726031446
1984,3,26,0,0.0225930174137829,0,0.868658369398872,0.155338583217831
1984,3,27,0.0046301600523293,0.0016175627552002,0.00068932503427277,0.871733575544113,0.157833066324549
1984,3,28,0.224311321973801,0.0550906663847854,0.0592306138078129,0,0.160100780697319
1984,3,29,0,0.0535533284428311,0.0586344437792832,1.6094259260226,0.162141726336141
1984,3,30,9.00298309326172,0,4.50075376801487,9.01557375604489,0.163955903241015
1984,3,31,0.517706096172333,0,4.80337617977421,11.2416703546387,0.16554331141194
1984,4,1,0.150991201400757,0.0755156984778296,0.25878413849523,3.79742549490447,0.167130706066222
1984,4,2,0.63541579246521,0.392085132242755,4.54747350886464e-13,0,0.167584257050762
1984,4,3,0.110919296741486,0.31586153657463,0.05578195215503,1.85043844862821,0.168944882971095
1984,4,4,0.214248493313789,0,0.169784298885133,3.19814860274846,0.170532277625377
1984,4,5,0.216945707798004,0.107023707497319,0.108555376299137,1.43621445341842,0.17234645453025
1984,4,6,0.272266924381256,0.244433046710128,0,0,0.17461416890302
1984,4,7,0.0163259375840426,0.218935902525573,0,0,0.17688188327579
1984,4,8,0.342386722564697,0.186068940320638,-4.54747350886464e-13,0,0.181417325537974
1984,4,9,0,0.261700467074661,4.54747350886464e-13,0,0.183004720192256
1984,4,10,0.0244157426059246,0.0168225914644609,0.0122078601825706,2.56758285538672,0.18481889709713
1984,4,11,0.356458306312561,0,0.188585859486921,6.69408516954854,0.185952754283515
1984,4,12,0.157259166240692,0,0.257667641904391,10.5046202041303,0.188900788374773
1984,4,13,0.718467950820923,0.118304623239055,0.315054788046837,6.73317718213821,0.190488183029055
1984,4,14,0.192421212792397,0.216683283633301,0.24136807866671,0.258750251682159,0.193662985854262
1984,4,15,2.04912114143372,0.0970429277736002,1.01569706077498,2.03171457760618,0.196157482477624
1984,4,16,0.129770562052727,0.064298086963845,1.03383256391044,2.06799130569334,0.197291339664009
1984,4,17,0.0521826148033142,0.0915431799021462,4.54747350886464e-13,0,0.201826768409549
1984,4,18,0.042497843503952,0.0473867921182318,0,0,0.206362210671733
1984,4,19,0.115260288119316,0.0212489295072373,0.0576301230216814,9.99368132326026,0.208629925044503
1984,4,20,0.738632738590241,0,0.414311122065101,17.9018440334062,0.212258265337606
1984,4,21,5.11720943450928,0,2.78722523853912,15.4602944523353,0.215206299428865
1984,4,22,0.876481056213379,0,2.97967805500093,10.4493492025349,0.219288190706508
1984,4,23,0.193559095263481,0.0949153660458251,0.446681980280573,2.91513757085932,0.229039367916077
1984,4,24,0.136831521987915,0.16533047867506,0,0,0.235842511034387
1984,4,25,0,0.0749070958781886,0,4.54747350886464e-13,0.242645681185985
1984,4,26,0,0,0,-4.54747350886464e-13,0.249448824304295
1984,4,27,0,0,0,2.42894717150375,0.253984253049835
1984,4,28,0.312787741422653,0,0.156794842572708,9.85048204291979,0.272125995065284
1984,4,29,0.145520254969597,0,0.229685915325717,20.9045577800653,0.294803138792984
1984,4,30,0.019836250692606,0,0.086476683213732,24.7081466104642,0.344692909060501
1984,5,1,0.569744169712067,0,0.266523575996871,23.2811064137263,0.387779536209707
1984,5,2,0.481285065412521,0,0.527605911026058,19.3062205314213,0.428598421952856
1984,5,3,0.345153987407684,0,0.397833295425244,11.3561392179417,0.462614164577694
1984,5,4,0.470726668834686,0,0.402501892229338,9.83963851600947,0.451275592713844
1984,5,5,0.064481221139431,0,0.354600565209239,9.28515311711817,0.449007878341074
1984,5,6,0.00250247842632234,0,0.0474829044133003,11.5655929387062,0.453543307086614
1984,5,7,0,0,0.00134335399525298,20.4409896763727,0.464881878950464
1984,5,8,0.0436304360628128,-4.54747350886464e-13,0.0204560830375158,29.5958783489455,0.523842506709061
1984,5,9,0.58832049369812,4.54747350886464e-13,0.282782988047984,36.9934330599508,0.546519704503337
1984,5,10,0.10543342679739,0,0.380159583292425,40.7401991926808,0.623622047244095
1984,5,11,2.00799655914307,0,1.04996890676057,34.6399486769369,0.714330730288048
1984,5,12,0.00243986886925995,0,1.0108172925984,30.3869780729874,0.646299190971795
1984,5,13,0.0991742163896561,0,0.0498075476525628,30.4630393964226,0.596409474770854
1984,5,14,0.00100805470719934,0,0.050470163494083,36.7114031332198,0.650834619717335
1984,5,15,0.0078154131770134,0,0.00445084974626298,7.83120738942716,0.721133873406358
1984,5,16,1.96697521209717,0,0.982248919452104,0,1.02274020938423
1984,5,17,1.41943609714508,0,1.70525188081865,0,1.52844089297798
1984,5,18,1.23679935932159,0,1.32213813726594,0,1.5851338063638
1984,5,19,0.338014990091324,0,0.560234703830247,0,1.37650397593581
1984,5,20,3.31723475456238,0,0.987166709279791,0,1.5193700354869
1984,5,21,0.287913918495178,0,2.15118771968673,0,1.72573231374185
1984,5,22,0.633540570735931,0,0.516678113290709,0,1.58740157480315
1984,5,23,1.98376154899597,0,1.50965100630629,0,1.53297642985667
1984,5,24,0.31867179274559,0,0.861170975220375,0,1.51256694643516
1984,5,25,0,0,0.107375304680772,0,1.61007871853085
1984,5,26,0.13865938782692,0,0.101256983023177,0,1.36516535000538
1984,5,27,0.602446734905243,0,0.497640511526697,0,1.09303940900667
1984,5,28,3.29535436630249,0,2.36061237945341,4.54747350886464e-13,0.932031526340274
1984,5,29,1.34992814064026,0,1.72917326380366,-4.54747350886464e-13,0.777826786792184
1984,5,30,4.62810182571411,0,2.13761007706717,0,0.734740159642978
1984,5,31,0.875185251235962,0,2.77055525508104,0,0.764220446488989
1984,6,1,6.14462471008301,0,1.56234087106895,0,0.746078731506828
1984,6,2,1.05481207370758,0,3.92202997781442,-4.54747350886464e-13,0.725669302151898
1984,6,3,7.28396320343018,0,2.18765903586154,4.54747350886464e-13,0.748346445879598
1984,6,4,4.38188791275024,0,5.54874047363273,0,0.916157471664308
1984,6,5,5.37414312362671,0,4.57465559191678,0,1.57606294887272
1984,6,6,0.330028116703033,0,3.34300306985233,0,2.17927551269531
1984,6,7,0,0,0.24916425361107,0,2.35842511034387
1984,6,8,0,0,0.0148482763952416,4.54747350886464e-13,2.53984247643178
1984,6,9,0,0,0.00019481204526528,-4.54747350886464e-13,2.65322830320343
1984,6,10,0.0333971530199051,0,0.0259507732530437,0,2.85732292115219
1984,6,11,1.0345207452774,0,0.631439747446166,0,2.92535424420214
1984,6,12,0.209610268473625,0,0.539582776158568,0,3.06141732283465
1984,6,13,0.519020855426788,0,0.408272894535003,0,3.15212589774545
1984,6,14,2.63491559028626,0,1.77724498034468,0,2.49448818897638
1984,6,15,0.182356849312782,0,1.0336038594096,0,1.78015745868833
1984,6,16,0.105327740311623,0,0.138915310199991,0,1.42185826339121
1984,6,17,0.539250135421753,0,0.434655810223831,0,1.61461414727639
1984,6,18,1.95328712463379,0,1.57667950043287,0,2.97070874792384
1984,6,19,4.93042945861816,0,3.96802308099313,0,5.60126001553273
1984,6,20,3.81598043441772,0,3.93063618170709,0,5.64661408672183
1984,6,21,2.72155928611755,0,2.66588068632927,0,4.92094505490281
1984,6,22,0.48137566447258,0,0.888658721286902,0,4.30866141732284
1984,6,23,1.12483370304108,0,0.91415035038608,0,4.49007856714444
1984,6,24,8.74005709192716e-05,0,0.215387869698588,0,3.83244085837537
1984,6,25,0.431620597839355,0,0.697240685121415,0,3.2655117245171
1984,6,26,3.75925326347351,0,3.24954481194754,0,2.90267720860759
1984,6,27,0.475311487913132,0,2.87797897129713,0,2.92535424420214
1984,6,28,4.96115207672119,0,2.86104703974706,0,1.9774488794522
1984,6,29,5.4844126701355,0,5.13234662922832,0,2.12938590462752
1984,6,30,4.65220260620117,0,5.35270753815485,0,2.08403140090582
1984,7,1,0.452179878950119,-4.54747350886464e-13,3.34216653045087,0,1.96384248508243
1984,7,2,0.866524934768677,4.54747350886464e-13,0.583356006123267,0,1.92755905511811
1984,7,3,0.382415026426315,0,0.64188593308063,0,2.06362213375062
1984,7,4,1.63509356975555,0,1.20426551644096,4.54747350886464e-13,2.00012591504675
1984,7,5,0.48395648598671,0,0.786399700467428,-4.54747350886464e-13,2.63055126760888
1984,7,6,0.241803228855133,0,0.27585831845181,0,3.40157480314961
1984,7,7,0.206693261861801,0,0.211162985437568,0,3.15212589774545
1984,7,8,1.6866443157196,0,0.525423813153793,0,2.81196841743049
1984,7,9,4.7560396194458,0,2.72107680085583,0,2.35842511034387
1984,7,10,2.14477705955505,0,2.74156269950936,0,1.87540167861097
1984,7,11,1.59665095806122,0,1.96271050718497,0,1.71892911655696
1984,7,12,1.10067594051361,0,1.39517592291213,0,1.57152752012718
1984,7,13,0.777825951576233,0,0.901137691495478,0,1.5896693432425
1984,7,14,1.00617754459381,0,1.02325809352033,0,1.55111814483883
1984,7,15,3.70820736885071,0,2.94070138683856,0,1.4513386043038
1984,7,16,4.60272884368897,0,3.89852777191891,0,1.38557483342689
1984,7,17,0.563359797000885,0,2.83216582500108,-4.54747350886464e-13,1.27445666696143
1984,7,18,0.498080849647522,0,0.544665412626273,4.54747350886464e-13,1.13612603615588
1984,7,19,0.959161341190338,0,0.695406878083304,0,1.02727563812977
1984,7,20,0.00413465779274702,0,0.189838263324418,0,0.986456671286756
1984,7,21,0,0,0.00292253269344656,0,0.979653582235021
1984,7,22,0.033331923186779,0,0.0213882115945125,-4.54747350886464e-13,1.00006295752338
1984,7,23,0.159799709916115,0,0.14365707747038,4.54747350886464e-13,1.0340787271815
1984,7,24,0.291003406047821,0,0.244108065998262,0,1.02727563812977
1984,7,25,0.0250553470104933,0,0.0665877439937503,0,1.02047244094488
1984,7,26,0.0159598346799612,0,0.0169442112273828,0,1.02500786969042
1984,7,27,0.0110476603731513,0,0.0139287797805991,0,1.03181106687531
1984,7,28,0.0331863537430763,0,0.154968108550747,0,1.04541735311193
1984,7,29,1.35545349121094,0,1.14467289646655,0,1.03861415592704
1984,7,30,0.000280705018667504,0,1.04142202875573,0,1.05448821060301
1984,7,31,0.607337236404419,0,0.369122377019266,0,1.07036215714582
1984,8,1,1.57659435272217,0,1.28598908064942,0,1.09530706931287
1984,8,2,0.125124111771584,0,1.31679251184323,0,1.13612603615588
1984,8,3,0.00164527806919068,0,0.20732364595915,0,1.07943312277005
1984,8,4,0.553397178649902,0,0.435760326885884,0,1.12478741022546
1984,8,5,0.100318111479282,0,0.4568794886045,0,1.18374798391748
1984,8,6,4.40341567993164,0,1.31397759425045,0,1.14066146490142
1984,8,7,17.9746475219727,0,9.6418474326756,4.54747350886464e-13,2.67590555506428
1984,8,8,15.2481813430786,0,17.0269819403475,-4.54747350886464e-13,4.7395274725486
1984,8,9,10.4538373947144,0,13.3906289978677,0,6.19086596871924
1984,8,10,1.47843587398529,0,7.90870336936769,0,4.37669274037279
1984,8,11,7.42987298965454,0,3.61360169098134,0,2.67590555506428
1984,8,12,6.40649223327637,0,7.14603384901875,0,3.0840945746955
1984,8,13,0.786754846572876,0,4.16291892553409,0,2.97070874792384
1984,8,14,1.63852337209391e-06,0,0.496354211354628,0,2.15433070866142
1984,8,15,0,0,0.00779904292721767,0,1.75521254652128
1984,8,16,0,0,0,0,1.60100786103977
1984,8,17,0.000128939995192923,0,2.97248207061784e-05,0,1.42412603183055
1984,8,18,5.92746800975874e-07,0,9.27094815779128e-05,0,1.3560944925143
1984,8,19,0.656557500362396,0,0.206525018724278,0,1.22683461106668
1984,8,20,5.06807136535645,0,2.98055931249837,0,1.25858272041861
1984,8,21,0.196904748678207,0,1.15839655940908,0,1.16560626893532
1984,8,22,0,0,0.119303266759744,0,1.13385826771654
1984,8,23,0.703053653240204,0,0.377806460302963,0,1.07716535433071
1984,8,24,2.12564587593079,0,1.82158588331004,-4.54747350886464e-13,1.02047244094488
1984,8,25,5.93838405609131,0,2.66591144746235,4.54747350886464e-13,1.07262992558517
1984,8,26,9.51292419433594,0,6.91787965341564,0,1.17694489486574
1984,8,27,1.1902893781662,0,5.3109115383154,0,1.129322838971
1984,8,28,0.178716897964478,0,0.73018612254873,0,1.04088192436639
1984,8,29,2.26208353042603,0,0.700051691876979,0,0.990992100032296
1984,8,30,7.24360322952271,0,2.80304954404346,0,1.00233072596272
1984,8,31,6.67104053497315,0,6.39791448513233,0,1.09757483775221
1984,9,1,4.2860164642334,0,6.35424904642014,0,1.38557483342689
1984,9,2,0.6126629114151,4.54747350886464e-13,3.44377893864885,0,1.46267712210107
1984,9,3,5.60627603530884,-4.54747350886464e-13,1.44959563221846,0,1.34475586658388
1984,9,4,15.9191808700562,0,10.1031949465141,0,1.44226774681272
1984,9,5,5.08886623382568,0,12.9439374772028,0,1.7960315133643
1984,9,6,1.78417992591858,0,3.99475748702434,0,1.80283460241603
1984,9,7,0.237744212150574,0,1.55033746440904,0,1.59874020073358
1984,9,8,0.0682722553610802,0,0.26768252126567,0,1.43319688932164
1984,9,9,0.0730406269431114,0,0.0691841354305325,0,1.2903307216374
1984,9,10,0.442662358283997,0,0.143378174103418,0,1.21549609326941
1984,9,11,0.505747318267822,0,0.42987552014938,0,1.129322838971
1984,9,12,0.126280054450035,0,0.392945595719084,0,1.07262992558517
1984,9,13,5.29336881637573,0,1.64483644358234,0,1.00459838626892
1984,9,14,4.18251132965088,0,4.68847949918018,0,0.954708670067975
1984,9,15,8.00456428527832,0,6.54807442858737,0,0.925228329155389
1984,9,16,0.278265714645386,0,1.68181960004358,0,0.911622042918768
1984,9,17,0.121873691678047,0,0.211385263497959,0,0.886677184818298
1984,9,18,0.146826013922691,0,0.140278628843134,0,0.857196843905712
1984,9,19,0.470363855361939,0,0.381119000905528,0,0.863999987024022
1984,9,20,2.22368907928467,0,1.6116127129676,0,0.863999987024022
1984,9,21,0.520545899868012,0,2.00787604512561,0,0.834519700178011
1984,9,22,0.113473303616047,0,0.584952655953202,0,0.802771644892655
1984,9,23,0.00012735475320369,0,0.0382587719905132,0,0.805039359265425
1984,9,24,0.0955026969313622,0,0.063109909585819,0,0.775559072419414
1984,9,25,0,0,0.0309648013089827,0,0.766488214928334
1984,9,26,0.0225470662117004,0,0.0279804469128067,0,0.750614160252368
1984,9,27,0.650266528129578,0,0.506439623633924,0,0.725669302151898
1984,9,28,2.86719512939453,0,2.3830639310313,0,0.730204730897438
1984,9,29,2.4228847026825,0,2.75018138384485,0,0.732472445270208
1984,9,30,4.78138732910156,0,3.72390825178036,0,0.739275588388518
1984,10,1,5.24293899536133,0,4.9477243024121,0,0.761952732116219
1984,10,2,0.0456693209707737,0,2.05468723414288,0,0.782362215537725
1984,10,3,1.18581080436707,0,0.573349268320271,0,0.741543302761288
1984,10,4,0.560734212398529,0,1.02894792982352,0,0.696188961239312
1984,10,5,8.90810585021973,0,4.76133298555442,0,0.668976388766071
1984,10,6,9.95211982727051,0,9.43011329146202,0,0.698456675612082
1984,10,7,20.4648971557617,-4.54747350886464e-13,14.9231914562415,-4.54747350886464e-13,0.714330730288048
1984,10,8,2.57654070854187,4.54747350886464e-13,12.50154680887,4.54747350886464e-13,0.786897644283265
1984,10,9,0.564536154270172,0,1.2455577128585,0,0.764220446488989
1984,10,10,6.68989038467407,0,3.14537407502849,0,0.723401587779128
1984,10,11,5.14355278015137,0,6.27072647417435,0,0.700724389984852
1984,10,12,0.744193196296692,0,2.69832968083938,0,0.668976388766071
1984,10,13,4.68821334838867,0,2.91016520555968,0,0.648566905344565
1984,10,14,3.34520745277405,0,4.20253702210948,0,0.646299190971795
1984,10,15,0.481725841760635,0.00532188625902563,2.87910389178887,0.00532188625902563,0.589606277585968
1984,10,16,0.85993492603302,0.443106569128759,0.48453985800279,0.0131417848056117,0.521574792336291
1984,10,17,0.111638121306896,0.485892582138604,0,0,0.48755907674474
1984,10,18,0.000872011238243431,0.0596976228493986,0,0,0.428598421952856
1984,10,19,0.0517826527357101,0.0235887651761004,0,0,0.419527564461776
1984,10,20,0.907303094863892,0.477195778101304,0,0,0.403653536819098
1984,10,21,2.04900979995728,1.48317761084081,0,0,0.394582679328017
1984,10,22,25.4830513000488,1.02450496862002,12.7415247963368,3.98402307193373,0.390047250582477
1984,10,23,9.93434238433838,0,17.7087326202454,0,0.387779536209707
1984,10,24,2.36236953735352,0,6.51197799158763,-4.54747350886464e-13,0.387779536209707
1984,10,25,3.64461421966553,1.82230606341773,1.1811854469438,4.54747350886464e-13,0.385511821836937
1984,10,26,0.165552914142609,1.89661375629885,-4.54747350886464e-13,-4.54747350886464e-13,0.383244107464167
1984,10,27,1.16721892356873,0.668843970534454,4.54747350886464e-13,4.54747350886464e-13,0.378708651685339
1984,10,28,0.997277617454529,1.09459496687805,0,0,0.371905508567029
1984,10,29,0.124557256698608,0.54973311902404,0,0,0.360566936703179
1984,10,30,0.215403482317925,0.158107961271071,0,0,0.344692909060501
1984,10,31,0.326919108629227,0.248494021503575,0,0,0.32881890845111
1984,11,1,0.0107487933710217,0.191658584154993,0,0,0.310677166435662
1984,11,2,0,0.00550355965469862,0,0,0.272125995065284
1984,11,3,0.0848216637969017,0.0375133741931677,0,-4.54747350886464e-13,0.260787396168146
1984,11,4,0.886096477508545,0.501315619983416,4.54747350886464e-13,4.54747350886464e-13,0.240377939779927
1984,11,5,2.13143229484558,1.51489505502013,-4.54747350886464e-13,0,0.226771653543307
1984,11,6,0.780442297458649,1.43963536772162,0,0,0.222462993531715
1984,11,7,0.634835422039032,0.733347771182253,0,0,0.214299210976428
1984,11,8,0.357777208089829,0.523521437507043,0,0,0.195023625291239
1984,11,9,0.0605603232979775,0.244847353609202,0,0,0.17688188327579
1984,11,10,1.08842039108276,0.577637880166094,-4.54747350886464e-13,-4.54747350886464e-13,0.16554331141194
1984,11,11,9.54561424255371,5.290766988207,4.54747350886464e-13,4.54747350886464e-13,0.155338583217831
1984,11,12,3.45169496536255,6.4552101256636,0,0,0.153070868845061
1984,11,13,0.281544268131256,1.77390129107152,0,0,0.149669297285906
1984,11,14,0.0417831838130951,0.0775568034723619,0,0,0.145814174742211
1984,11,15,1.51431238651276,0.792302014203415,4.54747350886464e-13,0,0.140598426278182
1984,11,16,9.62800884246826,5.67420870907017,-4.54747350886464e-13,0,0.136062997532642
1984,11,17,0.0548109002411366,4.89129954909186,0,0,0.132661412456843
1984,11,18,4.1904182434082,2.01193391327888,0,4.54747350886464e-13,0.124724412152148
1984,11,19,3.53966617584229,3.98985279926819,0,-4.54747350886464e-13,0.121322840592993
1984,11,20,5.4379768371582,4.51738620532342,0,4.54747350886464e-13,0.118148037767786
1984,11,21,15.2011661529541,9.26020372833,0.984675021396924,-4.54747350886464e-13,0.116787398330809
1984,11,22,17.5582580566406,15.3403130645597,1.01807154373682,0,0.115200003676527
1984,11,23,6.59558296203613,11.8656653370813,0,0,0.113385826771654
1984,11,24,0.119611613452435,3.60226696139353,0,0,0.111118112398884
1984,11,25,1.23715174198151,1.02339576093209,0,0,0.109984255212498
1984,11,26,0.196960642933846,1.00407650799025,0,0,0.108850391267792
1984,11,27,0.27102193236351,0.230705084097281,0,0,0.108396847041573
1984,11,28,0.670226454734802,0.490784366346361,0,0,0.106582676895021
1984,11,29,0.370949953794479,0.503439434593929,0,0,0.105448819708636
1984,11,30,0.166358381509781,0.29546013139543,0,0,0.10476850674847
1984,12,1,0.0264538936316967,0.140422319433128,0,0,0.105448819708636
1984,12,2,0.0292349196970463,0.0373090522539314,0,0,0.106129132668803
1984,12,3,1.58014690876007,0.686194474661079,0,0,0.10703622112124
1984,12,4,13.2170867919922,7.62402053433289,0,0,0.108850391267792
1984,12,5,9.38952445983887,11.6276077335046,0,0,0.10953071098628
1984,12,6,7.56950283050537,8.35939788827409,0,0,0.109984255212498
1984,12,7,3.58316683769226,5.48372090725252,0,0,0.110437792680395
1984,12,8,5.50931787490845,4.79050087769929,0,0,0.110891336906613
1984,12,9,1.46845471858978,3.28654205723979,0,0,0.111344881132832
1984,12,10,5.40262603759766,3.03029124554587,0,0,0.112251969585269
1984,12,11,0.681069254875183,2.91387348652825,0,0,0.113612595505602
1984,12,12,5.02335500717163,2.40386534959316,0,0,0.115200003676527
1984,12,13,9.26317501068115,7.28955271159521,0,0,0.116787398330809
1984,12,14,1.11306834220886,5.27181298384039,0,0,0.119055112703579
1984,12,15,0.0709325447678566,0.508131011215028,0,0,0.120188969889964
1984,12,16,0.000850226555485278,0.0435489871811114,0,0,0.121322840592993
1984,12,17,0.336069285869598,0.231551273923287,0,0,0.122456697779378
1984,12,18,3.98939967155457,1.861304533149,0,0,0.124724412152148
1984,12,19,4.53781843185425,4.06167074316454,0,0,0.126538589057021
1984,12,20,0.306341975927353,2.74741619263068,-4.54747350886464e-13,0,0.127672446243406
1984,12,21,2.13485193252563,1.65584368071268,4.54747350886464e-13,0,0.129259840897688
1984,12,22,0.799289524555206,1.14401945891132,0,0,0.131527555270458
1984,12,23,3.64823484420776,1.60619837479544,0,0,0.133795269643228
1984,12,24,1.70171368122101,2.46406820619404,0,4.54747350886464e-13,0.136062997532642
1984,12,25,0.208468422293663,0.703503462209937,0,-4.54747350886464e-13,0.138103943171464
1984,12,26,0.510585248470306,0.376227246856161,0,0,0.140598426278182
1984,12,27,0.0100944535806775,0.345922361732846,0,0,0.140144875293642
1984,12,28,0.000784507195930928,0.0173125503333722,0,0,0.143773229103389
1984,12,29,0.000405206403229386,0.00142694219312034,0,0,0.150803154472291
1984,12,30,0.106551185250282,0.0322010924060123,0,0,0.156472440404216
1984,12,31,0.565460026264191,0.30448674775289,0,0,0.161007869149756
1985,1,1,5.97101449966431,3.55644418223301,0,0,0.16327559703917
1985,1,2,20.8702182769775,12.8969956824913,0,0,0.16554331141194
1985,1,3,11.780179977417,16.8618134100866,0,0,0.16781102578471
1985,1,4,4.07882833480835,7.85081952960445,0,0,0.17007874015748
1985,1,5,0.896219253540039,1.90782064192763,0,4.54747350886464e-13,0.17234645453025
1985,1,6,4.22176218032837,1.98268543505537,0,-4.54747350886464e-13,0.17688188327579
1985,1,7,6.49478149414063,5.56946435778036,0,0,0.178015753978819
1985,1,8,2.63641023635864,5.42699885439424,0,-4.54747350886464e-13,0.181417325537974
1985,1,9,2.95730042457581,2.08243000931134,0.714425427725473,4.54747350886464e-13,0.18481889709713
1985,1,10,1.74010252952576,1.63430652533407,0.714222414939286,0,0.190488183029055
1985,1,11,7.80656623840332,5.5667856671389,0,0,0.201826768409549
1985,1,12,3.63776278495789,5.49925025725315,0,0,0.209763782230888
1985,1,13,4.61234188079834,4.32639775894813,0,0,0.221102367611382
1985,1,14,1.50735306739807,2.30075030324997,0,0,0.224957476638434
1985,1,15,8.97807788848877,5.73486605528251,0,0,0.226771653543307
1985,1,16,11.1386194229126,9.70683876337307,0,0,0.231307082288847
1985,1,17,1.31068205833435,6.02385455144486,0,0,0.235842511034387
1985,1,18,4.91570472717285,3.70888280388408,0,0,0.229039367916077
1985,1,19,9.07337379455566,6.00455040225825,0,0,0.219968510424997
1985,1,20,6.01134204864502,7.46359506923636,4.54747350886464e-13,0,0.209763782230888
1985,1,21,2.87628030776978,3.95607071472477,-4.54747350886464e-13,0,0.205228339968704
1985,1,22,1.87672305107117,2.24208062162188,0,0,0.204094482782319
1985,1,23,2.11062693595886,0.93836217972148,1.05531273226097,2.71401133505151,0.202960625595934
1985,1,24,3.78216671943665,1.88507709404257,1.05866524675093,2.72263319854983,0.200692911223164
1985,1,25,0.844541311264038,2.54701265773792,0,0,0.197291339664009
1985,1,26,0.144684553146362,0.610516906544945,0,0,0.196157482477624
1985,1,27,0.249949887394905,0.174918214330773,0,0,0.195023625291239
1985,1,28,0.001093142433092,0.147187134851265,0,0,0.195023625291239
1985,1,29,1.00335705280304,0.14714061133509,0,0,0.195023625291239
1985,1,30,0.28784042596817,0.582529050791891,0,0,0.193889768104854
1985,1,31,6.06263971328735,2.22696006880688,0,0,0.193889768104854
1985,2,1,0.43944525718689,4.11429576889532,0,0,0.192755910918469
1985,2,2,0.0242452658712864,0.202654079826516,0,0,0.191622053732084
1985,2,3,2.31023454666138,0.869376327636473,0,0,0.191622053732084
1985,2,4,2.65330839157105,2.36249000434873,0,0,0.190488183029055
1985,2,5,2.1396005153656,2.36870266538654,0,0,0.18935432584267
1985,2,6,1.02601516246796,1.69073513047488,0,0,0.188900788374773
1985,2,7,0.204313591122627,0.83173228647911,0,0,0.188447237390233
1985,2,8,0.00230064149945974,0.122516306509624,0,0,0.187993699922336
1985,2,9,0.109352007508278,0.0399747052078965,0,0,0.18754016245444
1985,2,10,0,0.0401695003774876,0,-4.54747350886464e-13,0.1870866114699
1985,2,11,0.0529432706534863,0.00818725491717487,0,4.54747350886464e-13,0.186406305268055
1985,2,12,0.315634280443192,0.120292517012331,0,0,0.185725985549566
1985,2,13,9.98865795135498,4.52051450779891,0,0,0.185045665831078
1985,2,14,18.0963020324707,14.3917311968917,-4.54747350886464e-13,-4.54747350886464e-13,0.184365359629233
1985,2,15,5.28942728042603,10.7870800234678,4.54747350886464e-13,4.54747350886464e-13,0.183685039910745
1985,2,16,4.90630578994751,5.09095789491266,4.54747350886464e-13,0,0.183231502442848
1985,2,17,13.3010988235474,9.62236692313354,-4.54747350886464e-13,0,0.182777951458308
1985,2,18,4.20459318161011,8.72395880741397,0,-4.54747350886464e-13,0.182324413990411
1985,2,19,2.21598339080811,3.79906339057698,0,4.54747350886464e-13,0.181870863005871
1985,2,20,2.53389954566956,2.51706579049142,0,0,0.181417325537974
1985,2,21,3.05917119979858,2.70407834733715,0,0,0.180963774553434
1985,2,22,4.18955564498901,3.21283767868363,0,0,0.180510237085538
1985,2,23,0.0705280974507332,2.27728038360556,0,0,0.180056699617641
1985,2,24,0.666321039199829,0.422016450037972,0,-4.54747350886464e-13,0.179603148633101
1985,2,25,0.30039843916893,0.537908788422101,0,4.54747350886464e-13,0.179149611165204
1985,2,26,4.33308792114258,1.08651549462456,0,0,0.178696060180664
1985,2,27,12.6824865341187,2.05412672864759,6.34124100185227,2.41774159157421,0.178015753978819
1985,2,28,2.6037232875824,1.29880112168985,6.35615077683497,2.42342628059487,0.177335434260331
1985,3,1,1.39356923103333,1.97095589026685,0,0,0.176655114541842
1985,3,2,3.92310571670532,2.95775320110761,0,0,0.176428345807894
1985,3,3,1.17938876152039,2.74588063561123,0,0,0.176201577073946
1985,3,4,0.161051034927368,0.918200671425893,0,0,0.175974808339998
1985,3,5,0,0.17832049379831,0,0,0.175748026089405
1985,3,6,3.87234115600586,1.18684326602715,0,0,0.175521257355457
1985,3,7,1.06566166877747,2.90551979058228,0,0,0.175294488621509
1985,3,8,0.177679687738419,0.929971192319044,0,0,0.175067719887561
1985,3,9,0.40608274936676,0.356170730330632,0,0,0.174840951153613
1985,3,10,2.89640402793884,1.0581899694057,0,0,0.17461416890302
1985,3,11,10.750901222229,5.33483771282363,0,0,0.174160631435124
1985,3,12,9.05554389953613,9.65401551051355,0,0,0.173707080450584
1985,3,13,4.97267913818359,6.43534281969778,0,0,0.173253542982687
1985,3,14,6.43208503723145,5.76111531686411,0,0,0.172800005514791
1985,3,15,3.23875641822815,5.30255632638409,0,0,0.17234645453025
1985,3,16,1.85668563842773,2.9950646858033,0,0,0.17234645453025
1985,3,17,2.78256511688232,2.44594750974647,0,0,0.17234645453025
1985,3,18,6.04271125793457,4.45569320387949,0,0,0.17234645453025
1985,3,19,0.461708873510361,3.38979281278262,0,0,0.17234645453025
1985,3,20,0.780181169509888,0.621652137821457,0,0,0.17234645453025
1985,3,21,2.30978287163453e-07,0.609216882698547,0,0,0.171892917062354
1985,3,22,0.00134095374960452,0.0451671773062117,0,0,0.171212597343865
1985,3,23,0,0.0168417748996035,0,0,0.171212597343865
1985,3,24,0.194751307368279,0.161200802119765,0,0,0.170759059875969
1985,3,25,0.342723995447159,0.227870654022354,0,0,0.171212597343865
1985,3,26,0.128338947892189,0.245523483611123,0,0,0.171439366077814
1985,3,27,0.333612263202667,0.263885173917515,0,0,0.171892917062354
1985,3,28,0.0465481542050839,0.397202097128684,0,0,0.17234645453025
1985,3,29,2.86734771728516,2.46960670676162,0,0,0.172573223264199
1985,3,30,0.0552688837051392,1.79957734775735,0,0,0.173026774248739
1985,3,31,4.06836271286011,1.09427064990814,0,0,0.173480311716635
1985,4,1,5.79912853240967,4.27455001116368,0,0,0.173933862701176
1985,4,2,3.55704593658447,4.52953033560561,0,0,0.174160631435124
1985,4,3,1.52197575569153,2.39111259061701,0,0,0.173480311716635
1985,4,4,1.13930988311768,1.37522092428844,0,0,0.174160631435124
1985,4,5,0.0670319050550461,0.97882911340821,0,0,0.17461416890302
1985,4,6,1.47955250740051,0.794813831656484,0,0,0.175748026089405
1985,4,7,5.11781358718872,3.07847959242008,0.0339587601142739,0,0.17688188327579
1985,4,8,1.61585927009583,2.51615154357478,0.845657098380343,2.21063204438769,0.179149611165204
1985,4,9,0.64507406949997,0.32202864328201,0.809156892852116,2.21399009536844,0.180283468351589
1985,4,10,1.84195698693657e-06,0.31767720971402,0,0,0.180283468351589
1985,4,11,4.02080917358398,1.0909789276152,0,0,0.181417325537974
1985,4,12,5.37211418151856,4.07597963566832,0,0,0.181870863005871
1985,4,13,3.61155366897583,4.46778012866798,0,0,0.182551182724359
1985,4,14,1.88186001777649,2.79248670073503,0,0,0.183685039910745
1985,4,15,0.0402310751378536,1.33202259333666,0,0,0.18481889709713
1985,4,16,2.440101146698,0.481818953971924,0,0,0.190488183029055
1985,4,17,1.57681608200073,1.81301227304311,0,0,0.192755910918469
1985,4,18,0.293655961751938,1.07818996522656,0,0,0.196157482477624
1985,4,19,0,0.237585811387817,0,0,0.196157482477624
1985,4,20,0.00208933581598103,0.0188262539804782,0,0,0.198198428116445
1985,4,21,0.0320964157581329,0.0233785604500554,0,0,0.199559054036779
1985,4,22,0.000306990667013451,0.00932266787094704,0,0,0.200012605021319
1985,4,23,0.029276529327035,0.0455990840341656,0,0,0.200692911223164
1985,4,24,0.52801913022995,0.40781028756146,0,0,0.201826768409549
1985,4,25,0.077803261578083,0.467208469526668,0,0,0.204094482782319
1985,4,26,2.43222069740295,0.986592819385805,0,0,0.202960625595934
1985,4,27,9.18295097351074,5.8481056085393,0.568617337678006,0,0.202960625595934
1985,4,28,0.729176700115204,5.41976232044272,0.603314461221999,0,0.201826768409549
1985,4,29,0.055660430341959,0.369798462659219,0,0,0.204094482782319
1985,4,30,0.207756832242012,0.100684144325896,0,0,0.206362210671733
1985,5,1,0.0905108898878098,0.110588490512782,0.0345030534026591,0.519381220630294,0.205228339968704
1985,5,2,2.17450642585754,0.0107521226136669,1.12177358934787,7.06235368987109,0.206362210671733
1985,5,3,0.19937464594841,0,1.19989643257668,17.7210239825795,0.208629925044503
1985,5,4,1.20005226135254,0,0.901401059871205,22.0384157765907,0.209763782230888
1985,5,5,1.62778544425964,0,1.42262538930572,26.5222063177134,0.209763782230888
1985,5,6,0,0,0.822113202216769,29.3229613661474,0.210444088432733
1985,5,7,0.054965291172266,0,0.0291348982323143,25.7919797399127,0.210897639417273
1985,5,8,0.413757562637329,0,0.193871792539085,23.4717593170731,0.211577959135761
1985,5,9,5.03374576568604,0,1.94329882698275,21.3132026691233,0.212031496603658
1985,5,10,1.72354769706726,0.768283122009507,2.64256933268007,9.50655186151562,0.212711816322146
1985,5,11,0.283189326524735,0.789622105479339,0.0613141343887946,0,0.213165353790043
1985,5,12,7.23329401016235,4.7624384294013,0,0,0.215433068162813
1985,5,13,3.58843636512756,3.74758042011217,1.72926212972698,6.08625285191647,0.218834639721968
1985,5,14,14.9652013778687,0,10.2346550544298,7.4085851588452,0.224503939170537
1985,5,15,16.200834274292,0,15.5672557855987,13.1469638897893,0.226771653543307
1985,5,16,3.52685451507568,0,9.93577946868163,26.6191982021528,0.238110225407157
1985,5,17,0.0272672493010759,0,1.79560143390745,28.2446363348004,0.387779536209707
1985,5,18,0.0143502941355109,0,0.0211541946614489,26.2764461639113,0.444472449595534
1985,5,19,0.319860070943832,0,0.113295581136754,24.7310404768173,0.451275592713844
1985,5,20,1.65670835971832,0,1.16461703337745,21.6599768385008,0.476220450814315
1985,5,21,0.453239947557449,0,0.921678904466717,23.0165346668132,0.462614164577694
1985,5,22,0.25151652097702,0,0.352379413061499,39.9124420452281,0.569196848231038
1985,5,23,0.0052585918456316,0,0.129237457006639,52.6200234984212,0.873070844515102
1985,5,24,0.586823999881744,0,0.295663972666262,53.053843437965,1.24497632604884
1985,5,25,0.133406206965446,4.54747350886464e-13,0.359046869402846,48.3109514819657,1.7960315133643
1985,5,26,0.105988413095474,-4.54747350886464e-13,0.119644323947341,0,2.47181093711553
1985,5,27,0,0,0.0540905313828262,0,3.10677161029005
1985,5,28,0.00545318564400077,0,0.0027076317837782,0,3.74173228346457
1985,5,29,0.436546415090561,0,0.220632773138732,-4.54747350886464e-13,3.99118118886873
1985,5,30,0.159012824296951,0,0.298420810578591,9.09494701772928e-13,4.28598416546198
1985,5,31,0.209068104624748,0,0.183946482428837,-4.54747350886464e-13,3.76440953532542
1985,6,1,1.14213335514069,0,0.675597676899997,0,3.60566920483206
1985,6,2,0.00888663809746504,0,0.574680135079234,0,3.85511811023622
1985,6,3,0.968987226486206,0,0.487986132379319,0,4.7848819762703
1985,6,4,4.41559791564941,0,2.80720104571401,0,5.87338574026513
1985,6,5,0.378381371498108,0,2.39885386155129,0,4.80755922813115
1985,6,6,0.0100035602226853,0,0.17687329356113,0,3.1748031496063
1985,6,7,0.382115483283997,0,0.292276484982722,0,2.1180472786971
1985,6,8,0.732557892799377,0,0.467355566378046,0,1.4966928917592
1985,6,9,0.590454697608948,0,0.680164549357869,0,1.20642523577833
1985,6,10,2.6401641368866,0,1.18641788333207,0,1.26538580947035
1985,6,11,3.43197393417358,0,2.82972170347966,0,1.66450397161048
1985,6,12,0.263672858476639,0,2.44902197422607,0,1.91395266074834
1985,6,13,0.423985481262207,0,0.395806727337003,0,1.77788979838214
1985,6,14,0.240205675363541,0,0.34854509245497,0,1.56925985982099
1985,6,15,0.533693611621857,0,0.360150822763899,0,1.39237792247862
1985,6,16,1.98378777503967,0,1.15547696231943,0,
1985,6,17,9.63200855255127,0,5.92141291914641,0,
1985,6,18,3.38915395736694,0,8.6025982468218,0,
1985,6,19,0.399924904108048,0,2.19088954368317,0,
1985,6,20,0.292367100715637,0,0.368310054626363,0,
1985,6,21,1.07050859928131,0,0.527432907288585,0,
1985,6,22,1.6369696855545,0,1.23801731576214,0,
1985,6,23,1.17042553424835,0,1.45999360652741,0,
1985,6,24,3.08147573471069,0,1.92331821447988,0,
1985,6,25,3.66912627220154,0,3.37042623091565,0,
1985,6,26,3.83950304985046,0,3.79828610775166,0,
1985,6,27,11.4525003433228,0,8.6525020449817,0,
1985,6,28,1.16230368614197,0,7.10066528111474,0,
1985,6,29,0.0708622485399246,0,0.650640839295647,0,
1985,6,30,0.00371982087381184,0,0.0564111737230633,0,
1985,7,1,0.19334077835083,0,0.0811864564775533,0,
1985,7,2,0.0445577464997768,0,0.0774003382971387,0,
1985,7,3,0.0316343382000923,0,0.0418638151272717,0,
1985,7,4,0.26597198843956,0,0.081294075292135,0,
1985,7,5,0.0283674616366625,0,0.195400789848009,0,
1985,7,6,0.945236921310425,0,0.300270426074349,0,6.73511828324926
1985,7,7,1.54807698726654,0,1.15953148764902,0,5.21574803149606
1985,7,8,0,0,0.705962988348801,0,4.8302360474594
1985,7,9,0.704393208026886,-4.54747350886464e-13,0.444126717024574,-4.54747350886464e-13,4.12724426750123
1985,7,10,2.01208066940308,4.54747350886464e-13,1.65338146826525,4.54747350886464e-13,3.67370096041462
1985,7,11,1.7741551399231,0,1.73511676264252,0,4.17259833869033
1985,7,12,0.255780577659607,0,0.584173716736586,0,3.78708678718627
1985,7,13,0.293919205665588,0,0.361051632879025,0,3.1748031496063
1985,7,14,1.56269860267639,0,1.19792587515758,0,2.87999995674674
1985,7,15,0.00875060260295868,0,0.342520304738628,-4.54747350886464e-13,3.01606303537924
1985,7,16,0.0092943012714386,0,0.0088490072366767,4.54747350886464e-13,3.10677161029005
1985,7,17,0.182766124606133,0,0.0448749140255131,0,3.06141732283465
1985,7,18,0.175666272640228,0,0.173225421820916,0,2.92535424420214
1985,7,19,0.0438119694590569,0,0.141738547529712,0,3.03874007097379
1985,7,20,2.43313550949097,0,0.668804033695324,0,3.71905503160372
1985,7,21,1.34159302711487,0,1.8765877174219,0,2.94803149606299
1985,7,22,0.329454004764557,0,0.73143449652116,0,2.10217333215428
1985,7,23,1.0246342420578,0,1.07842294771172,-4.54747350886464e-13,1.83911803238035
1985,7,24,4.00025415420532,0,3.55504563811246,4.54747350886464e-13,1.79149608461876
1985,7,25,3.21121668815613,0,3.80507129510079,0,1.85045665831078
1985,7,26,1.06056261062622,0,2.30359333464639,0,1.79149608461876
1985,7,27,0.0645821765065193,0,0.755727649876008,0,1.76655117245171
1985,7,28,0.199294283986092,0,0.16354481633698,0,1.79376374492495
1985,7,29,0.403854876756668,0,0.239375082494917,0,1.9320945919968
1985,7,30,1.18604779243469,-4.54747350886464e-13,0.657850025930202,0,1.88220476766271
1985,7,31,0.411316394805908,4.54747350886464e-13,0.78579094732504,0,1.75521254652128
1985,8,1,4.98316478729248,0,3.66904798377527,0,1.48081894521638
1985,8,2,0.908998906612396,0,3.63750916570598,0,1.60554328978531
1985,8,3,0.0378991216421127,0,0.837864683958742,0,1.63729129100409
1985,8,4,1.69166684150696,0,0.584354586012523,0,1.39691335122416
1985,8,5,0.571963787078857,0,0.882651647591501,0,1.33114958034726
1985,8,6,0.10882905125618,0,0.429566377556512,0,1.24497632604884
1985,8,7,0.319527626037598,0,0.234527603968218,0,1.25631495197927
1985,8,8,1.39671909809113,0,1.09554306326208,0,1.33795277753214
1985,8,9,0.0868290364742279,0,1.11974978751823,0,1.23590546855776
1985,8,10,2.31900405883789,0,1.10714183501113,0,1.03634649562085
1985,8,11,0.133276849985123,0,1.78106574818321,0,0.968314956304595
1985,8,12,0.373460650444031,0,0.373690417726721,0,0.916157471664308
1985,8,13,4.73547267913818,0,2.41218991371989,0,1.09984249805841
1985,8,14,1.78412914276123,0,4.03142653459827,0,1.3130078653651
1985,8,15,1.49240267276764,0,1.75436844936075,0,1.10891335554949
1985,8,16,2.91038036346436,0,2.11629200750258,0,1.06355906809409
1985,8,17,2.36076879501343,0,2.82579473494889,0,0.929763757900929
1985,8,18,1.69595539569855,0,2.17807856946911,0,0.907086614173228
1985,8,19,0.708901584148407,0,1.45414527303728,0,0.863999987024022
1985,8,20,1.74333071708679,0,1.27421855491093,0,0.805039359265425
1985,8,21,2.40279650688171,0,1.95543942573977,0,0.836787414550781
1985,8,22,1.856369972229,0,2.31706297952405,0,0.934299186646469
1985,8,23,2.60972666740418,0,2.22387245208438,0,0.861732272651252
1985,8,24,1.72881257534027,0,2.302808872485,0,0.963779527559055
1985,8,25,1.03343486785889,0,1.62783145354388,0,0.943370044137549
1985,8,26,0.919310927391052,0,1.06250333876596,0,0.900283471054918
1985,8,27,1.31372427940369,0,1.3075193214504,0,0.868535415769562
1985,8,28,2.19937300682068,0,2.05910597152251,0,0.868535415769562
1985,8,29,0.294825166463852,0,1.72813167143204,0,0.861732272651252
1985,8,30,0.172549337148666,0,0.309587932921659,0,0.823181128314161
1985,8,31,0.180086120963097,0,0.178898461378594,0,0.773291358046644
1985,9,1,1.84970796108246,0,0.547209088115778,0,0.741543302761288
1985,9,2,3.70321297645569,4.54747350886464e-13,2.6265938208021,4.54747350886464e-13,0.802771644892655
1985,9,3,1.07572317123413,-4.54747350886464e-13,3.27028045698307,-4.54747350886464e-13,0.820913359874816
1985,9,4,2.81401562690735,0,1.97930995935849,4.54747350886464e-13,0.857196843905712
1985,9,5,0.524734139442444,0,2.45051548523816,-4.54747350886464e-13,0.922960668849194
1985,9,6,0.117889136075974,0,0.563533488772464,0,0.857196843905712
1985,9,7,0.0171976424753666,0,0.0335950538205907,0,0.798236216147115
1985,9,8,0.846218943595886,0,0.304347428788788,0,0.761952732116219
1985,9,9,10.2007989883423,0,6.53307444557413,0,0.737007874015748
1985,9,10,13.2640676498413,0,11.9188027478867,0,0.875338558887872
1985,9,11,0.0958181023597717,0,6.40146038547255,0,0.820913359874816
1985,9,12,0.0966532379388809,0,0.0963915432153044,0,0.764220446488989
1985,9,13,0,0,0.0555517628999951,0,0.700724389984852
1985,9,14,0.216620579361916,-4.54747350886464e-13,0.126299750256749,0,0.671244103138841
1985,9,15,10.9414968490601,4.54747350886464e-13,4.04751722604624,0,0.755149588997909
1985,9,16,1.84417259693146,0,4.43395268599807,0,1.34022043783834
1985,9,17,0.227509990334511,0,0.618248126247181,0,1.1497323223925
1985,9,18,0.170134156942368,0,0.195265200289668,-4.54747350886464e-13,0.938834615392009
1985,9,19,1.11202335357666,0,0.354795443189232,4.54747350886464e-13,0.861732272651252
1985,9,20,2.87403225898743,0,1.93951840065938,0,0.825448842686931
1985,9,21,0.0384227894246578,0,1.4820591495909,0,0.839055128923551
1985,9,22,6.78825235366821,-4.54747350886464e-13,2.64952326201001,0,0.814110216756505
1985,9,23,7.96052265167236,4.54747350886464e-13,7.24525797088745,0,0.852661415160172
1985,9,24,6.75341892242432,0,7.77034896947544,0,0.952440901628629
1985,9,25,3.46894931793213,0,5.72900172084655,0,1.12478741022546
1985,9,26,0.333363443613052,0,2.77742530255864,0,0.959244098813515
1985,9,27,0,0,0.338012805589187,0,0.904818899800458
1985,9,28,0.358240187168121,0,0.0908274035496106,0,0.854929129532942
1985,9,29,2.24860548973084,0,1.05433711516753,0,0.800503930519885
1985,9,30,10.2986164093018,0,4.13740925392176,0,0.807307073638195
1985,10,1,8.06177520751953,0,9.60731928740142,0,0.782362215537725
1985,10,2,3.76181173324585,0,5.57907940119685,0,0.771023643673874
1985,10,3,6.7058916091919,0,5.57151811502081,0,0.759685017743449
1985,10,4,5.17617750167847,0,6.12643009883232,0,0.752881874625138
1985,10,5,4.69556140899658,0,5.12446586246324,0,0.737007874015748
1985,10,6,0.140892684459686,0.0704492897439195,2.40344058223582,0,0.725669302151898
1985,10,7,0.00148656067904085,0.0704464007321803,0.00222787736402097,0.14089684420378,0.714330730288048
1985,10,8,1.07973217964172,-4.54747350886464e-13,0.595706764415809,0,0.707527533103162
1985,10,9,1.65035998821259,4.54747350886464e-13,1.25415425476558,0,0.702992104357622
1985,10,10,4.99554300308228,0,3.57865794900181,0,0.696188961239312
1985,10,11,1.69466423988342,0,3.15658724663444,0,0.680314960629921
1985,10,12,0.461624443531036,0,1.31100581519604,0,0.662173245647761
1985,10,13,2.05259346961975,0.832306746132872,0.452288465827678,0,0.646299190971795
1985,10,14,0.944800436496735,0.832306760768461,0.666391044424017,1.90630850298339,0.630425190362405
1985,10,15,0.372585862874985,0.186289460021271,0.472409021038857,0.146288357192589,0.612283475380244
1985,10,16,0.766647160053253,0.568589532069836,0,0,0.594141706331508
1985,10,17,4.32421731948853,2.54211226041161,0,0,0.578267705722118
1985,10,18,3.62972760200501,3.99655011723689,-4.54747350886464e-13,0,0.555590561994417
1985,10,19,1.65333700180054,2.66083739085752,4.54747350886464e-13,0,0.539716561385027
1985,10,20,1.65665423870087,1.65403633765891,0,0,0.521574792336291
1985,10,21,0.350394457578659,1.03700379605652,0,0,0.510236220472441
1985,10,22,3.14368724822998,1.71837531535539,0,0,0.498897648608591
1985,10,23,5.02990293502808,4.03975020109328,-4.54747350886464e-13,0,0.48755907674474
1985,10,24,0.678980767726898,2.91005359193105,4.54747350886464e-13,0,0.480755879559855
1985,10,25,1.71713972091675,1.24121473794912,0,0,0.476220450814315
1985,10,26,3.25718116760254,2.40731023121589,0,4.54747350886464e-13,0.471685022068775
1985,10,27,2.62795734405518,2.9549454186299,4.54747350886464e-13,0,0.460346450204924
1985,10,28,2.64577770233154,2.6307954768381,-4.54747350886464e-13,-4.54747350886464e-13,0.453543307086614
1985,10,29,6.46523141860962,4.67629986873135,0,0,0.442204735222764
1985,10,30,2.88277149200439,4.75908182927697,0,0,0.435401565071166
1985,10,31,0.222040012478828,1.55524667223062,0,4.54747350886464e-13,0.419527564461776
1985,11,1,1.62385857105255,0.916270035927937,0,-4.54747350886464e-13,0.408188965564638
1985,11,2,3.43709063529968,2.47314241260392,0,0,0.403653536819098
1985,11,3,3.80284667015076,3.60892748751894,0,0,0.399118108073557
1985,11,4,0,1.97820671400632,0,0,0.403653536819098
1985,11,5,0.0921233743429184,0.0615965035999579,0,0,0.396850393700787
1985,11,6,0.135320290923119,0.111369129515424,0,0,0.385511821836937
1985,11,7,0.15470415353775,0.139078276874898,0,0,0.369637794194259
1985,11,8,0.061909694224596,0.11447143569012,-4.54747350886464e-13,0,0.358299222330409
1985,11,9,0.0189494527876377,0.0500987154664472,4.54747350886464e-13,0,0.335622051569421
1985,11,10,0.012332140468061,0.0165263250573844,0,0,0.32655119407834
1985,11,11,0.838381826877594,0.358303016505033,0,0,0.324283452672283
1985,11,12,11.7004318237305,6.11176948764978,0,0,0.322015738299513
1985,11,13,17.3595371246338,14.3752359586215,0,0,0.319748023926742
1985,11,14,3.3488552570343,10.237907892872,0,0,0.317480309553972
1985,11,15,0.294914424419403,2.03863395027338,0,0,0.315212595181202
1985,11,16,0.413930594921112,0.339951469908101,0,0,0.310677166435662
1985,11,17,2.52984952926636,1.35898029365808,-4.54747350886464e-13,0,0.306141737690122
1985,11,18,0.166539773344994,1.47530495039382,4.54747350886464e-13,0,0.301606308944582
1985,11,19,0.113361492753029,0.155279802338555,0,0,0.292535424420214
1985,11,20,4.73879772471264e-05,0.0629797946112376,0,0,0.285732281301904
1985,11,21,0,3.31708624798921e-05,0,0,0.281196852556364
1985,11,22,0.00157647777814418,0.000583689455652348,0,0,0.276661423810824
1985,11,23,0,0.000844687421249546,0,0,0.272125995065284
1985,11,24,0.00632123276591301,0.00292993979428502,0,0,0.265322824913686
1985,11,25,0,0.00338798088432668,0,0,0.260787396168146
1985,11,26,0.101109549403191,0.0468518608199702,0,0,0.258519681795376
1985,11,27,0.0581497475504875,0.0744827751268531,0,0,0.253984253049835
1985,11,28,0.0405249185860157,0.0442545655273534,0,0,0.249448824304295
1985,11,29,4.23733254137915e-05,0.0115431821477614,0,0,0.247181109931525
1985,11,30,0.00217877421528101,0.00221609988602722,0,0,0.242645681185985
1985,12,1,0.0229519680142403,0.0164990244388719,0,0,0.240377939779927
1985,12,2,0.00433827890083194,0.0094310318531825,-4.54747350886464e-13,0,0.235842511034387
1985,12,3,1.53108787536621,0.519646130213459,4.54747350886464e-13,0,0.233574796661617
1985,12,4,44.7249946594238,23.0796074819214,-4.54747350886464e-13,-4.54747350886464e-13,0.229039367916077
1985,12,5,2.46766948699951,23.6126937184863,4.54747350886464e-13,4.54747350886464e-13,0.226771653543307
1985,12,6,0.884049117565155,1.47971598201002,0,0,0.224503939170537
1985,12,7,0,0.330040992409067,0,0,0.222236224797767
1985,12,8,0.0392807833850384,0.0172034307624926,0,0,0.219968510424997
1985,12,9,0.325226455926895,0.244319408534466,0,0,0.217700782535583
1985,12,10,2.94564366340637,1.20461273185083,-4.54747350886464e-13,0,0.215433068162813
1985,12,11,0.712656855583191,2.29135325582229,4.54747350886464e-13,-4.54747350886464e-13,0.213618891257939
1985,12,12,0.103627048432827,0.441861105364296,0,4.54747350886464e-13,0.21180472786971
1985,12,13,1.62754940986633,0.687758244714587,0,0,0.209990550964836
1985,12,14,0.246846914291382,1.00249627293397,-4.54747350886464e-13,0,0.208176374059962
1985,12,15,2.90348029136658,1.9900991278887,9.09494701772928e-13,0,0.206362210671733
1985,12,16,2.18662714958191,2.78642897583677,-4.54747350886464e-13,0,0.205001571234756
1985,12,17,3.23544812202454,2.74693024238604,0,-4.54747350886464e-13,0.204321265032911
1985,12,18,0.656317234039307,2.51485032521759,0,4.54747350886464e-13,0.202280319394089
1985,12,19,3.47513747215271,0.328158697182062,1.73756831162336,4.27909220053743,0.200919679957112
1985,12,20,13.7903747558594,0,8.64871062167458,15.8589924573716,0.199559054036779
1985,12,21,4.73579978942871,0,9.28734577965679,18.6083038395082,0.198651965584342
1985,12,22,2.76921033859253,0,3.76515181183777,17.4674201268663,0.197971659382497
1985,12,23,9.88982963562012,0,6.54630984585174,23.7150481256676,0.19706457093006
1985,12,24,8.44671249389648,0,9.06892866696126,26.4170194635276,0.196384251211572
1985,12,25,0.121212773025036,0.0604124429692092,4.23687120337399,13.3543791507082,0.195477162759135
1985,12,26,0.455240309238434,0.28766485445658,0,4.54747350886464e-13,0.195477162759135
1985,12,27,0.0474848411977291,0.336906627583176,0,-4.54747350886464e-13,0.195250394025187
1985,12,28,4.61946392059326,2.32763179145741,-4.54747350886464e-13,-4.54747350886464e-13,0.195250394025187
1985,12,29,1.99457204341888,3.37474794914397,4.54747350886464e-13,4.54747350886464e-13,0.195023625291239
1985,12,30,0.271037220954895,1.43905377914916,0,0,0.195023625291239
1985,12,31,2.93349742889404,1.56996695671842,0,0,0.195023625291239
1986,1,1,0.0520649813115597,1.77695969779461,0,0,0.195023625291239
1986,1,2,3.27864980697632,1.46468923965676,0,0,0.195023625291239
1986,1,3,0.352345913648605,2.08528206376013,0,0,0.195023625291239
1986,1,4,5.49072742462158,2.6848756788645,-4.54747350886464e-13,-4.54747350886464e-13,0.195023625291239
1986,1,5,1.00057148933411,3.19036579502153,0,4.54747350886464e-13,0.195023625291239
1986,1,6,5.65505075454712,3.3438028925566,4.54747350886464e-13,0,0.195023625291239
1986,1,7,4.51383352279663,4.83795315525276,0,0,0.19479685655729
1986,1,8,7.61655426025391,6.08396821859878,0,0,0.19479685655729
1986,1,9,3.27989864349365,5.73407738977039,0,0,0.19479685655729
1986,1,10,4.54578733444214,3.95812090133677,0,0,0.194570074306698
1986,1,11,13.5861768722534,9.52619715810033,0,0,0.194570074306698
1986,1,12,13.7097263336182,13.6751813758069,0,0,0.19434330557275
1986,1,13,9.12685871124268,11.8280934501854,0,0,0.193662985854262
1986,1,14,0.74295312166214,5.47742750332509,0,0,0.192755910918469
1986,1,15,0.1619633436203,0.43352676557015,0,0,0.191395271481491
1986,1,16,0.171269625425339,0.165193144052864,0,0,0.190261414295106
1986,1,17,0.185864090919495,0.177717212559401,0,0,0.188900788374773
1986,1,18,2.76512908935547,1.0221087131531,0,0,0.18754016245444
1986,1,19,5.22602605819702,4.53101139448199,0,0,0.186179523017463
1986,1,20,0.520245850086212,2.27485606500795,0,0,0.18481889709713
1986,1,21,4.13020944595337,2.96516293135301,0,0,0.183911808644693
1986,1,22,1.05826485157013,2.66526750323783,0,0,0.183004720192256
1986,1,23,2.33827424049377,1.93400810279491,4.54747350886464e-13,0,0.182097631739819
1986,1,24,8.30475044250488,5.71607389504879,-4.54747350886464e-13,0,0.181190556804026
1986,1,25,27.7346038818359,17.4597041301422,0,0,0.180283468351589
1986,1,26,8.0573263168335,18.6235193478442,-4.54747350886464e-13,0,0.180283468351589
1986,1,27,2.89913535118103,5.73214690755822,0,0,0.180283468351589
1986,1,28,2.22325587272644,2.79738123317338,4.54747350886464e-13,0,0.180963774553434
1986,1,29,0.00290600582957268,1.30339325607201,0,0,0.181417325537974
1986,1,30,0.765206933021545,0.45621581541036,0,0,0.180737005819486
1986,1,31,1.8702005147934,1.21235370687054,0,0,0.180283468351589
1986,2,1,2.24075222015381,1.95532092484245,0,0,0.178015753978819
1986,2,2,3.48458027839661,2.93699502919617,0,0,0.175067719887561
1986,2,3,0.466424465179443,2.68247132853958,0,0,0.17234645453025
1986,2,4,0.0194415021687746,0.304602777913715,0,0,0.171892917062354
1986,2,5,0.00261605391278863,0.0208761848616632,0,0,0.171212597343865
1986,2,6,0.491354376077652,0.127654139896549,0,0,0.170532277625377
1986,2,7,1.8440066576004,1.33856225336876,0,0,0.169851971423532
1986,2,8,0.0494277775287628,1.03765021589379,0,0,0.169171651705044
1986,2,9,0.48922598361969,0.174882774209891,0,0,0.168491331986555
1986,2,10,0.01869747787714,0.414787961900402,0,0,0.16781102578471
1986,2,11,0.00142254075035453,0.0692439745421325,0,0,0.167130706066222
1986,2,12,0.00377870467491448,0.00307723049218112,0,0,0.166677168598325
1986,2,13,0.00170816271565855,0.00219453407453329,0,0,0.166450399864377
1986,2,14,0,0.000453206213933299,0,0,0.165996848879837
1986,2,15,0,0,0,0,0.16554331141194
1986,2,16,0,3.24180537063512e-05,0,0,0.164409454225555
1986,2,17,0.000879244355019182,0.00125259690366875,0,0,0.16327559703917
1986,2,18,0.017332348972559,0.0123279952335906,0,0,0.162141726336141
1986,2,19,0,0.00459858313661243,0,0,0.16055433168186
1986,2,20,0,0.0126354420335701,0,0,0.158740154776986
1986,2,21,0.342699199914932,0.251774953917447,0,0,0.156472440404216
1986,2,22,0.108035162091255,0.272027080838598,0,0,0.154204726031446
1986,2,23,0.057078056037426,0.0820038587803538,0,0,0.154204726031446
1986,2,24,9.1278600692749,3.82117532226175,0,0,0.154204726031446
1986,2,25,21.5108909606934,15.2272935828223,0,0,0.153070868845061
1986,2,26,20.6653137207031,21.0344339788062,0,0,0.151937011658676
1986,2,27,27.3069515228272,22.9695848342371,4.54747350886464e-13,4.54747350886464e-13,0.150803154472291
1986,2,28,7.79197931289673,17.5913577817391,-4.54747350886464e-13,-4.54747350886464e-13,0.149669297285906
1986,3,1,11.0964012145996,10.3361040012969,0,0,0.149215746301366
1986,3,2,12.0855703353882,11.8058618368541,0,0,0.148535426582877
1986,3,3,9.25060272216797,10.5375392904948,0,0,0.148762208833469
1986,3,4,2.36842513084412,4.75638100088281,-4.54747350886464e-13,0,0.149215746301366
1986,3,5,0.187072575092316,1.96963375943733,4.54747350886464e-13,0,0.149669297285906
1986,3,6,6.57304334640503,3.55015023340684,0,0,0.149669297285906
1986,3,7,4.64897680282593,5.30013441466463,0,0,0.149896066019854
1986,3,8,4.59261322021484,4.62206062312771,0,0,0.149896066019854
1986,3,9,2.89899396896362,3.42706516379349,0,0,0.150122834753802
1986,3,10,3.29108905792236,3.11426594150544,0,0,0.150349603487751
1986,3,11,0.396286308765411,2.46368694574085,0,0,0.150803154472291
1986,3,12,0.217269837856293,0.45472962787926,0,0,0.152617317860521
1986,3,13,0,0.156335284394572,0,0,0.154204726031446
1986,3,14,4.10052990673648e-07,0.0530164464257723,0,0,0.154658263499343
1986,3,15,0.48432457447052,0.41576052830942,0,0,0.155338583217831
1986,3,16,0.0324712172150612,0.290765420955267,0,0,0.15601890293632
1986,3,17,0.0199017859995365,0.0311111713276659,0,0,0.156925977872113
1986,3,18,1.0304274559021,0.379592460846197,-4.54747350886464e-13,0,0.157606297590601
1986,3,19,3.85571336746216,1.61609808480034,4.54747350886464e-13,0,0.158059848575141
1986,3,20,15.6098175048828,10.012168282396,0,0,0.158740154776986
1986,3,21,13.7487182617188,14.2746844072253,-4.54747350886464e-13,0,0.159647243229423
1986,3,22,2.35980343818665,8.24056322417255,4.54747350886464e-13,0,0.16055433168186
1986,3,23,0.103943325579166,1.81382674860197,0,0,0.161461420134297
1986,3,24,0.140755280852318,0.212996125432255,0,0,0.162368508586733
1986,3,25,0,0.0178956105619363,0,0,0.16327559703917
1986,3,26,4.80495023727417,1.69668119130392,0,-4.54747350886464e-13,0.164182671974963
1986,3,27,3.25905156135559,4.22511651161449,0,4.54747350886464e-13,0.1650897604274
1986,3,28,3.21064114570618,3.26216643889075,0,0,0.165996848879837
1986,3,29,3.6988205909729,3.39633518760502,4.54747350886464e-13,4.54747350886464e-13,0.166903937332273
1986,3,30,2.68563008308411,3.56378246000349,-4.54747350886464e-13,-4.54747350886464e-13,0.16781102578471
1986,3,31,0,1.71541691700804,0,0,0.168944882971095
1986,4,1,0.0722427070140839,0.036435417404391,0,0,0.169851971423532
1986,4,2,4.76219463348389,3.39839808248235,0,0,0.170759059875969
1986,4,3,1.05616235733032,2.09777743376299,0,0,0.171666148328406
1986,4,4,2.67792057991028,2.04429302538301,0,0,0.172573223264199
1986,4,5,3.60160279273987,2.47471323682339,0.665051269296328,0,0.173480311716635
1986,4,6,2.88400006294251,2.57779505852022,0.664958521269909,0,0.17461416890302
1986,4,7,18.8398246765137,9.77843634315923,0,0,0.175748026089405
1986,4,8,1.88743793964386,10.7184843033783,0,0,0.17688188327579
1986,4,9,0.30506694316864,1.22122283507952,0,0,0.178015753978819
1986,4,10,0.00962144322693348,0.234358493351465,0,0,0.179149611165204
1986,4,11,0.00218603271059692,0.0173565333557235,0,0,0.180056699617641
1986,4,12,0.00199441844597459,0.00193789967488556,0,0,0.180963774553434
1986,4,13,0.00057995057431981,0.00198599617351647,0,0,0.181870863005871
1986,4,14,0.0172927957028151,0.179052542350291,0,0,0.182777951458308
1986,4,15,2.47637343406677,1.98286105437592,0,0,0.183685039910745
1986,4,16,0.46729251742363,1.47934377604497,0,0,0.185045665831078
1986,4,17,0.444475948810577,0.460073513918815,0,0,0.186406305268055
1986,4,18,0.244749784469605,0.364187865976419,0,0,0.187766931188388
1986,4,19,9.90629196166992,3.76941980934407,0,0,0.189127557108721
1986,4,20,6.74060583114624,7.61343821441278,-4.54747350886464e-13,-4.54747350886464e-13,0.190488183029055
1986,4,21,0.187453269958496,4.83502872525696,4.54747350886464e-13,9.09494701772928e-13,0.190941734013595
1986,4,22,0.888711512088776,0.467490960905252,0,-4.54747350886464e-13,0.191622053732084
1986,4,23,2.3312714099884,1.1711923733701,0,0,0.193889768104854
1986,4,24,0.148805022239685,1.08270413485616,0,0,0.196157482477624
1986,4,25,0.493208259344101,0.353856484746757,0,0,0.198425196850394
1986,4,26,2.04840064048767,0.946330112022679,0,0,0.201826768409549
1986,4,27,2.44503211975098,0.980656749068658,1.22251609953128,4.5647707404305,0.205228339968704
1986,4,28,0.192524388432503,0,1.29235486730931,9.65629308498092,0.208629925044503
1986,4,29,0.516373038291931,0,0.355245208672386,18.7550185746909,0.212031496603658
1986,4,30,0.250792473554611,0,0.387232766900979,22.0186829770287,0.215433068162813
1986,5,1,0.0187351182103157,0,0.153156318585843,17.994137327807,0.218834639721968
1986,5,2,0.118194274604321,0,0.0756618937484745,22.2749398947835,0.222236224797767
1986,5,3,0.0137521717697382,0,0.0660670477773238,19.5222989137201,0.226771653543307
1986,5,4,0.0304202567785978,0,0.021367813136294,19.7300695200433,0.235842511034387
1986,5,5,0.0847277641296387,0,0.0490584467511326,24.2516465910367,0.244913395558755
1986,5,6,0.0791358575224876,-4.54747350886464e-13,0.0807955408035923,23.5836636705253,0.253984253049835
1986,5,7,3.22592186927795,4.54747350886464e-13,1.22852117058119,22.2185329743497,0.263055110540916
1986,5,8,1.21308076381683,0,2.35846621653582,16.9206990306275,0.272125995065284
1986,5,9,0.228127330541611,0,0.743495387166149,12.1558375988998,0.281196852556364
1986,5,10,0.191396221518517,0.0432770607490056,0.163543540361843,4.28682090465736,0.292535424420214
1986,5,11,1.37314748764038,0.0462079795752288,0.595012035554646,3.13584261184224,0.303874023317352
1986,5,12,0.728068292140961,0,1.09047740262304,13.2183984725943,0.315212595181202
1986,5,13,0.623898029327393,0,0.671386304124553,20.9071849004367,0.32881890845111
1986,5,14,0.502255856990814,0,0.580652109636958,23.0612682139181,0.342425194687731
1986,5,15,0.745395004749298,-4.54747350886464e-13,0.616588491758193,22.7732303768989,0.358299222330409
1986,5,16,5.63803434371948,4.54747350886464e-13,3.71464680334884,17.0316371700583,0.380976366058109
1986,5,17,2.11922764778137,0,4.26217064682305,17.0850626353713,0.403653536819098
1986,5,18,0.642600119113922,0,1.3808514895295,16.861765464645,0.428598421952856
1986,5,19,1.31985032558441,0,0.981225180052661,19.0748787300927,0.453543307086614
1986,5,20,7.65811109542847,0,4.36039303131884,20.6845847355517,0.480755879559855
1986,5,21,7.9974308013916,0,7.82763506643596,21.3298022204635,0.544251990130567
1986,5,22,2.32514119148254,0,5.16637026708804,26.8701800919116,0.610015761007474
1986,5,23,0.163558945059776,0,1.31814613557435,28.6446305261316,0.678047246257151
1986,5,24,0.5855593085289,0,0.373450050238716,11.7187796705039,0.748346445879598
1986,5,25,1.54837167263031,0,1.06462884833036,0,0.816377931129275
1986,5,26,0.893095016479492,0,1.21919330920173,0,0.952440901628629
1986,5,27,0.629215896129608,0,0.761579590321617,0,1.16560626893532
1986,5,28,0,0,0.315060827071193,0,1.37423620749646
1986,5,29,0.84198522567749,0,0.41981991964758,0,1.43999997837337
1986,5,30,1.23489153385162,0,1.03843661951214,0,1.66903940035602
1986,5,31,0.708670079708099,0,0.971898905826492,0,2.15886624554011
1986,6,1,0.879614651203156,0,0.790228168278645,0,2.03414179283803
1986,6,2,0.0814224481582642,0,0.595969168025022,0,1.5624566626361
1986,6,3,0.000331442948663607,0,0.0572100690169464,0,1.42185826339121
1986,6,4,0.00379629852250218,0,0.00205267811452359,0,1.98198420006459
1986,6,5,0.00240342901088297,0,0.00309984625982906,0,3.0840945746955
1986,6,6,2.25964093208313,0,1.10587396883147,0,4.33133866918369
1986,6,7,1.05829203128815,0,1.66199297457388,0,7.05259851170337
1986,6,8,6.21581602096558,0,3.63152975292087,0,6.4403148741234
1986,6,9,3.24574899673462,0,5.47198797210012,0,3.35622051569421
1986,6,10,0.643061459064484,0,2.90439765007704,0,2.0726929912417
1986,6,11,0.0064346631988883,0,0.750188236876511,0,1.50349608894408
1986,6,12,0.0316286534070969,-4.54747350886464e-13,0.0220159173991306,0,1.59420477198804
1986,6,13,0.0805222243070602,4.54747350886464e-13,0.0708291501196072,0,2.78929138183594
1986,6,14,0.00621324451640248,0,0.0694829356957598,0,4.76220472440945
1986,6,15,0.0229869391769171,0,0.0222890223521972,0,6.55370070089505
1986,6,16,0.410287171602249,0,0.216870082506375,0,7.959684693344
1986,6,17,0.366218030452728,0,0.387877538556495,0,7.21133840966412
1986,6,18,2.06110334396362,0,1.07298664817563,0,6.21354322058009
1986,6,19,1.53366100788116,0,1.57993902564158,0,5.37448836198942
1986,6,20,0.237204641103745,0,0.423701824515319,0,
1986,6,21,0.230718702077866,0,1.09685966722327,0,
1986,6,22,7.29633712768555,0,6.39504816279259,0,
1986,6,23,2.77220869064331,0,5.1883652530214,0,
1986,6,24,1.36897397041321,0,2.41431994853519,0,
1986,6,25,0.395015746355057,0,0.934410683472834,0,
1986,6,26,0.0953158810734749,0,0.318446359647623,0,
1986,6,27,0.372881770133972,0,0.255830534004417,0,
1986,6,28,0.718435168266296,0,0.60051807064383,0,
1986,6,29,0.0166653171181679,0,0.235199072521027,0,
1986,6,30,0.849633097648621,0,0.625200623896035,0,
1986,7,1,7.6171407699585,0,1.98757454152246,0,
1986,7,2,7.22282314300537,0,7.11027425622478,0,
1986,7,3,2.19004893302917,0,5.64633495537919,0,
1986,7,4,0.526296734809876,0,1.93763081474799,0,
1986,7,5,0.693686366081238,0,0.719042048232495,0,
1986,7,6,0.453062325716019,0,0.501465874907808,0,
1986,7,7,0.22572572529316,0,0.281208737806537,0,
1986,7,8,0.358597457408905,0,0.261178770442712,0,
1986,7,9,0.177597567439079,0,0.305477843990502,0,
1986,7,10,1.53744566440582,0,0.547736133019498,0,
1986,7,11,7.3828272819519,0,3.33522316158451,0,
1986,7,12,7.3906307220459,0,6.98700291690375,0,
1986,7,13,2.62829566001892,0,3.52749021307773,0,
1986,7,14,1.24968564510345,0,2.01658692278352,0,
1986,7,15,0.0675523206591606,0,0.507962405970375,0,
1986,7,16,0.516501665115356,0,0.231709057346507,0,
1986,7,17,2.49957513809204,0,1.34170231089229,0,
1986,7,18,0.645173788070679,0,1.24843330233807,0,
1986,7,19,0.163006633520126,0,0.222223562204817,0,
1986,7,20,0.0487214922904968,0,0.0632623885931025,0,
1986,7,21,3.10329866409302,0,0.725812310042329,0,
1986,7,22,0.74921989440918,0,1.6804959438864,0,
1986,7,23,1.23877835273743,0,0.903006395004923,0,
1986,7,24,2.76544332504272,-4.54747350886464e-13,2.02533790240341,0,
1986,7,25,0.0466099977493286,4.54747350886464e-13,2.33176526641182,0,
1986,7,26,8.69347095489502,0,3.73794037162133,0,
1986,7,27,9.34492683410645,0,8.96363621140608,0,
1986,7,28,0.589464783668518,0,3.56657918442215,0,
1986,7,29,0.000677020463626832,0,0.243197782919651,0,
1986,7,30,0,0,0.000524681024671736,0,
1986,7,31,0,0,3.66758763448161e-05,0,
1986,8,1,0.239733085036278,0,0.0539434265938326,0,
1986,8,2,3.75523829460144,0,1.11128004747479,0,
1986,8,3,1.86009609699249,0,2.8879659538743,9.09494701772928e-13,
1986,8,4,2.65011858940125,0,2.29605991272365,-9.09494701772928e-13,
1986,8,5,2.95344805717468,0,2.82124156671171,0,
1986,8,6,2.80481386184692,0,2.86399695415366,0,
1986,8,7,0.423298388719559,0,1.47110902747727,0,
1986,8,8,4.58864831924439,0,3.215026922996,0,
1986,8,9,3.57144927978516,0,3.5627924721457,0,
1986,8,10,2.00896286964417,0,2.22361727022098,0,
1986,8,11,4.28209018707275,0,2.4276768849677,0,
1986,8,12,5.94870662689209,0,4.80154262541373,0,
1986,8,13,4.89008474349976,0,5.81605029557068,0,2.24957482045091
1986,8,14,0.0216620806604624,0,3.89296897921622,0,1.56699209138164
1986,8,15,0,0,0.0260193686472121,0,1.29486615038294
1986,8,16,5.78438425064087,0,1.19260729549615,0,1.21096066452387
1986,8,17,8.10618209838867,0,6.03546554750346,0,1.378771636242
1986,8,18,0.00657129846513271,0,4.8572599638992,0,1.78242522712768
1986,8,19,1.45585572719574,0,0.62423959490252,0,1.41051963746078
1986,8,20,4.43352437287103e-05,0,1.18206948587431,0,1.26085038072481
1986,8,21,0.146922588348389,4.54747350886464e-13,0.509656277999511,0,1.07716535433071
1986,8,22,4.75562858581543,-4.54747350886464e-13,4.00498664219549,0,1.05448821060301
1986,8,23,2.37206053733826,0,3.13339156985512,0,1.23137003981222
1986,8,24,0.783221125602722,0,1.66727259050413,0,1.18601575235682
1986,8,25,0.405042231082916,0,0.689586510648951,0,1.11798421304057
1986,8,26,0.841322422027588,0,0.667829500323023,0,1.07943312277005
1986,8,27,8.62785911560059,0,5.72301734735675,0,1.08623621182179
1986,8,28,13.0530166625977,0,11.4943241836836,0,1.9774488794522
1986,8,29,1.92283666133881,0,5.13434828864502,0,2.35842511034387
1986,8,30,0.915778160095215,0,1.13103778526738,0,1.56699209138164
1986,8,31,3.52291011810303,0,2.11336375641667,0,1.44453540711891
1986,9,1,3.34429836273193,0,3.4758574657244,0,1.45587403304934
1986,9,2,0.115258619189262,0,1.60555515511305,0,1.28806295319805
1986,9,3,0.0291984211653471,0,0.0730437973220433,0,1.129322838971
1986,9,4,0.00419165240600705,0,0.0255248075645795,0,1.07489758589136
1986,9,5,0,0,0.00562102011053867,0,1.04088192436639
1986,9,6,0,0,1.07653613667935e-06,0,0.959244098813515
1986,9,7,0.00336799770593643,0,0.00212690198759447,0,0.943370044137549
1986,9,8,1.12596595287323,0,0.592691764096344,0,0.904818899800458
1986,9,9,4.66789293289185,0,1.6716591745917,0,0.904818899800458
1986,9,10,2.89002561569214,0,3.52492221513967,0,1.04995278185747
1986,9,11,0.115226373076439,0,1.74059904807564,0,1.01366924376
1986,9,12,0.0296191852539778,0,0.105466592560333,0,1.02954329843596
1986,9,13,0.000552928599063307,0,0.0220220176379371,0,0.941102383831355
1986,9,14,0.0351159870624542,0,0.0209822483011521,0,0.882141756072758
1986,9,15,0.00593902403488755,0,0.0154033122826149,0,0.832251985805241
1986,9,16,0.000368134904420003,0,0.00192437738633089,0,0.814110216756505
1986,9,17,3.95725219277665e-05,4.54747350886464e-13,0.000130546687614697,0,0.823181128314161
1986,9,18,0,-4.54747350886464e-13,1.2144546417403e-05,0,0.777826786792184
1986,9,19,4.71157945867162e-05,0,0.0162428587655086,0,0.761952732116219
1986,9,20,0.228619694709778,0,0.231806405396128,0,0.759685017743449
1986,9,21,0.900140762329102,0,0.769635286978883,0,0.768755929301104
1986,9,22,7.28405427932739,0,2.38384787096902,0,0.773291358046644
1986,9,23,13.9817037582397,0,9.34024911418783,0,1.12251964178611
1986,9,24,8.3610372543335,0,11.1604472226527,0,1.01593701219934
1986,9,25,5.19880676269531,2.59940211090589,4.18052067033705,0,0.970582724743941
1986,9,26,0.430150300264359,2.8097315883856,0,0,0.959244098813515
1986,9,27,0.122492454946041,0.215075086535308,0.0612462455837886,5.48615804202564,0.913889811358114
1986,9,28,0.151410162448883,0,0.140595513668359,0.142462956790041,0.936566955085814
1986,9,29,0.153084471821785,0,0.152671622893195,0,0.956976330374169
1986,9,30,0.655262351036072,0,0.259005194325709,0,0.990992100032296
1986,10,1,6.30323934555054,0,3.18701957918347,0,1.1497323223925
1986,10,2,13.2822866439819,0,10.0882370985969,0,1.3356850090928
1986,10,3,9.06583213806152,0,11.4288892046798,0,1.92302351823942
1986,10,4,8.50290107727051,0,8.93173774168372,0,2.29039378729392
1986,10,5,7.26960849761963,4.54747350886464e-13,7.68984537690449,0,2.33574807474932
1986,10,6,0.529017746448517,-4.54747350886464e-13,1.87304174924884,0,1.91848819762703
1986,10,7,3.65950393676758,0,2.13704255711491,0,1.6123464869702
1986,10,8,3.7735550403595,0,3.69726663925121,0,1.5397795189084
1986,10,9,1.67416000366211,0,2.40912188619814,0,1.43319688932164
1986,10,10,4.71275525342207e-05,0,0.676156119856842,0,1.36516535000538
1986,10,11,1.81991136074066,0,0.67704303878827,0,1.30166923943467
1986,10,12,3.78389596939087,0,2.15826270798971,0,1.23817323699711
1986,10,13,8.72881507873535,0,6.12354772429217,0,1.17694489486574
1986,10,14,11.1153182983398,0,10.1705653588419,0,1.11571655273437
1986,10,15,4.93265533447266,0,9.31707202807229,0,1.05448821060301
1986,10,16,5.75659227371216,0,5.61304311480717,0,1.02047244094488
1986,10,17,0.00454974826425314,0,4.14804272257834,0,0.986456671286756
1986,10,18,2.35571837425232,0,1.57097678129321,0,0.952440901628629
1986,10,19,6.7213454246521,0,3.9162861921377,0,0.918425240103654
1986,10,20,7.7814998626709,0,6.87284749138144,0,0.884409470445528
1986,10,21,14.2110576629639,0,10.3763205954942,0,0.861732272651252
1986,10,22,23.3675155639648,0,18.789286194502,0,0.839055128923551
1986,10,23,6.28403043746948,0,14.8257854674416,0,0.816377931129275
1986,10,24,2.37487745285034,0,5.16702300147836,0,0.793700787401575
1986,10,25,0,0,2.09104841790759,0,0.771023643673874
1986,10,26,0.0415493324398994,0.0207744217768777,0.252632217137489,0,0.748346445879598
1986,10,27,0.0983829572796822,0.0698133691294061,0,0,0.721133873406358
1986,10,28,0.196543082594872,0.147258773088197,0,0,0.680314960629921
1986,10,29,0.0912212654948235,0.144877342046129,0,0,0.634960619107945
1986,10,30,0.0368275120854378,0.0655173647619449,0,0,0.575999991349348
1986,10,31,1.25575542449951,0.647356007151757,0,0,0.541984275757797
1986,11,1,5.08287286758423,3.17057874212696,0,0,0.521574792336291
1986,11,2,8.09460544586182,2.54143657552231,4.04730249721524,6.80761429249378,0.510236220472441
1986,11,3,3.63397884368897,0,5.51658391100318,0,0.503433077354131
1986,11,4,1.63318431377411,0,2.0549828716189,0,0.496629934235821
1986,11,5,4.73381948471069,2.36690789715703,0.816592793488326,0,0.48982679111751
1986,11,6,2.79056715965271,3.75769897229156,4.54747350886464e-13,0,0.476220450814315
1986,11,7,0.0802746415138245,1.46028258093384,0,0,0.462614164577694
1986,11,8,0.190513253211975,0.162576485191948,-4.54747350886464e-13,0,0.453543307086614
1986,11,9,1.98015713691711,1.10173797529296,0,0,0.446740163968304
1986,11,10,0.198638916015625,1.11465325822473,0,0,0.439937020849994
1986,11,11,5.18036365509033,2.71058943496155,0,0,0.433133850698396
1986,11,12,4.06041526794434,4.6304525928258,0,0,0.426330707580086
1986,11,13,0.861663281917572,2.50871096776245,0,0,0.419527564461776
1986,11,14,4.70913410186768,2.80225313558276,0,0,0.412724421343466
1986,11,15,2.99010968208313,3.85296663823601,4.54747350886464e-13,0,0.405921251191868
1986,11,16,0.880388796329498,2.00434823519799,-4.54747350886464e-13,0,0.399118108073557
1986,11,17,0.0125428717583418,0.477846410475195,0,0,0.394582679328017
1986,11,18,0,0.00918412767077825,0,0,0.390047250582477
1986,11,19,0.00668190699070692,0.00362228316180335,0,0,0.385511821836937
1986,11,20,0,0.00138032937093158,0,0,0.380976366058109
1986,11,21,2.80819845199585,1.32198539991396,0,0,0.374173222939799
1986,11,22,15.9967260360718,9.29851251093532,0,0,0.367370079821489
1986,11,23,3.45978617668152,9.84002623426113,0,0,0.362834651075949
1986,11,24,9.11315631866455,6.23849060833891,0,0,0.356031507957639
1986,11,25,4.63215065002441,7.00599111408928,0,0,0.351496052178811
1986,11,26,4.38692998886108,4.4660015001482,0,0,0.349228337806041
1986,11,27,3.16087126731873,4.02417265170925,0,0,0.346960623433271
1986,11,28,19.793737411499,11.3688541645033,0,0,0.344692909060501
1986,11,29,8.945481300354,14.1270804547339,0,0,0.342425194687731
1986,11,30,0.960811376571655,5.08252557051719,4.54747350886464e-13,0,0.340157480314961
1986,12,1,3.0456268787384,1.76015232417694,-4.54747350886464e-13,0,0.335622051569421
1986,12,2,2.97272706031799,2.99184033693427,0,0,0.33108662282388
1986,12,3,0.338989496231079,1.6983701463314,0,0,0.32655119407834
1986,12,4,0.00398193160071969,0.275363005878717,0,0,0.32655119407834
1986,12,5,6.99649047851563,3.92979873636114,0,0,0.324283452672283
1986,12,6,14.5622940063477,10.4343197802409,0,0,0.319748023926742
1986,12,7,2.25626921653748,8.58719519953274,0,0,0.315212595181202
1986,12,8,2.3193416595459,2.30253489287634,0,0,0.310677166435662
1986,12,9,6.43255233764648,1.1596703426776,3.21627751975393,4.35066843012191,0.312944880808432
1986,12,10,1.55636739730835,0.185403805838178,3.81897568601107,4.88122675725026,0.315212595181202
1986,12,11,0.214952781796455,0.293526001409191,0.591182719281733,0.514223732940991,0.315212595181202
1986,12,12,0.0428787507116795,0.18190012469131,0,0,0.317480309553972
1986,12,13,0.488907694816589,0.269380867447126,0,0,0.317480309553972
1986,12,14,2.8166983127594,2.19890169166729,0,0,0.317480309553972
1986,12,15,3.42284417152405,3.30550224542594,0,0,0.319748023926742
1986,12,16,7.48964977264404,5.19475565363291,0,0,0.319748023926742
1986,12,17,1.84419047832489,4.5266302212267,0,0,0.322015738299513
1986,12,18,0.663209497928619,1.30296312608471,0,0,0.324283452672283
1986,12,19,1.73470568656921,0.971598745521533,0,0,0.319748023926742
1986,12,20,3.59750556945801,2.11757566846609,0,0,0.315212595181202
1986,12,21,0.983603119850159,2.34075747992711,0,0,0.312944880808432
1986,12,22,0.208356887102127,0.510295664672412,0,0,0.308409452062892
1986,12,23,2.24255299568176,1.39258489052827,0,0,0.306141737690122
1986,12,24,6.80857229232788,3.9202966467501,0,0,0.303874023317352
1986,12,25,5.69494009017944,6.6298591608379,0,0,0.299338594571812
1986,12,26,2.12227869033813,4.13281304829388,4.54747350886464e-13,0,0.292535424420214
1986,12,27,6.15553045272827,3.45235548850178,-4.54747350886464e-13,0,0.285732281301904
1986,12,28,24.4654331207275,15.8970648263698,0,0,0.281196852556364
1986,12,29,8.25704669952393,16.9246513046996,0,0,0.276661423810824
1986,12,30,2.41695690155029,5.63506552266381,0,0,0.274393709438054
1986,12,31,7.54902696609497,4.77731009223135,-4.54747350886464e-13,-9.09494701772928e-13,0.272125995065284
1987,1,1,2.72477841377258,5.82797661089444,9.09494701772928e-13,9.09494701772928e-13,0.269858280692514
1987,1,2,1.20880794525146,1.61391630514618,-4.54747350886464e-13,0,0.269858280692514
1987,1,3,0.470577925443649,0.699766125179849,0,0,0.267590539286456
1987,1,4,1.52567672729492,1.01051943911989,0,0,0.267590539286456
1987,1,5,4.28209638595581,2.8063057867671,0,0,0.267590539286456
1987,1,6,5.95344161987305,5.08221525087311,0,0,0.269858280692514
1987,1,7,9.55575084686279,4.73170338338105,3.02250710944054,0.167593759034389,0.267590539286456
1987,1,8,16.8208179473877,4.34471744597749,8.81607864299758,0.493244571111973,0.267590539286456
1987,1,9,13.1932001113892,2.66445756188568,12.390592451934,1.96102858779068,0.265322824913686
1987,1,10,2.16303992271423,1.07971283648658,6.60762239504402,1.67253048709244,0.265322824913686
1987,1,11,0.918805718421936,1.54015062883445,0,0,0.265322824913686
1987,1,12,0.146483600139618,0.494024991284277,0,0,0.263055110540916
1987,1,13,0.0046483101323247,0.0965270526185122,0,0,0.253984253049835
1987,1,14,0.719897150993347,0.470464680587611,0,0,0.242645681185985
1987,1,15,1.94389116764069,1.37805142886327,0,0,0.238110225407157
1987,1,16,6.59516620635986,4.67308302802167,0,0,0.233574796661617
1987,1,17,1.18162548542023,4.8557005188859,0,0,0.231307082288847
1987,1,18,5.53457736968994,4.37780204170258,0,0,0.229039367916077
1987,1,19,5.34731101989746,5.38462762757763,0,0,0.226771653543307
1987,1,20,0.51144802570343,4.15165703239836,0,0,0.225637796356922
1987,1,21,0.617700755596161,0.553740244912206,0,0,0.226091333824819
1987,1,22,3.2419958114624,2.33516672829455,0,0,0.226771653543307
1987,1,23,0.724152445793152,1.58268845346493,0,0,0.226771653543307
1987,1,24,0.870253503322601,0.793480833493504,0,0,0.226091333824819
1987,1,25,0.701466798782349,0.841694133549026,0,0,0.224503939170537
1987,1,26,0.030512411147356,0.451825267271488,0,0,0.213618891257939
1987,1,27,1.20925104618073,0.374331257773974,0,0,0.204094482782319
1987,1,28,1.00276935100555,1.14355021542679,0,0,0.197971659382497
1987,1,29,3.22131419181824,1.88542075318401,0,0,0.193662985854262
1987,1,30,3.91013693809509,3.51489548892459,0,0,0.19207559119998
1987,1,31,1.47655880451202,3.32417880534422,0,0,0.190714965279647
1987,2,1,3.46093726158142,2.76622665413652,0,0,0.190261414295106
1987,2,2,3.32791805267334,3.37633520942063,-4.54747350886464e-13,0,0.188220468656285
1987,2,3,7.37410831451416,4.90930763021152,0,0,0.185952754283515
1987,2,4,8.53110408782959,7.85482093294786,4.54747350886464e-13,0,0.183004720192256
1987,2,5,8.73355007171631,8.57783369481331,0,0,0.180056699617641
1987,2,6,1.1483119726181,4.70227728521013,0,0,0.168944882971095
1987,2,7,0.109980463981628,0.486341748312498,0,0,0.167130706066222
1987,2,8,2.84944438934326,1.32437971250738,0,0,0.16554331141194
1987,2,9,1.91711556911469,2.5884001672016,0,0,0.165316529161348
1987,2,10,0.247757986187935,1.71748728841703,0,0,0.164862991693452
1987,2,11,3.85674619674683,1.97307913584018,0,0,0.164409454225555
1987,2,12,4.35339450836182,4.13462132685254,0,0,0.163955903241015
1987,2,13,0,2.42258491335315,0,0,0.163502365773118
1987,2,14,1.20522999763489,0.552553718602667,0,0,0.16327559703917
1987,2,15,5.60435199737549,3.01113568147912,0,0,0.163048814788578
1987,2,16,6.13425874710083,5.83117046294001,0,0,0.161688188868245
1987,2,17,2.5257556438446,5.23407515844519,0,0,0.161007869149756
1987,2,18,2.52754020690918,2.61809356646472,0,0,0.161007869149756
1987,2,19,7.99185419082642,4.36932030194748,0,0,0.161007869149756
1987,2,20,3.7402606010437,5.61402500300483,0,0,0.161234651400348
1987,2,21,0.966486573219299,2.22819087824155,0,0,0.161688188868245
1987,2,22,2.63964247703552,1.56551902736464,0,0,0.16282204605463
1987,2,23,0.920117914676666,2.26084069147873,0,0,0.163048814788578
1987,2,24,3.71677088737488,2.63699450964577,0,0,0.16327559703917
1987,2,25,8.64598751068115,7.61994766513089,0,0,0.163048814788578
1987,2,26,1.87507903575897,6.17952638728275,0,0,0.161234651400348
1987,2,27,0.0130983190611005,0.919914824617081,0,0,0.159193705761527
1987,2,28,0.173968583345413,0.0662723757541244,0,0,0.15828661730909
1987,3,1,0.310536473989487,0.253483527156277,4.54747350886464e-13,0,0.158059848575141
1987,3,2,0.0246236100792885,0.269272577077572,-4.54747350886464e-13,0,0.157379528856653
1987,3,3,0.00328875100240111,0.0473694531774527,0,0,0.156925977872113
1987,3,4,0,0.00106757919820666,0,0,0.154431494765394
1987,3,5,0,0.00615813121657993,0,0,0.155792120685728
1987,3,6,0.326400309801102,0.220445744976132,4.54747350886464e-13,0,0.156925977872113
1987,3,7,0.0164334233850241,0.268004697391916,-4.54747350886464e-13,0,0.158966923510934
1987,3,8,0.174090713262558,0.101532040764141,0,-9.09494701772928e-13,0.16327559703917
1987,3,9,3.70822954209871e-06,0.0300348440659946,0,9.09494701772928e-13,0.167130706066222
1987,3,10,0,3.23774384014541e-06,0,0,0.17007874015748
1987,3,11,0,4.5662272896152e-07,0,0,0.172800005514791
1987,3,12,0,0,0,0,0.172800005514791
1987,3,13,0,0,0,0,0.172800005514791
1987,3,14,5.00034911965486e-05,6.34425850876141e-06,0,0,0.172573223264199
1987,3,15,0.895049273967743,0.113598043509228,0,0,0.17234645453025
1987,3,16,0.279532164335251,0.651672098486415,0,0,0.172119685796302
1987,3,17,0.153467625379562,0.223604360818172,0,0,0.170532277625377
1987,3,18,0.00229452387429774,0.073987439607663,0,0,0.169398420438992
1987,3,19,0.0028760654386133,0.00260180280656641,0,0,0.168264563252607
1987,3,20,0.00736618973314762,0.00525294205090177,0,0,0.16781102578471
1987,3,21,0.0548194199800491,0.032685102513824,0,0,0.167130706066222
1987,3,22,1.14135766029358,0.625935744408707,0,0,0.164636222959503
1987,3,23,0.906242787837982,0.925884149916783,0.0448686726713277,0,0.16327559703917
1987,3,24,0.934838533401489,0.514033034809472,0.332783423078581,0,0.161461420134297
1987,3,25,0.111990593373775,0.143895130147939,0.0920626678789631,0,0.16055433168186
1987,3,26,0.847023189067841,0.20993128651935,0.0251137522836871,0,0.159874011963371
1987,3,27,3.09473085403442,1.801405225503,0.00267764923137293,0,0.158966923510934
1987,3,28,5.47254610061646,4.32726624561747,0,0,0.158513386043038
1987,3,29,7.86348724365234,6.27348015517964,0,0,0.15828661730909
1987,3,30,0.127326920628548,3.89237549442805,0.0636633796889328,2.88152192031794,0.157833066324549
1987,3,31,0.317344665527344,0.155902176139534,0.0637162726561655,2.88391595353369,0.157379528856653
1987,4,1,0.00657674111425877,0.0964464021371896,0,0,0.157379528856653
1987,4,2,0.612868309020996,0.0142886068442749,0.29543375852154,1.06600264110784,0.154658263499343
1987,4,3,0.552753210067749,0.0110187598256744,0.571842603167625,4.80670623075093,0.154658263499343
1987,4,4,0.575303673744202,0,0.563743451910341,6.23777014099323,0.154431494765394
1987,4,5,0.269277364015579,0.134207659005369,0.288572705648676,2.46794914996008,0.154431494765394
1987,4,6,0.446665674448013,0.357785166070244,0,0,0.154204726031446
1987,4,7,0.632912278175354,0.502674368010048,0,0,0.154204726031446
1987,4,8,0.776388823986054,0.704427683780523,0.00676899858581237,0,0.154204726031446
1987,4,9,4.04549312591553,1.21823084782409,0.0100863707734788,0,0.154204726031446
1987,4,10,0.662804067134857,2.20303462817355,0.0345159903286003,0,0.154204726031446
1987,4,11,0.394705295562744,0.488505015210649,0.0384677387728516,0,0.153977957297498
1987,4,12,1.79619550704956,0.689240936201713,0,0,0.153524406312958
1987,4,13,7.12665796279907,4.62723824075783,0,0,0.153070868845061
1987,4,14,6.57100629806519,3.56332883520554,3.2855032838288,5.61159166007747,0.151937011658676
1987,4,15,1.92423617839813,0.265285776893506,3.99450440878081,6.05090799081154,0.150349603487751
1987,4,16,1.08406960964203,0.73056597687264,0.782360539828005,0.420690197521253,0.149669297285906
1987,4,17,0.936581552028656,0.936379003273032,0.0745627083342697,0,0.149215746301366
1987,4,18,0.719852089881897,0.836001192524236,0,0,0.148535426582877
1987,4,19,4.7875599861145,1.36535895962516,0,0,0.147628351647084
1987,4,20,4.37790489196777,4.26675715888996,0,0,0.148308657848929
1987,4,21,2.39424061775208,3.70444026480891,0,0,0.149896066019854
1987,4,22,0.296077013015747,1.22783527186402,0.148038590611122,2.66740600514822,0.151710242924728
1987,4,23,0.11950857937336,0.0595936547997553,0.14843647205862,2.67457515852584,0.154204726031446
1987,4,24,2.41957741309307e-06,0.0588383247704769,1.81213181349449e-07,0,0.157379528856653
1987,4,25,0.11428777128458,0.0571452425328971,1.78474692802411e-07,0,0.16055433168186
1987,4,26,1.88966739177704,0.0571439738123445,0.944832238059462,1.27243964735044,0.16554331141194
1987,4,27,0.445589870214462,0,1.58516617788291,2.86538662498242,0.17007874015748
1987,4,28,2.36764168739319,1.17684742024539,0.260372227537118,2.00622657657641,0.17688188327579
1987,4,29,4.20603179931641,1.18520713044109,2.10055321024038,6.45877403472605,0.185952754283515
1987,4,30,1.27309095859528,0,2.75747441576868,19.7575437057976,0.193436217120313
1987,5,1,0.0610255151987076,0,0.73484611998083,28.1106993468029,0.201826768409549
1987,5,2,0.19904451072216,0,0.107047306025834,29.952042831741,0.215659836896761
1987,5,3,1.26336562633514,0,0.772728981676664,26.6062360590931,0.226544884809359
1987,5,4,6.81115007400513,0,3.62113136232802,22.9436058800493,0.238110225407157
1987,5,5,0.670223593711853,0,3.72238332398911,25.0703959490738,0.251716538677065
1987,5,6,9.96969318389893,0,5.07703295267675,23.4246613399464,0.269858280692514
1987,5,7,2.16776394844055,0,6.45774873836217,20.6320718457027,0.285732281301904
1987,5,8,2.17043805122376,0,2.16881412564089,20.5034383048796,0.303874023317352
1987,5,9,1.1331535577774,0,1.57343942730677,15.559207610454,0.335622051569421
1987,5,10,0.622122883796692,0,1.02233388315199,15.8765393586336,0.362834651075949
1987,5,11,1.53890872001648,0,0.838446427935196,18.4794808902607,0.385511821836937
1987,5,12,2.82017159461975,0,2.12255962899417,25.0213709197751,0.426330707580086
1987,5,13,0.0403769016265869,0,1.43645697939064,29.7650723193165,0.471685022068775
1987,5,14,1.04398584365845,0,0.548960132021421,27.6457903922255,0.517039363590751
1987,5,15,0.00598169583827257,0,0.540544637962739,28.4629180679121,0.546519704503337
1987,5,16,0.198450028896332,0,0.104477406031947,28.7466651793147,0.589606277585968
1987,5,17,0.0052081230096519,0,0.108680519049813,27.716096850645,0.634960619107945
1987,5,18,0.185314700007439,0,0.0977341627230999,28.4048058658818,0.680314960629921
1987,5,19,0.00056110683362931,0,0.101788681837206,22.4306367552636,0.723401587779128
1987,5,20,0.00149671372491866,0,0.00102594259533362,0,0.768755929301104
1987,5,21,0.00462478864938021,0,0.00302819626813289,0,0.981921242541216
1987,5,22,0.116176687180996,0,0.0574405951338122,0,1.06582672840028
1987,5,23,1.54248428344727,0,0.568725627216736,0,1.00006295752338
1987,5,24,1.20979809761047,0,1.36784236274707,0,0.904818899800458
1987,5,25,0.195746377110481,0,0.702986250091271,0,0.995527528777836
1987,5,26,2.34513640403748,0,1.26335584144454,0,1.36516535000538
1987,5,27,0.886557638645172,0,1.61614039812503,0,1.30393700787402
1987,5,28,0.349176108837128,0,0.606389686673538,0,1.41959060308501
1987,5,29,1.93711292743683,0,1.04178674909053,0,1.8617952842412
1987,5,30,5.33496856689453,0,3.63258712673633,0,2.49448818897638
1987,5,31,7.0462646484375,0,6.19284383046579,0,3.80976360651452
1987,6,1,2.20319986343384,0,4.62850433754466,0,3.58299216923751
1987,6,2,0.635970652103424,0,1.62035719756841,0,2.60787401574803
1987,6,3,0.527961492538452,0,0.587727468145204,0,2.1180472786971
1987,6,4,0.301820605993271,0,0.497201381914238,0,2.01373230941652
1987,6,5,2.89445686340332,0,0.981085168370555,0,2.42645664966013
1987,6,6,2.54463219642639,0,2.69804163988556,0,2.56251972829263
1987,6,7,3.12453579902649,0,2.97247260894619,0,2.0023936834861
1987,6,8,2.54957437515259,0,2.48033832316924,0,1.93436214416984
1987,6,9,0.530048549175263,0,0.880100502187815,0,2.56251972829263
1987,6,10,0.91872364282608,0,0.600361545292799,0,1.93889768104854
1987,6,11,1.87582993507385,0,1.08654872097122,0,1.63048820195236
1987,6,12,0.312096685171127,0,1.3867720707558,0,1.53751185860221
1987,6,13,0.366714507341385,0,0.364897664183445,0,1.27445666696143
1987,6,14,0.273187011480331,0,0.327415794046829,0,1.06809449683963
1987,6,15,1.14786112308502,0,0.638931915987087,0,1.08623621182179
1987,6,16,1.49580872058868,0,1.43807909069528,0,1.129322838971
1987,6,17,9.91281318664551,0,7.35616392516113,0,1.09303940900667
1987,6,18,5.17051458358765,0,8.25562302993512,0,1.07716535433071
1987,6,19,6.97452688217163,0,5.4776616133604,0,1.05902363934855
1987,6,20,0.762114822864533,0,4.77650223142518,0,1.83004717488927
1987,6,21,14.9339685440063,0,9.05536667850174,0,4.89826780304195
1987,6,22,9.93846607208252,0,11.5310246742692,0,5.82803166907603
1987,6,23,0.280012220144272,0,5.48087819818375,0,3.03874007097379
1987,6,24,0.759210050106049,0,0.448132089130013,0,2.38110236220472
1987,6,25,0.269322007894516,0,0.466048925814903,0,1.97971643162525
1987,6,26,0.0092228502035141,0,0.0563767923422347,0,1.74160626028466
1987,6,27,0.00408564135432243,0,0.0639949395335862,0,2.29039378729392
1987,6,28,0.597607374191284,0,0.490107867608458,0,3.78708678718627
1987,6,29,0.431639909744263,0,0.457077202235269,0,7.23401566152498
1987,6,30,0.0237247962504625,0,0.344376878329967,0,8.50393700787402
1987,7,1,0.0269377809017897,0,0.0489285348976409,0,7.14330708661417
1987,7,2,0.00681486446410418,0,0.0204830443772153,0,4.33133866918369
1987,7,3,1.25373351573944,0,0.467553391686124,0,3.35622051569421
1987,7,4,1.92648541927338,0,1.54668250686518,0,3.53763788178211
1987,7,5,0.662833094596863,0,1.36962872862478,0,3.62834645669291
1987,7,6,0.00589154893532395,0,0.35181470448515,0,3.06141732283465
1987,7,7,0.585709095001221,0,0.316314769156634,0,2.40377961406558
1987,7,8,0.137192592024803,0,0.337412091816987,0,2.12938590462752
1987,7,9,0.540529727935791,0,0.360468772379136,0,2.02960625595934
1987,7,10,0.206244990229607,0,0.352529480724115,0,1.93436214416984
1987,7,11,1.36966335773468,0,0.949909295876751,0,1.75067711777574
1987,7,12,1.3964695930481,0,1.54557388133981,0,1.56699209138164
1987,7,13,3.19228935241699,0,2.88597227016271,0,1.46721255084661
1987,7,14,3.29422426223755,0,3.22294421642619,0,1.45814169335553
1987,7,15,0.813654005527496,0,2.02740904216535,0,1.3334173487866
1987,7,16,0.311503291130066,0,0.68607010055166,0,1.47174797959215
1987,7,17,0.0292067192494869,0,0.195454590324516,0,1.5896693432425
1987,7,18,0.13312791287899,0,0.106649534966891,0,1.57606294887272
1987,7,19,0.055568303912878,0,0.122959992062533,0,1.82551185427688
1987,7,20,0.0299680251628161,0,0.0613813467471118,0,1.98878750538263
1987,7,21,0.00821049697697163,0,0.0297751620937561,0,1.89354339359313
1987,7,22,0,0,0.00944909965710394,0,1.70305517001415
1987,7,23,0.717811822891235,0,0.114250029261711,0,1.44226774681272
1987,7,24,1.21411025524139,0,0.798409527125841,0,1.39464569091797
1987,7,25,0.943845689296722,0,1.0862852063301,0,1.57833071731207
1987,7,26,2.15605545043945,0,1.60720684095668,0,1.51483460674136
1987,7,27,2.45372748374939,0,2.3266383463324,0,1.83911803238035
1987,7,28,5.70977020263672,0,4.3416169499933,0,1.80510237085538
1987,7,29,8.17825317382813,0,7.41861039119158,0,2.1384567621186
1987,7,30,4.36242246627808,0,7.6995716020183,0,1.76881894089106
1987,7,31,0.70484459400177,0,3.79023569489436,0,1.44680317555826
1987,8,1,0.000124992613564245,0,0.608351707809561,0,1.21322832483006
1987,8,2,1.1270843744278,0,0.393899548976151,0,1.09984249805841
1987,8,3,0.0575700402259827,0,0.555961401860259,0,1.13159049927719
1987,8,4,0,0,0.0272711827683452,0,1.06355906809409
1987,8,5,0.190472334623337,0,0.141260510732536,0,0.972850385050135
1987,8,6,0.627704977989197,0,0.299190899142559,0,0.895748042309378
1987,8,7,0.311231285333633,0,0.484438951876655,0,0.884409470445528
1987,8,8,1.0636420249939,0,1.00515971927234,0,0.825448842686931
1987,8,9,2.3732271194458,0,2.14369733861349,0,0.789165358656035
1987,8,10,0.164974272251129,0,1.96421398571692,0,0.743811017134058
1987,8,11,0.0138470642268658,0,0.276442066615346,0,0.741543302761288
1987,8,12,0.188573554158211,0,0.128607087106502,0,0.682582675002691
1987,8,13,0.00539960665628314,0,0.125348674177985,0,0.619086618498554
1987,8,14,1.43783164024353,0,1.10276274379066,0,0.621354332871325
1987,8,15,2.75276279449463,0,1.66424055844709,0,0.678047246257151
1987,8,16,2.59605431556702,0,2.59726931672139,0,0.732472445270208
1987,8,17,3.25765681266785,0,3.11113139532245,0,0.766488214928334
1987,8,18,8.2573709487915,0,3.97627086568446,0,0.791433073028805
1987,8,19,8.88615226745606,0,8.16999547521573,0,1.38330706498754
1987,8,20,6.52724552154541,0,8.48240150512356,0,1.5397795189084
1987,8,21,2.17344117164612,0,5.2966828048111,-9.09494701772928e-13,1.33114958034726
1987,8,22,0,0,1.80888530884113,9.09494701772928e-13,1.07943312277005
1987,8,23,0.180971443653107,0,0.274855323764314,-9.09494701772928e-13,0.990992100032296
1987,8,24,0,0,0.152605787438006,9.09494701772928e-13,0.907086614173228
1987,8,25,0,0,0.0175264180816157,0,0.834519700178011
1987,8,26,1.89310193061829,0,0.569641723155655,0,0.802771644892655
1987,8,27,1.70546913146973,0,1.68911403953462,0,0.845858272041862
1987,8,28,0.350877970457077,0,0.647581062855352,0,0.875338558887872
1987,8,29,0.950981974601746,0,0.47930180207095,0,0.832251985805241
1987,8,30,13.0575952529907,0,6.70601732093383,0,0.861732272651252
1987,8,31,6.64566802978516,0,8.62960709307299,-9.09494701772928e-13,0.968314956304595
1987,9,1,0.0190748069435358,0,2.06610166136306,9.09494701772928e-13,0.959244098813515
1987,9,2,2.37538409233093,0,1.63264543466175,0,1.02727563812977
1987,9,3,3.27315473556519,0,2.82963810999081,0,1.02727563812977
1987,9,4,14.9256315231323,0,8.83662819040274,0,1.39691335122416
1987,9,5,5.14797019958496,0,11.5007511633785,0,2.05681882843258
1987,9,6,0.218463316559792,0,3.02987681006925,0,1.47174797959215
1987,9,7,7.70661640167236,0,2.99199043952103,0,1.32434649129552
1987,9,8,3.91643071174622,0,6.28240345870563,0,1.44226774681272
1987,9,9,14.1276788711548,0,8.06647684852305,0,1.79376374492495
1987,9,10,10.5426397323608,0,12.196327146783,0,4.76220472440945
1987,9,11,0.0613659806549549,0,4.75664066499212,0,3.15212589774545
1987,9,12,2.33416128158569,0,1.54575822420611,0,2.17020465520423
1987,9,13,3.57136678695679,0,2.91269255492261,0,1.80963779960092
1987,9,14,6.0840539932251,0,4.26600390600561,0,1.68944877564438
1987,9,15,4.25965023040772,0,5.73178793646002,0,1.6781102578471
1987,9,16,10.9046936035156,0,7.28590902451469,0,1.62368500476747
1987,9,17,2.50595092773438,0,5.16198337050719,0,1.55792123389056
1987,9,18,7.84902763366699,0,6.14864402146395,0,1.4014487799697
1987,9,19,2.92512679100037,-9.09494701772928e-13,5.37623116578106,-9.09494701772928e-13,1.3107402050589
1987,9,20,5.58378410339356,9.09494701772928e-13,3.74943265675847,9.09494701772928e-13,1.28352752445251
1987,9,21,1.07517921924591,0,4.75892220302194,0,1.18374798391748
1987,9,22,0.882351398468018,0,1.31991547416055,0,1.11118112398883
1987,9,23,0.102364428341389,0,0.253321866840452,0,1.07943312277005
1987,9,24,3.27013063430786,0,1.00697947392291,0,1.0340787271815
1987,9,25,2.69075107574463,0,3.10266833334299,0,0.997795297217181
1987,9,26,10.0380916595459,0,5.32900927264745,0,1.00913381501446
1987,9,27,5.62018966674805,0,8.14077671069481,0,0.968314956304595
1987,9,28,7.1624608039856,0,5.96948411830454,0,0.945637812576895
1987,9,29,14.6402606964111,0,10.8129797760521,0,0.984189010980561
1987,9,30,10.1947479248047,0,12.4175025452578,0,1.0114015834538
1987,10,1,51.1397399902344,0,30.6672100099077,0,2.85732292115219
1987,10,2,17.9271984100342,0,34.5334794636028,0,3.1294488621509
1987,10,3,1.16029155254364,0,6.57235873290847,0,2.35842511034387
1987,10,4,15.3524541854858,0,8.25636208172273,0,1.71439368781142
1987,10,5,11.2105665206909,0,13.2815155231183,0,1.5896693432425
1987,10,6,1.14143526554108,0,7.75619565978923,0,1.43319688932164
1987,10,7,0.103539437055588,0,0.80538227183024,0,1.25631495197927
1987,10,8,0.000359635072527453,0,0.05719998987297,0,1.10664569524329
1987,10,9,0.0963917374610901,0,0.0235108072965886,0,1.06355906809409
1987,10,10,5.21826887130737,0,2.69920400698356,0,1.07036215714582
1987,10,11,11.1063861846924,0,8.16160315089837,0,1.08396855151559
1987,10,12,1.23128473758698,0,7.27689287784779,0,1.09303940900667
1987,10,13,1.15045762062073,0,1.20365654437683,0,1.02500786969042
1987,10,14,6.24692440032959,0,4.18846183583264,0,0.952440901628629
1987,10,15,6.91331624984741,0,6.61777092443663,0,0.956976330374169
1987,10,16,0.887668609619141,0,5.71382133483439,0,0.868535415769562
1987,10,17,0.0193825121968985,0.00968965563697566,0.854191696322232,0,0.825448842686931
1987,10,18,6.05653190612793,0.0096912572371366,3.02826559694859,0.01938083713776,0.857196843905712
1987,10,19,19.0404491424561,0,11.8703567417733,0,0.848125986414632
1987,10,20,3.89995932579041,0,8.51582694538229,0,0.845858272041862
1987,10,21,0.635662853717804,0,1.42193777114517,0,0.732472445270208
1987,10,22,4.03967237472534,0,2.53287799033296,0,0.761952732116219
1987,10,23,22.7195281982422,0,13.3796163542065,0,0.761952732116219
1987,10,24,8.78627777099609,0,15.752919279882,0,0.693921246866542
1987,10,25,4.78243589401245,0,7.18898208171504,0,0.671244103138841
1987,10,26,7.70880222320557,2.84625036130547,3.39936868520272,0,0.644031476599025
1987,10,27,11.1937065124512,2.84581575354514,6.60570469216327,3.42225441633127,0.657637816902221
1987,10,28,8.04921627044678,0,9.62273519831524,3.92784322858461,0.637228333480715
1987,10,29,0.178776115179062,0.089388071137364,4.02460752512161,0,0.603212617889164
1987,10,30,0.46683195233345,0.322705918570136,0,0,0.555590561994417
1987,10,31,0.263139873743057,0.366848197068975,0,0,0.528377935454602
1987,11,1,21.0428886413574,10.6512031092452,0,0,0.510236220472441
1987,11,2,18.0521259307861,17.3278578222944,2.21965242264832,0,0.505700791726901
1987,11,3,2.9242889881134,8.27540545167994,2.22250385309144,0,0.498897648608591
1987,11,4,0.606839418411255,1.89912192719476,0,0,0.494362219863051
1987,11,5,27.0881271362305,13.8495482036315,0,0,0.494362219863051
1987,11,6,4.90568685531616,16.1903989507227,0,0,0.48755907674474
1987,11,7,1.32862734794617,2.95676353072486,0,0,0.4830236479992
1987,11,8,8.48192691802979,5.05533999140789,0,0,0.480755879559855
1987,11,9,7.7963399887085,7.9615905809751,0,0,0.476220450814315
1987,11,10,7.78513097763062,7.78961475149481,0,0,0.476220450814315
1987,11,11,14.7319135665894,11.0826564172385,0,0,0.473952736441545
1987,11,12,3.3250367641449,8.68705196743667,0,0,0.460346450204924
1987,11,13,3.90555930137634,3.77364609710912,0,0,0.451275592713844
1987,11,14,1.82020807266235,3.2118469496545,0,0,0.446740163968304
1987,11,15,0.655303418636322,1.14883060491138,0,0,0.437669279443936
1987,11,16,1.47376012802124,1.05490984820062,0,0,0.428598421952856
1987,11,17,10.3988218307495,5.78048039947134,0,0,0.421795278834546
1987,11,18,0.255270838737488,5.73596262301453,0,0,0.412724421343466
1987,11,19,10.5032806396484,5.55952222619544,0,0,0.408188965564638
1987,11,20,8.00091171264648,9.82987503855566,0,0,0.405921251191868
1987,11,21,0.0536059774458408,3.59311799297666,0,0,0.405921251191868
1987,11,22,8.06975173950195,3.49037340109771,0,0,0.403653536819098
1987,11,23,8.15941047668457,8.11582921212266,0,0,0.401385822446327
1987,11,24,2.57339382171631,5.20888842504155,0,0,0.401385822446327
1987,11,25,11.6774616241455,7.48873601535524,0,0,0.401385822446327
1987,11,26,3.89688110351563,7.56971661897296,0,0,0.396850393700787
1987,11,27,5.82084703445435,5.15643227215514,0,0,0.390047250582477
1987,11,28,11.1636075973511,2.91042377321537,5.58180330774303,2.09556441732275,0.387779536209707
1987,11,29,10.2213640213013,0,10.6928317931033,3.6633651607599,0.383244107464167
1987,11,30,0.362251460552216,0.0805416121975213,5.24165992030339,1.57707677106282,0.380976366058109
1987,12,1,0.734864234924316,0.446175495877469,0.100887491982576,0,0.380976366058109
1987,12,2,3.98960041999817,2.37228952673468,0,0,0.378708651685339
1987,12,3,5.67274284362793,5.21071940815364,0,9.09494701772928e-13,0.374173222939799
1987,12,4,2.45628929138184,4.67874001263317,0,-9.09494701772928e-13,0.374173222939799
1987,12,5,0.209853515028954,1.33694013166132,0,0,0.374173222939799
1987,12,6,5.18234348297119,2.05003663372372,0,0,0.369637794194259
1987,12,7,7.81097888946533,7.23462826829746,0,0,0.362834651075949
1987,12,8,10.1555013656616,9.65795614358194,0,0,0.360566936703179
1987,12,9,0.013249546289444,5.89873676391744,0,0,0.353763766551581
1987,12,10,0.42298150062561,0.179331292268216,0,0,0.346960623433271
1987,12,11,5.78653812408447,2.90843548179328,0,-9.09494701772928e-13,0.342425194687731
1987,12,12,9.00814723968506,6.55014453240801,0,9.09494701772928e-13,0.337889765942191
1987,12,13,20.2540607452393,13.5721766136621,0,0,0.335622051569421
1987,12,14,1.6508800983429,12.0510668585512,0,0,0.33108662282388
1987,12,15,0,0.668273049529489,0,0,0.324283452672283
1987,12,16,4.62992763519287,3.00387670955843,0,0,0.317480309553972
1987,12,17,10.7611026763916,7.41636616828782,0,0,0.306141737690122
1987,12,18,1.40022957324982,5.22480252152218,0,0,0.303874023317352
1987,12,19,5.33960294723511,3.64203994359468,0,0,0.301606308944582
1987,12,20,3.83920621871948,4.36578896961146,0,0,0.299338594571812
1987,12,21,2.14767646789551,3.05618809652515,0,0,0.299338594571812
1987,12,22,4.09585046768189,2.71476620601698,0,0,0.299338594571812
1987,12,23,9.41319370269775,5.72095382052339,0,0,0.299338594571812
1987,12,24,8.5340461730957,4.70659810961024,4.26702194580776,4.40965997386138,0.299338594571812
1987,12,25,2.6153883934021,1.31191310252871,4.25325674223677,4.39543462700476,0.297070853165754
1987,12,26,3.59475874900818,3.10650191979403,0,0,0.294803138792984
1987,12,27,2.82528352737427,3.20095955646229,0,0,0.292535424420214
1987,12,28,0.629016280174255,2.14731181079605,0,0,0.290267710047444
1987,12,29,0.00698743620887399,0.572723335486444,0,0,0.290267710047444
1987,12,30,0.00380200915969908,0.0587403776171414,0,0,0.290267710047444
1987,12,31,0.00132865400519222,0.00327573394497449,0,0,0.287999995674674
1988,1,1,0.0255270227789879,0.0193470289686957,0,0,0.283464566929134
1988,1,2,0.0095233079046011,0.0124382028152468,0,0,0.281196852556364
1988,1,3,0,0.0020649529487855,0,0,0.276661423810824
1988,1,4,0,0,0,0,0.272125995065284
1988,1,5,0,0,0,0,0.267590539286456
1988,1,6,0,0,0,0,0.265322824913686
1988,1,7,0,0,0,0,0.260787396168146
1988,1,8,0,0.00811011223322566,0,0,0.258519681795376
1988,1,9,0.139108628034592,0.108945498315734,0,0,0.256251967422605
1988,1,10,0.16952857375145,0.143918624053185,0,0,0.253984253049835
1988,1,11,0.526053547859192,0.247010307548408,0,0,0.251716538677065
1988,1,12,4.89166212081909,2.97458355480103,0,0,0.249448824304295
1988,1,13,1.89932262897491,3.47886947344887,0,0,0.247181109931525
1988,1,14,2.74932146072388,2.20284619797349,0,0,0.244913395558755
1988,1,15,4.0678186416626,2.99585378458687,0,0,0.242645681185985
1988,1,16,1.58912587165833,2.66221204654721,0,0,0.242645681185985
1988,1,17,0.153641939163208,0.688116913515842,0,0,0.242645681185985
1988,1,18,8.73642921447754,3.51624818292112,0,0,0.240377939779927
1988,1,19,1.3903580904007,5.40690301402356,0,0,0.242645681185985
1988,1,20,2.9046847820282,2.5742734778305,0,0,0.242645681185985
1988,1,21,16.5417709350586,8.50585880458402,0,0,0.244913395558755
1988,1,22,3.55538463592529,10.8797137280162,0,0,0.244913395558755
1988,1,23,1.65193319320679,2.90943618843357,0,0,0.244913395558755
1988,1,24,3.79720449447632,2.09891218570556,0,0,0.244913395558755
1988,1,25,2.09680461883545,2.7564239013027,0,0,0.242645681185985
1988,1,26,3.14624571800232,2.68007252360803,0,0,0.242645681185985
1988,1,27,0.908985555171967,2.35090113186197,0,0,0.240377939779927
1988,1,28,0.118320405483246,0.772930536513741,0,0,0.235842511034387
1988,1,29,0,0.106575254111704,0,0,0.233574796661617
1988,1,30,0.258230805397034,0.039313963652603,0,0,0.229039367916077
1988,1,31,2.48299765586853,1.06956778551739,0,0,0.225637796356922
1988,2,1,0.563722133636475,1.73093257898199,0,0,0.222916530999612
1988,2,2,0.31829822063446,0.518730247824351,0,0,0.222236224797767
1988,2,3,0.0303110182285309,0.184606127790175,0,0,0.222236224797767
1988,2,4,7.89339780807495,3.89876103028564,-9.09494701772928e-13,0,0.222236224797767
1988,2,5,10.8304147720337,10.1949345189669,9.09494701772928e-13,0,0.219968510424997
1988,2,6,0.430957615375519,5.8734234840922,0,0,0.216566925349198
1988,2,7,1.65860545635223,0.650544621395056,0,0,0.214299210976428
1988,2,8,0.402875989675522,0.938890084935338,0,0,0.212711816322146
1988,2,9,2.42036056518555,1.43795465855783,0,0,0.210897639417273
1988,2,10,1.04396653175354,1.96532654527709,0,0,0.209310231246347
1988,2,11,1.0528975725174,1.06967474189878,0,0,0.208403156310555
1988,2,12,0.0314380824565887,0.77851899243251,0,0,0.208629925044503
1988,2,13,3.85285592079163,2.6586431880487,0,0,0.209083462512399
1988,2,14,2.24930024147034,2.92252815454776,0,0,0.210217319698784
1988,2,15,4.89618873596191,3.28273118359539,0,0,0.212258265337606
1988,2,16,10.072660446167,6.6072049480199,0,0,0.217927564786175
1988,2,17,1.41365766525269,4.48057472210166,9.09494701772928e-13,0,0.222236224797767
1988,2,18,8.40227127075195,3.61594547205641,-9.09494701772928e-13,0,0.226771653543307
1988,2,19,15.6592617034912,4.20113691091865,7.82962847451017,2.75329776782201,0.229039367916077
1988,2,20,50.454647064209,0,32.9846285271287,7.24154037702556,0.231307082288847
1988,2,21,3.51583003997803,1.75851198106921,25.2187567185265,4.49395780714258,0.226771653543307
1988,2,22,0.0459312908351421,1.80526352271227,0,0,0.225637796356922
1988,2,23,0.758349895477295,0.547153828171759,0,0,0.222236224797767
1988,2,24,2.13117718696594,1.39284587049315,0,0,0.218834639721968
1988,2,25,2.38672518730164,1.06456783007616,1.19336267252675,2.05283505935222,0.214979530694916
1988,2,26,4.12926054000855,2.0598591189555,1.19612033351223,2.05757881687259,0.212711816322146
1988,2,27,0.399978667497635,2.25366726249194,0,0,0.208403156310555
1988,2,28,0,0.120193236094565,0,0,0.204094482782319
1988,2,29,1.25530612468719,0.501203576887747,0,0,0.201826768409549
1988,3,1,6.81037998199463,2.9185593485563,0,0,0.199559054036779
1988,3,2,7.79318380355835,7.08221845240951,0,0,0.195023625291239
1988,3,3,0.14590585231781,5.85623615134409,0,0,0.190488183029055
1988,3,4,3.10271072387695,1.23970024206119,0,0,0.185952754283515
1988,3,5,0.0482146367430687,2.41222752508656,0,0,0.181644094271923
1988,3,6,5.05474328994751,2.97955396768884,0,0,0.179829917367049
1988,3,7,2.44978904724121,3.33805836712236,0,0,0.17688188327579
1988,3,8,2.17318654060364,2.31853843373665,0,0,0.17234645453025
1988,3,9,1.2768098115921,2.01695299890889,0,0,0.169625202689584
1988,3,10,7.20121622085571,4.0933804905435,0,0,0.167584257050762
1988,3,11,5.50603246688843,4.24640749089576,2.10721733899572,0.527548100049899,0.163729134507067
1988,3,12,1.25358045101166,1.2726141284229,2.11012501057576,0.528276044238737,0.162368508586733
1988,3,13,0.851821005344391,1.19724153774951,0,0,0.158740154776986
1988,3,14,0.0255393013358116,0.598773493110457,0,0,0.156699209138164
1988,3,15,0.091574028134346,0.0410353013057829,0,0,0.154204726031446
1988,3,16,0.420153468847275,0.226926792025552,0,0,0.153070868845061
1988,3,17,0.192783012986183,0.235979490073987,0,0,0.151256691940187
1988,3,18,14.6689157485962,5.66966633134598,0,0,0.149669297285906
1988,3,19,4.3720645904541,11.8690772045456,0,0,0.147855120381032
1988,3,20,2.50620555877686,3.5158216677728,0,0,0.146721263194647
1988,3,21,0.0285879485309124,1.74517056269724,0,0,0.14536062375767
1988,3,22,0,0.0815190752564377,0,0,0.144907086289774
1988,3,23,0.526899516582489,0.10559036750692,0,0,0.143999997837337
1988,3,24,0.115483440458775,0.342585415662143,0,0,0.142866140650952
1988,3,25,0.582874178886414,0.378972923528636,0,0,0.14082519501213
1988,3,26,0.35517418384552,0.456076250047772,0,0,0.141051963746078
1988,3,27,1.16229999065399,0.808232813164977,0,0,0.141505514730619
1988,3,28,0,0.474116742258957,0,-9.09494701772928e-13,0.142185820932463
1988,3,29,1.29527521133423,0.842266542528705,0,9.09494701772928e-13,0.143999997837337
1988,3,30,2.32967686653137,1.9662909949302,0,0,0.14536062375767
1988,3,31,2.70339560508728,2.5394144597085,0,0,0.145133855023722
1988,4,1,0.169513389468193,1.06889494357893,0,0,0.145133855023722
1988,4,2,0.0582784004509449,0.268506243116462,0,0,0.145133855023722
1988,4,3,1.75061857700348,1.5135953291956,0,0,0.145133855023722
1988,4,4,1.35384058952332,1.59222323590257,0,0,0.144907086289774
1988,4,5,4.03517913818359,1.75451549888476,0,0,0.144907086289774
1988,4,6,1.33466899394989,2.55568326757566,0,0,0.14536062375767
1988,4,7,1.6397317647934,1.48623764616332,0,0,0.146267712210107
1988,4,8,4.21634769439697,2.12266648042896,0,0,0.147401569396492
1988,4,9,8.17674064636231,3.28944801174657,2.71340982387028,0.251837821339905,0.149669297285906
1988,4,10,5.00602197647095,1.40186996896955,5.22053526986747,1.4154887278728,0.155338583217831
1988,4,11,0.30796891450882,0.153820233017541,2.50568044642841,1.1831110506464,0.157152760122705
1988,4,12,0.515833675861359,0.153977147783735,0.257929080956274,2.05428047537771,0.158513386043038
1988,4,13,0.294654309749603,0.147086243359809,0.258338587310391,2.05754199558032,0.159193705761527
1988,4,14,0.122388757765293,0.174168742864822,0.0343907673504873,0,0.161688188868245
1988,4,15,0.00801247265189886,0.0307882355537004,0.0343962075712625,0,0.16327559703917
1988,4,16,0.888030409812927,0.0040062397811198,0.44401482214289,3.38217850836918,0.1650897604274
1988,4,17,0.208374485373497,0,0.547636326782595,4.63970152774891,0.16781102578471
1988,4,18,0.831026554107666,0.395950683877345,0.12035567559542,1.27480204625681,0.17007874015748
1988,4,19,0.0757739990949631,0.403399715147316,0.0529104188581187,1.93065104235757,0.17234645453025
1988,4,20,0.00085159856826067,0.000422584289481165,0.0381730652534316,1.96033407465802,0.176428345807894
1988,4,21,0.0015544795896858,0.000599591612626682,0.000603101565502584,0.557612179150056,0.179149611165204
1988,4,22,0.0418553240597248,0.000173670651747671,0.0215165311446981,7.17919063139289,0.182777951458308
1988,4,23,0.0216778498142958,0,0.0315376461312553,11.1917926388096,0.188220468656285
1988,4,24,0.00032636514515616,0,0.0111295652850458,10.9372397242551,0.195023625291239
1988,4,25,0.447064369916916,0,0.216919885674542,10.8062897229393,0.198425196850394
1988,4,26,1.41911280155182,0,0.918910749165661,13.5061355421367,0.204548033766859
1988,4,27,4.96633386611939,0,3.04194316931171,19.4183443586271,0.213845673508532
1988,4,28,4.87833595275879,0,4.92000286437451,27.463108051571,0.226318116075411
1988,4,29,1.65054214000702,0,3.45089386450127,31.4384438852885,0.238110225407157
1988,4,30,0.301852434873581,0,0.9761160357466,22.0542010452109,0.249448824304295
1988,5,1,0.367606431245804,0,0.328992460274094,12.8961173267626,0.267590539286456
1988,5,2,0.0106370598077774,0,0.184885608534387,8.23128735968021,0.287999995674674
1988,5,3,0.513514995574951,0,0.256369908971465,9.85009046368486,0.322015738299513
1988,5,4,0.245118111371994,0,0.348409477735913,16.158524911687,0.371905508567029
1988,5,5,0,0,0.119522852121008,24.1385372233008,0.428598421952856
1988,5,6,0.0309234205633402,0,0.0125747343990952,31.3223553694725,0.462614164577694
1988,5,7,1.52360546588898,0,0.72132339714517,37.8686615283086,0.555590561994417
1988,5,8,3.69866824150085,0,2.62128217158534,43.5066214889948,0.732472445270208
1988,5,9,0.0420951806008816,0,1.88143427748855,50.5254225467861,0.96151175911971
1988,5,10,0,0,0.0215328384856548,53.9181407685937,1.27218900665523
1988,5,11,2.07987904548645,0,1.0161592948989,47.3708086122906,1.68944877564438
1988,5,12,7.83449459075928,-9.09494701772928e-13,4.96014076684514,48.2743407824892,2.38110236220472
1988,5,13,9.42424011230469,9.09494701772928e-13,8.63409885519923,47.7722509454743,3.76440953532542
1988,5,14,0.824509739875794,0,5.15536698446886,40.0040226615756,4.14992108682948
1988,5,15,1.11457359790802,0,0.969168789909418,26.3699598458097,2.97070874792384
1988,5,16,4.97696256637573,0,3.04027612302707,0,2.26544876699373
1988,5,17,15.4810209274292,0,10.2328445966368,0,1.83004717488927
1988,5,18,6.35653924942017,0,10.9007793091751,0,1.53297642985667
1988,5,19,0.489935904741287,0,3.43706330500481,0,1.31754329411064
1988,5,20,0.122097373008728,0,0.305805502870498,0,1.20869289608452
1988,5,21,3.91870045661926,0,2.14519975375788,0,1.15880317988358
1988,5,22,4.31644105911255,0,4.11757061287062,0,1.25177952323373
1988,5,23,1.70506930351257,0,3.01424636782758,0,1.62822043351301
1988,5,24,0.644360661506653,0,1.17201221298274,0,1.53751185860221
1988,5,25,0.00291377445682883,0,0.338792935209312,0,1.41278740590013
1988,5,26,0.604555785655975,0,0.303734949893624,0,1.5171023751807
1988,5,27,4.12343120574951,0,2.35526701346225,0,1.65316534568006
1988,5,28,4.59801959991455,0,4.35967603830704,0,1.67584248940776
1988,5,29,6.40574312210083,9.09494701772928e-13,5.50515397675463,9.09494701772928e-13,2.14752761960968
1988,5,30,0.0892460122704506,-9.09494701772928e-13,3.25052823656642,-9.09494701772928e-13,2.22463001641702
1988,5,31,0.612750291824341,0,0.306949603967041,0,1.85952751580186
1988,6,1,0.487784653902054,0,0.512404383632202,0,1.71212602750523
1988,6,2,1.79040563106537,0,0.931130755146114,0,1.60327562947912
1988,6,3,0.626733481884003,0,1.36160085392567,0,1.75748031496063
1988,6,4,0.532253980636597,0,0.617637411815849,0,2.42645664966013
1988,6,5,0.56192022562027,0,0.552095400529652,0,3.19748040146715
1988,6,6,1.03984010219574,0,0.794126432376288,-9.09494701772928e-13,5.78267716535433
1988,6,7,5.49687767028809,0,3.05088706852439,9.09494701772928e-13,8.84409448818898
1988,6,8,1.04437434673309,0,3.30622666311865,0,7.64220489742249
1988,6,9,1.27010190486908,0,1.15738829489146,0,8.43590568482406
1988,6,10,0.991133987903595,0,1.13137123774231,0,9.32031461460384
1988,6,11,0.46432563662529,0,0.716202287747365,0,9.18425196850394
1988,6,12,0.393339395523071,0,0.428785789188623,0,8.14110270823081
1988,6,13,0.194984495639801,0,0.295905672637673,0,7.07527576356422
1988,6,14,1.51364862918854,0,0.645952529668648,0,6.91653543307087
1988,6,15,1.91525995731354,0,1.58433820741811,0,7.34740192082923
1988,6,16,0.452747613191605,0,1.44604495948624,0,6.00944881889764
1988,6,17,1.27138304710388,0,0.864458292609015,0,4.37669274037279
1988,6,18,1.95778203010559,-9.09494701772928e-13,1.61657881434712,-9.09494701772928e-13,4.19527559055118
1988,6,19,0.393587499856949,9.09494701772928e-13,1.06596825509041,9.09494701772928e-13,2.97070874792384
1988,6,20,0,0,0.150623053844356,0,2.35842511034387
1988,6,21,0.298256158828735,0,0.199831570543211,0,2.20195276455616
1988,6,22,1.40414166450501,0,0.988834967556613,0,2.94803149606299
1988,6,23,0.276859104633331,0,0.685651294023955,0,3.10677161029005
1988,6,24,0.0602499209344387,0,0.145022664786666,0,2.40377961406558
1988,6,25,0.60270357131958,0,0.40133782072553,0,2.11124418964536
1988,6,26,0.270190626382828,0,0.388604596201731,0,1.93436214416984
1988,6,27,0.00290802959352732,0,0.2088880776937,0,2.00692922036479
1988,6,28,7.61661815643311,0,5.77364365550238,0,2.21102362204724
1988,6,29,6.16211414337158,0,6.97572755258898,0,2.63055126760888
1988,6,30,6.66487312316895,0,6.25155806463044,0,2.78929138183594
1988,7,1,10.2030029296875,0,8.0437623069156,0,4.19527559055118
1988,7,2,0.595660448074341,0,4.6108386203814,0,4.6941734013595
1988,7,3,6.59732532501221,0,4.52915918705276,0,4.14992108682948
1988,7,4,6.106201171875,0,6.39276254854212,0,4.6488188976378
1988,7,5,2.48783850669861,0,5.62101318051646,0,4.80755922813115
1988,7,6,9.23340994631872e-05,0,2.00892798996301,0,3.71905503160372
1988,7,7,0.551607668399811,0,0.138338533360184,0,2.83464566929134
1988,7,8,0.284837365150452,0,0.473578825743061,0,2.47181093711553
1988,7,9,6.02273416519165,0,4.20120737662091,0,2.74393709438054
1988,7,10,4.8820276260376,0,5.70818381517802,0,4.03653526005783
1988,7,11,2.90152716636658,0,4.67133903294507,0,3.03874007097379
1988,7,12,15.1113862991333,0,7.32619616347984,0,3.60566920483206
1988,7,13,5.06712532043457,0,9.27736776512029,0,5.23842528335691
1988,7,14,6.58915281295776,0,5.89400784591999,0,4.28598416546198
1988,7,15,15.1048803329468,0,11.212144950151,0,8.1864563468873
1988,7,16,2.3496081829071,0,10.24009285596,0,8.36787436177411
1988,7,17,2.58320903778076,0,2.46263343325973,0,6.03212607075849
1988,7,18,0,0,2.09171498279829,0,5.01165362981361
1988,7,19,0.396824181079865,0,0.415342754306948,0,4.30866141732284
1988,7,20,2.27424120903015,0,1.73565662682904,0,4.19527559055118
1988,7,21,2.14843845367432,0,2.23779857909813,0,4.62614164577694
1988,7,22,0.507108747959137,-9.09494701772928e-13,1.33006453438975,0,3.3108662282388
1988,7,23,0.00338240736164153,9.09494701772928e-13,0.405488590947243,0,2.74393709438054
1988,7,24,3.02457308769226,0,2.56376475786783,0,2.47181093711553
1988,7,25,4.80832147598267,0,3.59205197622669,0,3.0840945746955
1988,7,26,2.09551048278809,0,3.34055952401377,0,3.1294488621509
1988,7,27,1.7397233247757,0,2.00920618890541,0,2.69858259065883
1988,7,28,1.23363614082336,0,1.58425958536009,0,2.42645664966013
1988,7,29,0.553908169269562,0,0.893079076074173,0,2.16793710303119
1988,7,30,0.730378091335297,0,0.64566830610147,0,2.01146454097718
1988,7,31,0.613547503948212,0,0.666598997770052,0,1.8867400882751
1988,8,1,0.634929537773132,0,0.641674099926604,0,1.86406305268055
1988,8,2,1.97557175159454,0,1.5746663631171,-9.09494701772928e-13,1.94343300166093
1988,8,3,8.19960021972656,0,6.42779592596162,9.09494701772928e-13,2.1180472786971
1988,8,4,6.55479669570923,0,7.74980979565771,0,3.35622051569421
1988,8,5,0.817853093147278,0,3.77138482302507,0,2.72125984251969
1988,8,6,0.29629310965538,0,0.638775566228105,0,2.29039378729392
1988,8,7,2.66872382164001,0,1.32688054013124,0,2.02733848751999
1988,8,8,8.09797096252441,0,3.36140923261428,0,2.19968499611682
1988,8,9,5.02647733688355,0,6.26696903429001,0,2.40377961406558
1988,8,10,0.0375312231481075,0,3.45687831669693,0,2.49448818897638
1988,8,11,0.947788178920746,0,0.290565831412096,0,2.12485036774883
1988,8,12,1.29599094390869,0,0.992490537781123,0,1.83004717488927
1988,8,13,1.37816751003265,0,1.30721469135915,0,1.79829917367049
1988,8,14,2.02128458023071,0,1.50284417141665,0,1.92529128667876
1988,8,15,1.1489440202713,0,1.68452936189351,0,1.77562202994279
1988,8,16,3.17080157401506e-05,0,0.565165226269528,0,1.63048820195236
1988,8,17,0.11383843421936,0,0.082549070622008,0,1.48988980270746
1988,8,18,0.124505497515202,0,0.121949561837027,0,1.43319688932164
1988,8,19,1.12820589542389,0,0.400262644889153,0,1.40825197715459
1988,8,20,1.54037380218506,0,1.29143274794296,0,1.2903307216374
1988,8,21,2.15090465545654,0,1.65932550509842,0,1.25404729167307
1988,8,22,5.39736461639404,0,3.17622507860324,0,1.26538580947035
1988,8,23,1.05485248565674,0,4.61063241166175,0,1.17921255517194
1988,8,24,7.58082628250122,-9.09494701772928e-13,4.48883106538779,0,1.1950866098479
1988,8,25,3.36685514450073,9.09494701772928e-13,4.80128323460485,0,1.72573231374185
1988,8,26,2.05464839935303,0,2.59239571244143,0,1.55792123389056
1988,8,27,0.574696481227875,0,1.5705342236588,0,1.4966928917592
1988,8,28,2.36000728607178,0,1.75968332944103,0,1.4286614605761
1988,8,29,0.282995015382767,0,1.24464927653025,0,1.37650397593581
1988,8,30,3.91748142242432,0,1.3574348109405,0,1.25631495197927
1988,8,31,8.56862449645996,0,4.45185383596072,0,1.4286614605761
1988,9,1,5.62304592132568,0,6.79491030857753,0,1.63275586225855
1988,9,2,0.045427680015564,0,3.45898256584769,0,1.29713381068913
1988,9,3,0.426697254180908,0,0.160379679131438,0,1.18601575235682
1988,9,4,0.410965770483017,0,0.392458238768086,0,1.12251964178611
1988,9,5,1.38249325752258,0,0.649069870489257,0,1.08623621182179
1988,9,6,0.237150385975838,0,0.797879452848065,0,1.0567558709092
1988,9,7,0.27314555644989,0,0.254787587874489,0,1.01366924376
1988,9,8,0.00505147688090801,0,0.0964234255670817,0,0.950173241322435
1988,9,9,0.507148802280426,0,0.364560569353671,0,0.913889811358114
1988,9,10,7.73323440551758,0,1.95788412428465,0,0.888944899191068
1988,9,11,9.15841102600098,0,7.8728591698773,0,1.58059837761826
1988,9,12,7.3970308303833,0,8.19559796537942,0,1.50576374925028
1988,9,13,3.28842353820801,0,6.07698704515406,0,1.3107402050589
1988,9,14,2.44415855407715,0,2.83179123131231,0,1.2177637535756
1988,9,15,0.187815457582474,0,2.01326371960022,0,1.1950866098479
1988,9,16,0.180229157209396,0,0.355574899589556,0,1.07943312277005
1988,9,17,0.386764883995056,0,0.336959562047014,0,1.00686615470826
1988,9,18,0.654463231563568,0,0.624015058257101,0,0.963779527559055
1988,9,19,2.0961012840271,0,1.7424099503005,0,0.929763757900929
1988,9,20,3.44134259223938,0,3.08210977661747,0,0.927496097594734
1988,9,21,2.41186738014221,0,2.94072517502627,0,0.882141756072758
1988,9,22,6.1379132270813,0,5.56667255522734,0,0.877606273260642
1988,9,23,0.340906769037247,0,4.48770556220461,0,0.902551185427688
1988,9,24,0,0,0.326613194945821,0,0.911622042918768
1988,9,25,0.161327660083771,0,0.136878148153301,0,0.866267701396792
1988,9,26,0.0158950351178646,0,0.133326871036843,0,0.805039359265425
1988,9,27,4.73492240905762,0,2.38601132457825,0,0.761952732116219
1988,9,28,15.0845308303833,0,9.90970875085986,0,0.789165358656035
1988,9,29,4.25480937957764,0,10.1533070925125,0,0.829984271432471
1988,9,30,1.07477402687073,0,2.5602113606019,0,0.832251985805241
1988,10,1,0.21875362098217,0,0.777464452241475,0,0.836787414550781
1988,10,2,5.46453189849854,0,0.946604736536756,0,0.875338558887872
1988,10,3,13.8770122528076,0,8.42834892913106,0,1.28352752445251
1988,10,4,19.2360038757324,0,16.8400501803671,0,2.29039378729392
1988,10,5,12.1076822280884,0,17.0249878190352,0,2.24277173139918
1988,10,6,3.95136499404907,0,10.7355066393848,0,1.61914957602193
1988,10,7,5.80150556564331,0,5.46052663791488,0,1.49215746301366
1988,10,8,9.70744037628174,-9.09494701772928e-13,7.76307553276183,0,1.34248820627768
1988,10,9,2.20244884490967,9.09494701772928e-13,7.76463865965434,0,1.47628351647084
1988,10,10,3.3313581943512,0,2.5546603280427,0,1.70985825906588
1988,10,11,5.35814571380615,0,4.10418947721246,0,1.68718111533818
1988,10,12,8.97419261932373,0,6.96099639990916,0,1.62822043351301
1988,10,13,18.5476016998291,0,13.7547285212313,0,1.38784249373308
1988,10,14,2.34738326072693,0,10.4472887030524,0,1.1950866098479
1988,10,15,1.25327038764954,0.626632277122553,1.17369709336526,0,1.08623621182179
1988,10,16,1.34617638587952,1.11116545213918,0.185579246074667,0,1.0114015834538
1988,10,17,1.47639000415802,0.474793331671208,0.93648992589533,2.09184386447669,0.963779527559055
1988,10,18,4.19740581512451,0,2.83690548287723,0.504620824554877,0.938834615392009
1988,10,19,3.7508692741394,0,3.97413759125448,0,0.920692900409849
1988,10,20,1.58520352840424,0,3.3142359136591,0,0.882141756072758
1988,10,21,2.62672805786133,1.31336592911975,0.936783902076058,0,0.782362215537725
1988,10,22,11.9759960174561,7.31074244026877,0,-9.09494701772928e-13,0.766488214928334
1988,10,23,5.7056565284729,8.79487816420169,0,9.09494701772928e-13,0.755149588997909
1988,10,24,1.98177683353424,3.89970799745515,0,0,0.743811017134058
1988,10,25,0.0563284493982792,1.07117042558093,0,0,0.730204730897438
1988,10,26,0.47652080655098,0.208735252861516,0,-9.09494701772928e-13,0.727937016524668
1988,10,27,0.603493213653565,0.56252294499609,9.09494701772928e-13,9.09494701772928e-13,0.702992104357622
1988,10,28,1.48550593852997,1.03180630013958,-9.09494701772928e-13,0,0.680314960629921
1988,10,29,2.21686983108521,1.76764193379859,0,0,0.657637816902221
1988,10,30,1.10583961009979,1.45075809527225,0.179438686545836,0,0.637228333480715
1988,10,31,6.76418685913086,3.7707921323572,0.169586552202418,0,0.625889761616865
1988,11,1,1.3972020149231,4.04021061544881,0,0,0.614551189753014
1988,11,2,4.10361337661743,2.6631455937395,0,0,0.603212617889164
1988,11,3,4.20749044418335,4.17147229282546,0,0,0.600944903516394
1988,11,4,4.16511392593384,4.18835297071746,0,0,0.591873991958738
1988,11,5,0.374069392681122,2.40337442076998,0,0,0.589606277585968
1988,11,6,2.35841679573059,1.49092056036716,0,0,0.585070848840428
1988,11,7,2.46146655082703,2.41502964783831,0,-9.09494701772928e-13,0.573732276976578
1988,11,8,6.63434886932373,4.67131613286438,0,9.09494701772928e-13,0.571464562603808
1988,11,9,1.69345605373383,4.28930624692202,0,0,0.569196848231038
1988,11,10,1.68243706226349,1.68574338040889,0,0,0.571464562603808
1988,11,11,0.624189078807831,1.22757441281465,0,9.09494701772928e-13,0.573732276976578
1988,11,12,0.855835676193237,0.761648485620754,0,-9.09494701772928e-13,0.571464562603808
1988,11,13,5.76869487762451,3.07089566381455,9.09494701772928e-13,9.09494701772928e-13,0.569196848231038
1988,11,14,3.66633296012878,4.86004209205112,-9.09494701772928e-13,-9.09494701772928e-13,0.564661419485498
1988,11,15,0.704916715621948,1.95415633211178,0,0,0.562393705112728
1988,11,16,1.15161657333374,0.953324971923394,0,0,0.557858276367187
1988,11,17,6.35860443115234,3.98695409432094,0,0,0.551055133248877
1988,11,18,1.15524244308472,4.01719757220053,0,0,0.541984275757797
1988,11,19,2.86174416542053,1.84616559155074,0,0,0.517039363590751
1988,11,20,22.3223114013672,12.6636354325638,0,0,0.507968506099671
1988,11,21,1.29086148738861,12.1079672500819,0,0,0.503433077354131
1988,11,22,2.22295784950256,1.45316438856298,0,0,0.501165362981361
1988,11,23,4.33044815063477,3.17760917875603,0,0,0.496629934235821
1988,11,24,0.0858548730611801,2.15893150705506,0,0,0.48982679111751
1988,11,25,0,0.0472215641284492,0,0,0.473952736441545
1988,11,26,0.278426826000214,0.0528075207594156,0,0,0.460346450204924
1988,11,27,2.53515267372131,1.3968830136273,0,-9.09494701772928e-13,0.455811021459384
1988,11,28,11.2255573272705,6.61338892867661,0,9.09494701772928e-13,0.458078735832154
1988,11,29,54.7548675537109,32.5620425428115,0,0,0.462614164577694
1988,11,30,29.569356918335,42.4533443828514,0,0,0.467149593323235
1988,12,1,13.8172302246094,22.4770303807827,0,0,0.464881878950464
1988,12,2,12.6122446060181,13.0555004982316,0,0,0.462614164577694
1988,12,3,15.3493995666504,14.2165305964318,0,0,0.462614164577694
1988,12,4,3.00290155410767,8.92592181514374,0,0,0.460346450204924
1988,12,5,0.910711526870728,1.79501484727734,0,0,0.451275592713844
1988,12,6,0.079124741256237,0.588298270598898,0,0,0.430866136325626
1988,12,7,7.41129732131958,4.02123222940645,0,0,0.403653536819098
1988,12,8,8.02279758453369,7.58819340702394,0,0,0.390047250582477
1988,12,9,2.02530479431152,5.87868444839205,0,0,0.387779536209707
1988,12,10,3.85533261299133,3.41756447337502,0.012411123036145,0,0.385511821836937
1988,12,11,5.22031211853027,4.55516177436584,0.278170933901492,0,0.385511821836937
1988,12,12,1.99451529979706,2.84315551601776,0.116902112915341,0,0.385511821836937
1988,12,13,1.54163980484009,1.68485227147085,0,0,0.383244107464167
1988,12,14,7.61545705795288,3.67294045801464,0,0,0.380976366058109
1988,12,15,26.5181980133057,13.0194610553644,4.04736187120034,9.09494701772928e-13,0.380976366058109
1988,12,16,3.99702739715576,9.23524811928837,6.05110723431699,4.58050538560929,0.378708651685339
1988,12,17,0.0439574532210827,0.0219641420144399,1.99983986810457,4.59527434731808,0.378708651685339
1988,12,18,2.1308708190918,1.49534858600509,0,0,0.371905508567029
1988,12,19,1.4871039390564,2.04682787711045,0,0,0.365102365448719
1988,12,20,0.372255831956863,1.12665695703072,0,0,0.358299222330409
1988,12,21,0.278086125850678,0.333167360271546,0,0,0.356031507957639
1988,12,22,1.00334501266479,0.771580388750408,0,0,0.349228337806041
1988,12,23,0.202026799321175,0.599335177902503,0,0,0.342425194687731
1988,12,24,0.0691589564085007,0.161194976073602,0,0,0.33335433719665
1988,12,25,0.814305245876312,0.502531877928959,0,0,0.322015738299513
1988,12,26,0.0720852166414261,0.490317627609329,0,0,0.319748023926742
1988,12,27,4.5401930809021,1.95922694563615,0,0,0.317480309553972
1988,12,28,3.19815349578857,3.84037908301707,0,0,0.312944880808432
1988,12,29,0.511637449264526,2.29121822162051,0,0,0.312944880808432
1988,12,30,1.2194117307663,0.691122409785749,0,0,0.303874023317352
1988,12,31,3.84692573547363,2.47305784696164,0,0,0.299338594571812
1989,1,1,0.799503564834595,1.81556024672864,0,0,0.294803138792984
1989,1,2,3.66104578971863,2.39065328356537,0,0,0.292535424420214
1989,1,3,0.0581458210945129,1.91314283659813,0,0,0.292535424420214
1989,1,4,0.0312988348305225,0.0456834650203746,0,0,0.290267710047444
1989,1,5,0.000842775101773441,0.0142158447679321,0,0,0.285732281301904
1989,1,6,0.0407716669142246,0.0358012173728639,0,0,0.274393709438054
1989,1,7,0.310814499855042,0.330269744647012,0,0,0.272125995065284
1989,1,8,3.67858910560608,2.88362593006968,0,0,0.272125995065284
1989,1,9,1.95321643352509,3.02394259293942,0,0,0.272125995065284
1989,1,10,2.16978240013123,2.01631673547217,0,0,0.269858280692514
1989,1,11,4.49534368515015,3.30355774161126,0,0,0.269858280692514
1989,1,12,4.68277502059937,4.59195297161932,0,0,0.269858280692514
1989,1,13,0.410632401704788,3.42356084382482,0,0,0.269858280692514
1989,1,14,3.09259152412415,1.28869103672059,0,0,0.267590539286456
1989,1,15,2.31386518478394,2.89907198125093,0,0,0.267590539286456
1989,1,16,3.83802151679993,3.11883674713226,0,0,0.265322824913686
1989,1,17,2.38175868988037,3.06194249317105,0,0,0.256251967422605
1989,1,18,3.26189756393433,2.6874742696682,0,0,0.247181109931525
1989,1,19,16.1746063232422,9.6668375600475,0,0,0.242645681185985
1989,1,20,7.33535194396973,12.9839387317325,0,0,0.235842511034387
1989,1,21,1.43348050117493,5.86784035367691,0,0,0.233574796661617
1989,1,22,5.06863880157471,2.98753132610636,0,0,0.233574796661617
1989,1,23,0.154065832495689,2.7882514960429,0,0,0.231307082288847
1989,1,24,9.49257469177246,3.24370629513942,0,0,0.231307082288847
1989,1,25,8.73106002807617,8.89336432282016,0,0,0.235842511034387
1989,1,26,6.68354415893555,7.34149539527971,0,0,0.238110225407157
1989,1,27,8.62637042999268,7.65170624119583,0,0,0.229039367916077
1989,1,28,9.53832054138184,8.91697117803324,0,0,0.22132913634533
1989,1,29,5.16625833511353,8.71350682984757,0,0,0.210444088432733
1989,1,30,1.20622479915619,4.76937996876131,0,0,0.204774802500807
1989,1,31,0,0.840397715234758,0,0,0.204094482782319
1989,2,1,0,0,0,0,0.205228339968704
1989,2,2,0,2.36468622460961e-11,0,0,0.208629925044503
1989,2,3,9.16336162504194e-08,9.58079908741638e-08,0,0,0.210444088432733
1989,2,4,0.000184742020792328,9.66386405707453e-05,0,0,0.212485034071554
1989,2,5,0.000426081125624478,0.000310822764731711,0,0,0.212938585056095
1989,2,6,0.000330272683640942,0.000377293057681527,0,0,0.213165353790043
1989,2,7,0.00523937167599797,0.00289860687462351,0,0,0.213165353790043
1989,2,8,0.0176040027290583,0.0117597996068071,0,0,0.213165353790043
1989,2,9,0.247241765260696,0.137541358538329,0,0,0.213392122523991
1989,2,10,0.0391278006136417,0.139628720101427,9.09494701772928e-13,0,0.216566925349198
1989,2,11,3.95684790611267,2.28473365385162,-9.09494701772928e-13,-9.09494701772928e-13,0.218381102254072
1989,2,12,0.0962793231010437,3.13375303897192,0,9.09494701772928e-13,0.220195279158945
1989,2,13,0,0.275479308722424,0,0,0.222009442547175
1989,2,14,0.000207432734896429,0.000427328398473037,0,0,0.219514959440457
1989,2,15,0.00265300250612199,0.00202340848500171,0,0,0.213392122523991
1989,2,16,8.26856921776198e-05,0.000458730283753539,0,0,0.208629925044503
1989,2,17,0,1.37707065732684e-05,0,0,0.208629925044503
1989,2,18,1.36506851049489e-05,1.77212305061403e-05,0,0,0.208176374059962
1989,2,19,7.32259577489458e-05,0.000693484567818814,0,0,0.207496067858118
1989,2,20,0.00620518485084176,0.0655831426638542,0,0,0.206362210671733
1989,2,21,0.593848705291748,0.505935135037362,0,0,0.207949605326014
1989,2,22,0,0.425843170094595,0,0,0.208629925044503
1989,2,23,0.0127752032130957,0.0275932391850802,0,0,0.204774802500807
1989,2,24,0.0261989459395409,0.0636553192589417,0,0,0.204094482782319
1989,2,25,0.373572409152985,0.325825196942787,0,0,0.204094482782319
1989,2,26,0.0193000379949808,0.267407419634765,0,0,0.204094482782319
1989,2,27,0.00438138004392386,0.0198056792351053,0,0,0.203640945314422
1989,2,28,0.0101279523223639,0.0545737465345155,0,0,0.200239373755267
1989,3,1,0.466745585203171,0.396567922959548,0,0,0.204321265032911
1989,3,2,11.4560232162476,6.37843780904586,0,0,0.201826768409549
1989,3,3,7.83952522277832,10.7530782392869,0,0,0.201373230941652
1989,3,4,3.94335675239563,6.05861142547747,0,0,0.200466142489216
1989,3,5,4.34079217910767,4.18310760450458,-9.09494701772928e-13,0,0.198198428116445
1989,3,6,0.0513301901519299,2.8617031920021,9.09494701772928e-13,0,0.195023625291239
1989,3,7,0.118484832346439,0.0965749418146515,0,0,0.190714965279647
1989,3,8,0.0083630234003067,0.0692406042680887,0,0,0.185952754283515
1989,3,9,0.0107984142377973,0.00978775465046056,0,0,0.181190556804026
1989,3,10,0.00014151181676425,0.00415976349995617,0,0,0.181417325537974
1989,3,11,0,5.3374154958874e-05,0,0,0.181644094271923
1989,3,12,0,0,0,0,0.181870863005871
1989,3,13,0,0,0,0,0.185045665831078
1989,3,14,0,0,0,0,0.18754016245444
1989,3,15,0,0,0,0,0.18935432584267
1989,3,16,0,0.00222691706312617,0,9.09494701772928e-13,0.190488183029055
1989,3,17,0.205565944314003,0.135914695570136,0,-9.09494701772928e-13,0.191848822466032
1989,3,18,0,0.0383552364928619,0,0,0.192755910918469
1989,3,19,0.000375500327209011,0.000278887013337226,0,0,0.193209448386365
1989,3,20,0,0.000474506485261372,0,0,0.193889768104854
1989,3,21,0.00477222166955471,0.217136178939654,0,0,0.19479685655729
1989,3,22,2.48510360717773,2.04989773989655,0,0,0.195250394025187
1989,3,23,0.065825380384922,1.06333514442849,0,0,0.195703931493083
1989,3,24,0.192488566040993,0.116205461817117,0,0,0.19661101994552
1989,3,25,0.245385512709618,0.206340198139515,0,0,0.199332285302831
1989,3,26,0.00543579179793596,0.230600711003717,9.09494701772928e-13,0,0.198198428116445
1989,3,27,2.1602885723114,1.80706415672466,-9.09494701772928e-13,0,0.197291339664009
1989,3,28,5.85684728622437,3.36286217070847,0,0,0.196157482477624
1989,3,29,9.31885051727295,6.42473276814508,0,0,0.198425196850394
1989,3,30,0.95148378610611,4.7987936576119,0,0,0.199559054036779
1989,3,31,0.00505278818309307,0.334033433170589,0,0,0.202053537143497
1989,4,1,0,0.00290203605254646,0,0,0.203414176580474
1989,4,2,0.0131300054490566,0.00560398128254747,0,0,0.204548033766859
1989,4,3,0,0.00750187122866919,0,0,0.205228339968704
1989,4,4,0,3.92620622733375e-05,0,0,0.206588979405681
1989,4,5,0,0,0,0,0.209083462512399
1989,4,6,0.15706729888916,0.0684155867475056,0,0,0.212711816322146
1989,4,7,0.0473081767559052,0.107772503623892,0,0,0.214752761960968
1989,4,8,0.022466754540801,0.036368864416545,0,0,0.219514959440457
1989,4,9,0.0147518590092659,0.0190556226334593,0,0,0.222462993531715
1989,4,10,0.608371138572693,0.280075132835009,0,0,0.226771653543307
1989,4,11,0.482708215713501,0.39710315020875,0.147553991537279,0.110030281864056,0.231307082288847
1989,4,12,0.0335671082139015,0.0938721244347107,0.164441488705961,2.31851078646741,0.238110225407157
1989,4,13,0.946571171283722,0.473444038479101,0.0167779350849742,2.20938488825414,0.244913395558755
1989,4,14,0.445107996463776,0.531765224084666,0.16407585421166,0.451182514244465,0.249448824304295
1989,4,15,0.0403007753193378,0.0585169949608826,0.184325248311325,6.38061379394003,0.256251967422605
1989,4,16,0.000316327554173768,3.38587660735357e-05,0.0201613101007752,6.48922859851973,0.267590539286456
1989,4,17,0.00469032488763332,0.0015484410296267,0.00106124979356537,0.557870521834957,0.276661423810824
1989,4,18,1.15867533168057e-05,0.00147455488877313,0.000922464727409533,2.00513963141566,0.292535424420214
1989,4,19,0.0183012057095766,0,0.00897114759027318,6.51146987396169,0.301606308944582
1989,4,20,1.12863123416901,0,0.575758662770568,18.0944181648274,0.319748023926742
1989,4,21,1.80589294433594,0,1.46628995443643,23.8627328600924,0.349228337806041
1989,4,22,0,0,0.895899185785311,19.6137632579666,0.342425194687731
1989,4,23,0.406373500823975,0,0.195450127560434,19.68605561614,0.371905508567029
1989,4,24,0.0304690860211849,0,0.241208148750047,21.873751992337,0.392314964955247
1989,4,25,0.172289445996284,0,0.097998054027812,31.1146808195172,0.453543307086614
1989,4,26,0.0126827536150813,0,0.100822360092025,44.959832283098,0.696188961239312
1989,4,27,0,0,0.00606559454172384,48.8375127849304,0.966047295998401
1989,4,28,0.00468083424493671,-9.09494701772928e-13,0.00222349708656111,45.5344075965686,1.17921255517194
1989,4,29,0.0209763254970312,9.09494701772928e-13,0.0127571622242613,46.9446836698571,1.3107402050589
1989,4,30,0,0,0.0103050537427407,48.9806585391507,1.5171023751807
1989,5,1,6.21893093466497e-07,0,3.14318640448619e-07,50.9688702287549,2.03187402439868
1989,5,2,0,0,3.18942511512432e-07,50.8684942441605,2.56251972829263
1989,5,3,0.0587752610445023,9.09494701772928e-13,0.0298779262884636,41.772847223383,2.94803149606299
1989,5,4,0.0103577552363276,-9.09494701772928e-13,0.0348078606266427,-9.09494701772928e-13,3.78708678718627
1989,5,5,0.259012430906296,0,0.132327753081881,0,4.10456701564038
1989,5,6,0.733971416950226,0,0.499273425829415,0,3.42425205501046
1989,5,7,0.611053228378296,0,0.679941996830166,0,2.94803149606299
1989,5,8,2.89763760566711,0,1.75445343639058,0,2.69858259065883
1989,5,9,0.590445339679718,0,1.74556474282872,0,2.74393709438054
1989,5,10,0,0,0.299921145999178,0,2.38110236220472
1989,5,11,0.191649824380875,0,0.0674991095929727,0,1.97291334257351
1989,5,12,1.36120653152466,0,0.624282315910023,0,1.6350236306979
1989,5,13,1.79509055614471,0,1.52691716359732,0,1.41505506620632
1989,5,14,3.02444410324097,0,2.34251587317431,0,1.24270866574265
1989,5,15,4.97574186325073,0,4.0041317197838,0,1.30393700787402
1989,5,16,2.54380416870117,0,3.75472766658913,0,1.20188980703279
1989,5,17,0.535253703594208,0,1.34879634136814,0,1.09077164056733
1989,5,18,0.266297549009323,0,0.34110552578295,0,1.04541735311193
1989,5,19,0.2130057066679,0,0.230166480829212,0,1.04541735311193
1989,5,20,0.299189180135727,0,0.276986178423613,0,1.05222044216366
1989,5,21,0.0995722040534019,0,0.199380410277627,0,1.7007874015748
1989,5,22,1.81163263320923,0,0.955229935741954,0,2.60787401574803
1989,5,23,0.160281732678413,0,0.825397267111839,0,2.42645664966013
1989,5,24,0.000165581484907307,0,0.0832522638556839,0,1.94116544948788
1989,5,25,0.0898228734731674,0,0.103887639208551,-9.09494701772928e-13,1.74840945746955
1989,5,26,0.566084861755371,0,0.492625900979874,9.09494701772928e-13,1.93436214416984
1989,5,27,0.0619848519563675,0,0.43825947856476,0,2.76661412997509
1989,5,28,0.793942630290985,0,0.268474224615602,0,3.60566920483206
1989,5,29,2.35074758529663,0,1.15837764842672,0,6.16818914939099
1989,5,30,2.32523322105408,0,2.27976004824086,0,7.77826754352239
1989,5,31,3.38440465927124,0,2.59678691629051,0,6.3496062992126
1989,6,1,0.260570406913757,0,2.30911357066998,0,4.28598416546198
1989,6,2,0.166115194559097,0,0.225540019005166,0,2.90267720860759
1989,6,3,3.35294461250305,0,1.68965895660949,0,4.39936999223364
1989,6,4,4.84132051467896,0,4.11771503173986,0,5.85070848840428
1989,6,5,0.816730439662933,0,2.77223812974626,0,4.28598416546198
1989,6,6,0.474563926458359,0,0.6408424174424,0,2.85732292115219
1989,6,7,0.675869524478912,0,0.57799881435767,0,2.65322830320343
1989,6,8,0.114401951432228,0,0.387226238060066,0,2.53984247643178
1989,6,9,0.175376415252686,0,0.239110028872346,0,2.81196841743049
1989,6,10,2.31218886375427,0,1.93253141413697,0,2.17247242364358
1989,6,11,1.59592497348785,0,2.18837295731464,0,2.38110236220472
1989,6,12,4.19294881820679,0,2.50326743709957,0,2.85732292115219
1989,6,13,7.47616577148438,0,6.60026979485156,0,3.24283468892255
1989,6,14,2.99325084686279,0,6.11814064444116,0,3.92314943328617
1989,6,15,1.60994446277618,0,2.88439467034277,0,3.03874007097379
1989,6,16,0.0730462595820427,0,1.32313291761147,0,1.94570077010027
1989,6,17,0.327667713165283,0,0.271719213372307,0,1.64409448818898
1989,6,18,1.60773360729218,0,1.27247838976109,0,1.62822043351301
1989,6,19,0.961288452148438,0,0.997489334984493,0,1.9071495716966
1989,6,20,0,0,0.168615079578558,0,2.13618899367926
1989,6,21,0.00867366418242455,0,0.0317115510479198,0,2.0023936834861
1989,6,22,0.302249312400818,0,0.268162317801398,0,1.84365356925904
1989,6,23,0.50774347782135,0,0.819778635624971,0,2.1634015661525
1989,6,24,4.37767839431763,0,3.81249261228459,0,3.01606303537924
1989,6,25,3.83776140213013,0,4.22134491392808,0,2.47181093711553
1989,6,26,1.1992062330246,0,2.64240730192887,0,2.12031504713644
1989,6,27,0.629479467868805,0,1.11609768806011,0,1.97518111101286
1989,6,28,3.74127149581909,-9.09494701772928e-13,1.64244277619036,-9.09494701772928e-13,2.2291653370294
1989,6,29,2.53130984306335,9.09494701772928e-13,2.82156917142311,9.09494701772928e-13,3.51496062992126
1989,6,30,0.446427315473557,0,2.06601659976786,0,3.51496062992126
1989,7,1,4.02999544143677,0,1.84950560692414,0,2.81196841743049
1989,7,2,6.4473934173584,0,5.83682764003152,0,4.7395274725486
1989,7,3,2.02597165107727,0,4.66378479943433,0,3.35622051569421
1989,7,4,0.138965249061584,0,1.55355339288599,0,2.63055126760888
1989,7,5,1.38235545158386,0,0.895251033477507,0,2.49448818897638
1989,7,6,1.7054408788681,0,1.43287153886922,0,2.42645664966013
1989,7,7,0.543750405311585,0,1.45071255812582,0,2.53984247643178
1989,7,8,0.269547700881958,0,0.502328839230358,0,2.42645664966013
1989,7,9,0.787492573261261,0,0.470004154494745,0,3.15212589774545
1989,7,10,1.66986966133118,0,1.13369988452905,0,2.85732292115219
1989,7,11,0.760760307312012,0,1.28860320873537,0,2.63055126760888
1989,7,12,0.453128933906555,0,0.629338304545854,0,2.31307082288847
1989,7,13,0.425125628709793,0,0.440300630752972,0,2.04321265032911
1989,7,14,1.25823259353638,0,0.812810142829221,0,1.86633060485359
1989,7,15,0.747602939605713,0,0.945608785328659,0,1.77788979838214
1989,7,16,0.22564297914505,0,0.39590450783453,0,1.56018900232991
1989,7,17,0.537360966205597,0,0.445437649623273,0,1.42185826339121
1989,7,18,0.28110882639885,0,0.364016882114811,0,1.41959060308501
1989,7,19,0.75095146894455,0,0.711304431855751,0,1.46948031928596
1989,7,20,1.69135451316834,0,1.49462130354368,0,1.40598420871524
1989,7,21,4.57050943374634,0,2.19409669106972,0,1.43319688932164
1989,7,22,1.29753720760345,0,2.97619110525193,0,1.69398420438992
1989,7,23,0.636984348297119,0,1.09897279642792,0,1.494425231453
1989,7,24,1.19681620597839,0,0.918512197315067,0,1.32207872285618
1989,7,25,1.36457860469818,0,1.22604831397621,0,1.22456695076049
1989,7,26,0.41524949669838,0,1.10342865561688,0,1.1724094661202
1989,7,27,0.214888855814934,0,0.305584764728337,0,1.11571655273437
1989,7,28,0.00161353999283165,0,0.0972692033883504,0,1.07489758589136
1989,7,29,0.476948767900467,0,0.411257459978515,0,1.06809449683963
1989,7,30,4.14651203155518,0,1.55747805311603,0,1.10211026649775
1989,7,31,0.778889775276184,0,3.39624792930772,0,1.15880317988358
1989,8,1,0.0115441950038075,0,0.541239057686653,0,1.13385826771654
1989,8,2,0.498325854539871,9.09494701772928e-13,0.272876885564074,0,1.08396855151559
1989,8,3,3.3861289024353,-9.09494701772928e-13,1.14343571107474,0,1.13612603615588
1989,8,4,2.57364511489868,0,2.78885726615954,0,1.29259838194359
1989,8,5,7.65448951721191,0,4.64944696672865,0,1.15653541144424
1989,8,6,15.4166164398193,0,10.9511732729407,0,1.83458271176796
1989,8,7,1.67080700397491,0,9.86429542571841,0,1.8617952842412
1989,8,8,0.063640296459198,0,0.701706373242814,0,1.4513386043038
1989,8,9,0.0869172215461731,0,0.0720594884815,0,1.29259838194359
1989,8,10,0.0131877502426505,0,0.0759109740174608,0,1.16560626893532
1989,8,11,0.00194060674402863,0,0.0207599611476326,0,1.08396855151559
1989,8,12,0.847130060195923,0,0.523489085443543,0,1.06355906809409
1989,8,13,0,0,0.158004686630193,0,1.05222044216366
1989,8,14,1.24232149124146,0,0.221080095163416,0,1.0114015834538
1989,8,15,0,0,0.726893638689035,0,1.01366924376
1989,8,16,0.0105665223672986,0,0.00597547519555519,9.09494701772928e-13,0.981921242541216
1989,8,17,0.000808505283202976,0,0.0138053830896752,-9.09494701772928e-13,0.96151175911971
1989,8,18,0.78772497177124,9.09494701772928e-13,0.505289435575833,0,0.925228329155389
1989,8,19,2.83488774299622,-9.09494701772928e-13,1.09255324111473,0,0.925228329155389
1989,8,20,3.41600918769836,0,2.78259167536999,0,0.945637812576895
1989,8,21,1.29377436637878,0,1.76399424279771,0,1.71892911655696
1989,8,22,0.0692875534296036,0,0.920267203546246,0,1.67130706066222
1989,8,23,0.562743127346039,0,0.181938254124361,0,1.31754329411064
1989,8,24,0.175849735736847,0,0.346433459319087,0,1.17694489486574
1989,8,25,0.00704341288655996,0,0.145253323943507,0,1.10664569524329
1989,8,26,0.000385171500965953,0,0.0179150320391273,0,1.0567558709092
1989,8,27,0,0,0.000141089701173769,0,1.00006295752338
1989,8,28,4.23416640842333e-05,0,0.00221873970258457,0,0.918425240103654
1989,8,29,0.207298338413239,0,0.150627472100496,0,0.893480327936608
1989,8,30,1.43247842788696,0,1.17404957789313,0,0.888944899191068
1989,8,31,0,0,0.995869739676891,0,0.848125986414632
1989,9,1,2.17335414886475,0,1.39538341608022,0,0.829984271432471
1989,9,2,4.92762804031372,0,3.68214021848871,0,0.786897644283265
1989,9,3,11.1985778808594,0,8.14341347018944,0,0.811842502383735
1989,9,4,7.15741395950317,0,8.7583130490857,0,0.966047295998401
1989,9,5,0.786204993724823,0,3.57354720688545,0,0.984189010980561
1989,9,6,1.34179258346558,0,1.04398926064459,0,0.913889811358114
1989,9,7,0.0619461759924889,0,1.13185602113845,0,0.893480327936608
1989,9,8,0.0158847365528345,0,0.157274812818287,0,0.861732272651252
1989,9,9,0.00592175452038646,0,0.0139146521923976,0,0.825448842686931
1989,9,10,0.575567603111267,0,0.119249898133603,0,0.800503930519885
1989,9,11,0.37993922829628,0,0.484738324188584,0,0.784629929910495
1989,9,12,1.18496119976044,0,0.692964995304465,0,0.807307073638195
1989,9,13,6.1510272026062,0,3.48701894666465,0,0.868535415769562
1989,9,14,2.39737987518311,0,5.677757903778,0,0.898015756682148
1989,9,15,1.1670686006546,0,2.43555515178468,0,0.843590557669091
1989,9,16,0.0517428442835808,0,0.987337616131299,0,0.825448842686931
1989,9,17,1.69340717792511,0,0.891726173144889,0,0.761952732116219
1989,9,18,3.44135022163391,0,2.52787186350452,0,0.782362215537725
1989,9,19,1.41484093666077,0,2.83377401330563,0,0.832251985805241
1989,9,20,0.822348117828369,0,1.36893553800019,0,0.841322843296321
1989,9,21,18.2765121459961,-9.09494701772928e-13,8.5949298242158,-9.09494701772928e-13,0.859464558278482
1989,9,22,8.91471385955811,9.09494701772928e-13,15.2615213593235,1.81898940354586e-12,1.76201574370617
1989,9,23,0.715379357337952,0,4.15939764792711,-9.09494701772928e-13,1.36970077875092
1989,9,24,3.49501872062683,0,2.54696475255059,0,1.1519999826987
1989,9,25,8.01611042022705,0,5.63990232074775,0,1.07036215714582
1989,9,26,2.36613297462463,0,6.07356945299216,0,1.39464569091797
1989,9,27,2.13457775115967,0,2.33627818541027,0,1.22456695076049
1989,9,28,0.209985688328743,0,1.0840815695783,0,1.13612603615588
1989,9,29,0.0300203301012516,0,0.120165038614687,0,1.09757483775221
1989,9,30,0.570968687534332,0,0.148267810254765,0,1.05448821060301
1989,10,1,3.39908695220947,0,1.97083957806717,0,1.02954329843596
1989,10,2,15.8049745559692,0,7.95778471221911,0,1.10664569524329
1989,10,3,5.1311206817627,0,12.4363704313146,0,1.26085038072481
1989,10,4,0.861685395240784,0,3.36642727306298,0,1.16333860862912
1989,10,5,0.284123748540878,0,0.734030510609955,0,1.09530706931287
1989,10,6,16.4062423706055,0,9.27601865153611,0,1.07716535433071
1989,10,7,18.6349353790283,0,17.9444057913042,0,1.35382672407496
1989,10,8,7.4379448890686,0,11.3412615084544,-9.09494701772928e-13,1.26085038072481
1989,10,9,17.326717376709,0,9.75866973868324,9.09494701772928e-13,1.1497323223925
1989,10,10,2.39316725730896,0.365020800585626,9.47815648059986,0.336545397912232,1.02954329843596
1989,10,11,4.84175443649292,2.02215405109018,1.59530387621999,0.336548253243564,1.07716535433071
1989,10,12,0,1.6569897059444,0.76367656180264,0,0.988724439726101
1989,10,13,0,0,0,9.09494701772928e-13,0.952440901628629
1989,10,14,0.160040751099586,0.0649368996091653,0,-9.09494701772928e-13,0.945637812576895
1989,10,15,0.460599333047867,0.295974394854966,0,0,0.927496097594734
1989,10,16,7.06505060195923,3.75916399770267,0,0,0.922960668849194
1989,10,17,11.4962720870972,3.53252643487303,5.74813419847396,5.45916694299285,0.875338558887872
1989,10,18,7.03418827056885,0,9.26139635533582,7.13455765626986,0.843590557669091
1989,10,19,0.416758596897125,0.208377358819234,3.51712687300187,0,0.805039359265425
1989,10,20,1.24814784526825,0.830787691694241,0,0,0.795968501774345
1989,10,21,8.88850593566895,5.07361291388679,0,0,0.766488214928334
1989,10,22,4.00378704071045,6.45004899734249,0,0,0.748346445879598
1989,10,23,1.7760763168335,2.87336800072171,0,0,0.743811017134058
1989,10,24,2.78329944610596,2.22639252659974,0,0,0.739275588388518
1989,10,25,0.531141221523285,1.61244557941336,0,0,0.730204730897438
1989,10,26,0.408480137586594,0.435085645897743,-9.09494701772928e-13,0,0.725669302151898
1989,10,27,3.91001105308533,2.09347312865702,9.09494701772928e-13,-9.09494701772928e-13,0.723401587779128
1989,10,28,1.644690990448,2.83956839646999,0,9.09494701772928e-13,0.718866159033588
1989,10,29,3.59300017356873,2.52338282581059,0,0,0.712063015915278
1989,10,30,1.06465101242065,2.24608379094934,0,0,0.707527533103162
1989,10,31,3.13527154922485,2.21842944297259,0,0,0.702992104357622
1989,11,1,3.99291491508484,1.56763497029806,1.99645848188084,3.30521509420578,0.680314960629921
1989,11,2,4.46421957015991,0,4.23005457789441,11.8362199911835,0.668976388766071
1989,11,3,1.19545245170593,0,2.84551615383589,16.1888286393323,0.657637816902221
1989,11,4,4.30936622619629,0,2.75133804501729,1.86842654168231,0.655370102529451
1989,11,5,1.4746835231781,0.737342366744997,2.15468134469484,0,0.646299190971795
1989,11,6,6.95737457275391,4.22116390891642,0,0,0.625889761616865
1989,11,7,8.68703269958496,7.79466026607042,0,0,0.607748046634704
1989,11,8,5.47387027740479,7.06229823504509,9.09494701772928e-13,0,0.573732276976578
1989,11,9,5.69940233230591,5.50542693682928,-9.09494701772928e-13,0,0.532913364200141
1989,11,10,0.749883592128754,3.16136059914788,0,0,0.476220450814315
1989,11,11,0.618741512298584,0.677634312019109,0,0,0.421795278834546
1989,11,12,0.275145202875137,0.444547332572256,0,0,0.356031507957639
1989,11,13,0.39694145321846,0.338903921526253,0,0,0.342425194687731
1989,11,14,3.99695706367493,2.16052153929468,0,0,0.337889765942191
1989,11,15,7.04889631271362,5.42363122499228,0,0,0.335622051569421
1989,11,16,2.09605646133423,4.5886044771587,0,0,0.33335433719665
1989,11,17,0.105138950049877,1.22362918711224,0,0,0.337889765942191
1989,11,18,4.0262975692749,1.89844928281036,0,0,0.340157480314961
1989,11,19,3.71164798736572,3.80909941073423,0,-9.09494701772928e-13,0.344692909060501
1989,11,20,9.27165031433105,6.35224863276835,0,9.09494701772928e-13,0.344692909060501
1989,11,21,7.90404748916626,8.62683207764349,0,0,0.344692909060501
1989,11,22,4.52894353866577,6.43396097048662,-9.09494701772928e-13,0,0.342425194687731
1989,11,23,13.4545335769653,8.93341234382933,9.09494701772928e-13,0,0.349228337806041
1989,11,24,3.43846917152405,8.56707984161949,0,0,0.351496052178811
1989,11,25,0.869409143924713,1.92419649615385,0,0,0.346960623433271
1989,11,26,3.42139267921448,1.89223235332611,0,-9.09494701772928e-13,0.342425194687731
1989,11,27,5.31969785690308,4.25250911725288,0,9.09494701772928e-13,0.340157480314961
1989,11,28,8.89936923980713,6.77676350958063,0,0,0.340157480314961
1989,11,29,4.73852300643921,6.9239634173,0,0,0.340157480314961
1989,11,30,1.71054410934448,3.62435773445395,0,0,0.340157480314961
1989,12,1,12.4219722747803,7.31789096664852,0,0,0.344692909060501
1989,12,2,4.02300262451172,7.72350990536688,0,9.09494701772928e-13,0.346960623433271
1989,12,3,5.45028924942017,4.28060114187429,0,-9.09494701772928e-13,0.349228337806041
1989,12,4,6.87223434448242,5.79593099182785,0,0,0.346960623433271
1989,12,5,4.02338933944702,5.27714862259018,0,0,0.344692909060501
1989,12,6,0.00637377332895994,2.4653486539637,0,0,0.342425194687731
1989,12,7,2.03950595855713,0.668669256558133,0,0,0.340157480314961
1989,12,8,1.13845038414001,1.64208654234517,0,0,0.337889765942191
1989,12,9,0.469487071037293,0.957342750283715,0,0,0.33335433719665
1989,12,10,2.64373207092285,1.08195145933496,0,-9.09494701772928e-13,0.33335433719665
1989,12,11,1.88118231296539,2.33760423877538,0,9.09494701772928e-13,0.33335433719665
1989,12,12,8.37333297729492,4.62780393488902,0,0,0.33335433719665
1989,12,13,11.3286752700806,4.18666752472018,5.66433623330067,2.64283520877325,0.33335433719665
1989,12,14,4.13607597351074,2.06511752456572,5.67233675497755,2.64656804868446,0.33335433719665
1989,12,15,0.252800643444061,1.98643022963552,0,0,0.33335433719665
1989,12,16,0.30877012014389,0.262928904552609,0,0,0.33108662282388
1989,12,17,8.24160671234131,4.40598369853433,0,0,0.324283452672283
1989,12,18,17.8110466003418,12.5384729313901,0,0,0.317480309553972
1989,12,19,0.783122956752777,9.78220882419464,0,9.09494701772928e-13,0.315212595181202
1989,12,20,4.31859111785889,1.83507172426835,0,-9.09494701772928e-13,0.312944880808432
1989,12,21,6.025315284729,5.16229725184257,0,0,0.315212595181202
1989,12,22,2.48770070075989,3.9400661130303,0,0,0.317480309553972
1989,12,23,7.42645597457886,4.74003975938012,0,0,0.317480309553972
1989,12,24,4.99954414367676,3.71322717639032,2.49977261774075,5.63441975379192,0.319748023926742
1989,12,25,2.3998486995697,0,3.65527826686684,13.7039551404305,0.319748023926742
1989,12,26,4.51330137252808,0,3.44847330419088,13.4824520207039,0.322015738299513
1989,12,27,1.71071445941925,0.853509038288394,2.26152668695158,5.48592437789012,0.324283452672283
1989,12,28,1.64316165447235,1.67661689757824,0,0,0.322015738299513
1989,12,29,3.10630059242249,2.37783018899336,0,0,0.319748023926742
1989,12,30,10.3861064910889,6.40625440802342,0,0,0.317480309553972
1989,12,31,12.423810005188,10.9129185468482,0,0,0.315212595181202
1990,1,1,5.30410861968994,9.70946343421747,0,0,0.312944880808432
1990,1,2,2.57714009284973,4.72598518343966,0,0,0.310677166435662
1990,1,3,0.859883666038513,2.26426334198459,0,0,0.308409452062892
1990,1,4,4.54087448120117,2.99945873831894,0,0,0.306141737690122
1990,1,5,3.27235245704651,3.6683146232026,0,0,0.303874023317352
1990,1,6,0.371316343545914,1.44912616233523,-9.09494701772928e-13,0,0.299338594571812
1990,1,7,3.48797917366028,2.69268573267527,9.09494701772928e-13,0,0.294803138792984
1990,1,8,2.57342791557312,2.8165108284793,0,0,0.290267710047444
1990,1,9,1.4978004693985,1.96570190361672,0,0,0.287999995674674
1990,1,10,2.67116570472717,1.93906646576215,0,0,0.285732281301904
1990,1,11,0.786623775959015,2.24129707349221,0,0,0.283464566929134
1990,1,12,0.854970574378967,0.929719341924283,0,0,0.283464566929134
1990,1,13,3.80221128463745,1.62390573819266,0,0,0.283464566929134
1990,1,14,2.83809661865234,3.51956313226492,0,0,0.283464566929134
1990,1,15,0.233512967824936,2.47596320004868,0,0,0.283464566929134
1990,1,16,0.10121862590313,0.356991262271549,0,0,0.283464566929134
1990,1,17,0.891635239124298,0.270495152068179,0,0,0.281196852556364
1990,1,18,4.10003709793091,2.64076553151881,0,0,0.278929138183594
1990,1,19,6.02588510513306,5.41099308543926,0,0,0.276661423810824
1990,1,20,1.38192760944366,2.66305935902255,0,0,0.274393709438054
1990,1,21,2.33050990104675,2.13445460373168,0,0,0.272125995065284
1990,1,22,1.76213157176971,1.95914117632037,0,0,0.269858280692514
1990,1,23,2.09820580482483,1.90560175140672,0,0,0.267590539286456
1990,1,24,0.143115967512131,1.7083397116603,0,0,0.265322824913686
1990,1,25,6.79602235322818e-05,0.200488413184758,0,0,0.263055110540916
1990,1,26,0.403849095106125,0.0737883394913297,0,0,0.260787396168146
1990,1,27,0.715745031833649,0.517722914044498,0,0,0.258519681795376
1990,1,28,0.170847147703171,0.557025588065699,0,0,0.256251967422605
1990,1,29,0,0.163475875107906,0,0,0.253984253049835
1990,1,30,0,0.0201084269065177,0,0,0.251716538677065
1990,1,31,0,0.00272402889913792,0,0,0.249448824304295
1990,2,1,0.270403653383255,0.170859756216487,0,0,0.247181109931525
1990,2,2,1.44490003585815,0.669557252107552,0,0,0.244913395558755
1990,2,3,4.00735282897949,1.92638331194394,0,0,0.244913395558755
1990,2,4,5.16876888275147,4.43573081314025,0,0,0.242645681185985
1990,2,5,4.54100704193115,4.852494449593,0,0,0.240377939779927
1990,2,6,5.02155685424805,4.68138819722753,0,0,0.238110225407157
1990,2,7,1.81575214862823,2.96299694575191,0,0,0.235842511034387
1990,2,8,1.18679523468018,1.36596364798424,0,0,0.235842511034387
1990,2,9,2.20021367073059,1.69726112174885,0,0,0.233574796661617
1990,2,10,3.4976909160614,2.61432585405964,0,0,0.231307082288847
1990,2,11,2.25431537628174,3.24843920121202,0,0,0.229039367916077
1990,2,12,0.0760118514299393,1.28712362613715,0,0,0.226771653543307
1990,2,13,3.26631593704224,2.18206917900352,0,0,0.226771653543307
1990,2,14,0.728282570838928,1.85690977025843,0,0,0.224503939170537
1990,2,15,0.0512213669717312,0.479686776713606,0,0,0.222236224797767
1990,2,16,0.491886734962463,0.142429685129173,0,0,0.219968510424997
1990,2,17,8.44388103485107,4.27689220900538,0,0,0.217700782535583
1990,2,18,19.6500186920166,13.4308321168974,0,0,0.217700782535583
1990,2,19,7.43187808990479,12.4487647895467,0,0,0.215433068162813
1990,2,20,5.07948112487793,6.49881255842502,0,0,0.213165353790043
1990,2,21,4.22571182250977,4.88990744983948,0,0,0.213165353790043
1990,2,22,1.18696427345276,2.55066037122651,0,0,0.210897639417273
1990,2,23,3.12300062179565,2.48899297996013,0,0,0.210897639417273
1990,2,24,3.11626815795898,3.119696660312,0,0,0.208629925044503
1990,2,25,2.26729297637939,2.54834339756599,0,0,0.208629925044503
1990,2,26,10.8919534683228,5.18154838939336,0,0,0.208629925044503
1990,2,27,9.7123966217041,10.0494609869966,0,0,0.206362210671733
1990,2,28,0.615156471729279,6.44063391668078,-9.09494701772928e-13,0,0.206362210671733
1990,3,1,0.00714516965672374,0.16681553012495,9.09494701772928e-13,0,0.204094482782319
1990,3,2,0.01513915322721,0.0123883777359879,0,0,0.201826768409549
1990,3,3,0.690122961997986,0.0980636189360666,0.254566217621687,0.452536610064271,0.201826768409549
1990,3,4,3.73193359375,0.0904619855991768,2.12111010032186,7.26647836629127,0.199559054036779
1990,3,5,5.8570990562439,0,4.79245356711454,8.51309567065437,0.199559054036779
1990,3,6,5.22971677780151,2.59915250111499,2.94613957065121,1.70164942252359,0.199559054036779
1990,3,7,0.117694146931171,2.67302744773497,0,0,0.197291339664009
1990,3,8,0.0194774884730577,0.0561846330847402,0,0,0.197291339664009
1990,3,9,0.157971724867821,0.046946290401138,0,0,0.195023625291239
1990,3,10,0.00394528871402144,0.17334293328986,-9.09494701772928e-13,0,0.195023625291239
1990,3,11,4.1877555847168,3.14887599560643,9.09494701772928e-13,0,0.195023625291239
1990,3,12,6.68694067001343,5.46772315726139,0,0,0.192755910918469
1990,3,13,1.88989007472992,4.55071843404858,0,0,0.192755910918469
1990,3,14,1.91809618473053,1.9021310643293,0,0,0.190488183029055
1990,3,15,0.62454628944397,1.21831157298311,0,0,0.190488183029055
1990,3,16,0.000853432051371783,0.459789880108474,0,0,0.190488183029055
1990,3,17,3.4069607257843,2.04422325460837,0,0,0.188220468656285
1990,3,18,3.53952383995056,3.49499614490924,0,9.09494701772928e-13,0.188220468656285
1990,3,19,0.713347911834717,2.81383038682361,0,-9.09494701772928e-13,0.185952754283515
1990,3,20,0,0.731623970835244,0,0,0.185952754283515
1990,3,21,0.319791793823242,0.207275305837356,0,0,0.185952754283515
1990,3,22,0,0.25774618131527,0,0,0.183685039910745
1990,3,23,0,0.0227346936580943,0,0,0.183685039910745
1990,3,24,0,0.00783882420455484,0,0,0.181417325537974
1990,3,25,0.188644841313362,0.144234415839492,0,0,0.181417325537974
1990,3,26,0.553628146648407,0.18339023385488,0.187745105875365,0.291269906892921,0.181417325537974
1990,3,27,1.35343658924103,0.220678119858349,0.732034210253005,0.926427083684757,0.181417325537974
1990,3,28,3.91399908065796,0.131745484115527,2.50150837170895,5.83499450418549,0.181417325537974
1990,3,29,0.460109502077103,0,1.99626973161594,11.93462934729,0.181417325537974
1990,3,30,0.403970092535019,0.199968161338802,0.23235192089669,6.64704365042508,0.181417325537974
1990,3,31,0.0526181235909462,0.243215485184919,0,0,0.181417325537974
1990,4,1,0.641634404659271,0.34723788833071,0,0,0.183685039910745
1990,4,2,0.0585980489850044,0.356978229210654,-9.09494701772928e-13,0,0.185952754283515
1990,4,3,0.556703329086304,0.262850740738941,9.09494701772928e-13,0,0.190488183029055
1990,4,4,2.03098320960999,0.830220257196743,0,0,0.194570074306698
1990,4,5,1.32472050189972,1.55908072403872,0,0,0.199559054036779
1990,4,6,0.00193877890706062,0.747661049548697,0,0,0.204094482782319
1990,4,7,0.015079471282661,0.0082597586861084,0,0,0.208629925044503
1990,4,8,0.00454919459298253,0.00912046154189738,0,0,0.213165353790043
1990,4,9,0.000401479861466214,0.00150077789021452,0,0,0.222236224797767
1990,4,10,0.00112179410643876,0.00114643829692795,0,0,0.226771653543307
1990,4,11,0.00643911119550467,0.00506639907507633,0,0,0.231307082288847
1990,4,12,0.0170444138348103,0.00321955796698603,0.00852220064371068,2.10524361059652,0.238110225407157
1990,4,13,9.55088689806871e-05,3.01870950352168e-05,0.00855169682745327,2.10820699551005,0.240377939779927
1990,4,14,0.00270554702728987,0.00134354013516713,4.86097824250464e-05,0,0.242645681185985
1990,4,15,0.000594456389080733,0.00132187833060016,0.000328344938679948,2.25808396900902,0.244913395558755
1990,4,16,0.980540990829468,0,0.489231982696765,7.13610547875123,0.247181109931525
1990,4,17,2.69352865219116,0,1.82744353012367,11.9686030742178,0.249448824304295
1990,4,18,0.0562946163117886,0,1.42715336277524,18.0789380544102,0.253984253049835
1990,4,19,0.535324931144714,0,0.253200045478479,23.018214668452,0.260787396168146
1990,4,20,1.61475932598114,0,1.06156742954045,20.2814114339008,0.269858280692514
1990,4,21,1.67478907108307,0,1.66443216214793,15.4716983773633,0.283464566929134
1990,4,22,0.988361716270447,0,1.27775368874609,14.0194497414286,0.297070853165754
1990,4,23,0.35123997926712,0,0.707766850052394,10.6852334526584,0.310677166435662
1990,4,24,2.59282398223877,0,1.56135445032578,11.7411636610841,0.342425194687731
1990,4,25,0.584825992584229,0,2.1801861545373,15.2436282962854,0.385511821836937
1990,4,26,0.20371188223362,0,0.424422426944147,16.3260849511398,0.392314964955247
1990,4,27,0.00325967534445226,0,0.0978424271006588,20.2297094600253,0.369637794194259
1990,4,28,4.3038457079092e-05,0,0.00146864093858312,23.2819163423874,0.437669279443936
1990,4,29,0.000389671622542664,0,0.000240713275161397,22.4156213822089,0.505700791726901
1990,4,30,0,0,0.000158347645992762,20.2331853302703,0.535181078572912
1990,5,1,0.0043518953025341,0,0.00226561332601705,22.0459290416347,0.541984275757797
1990,5,2,0.0373588800430298,0,0.0221799037890378,22.6176700903889,0.48529136237197
1990,5,3,2.60698676109314,0,0.812126076330969,20.2457272972433,0.460346450204924
1990,5,4,4.08889436721802,0,3.26891871331372,21.732717457824,0.478488165187085
1990,5,5,2.19703912734985,0,3.14314465430562,18.8535996445462,0.498897648608591
1990,5,6,0.839332103729248,0,1.51818382776492,22.5642822355167,0.507968506099671
1990,5,7,0.886117517948151,0,0.8627221965844,29.1517105479497,0.514771649217981
1990,5,8,0.698108911514282,0,0.792325011940193,33.3195495134733,0.580535420094888
1990,5,9,0.660121977329254,0,0.678296157132536,41.8390899389942,0.755149588997909
1990,5,10,0.013178450986743,0,0.334538997408345,0,0.986456671286756
1990,5,11,0.00322137260809541,0,0.0084164241243343,-9.09494701772928e-13,1.10891335554949
1990,5,12,0.01373624894768,0,0.00852372147892311,9.09494701772928e-13,1.15426775113804
1990,5,13,0.922398507595062,0,0.290361167201809,0,1.29940157912848
1990,5,14,1.38072609901428,-9.09494701772928e-13,1.22605945196301,-9.09494701772928e-13,1.48762203426812
1990,5,15,1.27122867107391,9.09494701772928e-13,1.32597800262374,9.09494701772928e-13,1.61688191571574
1990,5,16,0,0,0.635268394501509,-9.09494701772928e-13,2.02960625595934
1990,5,17,0.287640690803528,-9.09494701772928e-13,0.120848607074549,9.09494701772928e-13,2.51716544083723
1990,5,18,0.0419828407466412,9.09494701772928e-13,0.108853015552086,0,2.72125984251969
1990,5,19,0,0,0.0350078621750072,0,2.87999995674674
1990,5,20,0,0,0.00376600991603482,0,3.15212589774545
1990,5,21,1.08823668956757,0,0.180798332250561,0,2.92535424420214
1990,5,22,5.8358211517334,0,1.84775821126277,0,2.47181093711553
1990,5,23,2.25274610519409,0,4.30729885589426,0,1.97971643162525
1990,5,24,0.08811154961586,-9.09494701772928e-13,1.11406952702146,0,1.73026774248739
1990,5,25,0.0549233481287956,9.09494701772928e-13,0.0713550164709886,0,1.71666145625077
1990,5,26,0.539939522743225,0,0.335205603275426,0,2.26091344638134
1990,5,27,0.469582229852676,0,0.500775266566961,0,4.12724426750123
1990,5,28,0.927382588386536,0,0.751506612503363,0,5.03433088167446
1990,5,29,6.06490993499756,-9.09494701772928e-13,3.90360200529358,0,5.44251968503937
1990,5,30,7.26092720031738,9.09494701772928e-13,7.03547047808297,0,5.78267716535433
1990,5,31,12.5026607513428,0,11.0592995752322,0,6.12283464566929
1990,6,1,6.13902139663696,0,10.9687062403964,0,6.55370070089505
1990,6,2,0.6279217004776,0,3.52487139892946,0,5.89606299212599
1990,6,3,0.90266090631485,0,0.734432613697209,0,5.21574803149606
1990,6,4,0.12455739825964,0,0.567296176349373,0,4.76220472440945
1990,6,5,1.47683370113373,9.09494701772928e-13,0.949546288709826,9.09494701772928e-13,4.85291329932025
1990,6,6,3.02709865570068,-9.09494701772928e-13,2.55222731116101,-9.09494701772928e-13,4.92094505490281
1990,6,7,1.47672700881958,0,1.59431355951347,0,4.6941734013595
1990,6,8,0.0084889829158783,0,0.306979529130331,0,3.99118118886873
1990,6,9,0.6513392329216,0,0.529169797987379,0,3.33354326383335
1990,6,10,0.46246075630188,0,0.460823010266722,0,2.81196841743049
1990,6,11,0.110141038894653,0,0.178414855289702,0,2.74393709438054
1990,6,12,0.227976009249687,0,0.208768616680572,0,2.78929138183594
1990,6,13,0,0,0.184907894603384,0,3.28818897637795
1990,6,14,1.72787952423096,0,0.343346624702463,0,3.35622051569421
1990,6,15,2.36773037910461,0,1.80699775777975,0,2.99338578351839
1990,6,16,1.71358120441437,0,2.0179905497198,0,2.33574807474932
1990,6,17,1.22539949417114,0,1.45285474507909,0,1.92302351823942
1990,6,18,1.32199037075043,0,1.27644184429118,0,1.98425196850394
1990,6,19,0.403622210025787,0,0.834267392225229,0,2.13165345680057
1990,6,20,5.13628721237183,0,2.93187404707533,0,2.22236224797767
1990,6,21,5.21378231048584,0,5.3875927162062,0,2.10897642120602
1990,6,22,7.21219062805176,0,6.90367535656333,0,1.99559059443436
1990,6,23,4.96894073486328,0,6.66832969519965,0,2.13165345680057
1990,6,24,8.85606479644775,0,6.81940149771071,0,2.60787401574803
1990,6,25,2.32473754882813,-9.09494701772928e-13,6.52089576881554,0,2.99338578351839
1990,6,26,6.98609399795532,9.09494701772928e-13,3.85310416320135,0,2.97070874792384
1990,6,27,3.38071155548096,0,6.31635970233583,0,2.94803149606299
1990,6,28,0.486614286899567,0,2.35446336112909,0,3.1294488621509
1990,6,29,0.7631955742836,0,0.630057692719674,0,3.53763788178211
1990,6,30,1.33167886734009,0,1.0577888583357,0,3.2655117245171
1990,7,1,1.15905749797821,0,1.31397012653179,0,3.37889755128876
1990,7,2,3.39966750144959,0,2.83763778712455,0,3.06141732283465
1990,7,3,2.48317360877991,0,3.17494742279087,0,2.99338578351839
1990,7,4,2.30154371261597,0,2.46296076659201,0,3.06141732283465
1990,7,5,2.06652855873108,0,2.18998673131046,0,2.72125984251969
1990,7,6,0.732263922691345,0,1.43280028675599,0,2.40377961406558
1990,7,7,0.446291625499725,0,0.596848125188444,0,2.35842511034387
1990,7,8,1.07881033420563,0,0.746842699968511,0,2.33574807474932
1990,7,9,6.13463830947876,0,3.96760194362196,9.09494701772928e-13,2.1634015661525
1990,7,10,4.89329051971436,0,5.94644009918102,-9.09494701772928e-13,2.13165345680057
1990,7,11,5.25888013839722,0,5.11812349449883,0,1.91395266074834
1990,7,12,1.82024276256561,0,3.17521327038412,0,1.6577007744256
1990,7,13,0.453907310962677,0,1.62898651472551,0,1.53297642985667
1990,7,14,1.07270109653473,-9.09494701772928e-13,0.7805235361011,-9.09494701772928e-13,1.4966928917592
1990,7,15,1.92837727069855,9.09494701772928e-13,1.53761872978703,9.09494701772928e-13,1.40598420871524
1990,7,16,1.31684398651123,0,1.58283266619219,0,1.31754329411064
1990,7,17,3.06615209579468,0,2.38902921201588,0,1.29713381068913
1990,7,18,3.46780753135681,0,3.29253426137529,0,1.52844089297798
1990,7,19,0.73092645406723,0,1.78750860178661,0,1.59420477198804
1990,7,20,0.000141901662573218,0,0.180116206503044,0,1.46948031928596
1990,7,21,0,0,2.47956459134002e-05,0,1.34929129532942
1990,7,22,0,0,0,0,1.20415746733898
1990,7,23,0.010218502022326,0,0.00139772948205064,0,1.14066146490142
1990,7,24,0.00107635266613215,0,0.00765879925074842,0,1.1497323223925
1990,7,25,0.0218343231827021,0,0.00587790580175351,0,1.11118112398883
1990,7,26,0.599445104598999,0,0.218856688724372,0,1.08396855151559
1990,7,27,0.601591289043427,0,0.616139998509425,0,1.00686615470826
1990,7,28,6.18702125549316,0,4.08158426511636,0,0.963779527559055
1990,7,29,9.90215301513672,0,6.89359606567814,0,0.963779527559055
1990,7,30,9.41521453857422,0,9.41239777279407,0,1.22456695076049
1990,7,31,1.54661321640015,0,7.70426987908559,0,1.58740157480315
1990,8,1,0,0,1.41241482064561,0,1.22456695076049
1990,8,2,0.488251775503159,0,0.356249856041359,0,0.997795297217181
1990,8,3,6.9394121170044,0,3.18810176302486,0,0.884409470445528
1990,8,4,4.57045936584473,0,6.24904058503762,0,0.952440901628629
1990,8,5,3.70587754249573,0,4.0967486572381,0,1.04314958467258
1990,8,6,0.598643720149994,0,2.31868678033879,0,0.997795297217181
1990,8,7,1.58591496944428,0,0.877279696839651,0,0.952440901628629
1990,8,8,4.15015649795532,0,3.09611049235264,0,0.918425240103654
1990,8,9,6.10137557983398,0,5.24771542876169,0,0.977385813795675
1990,8,10,5.55351066589356,0,5.94443680361383,0,0.995527528777836
1990,8,11,0.560198068618774,0,2.62786593744295,0,0.984189010980561
1990,8,12,0.00339385564438999,0,0.233300182232597,0,0.909354382612574
1990,8,13,0,0,0.00271039986728283,0,0.884409470445528
1990,8,14,0.065621055662632,0,0.0136337500425725,0,0.832251985805241
1990,8,15,0.107749536633492,0,0.0718119622224549,0,0.802771644892655
1990,8,16,0,0,0.0732728621942442,0,0.755149588997909
1990,8,17,0.154944941401482,0,0.0504278179059838,0,0.714330730288048
1990,8,18,3.3296058177948,0,1.13456125896482,0,0.702992104357622
1990,8,19,6.87492322921753,0,4.96312935069182,0,1.03861415592704
1990,8,20,7.82581567764282,0,7.02110755875492,0,1.33114958034726
1990,8,21,9.35952854156494,0,8.0200128709821,0,1.04088192436639
1990,8,22,1.54252803325653,0,5.7449145601995,0,1.15426775113804
1990,8,23,0.16303987801075,0,1.17713981475026,0,1.09984249805841
1990,8,24,4.57871818542481,0,2.62735042105851,0,0.968314956304595
1990,8,25,2.56890249252319,0,3.57000094779778,0,1.04314958467258
1990,8,26,1.18999314308167,0,2.18033706454844,0,1.00459838626892
1990,8,27,1.25720238685608,0,1.59433845636249,0,0.952440901628629
1990,8,28,8.26933002471924,0,6.86375488000704,0,0.868535415769562
1990,8,29,0,0,2.18142023012661,0,0.825448842686931
1990,8,30,0.878794193267822,0,0.604424422567718,0,0.784629929910495
1990,8,31,0.0451725274324417,0,0.516659824087583,0,0.764220446488989
1990,9,1,1.66214537620544,0,0.395352346373329,0,0.718866159033588
1990,9,2,0.481704443693161,0,0.933981574166864,0,0.712063015915278
1990,9,3,5.91135835647583,0,2.57652354215406,0,0.705259818730392
1990,9,4,6.38255882263184,0,5.97966442862617,0,0.868535415769562
1990,9,5,0.882923722267151,0,4.51765398268617,0,1.01366924376
1990,9,6,2.28769993782043,0,1.18358653879204,0,0.868535415769562
1990,9,7,0.0812109112739563,0,1.05741356979706,0,0.807307073638195
1990,9,8,0.106538653373718,9.09494701772928e-13,0.0941055754483386,0,0.777826786792184
1990,9,9,2.44959235191345,-9.09494701772928e-13,0.453297156728695,0,0.727937016524668
1990,9,10,0.985792338848114,0,1.59500126056082,0,0.732472445270208
1990,9,11,4.78154277801514,0,2.2485720231025,0,0.675779531884381
1990,9,12,2.65011072158814,0,4.32941297643629,0,0.655370102529451
1990,9,13,1.42470705509186,0,2.24795367329625,0,0.707527533103162
1990,9,14,3.45371174812317,0,2.24205226710092,0,0.714330730288048
1990,9,15,3.73245096206665,0,3.50127946626981,0,0.827716557059701
1990,9,16,0.684755921363831,0,2.37082013413601,0,0.746078731506828
1990,9,17,5.09974527359009,0,2.26531347074069,0,0.705259818730392
1990,9,18,4.17720651626587,0,4.85491105980873,0,0.725669302151898
1990,9,19,0.961994349956512,0,2.70725150876024,0,0.755149588997909
1990,9,20,0.62750381231308,0,0.811714535496321,0,0.698456675612082
1990,9,21,6.66018009185791,0,2.2542690880282,0,0.966047295998401
1990,9,22,11.889422416687,0,7.61326960414863,0,1.34475586658388
1990,9,23,21.6733875274658,0,16.8385533923847,0,1.29486615038294
1990,9,24,12.1727132797241,0,19.4425588559425,0,1.38330706498754
1990,9,25,2.85344576835632,0,8.90228717356786,0,1.59420477198804
1990,9,26,0.0929713547229767,0,1.72478030634466,0,1.15653541144424
1990,9,27,9.21093463897705,-9.09494701772928e-13,3.32956034444396,0,1.01593701219934
1990,9,28,9.68830394744873,9.09494701772928e-13,9.3985969125315,0,1.0340787271815
1990,9,29,14.2711067199707,0,12.7751295860771,0,1.19055118110236
1990,9,30,11.2737474441528,0,12.3985454554559,0,1.07036215714582
1990,10,1,0.81792950630188,0,6.26412655129116,0,0.975118153489481
1990,10,2,2.90307974815369,0,1.89036013760415,0,0.936566955085814
1990,10,3,1.64112532138824,0,2.48456300510952,0,0.886677184818298
1990,10,4,0.1114856377244,0.047175143993627,0.850903249225667,0,0.793700787401575
1990,10,5,0.716727077960968,0.405701617791237,0.00856063459195866,0,0.714330730288048
1990,10,6,0.0549736581742764,0.389039737419807,0,0,0.662173245647761
1990,10,7,9.77011489868164,0.0274868350252291,4.88505639403411,0.886529479823366,0.625889761616865
1990,10,8,8.68920040130615,0,9.33930265657273,-9.09494701772928e-13,0.607748046634704
1990,10,9,0.0399431921541691,0,5.6756727323309,9.09494701772928e-13,0.591873991958738
1990,10,10,1.29844725131989,0.649219820765211,0.0257319759757593,0,0.578267705722118
1990,10,11,2.49399042129517,0.64922406509595,1.24699436660285,1.29844529468483,0.571464562603808
1990,10,12,7.9131760597229,9.09494701772928e-13,5.20357296584916,0,0.562393705112728
1990,10,13,3.81751322746277,0.114256978084086,5.75223573381209,0.114256978084995,0.551055133248877
1990,10,14,0.321609407663345,0.275125784327429,1.79443511946829,0.114321042429765,0.528377935454602
1990,10,15,7.28432989120483,3.8033078126291,0,0,0.519307077963521
1990,10,16,4.5309271812439,5.92611832678995,0,0,0.498897648608591
1990,10,17,2.52025842666626,3.548289482158,0,0,0.471685022068775
1990,10,18,0.644546568393707,1.63163327885741,0,0,0.444472449595534
1990,10,19,2.57279109954834,1.5826687668914,0,0,0.433133850698396
1990,10,20,10.7988424301147,4.81782419733645,1.86798476120657,0,0.430866136325626
1990,10,21,9.41354656219482,3.53645357140431,6.57072566716397,2.32540674524626,0.439937020849994
1990,10,22,4.83441066741943,2.40927361375907,4.72221789682499,2.33635885875628,0.444472449595534
1990,10,23,9.50719356536865,7.05940678122806,0,0,0.442204735222764
1990,10,24,14.9866847991943,12.1680949543461,0,0,0.428598421952856
1990,10,25,1.22871601581573,8.10228286248821,0,0,0.410456679937408
1990,10,26,11.7139186859131,6.21939787608153,0,0,0.392314964955247
1990,10,27,6.07360601425171,9.14533364384715,0,0,0.385511821836937
1990,10,28,1.16237878799438,3.66001229609083,0.173989441870617,0,0.383244107464167
1990,10,29,0.0558757409453392,0.243806251128262,0.0850871962147721,0,0.378708651685339
1990,10,30,0.479088336229324,0.396418287952656,0,0,0.374173222939799
1990,10,31,2.58388304710388,1.30026446116062,0,0,0.367370079821489
1990,11,1,0.0721825435757637,1.66687225937039,9.09494701772928e-13,0,0.362834651075949
1990,11,2,0,0.0597251880508338,-9.09494701772928e-13,0,0.353763766551581
1990,11,3,0.00932311080396175,0.00993469466811803,0,0,0.344692909060501
1990,11,4,0.00420768093317747,0.00559020324453741,0,0,0.340157480314961
1990,11,5,3.28646230697632,1.36468621387667,0,0,0.337889765942191
1990,11,6,7.51750421524048,5.18470325077851,0,0,0.337889765942191
1990,11,7,5.8235068321228,7.08818037545734,0,-9.09494701772928e-13,0.337889765942191
1990,11,8,2.76799488067627,4.48129107398017,-9.09494701772928e-13,9.09494701772928e-13,0.337889765942191
1990,11,9,0.0337283834815025,1.36422916107767,9.09494701772928e-13,0,0.335622051569421
1990,11,10,0,0.0263459698635415,0,0,0.324283452672283
1990,11,11,0.315930396318436,0.139695598524668,0,0,0.317480309553972
1990,11,12,3.46037936210632,1.52368778661639,-9.09494701772928e-13,-9.09494701772928e-13,0.312944880808432
1990,11,13,0,1.77917750753295,9.09494701772928e-13,9.09494701772928e-13,0.306141737690122
1990,11,14,10.2529516220093,5.22559869972611,0,0,0.299338594571812
1990,11,15,6.40760278701782,7.94609442074398,0,0,0.294803138792984
1990,11,16,2.58505868911743,4.82480493071671,0,0,0.292535424420214
1990,11,17,2.2422034740448,2.50908168489423,0,0,0.290267710047444
1990,11,18,3.4937117099762,2.95991961505843,0,0,0.287999995674674
1990,11,19,0.726608991622925,2.52670653257155,9.09494701772928e-13,0,0.285732281301904
1990,11,20,0.800828874111176,0.77848937102317,-9.09494701772928e-13,0,0.283464566929134
1990,11,21,0.270343810319901,0.528481440884207,0,0,0.281196852556364
1990,11,22,0,0.180892933532959,0,0,0.278929138183594
1990,11,23,0.901429414749146,0.154236301637866,0,0,0.276661423810824
1990,11,24,0.148714929819107,0.462111348445433,0,0,0.274393709438054
1990,11,25,5.71370458602905,2.40111069776594,0,0,0.274393709438054
1990,11,26,0.377969086170197,3.46359497230242,0,0,0.274393709438054
1990,11,27,17.0194091796875,8.96906181225313,0,0,0.272125995065284
1990,11,28,9.35134029388428,13.6022825052642,0,0,0.272125995065284
1990,11,29,0.226710543036461,5.31666582817252,0,0,0.269858280692514
1990,11,30,1.30547547340393,0.803887046703494,0,0,0.267590539286456
1990,12,1,0.455350279808044,1.00863488099003,0,0,0.265322824913686
1990,12,2,12.6514310836792,6.05473813860772,9.09494701772928e-13,9.09494701772928e-13,0.265322824913686
1990,12,3,3.80474615097046,7.65068632941075,-9.09494701772928e-13,-9.09494701772928e-13,0.263055110540916
1990,12,4,7.60365152359009,5.37665637024293,-9.09494701772928e-13,0,0.263055110540916
1990,12,5,10.2734203338623,8.35792596016836,9.09494701772928e-13,0,0.260787396168146
1990,12,6,10.2611513137817,10.268587868296,0,0,0.260787396168146
1990,12,7,6.46222257614136,7.74830939449112,0,0,0.258519681795376
1990,12,8,3.30905246734619,5.63353606362671,0,0,0.258519681795376
1990,12,9,2.81495118141174,3.1205070095175,0,0,0.256251967422605
1990,12,10,0.88782662153244,2.41657399306587,0,0,0.256251967422605
1990,12,11,2.20412707328796,1.72734291635334,0,0,0.256251967422605
1990,12,12,7.17997264862061,4.24758137604294,0,0,0.253984253049835
1990,12,13,3.56768584251404,6.1121878938693,0,0,0.251716538677065
1990,12,14,0.85479724407196,2.03618668630679,0,0,0.249448824304295
1990,12,15,3.80426096916199,3.02131978739999,0,0,0.249448824304295
1990,12,16,4.76984977722168,4.4983385023279,0,-9.09494701772928e-13,0.247181109931525
1990,12,17,0.452548861503601,3.34545099564548,0,9.09494701772928e-13,0.244913395558755
1990,12,18,0.103445693850517,0.274419755191047,0,-9.09494701772928e-13,0.242645681185985
1990,12,19,0.0736153423786163,0.0947024143470117,0,9.09494701772928e-13,0.240377939779927
1990,12,20,0.0960216820240021,0.0932068344900472,0,0,0.240377939779927
1990,12,21,0.590988278388977,0.425223502997142,0,0,0.238110225407157
1990,12,22,0.889774322509766,0.641415730739027,0,0,0.238110225407157
1990,12,23,2.48968005180359,1.56566320100774,0,0,0.235842511034387
1990,12,24,2.06765246391296,2.27882791939646,0,0,0.233574796661617
1990,12,25,5.74691343307495,3.78157681030098,0,0,0.231307082288847
1990,12,26,2.84692215919495,3.60951926238431,-9.09494701772928e-13,0,0.229039367916077
1990,12,27,0.479698687791824,1.07893265840357,9.09494701772928e-13,9.09494701772928e-13,0.226771653543307
1990,12,28,7.47942590713501,3.23015546498209,0,-9.09494701772928e-13,0.224503939170537
1990,12,29,4.70454072952271,6.90969485945789,0,0,0.222236224797767
1990,12,30,0.786453664302826,3.34236241488634,0,0,0.219968510424997
1990,12,31,0.016530979424715,0.418671706816895,0,0,0.217700782535583
1991,1,1,0.0388750433921814,0.0232889268836516,0,0,0.215433068162813
1991,1,2,0,0.0226395148574738,0,0,0.213165353790043
1991,1,3,0.00968151167035103,0.00519350646391104,0,0,0.210897639417273
1991,1,4,3.60734418336506e-07,0.00448125682760292,0,0,0.208629925044503
1991,1,5,0,1.66965037351474e-07,0,0,0.206362210671733
1991,1,6,0,3.88590706279501e-07,0,0,0.202960625595934
1991,1,7,0.000541927758604288,0.000837434774439316,0,0,0.200012605021319
1991,1,8,0.762462735176086,0.409809606599083,0,0,0.197744877131905
1991,1,9,0,0.589458925077452,0,0,0.195477162759135
1991,1,10,0.846595525741577,0.519906513584829,0,0,0.194570074306698
1991,1,11,0.512738108634949,0.652080792317065,0,0,0.191168502747543
1991,1,12,1.13022597361123e-05,0.347485313886864,0,0,0.190261414295106
1991,1,13,0.299331098794937,0.056708538586463,0,0,0.187993699922336
1991,1,14,0.102102898061275,0.189049109679218,0,0,0.185725985549566
1991,1,15,3.85834360122681,1.35234139976183,0,0,0.183685039910745
1991,1,16,9.95028209686279,5.86934198268682,0,0,0.181417325537974
1991,1,17,5.16506052017212,8.4407834147687,0,0,0.180737005819486
1991,1,18,1.25294387340546,2.5311949595889,0,0,0.178015753978819
1991,1,19,0.753738284111023,0.890913277536129,0,0,0.17688188327579
1991,1,20,8.4088945388794,3.82335279494146,0,0,0.17461416890302
1991,1,21,8.922194480896,8.48476295004184,0,0,0.173253542982687
1991,1,22,9.86412048339844,9.26148379233018,0,0,0.171892917062354
1991,1,23,1.7571132183075,6.80238955728964,9.09494701772928e-13,0,0.170532277625377
1991,1,24,0.725214838981628,1.62643800938531,-9.09494701772928e-13,0,0.169171651705044
1991,1,25,6.36258334907325e-07,0.560795454401159,0,0,0.168037794518659
1991,1,26,0,3.88002263207454e-07,0,0,0.167584257050762
1991,1,27,0,0.045338753242504,0,9.09494701772928e-13,0.166903937332273
1991,1,28,4.14164686203003,3.1117138382906,0,-9.09494701772928e-13,0.165996848879837
1991,1,29,0.649918079376221,1.33477767539716,0,0,0.1650897604274
1991,1,30,5.66564559936523,2.1852054656847,0,0,0.164182671974963
1991,1,31,21.1301155090332,13.7771666559838,0,0,0.163502365773118
1991,2,1,20.1282749176025,20.5766775726979,0,-9.09494701772928e-13,0.16327559703917
1991,2,2,13.0141334533691,15.592868623211,0,9.09494701772928e-13,0.16327559703917
1991,2,3,14.0995273590088,13.1695410596094,0,0,0.16327559703917
1991,2,4,12.5323181152344,13.3104987220377,0,0,0.163048814788578
1991,2,5,7.04681730270386,8.73233348878875,0,0,0.163048814788578
1991,2,6,5.96588039398193,6.23730520731078,0,0,0.163048814788578
1991,2,7,1.2164226770401,2.63076444262424,0,0,0.163048814788578
1991,2,8,0.203225553035736,0.529155317866753,0,0,0.163048814788578
1991,2,9,0,0.106582805744438,0,0,0.163048814788578
1991,2,10,0.604736566543579,0.104146379294434,0,0,0.163048814788578
1991,2,11,4.43064546585083,2.27752786678502,0,0,0.163048814788578
1991,2,12,0.017618453130126,1.51942217119813,0,9.09494701772928e-13,0.163048814788578
1991,2,13,5.08691453933716,4.06226223267186,0,-9.09494701772928e-13,0.163048814788578
1991,2,14,6.05368280410767,5.82124730515807,0,0,0.163048814788578
1991,2,15,4.26267099380493,5.00650860372662,0,0,0.163048814788578
1991,2,16,1.70194983482361,3.25166554561474,0,0,0.163048814788578
1991,2,17,0.89965158700943,1.5276188378557,0,0,0.163048814788578
1991,2,18,8.68723869323731,5.3002278631493,0,0,0.163048814788578
1991,2,19,7.16464138031006,7.60597061689987,0,0,0.16282204605463
1991,2,20,2.84355640411377,4.57721393261727,0,0,0.16282204605463
1991,2,21,5.17552280426025,3.98321400596979,0,0,0.16282204605463
1991,2,22,1.44616210460663,4.01560965206954,0,0,0.16282204605463
1991,2,23,0.405979961156845,1.34924388559284,0,0,0.16282204605463
1991,2,24,1.89030933380127,1.19019399161152,0.00748699726682389,0,0.16282204605463
1991,2,25,1.57956504821777,1.73124861674751,0.00812158477401681,0,0.16282204605463
1991,2,26,0.010615972802043,1.25924508541175,0.000897339547009324,0,0.16282204605463
1991,2,27,0.00283266208134592,0.107133624876951,0.00174376761060557,0,0.16282204605463
1991,2,28,0,0.000902695692275302,0,0,0.16282204605463
1991,3,1,0.00474644312635064,0.00354166867509775,0,0,0.16282204605463
1991,3,2,0,0.0497219590688474,0,0,0.16282204605463
1991,3,3,0.510224103927612,0.429688316054126,0,0,0.162595277320682
1991,3,4,1.00949549674988,0.673676876061109,0,0,0.162595277320682
1991,3,5,0.110041044652462,0.882650863022718,0,0,0.162595277320682
1991,3,6,0.794332981109619,0.484541227213413,0,0,0.162595277320682
1991,3,7,2.91615533828735,1.43152352508241,0,0,0.162595277320682
1991,3,8,2.0779287815094,2.72387743545551,0,0,0.162595277320682
1991,3,9,0.331989914178848,1.36731963992406,0,0,0.162595277320682
1991,3,10,0.353898048400879,0.342238531567091,0,0,0.162595277320682
1991,3,11,0.47873067855835,0.529148646424801,0,9.09494701772928e-13,0.162595277320682
1991,3,12,2.02816367149353,1.71412661446993,0,-9.09494701772928e-13,0.162595277320682
1991,3,13,0.0846046432852745,1.38958758949138,0,0,0.162595277320682
1991,3,14,1.34609925746918,0.354639577442867,0,0,0.162595277320682
1991,3,15,0.349384605884552,0.749869434813263,0,0,0.162595277320682
1991,3,16,0.664361596107483,0.494850857100573,0,0,0.162595277320682
1991,3,17,2.63518214225769,1.02909594471294,0,0,0.162595277320682
1991,3,18,0.374012261629105,1.3352259878402,0,0,0.162595277320682
1991,3,19,0.773286938667297,0.601073047386308,0,0,0.162368508586733
1991,3,20,0.160657852888107,0.602666504579247,0,0,0.162368508586733
1991,3,21,0.0511284656822681,0.113954818678394,0,0,0.162368508586733
1991,3,22,0.000970809953287244,0.0446086711735916,0,0,0.162368508586733
1991,3,23,0.000190791484783404,0.00683635220048018,0,0,0.162368508586733
1991,3,24,0.00962273310869932,0.00378726970666321,0,0,0.162368508586733
1991,3,25,0.909127533435822,0.351579747723008,0,0,0.162368508586733
1991,3,26,0.503841936588287,0.705998540810469,0,0,0.162368508586733
1991,3,27,1.51118409633636,1.14352595978198,0,0,0.162368508586733
1991,3,28,1.23645579814911,1.33420149508402,0,0,0.162368508586733
1991,3,29,1.6398378610611,1.48121837510098,0,0,0.162368508586733
1991,3,30,0.253931730985642,0.615501355350716,-9.09494701772928e-13,0,0.162368508586733
1991,3,31,0.244408249855042,0.324937287701687,9.09494701772928e-13,0,0.162368508586733
1991,4,1,1.04619061946869,0.921920902639613,0,0,0.162368508586733
1991,4,2,0.581639230251312,0.890475180452086,0,0,0.162368508586733
1991,4,3,1.25391840934753,0.676234589416708,0,0,0.162368508586733
1991,4,4,0.288519084453583,0.813301831562967,0,0,0.162141726336141
1991,4,5,0.752835214138031,0.432038261697016,0,0,0.162141726336141
1991,4,6,0.482822179794312,0.571775593252824,0,0,0.162141726336141
1991,4,7,0.432596921920776,0.468064079288524,0,0,0.162141726336141
1991,4,8,0.441435664892197,0.433002880513413,0,0,0.162141726336141
1991,4,9,5.02137008879799e-05,0.173609567584208,0,9.09494701772928e-13,0.162141726336141
1991,4,10,0.951832950115204,0.723334505336425,0,0,0.162141726336141
1991,4,11,13.8241147994995,6.55897924326018,0,-9.09494701772928e-13,0.162141726336141
1991,4,12,5.79076623916626,6.91205200908098,2.89538537767294,1.29391458515784,0.16327559703917
1991,4,13,1.52065074443817,0,3.75904085507318,5.04016416140166,0.164409454225555
1991,4,14,0.0428868867456913,0,0.817449990630848,7.87854943365255,0.16554331141194
1991,4,15,0,0,0.023258735989657,7.36484407002172,0.16781102578471
1991,4,16,0.063666045665741,0,0.0316546686453876,9.36157484959585,0.17007874015748
1991,4,17,0.431542038917542,0,0.243523023860689,14.9533373059867,0.253984253049835
1991,4,18,1.07686364650726,0,0.748805200493734,21.5316022670995,0.276661423810824
1991,4,19,0.495442718267441,9.09494701772928e-13,0.830514600187598,24.875023085574,0.301606308944582
1991,4,20,0.00194064388051629,-9.09494701772928e-13,0.243623338546058,20.3273654642235,0.317480309553972
1991,4,21,0.753004908561707,0,0.297603638196961,17.3996234034476,0.308409452062892
1991,4,22,0.154909893870354,0,0.292828934853787,18.9112514356266,0.308409452062892
1991,4,23,0.640935182571411,0,0.276490887052205,19.5405091713265,0.315212595181202
1991,4,24,0.000992240267805755,0,0.304326078429767,26.1133813177858,0.340157480314961
1991,4,25,0.0182817410677671,0,0.00974303997463721,24.5128393996374,0.392314964955247
1991,4,26,0.160095423460007,-9.09494701772928e-13,0.0953610766828206,22.3153175344332,0.428598421952856
1991,4,27,0.0627571195363998,1.81898940354586e-12,0.105716134969043,17.929249447353,0.444472449595534
1991,4,28,0.137004598975182,-9.09494701772928e-13,0.0896317186025044,12.5054829670753,0.405921251191868
1991,4,29,0.124151639640331,0,0.132605176371726,13.3717327926761,0.419527564461776
1991,4,30,0.956148982048035,0,0.520173984991743,18.686502905658,0.421795278834546
1991,5,1,0.0770438984036446,0,0.454507112903229,24.1990144942492,0.473952736441545
1991,5,2,0.0212150570005178,0,0.0437030055327341,22.1911214412257,0.503433077354131
1991,5,3,1.96985183720244e-06,0,0.0106085283350694,33.3570499485995,0.564661419485498
1991,5,4,0.00538212573155761,0,0.00269494845724694,47.4613366360145,0.752881874625138
1991,5,5,0.60431832075119,0,0.30860782533091,49.0478911434193,1.01820467250554
1991,5,6,2.14975428581238,0,1.38520149160559,42.9752952994422,1.1746771264264
1991,5,7,0.166380375623703,0,1.15350524954283,14.5173733134579,1.10891335554949
1991,5,8,0,0,0.0813397341735254,0,1.02274020938423
1991,5,9,3.14828443527222,0,0.728509723737261,0,1.00913381501446
1991,5,10,2.78389406204224,0,3.05692989588624,0,0.911622042918768
1991,5,11,0.565262377262116,0,2.09591105913751,0,0.845858272041862
1991,5,12,0.108280330896378,0,0.330034637167955,0,0.800503930519885
1991,5,13,0.888481676578522,0,0.594440581032359,0,0.802771644892655
1991,5,14,2.31974601745605,0,1.7622472962239,0,0.841322843296321
1991,5,15,1.39013946056366,0,1.85495200324658,0,0.952440901628629
1991,5,16,0.552445530891419,0,0.97222863379011,0,1.1519999826987
1991,5,17,0.00816652923822403,0,0.43095148426346,0,1.32661415160172
1991,5,18,1.08815407752991,0,0.469384390050436,0,1.54204728734775
1991,5,19,0.169858694076538,0,0.689180050165305,0,1.5397795189084
1991,5,20,2.70748257637024,0,2.2958536589631,0,1.35382672407496
1991,5,21,3.03350782394409,0,2.75991076064111,0,1.45814169335553
1991,5,22,0.4418143928051,0,2.58619037209155,0,1.80963779960092
1991,5,23,0.368061870336533,0,0.647765276803511,0,2.07949608029343
1991,5,24,0.0296090561896563,0,0.200047723391435,0,2.60787401574803
1991,5,25,0,0,0.0148819954247301,0,3.1748031496063
1991,5,26,0.00694733904674649,0,0.0028032593527314,0,3.28818897637795
1991,5,27,2.00905871391296,0,1.04113775723363,0,2.90267720860759
1991,5,28,4.56850433349609,0,2.66344925390422,0,2.51716544083723
1991,5,29,5.41412210464478,0,4.79938443752417,0,2.85732292115219
1991,5,30,2.71988773345947,0,3.7253977979708,0,2.94803149606299
1991,5,31,2.05876564979553,0,2.2777937211622,0,2.01826763002891
1991,6,1,2.39602255821228,0,2.27206357701289,0,1.5193700354869
1991,6,2,1.71952700614929,0,1.70588172141652,0,1.2177637535756
1991,6,3,0.000357254262780771,0,0.311811723740902,0,1.13839369646208
1991,6,4,0.106930434703827,0,0.0285037662015384,0,1.29940157912848
1991,6,5,0.943755328655243,0,0.323962307764305,0,1.54431494765394
1991,6,6,1.74167621135712,0,1.14262978039551,0,1.78242522712768
1991,6,7,4.60119819641113,0,2.66643329845192,0,1.8164409967858
1991,6,8,1.90586733818054,0,3.25690991388001,0,1.65089768537386
1991,6,9,1.60542070865631,0,1.71799171753446,0,1.36062992125984
1991,6,10,1.89252352714539,0,1.77681686096003,0,1.52163780392624
1991,6,11,0.890281498432159,0,1.22838142480396,0,1.90034648264487
1991,6,12,0.162383675575256,0,0.414355352211715,0,2.81196841743049
1991,6,13,0.54898327589035,0,0.419659840582426,0,3.46960634246586
1991,6,14,0.62750768661499,0,0.60865292172366,0,3.74173228346457
1991,6,15,1.11071312427521,0,0.93855237860771,0,4.44472449595534
1991,6,16,0.545674324035645,0,0.727852213841288,0,5.05700770100271
1991,6,17,0,0,0.184294701224644,0,4.8755905511811
1991,6,18,0,0,0,0,3.96850393700787
1991,6,19,0,0,0,0,4.01385844072958
1991,6,20,0.18632535636425,0,0.0336811719034813,0,5.71464584230438
1991,6,21,1.587566614151,0,0.555561626555573,0,6.55370070089505
1991,6,22,2.02640342712402,0,1.81460784916544,0,6.82582685816006
1991,6,23,1.1963142156601,0,1.33225563962242,0,5.94141749584769
1991,6,24,0,0,0.253768453146222,0,5.10236220472441
1991,6,25,0,0,7.85234178692917e-05,0,4.24063009427288
1991,6,26,0.00129192636813968,0,0.00101787616313231,9.09494701772928e-13,3.53763788178211
1991,6,27,0.176143676042557,0,0.023173273064458,-9.09494701772928e-13,3.51496062992126
1991,6,28,6.51369667053223,0,1.33766633053165,0,3.33354326383335
1991,6,29,9.56747055053711,0,8.01726080219032,-9.09494701772928e-13,8.34519667738066
1991,6,30,4.98583698272705,0,8.6325606962082,9.09494701772928e-13,5.75999991349348
1991,7,1,8.04139709472656,0,6.68030686151906,0,4.28598416546198
1991,7,2,1.14818227291107,0,6.69344404097228,0,3.2655117245171
1991,7,3,0.153578445315361,0,0.907491047977601,0,2.94803149606299
1991,7,4,0.0139437429606915,0,0.0884736517891724,0,2.49448818897638
1991,7,5,0.511834144592285,0,0.391819070393467,0,2.19741722767747
1991,7,6,0.0585720613598824,0,0.211927191192444,0,2.03867711345042
1991,7,7,0.871245205402374,0,1.20441946995288,0,2.08629916934517
1991,7,8,4.9309401512146,0,4.35976248961651,0,2.02733848751999
1991,7,9,2.7508602142334,0,3.99663460987449,0,2.02960625595934
1991,7,10,1.23579108715057,0,2.42530474303749,0,1.89807871420552
1991,7,11,2.75146818161011,0,2.11579104507928,0,1.67357482910156
1991,7,12,1.41368722915649,0,2.22269109786976,0,1.65996854286494
1991,7,13,1.60941231250763,0,1.52179794743643,0,1.80510237085538
1991,7,14,1.30094146728516,0,1.23261594515861,0,2.07496054341474
1991,7,15,0.211261406540871,0,0.368944678945809,0,1.72799997404804
1991,7,16,0.89669132232666,0,0.340517448508763,0,1.56018900232991
1991,7,17,1.07221865653992,0,0.902505224619745,0,1.43319688932164
1991,7,18,3.51715755462647,-9.09494701772928e-13,2.46427485180993,0,1.90261425108422
1991,7,19,6.12230253219605,9.09494701772928e-13,5.36155368536493,0,1.79149608461876
1991,7,20,4.90379476547241,0,5.89620809648113,0,2.21329139048659
1991,7,21,4.06440019607544,0,4.71087523348979,0,2.23143310546875
1991,7,22,2.58172464370728,0,2.93721177208317,0,2.1384567621186
1991,7,23,5.80226039886475,0,3.30077028558026,0,1.83231494332862
1991,7,24,3.2655885219574,9.09494701772928e-13,4.48997929401867,0,1.90261425108422
1991,7,25,1.41372001171112,-9.09494701772928e-13,2.85131607785115,0,1.7733543696366
1991,7,26,3.08068799972534,0,2.14796186981312,-9.09494701772928e-13,1.6554331141194
1991,7,27,19.0642547607422,0,9.22751777141002,0,4.08188976377953
1991,7,28,15.2826337814331,-9.09494701772928e-13,17.9033325461223,0,7.18866159033588
1991,7,29,2.78852128982544,9.09494701772928e-13,7.30803715553884,9.09494701772928e-13,5.41984243317852
1991,7,30,0.330018043518066,0,0.914944416053913,0,4.39936999223364
1991,7,31,1.70951962471008,0,1.17008319268825,0,3.49228337806041
1991,8,1,2.62061643600464,0,1.99328112083731,0,3.19748040146715
1991,8,2,6.28634262084961,0,4.88826528560912,-9.09494701772928e-13,2.76661412997509
1991,8,3,15.4982538223267,0,12.7461796110956,9.09494701772928e-13,2.90267720860759
1991,8,4,14.1091156005859,0,14.5474771893623,0,2.65322830320343
1991,8,5,0.720632910728455,0,5.88804953922409,0,2.21782671109898
1991,8,6,0.0537065602838993,0,0.251786264118891,0,2.03640934501107
1991,8,7,0.000561170862056315,0,0.0266516918536581,0,1.8867400882751
1991,8,8,0.761604011058807,0,0.135879138493692,0,1.71892911655696
1991,8,9,1.51476049423218,0,0.95599012196999,0,1.80737003116157
1991,8,10,0.111263871192932,0,0.670131133544601,0,1.7007874015748
1991,8,11,3.11144304275513,0,2.39524428227378,9.09494701772928e-13,1.63048820195236
1991,8,12,3.61746263504028,0,3.22371068609573,-9.09494701772928e-13,1.74387402872401
1991,8,13,1.78072988986969,0,2.97921589693397,0,1.70759059875969
1991,8,14,0.503902137279511,0,1.54243356461211,0,1.60327562947912
1991,8,15,0,0,0.435174662113241,0,1.51483460674136
1991,8,16,0.0662776082754135,0,0.0398856212132159,0,1.494425231453
1991,8,17,3.2756724357605,-9.09494701772928e-13,2.00618814155223,-9.09494701772928e-13,1.46040946179488
1991,8,18,3.54172205924988,9.09494701772928e-13,3.3173857911188,9.09494701772928e-13,1.43092912088229
1991,8,19,13.7710275650024,0,7.12675868817223,0,1.5624566626361
1991,8,20,9.88850212097168,0,12.3442261413938,0,2.42645664966013
1991,8,21,4.06259155273438,0,8.94054060808503,0,2.78929138183594
1991,8,22,2.74203085899353,0,3.70913863027909,0,2.65322830320343
1991,8,23,2.17598080635071,0,2.5374468078071,0,2.22009447953832
1991,8,24,3.47352743148804,0,3.02922321705682,0,1.9116851085753
1991,8,25,15.881947517395,0,6.9863255671653,0,1.84818888987143
1991,8,26,11.1603412628174,-9.09494701772928e-13,13.4889511704423,-9.09494701772928e-13,2.51716544083723
1991,8,27,8.1317892074585,9.09494701772928e-13,10.0206868013511,9.09494701772928e-13,2.81196841743049
1991,8,28,2.15683007240295,0,7.14467436916402,0,2.44913390152098
1991,8,29,1.29319143295288,0,2.27654535968395,0,2.09990556371494
1991,8,30,3.81810474395752,0,2.12223157432345,0,1.97518111101286
1991,8,31,1.29280841350555,0,3.4549534109683,0,1.92075596606638
1991,9,1,1.15802156925201,0,1.58913762440261,0,1.80510237085538
1991,9,2,2.04115295410156,0,1.82859147710315,0,1.69398420438992
1991,9,3,2.38395524024963,0,2.09760169583114,0,1.57833071731207
1991,9,4,8.31522274017334,0,4.11386721456893,0,1.61461414727639
1991,9,5,13.3504161834717,0,9.30058614797781,0,2.33574807474932
1991,9,6,10.4399290084839,0,11.6369806671428,0,3.03874007097379
1991,9,7,3.59638643264771,0,8.24289551650145,0,3.01606303537924
1991,9,8,3.68602776527405,0,3.66495037339064,0,2.65322830320343
1991,9,9,2.5798966884613,0,3.30437276421708,0,2.29039378729392
1991,9,10,5.68344926834106,0,3.06385968985251,0,2.16793710303119
1991,9,11,2.88524961471558,0,4.17223517991351,0,2.12031504713644
1991,9,12,1.43358147144318,0,2.27759013785271,0,1.91848819762703
1991,9,13,0.385230541229248,0,0.712326975019096,0,1.88220476766271
1991,9,14,2.62490391731262,0,1.20250260552803,0,1.82324408583754
1991,9,15,0.829920172691345,0,1.39503247207176,0,1.78469288743387
1991,9,16,3.48179364204407,0,1.85712135930135,0,1.73026774248739
1991,9,17,5.12165069580078,0,3.68348117848291,0,1.6577007744256
1991,9,18,8.85435676574707,0,6.32602947512714,0,1.64409448818898
1991,9,19,3.48625922203064,0,6.62842345329136,0,1.8164409967858
1991,9,20,3.52830958366394,0,3.51613454796188,0,1.76655117245171
1991,9,21,1.57292807102203,0,2.69529042214072,0,1.6123464869702
1991,9,22,5.60478782653809,0,2.49130202102788,0,1.56699209138164
1991,9,23,4.08094072341919,0,4.50026509271356,0,1.7461416890302
1991,9,24,0.255643129348755,0,1.84055992078356,0,1.66903940035602
1991,9,25,1.31443548202515,0,0.613228234617964,0,1.54204728734775
1991,9,26,2.61397171020508,0,1.46551162299966,0,1.62822043351301
1991,9,27,2.71179580688477,0,2.48714068450317,0,1.6781102578471
1991,9,28,1.21866369247437,0,2.48694666502524,0,1.50576374925028
1991,9,29,2.03321862220764,0,1.67914270743768,0,1.36516535000538
1991,9,30,0.395856916904449,0,1.70109773195236,0,1.3583621528205
1991,10,1,2.1842098236084,0,1.39197451919608,0,1.32207872285618
1991,10,2,0.402968913316727,0,1.43689742774495,0,1.2676535779097
1991,10,3,1.09262549877167,0,0.552752151630557,0,1.23590546855776
1991,10,4,19.673583984375,0,10.6888579886554,0,1.26085038072481
1991,10,5,21.5400009155273,0,20.9462985582077,0,1.43546454962783
1991,10,6,17.2545928955078,0,20.1951480784346,0,1.52617323267178
1991,10,7,4.90273523330689,0,10.1162941605126,0,1.46267712210107
1991,10,8,11.8728561401367,0,8.80576329671749,0,1.34022043783834
1991,10,9,17.0099391937256,0,14.0657056045811,0,1.40598420871524
1991,10,10,6.4939432144165,0,13.5136742060786,0,2.08176384873278
1991,10,11,0.826674699783325,0,4.64509844753684,0,1.98425196850394
1991,10,12,3.47931599617004,1.73965870061511,0.517900428741996,0,1.63048820195236
1991,10,13,6.08706378936768,1.73965806374326,3.04353177980829,3.47931695386069,1.51029917799582
1991,10,14,8.80263519287109,0,6.53821464974044,0,1.95023630697896
1991,10,15,3.0961275100708,0.804393098094806,4.99364710630198,0,1.87766923078402
1991,10,16,0.0827726349234581,0.845952443732131,0.743835885376939,0,1.57606294887272
1991,10,17,0.244282335042954,0.156285864371966,-9.09494701772928e-13,-9.09494701772928e-13,1.66677163191668
1991,10,18,0.672912836074829,0.471717488050672,9.09494701772928e-13,9.09494701772928e-13,1.42639369213675
1991,10,19,2.95399618148804,0.336456565230037,1.47699744458714,4.10230389088883,1.32661415160172
1991,10,20,2.4621593952179,0,2.68307093975545,0,1.24270866574265
1991,10,21,0.644595503807068,0.322301184789467,1.23106658502275,0,1.19055118110236
1991,10,22,0.490977466106415,0.566191141741911,0,0,1.13385826771654
1991,10,23,0.174746155738831,0.331643077114677,0,0,1.06129129965474
1991,10,24,0.0420896634459496,0.11106686767198,0,0,1.02727563812977
1991,10,25,0.147907644510269,0.090170399613271,0,0,0.952440901628629
1991,10,26,0.00822901632636786,0.0814192133702818,0,0,0.861732272651252
1991,10,27,0.0372930131852627,0.0196411306560549,0,0,0.793700787401575
1991,10,28,0.0172957368195057,0.0323736287027714,0,0,0.737007874015748
1991,10,29,19.2960548400879,9.66003240343161,0,0,0.628157475989635
1991,10,30,5.29119491577148,12.3596201053188,0,0,0.630425190362405
1991,10,31,0.0531323961913586,2.66756290535341,0,-9.09494701772928e-13,0.644031476599025
1991,11,1,0.0393673144280911,0.050721317757052,0,9.09494701772928e-13,0.641763762226255
1991,11,2,5.65897560119629,2.77839771966228,0,0,0.639496047853485
1991,11,3,7.23207187652588,6.53677837456598,0,0,0.644031476599025
1991,11,4,4.78584957122803,6.12507316043048,0,0,0.646299190971795
1991,11,5,4.33412456512451,4.46482114615628,0,0,0.650834619717335
1991,11,6,0.551723182201386,2.43212116742779,0,0,0.657637816902221
1991,11,7,4.72488212585449,2.47544601571371,0,0,0.664440960020531
1991,11,8,3.6316020488739,4.31591747620951,0,0,0.664440960020531
1991,11,9,1.19160902500153,2.62605981880188,0,0,0.648566905344565
1991,11,10,0.598264515399933,0.866760396990685,0,0,0.650834619717335
1991,11,11,3.14010834693909,1.67451297681691,0,0,0.659905531274991
1991,11,12,2.03972244262695,2.36346608427266,0,0,0.671244103138841
1991,11,13,4.47559118270874,3.0700402286493,0,0,0.644031476599025
1991,11,14,15.3542566299438,10.1632853388282,0,0,0.628157475989635
1991,11,15,8.50175857543945,11.7001264213413,0,0,0.621354332871325
1991,11,16,1.57736158370972,5.34899084649533,-9.09494701772928e-13,0,0.630425190362405
1991,11,17,0.16693115234375,1.14931679791789,9.09494701772928e-13,0,0.639496047853485
1991,11,18,3.54807567596436,1.75396359668321,0,0,0.641763762226255
1991,11,19,5.09779119491577,4.55111427872271,0,0,0.641763762226255
1991,11,20,8.53198051452637,6.45395599544827,0,0,0.632692904735175
1991,11,21,3.89440250396729,6.50838789820682,0,0,0.628157475989635
1991,11,22,14.0985450744629,8.87482060878756,0,0,0.621354332871325
1991,11,23,13.2499465942383,13.4823784852852,0,0,0.607748046634704
1991,11,24,9.57295608520508,11.536972906154,0,0,0.594141706331508
1991,11,25,10.6972599029541,9.78888842786,0,0,0.578267705722118
1991,11,26,8.23054122924805,9.33385627996358,0,0,0.571464562603808
1991,11,27,3.34069299697876,6.03816822142835,0,0,0.562393705112728
1991,11,28,1.84560406208038,2.94955760280845,0,0,0.551055133248877
1991,11,29,0.333637595176697,1.5622348894367,0,0,0.537448792945682
1991,11,30,17.8993606567383,9.31411086703156,0,0,0.530645649827371
1991,12,1,13.6369552612305,15.8582107530474,0,0,0.514771649217981
1991,12,2,5.22863340377808,10.1704937316745,0,0,0.501165362981361
1991,12,3,13.3366985321045,8.80298653292266,0,0,0.492094505490281
1991,12,4,2.66913676261902,7.96979875184479,0,0,0.4830236479992
1991,12,5,0.560428380966187,1.36459359111359,0,0,0.473952736441545
1991,12,6,3.3478090763092,2.44570891121839,0,0,0.467149593323235
1991,12,7,3.61922311782837,3.53255554929365,0,0,0.458078735832154
1991,12,8,10.1686992645264,6.44673361001242,-9.09494701772928e-13,0,0.449007878341074
1991,12,9,8.2167272567749,9.7700652009089,9.09494701772928e-13,0,0.439937020849994
1991,12,10,4.19568014144897,6.1761254786361,0,0,0.430866136325626
1991,12,11,0.00861751567572355,2.64304710672059,0,0,0.424062993207316
1991,12,12,0.988957047462463,0.523418385876539,0,0,0.417259850089006
1991,12,13,0.341121971607208,0.766295685128171,0,0,0.412724421343466
1991,12,14,6.66745948791504,3.18796531821954,0,0,0.408188965564638
1991,12,15,6.57412242889404,6.65236323613499,0,0,0.403653536819098
1991,12,16,4.27881908416748,5.77729146363708,0,0,0.399118108073557
1991,12,17,4.92237043380737,4.5147273675093,0,0,0.392314964955247
1991,12,18,6.70925569534302,5.27292382133419,0,0,0.385511821836937
1991,12,19,2.42859959602356,4.30985870256245,9.09494701772928e-13,9.09494701772928e-13,0.378708651685339
1991,12,20,6.97582769393921,4.00031587400281,-9.09494701772928e-13,-9.09494701772928e-13,0.371905508567029
1991,12,21,10.0031957626343,8.80408087464366,0,0,0.367370079821489
1991,12,22,6.39485740661621,7.36290209177787,0,-9.09494701772928e-13,0.360566936703179
1991,12,23,10.2247304916382,7.33328338194951,0,9.09494701772928e-13,0.353763766551581
1991,12,24,6.98548030853272,8.96169394888057,0,0,0.346960623433271
1991,12,25,2.16386938095093,4.16860581043329,0,0,0.340157480314961
1991,12,26,1.53045690059662,1.72950197909358,0,0,0.337889765942191
1991,12,27,0.0618681386113167,0.841592964794472,0,0,0.335622051569421
1991,12,28,0.941311597824097,0.322337919806159,0,0,0.33108662282388
1991,12,29,3.06000018119812,1.24456204593298,0,0,0.32881890845111
1991,12,30,4.34786701202393,3.43714536006337,0,0,0.32655119407834
1991,12,31,6.98745727539063,5.57167620951987,0,0,0.324283452672283
1992,1,1,11.6500225067139,9.20682912385473,-9.09494701772928e-13,-9.09494701772928e-13,0.312944880808432
1992,1,2,4.65932846069336,9.06930275253399,1.81898940354586e-12,9.09494701772928e-13,0.308409452062892
1992,1,3,1.55065882205963,2.50750109970431,-9.09494701772928e-13,0,0.303874023317352
1992,1,4,2.77185201644897,2.33642912963569,0,0,0.297070853165754
1992,1,5,3.60936284065247,3.1542004534158,0,0,0.292535424420214
1992,1,6,3.26765060424805,3.51729001005606,0,0,0.287999995674674
1992,1,7,4.69721460342407,4.10404502019628,0,0,0.283464566929134
1992,1,8,11.6667785644531,6.97944574235316,0,0,0.281196852556364
1992,1,9,8.45602798461914,9.64464654263884,0,0,0.276661423810824
1992,1,10,5.73087120056152,6.94923285541427,0,0,0.272125995065284
1992,1,11,1.69883465766907,3.81077572441245,0,0,0.267590539286456
1992,1,12,1.29691588878632,1.51871016161567,0,0,0.263055110540916
1992,1,13,2.50455188751221,1.54990169845223,0,0,0.258519681795376
1992,1,14,3.93874478340149,3.20949854406535,0,0,0.253984253049835
1992,1,15,3.90382289886475,3.91831346086292,0,0,0.251716538677065
1992,1,16,1.76648032665253,3.62286590305393,0,0,0.251716538677065
1992,1,17,5.97889232635498,3.7588401137109,0,0,0.251716538677065
1992,1,18,18.1291122436523,11.8990266711689,0,0,0.251716538677065
1992,1,19,21.9090976715088,19.1009011896585,0,0,0.249448824304295
1992,1,20,1.21834182739258,12.8608489999624,0,0,0.238110225407157
1992,1,21,0.44187143445015,0.860657682439523,0,0,0.231307082288847
1992,1,22,0.522421836853027,0.462781226076913,0,0,0.222236224797767
1992,1,23,0.0920859575271606,0.332667068484625,0,0,0.219968510424997
1992,1,24,0.62175315618515,0.171401747231357,0,0,0.217700782535583
1992,1,25,9.71670818328857,4.23009682383599,0,0,0.213165353790043
1992,1,26,4.77344274520874,6.25450199766328,0,0,0.210897639417273
1992,1,27,1.30285131931305,2.48446538746248,0,0,0.210897639417273
1992,1,28,6.65147256851196,4.6425241957777,0,0,0.208629925044503
1992,1,29,10.6208572387695,9.08676195851785,0,0,0.208629925044503
1992,1,30,8.48586750030518,9.71572527441003,0,0,0.206362210671733
1992,1,31,2.98959851264954,6.51737157354,0,0,0.206362210671733
1992,2,1,0.38122233748436,2.0399291681224,0,0,0.204094482782319
1992,2,2,4.19007921218872,1.22217637263475,0,0,0.204094482782319
1992,2,3,2.22688174247742,2.87530899241483,0,0,0.204094482782319
1992,2,4,2.58168506622314,2.4208075392944,0,0,0.204094482782319
1992,2,5,0.529508531093597,2.06971598361088,0,0,0.204094482782319
1992,2,6,2.63900947570801,0.888423503756712,0,0,0.201826768409549
1992,2,7,0.102207198739052,1.35112414198284,0,0,0.190488183029055
1992,2,8,0.316590309143066,0.20434905941147,0,0,0.185952754283515
1992,2,9,0.0589475557208061,0.274777016693406,0,0,0.183685039910745
1992,2,10,0.0644664615392685,0.083811008327757,0,0,0.181417325537974
1992,2,11,0,0.0237546645166731,0,0,0.179149611165204
1992,2,12,0.118597432971001,0.160557372178118,0,0,0.17461416890302
1992,2,13,1.44293785095215,1.14737435129427,0,0,0.17234645453025
1992,2,14,4.13103103637695,2.05849938606116,0,0,0.16781102578471
1992,2,15,3.47305631637573,3.61110403417297,0,0,0.16554331141194
1992,2,16,3.27203702926636,3.3880093665266,0,0,0.161007869149756
1992,2,17,0,2.86288877760126,0,0,0.158740154776986
1992,2,18,0.0438564233481884,0.423800203143401,0,0,0.156472440404216
1992,2,19,0,0.0107300303752709,0,0,0.154204726031446
1992,2,20,0,0.0452412220820406,0,0,0.156472440404216
1992,2,21,1.00213742256165,0.779666331722183,0,0,0.162141726336141
1992,2,22,8.17612361907959,6.68302963357564,0,0,0.16554331141194
1992,2,23,10.2871150970459,9.939208106347,0,0,0.16781102578471
1992,2,24,14.5758504867554,13.1141588755936,0,0,0.17007874015748
1992,2,25,23.6830444335938,7.28792505893216,11.8415225165245,5.12721516647252,0.17234645453025
1992,2,26,15.6681423187256,0,19.7070681936766,20.6225669619544,0.17688188327579
1992,2,27,8.24297904968262,0,12.083998785095,30.234167383428,0.17688188327579
1992,2,28,5.5689697265625,9.09494701772928e-13,6.94342116575353,27.7837872501477,0.17461416890302
1992,2,29,2.96833419799805,1.47508466560521,2.8015246550367,13.1981403142627,0.17234645453025
1992,3,1,2.12562584877014,2.580188759458,0,0,0.17007874015748
1992,3,2,1.17787671089172,1.64271637953334,0,0,0.16781102578471
1992,3,3,0.340761244297028,0.761154019415699,0,0,0.16781102578471
1992,3,4,0.409098476171494,0.385399223941022,0,0,0.16781102578471
1992,3,5,0.132986783981323,0.372417897652667,0,0,0.17007874015748
1992,3,6,0.0559642948210239,0.16297177328488,0,0,0.17461416890302
1992,3,7,3.33177089691162,2.05054805983946,0,9.09494701772928e-13,0.179149611165204
1992,3,8,4.19428682327271,3.56085184119547,0,-9.09494701772928e-13,0.185952754283515
1992,3,9,11.4890813827515,8.49723528159666,0,0,0.190488183029055
1992,3,10,15.8340501785278,5.74454244890603,7.91702266706125,2.34426511598849,0.195023625291239
1992,3,11,4.10626411437988,0,10.0046864718888,5.39247663096649,0.201826768409549
1992,3,12,1.31921911239624,0.657252360348139,2.06046917703952,3.06328856284745,0.208629925044503
1992,3,13,0.572203814983368,0.950782464416989,0,0,0.213165353790043
1992,3,14,0.0784496888518333,0.325978070258316,0,0,0.219968510424997
1992,3,15,0,0.0413530978557901,0,0,0.226771653543307
1992,3,16,0,0.0686366808167804,0,0,0.233574796661617
1992,3,17,1.10271608829498,0.871734446634036,0,0,0.238110225407157
1992,3,18,0.308337271213532,0.727398534125314,0,0,0.240377939779927
1992,3,19,2.69855332374573,0.876676897118159,0,0,0.244913395558755
1992,3,20,3.44129228591919,1.8928664932746,1.06177473321441,0.125514496091455,0.247181109931525
1992,3,21,4.15640449523926,2.74085561103402,1.05894506306231,0.125179995174221,0.249448824304295
1992,3,22,0.00280521158128977,1.55347557947334,0,0,0.249448824304295
1992,3,23,3.38151803589426e-05,0.000507933493281598,0,0,0.249448824304295
1992,3,24,1.52371573448181,0.696407236746381,0,0,0.253984253049835
1992,3,25,0.5611811876297,1.26569978622229,0,0,0.256251967422605
1992,3,26,0.845494151115418,0.766084816554212,0,0,0.256251967422605
1992,3,27,1.11419820785522,0.913537732276382,0,0,0.253984253049835
1992,3,28,0.0970428138971329,0.590451808478974,0,0,0.251716538677065
1992,3,29,1.89179861545563,0.658768796237382,0,0,0.251716538677065
1992,3,30,2.48181128501892,1.9509403830516,0,0,0.249448824304295
1992,3,31,1.44117498397827,1.52311663119599,0.385636323238941,0,0.249448824304295
1992,4,1,1.15248322486877,0.901295660388314,0.469282764150194,0,0.247181109931525
1992,4,2,6.3556432723999,4.83643243398728,0.0393144747813494,0,0.244913395558755
1992,4,3,0.130939811468124,1.38469629824067,0,0,0.244913395558755
1992,4,4,0.0910394564270973,0.102899729265118,0,0,0.249448824304295
1992,4,5,0.0125741697847843,0.0795868904069721,0,0,0.256251967422605
1992,4,6,0.00439041247591376,0.0189062288509376,0,0,0.269858280692514
1992,4,7,0.18380543589592,0.0821068099285185,0,0,0.274393709438054
1992,4,8,0.801939964294434,0.525927809198038,0,0,0.287999995674674
1992,4,9,0.980992615222931,1.00554368701887,0,0,0.292535424420214
1992,4,10,2.18930983543396,1.92903394412679,0,0,0.290267710047444
1992,4,11,0.571424543857575,1.90385872139359,0,0,0.272125995065284
1992,4,12,0.491892665624619,0.632669395732592,0,0,0.265322824913686
1992,4,13,0,0.0975127450465152,0,0,0.249448824304295
1992,4,14,1.64328515529633,0.404590890033433,0,0,0.231307082288847
1992,4,15,5.31906890869141,0.748542183709105,2.65953518607239,6.31465768457292,0.220195279158945
1992,4,16,1.89448797702789,0,3.62401628893076,19.6938659391417,0.267590539286456
1992,4,17,0.842310070991516,0,1.38207856781628,22.0902637493,0.263055110540916
1992,4,18,0.0480902791023254,0,0.447299143340388,15.3107444005864,0.274393709438054
1992,4,19,1.85462975502014,0,0.955403928643136,8.04622885910339,0.263055110540916
1992,4,20,3.79502367973328,0,2.78797577276328,6.35208750242146,0.253984253049835
1992,4,21,0.651712656021118,-9.09494701772928e-13,2.28321068191235,7.80215849776323,0.238110225407157
1992,4,22,0.0950837060809135,9.09494701772928e-13,0.359354328403242,6.77224539141025,0.258519681795376
1992,4,23,0.0622238740324974,0,0.0745971445167015,6.3758379824867,0.285732281301904
1992,4,24,0.817000389099121,0,0.450620702011293,5.35815257546165,0.274393709438054
1992,4,25,0.916918933391571,0,0.869771951875009,10.7334826766519,0.303874023317352
1992,4,26,1.52990984916687,-9.09494701772928e-13,1.18077089819326,12.1334228791138,0.32881890845111
1992,4,27,0.376567989587784,9.09494701772928e-13,1.02788979993329,11.3974884460467,0.340157480314961
1992,4,28,0.531319320201874,0,0.436150860398811,17.4547309042391,0.376440937312569
1992,4,29,1.16585218906403,0,0.82478790856112,13.7653673201557,0.371905508567029
1992,4,30,1.63363492488861,0,1.46419140631042,6.3787690053432,0.380976366058109
1992,5,1,3.28157877922058,0,2.2872319676153,5.27390337114412,0.378708651685339
1992,5,2,7.98937368392944,0,6.03799347308814,5.39433734877366,0.367370079821489
1992,5,3,23.0239715576172,0,15.3865901341651,10.8855350054855,0.401385822446327
1992,5,4,14.4568338394165,0,18.9884223289373,16.8248264237891,0.469417307696005
1992,5,5,0.417973220348358,0,8.27281667938405,15.8960727919275,0.544251990130567
1992,5,6,0.621074736118317,0,0.541994097186944,12.5547927508997,0.469417307696005
1992,5,7,1.16082072257996,0,0.819629829877158,12.0826418955039,0.453543307086614
1992,5,8,0.890477478504181,0,0.994497321337803,15.7653543314827,0.444472449595534
1992,5,9,1.71840882301331,0,1.17182462792789,18.1756001620706,0.437669279443936
1992,5,10,0.602667152881622,-9.09494701772928e-13,1.29556312702334,21.8028764970586,0.435401565071166
1992,5,11,0.0380032323300838,9.09494701772928e-13,0.268469171685865,29.8223461284251,0.507968506099671
1992,5,12,0,0,0.0190042313315644,27.5287531946042,0.551055133248877
1992,5,13,1.04132449626923,0,0.520338130922028,22.6066926598414,0.519307077963521
1992,5,14,0.119679227471352,0,0.581539023796722,26.624092922053,0.591873991958738
1992,5,15,1.52546107769012,-9.09494701772928e-13,0.809763887404188,29.8044684990437,0.680314960629921
1992,5,16,1.33196771144867,9.09494701772928e-13,1.42881278732511,17.2856276236353,0.773291358046644
1992,5,17,0.481717765331268,0.240738403980686,0.666316983808429,3.85430450948115,0.648566905344565
1992,5,18,0.963917374610901,0.566879526139019,0.190049241338784,0,0.569196848231038
1992,5,19,1.22921514511108,0.285079021346064,0.824264225328079,7.73600040072506,0.530645649827371
1992,5,20,0.580573856830597,0,0.90489480445649,19.5921606246375,0.551055133248877
1992,5,21,5.61452397960238e-05,0,0.292112913159144,22.798471954733,0.603212617889164
1992,5,22,7.11357461113948e-06,-9.09494701772928e-13,3.16041987389326e-05,22.9758999285623,0.614551189753014
1992,5,23,3.58778858184814,1.81898940354586e-12,1.78451102368217,27.9192718726863,0.675779531884381
1992,5,24,1.25347185134888,-9.09494701772928e-13,2.4504410694326,33.1388863660195,0.768755929301104
1992,5,25,4.62166404724121,0,2.93219665021843,42.2939638589851,1.00686615470826
1992,5,26,2.55762958526611,0,3.60618885985605,52.1078069244322,1.64636225662832
1992,5,27,0.703331351280212,0,1.63183578766711,27.7575036108628,1.92755905511811
1992,5,28,0.687342286109924,0,0.695313168020221,0,2.00466145192544
1992,5,29,0.102170094847679,0,0.383346667153091,0,2.49448818897638
1992,5,30,2.23977136611938,0,1.1611892603878,0,3.0840945746955
1992,5,31,5.0786623954773,0,3.61161292337056,0,3.56031491737666
1992,6,1,4.75165796279907,0,4.89807296462914,0,4.03653526005783
1992,6,2,4.07611274719238,0,4.39042220345073,0,3.56031491737666
1992,6,3,0.90285336971283,0,2.49353413208883,0,3.24283468892255
1992,6,4,0.630020380020142,0,0.769227398430303,0,3.10677161029005
1992,6,5,0.0313874296844006,0,0.328020291466601,0,2.74393709438054
1992,6,6,1.04771173000336,0,0.537567355319879,0,2.87999995674674
1992,6,7,1.024329662323,0,1.03612399394115,0,3.53763788178211
1992,6,8,0.221903949975967,0,0.630457084209411,0,3.60566920483206
1992,6,9,0.0240512322634459,0,0.123379672097144,0,3.60566920483206
1992,6,10,0.0360626168549061,0,0.0300525786633443,0,4.24063009427288
1992,6,11,0.0192208345979452,0,0.0282841643838765,0,5.48787418876107
1992,6,12,0.0721778720617294,0,0.0459878358024071,0,6.50834662970595
1992,6,13,1.00247859954834,0,0.539431469151168,0,7.48346456692913
1992,6,14,8.29265689849854,0,4.65174482165821,0,9.22960647222564
1992,6,15,1.42488622665405,0,4.84836769722551,0,7.80094522791585
1992,6,16,1.05429697036743,0,1.239537418297,0,6.12283464566929
1992,6,17,0.0953423827886581,0,0.565977156221379,0,4.30866141732284
1992,6,18,1.97392189502716,0,0.706025943284658,0,3.62834645669291
1992,6,19,0.333360284566879,0,1.2444914090529,0,4.55811032272699
1992,6,20,4.1481294631958,0,3.14587409005071,0,5.23842528335691
1992,6,21,2.64466071128845,0,3.63188609616464,0,4.6941734013595
1992,6,22,2.29435586929321,0,2.50113531381885,0,3.51496062992126
1992,6,23,0.945765733718872,0,1.3836403220248,0,2.99338578351839
1992,6,24,0.181817427277565,0,0.303772231098264,0,2.72125984251969
1992,6,25,0.0029460706282407,0,0.0283538821850016,0,2.65322830320343
1992,6,26,0,0,0.00220072096999502,0,2.67590555506428
1992,6,27,0.00224809441715479,0,0.000801335116193513,0,3.0840945746955
1992,6,28,0,0,0.00136950414889725,0,3.46960634246586
1992,6,29,0.0119751188904047,0,0.00458324489954975,0,4.10456701564038
1992,6,30,0.0151318041607738,0,0.0130822124592669,0,5.46519693690022
1992,7,1,3.09578347206116,0,1.18951539207956,0,6.07748014194759
1992,7,2,2.18554496765137,0,2.54506796233545,0,6.41763762226255
1992,7,3,2.79955196380615,0,2.68141451464908,0,5.75999991349348
1992,7,4,0.806773841381073,0,2.42110181871249,0,5.26110253521777
1992,7,5,0.260887414216995,0,0.8145579546308,0,4.17259833869033
1992,7,6,1.1029304265976,0,0.585740207868184,0,3.33354326383335
1992,7,7,1.43276846408844,0,1.24876966250849,0,2.85732292115219
1992,7,8,0.0978309586644173,0,0.580514570967353,0,2.47181093711553
1992,7,9,0.6593097448349,0,0.465154252720822,0,2.40377961406558
1992,7,10,0.0765808373689652,-9.09494701772928e-13,0.376434517651433,0,2.47181093711553
1992,7,11,4.48582649230957,9.09494701772928e-13,3.23268234429452,0,2.56251972829263
1992,7,12,5.6475076675415,0,4.64191021420993,0,2.63055126760888
1992,7,13,10.892918586731,0,6.66469298207539,0,2.83464566929134
1992,7,14,3.31157517433167,0,9.5233254113964,0,3.87779536209707
1992,7,15,0.594673931598663,0,3.18001846720017,0,3.2201574370617
1992,7,16,0.743419289588928,0,0.906011977804155,0,2.56251972829263
1992,7,17,0.0218272134661675,0,0.197911299967018,0,2.26771653543307
1992,7,18,0.146284207701683,0,0.0681236276213895,0,2.0023936834861
1992,7,19,2.50362730026245,9.09494701772928e-13,1.43406508813405,0,2.05908659687192
1992,7,20,3.27922296524048,-9.09494701772928e-13,2.70838433186782,0,2.69858259065883
1992,7,21,0.852656126022339,-9.09494701772928e-13,2.36391733519122,-1.81898940354586e-12,2.31307082288847
1992,7,22,0.0580707937479019,9.09494701772928e-13,0.299898027707968,1.81898940354586e-12,2.00692922036479
1992,7,23,0.164848253130913,0,0.0777880041623575,0,1.80510237085538
1992,7,24,1.14121031761169,0,0.358320881157852,0,1.83004717488927
1992,7,25,6.9647741317749,0,2.96236934812259,0,1.82324408583754
1992,7,26,1.66300690174103,0,3.57979263225116,0,2.0023936834861
1992,7,27,3.20566272735596,0,2.11318915551328,0,1.85725974736251
1992,7,28,1.11493957042694,0,1.96937918531694,0,1.73026774248739
1992,7,29,0.953845918178558,0,1.06488681959308,0,1.73026774248739
1992,7,30,0.548823177814484,0,0.753901392410626,0,1.66450397161048
1992,7,31,0,0,0.186662105920732,0,1.52390546423244
1992,8,1,2.07436418533325,0,0.271249994050777,0,1.43319688932164
1992,8,2,1.99187314510345,0,1.79602064482424,0,1.53070866141732
1992,8,3,0.661153137683868,0,1.21240401374689,0,1.52617323267178
1992,8,4,1.63911581039429,0,1.23422806422695,0,1.48988980270746
1992,8,5,0.974016547203064,0,1.2450250348893,0,1.494425231453
1992,8,6,0.426878124475479,0,0.651780103590681,0,1.46721255084661
1992,8,7,17.4029865264893,0,7.22030582640036,0,1.37650397593581
1992,8,8,5.93688535690308,0,13.2033787681657,0,1.76655117245171
1992,8,9,0.678689956665039,0,2.82832646007319,0,1.63955905944344
1992,8,10,0.51286768913269,9.09494701772928e-13,0.581420095055364,0,1.38103940468135
1992,8,11,8.87082099914551,-9.09494701772928e-13,3.3459829963349,0,1.25404729167307
1992,8,12,10.2509021759033,0,9.33853686066232,0,1.30166923943467
1992,8,13,6.37255764007568,0,9.60013770402929,0,1.3356850090928
1992,8,14,8.27010631561279,0,7.5541113919071,0,1.28579529289186
1992,8,15,7.31739473342896,0,7.97372190353053,0,1.26085038072481
1992,8,16,10.0000886917114,0,8.51034506066753,0,1.48081894521638
1992,8,17,5.91914987564087,0,6.79562946505939,0,1.75748031496063
1992,8,18,0.376765877008438,0,3.43581343896858,0,1.57833071731207
1992,8,19,0,0,0.296894514705855,0,1.32888192004106
1992,8,20,0.393880665302277,0,0.20791840239508,0,1.20415746733898
1992,8,21,0.400755763053894,9.09494701772928e-13,0.398951263873641,0,1.1519999826987
1992,8,22,0.316665381193161,-9.09494701772928e-13,0.389265969740336,0,1.08396855151559
1992,8,23,0.134040981531143,0,0.287936996129247,0,1.03861415592704
1992,8,24,1.7565062046051,0,0.752245655727165,0,1.02954329843596
1992,8,25,1.45897245407105,0,1.59751563193549,0,1.07716535433071
1992,8,26,2.07374453544617,0,1.82738682911258,0,1.05902363934855
1992,8,27,0.28201287984848,0,0.575970041175424,0,1.01820467250554
1992,8,28,0,0,0.0677562442560884,0,0.977385813795675
1992,8,29,0.241645276546478,0,0.198424566228823,0,0.929763757900929
1992,8,30,0.180633783340454,0,0.603605569053798,0,0.857196843905712
1992,8,31,4.35133457183838,0,3.70978633900631,0,0.848125986414632
1992,9,1,0.71333521604538,0,2.80857616285539,0,0.816377931129275
1992,9,2,2.85055351257324,0,1.16012074851369,0,0.834519700178011
1992,9,3,6.34200763702393,-9.09494701772928e-13,4.4956376969194,0,0.816377931129275
1992,9,4,0.192241594195366,9.09494701772928e-13,2.59058682808791,0,0.793700787401575
1992,9,5,0.140225827693939,0,0.167203478712509,0,0.782362215537725
1992,9,6,11.0260934829712,0,3.8105519081837,0,0.739275588388518
1992,9,7,15.8418626785278,0,13.3447931812816,0,0.841322843296321
1992,9,8,5.52286434173584,0,10.6056312086312,0,0.986456671286756
1992,9,9,3.24868583679199,0,4.17257787685048,0,0.959244098813515
1992,9,10,3.25474953651428,0,3.25113404856802,0,0.966047295998401
1992,9,11,2.62127685546875,0,2.82225578718681,0,0.884409470445528
1992,9,12,0.573427975177765,0.109422670931963,1.48791704617452,0.109422670930144,0.784629929910495
1992,9,13,0.0161484405398369,0.117495583164782,0.177292759285592,0.109421366791139,0.721133873406358
1992,9,14,0.271854490041733,0.00807422588150075,0.135927150546195,0.0381055695343093,0.748346445879598
1992,9,15,11.0969371795654,0,5.68438606056952,0,0.732472445270208
1992,9,16,3.56466674804688,1.78233485903093,5.54846396692756,0,0.655370102529451
1992,9,17,3.81212639808655,1.97742058426775,1.71097583565916,0.885906371713645,0.771023643673874
1992,9,18,1.98413074016571,0.195180890855227,2.70339578733456,3.07593251496837,0.902551185427688
1992,9,19,3.29553961753845,0,2.20185963445874,0,1.12478741022546
1992,9,20,3.03007960319519,0,2.99408622705596,0,1.07943312277005
1992,9,21,0.933916747570038,0,1.33530807493935,0,0.956976330374169
1992,9,22,0,0,0.561582793844536,0,0.913889811358114
1992,9,23,0.0388239398598671,0.0194128325856582,0.00535118441621307,0,0.829984271432471
1992,9,24,1.29711818695068,0.108062818690087,0.559908458440077,0.127475952984241,0.786897644283265
1992,9,25,3.71695280075073,0.144993921595415,1.59306410108366,0.144993921596324,0.750614160252368
1992,9,26,1.0790091753006,0.0139238527035559,2.18429659311732,0.0139238527026464,0.755149588997909
1992,9,27,7.00035047531128,0,4.03964772332529,0,0.723401587779128
1992,9,28,11.616886138916,0,9.30860881632543,0,0.764220446488989
1992,9,29,22.2954654693604,0,16.9561697451782,0,0.793700787401575
1992,9,30,11.9257459640503,0,17.1106191695599,0,0.814110216756505
1992,10,1,4.00642013549805,0,7.8845638222374,0,0.784629929910495
1992,10,2,5.45368909835815,0,4.70275803756067,0,0.816377931129275
1992,10,3,6.25016450881958,0,5.67990537457172,0,0.807307073638195
1992,10,4,2.12596297264099,0,3.99047138282822,0,0.782362215537725
1992,10,5,6.22461986541748,0,3.9344324183885,0,0.716598444660818
1992,10,6,5.09921550750732,0,5.90945870717133,0,0.705259818730392
1992,10,7,4.42424058914185,0,4.73823551573059,0,0.625889761616865
1992,10,8,9.90112209320068,0,5.31137844545174,0,0.605480332261934
1992,10,9,3.6821608543396,0,6.85361527964506,0,0.610015761007474
1992,10,10,2.80510878562927,1.25907200911024,1.98456379664549,0,0.639496047853485
1992,10,11,2.2659022808075,2.39516552817258,0.14705113429136,0,0.682582675002691
1992,10,12,5.74703884124756,3.98867516693645,0,0,0.716598444660818
1992,10,13,0.518075048923492,3.10829734023355,0,0,0.628157475989635
1992,10,14,0.0240618363022804,0.24093500095114,0,0,0.619086618498554
1992,10,15,0,0.0100343344411158,9.09494701772928e-13,0,0.598677189143624
1992,10,16,0,-9.09494701772928e-13,-9.09494701772928e-13,0,0.578267705722118
1992,10,17,0.157222524285316,0.0907979063722451,0,0,0.566929133858268
1992,10,18,9.27087306976318,4.71301274601137,0,0,0.566929133858268
1992,10,19,12.2077465057373,10.6648969411463,0,0,0.571464562603808
1992,10,20,11.636981010437,12.0092462174525,0,0,0.580535420094888
1992,10,21,3.39528036117554,7.20757430244157,0.354991741967751,0,0.585070848840428
1992,10,22,9.45300960540771,4.54187250664654,1.88228021988562,0,0.589606277585968
1992,10,23,11.4241523742676,5.11373701289176,5.32332147559009,0.257399215601254,0.600944903516394
1992,10,24,1.15874516963959,2.49172808648473,3.81471891727779,0.258550766551707,0.603212617889164
1992,10,25,3.48268413543701,0.579120212989437,1.74210058771132,11.0817073429116,0.603212617889164
1992,10,26,0.949022173881531,0,2.20786607842729,18.1515175639615,0.596409474770854
1992,10,27,5.49567890167236,0,2.99827663531687,15.0754868698023,0.575999991349348
1992,10,28,8.31752777099609,4.1520304559217,2.7522884611526,8.08463775632299,0.564661419485498
1992,10,29,0.102752923965454,4.21429883491874,-9.09494701772928e-13,0,0.560125990739958
1992,10,30,0.462888330221176,0.26050139337076,9.09494701772928e-13,0,0.557858276367187
1992,10,31,0.818951666355133,0.609318338581034,-9.09494701772928e-13,0,0.555590561994417
1992,11,1,0.293968737125397,0.539999652069128,0,0,0.555590561994417
1992,11,2,0.187393099069595,0.226940227148589,0,0,0.555590561994417
1992,11,3,13.3776607513428,6.76715484065426,0,0,0.544251990130567
1992,11,4,9.11206912994385,11.2384564296426,0,0,0.535181078572912
1992,11,5,1.70071935653687,4.7501617081798,0.656230118755957,0.544586440386411,0.528377935454602
1992,11,6,4.8911075592041,0.194406916330991,3.09923097665433,3.71698238824683,0.519307077963521
1992,11,7,3.75317120552063,0.320628218017191,4.00296410424835,3.8815323868148,0.517039363590751
1992,11,8,0.833004713058472,0.737708377029776,1.55911319237293,0.700844090406463,0.512503934845211
1992,11,9,9.98587799072266,5.4942922741302,0,0,0.510236220472441
1992,11,10,9.21159934997559,9.33023609614702,0,0,0.507968506099671
1992,11,11,10.3180541992187,9.42148658350197,0,0,0.503433077354131
1992,11,12,17.9833545684814,13.7496417219836,0,0,0.498897648608591
1992,11,13,16.1818885803223,17.4298390960867,-9.09494701772928e-13,0,0.494362219863051
1992,11,14,10.6439380645752,13.477477114734,9.09494701772928e-13,0,0.48529136237197
1992,11,15,4.44503116607666,7.18606170769999,0,0,0.480755879559855
1992,11,16,0.494276434183121,2.51637941863373,0,0,0.476220450814315
1992,11,17,2.99918842315674,1.56156951119283,0,0,0.469417307696005
1992,11,18,1.55504953861237,2.04145864994734,0,0,0.464881878950464
1992,11,19,0.369361698627472,0.877935835486824,0,0,0.458078735832154
1992,11,20,0.491068750619888,0.415824481722666,0,0,0.455811021459384
1992,11,21,0.302931308746338,0.461794071867189,0,0,0.453543307086614
1992,11,22,0.995513558387756,0.605186046943345,0,0,0.453543307086614
1992,11,23,5.16089296340942,2.47311408716723,-9.09494701772928e-13,0,0.453543307086614
1992,11,24,5.42738628387451,5.19985819313843,9.09494701772928e-13,0,0.453543307086614
1992,11,25,3.38384103775024,4.55263545426715,0,0,0.453543307086614
1992,11,26,3.18755292892456,3.27503019355845,-9.09494701772928e-13,0,0.451275592713844
1992,11,27,12.0013933181763,7.38699295710467,9.09494701772928e-13,0,0.449007878341074
1992,11,28,6.5765552520752,9.22032392664096,0,0,0.444472449595534
1992,11,29,10.1555776596069,8.56913581688605,0,0,0.439937020849994
1992,11,30,6.28637456893921,8.25059277048058,0,0,0.433133850698396
1992,12,1,2.74398922920227,4.95238633582267,0,0,0.417259850089006
1992,12,2,1.11513674259186,1.83268115646024,0,0,0.405921251191868
1992,12,3,15.4175605773926,7.60039193435659,0,0,0.396850393700787
1992,12,4,7.32017993927002,11.5343351484225,0,0,0.385511821836937
1992,12,5,0.290679961442947,4.71910064507483,0,0,0.374173222939799
1992,12,6,5.38171482086182,2.61137552344462,0,0,0.365102365448719
1992,12,7,8.48062610626221,6.28346152849645,0,0,0.358299222330409
1992,12,8,5.23881006240845,6.53568822644866,0,0,0.349228337806041
1992,12,9,2.9186646938324,3.58965369104863,0,0,0.342425194687731
1992,12,10,5.74554109573364,5.08692708563012,0,0,0.33335433719665
1992,12,11,9.66000366210938,6.84045356732531,9.09494701772928e-13,0,0.32655119407834
1992,12,12,15.808253288269,11.7695151227199,-9.09494701772928e-13,0,0.319748023926742
1992,12,13,5.66308975219727,10.0450153786096,0,0,0.315212595181202
1992,12,14,4.29340219497681,4.98446681735913,0,0,0.308409452062892
1992,12,15,0.840805292129517,2.73643789714515,0,0,0.301606308944582
1992,12,16,0.818441927433014,0.830313195703639,0,0,0.297070853165754
1992,12,17,2.78310012817383,1.99638512316596,0,0,0.294803138792984
1992,12,18,2.2928786277771,2.57658004949644,0,0,0.290267710047444
1992,12,19,0.365830421447754,1.86718081436356,0,0,0.287999995674674
1992,12,20,0.341782420873642,0.422705249827231,0,0,0.283464566929134
1992,12,21,0.00084320263704285,0.0494575112070379,0,0,0.278929138183594
1992,12,22,1.91237092018127,0.85733122700276,0,0,0.276661423810824
1992,12,23,3.61287450790405,2.38364202440152,0,0,0.272125995065284
1992,12,24,4.2887601852417,3.65927909757193,0,0,0.269858280692514
1992,12,25,2.98923802375793,3.65692380152996,0,0,0.265322824913686
1992,12,26,0.0109640164300799,1.33831298856967,0,0,0.263055110540916
1992,12,27,0.00025154891773127,0.00609969592915149,0,0,0.263055110540916
1992,12,28,4.66205596923828,3.23195314978602,0,0,0.260787396168146
1992,12,29,0.000819001696072519,3.4319334690008,0,0,0.258519681795376
1992,12,30,0.000482516217743978,0.00075519415531744,0,0,0.258519681795376
1992,12,31,1.51055157184601,0.80268577249899,0,0,0.256251967422605
1993,1,1,1.23770129680634,1.41830144255619,0,0,0.253984253049835
1993,1,2,5.88562393188477,2.35274704652147,0,0,0.253984253049835
1993,1,3,0.907348394393921,2.8770428250582,0,0,0.251716538677065
1993,1,4,0,0.265596826525325,0,0,0.249448824304295
1993,1,5,0.112696975469589,0.0591673651979363,0,0,0.249448824304295
1993,1,6,1.87041902542114,0.421087849541436,0,0,0.249448824304295
1993,1,7,0.227259963750839,0.915101354150465,0,0,0.247181109931525
1993,1,8,7.51872357795946e-05,0.103362114952688,0,0,0.244913395558755
1993,1,9,1.87142550945282,0.466264514848263,0,0,0.244913395558755
1993,1,10,0.123429052531719,1.56682122615166,0,0,0.242645681185985
1993,1,11,0.00374094792641699,0.288057744424805,0,0,0.240377939779927
1993,1,12,0,0.00168349934938306,0,0,0.238110225407157
1993,1,13,0.0103316772729158,0.00872341623198736,0,0,0.235842511034387
1993,1,14,2.84400653839111,0.489732796392673,0,0,0.231307082288847
1993,1,15,1.05935394763947,1.65552984193437,0,0,0.229039367916077
1993,1,16,2.19988441467285,1.78034356906483,0,0,0.224957476638434
1993,1,17,7.98796701431274,6.27381044580761,0,0,0.22087558536079
1993,1,18,12.1446952819824,9.0801999711548,0,0,0.217020476333738
1993,1,19,7.16029262542725,9.61490690511073,-9.09494701772928e-13,0,0.212938585056095
1993,1,20,3.64371275901794,4.79267467576938,9.09494701772928e-13,0,0.208856693778451
1993,1,21,5.39800882339478,4.66192471295199,0,0,0.202507088128037
1993,1,22,1.84782516956329,3.78437706110617,0,0,0.196384251211572
1993,1,23,1.20535254478455,1.61390247713825,0,0,0.190034645561158
1993,1,24,0.217920050024986,1.03128483657838,0,0,0.183911808644693
1993,1,25,0.596018612384796,0.483338114830076,0,0,0.177562202994279
1993,1,26,0.0155596015974879,0.389631897351137,0,0,0.170532277625377
1993,1,27,0.801122665405273,0.157571948931036,0,0,0.168037794518659
1993,1,28,13.573881149292,6.74103756774457,0,0,0.167584257050762
1993,1,29,18.5539627075195,14.7486349750006,0,0,0.16554331141194
1993,1,30,14.5273027420044,16.985849312473,0,0,0.1650897604274
1993,1,31,25.0685367584229,21.123411544274,0,0,0.1650897604274
1993,2,1,13.0259695053101,17.6973923923451,0,0,0.16554331141194
1993,2,2,0.500161826610565,8.49155366363448,0,0,0.166903937332273
1993,2,3,8.34980201721191,3.03123587629216,0,0,0.168264563252607
1993,2,4,27.9256629943848,19.4034108395144,-9.09494701772928e-13,0,0.169171651705044
1993,2,5,18.3117809295654,24.5904748053299,9.09494701772928e-13,0,0.17007874015748
1993,2,6,4.76738166809082,12.943204177921,0,0,0.173026774248739
1993,2,7,6.81954765319824,5.09982990368098,0,0,0.175974808339998
1993,2,8,0.000624829379376024,3.42962818231263,0,0,0.179149611165204
1993,2,9,2.46991106678252e-07,0.000411201079259627,0,0,0.182097631739819
1993,2,10,0.0123335542157292,0.0363107027333172,0,0,0.185045665831078
1993,2,11,0.229838401079178,0.201892756123925,0,0,0.186633074002003
1993,2,12,0.0147239854559302,0.178234704896568,0,0,0.188220468656285
1993,2,13,0,0.0185958773736274,0,0,0.189581108093262
1993,2,14,0.0223714057356119,0.0157480773959833,0,0,0.191168502747543
1993,2,15,0.000401133758714423,0.00617493653589918,0,0,0.192755910918469
1993,2,16,0.00381913315504789,0.00290652753847098,0,0,0.194570074306698
1993,2,17,0.00293073314242065,0.00381895757436723,0,0,0.196384251211572
1993,2,18,0.0193384829908609,0.0410912120696594,0,0,0.198425196850394
1993,2,19,0.664451539516449,0.498954382051124,9.09494701772928e-13,0,0.200239373755267
1993,2,20,0,0.518943893387586,-9.09494701772928e-13,0,0.202053537143497
1993,2,21,3.38034558296204,1.79582230891265,0,0,0.202960625595934
1993,2,22,0.555995881557465,1.72094496771297,0,0,0.203867714048371
1993,2,23,1.83266973495483,1.06360381785453,0,0,0.205001571234756
1993,2,24,1.78413069248199,1.81426133201603,0,0,0.205908659687192
1993,2,25,6.14553165435791,3.20838690973869,0,0,0.206815748139629
1993,2,26,1.093625664711,4.75581655411224,0,0,0.207949605326014
1993,2,27,0.670674800872803,0.765609294704518,0.207182260346599,0.127565361655797,0.208856693778451
1993,2,28,1.81079161167145,1.0296096751199,0.207271160867094,0.127620099101478,0.209990550964836
1993,3,1,1.53440499305725,1.63153542152668,0,0,0.210444088432733
1993,3,2,0.519843578338623,1.22463260271525,0,0,0.208629925044503
1993,3,3,9.96602058410645,3.39310025578197,0,0,0.206588979405681
1993,3,4,0.00853077042847872,7.16958934600825,0,0,0.205908659687192
1993,3,5,6.71693277359009,4.18635686249036,0,0,0.204321265032911
1993,3,6,5.22630500793457,5.74846286088632,0,0,0.201599999675601
1993,3,7,1.73874044418335,3.65480246332209,0,0,0.19887873431829
1993,3,8,1.1760630607605,1.58525469595861,0,0,0.196384251211572
1993,3,9,0.681680619716644,0.89783584307952,0,0,0.193662985854262
1993,3,10,0.00491586560383439,0.436018684145893,0,0,0.190941734013595
1993,3,11,6.81404926581308e-05,0.0115377113415889,0,0,0.188447237390233
1993,3,12,1.05298614501953,0.328586843325866,0,0,0.185952754283515
1993,3,13,0.656821370124817,0.987066887264518,0,0,0.183685039910745
1993,3,14,0.459974646568298,0.596390753138621,0,0,0.181190556804026
1993,3,15,0.00249289604835212,0.0990735572495396,0,0,0.178696060180664
1993,3,16,0,0.00198181448013202,0,0,0.176201577073946
1993,3,17,0.00191085285041481,0.000655711627587152,0,0,0.173707080450584
1993,3,18,0.00164694245904684,0.00178811142905033,0,0,0.171212597343865
1993,3,19,0,0.0010577269422356,0,0,0.168718114237147
1993,3,20,2.68313837051392,0.964909506258664,0,0,0.166223617613785
1993,3,21,4.49534702301025,3.77181821453269,0,0,0.163502365773118
1993,3,22,7.32700872421265,5.20103694759109,0,0,0.161007869149756
1993,3,23,6.44938182830811,7.09227576407193,0,0,0.15828661730909
1993,3,24,2.74884915351868,5.16832794151469,0,0,0.155792120685728
1993,3,25,0.245245844125748,1.62181568985761,0,0,0.153070868845061
1993,3,26,0,0.179754830075581,0,0,0.151937011658676
1993,3,27,0,0.00773418809785653,0,0,0.150576372221699
1993,3,28,0,0.000957083823777793,0,0,0.149442515035314
1993,3,29,0.0165934674441814,0.0120184048355441,0,0,0.148081889114981
1993,3,30,0,0.00361797878485959,0,0,0.146948031928596
1993,3,31,0,0.0355214955943666,0,0,0.145587406008262
1993,4,1,0.615854918956757,0.481576171084271,-9.09494701772928e-13,0,0.14536062375767
1993,4,2,1.03819715976715,0.655587713762543,0.0478984050841973,0,0.14536062375767
1993,4,3,0.031961303204298,0.4256464875034,0.106203850628845,0,0.14536062375767
1993,4,4,0,0.0208557308369564,0,0,0.145133855023722
1993,4,5,0.731320738792419,0.307181269475223,9.09494701772928e-13,0,0.145133855023722
1993,4,6,1.36931109428406,1.19018942916864,-9.09494701772928e-13,0,0.145587406008262
1993,4,7,0.999679863452911,1.30515845879654,0,0,0.145814174742211
1993,4,8,0.0654811635613442,0.531033594305882,0.0327406022470313,4.39496549104297,0.146267712210107
1993,4,9,0.700329661369324,0.100457517913128,0.28024527612979,4.80317283098702,0.146494494460699
1993,4,10,0.704542279243469,0.306130309846594,0.396243449060421,0.391586556665061,0.146948031928596
1993,4,11,1.53425025939941,0.598637924655122,0.393676989293454,0,0.165316529161348
1993,4,12,0.527328848838806,0.477467871865883,0.56018541845242,2.16550743221524,0.147855120381032
1993,4,13,0.267197459936142,0,0.39473224052017,5.06051518492131,0.159874011963371
1993,4,14,0.282836198806763,0.0505542306018469,0.224565117592647,3.02461539557589,0.154658263499343
1993,4,15,0.314912557601929,0.0490443735216104,0.250105007771708,3.90451912400567,0.155792120685728
1993,4,16,0.627293109893799,-9.09494701772928e-13,0.469509652296438,15.5085540757118,0.157379528856653
1993,4,17,0.19866469502449,9.09494701772928e-13,0.412171049752033,23.2791419605837,0.175067719887561
1993,4,18,0,0,0.097678800570975,15.5283542401721,0.173480311716635
1993,4,19,0.0712664797902107,0,0.0328088964270137,10.3225587902543,0.177108665526383
1993,4,20,0.0386920087039471,0,0.057369411108084,14.3837331752729,0.179603148633101
1993,4,21,0,0,0.0147433345828176,17.9281048247813,0.191395271481491
1993,4,22,0.000839138228911907,0,0.000574374542338774,19.2629660047296,0.199785822770727
1993,4,23,6.16208271821961e-05,0,0.000334506525177858,19.6169836643421,0.211351176885169
1993,4,24,0.00148342200554907,0,0.000908614481886616,22.4464760091432,0.233574796661617
1993,4,25,0.00584218231961131,0,0.00329366373352968,22.0619697468446,0.263055110540916
1993,4,26,0,0,0.00414430699765944,19.0535589524297,0.303874023317352
1993,4,27,0.175928935408592,0,0.0279870829945139,19.5326898599069,0.342425194687731
1993,4,28,0.0500333197414875,0,0.100870374557417,22.3720056132479,0.408188965564638
1993,4,29,0.286948502063751,0,0.144221876617848,26.5102136484984,0.449007878341074
1993,4,30,0.246363341808319,0,0.269122092426187,24.4215668899469,0.476220450814315
1993,5,1,6.80084180831909,0,2.24656453545958,20.9762015694687,0.514771649217981
1993,5,2,1.56189620494843,0,5.73388201078797,20.4682587329062,0.541984275757797
1993,5,3,0.0704861804842949,0,1.09015758419173,22.0782237676067,0.553322847621647
1993,5,4,6.18628358840942,0,3.11748843744681,22.1693727689817,0.555590561994417
1993,5,5,4.11136293411255,0,5.15460009199614,26.2910541540205,0.544251990130567
1993,5,6,0.298008888959885,0,2.19638155412122,29.6749800438629,0.512503934845211
1993,5,7,0.25299397110939,0,0.27587695127113,26.0225153049541,0.501165362981361
1993,5,8,0.248842254281044,0,0.250930491673898,20.2166961769035,0.501165362981361
1993,5,9,0.24775105714798,0,0.24831120116778,15.9747345850265,0.517039363590751
1993,5,10,0.0540595687925816,0,0.158552924967807,16.2564489614306,0.521574792336291
1993,5,11,0.0714971572160721,0,0.0625838578253024,16.8639196810636,0.562393705112728
1993,5,12,0.00204781698994339,0,0.0368567401847031,25.6153184505038,0.598677189143624
1993,5,13,0,0,0.00102074700407684,38.6086665497278,0.752881874625138
1993,5,14,7.62364434194751e-05,0,3.81487516278867e-05,0,1.13385826771654
1993,5,15,0,0,3.82451999030309e-05,0,1.80963779960092
1993,5,16,1.56275641918182,0,0.818495834178975,0,2.56251972829263
1993,5,17,4.3673095703125,0,2.9594086257548,0,3.53763788178211
1993,5,18,0.056570041924715,0,2.28470584813294,0,4.21795284241203
1993,5,19,0.00105575285851955,0,0.0291303339245133,0,4.71685022068775
1993,5,20,2.74701929092407,0,1.34505269790225,0,5.05700770100271
1993,5,21,4.85906934738159,0,3.79241232643199,0,4.80755922813115
1993,5,22,0.607261002063751,0,2.84358776746558,0,5.51055100808932
1993,5,23,0.00302562862634659,0,0.310412574989641,0,5.91874024398684
1993,5,24,0.49348571896553,0,0.249198429487478,0,5.82803166907603
1993,5,25,0.000362899067113176,0,0.247794876888293,0,6.37228355107345
1993,5,26,0,0,0.00018072959210258,0,5.80535441721518
1993,5,27,0.463534832000732,0,0.231786721938079,0,6.10015739380844
1993,5,28,0.843925654888153,0,0.649702191818506,0,5.71464584230438
1993,5,29,0.667532384395599,0,0.763668752645572,0,5.55590551181102
1993,5,30,0.875582098960877,0,0.941929867201907,0,5.57858276367188
1993,5,31,4.36423349380493,0,3.61953872582944,0,4.7395274725486
1993,6,1,1.54514336585999,0,3.29914159373857,0,4.30866141732284
1993,6,2,0.00798177067190409,0,0.603235798594142,0,4.92094505490281
1993,6,3,0.00234123761765659,0,0.00679150008545548,0,5.07968495286356
1993,6,4,0.854326128959656,0,0.182474068991723,0,4.62614164577694
1993,6,5,5.05458974838257,0,1.68838046548353,0,5.57858276367188
1993,6,6,2.84442090988159,0,4.04561620720051,0,6.07748014194759
1993,6,7,1.1605738401413,0,1.95307264364419,0,4.10456701564038
1993,6,8,0.130758196115494,0,0.508690050168298,0,2.67590555506428
1993,6,9,0.217527881264687,0,0.211458432680047,0,2.26318099855438
1993,6,10,0.856760680675507,0,0.657886120020521,0,2.20648808516855
1993,6,11,0.328775256872177,0,0.524833032908646,0,2.49448818897638
1993,6,12,1.75233030319214,0,1.45277663161323,0,3.03874007097379
1993,6,13,3.22539520263672,-9.09494701772928e-13,3.21747803813196,0,4.39936999223364
1993,6,14,9.90355968475342,9.09494701772928e-13,8.63653260072624,0,5.03433088167446
1993,6,15,9.90286827087402,0,9.90331409296505,0,5.01165362981361
1993,6,16,0.86031985282898,0,5.42001707833788,0,4.12724426750123
1993,6,17,3.30474257469177,0,1.78492649512464,0,3.44692909060501
1993,6,18,1.94279396533966,0,3.08497848562274,0,2.87999995674674
1993,6,19,1.68905377388001,0,2.01126567406118,0,2.56251972829263
1993,6,20,2.85617971420288,0,2.40952401065988,0,2.35842511034387
1993,6,21,2.39441704750061,0,2.43432161426608,0,2.29039378729392
1993,6,22,1.89816606044769,0,1.96688045246447,0,2.74393709438054
1993,6,23,0.0587526485323906,0,1.37891492751351,0,2.44913390152098
1993,6,24,1.63160479068756,0,0.83427044183918,0,2.19968499611682
1993,6,25,1.90751123428345,0,1.63972142220427,0,2.03414179283803
1993,6,26,0.131001174449921,0,0.361246407172985,0,1.90261425108422
1993,6,27,0,0,0.0819796071964447,0,1.80283460241603
1993,6,28,0.000445846148068085,0,0.0300945074968695,0,1.84592133769839
1993,6,29,0.80517041683197,0,0.588893166706839,0,1.86859837329294
1993,6,30,0.0934066250920296,0,0.664081704351702,0,1.98878750538263
1993,7,1,0,0,0.123705933497149,0,1.94116544948788
1993,7,2,0.00303034763783217,0,0.00700677513850678,0,1.8164409967858
1993,7,3,0.202389553189278,0,0.0423403101513031,0,1.76201574370617
1993,7,4,0.559728384017944,0,0.259550097709507,0,1.66903940035602
1993,7,5,0.980101346969604,0,0.618549126406833,0,1.55792123389056
1993,7,6,1.3964980840683,0,1.03381084881585,0,1.4014487799697
1993,7,7,1.35984599590302,0,1.36067510657631,0,1.29940157912848
1993,7,8,2.63673114776611,0,1.61546906449621,0,1.32661415160172
1993,7,9,3.93634510040283,0,2.86650194680533,0,1.51256694643516
1993,7,10,3.20993137359619,0,3.6668438815359,0,2.33574807474932
1993,7,11,4.10757350921631,0,3.56313302497892,0,2.09083470622386
1993,7,12,3.84465074539185,0,3.9899724786037,0,1.96837802196112
1993,7,13,0.718692660331726,0,2.47038092937328,0,1.79376374492495
1993,7,14,0.317965090274811,0,0.474602126917489,0,1.75067711777574
1993,7,15,0.451685130596161,0,0.464146512836123,0,1.86859837329294
1993,7,16,1.0570113658905,0,0.934201425449828,0,1.72799997404804
1993,7,17,6.46878480911255,0,2.43678179620656,0,2.03640934501107
1993,7,18,2.65747666358948,0,5.71955317537322,0,2.26771653543307
1993,7,19,1.38150095939636,0,2.32432674763186,0,1.78015745868833
1993,7,20,1.50622069835663,0,1.4341043295608,0,1.57833071731207
1993,7,21,2.61976003646851,0,1.66620397487532,0,1.56699209138164
1993,7,22,0.987312316894531,0,2.13163731656823,0,1.44453540711891
1993,7,23,1.85498654842377,0,1.55544218995965,0,1.5624566626361
1993,7,24,0.0242785755544901,0,1.39560812785112,0,1.3560944925143
1993,7,25,0.321112871170044,0,0.392330597846922,0,1.23590546855776
1993,7,26,2.59338212013245,0,2.1234094276133,0,1.22003152201495
1993,7,27,1.36131012439728,0,2.1685158481323,0,1.21096066452387
1993,7,28,0.915602505207062,0,1.32253809427948,0,1.18148032361128
1993,7,29,6.74978113174439,0,2.44551509112989,0,1.20415746733898
1993,7,30,6.04730415344238,0,6.6037502996578,0,1.6803779181533
1993,7,31,1.86553931236267,0,4.4085300246561,0,1.58059837761826
1993,8,1,0.4072605073452,0,1.49341729296066,0,1.39237792247862
1993,8,2,0.000844988389872015,0,0.238345156594733,0,1.24951186292753
1993,8,3,0,0,0.000569924447518133,0,1.1519999826987
1993,8,4,0.495147556066513,0,0.174060564560932,0,1.06809449683963
1993,8,5,2.74649786949158,0,1.364613333948,0,1.03634649562085
1993,8,6,1.01534879207611,0,1.77885155303829,0,1.06355906809409
1993,8,7,1.51031970977783,0,1.36207427373029,0,1.00459838626892
1993,8,8,0.982382714748383,0,1.00375813567734,0,1.06809449683963
1993,8,9,0.247316941618919,0,0.346913710535773,0,0.981921242541216
1993,8,10,0,0,0.0409969831498529,0,0.907086614173228
1993,8,11,3.74966144561768,0,0.717368569264181,0,0.882141756072758
1993,8,12,1.76122415065765,0,2.43958109782034,0,0.941102383831355
1993,8,13,0.0727617740631104,0,1.08879490668278,0,0.929763757900929
1993,8,14,2.00123071670532,0,0.463421513113644,0,0.857196843905712
1993,8,15,1.06914949417114,0,1.40611403081857,0,0.886677184818298
1993,8,16,0.710650444030762,0,0.959392563001529,0,0.850393700787402
1993,8,17,3.64648056030273,0,2.0031100353126,-1.81898940354586e-12,0.795968501774345
1993,8,18,3.2032163143158,0,3.55749962136633,1.81898940354586e-12,0.793700787401575
1993,8,19,0.248678341507912,0,1.88899136979762,0,0.743811017134058
1993,8,20,0.301898956298828,0,0.26650640200387,0,0.700724389984852
1993,8,21,3.38154673576355,0,1.33265558923449,0,0.687118103748231
1993,8,22,1.21404898166657,0,2.02410242559017,0,0.702992104357622
1993,8,23,6.64752292633057,0,3.45824927711601,0,0.716598444660818
1993,8,24,8.98623943328857,0,7.50890180434271,0,0.929763757900929
1993,8,25,0,0,5.74647932507287,0,0.956976330374169
1993,8,26,0.0208991635590792,0,0.0098945292429562,0,0.843590557669091
1993,8,27,0.303837984800339,0,0.0793717881215343,0,0.789165358656035
1993,8,28,7.90531430538977e-06,0,0.218538726373481,0,0.718866159033588
1993,8,29,0.331125795841217,9.09494701772928e-13,0.181675911410821,0,0.693921246866542
1993,8,30,2.28078722953796,-9.09494701772928e-13,1.72534769657068,0,0.668976388766071
1993,8,31,1.847696185112,0,2.18652988755002,0,0.678047246257151
1993,9,1,0.246255025267601,0,1.11713968284948,0,0.682582675002691
1993,9,2,0.132314473390579,0,0.206113750426994,0,0.678047246257151
1993,9,3,0.00251297769136727,0,0.0677486857157419,0,0.628157475989635
1993,9,4,0,0,0.000770700982684502,0,0.625889761616865
1993,9,5,0.00108940887730569,0,0.113805824466908,0,0.587338563213198
1993,9,6,2.9335789680481,0,2.16842599319534,0,0.578267705722118
1993,9,7,10.2486581802368,0,5.42665534358366,0,0.612283475380244
1993,9,8,0.853192210197449,0,3.94519217680045,0,0.959244098813515
1993,9,9,0.694493353366852,-9.09494701772928e-13,0.731630540217338,0,0.805039359265425
1993,9,10,5.92883729934692,9.09494701772928e-13,1.8036336157611,0,0.757417303370679
1993,9,11,1.37341976165771,0,5.04982551383182,0,0.898015756682148
1993,9,12,9.32638931274414,0,5.36928633441312,0,0.818645645502045
1993,9,13,2.44275593757629,0,4.22254841207359,0,1.00006295752338
1993,9,14,2.22751712799072,0,2.2875177047008,0,1.02500786969042
1993,9,15,5.48952913284302,0,3.42087164250279,0,0.886677184818298
1993,9,16,2.97543907165527,0,4.91549198593384,0,0.816377931129275
1993,9,17,6.29620742797852,0,4.87849221690703,0,0.823181128314161
1993,9,18,2.12351608276367,0,3.97886239274612,0,0.870803130142332
1993,9,19,1.97377026081085,0,2.07543636424271,0,0.811842502383735
1993,9,20,2.90014386177063,0,2.4402646950457,0,0.789165358656035
1993,9,21,3.64805150032043,0,3.07514375157461,0,0.820913359874816
1993,9,22,3.5595498085022,0,3.57009097656737,0,0.895748042309378
1993,9,23,6.46555376052856,0,4.09569126835959,0,0.854929129532942
1993,9,24,1.23320138454437,0,3.87088539907109,0,0.823181128314161
1993,9,25,9.27109909057617,0,6.23819586018635,0,0.786897644283265
1993,9,26,6.19118452072144,0,7.12615917880248,0,1.07943312277005
1993,9,27,0.415937960147858,0,2.8631966067469,0,1.25858272041861
1993,9,28,15.0692319869995,9.09494701772928e-13,5.76535016707385,0,1.09303940900667
1993,9,29,6.84516906738281,-9.09494701772928e-13,8.27568578078353,0,1.70985825906588
1993,9,30,2.78366446495056,0,3.75643069322541,0,1.36289768969919
1993,10,1,10.9935140609741,0,9.09586404350375,0,1.29940157912848
1993,10,2,8.99868297576904,0,9.51007470112836,0,3.01606303537924
1993,10,3,8.17692279815674,0,8.58726225878399,0,3.2201574370617
1993,10,4,14.1017799377441,0,11.8478513005803,0,3.03874007097379
1993,10,5,2.45707130432129,0,7.22616486229344,0,2.65322830320343
1993,10,6,0.0512818805873394,0,0.874891967289841,0,1.9570393960307
1993,10,7,0.593633592128754,0,0.305071051508094,0,1.8617952842412
1993,10,8,3.07593274116516,0,2.36014643800354,0,1.81190545990711
1993,10,9,0.287362486124039,0,1.71674593766147,0,1.78015745868833
1993,10,10,0,0,0.214452577305565,0,1.61914957602193
1993,10,11,0,0,0.0152821780493468,0,1.48308660552258
1993,10,12,0.147548347711563,-9.09494701772928e-13,0.0980014033966654,0,1.42185826339121
1993,10,13,0.00398933282122016,9.09494701772928e-13,0.0331207841345531,0,1.32888192004106
1993,10,14,0.00471824314445257,0,0.300101934064514,0,1.2404408973033
1993,10,15,3.07894277572632,0,2.59424071379362,0,1.17921255517194
1993,10,16,3.2423312664032,0,3.12904969880128,0,1.1519999826987
1993,10,17,5.44261932373047,0,4.30511798000134,0,1.07036215714582
1993,10,18,4.28594589233398,0,4.86427628364254,0,0.970582724743941
1993,10,19,11.1252593994141,3.343911826978,4.36168755137987,0,0.929763757900929
1993,10,20,9.98455047607422,5.43272959145725,5.11898651226056,0.025692773895571,0.902551185427688
1993,10,21,11.8645038604736,8.02430472246033,2.89930610524971,0.025574832525308,0.884409470445528
1993,10,22,1.72458207607269,6.85005103980893,0,0,0.863999987024022
1993,10,23,7.48562145233154,4.69189011690378,0,0,0.845858272041862
1993,10,24,0,3.77877667038592,0,0,0.825448842686931
1993,10,25,1.75075912475586,0.846850151543549,0,0,0.807307073638195
1993,10,26,3.27921438217163,0.875379673118914,1.63960698367009,8.20476043678355,0.798236216147115
1993,10,27,0.417072534561157,0.15685391610441,1.70269731355347,8.27016567015562,0.786897644283265
1993,10,28,7.00615930557251,0.159043762975671,3.53320592008913,4.00595063493165,0.777826786792184
1993,10,29,11.087254524231,0,9.03743862922693,16.6162580041237,0.768755929301104
1993,10,30,3.93212890625,9.09494701772928e-13,7.50122357765395,8.24239539981681,0.757417303370679
1993,10,31,3.2470076084137,1.62350130753111,1.9660674765928,0,0.748346445879598
1993,11,1,5.41134262084961,4.31676704945585,9.09494701772928e-13,0,0.741543302761288
1993,11,2,14.7029933929443,10.0417497058315,-9.09494701772928e-13,0,0.734740159642978
1993,11,3,0.853489875793457,7.75537835174691,0,0,0.727937016524668
1993,11,4,0.0210630483925343,0.39311590784564,0,0,0.718866159033588
1993,11,5,0.0151550881564617,0.0182955728259913,0,0,0.712063015915278
1993,11,6,0,0.00419156447242131,0,0,0.705259818730392
1993,11,7,1.32625949382782,0.575997621567694,0,0,0.698456675612082
1993,11,8,0.00667893327772617,0.670856067721616,9.09494701772928e-13,0,0.693921246866542
1993,11,9,1.23965859413147,0.646142540977053,0.00114161234614585,0,0.687118103748231
1993,11,10,1.03553426265717,0.939075148008669,0.181818996893526,0,0.680314960629921
1993,11,11,3.56075358390808,2.10221989319416,0.160618243236058,0,0.673511817511611
1993,11,12,1.04726600646973,2.3933980471802,0,0,0.666708674393301
1993,11,13,14.8999242782593,7.86023043787191,0,0,0.659905531274991
1993,11,14,14.916672706604,14.9093626510821,0,0,0.653102388156681
1993,11,15,2.44311904907227,8.87615090621148,0,0,0.634960619107945
1993,11,16,0.0225840229541063,1.15743236054641,0,0,0.544251990130567
1993,11,17,3.07315635681152,1.333060026157,0,0,0.408188965564638
1993,11,18,4.3818883895874,3.52990072478769,9.09494701772928e-13,0,0.278929138183594
1993,11,19,11.0519895553589,7.58368909535875,-9.09494701772928e-13,0,0.292535424420214
1993,11,20,1.47901010513306,6.14311484574955,0,0,0.387779536209707
1993,11,21,0.0214291717857122,0.885235389983791,0,0,0.476220450814315
1993,11,22,1.488893866539,0.478199776479414,0,0,0.544251990130567
1993,11,23,11.7357053756714,6.489210719109,0,0,0.610015761007474
1993,11,24,0.237539708614349,6.09402372107979,0,0,0.600944903516394
1993,11,25,12.2879552841187,6.13000387150896,0,0,0.578267705722118
1993,11,26,1.46978175640106,6.53034245605613,0,0,0.566929133858268
1993,11,27,14.0031309127808,7.5112764666801,0,0,0.553322847621647
1993,11,28,8.212158203125,11.1240303893856,9.09494701772928e-13,0,0.539716561385027
1993,11,29,4.67588901519775,6.57268341090821,-9.09494701772928e-13,0,0.523842506709061
1993,11,30,0.43416628241539,2.48518695524763,0,0,0.510236220472441
1993,12,1,2.0798614025116,1.19320219562178,0,0,0.501165362981361
1993,12,2,4.79471158981323,3.04283305437821,9.09494701772928e-13,0,0.494362219863051
1993,12,3,6.84246301651001,5.30641465400277,-9.09494701772928e-13,0,0.48982679111751
1993,12,4,2.34375882148743,5.00054682481004,0,0,0.4830236479992
1993,12,5,9.23753547668457,6.36817177324338,0,0,0.476220450814315
1993,12,6,12.1604070663452,10.2324977768203,-9.09494701772928e-13,0,0.467149593323235
1993,12,7,6.9776496887207,9.67107257895168,9.09494701772928e-13,0,0.460346450204924
1993,12,8,2.11361980438232,4.13563293361312,0,0,0.451275592713844
1993,12,9,0.985993027687073,1.77022221612242,0,0,0.444472449595534
1993,12,10,1.53906762599945,1.10633976237841,0,0,0.435401565071166
1993,12,11,1.14414381980896,1.3014026169385,0,0,0.430866136325626
1993,12,12,0.33667403459549,0.774496689688931,0,0,0.426330707580086
1993,12,13,1.0844624042511,0.551602492746497,0,0,0.419527564461776
1993,12,14,2.3455228805542,1.2578763342608,0,0,0.414992135716236
1993,12,15,13.8189496994019,7.83363924841524,0,0,0.410456679937408
1993,12,16,10.5723295211792,12.7414708900396,0,0,0.405921251191868
1993,12,17,3.76908135414124,7.4695382753971,0,0,0.401385822446327
1993,12,18,4.40717077255249,3.94912392045808,0,0,0.399118108073557
1993,12,19,4.88931798934937,2.18383882665512,2.44465782696989,2.81097169708119,0.394582679328017
1993,12,20,3.88144135475159,1.93933986885531,2.44639835161524,2.81297302645544,0.390047250582477
1993,12,21,2.43684601783752,3.32612175639042,0,0,0.387779536209707
1993,12,22,4.43956708908081,2.96134958793755,0,0,0.385511821836937
1993,12,23,2.748215675354,4.07758443978855,0,0,0.380976366058109
1993,12,24,10.0744695663452,2.21267966532741,4.33064672439741,0.783130178087959,0.376440937312569
1993,12,25,5.7668833732605,3.58930571475776,4.33208635574192,0.783390513050108,0.371905508567029
1993,12,26,0.405434668064117,2.36906837960123,0,0,0.369637794194259
1993,12,27,0.607622623443604,0.447883551973064,0,0,0.365102365448719
1993,12,28,1.79042661190033,1.16950704717146,0,0,0.362834651075949
1993,12,29,2.97457504272461,2.37143829574507,0,0,0.358299222330409
1993,12,30,0.172378435730934,1.77530880039558,0,0,0.356031507957639
1993,12,31,2.02507781982422,0.956837590328178,0,0,0.351496052178811
1994,1,1,0.538749933242798,1.63367831804408,0,0,0.349228337806041
1994,1,2,0.30676281452179,0.565524418471796,0,0,0.346960623433271
1994,1,3,0.772366642951965,0.502759925706414,9.09494701772928e-13,0,0.344692909060501
1994,1,4,0.140693068504334,0.598375114716873,-9.09494701772928e-13,0,0.342425194687731
1994,1,5,3.79732275009155,1.05021298334577,0,0,0.340157480314961
1994,1,6,5.68904972076416,4.47648214212495,0,0,0.335622051569421
1994,1,7,1.36738193035126,3.95101524496204,0,0,0.33108662282388
1994,1,8,0.137069642543793,0.701154133298587,0,0,0.32881890845111
1994,1,9,0.301955729722977,0.195575791273768,0,0,0.324283452672283
1994,1,10,0.960176289081573,0.744613625786769,0,0,0.319748023926742
1994,1,11,3.97736072540283,3.03815699986808,0,0,0.315212595181202
1994,1,12,2.38405513763428,2.89774588458113,0,0,0.310677166435662
1994,1,13,10.9240694046021,6.29556230811886,0,0,0.303874023317352
1994,1,14,5.35259914398193,8.02215419084951,0,0,0.297070853165754
1994,1,15,0.678938925266266,3.64835484737523,0,0,0.290267710047444
1994,1,16,2.54860353469849,1.62786105221585,0,0,0.285732281301904
1994,1,17,8.20996570587158,5.97789649095648,-9.09494701772928e-13,0,0.283464566929134
1994,1,18,3.0270299911499,6.80633786994713,9.09494701772928e-13,0,0.278929138183594
1994,1,19,0.259030103683472,1.66606883220265,0,0,0.276661423810824
1994,1,20,0.105351693928242,0.19936728085213,0,0,0.272125995065284
1994,1,21,0.0527218766510487,0.0926545458669352,0,0,0.267590539286456
1994,1,22,0.235057771205902,0.211941507890515,0,0,0.265322824913686
1994,1,23,0.378940880298615,0.263743444903412,0,0,0.260787396168146
1994,1,24,0.57910543680191,0.456125494256412,-9.09494701772928e-13,0,0.258519681795376
1994,1,25,2.36368560791016,0.859641596569418,9.09494701772928e-13,0,0.253984253049835
1994,1,26,0.020936157554388,1.11902486997315,9.09494701772928e-13,0,0.251716538677065
1994,1,27,3.31530284881592,2.26765221815003,-9.09494701772928e-13,0,0.247181109931525
1994,1,28,3.33411836624146,3.32753812313695,0,0,0.244913395558755
1994,1,29,2.5613157749176,3.23693230399113,0,0,0.240377939779927
1994,1,30,0.0381882935762405,1.67197034503079,0,0,0.238110225407157
1994,1,31,0.00243146857246757,0.0199917959116647,0,0,0.233574796661617
1994,2,1,0.130502283573151,0.0917633799945179,9.09494701772928e-13,0,0.229039367916077
1994,2,2,0.103707395493984,0.126348342067104,-9.09494701772928e-13,0,0.225411027622974
1994,2,3,0.0230425205081701,0.0889573045669749,0,0,0.221782673813227
1994,2,4,1.21525514125824,0.452009467067001,0,0,0.217927564786175
1994,2,5,0.020802229642868,0.506898135436131,0,0,0.214299210976428
1994,2,6,0.081898495554924,0.0323748195332882,0,0,0.211351176885169
1994,2,7,0.176766008138657,0.109715270541528,0,0,0.208403156310555
1994,2,8,0.0177441164851189,0.0860506928438554,0,0,0.205455122219296
1994,2,9,0.572024941444397,0.39344308906584,9.09494701772928e-13,0,0.202507088128037
1994,2,10,1.59127259254456,1.33688359748339,-9.09494701772928e-13,0,0.199559054036779
1994,2,11,2.4423770904541,2.23511246683483,0,0,0.19706457093006
1994,2,12,1.94445252418518,1.84144394569921,0,0,0.194570074306698
1994,2,13,0.277304470539093,0.519552562238459,0,0,0.19207559119998
1994,2,14,0.30253192782402,0.283486099328002,0,0,0.189581108093262
1994,2,15,0.35818687081337,0.320527917421714,0,0,0.1870866114699
1994,2,16,0.0018002912402153,0.184519952525079,0,0,0.185499216815618
1994,2,17,0.0100327571853995,0.00665297302020917,0,0,0.183911808644693
1994,2,18,0.00752480933442712,0.0106220738216507,0,0,0.182324413990411
1994,2,19,0.126166075468063,0.121291391778868,0,0,0.180737005819486
1994,2,20,1.50169014930725,1.19285494687847,0,0,0.179149611165204
1994,2,21,0.721722185611725,1.20319950119301,0,0,0.177788971728227
1994,2,22,2.6806923415279e-05,0.574938673004908,0,0,0.176655114541842
1994,2,23,0,0.0439842217247133,0,0,0.175294488621509
1994,2,24,0,0,0,0,0.174160631435124
1994,2,25,0,0,0,0,0.172800005514791
1994,2,26,0,0,0,0,0.172119685796302
1994,2,27,6.48787546157837,3.39257661231295,0,0,0.171666148328406
1994,2,28,3.13615894317627,3.72039647286874,9.09494701772928e-13,0,0.170985828609917
1994,3,1,6.79238891601563,3.95601084766713,-9.09494701772928e-13,0,0.17007874015748
1994,3,2,3.99105310440064,3.69772457630916,1.62717520109254,0.66302792048009,0.17007874015748
1994,3,3,6.53436231613159,3.64300539446776,1.62298045357238,0.661318679382021,0.169851971423532
1994,3,4,9.61879539489746,8.23178832032136,0,0,0.169851971423532
1994,3,5,1.99449050426483,5.39350537355676,0,0,0.169625202689584
1994,3,6,2.60598826408386,2.08374185956018,0,0,0.169171651705044
1994,3,7,0.205847293138504,1.54840797860743,0,0,0.168944882971095
1994,3,8,0.11089264601469,0.158842101147457,0,0,0.168491331986555
1994,3,9,0.115801699459553,0.10379767716131,0.00773866131930845,0,0.168264563252607
1994,3,10,1.90465331077576,0.464849717044672,0.0392227367537998,0,0.16781102578471
1994,3,11,10.0756435394287,5.05193702764609,0.000401874046474404,0,0.16781102578471
1994,3,12,13.31422996521,12.5266444692961,-9.09494701772928e-13,0,0.16781102578471
1994,3,13,2.80443024635315,7.98887349509732,1.81898940354586e-12,0,0.16781102578471
1994,3,14,1.5930951833725,2.49673570532741,0.02981059396825,0,0.16781102578471
1994,3,15,1.95550775527954,1.81610292117512,0.0484552959496796,0,0.16781102578471
1994,3,16,3.87185835838318,2.74067983607802,0,0,0.168264563252607
1994,3,17,4.03263378143311,3.90323403896764,0,0,0.168944882971095
1994,3,18,1.99473035335541,3.01305597799183,0,0,0.169398420438992
1994,3,19,2.94509148597717,2.42856004337773,0,0,0.17007874015748
1994,3,20,3.69529271125793,3.14418074542209,0,0,0.170532277625377
1994,3,21,0.0423681288957596,1.44778129334554,0,0,0.171212597343865
1994,3,22,0.00987012591212988,0.019684166274601,0,0,0.172119685796302
1994,3,23,2.97924590110779,0.393035844576843,0,0,0.172800005514791
1994,3,24,0.680037498474121,1.68176758942718,0,0,0.173707080450584
1994,3,25,0.0719986855983734,0.395872499080724,0.00823204518019338,0,0.174387400169072
1994,3,26,2.05639410018921,0.0276301828653232,1.03724657527437,6.71579882003971,0.176201577073946
1994,3,27,2.34870791435242,1.17163083721243,1.03058125793996,6.73137246949591,0.178015753978819
1994,3,28,0,1.18000235702584,0,0,0.179829917367049
1994,3,29,2.39339685440064,0,1.19669860598151,6.66448528736328,0.181644094271923
1994,3,30,1.2534214258194,0,1.83072744176297,18.0414624428322,0.183458271176796
1994,3,31,0.102501094341278,0,0.678623097281161,13.716786398456,0.185272434565026
1994,4,1,1.28307259082794,0,0.605533799034674,5.0660126131952,0.186406305268055
1994,4,2,0.404949724674225,0,0.830012254471512,10.6380512730229,0.188674019640825
1994,4,3,0.0365998856723309,0,0.236845339166393,17.4715089021793,0.191168502747543
1994,4,4,0.180851146578789,0,0.130197079813115,20.3551766614455,0.193436217120313
1994,4,5,0.0156484451144934,0,0.107936957122547,17.7329370557836,0.195703931493083
1994,4,6,0.00189687171950936,0,0.00907812407149322,9.79572137744071,0.198425196850394
1994,4,7,0.000955967290792614,0.000452101676273742,0.000999791985123011,2.59688935459053,0.200919679957112
1994,4,8,0.590224623680115,0.319079607147614,0,0,0.203640945314422
1994,4,9,0.585199415683746,0.588264633003746,0,0,0.206135428421141
1994,4,10,7.42142868041992,1.45384244651268,2.43481259095097,0.28331401131436,0.208856693778451
1994,4,11,7.11047077178955,1.17741148917503,6.08671371411128,5.6338497087545,0.211124408151221
1994,4,12,4.38475847244263,2.19552079454024,3.55014093001682,5.27458786994976,0.213165353790043
1994,4,13,6.9800009727478,4.97502169819109,0,0,0.221555905079278
1994,4,14,3.29331374168396,4.94261486776122,0,0,0.215659836896761
1994,4,15,1.70519149303436,2.54715621441392,9.09494701772928e-13,0,0.204774802500807
1994,4,16,2.04055404663086,1.854944886044,-9.09494701772928e-13,0,0.1870866114699
1994,4,17,0.175275534391403,1.12485066692807,0,0,0.322015738299513
1994,4,18,0.17104434967041,0.173184564836447,0,0,0.21906142197256
1994,4,19,0.292017966508865,0.0844137769436202,0.147901311759597,5.91479684973456,0.203187407846526
1994,4,20,0.153041943907738,0,0.222529549639148,17.7282243209193,0.240377939779927
1994,4,21,0.541051328182221,0,0.387585513666636,24.42397424708,0.269858280692514
1994,4,22,0.0121677936986089,0,0.274855689372998,28.9648496389382,0.308409452062892
1994,4,23,0.164915934205055,0,0.0790574601342087,30.466492704556,0.342425194687731
1994,4,24,0.00734412856400013,0,0.0668273657029204,26.2244580021597,0.412724421343466
1994,4,25,0.000547093339264393,0,0.00312731548001466,25.9472432618932,0.48755907674474
1994,4,26,0.0167580433189869,0,0.00937265769789519,24.2913384650747,0.523842506709061
1994,4,27,1.55306100845337,0,0.735835045907152,24.2918384000004,0.544251990130567
1994,4,28,0.0957050919532776,-9.09494701772928e-13,0.823395709900069,24.8685947581944,0.562393705112728
1994,4,29,5.75360012054443,9.09494701772928e-13,2.40663972754101,24.8614391524588,0.650834619717335
1994,4,30,4.30303859710693,0,4.83603436115482,25.1362206926206,0.816377931129275
1994,5,1,0.573819279670715,0,2.43808757442457,21.8426295271729,0.750614160252368
1994,5,2,1.08320426940918,0,0.828513125395148,21.2331745969295,0.666708674393301
1994,5,3,0.257768720388413,0,0.670007774114311,25.8763748934471,0.682582675002691
1994,5,4,1.35129249095917,0,0.802161651917231,23.8092796708352,0.646299190971795
1994,5,5,2.4250590801239,0,1.9148100376824,18.3727191747839,0.546519704503337
1994,5,6,1.07420301437378,-9.09494701772928e-13,1.75233419706001,22.0268077164874,0.501165362981361
1994,5,7,0.513962864875794,9.09494701772928e-13,0.793046246680206,23.3526452245224,0.464881878950464
1994,5,8,9.14933967590332,0,4.81835623605275,3.15035876948969,0.451275592713844
1994,5,9,6.45133924484253,0,7.48622539095049,0,0.449007878341074
1994,5,10,2.17094779014587,0,4.75506017702355,0,0.4830236479992
1994,5,11,3.3356146812439,0,2.5189111654654,0,0.705259818730392
1994,5,12,4.61218976974487,0,3.79223945759622,0,0.870803130142332
1994,5,13,0.65192586183548,0,2.19416945516332,0,0.755149588997909
1994,5,14,1.20000648498535,0,0.986456953914967,0,0.773291358046644
1994,5,15,0.0607885606586933,0,0.228698942016308,0,0.852661415160172
1994,5,16,0,0,0.0471286519305068,0,0.990992100032296
1994,5,17,0.0184298381209373,0,0.00744350734203181,0,1.10211026649775
1994,5,18,0.223166093230248,0,0.0634353666919196,0,1.29940157912848
1994,5,19,0.785095870494843,0,0.338316852620665,0,1.85725974736251
1994,5,20,1.00139677524567,0,0.803176569468633,0,3.06141732283465
1994,5,21,0.0813620463013649,0,0.782904372862504,0,3.1294488621509
1994,5,22,0.910156548023224,0,0.408749406058632,0,2.65322830320343
1994,5,23,2.0546669960022,0,1.48131081620431,0,2.20648808516855
1994,5,24,4.22324085235596,0,3.28611993963477,0,2.12258259930949
1994,5,25,0.743824422359467,0,1.42004010623077,0,2.02507093534695
1994,5,26,1.07725560665131,0,1.02697599738349,0,1.73026774248739
1994,5,27,1.10224497318268,0,1.03789529238111,0,1.46721255084661
1994,5,28,0.486374706029892,0,0.633499339091031,0,1.27899209570697
1994,5,29,1.01229417324066,0,0.930757840520528,0,1.33795277753214
1994,5,30,0,0,0.875725784068891,0,1.25404729167307
1994,5,31,1.94597041606903,0,0.37941822688299,0,1.26085038072481
1994,6,1,3.20518946647644,0,1.89115370424497,0,1.51256694643516
1994,6,2,4.18491888046265,0,3.19196480556002,0,1.6123464869702
1994,6,3,2.27960300445557,0,3.81061986101031,0,1.6577007744256
1994,6,4,2.26732015609741,0,2.48691954169226,0,2.17700796052227
1994,6,5,0.233919993042946,0,1.97480750487193,0,2.67590555506428
1994,6,6,0.0179416015744209,0,0.420105100818546,0,2.92535424420214
1994,6,7,0.00144095730502158,0,0.0386478536693176,0,2.97070874792384
1994,6,8,0,0,0.00299684900892316,0,3.03874007097379
1994,6,9,0.938240230083466,0,0.135730969310316,0,2.94803149606299
1994,6,10,0.641152381896973,0,0.795001800734099,0,2.90267720860759
1994,6,11,6.78021955490112,0,1.56001761187326,0,3.2655117245171
1994,6,12,6.01489067077637,0,5.95689700945241,0,5.05700770100271
1994,6,13,0.3983533680439,0,3.54509368577419,0,5.41984243317852
1994,6,14,0.000194481923244894,0,0.326133949682117,0,4.76220472440945
1994,6,15,0.838309764862061,0,0.189152706821005,0,4.10456701564038
1994,6,16,0.959473490715027,0,0.809661101074198,0,4.44472449595534
1994,6,17,1.41700637340546,0,1.09405292617612,0,4.51275581900529
1994,6,18,0.480817884206772,0,0.968587832016965,0,3.19748040146715
1994,6,19,0.821155309677124,0,0.702385921676978,0,3.67370096041462
1994,6,20,0.375207453966141,0,0.43216944769938,0,3.06141732283465
1994,6,21,0.11688044667244,9.09494701772928e-13,0.158193713150467,0,3.37889755128876
1994,6,22,0.47553089261055,-9.09494701772928e-13,0.172543949371175,0,4.51275581900529
1994,6,23,0,0,0.366557126266343,0,4.12724426750123
1994,6,24,0.271151483058929,0,0.104400536296453,0,3.42425205501046
1994,6,25,1.80387222766876,0,0.791931185153771,0,3.35622051569421
1994,6,26,0.682665705680847,0,1.28239198070696,0,2.26318099855438
1994,6,27,0.0150237968191504,0,0.311935609999637,0,1.6350236306979
1994,6,28,0.880720257759094,0,0.502570091572125,0,1.39918111966351
1994,6,29,3.64523124694824,0,2.43063045569397,0,1.45814169335553
1994,6,30,7.44988012313843,9.09494701772928e-13,5.93065802645924,0,1.85045665831078
1994,7,1,2.40110993385315,-9.09494701772928e-13,3.23652990282972,0,3.01606303537924
1994,7,2,2.51919436454773,0,2.44338957014952,0,2.63055126760888
1994,7,3,4.21042156219482,0,3.27613422800368,0,2.76661412997509
1994,7,4,0.999248504638672,0,1.84272749929823,0,2.42645664966013
1994,7,5,4.055016040802,0,1.91230952529259,0,2.17700796052227
1994,7,6,1.2150194644928,0,2.31009709966838,0,2.31307082288847
1994,7,7,1.68451595306396,0,1.39214707273641,0,1.78015745868833
1994,7,8,0.322669059038162,0,0.830007223799839,0,1.63275586225855
1994,7,9,0.00465820729732513,0,0.214359860169679,0,1.6123464869702
1994,7,10,0.0550331063568592,0,0.0364847860637383,0,1.48081894521638
1994,7,11,0.231048792600632,0,0.17357939309386,0,1.39691335122416
1994,7,12,0.62221109867096,0,0.47639214026367,0,1.55338580514502
1994,7,13,0.0448089577257633,0,0.24886923093527,0,1.55111814483883
1994,7,14,0.0089724101126194,0,0.0757935563897263,0,1.48081894521638
1994,7,15,1.30078434944153,9.09494701772928e-13,0.944663044781009,0,1.378771636242
1994,7,16,0.604100167751312,-9.09494701772928e-13,0.772604558765124,0,1.29259838194359
1994,7,17,1.03221023082733,0,1.08866451575432,0,1.21096066452387
1994,7,18,2.26849842071533,0,2.27200654161152,0,1.2676535779097
1994,7,19,4.17574739456177,0,3.71499932268489,0,1.28806295319805
1994,7,20,2.53831100463867,0,2.43435562933064,0,1.21096066452387
1994,7,21,0.00143759523052722,0,0.32017705277849,0,1.0567558709092
1994,7,22,0,0,0.00110359483460343,0,0.950173241322435
1994,7,23,0,0,7.28415070625488e-05,0,0.909354382612574
1994,7,24,0,0,0,0,0.886677184818298
1994,7,25,1.50101637840271,0,0.622776949237959,0,0.909354382612574
1994,7,26,1.7305166721344,0,1.60399216201859,0,0.979653582235021
1994,7,27,0.442868709564209,0,1.01527867456844,0,0.995527528777836
1994,7,28,5.85179233551025,0,4.14598142613067,0,0.929763757900929
1994,7,29,7.77113103866577,0,6.32655915615942,0,1.68264568659264
1994,7,30,4.50218200683594,0,5.90794626896241,0,1.7733543696366
1994,7,31,6.82628440856934,0,5.56822600366104,0,1.52617323267178
1994,8,1,6.02729225158691,0,6.65010582031118,0,1.41732283464567
1994,8,2,0.110021263360977,0,3.14485805598451,0,1.20188980703279
1994,8,3,0.0121580613777041,0,0.0612168409388687,0,1.04768501341812
1994,8,4,0.432702004909515,0,0.492740595992473,0,0.968314956304595
1994,8,5,2.41711235046387,0,2.09122434198071,0,0.934299186646469
1994,8,6,0.497259974479675,0,1.57055952050723,0,0.990992100032296
1994,8,7,0,0,0.423225298597572,0,0.950173241322435
1994,8,8,0.00102130952291191,0,0.0486192007983846,0,0.904818899800458
1994,8,9,0.0161502901464701,0,0.00486032959088334,0,0.884409470445528
1994,8,10,0.0493624731898308,0,0.0240784157858798,0,0.780094501164954
1994,8,11,0.00683095725253224,0,0.0371023061943561,0,0.696188961239312
1994,8,12,0.445175111293793,0,0.121175243213656,0,0.678047246257151
1994,8,13,0.625704348087311,0,0.473998356411357,0,0.639496047853485
1994,8,14,0.984819352626801,0,0.750704517589838,0,0.646299190971795
1994,8,15,3.40819978713989,0,2.23787661357164,0,0.619086618498554
1994,8,16,0.862215936183929,0,1.57723335112132,0,0.580535420094888
1994,8,17,0.000546197406947613,0,0.616281627456374,0,0.535181078572912
1994,8,18,0,0,0.0260284211144608,0,0.48982679111751
1994,8,19,0,0,0.00326217205383728,0,0.4830236479992
1994,8,20,0.136762470006943,0,0.206368850146646,0,0.48755907674474
1994,8,21,3.90727257728577,0,3.09710663384067,0,0.469417307696005
1994,8,22,0.665845036506653,0,2.56645667411794,0,0.639496047853485
1994,8,23,1.57275068759918,0,0.865871050384158,0,0.644031476599025
1994,8,24,0,0,0.75086568954066,0,0.582803134467658
1994,8,25,0.000970086955931038,0,0.000408739357226295,0,0.494362219863051
1994,8,26,0.0120894582942128,0,0.00890942038040521,0,0.449007878341074
1994,8,27,0.16252326965332,0,0.129283457592464,0,0.449007878341074
1994,8,28,0.448537975549698,0,0.38333115702153,0,0.451275592713844
1994,8,29,0.664336204528809,0,0.798291480678017,0,0.435401565071166
1994,8,30,4.93170070648193,0,4.03836866119309,0,0.421795278834546
1994,8,31,10.0220909118652,0,6.80569520820973,0,0.829984271432471
1994,9,1,1.4442001581192,0,6.3543526944195,0,0.875338558887872
1994,9,2,1.28872394561768,0,1.361575971614,-1.81898940354586e-12,0.707527533103162
1994,9,3,2.16688442230225,0,1.49977488593322,1.81898940354586e-12,0.628157475989635
1994,9,4,0.855508267879486,0,1.39003067085014,0,0.585070848840428
1994,9,5,4.46427345275879,0,2.61396661398612,0,0.544251990130567
1994,9,6,6.88381099700928,0,5.21363682227366,0,0.569196848231038
1994,9,7,0.249331027269363,0,5.1815510135375,0,0.605480332261934
1994,9,8,0.281237959861755,0,0.307865670883984,0,0.573732276976578
1994,9,9,1.50761306285858,0,0.993418785531503,0,0.512503934845211
1994,9,10,0.320141345262527,0,0.86224326924912,0,0.528377935454602
1994,9,11,4.71042919158936,0,2.03423322339404,0,0.507968506099671
1994,9,12,16.0419826507568,0,11.127950255508,0,0.526110221081831
1994,9,13,7.11289978027344,0,12.2220014263039,0,0.966047295998401
1994,9,14,12.2638320922852,0,9.98232878781164,0,0.938834615392009
1994,9,15,16.114501953125,0,13.937234633695,0,0.913889811358114
1994,9,16,9.30590438842773,0,13.8843451141802,0,0.832251985805241
1994,9,17,5.17884159088135,0,8.06460274609526,0,0.777826786792184
1994,9,18,8.19264125823975,0,5.72840696151434,0,0.850393700787402
1994,9,19,7.28842973709106,0,7.49012068169759,0,0.829984271432471
1994,9,20,4.10515356063843,0,6.47963138706837,0,0.786897644283265
1994,9,21,17.1471672058105,0,10.9102370126129,0,0.975118153489481
1994,9,22,11.5392236709595,0,14.3876633877135,0,1.68944877564438
1994,9,23,2.44332194328308,-9.09494701772928e-13,8.17979540228771,0,1.20188980703279
1994,9,24,22.5668926239014,9.09494701772928e-13,10.0633345397946,0,1.11118112398883
1994,9,25,16.5071640014648,0,20.0573231723338,0,1.40598420871524
1994,9,26,1.40332853794098,0,10.9601199852896,0,1.17921255517194
1994,9,27,1.93294370174408,-9.09494701772928e-13,1.67499276133458,0,1.01820467250554
1994,9,28,0.205164954066277,9.09494701772928e-13,1.46116126047855,0,0.907086614173228
1994,9,29,2.61981517724053e-06,0,0.137567754140036,0,0.820913359874816
1994,9,30,0.00017148966435343,0,0.00241523395925469,0,0.750614160252368
1994,10,1,0.0187471453100443,0,0.0163679072029481,0,0.709795301542507
1994,10,2,14.6915378570557,0,8.92041557132507,0,0.700724389984852
1994,10,3,46.4305419921875,0,30.5610294714879,0,1.23137003981222
1994,10,4,29.0836086273193,0,37.7570853133111,0,6.91653543307087
1994,10,5,4.88102293014526,0,20.1788505653094,0,3.42425205501046
1994,10,6,2.5871946811676,0,3.4876824328403,0,2.38110236220472
1994,10,7,12.4977865219116,0,8.29545598232471,0,2.02053539846826
1994,10,8,11.5566940307617,0,11.9343801305477,0,1.85272442675012
1994,10,9,4.7171802520752,0,10.1761420467974,0,1.61914957602193
1994,10,10,1.21318876743317,0.606597981501182,2.81324252231752,0,1.43319688932164
1994,10,11,1.70935785770416,1.44814208073149,0.0098258318266744,0,1.4513386043038
1994,10,12,1.14230751991272,0.8447206668734,0.579987786752099,2.91924623785235,1.36062992125984
1994,10,13,0.311591029167175,0,0.6183628077506,0,1.27672443540078
1994,10,14,1.09122312068939,0,0.677980055015723,0,1.21096066452387
1994,10,15,9.50949287414551,0,5.2999600988951,0,1.1519999826987
1994,10,16,14.9648284912109,0,12.2371606836532,0,1.17921255517194
1994,10,17,2.25220489501953,0,6.37599227578357,0,1.16333860862912
1994,10,18,0.54266095161438,0,1.04117869884067,0,1.06355906809409
1994,10,19,1.99313616752625,0,1.08537032505774,0,1.03181106687531
1994,10,20,1.88997912406921,0,1.96020596480776,0,1.00686615470826
1994,10,21,2.4007887840271,0,2.03249615674031,0,0.934299186646469
1994,10,22,1.45540773868561,0.727704605349572,1.1964978885153,0,0.827716557059701
1994,10,23,7.48974514007568,4.472061700415,0,0,0.866267701396792
1994,10,24,7.28738069534302,7.42141798259945,0,0,0.832251985805241
1994,10,25,10.5375442504883,3.64368886974262,5.26877426233114,1.24983803043142,0.823181128314161
1994,10,26,4.86007738113403,2.4156400783404,5.29999097253131,1.25724313637511,0.786897644283265
1994,10,27,3.62086796760559,4.24242980417785,0,0,0.755149588997909
1994,10,28,2.40858292579651,3.12771577723015,0,0,0.759685017743449
1994,10,29,8.76713466644287,5.58688632533722,0,0,0.737007874015748
1994,10,30,4.06481885910034,6.37734939746497,0,0,0.743811017134058
1994,10,31,0.0389052592217922,2.17407990251286,0,0,0.705259818730392
1994,11,1,0.350612550973892,0.258272892547211,0,1.81898940354586e-12,0.693921246866542
1994,11,2,3.42359137535095,1.94691064049584,0,-1.81898940354586e-12,0.680314960629921
1994,11,3,7.84638071060181,5.62281890675968,0,0,0.666708674393301
1994,11,4,1.24526560306549,4.58153691412372,0,0,0.653102388156681
1994,11,5,0,0.665950616039481,0,0,0.639496047853485
1994,11,6,3.25124621391296,1.45948191507523,0,0,0.628157475989635
1994,11,7,1.7432953119278,2.62094590474317,0,0,0.619086618498554
1994,11,8,0.43164524435997,1.32398396641202,0,0,0.607748046634704
1994,11,9,2.85682439804077,1.62850402686399,0,0,0.598677189143624
1994,11,10,6.89216184616089,4.64950277762637,0,1.81898940354586e-12,0.587338563213198
1994,11,11,8.4547119140625,7.4709307791918,0,-1.81898940354586e-12,0.573732276976578
1994,11,12,8.77233219146729,8.67909702168709,0,0,0.560125990739958
1994,11,13,4.13343954086304,6.7996039107984,0,0,0.548787418876107
1994,11,14,0.731316328048706,2.36431644053209,0,0,0.535181078572912
1994,11,15,4.93931484222412,2.91228464335472,0,0,0.521574792336291
1994,11,16,1.06236386299133,2.693368954785,0,0,0.512503934845211
1994,11,17,4.38756942749023,2.77980340922113,0,0,0.501165362981361
1994,11,18,9.86991214752197,6.77513306168567,0,0,0.492094505490281
1994,11,19,2.23584532737732,5.99092954335538,0,0,0.480755879559855
1994,11,20,8.56742477416992,5.05792464884871,0,0,0.471685022068775
1994,11,21,4.58328151702881,6.52416047779934,0,0,0.462614164577694
1994,11,22,4.17818355560303,4.45592520359241,0,0,0.451275592713844
1994,11,23,2.60211515426636,3.79780081946319,0,0,0.442204735222764
1994,11,24,5.61675214767456,4.32257473657046,0,0,0.430866136325626
1994,11,25,1.97966623306274,4.03091058020345,0,0,0.421795278834546
1994,11,26,3.77798938751221,2.42016177002188,0,0,0.414992135716236
1994,11,27,3.62755036354065,3.72044098674542,0,0,0.405921251191868
1994,11,28,1.11316478252411,2.10929885375117,0,0,0.399118108073557
1994,11,29,1.54090249538422,1.42015156226444,0,0,0.390047250582477
1994,11,30,2.05509161949158,1.81683507133585,0,0,0.383244107464167
1994,12,1,0.596301138401032,1.46756619237294,0,0,0.374173222939799
1994,12,2,0.247150510549545,0.487487412029623,0,0,0.367370079821489
1994,12,3,4.52159404754639,2.02695687062533,0,0,0.360566936703179
1994,12,4,6.87175750732422,5.28962295284055,0,0,0.353763766551581
1994,12,5,0.248398587107658,3.56852352430815,0,0,0.346960623433271
1994,12,6,0.366146385669708,0.303541950856925,0,0,0.340157480314961
1994,12,7,0.0097074443474412,0.295785278404765,0,0,0.33335433719665
1994,12,8,0.070378765463829,0.0654424341173581,0,0,0.32881890845111
1994,12,9,2.97614598274231,1.11645286475323,0,0,0.322015738299513
1994,12,10,0.768153131008148,1.43752992586451,0,0,0.315212595181202
1994,12,11,0.949952602386475,0.898356689802313,0,0,0.310677166435662
1994,12,12,3.67101907730103,2.84091541659109,0,0,0.306141737690122
1994,12,13,7.95881605148315,6.00783021661664,0,0,0.299338594571812
1994,12,14,5.66294956207275,7.24520882351317,0,0,0.294803138792984
1994,12,15,0.192549556493759,3.70084921084344,0,0,0.290267710047444
1994,12,16,0.794525980949402,0.294944006198421,0,0,0.285732281301904
1994,12,17,4.28906583786011,2.42806649208978,0,0,0.281196852556364
1994,12,18,9.08719253540039,6.17435358331568,0,0,0.276661423810824
1994,12,19,11.7416925430298,9.58477803101414,0,0,0.272125995065284
1994,12,20,11.1642055511475,11.5448837566019,0,0,0.267590539286456
1994,12,21,7.68688917160034,9.14693583454937,0,0,0.263055110540916
1994,12,22,4.10874700546265,6.70939486074531,0,0,0.260787396168146
1994,12,23,0.244308516383171,1.57101204738683,0,0,0.256251967422605
1994,12,24,0.0011756788007915,0.0601246455171349,0,0,0.253984253049835
1994,12,25,0.504702270030975,0.255504032700628,0,0,0.249448824304295
1994,12,26,2.5350968837738,1.18074091466951,0,0,0.244913395558755
1994,12,27,0.330953806638718,1.9090613577373,0,0,0.242645681185985
1994,12,28,0.0126115214079618,0.305710810984237,0,0,0.238110225407157
1994,12,29,11.1471681594849,6.19432762820361,0,0,0.233574796661617
1994,12,30,3.75714683532715,6.51827891095854,0,0,0.231307082288847
1994,12,31,0.00654546590521932,1.52570021152314,0,0,0.226771653543307
1995,1,1,0.182151332497597,0.128650966753412,0,0,0.224730707904485
1995,1,2,0.104060031473637,0.152161044556124,0,0,0.222689762265663
1995,1,3,0,0.0364076085315901,0,0,0.22087558536079
1995,1,4,0,0,0,0,0.219741728174405
1995,1,5,0,0,0,0,0.218381102254072
1995,1,6,0.00884094275534153,0.00177697090657603,0,0,0.217927564786175
1995,1,7,0.0435921214520931,0.015233629177601,0,0,0.216566925349198
1995,1,8,1.15032124519348,0.263710085186176,0,0,0.215433068162813
1995,1,9,3.74490594863892,2.07350500234134,0,0,0.214299210976428
1995,1,10,1.13703668117523,2.99168038485732,0,0,0.213618891257939
1995,1,11,0.094057023525238,0.86159588895498,0,0,0.213618891257939
1995,1,12,1.46802353858948,0.333730277565337,0,0,0.212938585056095
1995,1,13,1.85171782970428,1.50008244739001,0,0,0.212485034071554
1995,1,14,2.4367196559906,2.04724118205013,0,0,0.211351176885169
1995,1,15,1.23716008663178,2.21869346783569,0,0,0.209990550964836
1995,1,16,0.740687668323517,1.09539599444543,0,0,0.208856693778451
1995,1,17,0.0723871737718582,0.460529861818941,0,0,0.207722836592066
1995,1,18,5.73344802856445,2.97071108032287,0,0,0.206588979405681
1995,1,19,9.03861331939697,6.35594309331464,0,0,0.205455122219296
1995,1,20,6.91208934783936,8.469535484679,0,0,0.204321265032911
1995,1,21,2.65304207801819,4.56583649166714,0,0,0.203187407846526
1995,1,22,2.97869634628296,2.88096879358636,0,0,0.202053537143497
1995,1,23,0,1.32172809766234,0,0,0.201373230941652
1995,1,24,0.445159673690796,0.233884095943722,0,0,0.200239373755267
1995,1,25,2.43028080149088e-06,0.314864370948271,0,0,0.199105516568882
1995,1,26,0.880387365818024,0.12427140064392,0,0,0.198651965584342
1995,1,27,3.12756538391113,1.67573862161044,0,0,0.197518108397957
1995,1,28,5.41881132125855,4.33598143903873,0,0,0.19706457093006
1995,1,29,4.67887115478516,5.16529326654381,0,0,0.195930713743675
1995,1,30,1.07543003559113,3.74227506606621,0,0,0.195250394025187
1995,1,31,0.0139888720586896,0.785457876041619,0,0,0.19434330557275
1995,2,1,0.435083627700806,0.110489388522183,0,0,0.193662985854262
1995,2,2,6.66613292694092,3.09514201252023,0,0,0.192529128667876
1995,2,3,8.62211418151856,7.8279793258971,0,0,0.19207559119998
1995,2,4,3.78798198699951,5.59582035830317,0,0,0.190941734013595
1995,2,5,4.55882883071899,4.3488832146395,0,0,0.190034645561158
1995,2,6,8.47237014770508,7.23100744714975,0,0,0.189581108093262
1995,2,7,7.53756332397461,4.23618664075366,3.7687802679884,5.55376842240366,0.189127557108721
1995,2,8,1.32508885860443,0,4.39868804365869,9.4543447670676,0.188900788374773
1995,2,9,2.36513590812683,1.18159317396385,0.663090558700787,3.92099361395594,0.188674019640825
1995,2,10,4.60089540481567,3.18169820701951,0,0,0.188447237390233
1995,2,11,0.306219071149826,1.65512494372888,0,0,0.188220468656285
1995,2,12,2.27659845352173,1.6864949226092,0,0,0.187993699922336
1995,2,13,2.43468570709229,2.35970360113788,0,0,0.187766931188388
1995,2,14,1.851881980896,2.31988744383489,0,0,0.18754016245444
1995,2,15,0.737247228622437,1.33480785474603,0,0,0.187313380203848
1995,2,16,0.237976565957069,0.490726787102176,0,0,0.1870866114699
1995,2,17,6.94147558988334e-07,0.175593510975887,0,0,0.186859842735951
1995,2,18,3.30769395828247,1.82751126745097,0,0,0.186633074002003
1995,2,19,16.1996402740479,9.09219977866815,0,0,0.186406305268055
1995,2,20,14.8604860305786,15.7098441724684,0,0,0.186406305268055
1995,2,21,8.1259069442749,12.1057494967281,0,0,0.185272434565026
1995,2,22,4.73480224609375,6.18028048576525,0,0,0.183458271176796
1995,2,23,1.10555624961853,3.11693191678387,0,0,0.181644094271923
1995,2,24,0.899113178253174,1.03529775512652,0,0,0.180283468351589
1995,2,25,0.0257266648113728,0.349211118205858,0,0,0.178696060180664
1995,2,26,0.010878661647439,0.018360712165304,0,0,0.178242522712768
1995,2,27,0.0143842753022909,0.0123074998537049,0,0,0.177788971728227
1995,2,28,0,0.0128621381700214,0,0,0.178242522712768
1995,3,1,0.149783819913864,0.165032553644778,0,0,0.178696060180664
1995,3,2,0.765239000320435,0.667306894983994,0,0,0.178696060180664
1995,3,3,0.0828525796532631,0.625544255830391,0,0,0.179149611165204
1995,3,4,0.092286080121994,0.143601261906952,0,0,0.179829917367049
1995,3,5,0.247728884220123,0.218543672828673,0,0,0.180283468351589
1995,3,6,0.316825151443481,0.26211474523916,0,0,0.180737005819486
1995,3,7,0.00418628985062242,0.201153923449965,0,-1.81898940354586e-12,0.180737005819486
1995,3,8,0.49136146903038,0.368938579416863,0,1.81898940354586e-12,0.181417325537974
1995,3,9,0.725853621959686,0.544365927467879,0,0,0.181870863005871
1995,3,10,2.92997884750366,1.79146386302091,0,0,0.182324413990411
1995,3,11,0.308931827545166,1.66120968045288,0,0,0.183458271176796
1995,3,12,3.41978240013123,1.2651765385508,0,0,0.183911808644693
1995,3,13,2.59747934341431,3.20697539546745,0,0,0.185045665831078
1995,3,14,1.14652359485626,1.99453991474184,0,0,0.185499216815618
1995,3,15,0.611058652400971,0.888200572559072,0,0,0.185952754283515
1995,3,16,7.65289449691773,3.8221122386858,0,0,0.1870866114699
1995,3,17,11.5546169281006,3.82644832603,5.77730683707159,2.45293341201796,0.18754016245444
1995,3,18,9.86867809295654,0,10.702109146654,3.78747285251848,0.188674019640825
1995,3,19,2.13124132156372,1.06377458335191,4.94288727784988,1.34938564993718,0.18935432584267
1995,3,20,0.416868537664413,1.35411364331412,0,0,0.190261414295106
1995,3,21,3.34948301315308,2.48837557665138,0,0,0.190941734013595
1995,3,22,2.85779738426209,3.08730478406142,0,1.81898940354586e-12,0.19207559119998
1995,3,23,2.24548768997192,2.69051891896743,0,-1.81898940354586e-12,0.192529128667876
1995,3,24,0.0971701592206955,0.997823788498863,0,0,0.192982679652417
1995,3,25,2.89704513549805,1.85076394511634,0,0,0.193662985854262
1995,3,26,2.48597550392151,2.71717297766736,0,0,0.194116536838802
1995,3,27,1.33444130420685,2.26537229417954,0,0,0.19479685655729
1995,3,28,0.375133365392685,0.870607698336244,0.0577225221259141,0,0.195250394025187
1995,3,29,1.09825146198273,0.49282734339431,0.220549407427825,0,0.195930713743675
1995,3,30,1.26972544193268,0.493252059039151,0.690347874397048,0.669206176989974,0.19706457093006
1995,3,31,2.21825551986694,0.115617848568945,1.62887782497091,4.67631294693092,0.198198428116445
1995,4,1,1.9148918390274,0,2.06709821711593,5.73944552554167,0.199332285302831
1995,4,2,1.61189699172974,0.258719804587599,1.50149440959649,2.00946425223628,0.200466142489216
1995,4,3,7.82889127731323,0.255897138556975,4.43387011266168,2.51281749468944,0.202053537143497
1995,4,4,2.47816491127014,0,5.13214133131805,4.88977523673566,0.203187407846526
1995,4,5,0.459511429071426,0.225145093927495,1.26394773099128,2.71926667398475,0.205681890953244
1995,4,6,0.0937443897128105,0.280761765479838,0,0,0.207949605326014
1995,4,7,0.000112137808173429,0.0481062528306211,0,0,0.211577959135761
1995,4,8,0.371391177177429,0.194549500080029,0,0,0.215206299428865
1995,4,9,0.173919215798378,0.185695466168909,0.086959665228278,4.80168504141875,0.218834639721968
1995,4,10,0.118711732327938,0.059159989525142,0.0872465779448248,4.81752761055577,0.223143313250204
1995,4,11,0.422630459070206,0.267246741468625,0.00478871412269655,0,0.226771653543307
1995,4,12,0.667237341403961,0.523909089644803,0.0825834611569007,0,0.231307082288847
1995,4,13,0.26075679063797,0.43372957776046,0.0640703653043602,0,0.235842511034387
1995,4,14,0.0604708343744278,0.226872619039568,0.000415211856306996,0,0.240377939779927
1995,4,15,0.134597614407539,0.105730463030341,0,0,0.244913395558755
1995,4,16,0.766802668571472,0.109994296180957,0.340705505168444,0.861488391399689,0.251716538677065
1995,4,17,0.24159049987793,0.043181531575101,0.464004707524509,2.73560436042135,0.256251967422605
1995,4,18,1.07871150970459,0,0.664980716177524,4.49536700044337,0.265322824913686
1995,4,19,0.781978607177734,0,0.934972572489642,3.86710245228642,0.272125995065284
1995,4,20,0.353626877069473,0.175507884267063,0.393876288635511,1.23179991839424,0.281196852556364
1995,4,21,0.149146005511284,0.176802431382384,0.0745776451458369,1.44797977872986,0.290267710047444
1995,4,22,2.60113549232483,0,1.37300290632993,11.4833310059821,0.308409452062892
1995,4,23,1.2871698141098,0,1.98402066895505,21.9684949833772,0.32655119407834
1995,4,24,0.189473673701286,0,0.695806954681757,21.6574456321741,0.376440937312569
1995,4,25,0.0326740145683289,-1.81898940354586e-12,0.0696904034048202,19.7725669839547,0.417259850089006
1995,4,26,0.0227919109165669,1.81898940354586e-12,0.0277467768755741,28.0140475795724,0.446740163968304
1995,4,27,0.000176849745912477,0,0.011214586575079,39.5233564799473,0.498897648608591
1995,4,28,0,0,9.42433016462019e-05,40.7903177694952,0.857196843905712
1995,4,29,0.17393958568573,0,0.0798217246756394,39.9622807726246,1.01366924376
1995,4,30,8.08821641840041e-05,0,0.0751107634914661,38.4503414127194,1.08623621182179
1995,5,1,0.000228259188588709,0,0.000154402925545583,40.2273645017103,1.20642523577833
1995,5,2,0.935285627841949,0,0.497093046264126,43.2188949480933,1.43999997837337
1995,5,3,0.752311170101166,0,0.842859361475348,40.2944894225984,1.46040946179488
1995,5,4,0.0082215229049325,0,0.359475141067378,38.167103357473,1.56925985982099
1995,5,5,0.0343141481280327,0,0.0211426639725687,33.7637952644236,1.79149608461876
1995,5,6,0,0,0.0159704454872553,28.8240927741699,1.79376374492495
1995,5,7,0.207839533686638,0,0.103906082447793,14.5463720770804,1.58286614605761
1995,5,8,0.0286467410624027,0,0.119348210409953,0,1.53524409016286
1995,5,9,0.000385834515327588,0,0.0145687640942924,0,2.08403140090582
1995,5,10,0,0,0.000191909814020619,0,3.1294488621509
1995,5,11,0.0362231843173504,0,0.0176771748992905,0,4.62614164577694
1995,5,12,0.126725152134895,0,0.0720457345596515,0,5.64661408672183
1995,5,13,1.13371157646179,0,0.627541918949646,0,6.2588977243018
1995,5,14,1.0880434513092,0,1.11082105856076,0,4.8755905511811
1995,5,15,0.601332128047943,0,0.844883543542892,0,3.03874007097379
1995,5,16,2.11303162574768,0,1.47964024857538,0,2.00919677253783
1995,5,17,1.22084057331085,0,1.79875962734695,0,1.44907083586445
1995,5,18,1.65956211090088,0,1.39612055449106,0,1.07943312277005
1995,5,19,0.0382246486842632,0,0.328481564829417,0,0.879874041699988
1995,5,20,0,0,0.0264513189413265,0,0.882141756072758
1995,5,21,0.0872662365436554,0,0.0277629234496999,0,1.02727563812977
1995,5,22,0.873634874820709,0,0.327451070468669,0,1.24497632604884
1995,5,23,0.00025536070461385,0,0.586432425361636,0,1.09077164056733
1995,5,24,0.0183324236422777,0,0.0260352034492826,0,1.63048820195236
1995,5,25,2.07965135574341,0,0.75792660181105,0,2.94803149606299
1995,5,26,10.1483144760132,0,6.49040770808279,0,3.80976360651452
1995,5,27,8.2483434677124,0,9.70717838505334,0,4.03653526005783
1995,5,28,2.82318305969238,0,5.82569994812366,0,2.78929138183594
1995,5,29,2.30150938034058,0,2.67071607781509,0,1.53297642985667
1995,5,30,3.31815671920776,0,2.74770550717949,0,1.12025198147992
1995,5,31,1.92709457874298,0,2.39424393180707,0,0.959244098813515
1995,6,1,1.29895782470703,0,1.51231583904882,0,0.823181128314161
1995,6,2,2.19422125816345,0,1.98424059852005,0,0.768755929301104
1995,6,3,4.88182783126831,0,4.00890982306555,0,0.759685017743449
1995,6,4,3.18977975845337,0,3.53880208543342,0,0.746078731506828
1995,6,5,1.51139044761658,0,2.83836666580828,0,0.859464558278482
1995,6,6,1.24976050853729,0,1.55897270262722,0,0.843590557669091
1995,6,7,3.10349345207214,0,1.6979188768164,0,0.820913359874816
1995,6,8,1.44272494316101,0,2.62199979175421,0,1.22229918232114
1995,6,9,0.0257876645773649,0,1.04568299032144,0,1.91848819762703
1995,6,10,0,0,0.00981294836492452,0,2.72125984251969
1995,6,11,1.37824642658234,0,0.689111202429558,0,4.01385844072958
1995,6,12,5.58987998962402,0,3.48433769910662,0,4.94362187423105
1995,6,13,7.92240381240845,0,6.89542503590019,0,3.76440953532542
1995,6,14,1.44683015346527,0,4.54986665464821,0,2.94803149606299
1995,6,15,0.415563821792603,0,1.09924672985653,0,2.14525985117034
1995,6,16,0,0,0.225710970158616,0,1.55792123389056
1995,6,17,0.153528168797493,0,0.123397012919668,0,1.39011026217243
1995,6,18,0.384956806898117,0,0.334669428430061,0,1.4513386043038
1995,6,19,0.356592506170273,0,0.337579742039452,0,1.67584248940776
1995,6,20,0.0117003731429577,0,0.0783165855009429,0,1.63275586225855
1995,6,21,0.00742468098178506,0,0.181834695295038,0,1.50576374925028
1995,6,22,2.44932627677918,0,1.97551897316771,0,1.52617323267178
1995,6,23,2.30136966705322,0,2.38585906067601,0,1.48988980270746
1995,6,24,2.06097412109375,0,2.00510129513532,0,1.13612603615588
1995,6,25,0.107902102172375,0,0.485180845154901,0,0.938834615392009
1995,6,26,0.0159410070627928,0,0.0711258885603456,0,0.863999987024022
1995,6,27,0,0,0.0100794827976642,0,0.877606273260642
1995,6,28,0.015179231762886,0,0.00839006787282415,0,0.941102383831355
1995,6,29,0,0,0.0286325842189399,0,0.981921242541216
1995,6,30,0.651353895664215,0,0.480209191100585,0,1.00913381501446
1995,7,1,8.41057205200195,0,2.34697571808647,0,1.11571655273437
1995,7,2,5.65463304519653,0,7.72337429092113,0,1.73480317123293
1995,7,3,2.26615309715271,0,4.01053569567193,0,1.75067711777574
1995,7,4,3.5176260471344,0,2.87483405972671,0,1.4286614605761
1995,7,5,5.17208433151245,0,3.74657101782213,0,1.7733543696366
1995,7,6,1.87578690052032,0,3.97553684010927,0,1.93436214416984
1995,7,7,0.026717821136117,0,1.4943222941929,0,1.5397795189084
1995,7,8,0.187145233154297,0,0.261014420741049,0,1.31527563380444
1995,7,9,3.3497040271759,0,2.30289328760773,0,1.15426775113804
1995,7,10,0.804190635681152,0,2.87034676788244,0,1.25404729167307
1995,7,11,0.98238605260849,0,1.0690487432621,0,1.25631495197927
1995,7,12,0.382087171077728,0,0.868715186332338,0,1.07489758589136
1995,7,13,0.400674939155579,0,0.430004698537232,0,1.00006295752338
1995,7,14,0.263644367456436,0,0.373352483076815,0,0.934299186646469
1995,7,15,0,0,0.214204948775659,0,0.859464558278482
1995,7,16,0.0542906038463116,0,0.0241999102636328,0,0.795968501774345
1995,7,17,0.0132037065923214,0,0.0405300706897833,0,0.771023643673874
1995,7,18,0.0737973898649216,0,0.036057725577848,0,0.761952732116219
1995,7,19,1.94201016426086,0,0.897077510882809,0,0.755149588997909
1995,7,20,0.578000366687775,0,1.09227578874925,0,0.773291358046644
1995,7,21,0.215446189045906,0,0.510332552699765,0,0.707527533103162
1995,7,22,2.21047902107239,0,0.773776102292686,0,0.700724389984852
1995,7,23,1.42265248298645,0,1.98405920442383,0,0.696188961239312
1995,7,24,5.28325128555298,0,4.61002421011108,0,0.655370102529451
1995,7,25,1.90525197982788,0,4.02442448757211,0,0.782362215537725
1995,7,26,2.71310615539551,0,2.07049390630891,0,0.954708670067975
1995,7,27,0.0275864228606224,0,1.65624849194865,-1.81898940354586e-12,0.816377931129275
1995,7,28,0.0782123133540154,0,0.0403051558369043,1.81898940354586e-12,0.727937016524668
1995,7,29,1.4188871383667,0,0.555863542827865,0,0.657637816902221
1995,7,30,2.17339658737183,0,1.92189377924842,-1.81898940354586e-12,0.750614160252368
1995,7,31,0.877422749996185,0,1.94808774621015,1.81898940354586e-12,0.773291358046644
1995,8,1,0.00399597734212875,0,0.602639975038983,0,0.709795301542507
1995,8,2,1.26519775390625,0,0.447035733608573,0,0.646299190971795
1995,8,3,3.02859449386597,0,2.42238086986799,0,0.689385818121001
1995,8,4,2.38719034194946,0,2.71576190481028,0,0.734740159642978
1995,8,5,0.629314422607422,0,2.02205613233673,0,0.673511817511611
1995,8,6,0.681530594825745,0,0.768500513375329,0,0.632692904735175
1995,8,7,0.053417831659317,0,0.388669143036168,0,0.610015761007474
1995,8,8,0.332710355520248,0,0.300559644409077,0,0.557858276367187
1995,8,9,0.964165866374969,0,0.948177744465283,0,0.530645649827371
1995,8,10,2.04293274879456,0,1.85769775303743,0,0.512503934845211
1995,8,11,2.02325177192688,0,2.03922716574925,0,0.521574792336291
1995,8,12,2.57211327552795,0,2.17545243424502,0,0.521574792336291
1995,8,13,2.90448546409607,0,2.73568208366123,0,0.573732276976578
1995,8,14,1.94973886013031,0,2.20358061584193,0,0.571464562603808
1995,8,15,2.08166360855103,0,2.33311375112135,0,0.539716561385027
1995,8,16,5.75988674163818,0,5.07153973922141,0,0.519307077963521
1995,8,17,8.88046646118164,0,6.74298667862422,0,0.526110221081831
1995,8,18,6.00490665435791,0,7.02574497834394,0,0.539716561385027
1995,8,19,3.07856464385986,0,4.62712254020698,0,0.553322847621647
1995,8,20,2.33794808387756,0,2.92385769057364,0,0.566929133858268
1995,8,21,4.6992826461792,0,3.57036565176531,0,0.684850389375461
1995,8,22,0.266481101512909,0,2.42504717363772,0,0.700724389984852
1995,8,23,3.53490447998047,0,1.30400828945858,0,0.641763762226255
1995,8,24,3.00530552864075,0,3.37809073651442,0,0.648566905344565
1995,8,25,1.54674553871155,0,2.4636529358595,0,0.598677189143624
1995,8,26,2.95301508903503,0,1.86653804503112,0,0.575999991349348
1995,8,27,1.13879406452179,0,1.96105996996084,0,0.625889761616865
1995,8,28,1.00756216049194,0,1.08864627110233,0,0.582803134467658
1995,8,29,0.30525004863739,0,0.579953813834436,0,0.566929133858268
1995,8,30,4.81630754470825,0,1.88701692715767,0,0.535181078572912
1995,8,31,2.74870109558105,0,4.31718162885227,0,0.623622047244095
1995,9,1,1.19227254390717,0,2.00594804878529,0,0.653102388156681
1995,9,2,1.63066589832306,0,1.39699300013854,0,0.659905531274991
1995,9,3,0.379237353801727,0,1.38932496432244,0,0.598677189143624
1995,9,4,0.195233538746834,0,0.388593766067061,0,0.541984275757797
1995,9,5,0.0102532980963588,0,0.165961000186144,0,0.517039363590751
1995,9,6,0.000968640670180321,0,0.0255652803698467,0,0.496629934235821
1995,9,7,4.77303409576416,0,2.47582967542985,0,0.496629934235821
1995,9,8,6.72470664978027,0,5.11302533211529,0,0.521574792336291
1995,9,9,7.15817403793335,0,6.73698987060743,0,0.605480332261934
1995,9,10,11.1937246322632,0,7.89427082430848,0,0.802771644892655
1995,9,11,6.15273523330689,0,8.76603703350884,0,1.02500786969042
1995,9,12,1.5508406162262,0,4.75195860552776,0,1.07489758589136
1995,9,13,15.2760248184204,0,6.23181180981192,0,0.990992100032296
1995,9,14,3.94782662391663,0,11.6108307657869,0,1.86859837329294
1995,9,15,0.0301313139498234,0,2.18882031824433,0,1.56925985982099
1995,9,16,0.0453457348048687,0,0.0397580354601814,0,1.24724409448819
1995,9,17,0.0421245358884335,0,0.0439609643472068,0,1.09077164056733
1995,9,18,0.00390488305129111,0,0.030341315548867,0,0.993259868471641
1995,9,19,0.628454625606537,0,0.229464307627495,0,0.959244098813515
1995,9,20,2.41521644592285,0,1.36527962347282,0,0.904818899800458
1995,9,21,4.75294733047485,0,3.64811415410622,0,0.886677184818298
1995,9,22,3.73409724235535,0,3.98027093486962,0,0.877606273260642
1995,9,23,0.657006680965424,0,1.48976798102194,0,0.859464558278482
1995,9,24,0.0113389659672976,0,0.191570777409652,0,0.798236216147115
1995,9,25,0.511653482913971,0,0.472235806602839,0,0.766488214928334
1995,9,26,1.47662568092346,0,1.19410031398184,0,0.771023643673874
1995,9,27,0.190083295106888,0,0.497088208543573,0,0.773291358046644
1995,9,28,0.950614809989929,0,0.789138313079093,0,0.766488214928334
1995,9,29,0.738138258457184,0,0.899228565785961,0,0.757417303370679
1995,9,30,2.40299963951111,0,2.08311489247353,0,0.739275588388518
1995,10,1,4.06634044647217,0,2.71042137057157,0,0.700724389984852
1995,10,2,7.89253902435303,0,5.64694148412309,0,0.691653532493772
1995,10,3,1.68981111049652,0,4.97781276616479,0,0.741543302761288
1995,10,4,0.927319824695587,0,1.42391114026759,0,0.997795297217181
1995,10,5,3.59494876861572,0,1.27291239859733,0,1.07489758589136
1995,10,6,6.01629257202148,0,4.23502521106639,0,1.07036215714582
1995,10,7,4.58741331100464,0,5.41519550496196,0,1.05222044216366
1995,10,8,4.60575342178345,0,4.59502547190823,0,0.963779527559055
1995,10,9,1.72228240966797,0,4.17613824384716,0,0.895748042309378
1995,10,10,0.657686650753021,0,1.69955059842323,-1.81898940354586e-12,0.818645645502045
1995,10,11,3.10927128791809,0,2.23744494982748,1.81898940354586e-12,0.780094501164954
1995,10,12,4.99948930740356,0,3.39729173789419,0,0.707527533103162
1995,10,13,6.60490894317627,0,5.41920457655579,0,0.675779531884381
1995,10,14,2.31890320777893,0.00941803827481635,4.45298826496583,0.00941803827481635,0.610015761007474
1995,10,15,0.165877044200897,0.092358746800528,1.1500315619287,0.0094202387790574,0.678047246257151
1995,10,16,0.222230523824692,0.19382765418959,0,0,0.616818904125784
1995,10,17,0.645506799221039,0.433296465635067,0,0,0.557858276367187
1995,10,18,2.94294047355652,1.79158529524466,0,0,0.526110221081831
1995,10,19,7.73770904541016,1.471470555407,3.86885368492585,3.97335920696423,0.528377935454602
1995,10,20,6.58030080795288,0,7.29143706153081,1.81898940354586e-12,0.478488165187085
1995,10,21,1.32620704174042,0.36939114551933,3.58386841748506,0,0.637228333480715
1995,10,22,6.71678829193115,0.369392222864917,3.65210336768723,1.32620740209313,0.444472449595534
1995,10,23,6.77269744873047,1.96293813597549,4.7818046988159,0,0.498897648608591
1995,10,24,5.83746099472046,4.88042428446897,1.42526495365382,0,0.458078735832154
1995,10,25,3.79505109786987,2.91873174613829,1.89752473707995,6.25892857549661,0.426330707580086
1995,10,26,0.883088052272797,0,2.33916730403143,6.35470694661854,0.394582679328017
1995,10,27,1.30071079730988,0.650353849772728,0.441545077712362,0,0.387779536209707
1995,10,28,0.848151564598084,1.07612891804456,0,0,0.367370079821489
1995,10,29,0.632923007011414,0.746953905287228,0,0,0.367370079821489
1995,10,30,0,0.326677097853462,0,0,0.367370079821489
1995,10,31,0,0,0,0,0.365102365448719
1995,11,1,4.73468446731567,2.35871117378156,0,0,0.360566936703179
1995,11,2,0.620995700359345,2.65274666947335,0,0,0.358299222330409
1995,11,3,9.41603469848633,5.02973629000007,0,0,0.351496052178811
1995,11,4,5.25780057907105,7.37189416901492,0,0,0.346960623433271
1995,11,5,3.12249636650085,4.15316949878252,0,0,0.342425194687731
1995,11,6,0.0283830240368843,1.65339671787478,0,0,0.337889765942191
1995,11,7,0.384415000677109,0.12349884300238,0,0,0.33335433719665
1995,11,8,0,0.150508550494123,0,0,0.33108662282388
1995,11,9,0.0211228858679533,0.0149917022845329,0,0,0.32655119407834
1995,11,10,0.153780877590179,0.0767521519192087,0,0,0.322015738299513
1995,11,11,1.96800851821899,1.02635686542635,0,0,0.319748023926742
1995,11,12,8.66717529296875,5.21630434842518,0,0,0.317480309553972
1995,11,13,6.63095283508301,7.78935012470356,0,0,0.315212595181202
1995,11,14,0.340985864400864,3.46215201647647,0,0,0.312944880808432
1995,11,15,11.0845623016357,5.58674913577124,0,0,0.312944880808432
1995,11,16,4.34945678710938,7.74951020926892,0,0,0.310677166435662
1995,11,17,2.97858381271362,3.62571956165448,0,0,0.308409452062892
1995,11,18,0.729389011859894,1.84281465456297,0,0,0.306141737690122
1995,11,19,12.8203296661377,6.53866210363412,0,0,0.303874023317352
1995,11,20,12.3354263305664,12.7365611172881,0,0,0.301606308944582
1995,11,21,2.97613716125488,7.96438462173683,0,0,0.299338594571812
1995,11,22,4.34326028823853,3.35790314274163,0,0,0.297070853165754
1995,11,23,4.04819202423096,4.22200256829456,0,0,0.276661423810824
1995,11,24,7.6811900138855,6.22833941145291,-1.81898940354586e-12,0,0.272125995065284
1995,11,25,1.96971487998962,4.86169234873159,1.81898940354586e-12,0,0.267590539286456
1995,11,26,0.0673407912254334,1.37809028234187,0,0,0.265322824913686
1995,11,27,0,0.0328961929026264,0,0,0.260787396168146
1995,11,28,0.136071637272835,0.0333966920461535,0,0,0.258519681795376
1995,11,29,0.639310002326965,0.417726246640086,0,0,0.256251967422605
1995,11,30,1.60732471942902,1.26571274110211,0,0,0.256251967422605
1995,12,1,0.731424510478973,1.1401568362071,0,0,0.253984253049835
1995,12,2,0.152852848172188,0.530242266659116,0,0,0.249448824304295
1995,12,3,0.105115339159966,0.151238663307595,0,0,0.247181109931525
1995,12,4,2.85861468315125,1.42964205881071,1.81898940354586e-12,0,0.244913395558755
1995,12,5,1.10884058475494,2.31314879896127,-1.81898940354586e-12,0,0.242645681185985
1995,12,6,0.0548171997070313,0.57393336662426,0,0,0.240377939779927
1995,12,7,0.0874387845396996,0.0678830900378671,0,0,0.238110225407157
1995,12,8,0.112113989889622,0.0935173573307111,0,0,0.235842511034387
1995,12,9,0.00251956144347787,0.0204002475456946,0,0,0.233574796661617
1995,12,10,1.83314883708954,0.693615402586147,0,1.81898940354586e-12,0.231307082288847
1995,12,11,0.823862254619598,1.25461579658804,0,-1.81898940354586e-12,0.229039367916077
1995,12,12,2.22036719322205,1.6524653059023,0,0,0.226318116075411
1995,12,13,1.00072777271271,1.31668673464992,0,0,0.223823619452048
1995,12,14,0.360611915588379,0.560491616417494,0,0,0.22132913634533
1995,12,15,0.716345727443695,0.541938594455132,0,0,0.218834639721968
1995,12,16,1.56481873989105,0.990124521827966,0,0,0.21634015661525
1995,12,17,1.9594612121582,1.62023740945187,0,0,0.21407244224248
1995,12,18,8.48920154571533,5.29310759645887,0,0,0.211577959135761
1995,12,19,7.19027757644653,7.3924211253925,0,0,0.209310231246347
1995,12,20,11.5033874511719,9.77424753217019,0,0,0.206815748139629
1995,12,21,6.67200231552124,9.47155129643397,0,0,0.205228339968704
1995,12,22,0.920114278793335,3.24936557749788,1.81898940354586e-12,0,0.202960625595934
1995,12,23,4.31520128250122,2.10600023249026,-1.81898940354586e-12,0,0.201146462207704
1995,12,24,7.63271808624268,5.50997948859731,0,0,0.19887873431829
1995,12,25,1.7461359500885,4.56419345102222,0,0,0.197291339664009
1995,12,26,6.04660797119141,3.46800091561272,0,0,0.195477162759135
1995,12,27,7.21947288513184,6.21353678078231,0,0,0.193436217120313
1995,12,28,4.29792833328247,5.81432727492938,0,0,0.191848822466032
1995,12,29,2.40331816673279,2.93353089436641,0,0,0.190261414295106
1995,12,30,1.14955151081085,1.56680723712998,0,0,0.187993699922336
1995,12,31,0.300518423318863,0.738381529892649,0,0,0.186406305268055
1996,1,1,4.42551755905151,2.78906762589759,0,0,0.184138577378641
1996,1,2,1.16002297401428,3.18206040488076,0,0,0.181870863005871
1996,1,3,0.0221054181456566,0.541077965906879,0,0,0.179829917367049
1996,1,4,0.0468635559082031,0.0311795376965165,0,0,0.178015753978819
1996,1,5,3.08481502532959,1.83406973756973,0,-1.81898940354586e-12,0.174160631435124
1996,1,6,9.60223197937012,5.79458922036065,0,1.81898940354586e-12,0.171892917062354
1996,1,7,9.98781871795654,9.70032182886462,0,0,0.169625202689584
1996,1,8,5.9742693901062,7.63908802332117,0,0,0.16735747480017
1996,1,9,7.01270484924316,6.72745450578441,0,0,0.165316529161348
1996,1,10,4.85293340682983,5.6556886815597,0,0,0.16327559703917
1996,1,11,1.98216199874878,2.8603843152996,0,0,0.161461420134297
1996,1,12,0.0854545906186104,0.685814423424745,0,0,0.159647243229423
1996,1,13,0,0.0423561997704383,0,-1.81898940354586e-12,0.157833066324549
1996,1,14,0,0,0,1.81898940354586e-12,0.15601890293632
1996,1,15,0,0,0,0,0.154204726031446
1996,1,16,0.000624490494374186,0.000103075184597401,0,0,0.152844100111113
1996,1,17,0.0207819286733866,0.00389505510975141,0,0,0.151483460674136
1996,1,18,0,0.0155274596709205,0,0,0.150122834753802
1996,1,19,0,0.00188082920249144,0,0,0.148762208833469
1996,1,20,0,0,0,0,0.147401569396492
1996,1,21,0,0,0,0,0.146267712210107
1996,1,22,0.00160433747805655,0.000264803682512138,0,0,0.145133855023722
1996,1,23,0.00165507872588933,0.00146751503416454,0,0,0.143999997837337
1996,1,24,0,0.00137730771348288,0,0,0.142866140650952
1996,1,25,0,0.000149789773786324,0,0,0.141732283464567
1996,1,26,0.0548476055264473,0.00905286333727418,0,0,0.141051963746078
1996,1,27,0,0.0353792324985989,0,0,0.139918106559693
1996,1,28,0.221360340714455,0.100083099103358,0,0,0.139464569091797
1996,1,29,0.174648851156235,0.196136028951514,0,0,0.138330711905412
1996,1,30,0,0.0727621790283592,0,-1.81898940354586e-12,0.137877160920872
1996,1,31,0.0565144680440426,0.0370176635915414,0,1.81898940354586e-12,0.136743303734487
1996,2,1,0.710423648357391,0.463889057084089,0,0,0.135609446548101
1996,2,2,2.62339115142822,2.18358738819188,0,0,0.134475589361716
1996,2,3,5.44214010238648,4.16944960379624,0,0,0.13402205189382
1996,2,4,11.4134464263916,8.01938096455342,0,0,0.132888194707435
1996,2,5,8.02566337585449,10.5986645317498,0,0,0.131981106254998
1996,2,6,9.62420749664307,6.0492377334831,2.78564168269804,0.021998491793056,0.13130078653651
1996,2,7,14.6820917129517,7.31191783872419,4.82463427943003,0.022142873816847,0.130847249068613
1996,2,8,6.70391845703125,8.65573232921815,2.03071582520533,0,0.130393698084073
1996,2,9,11.9827852249146,8.18384368127408,0,0,0.129940160616176
1996,2,10,4.31093072891235,9.28530175275591,0.00103687180126144,0,0.129259840897688
1996,2,11,1.64112067222595,2.14342660303555,0.0662378652887128,0,0.128806303429791
1996,2,12,1.62711882591248,1.61061137522483,0.0195048968380434,0,0.128352752445251
1996,2,13,2.36984944343567,1.81579148777018,0,0,0.128125983711303
1996,2,14,2.59299516677856,2.47337343076288,0,0,0.127672446243406
1996,2,15,6.91860961914063,1.39364290111553,3.36216021259861,1.08718374640739,0.127445663992814
1996,2,16,8.25167274475098,4.21606750423052,3.3679296858063,1.08904935574355,0.126992126524918
1996,2,17,2.58870792388916,6.66605571948821,0,1.81898940354586e-12,0.126538589057021
1996,2,18,3.75696468353272,3.11557670023285,0,0,0.126085038072481
1996,2,19,5.15392160415649,4.16694678626845,0,0,0.125631500604584
1996,2,20,1.82013618946075,4.49424100585929,0,0,0.125177949620044
1996,2,21,0.445215076208115,1.79302497235039,0,0,0.124724412152148
1996,2,22,0.235678821802139,0.504523634872385,0,0,0.124270861167607
1996,2,23,0.90090012550354,0.377734020028583,0,0,0.123590554965763
1996,2,24,0.00117563107050955,0.381183810697621,0,0,0.122910235247274
1996,2,25,0.577885448932648,0.296378351213207,0,0,0.122456697779378
1996,2,26,0.00130608782637864,0.410148015571394,0,0,0.122003146794837
1996,2,27,0.0576211176812649,0.0248924315365002,0,0,0.121549609326941
1996,2,28,0.000183656011358835,0.0374672042489692,0,0,0.121322840592993
1996,2,29,0.000576945662032813,0.000479198890388943,0,0,0.121096058342401
1996,3,1,0.000451012048870325,0.000519403036378208,0,0,0.120642520874504
1996,3,2,0.00279063894413412,0.0015118580104172,0,0,0.120188969889964
1996,3,3,0.118890210986137,0.0554233160546573,0,0,0.119735432422067
1996,3,4,0.835777819156647,0.507696954748099,0,0,0.119508663688119
1996,3,5,0.209514752030373,0.332717992820108,0,0,0.119281894954171
1996,3,6,0.202892065048218,0.208304588957617,0,0,0.119055112703579
1996,3,7,0.324203789234161,0.242131485410937,1.81898940354586e-12,0,0.11882834396963
1996,3,8,5.65597152709961,1.72455645573609,-1.81898940354586e-12,0,0.11656062959686
1996,3,9,19.5879173278809,11.8030183568153,0,0,0.116107092128964
1996,3,10,12.9468364715576,15.1742294669493,0,0,0.116107092128964
1996,3,11,4.22556686401367,8.19878041864286,0,0,0.115653541144424
1996,3,12,2.49913263320923,3.91487903977395,0,0,0.115200003676527
1996,3,13,1.30980229377747,2.04270742393601,0,0,0.114746452691987
1996,3,14,0.476238310337067,0.891006268597266,-1.81898940354586e-12,0,0.11383936423955
1996,3,15,0.746101140975952,0.556428691697875,1.81898940354586e-12,0,0.113385826771654
1996,3,16,1.89630234241486,1.24621326092529,0.182736230221053,0,0.112932282545435
1996,3,17,1.03689217567444,0.831921736618824,0.634675721636086,0.974618513053429,0.112932282545435
1996,3,18,0.638639569282532,0.346232307028913,0.482789222274732,0.975499298321665,0.112478738319217
1996,3,19,0.423630982637405,0.459902836168112,0,0,0.112025194092998
1996,3,20,0,0.159722050124401,0,0,0.112025194092998
1996,3,21,0.269967347383499,0.0952157730789622,0,0,0.111571656625102
1996,3,22,0,0.08636336267773,0,0,0.111571656625102
1996,3,23,0.000758902344387025,0.000270075533990166,0,0,0.111571656625102
1996,3,24,1.20114433765411,0.725372692617384,0,0,0.111571656625102
1996,3,25,0.126479491591454,0.703373152322456,0,0,0.111344881132832
1996,3,26,0.0684139057993889,0.110924644584884,0,0,0.111571656625102
1996,3,27,0.0978575199842453,0.085089548581891,0,0,0.112025194092998
1996,3,28,0.213858902454376,0.171429199384875,0,0,0.112025194092998
1996,3,29,0.100143931806088,0.139344547193105,0,0,0.112478738319217
1996,3,30,0.0232330057770014,0.0501512799546617,0,0,0.112478738319217
1996,3,31,0.00310051627457142,0.0102246301867126,0,0,0.112932282545435
1996,4,1,0.00396257638931274,0.00825823027298611,0,0,0.112932282545435
1996,4,2,0.366139560937881,0.325072566227391,0,1.81898940354586e-12,0.112932282545435
1996,4,3,4.89740419387817,4.03040242204406,0,-1.81898940354586e-12,0.112932282545435
1996,4,4,4.53457689285278,4.68243799943957,0,0,0.113385826771654
1996,4,5,6.928382396698,2.26728935438769,3.46418981108218,2.45279973359538,0.113385826771654
1996,4,6,2.62758469581604,0.288809981486338,4.49649406010758,3.02471092974702,0.113385826771654
1996,4,7,1.34396457672119,0.961213688162388,1.02550996476748,0.566321479007456,0.11429291522409
1996,4,8,0.212022125720978,0.780031104535738,0,0,0.115200003676527
1996,4,9,0,0.119649643838784,0,0,0.115426772410475
1996,4,10,2.69475076493109e-05,0.000473497822895297,0,0,0.116333860862912
1996,4,11,0.0110743753612041,0.00284883754829934,0,0,0.116787398330809
1996,4,12,0.0021788130979985,0.00700298077026673,0,0,0.117240949315349
1996,4,13,0.000614612828940153,0.00147545834443008,0,0,0.117921255517194
1996,4,14,1.15195155143738,0.525099104950641,0,0,0.118374806501734
1996,4,15,0.90626585483551,0.574784526055737,0.453132829179594,1.55381689096248,0.11882834396963
1996,4,16,0.175182908773422,0,0.541145812605464,9.59459671959121,0.120188969889964
1996,4,17,0.10692884773016,0,0.140816854911463,11.1191415926623,0.121549609326941
1996,4,18,0,0,0.0551525675800804,7.21239760630124,0.122910235247274
1996,4,19,0.469588577747345,0,0.227343065651439,11.1337673245434,0.124951180886096
1996,4,20,0.0218379553407431,0,0.328560056037531,14.0117525807236,0.126992126524918
1996,4,21,0.107698068022728,0,0.0621381691162242,12.2508571074304,0.12903307216374
1996,4,22,0.516516983509064,0,0.276569499810648,11.3100484991865,0.130393698084073
1996,4,23,0.0432521216571331,0,0.438706938066389,12.3605531163194,0.132434643722895
1996,4,24,0.996554911136627,0,0.537632652843968,11.5131818965365,0.135155909080205
1996,4,25,0.366090595722199,0,0.643245182120154,12.6663621805455,0.137196854719027
1996,4,26,1.0226776599884,0,0.577450303700971,15.3320942742939,0.139918106559693
1996,4,27,0.153595551848412,0,0.46581996837449,16.1206398909617,0.145587406008262
1996,4,28,0.393256098031998,0,0.26176919352838,13.4135922005553,0.151483460674136
1996,4,29,1.36044132709503,0,0.858525290428588,12.8885637644053,0.157606297590601
1996,4,30,3.27000904083252,0,2.24863018233009,17.4513549260028,0.163729134507067
1996,5,1,1.35793340206146,0,2.19307028717412,13.3951265808937,0.183685039910745
1996,5,2,0.172611221671104,0,0.814011834670964,11.8772988937944,0.292535424420214
1996,5,3,0.11877229809761,0,0.143374178967861,20.0253158471005,0.272125995065284
1996,5,4,0.143902361392975,0,0.130528184976356,21.5454632356759,0.263055110540916
1996,5,5,0.443810492753983,0,0.369722584146075,20.0311844237767,0.249448824304295
1996,5,6,0.00218789139762521,0,0.288327719026711,19.5192263463432,0.238110225407157
1996,5,7,0.829636514186859,0,0.526738769329313,16.5415720666224,0.223370081984152
1996,5,8,0.659541010856628,0,0.751697815428997,11.3351752443486,0.211577959135761
1996,5,9,0.0523437857627869,0,0.321637231034401,5.74823294022463,0.199332285302831
1996,5,10,0,0,0.0248001849413413,13.0826692338815,0.19661101994552
1996,5,11,0.118479765951633,0,0.0592398088028858,31.9713906712295,0.265322824913686
1996,5,12,0.40533658862114,0,0.261852962579724,49.9492847253969,0.449007878341074
1996,5,13,0.0600444748997688,0,0.231399184982365,10.8085621158261,0.657637816902221
1996,5,14,3.45358157157898,0,1.7535144063113,0,0.693921246866542
1996,5,15,6.75878810882568,0,5.24759262355656,0,0.564661419485498
1996,5,16,1.19817352294922,0,2.61178576660859,0,0.514771649217981
1996,5,17,0.0803176984190941,0,0.547333423681266,0,0.512503934845211
1996,5,18,0.0527282021939755,0,0.073179412916943,0,0.596409474770854
1996,5,19,0.238714098930359,0,0.117533447841197,0,0.743811017134058
1996,5,20,1.93119522009511e-05,0,0.12761280041741,0,0.988724439726101
1996,5,21,0.0144734028726816,0,0.013928726719314,0,1.17921255517194
1996,5,22,1.3500200510025,0,0.798441290498886,0,1.40371654840905
1996,5,23,0.5321444272995,0,0.831710640370147,0,1.75067711777574
1996,5,24,1.63342642784119,0,1.4476224680875,0,1.79829917367049
1996,5,25,1.83762407302856,0,1.69841984561936,0,1.4966928917592
1996,5,26,0.531026184558868,0,0.745971377406022,0,1.22910237950603
1996,5,27,0.218183681368828,0,0.274239541362476,0,1.00686615470826
1996,5,28,0.202201396226883,0,0.20512875640452,0,1.11798421304057
1996,5,29,0.00096872664289549,0,0.140734979726403,0,1.39237792247862
1996,5,30,0.00819013360887766,0,0.00852973984910932,0,2.03187402439868
1996,5,31,0.755149006843567,0,0.369018285593484,0,2.81196841743049
1996,6,1,2.62390804290772,0,1.65777157869343,0,3.24283468892255
1996,6,2,1.53612542152405,0,1.95532858589831,0,3.28818897637795
1996,6,3,0.588110506534576,0,0.975858665216947,0,3.46960634246586
1996,6,4,4.76753425598145,0,3.47996581809275,0,2.38110236220472
1996,6,5,5.54217529296875,0,4.86716608675124,0,2.17700796052227
1996,6,6,0.873916804790497,0,1.51365430292935,0,2.0931022583969
1996,6,7,0.036510955542326,0,0.73566864033819,0,2.18154328113466
1996,6,8,0.647858083248138,0,0.298453549388796,0,2.38110236220472
1996,6,9,0.0443423353135586,0,0.324946011192878,0,2.05681882843258
1996,6,10,0.0699937120079994,0,0.0590220915710233,0,1.71439368781142
1996,6,11,1.56606829166412,0,0.87006261312672,0,1.30620477631336
1996,6,12,0.862488210201263,0,1.19030223753907,0,1.07943312277005
1996,6,13,1.96727776527405,0,1.45259888700275,0,1.0340787271815
1996,6,14,0.439586400985718,0,1.1006731179059,0,0.882141756072758
1996,6,15,0.0284471064805985,0,0.197196567170977,0,0.829984271432471
1996,6,16,0.312192052602768,0,0.199083776920816,0,0.984189010980561
1996,6,17,0.82024222612381,0,0.613671715271266,0,1.7461416890302
1996,6,18,0.880098521709442,0,0.851820049270827,0,2.42645664966013
1996,6,19,0.0597943589091301,0,0.393880908046413,0,2.65322830320343
1996,6,20,0.0797034502029419,0,0.0714812340156641,0,2.83464566929134
1996,6,21,0.0553288757801056,0,0.0770437108967599,0,2.29039378729392
1996,6,22,2.53045392036438,0,1.50994956316208,-1.81898940354586e-12,2.56251972829263
1996,6,23,0.61822497844696,0,1.1278108309416,1.81898940354586e-12,3.1294488621509
1996,6,24,0.122955910861492,0,0.551413425291685,0,3.33354326383335
1996,6,25,1.58617544174194,0,0.389096181468631,0,3.03874007097379
1996,6,26,0.326710760593414,0,1.13778449310848,0,2.42645664966013
1996,6,27,1.85552060604095,0,0.955321312678279,0,2.03414179283803
1996,6,28,0.781922936439514,0,1.35249369637131,0,1.52617323267178
1996,6,29,6.21286773681641,0,3.63790285015421,0,1.20415746733898
1996,6,30,5.69474315643311,0,5.86093156245806,0,1.0567558709092
1996,7,1,5.98053884506226,0,6.00108390661444,0,1.06582672840028
1996,7,2,6.65394067764282,0,6.54849377037681,-1.81898940354586e-12,1.39918111966351
1996,7,3,3.04802107810974,0,6.18925985813075,1.81898940354586e-12,1.99105505755567
1996,7,4,2.31674695014954,0,3.2180879330499,0,2.14525985117034
1996,7,5,0.717766106128693,0,1.14865507655122,-1.81898940354586e-12,1.73253540279358
1996,7,6,0.121100068092346,0,0.232617592535462,1.81898940354586e-12,1.46267712210107
1996,7,7,0.0590978562831879,0,0.0744219018397416,0,1.39464569091797
1996,7,8,0.113822914659977,0,0.25669378996281,0,1.33795277753214
1996,7,9,1.37358522415161,0,1.20850717664325,0,1.24497632604884
1996,7,10,0.500095546245575,0,1.08291332953013,0,1.1497323223925
1996,7,11,0.0826135501265526,0,0.375987119054116,0,1.0114015834538
1996,7,12,0,0,0.0622041089645791,0,0.950173241322435
1996,7,13,0.655829787254334,0,0.219642441481483,0,0.902551185427688
1996,7,14,2.21341681480408,0,1.16302418942723,0,0.873070844515102
1996,7,15,3.02850341796875,0,2.52057856428291,0,0.798236216147115
1996,7,16,1.16755092144012,0,1.9082726478282,0,1.11344878429503
1996,7,17,2.31256090046372e-05,0,0.341782903262356,0,1.30166923943467
1996,7,18,0.931393384933472,0,0.721374897470014,0,1.06809449683963
1996,7,19,0.298516750335693,0,0.379540526957499,0,0.943370044137549
1996,7,20,0.0802055522799492,0,0.255603539770164,0,0.870803130142332
1996,7,21,1.57390356063843,0,1.3342521417253,0,0.848125986414632
1996,7,22,0.793557107448578,0,1.35775167610336,0,0.820913359874816
1996,7,23,0.135004296898842,0,0.562505999107088,0,0.777826786792184
1996,7,24,0.0575665198266506,0,0.0875815716954094,0,0.730204730897438
1996,7,25,0.0440020971000195,0,0.049228820587814,0,0.691653532493772
1996,7,26,0.0750382170081139,0,0.064142414372327,0,0.671244103138841
1996,7,27,0.00250811991281807,-1.81898940354586e-12,0.0191085366459447,0,0.646299190971795
1996,7,28,0.00209819385781884,1.81898940354586e-12,0.0023974265823199,0,0.619086618498554
1996,7,29,0.00528055522590876,0,0.0924306697615975,0,0.591873991958738
1996,7,30,1.31604886054993,0,1.05260819587602,0,0.564661419485498
1996,7,31,3.37719655036926,0,1.75279726208282,0,0.587338563213198
1996,8,1,1.47893965244293,0,2.41604339471087,0,0.684850389375461
1996,8,2,2.55989027023315,0,1.70300876973306,0,0.641763762226255
1996,8,3,3.68166279792786,0,2.903471991478,0,0.610015761007474
1996,8,4,1.05959153175354,0,1.70791259285033,0,0.578267705722118
1996,8,5,3.13974380493164,0,1.69522668195714,0,0.530645649827371
1996,8,6,7.33215188980103,0,5.73932500703631,0,0.585070848840428
1996,8,7,2.92601108551025,0,4.84587194211417,0,0.954708670067975
1996,8,8,1.66447961330414,0,2.52334361333305,0,0.843590557669091
1996,8,9,1.07196950912476,0,1.61362361171814,0,0.811842502383735
1996,8,10,0.364642590284348,0,0.904806980928697,0,0.693921246866542
1996,8,11,2.76389479637146,0,0.858372168413553,0,0.614551189753014
1996,8,12,0.447820693254471,0,1.45839577517836,0,0.632692904735175
1996,8,13,0.172229319810867,0,0.33479069117675,0,0.610015761007474
1996,8,14,0.11626110970974,0,0.143740735697065,0,0.537448792945682
1996,8,15,0.124422676861286,0,0.136646981050944,0,0.503433077354131
1996,8,16,0.29324871301651,0,0.357063221086719,0,0.473952736441545
1996,8,17,1.40884733200073,0,1.21400576029009,0,0.442204735222764
1996,8,18,4.3809962272644,0,2.62429918895941,0,0.412724421343466
1996,8,19,2.33531165122986,0,3.95832112619792,0,0.453543307086614
1996,8,20,0.421285152435303,0,1.52232683436523,0,0.467149593323235
1996,8,21,1.72023391723633,0,0.985162844830484,0,0.426330707580086
1996,8,22,2.05295848846436,0,1.7824254236275,0,0.442204735222764
1996,8,23,0.24996043741703,0,1.30703491318309,0,0.526110221081831
1996,8,24,1.4973726272583,0,0.661242212150683,0,0.505700791726901
1996,8,25,0.949558734893799,0,1.11828007240365,0,0.48982679111751
1996,8,26,1.76005625724792,0,1.19142322669904,0,0.469417307696005
1996,8,27,15.4431285858154,0,10.1029296637043,0,0.453543307086614
1996,8,28,17.6668262481689,0,17.0179828338587,0,1.13385826771654
1996,8,29,4.85816431045532,0,13.0818524405622,0,1.76428351214552
1996,8,30,1.523322224617,0,3.00489346529866,0,1.26311814916415
1996,8,31,1.05725765228271,0,1.352021800476,0,1.06809449683963
1996,9,1,2.80691766738892,0,1.32685580378529,0,0.952440901628629
1996,9,2,1.74698555469513,0,2.18396881438275,0,1.07262992558517
1996,9,3,0.199808463454247,0,1.29692928103577,0,1.12705507053165
1996,9,4,0.984490573406219,0,0.736141914901964,0,1.00006295752338
1996,9,5,0.29778179526329,0,0.659535627894002,0,0.898015756682148
1996,9,6,0.0270803608000278,0,0.155303499255751,0,0.816377931129275
1996,9,7,0.000175040477188304,0,0.0116365595768002,0,0.764220446488989
1996,9,8,0.0309172961860895,0,0.0178946290216118,0,0.723401587779128
1996,9,9,0.018132109194994,0,0.0695663379374309,0,0.700724389984852
1996,9,10,8.45306491851807,0,6.51507380915791,0,0.671244103138841
1996,9,11,3.45637106895447,0,5.15357687578944,0,0.809574788010965
1996,9,12,2.27461552619934,0,2.88094491182528,0,0.981921242541216
1996,9,13,1.20582318305969,0,2.00624853123736,0,0.866267701396792
1996,9,14,2.78269958496094,0,2.17801538688218,0,0.818645645502045
1996,9,15,1.57156658172607,0,2.08839102713864,0,0.775559072419414
1996,9,16,0.00663309823721647,0,1.12118138406004,0,0.773291358046644
1996,9,17,3.58973693847656,0,0.573103862188873,0,0.732472445270208
1996,9,18,5.40727663040161,0,4.00764942777641,0,0.714330730288048
1996,9,19,2.06974124908447,0,4.31752386086737,0,0.687118103748231
1996,9,20,0.617624700069428,0,1.20630471844379,0,0.696188961239312
1996,9,21,0.883421003818512,0,0.697492496132327,0,0.655370102529451
1996,9,22,3.86035633087158,0,2.52580161866899,0,0.641763762226255
1996,9,23,5.94642019271851,0,4.88300107979376,0,0.616818904125784
1996,9,24,10.3017673492432,0,7.04713705491486,0,0.625889761616865
1996,9,25,21.3810214996338,0,16.8249482725078,0,0.612283475380244
1996,9,26,6.1840558052063,5.96446625422686e-09,15.4240735601779,5.96446625422686e-09,1.41278740590013
1996,9,27,2.74877711490262e-05,4.06317485612817e-06,2.85093037620754,4.06317303713877e-06,1.63275586225855
1996,9,28,0.415619492530823,0.111889354811865,0.0959378584429942,3.76918978872709e-06,1.07262992558517
1996,9,29,0.290409743785858,0.256750338841812,0.0968995364419243,0,0.902551185427688
1996,9,30,6.75222872814629e-06,0.143219695582957,0,0,0.793700787401575
1996,10,1,0.0056996806524694,0.00322075676922395,0,0,0.707527533103162
1996,10,2,9.5884485244751,4.79932461773024,0,0,0.623622047244095
1996,10,3,6.34788084030151,7.93592518528931,0,0,0.587338563213198
1996,10,4,7.55836534500122,4.37845521185227,2.5746678331343,0.299501700821565,0.569196848231038
1996,10,5,1.20494711399078,1.20973120349481,3.18568286267691,3.25006465685328,0.560125990739958
1996,10,6,8.73732852935791,0,4.84684197232673,4.54084521614823,0.537448792945682
1996,10,7,2.94328594207764,0,5.84523973909199,9.21465956129032,0.519307077963521
1996,10,8,1.6589218378067,0,2.45831027329587,1.72627106099208,0.503433077354131
1996,10,9,10.1334571838379,0,3.34742154294872,0,0.496629934235821
1996,10,10,5.65087509155273,0,8.85890727532205,0,0.48982679111751
1996,10,11,0.206577733159065,0,5.14608691450849,0,0.469417307696005
1996,10,12,5.11952638626099,0,2.86638283081993,0,0.449007878341074
1996,10,13,4.14893293380737,0,4.66021416459989,0,0.442204735222764
1996,10,14,4.78754043579102,0,4.27761433278283,0,0.414992135716236
1996,10,15,3.06063318252564,1.53031311864834,2.35099022504073,0,0.408188965564638
1996,10,16,1.5904598236084,2.33574655095254,0,0,0.401385822446327
1996,10,17,2.60839700698853,2.09703216131311,0,0,0.394582679328017
1996,10,18,2.25734353065491,2.45453591982368,0,0,0.387779536209707
1996,10,19,4.1412878036499,3.16486798695587,0,1.81898940354586e-12,0.380976366058109
1996,10,20,0.503400146961212,2.35796279638998,0,-1.81898940354586e-12,0.374173222939799
1996,10,21,0.595332205295563,0.536839651620539,0,0,0.367370079821489
1996,10,22,1.54373347759247,1.01395872017929,0,0,0.362834651075949
1996,10,23,0.27059942483902,0.926586481728009,0,0,0.356031507957639
1996,10,24,1.65914344787598,0.907868929096367,0,0,0.351496052178811
1996,10,25,6.57829856872559,4.11442201203317,0,0,0.344692909060501
1996,10,26,14.9087829589844,10.7112974749743,0,0,0.340157480314961
1996,10,27,13.3257627487183,14.0906765802156,0,0,0.33335433719665
1996,10,28,0.878347635269165,7.13948506802626,0,0,0.32881890845111
1996,10,29,0.252385795116425,0.621561644296889,0,0,0.322015738299513
1996,10,30,0.736490786075592,0.488665027653042,0,0,0.317480309553972
1996,10,31,0.493782430887222,0.463209664700116,0.151928477795082,0.120894227278768,0.310677166435662
1996,11,1,0.387917697429657,0.251185543818792,0.191589385722182,0.120949910493437,0.303874023317352
1996,11,2,0.623477935791016,0.526503497989324,0.024651309082401,0,0.299338594571812
1996,11,3,0.59643691778183,0.606840623853714,0,0,0.297070853165754
1996,11,4,3.08796429634094,1.71206141331277,0,0,0.292535424420214
1996,11,5,3.32570505142212,3.19976873655469,0,0,0.290267710047444
1996,11,6,6.60012340545654,4.88735346220165,0,0,0.285732281301904
1996,11,7,2.53574585914612,4.41820283016023,0,0,0.283464566929134
1996,11,8,1.01521062850952,2.02239068350355,0,0,0.278929138183594
1996,11,9,0.230356767773628,0.473465184937595,0,-1.81898940354586e-12,0.274393709438054
1996,11,10,0.891115367412567,0.705240348010193,0,1.81898940354586e-12,0.269858280692514
1996,11,11,0,0.18514583778051,0,0,0.267590539286456
1996,11,12,0.0756859704852104,0.0592162887332961,0,0,0.263055110540916
1996,11,13,2.90251708030701,1.24302349294885,0,0,0.258519681795376
1996,11,14,0.46026074886322,1.82510774340153,0,0,0.256251967422605
1996,11,15,0.00465708132833242,0.33574185112775,0,0,0.251716538677065
1996,11,16,0.147825583815575,0.0409581058556796,0,0,0.249448824304295
1996,11,17,0.200727641582489,0.154786333090669,0,1.81898940354586e-12,0.247181109931525
1996,11,18,0.2092225253582,0.202602425031728,0,-1.81898940354586e-12,0.242645681185985
1996,11,19,0,0.137664154068261,0,0,0.240377939779927
1996,11,20,0,0,0,0,0.238110225407157
1996,11,21,0.000655453710351139,0.00011444375559222,0,0,0.235842511034387
1996,11,22,9.10645248950459e-05,0.0005020702501497,0,0,0.233574796661617
1996,11,23,0.16338025033474,0.0286489602640359,0,0,0.231307082288847
1996,11,24,5.29872131347656,2.87796290662664,0,0,0.226771653543307
1996,11,25,1.4667329788208,3.49342636420442,0,0,0.224050388185997
1996,11,26,4.60663080215454,3.19610416854448,0,0,0.221555905079278
1996,11,27,4.79414939880371,4.69922222300193,0,0,0.219741728174405
1996,11,28,2.93295621871948,3.73843581905567,0,0,0.218154333520123
1996,11,29,3.01456332206726,2.94412451032622,0,0,0.217247245067687
1996,11,30,1.5600608587265,2.4779048669734,0,0,0.215433068162813
1996,12,1,2.68962669372559,2.26186560173119,0,0,0.213845673508532
1996,12,2,4.66530513763428,3.46410939294947,0,0,0.212031496603658
1996,12,3,9.49838924407959,7.47690803351179,0,0,0.210444088432733
1996,12,4,0.353523701429367,5.11651864759187,0,0,0.208856693778451
1996,12,5,4.70501756668091,2.72013145472374,0,0,0.207042516873577
1996,12,6,0.520752251148224,2.63291300099081,0,0,0.205455122219296
1996,12,7,1.70933878421783,1.07096303544131,0,0,0.203867714048371
1996,12,8,1.93669831752777,1.79358780257462,0,0,0.202960625595934
1996,12,9,0.928625881671906,1.74300111346383,0,0,0.201373230941652
1996,12,10,2.25921964645386,1.6953094078217,0,0,0.200692911223164
1996,12,11,2.93654799461365,2.67810531408213,0,0,0.199785822770727
1996,12,12,5.49111464351881e-05,1.91559723427963,0,0,0.198198428116445
1996,12,13,0.85586154460907,0.645613995417079,0,0,0.197518108397957
1996,12,14,1.29902505874634,1.1722420859569,0,0,0.195930713743675
1996,12,15,0.146136105060577,0.609752178346753,0,0,0.193662985854262
1996,12,16,2.00076746940613,1.39429297920651,0,0,0.192529128667876
1996,12,17,1.40104758739471,1.55050295029287,0,0,0.191395271481491
1996,12,18,0.792436718940735,1.0453096490528,0,0,0.190488183029055
1996,12,19,5.35952281951904,2.48761736055531,0,0,0.189581108093262
1996,12,20,1.22410500049591,3.17557214974659,0,0,0.188447237390233
1996,12,21,0.0552226305007935,0.893615127139128,0,0,0.1870866114699
1996,12,22,0.0120578398928046,0.0845968394442025,0,0,0.186179523017463
1996,12,23,0.0111098950728774,0.0160750276991166,0,0,0.185725985549566
1996,12,24,0.00869373604655266,0.00966106480336748,0,0,0.185272434565026
1996,12,25,0.00126605364494026,0.00506416457210435,0,0,0.18481889709713
1996,12,26,0.177335247397423,0.103762824948717,0,0,0.184138577378641
1996,12,27,0.0474899895489216,0.0807976779506134,0,0,0.183458271176796
1996,12,28,0.0734262019395828,0.100239442135717,0,0,0.182777951458308
1996,12,29,0.378304332494736,0.332044234317436,0,0,0.182324413990411
1996,12,30,0,0.267021856905558,0,0,0.181870863005871
1996,12,31,0,0.010266957055137,0,0,0.181417325537974
1997,1,1,0.210247486829758,0.0319091047585971,0,0,0.180963774553434
1997,1,2,0.0864871516823769,0.152244092245383,0,0,0.180510237085538
1997,1,3,0.499736130237579,0.336657878810001,0,0,0.180056699617641
1997,1,4,4.57468175888062,2.73496593504387,0,0,0.179603148633101
1997,1,5,1.83598828315735,3.16738860409532,0,0,0.179149611165204
1997,1,6,4.38880062103272,2.49085969482076,0,0,0.178696060180664
1997,1,7,2.70496940612793,3.47894500137227,0,0,0.178242522712768
1997,1,8,2.34734463691711,2.51725891367823,0,0,0.177788971728227
1997,1,9,1.14529168605804,1.96514844653757,0,0,0.177335434260331
1997,1,10,2.59669995307922,1.46156699509447,0,0,0.17688188327579
1997,1,11,4.56501865386963,2.9261299370155,0,0,0.176428345807894
1997,1,12,7.36975574493408,2.24355848679443,3.68487773573179,2.11526452616999,0.175974808339998
1997,1,13,2.04287242889404,0.861569258637246,3.85847742260557,2.12617082091856,0.175521257355457
1997,1,14,0.675679862499237,1.19886035785385,0.155473984996206,0,0.175067719887561
1997,1,15,0.00441700452938676,0.261276709799859,0,0,0.17461416890302
1997,1,16,4.65047979354858,1.90979005265945,0,0,0.174160631435124
1997,1,17,9.03083610534668,6.38882410143015,0,0,0.173707080450584
1997,1,18,6.00532865524292,7.99841709762404,0,0,0.173253542982687
1997,1,19,4.28064346313477,5.09074397279801,0,0,0.172800005514791
1997,1,20,1.9958221912384,3.0289040337193,0,0,0.17234645453025
1997,1,21,1.98157691955566,1.98493412887001,0,0,0.171892917062354
1997,1,22,0,0.663459455474367,0,0,0.171212597343865
1997,1,23,0.16505366563797,0.0838525228809885,0,0,0.170759059875969
1997,1,24,0,0.126575751117343,0,0,0.170305508891429
1997,1,25,0.523708581924439,0.280717565698069,0,0,0.169851971423532
1997,1,26,0.129199177026749,0.347491406299014,0,0,0.169398420438992
1997,1,27,6.21472549438477,3.56398739661927,0,0,0.168944882971095
1997,1,28,7.42823934555054,6.60686666108086,0,0,0.168491331986555
1997,1,29,1.6641628742218,4.81741119313483,0,0,0.168037794518659
1997,1,30,0.126151844859123,1.37633500511947,0,0,0.167584257050762
1997,1,31,2.71087241172791,1.55306574649876,0,0,0.167130706066222
1997,2,1,1.50426089763641,1.95053921417093,0,0,0.166677168598325
1997,2,2,0.0555235520005226,0.864305029612297,0,0,0.166223617613785
1997,2,3,0.189226731657982,0.0947383640996122,0,0,0.165770080145888
1997,2,4,0.00108114478643984,0.0795725351381407,0,0,0.165316529161348
1997,2,5,4.04264736175537,2.13260548361359,0,0,0.164862991693452
1997,2,6,7.5577597618103,2.02132418433393,3.77887893970546,1.92765995488298,0.164409454225555
1997,2,7,3.09761047363281,1.55300353276834,3.76863659419723,1.92243518859868,0.163955903241015
1997,2,8,0.248498782515526,1.67323936822322,0,0,0.163502365773118
1997,2,9,0.0963491499423981,0.174847961377964,0,0,0.163048814788578
1997,2,10,0.0920521095395088,0.0955161761721683,0,0,0.162595277320682
1997,2,11,0.0921979546546936,0.0923774650746054,0,0,0.162141726336141
1997,2,12,2.37975788116455,0.739725161856768,0,0,0.161461420134297
1997,2,13,1.23752284049988,2.18289915148671,0,0,0.161007869149756
1997,2,14,1.54132604598999,1.49433418982335,0,0,0.16055433168186
1997,2,15,6.60365533828735,4.53040829383463,0,0,0.160100780697319
1997,2,16,7.79048728942871,6.79398455796763,0,0,0.159647243229423
1997,2,17,3.21757626533508,5.50383010646874,0,0,0.159193705761527
1997,2,18,0.419172883033752,1.09067452677482,0,0,0.158740154776986
1997,2,19,0.895635008811951,0.767167459358461,0,0,0.15828661730909
1997,2,20,1.31590414047241,1.11429923038486,0,1.81898940354586e-12,0.157833066324549
1997,2,21,0.662829160690308,1.12519592799072,0,-1.81898940354586e-12,0.157152760122705
1997,2,22,8.87174701690674,0.349567683693749,4.43587214581385,3.59760108786031,0.156472440404216
1997,2,23,24.910041809082,0,16.8910578137911,11.3444994758011,0.15601890293632
1997,2,24,16.0867290496826,8.08962411580433,12.383388670205,7.70225869665046,0.155565351951779
1997,2,25,1.41851186752319,8.70076754012735,0,0,0.154885045749935
1997,2,26,0.0741647034883499,0.748209299150403,1.81898940354586e-12,1.81898940354586e-12,0.154431494765394
1997,2,27,0.958170294761658,0.327375310103889,-1.81898940354586e-12,-1.81898940354586e-12,0.153751175046906
1997,2,28,0.360248267650604,0.842740852189309,0,0,0.153070868845061
1997,3,1,0.937329411506653,0.667484062856602,0,0,0.151937011658676
1997,3,2,1.2568211555481,1.05332342735892,0,0,0.150803154472291
1997,3,3,0.120347425341606,1.08072316285507,0,0,0.149442515035314
1997,3,4,0.262725561857224,0.299065686320319,0,0,0.148308657848929
1997,3,5,2.86286425590515,0.739632909742795,0,0,0.147174800662544
1997,3,6,3.21480274200439,2.83866876661887,0,0,0.146040943476159
1997,3,7,3.01178097724915,3.15546742903462,0,0,0.144907086289774
1997,3,8,3.99093461036682,3.59278251222531,0,0,0.143546460369441
1997,3,9,3.62192726135254,3.79988888832486,0,1.81898940354586e-12,0.142412603183055
1997,3,10,2.01089954376221,3.19618208673819,0,-1.81898940354586e-12,0.14127874599667
1997,3,11,1.05657088756561,1.93840508412177,0,0,0.140144875293642
1997,3,12,0.220423564314842,0.810400182741432,0,0,0.139011018107257
1997,3,13,0.0737873986363411,0.15916057778486,0,0,0.137650392186923
1997,3,14,0.838917434215546,0.173763342323582,0,0,0.136516535000538
1997,3,15,0.269370257854462,0.521252153353998,0,0,0.135609446548101
1997,3,16,0.816914498806,0.452807343377572,0,0,0.134702358095665
1997,3,17,6.39664936065674,2.55130561430451,0,0,0.133795269643228
1997,3,18,4.06811761856079,5.32067347418342,0,0,0.132661412456843
1997,3,19,2.79417967796326,3.70065021289338,0,0,0.131754324004406
1997,3,20,6.4299693107605,3.58790914316887,0,0,0.130620466818021
1997,3,21,6.35363531112671,6.32233232606268,0,0,0.129713391882228
1997,3,22,0.697218239307404,4.10239638358144,0,0,0.128125983711303
1997,3,23,4.06062173843384,2.30582339618741,0,0,0.126992126524918
1997,3,24,4.94498014450073,4.39123981861849,0,0,0.125631500604584
1997,3,25,1.69553673267365,4.18857624598786,0,0,0.124497643418199
1997,3,26,1.38101589679718,1.7608183970824,0,0,0.123137003981222
1997,3,27,5.11697340011597,2.93340329811144,0,0,0.121776378060889
1997,3,28,4.4496808052063,4.78968536491084,0,0,0.120642520874504
1997,3,29,4.71920251846314,4.52385547439917,0,0,0.119281894954171
1997,3,30,0.861527562141419,2.51267714539608,0,0,0.117921255517194
1997,3,31,1.55093312263489,1.29796999569953,0,0,0.115653541144424
1997,4,1,19.9769802093506,10.6507722071692,0,0,0.113385826771654
1997,4,2,9.45106601715088,15.4773470288092,0,0,0.111118112398884
1997,4,3,1.8103860616684,6.92861943071512,0,0,0.109077166760062
1997,4,4,0.00701092882081866,0.843768405502487,0,0,0.10680944562897
1997,4,5,0.000885123154148459,0.00462807835901913,0,0,0.105222044216366
1997,4,6,0.0038965514395386,0.0029583514406113,0,0,0.103181105335866
1997,4,7,0.00478001963347197,0.0100937057977717,0,0,0.101140159697045
1997,4,8,0.0679811462759972,0.0533369299391779,0,0,0.0988724385659526
1997,4,9,0.0233286079019308,0.0309473243378307,0,0,0.0966047241931825
1997,4,10,0.00232178694568574,0.0116642970933754,0.0011608941549639,2.01843644799737,0.092749608407809
1997,4,11,0.0114028453826904,0.00570569820229139,0.00116002291360928,2.01692163149528,0.0920692886893205
1997,4,12,0.11033820360899,0.0727987992449926,0,0,0.0913889757291538
1997,4,13,0.180826276540756,0.160857315777321,0,0,0.0904818872767171
1997,4,14,0.0192628670483828,0.143304073324543,0,0,0.0895748055826022
1997,4,15,0.774119436740875,0.122301152116052,0.282581708852376,0.431751842166705,0.0895748055826022
1997,4,16,1.53120100498199,0.104482710054072,1.04815720108127,4.86488086841928,0.0891212613563838
1997,4,17,2.40117168426514,0,1.95940565128149,5.67989453543669,0.0891212613563838
1997,4,18,0.757445335388184,0.375638589317532,1.21036265549083,1.20582902492606,0.0888944858641136
1997,4,19,0.00140228029340506,0.416216678973797,0,0,0.0888944858641136
1997,4,20,3.16449427604675,2.41118474542054,0,0,0.0884409416378952
1997,4,21,2.43817138671875,1.82899029701002,0.972342550545363,0.614755933907873,0.0884409416378952
1997,4,22,1.97634732723236,0.246737102905172,1.96051664220431,11.6844860396595,0.0888944858641136
1997,4,23,0.0783858150243759,0,1.07956253721386,21.3208369082131,0.0888944858641136
1997,4,24,0,0,0.0413478182890685,23.3652720687005,0.0891212613563838
1997,4,25,0.032391432672739,0,0.0168773151235655,22.5430496057015,0.0891212613563838
1997,4,26,4.72159719467163,0,2.26919374829777,14.8957097019611,0.0904818872767171
1997,4,27,1.82818818092346,0,3.41400649854222,14.6703817670314,0.0920692886893205
1997,4,28,0,0,0.915555001083703,15.0303357561461,0.0934299213679757
1997,4,29,0.866260290145874,0,0.465910760147381,15.1320587588161,0.0959244112330159
1997,4,30,0.523621082305908,0,0.696489129226393,17.2415193579945,0.0986456698320043
1997,5,1,5.84885710850358e-05,0,0.283043663108401,11.9942796508203,0.101366928430993
1997,5,2,0,0,3.09517236019019e-05,10.031380073222,0.10680944562897
1997,5,3,0.0100698415189981,0,0.00536503436342173,17.8970212123131,0.109757479720228
1997,5,4,0.287165462970734,0,0.137428960924808,25.022187843455,0.113159058037705
1997,5,5,0.117847606539726,0,0.193064867098656,29.0617729285987,0.116333860862912
1997,5,6,0.842950284481049,0,0.402052619409005,31.3325322113014,0.129713391882228
1997,5,7,1.36956810951233,0,1.11148678493009,30.7779337095635,0.153070868845061
1997,5,8,1.56970751285553,0,1.47064656296243,28.0806898069604,0.180510237085538
1997,5,9,1.67790794372559,0,1.621694540303,26.977887924977,0.285732281301904
1997,5,10,4.56641387939453,0,3.11233935275232,28.7802022020824,0.367370079821489
1997,5,11,10.300464630127,0,7.4431289618442,38.3246275216734,0.471685022068775
1997,5,12,1.93933165073395,0,6.10626357882939,14.4537984956241,0.698456675612082
1997,5,13,2.86924242973328,0,2.40423065681898,0,1.02954329843596
1997,5,14,1.39236187934876,0,2.13091456086659,0,1.46267712210107
1997,5,15,1.78848254680634,0,1.60031956072817,0,1.23363780825157
1997,5,16,0.672844350337982,0,1.31507479609172,0,1.07943312277005
1997,5,17,1.8487274646759,0,1.49006699747042,0,1.12478741022546
1997,5,18,2.13459944725037,0,1.93248866160502,0,1.13612603615588
1997,5,19,0.16965252161026,0,1.33467660656788,0,1.03181106687531
1997,5,20,8.08487820904702e-05,0,0.0848681015213515,0,1.50576374925028
1997,5,21,0.0285377744585276,0,0.014308672705738,0,2.60787401574803
1997,5,22,0.202236503362656,0,0.114263911395028,0,4.6488188976378
1997,5,23,0,0,0.101247384254748,-1.81898940354586e-12,5.82803166907603
1997,5,24,0.63862806558609,0,0.321186533728906,1.81898940354586e-12,5.73732266163263
1997,5,25,0.0486721061170101,0,0.474319009486862,-1.81898940354586e-12,3.78708678718627
1997,5,26,0.405137211084366,0,0.0996451693972631,1.81898940354586e-12,2.63055126760888
1997,5,27,0.338114589452744,0,0.349408507037879,0,1.98198420006459
1997,5,28,1.28558707237244,0,0.805494246642411,0,1.87766923078402
1997,5,29,1.86314082145691,0,1.59872531298061,0,3.3108662282388
1997,5,30,0.155856430530548,0,0.83669460296187,0,3.37889755128876
1997,5,31,0.78156965970993,0,0.560286114758128,0,2.49448818897638
1997,6,1,0.480641961097717,0,0.581883656655919,0,2.31307082288847
1997,6,2,0.879824876785278,0,0.75831025415755,0,2.21329139048659
1997,6,3,0.0820494666695595,0,0.762893676035674,0,2.67590555506428
1997,6,4,3.29230117797852,0,0.787269297177772,0,4.44472449595534
1997,6,5,10.9558277130127,0,6.16240305108659,0,6.21354322058009
1997,6,6,3.17088031768799,0,5.36391587602884,0,5.78267716535433
1997,6,7,0.267143309116364,0,2.15846220077947,0,3.69637777974286
1997,6,8,0.939900636672974,0,0.683954247218935,0,2.76661412997509
1997,6,9,0.791687369346619,0,0.78995405551359,0,2.14072431429165
1997,6,10,0.00300362450070679,0,0.192137856694899,0,1.93436214416984
1997,6,11,0.345618575811386,0,0.0572577472012199,0,2.42645664966013
1997,6,12,3.49512243270874,0,1.05943673123693,0,3.80976360651452
1997,6,13,0.967263698577881,0,1.96430005402181,0,4.08188976377953
1997,6,14,0.39179652929306,0,0.507176985864135,0,3.19748040146715
1997,6,15,0.0679740458726883,0,0.134797189150049,0,2.76661412997509
1997,6,16,0,0,0.339710147685764,0,2.31307082288847
1997,6,17,5.65178346633911,0,4.41730404346345,0,2.18834637018639
1997,6,18,6.44965600967407,0,5.86027001264483,0,4.35401592104454
1997,6,19,0.126438349485397,0,4.71394531376063,0,3.58299216923751
1997,6,20,0.0752428844571114,0,0.464186533516113,0,2.47181093711553
1997,6,21,3.85954904556274,0,2.79637031571838,0,2.78929138183594
1997,6,22,1.45507562160492,0,1.86315535280482,0,3.51496062992126
1997,6,23,2.95767855644226,0,1.72113033844107,0,3.44692909060501
1997,6,24,4.59734535217285,0,3.18946291677821,0,3.46960634246586
1997,6,25,2.12801361083984,0,3.56312814767443,1.81898940354586e-12,3.42425205501046
1997,6,26,0.824097752571106,0,1.32705967431139,-1.81898940354586e-12,3.35622051569421
1997,6,27,0.543222367763519,0,0.684537817562159,0,3.19748040146715
1997,6,28,3.10828709602356,0,2.28841789544458,0,2.83464566929134
1997,6,29,1.61859929561615,0,2.89266016825422,0,2.56251972829263
1997,6,30,0.341544628143311,0,1.52008007119184,0,2.12258259930949
1997,7,1,0.118463344871998,0,0.290968507593789,0,1.66223620317114
1997,7,2,1.03518211841583,0,0.471082699843464,0,1.60327562947912
1997,7,3,2.65897870063782,0,1.80822263898153,0,1.66223620317114
1997,7,4,1.00303423404694,0,1.39846120275433,0,1.79829917367049
1997,7,5,0.480748772621155,0,0.558151079378149,0,1.62595277320682
1997,7,6,10.4726800918579,0,5.31468598582615,0,1.51029917799582
1997,7,7,11.0244493484497,0,10.7511831695883,0,2.76661412997509
1997,7,8,2.15590882301331,0,6.81427067679761,0,2.26771653543307
1997,7,9,0.177475094795227,0,1.0258450492729,0,1.68718111533818
1997,7,10,0.214444056153297,0,0.184429662056573,0,1.41732283464567
1997,7,11,1.40444791316986,0,0.604619251127588,0,1.27899209570697
1997,7,12,2.32997131347656,0,2.08956946765102,0,1.25631495197927
1997,7,13,3.04227685928345,0,2.48098011398542,0,1.2903307216374
1997,7,14,0.757989943027496,0,2.26110515694563,0,1.41278740590013
1997,7,15,0.769676208496094,0,0.712994047482425,0,1.1519999826987
1997,7,16,0.045015636831522,0,0.184405869567854,0,1.04995278185747
1997,7,17,0.0636091902852058,0,0.075597040442517,0,0.981921242541216
1997,7,18,0.275571346282959,0,0.371817649771401,0,0.927496097594734
1997,7,19,2.07334065437317,0,1.76619013512754,0,0.854929129532942
1997,7,20,2.16351389884949,0,2.29482220225509,0,0.893480327936608
1997,7,21,3.83533787727356,0,3.55287516554199,0,0.888944899191068
1997,7,22,13.2502727508545,0,8.41860920976069,0,1.3560944925143
1997,7,23,6.28478670120239,0,8.08058483142122,0,1.83911803238035
1997,7,24,9.99797344207764,0,8.97495400549815,0,2.26771653543307
1997,7,25,0.922268390655518,0,7.46063940524255,-1.81898940354586e-12,1.88447253610205
1997,7,26,3.42293405532837,0,1.837071364449,1.81898940354586e-12,1.73707083153912
1997,7,27,2.59513568878174,0,3.24059967912763,0,1.74160626028466
1997,7,28,3.57313704490662,0,3.14473617889234,0,1.63048820195236
1997,7,29,2.22212505340576,0,2.98275323572307,0,3.06141732283465
1997,7,30,0.258210301399231,0,1.92922481785354,0,2.40377961406558
1997,7,31,4.69730472564697,0,1.98395659578273,0,2.04548041876845
1997,8,1,7.04767084121704,0,5.36902922365334,0,2.14072431429165
1997,8,2,3.30960130691528,0,4.61160293049034,0,2.69858259065883
1997,8,3,0.615478038787842,0,1.59113554902433,0,2.26091344638134
1997,8,4,0.631863594055176,0,0.6225795735063,0,1.87313391017163
1997,8,5,1.34437656402588,0,1.12219174101301,0,1.6554331141194
1997,8,6,1.1184276342392,0,1.26051237512911,0,1.54431494765394
1997,8,7,0.258118689060211,0,0.801276064374179,0,1.41959060308501
1997,8,8,0.00440067192539573,0,0.172188810596708,0,1.30166923943467
1997,8,9,0.253727316856384,0,0.141628982462862,0,1.19281894954171
1997,8,10,0.322436273097992,0,0.302939468183467,0,1.18601575235682
1997,8,11,0.339272737503052,0,0.481745925755604,0,1.129322838971
1997,8,12,4.88569021224976,0,3.62206349038024,0,1.18374798391748
1997,8,13,5.71340894699097,0,5.07660510214919,0,1.27445666696143
1997,8,14,0.00221047014929354,0,3.65844942233343,0,1.1746771264264
1997,8,15,0.0437933467328548,0,0.0106645672385639,0,1.05222044216366
1997,8,16,1.31519770622253,0,0.324528099345116,0,0.979653582235021
1997,8,17,0.0295529291033745,0,0.732127200053583,0,0.920692900409849
1997,8,18,0.226414173841476,0,0.159917053051686,0,0.909354382612574
1997,8,19,0.30951252579689,0,0.313383139828147,0,0.975118153489481
1997,8,20,1.27463710308075,0,1.07003700219502,0,0.96151175911971
1997,8,21,3.48259425163269,0,2.95329435654094,0,0.904818899800458
1997,8,22,9.01379299163818,0,4.49153018368634,0,1.26538580947035
1997,8,23,5.83900165557861,0,8.17380188320931,0,1.18601575235682
1997,8,24,4.69636106491089,0,5.40266193747084,0,1.10437792680395
1997,8,25,0,0,2.40956926464423,0,0.977385813795675
1997,8,26,1.6401172876358,0,0.476698839005621,0,0.918425240103654
1997,8,27,0.314436793327332,0,0.761564453334358,0,0.861732272651252
1997,8,28,0.384055972099304,0,0.347206383392404,0,0.861732272651252
1997,8,29,0.00556351989507675,0,0.199403724658623,0,0.841322843296321
1997,8,30,0,0,0.00275363469881995,0,0.768755929301104
1997,8,31,0.0936423763632774,0,0.0473467252795672,0,0.732472445270208
1997,9,1,2.22148847579956,0,1.16881304554045,0,0.707527533103162
1997,9,2,1.48726582527161,0,1.77544815254078,0,0.718866159033588
1997,9,3,1.86871790885925,0,1.97773311987294,0,0.786897644283265
1997,9,4,8.27224731445313,0,6.90472495562426,0,0.816377931129275
1997,9,5,7.32696151733398,0,7.88921526645936,0,0.959244098813515
1997,9,6,0.526729583740234,0,3.64136130968291,0,0.870803130142332
1997,9,7,1.51117193698883,0,0.841529048466327,0,0.818645645502045
1997,9,8,0.191015437245369,0,0.64125423565747,0,0.818645645502045
1997,9,9,0.903171002864838,0,0.581403161313574,0,0.795968501774345
1997,9,10,0.410729855298996,0,0.796548954676837,0,0.789165358656035
1997,9,11,3.18645191192627,0,1.55002152352245,0,0.947905472883089
1997,9,12,0.467643260955811,0,2.5175554204634,0,0.909354382612574
1997,9,13,0.812422752380371,0,0.789821412385209,0,0.798236216147115
1997,9,14,0.213035494089127,0,0.592661162048898,0,0.748346445879598
1997,9,15,0.0255771819502115,0,0.133090203278698,-1.81898940354586e-12,0.734740159642978
1997,9,16,0.616833627223969,0,0.442832196058589,1.81898940354586e-12,0.743811017134058
1997,9,17,0.393802762031555,0,0.938696825054649,0,1.09303940900667
1997,9,18,4.86628675460815,0,4.25464386899148,0,0.809574788010965
1997,9,19,4.28629207611084,0,4.56554978991335,0,1.14066146490142
1997,9,20,1.96073055267334,0,3.89924104859347,0,1.00459838626892
1997,9,21,1.25810933113098,0,1.88153196813801,0,1.04768501341812
1997,9,22,18.8080272674561,0,9.62262176728836,0,1.31754329411064
1997,9,23,19.8395824432373,0,19.2494569041064,0,1.51483460674136
1997,9,24,13.0639734268188,0,17.2579777418305,0,1.27672443540078
1997,9,25,14.0835161209106,0,13.3453326112231,0,1.11118112398883
1997,9,26,5.01565933227539,0,9.07356179594899,0,1.00913381501446
1997,9,27,1.94785130023956,0,3.42490763417118,0,0.954708670067975
1997,9,28,0.909727096557617,0,1.65934686213768,0,0.898015756682148
1997,9,29,0.468865483999252,0,0.668446098192362,0,0.873070844515102
1997,9,30,0.43265438079834,0,0.444727047579363,0,0.820913359874816
1997,10,1,0.494721323251724,0,0.486407787821008,0,0.807307073638195
1997,10,2,0.143252819776535,0,0.44744175806045,0,0.687118103748231
1997,10,3,0.0124171189963818,0,0.137794732268958,0,0.648566905344565
1997,10,4,3.33023381233215,0.329351725817105,1.34196642677307,0.329351725817105,0.612283475380244
1997,10,5,5.82590389251709,0.329355396341271,4.24870505028775,0.329355396341271,0.544251990130567
1997,10,6,5.61409664154053,2.80704482750298,2.91295557131707,0,0.464881878950464
1997,10,7,3.08877825737,4.34502909036746,0,0,0.408188965564638
1997,10,8,1.12309467792511,2.09374224515341,0,0,0.340157480314961
1997,10,9,0.642865419387817,0.919974166507018,0,0,0.33108662282388
1997,10,10,1.55055475234985,1.12861035117567,0,0,0.319748023926742
1997,10,11,0.431774526834488,1.00698655869564,0,0,0.322015738299513
1997,10,12,0.242996916174889,0.38008832882042,0,0,0.324283452672283
1997,10,13,0.0370845943689346,0.107456590645597,0,0,0.340157480314961
1997,10,14,9.18369293212891,4.5725636811585,0,0,0.356031507957639
1997,10,15,18.0883808135986,13.5881402524119,0,0,0.371905508567029
1997,10,16,11.0240497589111,10.974359676713,3.58185749826771,0.214267344399559,0.390047250582477
1997,10,17,3.26157999038696,2.82253289421351,4.35397529654256,0.216127532232349,0.405921251191868
1997,10,18,1.8742059469223,1.82045669863692,0.746477382712328,0,0.421795278834546
1997,10,19,3.45438647270203,2.45036172338041,0,0,0.428598421952856
1997,10,20,0.807431638240814,1.72719366666388,0.403715718539388,12.8267471683339,0.435401565071166
1997,10,21,0.423803746700287,0,0.615340603109871,20.3636733511503,0.437669279443936
1997,10,22,0.111659772694111,0.0307821870410407,0.236461523989419,7.52096113145126,0.442204735222764
1997,10,23,0.236466154456139,0.0305660478097707,0.143741314828731,4.06335239774307,0.442204735222764
1997,10,24,3.31102776527405,0,1.65330748300039,8.46281605076729,0.444472449595534
1997,10,25,1.33566308021545,0,2.32681416525156,6.89607124179383,0.442204735222764
1997,10,26,3.61908626556397,1.80954251072399,0.667831769691475,0,0.439937020849994
1997,10,27,0,1.8221375745652,0,0,0.435401565071166
1997,10,28,1.12449645996094,0.56555467540602,0,0,0.433133850698396
1997,10,29,0.624336540699005,0.888658428530107,0,0,0.426330707580086
1997,10,30,1.36312198638916,0.998849624125796,-1.81898940354586e-12,0,0.424062993207316
1997,10,31,0.0915642976760864,0.726576898327039,1.81898940354586e-12,0,0.421795278834546
1997,11,1,5.04045104980469,2.5438363693811,0,0,0.417259850089006
1997,11,2,3.63286352157593,4.30213422030647,0,0,0.414992135716236
1997,11,3,1.34149360656738,2.52365958463633,0,0,0.410456679937408
1997,11,4,9.03488445281982,5.14088750509291,0,0,0.403653536819098
1997,11,5,12.1181955337524,10.575837483344,0,0,0.399118108073557
1997,11,6,2.51963448524475,7.43160725076996,0,0,0.390047250582477
1997,11,7,0.0219983551651239,1.33254329266492,0,0,0.383244107464167
1997,11,8,0.425706207752228,0.317106126027284,0,0,0.378708651685339
1997,11,9,7.67688179016113,3.92275808375234,0,0,0.371905508567029
1997,11,10,5.17005014419556,3.83844249291542,2.58502399603276,5.61687225729838,0.367370079821489
1997,11,11,2.49767804145813,0,3.85561760194287,10.8879115868131,0.362834651075949
1997,11,12,0.94915634393692,0.47111872552523,1.25794245608267,5.3036950718033,0.356031507957639
1997,11,13,0.508054077625275,0.729293090776991,0,0,0.351496052178811
1997,11,14,0.0127747748047113,0.338997447430302,0,0,0.346960623433271
1997,11,15,0.513653218746185,0.174640533661659,0,0,0.342425194687731
1997,11,16,1.28062427043915,0.85136631140449,-1.81898940354586e-12,0,0.337889765942191
1997,11,17,0.198956295847893,0.866000474610701,1.81898940354586e-12,0,0.335622051569421
1997,11,18,0.10090833902359,0.127091274478516,0,0,0.33108662282388
1997,11,19,1.23398530483246,0.474923039022542,0,0,0.32881890845111
1997,11,20,2.16142988204956,1.47341615630103,0,0,0.324283452672283
1997,11,21,0.724078953266144,1.57833583038337,0,0,0.322015738299513
1997,11,22,1.26378238201141,0.820376655521613,0,0,0.317480309553972
1997,11,23,5.59064674377441,3.22197121467434,0,0,0.312944880808432
1997,11,24,8.10032749176025,6.90927760395425,0,0,0.306141737690122
1997,11,25,4.82000303268433,6.74015882298409,0,0,0.301606308944582
1997,11,26,8.43849754333496,6.79019206021076,0,0,0.297070853165754
1997,11,27,6.33664560317993,7.44323085048563,0,0,0.292535424420214
1997,11,28,4.31153249740601,5.51220017551532,0,0,0.290267710047444
1997,11,29,9.36128616333008,6.74708461644877,0,0,0.285732281301904
1997,11,30,9.10912704467773,9.21828520628878,0,0,0.281196852556364
1997,12,1,30.8136940002441,20.1490670364346,-1.81898940354586e-12,0,0.278929138183594
1997,12,2,20.6963386535645,25.9307355994497,1.81898940354586e-12,0,0.274393709438054
1997,12,3,4.52242946624756,13.1867804174199,0,0,0.272125995065284
1997,12,4,3.41089558601379,3.72169520906755,0,0,0.267590539286456
1997,12,5,1.92119419574738,2.51397238371283,0,0,0.263055110540916
1997,12,6,5.13157081604004,2.85894905929854,0,0,0.260787396168146
1997,12,7,2.27429485321045,3.11282381375349,0,0,0.256251967422605
1997,12,8,2.98894715309143,2.85675222330246,0,0,0.251716538677065
1997,12,9,6.57309341430664,4.17031675752696,0,0,0.249448824304295
1997,12,10,15.3496398925781,11.3091510108607,0,0,0.244913395558755
1997,12,11,8.02841472625732,12.2398128525547,0,0,0.240377939779927
1997,12,12,16.9056529998779,11.6498466439207,0,0,0.238110225407157
1997,12,13,10.2475605010986,14.0669417221852,0,0,0.233574796661617
1997,12,14,5.15377378463745,7.77935735965912,0,0,0.229039367916077
1997,12,15,2.54742836952209,2.95120757207769,0,0,0.226318116075411
1997,12,16,1.0836238861084,1.43294016367508,0,0,0.222689762265663
1997,12,17,3.31349301338196,2.60381057241102,0,0,0.218834639721968
1997,12,18,7.80984687805176,4.64896347231479,0,0,0.215206299428865
1997,12,19,5.34960317611694,6.44182195332724,0,0,0.211351176885169
1997,12,20,3.99863409996033,4.70424030584945,0,0,0.207722836592066
1997,12,21,9.22435855865479,7.03765028843554,0,0,0.204094482782319
1997,12,22,3.54225277900696,7.31356861846507,0,0,0.200239373755267
1997,12,23,0.784315288066864,1.63884316796248,0,-1.81898940354586e-12,0.195930713743675
1997,12,24,4.3824405670166,1.55761725373668,0,1.81898940354586e-12,0.191395271481491
1997,12,25,4.79272794723511,4.48748113294641,0,0,0.189127557108721
1997,12,26,10.6523914337158,6.75023212533597,0,0,0.186859842735951
1997,12,27,9.0328893661499,9.54791805976129,0,0,0.186179523017463
1997,12,28,9.26407146453857,9.18088794802679,0,0,0.184592128363181
1997,12,29,3.73578453063965,6.04393086339769,0,0,0.182551182724359
1997,12,30,0.244924932718277,3.00907654786533,0,0,0.180283468351589
1997,12,31,0.779038310050964,0.442161818027671,0,0,0.176201577073946
1998,1,1,0.041036818176508,0.342007938594179,0,0,0.173026774248739
1998,1,2,1.57016670703888,0.824762767988432,0,0,0.171666148328406
1998,1,3,0.645255923271179,1.26479109452339,0,0,0.170305508891429
1998,1,4,2.60148763656616,1.01930448624626,0,0,0.168944882971095
1998,1,5,0.315295279026032,1.29368610825622,0,0,0.16781102578471
1998,1,6,0.0869659557938576,0.181487632504286,0,0,0.166450399864377
1998,1,7,0.275519818067551,0.140031534887385,0,0,0.164409454225555
1998,1,8,0.091308131814003,0.164919750490299,0,0,0.163048814788578
1998,1,9,0.000229507975745946,0.0699531603004289,0,0,0.161914957602193
1998,1,10,0,0.0554868785711733,0,0,0.16055433168186
1998,1,11,2.18426156044006,1.51254653951401,0,0,0.158740154776986
1998,1,12,3.17959141731262,2.5575779338742,0,0,0.157379528856653
1998,1,13,4.31429529190064,3.41932446447754,0,0,0.155565351951779
1998,1,14,0.693324089050293,2.21844263740786,0,0,0.154431494765394
1998,1,15,0.858574151992798,0.808384928848682,0,0,0.152617317860521
1998,1,16,3.82059955596924,2.02551795373256,0,0,0.151256691940187
1998,1,17,2.35800671577454,3.38075939437113,0,0,0.149669297285906
1998,1,18,1.17605996131897,2.2029614854564,0,0,0.147855120381032
1998,1,19,0.53581440448761,0.982457108686503,0,0,0.146721263194647
1998,1,20,0.77379435300827,0.637348397280221,0,0,0.144907086289774
1998,1,21,0.145721033215523,0.666803956537478,0,0,0.143999997837337
1998,1,22,0.00240811496041715,0.134728199243909,0,0,0.1430929093849
1998,1,23,0.995331883430481,0.169876861689772,0,0,0.142639371917004
1998,1,24,1.76153755187988,1.27352208814591,0,0,0.142185820932463
1998,1,25,2.91005754470825,2.2865009151792,0,0,0.141505514730619
1998,1,26,4.5334906578064,3.37301820376888,0,0,0.14082519501213
1998,1,27,0.000956907751969993,3.30650196795614,0,0,0.139237800357849
1998,1,28,3.23513245582581,1.31601138115366,0,0,0.137650392186923
1998,1,29,6.09908676147461,4.12772980650334,0,0,0.136516535000538
1998,1,30,1.5356308221817,4.84839153570283,0,0,0.134929140346257
1998,1,31,5.91802787780762,3.49653596631833,0,0,0.134475589361716
1998,2,1,5.67730474472046,5.80695098343858,0,0,0.133795269643228
1998,2,2,1.23309051990509,4.47015269365147,0,0,0.133341732175331
1998,2,3,0.64089959859848,1.07297805534108,0,0,0.132207874988946
1998,2,4,0.249238565564156,0.601373512903592,0,0,0.131754324004406
1998,2,5,0.231352120637894,0.281036961756399,0,0,0.13130078653651
1998,2,6,0.000235892599448562,0.0694287094538595,0,0,0.130847249068613
1998,2,7,4.18729400634766,1.03791308762084,0,0,0.129713391882228
1998,2,8,2.02064538002014,3.56260366333663,0,0,0.128806303429791
1998,2,9,6.09945058822632,2.87725286487512,0,0,0.127672446243406
1998,2,10,4.78887939453125,5.70843511195562,0,0,0.12676535779097
1998,2,11,2.14405965805054,3.43682684832675,0,0,0.126085038072481
1998,2,12,7.69864320755005,3.52782757743262,0,0,0.125631500604584
1998,2,13,3.51945567131043,5.68038458271803,0,0,0.125631500604584
1998,2,14,2.76556921005249,3.17364932073906,0,0,0.125177949620044
1998,2,15,0.022242272272706,2.06480867008395,0,0,0.124724412152148
1998,2,16,2.69324588775635,0.487925544923201,0,0,0.124270861167607
1998,2,17,1.0433703660965,1.69436745777239,0,0,0.124270861167607
1998,2,18,0.749748945236206,0.917545729043923,0,0,0.124270861167607
1998,2,19,0.0686711519956589,0.63331253612705,0,0,0.124270861167607
1998,2,20,12.4172487258911,5.81235390094116,0,0,0.124044092433659
1998,2,21,0.679860532283783,7.46931047111502,0,0,0.124044092433659
1998,2,22,0.111400909721851,0.570000936304496,0,0,0.124044092433659
1998,2,23,1.54161500930786,0.846724486420499,0,0,0.123590554965763
1998,2,24,0.539120435714722,1.0595635667778,0,0,0.123590554965763
1998,2,25,1.37253963947296,0.778183830407215,0,0,0.123137003981222
1998,2,26,0.727964103221893,1.2612819368278,0,0,0.123137003981222
1998,2,27,0.367596119642258,0.662869251587836,0,0,0.122683466513326
1998,2,28,0.223159924149513,0.336214173836197,0,0,0.122683466513326
1998,3,1,0.522501230239868,0.363014567981736,0,0,0.121776378060889
1998,3,2,0.377586990594864,0.500185971501196,0,0,0.120642520874504
1998,3,3,0.46882775425911,0.419412149101845,0,0,0.120188969889964
1998,3,4,0.000535038532689214,0.184280227425916,0,0,0.119281894954171
1998,3,5,0,0.000198284029465867,0,0,0.11882834396963
1998,3,6,0.000815861800219864,0.00111643002310302,0,0,0.117921255517194
1998,3,7,0.00787087250500917,0.00592162922839634,0,0,0.117014167064757
1998,3,8,0,0.00159479951980757,0,0,0.11656062959686
1998,3,9,0,0.125577960294322,0,0,0.115653541144424
1998,3,10,1.90168440341949,1.51636430436884,0,0,0.115200003676527
1998,3,11,0.12727290391922,1.07604342420927,0,0,0.11429291522409
1998,3,12,0.576689898967743,0.259774838496014,0,0,0.11429291522409
1998,3,13,1.0243889093399,0.840057517159949,0,0,0.11383936423955
1998,3,14,4.17047643661499,2.31353162960841,0,0,0.11383936423955
1998,3,15,0.908803343772888,3.34516456715028,0,0,0.113385826771654
1998,3,16,0.474978566169739,0.995085125396145,0,0,0.11383936423955
1998,3,17,0.0224095117300749,0.368022150278193,0,1.81898940354586e-12,0.11429291522409
1998,3,18,0.0384079143404961,0.0237847538046481,0.00188370442083396,-1.81898940354586e-12,0.114519683958039
1998,3,19,0.0215140376240015,0.0266221292149567,0.00610648137990211,0,0.114973234942579
1998,3,20,0,0.0129450481363165,6.80392913636752e-05,0,0.115426772410475
1998,3,21,0,0.000117588320790674,0,0,0.115880309878372
1998,3,22,0,0,0,0,0.116333860862912
1998,3,23,0.0118708126246929,0.00475916006689658,0,0,0.117240949315349
1998,3,24,0.0339301936328411,0.0206498178267793,0,0,0.117694486783245
1998,3,25,1.08419966697693,0.454876041445459,0,0,0.118148037767786
1998,3,26,1.40840232372284,1.2403566976609,0,0,0.11882834396963
1998,3,27,0.797763228416443,0.863988520426574,0,0,0.11882834396963
1998,3,28,0.234186410903931,0.471373107828185,0,0,0.119281894954171
1998,3,29,1.56536936759949,1.38564133748696,0,0,0.119735432422067
1998,3,30,1.59198307991028,1.5703187256222,0,0,0.119735432422067
1998,3,31,0.340679943561554,1.13982865807884,0,0,0.120188969889964
1998,4,1,0.0938017517328262,0.280832049456876,0,0,0.120642520874504
1998,4,2,0.817094206809998,0.474510518346506,0,0,0.121096058342401
1998,4,3,0.442333221435547,0.686234052102009,0,0,0.121096058342401
1998,4,4,1.93652367591858,0.546681642648764,0.647804753001765,0.26633874624531,0.121549609326941
1998,4,5,2.2750232219696,0.319227005873472,1.78719549689777,1.64881643694207,0.122003146794837
1998,4,6,0.277374058961868,0.0744722706713219,1.20400592264741,1.38135870633778,0.122456697779378
1998,4,7,1.15917563438416,0.318348336835697,0.382967292953254,0,0.122456697779378
1998,4,8,0.195704281330109,0.348195833363207,0.328849040899513,0,0.122910235247274
1998,4,9,0.214962631464005,0.20117703692631,-1.81898940354586e-12,0,0.123363786231814
1998,4,10,0.1242346316576,0.140907755510852,1.81898940354586e-12,0,0.124270861167607
1998,4,11,0.130066782236099,0.127063062305751,0,0,0.124951180886096
1998,4,12,0.17757773399353,0.161171828571241,0,0,0.125404718353992
1998,4,13,0.207623362541199,0.206811211368404,0,0,0.125858269338533
1998,4,14,0.392507135868073,0.344089175028785,0,0,0.12676535779097
1998,4,15,1.1161744594574,0.196253460586377,0.558087534987863,6.35410465529276,0.127218895258866
1998,4,16,7.16780853271484,0,4.13371927999651,15.8268998375661,0.127899214977354
1998,4,17,17.3738994598389,0,12.1993896304975,21.4025362235989,0.129940160616176
1998,4,18,6.33588647842407,0,12.1207440494654,25.1447682925136,0.131981106254998
1998,4,19,0.0585661195218563,0,3.33080899336164,19.9353248520438,0.13402205189382
1998,4,20,0.0220331382006407,0.000146850892633665,0.0416237741937948,7.94029715068973,0.136516535000538
1998,4,21,0.295962482690811,0.000179868540726602,0.14153272528165,5.36104047243862,0.138784249373308
1998,4,22,0.0491143688559532,0,0.173699549312005,13.4362753281785,0.141051963746078
1998,4,23,0.924088418483734,0,0.611482309488565,16.4653580681279,0.1430929093849
1998,4,24,1.57539832592011,0,1.24604229072429,19.0538021252851,0.148308657848929
1998,4,25,0.411555916070938,0,0.957323521046419,19.1174677170748,0.153751175046906
1998,4,26,0.221088111400604,0,0.319110646485569,16.0524871943526,0.159193705761527
1998,4,27,0.375175178050995,-1.81898940354586e-12,0.285897255174859,15.8914839652443,0.16554331141194
1998,4,28,0.167506173253059,1.81898940354586e-12,0.250795438711066,15.9373445290184,0.17234645453025
1998,4,29,0.93611615896225,0,0.59614138554025,12.1042866952284,0.179149611165204
1998,4,30,1.26604294776917,0,1.09054943755655,17.2860850838333,0.186406305268055
1998,5,1,0.313150405883789,0,0.838055724252627,31.2045336534684,0.193662985854262
1998,5,2,0.165356770157814,0,0.239304151215038,33.5812905870789,0.201599999675601
1998,5,3,0.539525032043457,0,0.351653385885584,26.5100067894728,0.20953701349694
1998,5,4,1.10211157798767,0,0.820416287826447,31.323412707121,0.217927564786175
1998,5,5,1.32329845428467,0,1.21262306480276,33.5449822037735,0.233574796661617
1998,5,6,0.990800380706787,0,1.15842292237176,30.9814249322881,0.247181109931525
1998,5,7,0.889790177345276,0,0.940343640802894,28.9589975433264,0.256251967422605
1998,5,8,0.613851964473724,1.81898940354586e-12,0.751034374145092,7.18179518675424,0.265322824913686
1998,5,9,0.548837065696716,-1.81898940354586e-12,0.765183930985586,0,0.272125995065284
1998,5,10,3.32943105697632,0,2.83171057476466,0,0.308409452062892
1998,5,11,2.19356083869934,0,2.60413810808859,0,0.32881890845111
1998,5,12,0.0590765178203583,0,0.591457173566596,0,0.324283452672283
1998,5,13,0.22929722070694,0,0.116090087851262,0,0.315212595181202
1998,5,14,0.64456969499588,0,0.466024425299111,0,0.319748023926742
1998,5,15,0.0496641397476196,0,0.402884181861737,0,0.369637794194259
1998,5,16,0.202509313821793,0,0.132819979533451,0,0.48529136237197
1998,5,17,0,0,0.0379300020085793,0,0.664440960020531
1998,5,18,0.00817639194428921,0,0.00697244817456522,0,0.793700787401575
1998,5,19,0.424453735351563,0,0.0710196210275171,0,0.857196843905712
1998,5,20,1.17845213413239,0,0.496035641919661,0,0.761952732116219
1998,5,21,5.91188144683838,0,2.04494171030638,0,0.845858272041862
1998,5,22,5.36401033401489,0,5.54293412557854,0,1.1519999826987
1998,5,23,0.781754732131958,0,2.87779984667031,0,1.13385826771654
1998,5,24,3.62760734558105,0,2.36762093117977,0,1.16787403737466
1998,5,25,3.96408247947693,0,3.7958451546001,0,2.42645664966013
1998,5,26,0.0815548822283745,0,2.02954813494034,0,4.80755922813115
1998,5,27,0.00705068605020642,0,0.0436194254289148,0,6.3496062992126
1998,5,28,3.33309362758882e-05,0,0.00356321762228617,0,5.78267716535433
1998,5,29,0.0129227116703987,0,0.00647804574691691,0,6.19086596871924
1998,5,30,0.20133501291275,0,0.10703861229922,0,6.10015739380844
1998,5,31,0.181415006518364,0,0.193375921311599,0,4.71685022068775
1998,6,1,0.0423901416361332,0,0.132570512467282,0,3.2201574370617
1998,6,2,0.386311888694763,0,0.225673426306457,0,3.40157480314961
1998,6,3,0.175869643688202,0,0.233859532625502,0,3.94582668514702
1998,6,4,0.190329909324646,0,0.178042656036268,0,3.76440953532542
1998,6,5,0,0,0.160252453737485,0,3.94582668514702
1998,6,6,1.59929015808302e-07,0,0.0194233483725839,0,3.65102370855376
1998,6,7,0,0,1.19574906420894e-07,0,3.74173228346457
1998,6,8,0.512235164642334,0,0.0769760114908422,0,4.6488188976378
1998,6,9,0.992297053337097,0,0.541931014244256,0,3.33354326383335
1998,6,10,0.840370893478394,0,0.928349097577666,0,2.07496054341474
1998,6,11,0.082564115524292,0,0.650974272795793,0,1.46721255084661
1998,6,12,0.00670740846544504,0,0.0730194700317952,0,1.34475586658388
1998,6,13,0.136653155088425,0,0.0509655623427534,0,1.28352752445251
1998,6,14,4.21463060379028,0,1.48160676969201,0,1.22003152201495
1998,6,15,2.58284044265747,0,3.21616478449869,0,1.18601575235682
1998,6,16,0.0380699597299099,0,1.97201895210128,0,1.4286614605761
1998,6,17,0.141510158777237,0,0.217510503414815,0,1.35382672407496
1998,6,18,0.844812214374542,0,0.611752242268267,0,1.30847243661956
1998,6,19,0,0,0.214659222423506,0,1.47628351647084
1998,6,20,0.0120297838002443,0,0.104922783348229,0,1.36743311844473
1998,6,21,2.32610654830933,0,1.73948653709522,-1.81898940354586e-12,1.39011026217243
1998,6,22,0.721848845481873,0,2.02826944968001,1.81898940354586e-12,1.2177637535756
1998,6,23,0.509244382381439,0,0.782128643582837,0,1.1519999826987
1998,6,24,2.01563382148743,0,1.46349670034579,0,1.10891335554949
1998,6,25,0.454798579216003,0,0.893680048642636,-1.81898940354586e-12,1.36062992125984
1998,6,26,0.000679712917190045,0,0.385110559322129,1.81898940354586e-12,1.28579529289186
1998,6,27,0.00600667111575604,0,0.0467806473661767,0,1.16787403737466
1998,6,28,0,0,0.00430646344648267,0,1.03861415592704
1998,6,29,0.00202151574194431,0,0.000775046983108041,0,1.00006295752338
1998,6,30,0.0274289790540934,0,0.00778793976496672,0,0.984189010980561
1998,7,1,0.60030871629715,0,0.165864602467991,0,1.00006295752338
1998,7,2,0,0,0.417595453593094,0,0.986456671286756
1998,7,3,0,0,0.0214641207530804,0,0.975118153489481
1998,7,4,0.00816924031823874,0,0.00247558382761781,0,0.922960668849194
1998,7,5,0.228117108345032,0,0.0869726730034017,0,0.963779527559055
1998,7,6,1.71915602684021,0,1.03426127424791,0,1.00233072596272
1998,7,7,0.755306243896484,0,0.946767020494008,0,1.03181106687531
1998,7,8,1.08074796199799,0,1.25668000594487,0,0.918425240103654
1998,7,9,2.9172830581665,0,2.67648370987263,0,0.816377931129275
1998,7,10,3.95072460174561,0,3.12188892944687,0,0.791433073028805
1998,7,11,0.79062294960022,0,2.6759978495229,-1.81898940354586e-12,0.827716557059701
1998,7,12,2.51555275917053,0,1.19436396403762,1.81898940354586e-12,0.780094501164954
1998,7,13,11.9505920410156,0,7.07444030852639,0,1.2903307216374
1998,7,14,5.93033933639526,0,8.26475826242131,0,1.99785836287371
1998,7,15,1.67671585083008,0,3.71264829463325,0,1.53297642985667
1998,7,16,0.227609068155289,0,1.18762497940588,0,1.17694489486574
1998,7,17,0.451991558074951,0,0.283082117293816,0,1.04995278185747
1998,7,18,0.00279984576627612,0,0.302054386309464,0,0.929763757900929
1998,7,19,0.162508964538574,0,0.117108252823527,0,0.825448842686931
1998,7,20,0.255428522825241,0,0.389249254629249,0,0.755149588997909
1998,7,21,2.73762226104736,0,2.26666971344457,0,0.709795301542507
1998,7,22,1.54178285598755,0,2.29502487256104,0,0.752881874625138
1998,7,23,1.82360339164734,0,1.61488948614351,0,0.730204730897438
1998,7,24,3.26771020889282,0,2.54568584890694,0,0.734740159642978
1998,7,25,1.2554943561554,0,2.40311252660649,0,0.870803130142332
1998,7,26,0.0407635048031807,0,0.965620189248511,0,0.773291358046644
1998,7,27,0.000161454256158322,0,0.0742889381144778,0,0.700724389984852
1998,7,28,0.403362840414047,0,0.154995415918165,0,0.673511817511611
1998,7,29,1.183434009552,0,0.699837744605247,0,0.634960619107945
1998,7,30,0.34464830160141,0,0.894318750957609,0,0.612283475380244
1998,7,31,5.66809844970703,0,4.26319728338058,0,0.600944903516394
1998,8,1,7.54032897949219,0,6.3954757389638,0,0.732472445270208
1998,8,2,1.00524997711182,0,5.63476656948478,0,0.886677184818298
1998,8,3,0.000560287036933005,0,0.70748499948968,0,0.809574788010965
1998,8,4,0.000271189492195845,0,0.0226877237564622,0,0.752881874625138
1998,8,5,1.06907123154087e-06,0,0.000261182278336491,0,0.716598444660818
1998,8,6,1.15674614906311,0,0.171404720787905,0,0.682582675002691
1998,8,7,9.8897590637207,0,3.31111010200584,0,0.727937016524668
1998,8,8,9.12880706787109,0,9.78784109865046,0,0.780094501164954
1998,8,9,3.52905988693237,0,7.738494716883,0,0.687118103748231
1998,8,10,0,0,2.91272725466479,0,0.637228333480715
1998,8,11,0.0430179163813591,0,0.316087732137021,0,0.598677189143624
1998,8,12,0.00715543143451214,0,0.0346447228330362,0,0.582803134467658
1998,8,13,0.00162091280799359,0,0.00793279554090987,0,0.616818904125784
1998,8,14,0.0761698111891747,0,0.0529296665627044,0,0.639496047853485
1998,8,15,0.123145453631878,0,0.105288975701114,0,0.662173245647761
1998,8,16,0.0107207531109452,0,0.108677986278053,0,0.687118103748231
1998,8,17,1.32235240936279,0,1.02674613171985,0,0.712063015915278
1998,8,18,1.03774929046631,0,1.27723374748712,0,0.659905531274991
1998,8,19,0.641108512878418,0,0.925186157090138,1.81898940354586e-12,0.612283475380244
1998,8,20,0.248757526278496,0,0.372385716635108,-1.81898940354586e-12,0.569196848231038
1998,8,21,0.564137518405914,0,0.519373883264052,0,0.530645649827371
1998,8,22,0.338105708360672,0,0.516178914549528,0,0.492094505490281
1998,8,23,1.26218414306641,0,0.556574666938104,0,0.530645649827371
1998,8,24,0.740168333053589,0,1.09131245208664,0,0.573732276976578
1998,8,25,1.34207475185394,0,0.909497961469242,0,0.619086618498554
1998,8,26,1.90979957580566,0,1.45047849864022,0,0.666708674393301
1998,8,27,3.18569111824036,0,2.29093864233073,0,0.603212617889164
1998,8,28,12.2020139694214,0,9.38176667990774,0,0.544251990130567
1998,8,29,7.68238115310669,0,9.14788272682017,0,0.759685017743449
1998,8,30,2.99945521354675,0,5.36682149301123,0,0.730204730897438
1998,8,31,18.1553211212158,0,12.2065006108369,0,0.700724389984852
1998,9,1,13.4059944152832,0,15.7096983051088,-1.81898940354586e-12,0.827716557059701
1998,9,2,3.1503918170929,0,11.2213874881854,1.81898940354586e-12,0.981921242541216
1998,9,3,0.390533477067947,0,2.59279604599215,0,0.825448842686931
1998,9,4,0.0888902023434639,0,0.35215493034957,0,0.771023643673874
1998,9,5,3.59937453269959,0,1.46814002570318,0,0.725669302151898
1998,9,6,9.47018527984619,0,4.68567130660813,0,0.678047246257151
1998,9,7,7.67939376831055,0,8.11265583233217,0,0.750614160252368
1998,9,8,1.70015704631805,0,4.96688451262344,0,0.827716557059701
1998,9,9,0.46768394112587,0,1.34099876894106,0,0.786897644283265
1998,9,10,5.93933534622192,0,1.33793526213231,0,0.725669302151898
1998,9,11,6.12821435928345,0,5.22689848852679,0,0.668976388766071
1998,9,12,2.31191444396973,0,2.81566170377118,0,0.610015761007474
1998,9,13,0.613835155963898,0,1.14667580696732,0,0.555590561994417
1998,9,14,0.300669491291046,0,0.463724611756334,0,0.521574792336291
1998,9,15,0.00870826374739409,0,0.249891730632953,0,0.48982679111751
1998,9,16,0.191079020500183,0,0.0679531757104996,0,0.460346450204924
1998,9,17,0,0,0.126391616406181,0,0.442204735222764
1998,9,18,0.0984511598944664,0,0.050690915888481,0,0.428598421952856
1998,9,19,0.0620712861418724,0,0.0793846300803125,0,0.412724421343466
1998,9,20,0.392462432384491,0,0.34742906001884,0,0.435401565071166
1998,9,21,1.03066742420197,0,0.902177128016774,0,0.455811021459384
1998,9,22,0.611558377742767,0,0.961175975331571,0,0.437669279443936
1998,9,23,1.51644277572632,0,0.94226429666378,0,0.421795278834546
1998,9,24,1.38386476039886,0,1.39363421232338,0,0.439937020849994
1998,9,25,1.22969651222229,0,1.09801471101673,0,0.462614164577694
1998,9,26,0.0172888748347759,0,0.169371300977218,0,0.421795278834546
1998,9,27,0.360612034797668,0,0.119845812519998,0,0.401385822446327
1998,9,28,0.286277115345001,0,0.311341826716671,0,0.380976366058109
1998,9,29,6.90516662597656,0,3.59572581377142,0,0.365102365448719
1998,9,30,14.2060022354126,0,10.555579925147,0,0.371905508567029
1998,10,1,5.87132024765015,0,9.31472130509064,0,0.378708651685339
1998,10,2,0.0496498420834541,0,2.47280544488422,0,0.344692909060501
1998,10,3,0.0441642068326473,0,0.0474889226297819,0,0.33335433719665
1998,10,4,0.0155333019793034,0.00199309695381089,0.336534665690124,0.00199309695381089,0.324283452672283
1998,10,5,6.15630435943604,0.000697066701832227,4.99160412614765,0.000697066701832227,0.312944880808432
1998,10,6,5.786545753479,0,5.95541289723951,0,0.301606308944582
1998,10,7,7.1635479927063,0,6.0140523693608,0,0.292535424420214
1998,10,8,2.08548474311829,0,4.8971671943691,0,0.283464566929134
1998,10,9,0.0771815627813339,0,1.19254845413889,0,0.272125995065284
1998,10,10,0.0498228780925274,0,0.0731037978821405,0,0.265322824913686
1998,10,11,0.111920438706875,0.00422975989022234,0.0699152012457489,0.00422975989022234,0.244913395558755
1998,10,12,0.114618301391602,0.0527957272697677,0.0604737112753355,0.00562563688617956,0.226091333824819
1998,10,13,0.120575234293938,0.107898902575471,0.00979856849517091,0,0.208856693778451
1998,10,14,0,0.0602565946355753,0,0,0.18935432584267
1998,10,15,1.24392437934876,0.621770540235957,0,0,0.170985828609917
1998,10,16,0.38740661740303,0.621962067678396,0.215000354670337,1.47899966812111,0.207269285607526
1998,10,17,5.54532527923584,0,3.41378684030497,0,0.278929138183594
1998,10,18,3.37173962593079,0,4.68278615710551,0,0.376440937312569
1998,10,19,57.8434715270996,0,30.6205382526769,0,1.36743311844473
1998,10,20,34.517707824707,0,46.1805473781751,0,2.17474019208292
1998,10,21,2.11191368103027,0,19.7618400116462,0,1.40598420871524
1998,10,22,10.9009475708008,5.45047218262516,1.05595715103118,0,0.789165358656035
1998,10,23,14.1280851364136,5.45047444958618,7.06404170740461,6.72153088571031,0.877606273260642
1998,10,24,18.7073612213135,0,16.4180396146039,4.17941708791841,0.975118153489481
1998,10,25,16.2439918518066,0,18.0720733133076,0,1.08396855151559
1998,10,26,8.60728073120117,0,15.1090875529899,0,0.673511817511611
1998,10,27,0.90315043926239,0.451578823272939,5.08693442523872,0,0.505700791726901
1998,10,28,0.0896740704774857,0.49638058344317,0,0,0.367370079821489
1998,10,29,0.259877532720566,0.172104117984418,0,0,0.335622051569421
1998,10,30,0.0214490164071321,0.140933331656925,0,0,0.303874023317352
1998,10,31,0.0717370435595512,0.0441348247895803,0,0,0.278929138183594
1998,11,1,0.397723019123077,0.233526466594412,0,0,0.258519681795376
1998,11,2,0,0.192550271211076,0,0,0.240377939779927
1998,11,3,0.000420908036176115,0.000114064308945672,0,0,0.249448824304295
1998,11,4,0,0.000198965086383396,0,0,0.258519681795376
1998,11,5,0,0,0,0,0.226771653543307
1998,11,6,0.0280405580997467,0.00929706912575057,0,0,0.188447237390233
1998,11,7,0.0345893166959286,0.0312508249244274,0,0,0.177562202994279
1998,11,8,0.0251769628375769,0.0315974758741504,0,0,0.166903937332273
1998,11,9,0.192736774682999,0.103268165434201,0,0,0.157152760122705
1998,11,10,0.340510427951813,0.269943291816162,0,0,0.146040943476159
1998,11,11,2.38607859611511,1.36493022407376,1.81898940354586e-12,0,0.135382677814153
1998,11,12,1.08815217018127,1.75202445184004,-1.81898940354586e-12,0,0.133341732175331
1998,11,13,1.09092473983765,1.08919552746374,0,0,0.13130078653651
1998,11,14,1.37164568901062,1.22670392784858,0,0,0.128579521179199
1998,11,15,0.925590515136719,1.17326760276956,0,0,0.126538589057021
1998,11,16,0.274238377809525,0.565451407101136,0,0,0.129713391882228
1998,11,17,0.776314854621887,0.514737780900759,0,0,0.132207874988946
1998,11,18,11.231837272644,6.03228235853021,0,0,0.135382677814153
1998,11,19,13.2388687133789,12.2376780464474,0,0,0.141959052198515
1998,11,20,15.8468332290649,14.6185274795916,0,0,0.148762208833469
1998,11,21,8.41479778289795,12.2922200531484,0,0,0.15601890293632
1998,11,22,5.06528997421265,6.65429331585801,0,1.81898940354586e-12,0.163502365773118
1998,11,23,2.9096086025238,4.03756438816527,0,-1.81898940354586e-12,0.166677168598325
1998,11,24,2.33135724067688,2.66474274621214,0,0,0.17007874015748
1998,11,25,4.07804679870605,3.44836537021365,0,0,0.174160631435124
1998,11,26,5.4798698425293,4.89811323929825,0,0,0.177562202994279
1998,11,27,5.42225933074951,5.47258688481452,0,0,0.180963774553434
1998,11,28,0.0631695464253426,3.06089290197815,0,0,0.184592128363181
1998,11,29,5.28013788425596e-06,0.0506287189855357,0,0,0.184592128363181
1998,11,30,0.702379941940308,0.330731783747979,0,0,0.183911808644693
1998,12,1,1.03806364536285,0.879308167819545,0,0,0.183911808644693
1998,12,2,0.404723763465881,0.821250815271924,0,0,0.183231502442848
1998,12,3,0.493213951587677,0.431571418497697,0,0,0.183231502442848
1998,12,4,0.506519019603729,0.493439451627637,0,0,0.182324413990411
1998,12,5,3.83889508247376,1.93710061784623,0,0,0.182324413990411
1998,12,6,3.97919058799744,3.89379181782351,0,0,0.181644094271923
1998,12,7,5.40894031524658,4.48865566458335,0,0,0.181644094271923
1998,12,8,14.5697507858276,10.3678713237168,0,0,0.180283468351589
1998,12,9,17.1187019348145,15.8086796829775,0,0,0.178922828914612
1998,12,10,7.09100675582886,12.601908767685,0,0,0.178015753978819
1998,12,11,11.7001962661743,9.41471943776924,0,0,0.176655114541842
1998,12,12,6.53408479690552,9.66059004436647,0,0,0.175294488621509
1998,12,13,4.78124094009399,5.78151924498343,0,0,0.173933862701176
1998,12,14,4.30785274505615,4.57875810412952,0,0,0.172573223264199
1998,12,15,7.37248420715332,5.87457400345738,0,0,0.171212597343865
1998,12,16,5.31563091278076,6.98032761139984,0,0,0.169851971423532
1998,12,17,0.432864010334015,2.7880297084721,0,0,0.168491331986555
1998,12,18,6.69168148306198e-05,0.319175445210931,0,0,0.167130706066222
1998,12,19,0.00870532635599375,0.0175507398489572,0,0,0.165770080145888
1998,12,20,0.231739416718483,0.0579754817390494,0,0,0.165316529161348
1998,12,21,0.989917397499084,0.735371094770017,0,0,0.164636222959503
1998,12,22,1.02164554595947,1.00322290362419,0,0,0.164636222959503
1998,12,23,1.23747074604034,1.15952269235277,0,0,0.163955903241015
1998,12,24,0,0.838649250863455,0,0,0.16327559703917
1998,12,25,0.0122586013749242,0.0262755953863234,0,0,0.162595277320682
1998,12,26,0.673290312290192,0.174275694018434,0,0,0.161914957602193
1998,12,27,1.21542608737946,1.0293685793331,0,0,0.161234651400348
1998,12,28,1.12586343288422,1.17752156708957,0,0,0.161234651400348
1998,12,29,2.83243012428284,1.4028874063024,0,0,0.160781100415808
1998,12,30,6.44836759567261,4.72149675448964,0,0,0.160100780697319
1998,12,31,4.88232517242432,5.30079085911711,0,0,0.159420474495475
1999,1,1,3.88651323318481,4.31992886207627,0,0,0.156925977872113
1999,1,2,0.529778242111206,1.84989124632557,0,0,0.155565351951779
1999,1,3,1.76895213127136,1.45078147904133,0,0,0.154885045749935
1999,1,4,1.00786304473877,1.31846358533585,0,0,0.154431494765394
1999,1,5,0.444573700428009,0.781470461717618,0,0,0.153524406312958
1999,1,6,0.00816753599792719,0.345146891455443,0,0,0.153070868845061
1999,1,7,5.47925472259522,3.14587518886765,0,0,0.152163780392624
1999,1,8,2.33546614646912,4.62774382965654,0,0,0.151710242924728
1999,1,9,2.04792094230652,2.22042684429289,0,0,0.150803154472291
1999,1,10,1.38549554347992,1.92120110906944,0,0,0.150576372221699
1999,1,11,4.55823135375977,3.06985778190028,0,0,0.149669297285906
1999,1,12,3.86503100395203,4.08535864120131,0,0,0.149215746301366
1999,1,13,9.49260425567627,6.02658866383536,0,0,0.148308657848929
1999,1,14,11.1543960571289,9.7060349422336,0,0,0.148081889114981
1999,1,15,2.30509543418884,7.34245649692093,0,0,0.147174800662544
1999,1,16,1.04722583293915,1.52923695788195,0,0,0.146267712210107
1999,1,17,0.892838716506958,0.981239723025283,0,0,0.145587406008262
1999,1,18,0.320799738168716,0.800745307866237,0,0,0.144226766571285
1999,1,19,0.122559458017349,0.283558131468453,0,0,0.143546460369441
1999,1,20,0.0349745824933052,0.0984937142384297,0,0,0.142639371917004
1999,1,21,0,0.0195985717091389,0,0,0.142185820932463
1999,1,22,0.000419271149439737,0.123272533115596,0,0,0.141505514730619
1999,1,23,2.29123306274414,1.84702579625628,0,0,0.141051963746078
1999,1,24,0.62898862361908,1.22076607485542,0,0,0.140371657544234
1999,1,25,1.85573816299438,1.18979198805391,0,0,0.139464569091797
1999,1,26,4.50103044509888,2.86165869526485,0,0,0.138330711905412
1999,1,27,6.28153514862061,5.15190581972274,0,0,0.137423623452975
1999,1,28,1.97689163684845,4.52368074279548,0,0,0.13628976626659
1999,1,29,0,0.889954386073441,0,0,0.135609446548101
1999,1,30,2.85050702095032,1.37578119345199,0,0,0.134702358095665
1999,1,31,3.52943968772888,3.16778512231576,0,0,0.13356850090928
1999,2,1,3.03241467475891,3.38994993870983,0,0,0.132888194707435
1999,2,2,1.27591478824615,2.82580177132149,0,0,0.132207874988946
1999,2,3,4.20117616653442,2.67211484294785,0,0,0.131754324004406
1999,2,4,8.80464172363281,5.4524625399099,0,0,0.130393698084073
1999,2,5,11.5150346755981,10.1071854539277,0,0,0.129713391882228
1999,2,6,10.0821714401245,10.9756246424731,0,0,0.12903307216374
1999,2,7,3.27071356773376,6.77002717772484,0,0,0.128352752445251
1999,2,8,4.17335414886475,3.39192707810616,0,0,0.127672446243406
1999,2,9,1.49669146537781,2.95976430697374,0,0,0.126992126524918
1999,2,10,0.242280408740044,0.811756700384649,0,0,0.126311806806429
1999,2,11,2.07386231422424,0.899481387792548,0,0,0.125631500604584
1999,2,12,4.83684062957764,2.69670951696207,0,0,0.124497643418199
1999,2,13,5.05034732818604,4.77464272643556,0,0,0.123817323699711
1999,2,14,2.19248485565186,3.90376222431587,0,0,0.123137003981222
1999,2,15,1.04289138317108,1.67528901648257,0,0,0.122229915528786
1999,2,16,1.05631029605865,1.04817133257711,0,0,0.121549609326941
1999,2,17,4.59611988067627,2.32873710135573,0,0,0.121322840592993
1999,2,18,3.52960467338562,4.31608261350448,0,0,0.121096058342401
1999,2,19,0.113823473453522,3.02880613596608,0,0,0.120642520874504
1999,2,20,0.00620069028809667,0.271339076232835,0,0,0.120415752140556
1999,2,21,1.22619378566742,0.225022600090597,0,0,0.119735432422067
1999,2,22,3.73337984085083,2.39867511486409,0,0,0.119281894954171
1999,2,23,6.52039480209351,5.43833810741671,0,0,0.119055112703579
1999,2,24,3.14157676696777,4.87772818598023,0,0,0.11882834396963
1999,2,25,0.159168988466263,1.98556307783656,0,0,0.118374806501734
1999,2,26,0.39236330986023,0.234464164836027,0,0,0.118148037767786
1999,2,27,1.84405219554901,1.11413027174603,0,0,0.117921255517194
1999,2,28,4.04846143722534,2.89746435413872,0,0,0.117467718049297
1999,3,1,2.5610466003418,3.59819986816365,0,0,0.11656062959686
1999,3,2,0.873226761817932,2.31626481270541,0,0,0.116107092128964
1999,3,3,0.680665493011475,0.931817417020284,0,0,0.115880309878372
1999,3,4,0.321305453777313,0.60790197669121,0,0,0.115653541144424
1999,3,5,1.09047400951386,0.717587911049122,0,0,0.114973234942579
1999,3,6,0.463250070810318,0.840895184435794,0,0,0.114519683958039
1999,3,7,0.0560528226196766,0.383144738307237,0,0,0.114066146490142
1999,3,8,4.61046266555786,2.35645714982638,0,0,0.113385826771654
1999,3,9,7.2637414932251,6.22180222549832,0,0,0.112705513811487
1999,3,10,2.75503253936768,4.71114151939037,0,0,0.112478738319217
1999,3,11,1.85668468475342,2.23850466761178,-1.81898940354586e-12,0,0.11179842535905
1999,3,12,2.91586232185364,2.24279818079594,1.81898940354586e-12,0,0.111118112398884
1999,3,13,1.39478397369385,2.59133715122516,0,0,0.110437792680395
1999,3,14,1.82250046730042,1.72411021812877,0,0,0.109984255212498
1999,3,15,2.09031319618225,1.92798536037117,0,0,0.10953071098628
1999,3,16,0.891392052173615,1.91221890539782,0,0,0.109077166760062
1999,3,17,0.763492166996002,0.960588330157407,0,0,0.108396847041573
1999,3,18,0.943531334400177,0.78858568396754,0,0,0.107716534081406
1999,3,19,14.9204568862915,6.68114765294376,0,0,0.10703622112124
1999,3,20,11.608998298645,12.6975293445466,0,0,0.106129132668803
1999,3,21,8.6829309463501,10.1774603672675,0,0,0.105675588442585
1999,3,22,5.13352537155151,4.34163726022234,2.56676243163565,5.98239157157695,0.10476850674847
1999,3,23,1.44092321395874,0,3.27718822271527,10.3764060132162,0.104088187029981
1999,3,24,0.0865650996565819,0.0429390515109844,0.726179323470205,4.43754108841495,0.103181105335866
1999,3,25,0.0143905207514763,0.0502357253644732,0,0,0.10227401688343
1999,3,26,0.00591870816424489,0.0101662318811577,0,0,0.101366928430993
1999,3,27,0.366928160190582,0.0635711402028392,0,0,0.100459839978556
1999,3,28,0.220666944980621,0.265661291510696,0,0,0.0997795270183894
1999,3,29,0.000211203470826149,0.0438391959669389,0,0,0.0988724385659526
1999,3,30,0.0502955131232739,0.00741761561948806,0,0,0.0981921256057859
1999,3,31,0.166065201163292,0.0723392700947443,0,0,0.0977385813795675
1999,4,1,5.64022493362427,3.48349796121511,0,0,0.0975118126456193
1999,4,2,5.3006477355957,5.46811938069368,-1.81898940354586e-12,0,0.0968314929271308
1999,4,3,0.556285202503204,3.83511827122493,1.81898940354586e-12,0,0.0963779554592343
1999,4,4,0.21746039390564,0.464704214184167,0,0,0.0956976357407457
1999,4,5,2.08712506294251,1.3877993124006,0,0,0.0954708670067975
1999,4,6,2.49790406227112,2.33368536342459,0,0,0.0954708670067975
1999,4,7,0.807872354984283,1.96490351682951,0,0,0.0952440915145273
1999,4,8,0.21316847205162,0.738672776629755,0,0,0.0954708670067975
1999,4,9,0.367092281579971,0.332503336747322,0,0,0.0950173227805791
1999,4,10,3.20969820022583,0.729278437454923,0,0,0.0954708670067975
1999,4,11,0.47636291384697,1.75470284118455,0,0,0.0956976357407457
1999,4,12,1.39233207702637,0.906148472133282,0,0,0.0961511799669641
1999,4,13,0.243777245283127,1.08410276158611,0,0,0.10000630251066
1999,4,14,4.65106201171875,0.955888981463431,0,0,0.103634642803763
1999,4,15,4.68250417709351,3.51198945931355,0.839642794702741,0,0.112251969585269
1999,4,16,5.27428865432739,1.50191155856737,3.47642362611623,3.04479374849143,0.121096058342401
1999,4,17,0.32152459025383,0,2.59730985624628,9.32701048231138,0.137877160920872
1999,4,18,0.228311702609062,0,0.276928391367619,14.069323272739,0.156925977872113
1999,4,19,0.0274841152131557,0,0.127173775907067,21.8455879887697,0.176655114541842
1999,4,20,2.68840026855469,0,1.33993354946688,23.0323557703505,0.198651965584342
1999,4,21,1.61966788768768,0,2.18844673116109,17.0478087990541,0.2235968507181
1999,4,22,6.2009425163269,3.12310557380442,0.803921927386909,7.59946107207179,0.200692911223164
1999,4,23,6.5398097038269,2.94827412104314,3.43041921107397,2.68974499813885,0.180056699617641
1999,4,24,4.99846601486206,2.44229206410091,3.34440429486676,2.62230187343266,0.161688188868245
1999,4,25,5.67106628417969,3.96232927573692,1.34911000219836,0,0.145133855023722
1999,4,26,1.02943181991577,2.05679761183274,2.23957096279446,0.131167018915221,0.130166929350125
1999,4,27,0.639611184597015,0.49537215683813,0.343728483539962,0.226643618803791,0.14082519501213
1999,4,28,0.81796270608902,0.533183678582645,0.201847536982314,0,0.151937011658676
1999,4,29,2.40519571304321,0.238126672307772,1.30939927909094,2.68996161810537,0.163502365773118
1999,4,30,1.80110228061676,0,2.12190437034769,8.99405531358025,0.175294488621509
1999,5,1,4.32089328765869,0,3.02245685871822,16.0394380498401,0.194116536838802
1999,5,2,6.18014049530029,0,5.32000126724597,12.8658990819058,0.215206299428865
1999,5,3,2.5846905708313,0.863010877474153,3.55464456487061,3.53893748523842,0.235842511034387
1999,5,4,0.108415834605694,0.95324167448598,0.49525367066417,1.04258486292019,0.238110225407157
1999,5,5,0.468840748071671,0.00064998159177776,0.252595594898594,3.87538008036972,0.229039367916077
1999,5,6,2.68352603912354,0,1.46254008360847,10.7812548005386,0.221555905079278
1999,5,7,0.427791833877564,0,1.22142114980852,16.8620219664681,0.213618891257939
1999,5,8,0.116884313523769,1.81898940354586e-12,0.318714715060196,15.8946291469874,0.205455122219296
1999,5,9,0.0437885411083698,-1.81898940354586e-12,0.0864591066474532,11.6553963158967,0.217247245067687
1999,5,10,0.0165217518806458,0,0.0270959011013474,10.9585170827559,0.267590539286456
1999,5,11,1.58885431289673,0,0.651187960382231,14.1005806845533,0.276661423810824
1999,5,12,1.10349452495575,0,1.2986930960069,21.0786082385748,0.344692909060501
1999,5,13,0.360310941934586,0,0.736242869717898,30.8321196812558,0.449007878341074
1999,5,14,0.113274842500687,0,0.23690722543688,47.5620547682574,0.682582675002691
1999,5,15,0.839127600193024,0,0.469447178666087,54.3419158232864,1.09984249805841
1999,5,16,2.10487985610962,0,1.46136685968486,47.4015879562867,1.11118112398883
1999,5,17,7.44320058822632,0,4.74538402585313,36.8240129039205,1.1724094661202
1999,5,18,4.65439319610596,0,6.07217733252764,29.1344704443673,1.27672443540078
1999,5,19,5.3750901222229,0,5.01362051533761,20.0665671935603,1.2404408973033
1999,5,20,2.83628821372986,0,4.12350028862784,0,1.19055118110236
1999,5,21,1.41363525390625,0,2.12464923256266,0,1.14746455395316
1999,5,22,0.400814652442932,0,0.907803011050419,0,1.05448821060301
1999,5,23,3.79800176620483,0,2.47989558522568,0,0.927496097594734
1999,5,24,3.57364678382874,0,3.64209467917863,0,0.854929129532942
1999,5,25,0.425878524780273,0,2.13482264716004,0,1.00459838626892
1999,5,26,4.67019367218018,0,1.02273587911986,0,0.811842502383735
1999,5,27,2.85669302940369,0,3.5913175223177,0,0.653102388156681
1999,5,28,0.478123843669891,0,1.22666332155495,0,0.671244103138841
1999,5,29,2.23842024803162,0,0.79597556835688,0,0.653102388156681
1999,5,30,2.77827954292297,0,2.28794138751618,0,0.544251990130567
1999,5,31,3.05623912811279,0,2.88857186306268,0,0.625889761616865
1999,6,1,0.862600684165955,0,1.45405015498363,0,0.936566955085814
1999,6,2,0.594177067279816,0,0.7950654406377,0,1.24724409448819
1999,6,3,1.08674335479736,0,0.768030701334283,0,1.05222044216366
1999,6,4,2.17511892318726,0,1.70563004311953,0,0.836787414550781
1999,6,5,3.90069055557251,0,3.0379012894773,-1.81898940354586e-12,2.08176384873278
1999,6,6,0.726907312870026,0,2.31618632310347,1.81898940354586e-12,4.35401592104454
1999,6,7,0.0345772951841354,0,0.366463608383128,0,4.19527559055118
1999,6,8,0.089563399553299,0,0.0620316226559226,0,5.12503945658526
1999,6,9,2.53085494041443,0,1.29899916529394,0,6.19086596871924
1999,6,10,0,0,1.26452365804653,0,5.64661408672183
1999,6,11,0,0,0,-1.81898940354586e-12,4.62614164577694
1999,6,12,0,0,0.000133728601213079,1.81898940354586e-12,5.05700770100271
1999,6,13,0.607897162437439,-1.81898940354586e-12,0.377350555661906,0,5.26110253521777
1999,6,14,0,1.81898940354586e-12,0.438684379052575,0,6.5310234490342
1999,6,15,0,0,0,0,5.21574803149606
1999,6,16,9.39106845855713,0,2.9820711634311,0,5.03433088167446
1999,6,17,4.39124584197998,0,8.23725220396591,0,10.7262990395854
1999,6,18,3.48097205162048,0,4.16684388108661,0,6.91653543307087
1999,6,19,14.7739419937134,0,7.82004419580335,1.81898940354586e-12,6.2588977243018
1999,6,20,4.77362871170044,0,9.68643662876639,-1.81898940354586e-12,5.23842528335691
1999,6,21,0.871850669384003,0,2.99737820207702,0,3.65102370855376
1999,6,22,0.281442761421204,0,0.744110700397869,0,3.10677161029005
1999,6,23,2.30432367324829,0,1.21939497022322,0,3.56031491737666
1999,6,24,0.960743963718414,0,2.0679252820064,0,4.80755922813115
1999,6,25,2.31057143211365,0,1.53042842574359,0,4.60346439391609
1999,6,26,1.4952427148819,0,1.73639970469594,0,4.55811032272699
1999,6,27,0.0509063228964806,0,0.476685887082567,0,3.44692909060501
1999,6,28,0.017919884994626,0,0.0648237747736857,0,3.06141732283465
1999,6,29,1.40635097026825,0,1.04714961042373,0,2.58519676388718
1999,6,30,3.30991363525391,0,2.6762893617979,0,2.40377961406558
1999,7,1,0.880470871925354,0,1.49737278372231,0,2.2541101410633
1999,7,2,0.00248403358273208,0,0.757732184720226,0,2.94803149606299
1999,7,3,0.78634375333786,0,0.281404636063598,0,3.92314943328617
1999,7,4,0.524673163890839,0,0.670775862967275,0,3.85511811023622
1999,7,5,0.0402558855712414,0,0.262057788004313,0,2.81196841743049
1999,7,6,0.00379354041069746,0,0.017310212006123,0,2.67590555506428
1999,7,7,0.0557694733142853,0,0.0370276084813668,0,2.31307082288847
1999,7,8,0.0224646423012018,0,0.0496702797463513,0,2.42645664966013
1999,7,9,1.22271609306335,0,0.799834268858831,0,2.17247242364358
1999,7,10,3.55741572380066,0,1.55520834272102,0,2.02733848751999
1999,7,11,2.0119960308075,-1.81898940354586e-12,2.81816768689168,0,1.95930716447004
1999,7,12,0.614602863788605,1.81898940354586e-12,0.953007246833295,0,1.78469288743387
1999,7,13,0.700971841812134,0,0.688168294705974,0,1.69625197282926
1999,7,14,0.0948196202516556,0,0.550425447336238,0,1.89581094576618
1999,7,15,0.00209799781441689,0,0.0889386361996003,0,1.90488180325726
1999,7,16,0,0,0.000879277493368136,0,1.76881894089106
1999,7,17,0.000606232671998441,0,0.024497106043782,0,1.64409448818898
1999,7,18,1.42099058628082,0,0.983468734384587,0,1.4286614605761
1999,7,19,3.09451222419739,0,2.69184325111928,1.81898940354586e-12,1.36743311844473
1999,7,20,1.7665947675705,0,2.9001787246907,-1.81898940354586e-12,1.39237792247862
1999,7,21,2.27079701423645,0,2.05903096567272,0,1.34248820627768
1999,7,22,1.91244602203369,-1.81898940354586e-12,2.00616071580043,0,1.3334173487866
1999,7,23,1.3412082195282,1.81898940354586e-12,1.45058654334207,0,1.28579529289186
1999,7,24,1.23570466041565,-1.81898940354586e-12,1.27114711373542,-1.81898940354586e-12,1.15653541144424
1999,7,25,1.43965673446655,1.81898940354586e-12,1.58113521404266,1.81898940354586e-12,1.07036215714582
1999,7,26,3.56782627105713,0,3.19546874399384,0,1.00686615470826
1999,7,27,5.85406351089478,0,4.33977877493453,0,1.16333860862912
1999,7,28,6.42107582092285,0,5.89809983838495,0,2.26318099855438
1999,7,29,1.95673632621765,0,4.93506571814942,0,1.85272442675012
1999,7,30,0.0839447379112244,0,1.44648374244935,0,1.45814169335553
1999,7,31,0.0716603547334671,0,0.141481410859342,0,1.2903307216374
1999,8,1,0.00200559571385384,0,0.0477312423226977,0,1.1746771264264
1999,8,2,0.00164697295986116,0,0.00277208611259994,0,1.09757483775221
1999,8,3,0,0,0.102797720619492,0,1.02500786969042
1999,8,4,2.69252753257751,0,2.06999618433838,0,0.952440901628629
1999,8,5,0.0448875240981579,0,2.01681285061204,0,0.952440901628629
1999,8,6,0.977056622505188,0,0.620186829073646,0,1.32661415160172
1999,8,7,0.39289590716362,0,0.870290899047177,0,1.41959060308501
1999,8,8,2.84548997879028,0,1.18001769842158,0,1.34475586658388
1999,8,9,2.07847452163696,0,2.28638472364582,0,1.28579529289186
1999,8,10,0.375110536813736,0,1.68776177674044,0,1.14292912520762
1999,8,11,0.0136392489075661,0,0.294190333082952,0,1.02274020938423
1999,8,12,0.397934257984161,0,0.0907201310692471,0,0.932031526340274
1999,8,13,7.57014751434326,0,2.97681138647204,-1.81898940354586e-12,0.895748042309378
1999,8,14,3.85570168495178,0,6.52352253508616,1.81898940354586e-12,1.30166923943467
1999,8,15,2.84479355812073,0,3.35542320651257,0,1.28579529289186
1999,8,16,4.69352388381958,0,3.54893220652048,0,1.22910237950603
1999,8,17,4.58550071716309,0,4.65551175176552,0,1.24951186292753
1999,8,18,1.27566003799438,0,3.03801377127274,0,1.16787403737466
1999,8,19,1.18766808509827,0,1.23474074514888,0,1.02047244094488
1999,8,20,0.612916350364685,0,0.775331081804325,0,0.907086614173228
1999,8,21,4.82605266571045,0,1.46680036570069,0,0.884409470445528
1999,8,22,1.92045044898987,0,3.16232097545253,0,0.879874041699988
1999,8,23,1.13376462459564,0,1.67094950780847,0,0.820913359874816
1999,8,24,2.94243597984314,0,2.21521044638212,0,0.798236216147115
1999,8,25,2.06279468536377,0,2.52962367451255,0,0.850393700787402
1999,8,26,0.288603603839874,0,1.6750964383009,0,0.764220446488989
1999,8,27,5.65775012969971,0,3.35620269805077,0,0.718866159033588
1999,8,28,13.8801040649414,0,7.92955572210303,0,0.780094501164954
1999,8,29,3.99208664894104,0,7.85532709214567,0,0.932031526340274
1999,8,30,0.539401888847351,0,1.56208622708255,0,0.825448842686931
1999,8,31,0.152687549591064,0,0.334520370597602,0,0.784629929910495
1999,9,1,0,0,0.111177675769795,0,0.718866159033588
1999,9,2,0.554545879364014,0,0.261827793046905,0,0.689385818121001
1999,9,3,0.330807507038116,0,0.524981404385471,0,0.700724389984852
1999,9,4,0.00339758023619652,0,0.249263166459059,0,0.702992104357622
1999,9,5,0.190415188670158,0,0.181257363930854,0,0.659905531274991
1999,9,6,4.60614347457886,0,3.05910277096882,0,0.637228333480715
1999,9,7,9.76426315307617,0,5.86761490728168,0,0.755149588997909
1999,9,8,8.97667980194092,0,9.0770727502113,0,0.825448842686931
1999,9,9,2.41517734527588,0,6.59080834340603,0,0.845858272041862
1999,9,10,0.823480486869812,0,2.11333034428208,0,0.843590557669091
1999,9,11,2.83175921440125,0,1.98385530914857,0,0.768755929301104
1999,9,12,1.14421927928925,0,1.90560289958557,0,0.825448842686931
1999,9,13,1.47684144973755,0,1.24610844299968,0,0.795968501774345
1999,9,14,8.15954113006592,0,4.85329662528238,0,0.752881874625138
1999,9,15,6.26792669296265,0,7.27128595433896,0,0.845858272041862
1999,9,16,0.900137186050415,0,5.11469832803959,0,0.850393700787402
1999,9,17,1.44483327865601,0,1.5138269557774,0,0.814110216756505
1999,9,18,5.47861051559448,0,2.04822243572926,0,0.848125986414632
1999,9,19,8.00306797027588,0,6.16731315214383,0,1.45814169335553
1999,9,20,3.78748869895935,0,6.33109643236458,0,1.42639369213675
1999,9,21,10.7228269577026,0,5.04307534532745,0,1.14746455395316
1999,9,22,20.8415946960449,0,12.911337597372,0,1.19735437828725
1999,9,23,20.9154281616211,0,20.8696436228911,0,1.46948031928596
1999,9,24,1.79266464710236,0,14.2087452431751,0,1.29259838194359
1999,9,25,2.96165204048157,0,2.47676572300043,0,1.13612603615588
1999,9,26,0.588879108428955,0,2.09019520315269,0,1.02500786969042
1999,9,27,0.00373485707677901,0,0.499523341717577,0,0.941102383831355
1999,9,28,0.0615420117974281,0,0.0808983114875446,0,0.909354382612574
1999,9,29,1.44837605953217,0,0.935298148315269,0,0.843590557669091
1999,9,30,2.48671078681946,0,1.59544315359562,0,0.818645645502045
1999,10,1,2.37573170661926,0,2.33002031008073,1.81898940354586e-12,0.805039359265425
1999,10,2,0.0339491590857506,0,2.02687974984474,-1.81898940354586e-12,0.789165358656035
1999,10,3,0.0805868804454804,0,0.344058096809022,0,0.775559072419414
1999,10,4,1.7993323802948,0,1.30525770661006,0,0.732472445270208
1999,10,5,5.42911767959595,0,3.17075259707963,0,0.725669302151898
1999,10,6,5.73810577392578,0,5.46473488377342,0,0.734740159642978
1999,10,7,6.41487169265747,0,5.87993212386027,0,0.698456675612082
1999,10,8,2.996750831604,0,4.81028625979707,-1.81898940354586e-12,0.668976388766071
1999,10,9,0.841471016407013,0,2.59956872100156,1.81898940354586e-12,0.637228333480715
1999,10,10,4.43189764022827,0,2.80298716408652,0,0.623622047244095
1999,10,11,13.4567098617554,0,8.94429319667506,0,0.639496047853485
1999,10,12,8.04499626159668,0,10.7508511218657,0,0.623622047244095
1999,10,13,4.86485004425049,0,6.08523869533565,0,0.603212617889164
1999,10,14,3.16068863868713,0,3.91151437046756,0,0.564661419485498
1999,10,15,9.68824005126953,4.84411778769209,1.58034504944953,0,0.4830236479992
1999,10,16,21.0355682373047,4.84412095313746,10.5177821048092,5.26472514349189,0.557858276367187
1999,10,17,3.99365067481995,1.81898940354586e-12,12.5041785864014,4.42351168717505,0.612283475380244
1999,10,18,16.2838554382324,-1.81898940354586e-12,12.6823257530341,0,0.639496047853485
1999,10,19,11.4146375656128,0,12.6163093597497,0,1.90941734013595
1999,10,20,4.24385261535645,0,7.37272269062851,0,1.31981106254998
1999,10,21,17.1331348419189,0,10.6884967833485,0,1.07716535433071
1999,10,22,18.1939315795898,0,17.6635428105419,0,0.941102383831355
1999,10,23,14.9549226760864,7.47746007865499,9.09696732204065,0,0.863999987024022
1999,10,24,7.4521541595459,11.2609452802244,0,0,0.839055128923551
1999,10,25,19.2084445953369,13.3573461765591,0,0,0.743811017134058
1999,10,26,11.8616628646851,13.5703263472788,1.9647305409344,0,0.684850389375461
1999,10,27,5.2798924446106,6.60609330976149,1.96480317338683,0,0.945637812576895
1999,10,28,7.64886093139648,6.30491050342425,0,0,0.725669302151898
1999,10,29,2.92984223365784,5.41625010838106,1.81898940354586e-12,0,0.918425240103654
1999,10,30,3.87472343444824,3.15821734390011,-1.81898940354586e-12,0,1.04995278185747
1999,10,31,26.6668968200684,15.2049601698182,0,0,1.13612603615588
1999,11,1,45.5677146911621,35.7175031882543,0,0,0.904818899800458
1999,11,2,10.8716907501221,28.6808417703196,0,0,0.612283475380244
1999,11,3,3.35810685157776,7.53232108722114,0,1.81898940354586e-12,0.575999991349348
1999,11,4,10.7330045700073,6.46788614046454,0,-1.81898940354586e-12,0.541984275757797
1999,11,5,1.296471118927,6.6756973209267,0,0,0.526110221081831
1999,11,6,2.47296619415283,1.93433613602429,0,0,0.544251990130567
1999,11,7,9.32533931732178,5.79054848724627,0,0,0.589606277585968
1999,11,8,8.73341941833496,9.05338527952335,0,0,0.612283475380244
1999,11,9,8.03552150726318,8.53312315323819,0,0,0.632692904735175
1999,11,10,2.22985243797302,5.62780227664916,0,0,0.653102388156681
1999,11,11,5.29544925689697,3.45171774347546,0,0,0.673511817511611
1999,11,12,0.510698914527893,3.38867932357789,0,0,0.675779531884381
1999,11,13,0.54126250743866,0.536964919161619,0,-1.81898940354586e-12,0.678047246257151
1999,11,14,2.93080997467041,2.1678077924953,0,1.81898940354586e-12,0.680314960629921
1999,11,15,16.91628074646,10.0258172379235,0,0,0.682582675002691
1999,11,16,12.0124673843384,15.2471007180866,0,0,0.684850389375461
1999,11,17,7.28633880615234,10.4028900293506,0,0,0.680314960629921
1999,11,18,3.38572335243225,6.18034558327599,0,0,0.673511817511611
1999,11,19,7.8614821434021,6.54708240229957,0,0,0.668976388766071
1999,11,20,8.88319873809815,8.70337876171652,0,1.81898940354586e-12,0.659905531274991
1999,11,21,5.2117133140564,7.70913755160655,0,-1.81898940354586e-12,0.655370102529451
1999,11,22,5.94934368133545,5.5240588572542,0,0,0.648566905344565
1999,11,23,3.80930471420288,5.41227298683043,0,0,0.644031476599025
1999,11,24,0.743256986141205,3.36176278712082,0,0,0.634960619107945
1999,11,25,2.43614888191223,1.1845776224709,0,0,0.630425190362405
1999,11,26,1.09351348876953,1.60579157821485,0,0,0.623622047244095
1999,11,27,0.06289092451334,0.509718453202368,0,0,0.616818904125784
1999,11,28,0.560769438743591,0.250800885385615,0,0,0.610015761007474
1999,11,29,0.180486142635345,0.483290437960022,0,0,0.605480332261934
1999,11,30,12.0352001190186,6.3184281944923,0,0,0.598677189143624
1999,12,1,10.1056528091431,10.5759809898864,0,0,0.589606277585968
1999,12,2,6.15110445022583,9.34840036450805,0,0,0.580535420094888
1999,12,3,3.30113911628723,5.43350016674049,0,0,0.571464562603808
1999,12,4,12.4370679855347,7.90013847428963,0,0,0.564661419485498
1999,12,5,9.64131546020508,11.7224025907763,0,0,0.555590561994417
1999,12,6,14.2240419387817,10.7908547668849,0,0,0.548787418876107
1999,12,7,4.07172870635986,10.3532600553335,0,-1.81898940354586e-12,0.539716561385027
1999,12,8,1.00560891628265,3.46360571128389,0,1.81898940354586e-12,0.532913364200141
1999,12,9,3.12521505355835,1.4454607051066,0,0,0.526110221081831
1999,12,10,2.27882528305054,2.52517370044006,0,0,0.521574792336291
1999,12,11,3.80688333511353,2.83933268496003,0,0,0.514771649217981
1999,12,12,2.43548393249512,3.49560774566453,0,0,0.510236220472441
1999,12,13,0.542700827121735,1.48763925357525,0,0,0.503433077354131
1999,12,14,3.18662595748901,2.20086348665427,0,0,0.498897648608591
1999,12,15,6.07622909545898,4.45368701979351,0,0,0.492094505490281
1999,12,16,7.14089012145996,6.35912917428868,0,0,0.48755907674474
1999,12,17,4.7963662147522,6.78070667732754,0,0,0.4830236479992
1999,12,18,7.18232297897339,6.07500304796122,0,0,0.478488165187085
1999,12,19,9.9195032119751,8.53296547635182,0,0,0.473952736441545
1999,12,20,3.22919034957886,6.28912929834405,0,0,0.471685022068775
1999,12,21,1.56743407249451,1.61459524287238,0.783717003199854,11.5278670827647,0.467149593323235
1999,12,22,2.39649605751038,0,1.98264317944449,31.4859891692649,0.464881878950464
1999,12,23,24.7206363677979,0,13.872980660235,37.4515083968763,0.460346450204924
1999,12,24,26.4597015380859,13.1589100638212,12.4265963078087,17.6681598363848,0.458078735832154
1999,12,25,6.68348026275635,17.438419258302,0,0,0.455811021459384
1999,12,26,31.5712394714356,12.1284271912682,7.08476182603772,0,0.451275592713844
1999,12,27,19.8062610626221,8.7914124017916,16.9255915912672,10.3016430301668,0.449007878341074
1999,12,28,8.37599945068359,0,14.0086726993777,12.2535955283529,0.446740163968304
1999,12,29,2.87133693695068,1.44847654636033,4.1506371811156,2.00436181210171,0.442204735222764
1999,12,30,0.816313147544861,1.85462991164786,0,0,0.437669279443936
1999,12,31,0.250450819730759,0.521546328098339,0,0,0.433133850698396
2000,1,1,0.0408208109438419,0.0865590276553121,0,0,0.433133850698396
2000,1,2,0.00119730108417571,0.0240223947421327,0,0,0.430866136325626
2000,1,3,1.54161213572479e-07,0.0263087473631458,0,0,0.426330707580086
2000,1,4,1.75690579414368,1.15297302072941,0,0,0.421795278834546
2000,1,5,6.38495016098023,3.43654319581037,0,0,0.417259850089006
2000,1,6,3.98284363746643,5.72347605704817,0,0,0.408188965564638
2000,1,7,4.56470966339111,4.15204450468991,0,0,0.405921251191868
2000,1,8,2.53754234313965,3.72551667922016,0,0,0.403653536819098
2000,1,9,1.45086026191711,2.12256358159175,0,0,0.401385822446327
2000,1,10,0,1.16637603063464,0,0,0.394582679328017
2000,1,11,0.00180448242463171,0.0970895757582184,0,0,0.387779536209707
2000,1,12,0,0.000910187780391425,0,0,0.383244107464167
2000,1,13,0.00687651243060827,0.00518669747543754,0,0,0.376440937312569
2000,1,14,0.000829849857836962,0.00985008372481389,0,0,0.374173222939799
2000,1,15,0.0915336832404137,0.076282023343083,0,0,0.371905508567029
2000,1,16,0.140670105814934,0.09892786581986,0,0,0.369637794194259
2000,1,17,0.14949868619442,0.137905597184727,0,0,0.367370079821489
2000,1,18,0.210920736193657,0.177545928214386,0,0,0.365102365448719
2000,1,19,0.608010947704315,0.423359667973273,0,1.81898940354586e-12,0.362834651075949
2000,1,20,1.12001502513886,0.914166482785731,0,-1.81898940354586e-12,0.358299222330409
2000,1,21,0.000600970117375255,0.396171424399654,0,0,0.353763766551581
2000,1,22,0.543395042419434,0.372247130495452,0,0,0.351496052178811
2000,1,23,0.602732598781586,0.593503798318125,0,0,0.349228337806041
2000,1,24,0.938464879989624,0.888135827228325,0,0,0.346960623433271
2000,1,25,2.81522154808044,2.2963129007876,0,0,0.346960623433271
2000,1,26,12.6867847442627,6.02388146512021,0,0,0.344692909060501
2000,1,27,12.8672142028809,12.7791103850504,0,1.81898940354586e-12,0.344692909060501
2000,1,28,14.9799108505249,13.2694201632039,0,-1.81898940354586e-12,0.342425194687731
2000,1,29,11.8545036315918,13.1958389536667,0,0,0.340157480314961
2000,1,30,9.3260612487793,10.3454299043769,0,0,0.340157480314961
2000,1,31,8.93088245391846,9.16528533882956,0,0,0.337889765942191
2000,2,1,3.70124745368958,8.14287907583821,0,0,0.33108662282388
2000,2,2,0.0215017478913069,2.57713528646127,0,0,0.32881890845111
2000,2,3,0,0.0109568958669115,0,0,0.32655119407834
2000,2,4,0.338222116231918,0.210015332046169,0,0,0.324283452672283
2000,2,5,0.192558869719505,0.319970576281776,0,0,0.319748023926742
2000,2,6,0.035465694963932,0.171682209025676,0,0,0.315212595181202
2000,2,7,1.2589944601059,0.662513813367696,1.81898940354586e-12,0,0.310677166435662
2000,2,8,0.0158184077590704,0.374788524717587,-1.81898940354586e-12,0,0.301606308944582
2000,2,9,0.0705978870391846,0.0245878979112604,0,0,0.297070853165754
2000,2,10,0.111692056059837,0.0746982438722625,0,0,0.292535424420214
2000,2,11,0.0208728406578302,0.0778433345330996,0,0,0.287999995674674
2000,2,12,0.238147154450417,0.101355869461258,0,0,0.276661423810824
2000,2,13,0.0085521200671792,0.15183641117801,0,0,0.274393709438054
2000,2,14,0.00360314548015595,0.0091325789981056,0,0,0.269858280692514
2000,2,15,1.92676174640656,0.70765821446912,0,0,0.267590539286456
2000,2,16,0.658476829528809,1.06338643150593,0,0,0.265322824913686
2000,2,17,2.38762927055359,1.24584100319771,0,0,0.260787396168146
2000,2,18,1.05478358268738,2.11196234017007,0,0,0.260787396168146
2000,2,19,2.52097415924072,1.86219347857696,0.0182118241646094,0,0.256251967422605
2000,2,20,2.0910017490387,2.30310845670465,0.0198740372943576,0,0.256251967422605
2000,2,21,0.708954691886902,1.82874233154143,2.99695475405315e-05,0,0.253984253049835
2000,2,22,0.291684091091156,0.601675316656838,0,0,0.251716538677065
2000,2,23,2.6991240978241,0.941526549429909,0,0,0.249448824304295
2000,2,24,1.67882204055786,2.46855201642575,0,0,0.247181109931525
2000,2,25,4.93352127075195,3.10999172771881,0,0,0.247181109931525
2000,2,26,3.9150505065918,4.46778132086911,0,0,0.244913395558755
2000,2,27,0.843072056770325,3.16906830901826,0,0,0.242645681185985
2000,2,28,1.10628414154053,1.1409919996895,0,0,0.242645681185985
2000,2,29,3.04988121986389,1.55570251016616,0,0,0.238110225407157
2000,3,1,4.81748199462891,3.96865399693525,0,0,0.235842511034387
2000,3,2,4.62689113616943,4.70754743918587,0,-1.81898940354586e-12,0.235842511034387
2000,3,3,4.61951208114624,4.62550758250109,0,1.81898940354586e-12,0.233574796661617
2000,3,4,0.0377422459423542,3.56015313364514,0,0,0.231307082288847
2000,3,5,0,0.124402817436931,0,0,0.229039367916077
2000,3,6,0,0.000701691251379089,0,0,0.226771653543307
2000,3,7,0.0059369970113039,0.00455150231755397,0,0,0.22586456509087
2000,3,8,0.00084514293121174,0.00141738651836931,0,0,0.223823619452048
2000,3,9,0,0.000111559855213272,0,0,0.221102367611382
2000,3,10,0,0.0156723301788588,0,0,0.21906142197256
2000,3,11,0.132603302598,0.115099511769586,0,0,0.217020476333738
2000,3,12,0.474781632423401,0.202695237920125,0,0,0.212031496603658
2000,3,13,0.0694126039743424,0.270108550770601,0,0,0.210670870683325
2000,3,14,1.3488917350769,0.273803164534911,0,0,0.208629925044503
2000,3,15,10.9543495178223,5.45809334428304,0,0,0.207496067858118
2000,3,16,4.65585422515869,6.81930790730985,0,0,0.206135428421141
2000,3,17,0.936111450195312,2.62790503689575,0,0,0.204321265032911
2000,3,18,4.1633472442627,2.09170017530778,0,0,0.203640945314422
2000,3,19,2.79832220077515,3.84015697335963,0,0,0.202507088128037
2000,3,20,1.10829401016235,1.99357916548797,0,0,0.201826768409549
2000,3,21,4.00389575958252,2.54431030228261,0,0,0.19887873431829
2000,3,22,1.85125470161438,3.32203165434839,0,0,0.197518108397957
2000,3,23,2.10149216651917,1.93983760499941,0,0,0.196384251211572
2000,3,24,0,1.27734732079261,0,0,0.195930713743675
2000,3,25,0.639705181121826,0.134098981001443,0.0570861156265892,0,0.195250394025187
2000,3,26,2.97827458381653,0.325988639997377,1.46653654958391,0.957293054190814,0.194570074306698
2000,3,27,3.76373696327209,0.932113167369607,2.43752552857586,0.960626794383643,0.194116536838802
2000,3,28,1.46659731864929,1.54601057212858,1.05909751432773,0,0.192755910918469
2000,3,29,0.683343410491943,0.902438132809039,0,0,0.191622053732084
2000,3,30,2.44172072410584,1.88891260600576,0,0,0.190488183029055
2000,3,31,3.17106580734253,2.79636993379063,0,0,0.18935432584267
2000,4,1,1.2978150844574,2.73117778412234,0,0,0.188220468656285
2000,4,2,1.2056770324707,1.3374464251192,0,0,0.188220468656285
2000,4,3,0.570742547512054,0.602838404845898,0.285371326483073,2.85111303655322,0.18754016245444
2000,4,4,0.732064127922058,0.367118056195977,0.28452459660366,2.84265345289532,0.18754016245444
2000,4,5,5.36713266372681,1.53944583023986,0,0,0.18754016245444
2000,4,6,1.78011775016785,3.21889891590945,0,0,0.1870866114699
2000,4,7,0.257167786359787,0.975833370634064,1.81898940354586e-12,0,0.185952754283515
2000,4,8,0.0678111612796783,0.197386943897072,-1.81898940354586e-12,0,0.185952754283515
2000,4,9,0.0922482684254646,0.0807013421690499,0,0,0.185499216815618
2000,4,10,0.00190254533663392,0.0320503989496501,0,0,0.185045665831078
2000,4,11,0.183060720562935,0.134282967721447,0,0,0.184592128363181
2000,4,12,0.0398721732199192,0.0704516019832226,0,0,0.184138577378641
2000,4,13,0.00271425303071737,0.0219271532623679,0,0,0.183685039910745
2000,4,14,0.205665215849876,0.165503925310986,0.00312739506625803,0,0.183231502442848
2000,4,15,0.377253383398056,0.277677832842528,0.0424257805898378,0,0.182777951458308
2000,4,16,0.0352307930588722,0.147005423950759,0.013402090393356,0,0.181417325537974
2000,4,17,0.929268538951874,0.726030126379555,0,0,0.179149611165204
2000,4,18,1.50620377063751,0.464634284053318,0.753101861691903,3.67163392303883,0.180963774553434
2000,4,19,2.86617493629456,0,2.19786305330308,8.00888658706572,0.183685039910745
2000,4,20,10.6525640487671,-1.81898940354586e-12,6.69988968848338,9.14259579608006,0.18935432584267
2000,4,21,7.38296842575073,1.81898940354586e-12,9.09249942713177,10.3105702047524,0.19434330557275
2000,4,22,0.36458021402359,0,3.91652895938205,7.88700582827369,0.196157482477624
2000,4,23,1.84917867183685,0.929981046439934,0.181227088600281,2.31647287223495,0.200239373755267
2000,4,24,0.994901120662689,1.43477494886974,0,0,0.204548033766859
2000,4,25,0.0015713619068265,0.512641232226088,0.000761688575948938,2.93113662177166,0.207722836592066
2000,4,26,0.0099703585729003,0,0.00303088904001925,6.01153123009863,0.210217319698784
2000,4,27,2.11031627655029,0.613214343604341,0.38928092074093,3.09718568092467,0.215886619147353
2000,4,28,4.38926124572754,0.633923701052481,2.64125185075136,5.11819794701478,0.223823619452048
2000,4,29,0.866121232509613,0,2.11971932307824,13.4344880385816,0.229039367916077
2000,4,30,3.68662452697754,0,2.20075642731354,16.8231021957563,0.233574796661617
2000,5,1,1.42206728458405,0,3.0838920592978,18.6658909471716,0.242645681185985
2000,5,2,0.24429278075695,0,0.989791042526122,19.3829960314797,0.253984253049835
2000,5,3,0.674618363380432,0,0.451009174174033,24.0930587017101,0.265322824913686
2000,5,4,1.15363252162933,0,0.8971470332217,30.9508093256191,0.294803138792984
2000,5,5,0,0,0.64352450638944,27.2877604077639,0.308409452062892
2000,5,6,0.518522381782532,0,0.248831787968811,24.1334591921404,0.317480309553972
2000,5,7,0.00383242033421993,0,0.289464840616347,28.7412391714915,0.340157480314961
2000,5,8,0.0434594079852104,0,0.0269029248847801,25.7084127679154,0.360566936703179
2000,5,9,0.850933253765106,0,0.463445982652047,25.9335785893472,0.383244107464167
2000,5,10,2.2818455696106,0,1.64285137169827,25.4651488610307,0.421795278834546
2000,5,11,0.0091707669198513,0,1.16102195136227,27.9265172765936,0.462614164577694
2000,5,12,0.128463044762611,0,0.0798420544197143,34.1081451808004,0.4830236479992
2000,5,13,0.665572822093964,0,0.392811312964113,33.5917357405451,0.548787418876107
2000,5,14,1.51401698589325,0,1.08680263437236,26.8558927115773,0.573732276976578
2000,5,15,2.98282432556152,0,2.25028126251709,23.5202927373593,0.639496047853485
2000,5,16,2.35923767089844,0,2.67430520599373,29.6364484338628,0.727937016524668
2000,5,17,0.673128068447113,0,1.44865146653683,34.0848755191601,0.932031526340274
2000,5,18,0.410413384437561,0,0.543618301204333,37.50232395696,1.28579529289186
2000,5,19,1.37009310722351,0,0.892139992589364,38.544599633382,1.5397795189084
2000,5,20,0.635238707065582,0,1.00649768774019,32.8249886046815,1.54431494765394
2000,5,21,3.56411933898926,0,2.10470462273588,21.5323155274036,1.56018900232991
2000,5,22,2.29429793357849,0,2.92908092842663,22.6691560085001,1.42185826339121
2000,5,23,1.06372511386871,0,1.68256709004345,28.4459426641915,1.4740157480315
2000,5,24,0.138272762298584,0,0.600369465548283,23.9051205486849,1.46267712210107
2000,5,25,1.92975878715515,-1.81898940354586e-12,1.03186674396966,28.739104909344,1.52617323267178
2000,5,26,3.5645112991333,1.81898940354586e-12,2.74298990634088,3.69804859619217,1.67130706066222
2000,5,27,3.0386164188385,0,3.29793485167102,0,1.89127562515379
2000,5,28,4.59258317947388,0,3.81743419430859,0,2.33574807474932
2000,5,29,4.40427112579346,0,4.49812915286384,0,2.99338578351839
2000,5,30,4.28359317779541,0,4.34404473695577,0,3.71905503160372
2000,5,31,0.0360463969409466,0,2.18279991962663,0,4.24063009427288
2000,6,1,3.13161617668811e-05,0,0.0180581243803317,0,4.39936999223364
2000,6,2,0.0277015399187803,0,0.0143889515820774,0,5.10236220472441
2000,6,3,7.96515159890987e-05,0,0.0139785175142606,0,5.69196859044353
2000,6,4,0.000644690298940986,0,0.000361656022505485,0,6.46299212598425
2000,6,5,0.782088577747345,0,0.384195476262903,0,6.87118092934916
2000,6,6,0.0024015826638788,1.81898940354586e-12,0.40339170012885,0,8.1864563468873
2000,6,7,0.857843995094299,-1.81898940354586e-12,0.426816471861457,0,8.0503937007874
2000,6,8,0.598523557186127,0,0.729173941692352,0,7.8689765509658
2000,6,9,2.03097748756409,0,1.31385343248076,-1.81898940354586e-12,7.37007874015748
2000,6,10,2.5753185749054,0,2.30462990395063,1.81898940354586e-12,7.16598433847502
2000,6,11,1.17630755901337,0,1.87389312349296,0,8.11842502383735
2000,6,12,4.13031244277954,0,2.64984324384386,0,8.73070866141732
2000,6,13,0.479080855846405,0,2.30816234722806,0,8.98015713428888
2000,6,14,1.78337609767914,0,1.13102337037526,0,8.16377952755905
2000,6,15,3.78827667236328,0,2.72313281043171,0,5.44251968503937
2000,6,16,2.76400542259216,0,3.45393136508574,0,4.49007856714444
2000,6,17,3.58493089675903,0,3.27752675244119,0,3.71905503160372
2000,6,18,4.62714576721191,0,4.16351834677698,0,3.58299216923751
2000,6,19,0.158939734101295,0,1.15366468411412,0,3.10677161029005
2000,6,20,0.513687193393707,0,0.229047194632585,0,3.24283468892255
2000,6,21,1.23870778083801,0,0.655752839898923,0,3.06141732283465
2000,6,22,4.41913080215454,0,2.38019081856874,0,2.85732292115219
2000,6,23,0.289393246173859,0,2.04074724030579,0,2.69858259065883
2000,6,24,0.015891058370471,0,0.246624191824594,0,3.90047261395792
2000,6,25,0.148408323526382,0,0.0751803561943234,0,6.16818914939099
2000,6,26,0.0119446041062474,0,0.0893313747110369,0,7.71023622047244
2000,6,27,0.159220665693283,0,0.0754574602451612,0,9.09354296106053
2000,6,28,2.75056576728821,0,1.33318459416114,0,9.41102362204724
2000,6,29,9.6032247543335,0,6.93225728469224,1.81898940354586e-12,8.27716535433071
2000,6,30,21.3843574523926,1.81898940354586e-12,14.6395394665979,-1.81898940354586e-12,7.25669291338583
2000,7,1,12.4042463302612,-1.81898940354586e-12,15.2973450733498,0,11.6107088344304
2000,7,2,0.249778136610985,0,8.5936846674449,1.81898940354586e-12,8.41322800043061
2000,7,3,0.334659934043884,0,0.283063120710722,-1.81898940354586e-12,7.23401566152498
2000,7,4,0.164717867970467,0,0.219894914655015,0,7.27936973271407
2000,7,5,1.311767578125,0,0.577990079613301,0,7.80094522791585
2000,7,6,0.984827935695648,0,1.13897104764692,0,8.43590568482406
2000,7,7,0.390349328517914,0,0.625098123446151,0,6.32692904735175
2000,7,8,0.00804361701011658,0,0.161234162807887,0,5.55590551181102
2000,7,9,0.134054973721504,-1.81898940354586e-12,0.0904223833276774,0,5.51055100808932
2000,7,10,0.123413898050785,1.81898940354586e-12,0.126601443658728,-1.81898940354586e-12,5.10236220472441
2000,7,11,14.0820913314819,0,4.50896631011165,3.63797880709171e-12,4.6941734013595
2000,7,12,6.96378421783447,0,11.1831881557719,-1.81898940354586e-12,7.50614138625738
2000,7,13,3.88413763046265,0,6.32323024895595,0,5.51055100808932
2000,7,14,0.239104405045509,0,2.04081982919161,0,4.6941734013595
2000,7,15,0.259336769580841,0,0.267253168864045,0,4.6488188976378
2000,7,16,2.19016289710999,0,1.65726883124808,0,4.39936999223364
2000,7,17,1.33568811416626,0,1.96596572453927,0,4.62614164577694
2000,7,18,0.0240245759487152,0,1.02117592475952,0,4.44472449595534
2000,7,19,5.48467922210693,0,2.05728835746231,0,3.74173228346457
2000,7,20,4.76255512237549,0,4.71675222381055,0,4.58078757458785
2000,7,21,0.906107366085052,0,1.65655644625622,0,4.05921251191868
2000,7,22,2.52371430397034,0,1.48938448276749,0,3.74173228346457
2000,7,23,4.91680526733398,0,3.92667135748161,-1.81898940354586e-12,4.14992108682948
2000,7,24,4.35223388671875,0,4.81461371945261,1.81898940354586e-12,4.19527559055118
2000,7,25,1.69152343273163,0,3.74283588266553,0,3.40157480314961
2000,7,26,6.00090408325195,0,4.10909773105777,-1.81898940354586e-12,3.06141732283465
2000,7,27,1.48755025863647,0,5.04433732590223,1.81898940354586e-12,2.94803149606299
2000,7,28,0.268013209104538,0,1.09027506763596,0,2.99338578351839
2000,7,29,0.179460227489471,0,0.23366400865234,0,2.99338578351839
2000,7,30,1.7904566526413,0,0.977713646494522,0,2.69858259065883
2000,7,31,1.42502880096436,0,1.43797466830802,0,2.49448818897638
2000,8,1,0.708224833011627,0,0.749525860297581,0,2.58519676388718
2000,8,2,0.0136648984625936,0,0.132216049058115,0,2.33574807474932
2000,8,3,0.132169425487518,0,0.254573579024509,0,2.35842511034387
2000,8,4,1.54950928688049,0,1.17784485314041,0,2.94803149606299
2000,8,5,0,0,0.238247821171171,0,2.97070874792384
2000,8,6,6.90729284286499,0,1.85576462375502,0,2.51716544083723
2000,8,7,0,0,5.39925908904479,0,2.53984247643178
2000,8,8,6.44188022613525,0,1.41730294711488,0,2.18834637018639
2000,8,9,1.84709012508392,0,5.47925024871256,0,2.01826763002891
2000,8,10,3.39275908470154,0,3.03175571413703,0,1.88447253610205
2000,8,11,2.7707633972168,0,3.17976622855531,0,1.73707083153912
2000,8,12,2.04570531845093,-1.81898940354586e-12,2.4098294856467,-1.81898940354586e-12,1.61461414727639
2000,8,13,2.61937046051025,1.81898940354586e-12,2.46926268336392,1.81898940354586e-12,1.60554328978531
2000,8,14,19.7022762298584,0,12.8710160670325,0,1.90261425108422
2000,8,15,12.9018154144287,0,17.3875651499457,1.81898940354586e-12,2.72125984251969
2000,8,16,10.1677446365356,0,11.9778795470211,-1.81898940354586e-12,2.44913390152098
2000,8,17,2.27430558204651,0,5.2051960204044,0,2.2087558536079
2000,8,18,1.56933462619782,0,1.88858053256263,0,2.08176384873278
2000,8,19,6.58805513381958,0,5.1651894165534,0,1.96157471664309
2000,8,20,3.01937437057495,0,4.9486501176616,0,2.72125984251969
2000,8,21,8.03432846069336,0,4.10395075483757,0,2.74393709438054
2000,8,22,8.16905021667481,0,7.81389166042936,0,3.62834645669291
2000,8,23,1.41745567321777,0,6.58452133565334,0,3.0840945746955
2000,8,24,1.57416868209839,0,2.04549791710815,0,2.49448818897638
2000,8,25,4.79125022888184,0,4.28519943173706,0,2.29039378729392
2000,8,26,1.5787695646286,0,3.45224438770856,0,2.49448818897638
2000,8,27,1.01985239982605,0,1.47882814827608,0,2.23596842608114
2000,8,28,0.186323627829552,0,0.700623639962942,0,2.04094488188976
2000,8,29,2.77501201629639,0,0.873122665956544,0,1.88900785671444
2000,8,30,4.90547704696655,0,3.84161536008105,0,1.90261425108422
2000,8,31,0.338224232196808,0,3.27645820912221,0,1.96837802196112
2000,9,1,0.065634198486805,0,0.345448247931927,0,1.75521254652128
2000,9,2,0,0,0.0686661036561418,0,1.62368500476747
2000,9,3,4.77890348434448,0,2.91596209370073,0,1.53297642985667
2000,9,4,6.79118490219116,0,5.37093799437571,0,1.67130706066222
2000,9,5,8.84318256378174,0,7.95160971893893,0,1.99332282599502
2000,9,6,7.94399070739746,0,8.62943538289437,0,1.75748031496063
2000,9,7,5.00363302230835,0,7.01304184933906,0,1.62141734446128
2000,9,8,6.771240234375,1.81898940354586e-12,6.13460148542981,0,1.55565357358437
2000,9,9,3.27700901031494,-1.81898940354586e-12,6.19638671751272,0,1.63048820195236
2000,9,10,5.78389501571655,0,4.57078758194621,0,1.63275586225855
2000,9,11,1.31886088848114,0,4.85399599905031,0,1.62368500476747
2000,9,12,1.68434464931488,0,1.7809611859484,1.81898940354586e-12,1.68944877564438
2000,9,13,12.7995252609253,0,5.17981381942627,-1.81898940354586e-12,1.5171023751807
2000,9,14,11.7574110031128,0,12.3745085711253,0,1.59420477198804
2000,9,15,5.23039436340332,0,7.45535551342073,0,1.57606294887272
2000,9,16,7.35090923309326,0,6.43927141958739,0,1.53524409016286
2000,9,17,5.76249217987061,0,6.8964056743589,0,2.0023936834861
2000,9,18,1.25827300548553,0,3.1385954911475,0,2.068157454363
2000,9,19,0,1.81898940354586e-12,0.597740926885308,0,1.72799997404804
2000,9,20,0.00158775178715587,-1.81898940354586e-12,0.0169443340564612,0,1.53751185860221
2000,9,21,0.147153049707413,0,0.162516374031839,0,1.43546454962783
2000,9,22,0.481169730424881,0,0.573881506945327,0,1.46494489054042
2000,9,23,1.74631142616272,0,1.62472196825365,0,1.82097631739819
2000,9,24,2.13868713378906,0,1.93788829386904,0,1.94570077010027
2000,9,25,0.891089498996735,0,1.05334532280358,0,1.80737003116157
2000,9,26,3.34542536735535,0,1.31677890901665,0,1.6577007744256
2000,9,27,3.89636659622192,0,3.34272456647341,0,1.8164409967858
2000,9,28,14.91712474823,0,6.74863241258026,0,1.95477162759135
2000,9,29,11.5624542236328,0,13.2372260662869,0,2.15886624554011
2000,9,30,0.591733455657959,0.295866650478274,5.78122862332566,0,1.63048820195236
2000,10,1,0.132912799715996,0.363184530237049,0,0,1.41732283464567
2000,10,2,0.193437322974205,0.160734825698455,0,0,1.26538580947035
2000,10,3,0.0240356419235468,0.109845103006592,0,0,1.21549609326941
2000,10,4,0.717413902282715,0.367042285255593,0,0,1.19055118110236
2000,10,5,13.0872611999512,0.358706992692532,6.54362984202817,1.65953354772682,1.20869289608452
2000,10,6,17.51100730896,0,16.0566201349666,0,1.36743311844473
2000,10,7,12.622917175293,0,13.8644024613932,0,1.46721255084661
2000,10,8,15.6496829986572,0,14.1592693486909,0,1.36516535000538
2000,10,9,7.33016729354858,0,13.7641970813602,0,1.21322832483006
2000,10,10,8.27344036102295,0,8.27066291683514,0,1.14292912520762
2000,10,11,9.76398468017578,0,8.46111537362231,0,1.10664569524329
2000,10,12,23.2686424255371,0,12.8096423759653,0,1.27672443540078
2000,10,13,13.595606803894,0,20.0414389398975,0,1.70305517001415
2000,10,14,15.6392984390259,0,14.1704289942827,0,1.39011026217243
2000,10,15,10.2174434661865,0,12.7231500153357,0,1.22910237950603
2000,10,16,2.8956470489502,0,7.6188605642219,0,1.129322838971
2000,10,17,1.37133717536926,0,2.77479717873212,0,1.00686615470826
2000,10,18,0.29706859588623,0.148531190319773,0.856216763893826,0,0.986456671286756
2000,10,19,0.645931363105774,0.361021031019845,0.110970714742507,0,0.952440901628629
2000,10,20,3.31107664108276,0.212307069617964,1.76619613044386,0.943488499791783,0.900283471054918
2000,10,21,3.39745020866394,1.69872704355294,1.65553643062776,0,0.920692900409849
2000,10,22,8.0190544128418,1.69872478599427,4.00952795781086,3.26412832634742,0.884409470445528
2000,10,23,8.82828044891357,-1.81898940354586e-12,8.42366550682164,0.133323876025315,0.852661415160172
2000,10,24,2.7032687664032,1.81898940354586e-12,7.63993408972419,1.81898940354586e-12,0.814110216756505
2000,10,25,0.0699114426970482,0.0210046664797119,1.69807694566043,0,0.777826786792184
2000,10,26,0.345505833625793,0.193998631220893,0.0139267705144448,0,0.764220446488989
2000,10,27,0.382263839244843,0.362234079289919,0,0,0.734740159642978
2000,10,28,1.74190735816956,1.0637005241224,0,0,0.757417303370679
2000,10,29,0.449599713087082,1.08795220160937,0,0,0.755149588997909
2000,10,30,4.51008749008179,2.4736042858458,0,0,0.591873991958738
2000,10,31,3.88494992256165,4.20828757464187,0,0,0.605480332261934
2000,11,1,0.174653962254524,2.06932201483687,0,0,0.655370102529451
2000,11,2,8.51268577575684,4.33581471430807,0,0,0.687118103748231
2000,11,3,6.92701959609985,7.64669243164099,0,1.81898940354586e-12,0.671244103138841
2000,11,4,0.305537670850754,3.7143913109212,0,-1.81898940354586e-12,0.657637816902221
2000,11,5,0.699128806591034,0.486372066665354,0,0,0.648566905344565
2000,11,6,4.09400844573975,2.41657180595394,0,0,0.637228333480715
2000,11,7,2.15378093719482,3.02478692551631,0,0,0.614551189753014
2000,11,8,0.481901466846466,1.40515298166247,1.81898940354586e-12,1.81898940354586e-12,0.607748046634704
2000,11,9,0.0367824323475361,0.160230948091339,-1.81898940354586e-12,-1.81898940354586e-12,0.598677189143624
2000,11,10,1.58158540725708,0.787271078024787,0,0,0.591873991958738
2000,11,11,6.83296775817871,2.5148614104437,1.69241384421366,0,0.587338563213198
2000,11,12,5.78700160980225,4.62160755969308,1.68657147459817,0,0.578267705722118
2000,11,13,2.01237964630127,3.9815698817456,0,0,0.562393705112728
2000,11,14,1.37273132801056,1.86412271736299,0,0,0.553322847621647
2000,11,15,3.73748111724854,2.3934651649779,0,0,0.544251990130567
2000,11,16,5.95871591567993,4.88821925640332,0,0,0.528377935454602
2000,11,17,2.6651074886322,4.49941350368499,0,0,0.521574792336291
2000,11,18,0.176300808787346,1.63895623651842,0,0,0.512503934845211
2000,11,19,0.00385817210189998,0.110023301260298,0,0,0.503433077354131
2000,11,20,8.35860061645508,4.36422366331499,0,0,0.492094505490281
2000,11,21,14.5743312835693,5.87132504709552,5.59514071288504,0.534014302635114,0.48529136237197
2000,11,22,13.1456966400146,1.70990397953938,12.1576580758465,3.86355822623045,0.480755879559855
2000,11,23,2.6924421787262,1.35240324723964,6.542664283872,3.34397221161998,0.473952736441545
2000,11,24,1.42409014701843,2.10311423826897,0,0,0.464881878950464
2000,11,25,10.1407976150513,5.7823973103732,0,1.81898940354586e-12,0.455811021459384
2000,11,26,6.66334342956543,8.39895373967192,0,-1.81898940354586e-12,0.449007878341074
2000,11,27,1.03736889362335,4.17964286505594,0,0,0.437669279443936
2000,11,28,0.0978678017854691,0.582185057610332,0,0,0.433133850698396
2000,11,29,0.0195819586515427,0.0739001729198208,0,0,0.428598421952856
2000,11,30,8.68455123901367,4.43515285607282,-1.81898940354586e-12,0,0.424062993207316
2000,12,1,10.3739070892334,9.03897925692399,1.81898940354586e-12,0,0.417259850089006
2000,12,2,4.62142467498779,7.97909590240852,0,0,0.410456679937408
2000,12,3,0.890553116798401,3.19801440579431,0,0,0.403653536819098
2000,12,4,12.2995843887329,6.3862241151237,0,0,0.399118108073557
2000,12,5,12.98193359375,12.7575414745115,0,0,0.394582679328017
2000,12,6,3.51746511459351,8.73564649743094,0,0,0.390047250582477
2000,12,7,0.994448661804199,2.91647596690927,0,0,0.385511821836937
2000,12,8,0.358135014772415,0.765465001017219,0,0,0.383244107464167
2000,12,9,1.02060449123383,0.506607598093979,0,0,0.378708651685339
2000,12,10,0.896018207073212,0.911934618410669,0,0,0.376440937312569
2000,12,11,0.716560542583466,0.836142608177397,0,0,0.374173222939799
2000,12,12,0.124340407550335,0.640500076964599,0,0,0.369637794194259
2000,12,13,0.1624835729599,0.208297698036404,0,0,0.365102365448719
2000,12,14,0.141823947429657,0.138373033949392,0,0,0.360566936703179
2000,12,15,0.0254267081618309,0.0890658473072108,-1.81898940354586e-12,0,0.358299222330409
2000,12,16,0.580023527145386,0.486630189690914,1.81898940354586e-12,0,0.353763766551581
2000,12,17,13.0620250701904,6.5394829889101,0,0,0.351496052178811
2000,12,18,14.1596193313599,13.7649067963957,0,0,0.346960623433271
2000,12,19,2.09135413169861,8.74585251995086,0,1.81898940354586e-12,0.344692909060501
2000,12,20,0.099346436560154,0.823827409780279,0,-1.81898940354586e-12,0.342425194687731
2000,12,21,0.488967210054398,0.307704856993951,1.81898940354586e-12,0,0.340157480314961
2000,12,22,0.0438936837017536,0.348925875890927,-1.81898940354586e-12,0,0.337889765942191
2000,12,23,0.70830762386322,0.158343439226883,0,0,0.335622051569421
2000,12,24,3.62860345840454,1.99226101720524,0,0,0.33335433719665
2000,12,25,14.076922416687,9.56796406864669,0,0,0.33108662282388
2000,12,26,6.17208576202393,10.3935043882575,0,0,0.32881890845111
2000,12,27,1.21090686321259,4.60967050406543,0,0,0.32655119407834
2000,12,28,2.3862202167511,2.03878621126387,0,0,0.324283452672283
2000,12,29,3.92521595954895,3.39570803457355,0,0,0.322015738299513
2000,12,30,4.92099666595459,4.39413429686829,0,0,0.319748023926742
2000,12,31,6.44079351425171,5.37165548131452,0,0,0.317480309553972
2001,1,1,10.5125379562378,7.68073371097307,0,0,0.317480309553972
2001,1,2,18.4564590454102,13.7552867360737,0,0,0.315212595181202
2001,1,3,14.9340600967407,17.3563824096782,0,0,0.312944880808432
2001,1,4,13.2521371841431,14.3529819945452,0,0,0.310677166435662
2001,1,5,0.590124309062958,6.46376194355253,0,0,0.308409452062892
2001,1,6,1.05473494529724,0.834022747301788,0,0,0.306141737690122
2001,1,7,4.5676326751709,0.527367416249035,2.28381658183753,2.99234377338144,0.306141737690122
2001,1,8,1.13608801364899,0.567539697103712,2.28584391075674,2.99500005721529,0.301606308944582
2001,1,9,3.12165260314941,2.1283561281125,0,0,0.299338594571812
2001,1,10,0.98678058385849,2.35288615999343,0,0,0.297070853165754
2001,1,11,0.012033972889185,0.806175733730925,0,0,0.294803138792984
2001,1,12,3.01787710189819,1.66861085243727,0,0,0.292535424420214
2001,1,13,0.50279837846756,1.3213829050419,0,0,0.290267710047444
2001,1,14,0.38722836971283,0.445797661885081,0,0,0.287999995674674
2001,1,15,3.78011035919189,0.193617028366134,1.89005357756469,2.62090732657271,0.285732281301904
2001,1,16,0.754546999931335,0.376972879797904,1.89156121885935,2.62299794885075,0.283464566929134
2001,1,17,12.9325103759766,6.29008768640233,0,0,0.281196852556364
2001,1,18,6.1361346244812,10.8048322781706,0,0,0.278929138183594
2001,1,19,1.12293136119843,2.41744191634643,0,0,0.276661423810824
2001,1,20,2.475257396698,2.18908267174993,0,0,0.274393709438054
2001,1,21,1.07694888114929,1.55403219478285,0,0,0.272125995065284
2001,1,22,7.23395586013794,5.69523895260863,0,0,0.272125995065284
2001,1,23,8.22059440612793,8.06547010019858,0,0,0.269858280692514
2001,1,24,0.299205362796783,4.89021358707578,0,0,0.269858280692514
2001,1,25,0,0.107577701748596,0,0,0.267590539286456
2001,1,26,2.75228238105774,1.81885128229806,0,0,0.265322824913686
2001,1,27,3.03822731971741,2.8885897283435,0,0,0.265322824913686
2001,1,28,3.44030380249023,3.12209444016844,0,0,0.263055110540916
2001,1,29,0.896400630474091,2.15605843485537,-1.81898940354586e-12,0,0.263055110540916
2001,1,30,5.08472299575806,3.81971096051529,1.81898940354586e-12,0,0.260787396168146
2001,1,31,11.3472957611084,7.37254669311369,-1.81898940354586e-12,-1.81898940354586e-12,0.258519681795376
2001,2,1,6.90692615509033,8.40794865345742,1.81898940354586e-12,1.81898940354586e-12,0.258519681795376
2001,2,2,4.3785080909729,5.28120710309486,0,0,0.256251967422605
2001,2,3,0.0531021505594254,1.83600594857307,0,0,0.256251967422605
2001,2,4,0.611729562282562,0.372541830853152,0,0,0.253984253049835
2001,2,5,0.170534878969193,0.468522507333546,0,0,0.251716538677065
2001,2,6,1.90659093856812,0.407784641487524,0,0,0.251716538677065
2001,2,7,1.01898860931396,1.3341186425987,0,0,0.251716538677065
2001,2,8,0.187872707843781,0.704046340879359,0,0,0.249448824304295
2001,2,9,0.293397605419159,0.216176989655651,0,0,0.249448824304295
2001,2,10,0.0129050398245454,0.177093430773311,0,0,0.247181109931525
2001,2,11,0.0889729782938957,0.0737173261604767,0,0,0.247181109931525
2001,2,12,6.7485032081604,3.48721176662548,0,0,0.244913395558755
2001,2,13,4.99402046203613,5.60803023793233,0,0,0.244913395558755
2001,2,14,1.29130208492279,3.06841865780552,0,0,0.242645681185985
2001,2,15,0.000643650710117072,0.769294208110296,0,0,0.242645681185985
2001,2,16,0.0203896574676037,0.0119600377638562,0,0,0.240377939779927
2001,2,17,0.00130290957167745,0.0129974576520908,0,0,0.240377939779927
2001,2,18,0.000159963732585311,0.000755335720896255,0,0,0.238110225407157
2001,2,19,0.0193161908537149,0.00940622560483462,0,0,0.238110225407157
2001,2,20,0.0293943919241428,0.0243142806666583,0,0,0.238110225407157
2001,2,21,0.584386348724365,0.310805547942437,-1.81898940354586e-12,0,0.235842511034387
2001,2,22,0,0.154457003678544,1.81898940354586e-12,0,0.235842511034387
2001,2,23,0.429583936929703,0.0991085156365443,0,0,0.235842511034387
2001,2,24,0.00060456624487415,0.180219101923285,0,0,0.233574796661617
2001,2,25,4.13842344284058,1.61208674784393,0,0,0.233574796661617
2001,2,26,14.6163892745972,10.702744995282,0,0,0.233574796661617
2001,2,27,27.6829643249512,7.3081948594172,13.8414817417961,1.61961446342139,0.233574796661617
2001,2,28,5.4568395614624,2.74499654775536,13.7573869559255,1.60977439470116,0.231307082288847
2001,3,1,0.979772627353668,3.22332052601632,0,0,0.231307082288847
2001,3,2,0.251822203397751,0.863056623389639,0,0,0.231307082288847
2001,3,3,0.0309829451143742,0.223842956798762,0,0,0.229039367916077
2001,3,4,0.0936294049024582,0.0412942211405607,0,0,0.229039367916077
2001,3,5,0.425170123577118,0.178803296104888,0,0,0.229039367916077
2001,3,6,7.51831245422363,5.49594585703926,0,0,0.229039367916077
2001,3,7,7.18448543548584,7.29255886910141,0,0,0.226771653543307
2001,3,8,0.264163345098496,3.21361481669919,0,0,0.226771653543307
2001,3,9,0.7737757563591,0.605418264174659,0,0,0.226771653543307
2001,3,10,0.262165278196335,0.410467847263135,0.107502962933722,0.675779720218998,0.226544884809359
2001,3,11,2.81364989280701,0.340894803395713,1.1896816932931,1.22524498751045,0.226544884809359
2001,3,12,3.740483045578,2.18211940783294,1.09281551530148,0.551258396448247,0.226544884809359
2001,3,13,0.387621432542801,2.06357212015064,0,0,0.226544884809359
2001,3,14,0.0182418543845415,0.334141098564942,0,0,0.226318116075411
2001,3,15,1.08309555053711,0.452763700357536,0,0,0.226318116075411
2001,3,16,0.0210463926196098,0.772330041216264,0,0,0.226318116075411
2001,3,17,0.0414459928870201,0.0532805857037602,0,0,0.226318116075411
2001,3,18,0.0975230261683464,0.0488261752361723,0,0,0.226318116075411
2001,3,19,0.0970568656921387,0.0943997472113551,0,0,0.226318116075411
2001,3,20,0.0533089935779572,0.086327182902096,0,0,0.226318116075411
2001,3,21,0,0.0421638029274618,0,0,0.226318116075411
2001,3,22,0.000983507023192942,0.00262377196850139,0,0,0.226318116075411
2001,3,23,0.000382955040549859,0.000791981059592217,0,0,0.226318116075411
2001,3,24,1.09903001785278,0.270389080918903,0,0,0.226318116075411
2001,3,25,1.96906065940857,1.43491443344465,0,0,0.226318116075411
2001,3,26,2.50522780418396,2.41343206500096,0,0,0.226318116075411
2001,3,27,3.1680862903595,2.88742426576027,0,0,0.226318116075411
2001,3,28,0.954600989818573,1.40241605222218,0,0,0.226318116075411
2001,3,29,0.0498913824558258,0.801322914461707,0,0,0.226318116075411
2001,3,30,2.75961923599243,1.37356963835919,0,0,0.226318116075411
2001,3,31,5.10778141021729,3.99092627010032,0,0,0.226318116075411
2001,4,1,0.201448574662209,3.17725756053733,0,0,0.226318116075411
2001,4,2,0.0478435792028904,0.158239642043554,0,0,0.226318116075411
2001,4,3,2.75100827217102,1.56950187091388,0,0,0.226318116075411
2001,4,4,1.73484337329865,2.23592402058785,0,0,0.226318116075411
2001,4,5,1.1133553981781,1.55119476563959,0,0,0.226544884809359
2001,4,6,0.0729491263628006,0.477169985799264,0,0,0.226544884809359
2001,4,7,6.08545951763517e-06,0.0349854333107942,0,0,0.226544884809359
2001,4,8,1.02483475208282,0.758949888338975,0,0,0.226544884809359
2001,4,9,0.722132802009583,0.882865197201681,0,0,0.226544884809359
2001,4,10,0,0.590688863330797,0,0,0.226544884809359
2001,4,11,0.486906498670578,0.285258667081507,0,0,0.226544884809359
2001,4,12,0.0986190065741539,0.243453321560082,0.0493094886587642,2.48544060050335,0.226544884809359
2001,4,13,0.232215330004692,0.113207835369394,0.0493559180649754,2.48778087085339,0.226771653543307
2001,4,14,0.0089128315448761,0.0880520940972929,1.81898940354586e-12,0,0.226771653543307
2001,4,15,0.35323703289032,0.106240868852183,-1.81898940354586e-12,0,0.226771653543307
2001,4,16,0,0.138695011033633,0,0,0.229039367916077
2001,4,17,0.72441828250885,0.199850357241303,0,0,0.229039367916077
2001,4,18,0.464233040809631,0.338248340127393,0.23211669725606,3.21242812721539,0.229039367916077
2001,4,19,0.467335909605026,0,0.465798345379881,8.01079403988842,0.229039367916077
2001,4,20,0.332152843475342,0,0.401472161605852,10.8986497370861,0.231307082288847
2001,4,21,0.127767831087112,0,0.234362013625287,10.0508593317318,0.231307082288847
2001,4,22,1.56761074066162,0,0.829431999069129,5.54595381053878,0.231307082288847
2001,4,23,1.96143710613251,0,1.76918351489439,7.82224690944167,0.233574796661617
2001,4,24,2.18463397026062,0,2.02250829100376,9.80548831216583,0.233574796661617
2001,4,25,0.378209859132767,-1.81898940354586e-12,0.930086779146222,8.28059800945812,0.233574796661617
2001,4,26,3.67765474319458,1.81898940354586e-12,2.03939365199949,9.56170157106135,0.235842511034387
2001,4,27,3.38134741783142,0,3.54162218221973,11.7250188325925,0.235842511034387
2001,4,28,0.0404495075345039,1.81898940354586e-12,1.77218490152154,12.5578353255096,0.235842511034387
2001,4,29,0.59270840883255,0.246907317021396,0.0561339882715402,6.13201083318199,0.235842511034387
2001,4,30,0.707447707653046,0.287051967807201,0.356968298619904,2.51884942850666,0.238110225407157
2001,5,1,0.855806112289429,0,0.85305436975068,9.56608966302701,0.238110225407157
2001,5,2,4.11563491821289,0,3.47115479297827,12.2118466517277,0.229039367916077
2001,5,3,1.09868454933167,0,2.82438645224465,15.2809770442127,0.231307082288847
2001,5,4,1.35980451107025,0,1.19989346580223,20.2269073520729,0.235842511034387
2001,5,5,0.49574226140976,0.0538867950654094,0.8451787120066,10.3953335494189,0.222689762265663
2001,5,6,2.37021040916443,0.0570571310381638,1.25912295104899,3.81546350490862,0.21180472786971
2001,5,7,5.39747428894043,0,4.09952958539179,10.7105795060979,0.217700782535583
2001,5,8,2.02141284942627,0,4.33921728950008,13.3138947215302,0.229039367916077
2001,5,9,0.710714042186737,0,1.38112572354839,13.9585711384334,0.235842511034387
2001,5,10,0.244272708892822,0,0.475122806765285,13.4284059281745,0.251716538677065
2001,5,11,0.0968910530209541,0,0.15370609216734,15.3407031110473,0.263055110540916
2001,5,12,0.177301615476608,0,0.127569729320385,20.3657169699763,0.301606308944582
2001,5,13,1.07130765914917,0,0.624301140724128,27.7395850347002,0.358299222330409
2001,5,14,2.45564770698547,0,1.76250294527563,33.4722137623576,0.433133850698396
2001,5,15,1.42584681510925,0,1.98314198615299,36.7010952021992,0.464881878950464
2001,5,16,0.503105461597443,0,0.969404499957818,32.7148922189663,0.498897648608591
2001,5,17,0.893563866615295,0,0.693225830696974,26.7638890189319,0.501165362981361
2001,5,18,0.0752078741788864,0,0.477440358137756,22.7957242931207,0.507968506099671
2001,5,19,1.54117929935455,0,0.806446557899108,23.7760767470427,0.492094505490281
2001,5,20,2.0617880821228,0,1.7999856682909,22.1036460616997,0.478488165187085
2001,5,21,1.12483096122742,0,1.59421780621778,22.896766062071,0.476220450814315
2001,5,22,9.50223731994629,0,5.28713398887157,27.7393970610265,0.498897648608591
2001,5,23,0.785883188247681,0,5.16047729431011,1.63513141079056,0.501165362981361
2001,5,24,0.529907166957855,0,0.658430621631851,0,0.471685022068775
2001,5,25,0.0811280757188797,0,0.275208835135345,0,0.458078735832154
2001,5,26,0.497641533613205,0,0.329255515911427,0,0.494362219863051
2001,5,27,6.72636318206787,0,3.6119995647623,0,0.644031476599025
2001,5,28,5.00591373443604,0,5.86328483856596,0,0.934299186646469
2001,5,29,4.1915807723999,0,4.60482894366942,0,1.52844089297798
2001,5,30,0.903595864772797,0,2.53790677483266,0,1.7960315133643
2001,5,31,5.46910619735718,0,3.15425996574959,0,1.73253540279358
2001,6,1,14.1514825820923,0,9.7971705509899,0,1.93662991260919
2001,6,2,11.8499488830566,0,13.0168690810642,0,5.12503945658526
2001,6,3,5.08774995803833,0,8.46736767438233,0,6.73511828324926
2001,6,4,0.00668990518897772,0,2.5346589386354,0,5.03433088167446
2001,6,5,1.98746347427368,0,0.992241939264204,0,3.83244085837537
2001,6,6,0.875383973121643,0,1.43484707066091,0,4.49007856714444
2001,6,7,0.0578634962439537,-1.81898940354586e-12,0.467463154322104,0,4.37669274037279
2001,6,8,0.0623296536505222,1.81898940354586e-12,0.0600823669028614,0,4.14992108682948
2001,6,9,0.807011902332306,0,0.434607497012621,0,4.92094505490281
2001,6,10,1.13798570632935,0,0.975580709697169,0,6.96188993679257
2001,6,11,0.882437765598297,-1.81898940354586e-12,1.01103870400402,-1.81898940354586e-12,7.959684693344
2001,6,12,0.34142878651619,1.81898940354586e-12,0.610411833922626,1.81898940354586e-12,8.54929151159572
2001,6,13,0.0806023105978966,0,0.212549224108443,0,7.05259851170337
2001,6,14,1.33781111240387,0,0.665937664225567,-1.81898940354586e-12,4.9662991260919
2001,6,15,5.53156089782715,0,3.82265156211179,3.63797880709171e-12,5.28377935454601
2001,6,16,4.45549821853638,0,4.99353306280864,-1.81898940354586e-12,6.55370070089505
2001,6,17,3.97572684288025,0,4.21450595424722,0,7.16598433847502
2001,6,18,0.504933714866638,0,2.21480886932113,0,6.3042517954909
2001,6,19,0.657781600952148,0,0.562220234554843,0,5.26110253521777
2001,6,20,1.00759899616241,0,0.724628448408112,0,4.51275581900529
2001,6,21,0.597440183162689,0,0.903725903162922,0,4.49007856714444
2001,6,22,3.27686333656311,0,1.31331958487135,0,3.90047261395792
2001,6,23,3.06955432891846,0,3.03126549879016,0,4.98897637795276
2001,6,24,0.260668039321899,0,0.939524438912485,0,3.92314943328617
2001,6,25,0.336755514144897,0,0.509264047361285,0,2.83464566929134
2001,6,26,3.70263409614563,0,2.95927810887042,0,2.63055126760888
2001,6,27,0.677437543869019,0,2.83639106405644,0,2.67590555506428
2001,6,28,2.21193027496338,0,1.64066921431549,0,2.94803149606299
2001,6,29,6.8421802520752,0,3.22620011434992,0,3.2655117245171
2001,6,30,2.43784523010254,0,4.63046656164443,0,2.99338578351839
2001,7,1,6.70362710952759,0,3.36350184424919,0,3.69637777974286
2001,7,2,6.63106679916382,0,6.33967999983543,0,3.67370096041462
2001,7,3,2.93884491920471,0,4.08146326802671,0,5.28377935454601
2001,7,4,0.379869014024735,0,2.06403840706116,0,3.85511811023622
2001,7,5,0.950581252574921,0,0.74207244538411,0,2.85732292115219
2001,7,6,4.03735542297363,0,1.54674556705504,0,2.51716544083723
2001,7,7,3.2105073928833,0,3.45705667444963,0,2.22463001641702
2001,7,8,1.67240679264069,0,2.05151535367986,1.81898940354586e-12,1.99332282599502
2001,7,9,4.37490177154541,0,2.20089345412453,-1.81898940354586e-12,1.91395266074834
2001,7,10,1.41273200511932,0,3.01825411099344,-1.81898940354586e-12,1.97518111101286
2001,7,11,0.132270202040672,0,1.22538525449818,1.81898940354586e-12,1.77788979838214
2001,7,12,1.64818036556244,0,0.652544187381864,0,1.6781102578471
2001,7,13,1.25886619091034,0,1.42228987256749,0,1.6803779181533
2001,7,14,1.50659680366516,0,1.41637078848726,0,1.70759059875969
2001,7,15,0.900129854679108,0,1.12290542414848,1.81898940354586e-12,1.71892911655696
2001,7,16,2.11213135719299,0,1.92781156480487,-1.81898940354586e-12,1.78015745868833
2001,7,17,2.71326994895935,0,2.36532574580451,0,2.17247242364358
2001,7,18,0.113983757793903,0,0.51783714519479,0,2.18154328113466
2001,7,19,0.0948605984449387,0,0.10661260607958,0,1.96837802196112
2001,7,20,0.00875610113143921,0,0.0520935769472999,0,1.97291334257351
2001,7,21,0.0484585650265217,0,0.0530298707890324,0,2.08403140090582
2001,7,22,2.32712960243225,1.81898940354586e-12,1.58555535155574,1.81898940354586e-12,2.10670865276667
2001,7,23,3.51248383522034,-1.81898940354586e-12,3.28442041435119,-1.81898940354586e-12,1.8617952842412
2001,7,24,2.8218674659729,0,3.39900743769249,0,1.55565357358437
2001,7,25,2.53306365013123,0,2.83729754398701,0,1.41732283464567
2001,7,26,5.1076397895813,0,2.98239378804283,0,1.50122832050474
2001,7,27,1.98790621757507,0,4.10647927438367,0,1.6803779181533
2001,7,28,0.808338761329651,1.81898940354586e-12,1.28689311328344,1.81898940354586e-12,1.60554328978531
2001,7,29,0.286242574453354,-1.81898940354586e-12,0.403807053135097,-1.81898940354586e-12,1.41278740590013
2001,7,30,0.247487977147102,0,0.269951158932599,0,1.28125986414632
2001,7,31,0.486694604158402,0,0.518365355446804,0,1.18148032361128
2001,8,1,1.89738130569458,0,1.50106873344157,0,1.18148032361128
2001,8,2,0.439671009778976,0,0.710285360501075,0,1.1746771264264
2001,8,3,1.52162539958954,0,0.685126875383503,0,1.11798421304057
2001,8,4,4.86686038970947,0,2.78869051174843,1.81898940354586e-12,1.07489758589136
2001,8,5,2.82315802574158,0,4.52286300670494,-1.81898940354586e-12,1.03861415592704
2001,8,6,0.816735148429871,0,2.16290957180718,0,1.02047244094488
2001,8,7,0.370960265398026,0,0.671226241376644,0,0.997795297217181
2001,8,8,0,0,0.176002084066567,0,0.950173241322435
2001,8,9,0,0,0,0,0.895748042309378
2001,8,10,0,0,1.31691485876217e-05,0,0.843590557669091
2001,8,11,0.000318816630169749,0,0.00755194008161197,0,0.814110216756505
2001,8,12,0.17738763988018,0,0.12686270717677,0,0.997795297217181
2001,8,13,0.0425336621701717,0,0.0748110551976424,0,0.929763757900929
2001,8,14,0.000182892559678294,0,0.00885905176983215,0,0.873070844515102
2001,8,15,1.75229718024639e-06,0,3.47970562870614e-05,0,0.845858272041862
2001,8,16,0,0,0.0665749854179012,0,0.798236216147115
2001,8,17,0.854581713676453,0,0.698039452257945,0,0.757417303370679
2001,8,18,0.447780311107636,0,0.752916957024354,0,0.748346445879598
2001,8,19,0,0,0.328499491204639,0,0.739275588388518
2001,8,20,0.051621749997139,0,0.023775310277415,0,0.737007874015748
2001,8,21,1.61139297485352,0,0.667143050146478,0,0.716598444660818
2001,8,22,2.77271223068237,0,2.36242552171098,0,0.716598444660818
2001,8,23,3.1058714389801,0,2.86572122739562,0,0.761952732116219
2001,8,24,1.01762056350708,0,2.13085868045164,0,0.873070844515102
2001,8,25,4.61372804641724,0,1.81548109505275,0,0.873070844515102
2001,8,26,6.15775918960571,0,5.25110576092084,0,0.859464558278482
2001,8,27,3.78046631813049,0,5.21410401820685,0,0.920692900409849
2001,8,28,1.19383025169373,0,3.44314550478157,0,0.870803130142332
2001,8,29,2.02282857894897,0,1.81683550803791,0,0.827716557059701
2001,8,30,4.16866207122803,0,2.52219152382168,0,0.820913359874816
2001,8,31,1.75192821025848,0,2.67550274083624,0,0.932031526340274
2001,9,1,3.02343702316284,0,2.54593487910825,0,0.959244098813515
2001,9,2,0.0237504579126835,0,1.93155972845489,0,0.902551185427688
2001,9,3,1.43822526931763,0,0.357842069339313,0,0.834519700178011
2001,9,4,3.20056939125061,0,2.3181568705586,0,0.834519700178011
2001,9,5,2.41204810142517,0,2.82215687718235,0,0.802771644892655
2001,9,6,6.91503381729126,0,3.14170738640678,0,0.789165358656035
2001,9,7,13.9373798370361,0,9.74771733646958,-1.81898940354586e-12,0.936566955085814
2001,9,8,7.30775499343872,0,9.4832276592515,1.81898940354586e-12,1.55338580514502
2001,9,9,0.812932252883911,0,3.42333741154471,0,1.34475586658388
2001,9,10,0,0,0.41063033815044,0,1.1746771264264
2001,9,11,1.4747519493103,0,0.40409950126741,0,1.07943312277005
2001,9,12,20.8864574432373,-1.81898940354586e-12,8.53711748208661,-1.81898940354586e-12,1.01820467250554
2001,9,13,26.0204677581787,1.81898940354586e-12,22.9161714267666,1.81898940354586e-12,2.56251972829263
2001,9,14,9.06429290771484,0,19.9290219401337,0,3.90047261395792
2001,9,15,2.63933730125427,0,5.09431324024081,0,3.1294488621509
2001,9,16,3.03153252601624,0,2.83546737166034,0,2.42645664966013
2001,9,17,10.0232820510864,0,7.93454167700475,0,2.69858259065883
2001,9,18,4.71153068542481,0,6.68440484991515,0,2.78929138183594
2001,9,19,0.552515208721161,0,3.12690980247316,0,2.31307082288847
2001,9,20,0.0200256984680891,0,0.472246248946249,0,2.00919677253783
2001,9,21,8.45970821380615,0,2.94379113043578,0,1.80283460241603
2001,9,22,3.37958168983459,0,6.93915943636603,0,1.73933859997847
2001,9,23,3.47561311721802,0,3.52445299271494,0,1.5851338063638
2001,9,24,10.3129453659058,0,6.10230973153193,0,1.48762203426812
2001,9,25,9.66084575653076,0,10.0129712983689,0,1.41732283464567
2001,9,26,2.99920558929443,0,4.87217060709372,0,1.34702363502322
2001,9,27,1.43644213676453,0,2.06588564322192,0,1.2903307216374
2001,9,28,0.0580709874629974,0,1.00575935543202,0,1.23137003981222
2001,9,29,1.50502610206604,0,0.308171683322144,0,1.18148032361128
2001,9,30,0,0,0.69850463311559,0,1.15426775113804
2001,10,1,2.79386806488037,0,1.1926832080826,0,1.11344878429503
2001,10,2,0.181504443287849,0,2.17258547038182,0,1.07716535433071
2001,10,3,0,0,0.205367666720122,0,1.05222044216366
2001,10,4,0.480245471000671,0,0.205700137294116,0,1.09757483775221
2001,10,5,2.89833903312683,0,1.00376835803945,0,1.17694489486574
2001,10,6,0.759551525115967,0,1.60497857236805,0,1.09530706931287
2001,10,7,1.09935235977173,0,0.918925748885158,0,1.02047244094488
2001,10,8,1.87926125526428,0,1.26247371019781,0,1.00006295752338
2001,10,9,0.908712387084961,0,1.34986377599125,0,0.938834615392009
2001,10,10,0.524582982063294,0,0.781211391333272,0,0.909354382612574
2001,10,11,5.47925758361816,0,3.84081733308631,0,0.868535415769562
2001,10,12,8.15640068054199,0,7.31845303589944,0,0.902551185427688
2001,10,13,2.85285782814026,0,5.77927985634051,0,0.814110216756505
2001,10,14,1.43018186092377,0.715088102497248,1.43394011331839,0,0.845858272041862
2001,10,15,13.8967037200928,7.66232229420893,0,0,0.877606273260642
2001,10,16,2.3140766620636,8.07839183910801,0,0,0.759685017743449
2001,10,17,4.86657619476318,3.5356521139729,0,0,1.00913381501446
2001,10,18,6.14084720611572,2.43328706171269,3.07042490985987,4.76595391532464,0.823181128314161
2001,10,19,3.76026320457459,0,4.95204682072472,6.65990421974129,0.811842502383735
2001,10,20,2.93614149093628,1.4634577771194,1.88603934727144,1.8962886178324,0.771023643673874
2001,10,21,6.17723608016968,4.47482598287024,0,0,0.757417303370679
2001,10,22,0.593236267566681,3.48213681700327,0,0,0.743811017134058
2001,10,23,12.1173534393311,6.27440816498893,0,0,0.732472445270208
2001,10,24,3.89619827270508,8.14618717201483,0,0,0.655370102529451
2001,10,25,1.99104487895966,2.82103803283644,0,1.81898940354586e-12,0.646299190971795
2001,10,26,4.27307176589966,3.16778038097982,0,-1.81898940354586e-12,0.639496047853485
2001,10,27,2.14408254623413,3.24089247682605,0,0,0.632692904735175
2001,10,28,25.1703701019287,13.6405136214798,0,0,0.628157475989635
2001,10,29,5.81431770324707,15.7752872469246,0,0,0.623622047244095
2001,10,30,0.836773455142975,3.60825616958209,0,0,0.619086618498554
2001,10,31,6.20250034332275,3.20333242999004,0,0,0.614551189753014
2001,11,1,3.98591995239258,5.12905498265718,0,0,0.610015761007474
2001,11,2,13.1211557388306,8.20859250409194,0,0,0.605480332261934
2001,11,3,5.75839138031006,9.34983800777081,0,0,0.600944903516394
2001,11,4,5.07496118545532,5.30021447022409,0,0,0.596409474770854
2001,11,5,0.007915991358459,2.16304598554416,0,1.81898940354586e-12,0.591873991958738
2001,11,6,1.07340550422668,0.703463456073223,0,-1.81898940354586e-12,0.585070848840428
2001,11,7,6.7634596824646,3.77114138690922,0,0,0.580535420094888
2001,11,8,6.34310817718506,6.53967759809711,0,0,0.575999991349348
2001,11,9,11.360692024231,8.66538926473731,0,0,0.571464562603808
2001,11,10,4.703293800354,7.87659711274318,0,0,0.566929133858268
2001,11,11,4.88524627685547,4.80682075342156,0,0,0.560125990739958
2001,11,12,0.401165068149567,3.18167406046268,0,-1.81898940354586e-12,0.553322847621647
2001,11,13,6.19451713562012,3.48714269646371,0,1.81898940354586e-12,0.546519704503337
2001,11,14,11.7592668533325,9.03691046158019,0,0,0.539716561385027
2001,11,15,7.39290237426758,9.97232962237285,1.81898940354586e-12,0,0.532913364200141
2001,11,16,1.90252614021301,5.06964290650103,-1.81898940354586e-12,0,0.523842506709061
2001,11,17,0.0362769477069378,1.28732538341501,0,0,0.514771649217981
2001,11,18,0.505188643932343,0.192079016951539,0,0,0.505700791726901
2001,11,19,1.13217413425446,0.607549091448163,0,0,0.496629934235821
2001,11,20,1.02197468280792,1.02616920367291,0,0,0.48755907674474
2001,11,21,2.32786774635315,1.37131199099349,0,0,0.478488165187085
2001,11,22,0.186741754412651,1.84655073569775,0,0,0.469417307696005
2001,11,23,1.07818031311035,0.444358988845124,0,0,0.460346450204924
2001,11,24,0.303080320358276,0.572988509071365,0,0,0.451275592713844
2001,11,25,0.0707883313298225,0.157684557287212,0,1.81898940354586e-12,0.442204735222764
2001,11,26,0.107746884226799,0.0843817684399255,0,-1.81898940354586e-12,0.430866136325626
2001,11,27,0.0621503330767155,0.0819104006495763,-1.81898940354586e-12,-1.81898940354586e-12,0.419527564461776
2001,11,28,0.0907898396253586,0.103921506870392,1.81898940354586e-12,1.81898940354586e-12,0.408188965564638
2001,11,29,0.382220357656479,0.32300100215798,0,0,0.396850393700787
2001,11,30,0.00162238045595586,0.304355080899768,0,0,0.385511821836937
2001,12,1,0.0983808562159538,0.0769163489949278,0,0,0.374173222939799
2001,12,2,0.432458639144897,0.182029728846828,0,0,0.365102365448719
2001,12,3,0.103845000267029,0.225913712843976,0,0,0.356031507957639
2001,12,4,2.32896280288696,1.56034511827238,0,0,0.346960623433271
2001,12,5,1.35046899318695,1.67931302599936,0,0,0.335622051569421
2001,12,6,14.1360988616943,7.49405184612078,0,0,0.32655119407834
2001,12,7,16.0654258728027,15.483894765428,0,1.81898940354586e-12,0.317480309553972
2001,12,8,8.1595983505249,12.5048231751989,0,-1.81898940354586e-12,0.308409452062892
2001,12,9,4.25826072692871,5.61805220891074,0,0,0.299338594571812
2001,12,10,2.31146740913391,2.76722741478261,0,0,0.290267710047444
2001,12,11,2.26263523101807,2.2809060340187,0,0,0.281196852556364
2001,12,12,0.570020794868469,1.9305913195858,0,0,0.274393709438054
2001,12,13,3.49277710914612,2.20463277843919,0,0,0.267590539286456
2001,12,14,1.74520576000214,2.36373544810522,0,0,0.260787396168146
2001,12,15,1.05177915096283,1.42657426425649,0,0,0.253984253049835
2001,12,16,0.540911793708801,0.90844260616359,0,0,0.247181109931525
2001,12,17,0.338528424501419,0.52955321191439,0,0,0.240377939779927
2001,12,18,0.140706643462181,0.291045884956475,0,0,0.235842511034387
2001,12,19,5.48631048202515,2.28866854947773,0,0,0.231307082288847
2001,12,20,4.12812805175781,4.42476773485396,0,0,0.226771653543307
2001,12,21,0.301413595676422,2.96537864775746,0,0,0.222236224797767
2001,12,22,3.71196246147156,2.51300220753365,0,0,0.217700782535583
2001,12,23,38.4072189331055,21.7034157646413,0,0,0.213165353790043
2001,12,24,19.9101619720459,30.0367427310484,0,0,0.208629925044503
2001,12,25,2.84650659561157,9.95508500653523,1.4232527229924,1.43594509510876,0.204094482782319
2001,12,26,1.04365456104279,0.52251140905355,1.42138737736059,1.43406311458239,0.199559054036779
2001,12,27,1.22398197650909,1.11795746515418,1.81898940354586e-12,1.81898940354586e-12,0.197291339664009
2001,12,28,2.63858771324158,1.43175841600532,0,0,0.195023625291239
2001,12,29,0.272915333509445,1.44252162813427,0,0,0.192755910918469
2001,12,30,0,0.122728846125028,0,0,0.190488183029055
2001,12,31,0.461993277072907,0.123984133259,0,0,0.188220468656285
2002,1,1,1.09240448474884,0.823403510759817,0,0,0.186633074002003
2002,1,2,0.00105518638156354,0.522553711613,0,0,0.185045665831078
2002,1,3,0.751985788345337,0.255000189064958,0,0,0.183458271176796
2002,1,4,1.10077893733978,0.802531875811837,0,0,0.181870863005871
2002,1,5,6.62218475341797,3.56428152653098,0,0,0.180283468351589
2002,1,6,11.4999713897705,7.99380169487085,0,0,0.178696060180664
2002,1,7,6.96684885025024,5.74998834938924,3.48342281696569,2.16104492842533,0.177108665526383
2002,1,8,0.33562970161438,0.1640184123371,3.50670962983531,2.17374830191875,0.175521257355457
2002,1,9,5.86543464660645,0.165172622864702,2.93226885326112,1.91391935303363,0.173933862701176
2002,1,10,10.3125114440918,5.13287697893065,2.94601442269959,1.92474871394734,0.17234645453025
2002,1,11,3.99541425704956,7.05848854302167,0,0,0.170759059875969
2002,1,12,3.64830636978149,3.82028362801975,-1.81898940354586e-12,0,0.169171651705044
2002,1,13,0.174609959125519,1.5899139669491,1.81898940354586e-12,0,0.167584257050762
2002,1,14,0.867623925209045,0.51070023750799,0,0,0.165996848879837
2002,1,15,0.613318800926209,0.797396235428096,0,0,0.164409454225555
2002,1,16,0.491097182035446,0.55197175849753,0,0,0.16282204605463
2002,1,17,0.691667377948761,0.523448461481166,0,0,0.161234651400348
2002,1,18,1.15074801445007,0.849132193545302,0,-1.81898940354586e-12,0.159874011963371
2002,1,19,4.11517143249512,1.80294246892117,0,1.81898940354586e-12,0.158513386043038
2002,1,20,1.48013401031494,2.45034960657904,0,0,0.157152760122705
2002,1,21,0.0121577735990286,0.567656335240827,0,0,0.155792120685728
2002,1,22,1.40791606903076,0.615811430718168,0,0,0.154204726031446
2002,1,23,4.43982267379761,2.21245120401181,0,0,0.153297637579009
2002,1,24,1.62828958034515,3.9343998551285,0,0,0.152390549126572
2002,1,25,0.160542026162148,1.30756737989395,0,0,0.151710242924728
2002,1,26,0.00397187937051058,0.0937066474380117,0,0,0.150803154472291
2002,1,27,0.142259865999222,0.0224563978954393,0,0,0.149669297285906
2002,1,28,0.0369397923350334,0.105133117940568,-1.81898940354586e-12,0,0.148535426582877
2002,1,29,2.42994117736816,1.55890722262666,3.63797880709171e-12,0,0.147855120381032
2002,1,30,3.86646747589111,2.87586539545191,-1.81898940354586e-12,0,0.146948031928596
2002,1,31,3.96646356582642,3.85144766958911,0,0,0.146267712210107
2002,2,1,3.52813196182251,3.80487569980141,0,0,0.14536062375767
2002,2,2,0.0407786779105663,2.95638537033119,0,0,0.144453548821877
2002,2,3,6.02959585189819,3.57879952062649,0,0,0.143546460369441
2002,2,4,4.04831457138062,4.62821960849215,0,0,0.142639371917004
2002,2,5,0.7867072224617,2.30951920929147,0,0,0.141732283464567
2002,2,6,0.0893696993589401,0.544376369231031,0,0,0.141051963746078
2002,2,7,0.0275777895003557,0.088510355561084,0,0,0.140371657544234
2002,2,8,0.212775141000748,0.0873087783365918,0,0,0.139691337825745
2002,2,9,14.311484336853,6.11923464147185,0,0,0.139011018107257
2002,2,10,9.23702812194824,11.9467198990751,0,0,0.138330711905412
2002,2,11,4.05708599090576,5.95459819922871,0,0,0.137423623452975
2002,2,12,4.44013357162476,4.30209533983543,0,0,0.136516535000538
2002,2,13,8.82923698425293,6.23138870248113,0,0,0.135609446548101
2002,2,14,6.92574834823608,8.20412291424509,0,0,0.134702358095665
2002,2,15,11.1309566497803,7.84914486101661,0,0,0.133795269643228
2002,2,16,10.127384185791,10.8028189977867,0,0,0.133341732175331
2002,2,17,4.49682807922363,7.74401709781705,0,0,0.132888194707435
2002,2,18,0.757154285907745,2.31357192880205,0,0,0.132434643722895
2002,2,19,3.52331638336182,1.84691636904427,0,0,0.131981106254998
2002,2,20,1.28584671020508,2.97684994759948,0,0,0.131527555270458
2002,2,21,1.28166973590851,1.25662583164012,0,0,0.131074017802561
2002,2,22,0.138602241873741,0.287166498734223,0,0,0.130620466818021
2002,2,23,0.0330333039164543,0.0696980365501076,-1.81898940354586e-12,-1.81898940354586e-12,0.130166929350125
2002,2,24,0.190434828400612,0.0664694188744761,1.81898940354586e-12,1.81898940354586e-12,0.129713391882228
2002,2,25,0.00601646117866039,0.149790731344183,0,-1.81898940354586e-12,0.129259840897688
2002,2,26,1.61113500595093,1.28578291719168,0,1.81898940354586e-12,0.128806303429791
2002,2,27,0.766614854335785,1.23976096225852,0,0,0.128352752445251
2002,2,28,0.0120674567297101,0.589245535737064,0,0,0.127899214977354
2002,3,1,0.227350428700447,0.169000311763739,0,0,0.127445663992814
2002,3,2,3.94876074790955,1.08829990369668,0,0,0.126992126524918
2002,3,3,1.82144033908844,2.51782534800259,0,0,0.126538589057021
2002,3,4,0.21476998925209,0.881648224487435,0,0,0.126085038072481
2002,3,5,0,0.129924002745611,0,0,0.125858269338533
2002,3,6,0.00101858784910291,0.00266662978538079,0,0,0.125631500604584
2002,3,7,0.00631081918254495,0.0049976773407252,0,0,0.125404718353992
2002,3,8,0.00110440002754331,0.00592366365344788,0,0,0.125177949620044
2002,3,9,0.0354889966547489,0.027521981868631,0,0,0.124951180886096
2002,3,10,0.0063466252759099,0.0174358250624209,0,0,0.124724412152148
2002,3,11,0.0670232698321343,0.0617499025956931,0,0,0.124497643418199
2002,3,12,0.0884805247187614,0.0760829923310666,0,0,0.124270861167607
2002,3,13,0.00869173929095268,0.0179796437769255,0,0,0.124044092433659
2002,3,14,0,0.00122140927305736,0,0,0.123817323699711
2002,3,15,0.000792274135164917,0.000594141511101043,0,0,0.123590554965763
2002,3,16,0,0.000102629179309588,0,0,0.123137003981222
2002,3,17,0,4.58285630884348e-05,0,0,0.122910235247274
2002,3,18,0.000380182988010347,0.000285106485534925,0,0,0.122683466513326
2002,3,19,0,4.92479393869871e-05,0,0,0.122456697779378
2002,3,20,0,0,0,0,0.122456697779378
2002,3,21,0,0.00107269945146982,0,0,0.122229915528786
2002,3,22,0.00889886263757944,0.0184852534275706,0,0,0.122229915528786
2002,3,23,0.09798813611269,0.075319350731661,0,0,0.122003146794837
2002,3,24,0.00566965015605092,0.31484885709142,0,0,0.122003146794837
2002,3,25,2.47134113311768,2.15194431277996,0,0,0.121776378060889
2002,3,26,0.0608474351465702,1.30102790807541,0,0,0.122003146794837
2002,3,27,1.54499018192291,0.518854689617001,0,0,0.122003146794837
2002,3,28,0.384054094552994,1.31588417476087,0,0,0.122229915528786
2002,3,29,1.88567984104157,1.1882491690285,0,0,0.122229915528786
2002,3,30,0.0490032695233822,1.01022134920095,0,0,0.122456697779378
2002,3,31,3.10140990222862e-06,0.0347482459055755,0,0,0.122456697779378
2002,4,1,0.00109390099532902,0.00170619321215781,0,0,0.122683466513326
2002,4,2,0.000871755473781377,0.000956804935412947,0,0,0.122910235247274
2002,4,3,0,0.000385445213396451,0,0,0.123590554965763
2002,4,4,0.00652549648657441,0.00388113982262439,0,0,0.124270861167607
2002,4,5,0.00403116876259446,0.00502301960659679,0,0,0.124724412152148
2002,4,6,0.00134062091819942,0.0025294716724602,0,0,0.125631500604584
2002,4,7,0.0213323719799519,0.0133623987203464,0,0,0.126538589057021
2002,4,8,0.0389708392322063,0.0316556492489326,0,0,0.127445663992814
2002,4,9,2.13269981941266e-06,0.0235015165399091,0,0,0.128352752445251
2002,4,10,1.4981130361557,0.88375962741884,0,0,0.129259840897688
2002,4,11,0.288296699523926,0.546491956047248,0,0,0.131527555270458
2002,4,12,0.00146734365262091,0.225557904737798,0,0,0.133795269643228
2002,4,13,0.0199557486921549,0.059692069369703,0,0,0.136062997532642
2002,4,14,0.781432628631592,0.591755168512464,0,0,0.138330711905412
2002,4,15,0.0131718851625919,0.551717932328756,0,0,0.140598426278182
2002,4,16,0.57466059923172,0.1067955461167,0,0,0.143773229103389
2002,4,17,0.0862599611282349,0.328502540805857,0,0,0.146948031928596
2002,4,18,0.0412993803620338,0.07671729764661,0,0,0.150122834753802
2002,4,19,0.157034382224083,0.0233795235781145,0.0785171601201,3.39193358953708,0.153297637579009
2002,4,20,0.45151674747467,0,0.304384306105931,11.1926184825461,0.156472440404216
2002,4,21,5.58926153182983,2.27662183941538,0.71995587701349,7.86970601985013,0.162595277320682
2002,4,22,1.19878768920898,2.91115444327261,0.500755961740651,0,0.168718114237147
2002,4,23,0.0907265767455101,0.642004572309816,1.81898940354586e-12,0,0.174840951153613
2002,4,24,0.131902411580086,0.121546412507087,-1.81898940354586e-12,0,0.180963774553434
2002,4,25,0.00453248573467135,0.0693182169052307,0,0,0.1870866114699
2002,4,26,0.00455709174275398,0.00454037567214982,0,0,0.197744877131905
2002,4,27,0.00618204940110445,0.0022754931505915,0.00309101517450472,1.16371639980753,0.208403156310555
2002,4,28,0,0,0.00309246037977573,14.5963675552539,0.21906142197256
2002,4,29,0,0,0,29.9551226165058,0.229039367916077
2002,4,30,0.00173313834238797,0,0.000850247699418105,38.9490348165109,0.240377939779927
2002,5,1,2.20940685272217,0,1.03432497503309,40.3731471550545,0.258519681795376
2002,5,2,0.747086465358734,0.358305399729943,1.1095184754904,17.1919460134322,0.283464566929134
2002,5,3,0.0105520924553275,0.35697861184417,0.0201824478626804,1.81898940354586e-12,0.306141737690122
2002,5,4,0.0697861313819885,0.0189732094258943,-1.81898940354586e-12,-1.81898940354586e-12,0.310677166435662
2002,5,5,0.030296366661787,0.0443107901883195,0,0,0.306141737690122
2002,5,6,1.8152608163291e-06,0.0158031204064173,-1.81898940354586e-12,0,0.276661423810824
2002,5,7,0.0701103433966637,9.31011527427472e-07,0.0341521001137153,4.29959904209318,0.242645681185985
2002,5,8,0.0104608647525311,0,0.0410688042848051,14.8221993469779,0.258519681795376
2002,5,9,0.296602547168732,-1.81898940354586e-12,0.152354390169421,19.0406438991286,0.353763766551581
2002,5,10,0.492041558027268,1.81898940354586e-12,0.395057717523741,25.8017845481754,0.324283452672283
2002,5,11,0.161656722426415,0,0.345336673512065,30.7770786853525,0.33335433719665
2002,5,12,0.905045330524445,0,0.575678625846194,30.5617753975785,0.376440937312569
2002,5,13,7.92498588562012,0,4.1397227775924,29.9117076630137,0.460346450204924
2002,5,14,7.50803947448731,0,7.73637749996669,25.7424272378539,0.773291358046644
2002,5,15,1.03789520263672,0,3.94362494194138,27.3146655556247,0.682582675002691
2002,5,16,0.442820727825165,0,0.722536701347053,30.2819143283541,0.607748046634704
2002,5,17,0.0173008628189564,0,0.230061112715703,44.8395995654755,0.795968501774345
2002,5,18,0.00393983907997608,0,0.0106930183319491,60.2340521775859,1.28352752445251
2002,5,19,0.10530623793602,0,0.0563888487413351,65.0531930796169,1.52617323267178
2002,5,20,0.196583569049835,0,0.150111621480391,61.7497061617414,1.87313391017163
2002,5,21,0.00245932396501303,0,0.099094632159904,-1.81898940354586e-12,3.1748031496063
2002,5,22,0.045745249837637,0,0.0238927350328595,1.81898940354586e-12,4.30866141732284
2002,5,23,0.0325746461749077,0,0.0391512824717211,-1.81898940354586e-12,4.76220472440945
2002,5,24,0.0260337255895138,0,0.0293006444553612,1.81898940354586e-12,5.44251968503937
2002,5,25,0.00223231106065214,-1.81898940354586e-12,0.0142317307527264,0,5.89606299212599
2002,5,26,0.0930846780538559,1.81898940354586e-12,0.0477941632616421,0,6.80314960629921
2002,5,27,0.732305884361267,0,0.409101709949027,0,6.12283464566929
2002,5,28,1.2204202413559,0,0.978044418323407,0,5.44251968503937
2002,5,29,0.668236196041107,0,0.954079260753133,0,4.53543307086614
2002,5,30,0.188744306564331,1.81898940354586e-12,0.374112632305696,0,3.62834645669291
2002,5,31,0.351066023111343,-1.81898940354586e-12,0.294193367748449,0,2.72125984251969
2002,6,1,0.32267701625824,0,0.344912906299214,0,1.92755905511811
2002,6,2,3.83803868293762,0,1.20180309774878,0,1.13385826771654
2002,6,3,0.782957673072815,-1.81898940354586e-12,2.44008434874013,0,1.17921255517194
2002,6,4,0.865818381309509,1.81898940354586e-12,0.890768387544085,0,1.26992123821589
2002,6,5,2.11175441741943,0,1.79648714042378,0,1.31527563380444
2002,6,6,0.498586297035217,0,1.90197078789424,0,1.13385826771654
2002,6,7,0.420516163110733,0,0.680202933650435,0,0.952440901628629
2002,6,8,0.480903297662735,0,0.444132070313572,0,1.83685048020731
2002,6,9,1.22895228862762,0,0.81126297173978,0,2.72125984251969
2002,6,10,1.21235942840576,0,1.21388843190653,0,2.72125984251969
2002,6,11,0.173207685351372,0,0.594107014330803,0,1.76881894089106
2002,6,12,0.0167777594178915,0,0.0731963129674114,-1.81898940354586e-12,1.04314958467258
2002,6,13,0.00213390728458762,0,0.00694352568643808,1.81898940354586e-12,1.24497632604884
2002,6,14,0.00103537808172405,0,0.00156662398330809,0,2.04321265032911
2002,6,15,0.00848494190722704,0,0.00603368185511499,0,3.35622051569421
2002,6,16,0,0,0.0192237382489111,0,2.42645664966013
2002,6,17,0.534114122390747,0,0.420855449547162,0,1.90941734013595
2002,6,18,0.898127436637878,0,0.584855579649229,0,1.85045665831078
2002,6,19,0.368186324834824,0,0.740782482500435,0,1.40825197715459
2002,6,20,0.292762368917465,0,0.342513805328053,0,1.20415746733898
2002,6,21,1.33588014250563e-06,0,0.175779084431269,0,0.968314956304595
2002,6,22,0.000450343359261751,0,0.00843192854335939,0,0.909354382612574
2002,6,23,0.505436658859253,0,0.320397607154519,-1.81898940354586e-12,0.927496097594734
2002,6,24,0.0221795402467251,0,0.52217183614448,1.81898940354586e-12,1.06129129965474
2002,6,25,6.89627075195313,0,5.34262043611307,0,1.05448821060301
2002,6,26,4.11352872848511,0,6.0863804117962,0,0.988724439726101
2002,6,27,0.0672645047307015,0,3.67591817290122,0,0.857196843905712
2002,6,28,0.0838875100016594,0,0.569600410824933,0,0.816377931129275
2002,6,29,0.171791344881058,0,0.0986096538963466,0,0.820913359874816
2002,6,30,1.23415470123291,0,0.410539175534723,0,0.868535415769562
2002,7,1,0.828026115894318,0,1.0004977331173,0,0.884409470445528
2002,7,2,0.129675999283791,0,0.381062257794838,0,0.827716557059701
2002,7,3,0.87670248746872,0,0.636477550355266,0,0.873070844515102
2002,7,4,2.06494450569153,0,1.65555644129199,0,0.895748042309378
2002,7,5,0.227812677621841,0,1.75746275828169,0,0.929763757900929
2002,7,6,0.00474604917690158,0,0.303122729303141,0,0.807307073638195
2002,7,7,0.023309824988246,0,0.00718503111238533,0,0.741543302761288
2002,7,8,0.0197610538452864,0,0.0204386514033104,0,0.721133873406358
2002,7,9,0.608946561813355,0,0.21447316810918,0,0.768755929301104
2002,7,10,3.57419490814209,0,2.14597749361928,0,0.757417303370679
2002,7,11,1.72540283203125,0,3.18741986028908,0,0.789165358656035
2002,7,12,0.00516979629173875,0,0.904184103364969,0,0.696188961239312
2002,7,13,0.607998847961426,0,0.326713250629837,-1.81898940354586e-12,0.646299190971795
2002,7,14,0.518072426319122,0,0.543145758803803,1.81898940354586e-12,0.637228333480715
2002,7,15,0.0468674004077911,0,0.431379414832918,0,0.639496047853485
2002,7,16,7.06803894042969,0,1.83113501066327,0,0.954708670067975
2002,7,17,9.54196166992188,0,8.6698542468821,0,1.26992123821589
2002,7,18,4.60510635375977,0,6.91395084265605,0,1.4740157480315
2002,7,19,1.693394780159,0,3.66154933159305,0,1.26538580947035
2002,7,20,0.1586082726717,0,1.46778810038086,0,1.10891335554949
2002,7,21,0.0479503981769085,0,0.229692165443339,0,0.938834615392009
2002,7,22,0.054209265857935,0,0.0490299585180765,0,0.850393700787402
2002,7,23,3.27026057243347,0,0.608396741341494,0,0.834519700178011
2002,7,24,6.94096183776856,0,4.43911438798204,0,0.959244098813515
2002,7,25,1.5774439573288,0,5.54119294910561,0,2.49448818897638
2002,7,26,0.977497935295105,0,1.43780987227001,0,1.81870876522515
2002,7,27,0.773193717002869,0,0.938285790080045,0,1.3130078653651
2002,7,28,1.98550486564636,0,1.02065739533828,0,1.10664569524329
2002,7,29,6.50349092483521,0,3.02095954462311,0,1.00686615470826
2002,7,30,0.748246967792511,0,3.1456015028707,0,1.36970077875092
2002,7,31,0.0243875794112682,0,0.529323414453756,0,1.12478741022546
2002,8,1,6.80619195918553e-05,0,0.0296027692565986,0,0.963779527559055
2002,8,2,0.00466578686609864,0,0.00346869949316897,-1.81898940354586e-12,0.873070844515102
2002,8,3,1.36302506923676,0,0.189093131310074,1.81898940354586e-12,0.956976330374169
2002,8,4,0.692974090576172,0,1.02165549787242,0,1.05902363934855
2002,8,5,0.0207936204969883,0,0.350546456189477,0,0.927496097594734
2002,8,6,2.08079648017883,0,1.71412866175342,0,0.850393700787402
2002,8,7,3.89921832084656,0,2.69535204151907,0,0.870803130142332
2002,8,8,1.49500417709351,0,3.55983924110842,0,0.875338558887872
2002,8,9,2.29467940330505,0,2.10337566743146,0,0.845858272041862
2002,8,10,0.0202558618038893,0,1.7002644962522,0,0.843590557669091
2002,8,11,6.14644432067871,0,3.56906685850117,0,0.798236216147115
2002,8,12,27.204044342041,0,14.1333871396801,0,2.15433070866142
2002,8,13,14.407826423645,0,22.0003819490885,0,2.58519676388718
2002,8,14,3.4846658706665,0,11.3799413902379,0,1.63955905944344
2002,8,15,7.82880597398616e-05,0,2.26498368805733,0,1.33114958034726
2002,8,16,0.0278380997478962,0,0.052174144089804,0,1.15653541144424
2002,8,17,0.000819140463136137,0,0.0328842228773283,0,1.0567558709092
2002,8,18,0.511131048202515,0,0.410057080165643,0,0.997795297217181
2002,8,19,0.713537633419037,0,0.561024218321109,0,0.96151175911971
2002,8,20,5.53641557693481,0,2.29470476604911,0,0.909354382612574
2002,8,21,2.12660813331604,0,5.09013408549981,0,1.00459838626892
2002,8,22,5.77143383026123,0,3.84844973676991,1.81898940354586e-12,1.18601575235682
2002,8,23,5.20904922485352,0,5.60998056224162,-1.81898940354586e-12,1.51029917799582
2002,8,24,0.624756276607513,0,2.75930064983186,0,1.51029917799582
2002,8,25,1.89842879772186,0,1.09693082804733,0,1.31754329411064
2002,8,26,3.87661004066467,0,3.21565741351151,0,1.22910237950603
2002,8,27,22.4944801330566,0,10.6750593733796,0,1.1950866098479
2002,8,28,10.3772373199463,0,17.8017176877074,0,1.72799997404804
2002,8,29,1.48942279815674,0,4.18263651977395,0,1.50349608894408
2002,8,30,1.53074610233307,0,1.51826204425197,0,1.29713381068913
2002,8,31,1.89623534679413,0,1.67960636928547,0,1.17694489486574
2002,9,1,1.65946316719055,0,1.94153401524454,0,1.08850398026113
2002,9,2,6.25240135192871,0,5.08139392115481,0,1.16107084018978
2002,9,3,0.958208501338959,0,4.28859890418062,0,2.12485036774883
2002,9,4,0.101298250257969,0,0.851035218800462,0,1.73707083153912
2002,9,5,0,0,0.126409611102645,0,1.43319688932164
2002,9,6,1.06376647949219,0,0.154129421005564,0,1.28579529289186
2002,9,7,0.69676685333252,0,0.833918029860797,0,1.28579529289186
2002,9,8,1.13766062259674,0,0.974773554809872,0,1.26085038072481
2002,9,9,2.76195788383484,0,2.14220280577865,0,1.21549609326941
2002,9,10,0.551891446113586,1.81898940354586e-12,1.06271677498444,1.81898940354586e-12,1.14066146490142
2002,9,11,8.4516159404302e-06,-1.81898940354586e-12,0.477400086305352,-1.81898940354586e-12,1.09077164056733
2002,9,12,0.00305879558436573,0,0.0641746456694818,0,1.04541735311193
2002,9,13,0.0637808442115784,0,0.0158162106108648,0,0.993259868471641
2002,9,14,6.05609178543091,0,1.50346455132421,0,0.970582724743941
2002,9,15,7.31483459472656,1.81898940354586e-12,6.23457011245591,1.81898940354586e-12,0.954708670067975
2002,9,16,1.55626809597015,-1.81898940354586e-12,2.76441453852385,-1.81898940354586e-12,0.913889811358114
2002,9,17,1.30669605731964,0,1.47160398717642,0,0.891212613563838
2002,9,18,14.7730569839478,0,9.5952465035316,0,0.954708670067975
2002,9,19,8.36714935302734,0,9.51032929172106,1.81898940354586e-12,1.16787403737466
2002,9,20,1.86120367050171,0,3.54244766433294,-1.81898940354586e-12,1.19962203859344
2002,9,21,4.10284948348999,0,3.29601545452715,0,1.13385826771654
2002,9,22,0.398529201745987,0,2.44286585953887,0,1.05902363934855
2002,9,23,0.970309674739838,0,0.558983157781768,0,1.01366924376
2002,9,24,0.210844770073891,0,0.599553862170069,0,1.00686615470826
2002,9,25,0.100671201944351,0,0.185413741990487,0,1.04314958467258
2002,9,26,0.942075490951538,-1.81898940354586e-12,0.499139335019208,0,1.05222044216366
2002,9,27,0.154185727238655,1.81898940354586e-12,0.792560945534206,0,0.993259868471641
2002,9,28,0.206281363964081,0,0.235720555545413,0,0.938834615392009
2002,9,29,0.315057754516602,0,0.234243240151045,0,0.909354382612574
2002,9,30,0.378739774227142,0,0.329613388534199,0,0.859464558278482
2002,10,1,1.37376797199249,0,0.838778407416612,0,0.866267701396792
2002,10,2,1.32132697105408,0,1.3424345446947,0,0.836787414550781
2002,10,3,0.855993390083313,0,1.05427035105276,0,0.825448842686931
2002,10,4,0.607627928256989,0,0.71468896776787,0,0.809574788010965
2002,10,5,0.911018967628479,0,0.788787685867646,0,0.775559072419414
2002,10,6,3.45276403427124,0,2.43267690028915,0,0.809574788010965
2002,10,7,5.11113691329956,0,4.69340681350695,0,0.891212613563838
2002,10,8,5.77939796447754,0,5.6375613359487,0,0.96151175911971
2002,10,9,4.24063873291016,0.538762933765611,4.47125247679833,0.474658952125537,0.941102383831355
2002,10,10,0.0179329682141542,0.547743834396897,1.58160766877336,0.474671898966335,0.922960668849194
2002,10,11,1.27968680858612,0.621378905054371,0.0267848851763119,0,0.752881874625138
2002,10,12,0.522050261497498,0.613031017181129,0.358054249436464,1.52231357168603,0.743811017134058
2002,10,13,2.60444068908691,0,2.0299274491008,0,0.707527533103162
2002,10,14,0.428591191768646,0,1.3905167737812,0,0.691653532493772
2002,10,15,6.91024827957153,0,2.79495148004753,0,0.700724389984852
2002,10,16,6.29030704498291,0,6.70885729723523,0,0.859464558278482
2002,10,17,5.57229709625244,0,5.71763143811586,0,0.911622042918768
2002,10,18,1.43018186092377,0,2.31215747913666,0,0.866267701396792
2002,10,19,15.0119638442993,0,11.0055628477476,0,0.805039359265425
2002,10,20,24.0276985168457,-1.81898940354586e-12,17.6165505938407,0,0.861732272651252
2002,10,21,7.07156801223755,3.63797880709171e-12,14.3833706714977,0,0.966047295998401
2002,10,22,16.7035045623779,-1.81898940354586e-12,9.44757515120182,0,0.927496097594734
2002,10,23,0.188861593604088,0,8.45253773356126,1.81898940354586e-12,0.829984271432471
2002,10,24,0,0,0.0547459997869737,-1.81898940354586e-12,0.782362215537725
2002,10,25,0.00730576459318399,0,0.0024977445264085,0,0.746078731506828
2002,10,26,0.117477744817734,0,0.0756249561472941,0,0.714330730288048
2002,10,27,4.31891536712647,0,1.06645868022497,0,0.698456675612082
2002,10,28,0.780635178089142,0,2.17319024836434,0,0.607748046634704
2002,10,29,0.00565149635076523,0,0.451502071500727,0,0.621354332871325
2002,10,30,0.018010338768363,0,0.0107166028446954,0,0.623622047244095
2002,10,31,0.195951133966446,0.0909317713303608,0.0153319787696091,0,0.498897648608591
2002,11,1,0.000435523164924234,0.0909760475442454,0.00721746747331054,0.19599630166158,0.442204735222764
2002,11,2,0.0422694459557533,0.0211805678427481,0.000172747577380505,4.50053539680084e-05,0.430866136325626
2002,11,3,0,0.0209926632069255,0,0,0.419527564461776
2002,11,4,0.246051758527756,0.012221354054418,0.11080431364644,0.0543531323837669,0.419527564461776
2002,11,5,3.60658645629883,0.0165994066846906,1.307801869576,0.0165994066846906,0.424062993207316
2002,11,6,1.43743300437927,0.000483457873997395,3.14774450285222,0.000483457873997395,0.430866136325626
2002,11,7,1.24422705173492,0.257628068204212,1.25577587249609,0.0409590742001456,0.444472449595534
2002,11,8,0.159026950597763,0.337141606130899,0.364478322753712,0.0409589193859574,0.444472449595534
2002,11,9,0.210195615887642,0.185783368740886,0,0,0.437669279443936
2002,11,10,0,0.104240048685824,0,0,0.430866136325626
2002,11,11,1.19968509674072,0.598331130659062,0,0,0.424062993207316
2002,11,12,4.1676869392395,2.67499456899168,0,0,0.417259850089006
2002,11,13,1.28795874118805,2.71025564824595,0,0,0.412724421343466
2002,11,14,4.44194984436035,2.83540258513494,0,1.81898940354586e-12,0.405921251191868
2002,11,15,1.03887212276459,2.77908219891833,0,-1.81898940354586e-12,0.399118108073557
2002,11,16,1.11793029308319,1.06891147361421,0,0,0.394582679328017
2002,11,17,1.58857572078705,1.37918312174043,0,0,0.390047250582477
2002,11,18,0.892691612243652,1.22554022078839,0,0,0.385511821836937
2002,11,19,1.61363041400909,1.20711672806647,0,0,0.380976366058109
2002,11,20,3.92369174957275,1.86030777283486,0.908357262747813,0,0.376440937312569
2002,11,21,0.0341935567557812,1.07033851631059,0.908135053925434,0,0.371905508567029
2002,11,22,0,0.0188491971020994,0,0,0.367370079821489
2002,11,23,0.320386707782745,0.134553816258631,-1.81898940354586e-12,0,0.362834651075949
2002,11,24,2.11808276176453,1.1422765771913,1.81898940354586e-12,0,0.358299222330409
2002,11,25,9.29084777832031,5.59871894136632,0.0537782041446917,0,0.353763766551581
2002,11,26,37.9253463745117,4.59085483284252,19.0172426376284,10.324428010741,0.349228337806041
2002,11,27,23.3943634033203,0,30.6923383543872,23.6153309955625,0.344692909060501
2002,11,28,8.02210712432861,0,15.2683087451478,0,0.340157480314961
2002,11,29,10.6397714614868,0,9.64278100259799,0,0.335622051569421
2002,11,30,4.38533973693848,0,7.26187912192654,0,0.33108662282388
2002,12,1,1.29169166088104,0.645849241167525,2.19265828890275,0,0.32655119407834
2002,12,2,1.21732782645267e-05,0.642934450079338,0,0,0.324283452672283
2002,12,3,0.000797029351815581,0.000619280141108902,0,0,0.319748023926742
2002,12,4,0.0518794693052769,0.0280209330248908,0,0,0.317480309553972
2002,12,5,0.0275955814868212,0.0439416974550113,-1.81898940354586e-12,-1.81898940354586e-12,0.312944880808432
2002,12,6,0.546489596366882,0.289441754277505,3.63797880709171e-12,1.81898940354586e-12,0.310677166435662
2002,12,7,0.046082716435194,0.302015081961144,-1.81898940354586e-12,0,0.306141737690122
2002,12,8,1.38225340843201,0.711845781517695,0,0,0.303874023317352
2002,12,9,1.76995158195496,1.57652102912471,0,0,0.299338594571812
2002,12,10,4.69456100463867,3.24079682261436,0,1.81898940354586e-12,0.297070853165754
2002,12,11,4.04558515548706,4.37744437810034,0,0,0.294803138792984
2002,12,12,4.27243280410767,4.11487144147213,0,-1.81898940354586e-12,0.292535424420214
2002,12,13,5.32067203521729,4.85693936868665,0,0,0.287999995674674
2002,12,14,0.580755531787872,3.02700278509292,0,0,0.285732281301904
2002,12,15,9.359375,4.95022855842763,0,0,0.283464566929134
2002,12,16,5.99573993682861,7.71087288724448,0,0,0.281196852556364
2002,12,17,2.50670433044434,4.29683948599268,0,-1.81898940354586e-12,0.276661423810824
2002,12,18,1.54072701931,2.06712476009852,0,1.81898940354586e-12,0.274393709438054
2002,12,19,0.810959160327911,1.32997974736827,0,0,0.269858280692514
2002,12,20,0.131954774260521,0.339324793949345,0,0,0.267590539286456
2002,12,21,0.0959493368864059,0.10394627020105,0,0,0.265322824913686
2002,12,22,8.04377174377441,3.93018034687702,0,0,0.263055110540916
2002,12,23,11.6004772186279,9.70810981085015,0,0,0.260787396168146
2002,12,24,9.91907215118408,10.9940473229381,0,0,0.258519681795376
2002,12,25,1.97533333301544,5.87161479292081,0,0,0.256251967422605
2002,12,26,0.00353582808747888,0.864720025027054,0,0,0.253984253049835
2002,12,27,0.00403465842828155,0.0036720584739669,0,0,0.251716538677065
2002,12,28,1.11713445186615,0.533240216673221,0,0,0.249448824304295
2002,12,29,0.151997834444046,0.391098711423183,0,0,0.247181109931525
2002,12,30,1.56129634380341,0.787374002022261,0,-1.81898940354586e-12,0.244913395558755
2002,12,31,1.45827519893646,1.48111496863385,0,1.81898940354586e-12,0.242645681185985
2003,1,1,0.869109690189362,1.10086732588206,0,0,0.240377939779927
2003,1,2,0.0717054530978203,0.443177507708242,0,0,0.238110225407157
2003,1,3,5.10733318328857,2.54346412013729,0,0,0.238110225407157
2003,1,4,13.0695867538452,9.02682751250541,0,0,0.235842511034387
2003,1,5,18.5672931671143,6.53479547833558,9.2836435981244,2.04285192034149,0.233574796661617
2003,1,6,21.140754699707,0,19.6652849773309,3.36658511013775,0.231307082288847
2003,1,7,3.42760348320007,1.71901634840651,10.5382147253804,1.1964679999237,0.229039367916077
2003,1,8,0.406841725111008,1.91368513818634,0,0,0.226771653543307
2003,1,9,0,0.163928409623622,0,0,0.224503939170537
2003,1,10,0,0,0,0,0.222236224797767
2003,1,11,0.00300912139937282,0.00463121374923503,0,0,0.219514959440457
2003,1,12,0.55536550283432,0.334805670638161,0,-1.81898940354586e-12,0.216793694083146
2003,1,13,3.29420256614685,2.08321833804075,0,1.81898940354586e-12,0.21407244224248
2003,1,14,0.828037858009338,2.18992475666164,0,0,0.211351176885169
2003,1,15,0.0870813950896263,0.366311578914974,0,0,0.208629925044503
2003,1,16,2.73677635192871,2.0157427960512,0,0,0.206588979405681
2003,1,17,4.16323232650757,3.02998002430468,0,0,0.204548033766859
2003,1,18,2.89978265762329,3.90621995396577,0,0,0.202507088128037
2003,1,19,11.0979061126709,7.00493191916939,0,0,0.200692911223164
2003,1,20,1.06273627281189,6.15800348369885,0,0,0.19887873431829
2003,1,21,0.865000367164612,0.939911871830191,0,1.81898940354586e-12,0.197518108397957
2003,1,22,0.294567346572876,0.660665358505867,0,-1.81898940354586e-12,0.196157482477624
2003,1,23,0.112249866127968,0.263203956499638,0,0,0.19434330557275
2003,1,24,0.495195358991623,0.315287194604025,0,0,0.192529128667876
2003,1,25,1.33390033245087,0.858339271684599,0,0,0.190714965279647
2003,1,26,2.47834658622742,1.63729431780666,0,0,0.189127557108721
2003,1,27,1.20439231395721,2.25749494720185,0,0,0.18754016245444
2003,1,28,0,0.826182182268894,0,0,0.185952754283515
2003,1,29,0.681185483932495,0.341571818431476,0,0,0.184365359629233
2003,1,30,1.54977309703827,0.960133882921582,0,0,0.182777951458308
2003,1,31,0.350206792354584,1.31569190111077,0,0,0.180963774553434
2003,2,1,0.443915277719498,0.49247220855068,0,0,0.179603148633101
2003,2,2,2.54257774353027,0.999373490134531,0,0,0.178696060180664
2003,2,3,3.69845724105835,2.87848265040702,0,0,0.177335434260331
2003,2,4,0.549960434436798,2.61232763091721,1.81898940354586e-12,1.81898940354586e-12,0.175974808339998
2003,2,5,0.993886828422546,0.78146561099129,0,-1.81898940354586e-12,0.17461416890302
2003,2,6,0.197485968470573,0.720869776820109,-1.81898940354586e-12,0,0.172119685796302
2003,2,7,0.0368369556963444,0.177581422836738,0,0,0.169625202689584
2003,2,8,0.072086326777935,0.0716705126997113,0,0,0.16735747480017
2003,2,9,0.218401536345482,0.183821098142289,1.81898940354586e-12,0,0.1650897604274
2003,2,10,0.921706199645996,0.323106482148432,-1.81898940354586e-12,0,0.162595277320682
2003,2,11,0.0979725867509842,0.482008755463539,0,0,0.159874011963371
2003,2,12,0.110494785010815,0.104346717895169,0,0,0.157152760122705
2003,2,13,0.264038592576981,0.209378744217247,-1.81898940354586e-12,0,0.154431494765394
2003,2,14,0.648132503032684,0.340239331449993,1.81898940354586e-12,0,0.151710242924728
2003,2,15,0.15445601940155,0.368469036415263,0,0,0.149215746301366
2003,2,16,4.9191255569458,2.05142299085674,0,0,0.146494494460699
2003,2,17,1.65944290161133,3.92857149967313,0,0,0.143773229103389
2003,2,18,0.904125690460205,1.29721848739064,0,0,0.14127874599667
2003,2,19,0.0830358490347862,0.640933486454742,0,0,0.13855748063936
2003,2,20,0.118693388998508,0.105777408480208,0,0,0.136062997532642
2003,2,21,0.134947866201401,0.121164189929914,0,0,0.13402205189382
2003,2,22,0.118111193180084,0.125648431234367,0,0,0.131981106254998
2003,2,23,0.144315406680107,0.133054484182139,0,0,0.129940160616176
2003,2,24,0.398978620767593,0.28537735235841,0,0,0.127899214977354
2003,2,25,0.278901517391205,0.366337248306081,1.81898940354586e-12,0,0.125404718353992
2003,2,26,1.95738649368286,1.52415998070319,-1.81898940354586e-12,0,0.123590554965763
2003,2,27,0.760903656482697,1.53378082549898,0,0,0.121776378060889
2003,2,28,2.49246096611023,1.17555664485917,0,0,0.120188969889964
2003,3,1,1.80742073059082,2.31981274167811,0,0,0.118374806501734
2003,3,2,2.67610788345337,2.28011124889417,0,0,0.11656062959686
2003,3,3,2.83536958694458,2.76165464373662,0,0,0.114746452691987
2003,3,4,4.65563869476318,3.35114480628909,0,0,0.112932282545435
2003,3,5,0.0619022697210312,2.50709250772525,0,0,0.111118112398884
2003,3,6,0,0.0113394817435619,0,0,0.109757479720228
2003,3,7,0.00681534456089139,0.00437138308552676,1.81898940354586e-12,0,0.108396847041573
2003,3,8,0.0423032976686955,0.0297744679137395,-1.81898940354586e-12,0,0.10703622112124
2003,3,9,0.139880776405334,0.102843479246076,0,0,0.105675588442585
2003,3,10,0.0434087477624416,0.0793142398979398,0,0,0.1045417312562
2003,3,11,0.0659992694854736,0.0671460826506518,0,0,0.103861418296033
2003,3,12,1.03720510005951,0.677961618548579,0,0,0.103181105335866
2003,3,13,11.7269277572632,5.66076993098068,0,-1.81898940354586e-12,0.102500785617378
2003,3,14,5.89402294158936,9.36845924140653,0,1.81898940354586e-12,0.101593703923263
2003,3,15,3.63375782966614,5.48548483823106,0,0,0.100913384204774
2003,3,16,1.70810258388519,3.48718159928467,0,0,0.100233071244608
2003,3,17,2.50037550926209,2.26192011821149,0,0,0.0995527582844411
2003,3,18,2.64895534515381,2.55947076976918,0,0,0.0988724385659526
2003,3,19,1.38215208053589,2.46655204831768,0,0,0.0981921256057859
2003,3,20,3.25392293930054,2.32963427588948,1.81898940354586e-12,0,0.0972850371533492
2003,3,21,0,0.864391922179493,-1.81898940354586e-12,0,0.0963779554592343
2003,3,22,0.67963582277298,0.528405280969309,0,0,0.0956976357407457
2003,3,23,0.261161178350449,0.419675887773337,0,0,0.0952440915145273
2003,3,24,0,0.160194546589992,0,0,0.0954708670067975
2003,3,25,0,0.00190156116877915,0,0,0.0956976357407457
2003,3,26,0,0,0,0,0.0959244112330159
2003,3,27,0,0,0,0,0.0966047241931825
2003,3,28,0.780940711498261,0.133163405320374,0,0,0.0972850371533492
2003,3,29,2.15590476989746,1.11173404328474,0,0,0.0979653568718377
2003,3,30,4.80014133453369,3.98528626280495,0,0,0.0986456698320043
2003,3,31,1.10498952865601,2.48688011946251,0,0,0.0995527582844411
2003,4,1,0.183994010090828,0.450996046012733,0,0,0.100913384204774
2003,4,2,0.0707632005214691,0.123111078950387,0,0,0.10227401688343
2003,4,3,0.000564889749512076,0.0564312371370761,0,0,0.103861418296033
2003,4,4,0.00213098875246942,0.0313397932768567,0,0,0.105448819708636
2003,4,5,1.81204724311829,1.18574890753916,0,0,0.10703622112124
2003,4,6,5.80919742584229,4.22795779565422,0,0,0.110437792680395
2003,4,7,4.0661244392395,4.55047418915092,0,0,0.11383936423955
2003,4,8,0.249420523643494,3.17919867068304,0,0,0.117240949315349
2003,4,9,0.0978238433599472,0.20244099800766,0,0,0.121096058342401
2003,4,10,0.0261065699160099,0.0522744849113224,0,0,0.124724412152148
2003,4,11,0.017434474080801,0.0247402695877099,0,0,0.131527555270458
2003,4,12,0.00116823695134372,0.014888841429638,0,0,0.138330711905412
2003,4,13,0,0.00120725305532687,0,0,0.145133855023722
2003,4,14,0.37339985370636,0.120444927022618,0,0,0.151937011658676
2003,4,15,0.0609731264412403,0.179463455837322,0.0304865277685167,2.39293470064695,0.158740154776986
2003,4,16,0.0173390340059996,0.00866180427874497,0.0305136851893622,2.39506632876146,0.16781102578471
2003,4,17,0.037993386387825,0.00866952845353808,0.0189966681082296,1.55412071504179,0.181417325537974
2003,4,18,0.0112403417006135,0.00561170340370154,0.0190253139498964,1.55646423638791,0.192755910918469
2003,4,19,1.24794685840607,0.00562017872471188,0.623972554853026,2.25771162475576,0.208629925044503
2003,4,20,0.118957102298737,0,0.664848585773143,4.47869968723717,0.222236224797767
2003,4,21,0.106491148471832,0.0528647947667196,0.0599039050212014,2.23804823646242,0.253984253049835
2003,4,22,0.109949164092541,0.0531934825266944,0.0550283652937651,2.988855437241,0.290267710047444
2003,4,23,0.00117794098332524,0,0.0554147306265804,15.1773992927447,0.346960623433271
2003,4,24,0.00195511453785002,0,0.00155371496475709,28.0770483165907,0.396850393700787
2003,4,25,0,0,0.000984193486146978,37.5908611097166,0.494362219863051
2003,4,26,0.000195260770851746,0,9.57744396146154e-05,44.9776275236582,0.680314960629921
2003,4,27,0.00449711550027132,0,0.00234838156939077,43.8015652875365,0.861732272651252
2003,4,28,9.98760369839147e-05,0,0.00234160463151056,39.4130204456415,1.36062992125984
2003,4,29,0.000780096452217549,0,0.000430177329690196,36.571441352593,1.55792123389056
2003,4,30,0.00823696237057447,0,0.0044973551066505,23.2612578858298,1.84365356925904
2003,5,1,0.00461543211713433,0,0.00642567385875736,0,1.45360626460999
2003,5,2,0.00429165177047253,0,0.00453180926342611,0,1.06809449683963
2003,5,3,0.435593128204346,0,0.0977604842883011,0,0.809574788010965
2003,5,4,0.597317039966583,0.29865563643034,0.192626799595018,0,0.616818904125784
2003,5,5,0.221929728984833,0.298658694044207,0.110964799818248,0.59731300473868,0.521574792336291
2003,5,6,0.21697960793972,0,0.220525402175554,0,0.467149593323235
2003,5,7,0.00876184459775686,0,0.0891173000873096,0,0.473952736441545
2003,5,8,0.0085071474313736,0,0.00866774459427688,0,0.560125990739958
2003,5,9,0.000180489572812803,0,0.0347369814444392,0,0.700724389984852
2003,5,10,0.707008600234985,0,0.737044325484021,0,0.798236216147115
2003,5,11,5.17388153076172,0,4.08512291331135,0,0.784629929910495
2003,5,12,2.37080955505371,0,4.70905293988835,0,0.687118103748231
2003,5,13,0.846491932868958,0,2.33315558919094,0,0.596409474770854
2003,5,14,1.31159448623657,0,1.03839042436812,0,0.532913364200141
2003,5,15,0.449379712343216,0,1.03507621691642,0,0.471685022068775
2003,5,16,0.00859483797103167,0,0.291141107598378,0,0.426330707580086
2003,5,17,0.0999712944030762,0,0.0469081326082232,0,0.392314964955247
2003,5,18,0.0112829189747572,0,0.0577572595138918,0,0.408188965564638
2003,5,19,0.006001316010952,0,0.00830225625395542,0,0.480755879559855
2003,5,20,0,0,0.00262847999329097,0,0.551055133248877
2003,5,21,0,0,0.000798620341811329,0,0.653102388156681
2003,5,22,0.389118552207947,0,0.240174338814541,0,0.861732272651252
2003,5,23,9.60839462280273,-1.81898940354586e-12,6.11765255854152,0,1.20642523577833
2003,5,24,9.99979019165039,1.81898940354586e-12,9.70567592503721,0,1.36516535000538
2003,5,25,3.78519296646118,0,7.33591239876296,1.81898940354586e-12,1.77562202994279
2003,5,26,1.53647363185883,0,3.29793987877565,-1.81898940354586e-12,1.29486615038294
2003,5,27,0.0587115921080113,0,1.02869803689464,0,1.06129129965474
2003,5,28,1.25334131717682,0,0.909369594164673,0,1.12025198147992
2003,5,29,0.706860661506653,0,0.855620082977112,0,1.30393700787402
2003,5,30,0.00720646651461721,0,0.594675613638174,0,1.89127562515379
2003,5,31,1.78621780872345,0,0.451268580163742,0,1.76881894089106
2003,6,1,1.45928609371185,0,1.60588227131848,0,1.67130706066222
2003,6,2,1.8269180059433,0,1.65518038184382,0,1.15880317988358
2003,6,3,0.0635010600090027,0,0.680061416342142,0,0.929763757900929
2003,6,4,0.114174418151379,0,0.264128620843621,0,1.01366924376
2003,6,5,2.35281014442444,1.81898940354586e-12,1.82112109701484,0,2.40377961406558
2003,6,6,1.02054142951965,0,1.25169618193104,1.81898940354586e-12,5.44251968503937
2003,6,7,0.115684568881989,-1.81898940354586e-12,0.884206192347847,-1.81898940354586e-12,3.80976360651452
2003,6,8,0.00174459791742265,0,0.189043977043184,0,2.53984247643178
2003,6,9,0.022508691996336,0,0.0143457847989339,0,2.35842511034387
2003,6,10,0.0614633299410343,0,0.0288269122829661,0,2.78929138183594
2003,6,11,0.147810071706772,0,0.0759515606896457,0,3.1748031496063
2003,6,12,3.33838820457459,0,0.780780629756919,0,3.1294488621509
2003,6,13,1.90538132190704,0,2.76630621188451,0,2.44913390152098
2003,6,14,2.71375513076782,0,2.20992684419616,0,1.70532283032034
2003,6,15,0.224560931324959,0,1.84234863371239,0,1.40371654840905
2003,6,16,0.82067996263504,0,0.48077177635605,0,1.19962203859344
2003,6,17,2.8014988899231,0,1.61665264073599,0,1.41505506620632
2003,6,18,6.24736213684082,1.81898940354586e-12,4.77929915497043,0,1.85725974736251
2003,6,19,3.44044137001038,-1.81898940354586e-12,5.79806375674707,0,1.50349608894408
2003,6,20,3.00352787971497,1.81898940354586e-12,3.54527922505076,0,1.36289768969919
2003,6,21,0.946730136871338,-1.81898940354586e-12,2.65743452949027,0,1.36970077875092
2003,6,22,1.43810093402863,0,1.30822020786036,0,1.46040946179488
2003,6,23,1.02235388755798,0,1.15488171137986,0,1.56472443107545
2003,6,24,0.675775170326233,0,0.928735798419439,0,1.60554328978531
2003,6,25,2.93780255317688,0,2.59026534349323,0,1.19735437828725
2003,6,26,2.45583701133728,0,2.82489387459282,0,1.06582672840028
2003,6,27,1.53101658821106,0,2.10887934938182,0,0.898015756682148
2003,6,28,1.72402012348175,0,1.68245923100403,0,1.18148032361128
2003,6,29,6.25666570663452,0,4.50460719969851,0,1.57833071731207
2003,6,30,1.53411114215851,0,5.65390284030036,0,1.82324408583754
2003,7,1,0.112800121307373,0,1.53614127900073,0,1.82777962271623
2003,7,2,2.32010579109192,0,1.02105257164476,0,1.7234645453025
2003,7,3,4.27592468261719,0,2.58269464276418,0,1.95477162759135
2003,7,4,3.36614799499512,-1.81898940354586e-12,3.65083827756644,-1.81898940354586e-12,2.35842511034387
2003,7,5,0.0777276679873467,1.81898940354586e-12,0.765215260837067,1.81898940354586e-12,1.99105505755567
2003,7,6,2.13469767570496,0,1.0176260042681,0,1.56018900232991
2003,7,7,5.33522844314575,0,4.30874359643167,0,1.45587403304934
2003,7,8,1.13730931282043,0,3.92756851345257,0,1.71439368781142
2003,7,9,0.0143398391082883,0,0.47686871283986,0,1.50803151768962
2003,7,10,0,0,0.00831939196723397,0,1.30620477631336
2003,7,11,0,0,0.000336008652084274,0,1.23590546855776
2003,7,12,0.0173032190650702,0,0.0190587784327363,0,1.18601575235682
2003,7,13,0.378712445497513,0,0.285230619949289,0,1.10891335554949
2003,7,14,1.43186008930206,0,1.06804077690504,0,1.09077164056733
2003,7,15,0.0294503811746836,0,0.475143426874638,0,1.02954329843596
2003,7,16,5.90352010476636e-06,0,0.00942665855291125,0,0.959244098813515
2003,7,17,0.00247645867057145,0,0.00208496100822231,0,0.888944899191068
2003,7,18,0.0217833109200001,0,0.0200750912244985,0,0.816377931129275
2003,7,19,0.178785488009453,0,0.552456024139246,0,0.761952732116219
2003,7,20,3.69887447357178,0,3.23308204745081,0,0.786897644283265
2003,7,21,6.67386674880981,0,5.44834741148043,0,1.23137003981222
2003,7,22,1.28065609931946,0,4.68653637301577,0,1.39237792247862
2003,7,23,0.060041818767786,0,1.08265596875572,0,1.06355906809409
2003,7,24,0.00537932431325316,0,0.108642228036842,0,0.932031526340274
2003,7,25,0,0,0.00375674300630635,0,0.850393700787402
2003,7,26,0.222604155540466,0,0.0672788537249289,0,0.780094501164954
2003,7,27,2.85295176506043,0,1.54638313394935,0,0.741543302761288
2003,7,28,3.25786447525024,0,2.91900970921051,0,0.700724389984852
2003,7,29,5.39314556121826,0,3.93345316180785,0,0.702992104357622
2003,7,30,0.0855417102575302,0,4.68800224657207,0,0.693921246866542
2003,7,31,3.51926517486572,0,2.02399546147899,0,0.653102388156681
2003,8,1,4.1203989982605,0,3.73530755715728,0,0.696188961239312
2003,8,2,7.58662176132202,0,6.3960420350486,0,0.696188961239312
2003,8,3,3.77371191978455,0,5.19755484251982,0,0.707527533103162
2003,8,4,7.70113372802734,0,5.25225911741654,0,0.698456675612082
2003,8,5,3.44201517105103,0,6.71731237263521,0,0.748346445879598
2003,8,6,0.596948564052582,0,2.07175684625872,0,0.709795301542507
2003,8,7,0.0622693970799446,0,0.278231608277565,-1.81898940354586e-12,0.644031476599025
2003,8,8,0.137297049164772,0,0.079310224225992,1.81898940354586e-12,0.598677189143624
2003,8,9,0,0,0.088518640390248,0,0.571464562603808
2003,8,10,0.00412290263921022,0,0.00201954238036706,0,0.537448792945682
2003,8,11,0.00678741652518511,0,0.00539558872696944,0,0.514771649217981
2003,8,12,0.508870124816895,0,0.246794810240317,0,0.505700791726901
2003,8,13,0.157892569899559,0,0.263471614876835,0,0.507968506099671
2003,8,14,9.04212951660156,0,3.76595864660703,0,0.496629934235821
2003,8,15,7.05378341674805,0,8.09986049156578,0,0.507968506099671
2003,8,16,0.763584077358246,0,5.10920058617921,0,0.517039363590751
2003,8,17,1.01944887638092,0,0.88505278759294,0,0.510236220472441
2003,8,18,1.92295825481415,0,1.40209362984388,1.81898940354586e-12,0.514771649217981
2003,8,19,0.000371798145351931,0,1.47453503333054,-1.81898940354586e-12,0.48755907674474
2003,8,20,0.402844041585922,0,0.316395159748936,0,0.48529136237197
2003,8,21,1.61439406871796,0,0.842465788464324,0,0.641763762226255
2003,8,22,2.45840740203857,0,2.1600795680115,0,0.616818904125784
2003,8,23,0.426805317401886,0,1.93339362341067,0,0.687118103748231
2003,8,24,5.27968692779541,0,1.18563811228887,0,0.644031476599025
2003,8,25,8.4891471862793,0,6.50440678875748,0,0.575999991349348
2003,8,26,4.45163869857788,0,6.26176913085328,0,0.544251990130567
2003,8,27,6.35656404495239,0,4.98683975979839,0,0.512503934845211
2003,8,28,0.872847199440002,0,3.02902231181361,0,0.530645649827371
2003,8,29,5.18718385696411,0,3.65158374545899,0,0.503433077354131
2003,8,30,11.0039167404175,0,8.45024580588688,0,0.507968506099671
2003,8,31,5.04789113998413,0,7.48516594158537,0,0.551055133248877
2003,9,1,6.69280099868774,0,5.83436423592866,0,0.510236220472441
2003,9,2,5.92667722702026,0,6.47470818399597,0,0.548787418876107
2003,9,3,3.47642016410828,0,4.57230978404186,0,0.532913364200141
2003,9,4,0.108665153384209,0,1.90311517450027,0,0.503433077354131
2003,9,5,0.171444341540337,0,0.127886358732212,0,0.4830236479992
2003,9,6,6.45478963851929,0,3.32437123409727,0,0.467149593323235
2003,9,7,4.5269341468811,0,5.55498776859895,0,0.517039363590751
2003,9,8,0.769404828548431,0,3.6423827303388,0,0.523842506709061
2003,9,9,0.0934999287128448,0,0.563415346316106,0,0.501165362981361
2003,9,10,4.69073581695557,0,0.823237882488684,0,0.492094505490281
2003,9,11,4.52656126022339,0,4.18511713877706,0,0.505700791726901
2003,9,12,3.69457197189331,0,4.39895402888942,0,0.48529136237197
2003,9,13,13.4989404678345,0,6.85078653879646,1.81898940354586e-12,0.505700791726901
2003,9,14,2.45726656913757,0,7.35082331062222,-1.81898940354586e-12,0.560125990739958
2003,9,15,0.0149360643699765,0,0.866769661912258,0,0.496629934235821
2003,9,16,0.00395727483555675,0.00195900881408306,0.00749731930227426,0,0.48755907674474
2003,9,17,2.57966995239258,1.29180333146542,1.61756033776328e-05,0,0.464881878950464
2003,9,18,5.08259677886963,1.66658286433994,2.16454919047283,0.76151082828801,0.428598421952856
2003,9,19,1.03359794616699,0.893626302540724,2.16330888455195,0.761074475813075,0.444472449595534
2003,9,20,3.9884512424469,0.516798992250187,1.99422554725243,4.51086817348551,0.460346450204924
2003,9,21,3.64422917366028,0,3.80074058213722,0,0.535181078572912
2003,9,22,0.566872656345367,0,2.57620478206445,0,0.510236220472441
2003,9,23,6.9904956817627,0,1.8511669098225,0,0.480755879559855
2003,9,24,7.23286581039429,0,6.70677709352458,0,0.498897648608591
2003,9,25,4.20150470733643,0,6.60092077271656,0,0.539716561385027
2003,9,26,1.00938129425049,0,2.18058051911794,0,0.591873991958738
2003,9,27,2.88558316230774,-1.81898940354586e-12,1.97521124566447,-1.81898940354586e-12,0.578267705722118
2003,9,28,0.193958520889282,1.81898940354586e-12,2.00283735229823,1.81898940354586e-12,0.705259818730392
2003,9,29,0.00629916787147522,0,0.207697715361064,0,0.972850385050135
2003,9,30,2.30914306640625,0,1.10912668686069,0,1.03634649562085
2003,10,1,0,0,1.27980821850906,0,1.01366924376
2003,10,2,0,0,0.00359382229908078,0,0.904818899800458
2003,10,3,5.36455678939819,0,1.52992203159738,0,0.857196843905712
2003,10,4,5.69158411026001,0,5.08028119795381,0,0.916157471664308
2003,10,5,2.22847461700439,0,2.70700211907752,0,0.947905472883089
2003,10,6,0.0702912732958794,0,1.29572655315314,0,0.852661415160172
2003,10,7,0.0210691913962364,0,0.0642162304575322,0,0.809574788010965
2003,10,8,0,0,0.0780266850306361,0,0.752881874625138
2003,10,9,1.38068747520447,0,1.10635799950433,0,0.714330730288048
2003,10,10,0.92510974407196,0,1.22372689569602,0,0.655370102529451
2003,10,11,0.516684472560883,0,0.717654248772305,0,0.634960619107945
2003,10,12,0,0,0.152856198095833,0,0.578267705722118
2003,10,13,0,0,0,0,0.619086618498554
2003,10,14,0.124236017465591,0.0621191432419437,0,0,0.557858276367187
2003,10,15,0.00137639523018152,0.0630183260200283,0,0,0.748346445879598
2003,10,16,0.0113018043339252,0.00600297214259626,0,0,0.984189010980561
2003,10,17,0.738400042057037,0.374790063973705,0,0,0.913889811358114
2003,10,18,9.14257717132568,0.89836978994208,4.04211644168026,0.849564877958983,0.523842506709061
2003,10,19,4.66529655456543,0.529220155029179,6.3749294826448,1.08395477012891,0.473952736441545
2003,10,20,0.0584101267158985,-1.81898940354586e-12,3.90822946598564,0,0.455811021459384
2003,10,21,4.79718732833862,0,2.55393162270047,0,0.578267705722118
2003,10,22,5.42074394226074,0,5.10896749477433,0,0.442204735222764
2003,10,23,3.36554503440857,0,4.39314222857138,0,0.430866136325626
2003,10,24,10.5476198196411,0,6.48357719072556,0,0.414992135716236
2003,10,25,10.5702543258667,0,10.5552749353028,0,0.462614164577694
2003,10,26,3.20255446434021,0,6.02993790503206,0,0.48529136237197
2003,10,27,1.34868907928467,0,2.10423450996132,0,0.449007878341074
2003,10,28,0.0491156205534935,0.0245593509298487,0.674302234070638,0,0.424062993207316
2003,10,29,0.185251176357269,0.117039106071388,0,0,0.394582679328017
2003,10,30,0.00655850861221552,0.096060622987352,0,0,0.358299222330409
2003,10,31,0.0306815020740032,0.0177495002808428,0,0,0.33335433719665
2003,11,1,0.000202866591280326,0.0153316558462393,0,0,0.32655119407834
2003,11,2,0.186197206377983,0.0926428626535198,0,0,0.317480309553972
2003,11,3,0,0.093916191797689,0,0,0.317480309553972
2003,11,4,0.00053676130482927,0.000293952180072665,0,0,0.319748023926742
2003,11,5,0.0279742907732725,0.0144293245648441,0,0,0.33108662282388
2003,11,6,0.170283824205399,0.0977931561246805,0,0,0.335622051569421
2003,11,7,0.489684343338013,0.328116956381564,0,0,0.33335433719665
2003,11,8,5.02571535110474,2.75373047532412,0,0,0.32655119407834
2003,11,9,3.02132296562195,4.03802732890654,0,0,0.310677166435662
2003,11,10,0.692226886749268,1.87770070705665,0,0,0.303874023317352
2003,11,11,8.13358879089356,4.4018180093226,0,0,0.299338594571812
2003,11,12,6.87120676040649,7.48371576925456,0,0,0.292535424420214
2003,11,13,6.86658763885498,6.86800401874461,0,0,0.285732281301904
2003,11,14,10.1814231872559,8.61811940647385,0,0,0.278929138183594
2003,11,15,7.74799108505249,8.9201931372827,0,-1.81898940354586e-12,0.272125995065284
2003,11,16,2.54635357856751,4.98388839359541,0,1.81898940354586e-12,0.265322824913686
2003,11,17,2.67227935791016,2.6445554017846,-1.81898940354586e-12,-1.81898940354586e-12,0.258519681795376
2003,11,18,1.07640492916107,2.0391547755753,1.81898940354586e-12,1.81898940354586e-12,0.256251967422605
2003,11,19,0.283650457859039,0.785708713741769,0,0,0.251716538677065
2003,11,20,0.0244086515158415,0.158035178299542,0,0,0.249448824304295
2003,11,21,0.951815724372864,0.52478946035626,1.81898940354586e-12,0,0.249448824304295
2003,11,22,3.56631398200989,2.06046825879093,-1.81898940354586e-12,0,0.244913395558755
2003,11,23,4.31534671783447,4.03279582578762,-1.81898940354586e-12,0,0.242645681185985
2003,11,24,1.71692633628845,2.93042957498619,1.81898940354586e-12,0,0.238110225407157
2003,11,25,2.36477017402649,2.09749170709074,0,0,0.233574796661617
2003,11,26,1.20451390743256,2.0588781960505,0,0,0.229039367916077
2003,11,27,0.0368442460894585,0.408646969155598,0,0,0.226771653543307
2003,11,28,5.29299783706665,2.42694042782932,0,0,0.224503939170537
2003,11,29,2.65808820724487,3.96690285125806,0,0,0.222236224797767
2003,11,30,9.00217151641846,5.57149907974963,0,0,0.219968510424997
2003,12,1,40.3924331665039,24.5147381768657,0,0,0.218381102254072
2003,12,2,23.513219833374,31.670290942986,0,0,0.217020476333738
2003,12,3,1.75431561470032,12.3159669444103,0,0,0.215433068162813
2003,12,4,1.12656152248383,1.26257341288692,0,0,0.214299210976428
2003,12,5,1.8657283782959,1.60941905300751,0,0,0.213165353790043
2003,12,6,0.36328849196434,0.987147609066596,0,0,0.212031496603658
2003,12,7,0.00869622360914946,0.169158950055134,0,0,0.210897639417273
2003,12,8,0.145237445831299,0.0551859732131561,0,0,0.209763782230888
2003,12,9,0.349365562200546,0.170045183846014,0,0,0.208856693778451
2003,12,10,1.27217531204224,0.673725779255619,0,0,0.207949605326014
2003,12,11,3.68710327148438,2.92822811133919,0,0,0.207269285607526
2003,12,12,5.93019819259644,4.35198861067147,0,0,0.205681890953244
2003,12,13,3.36958932876587,4.26558290464163,0,-1.81898940354586e-12,0.204094482782319
2003,12,14,6.26633930206299,4.38743630615136,0,1.81898940354586e-12,0.202960625595934
2003,12,15,12.7904767990112,9.9486295605293,-1.81898940354586e-12,0,0.201826768409549
2003,12,16,8.12457084655762,10.9031519347282,1.81898940354586e-12,0,0.200692911223164
2003,12,17,5.82633876800537,7.65591085242704,0,0,0.199559054036779
2003,12,18,15.8772525787354,10.2294248799572,0,0,0.198425196850394
2003,12,19,9.17922019958496,12.7106752361851,0,0,0.197291339664009
2003,12,20,6.45980215072632,8.08842173742232,0,0,0.196157482477624
2003,12,21,32.0625076293945,19.5665594047459,0,0,0.195023625291239
2003,12,22,22.6248912811279,27.9714878421109,0,0,0.193889768104854
2003,12,23,13.6297159194946,19.0111630196534,0,1.81898940354586e-12,0.192755910918469
2003,12,24,1.76920187473297,6.76937783713402,0,-1.81898940354586e-12,0.191848822466032
2003,12,25,4.1084361076355,3.06061140273596,0,0,0.190714965279647
2003,12,26,0.494605869054794,2.26810882524296,0,0,0.189581108093262
2003,12,27,0.0218907203525305,0.24557487821221,0,0,0.188447237390233
2003,12,28,0.0948066413402557,0.0434842321028555,0,0,0.187313380203848
2003,12,29,3.85049176216126,2.05380894519112,0,0,0.186406305268055
2003,12,30,3.33117151260376,3.57557714561335,0,-1.81898940354586e-12,0.185499216815618
2003,12,31,1.02167439460754,2.63007379223564,0,1.81898940354586e-12,0.184592128363181
2004,1,1,0.203545808792114,0.940747524682592,0,0,0.184138577378641
2004,1,2,0.0650165006518364,0.210624764547902,0,0,0.183685039910745
2004,1,3,0.0240386966615915,0.0568990819756436,0,0,0.183231502442848
2004,1,4,0.0054560867138207,0.0208538253136794,0,0,0.182777951458308
2004,1,5,0.0689933449029923,0.0382960122278746,0,0,0.182324413990411
2004,1,6,0.00026516942307353,0.0335692552180262,0,0,0.181870863005871
2004,1,7,0.745176613330841,0.386416238750826,0,0,0.181417325537974
2004,1,8,4.87076473236084,3.70708432338506,0,0,0.180963774553434
2004,1,9,0.921177089214325,2.27489853010229,0,0,0.180510237085538
2004,1,10,0.0828905180096626,0.363196411626632,0,0,0.179603148633101
2004,1,11,0.0304937064647675,0.0583611716101586,0,0,0.179149611165204
2004,1,12,3.0129976272583,2.14090043715441,0,1.81898940354586e-12,0.178696060180664
2004,1,13,6.52550888061523,5.63105870364234,0,-1.81898940354586e-12,0.178242522712768
2004,1,14,4.69402456283569,5.18099101693588,0,0,0.177562202994279
2004,1,15,3.10456728935242,3.79485151340305,0,0,0.17688188327579
2004,1,16,9.21896266937256,6.99242078542193,0,0,0.176201577073946
2004,1,17,15.7820014953613,12.2235759571176,1.81898940354586e-12,0,0.175067719887561
2004,1,18,3.49069452285767,8.6834211784244,-1.81898940354586e-12,0,0.173480311716635
2004,1,19,1.90223181247711,2.73980129758093,0,0,0.171892917062354
2004,1,20,4.28569984436035,2.61370926332529,0,0,0.170305508891429
2004,1,21,1.10475301742554,3.64255399633294,0,0,0.168718114237147
2004,1,22,2.43015742301941,2.05623476256369,0,0,0.167130706066222
2004,1,23,0.29769566655159,1.14910460502142,0,0,0.16554331141194
2004,1,24,0.252394646406174,0.279086918342728,0,0,0.163955903241015
2004,1,25,0,0.103392226616052,0,1.81898940354586e-12,0.162141726336141
2004,1,26,0,-1.81898940354586e-12,0,-1.81898940354586e-12,0.160327562947912
2004,1,27,0,0,0,0,0.158513386043038
2004,1,28,0,0,0,0,0.156699209138164
2004,1,29,0.000199164322111756,3.40414662787225e-05,0,0,0.154885045749935
2004,1,30,2.06438088417053,0.352995044555428,0,0,0.153070868845061
2004,1,31,0.0964430645108223,0.932514267111401,0,0,0.152617317860521
2004,2,1,0.0645255520939827,0.0799845588080643,0,0,0.152163780392624
2004,2,2,0.66767829656601,0.495209710099516,0,0,0.151710242924728
2004,2,3,2.50710344314575,1.37592067696278,0,0,0.151256691940187
2004,2,4,9.27299404144287,5.43425503948129,0,0,0.150803154472291
2004,2,5,4.1297287940979,5.36753371348277,0,0,0.150349603487751
2004,2,6,6.42326211929321,5.9406037505214,0,0,0.149896066019854
2004,2,7,5.82018804550171,6.03487873470476,0,0,0.149215746301366
2004,2,8,12.4045391082764,10.0665749970794,0,0,0.148762208833469
2004,2,9,27.5791473388672,6.20226863610697,13.789575710347,2.20285264224913,0.148308657848929
2004,2,10,0.0721158534288406,0.0358898199083342,13.8538624793564,2.2131223040542,0.146948031928596
2004,2,11,3.72011733055115,0.0366212534427177,1.83099929175296,3.3148799777955,0.145587406008262
2004,2,12,2.91617751121521,1.44029228748332,1.88276131256316,3.40859103883849,0.144226766571285
2004,2,13,0.955487966537476,1.93542255992543,0,1.81898940354586e-12,0.142866140650952
2004,2,14,0.308368772268295,0.815912860105527,0,0,0.141732283464567
2004,2,15,0.0100971106439829,0.279697682044571,0,0,0.140598426278182
2004,2,16,1.47739386558533,0.605302847419807,0,0,0.139691337825745
2004,2,17,2.23674845695496,1.74012678848521,0,0,0.138784249373308
2004,2,18,1.21342754364014,2.05352714675246,0,0,0.137877160920872
2004,2,19,3.81224513053894,2.52228163242216,0,0,0.136970072468435
2004,2,20,7.18262672424316,5.66741668151917,0,0,0.136062997532642
2004,2,21,2.78807306289673,3.59131759215234,1.39403488947573,1.71370698819192,0.135155909080205
2004,2,22,0.35956609249115,0.179291067348458,1.39785133250916,1.71839859608917,0.134248820627768
2004,2,23,3.68823575973511,1.96570361398881,0,0,0.133341732175331
2004,2,24,0.143940180540085,2.68072075098462,0,0,0.132434643722895
2004,2,25,0.0764677226543427,0.240822266528994,0,0,0.13130078653651
2004,2,26,0.267386794090271,0.132921048803837,0,0,0.131074017802561
2004,2,27,0.00160777079872787,0.119954955815047,0,0,0.130620466818021
2004,2,28,0,0.00195968664593238,0,0,0.130393698084073
2004,2,29,0.134246304631233,0.0845402458016906,0,0,0.130166929350125
2004,3,1,0.0963925123214722,0.140203856088192,0,0,0.129940160616176
2004,3,2,3.02883434295654,1.95150018435015,0,1.81898940354586e-12,0.129486609631636
2004,3,3,4.79855871200562,3.50565876973815,0,-1.81898940354586e-12,0.128806303429791
2004,3,4,2.39232134819031,4.39281044544259,0,0,0.128125983711303
2004,3,5,2.26163554191589,2.59677214834301,0,0,0.127445663992814
2004,3,6,11.8798675537109,7.09591555034967,0,0,0.12676535779097
2004,3,7,15.834921836853,15.1185314671548,0,0,0.126085038072481
2004,3,8,18.3311500549316,17.6775678816957,0,0,0.125404718353992
2004,3,9,11.0647144317627,16.716170387248,0,0,0.124724412152148
2004,3,10,5.84765386581421,9.1010547339356,0,0,0.124044092433659
2004,3,11,8.7927713394165,6.74042811487016,0,0,0.123363786231814
2004,3,12,1.03301155567169,6.4465585007747,0,0,0.122683466513326
2004,3,13,0.126104786992073,0.667768274508489,0,0,0.122003146794837
2004,3,14,5.13819980621338,1.29885435937649,0,0,0.121322840592993
2004,3,15,4.01615476608276,4.78232454546014,0,0,0.120642520874504
2004,3,16,0.0335106030106545,2.28160270604349,0,0,0.119962201156015
2004,3,17,0.66983962059021,0.388138742622687,-1.81898940354586e-12,-1.81898940354586e-12,0.119281894954171
2004,3,18,2.85488772392273,1.31600036733471,1.81898940354586e-12,1.81898940354586e-12,0.118601575235682
2004,3,19,0.503635704517365,2.4159257298943,0,0,0.117921255517194
2004,3,20,0.152525901794434,0.557281950324978,0,0,0.117240949315349
2004,3,21,0,0.116633839847054,0,0,0.11656062959686
2004,3,22,0,0.00751783861051081,0,0,0.115880309878372
2004,3,23,0,0.0198120597306115,0,0,0.115200003676527
2004,3,24,0.89727133512497,0.617380195022633,0,0,0.114519683958039
2004,3,25,1.29141306877136,0.970488535855111,0,0,0.11383936423955
2004,3,26,0.0647466331720352,0.723559228676095,0,0,0.112932282545435
2004,3,27,3.40395545959473,1.20407266265647,0,0,0.11179842535905
2004,3,28,11.7191591262817,6.26176898502672,0,0,0.110664568172665
2004,3,29,15.7774038314819,13.6006065059355,0,0,0.10930393549401
2004,3,30,4.98200035095215,9.9879469399948,0,0,0.107943309573677
2004,3,31,0.709229528903961,1.9695878349321,0,0,0.106582676895021
2004,4,1,4.51938247680664,2.87033356667598,0,0,0.104995275482418
2004,4,2,23.5057258605957,12.4319189174075,0,-1.81898940354586e-12,0.103407874069815
2004,4,3,9.04819297790527,11.7528638220738,4.52409614566932,3.76324808299796,0.101820472657211
2004,4,4,4.67379665374756,0,6.89372013561115,6.12956322763057,0.10000630251066
2004,4,5,0,6.59394627291476e-05,2.35921820505064,2.36749434333797,0.0979653568718377
2004,4,6,0.00226487149484456,0.00161302058950241,0,0,0.0959244112330159
2004,4,7,0.540498614311218,0.00113059030809382,0.270689710463557,4.72391087788674,0.0938834655941941
2004,4,8,0.032546553760767,0,0.291966913395299,7.13457000342169,0.0918425199553723
2004,4,9,0.0396284162998199,0.0123937029238732,0.0235934707670822,2.43509094336514,0.0900283498088206
2004,4,10,0.113215930759907,0.0685810133945779,0.00718504696305899,0,0.0884409416378952
2004,4,11,9.50394678511657e-05,0.0567355245166255,0,0,0.0868535402252918
2004,4,12,2.14488053321838,1.06905854646175,0,0,0.0850393700787402
2004,4,13,2.07005429267883,2.0877286608229,0,-1.81898940354586e-12,0.0834519686661367
2004,4,14,0.219418838620186,1.03502732575726,0.109709400296197,4.69549858335995,0.0823181114797517
2004,4,15,0.000768922851420939,0,0.110803261939509,6.20200443197791,0.0816377985195851
2004,4,16,0.367575824260712,0.184860865496375,0.000382216941943625,1.47700395404536,0.0814110230273149
2004,4,17,0.574350416660309,0.470737169509448,0,0,0.0811842542933667
2004,4,18,0.0235472060739994,0.292922700602503,0,-1.81898940354586e-12,0.0809574788010965
2004,4,19,1.4583904430765e-06,0.0179261161883915,0,1.81898940354586e-12,0.0814110230273149
2004,4,20,0.00161102740094066,0.0017799937613745,0,0,0.0816377985195851
2004,4,21,0.0134249152615666,0.00290013749145146,0.0046178214779502,0.317585830305688,0.0861732272651252
2004,4,22,4.20920276641846,1.68649170512072,0.428081812022356,0.317093032417688,0.0934299213679757
2004,4,23,4.21162796020508,2.27367434936969,1.93674101306169,0.401541623017692,0.0970582684194009
2004,4,24,2.27828073501587,0.582021690837792,2.64682157994139,1.85496353617782,0.10227401688343
2004,4,25,2.37280893325806,0,2.32528655543319,8.90328650277115,0.119508663688119
2004,4,26,2.83413815498352,0,2.54780224348724,15.195320579156,0.128579521179199
2004,4,27,0.0616114400327206,0,1.44302215603966,10.8765963856113,0.129940160616176
2004,4,28,0.0184809621423483,0,0.0467831268906593,6.1473518760231,0.138784249373308
2004,4,29,0.00260670157149434,0,0.0110266295851034,15.2474194092029,0.166223617613785
2004,4,30,0.00053662114078179,0,0.00159903666826722,29.1034728160485,0.258519681795376
2004,5,1,4.00728464126587,0,1.98952236603691,40.0903757299257,0.446740163968304
2004,5,2,1.89467716217041,0,2.98212501273883,40.4427881167812,0.612283475380244
2004,5,3,0,0,1.14909776747663,36.6691326338441,0.723401587779128
2004,5,4,0.000687436026055366,0,0.000489156973344507,38.4769032383883,0.839055128923551
2004,5,5,4.23688325099647e-05,0,0.00018401573470328,39.0213449453077,0.807307073638195
2004,5,6,0.459927558898926,0,0.255124938566951,43.3568714757785,0.916157471664308
2004,5,7,0.637545645236969,0,0.530474623970804,46.2609525609605,1.06582672840028
2004,5,8,0.722365200519562,0,0.680077900380638,43.1236155472452,1.34475586658388
2004,5,9,2.35571265220642,1.81898940354586e-12,1.52862470164655,38.312253917833,1.53524409016286
2004,5,10,0.0109863830730319,-1.81898940354586e-12,1.23282600660241,36.4502384774369,1.45587403304934
2004,5,11,0.00552574964240193,0,0.00823665465577506,39.4708821075674,1.49896066019854
2004,5,12,0.0103877447545528,0,0.0079422608960158,47.7112071908541,1.71892911655696
2004,5,13,0,0,0.00538450781277788,55.1919801574204,2.19061413862574
2004,5,14,0.00774448085576296,0,0.00383717087424884,47.2361800752387,2.81196841743049
2004,5,15,0,0,0.00391042763658334,0,3.53763788178211
2004,5,16,0.0168372299522161,0,0.0083990857056051,0,4.12724426750123
2004,5,17,0.0675151497125626,-1.81898940354586e-12,0.0421000388741959,-1.81898940354586e-12,3.71905503160372
2004,5,18,0.0770165920257568,1.81898940354586e-12,0.0723033464346372,1.81898940354586e-12,3.2201574370617
2004,5,19,0.134071603417397,0,0.105567493883427,0,3.56031491737666
2004,5,20,0.00372405140660703,-1.81898940354586e-12,0.068381462349862,0,4.10456701564038
2004,5,21,0.0414478406310082,1.81898940354586e-12,0.022206453146282,0,3.85511811023622
2004,5,22,0.0313450396060944,1.81898940354586e-12,0.0362856233332423,0,3.44692909060501
2004,5,23,0,-1.81898940354586e-12,0.0161884449098579,0,3.83244085837537
2004,5,24,1.22583186626434,0,0.613023332374723,0,4.7848819762703
2004,5,25,2.35286951065064,0,1.76593244127798,0,4.46740174781619
2004,5,26,2.88191556930542,0,2.61747689007461,0,2.67590555506428
2004,5,27,1.52695059776306,0,2.17945012624114,0,2.12485036774883
2004,5,28,0.069991797208786,1.81898940354586e-12,0.677177995330567,0,2.04548041876845
2004,5,29,0.0182337686419487,-1.81898940354586e-12,0.0614556439468288,0,1.93436214416984
2004,5,30,1.34524297714233,0,0.244068612319097,0,1.82324408583754
2004,5,31,0.96164858341217,0,1.15414079224138,0,1.61914957602193
2004,6,1,0.0371554829180241,0,0.742678775872264,0,1.72573231374185
2004,6,2,0.130609631538391,0,0.0984432592376834,0,1.71212602750523
2004,6,3,0.304508566856384,0,0.17137747736524,0,1.51483460674136
2004,6,4,0.00262290122918785,0,0.220156315035638,0,1.98198420006459
2004,6,5,3.39533305168152,0,1.06421242767283,0,2.92535424420214
2004,6,6,1.69925379753113,0,2.52142707947496,0,4.85291329932025
2004,6,7,0.0762524306774139,0,0.893305092387891,0,5.73732266163263
2004,6,8,1.31373858451843,0,0.693502786642057,0,5.62393683486097
2004,6,9,3.28898096084595,0,2.19556135034327,0,3.56031491737666
2004,6,10,0.799929797649384,0,2.0634952010605,0,2.17020465520423
2004,6,11,0.108924634754658,0,0.649950025994258,0,1.72799997404804
2004,6,12,0.0214483961462975,0,0.120541894297276,0,1.55338580514502
2004,6,13,1.85651791095734,0,1.24712780087975,0,1.7733543696366
2004,6,14,2.30800652503967,0,2.08660683268681,0,2.42645664966013
2004,6,15,0,1.81898940354586e-12,0.538570244783841,0,3.15212589774545
2004,6,16,0.0123730329796672,-1.81898940354586e-12,0.0104454688043916,0,2.85732292115219
2004,6,17,0.0148221207782626,0,0.0144479788359604,0,2.78929138183594
2004,6,18,0.0134497871622443,0,0.0145284590962547,0,3.1748031496063
2004,6,19,0,0,0.00977394861001812,0,3.28818897637795
2004,6,20,0.0177610274404287,0,0.00711724705615779,0,3.03874007097379
2004,6,21,0.144499227404594,0,0.067655671535249,0,2.69858259065883
2004,6,22,0.432202696800232,0,0.257224197132018,0,2.67590555506428
2004,6,23,0.0828717723488808,0,0.292577681570037,0,2.58519676388718
2004,6,24,0.00821164529770613,0,0.0555926002598426,0,2.33574807474932
2004,6,25,0.0341164022684097,0,0.0217681504436769,0,2.18154328113466
2004,6,26,0.910942852497101,0,0.519382866197702,0,2.04548041876845
2004,6,27,4.35637092590332,0,3.49598935526228,0,2.00692922036479
2004,6,28,3.87492918968201,0,4.17635157644691,0,2.15659847710076
2004,6,29,1.30006945133209,0,2.49587956176947,-1.81898940354586e-12,1.86859837329294
2004,6,30,4.21935844421387,0,1.74677709481693,1.81898940354586e-12,1.87313391017163
2004,7,1,5.70874404907227,0,4.39965286793813,0,1.82324408583754
2004,7,2,2.34725618362427,0,3.37658519945035,0,1.75974808339998
2004,7,3,0.515071272850037,0,1.95480977232728,0,1.64409448818898
2004,7,4,1.32696115970612,0,0.912784531084981,0,1.52390546423244
2004,7,5,0.537854194641113,1.81898940354586e-12,0.865516196819954,0,1.38103940468135
2004,7,6,1.20497512817383,-1.81898940354586e-12,0.950979005063346,0,1.25631495197927
2004,7,7,0.0271791201084852,-1.81898940354586e-12,0.423099499992532,0,1.19735437828725
2004,7,8,0.645140886306763,1.81898940354586e-12,0.552503151917335,0,1.17694489486574
2004,7,9,2.18419194221497,0,1.81763533843514,0,1.17694489486574
2004,7,10,6.17520904541016,0,3.48787358840673,0,1.7733543696366
2004,7,11,1.61773562431335,0,5.36352044881278,0,1.70985825906588
2004,7,12,0.0151043068617582,0,0.995074701413614,0,1.34475586658388
2004,7,13,0.0354883186519146,0,0.0270894422374113,0,1.21322832483006
2004,7,14,0.195548787713051,0,0.126411517647284,0,1.11571655273437
2004,7,15,0.180583462119102,0,0.186591604595378,0,1.07489758589136
2004,7,16,0,0,0.0779597560522234,0,1.00006295752338
2004,7,17,0,0,0,0,0.932031526340274
2004,7,18,0,0,5.20902740390739e-05,0,0.895748042309378
2004,7,19,0.0207861382514238,0,0.0128722106364876,0,0.850393700787402
2004,7,20,0.443635225296021,0,0.260335937486161,0,0.807307073638195
2004,7,21,0.143977463245392,-1.81898940354586e-12,0.273861230414695,0,0.795968501774345
2004,7,22,0.276273608207703,1.81898940354586e-12,0.409452831458111,0,0.775559072419414
2004,7,23,2.06821084022522,0,1.78376298652438,0,0.791433073028805
2004,7,24,4.88820123672485,0,3.64684047370793,-1.81898940354586e-12,0.993259868471641
2004,7,25,0.637357831001282,0,3.49363225086381,1.81898940354586e-12,1.09303940900667
2004,7,26,2.31371903419495,0,1.02597753929695,0,0.913889811358114
2004,7,27,3.7814576625824,0,2.91735135887757,0,0.859464558278482
2004,7,28,3.98888468742371,0,3.87232564574515,0,0.893480327936608
2004,7,29,2.3154034614563,0,2.90444045056211,0,0.959244098813515
2004,7,30,1.00216364860535,0,1.81930187418584,0,0.845858272041862
2004,7,31,1.23749053478241,0,1.04640558762731,0,0.773291358046644
2004,8,1,2.38312005996704,-1.81898940354586e-12,1.5494742171395,0,0.795968501774345
2004,8,2,9.05826854705811,1.81898940354586e-12,3.571190977269,0,1.46494489054042
2004,8,3,4.88376045227051,0,7.84318272876044,0,1.42185826339121
2004,8,4,2.12210774421692,0,4.50694299401039,0,1.15426775113804
2004,8,5,0.38171911239624,0,1.47358920755505,0,1.04541735311193
2004,8,6,0,-1.81898940354586e-12,0.174875411054018,-1.81898940354586e-12,0.943370044137549
2004,8,7,0.00057359243510291,1.81898940354586e-12,8.13042533991393e-05,1.81898940354586e-12,0.850393700787402
2004,8,8,0,0,0.000429590738349361,0,0.798236216147115
2004,8,9,0.00630799541249871,0,0.00116224231715023,0,0.755149588997909
2004,8,10,7.99058341979981,1.81898940354586e-12,3.08135824784586,0,0.709795301542507
2004,8,11,0.0893644094467163,-1.81898940354586e-12,5.35114957122823,0,0.802771644892655
2004,8,12,1.06954443454742,0,0.390091522172952,0,0.829984271432471
2004,8,13,0.00411951588466764,0,0.368663774177549,0,0.757417303370679
2004,8,14,0,0,0.00157097225746838,0,0.712063015915278
2004,8,15,0,0,0,0,0.659905531274991
2004,8,16,0.00120226375292987,0,0.000206882063139346,0,0.648566905344565
2004,8,17,0.00457286695018411,0,0.00171005818992853,0,0.634960619107945
2004,8,18,0.0333553552627564,0,0.0094771802851028,0,0.614551189753014
2004,8,19,5.04700231552124,0,1.06881366863126,0,0.630425190362405
2004,8,20,0.512195289134979,0,2.81480796221149,0,0.823181128314161
2004,8,21,0.40076220035553,0,0.497168697345842,0,0.786897644283265
2004,8,22,0.0486377775669098,1.81898940354586e-12,0.320629759717122,1.81898940354586e-12,0.718866159033588
2004,8,23,5.75285594095476e-05,-1.81898940354586e-12,0.0482208227131196,-1.81898940354586e-12,0.657637816902221
2004,8,24,2.37343549728394,0,1.52224080011001,0,0.614551189753014
2004,8,25,2.21964907646179,0,2.35017012964454,0,0.843590557669091
2004,8,26,4.55707120895386,0,3.23153702409945,0,0.841322843296321
2004,8,27,5.57186603546143,0,4.9838083300474,0,0.893480327936608
2004,8,28,2.20838379859924,0,5.05427017267357,0,0.868535415769562
2004,8,29,0.197085067629814,0,1.68811270332117,0,0.798236216147115
2004,8,30,0.560453355312347,0,0.307570917248086,0,1.00913381501446
2004,8,31,0.0212980341166258,-1.81898940354586e-12,0.31080968054448,-1.81898940354586e-12,0.886677184818298
2004,9,1,0.0171330738812685,1.81898940354586e-12,0.0184526909361011,1.81898940354586e-12,0.777826786792184
2004,9,2,10.5586185455322,0,4.56146856810665,1.81898940354586e-12,0.811842502383735
2004,9,3,7.87036991119385,0,8.65737980939048,-1.81898940354586e-12,1.30620477631336
2004,9,4,3.26722240447998,0,5.17984849755703,0,1.25631495197927
2004,9,5,0.925978064537048,0,2.3432959811089,0,1.09757483775221
2004,9,6,0.672837734222412,0,0.881707981185173,0,0.993259868471641
2004,9,7,0.000237225351156667,0,0.326169720781763,0,0.898015756682148
2004,9,8,0.000923312676604837,0,0.000504553472637781,0,0.818645645502045
2004,9,9,0.000420316733652726,0,0.00137559611357574,0,0.782362215537725
2004,9,10,0.00867191608995199,0,0.0859337401179801,0,0.757417303370679
2004,9,11,0.830368101596832,0,0.700282226960553,0,0.748346445879598
2004,9,12,13.8976793289185,0,8.81206236260368,0,0.768755929301104
2004,9,13,7.67936897277832,0,11.9581312949031,0,1.09757483775221
2004,9,14,1.56326448917389,0,5.45117567885973,0,1.10664569524329
2004,9,15,0.787955045700073,0,1.282590467521,0,0.950173241322435
2004,9,16,0.13464766740799,0,0.688180710963934,0,0.852661415160172
2004,9,17,0.511746942996979,0,0.330132422717725,-1.81898940354586e-12,0.793700787401575
2004,9,18,0.000400761258788407,0,0.108535710824071,3.63797880709171e-12,0.746078731506828
2004,9,19,0.879113554954529,0,0.153425057727873,-1.81898940354586e-12,0.696188961239312
2004,9,20,15.0537614822388,1.81898940354586e-12,7.00167336832419,0,0.700724389984852
2004,9,21,7.24213409423828,-1.81898940354586e-12,13.3753887539206,0,1.01820467250554
2004,9,22,2.47490763664246,0,6.16907210888894,0,1.01366924376
2004,9,23,12.9263830184937,0,8.82706754767787,1.81898940354586e-12,0.929763757900929
2004,9,24,4.3308253288269,0,10.4167891613342,-1.81898940354586e-12,0.895748042309378
2004,9,25,2.18447184562683,0,3.6774379803519,0,0.825448842686931
2004,9,26,24.1549205780029,0,11.2339062579067,0,0.798236216147115
2004,9,27,6.67541074752808,0,12.8782777411525,0,0.975118153489481
2004,9,28,2.45673584938049,0,3.35350022743478,0,0.963779527559055
2004,9,29,2.9937596321106,0,2.79984078078087,0,0.898015756682148
2004,9,30,2.1181628704071,0,2.69192972355813,0,0.907086614173228
2004,10,1,10.3466901779175,0,3.84459740124657,0,1.29486615038294
2004,10,2,6.21116876602173,0,9.19427267237552,0,1.48762203426812
2004,10,3,6.35009384155273,0,7.08868467843604,0,1.39691335122416
2004,10,4,11.8909101486206,0,11.1095728674882,0,1.16333860862912
2004,10,5,12.7022752761841,0,12.399381269377,0,1.12478741022546
2004,10,6,4.59369516372681,0,10.6723823579814,0,1.16333860862912
2004,10,7,0.744685828685761,0,3.98211556116257,0,1.03861415592704
2004,10,8,3.23337006568909,0,2.27291143963157,0,0.966047295998401
2004,10,9,1.84842562675476,0,2.57058591804889,0,0.938834615392009
2004,10,10,0.135148659348488,0,1.48870951523713,0,0.904818899800458
2004,10,11,0.143286883831024,0,0.245443066358348,0,0.866267701396792
2004,10,12,4.49516773223877,0,1.26721780606567,0,0.816377931129275
2004,10,13,0.996329784393311,0,3.85230691342986,0,0.970582724743941
2004,10,14,3.00533246994019,0,2.24275085372392,0,0.888944899191068
2004,10,15,1.5242395401001,0,2.39703493385787,0,0.859464558278482
2004,10,16,0.285597324371338,0.0859081759372202,0.825508446201638,0,0.759685017743449
2004,10,17,0.0299182776361704,0.101113202885244,0.057087830713499,0,0.709795301542507
2004,10,18,0.235245332121849,0.133353628838449,0,0,0.680314960629921
2004,10,19,1.01016581058502,0.62064691276646,0,0,0.653102388156681
2004,10,20,0,0.507068655371768,0,0,0.619086618498554
2004,10,21,0.623759090900421,0.310544105508598,-1.81898940354586e-12,0,0.589606277585968
2004,10,22,1.49732196331024,1.05751453052835,1.81898940354586e-12,0,0.598677189143624
2004,10,23,1.07072019577026,1.27585081751386,0,0,0.614551189753014
2004,10,24,5.56117391586304,3.3037112812799,0,0,0.630425190362405
2004,10,25,4.91290140151978,5.23691571525706,-1.81898940354586e-12,0,0.634960619107945
2004,10,26,4.40743207931519,4.67329778907151,1.81898940354586e-12,0,0.628157475989635
2004,10,27,3.20067191123962,2.20371573973353,1.60033617340923,3.59710915079086,0.610015761007474
2004,10,28,12.1943645477295,0,7.73596281689606,10.2491331231759,0.589606277585968
2004,10,29,11.3792543411255,-1.81898940354586e-12,11.7811166407282,5.77737538331166,0.571464562603808
2004,10,30,3.02220606803894,1.5111061296011,5.68961551503162,1.81898940354586e-12,0.555590561994417
2004,10,31,8.638014793396,5.83445092817237,0,0,0.537448792945682
2004,11,1,10.0149126052856,9.31475073873844,0,0,0.519307077963521
2004,11,2,5.145423412323,7.59089068647882,0,0,0.498897648608591
2004,11,3,32.5713005065918,18.8680775761422,0,0,0.4830236479992
2004,11,4,21.1669216156006,27.0422768394274,0,0,0.467149593323235
2004,11,5,3.6583833694458,12.6457308171684,0,0,0.453543307086614
2004,11,6,0.692075252532959,1.91548192432674,0,0,0.439937020849994
2004,11,7,0.00712170591577888,0.34190374505306,0,0,0.426330707580086
2004,11,8,6.7239260673523,3.58576781907868,-1.81898940354586e-12,-1.81898940354586e-12,0.412724421343466
2004,11,9,4.41444969177246,5.54914637377988,1.81898940354586e-12,1.81898940354586e-12,0.401385822446327
2004,11,10,0.107033759355545,1.98133226319624,0,0,0.390047250582477
2004,11,11,0.0523802265524864,0.0745161566792376,0,0,0.378708651685339
2004,11,12,0.934589862823486,0.327552212303999,0,0,0.367370079821489
2004,11,13,2.41045641899109,1.56600445089316,0,1.81898940354586e-12,0.360566936703179
2004,11,14,4.16173124313355,2.91631409142065,0,-1.81898940354586e-12,0.351496052178811
2004,11,15,6.084388256073,4.76363935532572,0,0,0.344692909060501
2004,11,16,0.552786946296692,3.13918047772859,0,0,0.337889765942191
2004,11,17,0.740457594394684,0.667276694421162,0,0,0.32881890845111
2004,11,18,3.8768150806427,1.99003503912172,0,1.81898940354586e-12,0.322015738299513
2004,11,19,3.61670827865601,3.82497696348582,0,-1.81898940354586e-12,0.315212595181202
2004,11,20,9.6330041885376,6.96189779403176,0,0,0.308409452062892
2004,11,21,6.92331790924072,8.17581724319462,0,0,0.303874023317352
2004,11,22,5.0822172164917,6.42236277484153,0,0,0.299338594571812
2004,11,23,4.0815577507019,4.6996399501968,0,0,0.294803138792984
2004,11,24,2.9617326259613,3.83452899601434,0,0,0.290267710047444
2004,11,25,3.52592039108276,3.34348371825399,0,0,0.287999995674674
2004,11,26,2.76457095146179,3.09554367425153,0,0,0.283464566929134
2004,11,27,1.44306075572968,2.20476681096625,0,0,0.281196852556364
2004,11,28,3.56286907196045,2.53951872646394,0,0,0.276661423810824
2004,11,29,2.4941303730011,2.89951804812154,0,0,0.272125995065284
2004,11,30,0.134035646915436,0.925811515675377,0,1.81898940354586e-12,0.269858280692514
2004,12,1,2.03837513923645,0.653471125235228,0,-1.81898940354586e-12,0.265322824913686
2004,12,2,9.78652572631836,1.72141823683342,4.18361150202327,0.770248314467608,0.260787396168146
2004,12,3,3.98583579063416,2.70080882167531,4.18934881108726,0.77130461537854,0.258519681795376
2004,12,4,1.1879153251648,2.9685460274286,0,-1.81898940354586e-12,0.256251967422605
2004,12,5,0.100235104560852,0.631022320514603,0,0,0.251716538677065
2004,12,6,0.704504013061523,0.299481738295071,0,0,0.249448824304295
2004,12,7,0.0515840947628021,0.571530714090841,0,0,0.247181109931525
2004,12,8,1.01966845989227,0.596442455336728,0,0,0.244913395558755
2004,12,9,5.55807781219482,3.29511640628698,1.81898940354586e-12,1.81898940354586e-12,0.244913395558755
2004,12,10,3.04610729217529,4.62153140530973,-1.81898940354586e-12,-1.81898940354586e-12,0.242645681185985
2004,12,11,8.81047248840332,5.61034631396979,0,0,0.242645681185985
2004,12,12,13.3606767654419,11.3055111967769,0,0,0.240377939779927
2004,12,13,1.96387267112732,7.00616813634406,0,0,0.240377939779927
2004,12,14,0.776018023490906,1.19187979353774,0,0,0.240377939779927
2004,12,15,6.42047023773193,2.93497143119566,-1.81898940354586e-12,-1.81898940354586e-12,0.238110225407157
2004,12,16,16.84619140625,11.5129310209049,1.81898940354586e-12,1.81898940354586e-12,0.238110225407157
2004,12,17,16.5304012298584,16.6743956540759,0,0,0.235842511034387
2004,12,18,2.39686584472656,8.29994970040207,1.16369524418951,1.08473731711456,0.235842511034387
2004,12,19,2.39958786964417,1.23113312076748,1.16548792302456,1.08640836083578,0.235842511034387
2004,12,20,1.11566638946533,1.69505843700244,0,0,0.233574796661617
2004,12,21,0.0248714964836836,0.721633821924115,0,0,0.233574796661617
2004,12,22,11.1661643981934,6.2865559868751,0,0,0.233574796661617
2004,12,23,22.4249496459961,5.5830829532697,11.2124733083929,5.08756736911346,0.231307082288847
2004,12,24,5.87955808639526,2.95490004425665,11.1548025145039,5.06139972161327,0.231307082288847
2004,12,25,0.714354872703552,3.28462674133152,0,0,0.231307082288847
2004,12,26,0.245384395122528,0.385536797890381,0,0,0.229039367916077
2004,12,27,18.2122459411621,8.37505670829887,0,0,0.229039367916077
2004,12,28,5.69060039520264,12.2462270703927,0,0,0.229039367916077
2004,12,29,0.340331375598907,1.87887786012834,0,0,0.229039367916077
2004,12,30,0.519574344158173,0.486693849374206,0,0,0.226771653543307
2004,12,31,0.0117848934605718,0.239118484600112,0,0,0.226771653543307
2005,1,1,0,0.00801942333237093,0,0,0.226771653543307
2005,1,2,0.107586778700352,0.0491765985261736,0,0,0.226771653543307
2005,1,3,0.507280707359314,0.390175661179455,0,0,0.226544884809359
2005,1,4,1.32811439037323,1.15663311436765,0,0,0.226318116075411
2005,1,5,3.69793367385864,1.82449880497734,0,0,0.226318116075411
2005,1,6,2.28559136390686,2.78053626850306,0,0,0.226091333824819
2005,1,7,3.87913775444031,3.17627692402493,0,0,0.226091333824819
2005,1,8,1.016073346138,2.68432364326145,0,0,0.22586456509087
2005,1,9,0.76641458272934,0.938252017976993,0,0,0.22586456509087
2005,1,10,0.972948670387268,0.90184102929561,0,0,0.225637796356922
2005,1,11,0.100748248398304,0.697853148305512,0,0,0.225637796356922
2005,1,12,0.00153632822912186,0.102498578984523,0,0,0.225411027622974
2005,1,13,0.00014645850751549,0.0110533986335213,0,0,0.225411027622974
2005,1,14,0.168897271156311,0.103987677854093,1.81898940354586e-12,0,0.225184245372382
2005,1,15,0.118697717785835,0.157474992429343,-1.81898940354586e-12,0,0.225184245372382
2005,1,16,0.749137043952942,0.37257510836389,0,0,0.224957476638434
2005,1,17,0.177196115255356,0.6290236981622,0,0,0.224957476638434
2005,1,18,11.8007116317749,6.46167518096991,1.81898940354586e-12,0,0.224730707904485
2005,1,19,1.7669050693512,6.21194962760819,-1.81898940354586e-12,0,0.224050388185997
2005,1,20,0,1.2040780271891,0,0,0.223370081984152
2005,1,21,2.26510453224182,0.441224127871465,0,0,0.222689762265663
2005,1,22,4.37618970870972,3.13170237578925,0,0,0.222009442547175
2005,1,23,3.20714259147644,3.72193441060881,0,0,0.22132913634533
2005,1,24,0.17742395401001,1.94974258678485,0,0,0.220648816626842
2005,1,25,0,0.124085158264279,0,0,0.219968510424997
2005,1,26,0.790243864059448,0.475893918090151,0,0,0.219288190706508
2005,1,27,9.48367595672607,3.84202691016981,0,0,0.21860787098802
2005,1,28,2.95925211906433,7.07938134654978,0,0,0.217927564786175
2005,1,29,1.81472909450531,2.30075599351767,0,0,0.217247245067687
2005,1,30,7.14634561538696,5.24029612610138,0,0,0.216566925349198
2005,1,31,6.70131921768189,6.82174493125785,0,0,0.215886619147353
2005,2,1,7.93634986877441,7.29530176643857,0,0,0.215206299428865
2005,2,2,10.9402980804443,8.85154450620757,0,0,0.214525979710376
2005,2,3,3.51755332946777,8.06670603314888,0,0,0.213845673508532
2005,2,4,0.590859293937683,1.54566992352738,0,0,0.213165353790043
2005,2,5,0.297635108232498,0.415465629446771,0,0,0.212485034071554
2005,2,6,0.630028545856476,0.395441532939003,0,0,0.21180472786971
2005,2,7,3.02488088607788,2.08235654939381,0,0,0.211124408151221
2005,2,8,3.45312070846558,3.29610752222834,-1.81898940354586e-12,-1.81898940354586e-12,0.210444088432733
2005,2,9,7.68175077438355,5.44611345981139,1.81898940354586e-12,1.81898940354586e-12,0.209763782230888
2005,2,10,3.29124450683594,5.16508475364753,0,0,0.209083462512399
2005,2,11,3.5440833568573,3.43092475554658,0,0,0.208403156310555
2005,2,12,0.802037835121155,2.88071865094389,0,0,0.207722836592066
2005,2,13,0,0.45139720026782,0,0,0.207042516873577
2005,2,14,0.291096210479736,0.142451865962357,0,0,0.206362210671733
2005,2,15,2.34835290908814,0.73020275971794,0,0,0.205681890953244
2005,2,16,1.19371545314789,1.58588097842767,0,0,0.205228339968704
2005,2,17,1.31661856174469,1.25910145943817,0,0,0.204548033766859
2005,2,18,0.563961684703827,1.1944869850613,0,0,0.204094482782319
2005,2,19,0.0467508621513844,0.402997319824863,0,0,0.203867714048371
2005,2,20,0.568800508975983,0.212959057504122,0,0,0.203414176580474
2005,2,21,0.761134207248688,0.583807465040081,0,0,0.203187407846526
2005,2,22,0.714621305465698,0.725870055213818,0,0,0.202960625595934
2005,2,23,0.997846901416779,0.917008891519799,-1.81898940354586e-12,-1.81898940354586e-12,0.202733856861986
2005,2,24,4.37939453125,3.40158563807381,1.81898940354586e-12,1.81898940354586e-12,0.202507088128037
2005,2,25,5.38046407699585,4.73368695875615,0,0,0.202280319394089
2005,2,26,4.40191555023193,5.18263393529924,0,0,0.202053537143497
2005,2,27,5.05922317504883,3.89501522016144,0.907967099237794,0,0.201826768409549
2005,2,28,2.9352297782898,1.62259926112529,2.37525625573835,2.67059946101472,0.201599999675601
2005,3,1,6.89684772491455,0.0820186184282647,3.43786952995106,4.83453875844498,0.201373230941652
2005,3,2,6.93185567855835,0.245984107426921,6.37059843720454,3.63426659970173,0.201146462207704
2005,3,3,7.37860298156738,2.47165772641347,4.68625417232761,2.45466417087482,0.200919679957112
2005,3,4,6.98338985443115,5.91005639136893,1.27545298001314,1.81898940354586e-12,0.200692911223164
2005,3,5,6.3533148765564,5.03700935811503,1.63474197940741,0,0.200466142489216
2005,3,6,1.68860185146332,2.37218432421651,1.6618040562953,0,0.200239373755267
2005,3,7,3.97976303100586,2.33789503904154,0.491739763992882,0,0.200012605021319
2005,3,8,4.8052225112915,1.50754685718493,2.88181083018389,2.28513052754715,0.199785822770727
2005,3,9,8.54751586914063,-1.81898940354586e-12,6.68847252884734,5.16691355043622,0.199559054036779
2005,3,10,4.60940599441528,0,6.62406301833653,6.23304996018305,0.199332285302831
2005,3,11,2.66585183143616,0,4.10759823413355,7.07475346236424,0.199105516568882
2005,3,12,1.5040454864502,0,2.05747051900289,13.370100088252,0.19887873431829
2005,3,13,0.398569494485855,0,0.978671884335199,13.8430263400423,0.198651965584342
2005,3,14,0.328809380531311,0.170203719510027,0.192255397440022,4.30607218929617,0.198425196850394
2005,3,15,0.378096520900726,0.352510784003243,-1.81898940354586e-12,0,0.198425196850394
2005,3,16,0.017640084028244,0.195242682117168,1.81898940354586e-12,0,0.198425196850394
2005,3,17,0,0.0069715424124297,0,0,0.198425196850394
2005,3,18,0.0307795722037554,0.0074594003308448,0,0,0.198425196850394
2005,3,19,0.00240158382803202,0.0199917504742189,0,0,0.198425196850394
2005,3,20,0.0629565268754959,0.0304509972538654,0,0,0.198425196850394
2005,3,21,5.29275703430176,3.1093844560346,0,0,0.198425196850394
2005,3,22,5.02114152908325,5.18495343907671,0,0,0.198425196850394
2005,3,23,2.17192649841309,4.64836625848693,0,0,0.198425196850394
2005,3,24,0.00140934658702463,1.61464774598244,0,0,0.198425196850394
2005,3,25,0.00135897996369749,0.00138707425321627,0,0,0.198425196850394
2005,3,26,3.58190846443176,1.58469327582861,0,0,0.198425196850394
2005,3,27,3.66635704040527,3.59257168891054,0,0,0.198425196850394
2005,3,28,1.39237701892853,2.85763554670302,0,0,0.198425196850394
2005,3,29,1.71857357025146,1.47487809271843,0,0,0.198425196850394
2005,3,30,8.85124397277832,5.45362557833323,0,0,0.198425196850394
2005,3,31,3.52653694152832,5.21364145805092,0,0,0.198425196850394
2005,4,1,0.670021176338196,1.85684543220304,0,0,0.198425196850394
2005,4,2,0,0.405594519377701,0,0,0.198425196850394
2005,4,3,0.59109890460968,0.11309104187967,0,0,0.198425196850394
2005,4,4,3.21591210365295,1.7531404009369,0,0,0.198425196850394
2005,4,5,0.271991640329361,1.78954986542703,0,0,0.198425196850394
2005,4,6,0.00361250597052276,0.189189325030384,0.000598671573243337,0,0.198425196850394
2005,4,7,0.820451974868774,0.491953085309433,0.000750462842916022,0,0.198425196850394
2005,4,8,1.34572243690491,1.02961440452782,0,0,0.198425196850394
2005,4,9,2.50153589248657,1.5419287089735,0,0,0.198425196850394
2005,4,10,1.1420476436615,1.28233314283898,0.440971075486232,0.546050321025177,0.198425196850394
2005,4,11,3.44011998176575,1.84913313724974,0.441244033974726,0.546388322945859,0.198651965584342
2005,4,12,8.55101490020752,3.67871398220814,2.3168503638808,0,0.19887873431829
2005,4,13,2.95434403419495,1.95649650473388,3.79310014184193,3.2275166225063,0.199559054036779
2005,4,14,0.433920711278915,0,1.67919877849818,4.38803655661468,0.201826768409549
2005,4,15,0.13321490585804,0.0634387230347784,0.223585421541429,1.2155100865748,0.204094482782319
2005,4,16,5.3524589020526e-05,0.0667343830355094,0.00173891588929109,0.171053829304583,0.206362210671733
2005,4,17,0.0113629130646586,0.00574001277345815,1.68657097674441e-05,0.174399111390812,0.208629925044503
2005,4,18,1.30509781837463,0.655418537402511,0,0,0.215433068162813
2005,4,19,3.34163117408752,0.652549115984584,1.6708150575414,10.7687233452598,0.222236224797767
2005,4,20,2.76616930961609,0,3.05777771101202,23.9845185364702,0.233574796661617
2005,4,21,3.52961492538452,0,3.08750380606216,27.0210333339965,0.260787396168146
2005,4,22,0.00505191367119551,0,1.77801988671672,27.0951905169186,0.292535424420214
2005,4,23,0,0,0.00269470303101116,30.5948503304644,0.32655119407834
2005,4,24,6.49784806228126e-06,0,2.75608363153879e-06,38.4444118828687,0.430866136325626
2005,4,25,0.00658438680693507,0,0.00326279778710159,43.2348805621878,0.619086618498554
2005,4,26,0.488555252552033,0,0.187580592375525,43.9989170954523,0.757417303370679
2005,4,27,0.166850090026855,0,0.346174102369332,43.9427803415583,0.966047295998401
2005,4,28,0.00022535513562616,0,0.0679200978229346,40.9642985503324,1.29713381068913
2005,4,29,0.000168711369042285,0,0.000196988932657405,37.5053108586762,1.36970077875092
2005,4,30,0.000327829387970269,0,0.000247892690822482,30.7357687363019,1.34248820627768
2005,5,1,0.0517570450901985,0,0.0258884928334737,22.8216985215986,1.27672443540078
2005,5,2,0.00218485807999969,0,0.0269142839642882,22.5670391862623,1.23137003981222
2005,5,3,0.207712203264236,0,0.107840724613197,24.4797436209519,1.29940157912848
2005,5,4,0.00765729416161776,0,0.108145544047147,26.4444690208002,1.27899209570697
2005,5,5,0.0479240417480469,0,0.0276588371598336,31.7205547594112,1.16107084018978
2005,5,6,0.000176566478330642,0,0.0243585603348038,37.3007703553267,1.30393700787402
2005,5,7,0.000434876332292333,0,0.000304350511214579,29.0001102295901,1.55565357358437
2005,5,8,0.000466917088488117,0,0.000450675946922274,0,1.78696065587322
2005,5,9,0,0,0.000231293377510156,1.81898940354586e-12,2.14979517178273
2005,5,10,0,0,0,-1.81898940354586e-12,2.69858259065883
2005,5,11,0,0,0,0,3.28818897637795
2005,5,12,0.46355414390564,0,0.231308263324536,1.81898940354586e-12,4.30866141732284
2005,5,13,0.136528924107552,0,0.307386170887185,-1.81898940354586e-12,4.6941734013595
2005,5,14,4.1666202545166,0,2.14178354091564,0,6.05480332261934
2005,5,15,7.82241868972778,0,5.86183935463123,0,7.23401566152498
2005,5,16,0.133460521697998,0,3.98436266727731,0,5.60126001553273
2005,5,17,0,0,0.0538493818494317,0,4.28598416546198
2005,5,18,0.554996073246002,0,0.297211589941071,0,3.60566920483206
2005,5,19,1.77003371715546,0,1.54057279070366,0,3.58299216923751
2005,5,20,2.46752691268921,0,2.34593406790555,0,4.71685022068775
2005,5,21,0.0956974700093269,0,1.90637230005086,0,4.67149614949865
2005,5,22,0.930126965045929,0,0.536250583030778,0,3.99118118886873
2005,5,23,0.106383264064789,0,0.439802635162778,0,3.56031491737666
2005,5,24,0.252561181783676,0,0.192945261744171,0,3.33354326383335
2005,5,25,0.13911309838295,0,0.192935497849248,0,3.24283468892255
2005,5,26,1.70022463798523,0,1.06680731723282,0,3.56031491737666
2005,5,27,1.12288653850555,0,1.35177040318922,0,5.35181111012857
2005,5,28,0.289384037256241,0,0.626639288389924,0,4.46740174781619
2005,5,29,0.415045380592346,0,0.365818719763411,0,4.17259833869033
2005,5,30,0.711773574352264,0,0.5888075833318,0,4.37669274037279
2005,5,31,0.101073175668716,0,0.353524250642295,0,4.05921251191868
2005,6,1,1.23572134971619,0,0.77025607986252,-1.81898940354586e-12,3.67370096041462
2005,6,2,0.102484837174416,0,0.495166131213409,1.81898940354586e-12,3.28818897637795
2005,6,3,1.11825740337372,0,1.3304331365307,0,3.1294488621509
2005,6,4,9.94314384460449,0,8.36880596331503,0,4.42204724409449
2005,6,5,5.49365901947022,0,7.92123750532664,0,6.00944881889764
2005,6,6,0.261377304792404,0,4.44697376359909,0,4.49007856714444
2005,6,7,0,0,0.478560028141146,0,4.14992108682948
2005,6,8,0,0,0,0,3.85511811023622
2005,6,9,0.0557629950344563,0,0.0226217196941434,0,4.60346439391609
2005,6,10,0.391138643026352,0,0.212962776484346,-1.81898940354586e-12,4.33133866918369
2005,6,11,0.0103295957669616,0,0.181355049473495,1.81898940354586e-12,3.83244085837537
2005,6,12,1.29914891719818,0,0.958473183827664,0,3.90047261395792
2005,6,13,4.32030344009399,0,3.32762041786555,0,4.05921251191868
2005,6,14,1.48284077644348,0,1.94162907015561,0,4.44472449595534
2005,6,15,4.15543603897095,0,2.05106743985198,0,4.9662991260919
2005,6,16,2.28589653968811,-1.81898940354586e-12,3.25690876181397,-1.81898940354586e-12,5.51055100808932
2005,6,17,0.394504398107529,1.81898940354586e-12,0.863767007789647,1.81898940354586e-12,5.21574803149606
2005,6,18,0.99886679649353,0,0.548851732741241,0,4.8755905511811
2005,6,19,4.1619987487793,0,2.00315550661435,0,5.12503945658526
2005,6,20,6.55421447753906,0,5.69499365405864,0,4.51275581900529
2005,6,21,5.64151668548584,0,6.41004168100335,0,4.01385844072958
2005,6,22,1.552983045578,0,4.00181479294588,0,4.17259833869033
2005,6,23,0,0,0.786024481099958,0,3.83244085837537
2005,6,24,0.707354366779327,0,0.126018762026433,0,3.33354326383335
2005,6,25,1.21546542644501,0,0.778088517541619,0,3.35622051569421
2005,6,26,4.82222366333008,0,2.64288159647731,0,3.44692909060501
2005,6,27,5.34469032287598,0,5.14292822771495,0,3.67370096041462
2005,6,28,5.44674873352051,0,5.06923791614463,0,3.87779536209707
2005,6,29,0.799672663211823,0,1.63005494183017,0,3.62834645669291
2005,6,30,1.1017974615097,0,0.890288387763576,0,3.51496062992126
2005,7,1,0.876131355762482,0,1.02273918696119,0,3.46960634246586
2005,7,2,1.2803807258606,0,1.01771139069024,0,3.2655117245171
2005,7,3,0.183445751667023,0,0.842670217089108,0,3.06141732283465
2005,7,4,0.837584972381592,0,0.485148880154156,0,2.81196841743049
2005,7,5,3.14376735687256,0,1.89689121437732,0,2.53984247643178
2005,7,6,7.11618661880493,0,4.96742684881065,0,2.72125984251969
2005,7,7,2.38457894325256,0,4.09425358568296,0,2.85732292115219
2005,7,8,0.0723726227879524,0,1.92641228395223,0,2.51716544083723
2005,7,9,0.109243579208851,0,0.243755707733726,-1.81898940354586e-12,2.47181093711553
2005,7,10,0.00877587962895632,0,0.0487286208117439,1.81898940354586e-12,2.29039378729392
2005,7,11,0.202919721603394,0,0.191516969420263,0,2.22689756859006
2005,7,12,0.398283958435059,0,0.329050175494558,0,2.11351174181841
2005,7,13,0,0,0.0870776861047489,0,2.03187402439868
2005,7,14,0.25521731376648,0,0.215300404997834,0,1.91395266074834
2005,7,15,0.37526199221611,0,0.284442735424818,0,1.81870876522515
2005,7,16,1.34575033187866,0,0.656911630541799,0,1.7461416890302
2005,7,17,5.58160972595215,0,2.95779201666301,0,1.86859837329294
2005,7,18,4.9397177696228,0,5.04512763795356,0,2.16793710303119
2005,7,19,2.15665125846863,0,2.83677869259736,0,2.58519676388718
2005,7,20,3.09559869766235,0,2.49846397645888,0,2.1384567621186
2005,7,21,3.98962116241455,0,3.65960402966266,0,2.35842511034387
2005,7,22,2.23333811759949,0,3.42635456529024,0,2.60787401574803
2005,7,23,0.162089914083481,0,1.92967781060725,0,2.12258259930949
2005,7,24,0.60872608423233,0,0.546295114281747,0,1.86633060485359
2005,7,25,0.650010049343109,0,0.620822949280409,0,1.71439368781142
2005,7,26,2.7140839099884,0,1.68107871054963,0,1.64636225662832
2005,7,27,3.28890466690064,0,2.80140994750582,0,1.72573231374185
2005,7,28,1.9108304977417,0,2.79214279044936,0,1.72573231374185
2005,7,29,1.19967246055603,0,1.81191854197095,0,1.71892911655696
2005,7,30,0.904008090496063,0,1.23796198684613,0,1.55111814483883
2005,7,31,1.16806197166443,0,0.973749906117519,0,1.43319688932164
2005,8,1,0.688497126102448,0,1.07187546922614,0,1.36289768969919
2005,8,2,1.73717999458313,0,0.887905105480968,0,1.28579529289186
2005,8,3,5.7021107673645,0,2.18764338155233,0,1.53297642985667
2005,8,4,2.13113760948181,0,4.43040516274232,0,1.56018900232991
2005,8,5,1.82088923454285,0,2.02899651889857,0,1.46721255084661
2005,8,6,4.3069052696228,0,3.46445492177736,0,1.4740157480315
2005,8,7,1.95486330986023,0,2.39431402128685,0,1.4966928917592
2005,8,8,0.0989614501595497,0,1.48783387889307,0,1.38784249373308
2005,8,9,0.00091481365961954,0,0.127352995466936,0,1.34022043783834
2005,8,10,6.7621072048496e-06,0,0.000182528341611032,0,1.24497632604884
2005,8,11,0.000147763668792322,0,0.000121544942885521,0,1.19055118110236
2005,8,12,0.000102043602964841,0,0.000197302435481106,0,1.16107084018978
2005,8,13,0.000991454697214067,0,0.00347076329308038,0,1.13839369646208
2005,8,14,0.0273637492209673,0,0.0233081878450321,0,1.11344878429503
2005,8,15,1.7198520898819,0,0.561688437990597,0,1.09077164056733
2005,8,16,1.25388181209564,0,1.41869419506656,0,1.07489758589136
2005,8,17,1.38149666786194,0,1.53887613254483,0,1.06129129965474
2005,8,18,3.82425737380981,0,3.36299889712609,0,1.09530706931287
2005,8,19,3.4263162612915,0,3.65925880317445,0,1.1519999826987
2005,8,20,0.105670027434826,0,1.18077021849058,0,1.25404729167307
2005,8,21,0.998355329036713,0,0.563239928436815,0,1.34022043783834
2005,8,22,0.867619097232819,0,0.973737377864381,0,1.1724094661202
2005,8,23,0.588916718959808,0,0.82093333478042,0,1.11118112398883
2005,8,24,8.65306282043457,0,3.84045031041205,0,1.07262992558517
2005,8,25,5.86740112304688,0,7.61875419975331,0,1.29486615038294
2005,8,26,2.56266736984253,0,5.32973712962121,0,1.43546454962783
2005,8,27,1.59017610549927,0,2.40369126499536,0,1.57152752012718
2005,8,28,0.567862927913666,0,1.33203931987009,0,1.89354339359313
2005,8,29,2.7576699256897,0,1.85705632884674,0,1.63275586225855
2005,8,30,1.90021729469299,0,2.2747065883359,0,1.83231494332862
2005,8,31,0.513373792171478,0,1.48327794469515,0,1.70532283032034
2005,9,1,0.0732361525297165,0,0.482585460275004,0,1.53297642985667
2005,9,2,1.02633988857269,0,0.395153766303338,0,1.51483460674136
2005,9,3,0.705313324928284,0,0.981093956521363,0,1.48081894521638
2005,9,4,0.691138625144959,0,0.752835105840859,0,1.35155906376876
2005,9,5,2.31721568107605,0,1.72225772786987,0,1.29486615038294
2005,9,6,1.62195122241974,0,2.14799035733449,0,1.38784249373308
2005,9,7,6.6721715927124,0,4.22592573049951,0,1.378771636242
2005,9,8,5.48998355865479,0,6.09833073228401,0,1.63275586225855
2005,9,9,0.10751711577177,0,4.5364630463846,0,1.82777962271623
2005,9,10,0.36777675151825,0,0.672933552661561,-1.81898940354586e-12,1.61007871853085
2005,9,11,0.0989890545606613,0,0.316944616481123,1.81898940354586e-12,1.48535437396192
2005,9,12,2.93866276741028,0,1.19907753669395,0,1.4014487799697
2005,9,13,4.70711898803711,0,3.3866221121807,0,1.36743311844473
2005,9,14,0.0310282092541456,0,2.02540668379334,0,1.32207872285618
2005,9,15,0.328598588705063,1.81898940354586e-12,0.19744680857184,0,1.26311814916415
2005,9,16,1.33347499370575,-1.81898940354586e-12,0.519735282006877,0,1.22229918232114
2005,9,17,4.44664716720581,0,2.72382217759696,0,1.22910237950603
2005,9,18,14.8731565475464,0,11.3780432201293,0,1.23817323699711
2005,9,19,9.03976535797119,1.81898940354586e-12,9.95841464335535,1.81898940354586e-12,1.4014487799697
2005,9,20,1.74077916145325,-1.81898940354586e-12,7.41198226834786,-1.81898940354586e-12,1.36062992125984
2005,9,21,0.465275883674622,0,1.69038124449253,0,1.28579529289186
2005,9,22,2.81907105445862,0,1.64057820826747,0,1.20188980703279
2005,9,23,1.76154947280884,0,2.31024632041772,0,1.16560626893532
2005,9,24,3.34999227523804,0,2.12522479075051,0,1.23363780825157
2005,9,25,3.36770796775818,0,3.27658856757807,0,1.3356850090928
2005,9,26,0.956094920635223,0,2.34802104183109,0,1.19735437828725
2005,9,27,11.7216634750366,0,4.96218454327573,-1.81898940354586e-12,1.12251964178611
2005,9,28,6.36275911331177,0,8.82235282561123,0,1.08850398026113
2005,9,29,0.166797295212746,0,3.74695035827244,1.81898940354586e-12,1.06129129965474
2005,9,30,0.00728133646771312,0,0.114875291752469,0,1.0340787271815
2005,10,1,0.610679805278778,0,0.333114343529815,0,1.00233072596272
2005,10,2,0.306656211614609,0,0.539343862665191,0,0.954708670067975
2005,10,3,0.838227927684784,0,0.498839091609625,0,0.920692900409849
2005,10,4,2.23551154136658,0,1.74893993240221,1.81898940354586e-12,0.902551185427688
2005,10,5,1.51467037200928,0,2.07385295824861,-1.81898940354586e-12,0.902551185427688
2005,10,6,4.33255004882813,0,3.03735469153253,0,0.898015756682148
2005,10,7,0.307031840085983,0,2.24478929129145,-1.81898940354586e-12,0.866267701396792
2005,10,8,4.37837886810303,0,1.51461570056017,1.81898940354586e-12,0.839055128923551
2005,10,9,19.05126953125,0,11.6073167925952,0,0.836787414550781
2005,10,10,16.1644496917725,0,17.6078524104523,0,0.843590557669091
2005,10,11,10.8449401855469,0,13.5047043256727,0,0.825448842686931
2005,10,12,10.5217847824097,0,10.6833625054878,0,0.816377931129275
2005,10,13,1.93666803836823,0,6.0243895978092,0,0.768755929301104
2005,10,14,0,0,0.981794567078396,0,0.730204730897438
2005,10,15,0.0823932886123657,0.0411976131435949,4.71058283437742e-05,0,0.653102388156681
2005,10,16,0,0.0412383965413028,0,0,0.566929133858268
2005,10,17,0.911244511604309,0.455509023870036,0,0,0.494362219863051
2005,10,18,0.523466408252716,0.455622582025171,0.261733016723156,0.993569184060107,0.464881878950464
2005,10,19,2.07879042625427,0.569591676186974,0.731535716340659,0,0.464881878950464
2005,10,20,2.00973916053772,0.56931874413749,1.47492946010243,1.33778051568697,0.467149593323235
2005,10,21,6.34335088729858,0,4.17654540503099,0.437888798942367,0.471685022068775
2005,10,22,24.9591636657715,0,15.6485529949096,-1.81898940354586e-12,0.478488165187085
2005,10,23,16.9954891204834,0,20.9774947932292,0,0.48755907674474
2005,10,24,9.85019683837891,4.92509887503729,8.49774377358881,0,0.498897648608591
2005,10,25,8.21563911437988,9.02260952309189,0,0,0.503433077354131
2005,10,26,1.10037088394165,4.71638122104559,0,0,0.510236220472441
2005,10,27,11.8866004943848,6.45036203132258,0,0,0.517039363590751
2005,10,28,7.02674388885498,9.47167433290633,0,-1.81898940354586e-12,0.521574792336291
2005,10,29,1.94509160518646,4.58846230869858,0,1.81898940354586e-12,0.523842506709061
2005,10,30,2.81720566749573,2.37800003893972,0,0,0.526110221081831
2005,10,31,1.19644224643707,2.12818312714808,0,0,0.526110221081831
2005,11,1,1.63602221012115,1.4148990588601,0,0,0.526110221081831
2005,11,2,6.26138067245483,3.77346216378464,0,0,0.523842506709061
2005,11,3,1.71451115608215,4.09837681365934,0,0,0.523842506709061
2005,11,4,0.788677453994751,1.42857488556547,0,0,0.523842506709061
2005,11,5,4.47797918319702,2.599161131664,0,1.81898940354586e-12,0.523842506709061
2005,11,6,1.93030595779419,3.02837805720083,-1.81898940354586e-12,-1.81898940354586e-12,0.523842506709061
2005,11,7,11.2912664413452,6.56634809674688,1.81898940354586e-12,0,0.523842506709061
2005,11,8,10.3645114898682,11.0629996311491,0,0,0.523842506709061
2005,11,9,5.2348952293396,7.82867753364553,0,0,0.523842506709061
2005,11,10,6.05030393600464,5.80257485923175,0,0,0.523842506709061
2005,11,11,1.00994300842285,3.24263163586693,0,0,0.521574792336291
2005,11,12,0.706262648105621,0.813706742374052,0,0,0.521574792336291
2005,11,13,0.329461574554443,0.53306557605174,0,0,0.521574792336291
2005,11,14,1.6469349861145,0.961628152110279,0,0,0.521574792336291
2005,11,15,3.77818894386292,2.56100979217626,0,0,0.521574792336291
2005,11,16,12.0977773666382,7.6175196890581,0,0,0.521574792336291
2005,11,17,5.11989593505859,6.04889036876193,2.55994725422534,7.19179177401566,0.521574792336291
2005,11,18,12.8320455551147,0,9.0019378405741,15.149864302366,0.521574792336291
2005,11,19,11.591121673584,0,12.220513448332,12.9368123741751,0.521574792336291
2005,11,20,8.20715522766113,4.04637930390891,5.87634309951318,5.00937589309251,0.523842506709061
2005,11,21,0.63950389623642,4.18396393764488,0.313488222642263,4.1006671887626,0.523842506709061
2005,11,22,26.0981597900391,0,12.9101796461982,15.9539979682431,0.523842506709061
2005,11,23,34.2741394042969,0,30.0957632669633,23.042496664375,0.523842506709061
2005,11,24,19.8163070678711,0,27.0462256710543,18.7232365156706,0.526110221081831
2005,11,25,14.3502445220947,7.17245856079535,9.9118318477249,7.76236456419429,0.526110221081831
2005,11,26,0.742668986320496,7.53392319780505,-1.81898940354586e-12,-1.81898940354586e-12,0.523842506709061
2005,11,27,0.2321457862854,0.444464653066461,1.81898940354586e-12,1.81898940354586e-12,0.523842506709061
2005,11,28,0.0407814532518387,0.140609985586707,0,0,0.521574792336291
2005,11,29,0.010768361389637,0.0317419887087453,0,0,0.519307077963521
2005,11,30,0.0145762600004673,0.0192739678113867,0,0,0.519307077963521
2005,12,1,0.0808590650558472,0.0692327087563172,0,0,0.517039363590751
2005,12,2,0.0386559143662453,0.0655927479929233,0,0,0.514771649217981
2005,12,3,1.33744168281555,0.499181230941758,0,1.81898940354586e-12,0.514771649217981
2005,12,4,0.348041594028473,0.989638034518066,0,-1.81898940354586e-12,0.512503934845211
2005,12,5,0.335576772689819,0.341174099772616,0,0,0.512503934845211
2005,12,6,0.477110385894775,0.362194919684043,0,0,0.510236220472441
2005,12,7,5.8567042350769,2.95438799207841,0,0,0.510236220472441
2005,12,8,1.87059330940247,2.92835030362403,0.935297234058453,3.11020984651805,0.507968506099671
2005,12,9,6.2631139755249,1.02694153753691,3.01320826805022,3.40842227527901,0.505700791726901
2005,12,10,0.230493023991585,1.04276445425785,2.21327405584088,7.34617939811869,0.501165362981361
2005,12,11,4.41421175003052,2.196319490924,0.115809735154471,7.13823369887541,0.498897648608591
2005,12,12,4.04337596893311,4.23022745575508,0,0,0.496629934235821
2005,12,13,0.0302995387464762,2.11973172050421,0,0,0.494362219863051
2005,12,14,1.10990154743195,0.833257307836902,0,0,0.492094505490281
2005,12,15,0.717739164829254,0.794520896430186,0,0,0.48982679111751
2005,12,16,1.88056170940399,0.358869645287996,0.940280689956126,6.19464995144335,0.48529136237197
2005,12,17,2.90293979644775,0,2.39778412454871,8.44636314875243,0.480755879559855
2005,12,18,0.970083713531494,0.484763330136047,1.45230337889552,2.29902569905244,0.476220450814315
2005,12,19,0.0440525524318218,0.507606706669321,-1.81898940354586e-12,0,0.471685022068775
2005,12,20,8.66250514984131,4.37359664046926,1.81898940354586e-12,0,0.467149593323235
2005,12,21,2.74009037017822,5.59480478496698,-1.81898940354586e-12,0,0.462614164577694
2005,12,22,1.76042258739471,1.99353940108995,1.81898940354586e-12,0,0.458078735832154
2005,12,23,0.461337864398956,1.36732693113481,0,0,0.453543307086614
2005,12,24,0.862926244735718,0.6211212760536,0,0,0.449007878341074
2005,12,25,0.284056782722473,0.721965657125111,0,0,0.444472449595534
2005,12,26,0.237240225076675,0.283786564750699,0,0,0.439937020849994
2005,12,27,7.79967212677002,3.72032463593678,0,0,0.435401565071166
2005,12,28,3.92526793479919,5.84552292795706,0,0,0.430866136325626
2005,12,29,3.07162833213806,3.56366871581304,0,0,0.426330707580086
2005,12,30,3.09046959877014,3.07922010362381,0,0,0.421795278834546
2005,12,31,0.749221563339233,1.87067480114456,0,0,0.417259850089006
2006,1,1,0.0292397644370794,0.291852445685436,0,0,0.412724421343466
2006,1,2,1.20948123931885,0.642752976582415,0,0,0.408188965564638
2006,1,3,0.0448978208005428,0.633777090302829,0,0,0.403653536819098
2006,1,4,0.136582046747208,0.0815184400635189,0,0,0.399118108073557
2006,1,5,6.17437362670898,3.05190995238991,1.81898940354586e-12,0,0.394582679328017
2006,1,6,2.87480592727661,4.66306769472976,-1.81898940354586e-12,0,0.390047250582477
2006,1,7,2.81538081169128,2.86352723347773,0,0,0.385511821836937
2006,1,8,4.31907892227173,3.44736584807833,0,0,0.380976366058109
2006,1,9,4.54917430877686,4.42737812590894,0,0,0.376440937312569
2006,1,10,3.11988401412964,4.06537961487447,0,0,0.371905508567029
2006,1,11,0.209122404456139,1.33698906470818,0,0,0.367370079821489
2006,1,12,0.887445032596588,0.325231008737319,0,0,0.362834651075949
2006,1,13,0.262848377227783,0.525970147737098,0,0,0.358299222330409
2006,1,14,0.0372798144817352,0.143459728034941,0,0,0.353763766551581
2006,1,15,0.0805303826928139,0.0501733704295475,0,0,0.349228337806041
2006,1,16,0.0604773238301277,0.0736854449442035,0,0,0.346960623433271
2006,1,17,0.165776252746582,0.140927421312881,0,0,0.342425194687731
2006,1,18,1.48756802082062,0.364355514195267,0,0,0.340157480314961
2006,1,19,0.88900762796402,1.05965362248753,0,0,0.335622051569421
2006,1,20,3.81815028190613,2.01138396415081,0,0,0.33335433719665
2006,1,21,1.44866335391998,3.03580954528479,0,0,0.33108662282388
2006,1,22,4.2255687713623,2.21844981604409,0,0,0.32881890845111
2006,1,23,2.18372273445129,2.95874704883681,1.81898940354586e-12,0,0.32881890845111
2006,1,24,3.73038458824158,3.33591866466304,-1.81898940354586e-12,0,0.32655119407834
2006,1,25,0.0859253332018852,2.44145016813854,0,0,0.324283452672283
2006,1,26,1.24766302108765,0.925433557616998,0,0,0.322015738299513
2006,1,27,0.285520225763321,0.544147300812256,0,0,0.319748023926742
2006,1,28,1.7918404340744,1.23902017381624,0,0,0.319748023926742
2006,1,29,1.11545169353485,1.43750216953958,0,0,0.317480309553972
2006,1,30,1.45886015892029,1.23207991804702,0,0,0.315212595181202
2006,1,31,5.15432500839233,3.003016529261,0,0,0.315212595181202
2006,2,1,6.83587646484375,6.47332270473999,0,0,0.315212595181202
2006,2,2,1.87234127521515,4.05630309239859,0,0,0.312944880808432
2006,2,3,1.17466354370117,1.6702214124216,0,0,0.312944880808432
2006,2,4,0.107685551047325,1.02654531521694,0,0,0.312944880808432
2006,2,5,11.7016448974609,5.94341614933001,0,0,0.312944880808432
2006,2,6,8.83003997802734,10.8381343976125,0,0,0.310677166435662
2006,2,7,14.7240934371948,11.4185278788846,1.81898940354586e-12,0,0.310677166435662
2006,2,8,4.15514373779297,8.63822964183419,-1.81898940354586e-12,0,0.310677166435662
2006,2,9,4.48954963684082,4.36424923666891,0,0,0.308409452062892
2006,2,10,2.48381042480469,3.62551712630921,0,0,0.308409452062892
2006,2,11,0.740830540657044,1.9114385441917,0,0,0.308409452062892
2006,2,12,4.16616439819336,1.53759399095725,0.94718686899796,0,0.306141737690122
2006,2,13,3.73320817947388,3.00227532342069,0.947477367570173,0,0.306141737690122
2006,2,14,0.0593535006046295,1.68895931897714,0,0,0.306141737690122
2006,2,15,0,0.0192719931019383,0,0,0.306141737690122
2006,2,16,0.00045968167250976,0.000114774375106208,0,0,0.303874023317352
2006,2,17,0.00580935180187225,0.0017756217985152,0,0,0.303874023317352
2006,2,18,0.512144207954407,0.132002031017691,0,0,0.303874023317352
2006,2,19,1.04792463779449,0.739200239710044,0,0,0.301606308944582
2006,2,20,4.27149057388306,1.88001430292934,0,0,0.301606308944582
2006,2,21,2.92018699645996,3.77419636593004,0,0,0.301606308944582
2006,2,22,0.258025854825974,2.14674208658289,0,0,0.299338594571812
2006,2,23,0.00363413477316499,0.189225326819724,0,0,0.297070853165754
2006,2,24,0.00437411153689027,0.038655735379507,0,0,0.297070853165754
2006,2,25,0.246095061302185,0.221739870437887,0,0,0.294803138792984
2006,2,26,0.710280478000641,0.55428210066566,0,0,0.294803138792984
2006,2,27,0.556734323501587,0.642547736260895,0,0,0.294803138792984
2006,2,28,0,0.461898652165473,0,0,0.294803138792984
2006,3,1,0.068409189581871,0.0752459459690726,-1.81898940354586e-12,0,0.297070853165754
2006,3,2,1.60589370352682e-05,0.0103078705269581,1.81898940354586e-12,0,0.297070853165754
2006,3,3,0,0.000884025359482621,0,0,0.299338594571812
2006,3,4,0.00739659555256367,0.00558369958525873,0,0,0.299338594571812
2006,3,5,0.000312496063997969,0.0012398223625496,0,0,0.301606308944582
2006,3,6,2.12151479721069,0.415350967441555,0,0,0.301606308944582
2006,3,7,5.00722789764404,2.55955009648824,0,0,0.301606308944582
2006,3,8,5.96242475509644,5.15104647945555,0,0,0.303874023317352
2006,3,9,1.3926717042923,3.24869819625201,0,0,0.303874023317352
2006,3,10,0.0095583638176322,0.3836325039847,0,0,0.303874023317352
2006,3,11,0.250339478254318,0.145097951181015,-1.81898940354586e-12,0,0.303874023317352
2006,3,12,0,0.178618402778739,1.81898940354586e-12,0,0.303874023317352
2006,3,13,0,0.00969247460307088,0,0,0.301606308944582
2006,3,14,0.022461473941803,0.0183850457106018,0,0,0.301606308944582
2006,3,15,0.0155321033671498,0.0159717163915047,0,0,0.301606308944582
2006,3,16,0.00967812072485685,0.05759221865992,0,0,0.299338594571812
2006,3,17,0.469234555959702,0.400342581584482,0,0,0.297070853165754
2006,3,18,1.63626205921173,0.971015614641146,0,0,0.294803138792984
2006,3,19,3.67329549789429,2.17197588627459,0,0,0.292535424420214
2006,3,20,2.63336277008057,3.45297918005053,0,0,0.290267710047444
2006,3,21,1.42667162418365,2.23388661527315,0,0,0.287999995674674
2006,3,22,0.791495442390442,0.713336380100373,0.395747406069859,3.92854044144769,0.285732281301904
2006,3,23,0.930767416954041,0,0.860477151763917,5.73601967430295,0.285732281301904
2006,3,24,0.212733015418053,0.105650095179954,0.468518216943267,1.79939662852485,0.283464566929134
2006,3,25,1.74279856681824,0.983386053898357,0,0,0.281196852556364
2006,3,26,2.63407444953918,1.74274335011978,0.140168893498412,0,0.278929138183594
2006,3,27,1.18000829219818,1.4817216906431,0.394807379203485,0,0.276661423810824
2006,3,28,0.0217200797051191,0.541038896721148,0,0,0.274393709438054
2006,3,29,0.599132359027863,0.231813479078483,0,0,0.272125995065284
2006,3,30,0.0959341153502464,0.495984697823587,0,0,0.269858280692514
2006,3,31,0,0.0843013702105964,0,0,0.267590539286456
2006,4,1,0.115972064435482,0.0193761647569772,0,0,0.265322824913686
2006,4,2,0.0791855975985527,0.0919280160433118,0,0,0.263055110540916
2006,4,3,0.0836366042494774,0.0849005918571493,0,0,0.260787396168146
2006,4,4,0.273574680089951,0.208379595811493,0,0,0.258519681795376
2006,4,5,0.933031916618347,0.277402409757997,0.325902078951913,0.346410999376531,0.256251967422605
2006,4,6,0.632509231567383,0.171098434057058,0.612455155778662,1.25049524694259,0.253984253049835
2006,4,7,0,0.0299503164533235,0.286767935944226,7.71947151035056,0.251716538677065
2006,4,8,0.0369865484535694,0,0.0182076783748926,9.81179511708615,0.249448824304295
2006,4,9,0.0422947183251381,0,0.0397343457952957,4.76897052118875,0.247181109931525
2006,4,10,0.0412414222955704,0,0.0418662301744917,4.13350386111415,0.244913395558755
2006,4,11,0.748895049095154,0.0153957469156012,0.35541087071033,3.47834151796997,0.242645681185985
2006,4,12,1.80705153942108,0.937739113303905,0.35078250656079,1.02284996938397,0.240377939779927
2006,4,13,2.9066219329834,1.8027805153888,0.542897109704427,0,0.238110225407157
2006,4,14,15.6703281402588,8.4237363329521,0.578959307911646,0,0.235842511034387
2006,4,15,1.64172351360321,8.60502752388675,0,0,0.235842511034387
2006,4,16,1.09894728660584,1.37051675644761,1.81898940354586e-12,0,0.233574796661617
2006,4,17,4.20379114151001,1.70476247767692,-1.81898940354586e-12,0,0.233574796661617
2006,4,18,3.86954951286316,4.04405034279989,0,0,0.231307082288847
2006,4,19,0.0137210125103593,1.98963571960667,0,0,0.231307082288847
2006,4,20,0.0250899344682694,0.0243675576730311,1.81898940354586e-12,0,0.231307082288847
2006,4,21,0.43841290473938,0.334442269682768,-1.81898940354586e-12,0,0.231307082288847
2006,4,22,3.81387758255005,1.14178769643695,0.98435198147854,0,0.229039367916077
2006,4,23,8.7201042175293,0.922999588163293,5.34288511904197,6.39595058448322,0.229039367916077
2006,4,24,4.12141799926758,0,6.3845135193933,13.9369424550569,0.229039367916077
2006,4,25,1.44449234008789,0.105959821976285,2.68570480701419,8.32747967726755,0.229039367916077
2006,4,26,0.584342062473297,0.38927673822036,0.622576328118157,0.758534370455891,0.229039367916077
2006,4,27,4.53921985626221,2.37685788621457,0.0115197759059811,0,0.231307082288847
2006,4,28,5.50524854660034,4.06556159425782,0.965340715309139,0,0.233574796661617
2006,4,29,0.183220729231834,1.9610861043202,0.984409132477595,0,0.235842511034387
2006,4,30,0.332512617111206,0.263195582145272,1.81898940354586e-12,0,0.235842511034387
2006,5,1,3.34385251998901,1.77213785470121,-1.81898940354586e-12,0,0.238110225407157
2006,5,2,1.0704585313797,1.68729790529505,0.530308382136354,5.70008471511392,0.240377939779927
2006,5,3,4.28365707397461,0,2.67660420705033,14.3106972322239,0.242645681185985
2006,5,4,6.40975427627564,0,5.33276698300142,22.7725258214196,0.244913395558755
2006,5,5,3.34073281288147,0,4.8102886658362,29.6034160859526,0.249448824304295
2006,5,6,0.643310308456421,1.81898940354586e-12,2.14830445901316,28.6397862740232,0.251716538677065
2006,5,7,0.692569315433502,-1.81898940354586e-12,0.666895700294845,23.1769185781195,0.253984253049835
2006,5,8,0.0708729103207588,0,0.346409802905328,18.6987095869008,0.265322824913686
2006,5,9,0.363808482885361,-1.81898940354586e-12,0.212615697464571,17.1281538384028,0.269858280692514
2006,5,10,1.1922949552536,1.81898940354586e-12,0.748845304629867,16.1590160264277,0.281196852556364
2006,5,11,0.12651039659977,0,0.737096823326283,16.3699628023314,0.294803138792984
2006,5,12,0.752592086791992,0,0.441955101805434,14.2532386591447,0.312944880808432
2006,5,13,5.61593532562256,0,3.18422797171297,14.0358594309364,0.342425194687731
2006,5,14,8.77186584472656,0,7.19613635911082,22.0466630514638,0.385511821836937
2006,5,15,1.02226650714874,0,4.88023020526998,25.7835800848407,0.408188965564638
2006,5,16,3.60034251213074,0,2.31357627504076,20.5911825849944,0.399118108073557
2006,5,17,3.10028505325317,0,3.35103741957209,23.4139696047059,0.455811021459384
2006,5,18,3.89188647270203,0,3.49564144637225,16.2641733670353,0.562393705112728
2006,5,19,2.48860001564026,0,3.19020422423819,0,0.666708674393301
2006,5,20,0.132442593574524,0,1.30786553924736,0,0.793700787401575
2006,5,21,0.914888441562653,0,0.470752952338444,0,0.916157471664308
2006,5,22,0.489257127046585,0,0.702073028458472,0,1.20642523577833
2006,5,23,2.52242279052734,1.81898940354586e-12,1.51638782816735,0,1.53751185860221
2006,5,24,3.69038438796997,-1.81898940354586e-12,3.10199038664723,0,1.89127562515379
2006,5,25,1.29305291175842,0,2.44672470643309,0,2.40377961406558
2006,5,26,0.138494163751602,0,0.714619330708956,0,3.1748031496063
2006,5,27,8.10703086853027,0,4.13069260341581,0,4.35401592104454
2006,5,28,2.23813080787659,0,5.17914130427016,0,5.62393683486097
2006,5,29,0.0380059517920017,0,1.13707939643791,0,3.83244085837537
2006,5,30,0.101202473044395,0,0.075552468028036,0,3.53763788178211
2006,5,31,0,0,0.0497528017185687,0,4.08188976377953
2006,6,1,0.00854266807436943,0,0.00455029758086312,0,4.85291329932025
2006,6,2,2.07984209060669,0,0.874527244115598,0,5.73732266163263
2006,6,3,3.52099990844727,0,3.03614706647386,0,5.94141749584769
2006,6,4,1.58615326881409,0,2.70952846438559,0,4.9662991260919
2006,6,5,1.45962679386139,0,1.47368326157812,0,4.08188976377953
2006,6,6,0.23352986574173,0,0.566513852380012,0,3.19748040146715
2006,6,7,0.382661521434784,0,0.333157339704485,0,2.94803149606299
2006,6,8,0.115690395236015,0,0.18701967783818,0,3.37889755128876
2006,6,9,1.91622730199015e-05,0,0.087073307024184,0,4.19527559055118
2006,6,10,0.0215575695037842,0,0.0134367454193125,0,6.59905520461676
2006,6,11,0.018671739846468,0,0.0191123696040449,0,11.451968503937
2006,6,12,0,1.81898940354586e-12,0.00533384924710845,0,9.8872437484621
2006,6,13,0,-1.81898940354586e-12,0.0822803908577043,0,8.88944899191068
2006,6,14,2.18000912666321,0,1.60667659632418,0,8.34519667738066
2006,6,15,9.37036609649658,0,3.41073177715589,0,9.63779527559055
2006,6,16,1.49027061462402,0,4.43325638617898,0,8.0050391970657
2006,6,17,0.230584621429443,0,0.881742084424332,0,5.91874024398684
2006,6,18,0.0284381583333015,0,0.109886379337695,0,4.85291329932025
2006,6,19,0.237784907221794,0,0.18572964951818,0,3.78708678718627
2006,6,20,0.175259232521057,0,0.217672740880516,0,3.1294488621509
2006,6,21,0.631998717784882,0,0.495483130114735,0,2.85732292115219
2006,6,22,0.00287412945181131,0,0.125514079663844,0,2.74393709438054
2006,6,23,0.061274565756321,0,0.173365834405558,0,2.29039378729392
2006,6,24,1.57752227783203,1.81898940354586e-12,1.50362352767843,0,2.03867711345042
2006,6,25,3.83180403709412,-1.81898940354586e-12,3.49955827846861,0,2.26771653543307
2006,6,26,2.22721600532532,0,3.60349622202921,0,2.49448818897638
2006,6,27,8.69337558746338,0,4.22035653050989,0,2.06588968592366
2006,6,28,10.7258729934692,0,9.06021287444855,0,2.29039378729392
2006,6,29,2.75578093528748,0,7.64595321871639,0,3.15212589774545
2006,6,30,0.0141214579343796,0,1.94464220968803,0,3.49228337806041
2006,7,1,0.000256457249633968,0,0.0932553475395252,0,3.71905503160372
2006,7,2,0.136948183178902,0,0.117267178058682,0,3.42425205501046
2006,7,3,0.00694966455921531,0,0.0910350596477656,0,3.78708678718627
2006,7,4,0.837953805923462,0,0.302099824995821,0,3.49228337806041
2006,7,5,0.352685391902924,0,0.615681529348876,0,3.28818897637795
2006,7,6,3.29931735992432,0,1.94888945326238,0,3.1748031496063
2006,7,7,1.6482812166214,0,1.94091179320822,0,3.58299216923751
2006,7,8,0.424014359712601,0,0.607165135819741,0,2.76661412997509
2006,7,9,7.02844381332398,0,1.7861382874471,0,2.60787401574803
2006,7,10,1.44777798652649,0,3.55586332321582,0,2.65322830320343
2006,7,11,0.168829873204231,0,0.808277456182623,0,2.67590555506428
2006,7,12,2.84050536155701,0,0.632946643981995,0,2.53984247643178
2006,7,13,5.83221960067749,0,3.7632744452203,0,3.24283468892255
2006,7,14,0.896256148815155,0,4.66318368241446,0,4.46740174781619
2006,7,15,0.0273044370114803,0,0.624966114959534,0,3.01606303537924
2006,7,16,0.0112780444324017,0,0.0218754694888048,0,2.58519676388718
2006,7,17,0.000403246114728972,0,0.00784493317951274,0,2.33574807474932
2006,7,18,0.0175451431423426,0,0.007471794506273,0,2.14525985117034
2006,7,19,0.129141926765442,0,0.0712769409492466,0,2.01373230941652
2006,7,20,2.15115928649902,0,1.10275089110291,0,1.9570393960307
2006,7,21,1.03882312774658,0,1.40001888341612,0,1.94570077010027
2006,7,22,0.283640950918198,0,0.469147841598897,0,1.83458271176796
2006,7,23,0.691005229949951,0,0.761880218025908,0,1.81417322834646
2006,7,24,2.643718957901,0,2.27824183298981,0,1.80283460241603
2006,7,25,1.38537859916687,0,2.38360738401389,0,1.8164409967858
2006,7,26,5.66801500320435,0,3.27315345194802,0,1.78922831617941
2006,7,27,4.86239099502564,0,5.42594156301493,0,1.98878750538263
2006,7,28,1.16571414470673,0,3.60323542155493,0,2.26771653543307
2006,7,29,0.000793999759480357,0,1.02779862019634,0,2.09537002683625
2006,7,30,0.721405446529388,-1.81898940354586e-12,0.379193681701508,0,1.82097631739819
2006,7,31,2.49644303321838,1.81898940354586e-12,1.02975746319316,0,1.76881894089106
2006,8,1,1.33056545257568,0,1.87115014009578,0,1.73026774248739
2006,8,2,0.469621032476425,0,1.16559954887452,0,1.5171023751807
2006,8,3,0.602479457855225,0,0.567633545255376,0,1.31981106254998
2006,8,4,4.62021207809448,0,2.23880469250253,0,1.25858272041861
2006,8,5,2.65634942054749,0,3.28775695887089,0,1.54431494765394
2006,8,6,0.330968648195267,0,2.04683725449831,0,1.50803151768962
2006,8,7,2.35566520690918,0,1.63824342575754,0,1.42639369213675
2006,8,8,7.91531896591187,0,5.31657054721109,0,1.47174797959215
2006,8,9,3.38417077064514,0,6.34281466145876,0,2.13165345680057
2006,8,10,0,0,2.79034057287936,0,1.75521254652128
2006,8,11,2.19878053665161,0,1.39003332687025,0,1.57833071731207
2006,8,12,2.05218267440796,0,2.11386151745864,0,1.494425231453
2006,8,13,3.52934455871582,0,2.49822645158929,0,1.61688191571574
2006,8,14,0.112128175795078,0,3.02300123186433,0,1.73933859997847
2006,8,15,0.582097172737122,0,0.698194087848606,0,1.5397795189084
2006,8,16,1.55172371864319,0,0.9426290134179,0,1.45360626460999
2006,8,17,3.58631014823914,0,2.90984673716594,0,1.53297642985667
2006,8,18,0.162507206201553,0,2.05792311320329,0,2.24957482045091
2006,8,19,0.740982830524445,0,0.308625372457755,0,1.77562202994279
2006,8,20,1.27325224876404,0,0.964446525613312,0,1.57606294887272
2006,8,21,0.835406482219696,0,1.16429629924642,0,1.46948031928596
2006,8,22,0.61562043428421,0,0.867375323898159,0,1.30620477631336
2006,8,23,2.99150228500366,0,2.45204193555219,0,1.39918111966351
2006,8,24,2.63914442062378,0,2.82245746531953,0,1.43319688932164
2006,8,25,4.65396595001221,0,3.98289249881782,0,1.494425231453
2006,8,26,0.675664246082306,0,3.15936629873431,0,1.56925985982099
2006,8,27,3.81275963783264,0,1.25230436322636,0,1.41278740590013
2006,8,28,2.1860363483429,0,2.76712495307402,0,1.39237792247862
2006,8,29,1.13344025611877,0,1.71781257398652,0,1.39237792247862
2006,8,30,2.55228328704834,0,1.43112551375634,0,1.30393700787402
2006,8,31,6.98648262023926,0,4.74790139576362,0,1.34929129532942
2006,9,1,2.58003187179565,-1.81898940354586e-12,4.54374545523751,0,1.78696065587322
2006,9,2,4.0155930519104,1.81898940354586e-12,3.04840717242041,0,1.65996854286494
2006,9,3,3.90562152862549,0,3.96949933308861,0,1.4966928917592
2006,9,4,6.11278200149536,0,4.61488735409512,0,1.53524409016286
2006,9,5,3.94378042221069,0,5.65896422580408,0,1.65996854286494
2006,9,6,4.40583658218384,0,4.30814210427525,0,1.4966928917592
2006,9,7,1.65929746627808,0,3.55074665416578,0,1.494425231453
2006,9,8,1.97955930233002,0,1.71972366922455,0,1.54658271609329
2006,9,9,0.139391034841537,0,0.3991856868779,0,1.44453540711891
2006,9,10,3.30370140075684,0,1.56808530185663,0,1.378771636242
2006,9,11,0.824100494384766,0,2.73225162424023,0,1.28806295319805
2006,9,12,2.42168760299683,0,1.85802577193135,0,1.22229918232114
2006,9,13,0.855685234069824,0,1.60612415194009,0,1.16787403737466
2006,9,14,0.0398400202393532,0,0.607409623627973,0,1.13159049927719
2006,9,15,0.000103041253169067,0,0.0395039900631673,0,1.07716535433071
2006,9,16,0.0434594936668873,0,0.0370096117876528,0,1.02954329843596
2006,9,17,0.134299606084824,0,0.060695344760461,0,0.979653582235021
2006,9,18,1.14889597892761,0,0.320110551057951,0,0.966047295998401
2006,9,19,0.797111392021179,0,0.957980909948674,0,0.954708670067975
2006,9,20,0.839525699615479,0,0.821573646937395,0,0.959244098813515
2006,9,21,2.27558445930481,1.81898940354586e-12,1.61987714839597,0,0.925228329155389
2006,9,22,0.271869957447052,-1.81898940354586e-12,1.87787339468377,0,0.927496097594734
2006,9,23,1.69289684295654,0,1.14335840740023,0,0.882141756072758
2006,9,24,17.1344375610352,0,7.27752870420409,0,0.863999987024022
2006,9,25,11.4381818771362,0,12.4082576918536,0,0.941102383831355
2006,9,26,9.0407657623291,0,9.49582415104305,0,1.11571655273437
2006,9,27,5.76408815383911,0,6.99042976775309,0,1.60781105822466
2006,9,28,2.87169599533081,0,4.6088047287285,0,1.40825197715459
2006,9,29,5.13081073760986,0,3.33824257782544,0,1.39691335122416
2006,9,30,2.81868529319763,0,3.75056205399778,0,1.30166923943467
2006,10,1,0,0,1.45161294403079,0,1.14292912520762
2006,10,2,0.0672814026474953,0,0.0175389838714182,0,1.0340787271815
2006,10,3,14.9074268341064,0,7.9735620684769,0,0.990992100032296
2006,10,4,18.5857181549072,0,17.3847549303628,0,1.23137003981222
2006,10,5,3.81772136688232,0,13.7957840706804,0,1.26538580947035
2006,10,6,1.47632253170013,0,2.73511020151454,0,1.10891335554949
2006,10,7,0.310683727264404,0,1.15253949394355,0,1.0567558709092
2006,10,8,0.179511114954948,-1.81898940354586e-12,0.268512444585213,0,0.997795297217181
2006,10,9,0.0981523096561432,1.81898940354586e-12,0.169055332813514,0,1.0114015834538
2006,10,10,3.92333960533142,0,1.62975492201258,0,1.41732283464567
2006,10,11,2.09852027893066,0,3.09837526112278,0,1.96157471664309
2006,10,12,0,0,1.77017599413739,0,1.46267712210107
2006,10,13,10.1985569000244,4.06949946348323,1.23173792442321,0,1.25631495197927
2006,10,14,3.55278205871582,4.06957902824979,2.80615307693915,7.09977771669219,1.19281894954171
2006,10,15,3.25862169265747,0,3.45956734577158,3.01715846263323,1.14746455395316
2006,10,16,0.000581154425162822,0.000289800682367058,1.63366497145216,0,1.07716535433071
2006,10,17,2.24793457984924,1.1242571870971,0,0,1.04088192436639
2006,10,18,0.636448502540588,1.12396914239253,0.318223726784709,1.28526464823881,0.997795297217181
2006,10,19,1.84590971469879,0,1.25332176570009,0.96325105687356,0.941102383831355
2006,10,20,10.3989152908325,0,7.58788546067262,0,0.911622042918768
2006,10,21,27.6144542694092,0,19.0066559675252,0,1.07489758589136
2006,10,22,23.4579849243164,0,25.5362190261931,0,1.51256694643516
2006,10,23,0.157065182924271,0,14.2501702009158,0,1.25404729167307
2006,10,24,0,0,0.0619161617432837,0,1.14746455395316
2006,10,25,4.3099102973938,0,0.750510266989295,0,1.02047244094488
2006,10,26,1.05944335460663,0.3130188256564,2.00966982133468,0,0.986456671286756
2006,10,27,0,0.313406834471607,0.216970661889718,0,1.1746771264264
2006,10,28,0.180084019899368,0.0914858385021944,0,0,0.997795297217181
2006,10,29,0.0644672811031342,0.124457917370819,0,0,0.907086614173228
2006,10,30,1.5137642621994,0.786912870233209,-1.81898940354586e-12,0,0.816377931129275
2006,10,31,0.926559925079346,1.22098929034837,1.81898940354586e-12,0,0.748346445879598
2006,11,1,0.228285014629364,0.573014101024455,1.81898940354586e-12,0,0.680314960629921
2006,11,2,0.295741498470306,0.248535967733915,-1.81898940354586e-12,0,0.623622047244095
2006,11,3,8.16788378870115e-05,0.155063346932366,0,0,0.578267705722118
2006,11,4,0.106950424611568,0.0417310893662943,-1.81898940354586e-12,0,0.541984275757797
2006,11,5,0.00681198807433248,0.0704323944446514,1.81898940354586e-12,0,0.517039363590751
2006,11,6,0.0521820336580277,0.0446129200408905,0,0,0.48755907674474
2006,11,7,0.091023214161396,0.0841073671472259,0,0,0.464881878950464
2006,11,8,5.77463150024414,2.91766311633,0,0,0.442204735222764
2006,11,9,3.90954732894897,4.85216583628062,-1.81898940354586e-12,0,0.426330707580086
2006,11,10,1.19261682033539,2.60155021171522,1.81898940354586e-12,0,0.408188965564638
2006,11,11,0.108210436999798,0.689621950496075,0,0,0.392314964955247
2006,11,12,2.00749087333679,1.04052445559137,0,0,0.380976366058109
2006,11,13,3.58829402923584,2.75826090268129,0,0,0.367370079821489
2006,11,14,2.2199501991272,2.93146155108116,0,0,0.356031507957639
2006,11,15,0.401080280542374,1.27510006529701,0,0,0.344692909060501
2006,11,16,0.44783678650856,0.43512036784341,0,0,0.335622051569421
2006,11,17,0,0.278444919293179,0,0,0.32881890845111
2006,11,18,2.69475102424622,1.27456395571244,0,0,0.322015738299513
2006,11,19,0.751981198787689,1.79929451245698,0,0,0.315212595181202
2006,11,20,0.00365759083069861,0.444019603255583,0,0,0.308409452062892
2006,11,21,0.00943069439381361,0.00473888550368429,0,0,0.303874023317352
2006,11,22,3.10404939227738e-05,0.00567517336276069,0,0,0.299338594571812
2006,11,23,0,1.05602193798404e-05,0,0,0.294803138792984
2006,11,24,0,0,0,0,0.290267710047444
2006,11,25,0,1.41272921609925e-05,0,0,0.285732281301904
2006,11,26,0.000509742938447744,0.000346627612088923,0,0,0.283464566929134
2006,11,27,0,0.000148988034197828,0,0,0.281196852556364
2006,11,28,2.92540812492371,1.456121889325,0,0,0.278929138183594
2006,11,29,1.1649432182312,2.04235296051411,0,0,0.276661423810824
2006,11,30,1.00076293945313,1.06376400650697,0,0,0.274393709438054
2006,12,1,2.45493626594543,1.74695790034457,0,0,0.274393709438054
2006,12,2,3.82969570159912,3.01389852711691,0,0,0.274393709438054
2006,12,3,4.54508352279663,4.30195953127441,0,0,0.272125995065284
2006,12,4,0.518576383590698,2.52965862413839,0,0,0.272125995065284
2006,12,5,2.88147640228272,1.56679412499034,0,0,0.272125995065284
2006,12,6,16.2900791168213,9.46755034507078,0,0,0.272125995065284
2006,12,7,12.8042211532593,14.4667355644015,-1.81898940354586e-12,0,0.272125995065284
2006,12,8,4.99564933776856,8.79427784355357,1.81898940354586e-12,0,0.269858280692514
2006,12,9,1.22146213054657,3.3661618934766,0,0,0.269858280692514
2006,12,10,0.821536660194397,1.02907511081685,0,0,0.269858280692514
2006,12,11,5.5439019203186,2.85895312559478,0,0,0.269858280692514
2006,12,12,12.9429903030396,9.09084669401454,0,0,0.269858280692514
2006,12,13,5.55723190307617,9.10601600166592,-1.81898940354586e-12,0,0.269858280692514
2006,12,14,1.82254362106323,3.44132648307459,1.81898940354586e-12,0,0.269858280692514
2006,12,15,0.487744629383087,0.966230681824527,0,0,0.269858280692514
2006,12,16,1.4503892660141,1.19082941626584,-1.81898940354586e-12,0,0.269858280692514
2006,12,17,12.0910453796387,6.79922081572659,1.81898940354586e-12,0,0.267590539286456
2006,12,18,7.20978021621704,10.0558730384837,0,0,0.267590539286456
2006,12,19,12.8846645355225,9.91436074427293,0,0,0.267590539286456
2006,12,20,10.5847721099854,11.1718783788347,0,0,0.267590539286456
2006,12,21,5.47277402877808,8.31977704501333,0,0,0.267590539286456
2006,12,22,12.0426206588745,8.69553731147425,0,0,0.267590539286456
2006,12,23,23.5587749481201,17.6361303093527,-1.81898940354586e-12,0,0.267590539286456
2006,12,24,11.171612739563,17.7598822161126,1.81898940354586e-12,0,0.267590539286456
2006,12,25,19.6828022003174,15.5263287851139,0,0,0.267590539286456
2006,12,26,10.303050994873,14.197694838791,0,0,0.267590539286456
2006,12,27,5.00649356842041,7.94045973514039,-1.81898940354586e-12,0,0.265322824913686
2006,12,28,18.3659687042236,10.9348858550893,1.81898940354586e-12,0,0.265322824913686
2006,12,29,4.13049650192261,10.9311278411351,0,0,0.265322824913686
2006,12,30,11.7358179092407,7.26872478079349,0,0,0.265322824913686
2006,12,31,6.59618330001831,9.44233511727543,0,0,0.265322824913686
2007,1,1,9.29876804351807,8.64615380317991,0,0,0.265322824913686
2007,1,2,9.39677238464355,9.3667909011856,0,0,0.265322824913686
2007,1,3,2.73260760307312,5.27839932726602,0,0,0.265322824913686
2007,1,4,3.93126320838928,3.01488162928763,0,0,0.265322824913686
2007,1,5,2.80833888053894,3.22359653790045,0,0,0.265322824913686
2007,1,6,4.0500283241272,3.57447644997046,0,0,0.263055110540916
2007,1,7,3.31344103813171,3.73504352629243,0,0,0.263055110540916
2007,1,8,1.88549637794495,2.96207763003622,0,0,0.263055110540916
2007,1,9,0.193430513143539,1.73366616904968,0,0,0.263055110540916
2007,1,10,0.610951542854309,0.570418833400254,0,0,0.263055110540916
2007,1,11,0.219610899686813,0.500117433275591,0,0,0.263055110540916
2007,1,12,2.18327260017395,1.41775596832849,0,0,0.263055110540916
2007,1,13,0.945347905158997,1.36179997308682,0,0,0.263055110540916
2007,1,14,1.35968387126923,1.14420734957093,0,0,0.263055110540916
2007,1,15,7.08789825439453,4.07846640672869,0,0,0.263055110540916
2007,1,16,2.68071603775024,5.98598515078993,0,0,0.260787396168146
2007,1,17,0.988926112651825,2.07574673974523,0,0,0.260787396168146
2007,1,18,5.02812576293945,2.26437842246742,0,0,0.260787396168146
2007,1,19,1.87924778461456,3.75370362960712,0,0,0.260787396168146
2007,1,20,7.82196283340454,5.20535061232113,1.81898940354586e-12,0,0.260787396168146
2007,1,21,7.138512134552,7.32014199193145,-1.81898940354586e-12,0,0.260787396168146
2007,1,22,0.932138741016388,5.3657926715423,0,0,0.260787396168146
2007,1,23,6.77024269104004,5.1559910461001,0,0,0.260787396168146
2007,1,24,7.52224016189575,7.384980428782,0,0,0.260787396168146
2007,1,25,2.13393712043762,5.91301663252489,0,0,0.258519681795376
2007,1,26,0.51488071680069,1.44788059787606,0,0,0.258519681795376
2007,1,27,0.28745573759079,0.460941778452252,0,0,0.258519681795376
2007,1,28,0.256211072206497,0.264047850840143,0,0,0.258519681795376
2007,1,29,0.0257328972220421,0.072238897510033,1.81898940354586e-12,0,0.258519681795376
2007,1,30,0.00932438764721155,0.0229607584751648,-1.81898940354586e-12,0,0.258519681795376
2007,1,31,0,0.00885291509621311,0,0,0.258519681795376
2007,2,1,0.00288165337406099,0.00115973794345337,0,0,0.258519681795376
2007,2,2,0,0.00197171125546447,0,0,0.258519681795376
2007,2,3,4.7480058670044,2.17770585710423,0,0,0.258519681795376
2007,2,4,4.65256881713867,4.70946893517612,0,0,0.256251967422605
2007,2,5,1.04187965393066,2.28025999414422,0,0,0.256251967422605
2007,2,6,0.6087566614151,0.766955426361164,0,0,0.256251967422605
2007,2,7,0.33874437212944,0.509396080999068,0,0,0.256251967422605
2007,2,8,0.000534421822521836,0.296000129403183,0,0,0.256251967422605
2007,2,9,0.000570872973185033,0.0397382106948498,0,0,0.256251967422605
2007,2,10,0.000218123008380644,0.000327295831084484,0,0,0.256251967422605
2007,2,11,0.000106223553302698,0.0221555455264024,0,0,0.256251967422605
2007,2,12,1.04947626590729,0.717722756968215,0,0,0.256251967422605
2007,2,13,3.18949675559998,1.71689216809136,0,0,0.256251967422605
2007,2,14,4.5762357711792,3.38338813720839,0,0,0.253984253049835
2007,2,15,3.31965327262878,3.84428832069716,0,0,0.253984253049835
2007,2,16,4.53705549240112,3.94909632419876,0,0,0.253984253049835
2007,2,17,6.5398473739624,5.20124430213218,0,0,0.251716538677065
2007,2,18,7.67127418518066,6.71891178834994,0,0,0.251716538677065
2007,2,19,3.54524207115173,5.44825739812404,0,0,0.251716538677065
2007,2,20,0.453986972570419,1.55053071200564,0,0,0.249448824304295
2007,2,21,0.116645589470863,0.299280107177765,0,0,0.249448824304295
2007,2,22,1.30165886878967,0.356169386041074,0,0,0.247181109931525
2007,2,23,0.288820147514343,0.684799283728353,0,0,0.247181109931525
2007,2,24,0.38296765089035,0.33812114950706,1.81898940354586e-12,0,0.244913395558755
2007,2,25,0.0865779370069504,0.342651901159115,-1.81898940354586e-12,0,0.242645681185985
2007,2,26,0,0.0908841327873233,0,0,0.240377939779927
2007,2,27,0.0532636605203152,0.0348153801296576,0,0,0.240377939779927
2007,2,28,0.00365724740549922,0.0446574572470126,0,0,0.238110225407157
2007,3,1,1.34650278091431,0.908432610069212,0,0,0.235842511034387
2007,3,2,0.0216401349753141,1.06706734350701,0,0,0.233574796661617
2007,3,3,0.0114196892827749,0.0974139969112002,0,0,0.233574796661617
2007,3,4,4.09171056747437,0.849038609776471,0,0,0.231307082288847
2007,3,5,18.8828830718994,10.6795689235678,0,0,0.229039367916077
2007,3,6,26.642168045044,23.7666705042011,0,0,0.226771653543307
2007,3,7,11.6938571929932,17.3436859554931,0,0,0.224503939170537
2007,3,8,2.35591006278992,8.57725065889645,0,0,0.222236224797767
2007,3,9,0.76900988817215,1.32298172282754,0,0,0.219968510424997
2007,3,10,4.77456331253052,3.17964951686918,0,0,0.217700782535583
2007,3,11,4.35293769836426,4.60090316526112,0,0,0.215433068162813
2007,3,12,1.58460974693298,3.87054876177353,0,0,0.213165353790043
2007,3,13,3.4565417766571,2.73570498800655,1.81898940354586e-12,0,0.210897639417273
2007,3,14,8.0937557220459,6.10714740528783,-1.81898940354586e-12,0,0.208629925044503
2007,3,15,6.01108598709106,7.12776589025998,0,0,0.206362210671733
2007,3,16,3.32183408737183,5.22940616746382,0,0,0.204774802500807
2007,3,17,0.75738137960434,2.99063539209783,0,0,0.203187407846526
2007,3,18,1.04229605197907,1.13404231598361,0,3.63797880709171e-12,0.201599999675601
2007,3,19,0.171957194805145,0.87220083158536,0,-3.63797880709171e-12,0.200012605021319
2007,3,20,5.24318981170654,2.74471980571434,0,0,0.198425196850394
2007,3,21,2.09805274009705,3.30661528826749,0,0,0.196837788679468
2007,3,22,6.21209192276001,3.85178954829462,0,0,0.195023625291239
2007,3,23,3.31515836715698,5.44213035066423,0,0,0.193436217120313
2007,3,24,1.97156381607056,3.24202577491997,0,0,0.192302359933928
2007,3,25,0.980750977993011,1.71351724121632,0,0,0.190714965279647
2007,3,26,0.018183471634984,0.625007278295016,0,0,0.188900788374773
2007,3,27,0.958090543746948,0.205261536937542,0,0,0.1870866114699
2007,3,28,0.879565238952637,0.787373817816842,0,0,0.185272434565026
2007,3,29,0.0365585833787918,0.173792992161907,0,0,0.183458271176796
2007,3,30,0.787167012691498,0.330920593643896,0,0,0.181417325537974
2007,3,31,0.52500057220459,0.732172951144094,0,0,0.180283468351589
2007,4,1,0.00457480177283287,0.32309317092222,0,0,0.179149611165204
2007,4,2,0.488545954227448,0.105999748127942,0,0,0.178015753978819
2007,4,3,1.48532128334045,0.948206441609727,0,0,0.17688188327579
2007,4,4,0.997382462024689,1.29796220641583,0,0,0.175974808339998
2007,4,5,1.08138060569763,1.01454019705125,0,0,0.175067719887561
2007,4,6,5.81337070465088,2.53194007933598,1.81898940354586e-12,0,0.174160631435124
2007,4,7,8.12141609191895,2.90668626370461,4.06070677271237,5.88591924388675,0.173707080450584
2007,4,8,2.36481404304504,0,5.28242155720909,11.0807698066055,0.173253542982687
2007,4,9,0.9630446434021,0,1.67156893422725,14.9557742775651,0.173026774248739
2007,4,10,0.754999995231628,0.373613704183299,0.486479505932948,9.92212848433701,0.172800005514791
2007,4,11,1.68937039375305,1.19412148067386,1.81898940354586e-12,0,0.172573223264199
2007,4,12,3.52895951271057,2.55770433003272,0,0,0.17234645453025
2007,4,13,1.67441165447235,2.60599845684919,0,0,0.172119685796302
2007,4,14,1.13664877414703,1.40259458127912,0,0,0.17234645453025
2007,4,15,0.432926326990128,0.783641702089881,0,0,0.172573223264199
2007,4,16,0.148620709776878,0.21646296012841,0.0743104247012525,1.67739056472783,0.173480311716635
2007,4,17,0.166918709874153,0.0831715145195631,0.0745666416023596,1.68317408446092,0.17461416890302
2007,4,18,0,0.0825979377605108,0,0,0.17688188327579
2007,4,19,4.47895431518555,1.58647172374549,0,0,0.179149611165204
2007,4,20,0.00438439287245274,3.50150174551709,0.000127708033687668,0,0.181417325537974
2007,4,21,0.00631254212930799,0.289187003425468,0.00342661028662405,8.55762213157868,0.183685039910745
2007,4,22,3.5110239982605,0,1.6132777662624,16.1430296844737,0.188220468656285
2007,4,23,2.76559376716614,0,3.11505952286825,14.589554842456,0.192755910918469
2007,4,24,0.664762616157532,0,1.95780783631562,15.5642785250311,0.198425196850394
2007,4,25,0.402880221605301,0,0.545878174090831,16.3224743520404,0.204094482782319
2007,4,26,1.58036673069,0.0151421987793583,0.981424219395194,8.39401129735416,0.215433068162813
2007,4,27,0.4374720454216,0.0143734187568043,0.97008733372968,7.0814383784018,0.226771653543307
2007,4,28,1.02599489688873,0,0.691241914360944,7.42293253324897,0.242645681185985
2007,4,29,0.0106327617540956,1.81898940354586e-12,0.314254271912432,3.09195273036312,0.260787396168146
2007,4,30,0.0557634346187115,-1.81898940354586e-12,0.0975143639334419,7.6124894202876,0.306141737690122
2007,5,1,1.87358844280243,1.81898940354586e-12,1.37723761366033,10.1548126982161,0.310677166435662
2007,5,2,0.0174533892422915,-1.81898940354586e-12,0.856735283483431,15.1115966409488,0.33108662282388
2007,5,3,2.7959508895874,0,1.30264360050387,22.2395883908721,0.374173222939799
2007,5,4,2.06672668457031,0,2.32467965786054,26.7792578890221,0.455811021459384
2007,5,5,0.320677042007446,0,1.51331736887914,26.8998862123408,0.526110221081831
2007,5,6,0.565189063549042,0,0.434986026157276,22.9547101687967,0.455811021459384
2007,5,7,0.608729839324951,0,0.58481603549626,19.3610992641625,0.442204735222764
2007,5,8,0,0,0.23627296662562,15.6735498293638,0.417259850089006
2007,5,9,0.00654576951637864,0,0.00295082034426741,12.8024236031924,0.408188965564638
2007,5,10,0.183574765920639,0,0.131066215508326,14.8058137142834,0.424062993207316
2007,5,11,0.398938000202179,0,0.30814711502353,14.5270146604344,0.426330707580086
2007,5,12,0.251902252435684,0,0.306618130265633,13.6599669546304,0.433133850698396
2007,5,13,0.183245480060577,0,0.223352835599144,11.7794150728478,0.446740163968304
2007,5,14,0.600682079792023,0,0.376137460230893,18.7319624472475,0.462614164577694
2007,5,15,1.88430655002594,0,1.24283356610977,33.8479780687812,0.616818904125784
2007,5,16,2.12472105026245,0,2.01104331515671,38.2710119317999,0.816377931129275
2007,5,17,0,0,1.07043992753097,33.5949267560827,0.848125986414632
2007,5,18,0.000453277927590534,0,0.000241867810473195,27.7027786675026,0.723401587779128
2007,5,19,0.00978134758770466,0,0.00509227483235009,33.6490576262113,0.730204730897438
2007,5,20,0.50120609998703,-1.81898940354586e-12,0.270294033274695,40.7504976205637,0.854929129532942
2007,5,21,0.0112114790827036,1.81898940354586e-12,0.257899142417955,27.7643760523533,1.07036215714582
2007,5,22,0.0101679991930723,0,0.0107029359678563,0,1.42412603183055
2007,5,23,0.195788308978081,0,0.103578401309278,0,1.83231494332862
2007,5,24,0.0115933744236827,0,0.102836435153222,0,2.35842511034387
2007,5,25,6.03106809649034e-06,0,0.00587184282994713,0,3.44692909060501
2007,5,26,0.354534447193146,0,0.175798183352526,0,4.60346439391609
2007,5,27,0.208666354417801,0,0.281848110753344,0,4.53543307086614
2007,5,28,0.16125899553299,0,0.378133613327009,0,3.1748031496063
2007,5,29,3.91833209991455,0,3.17523693830299,0,2.42645664966013
2007,5,30,1.78731715679169,0,2.80763959830074,0,2.31307082288847
2007,5,31,0.421227961778641,0,0.805321334451946,0,2.74393709438054
2007,6,1,0.156172454357147,0,0.353126651152706,0,2.56251972829263
2007,6,2,0.561142981052399,0,0.231352085291292,0,2.94803149606299
2007,6,3,0.406795412302017,0,0.448954503637651,0,4.19527559055118
2007,6,4,1.91585910320282,0,1.16407632841037,0,7.09795258289247
2007,6,5,3.54338455200195,0,2.7240787803421,0,9.20692878783218
2007,6,6,0.591974377632141,0,2.07722544922217,0,8.34519667738066
2007,6,7,0.330421447753906,0,0.461096799839652,0,5.78267716535433
2007,6,8,0.249420434236527,0,0.291164439515342,0,2.67590555506428
2007,6,9,0.0102827530354261,0,0.0642387733641954,0,2.25637790950265
2007,6,10,1.1587860584259,0,0.512951509126651,0,3.1748031496063
2007,6,11,2.78606390953064,0,1.86861976050386,0,4.33133866918369
2007,6,12,0.591406881809235,0,1.50955260572482,0,4.49007856714444
2007,6,13,2.16532731056213,0,1.73364565010706,0,3.56031491737666
2007,6,14,1.52597522735596,0,1.88266616417422,0,3.83244085837537
2007,6,15,6.13389682769775,0,5.04524224293527,0,5.96409431517593
2007,6,16,3.82266879081726,0,5.78273275833089,0,5.78267716535433
2007,6,17,2.25270342826843,0,3.69865869395835,0,5.05700770100271
2007,6,18,2.81950092315674,0,2.48963668591932,0,5.41984243317852
2007,6,19,1.27982449531555,0,2.20393341174167,0,4.67149614949865
2007,6,20,0.0558468103408814,0,0.659016109484583,0,4.08188976377953
2007,6,21,1.50920844078064,0,0.986451812981613,0,3.67370096041462
2007,6,22,0.888488411903381,0,1.42558401712085,0,3.80976360651452
2007,6,23,0.214783892035484,0,0.869507367646293,0,2.92535424420214
2007,6,24,0.000126077662571333,0,0.26377362756466,0,2.72125984251969
2007,6,25,0.542586863040924,0,0.0980308263406187,0,2.51716544083723
2007,6,26,0.464070677757263,0,0.4651747645039,0,2.14752761960968
2007,6,27,0.271329164505005,0,0.404827825565008,0,2.49448818897638
2007,6,28,3.23260354995728,-1.81898940354586e-12,1.59523664382687,0,3.33354326383335
2007,6,29,1.77665209770203,1.81898940354586e-12,2.10693579744111,0,4.01385844072958
2007,6,30,0.579556107521057,0,0.857116283885262,0,3.24283468892255
2007,7,1,1.03216028213501,0,0.959823966255499,0,2.69858259065883
2007,7,2,1.27844941616058,0,1.1879115829197,0,2.33574807474932
2007,7,3,0.67658793926239,0,0.793536951876376,0,2.33574807474932
2007,7,4,1.74470913410187,0,0.852451445241968,0,2.23823619452048
2007,7,5,1.19417130947113,0,1.49102325480271,0,1.98651973694328
2007,7,6,0.0536075793206692,0,0.629175443604254,0,1.77108660119725
2007,7,7,0.388001441955566,0,0.219270003077327,0,1.65996854286494
2007,7,8,1.92121911048889,0,1.1475146588582,0,1.6350236306979
2007,7,9,2.40276765823364,0,2.17654824210513,0,1.70305517001415
2007,7,10,0.668420851230621,0,1.43945473560416,0,1.65089768537386
2007,7,11,8.04264450073242,0,6.36474308461766,0,1.59874020073358
2007,7,12,4.39428329467773,0,6.84344645613055,0,2.0726929912417
2007,7,13,5.25576305389404,0,4.73419816717797,0,2.16566933459184
2007,7,14,2.19880104064941,0,2.72778062443649,0,2.87999995674674
2007,7,15,2.61637139320374,0,2.35967837019598,0,2.42645664966013
2007,7,16,20.415735244751,0,9.32544086277449,0,2.90267720860759
2007,7,17,9.60588645935059,0,16.4468213910604,0,4.8302360474594
2007,7,18,0.00218744529411197,0,3.24445792683582,0,2.83464566929134
2007,7,19,0.869309604167938,1.81898940354586e-12,0.622052522496233,0,2.26771653543307
2007,7,20,7.52638816833496,-1.81898940354586e-12,3.29827872377246,0,2.40377961406558
2007,7,21,6.89409303665161,0,7.33894964067622,0,2.94803149606299
2007,7,22,0.548446297645569,0,3.41061351066674,0,2.60787401574803
2007,7,23,0.0541230440139771,0,0.293687417288311,0,2.19288190706508
2007,7,24,0,0,0.0184914122219197,0,1.89807871420552
2007,7,25,0.0120471604168415,0,0.0223075281392084,0,1.6123464869702
2007,7,26,0.258141428232193,0,0.202093171932574,0,1.50349608894408
2007,7,27,0.220337823033333,0,0.246139050996135,0,1.42185826339121
2007,7,28,6.31770658493042,0,3.59648771499997,0,1.42412603183055
2007,7,29,12.0958948135376,0,8.68569356813896,0,4.08188976377953
2007,7,30,3.01939702033997,0,9.0513326889868,0,3.01606303537924
2007,7,31,0.904278159141541,0,2.32404615527958,0,2.31307082288847
2007,8,1,0,0,0.786891511297654,0,2.05908659687192
2007,8,2,0,0,0.0777959237111645,0,1.89354339359313
2007,8,3,0,0,0,0,1.7733543696366
2007,8,4,0,0,1.41799318953417e-07,0,1.61914957602193
2007,8,5,2.52699487646169e-06,0,1.96825385501143e-06,0,1.52390546423244
2007,8,6,8.53872871398926,1.81898940354586e-12,2.61864443259037,0,1.57379528856653
2007,8,7,7.12194442749023,-1.81898940354586e-12,8.05160978614003,0,2.23823619452048
2007,8,8,4.74073648452759,0,5.56703478397321,0,2.63055126760888
2007,8,9,5.33762550354004,1.81898940354586e-12,5.10119120270247,0,2.60787401574803
2007,8,10,1.73963618278503,-1.81898940354586e-12,4.08357974647333,0,2.78929138183594
2007,8,11,0.135483175516129,0,1.47021593021964,0,2.26771653543307
2007,8,12,0.0261262245476246,0,0.190766273071858,0,2.02507093534695
2007,8,13,0.0118225263431668,0,0.0148452762896341,0,1.81417322834646
2007,8,14,0,0,0.0082443872870499,0,1.70759059875969
2007,8,15,0,0,0.000407442419600557,0,1.62595277320682
2007,8,16,0.0025228860322386,1.81898940354586e-12,0.00571900546310644,0,1.52617323267178
2007,8,17,0.0849022790789604,-1.81898940354586e-12,0.103154181691934,0,1.46721255084661
2007,8,18,0.883933007717133,0,0.656897390737868,0,1.44907083586445
2007,8,19,0.113361649215221,0,0.291275628876974,0,1.39237792247862
2007,8,20,0.062390148639679,0,0.0773211835239636,0,1.32661415160172
2007,8,21,0.122506827116013,0,0.108428661342259,0,1.26538580947035
2007,8,22,0.0902817100286484,0,0.11359994056329,0,1.2177637535756
2007,8,23,1.1838413476944,0,0.403155374853668,0,1.19055118110236
2007,8,24,2.91897583007813,0,1.95002875400314,0,1.19735437828725
2007,8,25,3.16865086555481,0,3.02683269164299,0,1.29486615038294
2007,8,26,1.04120719432831,0,1.6541790495794,0,1.21322832483006
2007,8,27,0.52119380235672,0,0.959179995714294,0,1.1724094661202
2007,8,28,0.328542292118073,0,0.54075915741123,0,1.10891335554949
2007,8,29,2.90540647506714,0,0.867994386877399,0,1.06582672840028
2007,8,30,2.28668808937073,0,2.50490869108944,0,1.34022043783834
2007,8,31,0.695261120796204,1.81898940354586e-12,1.21898651055744,0,1.58059837761826
2007,9,1,2.06753770726209e-06,-1.81898940354586e-12,0.156295577631681,0,1.34248820627768
2007,9,2,0.090645045042038,0,0.0898890803637187,0,1.24270866574265
2007,9,3,0.228300049901009,0,0.406931363537296,0,1.17694489486574
2007,9,4,2.28461933135986,0,1.96355049094018,0,1.13385826771654
2007,9,5,0.725932478904724,0,1.65251671071383,0,1.11344878429503
2007,9,6,3.78482842445374,0,1.32805121518322,0,1.18148032361128
2007,9,7,0.287049442529678,0,1.73758459063356,0,1.3334173487866
2007,9,8,0.399977385997772,1.81898940354586e-12,0.3531552436325,0,1.1950866098479
2007,9,9,2.54819178581238,-1.81898940354586e-12,0.876824567892982,0,1.17694489486574
2007,9,10,8.40490531921387,-1.81898940354586e-12,5.42673292795735,0,1.28352752445251
2007,9,11,0.857446670532227,1.81898940354586e-12,2.89576875591956,0,1.43319688932164
2007,9,12,0.114292144775391,0,0.341525821846517,0,1.2903307216374
2007,9,13,0.501290380954742,0,0.265589925713357,0,1.20415746733898
2007,9,14,6.70115280151367,0,4.53985527490477,0,1.13839369646208
2007,9,15,4.47873067855835,0,5.34286780981893,0,1.2404408973033
2007,9,16,5.58874130249023,0,4.82692863081866,0,1.40371654840905
2007,9,17,6.55052375793457,0,6.14824568982658,0,1.30620477631336
2007,9,18,0.693735241889954,0,4.52705724114821,0,1.27218900665523
2007,9,19,4.31366491317749,0,1.45034802417467,0,1.2177637535756
2007,9,20,4.82008075714111,0,4.33686208969993,0,1.1519999826987
2007,9,21,2.61391663551331,0,4.51975545948699,0,1.21096066452387
2007,9,22,1.67097675800323,0,2.58626168206138,0,1.19962203859344
2007,9,23,11.4032144546509,0,4.23730561302909,0,1.1519999826987
2007,9,24,10.1454496383667,0,10.908920037371,0,1.2177637535756
2007,9,25,5.38411283493042,0,9.18192512475616,0,1.3334173487866
2007,9,26,6.35172557830811,0,6.20052037099958,0,1.31981106254998
2007,9,27,6.42360353469849,0,6.37273601163724,0,1.26538580947035
2007,9,28,0.139792338013649,0,4.41458823155517,0,1.19962203859344
2007,9,29,0.0260124895721674,0,0.331894008741074,0,1.11344878429503
2007,9,30,2.3355712890625,0,1.9207551182335,0,1.04995278185747
2007,10,1,3.97841048240662,0,3.0102864638302,0,1.01593701219934
2007,10,2,9.19894409179688,0,4.83303247944605,0,1.0340787271815
2007,10,3,3.62437868118286,0,6.10993305298871,0,1.04995278185747
2007,10,4,12.0257110595703,0,9.3652196639523,0,0.997795297217181
2007,10,5,14.7055673599243,0,13.8125303753568,0,0.963779527559055
2007,10,6,2.21160650253296,0,6.10641043960459,0,0.947905472883089
2007,10,7,2.62254047393799,0,2.5279118437611,0,0.902551185427688
2007,10,8,3.74786067008972,1.4658250214743,1.71937456702108,0,0.882141756072758
2007,10,9,1.26768124103546,2.10727587314068,0.41183443313821,0,0.843590557669091
2007,10,10,1.668776512146,1.09896117987046,0.369251533562419,0,0.845858272041862
2007,10,11,1.98475861549377,0.683404233206602,1.1433607433155,0.567130864739738,0.802771644892655
2007,10,12,4.9690203666687,0.218241079928703,3.25900488735897,2.99248514559076,0.786897644283265
2007,10,13,6.23321342468262,0,5.60120749352609,3.52142848667063,0.793700787401575
2007,10,14,4.18179512023926,0,5.0317223095808,0,0.777826786792184
2007,10,15,3.50165224075317,0,3.81911025683621,0,0.755149588997909
2007,10,16,0.624643445014954,0.233750211120423,1.82939398871895,0,0.723401587779128
2007,10,17,2.19338250160217,1.28745704694302,0.120256691991017,0,0.709795301542507
2007,10,18,0.000140574018587358,1.05506838027031,0.0416936938927393,2.81672847210575,0.687118103748231
2007,10,19,2.22269749641418,1.11134783161833,7.02870675013401e-05,0,0.668976388766071
2007,10,20,2.33828234672546,2.27120582490534,0,0,0.725669302151898
2007,10,21,1.83163106441498,2.07392248064207,0,0,0.657637816902221
2007,10,22,0.676089882850647,1.26567977709783,0,0,0.612283475380244
2007,10,23,1.79548442363739,1.23259668877108,0,0,0.594141706331508
2007,10,24,1.15390872955322,1.50144308763811,0,0,0.585070848840428
2007,10,25,2.65297865867615,1.87403629442088,0,0,0.571464562603808
2007,10,26,1.47551786899567,1.32649013332957,0.737758487335668,2.94001938704969,0.557858276367187
2007,10,27,1.95242428779602,0,1.72279186697779,6.50689743942712,0.544251990130567
2007,10,28,0.140080988407135,0.0700405006846268,0.976212053654308,3.2098052381225,0.539716561385027
2007,10,29,2.8617696762085,1.4908258483556,0,0,0.532913364200141
2007,10,30,0.476311236619949,1.43088567253835,0.238155479422858,5.75661353356918,0.528377935454602
2007,10,31,10.0960817337036,0,5.2861552728682,0,0.521574792336291
2007,11,1,1.88870048522949,0.283441969435444,5.70890608199989,0.283441969415435,0.510236220472441
2007,11,2,5.03851509094238,0.422028162551214,3.04137458644254,0.422028162560309,0.498897648608591
2007,11,3,0.873455405235291,0.575297894047253,2.38068815754195,0.138570359937148,0.476220450814315
2007,11,4,2.03693844014197e-07,0.434184093846852,0,0,0.453543307086614
2007,11,5,0.551646530628204,0.273821822931495,0,0,0.408188965564638
2007,11,6,0.122366152703762,0.333905680883618,0,0,0.374173222939799
2007,11,7,0.162254765629768,0.137796626589989,1.81898940354586e-12,0,0.351496052178811
2007,11,8,0.0365743637084961,0.102770317880641,0,0,0.340157480314961
2007,11,9,0.261783093214035,0.149257453915197,-1.81898940354586e-12,0,0.32881890845111
2007,11,10,3.49414300918579,1.8832176772703,0,0,0.324283452672283
2007,11,11,1.3187929391861,2.4260873195326,0,0,0.32881890845111
2007,11,12,0.166494607925415,0.766744993339671,-1.81898940354586e-12,-3.63797880709171e-12,0.33108662282388
2007,11,13,1.9562896490097,1.07323057657777,1.81898940354586e-12,3.63797880709171e-12,0.32881890845111
2007,11,14,2.37016606330872,2.13952604105543,0,0,0.322015738299513
2007,11,15,6.85359621047974,4.60456681297728,0,0,0.317480309553972
2007,11,16,7.02103471755981,6.9467291238343,0,0,0.312944880808432
2007,11,17,4.32821273803711,5.6858363152005,0,0,0.303874023317352
2007,11,18,0.49560809135437,2.50615859663594,0,0,0.292535424420214
2007,11,19,2.1441502571106,1.29675026719269,1.81898940354586e-12,0,0.283464566929134
2007,11,20,0.32697007060051,1.11624021372518,-1.81898940354586e-12,0,0.272125995065284
2007,11,21,0.107996918261051,0.180866887976663,0,0,0.265322824913686
2007,11,22,0.337965816259384,0.219372245413979,0,0,0.260787396168146
2007,11,23,0.122134163975716,0.271048097789389,0.000527216641785344,0,0.253984253049835
2007,11,24,3.35620594024658,1.62849094872217,0.000878294513313449,0,0.251716538677065
2007,11,25,8.16448879241943,5.76731573122015,-1.81898940354586e-12,0,0.247181109931525
2007,11,26,0.479091465473175,4.36473731626757,1.81898940354586e-12,0,0.244913395558755
2007,11,27,2.4647970199585,1.47073104824449,1.81898940354586e-12,0,0.240377939779927
2007,11,28,1.11412119865417,1.82736188175477,-1.81898940354586e-12,0,0.238110225407157
2007,11,29,0.0539421364665031,0.556127398942408,0,0,0.235842511034387
2007,11,30,0.0101116774603724,0.0466585691337969,0,0,0.231307082288847
2007,12,1,0.677858233451843,0.295358613588178,0,0,0.229039367916077
2007,12,2,0.366475701332092,0.509666751133409,0,0,0.226771653543307
2007,12,3,0.023531511425972,0.24520133473743,0,0,0.226544884809359
2007,12,4,0,0.0230332794380956,0,0,0.226318116075411
2007,12,5,0.125847950577736,0.0577770459767635,0,0,0.226091333824819
2007,12,6,0.542634606361389,0.288941486338445,0,0,0.22586456509087
2007,12,7,0.204644158482552,0.443918189394026,0,0,0.226091333824819
2007,12,8,2.45827484130859,1.28286179604766,0,0,0.226318116075411
2007,12,9,0.799775898456574,1.6555491778563,0,0,0.226544884809359
2007,12,10,1.80889797210693,1.37802969638688,0,0,0.226771653543307
2007,12,11,0.929720938205719,1.4395782521151,0,0,0.226771653543307
2007,12,12,0.413606524467468,0.60635742139857,0,0,0.229039367916077
2007,12,13,2.70419955253601,1.75182555456195,1.81898940354586e-12,0,0.229039367916077
2007,12,14,5.79385471343994,4.28345419820289,-1.81898940354586e-12,0,0.231307082288847
2007,12,15,5.70219707489014,5.73970523057506,0,0,0.231307082288847
2007,12,16,3.2851140499115,4.67875928043759,0,0,0.231307082288847
2007,12,17,0.220783174037933,1.83510040619149,0,0,0.231307082288847
2007,12,18,0.0220796670764685,0.127627015752296,0,0,0.233574796661617
2007,12,19,1.41168224811554,0.758526646381142,0,0,0.233574796661617
2007,12,20,0.686884224414825,0.817162657613153,0,0,0.233574796661617
2007,12,21,11.0139608383179,5.79295310722227,0,0,0.233574796661617
2007,12,22,4.22615337371826,7.85196386854841,0,0,0.233574796661617
2007,12,23,0.643541574478149,2.13978304097327,0,0,0.235842511034387
2007,12,24,7.38428401947022,3.73152748283246,0,0,0.235842511034387
2007,12,25,2.46523809432983,5.26046369096912,0,0,0.235842511034387
2007,12,26,0.54248309135437,1.77985622193592,0,0,0.235842511034387
2007,12,27,0.0112095205113292,0.186426054817275,0,0,0.235842511034387
2007,12,28,1.57926392555237,0.416244961097618,0,0,0.235842511034387
2007,12,29,1.43785357475281,1.52267650812246,0,0,0.235842511034387
2007,12,30,0.905575096607208,1.33463999557534,0,0,0.235842511034387
2007,12,31,1.15080094337463,1.07174979934098,0,0,0.235842511034387
2008,1,1,7.29668521881104,3.87311640936059,0,0,0.235842511034387
2008,1,2,11.6596059799194,9.14448539523801,0,0,0.233574796661617
2008,1,3,6.19378900527954,9.17138809858625,0,0,0.233574796661617
2008,1,4,5.77739143371582,5.99883218740251,0,0,0.233574796661617
2008,1,5,0.836943626403809,3.67960325563945,0,0,0.231307082288847
2008,1,6,1.25923824310303,0.990270907635932,0,0,0.231307082288847
2008,1,7,0.828538596630096,1.1639644818224,0,0,0.229039367916077
2008,1,8,2.2826931476593,1.64442281002084,0,0,0.229039367916077
2008,1,9,1.95144486427307,2.05637130154901,0,0,0.229039367916077
2008,1,10,2.29860782623291,2.11828093230179,0,0,0.226771653543307
2008,1,11,1.04445254802704,1.8952518634178,0,0,0.226771653543307
2008,1,12,10.1376466751099,5.27553350269045,0,0,0.225637796356922
2008,1,13,9.22572040557861,9.59011840628955,0,0,0.224503939170537
2008,1,14,0.11201000213623,4.23588624542572,0,0,0.223370081984152
2008,1,15,1.4707123041153,0.985709580467301,0,0,0.221555905079278
2008,1,16,1.84480941295624,1.64132735138628,0,0,0.219968510424997
2008,1,17,5.34467554092407,3.73530350636247,1.81898940354586e-12,0,0.218381102254072
2008,1,18,2.63776016235352,4.62297685778503,-1.81898940354586e-12,0,0.216793694083146
2008,1,19,1.54617047309876,2.1938035942967,0,0,0.214979530694916
2008,1,20,0.110518254339695,1.19778280556966,0,0,0.212938585056095
2008,1,21,0,0.160389770240727,0,0,0.210897639417273
2008,1,22,0.359892308712006,0.131608587742448,0,0,0.208176374059962
2008,1,23,2.77462768554688,1.36358079323873,0,0,0.205455122219296
2008,1,24,0.0558330975472927,0.741855832749934,0,0,0.202507088128037
2008,1,25,2.62475633621216,0.947061060485794,0,0,0.199559054036779
2008,1,26,1.49139249324799,2.10359907761995,0,0,0.195930713743675
2008,1,27,0.132939353585243,1.10106482122501,0,0,0.192302359933928
2008,1,28,0.483851730823517,0.227217364717944,0,0,0.188674019640825
2008,1,29,0.0884412303566933,0.276315107232222,0,0,0.185045665831078
2008,1,30,0.108880296349525,0.0965320699742733,0,0,0.181417325537974
2008,1,31,0.000327378540532663,0.0471213338641974,0,0,0.177335434260331
2008,2,1,0.0807899683713913,0.0111428238396911,0,0,0.173253542982687
2008,2,2,2.23126912117004,0.755599811041975,0,0,0.169171651705044
2008,2,3,0.417772650718689,1.43096385750869,0,0,0.1650897604274
2008,2,4,1.50952696800232,0.802696745045978,0,0,0.161007869149756
2008,2,5,1.04057276248932,1.39954440496876,0,0,0.156925977872113
2008,2,6,0.00350679084658623,0.521420401457363,0,0,0.153070868845061
2008,2,7,0,0.00137691657437244,0,0,0.151483460674136
2008,2,8,0,0.0133834582102281,0,0,0.149896066019854
2008,2,9,1.79318344593048,1.20556367974677,-1.81898940354586e-12,0,0.148535426582877
2008,2,10,7.80855703353882,5.03905387570012,1.81898940354586e-12,0,0.147401569396492
2008,2,11,7.87316083908081,7.8299265861715,0,0,0.147628351647084
2008,2,12,2.24105834960938,5.861864173914,0,0,0.147855120381032
2008,2,13,1.55919563770294,2.14208295090612,0,0,0.148081889114981
2008,2,14,6.02984619140625,3.59281175435717,0,0,0.148308657848929
2008,2,15,0.625923454761505,4.03212480711773,0,0,0.148535426582877
2008,2,16,0.274554848670959,0.370987255178989,0,0,0.148308657848929
2008,2,17,0.869983971118927,0.7282399136202,0,0,0.148081889114981
2008,2,18,2.25002288818359,1.67274697227549,0,0,0.148081889114981
2008,2,19,1.67832314968109,2.0259675204361,0,0,0.148308657848929
2008,2,20,7.01096630096436,3.49423230896537,0.852921638746921,0,0.148535426582877
2008,2,21,5.1032977104187,5.26937904625083,1.40997537960902,0,0.148308657848929
2008,2,22,2.42398047447205,3.79026349650849,0.143703288882534,0,0.148081889114981
2008,2,23,0.00104487035423517,0.701391226177293,0,0,0.147855120381032
2008,2,24,1.13307166099548,0.768142700186218,0,0,0.147628351647084
2008,2,25,5.97555494308472,2.94293043041398,0,0,0.147401569396492
2008,2,26,6.20417928695679,6.1381157619453,0,0,0.147628351647084
2008,2,27,0.862213969230652,4.1031423564018,-1.81898940354586e-12,0,0.147855120381032
2008,2,28,1.01755440235138,0.978912753584154,1.81898940354586e-12,0,0.147628351647084
2008,2,29,0.930924355983734,0.965528481958245,0,0,0.147401569396492
2008,3,1,3.67846632003784,1.77047215105813,0,0,0.147174800662544
2008,3,2,4.48140635853633e-05,1.78369673755878,0,0,0.146948031928596
2008,3,3,0.053307581692934,0.0330204332876747,-1.81898940354586e-12,0,0.146721263194647
2008,3,4,1.22497701644897,0.273035312764478,1.81898940354586e-12,0,0.147174800662544
2008,3,5,0.0239912960678339,0.523199011795441,0,0,0.147855120381032
2008,3,6,0.731022298336029,0.42402315390791,0,0,0.148081889114981
2008,3,7,12.4791812896729,3.30689759523011,3.29821102634014,0,0.148308657848929
2008,3,8,6.93191385269165,6.40685250528259,3.30127464999896,0,0.148081889114981
2008,3,9,0.6469646692276,3.84266794488758,0,0,0.147855120381032
2008,3,10,2.16854596138001,1.75475459110567,0,0,0.147628351647084
2008,3,11,0.292124956846237,1.1102678240477,0,0,0.147401569396492
2008,3,12,0.2679463326931,0.28305479201299,0,0,0.147174800662544
2008,3,13,0.122691661119461,0.188805246285483,0,0,0.146948031928596
2008,3,14,0,0.0277913323916437,0,0,0.146721263194647
2008,3,15,0.0129543533548713,0.0108095201176184,0,0,0.146494494460699
2008,3,16,8.47543525695801,3.24165551113401,1.81898940354586e-12,0,0.146267712210107
2008,3,17,3.95462584495544,6.79594633831584,-1.81898940354586e-12,-3.63797880709171e-12,0.146494494460699
2008,3,18,8.2672119140625,7.13062219969106,0,3.63797880709171e-12,0.146721263194647
2008,3,19,1.34567093849182,4.46338874092726,0,0,0.146948031928596
2008,3,20,0.471898227930069,1.18031308801255,0,0,0.146948031928596
2008,3,21,7.70983505249023,4.31245764225787,0,0,0.147401569396492
2008,3,22,10.4364185333252,9.75339324375091,-1.81898940354586e-12,0,0.147628351647084
2008,3,23,5.38902902603149,8.91337076696436,3.63797880709171e-12,0,0.147855120381032
2008,3,24,0.853622555732727,2.39245758457037,-1.81898940354586e-12,0,0.148081889114981
2008,3,25,0.0250954907387495,0.252431120345136,0,0,0.148308657848929
2008,3,26,0.0454284995794296,0.0361733263562201,0,0,0.148988977567417
2008,3,27,0.131847113370895,0.133697906669113,0,0,0.149442515035314
2008,3,28,1.16482019424438,0.883180428661945,0,0,0.149896066019854
2008,3,29,0.170509815216064,0.941839627817899,0,0,0.150349603487751
2008,3,30,0.0358274094760418,0.148355787843684,0,0,0.150803154472291
2008,3,31,0.561399757862091,0.169342214028802,0,0,0.151256691940187
2008,4,1,0.561752855777741,0.496880666256402,0,0,0.151710242924728
2008,4,2,0.149090081453323,0.209978024677184,0,0,0.152617317860521
2008,4,3,0.124428354203701,0.114299101118377,0.0240285683012189,0,0.153524406312958
2008,4,4,0.178674966096878,0.13452670303559,0.0215087220531132,0,0.154204726031446
2008,4,5,0.143387988209724,0.193033846131584,0,0,0.154658263499343
2008,4,6,1.17543923854828,0.908052911643608,0,0,0.157379528856653
2008,4,7,1.12234938144684,1.1606418467527,0,0,0.160100780697319
2008,4,8,2.4913694858551,1.81348600474485,0,0,0.16282204605463
2008,4,9,1.02665150165558,1.89863712852821,0,0,0.16554331141194
2008,4,10,1.47328770160675,1.14334076556952,0,0,0.168491331986555
2008,4,11,3.64139866828918,2.67788360813756,0,0,0.171212597343865
2008,4,12,4.17253684997559,3.97189474150582,0,0,0.17461416890302
2008,4,13,3.31332802772522,2.30305391705952,1.43987841433227,0.808649111379054,0.178242522712768
2008,4,14,0.0281923525035381,0.219065699744533,1.43870486646483,1.20683104717318,0.182777951458308
2008,4,15,0.675801277160645,0.343639173708652,0.0100795189391647,0.399268172299344,0.188674019640825
2008,4,16,2.73700976371765,1.69993107280789,0,0,0.195023625291239
2008,4,17,1.21236181259155,1.85511021161437,0,0,0.201826768409549
2008,4,18,0,0.741043314985291,0,0,0.208629925044503
2008,4,19,0.000197164641576819,0.00851898885775881,0,0,0.215886619147353
2008,4,20,0,0.000113753716505016,0,0,0.223370081984152
2008,4,21,0,0,0,6.29597028054559,0.233574796661617
2008,4,22,0.00130295963026583,0,0.000639618114291807,14.1798088114883,0.244913395558755
2008,4,23,0.0136237554252148,-1.81898940354586e-12,0.00715130452044832,16.4887985264541,0.263055110540916
2008,4,24,0.0150972604751587,0.00760850709593797,0.00675784488703357,8.54254793886867,0.281196852556364
2008,4,25,0.00588202197104693,0.00744024598134274,0.00298323842071113,5.08506163809216,0.299338594571812
2008,4,26,2.70398449897766,0,1.32613666969337,12.3175864592085,0.337889765942191
2008,4,27,3.50616383552551,0,3.08398044292699,17.8618514798254,0.376440937312569
2008,4,28,2.31327986717224,1.81898940354586e-12,2.92894849398544,16.2964445581529,0.417259850089006
2008,4,29,4.09476566314697,-1.81898940354586e-12,3.07207274918801,9.52177519935867,0.396850393700787
2008,4,30,1.37356674671173,0,3.06746981969081,9.32564030410504,0.385511821836937
2008,5,1,0.341209322214127,0,0.932515842092471,10.4025412312112,0.396850393700787
2008,5,2,0.0363886579871178,0,0.200987989510395,13.0666923106073,0.412724421343466
2008,5,3,0.0509651266038418,0,0.0442461601523974,17.2437219363128,0.392314964955247
2008,5,4,1.65249359607697,0,0.901616040770023,9.61178837580155,0.401385822446327
2008,5,5,2.50894165039063,0,2.00287598633622,7.5079193578822,0.417259850089006
2008,5,6,0.389548450708389,0,1.67422848856404,13.7660509652342,0.442204735222764
2008,5,7,0,0,0.216322996526287,10.6953511282445,0.430866136325626
2008,5,8,0.619243383407593,0.088036350953189,0.278254312694116,2.43574635434925,0.464881878950464
2008,5,9,0.00298872031271458,0.0732387744756124,0.233001983862778,8.90524143612856,0.539716561385027
2008,5,10,0.0063444790430367,0,0.00471826488683291,20.982583671157,0.623622047244095
2008,5,11,0.0200885310769081,0,0.0133080938740022,27.9662250373985,0.771023643673874
2008,5,12,4.21735143661499,0,2.11289141178531,26.6659503225637,0.453543307086614
2008,5,13,3.36751365661621,0,3.7984045193607,22.1546547019607,0.419527564461776
2008,5,14,15.2886371612549,0,9.3076128404773,16.3055672938899,0.390047250582477
2008,5,15,6.33733654022217,0,10.8275729482302,19.1691660631514,0.383244107464167
2008,5,16,5.70417499542236,0,6.01965626429592,20.6059538706395,0.376440937312569
2008,5,17,4.83886051177979,0,5.27149607248612,7.24570680870602,0.405921251191868
2008,5,18,1.23763942718506,0,3.03539333569643,0,0.598677189143624
2008,5,19,0.759799718856812,0,0.957683940172501,0,0.644031476599025
2008,5,20,0.0604260228574276,0,0.206437799588457,0,0.963779527559055
2008,5,21,0.430957466363907,0,0.232996003082008,0,1.19055118110236
2008,5,22,0.673361539840698,0,0.594159305750509,0,1.3560944925143
2008,5,23,0.00107820949051529,0,0.57408971384757,0,1.6577007744256
2008,5,24,0,0,0.0706067523769889,0,2.97070874792384
2008,5,25,0.00828403979539871,0,0.00413100067453343,0,6.98456675612082
2008,5,26,0.000702868681401014,0,0.00475273645861307,0,7.66488171675074
2008,5,27,0.00145197322126478,0,0.00107251415647625,0,5.17039352777436
2008,5,28,0.10297954082489,0,0.0521950702368486,0,4.98897637795276
2008,5,29,0.161186650395393,-1.81898940354586e-12,0.132057876322506,0,3.37889755128876
2008,5,30,0.0238077603280544,1.81898940354586e-12,0.0861984045823192,0,2.47181093711553
2008,5,31,0,0,0.0127824473511282,0,1.89807871420552
2008,6,1,0.245199784636498,0,0.147011567250956,0,1.83458271176796
2008,6,2,0.0868999436497688,0,0.124661607695089,0,1.9116851085753
2008,6,3,0.0435362011194229,0,0.0760251041047013,0,1.76201574370617
2008,6,4,0.396115988492966,0,0.336679754655052,0,1.48762203426812
2008,6,5,0.588693380355835,0,0.530841284089547,0,1.02954329843596
2008,6,6,0.304237693548203,0,0.349922343155413,0,0.816377931129275
2008,6,7,0.114068791270256,1.81898940354586e-12,0.660741596682783,0,0.702992104357622
2008,6,8,6.90951442718506,-1.81898940354586e-12,5.89238915494025,0,0.668976388766071
2008,6,9,10.4053287506104,0,8.40547411064108,0,0.634960619107945
2008,6,10,1.66966474056244,0,7.8844555156993,0,0.705259818730392
2008,6,11,0.0145446844398975,0,1.16585689637031,0,1.34248820627768
2008,6,12,0.0460163578391075,0,0.0549257926140854,0,2.00466145192544
2008,6,13,1.43032121658325,1.81898940354586e-12,0.488852833308556,0,2.58519676388718
2008,6,14,1.00523149967194,-1.81898940354586e-12,1.21959971125216,0,2.81196841743049
2008,6,15,2.71369433403015,0,2.32232067043879,0,1.95250385915201
2008,6,16,1.9682685136795,0,2.03560520524297,0,2.76661412997509
2008,6,17,1.34803628921509,0,1.73853779588535,0,3.2201574370617
2008,6,18,4.53859329223633,0,4.01082775608666,0,3.2655117245171
2008,6,19,3.7634904384613,0,4.35760107228634,0,2.97070874792384
2008,6,20,0.0600982047617436,0,2.93757127709068,0,2.97070874792384
2008,6,21,3.84148907661438,0,1.8970854639083,0,2.58519676388718
2008,6,22,3.07135462760925,0,3.69869986808408,0,2.49448818897638
2008,6,23,2.4026894569397,0,2.96935795249556,0,1.82777962271623
2008,6,24,0.00835276581346989,0,1.57262925526447,0,1.63955905944344
2008,6,25,0.0719892382621765,0,0.0850446922468109,0,1.62595277320682
2008,6,26,0.335726320743561,0,0.448780411239568,0,1.68491334689884
2008,6,27,5.15478610992432,0,3.88861509304115,0,1.5851338063638
2008,6,28,4.28977918624878,0,4.85768301846292,0,1.58059837761826
2008,6,29,0.414875447750092,0,2.94633265792436,0,1.48308660552258
2008,6,30,1.29574084281921,1.81898940354586e-12,1.26363329230117,0,1.24270866574265
2008,7,1,5.19369077682495,-1.81898940354586e-12,4.51175469137706,0,1.52844089297798
2008,7,2,1.61523497104645,0,4.2519610162708,0,1.80963779960092
2008,7,3,0.475525140762329,0,1.10203108021778,0,1.63275586225855
2008,7,4,5.10591888427734,0,1.90508005618722,0,2.11577951025775
2008,7,5,2.32591152191162,0,3.38946067492179,0,2.16793710303119
2008,7,6,1.58746445178986,0,2.12871112953872,0,2.02507093534695
2008,7,7,0.537115156650543,0,1.21761615813193,0,1.90261425108422
2008,7,8,0.930232286453247,0,0.74322421096258,0,1.46494489054042
2008,7,9,0.939292371273041,0,0.935001274150636,0,1.3130078653651
2008,7,10,0.869724750518799,0,0.886840380104331,0,1.39011026217243
2008,7,11,0.00119632866699249,0,0.295980226590473,0,1.36062992125984
2008,7,12,0.889310717582703,0,0.672354438273032,0,1.1724094661202
2008,7,13,1.12564408779144,0,1.09470931853684,0,1.20869289608452
2008,7,14,1.84538447856903,0,1.66998800117108,0,1.45360626460999
2008,7,15,2.04740142822266,0,1.91232606705125,0,1.37423620749646
2008,7,16,3.61333559339982e-06,0,0.556903604483523,0,1.29940157912848
2008,7,17,0.683042764663696,0,0.567902693872384,0,1.2404408973033
2008,7,18,10.2386522293091,0,3.93770638302522,0,1.1724094661202
2008,7,19,6.34180307388306,0,8.82751254932009,0,1.39918111966351
2008,7,20,1.20264053344727,0,5.52758989376343,0,1.24270866574265
2008,7,21,0.495816141366959,0,1.32708155888395,0,1.00233072596272
2008,7,22,1.06462228298187,0,0.644197723273464,0,0.898015756682148
2008,7,23,2.02487540245056,0,1.40925319474809,0,0.854929129532942
2008,7,24,5.00006675720215,0,4.08496149295752,0,0.845858272041862
2008,7,25,7.25278425216675,0,5.59167307296775,0,0.886677184818298
2008,7,26,3.46954894065857,0,5.24333557629689,0,0.900283471054918
2008,7,27,0.433259665966034,0,2.30975844851128,0,0.873070844515102
2008,7,28,0.546202301979065,0,0.474316472093051,0,0.805039359265425
2008,7,29,1.52080237865448,0,0.719451556829881,0,0.768755929301104
2008,7,30,2.516108751297,0,1.86481528536387,0,0.839055128923551
2008,7,31,3.17894005775452,0,2.863765577913,0,1.0567558709092
2008,8,1,0.420745760202408,-1.81898940354586e-12,1.6301292404587,0,1.0114015834538
2008,8,2,0.00430782744660974,1.81898940354586e-12,0.127477063659171,0,0.909354382612574
2008,8,3,0,0,0.000935910529733519,0,0.873070844515102
2008,8,4,0,0,0,0,0.834519700178011
2008,8,5,0.201664507389069,0,0.0507421561451338,0,0.789165358656035
2008,8,6,0.102214924991131,0,0.160580122439569,0,0.809574788010965
2008,8,7,0.493071645498276,0,0.257447562056768,0,0.832251985805241
2008,8,8,0.670809209346771,0,0.567372884470387,0,0.902551185427688
2008,8,9,8.390836592298e-05,0,0.177550825697836,0,0.825448842686931
2008,8,10,0.193409860134125,0,0.239015826624382,0,0.741543302761288
2008,8,11,2.44936156272888,0,1.87967697221575,0,0.687118103748231
2008,8,12,8.0715970993042,0,4.33243524417594,0,0.743811017134058
2008,8,13,14.5764846801758,0,9.78290530541926,0,0.782362215537725
2008,8,14,3.68867087364197,0,10.5065056090771,0,0.805039359265425
2008,8,15,1.29394340515137,0,2.56115962107833,0,0.759685017743449
2008,8,16,0.671694159507752,0,1.11033917082932,0,0.698456675612082
2008,8,17,1.70134127140045,0,1.06239213833032,0,0.662173245647761
2008,8,18,0.327848643064499,0,0.99816539956737,0,0.625889761616865
2008,8,19,0.0661299377679825,0,0.155657898905702,0,0.596409474770854
2008,8,20,0.172859400510788,0,0.22887687340517,0,0.585070848840428
2008,8,21,2.16405153274536,-1.81898940354586e-12,1.66041165591741,0,0.625889761616865
2008,8,22,10.0280666351318,1.81898940354586e-12,4.26674260631626,0,0.700724389984852
2008,8,23,14.3308382034302,0,11.167778675308,0,0.718866159033588
2008,8,24,14.2988634109497,0,14.1804766687565,0,0.807307073638195
2008,8,25,5.11755323410034,0,12.7145262490758,0,0.925228329155389
2008,8,26,2.56195306777954,0,3.84318662853912,0,1.00913381501446
2008,8,27,1.57859408855438,0,2.11346633341418,0,0.96151175911971
2008,8,28,3.19760966300964,0,1.98545204622678,0,0.947905472883089
2008,8,29,3.66797590255737,0,3.40043487948606,0,1.00006295752338
2008,8,30,0.271546810865402,0,3.12653508217045,0,0.954708670067975
2008,8,31,0.632187604904175,1.81898940354586e-12,0.725737405276959,0,0.866267701396792
2008,9,1,0.13956144452095,-1.81898940354586e-12,0.261982337407972,0,0.791433073028805
2008,9,2,0.252310365438461,0,0.216120955410588,0,0.739275588388518
2008,9,3,0.0529591217637062,0,0.100857405897841,0,0.698456675612082
2008,9,4,0.104938343167305,0,0.0907877563877264,0,0.673511817511611
2008,9,5,0.0603518784046173,0,0.0753963763490901,0,0.648566905344565
2008,9,6,0.152884036302567,0,0.273154181804784,0,0.632692904735175
2008,9,7,2.79041433334351,0,2.19351247254417,0,0.616818904125784
2008,9,8,2.83780026435852,0,2.802759015025,0,0.644031476599025
2008,9,9,1.38217830657959,0,2.13527059552143,0,0.614551189753014
2008,9,10,5.12842702865601,0,2.03709773008814,0,0.673511817511611
2008,9,11,2.48469638824463,0,3.56493252707151,0,0.805039359265425
2008,9,12,1.64412009716034,0,2.11628071835366,0,0.696188961239312
2008,9,13,2.2883152961731,0,1.75322899047933,0,0.650834619717335
2008,9,14,2.44546842575073,0,2.2707906757696,0,0.705259818730392
2008,9,15,1.59313833713532,0,1.84085802119625,0,0.732472445270208
2008,9,16,5.59662866592407,0,2.26992198635162,0,0.718866159033588
2008,9,17,2.29905223846436,0,3.71452623291953,0,0.884409470445528
2008,9,18,1.21626269817352,0,1.79436099668601,0,0.875338558887872
2008,9,19,7.67428255081177,0,2.20122656253443,0,0.786897644283265
2008,9,20,8.03765106201172,0,7.40451205365571,0,0.993259868471641
2008,9,21,1.09521436691284,0,6.89625347673427,0,0.932031526340274
2008,9,22,2.47173428535461,-1.81898940354586e-12,2.28122559120493,0,0.823181128314161
2008,9,23,2.96342420578003,1.81898940354586e-12,2.72204712974599,0,0.793700787401575
2008,9,24,1.56844770908356,1.81898940354586e-12,1.77489966704707,0,0.798236216147115
2008,9,25,0.00418758811429143,-1.81898940354586e-12,1.34480670715857,0,0.748346445879598
2008,9,26,0.722844064235687,0,0.436243951744473,0,0.714330730288048
2008,9,27,3.38508152961731,0,1.05675780006823,0,0.687118103748231
2008,9,28,0.349958002567291,0,1.83680097117758,0,0.693921246866542
2008,9,29,13.8044700622559,0,4.14885649563803,0,0.696188961239312
2008,9,30,32.4167709350586,0,20.2631815334771,0,1.4513386043038
2008,10,1,13.8381576538086,0,23.7551695460752,0,2.49448818897638
2008,10,2,19.3417854309082,0,17.5235263011855,0,2.53984247643178
2008,10,3,14.1378908157349,0,16.8504197548082,0,2.44913390152098
2008,10,4,2.1934027671814,0,9.93606587232716,0,1.87540167861097
2008,10,5,0.516526520252228,0,1.62468503526179,0,1.57152752012718
2008,10,6,0.61033433675766,0.0894033721997403,0.500106425999547,0.0894033722106542,1.36516535000538
2008,10,7,2.11182522773743,1.14533948148892,0.215740456747881,0.0894266482282546,1.23137003981222
2008,10,8,0.710572600364685,1.41716362783882,0,0,1.12251964178611
2008,10,9,0.502043426036835,0.60794823604374,0,0,1.09530706931287
2008,10,10,9.10075187683105,0.251021662908897,4.55037684680065,3.33289392302686,1.04088192436639
2008,10,11,11.444863319397,-1.81898940354586e-12,10.3503688563778,0,1.03634649562085
2008,10,12,2.27145600318909,1.81898940354586e-12,4.13041893730042,0,1.01366924376
2008,10,13,4.73239660263062,0,4.12719231188203,0,0.988724439726101
2008,10,14,0.809612810611725,0,2.35114303700357,0,0.884409470445528
2008,10,15,6.01809024810791,0,2.98265719965639,0,0.920692900409849
2008,10,16,8.78899955749512,0,7.38403112954438,0,0.898015756682148
2008,10,17,4.60199975967407,0,6.6955487835985,0,0.891212613563838
2008,10,18,3.66327309608459,1.83163338143822,2.30100385791411,0,0.832251985805241
2008,10,19,1.834508061409,2.54361068496291,0.211440268183651,0,0.816377931129275
2008,10,20,2.96258091926575,2.17388542588014,0.216103443917746,0,0.805039359265425
2008,10,21,11.7568702697754,7.33480148416493,0,0,0.775559072419414
2008,10,22,14.1349897384644,8.27881408967551,4.66711505245803,0.242825430414086,0.768755929301104
2008,10,23,20.9535903930664,12.8649807065995,4.67416320204757,0.243192138743325,0.682582675002691
2008,10,24,10.8926935195923,15.9220394449203,0,0,0.612283475380244
2008,10,25,6.81267976760864,9.1182683292227,0,0,0.544251990130567
2008,10,26,15.3496246337891,10.9366939094853,0,0,0.498897648608591
2008,10,27,2.86771202087402,9.01757106168407,0,0,0.464881878950464
2008,10,28,9.20182704925537,5.66765585983012,1.81898940354586e-12,0,0.453543307086614
2008,10,29,0.141346544027329,4.83089723805642,-1.81898940354586e-12,0,0.442204735222764
2008,10,30,0,0.0389497343840048,0,0,0.433133850698396
2008,10,31,3.36969637870789,1.70316006124449,0,0,0.430866136325626
2008,11,1,1.92858493328094,2.47383279539645,0,0,0.426330707580086
2008,11,2,2.23513388633728,2.14709488148401,0,0,0.430866136325626
2008,11,3,2.73697257041931,2.50325802447514,0,0,0.433133850698396
2008,11,4,0.152357742190361,1.86631045603644,0,0,0.435401565071166
2008,11,5,2.38846635818481,1.06351520033968,0,0,0.435401565071166
2008,11,6,14.1151323318481,8.18985757619157,0,0,0.437669279443936
2008,11,7,1.87480640411377,8.0106476287765,0,0,0.437669279443936
2008,11,8,0.928517043590546,1.16852549141731,0,0,0.439937020849994
2008,11,9,0.0442905947566032,0.41586000494317,0,0,0.442204735222764
2008,11,10,2.08491086959839,1.33067854396541,0,0,0.442204735222764
2008,11,11,0.260867804288864,1.631776790191,0,0,0.439937020849994
2008,11,12,1.2362368106842,0.621746771534163,0,0,0.437669279443936
2008,11,13,1.3786393404007,1.25732721156419,0,0,0.435401565071166
2008,11,14,4.34312343597412,2.8643180067138,0,0,0.433133850698396
2008,11,15,3.00808048248291,3.37068179613743,0,0,0.430866136325626
2008,11,16,0.00359424925409257,1.56998811936319,0,0,0.426330707580086
2008,11,17,0.0769752115011215,0.0128383852406841,0,0,0.424062993207316
2008,11,18,0.499157339334488,0.200291694163752,0,0,0.419527564461776
2008,11,19,1.69688081741333,0.858042072781245,0,0,0.417259850089006
2008,11,20,7.55297517776489,4.97100795759252,1.81898940354586e-12,0,0.412724421343466
2008,11,21,2.52247214317322,4.72172786208648,-1.81898940354586e-12,0,0.408188965564638
2008,11,22,5.69659757614136,3.63083611090406,0,0,0.405921251191868
2008,11,23,5.36316776275635,5.43869241109314,0,0,0.401385822446327
2008,11,24,3.77214884757996,4.23280782951588,0,0,0.399118108073557
2008,11,25,0.861391246318817,2.77595993689647,0,-3.63797880709171e-12,0.394582679328017
2008,11,26,0.59816986322403,0.719612591869009,0,3.63797880709171e-12,0.387779536209707
2008,11,27,7.23247337341309,3.63971367066551,0,0,0.383244107464167
2008,11,28,7.44461011886597,7.32426488314377,0,0,0.376440937312569
2008,11,29,7.93281745910645,7.26324777949776,0.283223109237952,0,0.371905508567029
2008,11,30,2.51818156242371,4.38456168454104,0.536519828556266,0,0.365102365448719
2008,12,1,0.962503135204315,1.38288369529255,0,0,0.358299222330409
2008,12,2,0.0271187648177147,0.437548020639952,0,0,0.353763766551581
2008,12,3,3.78053379058838,2.5324127991571,0,0,0.346960623433271
2008,12,4,2.21953821182251,3.48969055524867,0,0,0.342425194687731
2008,12,5,1.50231611728668,1.97188413219192,0,0,0.335622051569421
2008,12,6,0.386993795633316,0.954604789991208,0,0,0.32881890845111
2008,12,7,2.38406419754028,1.20332327408323,1.81898940354586e-12,0,0.324283452672283
2008,12,8,18.537712097168,9.94713553037218,-1.81898940354586e-12,0,0.317480309553972
2008,12,9,15.8827228546143,18.0225829763313,0,0,0.312944880808432
2008,12,10,3.56117987632751,10.4754099438451,0,0,0.306141737690122
2008,12,11,1.82777273654938,2.64829052859932,0,0,0.301606308944582
2008,12,12,0.369414001703262,1.32905465699696,0,0,0.297070853165754
2008,12,13,0.0180823393166065,0.322173904047304,0,0,0.292535424420214
2008,12,14,0.0135709699243307,0.100892888825911,0,0,0.287999995674674
2008,12,15,0.93501353263855,0.744790299886518,0,0,0.283464566929134
2008,12,16,0.238664090633392,0.524301219558765,0,0,0.278929138183594
2008,12,17,0.0193263124674559,0.152603517908574,0,0,0.274393709438054
2008,12,18,0.0124071380123496,0.019616879935711,0,0,0.269858280692514
2008,12,19,0.0166944675147533,0.0137805113736249,0,0,0.265322824913686
2008,12,20,0.00634443620219827,0.0143493930154364,0,0,0.260787396168146
2008,12,21,6.51411974104121e-05,0.00583688370716118,0,0,0.256251967422605
2008,12,22,0.0316086113452911,0.00668723226772272,0,0,0.251716538677065
2008,12,23,2.90887641906738,0.840996394683316,0,0,0.247181109931525
2008,12,24,0.671039462089539,2.35752280676388,0,0,0.242645681185985
2008,12,25,4.42560577392578,1.98936521318319,0,0,0.238110225407157
2008,12,26,3.97439098358154,4.21593632289114,0,0,0.233574796661617
2008,12,27,3.26137566566467,3.79068778922192,0,0,0.229039367916077
2008,12,28,0.018198611214757,2.66639092510559,0,0,0.224503939170537
2008,12,29,0.279576033353806,0.146951517268462,0,0,0.219968510424997
2008,12,30,0,0.113467404646144,0,0,0.215433068162813
2008,12,31,0,0,0,0,0.212031496603658
2009,1,1,0.171958476305008,0.0620570987830433,0,0,0.208629925044503
2009,1,2,0.0678675174713135,0.116608285672555,0,0,0.204548033766859
2009,1,3,4.38023805618286,1.61220021538611,0,0,0.200466142489216
2009,1,4,2.86859107017517,3.59811748690663,0,0,0.196837788679468
2009,1,5,0.800446450710297,2.16452033140558,0,0,0.192755910918469
2009,1,6,9.50191497395281e-06,0.675650603239774,0,0,0.190488183029055
2009,1,7,0.030607620254159,0.0722351428994443,0,0,0.188220468656285
2009,1,8,3.9897198677063,1.65248987667655,0,0,0.185952754283515
2009,1,9,4.44141721725464,4.23037436802952,0,0,0.183685039910745
2009,1,10,2.57990479469299,3.87383813974702,0,0,0.181417325537974
2009,1,11,7.53582286834717,4.3335108898973,1.81898940354586e-12,0,0.180283468351589
2009,1,12,6.18665361404419,6.80431193845834,-1.81898940354586e-12,0,0.179149611165204
2009,1,13,1.34063065052032,3.05526234362696,0,0,0.178015753978819
2009,1,14,0.143353208899498,0.43495531631379,0,0,0.17688188327579
2009,1,15,1.7106693983078,0.0716765937977471,0.855334826204853,4.66391364183437,0.178015753978819
2009,1,16,1.17646586894989,0.484428269275668,0.957750179013601,4.63965612886386,0.179149611165204
2009,1,17,15.7351694107056,0.482449582714253,7.9653961901895,8.1543402305324,0.180283468351589
2009,1,18,12.1877822875977,0,14.2809800229497,18.1359875689013,0.181417325537974
2009,1,19,9.98564529418945,0,10.9838210737544,18.9207511647692,0.18481889709713
2009,1,20,10.1755495071411,4.03760384419184,6.04108367822482,8.88112402976185,0.188220468656285
2009,1,21,5.0398850440979,6.65682427566753,0.977201164645521,0,0.190488183029055
2009,1,22,0.050028283149004,2.53900551423612,-1.81898940354586e-12,0,0.190488183029055
2009,1,23,0,0.0289942094750586,1.81898940354586e-12,0,0.18980787682721
2009,1,24,0.208539679646492,0.129616614154656,0,0,0.188900788374773
2009,1,25,1.02928280830383,0.360803987192412,0,0,0.188220468656285
2009,1,26,3.32216048240662,2.09718761615295,0,0,0.1870866114699
2009,1,27,1.160564661026,2.03641652336046,0,0,0.185952754283515
2009,1,28,2.02519035339355,1.51057588449839,0,0,0.18481889709713
2009,1,29,20.1952648162842,9.70710572852113,1.81898940354586e-12,0,0.183685039910745
2009,1,30,9.6710319519043,15.6134574803946,0,0,0.182551182724359
2009,1,31,4.05221033096314,7.56556300682132,-1.81898940354586e-12,0,0.181417325537974
2009,2,1,6.29883623123169,5.16653685661368,0,0,0.179829917367049
2009,2,2,4.35314178466797,5.68241900522662,0,0,0.178015753978819
2009,2,3,3.06527209281921,4.16490114671251,0,0,0.176428345807894
2009,2,4,0.633324921131134,1.96293898851945,0,0,0.174840951153613
2009,2,5,0.406509280204773,0.497686592689206,1.81898940354586e-12,0,0.173253542982687
2009,2,6,8.77864646911621,5.0021382111463,-1.81898940354586e-12,0,0.171892917062354
2009,2,7,6.1517014503479,8.39577010682297,0,0,0.170532277625377
2009,2,8,2.94038963317871,5.01621306396373,0,0,0.168944882971095
2009,2,9,1.23592412471771,2.03505593048612,0,0,0.16735747480017
2009,2,10,2.34093284606934,1.61806382256873,0,0,0.165996848879837
2009,2,11,1.37995231151581,2.14266357598353,0,0,0.164636222959503
2009,2,12,0.190116971731186,0.851785671584366,0,0,0.16327559703917
2009,2,13,0.0461187437176704,0.117766058612688,-1.81898940354586e-12,-3.63797880709171e-12,0.161688188868245
2009,2,14,0.00740021467208862,0.0399796266574413,1.81898940354586e-12,3.63797880709171e-12,0.160100780697319
2009,2,15,0.0932115465402603,0.0308076835735847,0,0,0.158740154776986
2009,2,16,0.408019304275513,0.212145131561556,0,0,0.157606297590601
2009,2,17,0.652305781841278,0.503079513344346,0,0,0.156472440404216
2009,2,18,0.447872877120972,0.565078747022199,0,0,0.155338583217831
2009,2,19,0.595396220684052,0.510881480300668,0,0,0.154204726031446
2009,2,20,4.09543752670288,2.074043075394,0,0,0.153070868845061
2009,2,21,1.22824168205261,2.14518405573835,0,0,0.151937011658676
2009,2,22,0.294891834259033,0.910536205135941,0,0,0.150803154472291
2009,2,23,0.00174821459222585,0.257218188666229,0,0,0.149669297285906
2009,2,24,0.0020886876154691,0.0261378327741113,0,0,0.148535426582877
2009,2,25,0.00990623515099287,0.0975547799516789,0,0,0.147401569396492
2009,2,26,2.87941145896912,2.07288409573812,0,0,0.146948031928596
2009,2,27,1.21724116802216,2.23502862102396,0,0,0.146494494460699
2009,2,28,0.0863843113183975,0.967231545340837,0,0,0.146040943476159
2009,3,1,0.414951950311661,0.332196889763509,0,0,0.145587406008262
2009,3,2,1.06352937221527,0.650781878006455,0,0,0.145133855023722
2009,3,3,0.165464267134666,0.900092295873037,0,0,0.144680317555826
2009,3,4,0.0763835161924362,0.210339800723887,0,0,0.144226766571285
2009,3,5,0.254443407058716,0.219676565267946,0,0,0.143773229103389
2009,3,6,2.21421241760254,0.52164773147706,0,0,0.143319691635492
2009,3,7,0.581409573554993,1.30114459351898,0,0,0.142866140650952
2009,3,8,0.00614651897922158,0.321269771762672,0,0,0.142412603183055
2009,3,9,0.489133596420288,0.117436668895607,0,0,0.141959052198515
2009,3,10,0.228512480854988,0.325463530301931,0,0,0.141732283464567
2009,3,11,0.511061728000641,0.298935325183265,0,0,0.141505514730619
2009,3,12,15.9798212051392,9.56982285339291,0,0,0.14127874599667
2009,3,13,3.61064195632935,8.7128391655915,0,0,0.141051963746078
2009,3,14,1.42878818511963,2.96262205996572,0,0,0.14082519501213
2009,3,15,0.125246554613113,1.27384243973574,0,0,0.140598426278182
2009,3,16,0.993218302726746,0.649612343508125,0,0,0.140598426278182
2009,3,17,1.89912235736847,1.3739086782407,0,0,0.140371657544234
2009,3,18,0.0196254681795836,1.4640428239818,0,0,0.140371657544234
2009,3,19,0.930980980396271,0.643600948600579,0,0,0.140598426278182
2009,3,20,0.0866722539067268,0.490033949343342,0,0,0.140598426278182
2009,3,21,0,0.0604862947766378,0,0,0.14082519501213
2009,3,22,1.01554578577634e-05,0.195860274679944,0,0,0.141051963746078
2009,3,23,4.46395778656006,3.56235081521481,1.81898940354586e-12,0,0.14127874599667
2009,3,24,12.8420829772949,7.22217319286392,-1.81898940354586e-12,0,0.141505514730619
2009,3,25,0.707436621189117,8.04995593735112,0,0,0.141732283464567
2009,3,26,0.615890264511108,0.694868359754764,0,0,0.141959052198515
2009,3,27,0.625002026557922,0.628688548615173,0,0,0.142185820932463
2009,3,28,0.365160822868347,0.49061678237922,0,0,0.142412603183055
2009,3,29,0.892537653446198,0.669879025237606,0,0,0.142639371917004
2009,3,30,0.328116148710251,0.502019333362114,0,0,0.142866140650952
2009,3,31,0.000726655474863946,0.102472985683562,0,0,0.1430929093849
2009,4,1,0.0518136546015739,0.0379021280186862,0,0,0.143773229103389
2009,4,2,0.127894729375839,0.134360404710606,0,0,0.144453548821877
2009,4,3,1.40377306938171,1.01190991297517,0,0,0.145133855023722
2009,4,4,5.9389123916626,2.35124647597513,0,0,0.145814174742211
2009,4,5,2.08982253074646,5.15845310902114,0,0,0.146494494460699
2009,4,6,0.636792719364166,1.81334683861314,0,0,0.147401569396492
2009,4,7,0.265232175588608,0.485379571771773,0,0,0.148081889114981
2009,4,8,0.459172695875168,0.298311565893528,0,0,0.148762208833469
2009,4,9,0.00908569619059563,0.278874357265522,0,0,0.149442515035314
2009,4,10,2.42902088165283,0.372633144303109,0,0,0.150122834753802
2009,4,11,2.02416968345642,2.00054465593348,0,0,0.150803154472291
2009,4,12,0.891499698162079,1.74151308425462,0,0,0.151483460674136
2009,4,13,0.0297635849565268,0.429339266145689,0,0,0.152163780392624
2009,4,14,0.00112014904152602,0.0151883964172157,0,0,0.153070868845061
2009,4,15,1.07979774475098,0.73289705242496,0,0,0.154204726031446
2009,4,16,0.698642194271088,0.93393193049269,0,0,0.155565351951779
2009,4,17,0.528661072254181,0.644731333826712,0.0318993388955278,0,0.157152760122705
2009,4,18,2.35337162017822,1.01687102303549,0.123590615045032,0,0.158740154776986
2009,4,19,0.0566792264580727,1.73356760766546,0,0,0.16055433168186
2009,4,20,0.189684182405472,0.156535401269139,0,0,0.162368508586733
2009,4,21,0.000970363093074411,0.119137351297468,0.000156784668433829,0,0.164409454225555
2009,4,22,0.0477634146809578,0.0332320693487418,0.000185317254363326,0,0.16781102578471
2009,4,23,0.112343855202198,0.094041463227768,0,0,0.171212597343865
2009,4,24,0.786331653594971,0.0561719573906885,0.393165618266721,3.84154030637001,0.17461416890302
2009,4,25,0.058073602616787,1.81898940354586e-12,0.426567673277532,6.19043033269554,0.178015753978819
2009,4,26,0.000922009698115289,-1.81898940354586e-12,0.0298335934967326,5.94223349268577,0.181417325537974
2009,4,27,0.00169221917167306,-1.81898940354586e-12,0.00131010572840751,17.5301589712908,0.18935432584267
2009,4,28,0.00774258328601718,1.81898940354586e-12,0.00464023808308411,33.9090774828219,0.197291339664009
2009,4,29,0,-1.81898940354586e-12,0.00362523581134155,39.804266509298,0.206362210671733
2009,4,30,7.03955038261483e-06,1.81898940354586e-12,2.9700058803428e-06,40.8952484023212,0.215433068162813
2009,5,1,0,0,3.54449730366468e-06,47.8360865397444,0.242645681185985
2009,5,2,0,0,-1.81898940354586e-12,52.085579366445,0.272125995065284
2009,5,3,0.0612196587026119,0,0.0305989764183323,47.9579788160954,0.340157480314961
2009,5,4,0.515403568744659,0,0.287437936929564,42.1962443974335,0.430866136325626
2009,5,5,0.00109715550206602,0,0.26105202229337,41.4436821054842,0.907086614173228
2009,5,6,0.0593858808279038,0,0.0304808084092656,38.4588593307417,1.58740157480315
2009,5,7,0.148914232850075,0,0.102026221469714,34.6535342349125,2.15433070866142
2009,5,8,0.0197339467704296,0,0.0849064751910191,31.5827471334342,2.08629916934517
2009,5,9,2.70474934577942,0,1.33263301798615,25.2443855245329,1.99559059443436
2009,5,10,0.00956808403134346,0,1.33729211227364,16.0554369108759,1.95023630697896
2009,5,11,1.68730747699738,0,0.846203147981214,0,1.81417322834646
2009,5,12,1.00322127342224,0,1.34517677141776,0,1.7007874015748
2009,5,13,0.980312585830688,0,0.995403752822313,0,1.58740157480315
2009,5,14,0.00322952610440552,0,0.679537659214475,0,1.44453540711891
2009,5,15,0.633735060691834,0,0.219976352569574,0,1.2404408973033
2009,5,16,0,0,0.382104582835382,0,1.13385826771654
2009,5,17,0.088201142847538,0,0.0413429353484389,0,1.07489758589136
2009,5,18,6.70919907861389e-05,0,0.0457653032644885,0,1.10437792680395
2009,5,19,0,0,3.35483910021139e-05,0,1.2404408973033
2009,5,20,0.502279698848724,0,0.259697737536044,0,1.494425231453
2009,5,21,0.0033865359146148,0,0.23599670602016,0,1.75748031496063
2009,5,22,0.785782516002655,0,0.421308748154843,0,1.9570393960307
2009,5,23,0.0713299363851547,0,0.403715283546262,0,2.26544876699373
2009,5,24,0.0236937552690506,0,0.0458582108894916,0,2.38110236220472
2009,5,25,0.0247372444719076,0,0.0242517376736942,0,3.1294488621509
2009,5,26,16.4446678161621,-1.81898940354586e-12,8.23462569968251,0,4.24063009427288
2009,5,27,3.03536772727966,1.81898940354586e-12,9.74790326810762,0,5.10236220472441
2009,5,28,0.00388499698601663,0,2.2319202517283,0,3.99118118886873
2009,5,29,1.26464760303497,0,0.191314176992819,0,2.56251972829263
2009,5,30,0.35390105843544,0,0.870241351794903,0,1.90034648264487
2009,5,31,0.00092381308786571,0,0.105039121570371,0,1.74160626028466
2009,6,1,0.108519650995731,0,0.0251644972977374,0,2.40377961406558
2009,6,2,9.84816142590716e-05,0,0.0484950661411858,0,4.6488188976378
2009,6,3,8.76267222338356e-06,0,5.33092843397753e-05,0,8.07307052011565
2009,6,4,0.00020855940238107,0,0.000107191586721456,0,10.2954334168922
2009,6,5,0.00457720458507538,0,0.00237556109095749,0,9.43370044137549
2009,6,6,0,0,0.0022925157991267,0,12.336378298782
2009,6,7,0.0295249316841364,0,0.0147527367116709,0,13.2434649129552
2009,6,8,0.0329905264079571,0,0.0341791967475729,0,10.6809445358637
2009,6,9,0.201626852154732,-1.81898940354586e-12,0.271117923044585,0,9.8872437484621
2009,6,10,2.17628526687622,1.81898940354586e-12,1.76300017283756,0,10.3861415592704
2009,6,11,2.15187549591064,0,2.16919581344519,0,16.2822054164616
2009,6,12,1.43186247348785,0,1.88021152639885,0,8.02771688145915
2009,6,13,0.69672292470932,0,1.06845956711186,0,4.6488188976378
2009,6,14,0.285601049661636,0,0.493495659804466,0,3.28818897637795
2009,6,15,3.01374077796936,0,1.63426986704508,0,2.99338578351839
2009,6,16,10.6483249664307,0,7.87936552176871,0,5.87338574026513
2009,6,17,5.01475429534912,0,9.07300796751952,0,5.66929133858268
2009,6,18,0.229673311114311,0,2.41356656152129,0,3.83244085837537
2009,6,19,0.44519567489624,0,0.320177710871576,0,3.2201574370617
2009,6,20,0.206054866313934,0,0.344020739497864,0,2.90267720860759
2009,6,21,0.0362759158015251,0,0.135594406545351,0,2.83464566929134
2009,6,22,0.546884953975678,0,0.251288923220272,0,2.60787401574803
2009,6,23,0.689741373062134,0,0.605092073317792,0,2.42645664966013
2009,6,24,0.0727327987551689,0,0.430141954220744,0,2.33574807474932
2009,6,25,0.0143074374645948,0,0.0503523123115883,0,2.1180472786971
2009,6,26,0.929864287376404,0,0.398981597461898,0,1.97064557413417
2009,6,27,6.56080341339111,0,4.64890306846064,0,1.88220476766271
2009,6,28,5.99861669540405,0,6.30186021417285,0,1.82777962271623
2009,6,29,2.38207316398621,0,3.87570356143624,0,1.80963779960092
2009,6,30,0.233091682195663,0,1.72017934821997,0,1.97064557413417
2009,7,1,0.0116102574393153,0,0.145222778861353,0,2.51716544083723
2009,7,2,1.52366805076599,0,0.544524083099532,0,2.65322830320343
2009,7,3,1.35356903076172,0,1.42748743607626,0,2.87999995674674
2009,7,4,1.78391003608704,0,1.60041048488893,0,2.65322830320343
2009,7,5,1.60808408260345,0,1.67910899095477,0,2.65322830320343
2009,7,6,0.693558871746063,0,0.928262642990376,0,2.94803149606299
2009,7,7,0.024834705516696,0,0.171391877518545,0,2.81196841743049
2009,7,8,0.0266182869672775,0,0.262378424520648,0,2.47181093711553
2009,7,9,4.11440372467041,0,3.22384079636686,0,2.47181093711553
2009,7,10,2.81468915939331,0,3.86479085171777,0,2.33574807474932
2009,7,11,0.10227732360363,0,2.38772214309574,0,2.0726929912417
2009,7,12,0.266265869140625,0,0.350733614763158,0,1.88900785671444
2009,7,13,0.0334492735564709,0,0.145433828452951,0,1.94116544948788
2009,7,14,0.450589597225189,0,0.250122120720334,0,1.71892911655696
2009,7,15,0.628925681114197,1.81898940354586e-12,0.543523226333491,3.63797880709171e-12,1.71439368781142
2009,7,16,2.17904305458069,-1.81898940354586e-12,1.47651649836735,-3.63797880709171e-12,1.83911803238035
2009,7,17,0.331806719303131,0,1.00017931984803,0,1.61007871853085
2009,7,18,0.00343166501261294,0,0.12116617875472,0,1.45814169335553
2009,7,19,0.618090808391571,0,0.416080937566221,0,1.43092912088229
2009,7,20,0.261358588933945,0,0.322026695448585,0,1.41732283464567
2009,7,21,0.125213637948036,0,0.192961642916998,0,1.3334173487866
2009,7,22,0.610772132873535,0,0.540071328177874,0,1.24497632604884
2009,7,23,0.67752081155777,0,0.632201588017779,0,1.16107084018978
2009,7,24,0.314000874757767,0,0.341546197303614,0,1.12478741022546
2009,7,25,0,0,0.0497204642488214,0,1.00233072596272
2009,7,26,0.911461591720581,0,0.229447277417421,0,0.947905472883089
2009,7,27,1.31520748138428,0,1.01806947414298,0,0.986456671286756
2009,7,28,0,0,0.278922607196364,0,1.05222044216366
2009,7,29,0,0,0,0,0.981921242541216
2009,7,30,0,0,0,0,0.950173241322435
2009,7,31,0.0607074089348316,0,0.0215432698769291,0,0.909354382612574
2009,8,1,0.853244841098785,0,0.370546862191986,0,0.904818899800458
2009,8,2,6.04945850372315,0,3.49218600115273,0,1.03181106687531
2009,8,3,0.00180395296774805,0,4.46001276251627,0,1.01593701219934
2009,8,4,8.37633124319837e-05,0,0.0311541797545942,0,0.891212613563838
2009,8,5,0.0719519779086113,0,0.0261748997254472,0,0.820913359874816
2009,8,6,1.04522001743317,0,0.550036726208418,0,0.773291358046644
2009,8,7,0.783862471580505,0,0.823722744480619,0,0.773291358046644
2009,8,8,0.472079873085022,0,0.73634705567747,0,0.746078731506828
2009,8,9,2.57215571403503,0,2.26111089188635,0,0.750614160252368
2009,8,10,5.95727872848511,0,4.23294336184154,0,0.850393700787402
2009,8,11,2.78927803039551,0,4.96712849605865,0,0.891212613563838
2009,8,12,0.428205668926239,0,2.45226735984943,0,1.0340787271815
2009,8,13,0.0976462662220001,0,0.475791208526061,0,0.848125986414632
2009,8,14,0.190321996808052,0,0.172897802824082,0,0.791433073028805
2009,8,15,1.77623951435089,0,0.767035382281392,0,0.775559072419414
2009,8,16,7.28237438201904,0,2.62282188996505,0,0.873070844515102
2009,8,17,8.737961769104,0,7.67661815678366,0,1.41051963746078
2009,8,18,13.3396615982056,0,11.2563632783458,0,1.29486615038294
2009,8,19,1.02762687206268,1.81898940354586e-12,7.35782992969143,0,1.06809449683963
2009,8,20,14.5489473342896,-1.81898940354586e-12,7.30931154406608,0,1.3560944925143
2009,8,21,5.6274585723877,1.81898940354586e-12,12.0811669909781,0,1.75294488621509
2009,8,22,5.95488834381104,-1.81898940354586e-12,5.74374719530533,0,1.8413858008197
2009,8,23,2.73498868942261,0,4.02446315291672,0,1.6577007744256
2009,8,24,3.22653269767761,0,2.9623834013255,0,1.45814169335553
2009,8,25,7.74029684066773,0,4.33138872958443,0,1.39011026217243
2009,8,26,3.43940424919128,0,4.95725665410282,0,1.29940157912848
2009,8,27,22.4124336242676,0,12.2374453613775,0,1.20642523577833
2009,8,28,27.2702217102051,0,24.6779570696926,0,1.1950866098479
2009,8,29,13.904613494873,0,22.3355358295848,0,1.20188980703279
2009,8,30,9.26998615264893,0,11.6067359151984,0,1.17694489486574
2009,8,31,0.46709680557251,0,5.17316042645143,0,1.06355906809409
2009,9,1,0.0043700416572392,0,0.217930932820309,0,1.00459838626892
2009,9,2,0,0,0.00375409193293308,0,0.950173241322435
2009,9,3,2.71247363090515,0,0.514223551308533,0,0.911622042918768
2009,9,4,1.22668409347534,0,1.81199917281447,3.63797880709171e-12,0.909354382612574
2009,9,5,1.07974457740784,0,1.20573055809109,-3.63797880709171e-12,0.925228329155389
2009,9,6,0.00788872130215168,0,0.748996999285737,0,0.888944899191068
2009,9,7,0.33503732085228,0,0.259026125730088,0,0.863999987024022
2009,9,8,0.333751350641251,0,0.33395466134607,0,0.836787414550781
2009,9,9,4.12266683578491,0,1.2497125943828,0,0.820913359874816
2009,9,10,10.3063125610352,0,7.26747553139103,0,0.854929129532942
2009,9,11,10.0395088195801,0,10.1747809161752,0,0.850393700787402
2009,9,12,6.32512664794922,0,7.65307699636651,0,0.807307073638195
2009,9,13,3.63933563232422,0,5.47806102659342,0,0.913889811358114
2009,9,14,0.749741315841675,0,1.93028668685474,0,0.877606273260642
2009,9,15,3.93128871917725,0,2.09381997527817,0,0.823181128314161
2009,9,16,33.1885566711426,1.81898940354586e-12,19.9364835161905,0,0.841322843296321
2009,9,17,3.46887159347534,-1.81898940354586e-12,20.5262751640457,0,0.904818899800458
2009,9,18,2.36820363998413,0,3.31608006945498,0,0.879874041699988
2009,9,19,1.88957262039185,0,2.37412102355665,0,0.877606273260642
2009,9,20,6.86540126800537,0,4.55032309680792,0,0.839055128923551
2009,9,21,6.75942754745483,0,6.84344622639765,0,0.907086614173228
2009,9,22,6.57114410400391,0,6.72786424890728,0,0.850393700787402
2009,9,23,10.4544925689697,0,8.9987895519098,0,1.02274020938423
2009,9,24,7.79583549499512,0,9.83810990476559,0,1.19281894954171
2009,9,25,5.35013961791992,-1.81898940354586e-12,6.75835457779795,0,1.03861415592704
2009,9,26,3.82290887832642,1.81898940354586e-12,4.98312431511113,0,1.13612603615588
2009,9,27,1.07695233821869,0,2.65340863245001,0,1.04314958467258
2009,9,28,0.827451825141907,0,1.03628117141852,0,0.986456671286756
2009,9,29,0.0827932581305504,0.0413930097911361,0.436723148350211,0,0.868535415769562
2009,9,30,8.43239784240723,0.0413966508840531,4.21619669891334,0.0827918316172145,0.836787414550781
2009,10,1,7.94473648071289,0,8.18856747669815,0,0.827716557059701
2009,10,2,3.59364819526672,0,6.15994694354595,0,0.818645645502045
2009,10,3,0.268431931734085,0,2.66454572462135,0,0.777826786792184
2009,10,4,5.31663370132446,0,1.03856832584643,0,0.750614160252368
2009,10,5,17.8075485229492,0,9.84123918372461,0,0.809574788010965
2009,10,6,8.60464191436768,0,11.2939450270587,0,0.970582724743941
2009,10,7,4.1409182548523,0,5.78989932520562,0,0.945637812576895
2009,10,8,6.02626514434815,0,4.88006973438314,0,0.879874041699988
2009,10,9,0.731375694274902,0,5.12568616832323,0,0.893480327936608
2009,10,10,0.0510043241083622,0,0.881039041843906,0,0.954708670067975
2009,10,11,0.00368381454609334,0,0.0398025539543596,0,0.972850385050135
2009,10,12,0.0179678853601217,0,0.00972319238644559,0,0.907086614173228
2009,10,13,0,0,0.00975432835548418,0,0.786897644283265
2009,10,14,0.329263955354691,0.164630809284063,0,0,0.752881874625138
2009,10,15,3.57532286643982,1.95165609614196,0,0,0.725669302151898
2009,10,16,1.72107446193695,1.78766445662586,0.860535775564131,1.20688696636716,0.707527533103162
2009,10,17,2.58261346817017,0,2.15609313995265,2.69706508675881,0.680314960629921
2009,10,18,3.74323964118958,0,3.35072471873173,0,0.682582675002691
2009,10,19,2.81544971466064,1.81898940354586e-12,3.25357044902921,0,0.682582675002691
2009,10,20,0.901991367340088,0.278536508856632,1.58018774737138,0,0.673511817511611
2009,10,21,5.69049549102783,1.34675834421978,1.94948788878537,0.145791768063646,0.648566905344565
2009,10,22,7.16901254653931,1.06917522113508,5.35991762117192,2.89359321466327,0.641763762226255
2009,10,23,4.25222015380859,0,5.25850114774221,0,0.637228333480715
2009,10,24,4.16967058181763,0,4.1954214967609,0,0.614551189753014
2009,10,25,7.94628810882568,0,6.05796161530452,0,0.610015761007474
2009,10,26,13.8366107940674,0,10.8914265760486,0,0.605480332261934
2009,10,27,1.85473668575287,0.125752365644075,7.72332501186975,0.125752365649532,0.544251990130567
2009,10,28,0.0793772786855698,0.165512465775464,0.801544272655519,0.1258238155242,0.476220450814315
2009,10,29,0.936436831951141,0.508155627445376,0,0,0.437669279443936
2009,10,30,4.17894792556763,2.55484087559125,0,0,0.408188965564638
2009,10,31,5.28414678573608,4.74802935384651,0,0,0.396850393700787
2009,11,1,7.45419359207153,6.35192768729212,0,0,0.390047250582477
2009,11,2,9.50261116027832,8.40665294046085,0,0,0.385511821836937
2009,11,3,0.0741198733448982,4.82697635073055,0,0,0.378708651685339
2009,11,4,6.44067335128784,3.26080368616022,0,0,0.371905508567029
2009,11,5,8.32799816131592,7.31139010922743,1.81898940354586e-12,0,0.367370079821489
2009,11,6,7.00884485244751,7.61199146266517,-1.81898940354586e-12,0,0.362834651075949
2009,11,7,2.17421364784241,4.77279896533037,1.81898940354586e-12,0,0.362834651075949
2009,11,8,2.87929177284241,2.41236077515714,-1.81898940354586e-12,0,0.362834651075949
2009,11,9,0.11626909673214,1.30488778312974,-1.81898940354586e-12,0,0.362834651075949
2009,11,10,3.31993794441223,1.5165326789338,1.81898940354586e-12,0,0.362834651075949
2009,11,11,3.18182420730591,3.24132755323626,0,0,0.362834651075949
2009,11,12,3.99510741233826,3.63999163319204,0,0,0.362834651075949
2009,11,13,13.6790609359741,8.60052553832429,0,0,0.362834651075949
2009,11,14,3.19912958145142,8.14496131375381,0,0,0.362834651075949
2009,11,15,8.11250591278076,5.41291933152934,0,0,0.356031507957639
2009,11,16,6.82906293869019,7.76018366580684,0,0,0.349228337806041
2009,11,17,3.2764585018158,5.31324165158912,0,0,0.342425194687731
2009,11,18,3.12129330635071,3.21764034557964,0,0,0.335622051569421
2009,11,19,2.31334257125855,2.97051514934356,0,0,0.33108662282388
2009,11,20,0,1.18565092568497,0,0,0.32655119407834
2009,11,21,2.35826206207275,0.892855446256363,-1.81898940354586e-12,0,0.322015738299513
2009,11,22,1.58543145656586,1.75351162500374,1.81898940354586e-12,0,0.317480309553972
2009,11,23,4.04999732971191,2.83829713178602,0,0,0.312944880808432
2009,11,24,5.32761240005493,4.35403824278365,0,0,0.308409452062892
2009,11,25,13.1140203475952,9.086143891549,0,0,0.303874023317352
2009,11,26,16.2597312927246,14.2250229821057,0,0,0.299338594571812
2009,11,27,4.96173572540283,10.4104450411251,0,0,0.294803138792984
2009,11,28,7.23640108108521,5.55180630656469,0,0,0.290267710047444
2009,11,29,19.6042175292969,13.1921866565135,0,0,0.285732281301904
2009,11,30,0.922265827655792,10.2374277427753,0,0,0.281196852556364
2009,12,1,4.18342018127441,2.29018397514665,-1.81898940354586e-12,0,0.276661423810824
2009,12,2,0.189522504806519,2.58834171081799,1.81898940354586e-12,0,0.272125995065284
2009,12,3,3.32382345199585,1.32473149482757,0,3.63797880709171e-12,0.269858280692514
2009,12,4,0.185680270195007,2.31666330460757,0,-3.63797880709171e-12,0.267590539286456
2009,12,5,0,0.0916777246584388,0,0,0.263055110540916
2009,12,6,0.00493495306000114,0.0013378940657276,0,0,0.260787396168146
2009,12,7,0.0500204488635063,0.0180128170013631,0,0,0.258519681795376
2009,12,8,0.0386318117380142,0.0452496325378888,0,0,0.256251967422605
2009,12,9,0.0314081199467182,0.0361344341235963,0,0,0.253984253049835
2009,12,10,0.0708696693181992,0.0458316878157348,0,0,0.251716538677065
2009,12,11,0.0338252559304237,0.0569749035148561,0,0,0.249448824304295
2009,12,12,0.829500079154968,0.323473148184348,0,0,0.247181109931525
2009,12,13,0.449765294790268,0.591093051531061,-1.81898940354586e-12,0,0.244913395558755
2009,12,14,0.306329190731049,0.309881398863581,1.81898940354586e-12,0,0.242645681185985
2009,12,15,0.0976129919290543,0.128874745796566,0,0,0.240377939779927
2009,12,16,1.80924570560455,0.430745479194229,0,0,0.238110225407157
2009,12,17,11.8381443023682,6.36270729265198,0,0,0.235842511034387
2009,12,18,9.54723262786865,10.2196749988452,1.81898940354586e-12,0,0.233574796661617
2009,12,19,0.917398929595947,5.84836317775989,-1.81898940354586e-12,0,0.231307082288847
2009,12,20,0.0977130532264709,0.565983017097096,0,0,0.229039367916077
2009,12,21,0.00692260870710015,0.0760330508710467,0,0,0.226771653543307
2009,12,22,0.0641729086637497,0.0408815532828157,1.81898940354586e-12,0,0.22586456509087
2009,12,23,0.0719083547592163,0.0706043530008174,-1.81898940354586e-12,0,0.224957476638434
2009,12,24,3.87903523445129,2.08026253086609,1.81898940354586e-12,3.63797880709171e-12,0.224050388185997
2009,12,25,1.84122490882874,2.23499333492873,-1.81898940354586e-12,-3.63797880709171e-12,0.222689762265663
2009,12,26,0.573997259140015,0.929422943134341,0,0,0.221782673813227
2009,12,27,0.300401538610458,0.423689042081605,0,0,0.22087558536079
2009,12,28,0.00994815491139889,0.213047226670824,0,0,0.219968510424997
2009,12,29,0.22149233520031,0.0443335971885972,0,0,0.219514959440457
2009,12,30,0.0921798571944237,0.149735840403082,0,0,0.218834639721968
2009,12,31,0.0022032898850739,0.0795975417368027,0,0,0.218381102254072
2010,1,1,0,0.0116632467179443,0,0,0.217700782535583
2010,1,2,0.0254959799349308,0.0156012348143122,0,0,0.217020476333738
2010,1,3,0.0169484820216894,0.0199314823003078,0,0,0.21634015661525
2010,1,4,0.0242295879870653,0.0214264602709591,0,0,0.215659836896761
2010,1,5,6.40920552541502e-05,0.00685614463691309,0,0,0.214979530694916
2010,1,6,2.82109308242798,0.875695577053193,-1.81898940354586e-12,0,0.214299210976428
2010,1,7,1.62710583209991,2.33360074543089,1.81898940354586e-12,0,0.213845673508532
2010,1,8,2.61777687072754,1.87789862748468,0,0,0.213618891257939
2010,1,9,2.90932297706604,2.6112510341427,0,0,0.213392122523991
2010,1,10,7.79789590835571,4.66890503035393,0,0,0.213165353790043
2010,1,11,9.56617450714111,8.74986262544917,0,0,0.213392122523991
2010,1,12,5.89635276794434,7.44273434734896,0,0,0.213618891257939
2010,1,13,5.7554235458374,5.79919451109163,0,0,0.213845673508532
2010,1,14,0.0480784438550472,3.86777791980239,0,0,0.21407244224248
2010,1,15,4.18238592147827,1.20909658102028,0,0,0.214299210976428
2010,1,16,2.01157426834106,3.12259132682266,0,0,0.214525979710376
2010,1,17,7.99967050552368,4.13803122856189,0,0,0.214752761960968
2010,1,18,3.98071146011353,6.84989061664783,0,0,0.214979530694916
2010,1,19,1.18917882442474,2.4581461187845,0,0,0.215206299428865
2010,1,20,1.42892634868622,1.31496075703399,1.81898940354586e-12,0,0.215433068162813
2010,1,21,1.34651172161102,1.40804750438474,-1.81898940354586e-12,0,0.214525979710376
2010,1,22,0.0326535999774933,0.714338813266295,0,0,0.213618891257939
2010,1,23,0.146653786301613,0.0807123459908326,0,0,0.212711816322146
2010,1,24,0.0177528765052557,0.129450978669411,0,0,0.21180472786971
2010,1,25,0,0.0396215389082499,0,0,0.210897639417273
2010,1,26,1.64441025257111,1.0092985986339,0,0,0.210444088432733
2010,1,27,2.79548215866089,2.0165920761101,0,0,0.209990550964836
2010,1,28,2.49798703193665,2.71911411308793,0,0,0.20953701349694
2010,1,29,5.30404329299927,3.79778155243912,0,0,0.209083462512399
2010,1,30,2.31040620803833,3.21477148879967,0,0,0.208403156310555
2010,1,31,0.0316571034491062,0.812447641674226,0,0,0.207722836592066
2010,2,1,2.48283195495605,1.31830210989938,-1.81898940354586e-12,-3.63797880709171e-12,0.207042516873577
2010,2,2,4.30014848709106,3.21676250758355,1.81898940354586e-12,3.63797880709171e-12,0.206362210671733
2010,2,3,2.19931101799011,3.77799584622881,0,0,0.205681890953244
2010,2,4,1.99338150024414,2.17135818913812,0,0,0.205001571234756
2010,2,5,8.64144420623779,5.93224502729208,0,0,0.204321265032911
2010,2,6,10.0368156433105,8.9312474953822,0,0,0.203414176580474
2010,2,7,9.83737468719482,9.84004582636226,0,0,0.202507088128037
2010,2,8,0.578741788864136,4.16442580817966,0,0,0.201599999675601
2010,2,9,4.82403039932251,2.90167350395132,1.81898940354586e-12,0,0.200692911223164
2010,2,10,0.155617415904999,3.69293162991198,-1.81898940354586e-12,0,0.199785822770727
2010,2,11,1.25280237197876,0.561520461189502,0,0,0.19887873431829
2010,2,12,0.897721648216248,1.16512019769289,0,0,0.198198428116445
2010,2,13,0.886999845504761,1.02599175314754,0,0,0.197518108397957
2010,2,14,2.61353516578674,2.25730741791267,0,0,0.196837788679468
2010,2,15,0.528693556785584,1.448732666262,0,0,0.196157482477624
2010,2,16,2.62821292877197,1.30605818484219,0,0,0.195477162759135
2010,2,17,0.521009802818298,2.14810378433685,0,0,0.19479685655729
2010,2,18,0.721338629722595,0.731290122230348,0.0234254603929003,0,0.194116536838802
2010,2,19,0.529855191707611,0.641997355189233,0.0313081465192226,0,0.193436217120313
2010,2,20,0.259157478809357,0.394142357403325,0.00177794123919739,0,0.192755910918469
2010,2,21,0.00125153118278831,0.192932424226456,0,0,0.191168502747543
2010,2,22,0,0.0442267712078319,0,0,0.189581108093262
2010,2,23,0.447975486516953,0.363432785263285,0,0,0.188220468656285
2010,2,24,0.729975759983063,0.534039388092424,0,0,0.186859842735951
2010,2,25,0.0468296445906162,0.299325266631058,0,0,0.185499216815618
2010,2,26,0.754463851451874,0.409073639417329,0,0,0.184138577378641
2010,2,27,6.93074321746826,4.1243567854126,0,0,0.182777951458308
2010,2,28,2.50400948524475,5.83634217749386,0,0,0.181417325537974
2010,3,1,6.23515129089356,4.03053403508056,0,0,0.180283468351589
2010,3,2,5.8865180015564,5.1602381599987,0.900599676022466,0,0.179149611165204
2010,3,3,5.4222674369812,4.62333753527855,0.900649407092715,0,0.178015753978819
2010,3,4,2.77416133880615,3.41524505741472,0,0,0.17688188327579
2010,3,5,5.50586318969727,4.43329136508146,0,0,0.175748026089405
2010,3,6,7.99583530426025,6.54555825160605,0,0,0.17461416890302
2010,3,7,8.97097492218018,8.23504396140743,0,0,0.173480311716635
2010,3,8,6.73350715637207,7.60405021508632,0,0,0.17234645453025
2010,3,9,8.09720897674561,7.65409846814146,0,0,0.171212597343865
2010,3,10,4.9216570854187,6.52887599113637,0,0,0.17007874015748
2010,3,11,8.29710578918457,5.98533979633066,0,0,0.169171651705044
2010,3,12,11.2059755325317,8.7383194615195,0,0,0.168264563252607
2010,3,13,19.37087059021,14.9983674109662,0,0,0.16735747480017
2010,3,14,3.03048539161682,10.8574178947674,0,0,0.166450399864377
2010,3,15,1.56273329257965,2.36724470798254,0,0,0.16554331141194
2010,3,16,0.891305148601532,1.37534945843981,0,0,0.164409454225555
2010,3,17,0.351689875125885,0.577918750033859,0,0,0.16327559703917
2010,3,18,0.138687342405319,0.253666370232168,0,0,0.162141726336141
2010,3,19,1.05603659152985,0.286661410835222,0,0,0.161007869149756
2010,3,20,7.06529331207275,3.67402905472591,0,0,0.159874011963371
2010,3,21,0.723408341407776,5.41934269378726,0,0,0.158740154776986
2010,3,22,1.04205024242401,0.845165997419827,0,0,0.158059848575141
2010,3,23,11.0976305007935,4.43343979309793,0,0,0.157379528856653
2010,3,24,4.55090475082398,9.46409389143992,0,0,0.156925977872113
2010,3,25,1.26012444496155,3.36570860429674,0,0,0.156472440404216
2010,3,26,1.7034387588501,1.39053673392664,0,0,0.15601890293632
2010,3,27,16.4609565734863,9.30578799684372,0,0,0.155565351951779
2010,3,28,10.990119934082,11.8755451672332,1.84999749632334,0,0.155111814483883
2010,3,29,3.91991329193115,5.52981383104998,1.84969924471261,0,0.154658263499343
2010,3,30,0,1.26845003228482,0,0,0.154204726031446
2010,3,31,0,0,0,0,0.154204726031446
2010,4,1,0.000936898053623736,0.000471414083222044,0,0,0.154658263499343
2010,4,2,0,0.000463051490442012,0,0,0.155111814483883
2010,4,3,0.0801334604620934,0.0409337311903073,0,0,0.155565351951779
2010,4,4,0.0178358778357506,0.0485675685740716,0,0,0.15601890293632
2010,4,5,4.37105178833008,2.24174527603282,1.81898940354586e-12,0,0.156472440404216
2010,4,6,1.92741227149963,3.89297847394118,-1.81898940354586e-12,0,0.157152760122705
2010,4,7,1.31290304660797,1.77581214605561,0,0,0.157833066324549
2010,4,8,1.32127547264099,1.31604522133603,0,0,0.158740154776986
2010,4,9,0.405578404664993,0.977539258319666,0,0,0.160100780697319
2010,4,10,0.0281422231346369,0.176098086885759,0,0,0.161461420134297
2010,4,11,9.42080732784234e-05,0.00506771815526008,0,0,0.16282204605463
2010,4,12,0,0.0254139212811424,0,0,0.163955903241015
2010,4,13,0.297009408473969,0.245935010167159,0,0,0.166450399864377
2010,4,14,0.429227381944656,0.14850478520566,0.214613573960378,5.55617570718096,0.168264563252607
2010,4,15,0.148483693599701,0,0.290759664403595,13.7192554565809,0.170305508891429
2010,4,16,0.655947148799896,0,0.385347692228606,14.7172300424827,0.17234645453025
2010,4,17,3.54210591316223,0,2.05261435310968,15.5028797270825,0.17688188327579
2010,4,18,0.832175135612488,0,2.14717933641441,18.3246632649498,0.181417325537974
2010,4,19,4.31132698059082,0,2.66932057250051,22.4123126301347,0.1870866114699
2010,4,20,5.76488637924194,1.81898940354586e-12,5.11580487040919,24.015282871289,0.192755910918469
2010,4,21,0.41008648276329,0,3.21157477117595,16.8018169099414,0.204094482782319
2010,4,22,0.394803255796433,-1.81898940354586e-12,0.406418073065652,10.3137665519789,0.215433068162813
2010,4,23,0.0219019614160061,0.00770557266332617,0.193473947918392,4.31073865067447,0.226771653543307
2010,4,24,0.0010554410982877,0.00521436011513288,0.00231514625556883,0,0.249448824304295
2010,4,25,0.394783586263657,0.000292378552330774,0.193336958807777,3.8304565656872,0.272125995065284
2010,4,26,0,0,0.204318281010274,17.7260104306188,0.317480309553972
2010,4,27,0.0168373137712479,0,0.0129982981379726,29.0451048040559,0.371905508567029
2010,4,28,0.00213451497256756,0,0.00763924328748544,27.6089666101652,0.442204735222764
2010,4,29,0.933716893196106,0,0.548355287703089,27.3021094116666,0.519307077963521
2010,4,30,0.28483659029007,0,0.606173561798642,22.4612360745195,0.505700791726901
2010,5,1,0.957549571990967,1.81898940354586e-12,0.839701129278183,16.462519444598,0.444472449595534
2010,5,2,1.61880350112915,-1.81898940354586e-12,1.48829601295074,15.7922746534023,0.430866136325626
2010,5,3,2.06715393066406,0,1.86853019944465,15.9863760404369,0.424062993207316
2010,5,4,0.672044813632965,0,1.36960215574254,23.4939370595566,0.421795278834546
2010,5,5,0.00493930140510202,0,0.341264357237378,27.7457073375845,0.439937020849994
2010,5,6,0.0989689528942108,0,0.0514017745317688,24.1265388257598,0.48529136237197
2010,5,7,0.0603679977357388,0,0.0784155351357185,23.4101799045893,0.48529136237197
2010,5,8,0,0,0.0301573956658103,19.7257503949659,0.492094505490281
2010,5,9,0.0237286668270826,0,0.0117550789964298,17.7885770538815,0.537448792945682
2010,5,10,0.00341172772459686,0,0.0138603095801955,18.5667007752018,0.585070848840428
2010,5,11,0.803396701812744,1.81898940354586e-12,0.405033680470297,18.9979936352793,0.562393705112728
2010,5,12,0.544963479042053,-1.81898940354586e-12,0.674547750508282,27.581239037816,0.503433077354131
2010,5,13,0.987960815429688,-1.81898940354586e-12,0.763985514378874,15.6974248711376,0.541984275757797
2010,5,14,0.374974936246872,1.81898940354586e-12,0.682681280777615,0,0.492094505490281
2010,5,15,0.325133055448532,0,0.356111977735054,0,0.517039363590751
2010,5,16,0.721200346946716,0,0.611512600287824,0,0.555590561994417
2010,5,17,0,0,0.470977642469734,0,0.555590561994417
2010,5,18,4.31135320663452,0,2.16572873352015,0,0.614551189753014
2010,5,19,4.23118734359741,0,4.27041230703617,0,0.927496097594734
2010,5,20,2.90649747848511,0,3.56005666149576,0,1.07262992558517
2010,5,21,3.91739240512834e-06,0,1.51554377419961,0,1.27672443540078
2010,5,22,0.0299594458192587,0,0.0150126327389444,0,1.75067711777574
2010,5,23,0.605664610862732,0,0.315549032207855,0,2.29039378729392
2010,5,24,0.46016389131546,0,0.534744168837278,0,3.06141732283465
2010,5,25,0.366581708192825,0,0.413838897582536,0,3.78708678718627
2010,5,26,0.13936947286129,1.81898940354586e-12,0.252606531706988,0,3.87779536209707
2010,5,27,0.0889472663402557,-1.81898940354586e-12,0.113875766106503,0,4.08188976377953
2010,5,28,0.267686545848846,0,0.178359536197604,0,5.62393683486097
2010,5,29,0.420389086008072,1.81898940354586e-12,0.346141428030023,3.63797880709171e-12,6.07748014194759
2010,5,30,0.0842959359288216,-1.81898940354586e-12,0.254456495993509,-3.63797880709171e-12,5.37448836198942
2010,5,31,0.335451602935791,0,0.21066339200479,0,4.71685022068775
2010,6,1,0.0704565346240997,0,0.209825573121634,0,4.30866141732284
2010,6,2,1.7125403881073,0,0.55376245880143,0,4.05921251191868
2010,6,3,2.83626532554626,0,2.44243477605596,0,4.53543307086614
2010,6,4,0.274319738149643,0,2.03759977426671,0,2.58519676388718
2010,6,5,0.010592034086585,0,0.219126784570108,0,1.99332282599502
2010,6,6,0.955137729644775,0,0.556805450685715,0,1.83458271176796
2010,6,7,0.24301865696907,0,0.540706746452997,3.63797880709171e-12,1.91622042918768
2010,6,8,0.0640111267566681,0,0.132808330698026,-3.63797880709171e-12,1.91848819762703
2010,6,9,0.199628576636314,0,0.164826434071074,0,2.00919677253783
2010,6,10,0.791276872158051,0,0.809770844216473,0,2.31307082288847
2010,6,11,4.38906812667847,0,3.5964126685958,0,2.26771653543307
2010,6,12,4.0545129776001,0,4.30248910958107,0,1.57606294887272
2010,6,13,4.91613006591797,0,4.30673925884184,0,1.27445666696143
2010,6,14,0.622964560985565,0,3.36397828669942,0,1.11344878429503
2010,6,15,0.466273218393326,0,0.541924964161808,0,1.37423620749646
2010,6,16,0.482340812683106,1.81898940354586e-12,0.452371943525577,0,1.46948031928596
2010,6,17,0.0297593679279089,0,0.181832266122001,0,1.36516535000538
2010,6,18,0.82850855588913,-1.81898940354586e-12,0.615597835310837,0,1.7007874015748
2010,6,19,0.00521551631391048,0,0.137343149543085,0,1.82324408583754
2010,6,20,0.391296744346619,0,0.070469631045853,0,1.76428351214552
2010,6,21,0,0,0.290632820069732,0,1.95477162759135
2010,6,22,2.5216965675354,0,0.482107270549022,0,2.08629916934517
2010,6,23,3.86706948280334,0,2.67626489765462,0,2.74393709438054
2010,6,24,2.01519560813904,0,3.0786782307714,0,2.65322830320343
2010,6,25,1.82495498657227,0,1.92692391191122,0,2.60787401574803
2010,6,26,0.18035651743412,0,0.963266631884835,0,2.09083470622386
2010,6,27,0.961423099040985,0,0.597048459789221,0,1.7007874015748
2010,6,28,0.834282338619232,0,0.896285713251928,0,1.5171023751807
2010,6,29,4.8962025642395,0,3.03810997550499,0,1.36970077875092
2010,6,30,14.4859066009521,0,7.89939069377215,0,1.83458271176796
2010,7,1,12.6873636245728,0,13.6823362168852,0,2.38110236220472
2010,7,2,0.199238181114197,0,7.41053767881385,0,2.09990556371494
2010,7,3,1.04521489143372,1.81898940354586e-12,0.676276590003909,0,2.09537002683625
2010,7,4,1.36928284168243,-1.81898940354586e-12,1.14702587520515,0,1.85272442675012
2010,7,5,0.575843453407288,0,0.983612620606436,0,1.71666145625077
2010,7,6,1.79461276531219,0,1.49787098524939,0,1.60781105822466
2010,7,7,2.15331530570984,0,1.84916468989286,0,1.85725974736251
2010,7,8,0.00341316359117627,-1.81898940354586e-12,1.44618013696163,-3.63797880709171e-12,2.06362213375062
2010,7,9,0.184801161289215,1.81898940354586e-12,0.125368044340576,3.63797880709171e-12,1.83458271176796
2010,7,10,0.0341022685170174,0,0.0575420674867928,0,1.79829917367049
2010,7,11,2.47191643714905,0,0.530671727052322,0,1.80056694210984
2010,7,12,1.27161574363709,0,1.87331785350762,0,1.4966928917592
2010,7,13,1.00932097434998,0,1.14119901186677,0,1.36062992125984
2010,7,14,2.313072681427,0,1.99114952502896,0,1.36970077875092
2010,7,15,2.4560911655426,0,2.31844222579457,0,1.40825197715459
2010,7,16,0.580239772796631,0,0.971876187482849,0,1.31754329411064
2010,7,17,0.164640933275223,-1.81898940354586e-12,0.256571409083335,-3.63797880709171e-12,1.20869289608452
2010,7,18,0,1.81898940354586e-12,0.139193903984051,3.63797880709171e-12,1.14519689364696
2010,7,19,4.81360984849744e-05,0,0.0162386397751106,0,1.129322838971
2010,7,20,0.0379599183797836,0,0.013060044413578,0,1.129322838971
2010,7,21,1.95348215103149,0,0.843410950274119,0,1.16787403737466
2010,7,22,0,0,0.912245312711093,0,1.13385826771654
2010,7,23,1.83889663219452,-1.81898940354586e-12,1.37550393324273,0,1.07262992558517
2010,7,24,2.26683044433594,1.81898940354586e-12,1.90924637214084,0,1.04768501341812
2010,7,25,0.931418895721436,0,1.94675023324999,0,0.972850385050135
2010,7,26,0.0534862168133259,0,0.599946554251801,0,0.907086614173228
2010,7,27,0.0561183430254459,0,0.051547162087445,0,0.900283471054918
2010,7,28,0,0,0.0112139668108284,0,0.907086614173228
2010,7,29,0,0,0.0306940545033285,0,0.863999987024022
2010,7,30,0.453752040863037,0,0.532889158077524,0,0.802771644892655
2010,7,31,2.96404981613159,0,2.4624242438822,0,0.848125986414632
2010,8,1,1.40992975234985,0,2.31119562290769,0,1.04088192436639
2010,8,2,0.139610216021538,0,1.08916810842857,0,1.04768501341812
2010,8,3,0.0377433933317661,0,0.130064484936156,0,0.954708670067975
2010,8,4,0.0230018738657236,0,0.0330903809717711,0,0.909354382612574
2010,8,5,0.763293206691742,0,0.256978562259974,0,0.891212613563838
2010,8,6,0.787968218326569,0,0.778879445209896,0,0.879874041699988
2010,8,7,1.50473606586456,0,1.29104140089294,0,0.811842502383735
2010,8,8,0.864250361919403,0,1.38468345338879,0,0.766488214928334
2010,8,9,0.842562079429627,0,0.907038835171988,0,0.725669302151898
2010,8,10,0.136943638324738,0,0.586173877101828,0,0.698456675612082
2010,8,11,0.318974405527115,0,0.231121925147818,0,0.673511817511611
2010,8,12,0,0,0.123190977241393,0,0.644031476599025
2010,8,13,0.128405779600143,0,0.0873585715125955,0,0.610015761007474
2010,8,14,0.0509357899427414,0,0.0656121303327382,0,0.612283475380244
2010,8,15,0,0,0.0443395288639294,0,0.587338563213198
2010,8,16,8.85919216671027e-05,0,0.00615888128413644,0,0.566929133858268
2010,8,17,4.34826803207397,0,1.92229113087524,3.63797880709171e-12,0.562393705112728
2010,8,18,7.56683206558228,0,4.86486262292601,-3.63797880709171e-12,0.721133873406358
2010,8,19,5.67337465286255,0,6.43169945191403,0,1.00233072596272
2010,8,20,6.88024425506592,0,6.07668336837378,0,1.16787403737466
2010,8,21,2.68165397644043,0,4.40236008954344,0,1.12251964178611
2010,8,22,0.78036379814148,0,1.85370755583972,0,0.934299186646469
2010,8,23,1.83749449253082,0,1.05401819990948,0,0.861732272651252
2010,8,24,9.26708507537842,-1.81898940354586e-12,6.24082205589366,0,1.04088192436639
2010,8,25,3.27120852470398,1.81898940354586e-12,8.26715144928858,0,1.11118112398883
2010,8,26,2.37450337409973,0,2.97642932281451,0,1.06129129965474
2010,8,27,0.0581112429499626,0,1.5515889968774,0,0.972850385050135
2010,8,28,0.482407867908478,0,0.149265323736472,0,0.888944899191068
2010,8,29,0.936347663402557,0,0.587925743890082,0,0.834519700178011
2010,8,30,0,1.81898940354586e-12,0.302039504724235,0,0.795968501774345
2010,8,31,1.03411817550659,-1.81898940354586e-12,0.255752167431638,0,0.780094501164954
2010,9,1,4.69150876998901,0,2.81565781216523,0,0.809574788010965
2010,9,2,10.2090530395508,0,7.28115787387469,0,0.870803130142332
2010,9,3,6.49864482879639,0,8.85361387608646,0,1.08850398026113
2010,9,4,2.57943081855774,0,5.73290339295636,0,1.10891335554949
2010,9,5,8.02862548828125,0,5.70208177155655,0,1.13839369646208
2010,9,6,4.53693723678589,0,5.82581989944447,0,1.34248820627768
2010,9,7,0.463642090559006,0,2.91117938483512,0,1.19055118110236
2010,9,8,4.89598035812378,0,1.55245819619449,0,1.2404408973033
2010,9,9,8.43382263183594,0,6.77630279212826,0,1.46721255084661
2010,9,10,6.06824111938477,0,7.03439508663359,0,1.41959060308501
2010,9,11,2.99979853630066,0,5.25505992174658,0,1.3583621528205
2010,9,12,1.2558571100235,0,2.08216115539108,0,1.39011026217243
2010,9,13,0.810764610767365,0,1.07156198254597,0,1.23590546855776
2010,9,14,0.0157389659434557,-1.81898940354586e-12,0.426612701437989,0,1.14292912520762
2010,9,15,0.0462974645197392,1.81898940354586e-12,0.0351249817176722,0,1.07262992558517
2010,9,16,0.0105683552101254,0,0.0271779988397611,0,1.01593701219934
2010,9,17,0.134888842701912,0,0.113107193636097,0,0.970582724743941
2010,9,18,0.0454864054918289,0,0.100766662133537,0,0.936566955085814
2010,9,19,0.000335540215019137,0,0.0257156683037465,0,0.898015756682148
2010,9,20,0.332305312156677,0,0.185420432106184,0,0.861732272651252
2010,9,21,0.0197661556303501,0,0.158264704197791,0,0.839055128923551
2010,9,22,0.826383352279663,0,0.48357929595295,-3.63797880709171e-12,0.818645645502045
2010,9,23,3.23912143707275,1.81898940354586e-12,2.45684104000975,3.63797880709171e-12,0.802771644892655
2010,9,24,13.5799350738525,-1.81898940354586e-12,8.40951549985039,0,0.793700787401575
2010,9,25,19.8467502593994,0,16.7133428175184,0,0.820913359874816
2010,9,26,12.1349029541016,0,15.9908335948749,0,0.827716557059701
2010,9,27,5.83285999298096,0,10.1787148777985,0,0.854929129532942
2010,9,28,8.60288810729981,0,6.49321239661731,0,0.839055128923551
2010,9,29,3.85799765586853,0,5.8135835899011,0,0.850393700787402
2010,9,30,2.13224935531616,0,2.79292204377271,0,0.879874041699988
2010,10,1,1.09745740890503,0,1.76311807053935,0,1.01593701219934
2010,10,2,2.27041673660278,0,1.30345792121807,0,1.10664569524329
2010,10,3,1.72019052505493,-1.81898940354586e-12,1.91050090193312,0,0.929763757900929
2010,10,4,8.62412643432617,1.81898940354586e-12,3.03179157014893,0,0.848125986414632
2010,10,5,16.877555847168,0,12.4191817560386,0,0.852661415160172
2010,10,6,20.5915298461914,-1.81898940354586e-12,18.7345487604252,-3.63797880709171e-12,1.0340787271815
2010,10,7,0.517835736274719,1.81898940354586e-12,9.70833172172206,3.63797880709171e-12,0.952440901628629
2010,10,8,3.44531345367432,0,2.69006813684973,0,0.859464558278482
2010,10,9,13.3208150863647,0,8.38306889894375,0,0.814110216756505
2010,10,10,6.91814517974854,0,10.1194759234204,0,0.805039359265425
2010,10,11,1.68499457836151,0,4.19689387382459,0,0.759685017743449
2010,10,12,13.5182456970215,0,7.60162759220111,0,0.730204730897438
2010,10,13,13.2831258773804,0,13.4006846624579,0,0.734740159642978
2010,10,14,6.08518934249878,0.176308120215253,9.50787314316403,0.176308120218891,0.716598444660818
2010,10,15,4.12605047225952,2.23933502000182,2.86628462524459,0.176309231785126,0.696188961239312
2010,10,16,1.17673981189728,2.50275701046303,0.161500748705294,0,0.675779531884381
2010,10,17,13.4447317123413,0.425448193027478,6.88528592030707,4.67801652866183,0.659905531274991
2010,10,18,14.1770219802856,1.81898940354586e-12,13.8108757660557,0.65052647489938,0.664440960020531
2010,10,19,2.34753823280334,0,7.03839504267307,0,0.632692904735175
2010,10,20,0.613764822483063,0.306884737992732,1.17376021698874,0,0.600944903516394
2010,10,21,0.0678939521312714,0.340374473511474,0,0,0.580535420094888
2010,10,22,0.373238384723663,0.218096162854636,0,0,0.560125990739958
2010,10,23,0,0.183922750098645,0,0,0.539716561385027
2010,10,24,0.397100001573563,0.196265498445428,0,0,0.519307077963521
2010,10,25,0.136306464672089,0.223610141858444,0.0430935266849701,0.166782812742895,0.498897648608591
2010,10,26,0.430269747972488,0.240153479713626,0.0431029560895695,0.166819306916295,0.476220450814315
2010,10,27,1.83007311820984,1.13024820293504,0,0,0.464881878950464
2010,10,28,2.69875717163086,2.27438674454243,0,0,0.453543307086614
2010,10,29,6.46857309341431,1.34937898898352,3.23428558037267,3.01428554083395,0.451275592713844
2010,10,30,6.62392282485962,3.31189646591156,3.23434997003642,3.01434555062588,0.449007878341074
2010,10,31,0.134916037321091,3.36640351385904,0,0,0.446740163968304
2010,11,1,13.3670978546143,6.71423654248974,0,0,0.444472449595534
2010,11,2,10.6891078948975,6.68354711249049,5.34455539860574,6.25914845617081,0.446740163968304
2010,11,3,16.9497833251953,0,13.7613625077793,11.5999721892258,0.446740163968304
2010,11,4,18.9914283752441,0,17.9704575744654,5.36373610902592,0.449007878341074
2010,11,5,4.67249345779419,2.33624715075348,9.49571247288986,0,0.449007878341074
2010,11,6,0.216006740927696,2.43514986317496,0,0,0.451275592713844
2010,11,7,6.97065591812134,3.59672406344362,0,0,0.451275592713844
2010,11,8,1.65688264369965,4.28290257435219,0,0,0.453543307086614
2010,11,9,1.04742991924286,1.33601025260032,0,0,0.458078735832154
2010,11,10,2.20471453666687,1.59288561789253,0,0,0.462614164577694
2010,11,11,8.59919548034668,5.40461733192205,0,0,0.467149593323235
2010,11,12,9.10324096679688,8.74787027941056,0,0,0.467149593323235
2010,11,13,2.06925272941589,4.55162463558008,1.03462542086709,2.30422138357244,0.467149593323235
2010,11,14,0.322612226009369,0.161123483170741,1.03579776258266,2.30683231384683,0.467149593323235
2010,11,15,2.0343382358551,1.09559104354412,0,0,0.464881878950464
2010,11,16,1.68600702285767,1.83887768355089,0,0,0.462614164577694
2010,11,17,0.399997979402542,1.1308838842051,0,0,0.460346450204924
2010,11,18,0.188968747854233,0.343356527588185,0,0,0.458078735832154
2010,11,19,0.173178613185883,0.194268989336706,0,0,0.455811021459384
2010,11,20,6.6528582572937,3.45946908948463,0,0,0.453543307086614
2010,11,21,6.07962846755981,6.54660407910524,0,0,0.451275592713844
2010,11,22,5.64411449432373,6.00409140930424,0,0,0.446740163968304
2010,11,23,3.3501353263855,4.40747967989046,0,0,0.444472449595534
2010,11,24,2.21097683906555,2.94839908463109,0,0,0.439937020849994
2010,11,25,1.57614779472351,1.81732877196737,0,0,0.435401565071166
2010,11,26,4.46749830245972,2.88004073015327,0,0,0.433133850698396
2010,11,27,1.57796561717987,2.92039520075014,0,0,0.428598421952856
2010,11,28,12.2159328460693,6.84765196334229,0,0,0.426330707580086
2010,11,29,21.8652229309082,16.8241348818756,0,0,0.424062993207316
2010,11,30,6.43162775039673,14.1222492043435,0,0,0.419527564461776
2010,12,1,8.40439987182617,7.25863001973085,0,0,0.414992135716236
2010,12,2,0.395072788000107,4.72899996459637,0,0,0.410456679937408
2010,12,3,5.19955396652222,2.82571270068183,0,0,0.405921251191868
2010,12,4,16.7445640563965,10.4619284432974,0,0,0.401385822446327
2010,12,5,9.11248683929443,13.2878224527394,0,0,0.396850393700787
2010,12,6,0.738545656204224,4.84652852426007,0,0,0.392314964955247
2010,12,7,1.58519113063812,1.25760605867617,0,0,0.385511821836937
2010,12,8,1.90831089019775,1.7220296310461,0,0,0.380976366058109
2010,12,9,0.999516129493713,1.69170602254599,0,0,0.374173222939799
2010,12,10,0.58433723449707,0.799105971778772,0,0,0.369637794194259
2010,12,11,0.610678315162659,0.599746161777148,0,0,0.365102365448719
2010,12,12,1.04712450504303,0.945020728169766,0,0,0.360566936703179
2010,12,13,0.417724102735519,0.683598197163519,0,0,0.353763766551581
2010,12,14,1.07473206520081,0.672605455816665,0,0,0.349228337806041
2010,12,15,0,0.820973049592794,0,0,0.344692909060501
2010,12,16,0.162679404020309,0.149227861626059,0,0,0.337889765942191
2010,12,17,0.0138622261583805,0.109148986737637,0,0,0.33335433719665
2010,12,18,0.309248983860016,0.0586739202153694,0,0,0.32881890845111
2010,12,19,0.0313601121306419,0.161588179611499,0,0,0.322015738299513
2010,12,20,0.723699510097504,0.274708483488212,0,0,0.317480309553972
2010,12,21,0.0446808934211731,0.576279432312731,0,0,0.315212595181202
2010,12,22,2.0516836643219,1.15044627290445,0,0,0.310677166435662
2010,12,23,1.07341051101685,1.38768591875305,0,0,0.308409452062892
2010,12,24,3.21023321151733,2.57970839645895,0,0,0.303874023317352
2010,12,25,5.64769887924194,3.8816465689888,0,0,0.301606308944582
2010,12,26,6.18385601043701,5.8614188156771,0,0,0.299338594571812
2010,12,27,2.79122996330261,4.50737647215101,0,0,0.294803138792984
2010,12,28,2.19596743583679,2.32761155912522,0,0,0.292535424420214
2010,12,29,4.31393480300903,2.61852425637335,0,0,0.287999995674674
2010,12,30,0.532665967941284,2.39857409356227,0,0,0.285732281301904
2010,12,31,0.533077955245972,0.508058171017183,0,0,0.283464566929134
2011,1,1,0.305730044841766,0.337850401947435,0,0,0.278929138183594
2011,1,2,0.01389688719064,0.167436913299753,0,0,0.276661423810824
2011,1,3,0.195674359798431,0.0605945953739138,0,0,0.272125995065284
2011,1,4,0.869231402873993,0.570170950277316,0,0,0.269858280692514
2011,1,5,2.41314315795898,1.71516020061608,0,0,0.265322824913686
2011,1,6,1.96460044384003,2.2514428200775,0,0,0.263055110540916
2011,1,7,0.988016545772552,1.77863834055825,0,0,0.258519681795376
2011,1,8,0.0201520565897226,0.547766841573321,0,0,0.256251967422605
2011,1,9,0,0.00847635814352543,0,0,0.253984253049835
2011,1,10,4.19269132614136,1.69339267835312,0,0,0.251716538677065
2011,1,11,0.16772073507309,2.47873033734504,0,0,0.249448824304295
2011,1,12,0,0.0398183698725916,0,0,0.244913395558755
2011,1,13,0.00205937190912664,0.00126692509365967,0,0,0.242645681185985
2011,1,14,0,0.00292986060048861,0,0,0.240377939779927
2011,1,15,0.244276851415634,0.152434645506219,0,0,0.238110225407157
2011,1,16,5.01636600494385,2.65274586777923,0,0,0.235842511034387
2011,1,17,3.28031015396118,4.69515207219411,0,0,0.231307082288847
2011,1,18,4.72441005706787,4.15696540113095,0,0,0.229039367916077
2011,1,19,7.31952333450317,6.60762896306551,0,0,0.226771653543307
2011,1,20,3.74205684661865,6.30099385103131,0,0,0.224730707904485
2011,1,21,0.87899923324585,1.92663526519209,0,0,0.222916530999612
2011,1,22,4.41033840179443,2.19135718020698,0,0,0.221102367611382
2011,1,23,1.19284069538116,2.09375231076956,0,0,0.219288190706508
2011,1,24,1.97800016403198,1.81424607400004,0,0,0.217474013801635
2011,1,25,2.3037805557251,2.18532241513822,0,0,0.215659836896761
2011,1,26,4.07064723968506,2.98821681531445,0,0,0.213845673508532
2011,1,27,0.59263676404953,2.6302398680109,0,0,0.21180472786971
2011,1,28,0.016397699713707,0.285973872518298,0,0,0.209763782230888
2011,1,29,0.00672568939626217,0.0132094252894603,0,0,0.207722836592066
2011,1,30,0.246282011270523,0.0924506755200127,0,0,0.205908659687192
2011,1,31,3.8270525932312,2.46199216983041,0,0,0.204094482782319
2011,2,1,1.88508760929108,2.79247016253248,0,0,0.202507088128037
2011,2,2,12.1898183822632,2.46929077406821,4.56815976002326,0.484409995591705,0.201146462207704
2011,2,3,10.8398199081421,1.52897373121959,9.98682977737917,2.57452519962681,0.199785822770727
2011,2,4,0.910885035991669,0.457548891039551,5.39484344887023,2.08278261589658,0.198425196850394
2011,2,5,0.316909641027451,0.610024425042866,0,0,0.19706457093006
2011,2,6,0.0534725412726402,0.201264107454335,0,0,0.195703931493083
2011,2,7,0.0228974986821413,0.0478425873006927,0,0,0.19434330557275
2011,2,8,0.820774734020233,0.274613947463877,0,0,0.192529128667876
2011,2,9,3.05444955825806,1.19662095447893,0,0,0.191622053732084
2011,2,10,4.42700576782227,3.51660696802173,0,0,0.190941734013595
2011,2,11,4.98997163772583,4.71057190464671,0,0,0.190488183029055
2011,2,12,9.30619716644287,7.17881378490529,0,0,0.18980787682721
2011,2,13,1.82219517230988,6.48701452067508,0,3.63797880709171e-12,0.189127557108721
2011,2,14,0.73058420419693,1.66763561890184,0,-3.63797880709171e-12,0.188674019640825
2011,2,15,0.858048141002655,0.905138014817567,0,0,0.187993699922336
2011,2,16,0.0536617040634155,0.724720491905828,0,0,0.18754016245444
2011,2,17,0.0223479904234409,0.244756374173448,0,0,0.186859842735951
2011,2,18,2.03389835357666,1.62735397653159,0,3.63797880709171e-12,0.186179523017463
2011,2,19,10.1538753509521,6.00944935253392,0,-3.63797880709171e-12,0.185725985549566
2011,2,20,4.0887713432312,7.2004336428854,0,0,0.185045665831078
2011,2,21,0.257678300142288,3.24936274248648,0,0,0.184592128363181
2011,2,22,0.0179293435066938,0.242929644329706,0,0,0.183911808644693
2011,2,23,0.0102366590872407,0.0215515042127663,0,0,0.183458271176796
2011,2,24,0.00277095707133412,0.00410415786973317,0,0,0.182777951458308
2011,2,25,5.86188650131226,3.03082872031519,0,0,0.182324413990411
2011,2,26,1.24606263637543,4.42856396728166,0,0,0.181644094271923
2011,2,27,0.547396719455719,0.944392530234836,0,0,0.180963774553434
2011,2,28,0.0977308973670006,0.438885531102642,0,0,0.180510237085538
2011,3,1,0.038730975240469,0.0808610386156943,0,0,0.179829917367049
2011,3,2,0,0.0407153781798115,0,0,0.179376379899153
2011,3,3,0.367800980806351,0.308694589346487,0,0,0.178696060180664
2011,3,4,0.000670567154884338,0.288150103904627,0,0,0.178242522712768
2011,3,5,0,0.0217054821569036,0,0,0.177788971728227
2011,3,6,0,4.74556145491079e-07,0,0,0.177108665526383
2011,3,7,6.8741201175726e-06,0.00438300695350335,0,0,0.176655114541842
2011,3,8,0.0634162127971649,0.0477576171233523,0,0,0.175974808339998
2011,3,9,0.0179612152278423,0.0256970586451644,0,0,0.175521257355457
2011,3,10,6.01432475377806e-06,0.00355097162537277,0,0,0.174840951153613
2011,3,11,0,1.18756724987179e-06,0,0,0.174387400169072
2011,3,12,0,0,0,0,0.173707080450584
2011,3,13,0,0.0542885073227808,0,0,0.173253542982687
2011,3,14,0.78638631105423,0.631109162222856,0,0,0.172800005514791
2011,3,15,0.768577754497528,0.780313067150928,0,0,0.172119685796302
2011,3,16,0.0238673221319914,0.457986755911406,0,-3.63797880709171e-12,0.171666148328406
2011,3,17,1.36034595966339,0.226324478222523,0,3.63797880709171e-12,0.170985828609917
2011,3,18,3.88644912163727e-05,0.612564343940903,0,0,0.170532277625377
2011,3,19,0.00539543852210045,0.00272035293528461,0,0,0.17007874015748
2011,3,20,0,0.00221957555186236,0,0,0.169398420438992
2011,3,21,0.00319924345239997,0.0367422392664594,0,0,0.168944882971095
2011,3,22,1.72333478927612,1.17354178625283,0,0,0.168491331986555
2011,3,23,0.0893339291214943,1.17972104633736,0,0,0.16781102578471
2011,3,24,0.0149208102375269,0.10297771027399,0,0,0.16735747480017
2011,3,25,0.16326679289341,0.0749529666718445,0,0,0.166903937332273
2011,3,26,0.224224835634232,0.258910031738196,0,0,0.166223617613785
2011,3,27,1.15560972690582,0.949216961151251,0,0,0.165770080145888
2011,3,28,0.440808326005936,0.633589772322011,0.164621111722226,0.477374918555142,0.165316529161348
2011,3,29,0.273222506046295,0.234624831671681,0.164711426437862,0.477636816813174,0.164862991693452
2011,3,30,1.43544924259186,1.12608382186772,0,0,0.164182671974963
2011,3,31,1.66076004505157,1.56326568299482,0,0,0.163729134507067
2011,4,1,0.426565080881119,1.31028705934659,0.0255337452435924,0,0.16327559703917
2011,4,2,0.0538683794438839,0.341591108319335,0.0799347772845067,0,0.162595277320682
2011,4,3,0.024609312415123,0.0908904060343048,0.0109112157224445,0,0.162141726336141
2011,4,4,0.638860642910004,0.459734137401028,0,0,0.161688188868245
2011,4,5,0.172797754406929,0.519004198200491,0,0,0.161234651400348
2011,4,6,0.14499805867672,0.170674203924136,0,0,0.16055433168186
2011,4,7,0.0999056547880173,0.137358705953375,0,0,0.160100780697319
2011,4,8,0.403258830308914,0.357254440808902,0,0,0.159647243229423
2011,4,9,0.557714402675629,0.424675264317557,0,0,0.159193705761527
2011,4,10,0.330417454242706,0.481847298820867,0,0,0.158740154776986
2011,4,11,1.50791311264038,1.26329301326768,0,0,0.158059848575141
2011,4,12,4.12581062316895,2.83236929969644,0,0,0.157833066324549
2011,4,13,2.41607880592346,2.70639699276035,0.564558329075226,0,0.159193705761527
2011,4,14,0.106596060097218,0.644447861688605,0.616616188272019,1.10630365229736,0.161007869149756
2011,4,15,0.0401706323027611,0.0211693209366786,0.0522873599948071,1.1084839742216,0.16282204605463
2011,4,16,0.069187194108963,0.0513930966299085,0,0,0.164636222959503
2011,4,17,0.580077171325684,0.395666152058766,0,0,0.166450399864377
2011,4,18,0.209975004196167,0.434733477926784,0,0,0.168491331986555
2011,4,19,0.0643527954816818,0.186779608769939,0,0,0.170305508891429
2011,4,20,0.0308416411280632,0.0637906035826745,0,0,0.173253542982687
2011,4,21,0.0569483749568462,0.0523688464727456,0,0,0.17688188327579
2011,4,22,0.28157839179039,0.207689099739582,0,0,0.180510237085538
2011,4,23,0.246553972363472,0.140789244658663,0.123276943479141,6.02812992227337,0.184138577378641
2011,4,24,0.153605654835701,-1.81898940354586e-12,0.199876967421005,9.97549178227564,0.187993699922336
2011,4,25,0.0610371865332127,1.81898940354586e-12,0.100625481707539,8.49606346756991,0.193889768104854
2011,4,26,0.215865612030029,0,0.182608614293713,9.09518078784095,0.200919679957112
2011,4,27,0.0707096979022026,-1.81898940354586e-12,0.142404571975931,6.52440636431129,0.208403156310555
2011,4,28,0.0188375227153301,1.81898940354586e-12,0.0455910095661238,9.31665469301879,0.21634015661525
2011,4,29,0.0172065459191799,0,0.0180648443965765,11.4622154276985,0.229039367916077
2011,4,30,0.0227068122476339,0.00976418507161725,0.0101786805971642,3.77643589303261,0.240377939779927
2011,5,1,0.538524210453033,0.00994216453727859,0.267291284242674,7.04679245644729,0.263055110540916
2011,5,2,0.00784973707050085,0,0.267127512561274,20.6154184067564,0.290267710047444
2011,5,3,0.552031993865967,0,0.243725139695016,24.9743953427205,0.315212595181202
2011,5,4,4.0216908454895,0,2.43889095753912,21.25687810401,0.346960623433271
2011,5,5,1.56840670108795,0,2.77506115401047,20.6270919725794,0.376440937312569
2011,5,6,3.55788159370422,0,2.39093508072619,23.4090104768584,0.410456679937408
2011,5,7,0.120271615684032,0,2.24816918754368,26.2339916820201,0.471685022068775
2011,5,8,0.606109261512756,1.81898940354586e-12,0.363174814490776,19.4537075284643,0.505700791726901
2011,5,9,0.293373882770538,-1.81898940354586e-12,0.465657487242424,15.6165894242658,0.494362219863051
2011,5,10,4.12695980072022,0,2.18427243453334,16.8759598924044,0.453543307086614
2011,5,11,11.0261478424072,-1.81898940354586e-12,7.57654252073917,14.6709053163904,0.464881878950464
2011,5,12,7.28547811508179,1.81898940354586e-12,9.17950765046044,17.4218355210796,0.428598421952856
2011,5,13,2.76203060150147,0,5.04246588808019,19.1708056366006,0.410456679937408
2011,5,14,0.108716569840908,1.81898940354586e-12,1.55261480930494,18.7729531565165,0.424062993207316
2011,5,15,1.45259594917297,-1.81898940354586e-12,0.758761522924033,19.9658556686409,0.530645649827371
2011,5,16,0,0,0.721323341793323,5.59289326729413,0.673511817511611
2011,5,17,0.00676289945840836,0,0.00232769763897522,0,0.807307073638195
2011,5,18,0.815432190895081,0,0.411099533721426,0,1.04314958467258
2011,5,19,6.57415390014648,0,3.68953260171475,0,1.46721255084661
2011,5,20,0.957039535045624,0,3.77147133250401,0,1.72573231374185
2011,5,21,3.63647842407227,0,2.23808767638911,0,1.80737003116157
2011,5,22,3.04906463623047,0,3.1884658891031,0,1.97291334257351
2011,5,23,3.58685088157654,0,3.29623690282097,0,2.00012591504675
2011,5,24,1.3156156539917,0,2.45082104846006,0,2.06135436531127
2011,5,25,0.413506001234055,0,0.997115435249725,0,2.78929138183594
2011,5,26,0.821459233760834,0,0.617482614987239,0,3.40157480314961
2011,5,27,0.0170568209141493,0,0.419101214662078,0,5.23842528335691
2011,5,28,0,-1.81898940354586e-12,0.0086795448914927,0,8.02771688145915
2011,5,29,0.197079941630363,1.81898940354586e-12,0.0989889899792615,0,11.2025200310655
2011,5,30,0.480678856372833,0,0.339065996853606,0,9.86456692913386
2011,5,31,0.326448053121567,0,0.399407273584075,0,12.1549602838952
2011,6,1,0,0,0.163655809323245,0,11.7694491649237
2011,6,2,0.278850346803665,0,0.15828853619314,0,6.19086596871924
2011,6,3,0.649060547351837,0,0.438294602754468,0,4.89826780304195
2011,6,4,0.691906988620758,0,0.682326455334987,0,5.41984243317852
2011,6,5,0.995000898838043,0,0.806081353493937,0,3.1294488621509
2011,6,6,0.436479866504669,0,0.745361176352162,0,2.33574807474932
2011,6,7,0.0270298328250647,0,0.22532550397591,0,2.67590555506428
2011,6,8,1.17278158664703,0,0.706403525618953,0,3.83244085837537
2011,6,9,0.116889134049416,0,0.466818704131583,0,3.01606303537924
2011,6,10,1.07075452804565,0,0.778960349125555,0,2.19968499611682
2011,6,11,1.30233931541443,0,1.20127099214369,0,1.94343300166093
2011,6,12,0,-1.81898940354586e-12,0.405564189164579,0,1.85725974736251
2011,6,13,0.004780531860888,1.81898940354586e-12,0.0332956599886529,0,1.87766923078402
2011,6,14,0.335566788911819,0,0.273704163235379,0,1.86633060485359
2011,6,15,0.260434627532959,0,0.264787906260608,0,2.1384567621186
2011,6,16,0.168854609131813,0,0.169052880704839,0,1.85272442675012
2011,6,17,0,0,0.683806808432564,0,1.83911803238035
2011,6,18,7.34536743164063,0,6.12057893479141,0,1.92302351823942
2011,6,19,5.11096239089966,0,6.45883779381984,0,3.53763788178211
2011,6,20,1.88282454013824,0,4.52175231120782,0,2.85732292115219
2011,6,21,1.03325402736664,1.81898940354586e-12,1.71813196815128,0,2.44913390152098
2011,6,22,0.0434081852436066,-1.81898940354586e-12,0.834398657279962,0,2.22689756859006
2011,6,23,0.00822688546031714,1.81898940354586e-12,0.098333253266901,3.63797880709171e-12,2.23596842608114
2011,6,24,0.527259171009064,-1.81898940354586e-12,0.312508740855265,-3.63797880709171e-12,2.29039378729392
2011,6,25,1.14041304588318,0,0.895442916353204,3.63797880709171e-12,2.60787401574803
2011,6,26,0.00573367346078157,0,0.372110763157252,-3.63797880709171e-12,2.81196841743049
2011,6,27,0.0861372873187065,0,0.0898614725265361,0,2.38110236220472
2011,6,28,0.913630485534668,0,0.682005525843124,0,2.13618899367926
2011,6,29,4.39335536956787,0,1.83455291885184,0,1.9071495716966
2011,6,30,1.75802707672119,0,2.80151782304893,0,1.79149608461876
2011,7,1,0.647358477115631,0,1.36285409401899,0,1.61688191571574
2011,7,2,1.24444282054901,0,1.03079332736525,0,1.4014487799697
2011,7,3,0.634640097618103,0,1.09328265865042,0,1.41959060308501
2011,7,4,0.0226222947239876,0,0.410148575097992,0,1.27445666696143
2011,7,5,0.125600397586823,0,0.116281110338605,0,1.19281894954171
2011,7,6,2.65055894851685,-1.81898940354586e-12,1.72803877164188,-3.63797880709171e-12,1.15880317988358
2011,7,7,1.77938938140869,1.81898940354586e-12,1.86250598695187,3.63797880709171e-12,1.12251964178611
2011,7,8,0.436553239822388,0,0.663409553129895,0,1.129322838971
2011,7,9,0.656216084957123,0,0.491024392089457,0,1.10891335554949
2011,7,10,0.592900097370148,0,0.630085320983199,0,1.09303940900667
2011,7,11,0.263976275920868,0,0.501413474779838,0,1.17921255517194
2011,7,12,0.0277807489037514,0,0.19814429681719,0,1.15426775113804
2011,7,13,0.436898052692413,0,0.184232414190774,0,1.19735437828725
2011,7,14,6.93003082275391,0,3.87194151927179,0,1.25631495197927
2011,7,15,1.65553748607636,0,5.29867367590123,0,1.29940157912848
2011,7,16,0.279014229774475,0,1.45873021501393,0,1.4014487799697
2011,7,17,0.000984097016043961,0,0.271455802409037,0,1.21322832483006
2011,7,18,0.410071730613709,0,0.30615948095874,0,1.11571655273437
2011,7,19,4.14158487319946,0,1.1732623022217,0,1.16333860862912
2011,7,20,0.290361106395721,0,2.182592871417,0,1.10437792680395
2011,7,21,0.143129631876946,0,0.258145340045303,0,1.09757483775221
2011,7,22,0.0984090864658356,0,0.141747525471146,0,1.0114015834538
2011,7,23,0.456659585237503,0,0.375886112375156,0,1.07262992558517
2011,7,24,1.23818719387054,0,1.01271606747468,0,1.00459838626892
2011,7,25,1.43441987037659,0,1.28008135833443,0,1.01593701219934
2011,7,26,4.96815967559815,0,2.24890672825495,0,1.07716535433071
2011,7,27,3.36631846427918,0,4.02978893425097,0,1.00686615470826
2011,7,28,1.60624182224274,0,3.13819298133603,0,0.902551185427688
2011,7,29,2.01978754997253,0,1.98204519155479,0,0.834519700178011
2011,7,30,5.27704095840454,0,2.91782142423835,0,0.807307073638195
2011,7,31,0.693016886711121,0,2.40696147696508,0,0.850393700787402
2011,8,1,0.0365109741687775,0,0.309143811649847,0,0.768755929301104
2011,8,2,0.177623748779297,0,0.0710758153290954,0,0.721133873406358
2011,8,3,0.311447769403458,0,0.248001071398903,0,0.684850389375461
2011,8,4,0.67609167098999,0,0.695493303650437,0,0.653102388156681
2011,8,5,3.40351057052612,0,2.93092500049897,0,0.646299190971795
2011,8,6,0.0354201309382916,0,2.46430313430756,0,0.607748046634704
2011,8,7,0.0193439368158579,0,0.141257660190604,0,0.582803134467658
2011,8,8,0.0369323268532753,0,0.0252828505363141,0,0.551055133248877
2011,8,9,0.273427158594131,0,0.141112433251692,0,0.544251990130567
2011,8,10,5.82540035247803,1.81898940354586e-12,3.10162827275781,0,0.523842506709061
2011,8,11,28.4770202636719,-1.81898940354586e-12,15.0648474901172,0,1.37196854719027
2011,8,12,17.6145000457764,0,21.5814312864895,0,5.21574803149606
2011,8,13,1.76002991199493,0,8.538722770194,0,5.44251968503937
2011,8,14,2.5260443687439,0,2.33480203474755,0,4.51275581900529
2011,8,15,25.7335147857666,0,12.0994760623616,0,3.67370096041462
2011,8,16,5.77746868133545,0,18.7379596780811,0,3.58299216923751
2011,8,17,3.0550971031189,0,4.16643515813848,0,3.35622051569421
2011,8,18,2.37167382240295,0,2.78050545528095,0,2.76661412997509
2011,8,19,10.3358421325684,0,4.3566040778278,0,2.69858259065883
2011,8,20,10.5574178695679,0,10.3506146391846,0,3.28818897637795
2011,8,21,3.23216485977173,0,5.98903604412044,0,3.10677161029005
2011,8,22,4.43600463867188,0,4.02186906158386,0,2.69858259065883
2011,8,23,2.21890163421631,0,3.50418215862373,0,2.38110236220472
2011,8,24,2.0795533657074,0,2.19520326402926,0,2.1634015661525
2011,8,25,3.85223388671875,0,2.90800908063466,0,1.97971643162525
2011,8,26,1.86273181438446,0,3.14982169104042,0,1.83685048020731
2011,8,27,0.665252506732941,0,1.71018832455593,0,1.69625197282926
2011,8,28,3.20032668113709,0,1.85375109515007,0,1.67357482910156
2011,8,29,4.29321575164795,0,3.70275364952977,0,1.75974808339998
2011,8,30,0.261397898197174,0,3.61724805906488,0,1.78469288743387
2011,8,31,2.04408192634583,0,1.47257728086333,0,1.59420477198804
2011,9,1,2.79436087608337,0,2.41528495537568,0,1.66677163191668
2011,9,2,2.33521938323975,0,2.7205414463715,0,1.59647243229423
2011,9,3,3.18312430381775,0,2.69917088978764,0,1.60100786103977
2011,9,4,2.45931363105774,0,2.6691808490541,0,1.55792123389056
2011,9,5,39.631404876709,0,18.4383958940671,0,1.44907083586445
2011,9,6,22.1210460662842,0,28.7757877129807,0,1.49215746301366
2011,9,7,3.45812392234802,0,11.9633837088368,0,1.5397795189084
2011,9,8,45.5479507446289,0,24.5030452226092,0,1.41051963746078
2011,9,9,5.76305961608887,0,25.6555191275183,0,1.87993699922336
2011,9,10,1.02235162258148,0,4.51730772855444,0,1.77108660119725
2011,9,11,0.569200336933136,0,0.851480211331364,0,1.5171023751807
2011,9,12,0.689532995223999,0,0.594328828377911,0,1.40598420871524
2011,9,13,3.80342602729797,0,1.72653195634484,0,1.32434649129552
2011,9,14,3.13469552993774,1.81898940354586e-12,3.30645181507134,0,1.27672443540078
2011,9,15,1.27703309059143,-1.81898940354586e-12,2.89473508370065,0,1.3356850090928
2011,9,16,0.541462421417236,0,1.3454705356562,0,1.2404408973033
2011,9,17,0.116168960928917,0,0.375380373767257,0,1.16560626893532
2011,9,18,0.653403997421265,0,0.335772526133951,0,1.11344878429503
2011,9,19,11.8863182067871,0,7.24498853697151,0,1.07716535433071
2011,9,20,11.0584411621094,0,11.5941805260045,0,1.12478741022546
2011,9,21,20.6995429992676,0,17.0425667240124,0,1.17694489486574
2011,9,22,18.0358638763428,0,19.2897026255851,0,1.29713381068913
2011,9,23,2.05529022216797,0,13.0256497730879,0,1.16333860862912
2011,9,24,0.593273043632507,0,1.4854897869518,0,1.129322838971
2011,9,25,0.410448879003525,0,0.565115993616928,0,1.0567558709092
2011,9,26,0.162778675556183,-1.81898940354586e-12,0.303665333030949,0,1.00913381501446
2011,9,27,1.81963860988617,1.81898940354586e-12,0.440147520763276,0,0.963779527559055
2011,9,28,5.80238771438599,-1.81898940354586e-12,3.19947452066481,0,0.916157471664308
2011,9,29,12.2216024398804,1.81898940354586e-12,7.67634227443705,0,0.898015756682148
2011,9,30,2.5793149471283,0,10.2792638202809,0,0.898015756682148
2011,10,1,0.0687886029481888,0,2.3873656560354,0,0.841322843296321
2011,10,2,0.283454269170761,0,0.361464803881972,0,0.827716557059701
2011,10,3,0.0147318029776216,0,0.173905973588262,0,0.777826786792184
2011,10,4,0.111835606396198,0.0462722921947716,0.0182769959901634,0,0.755149588997909
2011,10,5,1.81854748725891,0.0462721449839592,0.918918778232182,0.111838052143867,0.746078731506828
2011,10,6,2.28726530075073,0,1.89116438266501,0,0.737007874015748
2011,10,7,0.495810866355896,0,1.94755393938976,0,0.716598444660818
2011,10,8,0.938414037227631,1.81898940354586e-12,0.832326833198749,0,0.702992104357622
2011,10,9,3.22776532173157,-3.63797880709171e-12,2.6058459670312,0,0.707527533103162
2011,10,10,1.62631952762604,1.81898940354586e-12,2.96322574185251,0,0.682582675002691
2011,10,11,8.66767311096191,0,3.81060888680804,0,0.673511817511611
2011,10,12,7.95267629623413,0,8.54306475215344,0,0.675779531884381
2011,10,13,4.60574865341187,0,7.12187722326416,0,0.671244103138841
2011,10,14,0.0324719548225403,0.0162358822126407,2.31349613123894,0,0.644031476599025
2011,10,15,0.620562613010407,0.0162359717614891,0.305431082073483,0.0324717497242091,0.623622047244095
2011,10,16,0.467509299516678,0,0.510354238773289,3.63797880709171e-12,0.612283475380244
2011,10,17,15.1600484848022,4.00114642715016,3.81263231850971,-3.63797880709171e-12,0.585070848840428
2011,10,18,10.3858127593994,4.01305171593776,8.76698165460766,2.23471576288284,0.610015761007474
2011,10,19,1.9794944524765,0.991005297682932,5.18630565677813,2.23853585741017,0.569196848231038
2011,10,20,0.0500435866415501,1.02444999613363,0,0,0.668976388766071
2011,10,21,0.282537370920181,0.124044907477582,0,0,0.616818904125784
2011,10,22,4.55639362335205,2.41328216305556,0,0,0.544251990130567
2011,10,23,11.7533731460571,5.75502260905887,2.3998639397978,0,0.535181078572912
2011,10,24,0.290103048086166,3.61692763844621,2.39629735351264,0,0.514771649217981
2011,10,25,8.87310409545898,0.145051521567439,4.43655212337762,8.41190882668525,0.505700791726901
2011,10,26,11.7447195053101,-1.81898940354586e-12,10.3120523574362,11.1759047680644,0.4830236479992
2011,10,27,5.03130149841309,0.336366465489846,8.08024562782157,3.59098499157699,0.476220450814315
2011,10,28,3.89112377166748,2.28159280333603,2.18076485583515,0.799406105539674,0.476220450814315
2011,10,29,1.47750735282898,2.68410250176203,0,0,0.519307077963521
2011,10,30,6.5382080078125,3.97152489876135,0,0,0.48755907674474
2011,10,31,8.99436283111572,7.68514292649161,0,0,0.526110221081831
2011,11,1,11.7272157669067,5.77156650512734,4.58922179152069,0.574272598623793,0.442204735222764
2011,11,2,8.92223644256592,5.73632024382641,4.58804528637484,0.574125376562733,0.378708651685339
2011,11,3,0.406692653894424,4.79646163064535,0,3.63797880709171e-12,0.340157480314961
2011,11,4,0.0920923352241516,0.151972247926096,0,-3.63797880709171e-12,0.322015738299513
2011,11,5,0.136630699038506,0.12286359607242,0,0,0.317480309553972
2011,11,6,2.10684370994568,1.01782365338113,0,0,0.315212595181202
2011,11,7,2.29621076583862,2.18434480886936,0,0,0.315212595181202
2011,11,8,3.06333136558533,2.6171032436705,0,-3.63797880709171e-12,0.317480309553972
2011,11,9,0.544203460216522,2.00291790143638,0,3.63797880709171e-12,0.319748023926742
2011,11,10,6.12620973587036,3.31621104477745,0,0,0.324283452672283
2011,11,11,13.0037965774536,9.39065756350465,0,0,0.32881890845111
2011,11,12,5.92343330383301,9.58325740092732,0,0,0.335622051569421
2011,11,13,9.25846004486084,7.27505485894835,0,0,0.342425194687731
2011,11,14,2.52816534042358,6.1909563884401,0,-3.63797880709171e-12,0.351496052178811
2011,11,15,13.3422412872314,7.64035944815623,0,3.63797880709171e-12,0.356031507957639
2011,11,16,5.314781665802,9.77603298649228,0,0,0.360566936703179
2011,11,17,1.38670265674591,3.43452042217723,0,0,0.360566936703179
2011,11,18,0.352663218975067,0.9287899350511,0,0,0.360566936703179
2011,11,19,0.161382421851158,0.287266312561769,0,0,0.360566936703179
2011,11,20,0.809208452701569,0.271349959710278,0,0,0.356031507957639
2011,11,21,7.80378246307373,4.22072987984939,0,0,0.349228337806041
2011,11,22,6.60729742050171,6.75081170410886,0,0,0.344692909060501
2011,11,23,5.44902610778809,5.67768894152505,0,0,0.340157480314961
2011,11,24,0.0106255048885942,3.12544574478125,0,0,0.33335433719665
2011,11,25,6.48904228210449,3.34239631477067,0,0,0.32881890845111
2011,11,26,2.56514382362366,4.53478184966843,0,0,0.324283452672283
2011,11,27,7.14727783203125,5.17084298496411,0,0,0.319748023926742
2011,11,28,4.47492742538452,5.49439339985293,0,0,0.315212595181202
2011,11,29,1.93489849567413,3.58537984207942,0,0,0.310677166435662
2011,11,30,11.0305423736572,6.16366622908936,0,0,0.306141737690122
2011,12,1,16.3763637542725,13.0379431932561,0,0,0.301606308944582
2011,12,2,1.23589050769806,9.11655557854647,0,0,0.299338594571812
2011,12,3,1.92696070671082,1.72291542715175,0,0,0.297070853165754
2011,12,4,15.4165115356445,0.963480253412854,7.70825656738816,2.68459542910205,0.297070853165754
2011,12,5,16.0611228942871,0,15.717675138425,5.9908057783141,0.294803138792984
2011,12,6,2.46479654312134,1.23516415869381,8.01253835577518,3.34233073404539,0.292535424420214
2011,12,7,0.685627222061157,1.94798373246886,0,0,0.292535424420214
2011,12,8,4.69663381576538,2.06135213855305,3.63797880709171e-12,0,0.290267710047444
2011,12,9,4.4201021194458,4.54663007531053,-3.63797880709171e-12,0,0.290267710047444
2011,12,10,0.714511454105377,2.33920024799954,0,0,0.287999995674674
2011,12,11,6.51609373092651,3.2375662652812,0,0,0.285732281301904
2011,12,12,9.86223220825195,7.49825502274325,0,0,0.285732281301904
2011,12,13,1.33137011528015,6.26848659736425,0,0,0.283464566929134
2011,12,14,3.63807892799377,2.23941579319217,0,0,0.281196852556364
2011,12,15,4.53341484069824,3.91040727720974,0,0,0.281196852556364
2011,12,16,5.82707071304321,4.73254621347587,0,0,0.278929138183594
2011,12,17,0.876762986183167,3.32191283851353,0,0,0.278929138183594
2011,12,18,7.62771368026733,3.59785264972015,0,0,0.276661423810824
2011,12,19,1.62396383285522,5.33347742041224,0,0,0.274393709438054
2011,12,20,2.69684648513794,2.45445550061049,0,0,0.274393709438054
2011,12,21,8.48086452484131,5.2906804071572,0,0,0.272125995065284
2011,12,22,7.90840721130371,8.09211768027672,0,0,0.272125995065284
2011,12,23,9.8834810256958,9.34791974712425,0,0,0.269858280692514
2011,12,24,9.59009552001953,9.71861544578496,0,0,0.267590539286456
2011,12,25,4.67792463302612,7.10534843394635,0,0,0.267590539286456
2011,12,26,16.0613460540772,10.3785547556618,0,0,0.265322824913686
2011,12,27,9.93556118011475,14.1257126148739,0,0,0.265322824913686
2011,12,28,2.47444128990173,6.89868135843426,0,0,0.263055110540916
2011,12,29,1.20833516120911,1.49953568979618,0,0,0.263055110540916
2011,12,30,1.54540634155273,1.46008144794905,0,0,0.260787396168146
2011,12,31,3.00790619850159,2.25615052935973,0,0,0.258519681795376
2012,1,1,25.2254276275635,13.1672606496577,0,0,0.258519681795376
2012,1,2,10.5213718414307,18.072816196538,0,0,0.256251967422605
2012,1,3,7.68268203735352,9.2261735751199,0,0,0.256251967422605
2012,1,4,4.49073219299316,6.77513649270986,0,0,0.253984253049835
2012,1,5,1.0135281085968,3.98236175260172,0,0,0.253984253049835
2012,1,6,2.81791472434998,2.27448249038571,0,0,0.251716538677065
2012,1,7,9.04361915588379,4.57378789632276,0,0,0.249448824304295
2012,1,8,9.80572891235352,9.3656411715674,0,0,0.249448824304295
2012,1,9,6.57712173461914,9.06392006807437,0,0,0.247181109931525
2012,1,10,1.72637438774109,3.98247399812681,0,0,0.247181109931525
2012,1,11,3.47155117988586,2.91072901725784,0,0,0.244913395558755
2012,1,12,4.39103174209595,3.92973647823965,0,0,0.244913395558755
2012,1,13,4.79067277908325,4.50876880655051,0,0,0.242645681185985
2012,1,14,0.368056118488312,2.06086268001309,0,0,0.242645681185985
2012,1,15,0,0.116173195507145,0,0,0.240377939779927
2012,1,16,0.0434377118945122,0.0170470306984498,0,0,0.240377939779927
2012,1,17,0.0133731495589018,0.0268773935931677,0,0,0.238110225407157
2012,1,18,0.0228427331894636,0.0193881843479176,0,0,0.238110225407157
2012,1,19,7.41371331969276e-05,0.0277352328448615,0,0,0.235842511034387
2012,1,20,0.924917936325073,0.636995580003713,0,0,0.235842511034387
2012,1,21,8.77153491973877,4.38692066984004,0,0,0.233574796661617
2012,1,22,3.38669490814209,4.51700677643748,0,0,0.233574796661617
2012,1,23,2.13389992713928,2.42029329789875,0,0,0.231307082288847
2012,1,24,9.56755065917969,4.31189211339006,0,0,0.231307082288847
2012,1,25,7.17103958129883,8.4897926659869,0,0,0.229039367916077
2012,1,26,2.75381970405579,5.7259960955962,0,0,0.229039367916077
2012,1,27,0.366663157939911,2.17599163883278,0,0,0.229039367916077
2012,1,28,0.172203972935677,0.437949610197393,0,0,0.229039367916077
2012,1,29,0,0.16473863731153,0,0,0.226771653543307
2012,1,30,3.4278712272644,2.35155023458719,0,0,0.226771653543307
2012,1,31,3.93310594558716,3.6352904174455,0,0,0.226771653543307
2012,2,1,3.83852982521057,3.91319260392265,0,0,0.226318116075411
2012,2,2,9.78416347503662,5.94905825714523,0,0,0.22586456509087
2012,2,3,4.30663871765137,5.6618483894672,1.38354844753121,0.194460631966649,0.225184245372382
2012,2,4,0.0396380946040154,0.800131542047893,1.38455887160308,0.194602649193257,0.224730707904485
2012,2,5,0.315875649452209,0.244533568049519,0,0,0.224277170436589
2012,2,6,3.01168370246887,1.47562673370339,0,0,0.223823619452048
2012,2,7,1.98775768280029,2.73359339132367,0,0,0.223143313250204
2012,2,8,1.02939450740814,1.43925233039408,0,0,0.222689762265663
2012,2,9,0.0103898486122489,0.469602677752846,0,0,0.222236224797767
2012,2,10,0.000829104508738965,0.00720577982065151,0,0,0.221782673813227
2012,2,11,1.91312444210053,0.637853270221967,0,0,0.22132913634533
2012,2,12,4.27088499069214,3.35841977203381,0,0,0.22087558536079
2012,2,13,1.27329230308533,2.95900105514374,0,0,0.220195279158945
2012,2,14,2.83717608451843,1.70259436600463,0,0,0.219741728174405
2012,2,15,3.40548014640808,2.86303795849017,0,0,0.219288190706508
2012,2,16,1.69070875644684,2.6793171695972,0,0,0.218834639721968
2012,2,17,0.0330540165305138,1.06217955355169,0,0,0.218381102254072
2012,2,18,1.36551427841187,0.346691383627331,0,0,0.217927564786175
2012,2,19,0.071945495903492,0.571393944541342,0,0,0.217247245067687
2012,2,20,4.33356618881226,2.42667154932133,0,0,0.216793694083146
2012,2,21,3.35570406913757,3.9769806058066,0,0,0.21634015661525
2012,2,22,0.782061696052551,2.88363870453759,0,0,0.215886619147353
2012,2,23,0.0560126267373562,0.603482849954162,0,0,0.215433068162813
2012,2,24,0.0744628831744194,0.063125692311587,0,0,0.214979530694916
2012,2,25,0.042257521301508,0.061492477216234,0,0,0.214525979710376
2012,2,26,3.42426586151123,1.444597098136,0,0,0.21407244224248
2012,2,27,0.570338785648346,3.00276535375815,0,0,0.213392122523991
2012,2,28,0.756098568439484,0.953403501531284,0,0,0.212938585056095
2012,2,29,0.65412563085556,1.03918445251838,0,0,0.212485034071554
2012,3,1,3.96903514862061,3.50605866574188,0,0,0.212031496603658
2012,3,2,1.41818046569824,2.66788770760832,0,0,0.211577959135761
2012,3,3,0.318456023931503,1.05729623387015,0,0,0.211124408151221
2012,3,4,1.75971484184265,0.577100451766455,0,0,0.210670870683325
2012,3,5,1.16212725639343,1.3497072247701,0,0,0.210217319698784
2012,3,6,3.22929668426514,1.87203416237753,0,0,0.209763782230888
2012,3,7,5.80553674697876,3.70822878078252,0,0,0.209310231246347
2012,3,8,20.4142723083496,13.3524909002554,0,0,0.208856693778451
2012,3,9,9.1851863861084,16.150446306292,0,0,0.208403156310555
2012,3,10,2.73033881187439,4.38211012154352,0,0,0.207949605326014
2012,3,11,2.82638669013977,2.80034024476481,0,0,0.207269285607526
2012,3,12,0.827824175357819,2.33328407972294,0,0,0.206815748139629
2012,3,13,0.528749287128449,0.878533636336215,0,0,0.206362210671733
2012,3,14,0,0.400686640961794,0,0,0.205908659687192
2012,3,15,1.56162571907043,0.213511674701294,0,0,0.205455122219296
2012,3,16,0.545372903347015,0.961018531943409,0,0,0.205001571234756
2012,3,17,0.335528254508972,0.468945730877749,0,0,0.204548033766859
2012,3,18,0.8798907995224,0.685322101762722,0,0,0.204094482782319
2012,3,19,1.1513352394104,0.971980113838072,0,0,0.203640945314422
2012,3,20,0.346136331558228,0.642667399471975,0,0,0.203187407846526
2012,3,21,0.031864058226347,0.216133469341003,0,0,0.202733856861986
2012,3,22,0.00516053289175034,0.0293008498338168,0,0,0.202280319394089
2012,3,23,0,0.00717789655391243,0,0,0.201826768409549
2012,3,24,0.338771492242813,0.0738070334118675,0,0,0.201373230941652
2012,3,25,0.238315790891647,0.293042535555287,0,0,0.200919679957112
2012,3,26,0,0.160103160487779,0,0,0.200466142489216
2012,3,27,0.802902460098267,0.273886931099696,0,0,0.200012605021319
2012,3,28,0.23022249341011,0.582476091272838,0,0,0.199559054036779
2012,3,29,0,0.142319814938674,0,0,0.199105516568882
2012,3,30,0.366496562957764,0.147046763613616,0,0,0.198651965584342
2012,3,31,0.0826871544122696,0.251521354504803,0,0,0.198425196850394
2012,4,1,0,0.0514813079716987,0,0,0.197971659382497
2012,4,2,0.329714953899384,0.131559012548678,0,0,0.197518108397957
2012,4,3,0,0.196706430193444,0,0,0.19706457093006
2012,4,4,0.0149668678641319,0.00788458374518086,0,0,0.19661101994552
2012,4,5,0.000611926254350692,0.00917242795912898,0,0,0.196157482477624
2012,4,6,0.000865371141117066,0.000796911928773625,0,0,0.195703931493083
2012,4,7,0.00245535071007907,0.00149595932816737,0,0,0.195250394025187
2012,4,8,0.0618961788713932,0.0260759363191028,0,0,0.195023625291239
2012,4,9,0,0.0369413841253845,0,0,0.195023625291239
2012,4,10,0.00383309228345752,0.00188698991405545,0,0,0.198425196850394
2012,4,11,0.203792467713356,0.00189405298806378,0.101896303764079,3.1001234920077,0.206135428421141
2012,4,12,0.0373626053333282,0,0.120567826503248,15.1966169460393,0.213392122523991
2012,4,13,0.167707934975624,0,0.0974526917525509,23.3528074268979,0.218381102254072
2012,4,14,0.0798270404338837,0,0.123886693028908,20.941672239609,0.221555905079278
2012,4,15,0.0862803757190704,0,0.0829291098089016,18.6883139322672,0.233574796661617
2012,4,16,0.531621396541596,0,0.298651889846951,13.3406709485025,0.233574796661617
2012,4,17,3.5623941130325e-06,0,0.287896748173807,12.654104894722,0.251716538677065
2012,4,18,0.0500473119318485,0,0.0255533735216886,11.3041884194208,0.258519681795376
2012,4,19,1.4159152507782,0.145507954661298,0.652703020256013,3.08590379415909,0.265322824913686
2012,4,20,2.53761172294617,0.135211361612164,1.83146136833238,9.01964658163706,0.292535424420214
2012,4,21,0.993809342384338,0,2.06710520428169,16.862535426455,0.312944880808432
2012,4,22,0.808520197868347,0.0342817251839733,0.870260236308241,9.45281363238973,0.301606308944582
2012,4,23,2.57100701332092,1.16603055148516,0.414415893177647,1.03948912051055,0.301606308944582
2012,4,24,1.14050090312958,1.10895156969855,0.642478505917097,1.28094073910324,0.287999995674674
2012,4,25,0.359699457883835,0.00901158292253967,0.718963255680137,5.9562512055345,0.294803138792984
2012,4,26,2.11056923866272,0,1.11216010052885,11.7348369137544,0.322015738299513
2012,4,27,1.13854575157166,0,1.66708190411737,15.6118696435515,0.33335433719665
2012,4,28,0.0941070690751076,0,0.629376525928819,11.251720849079,0.356031507957639
2012,4,29,0.94016969203949,0,0.621628795790457,5.56640152973705,0.399118108073557
2012,4,30,2.84844517707825,0,1.64039284172031,6.2405902450846,0.410456679937408
2012,5,1,2.80133128166199,0,2.82697165766876,12.8285524659586,0.417259850089006
2012,5,2,0.367376416921616,0,1.70573184427485,15.8699734758666,0.444472449595534
2012,5,3,1.05445408821106,0,0.747671233948495,9.1464482893316,0.419527564461776
2012,5,4,0.135359928011894,0.00452846020198194,0.640648706095817,4.44735705975108,0.426330707580086
2012,5,5,1.94931840896606,0.00711945341754472,0.672266303979995,3.79262946848394,0.435401565071166
2012,5,6,5.10045099258423,0,3.17357741624073,12.4320774300686,0.473952736441545
2012,5,7,8.4157304763794,0,6.88384881103411,22.6413868426971,0.48755907674474
2012,5,8,8.92943572998047,0,8.67210422988865,22.4064482145805,0.571464562603808
2012,5,9,1.43997538089752,0,5.17997742112857,13.0483823322029,0.555590561994417
2012,5,10,2.34994029998779,0,1.79924112927256,6.06866122902284,0.523842506709061
2012,5,11,7.87532663345337,0,4.8478057556531,11.5176077630968,0.528377935454602
2012,5,12,12.4896612167358,0,10.1638017274927,19.2330411021867,0.530645649827371
2012,5,13,7.4787130355835,0,9.99572626016743,18.0506413745279,0.541984275757797
2012,5,14,1.6114639043808,0,4.55048294996959,17.426818029664,0.528377935454602
2012,5,15,4.6654806137085,0.165295609036548,2.96914495958481,9.71567667613272,0.512503934845211
2012,5,16,9.40659332275391,0.16573352307023,6.8702986354001,8.05734315807058,0.528377935454602
2012,5,17,0.19654244184494,0,4.80113584322317,25.8858045191118,0.632692904735175
2012,5,18,0.889904618263245,0,0.538151860866492,35.0657942458747,0.777826786792184
2012,5,19,0.0272158645093441,0,0.45423452054456,30.1825478539467,0.818645645502045
2012,5,20,0.0489780157804489,0,0.0382044415237033,30.2628877552343,0.850393700787402
2012,5,21,2.66062331199646,0,1.33755429837402,34.3701293137201,0.898015756682148
2012,5,22,5.37445831298828,0,4.02625784803968,34.4581062851103,1.10437792680395
2012,5,23,1.32589554786682,0,3.36695411588516,0,1.38784249373308
2012,5,24,0.237326741218567,0,0.77755680545306,0,2.00466145192544
2012,5,25,0.185731306672096,0,0.212861735184561,0,2.83464566929134
2012,5,26,1.48706102371216,0,0.828789250506816,0,3.35622051569421
2012,5,27,0.952400982379913,0,1.22183416991174,0,3.67370096041462
2012,5,28,0.504982352256775,0,0.730463500545739,0,3.65102370855376
2012,5,29,0.498522043228149,0,0.50210751006307,0,3.15212589774545
2012,5,30,3.50585341453552,0,2.16084787847285,0,2.49448818897638
2012,5,31,1.75785160064697,0,2.78834749700036,0,2.40377961406558
2012,6,1,2.36437797546387,0,2.06882614830465,-3.63797880709171e-12,2.33574807474932
2012,6,2,4.22095155715942,0,3.28967531192757,3.63797880709171e-12,2.38110236220472
2012,6,3,0.234400764107704,0,2.22934635420825,0,2.38110236220472
2012,6,4,1.13188970088959,0,0.682420859993727,0,2.60787401574803
2012,6,5,4.42570638656616,0,2.77321217226927,0,3.65102370855376
2012,6,6,2.19470596313477,0,3.32695448285085,0,5.37448836198942
2012,6,7,7.32699823379517,0,4.7501649308324,0,7.18866159033588
2012,6,8,4.81421566009522,0,6.07103242670928,0,14.5133858267717
2012,6,9,0.387490093708038,0,2.60765364811959,0,10.0006295752338
2012,6,10,0.0145882181823254,0,0.173455719228514,0,7.30204741710753
2012,6,11,0.57845401763916,0,0.426076442250633,0,6.5310234490342
2012,6,12,0.777321755886078,0,0.643953795140988,0,5.64661408672183
2012,6,13,0.15749928355217,0,0.446371956022631,0,4.08188976377953
2012,6,14,0.158656001091003,0,0.22835948872671,0,2.85732292115219
2012,6,15,2.49227714538574,0,1.91228139149825,0,2.14979517178273
2012,6,16,4.93936347961426,0,4.18354504089439,0,2.0228031669076
2012,6,17,2.08078765869141,0,2.59342967802513,0,2.94803149606299
2012,6,18,2.45830035209656,0,2.13647246321489,0,5.30645660640687
2012,6,19,2.18998050689697,0,2.36676829127828,0,7.66488171675074
2012,6,20,0.289321601390839,0,1.61408699115782,0,8.36787436177411
2012,6,21,2.1777560710907,0,0.985229500056448,0,7.75559072419414
2012,6,22,1.25550079345703,0,1.797733000476,0,12.4270864411602
2012,6,23,2.21498513221741,0,1.7404947753239,-3.63797880709171e-12,12.0415744571235
2012,6,24,0.819229066371918,0,1.51727174162079,3.63797880709171e-12,11.9735431340736
2012,6,25,0.992322027683258,0,0.905778025888139,0,10.9757483775221
2012,6,26,0.214654847979546,0,0.521772622985736,0,6.98456675612082
2012,6,27,0.242319285869598,0,0.226790975964832,0,5.35181111012857
2012,6,28,2.94052886962891,0,1.65126857377618,0,4.03653526005783
2012,6,29,6.24896764755249,0,5.47982695097016,0,4.53543307086614
2012,6,30,2.78961086273193,0,5.30664602157049,0,4.28598416546198
2012,7,1,1.08070695400238,0,1.98504835031054,0,3.01606303537924
2012,7,2,6.11005926132202,0,2.21529512290363,0,2.53984247643178
2012,7,3,2.34856033325195,0,3.97967854834133,0,2.65322830320343
2012,7,4,0.0639567151665688,0,1.6002142912912,0,3.06141732283465
2012,7,5,0.43659496307373,0,0.339464824584866,0,2.78929138183594
2012,7,6,1.44830977916718,0,0.577372586154525,0,2.63055126760888
2012,7,7,2.03432154655457,0,1.41975816546619,0,3.15212589774545
2012,7,8,0.87099152803421,0,1.7928287551731,0,3.56031491737666
2012,7,9,8.01078796386719,0,2.4388101780678,0,3.10677161029005
2012,7,10,6.5339994430542,0,6.79611265407584,0,3.78708678718627
2012,7,11,0.118002742528915,0,1.84060172486716,0,2.53984247643178
2012,7,12,0.543209552764893,0,0.214238471184217,0,2.31307082288847
2012,7,13,2.21173334121704,0,0.898079411756044,0,2.90267720860759
2012,7,14,0.253479689359665,0,1.57376793352523,0,3.49228337806041
2012,7,15,0.223428875207901,0,0.261849843594973,0,4.03653526005783
2012,7,16,0.375789999961853,0,0.320816841202031,0,4.51275581900529
2012,7,17,2.41451263427734,0,1.63743450668699,0,3.85511811023622
2012,7,18,0.316579043865204,0,0.978174550789845,0,4.12724426750123
2012,7,19,0.00729598710313439,0,0.0854320112484857,0,3.49228337806041
2012,7,20,0.0189340598881245,0,0.0153109083439631,0,3.67370096041462
2012,7,21,0,0,0.00419348608193104,0,3.42425205501046
2012,7,22,0.00195180962327868,0,0.00342990175340674,0,3.3108662282388
2012,7,23,0.0176693890243769,0,0.0155172763188602,0,3.44692909060501
2012,7,24,1.52733910083771,0,0.246282005835383,0,2.92535424420214
2012,7,25,1.56664431095123,0,1.38560194708043,0,2.35842511034387
2012,7,26,0.390821814537048,0,0.973451934238255,0,2.2087558536079
2012,7,27,10.2161722183228,0,3.54775612218509,0,2.63055126760888
2012,7,28,2.23111844062805,0,5.69881660707324,0,2.97070874792384
2012,7,29,0.0841999650001526,0,1.01021990719892,0,2.2291653370294
2012,7,30,0.0329044088721275,0,0.0673106776994246,0,1.87313391017163
2012,7,31,0.284096896648407,0,0.161479366164713,0,1.71212602750523
2012,8,1,0.449058830738068,0,0.388955055048427,0,1.6123464869702
2012,8,2,0.118327170610428,0,0.283496322357678,0,1.61461414727639
2012,8,3,2.59849286079407,0,1.87224326232536,0,1.6350236306979
2012,8,4,1.66904747486115,0,2.38888465769924,0,1.48762203426812
2012,8,5,3.20034718513489,0,2.48467414492552,0,1.4513386043038
2012,8,6,4.29252004623413,0,3.61310646126367,0,1.65996854286494
2012,8,7,4.4062032699585,0,4.30285071789695,0,1.80737003116157
2012,8,8,9.73262977600098,0,6.70371207096105,0,1.75748031496063
2012,8,9,15.9144411087036,0,13.3343142626763,0,2.16793710303119
2012,8,10,5.60112047195435,0,7.86055902388398,0,2.47181093711553
2012,8,11,0.703427255153656,0,1.73076080757528,0,2.10444088432733
2012,8,12,1.25028133392334,0,1.05474957438491,0,2.0931022583969
2012,8,13,1.96931612491608,0,1.38453199311334,0,1.83911803238035
2012,8,14,0.199714615941048,0,1.48917386008543,0,1.74160626028466
2012,8,15,0.00935553666204214,0,0.137558401729621,0,1.59193700354869
2012,8,16,0.31926840543747,0,0.338352972263237,0,1.51256694643516
2012,8,17,3.42901182174683,0,2.88003381189264,0,1.44226774681272
2012,8,18,1.65189182758331,0,2.76058805234425,0,1.4966928917592
2012,8,19,0.00344654731452465,0,1.42663804085169,0,1.38557483342689
2012,8,20,0,0,0.21028299599493,0,1.30166923943467
2012,8,21,1.3860250711441,0,1.09654535228765,0,1.24724409448819
2012,8,22,6.51883268356323,0,3.48450464047346,0,1.24724409448819
2012,8,23,3.5060760974884,0,5.80518672286416,0,1.3107402050589
2012,8,24,0.763687789440155,0,2.12757438461267,0,1.25858272041861
2012,8,25,3.89677095413208,0,2.33437015953314,0,1.26085038072481
2012,8,26,0.331619709730148,0,2.93973981432646,0,1.28806295319805
2012,8,27,6.18842220306397,0,1.43671594797343,0,1.19735437828725
2012,8,28,5.15352535247803,0,5.70562041344965,0,1.73026774248739
2012,8,29,2.65305137634277,0,4.58802101152833,0,1.72799997404804
2012,8,30,0.157097548246384,0,2.05935969438724,0,1.5851338063638
2012,8,31,0.139686554670334,0,0.267177484558488,0,1.41959060308501
2012,9,1,1.48066484928131,0,0.531945560858731,0,1.32207872285618
2012,9,2,0.842113196849823,0,1.07707803428639,0,1.34929129532942
2012,9,3,0.320230215787888,0,0.720394842872338,0,1.27218900665523
2012,9,4,0.322733640670776,0,0.348287386455922,0,1.27445666696143
2012,9,5,0.838517487049103,0,0.703203131048213,0,1.23817323699711
2012,9,6,0.931966483592987,0,0.864430714693299,0,1.2404408973033
2012,9,7,11.535210609436,0,6.36459678440224,-3.63797880709171e-12,1.23363780825157
2012,9,8,19.1148509979248,0,16.3933253928844,7.27595761418343e-12,1.46721255084661
2012,9,9,10.1451511383057,0,12.3895768601687,0,1.6803779181533
2012,9,10,0.891338109970093,0,7.66781233000074,-3.63797880709171e-12,1.56472443107545
2012,9,11,1.73311829566956,0,1.13301276957282,0,1.41732283464567
2012,9,12,5.85840034484863,0,4.11616601708374,0,1.36970077875092
2012,9,13,4.89051675796509,0,5.26147017085168,0,1.48308660552258
2012,9,14,6.12322854995728,0,5.22418072435175,0,1.57152752012718
2012,9,15,1.47034513950348,0,3.69889695004531,0,1.43092912088229
2012,9,16,1.96050631999969,0,1.6667478117306,0,1.32434649129552
2012,9,17,1.84545433521271,0,1.94284877967948,0,1.38784249373308
2012,9,18,0.00774815678596497,0,1.6202182599045,0,1.28806295319805
2012,9,19,0.102983482182026,0,0.244298414723744,0,1.22456695076049
2012,9,20,1.96458077430725,0,0.60147613234949,0,1.46948031928596
2012,9,21,0.0565359517931938,0,1.38385055956678,0,1.8164409967858
2012,9,22,0.783564984798431,0,0.413179310675332,0,1.63275586225855
2012,9,23,2.39916205406189,0,1.70920146303615,0,1.55338580514502
2012,9,24,2.41784906387329,0,2.4156933591803,0,1.43773231806718
2012,9,25,2.64597010612488,0,2.5728724613291,0,1.3334173487866
2012,9,26,11.8304128646851,0,4.87837313616183,0,1.26992123821589
2012,9,27,16.9130744934082,0,13.4700366786019,0,1.3334173487866
2012,9,28,15.9548406600952,0,16.6428279275897,0,1.34022043783834
2012,9,29,2.88007140159607,0,10.6691366298219,0,1.29259838194359
2012,9,30,1.60497283935547,0,2.34049380815122,0,1.24951186292753
2012,10,1,0.969516634941101,0.17865332188012,1.11267868611685,0.164477495814936,1.1746771264264
2012,10,2,0.55449789762497,0.455903654139547,0.306104390598193,0.164479727027356,1.13612603615588
2012,10,3,0.0635145306587219,0.277248656879237,0.0320469535545271,0.604337665317871,1.09984249805841
2012,10,4,0.876900911331177,0,0.491947785776574,0,1.13159049927719
2012,10,5,1.3567875623703,0,1.24213420084925,0,1.55565357358437
2012,10,6,0.663848996162415,0,1.03184260923808,0,1.51029917799582
2012,10,7,0.00676366640254855,0,0.212460812104837,0,1.32888192004106
2012,10,8,0.0305264387279749,0,0.0111543143066228,0,1.26538580947035
2012,10,9,1.71792435646057,0,0.456502501674549,0,1.21096066452387
2012,10,10,3.6087920665741,0,2.79066654037524,0,1.17921255517194
2012,10,11,0.685065805912018,0.1041060357893,2.04292199841075,0.1041060357893,1.11118112398883
2012,10,12,1.30532765388489,0.756776949288906,0.238419796922244,0.104113088029408,1.04995278185747
2012,10,13,9.09384155273438,1.79401099117604,3.40557572935722,0.483001589895139,1.0567558709092
2012,10,14,2.55696511268616,1.13758523074648,4.6770459354666,2.51531668363532,1.0340787271815
2012,10,15,4.55845975875855,0,3.33079122366325,0.589556580853241,1.0340787271815
2012,10,16,8.43515682220459,0,6.95369950536406,0,0.981921242541216
2012,10,17,5.56954956054688,2.7847713672636,4.21758358011357,0,0.805039359265425
2012,10,18,6.35990810394287,5.9533442557331,0,0,0.707527533103162
2012,10,19,3.42732405662537,4.85303348323942,0,0,0.696188961239312
2012,10,20,1.40403831005096,2.38173586587436,0,0,0.682582675002691
2012,10,21,0.00582611840218306,0.680086670148739,0,0,0.671244103138841
2012,10,22,0.00140307715628296,0.00255710084820748,0,0,0.662173245647761
2012,10,23,0.198656544089317,0.094586940267618,0,0,0.648566905344565
2012,10,24,0.000445589044829831,0.069828017771215,0,0,0.637228333480715
2012,10,25,0.0204359702765942,0.0135906231917033,0,0,0.628157475989635
2012,10,26,0.00737756630405784,0.0152467140869703,0,0,0.616818904125784
2012,10,27,3.7841784954071,1.8786144591395,0,0,0.605480332261934
2012,10,28,0.282638996839523,2.11341165571503,0,0,0.596409474770854
2012,10,29,0.388973355293274,0.371434184497048,0,0,0.585070848840428
2012,10,30,14.9190397262573,7.63860204119919,0,0,0.575999991349348
2012,10,31,13.8259315490723,14.3610956962439,0,0,0.564661419485498
2012,11,1,2.18376588821411,8.18096411339866,0,0,0.555590561994417
2012,11,2,3.94138145446777,3.19425659155968,0,0,0.546519704503337
2012,11,3,14.1730642318726,8.84851584997159,0,0,0.537448792945682
2012,11,4,7.24413442611694,10.7950144824754,0,0,0.528377935454602
2012,11,5,6.42763137817383,7.08665560407826,0,0,0.519307077963521
2012,11,6,2.80599665641785,4.50908844275546,0,0,0.510236220472441
2012,11,7,0.809417903423309,1.97097881772788,0,0,0.501165362981361
2012,11,8,0.584577977657318,0.612029824085766,0,0,0.492094505490281
2012,11,9,0.324442356824875,0.38270801665567,0,0,0.4830236479992
2012,11,10,4.24075317382813,2.41325877634154,0,0,0.476220450814315
2012,11,11,2.60441780090332,3.78624053355452,0,0,0.467149593323235
2012,11,12,6.67393064498901,4.76825286954409,0,0,0.460346450204924
2012,11,13,1.80823290348053,4.40734997006439,0,3.63797880709171e-12,0.451275592713844
2012,11,14,5.66357707977295,3.95893123904534,3.63797880709171e-12,-3.63797880709171e-12,0.444472449595534
2012,11,15,4.38044786453247,4.82746600219252,-3.63797880709171e-12,0,0.435401565071166
2012,11,16,2.02616930007935,3.62346750430152,3.63797880709171e-12,0,0.428598421952856
2012,11,17,1.10958659648895,1.38589154712099,-3.63797880709171e-12,0,0.421795278834546
2012,11,18,0.00157501676585525,0.319269172348868,0,0,0.414992135716236
2012,11,19,0,0.000602701511525083,0,0,0.408188965564638
2012,11,20,0,0,0,0,0.399118108073557
2012,11,21,0,0,0,0,0.392314964955247
2012,11,22,3.18610167503357,1.27567224309678,-3.63797880709171e-12,0,0.385511821836937
2012,11,23,2.84475660324097,3.12491966589732,3.63797880709171e-12,0,0.380976366058109
2012,11,24,0.196701407432556,1.57702077951399,0,0,0.374173222939799
2012,11,25,0.839334845542908,0.634632294561015,0,0,0.367370079821489
2012,11,26,0.896548748016357,0.868046437386511,0,0,0.360566936703179
2012,11,27,0.164408832788467,0.75990976400135,0,0,0.353763766551581
2012,11,28,0.469703286886215,0.375807335647551,0,0,0.349228337806041
2012,11,29,1.33263981342316,0.865665222434473,0,0,0.342425194687731
2012,11,30,0.080442801117897,0.861027927399846,0,0,0.335622051569421
2012,12,1,0.702180564403534,0.30046402129301,0,0,0.33108662282388
2012,12,2,1.8023761510849,0.94767088205117,0,0,0.324283452672283
2012,12,3,0.459844529628754,1.47018046567246,0,0,0.319748023926742
2012,12,4,0.358317941427231,0.463721986558085,0,0,0.315212595181202
2012,12,5,0.585554718971252,0.480455257362337,0,0,0.308409452062892
2012,12,6,0.00707705598324537,0.360564797687402,0,0,0.306141737690122
2012,12,7,0,0.00946084218594478,0,0,0.303874023317352
2012,12,8,12.3550157546997,6.30313942059729,0,0,0.301606308944582
2012,12,9,4.62110567092896,8.78464975923635,0,0,0.299338594571812
2012,12,10,2.2158203125,3.86947413673261,0,0,0.297070853165754
2012,12,11,0.965624511241913,1.63794199413678,0,0,0.294803138792984
2012,12,12,4.3422155380249,2.94453900530425,0,3.63797880709171e-12,0.292535424420214
2012,12,13,6.35706043243408,5.02503329010142,0,-3.63797880709171e-12,0.290267710047444
2012,12,14,20.0534725189209,12.7520347588361,0,0,0.287999995674674
2012,12,15,11.5260076522827,16.178987823434,0,0,0.285732281301904
2012,12,16,0.927187740802765,6.69147634414185,0,0,0.285732281301904
2012,12,17,0.284864574670792,0.567967466984555,0,0,0.283464566929134
2012,12,18,0.0108127649873495,0.183256214797439,0,0,0.281196852556364
2012,12,19,0.349610030651093,0.0734099023866293,0,0,0.278929138183594
2012,12,20,0.320237100124359,0.301905375083152,0,0,0.276661423810824
2012,12,21,0.219913125038147,0.2412576811912,0,0,0.274393709438054
2012,12,22,0,0.188044908354641,0,0,0.272125995065284
2012,12,23,0.53230881690979,0.233370131554693,0,0,0.272125995065284
2012,12,24,0.357640713453293,0.468755533634976,0,0,0.269858280692514
2012,12,25,0.447497427463532,0.372656678191561,0,0,0.267590539286456
2012,12,26,0.0195677988231182,0.291117982622382,0,0,0.265322824913686
2012,12,27,1.25896334648132,0.327821421313274,0,0,0.263055110540916
2012,12,28,0.0626003742218018,1.05241503330035,0,0,0.263055110540916
2012,12,29,1.75322890281677,0.89418642936289,0,0,0.260787396168146
2012,12,30,1.75174796581268,1.75236420119472,0,0,0.258519681795376
2012,12,31,0.0587809383869171,0.836454954740475,0,0,0.256251967422605
2013,1,1,3.44655203819275,1.89055758851828,0,0,0.256251967422605
2013,1,2,4.82506895065308,4.39253862392798,3.63797880709171e-12,3.63797880709171e-12,0.253984253049835
2013,1,3,0.926065564155579,3.38334208611195,-3.63797880709171e-12,-3.63797880709171e-12,0.251716538677065
2013,1,4,0.268905520439148,0.493991453891795,0,0,0.249448824304295
2013,1,5,2.17813801765442,1.50403515461949,0,0,0.249448824304295
2013,1,6,3.68366456031799,2.98441626378917,0,0,0.247181109931525
2013,1,7,1.69690001010895,2.89014873503402,0,0,0.244913395558755
2013,1,8,1.30572068691254,1.57787250562615,0,0,0.242645681185985
2013,1,9,0.383144438266754,1.18008648854811,0,0,0.242645681185985
2013,1,10,0.372926115989685,0.456015739411669,0,0,0.240377939779927
2013,1,11,0.0246182847768068,0.100434418545774,0,0,0.238110225407157
2013,1,12,0.602157771587372,0.249777119173814,0,0,0.235842511034387
2013,1,13,1.73139643669128,0.850269296570332,0,0,0.235842511034387
2013,1,14,7.90614223480225,4.92680323087188,0.250627404107945,0,0.233574796661617
2013,1,15,1.58277750015259,3.73251158216226,1.01195091906629,3.741371458309,0.231307082288847
2013,1,16,8.53902530670166,4.2689626887659,0.791490690466162,3.74185650899744,0.231307082288847
2013,1,17,7.81799840927124,8.25749471883682,0,0,0.229039367916077
2013,1,18,1.37631821632385,4.46037610550411,0,0,0.226771653543307
2013,1,19,0.0091377766802907,1.05792655154437,0,0,0.225637796356922
2013,1,20,0.981491804122925,0.650525126722641,0,0,0.224050388185997
2013,1,21,2.13901996612549,1.67297072423753,0,0,0.222462993531715
2013,1,22,2.65575528144836,2.34952886413885,0,0,0.22087558536079
2013,1,23,0.957915008068085,2.27453216242429,0,0,0.219514959440457
2013,1,24,1.06259846687317,1.1109604739795,0,0,0.217927564786175
2013,1,25,1.51070213317871,1.14279971474753,0,0,0.21634015661525
2013,1,26,2.15411257743835,1.77960159078793,0,0,0.214979530694916
2013,1,27,1.37605381011963,1.80820484757351,0,0,0.213392122523991
2013,1,28,1.67693138122559,1.45911245006573,0,0,0.212031496603658
2013,1,29,4.4805793762207,3.33107436525097,0,0,0.210897639417273
2013,1,30,0.984582602977753,3.58867002183979,0,0,0.209990550964836
2013,1,31,0.407331496477127,0.7857868973515,0,0,0.209310231246347
2013,2,1,0.250235199928284,0.385476869250851,0,0,0.208403156310555
2013,2,2,2.06844043731689,1.04028951996588,0,0,0.207496067858118
2013,2,3,3.96231460571289,2.92282403564241,0,0,0.206815748139629
2013,2,4,1.89979088306427,3.38004576550884,0,0,0.205908659687192
2013,2,5,0.669592618942261,1.7783277814051,0,0,0.205228339968704
2013,2,6,1.49452686309814,1.16533635724772,0,0,0.204321265032911
2013,2,7,1.25934410095215,1.38871333713905,0,0,0.203640945314422
2013,2,8,1.1334263086319,1.23483044041495,0,0,0.202960625595934
2013,2,9,9.69615745544434,5.34440047669341,0,0,0.202053537143497
2013,2,10,10.5122556686401,6.23487584313261,3.86933035175025,0.448235281033703,0.201373230941652
2013,2,11,0.752636671066284,1.76341247206801,3.87048311763283,0.448368821023905,0.200466142489216
2013,2,12,0.0712370425462723,0.631461640263296,0,0,0.199785822770727
2013,2,13,1.64495277404785,0.885580581722024,0,0,0.19887873431829
2013,2,14,1.02928388118744,1.30337280097228,0,0,0.198198428116445
2013,2,15,6.52517318725586,4.25140435570211,0,0,0.197518108397957
2013,2,16,2.62470388412476,5.79502652366864,0,0,0.19661101994552
2013,2,17,3.76005029678345,2.98244856979727,0,0,0.195930713743675
2013,2,18,2.85686659812927,3.17417268964709,0,0,0.195250394025187
2013,2,19,3.21475052833557,3.06977539109721,0,0,0.19434330557275
2013,2,20,1.81496930122376,2.75689937002971,0,0,0.193662985854262
2013,2,21,0.350322991609573,1.56911632465199,0,0,0.192982679652417
2013,2,22,0.764986515045166,0.673374904567027,0,0,0.19207559119998
2013,2,23,1.14758384227753,0.908814687983977,0,0,0.191395271481491
2013,2,24,0.758404016494751,1.07856185393757,0,0,0.190714965279647
2013,2,25,0.0199923031032085,0.468939345188119,0,0,0.190034645561158
2013,2,26,5.42119121551514,3.42897945563163,0,0,0.189127557108721
2013,2,27,7.70309591293335,7.08567158060396,0,0,0.188447237390233
2013,2,28,2.41042900085449,6.23272075827117,0,0,0.187766931188388
2013,3,1,5.83457565307617,4.05315959604559,0,0,0.1870866114699
2013,3,2,1.39305055141449,3.41878501262545,0,0,0.186406305268055
2013,3,3,0.0162117015570402,0.608301953991031,0,0,0.185499216815618
2013,3,4,0.00349361496046186,0.0113697376364144,0,0,0.18481889709713
2013,3,5,0,0.00209204553902964,0,0,0.184138577378641
2013,3,6,0.505633890628815,0.259215030386258,0,0,0.183458271176796
2013,3,7,0.00541181350126863,0.134753682097653,0,0,0.182777951458308
2013,3,8,0.0853946134448052,0.0238849823581404,0,0,0.182097631739819
2013,3,9,1.60289347171783,0.738311697703466,0,0,0.181417325537974
2013,3,10,0.368721783161163,1.17769806255092,0,0,0.180737005819486
2013,3,11,0.523664951324463,0.417294734434108,0,0,0.180056699617641
2013,3,12,0.186274662613869,0.368619213491911,0,0,0.179376379899153
2013,3,13,0.00260749808512628,0.149647085854667,0,0,0.178469291446716
2013,3,14,0.0028685056604445,0.0293615467344353,0,0,0.177788971728227
2013,3,15,0.437476426362991,0.31698630628307,0,0,0.177108665526383
2013,3,16,0.0684558972716332,0.291425466210058,0,0,0.176428345807894
2013,3,17,0.238262593746185,0.100355592483538,0,0,0.175748026089405
2013,3,18,0.110491313040257,0.174104044559499,0,0,0.175067719887561
2013,3,19,0.13778555393219,0.121499020835472,0,0,0.174387400169072
2013,3,20,0.00186832330655307,0.0510433685376484,0,0,0.173707080450584
2013,3,21,0.319985538721085,0.238595788548992,0,0,0.173253542982687
2013,3,22,0.0367710068821907,0.146469514853379,0,0,0.172573223264199
2013,3,23,0.798616647720337,0.853130515613884,0,0,0.171892917062354
2013,3,24,3.30416822433472,2.91472273396357,0,0,0.171212597343865
2013,3,25,4.03035831451416,3.52222827120204,0,0,0.170532277625377
2013,3,26,3.89222359657288,3.99203261906951,0,0,0.169851971423532
2013,3,27,0.461478471755981,2.79202229617658,0,0,0.169171651705044
2013,3,28,1.06724684201254e-07,0.29722473525544,0,0,0.168491331986555
2013,3,29,0.0952154099941254,0.0207590645950404,0,0,0.16781102578471
2013,3,30,0.000352455565007404,0.0551544516420108,0,0,0.167130706066222
2013,3,31,0.150378942489624,0.130789194365207,0,0,0.166677168598325
2013,4,1,2.67353796958923,1.79987070588322,0,0,0.165996848879837
2013,4,2,0.769270718097687,2.28456988892503,0,0,0.165316529161348
2013,4,3,0.0166726596653461,0.487476289556071,0,0,0.164636222959503
2013,4,4,0.0233074687421322,0.0197677476426179,0,0,0.163955903241015
2013,4,5,0.000269361102255061,0.0125565117887163,0,0,0.164182671974963
2013,4,6,0.720756530761719,0.336384532176453,0,0,0.164636222959503
2013,4,7,1.05185449123383,0.858994164009346,0.0841212035556964,0,0.165316529161348
2013,4,8,7.75132751464844,0.463415673617419,3.93817498135832,3.85537667181779,0.165770080145888
2013,4,9,12.3079872131348,0,9.98709971125572,5.87245862113923,0.166223617613785
2013,4,10,5.13080644607544,2.55390206068478,6.18158306262558,1.99097588023869,0.166903937332273
2013,4,11,1.08431816101074,3.10805510221689,0,0,0.16735747480017
2013,4,12,0.0395146422088146,0.775505595156574,0,0,0.16781102578471
2013,4,13,0.00299209356307983,0.061856410899054,0,0,0.168491331986555
2013,4,14,0.00700793042778969,0.00759965010001906,0,0,0.168944882971095
2013,4,15,0,0.00410990253294585,0,0,0.169398420438992
2013,4,16,6.9136552810669,4.51743765609717,0,0,0.17007874015748
2013,4,17,5.42731761932373,5.80342659098096,0,0,0.170532277625377
2013,4,18,0.53119820356369,1.89300412755256,0,0,0.170985828609917
2013,4,19,0.00238540419377387,0.157612183691526,0,0,0.171666148328406
2013,4,20,0.498315989971161,0.229018057740177,0,0,0.172119685796302
2013,4,21,0,0.384794366509595,0,0,0.172573223264199
2013,4,22,0.191320061683655,0.128414425547817,0,0,0.173253542982687
2013,4,23,0.333444476127625,0.221585442577634,0,0,0.173707080450584
2013,4,24,6.61442136764526,1.60699197354916,1.85837029393952,0,0.174387400169072
2013,4,25,16.5182628631592,9.69533203873289,1.86181719035085,0,0.174840951153613
2013,4,26,7.20556879043579,13.5031080424596,0,0,0.175521257355457
2013,4,27,1.12905550003052,2.43056692045866,0,0,0.175974808339998
2013,4,28,0,0.218427959141991,0,0,0.176428345807894
2013,4,29,0,0,0,0,0.177108665526383
2013,4,30,1.36825728416443,0.317020594935457,0,0,0.177562202994279
2013,5,1,3.1235203742981,2.3143261158184,0,0,0.178242522712768
2013,5,2,3.4909975528717,1.56175987215829,1.74549912846851,13.7758755369287,0.178696060180664
2013,5,3,2.89633226394653,0,3.1856262660076,31.4023962624924,0.194570074306698
2013,5,4,10.9673538208008,0,6.7465644466065,36.4531442783737,0.224050388185997
2013,5,5,2.32449078559876,0,6.97188304568772,38.1508949883064,0.630425190362405
2013,5,6,0,0,1.20457875854117,29.3092764239664,0.600944903516394
2013,5,7,0,0,0,17.5809357763901,0.517039363590751
2013,5,8,0,0,0,20.897295759165,0.469417307696005
2013,5,9,0,0,0,27.3001213439711,0.514771649217981
2013,5,10,0.000206319280550815,0,0.0001062473966158,31.5065557052731,0.666708674393301
2013,5,11,3.7082850933075,0,2.17323036216112,31.3952917961105,0.916157471664308
2013,5,12,2.90172529220581,0,3.30500546758776,31.8952135856853,1.28352752445251
2013,5,13,2.86948895454407,0,2.88482839573408,34.4502204786077,1.74840945746955
2013,5,14,1.85126566886902,0,2.36570137336821,34.8846082599994,1.55792123389056
2013,5,15,0.501563429832459,0,1.17273819142065,34.7026915342649,1.39691335122416
2013,5,16,0.403786092996597,0,0.452863139678811,27.8978511859896,1.12251964178611
2013,5,17,2.06333065032959,0,1.23050731762123,25.4471494143254,0.995527528777836
2013,5,18,4.81015205383301,0,3.43291238709935,0,1.13612603615588
2013,5,19,2.37606453895569,0.000108550808363361,3.51117687687656,0.000108550808363361,0.997795297217181
2013,5,20,0.0629345551133156,0.0125658670476696,0.724811771229724,0.0125658670476696,0.836787414550781
2013,5,21,0.00615233695134521,0.00858221229282208,0.0250383593665902,0.00858221229282208,0.714330730288048
2013,5,22,0,0,0.00410210766131058,0,0.732472445270208
2013,5,23,0,0,0.000103708960523363,0,0.904818899800458
2013,5,24,0.834169387817383,0,0.417079443534021,0,1.35382672407496
2013,5,25,0.129683315753937,0,0.481960469875048,0,2.18607881801335
2013,5,26,0.420141249895096,0,0.272190471139766,0,4.08188976377953
2013,5,27,0.196798384189606,0,0.308500648930931,0,7.23401566152498
2013,5,28,1.2639045715332,0,0.727935662496748,0,9.50173262949065
2013,5,29,0.855566918849945,0,1.06461454146483,0,11.9281886303519
2013,5,30,0.718981564044952,0,0.78779162813953,0,11.7467714805303
2013,5,31,8.84432983398438,0,4.75472071619515,0,10.9530706931287
2013,6,1,16.1155242919922,0,12.4841958581419,0,10.0686617633489
2013,6,2,2.67097759246826,0,9.48573075178501,0,5.80535441721518
2013,6,3,0.501703023910523,0,1.49047641858851,0,5.37448836198942
2013,6,4,0.850980162620544,0,0.597283783616149,0,4.62614164577694
2013,6,5,0.223410278558731,0,0.554679789831425,0,3.49228337806041
2013,6,6,0.502453088760376,0,0.408091152836278,0,2.63055126760888
2013,6,7,0.342896193265915,0,0.477553889209958,0,2.74393709438054
2013,6,8,4.5977201461792,0,3.17462056958175,0,3.94582668514702
2013,6,9,2.21657967567444,0,2.81935332139983,0,6.59905520461676
2013,6,10,0.778640389442444,0,2.01852981865522,0,6.96188993679257
2013,6,11,0.692405641078949,0,0.925444806729502,0,6.84850411002092
2013,6,12,1.0538078546524,0,0.799892669914698,0,6.28157497616265
2013,6,13,2.06846475601196,0,1.44290455512237,0,5.75999991349348
2013,6,14,0.576887428760529,0,1.0886325288775,0,5.12503945658526
2013,6,15,0.0619288645684719,0,0.202327256316494,0,5.75999991349348
2013,6,16,0.167737647891045,0,0.0795559046273411,0,6.87118092934916
2013,6,17,1.12272393703461,0,0.31737587700627,0,8.70803184208908
2013,6,18,1.39287805557251,0,1.10125235876694,0,5.66929133858268
2013,6,19,2.12373518943787,0,1.81919895800093,0,3.90047261395792
2013,6,20,2.28241205215454,0,2.15691575414894,0,3.78708678718627
2013,6,21,0.189656481146812,0,0.724763052807248,0,3.78708678718627
2013,6,22,0.610512137413025,0,0.277787456416263,0,3.44692909060501
2013,6,23,0,0,0.395739020448673,0,3.19748040146715
2013,6,24,2.78371357917786,0,1.30787241670623,0,2.67590555506428
2013,6,25,3.84102320671082,0,3.46520485980727,0,3.15212589774545
2013,6,26,4.99294376373291,0,4.67136550239957,0,3.49228337806041
2013,6,27,9.78793621063232,0,6.51657371378315,0,3.01606303537924
2013,6,28,2.15026497840881,0,8.27032343607425,0,2.51716544083723
2013,6,29,0.177082180976868,0,1.34236601982047,0,2.10670865276667
2013,6,30,0.0396345444023609,0,0.105408652449114,0,1.89127562515379
2013,7,1,2.35910630226135,0,1.3837557113693,0,1.85045665831078
2013,7,2,2.71825075149536,0,2.43112961243241,0,1.85272442675012
2013,7,3,1.61200284957886,0,2.317894074793,0,1.72799997404804
2013,7,4,0.250013530254364,0,0.786560269181791,0,1.63729129100409
2013,7,5,0.375428259372711,0,0.327478276714828,0,1.37196854719027
2013,7,6,0.0371097922325134,0,0.189408615999128,0,1.33114958034726
2013,7,7,2.48325777053833,0,1.64676957414486,0,1.3130078653651
2013,7,8,8.24505519866943,0,3.50659091343186,0,1.34929129532942
2013,7,9,4.22203540802002,0,5.93834711617819,0,1.71212602750523
2013,7,10,1.90706241130829,0,3.31797243744586,0,1.47174797959215
2013,7,11,1.0094747543335,0,1.75636535257945,0,1.41278740590013
2013,7,12,0.21605709195137,0,0.853396157566749,0,1.7733543696366
2013,7,13,0,0,0.0684411974507384,0,1.51256694643516
2013,7,14,0.0380794294178486,0,0.0405007273693627,0,1.20642523577833
2013,7,15,0.113035529851913,0,0.0897531330228958,0,1.10211026649775
2013,7,16,0.000766753335483372,0,0.0978385819253162,0,1.14292912520762
2013,7,17,0.663977742195129,0,0.580573333918437,0,1.11344878429503
2013,7,18,0.493713885545731,0,0.62712454621942,0,1.09530706931287
2013,7,19,0.7309650182724,0,0.591133956819249,3.63797880709171e-12,1.09757483775221
2013,7,20,9.78527355194092,0,7.58942938310065,-3.63797880709171e-12,1.13159049927719
2013,7,21,16.4384765625,0,11.0874724820533,0,2.53984247643178
2013,7,22,7.05049085617065,0,13.5041791714102,0,5.91874024398684
2013,7,23,0.330479085445404,0,3.4802948780416,0,3.49228337806041
2013,7,24,3.6717791557312,0,2.07558626571335,0,2.63055126760888
2013,7,25,5.80544853210449,0,4.33994135051034,0,2.38110236220472
2013,7,26,4.14022254943848,0,5.48331881940976,0,2.56251972829263
2013,7,27,1.00728392601013,0,2.9586092226964,0,2.40377961406558
2013,7,28,0.900239050388336,0,0.959083683508652,0,2.17020465520423
2013,7,29,0.295614778995514,0,0.496683538454818,0,2.05455127625953
2013,7,30,0.00406740000471473,0,0.23176518794935,0,1.85499219518947
2013,7,31,0.0339289791882038,0,0.0272787310568674,0,1.66903940035602
2013,8,1,6.90702727297321e-05,0,0.0248059995465155,0,1.52844089297798
2013,8,2,0,0,0.00198534800074412,0,1.41732283464567
2013,8,3,0.949321448802948,0,0.38708290039358,0,1.32888192004106
2013,8,4,0.962740421295166,0,0.952601871416846,0,1.28806295319805
2013,8,5,0.0867998600006104,0,0.843181639316754,0,1.25177952323373
2013,8,6,0.380653887987137,0,0.295176949861343,0,1.24724409448819
2013,8,7,1.01000988483429,0,0.794926800233952,0,1.15653541144424
2013,8,8,1.47437751293182,0,1.33063483837395,0,1.15426775113804
2013,8,9,0.811590492725372,0,1.3547239289328,0,1.19962203859344
2013,8,10,0,0,0.531730517275719,0,1.08623621182179
2013,8,11,0.00179659808054566,0,0.000377565389499068,0,1.02047244094488
2013,8,12,0.0316502414643765,0,0.00795940830357722,0,0.981921242541216
2013,8,13,0,0,0.022377287823474,0,0.954708670067975
2013,8,14,0,0,0.00108058750629425,0,0.922960668849194
2013,8,15,0.877578556537628,0,0.248602381929231,0,0.902551185427688
2013,8,16,1.77580392360687,0,1.10519567344454,0,0.904818899800458
2013,8,17,2.37358236312866,0,1.96902427125679,0,0.902551185427688
2013,8,18,1.38235831260681,0,1.89228294532586,0,0.918425240103654
2013,8,19,1.19087505340576,0,1.28950376474313,0,0.952440901628629
2013,8,20,0.250962525606155,0,0.734590046733501,0,0.884409470445528
2013,8,21,1.19364929199219,0,0.777712714272639,0,0.836787414550781
2013,8,22,1.12342405319214,0,1.17959441576386,0,0.814110216756505
2013,8,23,4.47739601135254,0,3.21767129452564,0,0.809574788010965
2013,8,24,7.99802875518799,0,5.09530696110232,0,0.884409470445528
2013,8,25,8.13776683807373,0,7.76673483146078,0,1.63275586225855
2013,8,26,1.49252128601074,0,6.80916474083642,0,1.40371654840905
2013,8,27,1.1061018705368,0,1.58314587479617,0,1.29940157912848
2013,8,28,0.612174212932587,0,0.941739496713126,0,1.16560626893532
2013,8,29,0.150030300021172,0,0.496725103741483,0,1.07489758589136
2013,8,30,0.0590072199702263,0,0.281476237130846,0,0.993259868471641
2013,8,31,3.60807824134827,0,2.73292259893424,0,0.954708670067975
2013,9,1,9.36580085754395,0,6.66106435103939,0,1.00233072596272
2013,9,2,0.195988297462463,0,3.20886768373384,0,1.11344878429503
2013,9,3,1.18709170818329,0,0.954097278903646,0,1.00459838626892
2013,9,4,0.221316978335381,0,0.603892818387976,0,0.966047295998401
2013,9,5,0.0675963088870049,0,0.165435382819851,0,0.909354382612574
2013,9,6,3.42321419715881,0,2.01064738758214,0,0.895748042309378
2013,9,7,22.7544059753418,0,11.4371575257064,0,0.963779527559055
2013,9,8,7.1482572555542,0,15.4651433115578,0,1.05902363934855
2013,9,9,0.351691424846649,0,2.30089024537301,0,0.963779527559055
2013,9,10,1.54221189022064,0,1.0926695372691,0,0.891212613563838
2013,9,11,8.09044456481934,0,4.87829413983491,0,0.911622042918768
2013,9,12,4.01987171173096,0,6.15713180944294,0,1.44680317555826
2013,9,13,0.250068992376328,0,2.89196075470682,0,1.16107084018978
2013,9,14,0.472025215625763,0,0.382901345758,0,1.08170078307625
2013,9,15,9.68940734863281,0,4.35919849997299,0,1.0340787271815
2013,9,16,18.7168827056885,0,16.5982742839333,0,1.47174797959215
2013,9,17,0.376711755990982,0,7.34837156831054,0,1.73253540279358
2013,9,18,1.28604066371918,0,1.09993343039241,0,1.52617323267178
2013,9,19,11.7459383010864,0,4.44884355119575,0,1.40598420871524
2013,9,20,12.782488822937,0,12.2023225663761,0,1.63048820195236
2013,9,21,9.47243118286133,0,12.0354237040701,0,2.00466145192544
2013,9,22,3.19793105125427,0,6.33287401101552,0,1.70532283032034
2013,9,23,2.06033062934876,0,2.59759091504384,-3.63797880709171e-12,1.47174797959215
2013,9,24,0.00713182659819722,0,1.58327829237533,3.63797880709171e-12,1.32888192004106
2013,9,25,3.31886458396912,0,2.01570607446411,0,1.23817323699711
2013,9,26,4.42571210861206,0,4.01685190109492,0,1.21322832483006
2013,9,27,1.14683032035828,0,3.39776783869092,0,1.1746771264264
2013,9,28,1.79342448711395,0,1.31078607607924,0,1.12705507053165
2013,9,29,3.18231582641602,0,2.26828093532822,0,1.09077164056733
2013,9,30,3.18016862869263,0,3.18161219499962,0,1.13385826771654
2013,10,1,2.09770822525024,0,2.63192243298909,0,1.129322838971
2013,10,2,1.5543018579483,0,1.70833429383492,-3.63797880709171e-12,1.10211026649775
2013,10,3,4.25507402420044,0,1.89301684559905,3.63797880709171e-12,1.04541735311193
2013,10,4,4.82879972457886,0,4.13838407606818,0,1.00233072596272
2013,10,5,0.763144075870514,0,4.2670811054013,0,0.966047295998401
2013,10,6,0.0667436197400093,0,0.979934239927388,0,0.918425240103654
2013,10,7,0.552225232124329,0,0.393195580341853,0,0.909354382612574
2013,10,8,11.5104465484619,0,6.03132971152445,0,0.870803130142332
2013,10,9,23.7191791534424,0,17.6148369576949,0,1.14292912520762
2013,10,10,1.25424242019653,0,10.3675160721941,0,1.10211026649775
2013,10,11,0.0151910874992609,0,0.281476231768465,0,1.03181106687531
2013,10,12,0.0331870056688786,0,0.0260699262616981,0,0.966047295998401
2013,10,13,4.27861928939819,0,1.05366429497735,0,0.950173241322435
2013,10,14,0.73261022567749,0,1.96577762049492,0,1.12705507053165
2013,10,15,0.0202028192579746,0,0.271126561518031,3.63797880709171e-12,1.00459838626892
2013,10,16,0.00149310438428074,0,0.0161426108388696,-3.63797880709171e-12,0.96151175911971
2013,10,17,0.202918469905853,0,0.0588295302841289,0,0.913889811358114
2013,10,18,1.06515717506409,0,0.536234316434275,0,0.943370044137549
2013,10,19,0.165600180625916,0,0.709486076564645,0,0.911622042918768
2013,10,20,1.30265831947327,0,0.711283854838257,3.63797880709171e-12,1.11118112398883
2013,10,21,0,0,0.547755084131495,-3.63797880709171e-12,1.00459838626892
2013,10,22,2.01767420768738,1.00883522313598,0,0,0.927496097594734
2013,10,23,16.7507419586182,9.37950946146157,0,0,0.863999987024022
2013,10,24,11.6041975021362,14.2227066569212,0,0,0.916157471664308
2013,10,25,4.79034471511841,5.80210127869941,2.39517131412504,4.47723887030224,0.850393700787402
2013,10,26,5.66163682937622,0,5.22130816287245,12.6194560053191,0.861732272651252
2013,10,27,1.44311082363129,0,3.54858147790219,11.7751182936699,0.820913359874816
2013,10,28,1.87712347507477,0,1.63001578207695,1.54133929183081,0.893480327936608
2013,10,29,1.00224328041077,0,1.21567954718557,0,0.981921242541216
2013,10,30,1.34556806087494,0,1.13961470717913,0,0.895748042309378
2013,10,31,1.39894556999207,0,1.37970621303248,0,0.841322843296321
2013,11,1,0.296778291463852,0,1.19650827357327,0,0.768755929301104
2013,11,2,0.902985334396362,0.451494072720379,0.233897996724409,0,0.648566905344565
2013,11,3,0.043939396739006,0.472904488105996,0,0,0.578267705722118
2013,11,4,2.06371855735779,1.0512947557836,0,0,0.532913364200141
2013,11,5,1.18597221374512,1.63194932945771,0,0,0.505700791726901
2013,11,6,0.235149219632149,0.70052940588721,0,0,0.4830236479992
2013,11,7,0.517081320285797,0.367062972829444,0,0,0.478488165187085
2013,11,8,0.0842425227165222,0.313740404057171,0,0,0.480755879559855
2013,11,9,0.0168196875602007,0.0626258318006876,0,0,0.48755907674474
2013,11,10,0.785294950008392,0.395083103914658,0,0,0.496629934235821
2013,11,11,0.123520068824291,0.464315000081115,0,0,0.507968506099671
2013,11,12,1.76326620578766,0.945434108161862,0,0,0.523842506709061
2013,11,13,0.534740328788757,1.1695327824491,0,0,0.539716561385027
2013,11,14,7.81796789169312,4.15063668591392,0,0,0.555590561994417
2013,11,15,1.39647078514099,4.62915582360438,0,0,0.564661419485498
2013,11,16,0.489327996969223,0.929225143085205,0,0,0.573732276976578
2013,11,17,0.0448920913040638,0.266653727332596,0,0,0.578267705722118
2013,11,18,0.0140081821009517,0.0385058474930702,0,0,0.580535420094888
2013,11,19,0.0465659126639366,0.0328869524309994,0,0,0.575999991349348
2013,11,20,1.73489570617676,0.912162632735999,0,-3.63797880709171e-12,0.569196848231038
2013,11,21,9.26115036010742,5.47573895304959,0,7.27595761418343e-12,0.564661419485498
2013,11,22,3.17038774490356,6.12462990612039,0,-3.63797880709171e-12,0.560125990739958
2013,11,23,2.53662109375,2.87845331579229,0,0,0.548787418876107
2013,11,24,0.420148819684982,1.53298912913306,0,0,0.539716561385027
2013,11,25,6.36891508102417,3.29881620752713,0,0,0.530645649827371
2013,11,26,1.83368611335754,4.06381532556406,0,0,0.521574792336291
2013,11,27,8.92938041687012,5.2902265954217,0,0,0.510236220472441
2013,11,28,10.9185886383057,9.83814375015208,0,0,0.501165362981361
2013,11,29,2.62153506278992,6.5981306401045,0,0,0.492094505490281
2013,11,30,0.136667892336845,1.44704516379352,0,0,0.48529136237197
2013,12,1,0.0705472603440285,0.10780120254276,0,0,0.476220450814315
2013,12,2,0.0545986108481884,0.0674560749175726,0,0,0.467149593323235
2013,12,3,0.0287968050688505,0.0476022984184965,0,0,0.458078735832154
2013,12,4,0.182273060083389,0.141157358884811,0,0,0.451275592713844
2013,12,5,0.302529066801071,0.217744030665926,0,0,0.442204735222764
2013,12,6,0.295321196317673,0.298297300654667,0,0,0.435401565071166
2013,12,7,0.582474768161774,0.368239058851032,0,0,0.426330707580086
2013,12,8,0.0355114601552486,0.476996781108028,0,0,0.419527564461776
2013,12,9,1.50384116172791,0.839238151620521,0,0,0.410456679937408
2013,12,10,3.47845578193665,2.42814701907628,0,0,0.403653536819098
2013,12,11,19.4799957275391,11.4617271809584,0,0,0.399118108073557
2013,12,12,9.55474376678467,14.7609273959461,0,0,0.394582679328017
2013,12,13,11.7431325912476,10.5358829176403,0,0,0.387779536209707
2013,12,14,6.02008152008057,9.31253329100218,0,0,0.383244107464167
2013,12,15,5.72199630737305,5.87111573667426,0,0,0.378708651685339
2013,12,16,2.12256383895874,4.43064659407901,0,0,0.371905508567029
2013,12,17,0.190398082137108,1.47919892779828,0,0,0.367370079821489
2013,12,18,0.768704175949097,0.461813401441759,0,0,0.362834651075949
2013,12,19,3.28594946861267,2.21584090740726,0,0,0.358299222330409
2013,12,20,0.632747113704681,2.38799593719159,0,-3.63797880709171e-12,0.353763766551581
2013,12,21,0.655802190303803,0.648648838057852,0,3.63797880709171e-12,0.346960623433271
2013,12,22,2.0758843421936,1.43222744565719,0,0,0.342425194687731
2013,12,23,3.62495899200439,3.13154105165086,0,0,0.337889765942191
2013,12,24,7.68514394760132,5.50917091921292,0,0,0.33335433719665
2013,12,25,7.4047122001648,7.61615311808055,0,0,0.32881890845111
2013,12,26,4.32472085952759,5.62936254375381,0,0,0.324283452672283
2013,12,27,1.74135446548462,3.53411041659274,0,0,0.322015738299513
2013,12,28,5.6366138458252,3.06496033344229,0,0,0.319748023926742
2013,12,29,1.78037869930267,3.83403940245626,0,0,0.317480309553972
2013,12,30,6.3379020690918,3.64637109987598,0,0,0.312944880808432
2013,12,31,4.34194612503052,5.81728055459826,0,0,0.310677166435662
2014,1,1,4.89914417266846,4.51673668739022,0,0,0.308409452062892
2014,1,2,4.4866943359375,4.81889530778426,0,0,0.306141737690122
2014,1,3,0.288985788822174,2.66051289388633,0,0,0.303874023317352
2014,1,4,7.04893445968628,3.64906548077488,0,0,0.301606308944582
2014,1,5,2.36171722412109,5.21830854341533,0,0,0.297070853165754
2014,1,6,1.28526377677917,2.22603706331574,0,0,0.294803138792984
2014,1,7,0.779676496982575,1.21541358121976,0,0,0.292535424420214
2014,1,8,3.95012331008911,2.71101093865582,0,0,0.290267710047444
2014,1,9,1.41183602809906,3.29395918238879,0,0,0.287999995674674
2014,1,10,2.33670616149902,1.70877238146568,0,0,0.285732281301904
2014,1,11,1.11805152893066,2.10729620853454,0,0,0.283464566929134
2014,1,12,1.28676128387451,1.30514168764785,0,0,0.281196852556364
2014,1,13,8.72456455230713,4.21283981484521,0,0,0.278929138183594
2014,1,14,9.04826164245605,8.83088252600282,0,0,0.276661423810824
2014,1,15,6.45431518554688,8.49862054190453,0,0,0.272125995065284
2014,1,16,5.15498685836792,3.27748462160889,2.57749313247768,7.28539598575662,0.269858280692514
2014,1,17,4.71111822128296,0,4.94172726305988,13.283095834835,0.267590539286456
2014,1,18,1.48233330249786,0,3.14791658923787,9.58768159758256,0.265322824913686
2014,1,19,0.325338661670685,0.161578438506695,0.746137059679313,3.5908667566473,0.263055110540916
2014,1,20,0.0188592076301575,0.173158647772652,0,0,0.260787396168146
2014,1,21,0.511833906173706,0.264137585429125,0,0,0.258519681795376
2014,1,22,4.03333520889282,0.255916774276557,2.01666901349381,2.26305309838062,0.256251967422605
2014,1,23,10.1519899368286,0,7.09418888907385,19.334287797592,0.253984253049835
2014,1,24,0.927153885364532,0,5.63505256761346,30.6390608059992,0.251716538677065
2014,1,25,0,0,0.46708301396211,13.6035772337891,0.249448824304295
2014,1,26,0.000175449909875169,8.64211069711018e-05,0,0,0.247181109931525
2014,1,27,8.92668322194368e-06,9.07677749637514e-05,0,0,0.247181109931525
2014,1,28,0.191516742110252,0.095615718550107,0,0,0.244913395558755
2014,1,29,0.701375424861908,0.35347053199439,0,0,0.242645681185985
2014,1,30,0.394893914461136,0.557860210203216,0,0,0.240377939779927
2014,1,31,0.000128683939692564,0.302786958523939,0,0,0.238110225407157
2014,2,1,0.284165322780609,0.177136052003334,0,0,0.235842511034387
2014,2,2,0.014310977421701,0.179864866076969,0,0,0.233574796661617
2014,2,3,0.0246881172060967,0.0180367681496136,0,0,0.231307082288847
2014,2,4,0.00950986798852682,0.0210172673323541,0,0,0.229039367916077
2014,2,5,0.000373798742657527,0.00855530320040998,0,0,0.226091333824819
2014,2,6,0.928141832351685,0.19818134358502,0,0,0.223370081984152
2014,2,7,0.00932283606380224,0.459738521665713,0,0,0.221102367611382
2014,2,8,0.0172260627150536,0.0111079757880361,0,0,0.220195279158945
2014,2,9,0,0.0123543553963827,0,0,0.219288190706508
2014,2,10,0,0.000405067090468947,0,0,0.218381102254072
2014,2,11,0,0,0,0,0.217474013801635
2014,2,12,1.01840198040009,0.323567455550801,0,0,0.216793694083146
2014,2,13,2.68657422065735,1.29486954481035,0,0,0.21634015661525
2014,2,14,14.2109107971191,8.40601630424135,0,0,0.215659836896761
2014,2,15,17.6310710906982,15.0479592207339,0,0,0.214979530694916
2014,2,16,7.37752676010132,13.5490264953405,0,0,0.214525979710376
2014,2,17,1.4598046541214,3.82377361531326,0,3.63797880709171e-12,0.213845673508532
2014,2,18,0.428530216217041,1.30808972685554,0,-3.63797880709171e-12,0.213392122523991
2014,2,19,0.0446174293756485,0.366636591916176,0,0,0.212711816322146
2014,2,20,0.441276103258133,0.181262408055773,0,0,0.212031496603658
2014,2,21,0.00524849630892277,0.368228300812916,0,0,0.211577959135761
2014,2,22,0.000543780508451164,0.0462755283260776,0,0,0.211124408151221
2014,2,23,2.49905747295998e-06,0.00013876052616979,0,0,0.210444088432733
2014,2,24,0,6.29595888312906e-07,0,0,0.209990550964836
2014,2,25,0,0.000307954156596679,0,0,0.20953701349694
2014,2,26,0.00731520773842931,0.00519517219800036,0,0,0.208856693778451
2014,2,27,0.00073307822458446,0.00236047299767961,0,0,0.208403156310555
2014,2,28,0,0.000184686610737117,0,0,0.207949605326014
2014,3,1,0,0.000114751645014621,0,0,0.207496067858118
2014,3,2,0.00272583472542465,0.0219894802212366,0,0,0.207042516873577
2014,3,3,0.476631194353104,0.357238786789821,0,0,0.206362210671733
2014,3,4,0.181027054786682,0.385327530068025,0,0,0.205908659687192
2014,3,5,0.0535698607563973,0.107019425515318,0,0,0.205455122219296
2014,3,6,0.00319557171314955,0.0408860210845887,0,0,0.205228339968704
2014,3,7,6.03130102157593,3.06091419938093,0,0,0.204774802500807
2014,3,8,12.1478099822998,8.56811728546745,0,0,0.204321265032911
2014,3,9,10.9138860702515,11.2431589458392,0,0,0.203867714048371
2014,3,10,1.74349796772003,6.82753191471056,0,0,0.203640945314422
2014,3,11,2.00158166885376,1.79677665520285,0,0,0.203187407846526
2014,3,12,2.89793109893799,2.412943382089,0,0,0.202960625595934
2014,3,13,2.29093730013119e-05,1.57388694450128,0,0,0.202733856861986
2014,3,14,0.250146120786667,0.0858997609248036,0,0,0.202507088128037
2014,3,15,0.126507982611656,0.164742328815919,0,0,0.202280319394089
2014,3,16,0,0.0967284734288114,0,0,0.202053537143497
2014,3,17,9.9796918220818e-05,0.0434536068205489,0,0,0.201826768409549
2014,3,18,1.05610752105713,0.771133098740393,0,0,0.201599999675601
2014,3,19,1.16673934459686,1.09089501369817,0,0,0.201373230941652
2014,3,20,0.176980748772621,0.596991760357923,0,0,0.201146462207704
2014,3,21,0.0418462604284287,0.11597946960319,0,0,0.200919679957112
2014,3,22,0.00465832650661469,0.0367279679121566,0,0,0.200692911223164
2014,3,23,0.00192140613216907,0.00811226660880493,0,0,0.200466142489216
2014,3,24,0.00595457898452878,0.00352114801353309,0,0,0.200239373755267
2014,3,25,0,0.00360773542706738,0,0,0.200239373755267
2014,3,26,0.00184801453724504,0.000760780516429804,0,0,0.200012605021319
2014,3,27,0.00209523434750736,0.00193155024317093,0,0,0.199785822770727
2014,3,28,0.00201633898541331,0.00206280336351483,0,0,0.199559054036779
2014,3,29,0.00122076028492302,0.00170704254560405,0,0,0.199559054036779
2014,3,30,2.36874548136257e-05,0.000760043334594229,0,0,0.199332285302831
2014,3,31,0,2.27178934437688e-05,0,0,0.199105516568882
2014,4,1,0.0283897444605827,0.0110566354742332,0,0,0.199105516568882
2014,4,2,0.0746312066912651,0.0504388278313854,0,0,0.19887873431829
2014,4,3,0.041993286460638,0.0558819609068451,0,0,0.19887873431829
2014,4,4,0.101920634508133,0.0764611521481129,0,0,0.198651965584342
2014,4,5,0.00358526292257011,0.0497045579613769,0.00182598580067861,0,0.198651965584342
2014,4,6,1.88808453083038,0.802174254371494,0.296371168158657,0,0.198651965584342
2014,4,7,7.27859210968018,2.93388007788599,0.375577657265239,0,0.198425196850394
2014,4,8,3.05406999588013,4.28055642556137,0.885779311764054,0.0252063977422949,0.198425196850394
2014,4,9,0.206517249345779,0.74477235615268,0.886209368960408,0.0252186357756727,0.198425196850394
2014,4,10,0.890356600284576,0.313093698012381,0,0,0.198198428116445
2014,4,11,0.0459729209542275,0.453244745873235,0,0,0.198198428116445
2014,4,12,0,0.0270217493234668,0,0,0.198198428116445
2014,4,13,0.00465020863339305,0.000790413982031168,0,0,0.198198428116445
2014,4,14,0.0103758163750172,0.00175819969445001,0.00518789718626067,1.63385677632323,0.198198428116445
2014,4,15,0.000515351188369095,0,0.00540642849227879,3.94171742424442,0.198198428116445
2014,4,16,0.0135892974212766,0,0.0070069838911877,5.85843080746417,0.198198428116445
2014,4,17,1.1774320602417,0,0.586308079502487,5.47799288905299,0.198198428116445
2014,4,18,0.0878859907388687,0,0.638742668965278,7.04435421398011,0.198651965584342
2014,4,19,0.440585672855377,0.157395090598584,0.105569238723547,5.23192292208478,0.201146462207704
2014,4,20,0.420128226280212,0.160890429517167,0.269618285536126,5.32704595617179,0.203187407846526
2014,4,21,0,0,0.20667349233554,8.67261639627759,0.203640945314422
2014,4,22,0.816293299198151,0,0.354580467708729,7.21697216010944,0.206362210671733
2014,4,23,1.55884659290314,0,1.18644307494105,9.70927486435903,0.211577959135761
2014,4,24,3.7443630695343,0,2.68053100248653,12.471071424181,0.219514959440457
2014,4,25,0.253010660409927,0,1.91389921414884,9.13649632756642,0.231307082288847
2014,4,26,0,0,0.148633128159418,4.71317503418322,0.247181109931525
2014,4,27,0.0348486863076687,0,0.0165532635983254,8.95058013426387,0.274393709438054
2014,4,28,2.88832902908325,0,1.23152728831701,15.0609270388777,0.308409452062892
2014,4,29,3.66877889633179,0,3.12413142444711,15.1410150136253,0.344692909060501
2014,4,30,0.920609533786774,0,1.97173871399355,14.2193100657205,0.385511821836937
2014,5,1,0.000111692017526366,0,0.474948088176461,25.0963194632277,0.446740163968304
2014,5,2,1.32462873807526e-05,0,6.85924205754418e-05,39.0945892145537,0.571464562603808
2014,5,3,1.16222145152278e-06,0,6.29186615697108e-06,41.8803868347786,0.707527533103162
2014,5,4,0.516628265380859,0,0.264200897498085,40.0254484237194,0.888944899191068
2014,5,5,0.000508573837578297,0,0.252106857158651,40.9180945413355,1.09984249805841
2014,5,6,0.408087074756622,0,0.204202619668649,34.4060331796245,1.378771636242
2014,5,7,0.0425650179386139,0,0.224677731002885,4.48127111099893,1.4513386043038
2014,5,8,0.000687168329022825,0,0.0217840727309522,0,1.73707083153912
2014,5,9,0.563732862472534,0,0.211262918663124,0,2.19288190706508
2014,5,10,0.654792428016663,0,0.5777074915095,0,2.90267720860759
2014,5,11,8.90947437286377,0,4.7730672615362,0,3.42425205501046
2014,5,12,1.43841934204102,0,5.1721197106599,0,4.08188976377953
2014,5,13,4.70931959152222,0,2.70358019727792,0,4.30866141732284
2014,5,14,10.9229173660278,0,6.57202663557473,0,4.24063009427288
2014,5,15,2.18518280982971,0,5.49625519736219,0,2.90267720860759
2014,5,16,0.000795475149061531,0,1.15080712183772,0,2.58519676388718
2014,5,17,0.0160607006400824,0,0.00921426797503955,0,2.94803149606299
2014,5,18,1.05649864673615,0,0.53570521615984,0,3.62834645669291
2014,5,19,7.29694986343384,0,3.48207584947522,0,3.46960634246586
2014,5,20,4.95840835571289,0,6.26079381258751,0,2.67590555506428
2014,5,21,1.79046022891998,0,4.39301458234695,0,2.14979517178273
2014,5,22,2.38412261009216,0,2.31395750546653,0,1.75974808339998
2014,5,23,0.581738293170929,0,1.96205230434862,0,1.6577007744256
2014,5,24,0.05351921916008,0,0.449561429177265,0,1.6803779181533
2014,5,25,0.0150840943679214,0,0.0286309102630185,0,1.60100786103977
2014,5,26,0.00073390529723838,0,0.00562159793480532,-3.63797880709171e-12,1.78469288743387
2014,5,27,0.0156546477228403,0,0.0114878009007953,3.63797880709171e-12,2.09990556371494
2014,5,28,0.00167948100715876,0,0.00494828473529196,0,2.10670865276667
2014,5,29,0.0100650247186422,0,0.00847494019399164,0,2.06362213375062
2014,5,30,0.730696797370911,0,0.144262493271526,0,3.01606303537924
2014,5,31,0.629816889762878,0,0.646408891556348,0,3.28818897637795
2014,6,1,0.900880932807922,0,0.758660939718538,0,2.67590555506428
2014,6,2,3.53417086601257,0,2.68552158003513,0,1.92529128667876
2014,6,3,10.2670469284058,0,8.440453275256,0,2.03187402439868
2014,6,4,6.57233619689941,0,9.53316269026618,0,2.85732292115219
2014,6,5,0.121608600020409,0,3.94369957416347,0,2.92535424420214
2014,6,6,0.0240848045796156,0,0.0932569480501115,0,2.99338578351839
2014,6,7,2.09085631370544,0,0.787050445534987,0,2.99338578351839
2014,6,8,0.708848714828491,0,1.22274011523768,0,2.90267720860759
2014,6,9,0.317740738391876,0,0.434306639614078,0,2.69858259065883
2014,6,10,0.681904733181,0,0.60333823547262,0,2.51716544083723
2014,6,11,0.984984159469604,0,0.928881846008153,0,2.69858259065883
2014,6,12,1.45596563816071,0,1.3293671240026,0,2.76661412997509
2014,6,13,1.25932884216309,0,1.30869927045569,0,2.65322830320343
2014,6,14,0.0870646014809609,0,1.06273307581068,0,1.9774488794522
2014,6,15,0.714002549648285,0,0.400038375068107,0,1.98651973694328
2014,6,16,1.04488706588745,0,0.930594160832698,0,2.25184258889026
2014,6,17,7.07496404647827,0,4.91102333325398,0,2.58519676388718
2014,6,18,4.00366497039795,0,6.14747490201989,0,2.05455127625953
2014,6,19,0.454368650913239,0,1.83631397233694,0,1.5851338063638
2014,6,20,10.4288425445557,0,7.20916897161078,0,1.57379528856653
2014,6,21,2.64920258522034,0,4.89835530835262,0,1.80056694210984
2014,6,22,10.8620367050171,0,8.29686465259147,0,1.71666145625077
2014,6,23,6.8503885269165,3.63797880709171e-12,8.46954642402125,3.63797880709171e-12,2.05228350782019
2014,6,24,4.40165138244629,-3.63797880709171e-12,5.93644161974589,-3.63797880709171e-12,3.33354326383335
2014,6,25,2.34301805496216,0,3.98369523785004,0,3.56031491737666
2014,6,26,0.432970553636551,0,1.51402013015831,0,2.67590555506428
2014,6,27,0.10994229465723,0,0.344878688636527,0,2.08856693778451
2014,6,28,2.02650856971741,0,1.12637489263216,0,2.07496054341474
2014,6,29,10.3983459472656,0,3.95870755413853,0,2.85732292115219
2014,6,30,1.11307215690613,0,8.02292581705842,0,3.3108662282388
2014,7,1,0.164488345384598,0,0.95388189195728,0,3.2655117245171
2014,7,2,2.90173983573914,0,1.40527248253056,3.63797880709171e-12,2.69858259065883
2014,7,3,18.1661720275879,0,10.0362114010313,-3.63797880709171e-12,3.0840945746955
2014,7,4,30.3541946411133,0,21.9261450828089,0,5.80535441721518
2014,7,5,10.355959892273,0,23.4918620220633,0,10.0006295752338
2014,7,6,0.0159700904041529,0,7.5733508764024,0,4.33133866918369
2014,7,7,1.53992199897766,0,0.561504866767791,0,3.51496062992126
2014,7,8,2.16011071205139,0,1.61905033975927,0,3.85511811023622
2014,7,9,0.662716805934906,0,1.80585200737914,0,4.03653526005783
2014,7,10,0.0029688139911741,0,0.436158440599684,0,3.1748031496063
2014,7,11,1.75148916244507,0,1.16117675447458,-3.63797880709171e-12,2.85732292115219
2014,7,12,7.26742935180664,0,6.07299156405861,3.63797880709171e-12,2.92535424420214
2014,7,13,3.86340522766113,0,6.14511690237123,0,3.40157480314961
2014,7,14,1.25389409065247,0,3.56587838077394,0,2.85732292115219
2014,7,15,0.213440790772438,0,1.17860848171767,0,2.47181093711553
2014,7,16,0,0,0.089636769855133,0,2.08403140090582
2014,7,17,0.612909853458405,0,0.507126883705496,0,2.02053539846826
2014,7,18,1.11554872989655,0,1.01879372558324,0,2.07496054341474
2014,7,19,0.998087465763092,0,1.07513876778467,0,2.01826763002891
2014,7,20,1.55599236488342,0,1.47832696527257,0,1.83911803238035
2014,7,21,0.658647060394287,0,1.3574754620895,0,1.7461416890302
2014,7,22,0.0361136458814144,0,0.500479011891002,0,1.63275586225855
2014,7,23,0.0584567822515965,0,0.0512834034052503,0,1.51029917799582
2014,7,24,0.746135771274567,0,0.149854670093191,0,1.4286614605761
2014,7,25,3.25400757789612,0,1.21332480029014,0,1.37423620749646
2014,7,26,8.73075008392334,0,6.22514788333137,0,1.42185826339121
2014,7,27,4.94238567352295,0,7.94245178267011,0,1.38784249373308
2014,7,28,4.39097166061401,0,5.10534412008929,0,1.33114958034726
2014,7,29,8.30784416198731,0,7.37404379143482,0,1.34475586658388
2014,7,30,2.96357846260071,0,6.59219347823819,0,1.35382672407496
2014,7,31,0.217091083526611,0,1.31603153593824,0,1.37423620749646
2014,8,1,0.00841297954320908,0,0.107435066838661,0,1.22229918232114
2014,8,2,0,0,0.0202509672017186,0,1.12251964178611
2014,8,3,0.165438085794449,0,0.142025553406711,0,1.05448821060301
2014,8,4,1.47620439529419,0,0.445964342470688,0,1.02500786969042
2014,8,5,1.43388867378235,0,1.37916222868807,0,0.993259868471641
2014,8,6,0.39797243475914,0,0.837433128832345,0,0.956976330374169
2014,8,7,0.270153343677521,0,0.326113983046525,0,0.929763757900929
2014,8,8,0.818395614624023,0,0.591543536895188,0,0.904818899800458
2014,8,9,2.74548435211182,0,1.93575955681081,0,0.898015756682148
2014,8,10,4.99237012863159,0,4.53241641852583,-3.63797880709171e-12,0.990992100032296
2014,8,11,11.9024972915649,0,10.4682634576675,3.63797880709171e-12,1.0567558709092
2014,8,12,12.6113634109497,0,12.0750288024319,0,1.8617952842412
2014,8,13,2.99784636497498,0,9.30861292748159,0,1.57379528856653
2014,8,14,4.87163782119751,0,3.42480583598081,0,1.37196854719027
2014,8,15,5.67679500579834,0,5.20890443629833,0,1.41505506620632
2014,8,16,3.76589250564575,0,5.06287047677688,0,1.77562202994279
2014,8,17,4.53059387207031,0,4.16476739112113,-3.63797880709171e-12,1.55565357358437
2014,8,18,3.49453163146973,0,3.66711433534874,3.63797880709171e-12,1.38557483342689
2014,8,19,3.7072024345398,0,3.57147999072913,0,1.26311814916415
2014,8,20,1.5799800157547,0,2.64927728020848,0,1.24270866574265
2014,8,21,0.58871203660965,0,1.39635948893192,0,1.20869289608452
2014,8,22,0.653558135032654,0,0.685415613334044,0,1.10891335554949
2014,8,23,0.1755580753088,0,0.397174591384101,0,1.05222044216366
2014,8,24,5.36654615402222,0,3.53177456879348,0,1.08396855151559
2014,8,25,1.24133253097534,0,4.08331922380603,0,1.21096066452387
2014,8,26,1.5214968919754,0,1.37271062441869,0,1.16560626893532
2014,8,27,0.33645099401474,0,1.15281009131286,0,1.22456695076049
2014,8,28,0.878685832023621,0,0.743182342223008,0,1.10437792680395
2014,8,29,0.0888270437717438,0,0.618729996287584,0,1.07943312277005
2014,8,30,0.978610575199127,0,0.632257226468937,3.63797880709171e-12,1.04541735311193
2014,8,31,6.52393102645874,0,2.170639415388,-3.63797880709171e-12,1.07489758589136
2014,9,1,7.01330423355103,0,6.5920580209131,0,1.34929129532942
2014,9,2,3.6592481136322,0,6.13691328710411,0,1.44907083586445
2014,9,3,2.16020250320435,0,3.21584795335002,0,1.32888192004106
2014,9,4,5.46116161346436,0,4.95303608763425,0,1.29486615038294
2014,9,5,24.5319576263428,0,12.7829879639685,0,1.67584248940776
2014,9,6,21.3611888885498,0,21.9993362419446,0,3.58299216923751
2014,9,7,11.8842239379883,0,19.3623868635186,0,3.51496062992126
2014,9,8,1.16607129573822,0,8.81616190875138,0,2.67590555506428
2014,9,9,0.119593255221844,0,0.790652414434589,0,2.19741722767747
2014,9,10,1.87049114704132,0,0.445812231369928,0,1.91395266074834
2014,9,11,3.37373161315918,0,2.40932305116439,0,1.89127562515379
2014,9,12,1.95161187648773,0,2.90384543954133,0,1.82097631739819
2014,9,13,1.51007854938507,0,1.91833673137808,0,1.68718111533818
2014,9,14,0.0846838057041168,0,1.07068106744191,0,1.57833071731207
2014,9,15,0.984897792339325,0,0.340461614312517,0,1.50122832050474
2014,9,16,0.124251753091812,0,0.533676495986583,3.63797880709171e-12,1.43999997837337
2014,9,17,0.680082321166992,0,0.553323062566051,-3.63797880709171e-12,1.37650397593581
2014,9,18,4.13496732711792,0,1.21853074594401,0,1.32207872285618
2014,9,19,4.36266613006592,0,3.90100154943502,0,1.29713381068913
2014,9,20,5.07369184494019,0,4.85160734016245,0,1.32434649129552
2014,9,21,40.2816925048828,0,20.4644337960453,0,1.48535437396192
2014,9,22,17.0014038085938,0,25.6457129023838,0,2.38110236220472
2014,9,23,0.0865738764405251,0,7.31721848884627,0,1.92755905511811
2014,9,24,0.00114954228047282,0,0.0283817070630903,0,1.62595277320682
2014,9,25,0.542460799217224,0,0.0812963854477857,0,1.44680317555826
2014,9,26,9.20303153991699,0,2.48048358167944,0,1.35382672407496
2014,9,27,15.1861658096313,0,10.0667122272062,0,1.5624566626361
2014,9,28,9.89359283447266,0,12.4015549965588,0,1.7007874015748
2014,9,29,4.98263311386108,0,8.05367592867697,0,1.81190545990711
2014,9,30,6.88261079788208,0,5.31341800097653,0,1.66677163191668
2014,10,1,1.62150502204895,0,4.42870239109107,0,1.58286614605761
2014,10,2,2.52233791351318,1.26116674973673,0.810753929821658,0,1.45814169335553
2014,10,3,13.1437931060791,1.26116945513422,6.57189395589376,2.52233601594344,1.48308660552258
2014,10,4,14.2520332336426,0,13.6979125427097,0,2.02733848751999
2014,10,5,12.3007574081421,0,12.8758387051821,0,1.90941734013595
2014,10,6,13.6177968978882,0,13.1390135859801,0,1.74160626028466
2014,10,7,0.169819846749306,0,7.04000477328009,0,1.5624566626361
2014,10,8,0.343782305717468,0.145059521928488,0.111740976615692,0,1.43546454962783
2014,10,9,14.5786733627319,7.4335694632573,0.0268337759953283,0,1.30393700787402
2014,10,10,13.4455699920654,7.28933817324287,6.72278362011639,10.5192247191117,1.63048820195236
2014,10,11,4.36752414703369,0,8.88931880221207,4.40240846635061,1.70759059875969
2014,10,12,3.09835457801819,0,4.16405795501123,0,1.6123464869702
2014,10,13,5.78335428237915,0,4.17327760306944,0,1.50122832050474
2014,10,14,9.71949100494385,0,6.49914550404719,0,1.48308660552258
2014,10,15,2.98859190940857,0,6.37960060572004,0,1.39918111966351
2014,10,16,1.02144682407379,0,2.2841599150488,0,1.3356850090928
2014,10,17,0,0,0.88451238705602,0,1.27445666696143
2014,10,18,4.788254737854,0,2.09380715596853,0,1.2404408973033
2014,10,19,11.5216608047485,0,7.86884238867788,0,1.22229918232114
2014,10,20,4.93204498291016,0,9.66947187254482,0,1.22683461106668
2014,10,21,3.49931621551514,0,4.94491377710074,0,1.24497632604884
2014,10,22,2.37989974021912,0,3.40212802230963,0,1.1950866098479
2014,10,23,4.62174558639526,0.139397504812223,3.36532938911114,0.139397504812223,1.02500786969042
2014,10,24,0.0106365159153938,0.144716380691534,2.17147596895666,0.139398125742446,0.922960668849194
2014,10,25,0.400901466608048,0.205782671429915,0,0,0.852661415160172
2014,10,26,3.01125526428223,1.70615647856903,0,0,0.811842502383735
2014,10,27,2.93385195732117,2.98956607243963,0,0,0.784629929910495
2014,10,28,1.7031809091568,2.29511919501601,0,0,0.771023643673874
2014,10,29,2.93970775604248,2.29371703429206,0,0,0.768755929301104
2014,10,30,5.42283964157105,4.19969920808217,0,0,0.777826786792184
2014,10,31,5.70071744918823,5.5408621685674,0,0,0.786897644283265
2014,11,1,6.76583242416382,6.18252285107519,0,0,0.798236216147115
2014,11,2,4.16135120391846,5.56239713568721,0,0,0.807307073638195
2014,11,3,1.04115426540375,2.69912690437559,0,0,0.805039359265425
2014,11,4,1.53815746307373,1.15977239780113,0,0,0.802771644892655
2014,11,5,2.38784766197205,1.83948347040496,0,3.63797880709171e-12,0.798236216147115
2014,11,6,2.02770590782166,2.10655574865086,0,-3.63797880709171e-12,0.795968501774345
2014,11,7,0.89461088180542,1.34563319527661,0,0,0.786897644283265
2014,11,8,5.34471940994263,3.04488263071107,0,0,0.775559072419414
2014,11,9,0.779798805713654,3.05865945783808,0,0,0.761952732116219
2014,11,10,1.16344964504242,1.06880007564178,0,0,0.750614160252368
2014,11,11,1.0833295583725,1.11584860965013,0,0,0.737007874015748
2014,11,12,1.73640418052673,1.45071244435894,0,0,0.725669302151898
2014,11,13,0,0.857035426251969,0,0,0.714330730288048
2014,11,14,3.54455208778381,1.68173384252077,0,0,0.702992104357622
2014,11,15,0.0546636283397675,1.87662284517501,0,0,0.691653532493772
2014,11,16,0.232997253537178,0.167093614058103,0,0,0.680314960629921
2014,11,17,0.043877374380827,0.149392916049692,0,0,0.668976388766071
2014,11,18,1.82052302360535,1.13332912265105,0,0,0.657637816902221
2014,11,19,0.438618034124374,1.26942688997951,0,0,0.646299190971795
2014,11,20,0.909329235553741,0.504188297902147,0,0,0.637228333480715
2014,11,21,4.88231611251831,2.73200904064652,0,0,0.625889761616865
2014,11,22,2.06760382652283,3.48963552877467,0,0,0.616818904125784
2014,11,23,0.905649960041046,1.67297498343032,0,-3.63797880709171e-12,0.605480332261934
2014,11,24,0.577897012233734,0.723991260794719,0,3.63797880709171e-12,0.596409474770854
2014,11,25,0.326309949159622,0.474236367750564,0,0,0.587338563213198
2014,11,26,0.00874644704163075,0.247839102048602,0,0,0.578267705722118
2014,11,27,1.28925883769989,0.421106717363728,0,0,0.566929133858268
2014,11,28,0.0341317094862461,0.840340803555591,0,0,0.557858276367187
2014,11,29,0.626541137695313,0.430461703537731,0,0,0.548787418876107
2014,11,30,1.67144823074341,0.890705682504631,0,0,0.539716561385027
2014,12,1,0.518714070320129,0.944164064112556,0,0,0.530645649827371
2014,12,2,0.83697921037674,0.761316317690216,0,0,0.519307077963521
2014,12,3,0.679745674133301,0.739431725753093,0,0,0.510236220472441
2014,12,4,1.0870726108551,0.845426588213741,0,0,0.501165362981361
2014,12,5,0.050875797867775,0.640151072639128,0,0,0.492094505490281
2014,12,6,0.224354267120361,0.14580079426014,0,0,0.4830236479992
2014,12,7,4.96327972412109,2.61613589619083,0,3.63797880709171e-12,0.473952736441545
2014,12,8,9.41236972808838,7.03002471542641,0,-3.63797880709171e-12,0.467149593323235
2014,12,9,7.13251924514771,8.30123185955745,0,0,0.458078735832154
2014,12,10,1.32515215873718,4.53682675471646,0,0,0.451275592713844
2014,12,11,2.69929981231689,1.70057636609636,0,0,0.444472449595534
2014,12,12,3.6441605091095,3.13325554142648,0,0,0.437669279443936
2014,12,13,3.50375437736511,3.59270422460395,0,0,0.433133850698396
2014,12,14,6.01381397247315,4.55796888461919,0,0,0.426330707580086
2014,12,15,8.67014122009277,6.93934546001401,0,0,0.421795278834546
2014,12,16,2.86049246788025,6.14955181119149,0,0,0.414992135716236
2014,12,17,2.36681699752808,2.6161059843871,0,0,0.410456679937408
2014,12,18,2.34962439537048,2.36138973153356,0,0,0.403653536819098
2014,12,19,1.7866837978363,2.0715596966802,0,0,0.399118108073557
2014,12,20,1.2581639289856,1.60052894711407,0,0,0.394582679328017
2014,12,21,0.740499019622803,1.15919886941992,0,0,0.390047250582477
2014,12,22,0.954605102539062,0.889641921919974,0,0,0.385511821836937
2014,12,23,0.914235949516296,0.936096115041437,0,0,0.380976366058109
2014,12,24,0.0796912610530853,0.808309759897384,0,0,0.376440937312569
2014,12,25,0.461853295564652,0.336742767802207,0,0,0.371905508567029
2014,12,26,1.96992111206055,1.23995180859492,-3.63797880709171e-12,0,0.367370079821489
2014,12,27,0.726757764816284,1.24328647906077,3.63797880709171e-12,0,0.362834651075949
2014,12,28,0.00927960034459829,0.385824749904714,0,0,0.358299222330409
2014,12,29,0.00473701022565365,0.00814248483948177,0,0,0.353763766551581
2014,12,30,0.642752826213837,0.361904006891564,3.63797880709171e-12,0,0.349228337806041
2014,12,31,3.94378995895386,1.9084749312824,-3.63797880709171e-12,0,0.344692909060501
2015,1,1,11.0735168457031,7.43069313097658,0,0,0.340157480314961
2015,1,2,3.63209939002991,7.35543724625677,0,0,0.337889765942191
2015,1,3,0,2.04700652003157,3.63797880709171e-12,0,0.33335433719665
2015,1,4,0.00289335986599326,0.000409563082939712,-3.63797880709171e-12,0,0.32881890845111
2015,1,5,0.00447136629372835,0.00279997715188074,0,0,0.324283452672283
2015,1,6,0.152111023664474,0.0251974137718207,0,0,0.319748023926742
2015,1,7,0.0978252291679382,0.120699293056532,0,0,0.315212595181202
2015,1,8,0.0632408186793327,0.079527257992595,0,0,0.310677166435662
2015,1,9,0.0362449027597904,0.0493350101787655,0,0,0.306141737690122
2015,1,10,0.901551187038422,0.493774975824636,-3.63797880709171e-12,0,0.301606308944582
2015,1,11,3.97063612937927,1.99077977261186,0,0,0.297070853165754
2015,1,12,3.11477446556091,3.37991939893254,3.63797880709171e-12,0,0.292535424420214
2015,1,13,0.836655259132385,2.54361888043422,0,0,0.287999995674674
2015,1,14,6.00399827957153,0.73829880327321,2.68359192930438,0.87584009650891,0.283464566929134
2015,1,15,5.35358572006226,0.321560128504643,5.36045472151818,3.54377594193647,0.278929138183594
2015,1,16,8.0673885345459,1.08777578683657,5.58422761471957,3.16149344293081,0.274393709438054
2015,1,17,4.69911479949951,1.55090396233209,5.07064986950354,1.15310433850755,0.269858280692514
2015,1,18,2.2022430896759,1.416487321163,2.03832053429142,0.799171735314303,0.265322824913686
2015,1,19,5.30219602584839,3.26917760678771,0,0,0.263055110540916
2015,1,20,11.7947025299072,8.65537489604685,0,0,0.258519681795376
2015,1,21,20.0622005462647,15.5719015202194,0,0,0.256251967422605
2015,1,22,11.9519596099854,16.3614506323574,0,0,0.251716538677065
2015,1,23,6.95881843566895,5.97597840693197,3.47941003180677,5.63879826934863,0.249448824304295
2015,1,24,5.08242559432983,0,6.03393003542442,7.47220367368936,0.244913395558755
2015,1,25,3.57155776023865,1.78080281151779,2.54829388056169,1.78360799025177,0.242645681185985
2015,1,26,0.609455287456513,2.22161243539813,0,3.63797880709171e-12,0.238110225407157
2015,1,27,0.218659996986389,0.338941197129316,0,-3.63797880709171e-12,0.235842511034387
2015,1,28,4.06820058822632,1.1384938337651,0,0,0.233574796661617
2015,1,29,2.52556991577148,3.48076637277336,0,0,0.229039367916077
2015,1,30,0.00106683140620589,1.87332496956151,0,0,0.226771653543307
2015,1,31,0.0448177643120289,0.0600298239551194,0,0,0.224730707904485
2015,2,1,0,0.0259328014435596,0,0,0.222916530999612
2015,2,2,0.0671509504318237,0.0388327060136362,0,0,0.221102367611382
2015,2,3,0,0.0280835768098768,0,0,0.219288190706508
2015,2,4,0.00312939588911831,0.00180969755092519,0,0,0.217700782535583
2015,2,5,0,0.00288364958032616,0,0,0.215886619147353
2015,2,6,0.429803490638733,0.250126372950035,0,0,0.214752761960968
2015,2,7,0.0392120182514191,0.378585550690332,0,0,0.213392122523991
2015,2,8,0.458855181932449,0.245930230095837,0,0,0.212258265337606
2015,2,9,0.839857757091522,0.574003981768328,0,0,0.210897639417273
2015,2,10,3.98583507537842,1.43720759081407,0,0,0.209763782230888
2015,2,11,0.986985564231873,2.90630648688602,0,0,0.208629925044503
2015,2,12,4.53538846969605,2.95020425248003,0,0,0.207722836592066
2015,2,13,8.01210689544678,5.43716717021744,0,0,0.206815748139629
2015,2,14,5.44921779632568,6.9733545449526,0,0,0.205908659687192
2015,2,15,0.28452730178833,2.59187370225482,0,-3.63797880709171e-12,0.205001571234756
2015,2,16,1.57330739498138,1.25253459880696,0,3.63797880709171e-12,0.204094482782319
2015,2,17,0.599685072898865,0.78665459419426,0.299842194654048,2.93631258229652,0.203187407846526
2015,2,18,0.967951118946075,0.0640851617972658,0.719514183561842,3.74285116551982,0.202280319394089
2015,2,19,0.0403165780007839,0.0841980600744137,0.418653902150254,0.801779960849672,0.201599999675601
2015,2,20,0.930737316608429,0.485869785341492,0,0,0.201146462207704
2015,2,21,0.943098843097687,0.940838185317261,0,0,0.200466142489216
2015,2,22,2.80156755447388,0.471549199519359,1.40078443676612,1.2673951784127,0.199785822770727
2015,2,23,0.21398563683033,0,1.50561546697281,10.7321606253136,0.199332285302831
2015,2,24,0.212281838059425,0.106663052949443,0.106466493791231,9.4046037909211,0.198651965584342
2015,2,25,0,0.105515192495659,0,0,0.197971659382497
2015,2,26,0.0628480091691017,0.0308091174447327,0,0,0.197518108397957
2015,2,27,0.00087041110964492,0.0397996746214631,0,0,0.196837788679468
2015,2,28,0,0.10718818227906,0,0,0.196384251211572
2015,3,1,1.57826042175293,1.31629456968221,0,0,0.195703931493083
2015,3,2,0,0.764228751988412,0,0,0.195250394025187
2015,3,3,0.17654025554657,0.0587614031646808,0,0,0.194570074306698
2015,3,4,1.76689183712006,1.18268307836479,0,0,0.193889768104854
2015,3,5,0.671260237693787,1.06551500042406,0,0,0.193436217120313
2015,3,6,0.0799610465764999,0.403504560938018,0,0,0.192982679652417
2015,3,7,0.415722727775574,0.166700755122292,0,0,0.192529128667876
2015,3,8,3.69554138183594,2.26052706017072,0,0,0.192302359933928
2015,3,9,2.60882902145386,2.96978329044578,0,0,0.191848822466032
2015,3,10,1.06164252758026,1.85834437759331,0,0,0.191395271481491
2015,3,11,7.09159088134766,4.62714641317507,0,0,0.191168502747543
2015,3,12,19.5550231933594,12.6739749758344,0,0,0.190714965279647
2015,3,13,9.49988174438477,15.7047914841278,0,0,0.190488183029055
2015,3,14,1.6100378036499,5.79236079589828,0,0,0.190034645561158
2015,3,15,0.533212780952454,1.44674866144851,0,0,0.189581108093262
2015,3,16,0.0563848167657852,0.4273021205845,0,0,0.18935432584267
2015,3,17,1.47921550273895,0.582877798333357,0,0,0.188900788374773
2015,3,18,0.0912458822131157,1.16277846329467,0,0,0.188674019640825
2015,3,19,0.0181949064135551,0.130414997493062,0,0,0.188220468656285
2015,3,20,2.11039042472839,0.28772232409392,0,0,0.187993699922336
2015,3,21,2.68745160102844,2.09195425451617,0,0,0.18754016245444
2015,3,22,2.6963152885437,2.69018968003729,0,0,0.187313380203848
2015,3,23,0.027828736230731,1.40581794048921,0,0,0.186859842735951
2015,3,24,0.00858426652848721,0.020266268402338,0,0,0.186633074002003
2015,3,25,1.94468653202057,0.966933261679515,0,0,0.186179523017463
2015,3,26,2.41411375999451,2.08268705387309,0,0,0.185952754283515
2015,3,27,0.699054539203644,1.19428940430589,0.34952759409498,1.74066395833142,0.185499216815618
2015,3,28,0.957912683486938,0.478752153896494,0.349676279463893,1.74140441852433,0.185272434565026
2015,3,29,2.83649730682373,0.47895678797795,1.41824733203612,2.25050562761317,0.18481889709713
2015,3,30,0.153212025761604,0,2.34017715603477,5.01658874893838,0.184592128363181
2015,3,31,1.92474985122681,0,1.07529175450327,5.63197477972426,0.184138577378641
2015,4,1,0.293375760316849,0.0225409098529781,1.10817447515365,2.76076024546273,0.183911808644693
2015,4,2,1.38040256500244,0.213809982989915,0.505382097104302,1.07718906526497,0.183685039910745
2015,4,3,0.0121514918282628,0.224524709734396,0.435873324287968,2.4732829334389,0.183458271176796
2015,4,4,0.209179371595383,0,0.0961040386828245,3.8052478267382,0.183458271176796
2015,4,5,0.034211490303278,0.0168830266120494,0.105951454152091,1.60300762211773,0.183231502442848
2015,4,6,0.0979887098073959,0.0666779023849813,0,0,0.183231502442848
2015,4,7,2.14199209213257,0.0493313853003201,1.06362870291559,4.119377595689,0.183685039910745
2015,4,8,5.06657552719116,0,3.60880244887085,9.29092178155042,0.184365359629233
2015,4,9,9.44738578796387,1.23860770491228,5.93494597918834,5.74406345298849,0.185045665831078
2015,4,10,5.83925914764404,3.44103823704427,4.1914199656967,0.4219629810068,0.185725985549566
2015,4,11,2.72205805778503,3.4836838915362,0.74638603551648,0,0.184592128363181
2015,4,12,1.79604816436768,2.24017865921633,0,0,0.18754016245444
2015,4,13,0.459411561489105,1.13552612113926,0,0,0.187313380203848
2015,4,14,3.38018465042114,1.90047169165337,0,0,0.18980787682721
2015,4,15,4.24177122116089,2.05244425541605,1.75853381315756,0.700263052138325,0.190941734013595
2015,4,16,6.52565288543701,0.363400241923955,5.01700938288923,3.35924986042301,0.191848822466032
2015,4,17,1.65921890735626,3.63797880709171e-12,4.134280264876,6.76393261592966,0.192755910918469
2015,4,18,0.354752421379089,0,1.02207426477253,5.76720411286806,0.193662985854262
2015,4,19,0.921334147453308,0,0.636558647656784,15.0568742826727,0.194570074306698
2015,4,20,1.92033958435059,0,1.44615504314788,24.464245102914,0.195703931493083
2015,4,21,0.769929587841034,0.391677799489116,0.943426377547439,10.8617865845627,0.19661101994552
2015,4,22,0.00228331447578967,0.398575248687848,-3.63797880709171e-12,-7.27595761418343e-12,0.197518108397957
2015,4,23,0.00478903390467167,0.0035028737547691,3.63797880709171e-12,3.63797880709171e-12,0.201373230941652
2015,4,24,0.0102046420797706,0.00237442790603382,0.00514512748850393,5.32354345119529,0.21180472786971
2015,4,25,0.00474968645721674,0,0.00763961357370135,13.3477886890068,0.223823619452048
2015,4,26,0.664744436740875,0,0.241074458808725,16.8198557807882,0.251716538677065
2015,4,27,0.0752134174108505,0,0.397686709336995,16.2160479951162,0.269858280692514
2015,4,28,4.09934329986572,0.968059927956347,1.15984985637624,7.23768431525241,0.265322824913686
2015,4,29,0.414759755134583,0.926682454806723,1.28723747652839,5.53383187604413,0.256251967422605
2015,4,30,0.14669181406498,0,0.283852982985991,7.59923972748948,0.269858280692514
2015,5,1,0.433338761329651,0,0.285564404039178,8.61299106876686,0.285732281301904
2015,5,2,0.522173762321472,0,0.471019652777613,16.1166943541539,0.319748023926742
2015,5,3,0,0,0.307639319435111,21.3458559206047,0.356031507957639
2015,5,4,0.0415191538631916,0,0.0230570062121842,21.6317325117852,0.378708651685339
2015,5,5,1.42233457154362e-05,0,0.0231804903705779,19.7105078200802,0.387779536209707
2015,5,6,3.68635737686418e-05,0,2.38382854149677e-05,22.5672136209032,0.383244107464167
2015,5,7,0.0637061297893524,0,0.03155714712193,27.1870683526868,0.446740163968304
2015,5,8,0.771368801593781,0,0.417137281088799,33.8710564063513,0.544251990130567
2015,5,9,0.856485724449158,0,0.813107566573308,43.1829050481501,0.857196843905712
2015,5,10,0.453041642904282,0,0.656682075914432,40.4562638788557,1.07489758589136
2015,5,11,0.967925488948822,0,0.70848532715172,38.7487404645181,1.04768501341812
2015,5,12,0.115295603871346,0,0.54191428984268,0.735891339190857,0.981921242541216
2015,5,13,0.0123736830428243,0,0.0639138919432298,0,1.13159049927719
2015,5,14,0,0,0.00620020490168827,0,1.71666145625077
2015,5,15,0.00111068598926067,0,0.000556436487386236,0,2.35842511034387
2015,5,16,0.000358579243766144,0,0.000730242962163175,0,3.71905503160372
2015,5,17,0.000795329455286264,0,0.000575696212763432,0,4.46740174781619
2015,5,18,0.0622171647846699,0,0.0316961926037038,0,4.05921251191868
2015,5,19,0.269395262002945,0,0.163722653174773,0,4.24063009427288
2015,5,20,0.0157242584973574,0,0.144262615471234,0,4.19527559055118
2015,5,21,0.00583746377378702,0,0.010763989375846,0,3.92314943328617
2015,5,22,0.0165406875312328,0,0.0111535166033718,0,4.8302360474594
2015,5,23,0.052637055516243,0,0.0357446408161195,0,4.7848819762703
2015,5,24,0.0131368627771735,0,0.0330697677272838,0,5.48787418876107
2015,5,25,0.00423019612208009,0,0.00871622790145921,3.63797880709171e-12,4.21795284241203
2015,5,26,1.74465990066528,0,0.730291979292815,-3.63797880709171e-12,3.28818897637795
2015,5,27,6.12503576278687,0,4.28172550936142,0,2.74393709438054
2015,5,28,0.230803117156029,0,4.01860915648285,0,2.42645664966013
2015,5,29,0.037728738039732,0,0.216468794384127,0,2.58519676388718
2015,5,30,1.23385775089264,0,0.467943295130681,0,2.47181093711553
2015,5,31,1.2566534280777,0,1.22133344922622,0,2.76661412997509
2015,6,1,0.625416994094849,0,0.727453521914868,0,2.29039378729392
2015,6,2,0,0,0.214862541048205,0,2.2087558536079
2015,6,3,1.22167313098907,0,1.01572344217493,0,2.08629916934517
2015,6,4,5.91195297241211,0,1.93154725186469,0,1.77788979838214
2015,6,5,7.37193155288696,0,5.88093416623451,0,1.55565357358437
2015,6,6,1.57769954204559,0,3.93728779283993,0,1.39011026217243
2015,6,7,3.71405529975891,0,1.86370046412048,0,1.26992123821589
2015,6,8,0.615122675895691,0,2.6468565070245,0,1.17921255517194
2015,6,9,0.828859567642212,0,0.727583371819492,0,1.05902363934855
2015,6,10,0.324083507061005,0,0.473256158918957,0,0.979653582235021
2015,6,11,1.04444813728333,0,0.875659206878481,0,0.995527528777836
2015,6,12,0.647978961467743,0,0.721094963257201,0,0.981921242541216
2015,6,13,2.28139781951904,0,0.900305756960734,0,1.16787403737466
2015,6,14,0.0564989894628525,0,1.70843316455284,0,1.36743311844473
2015,6,15,0.00196857610717416,0,0.153863851926872,0,1.46040946179488
2015,6,16,2.86380577087402,0,1.73228647606811,3.63797880709171e-12,1.52163780392624
2015,6,17,3.979496717453,3.63797880709171e-12,3.70575977900444,-3.63797880709171e-12,1.72799997404804
2015,6,18,7.56574821472168,-3.63797880709171e-12,4.54343331497512,0,2.23823619452048
2015,6,19,2.94291687011719,0,5.68866090492884,0,1.92982682355746
2015,6,20,0.14420060813427,0,0.738434379767568,0,1.6350236306979
2015,6,21,0.607686698436737,0,0.329415470579988,0,1.52844089297798
2015,6,22,2.46997666358948,0,1.44002124607141,0,1.48535437396192
2015,6,23,5.01951169967651,0,3.90886992729065,0,1.43319688932164
2015,6,24,0.249926641583443,0,1.55965126388037,0,1.3583621528205
2015,6,25,1.21270680427551,0,0.391103121557535,0,1.23137003981222
2015,6,26,1.0752044916153,0,1.07753917196533,0,1.41959060308501
2015,6,27,1.88664531707764,0,1.46599718935249,0,1.51256694643516
2015,6,28,0.725151658058167,0,1.28943106564839,-3.63797880709171e-12,1.22910237950603
2015,6,29,2.35838413238525,0,1.58775881221663,3.63797880709171e-12,1.14746455395316
2015,6,30,0.936551928520203,0,1.58591333592631,0,1.11798421304057
2015,7,1,6.94663572311401,0,5.10288217760171,0,1.01820467250554
2015,7,2,12.6412763595581,0,8.14944725947498,0,1.01366924376
2015,7,3,3.19460821151733,0,7.51505857223674,0,1.03861415592704
2015,7,4,0.0101481908932328,0,1.49362835453212,0,0.950173241322435
2015,7,5,0.0163108538836241,0,0.011993157586403,0,0.879874041699988
2015,7,6,0.0472079142928124,0,0.0353271361236693,0,0.825448842686931
2015,7,7,0.125015929341316,0,0.109408741096559,0,0.807307073638195
2015,7,8,2.25407361984253,0,0.690221720378759,0,0.820913359874816
2015,7,9,2.46315312385559,0,2.22259329069129,0,0.809574788010965
2015,7,10,0.936540603637695,0,1.3367002311461,0,0.798236216147115
2015,7,11,3.53026175498962,0,1.43196050861661,0,0.768755929301104
2015,7,12,1.98804974555969,0,2.71118109684539,0,0.877606273260642
2015,7,13,3.76059627532959,0,2.27030063317216,0,1.08850398026113
2015,7,14,1.8314151763916,0,2.88233744616809,0,1.07262992558517
2015,7,15,0.75018846988678,0,1.63137378021202,0,0.950173241322435
2015,7,16,1.01356327533722,0,0.937814326072839,0,0.927496097594734
2015,7,17,1.43157386779785,0,1.33954082879427,0,0.823181128314161
2015,7,18,1.17080366611481,0,1.39611736612278,0,0.782362215537725
2015,7,19,1.96093249320984,0,1.41799115538379,0,0.732472445270208
2015,7,20,4.42583274841309,0,3.7024075401896,0,1.03181106687531
2015,7,21,1.26173067092896,0,3.69819435532918,0,1.00233072596272
2015,7,22,1.37901473045349,0,1.49256032557241,0,0.852661415160172
2015,7,23,4.27094221115112,0,2.11604050198366,0,0.798236216147115
2015,7,24,7.17112064361572,0,5.71639902607785,0,0.929763757900929
2015,7,25,1.74111986160278,0,4.60100579213759,0,1.26085038072481
2015,7,26,2.1298656463623,0,1.90319326817917,0,1.05448821060301
2015,7,27,5.41519260406494,0,2.86160766776811,0,1.03181106687531
2015,7,28,5.54244422912598,0,5.3065285454868,0,1.17014169768086
2015,7,29,0.547827363014221,0,4.75415990894908,0,1.16560626893532
2015,7,30,1.76373136043549,0,1.51331411150386,0,1.04995278185747
2015,7,31,2.09829211235046,0,1.81251769233131,0,1.02727563812977
2015,8,1,4.64611482620239,0,2.43443057592594,0,1.39237792247862
2015,8,2,5.83686399459839,0,4.71756975602693,0,1.57606294887272
2015,8,3,3.46164870262146,0,4.56378346152269,0,1.48535437396192
2015,8,4,0.00046159335761331,0,0.925262853575987,0,1.26992123821589
2015,8,5,0.0934994295239449,0,0.0290771405889245,0,1.14292912520762
2015,8,6,2.868891954422,0,1.44684863680595,0,1.10891335554949
2015,8,7,1.22198641300201,0,2.50259756962259,0,1.10891335554949
2015,8,8,0.115167453885078,0,0.735592290322529,0,1.08850398026113
2015,8,9,0.980736374855042,0,0.483912402305577,0,1.0114015834538
2015,8,10,3.44871187210083,0,2.71132142345232,0,0.975118153489481
2015,8,11,4.29008340835571,0,3.85888454586166,0,0.945637812576895
2015,8,12,3.41878223419189,0,4.09265935016083,0,0.977385813795675
2015,8,13,0.65242862701416,0,2.64268450571399,0,0.977385813795675
2015,8,14,0.0356037989258766,0,0.575121598412807,0,0.886677184818298
2015,8,15,0.0274047330021858,-3.63797880709171e-12,0.0982381788344355,-3.63797880709171e-12,0.836787414550781
2015,8,16,0.19114226102829,3.63797880709171e-12,0.144067509434535,3.63797880709171e-12,0.802771644892655
2015,8,17,5.02612209320068,0,1.54496842480512,0,0.793700787401575
2015,8,18,9.06350040435791,0,7.37929967493619,-3.63797880709171e-12,0.888944899191068
2015,8,19,3.67444539070129,0,5.97287944484197,3.63797880709171e-12,0.972850385050135
2015,8,20,5.17688465118408,0,4.22095335390259,0,1.26311814916415
2015,8,21,3.47268152236939,0,4.79736776143909,0,1.20869289608452
2015,8,22,13.7134695053101,0,8.84268031604006,0,1.09984249805841
2015,8,23,5.50495576858521,0,7.16989124174143,0,1.05902363934855
2015,8,24,4.10188436508179,0,4.47830497457835,0,1.00459838626892
2015,8,25,0.491692125797272,0,2.24207382451277,0,1.02727563812977
2015,8,26,0.566550433635712,0,0.516570112784393,0,0.952440901628629
2015,8,27,15.8395891189575,0,6.10448461404667,0,0.966047295998401
2015,8,28,11.2697134017944,0,14.4032521718982,0,1.9116851085753
2015,8,29,4.78379631042481,0,8.49642760023198,0,1.6803779181533
2015,8,30,10.1479825973511,0,6.43167733194787,0,1.54885037639948
2015,8,31,5.52195835113525,0,9.2344877648793,0,1.54431494765394
2015,9,1,0.828497707843781,0,3.70941212731123,0,1.54885037639948
2015,9,2,0.455952167510986,0,0.63739591074409,0,1.46040946179488
2015,9,3,0.00787841435521841,0,0.332647498664301,0,1.48762203426812
2015,9,4,1.57456159591675,0,0.946923462048289,0,1.55792123389056
2015,9,5,2.47802114486694,0,2.03770847536362,0,1.55111814483883
2015,9,6,0.759110569953919,0,2.01035468387272,0,1.51256694643516
2015,9,7,0.360836416482925,0,0.760855301097763,0,1.50803151768962
2015,9,8,0.520696759223938,0,0.466526570759015,-3.63797880709171e-12,1.53524409016286
2015,9,9,3.36322045326233,0,2.32387152937372,3.63797880709171e-12,1.48308660552258
2015,9,10,14.775502204895,0,8.77718600161825,-3.63797880709171e-12,1.94116544948788
2015,9,11,7.6215238571167,0,9.25051779624846,3.63797880709171e-12,3.2201574370617
2015,9,12,5.35446453094482,0,5.95299741295457,0,2.58519676388718
2015,9,13,1.84277045726776,0,3.60784356931617,0,2.19288190706508
2015,9,14,0.313186287879944,0,1.39712728108861,0,2.0023936834861
2015,9,15,1.20175659656525,0,0.893399090666208,0,1.95930716447004
2015,9,16,4.19821929931641,0,2.50776643007339,0,1.96837802196112
2015,9,17,5.6472430229187,0,4.58158568507133,0,2.0228031669076
2015,9,18,9.28155136108398,0,7.72409201649134,0,2.10217333215428
2015,9,19,3.28721976280212,0,5.57880361935531,0,1.86633060485359
2015,9,20,1.03286015987396,0,2.4438856955785,0,1.78922831617941
2015,9,21,0.174703314900398,0,0.878875693240843,0,1.72799997404804
2015,9,22,0.747984945774078,0,0.517681025987258,0,1.6554331141194
2015,9,23,0.378419578075409,0,0.623955568578822,0,1.57606294887272
2015,9,24,0.536392152309418,0,0.487371090064698,0,1.48988980270746
2015,9,25,0.958762109279633,0,0.658244031317736,0,1.41959060308501
2015,9,26,4.03229236602783,0,2.691573940745,0,1.3560944925143
2015,9,27,1.13575828075409,0,2.52776243949847,0,1.3560944925143
2015,9,28,0.761031091213226,0,1.02255617606716,0,1.46494489054042
2015,9,29,8.39776039123535,0,2.05573118018583,0,1.60327562947912
2015,9,30,7.14754247665405,0,7.77278583793668,0,2.29039378729392
2015,10,1,1.1255202293396,0,6.1883976125464,0,1.84365356925904
2015,10,2,0.68613612651825,0.343066228535463,0.70256204897305,0,1.55792123389056
2015,10,3,0.957823693752289,0.3430683318511,0.478911471909669,0.686133930306824,1.48308660552258
2015,10,4,0.224234163761139,0,0.808630715480831,0,1.42412603183055
2015,10,5,0.000493997882585973,0,0.161636112607084,0,1.34929129532942
2015,10,6,0.000324320018989965,8.4746989159612e-05,0.000325289594911737,0,1.27672443540078
2015,10,7,2.84682369232178,8.56328588270117e-05,1.6796383429355,0.000321222647471586,1.25177952323373
2015,10,8,7.56001234054565,0,6.50115646404811,0,1.30166923943467
2015,10,9,31.7546787261963,0,19.6573140088694,0,1.52844089297798
2015,10,10,11.5219764709473,3.63797880709171e-12,21.6391155631281,0,1.71439368781142
2015,10,11,15.4240036010742,-3.63797880709171e-12,14.5793058121817,0,1.44907083586445
2015,10,12,19.0340518951416,0,18.0948932633873,0,1.36062992125984
2015,10,13,1.36188399791718,0,12.3620110388656,0,1.26085038072481
2015,10,14,0.312895059585571,0,0.777432397844677,0,1.1724094661202
2015,10,15,3.2261221408844,0,0.950853812119021,0,1.12251964178611
2015,10,16,12.5562906265259,0,8.19013152968546,0,1.23363780825157
2015,10,17,7.65855884552002,0,9.17557317015962,0,1.52844089297798
2015,10,18,1.618656873703,0,4.78425102834081,0,1.50349608894408
2015,10,19,1.14443242549896,0,1.48765056803313,0,1.45587403304934
2015,10,20,2.76924800872803,0,1.78967841409758,0,1.28579529289186
2015,10,21,9.3621301651001,0,3.98306104047879,0,1.23363780825157
2015,10,22,2.98367071151733,0,5.60966378551893,0,1.18374798391748
2015,10,23,0.0624092407524586,0,1.28942670655306,0,1.11344878429503
2015,10,24,0.143311634659767,0,0.0910131853888743,0,1.0567558709092
2015,10,25,0.402982443571091,0,0.310442138303188,0,1.02047244094488
2015,10,26,0.118321537971497,0.0478373661753722,0.212822787932964,0,0.925228329155389
2015,10,27,0.947874426841736,0.521406279181974,0.011330516939779,0,0.956976330374169
2015,10,28,1.82779550552368,0.473937459533772,0.908002491352818,1.06583331054571,0.929763757900929
2015,10,29,1.12897527217865,0,1.34957505344573,0,0.898015756682148
2015,10,30,1.85211253166199,0.788349492624548,0.702193308748974,0,0.827716557059701
2015,10,31,3.80369830131531,2.68299880910854,0.138595061998785,0,0.811842502383735
2015,11,1,0.048564225435257,1.94493455168413,0,0,0.600944903516394
2015,11,2,0.43938010931015,0.23689424802069,0,0,0.791433073028805
2015,11,3,9.3747615814209,4.9308019618984,0,0,0.798236216147115
2015,11,4,3.18020248413086,6.27923035575441,0,0,0.777826786792184
2015,11,5,6.49528741836548,4.82629981019272,0,0,0.761952732116219
2015,11,6,7.15821123123169,6.72127384367195,0,0,0.746078731506828
2015,11,7,2.26428031921387,4.70999740839034,0,0,0.730204730897438
2015,11,8,1.49693584442139,1.84279603276082,0,0,0.716598444660818
2015,11,9,1.12026965618134,1.40451898808897,0,0,0.700724389984852
2015,11,10,2.35278534889221,1.86228957730418,0,0,0.687118103748231
2015,11,11,11.2697916030884,6.71414007831481,0,0,0.673511817511611
2015,11,12,14.3468990325928,12.6179643903342,0,-3.63797880709171e-12,0.659905531274991
2015,11,13,10.5358333587646,12.3355869140505,0,3.63797880709171e-12,0.646299190971795
2015,11,14,12.6876306533813,11.4127708041706,0,0,0.634960619107945
2015,11,15,4.5079288482666,8.81442465760119,0,0,0.623622047244095
2015,11,16,1.06365084648132,3.06058329922962,0,0,0.610015761007474
2015,11,17,0.254273474216461,0.71922813893616,0,0,0.598677189143624
2015,11,18,0.0362954325973988,0.183937665744452,0,0,0.587338563213198
2015,11,19,3.67537450790405,1.79789330230415,0,0,0.575999991349348
2015,11,20,9.8127613067627,6.56611416719898,0,0,0.564661419485498
2015,11,21,10.128885269165,4.90637800493641,5.06444536829076,2.15925428755872,0.555590561994417
2015,11,22,3.87094211578369,1.93764022705727,5.05876668669589,2.15683315025672,0.544251990130567
2015,11,23,0.132146149873734,2.45960537523933,3.63797880709171e-12,3.63797880709171e-12,0.535181078572912
2015,11,24,0.116339474916458,0.128725921826117,-3.63797880709171e-12,0,0.523842506709061
2015,11,25,0.289269030094147,0.189003001032688,0,0,0.514771649217981
2015,11,26,0.202921196818352,0.270789628371858,0,0,0.505700791726901
2015,11,27,5.17092418670654,2.26087336397177,0.728031785511121,0,0.496629934235821
2015,11,28,14.2074861526489,4.19489069261908,5.49431471407661,0.301172411840525,0.48755907674474
2015,11,29,18.6859493255615,9.88892739675794,6.56489456771305,0.300216891228047,0.478488165187085
2015,11,30,10.3571767807007,12.7840600494274,1.72599836139852,0,0.469417307696005
2015,12,1,3.20243430137634,7.35218020273896,0,0,0.462614164577694
2015,12,2,5.80571937561035,4.91124307942664,0,0,0.453543307086614
2015,12,3,1.63129270076752,3.76157665299615,0,0,0.444472449595534
2015,12,4,0.145033150911331,1.3835402237637,0,0,0.437669279443936
2015,12,5,0.0408204458653927,0.227998222140741,0,0,0.428598421952856
2015,12,6,0.297323882579803,0.0830082244247024,0,0,0.421795278834546
2015,12,7,0.00671373261138797,0.14594494580524,0,0,0.414992135716236
2015,12,8,5.48478221893311,2.06782392269088,0,3.63797880709171e-12,0.405921251191868
2015,12,9,4.43747568130493,5.27242539549116,0,-3.63797880709171e-12,0.399118108073557
2015,12,10,1.32222807407379,2.82919358910658,0,0,0.392314964955247
2015,12,11,1.08561837673187,1.1600775303159,0,0,0.385511821836937
2015,12,12,0.761053621768951,0.945996994320012,0,0,0.380976366058109
2015,12,13,2.35710406303406,1.12778571088347,0,0,0.378708651685339
2015,12,14,4.13014507293701,3.27496268210962,0,0,0.376440937312569
2015,12,15,2.61095070838928,3.13309088701499,0,0,0.371905508567029
2015,12,16,0.240445360541344,1.14085230065757,0,0,0.369637794194259
2015,12,17,1.36933171749115,0.952236139903107,0,0,0.365102365448719
2015,12,18,3.45849657058716,2.54943594944416,0,0,0.362834651075949
2015,12,19,3.17583417892456,3.3062455053805,0,0,0.360566936703179
2015,12,20,4.50228881835938,3.56862055070815,0,0,0.358299222330409
2015,12,21,6.04111671447754,4.71667598950444,0,0,0.353763766551581
2015,12,22,4.00878095626831,4.94424623919986,0,0,0.351496052178811
2015,12,23,1.0109224319458,3.34757911735505,0,0,0.349228337806041
2015,12,24,0.110291846096516,0.726151577902783,0,0,0.344692909060501
2015,12,25,3.09860420227051,1.09426503865325,0,0,0.342425194687731
2015,12,26,1.32202184200287,2.34889964834656,0,0,0.340157480314961
2015,12,27,1.13876748085022,1.28056870227374,0,0,0.337889765942191
2015,12,28,2.98188877105713,2.14244796407365,0,-3.63797880709171e-12,0.33335433719665
2015,12,29,0.18123796582222,0.88917600604691,0,3.63797880709171e-12,0.33108662282388
2015,12,30,1.37333464622498,1.08410285936407,0,0,0.32881890845111
2015,12,31,2.28868627548218,1.9164153688871,0,0,0.32655119407834
2016,1,1,5.07592058181763,3.81131981628641,0,0,0.324283452672283
2016,1,2,1.8387598991394,2.48711891085259,0,0,0.319748023926742
2016,1,3,0.64016717672348,0.863864078044571,0,0,0.317480309553972
2016,1,4,0.0160239692777395,0.227920300178084,0,0,0.315212595181202
2016,1,5,0.1034344881773,0.0563079660496442,0,0,0.312944880808432
2016,1,6,0.000262550689512864,0.0888532578646846,0,0,0.310677166435662
2016,1,7,0.155781641602516,0.0713003297205432,0,0,0.308409452062892
2016,1,8,0.912752389907837,0.74203324005066,0,0,0.306141737690122
2016,1,9,2.44769644737244,1.60989974396944,0,0,0.301606308944582
2016,1,10,2.48158001899719,2.45561540919516,0,0,0.299338594571812
2016,1,11,8.15052700042725,5.79378969158643,0,0,0.297070853165754
2016,1,12,1.68434619903564,4.89722855729997,0,0,0.294803138792984
2016,1,13,0.0677940845489502,1.3508614938437,0,0,0.292535424420214
2016,1,14,2.14529418945313,1.2888387488747,0,0,0.290267710047444
2016,1,15,1.21315741539001,1.55840492505376,0,0,0.287999995674674
2016,1,16,1.40045320987701,1.29578545947516,0,0,0.285732281301904
2016,1,17,2.8433530330658,1.66037607979524,0,0,0.283464566929134
2016,1,18,5.86409759521484,4.25085436943118,0,0,0.281196852556364
2016,1,19,6.92034435272217,6.52939654105285,0,0,0.278929138183594
2016,1,20,1.66495990753174,5.15956196310799,0,0,0.276661423810824
2016,1,21,9.97159194946289,5.01114920234249,0,-3.63797880709171e-12,0.274393709438054
2016,1,22,9.74191284179688,9.92377858339387,0,3.63797880709171e-12,0.272125995065284
2016,1,23,7.81017065048218,8.82783010122148,0,0,0.269858280692514
2016,1,24,5.99774503707886,6.87224046736083,0,0,0.267590539286456
2016,1,25,14.590482711792,9.17226114112782,0,0,0.265322824913686
2016,1,26,7.20601892471314,11.773652641321,0,0,0.263055110540916
2016,1,27,8.95165538787842,8.67256629608164,0,0,0.260787396168146
2016,1,28,11.5636959075928,10.9176395578397,0,0,0.258519681795376
2016,1,29,1.91016411781311,6.53733086101784,0,0,0.256251967422605
2016,1,30,1.08413887023926,1.70068889702816,0,0,0.253984253049835
2016,1,31,0.0926191732287407,0.523509388247476,0,0,0.251716538677065
2016,2,1,6.55704355239868,2.18186539879753,0,0,0.249448824304295
2016,2,2,7.95885848999023,7.30413531299564,0,-3.63797880709171e-12,0.247181109931525
2016,2,3,12.9174480438232,10.8459154371012,0,3.63797880709171e-12,0.244913395558755
2016,2,4,10.199369430542,11.1025018009168,0,0,0.244913395558755
2016,2,5,16.7764472961426,15.0533542382582,0,0,0.242645681185985
2016,2,6,0.248830810189247,9.49825044312092,0,0,0.240377939779927
2016,2,7,8.48141956329346,3.03058641069583,3.63797880709171e-12,0,0.238110225407157
2016,2,8,11.9798765182495,10.8468133326969,-3.63797880709171e-12,0,0.235842511034387
2016,2,9,4.95443296432495,9.79782505829644,0,0,0.233574796661617
2016,2,10,2.44816851615906,3.80424284389665,0,0,0.233574796661617
2016,2,11,3.47460055351257,2.74528544941131,0,0,0.231307082288847
2016,2,12,32.0111465454102,16.8471251085866,0,0,0.229039367916077
2016,2,13,3.03580188751221,18.8900215277499,0,0,0.229039367916077
2016,2,14,3.5822434425354,3.35634685361947,0,0,0.226771653543307
2016,2,15,3.21066641807556,3.46238062894918,0,0,0.22586456509087
2016,2,16,0.925551950931549,1.75111700471462,0,0,0.224503939170537
2016,2,17,0.0933626890182495,0.4004514270855,0,0,0.223143313250204
2016,2,18,4.67964018753264e-05,0.0562622149336676,0,0,0.222009442547175
2016,2,19,3.71555042266846,2.32281429641444,0,0,0.221102367611382
2016,2,20,6.05721616744995,5.03156472854971,0,0,0.220195279158945
2016,2,21,2.78036832809448,4.83399644776,0,0,0.219288190706508
2016,2,22,0.217005029320717,2.24547596832781,0,0,0.218154333520123
2016,2,23,0.223578006029129,0.365365808702336,0,0,0.217247245067687
2016,2,24,8.1266679763794,4.07465317459355,0,0,0.21634015661525
2016,2,25,12.0661544799805,10.5577056049151,0,0,0.215433068162813
2016,2,26,4.50404453277588,6.85024357266229,0.289365326163534,0,0.214525979710376
2016,2,27,4.93760204315186,4.6994767151009,0.123820469594648,0,0.213618891257939
2016,2,28,5.50919771194458,5.19758277994333,0,0,0.212938585056095
2016,2,29,1.18398499488831,4.56520698741224,0,0,0.212258265337606
2016,3,1,0.341441720724106,0.961066290965391,0,0,0.21180472786971
2016,3,2,0.564095795154572,0.430838809134002,0,0,0.211124408151221
2016,3,3,0.0124805206432939,0.181530461726652,0,0,0.210670870683325
2016,3,4,0.693655967712402,0.294997265478742,0,0,0.209990550964836
2016,3,5,0,0.551613547151646,0,0,0.20953701349694
2016,3,6,0.00781145924702287,0.0759991098784667,0,0,0.209083462512399
2016,3,7,0.40636533498764,0.324369767397002,0,0,0.208403156310555
2016,3,8,0.803654789924622,0.51197329635761,0,0,0.207949605326014
2016,3,9,1.72297310829163,1.30573791933057,0,0,0.207269285607526
2016,3,10,4.19095468521118,2.76702656326961,0,0,0.206815748139629
2016,3,11,0.0209697503596544,3.10268662947783,0,0,0.206362210671733
2016,3,12,0.0466211177408695,0.188102796055318,0,0,0.205681890953244
2016,3,13,0.961650550365448,0.184555664920481,0,0,0.205228339968704
2016,3,14,0.25437131524086,0.632631373722688,0,-3.63797880709171e-12,0.204774802500807
2016,3,15,1.20978033542633,0.941424371154426,0,3.63797880709171e-12,0.204094482782319
2016,3,16,1.85412228107452,1.29736309080545,0,0,0.203640945314422
2016,3,17,2.82342553138733,2.14776119065573,0,0,0.202960625595934
2016,3,18,6.69347095489502,3.97995832580637,0,0,0.202507088128037
2016,3,19,3.01276397705078,5.98939606627391,0,0,0.202053537143497
2016,3,20,1.23080790042877,2.44310190187025,0.0620097109494964,0,0.201373230941652
2016,3,21,0.175576224923134,0.682965890315245,0.0719615334928676,0,0.200919679957112
2016,3,22,0.326826423406601,0.214657774675288,0.000165758789080428,0,0.200466142489216
2016,3,23,0.137675374746323,0.237736511749972,0,0,0.200012605021319
2016,3,24,0.341899067163467,0.32290990002366,0,0,0.199785822770727
2016,3,25,0.740332305431366,0.661882979973598,0,0,0.199559054036779
2016,3,26,2.91027617454529,1.10911628180475,0.716180138049822,0,0.200692911223164
2016,3,27,0.269933432340622,0.873794793806155,0.716037423928356,0,0.203414176580474
2016,3,28,2.58009433746338,0.134966743702535,1.29004690557485,10.461013836426,0.206588979405681
2016,3,29,1.25891697406769,0,1.92913888243129,27.6063216229231,0.209990550964836
2016,3,30,0.189435079693794,0,0.730524394944951,28.3315477485521,0.215886619147353
2016,3,31,0.729463994503021,0,0.471965937256755,25.5666302510581,0.222236224797767
2016,4,1,2.13127422332764,0,1.09301380673423,28.8685837112935,0.229039367916077
2016,4,2,0.290336281061173,0,1.27406229980625,23.75252667327,0.235842511034387
2016,4,3,0,0.0363556636148132,0.224360002834146,9.73006017978332,0.242645681185985
2016,4,4,2.52065658569336,0.618164083596639,1.2808378034606,0.793320321703504,0.249448824304295
2016,4,5,2.66689991950989,0.359778342997743,2.24299780723231,4.8496801832116,0.256251967422605
2016,4,6,2.39010047912598,0,2.59374635166387,8.85164490831812,0.265322824913686
2016,4,7,7.21074438095093,0,4.9036179712275,9.07031404995723,0.278929138183594
2016,4,8,2.01813364028931,0,4.54373210492486,12.4278688655868,0.306141737690122
2016,4,9,1.94298589229584,0,1.98190601380702,12.3156368633245,0.303874023317352
2016,4,10,0.474583238363266,0,0.953138623168343,8.42268131204037,0.308409452062892
2016,4,11,1.35430443286896,0,0.860332630800258,13.6502734391106,0.32655119407834
2016,4,12,3.46329236030579,0,2.28071945028933,13.5100994905333,0.33108662282388
2016,4,13,0.0108838388696313,0,1.96741339987057,12.3177889965955,0.310677166435662
2016,4,14,2.78765225410461,0,1.10232356248525,16.1897206933427,0.324283452672283
2016,4,15,0.82394540309906,0,1.36099608377117,10.7332781706973,0.322015738299513
2016,4,16,0.352257460355759,0,0.619446560845972,10.3862129501613,0.335622051569421
2016,4,17,2.32170271873474,0.84475087577448,0.346862702386716,5.58733085287895,0.322015738299513
2016,4,18,1.6806184053421,0.848451578360255,1.1062217125982,3.2613519479055,0.315212595181202
2016,4,19,0.299899965524673,0,1.05323959673115,5.62938471016969,0.308409452062892
2016,4,20,0.0681604743003845,0,0.176513578797312,7.87869226621842,0.306141737690122
2016,4,21,2.45678091049194,0,1.20068685137085,13.7349495939307,0.315212595181202
2016,4,22,1.90222537517548,0,2.17950546474822,26.2516550770306,0.346960623433271
2016,4,23,1.64481806755066,0,1.77525334569509,32.5451610706114,0.469417307696005
2016,4,24,3.15319871902466,0,2.38696258635537,27.4825695176587,0.596409474770854
2016,4,25,0.118689529597759,0,1.60713604683406,25.2753144841772,0.659905531274991
2016,4,26,0.0485678538680077,0,0.0842174863901164,27.8317199634985,0.582803134467658
2016,4,27,0.0104116927832365,0,0.0291090520331636,27.5691288337985,0.510236220472441
2016,4,28,0.40695521235466,0,0.209032048314839,19.9400374859106,0.458078735832154
2016,4,29,0.800103664398193,0,0.602506763654674,17.6580739401797,0.430866136325626
2016,4,30,2.57957458496094,0,1.68729435110436,17.2504199532632,0.405921251191868
2016,5,1,13.2295408248901,0,7.91162315463953,22.7100822078573,0.385511821836937
2016,5,2,14.7827796936035,0,14.0034702595258,18.6653326114938,0.467149593323235
2016,5,3,4.13307523727417,0,9.43759800183761,0,0.605480332261934
2016,5,4,0.249427601695061,0,2.19524417636057,0,0.519307077963521
2016,5,5,1.17006897926331,0,0.511801768094301,0,0.453543307086614
2016,5,6,1.72557806968689,0,1.44522764539215,0,0.433133850698396
2016,5,7,3.0078387260437,0,2.36489132498173,0,0.421795278834546
2016,5,8,0.132450625300407,0,1.57014405145674,0,0.412724421343466
2016,5,9,2.2023286819458,0,1.16951180933029,0,0.4830236479992
2016,5,10,0.748901605606079,0,1.47561522267279,0,0.505700791726901
2016,5,11,0.00222808727994561,0,0.376496647266322,0,0.610015761007474
2016,5,12,0.514726996421814,0,0.258899512584321,0,0.934299186646469
2016,5,13,0,0,0.259791166132345,0,1.39691335122416
2016,5,14,3.88654882499395e-07,0,1.88036210602149e-07,0,2.22009447953832
2016,5,15,0.108195587992668,0,0.054423130946816,3.63797880709171e-12,2.60787401574803
2016,5,16,0.545988321304321,0,0.326252686107182,-3.63797880709171e-12,2.26771653543307
2016,5,17,5.94292640686035,0,3.23354681192723,0,1.65316534568006
2016,5,18,2.58111524581909,0,4.03079890652589,0,1.22910237950603
2016,5,19,1.31966590881348,0,1.71877752419095,0,1.15880317988358
2016,5,20,0.513486385345459,0,1.05094192378238,0,1.27672443540078
2016,5,21,1.25236237049103,0,0.79986221900981,0,1.62595277320682
2016,5,22,1.6571888923645,0,1.41828899610118,0,3.46960634246586
2016,5,23,0.8736372590065,0,1.32862366384143,0,2.97070874792384
2016,5,24,3.67067933082581,0,2.04405080878496,0,2.19968499611682
2016,5,25,4.5921368598938,0,4.07843600726119,0,1.90034648264487
2016,5,26,1.36234867572784,0,2.99677935170621,0,1.50803151768962
2016,5,27,0.826893925666809,0,1.09792282242779,0,1.2404408973033
2016,5,28,0.462951749563217,0,0.647136234310892,0,1.04088192436639
2016,5,29,0.92480880022049,0,0.691090628970414,0,1.05902363934855
2016,5,30,2.56686019897461,0,1.7508309847799,0,1.03181106687531
2016,5,31,1.13503241539001,0,1.55296598396671,-3.63797880709171e-12,1.30620477631336
2016,6,1,0.574473083019257,0,0.708507261228078,3.63797880709171e-12,1.29486615038294
2016,6,2,0.893602311611176,0,0.787410700089822,0,1.38557483342689
2016,6,3,0.270798593759537,0,0.377055157256109,0,1.30847243661956
2016,6,4,0.0653769820928574,0,0.105239455166156,0,1.42639369213675
2016,6,5,10.2089471817017,0,3.59980608779006,0,1.29940157912848
2016,6,6,7.34720230102539,0,9.22155355745781,0,1.1724094661202
2016,6,7,0.334939807653427,0,6.25671474100818,0,1.00233072596272
2016,6,8,0.226502418518066,0,0.938253603264457,0,1.00006295752338
2016,6,9,0.183326810598373,0,0.21101067188647,0,1.28806295319805
2016,6,10,0,0,0.11440440408478,0,1.54431494765394
2016,6,11,0.644233226776123,0,0.510734838986537,0,1.78696065587322
2016,6,12,0.771792531013489,0,0.680406762156053,0,1.54431494765394
2016,6,13,4.49643421173096,0,1.87827555973126,0,1.38103940468135
2016,6,14,4.13208818435669,0,4.14379212887798,0,1.75067711777574
2016,6,15,1.14423704147339,0,2.0073108945362,0,2.09990556371494
2016,6,16,0.359294891357422,0,0.929694340986316,0,2.38110236220472
2016,6,17,0.16600538790226,0,0.278693374737486,0,2.17247242364358
2016,6,18,0,0,0.0411933303621481,0,2.04094488188976
2016,6,19,0.000310738745611161,0,7.1012691478245e-05,0,1.69171654408372
2016,6,20,0.512059628963471,0,0.126630793129152,0,1.54658271609329
2016,6,21,2.10933518409729,0,1.1477137480033,0,1.27899209570697
2016,6,22,1.56475567817688,0,1.77439245784626,0,1.37650397593581
2016,6,23,0,0,0.451500074046635,0,1.43546454962783
2016,6,24,0.0355692319571972,0,0.0377865326663596,0,1.31527563380444
2016,6,25,0.22963510453701,0,0.176726026507822,0,1.24497632604884
2016,6,26,0.0637387707829475,0,0.111757836966717,0,1.26538580947035
2016,6,27,0.258117496967316,0,0.203576774150861,0,1.14746455395316
2016,6,28,0.0628206133842468,0,0.134202199245919,0,1.04995278185747
2016,6,29,0.502133190631867,0,0.528344437680062,0,0.990992100032296
2016,6,30,1.43664467334747,0,1.3014648735807,0,0.981921242541216
2016,7,1,2.44991040229797,0,1.83078408814617,0,0.934299186646469
2016,7,2,2.22595047950745,0,2.2964171023159,0,0.934299186646469
2016,7,3,1.30961847305298,0,2.0871051732247,0,1.02047244094488
2016,7,4,0,0,1.20375545207571,0,0.900283471054918
2016,7,5,0.0722748786211014,0,0.147871502060298,0,0.814110216756505
2016,7,6,0.0119791850447655,0,0.0494477274187375,0,0.786897644283265
2016,7,7,0.417536854743958,0,0.158127194245026,0,0.752881874625138
2016,7,8,1.48008477687836,0,0.793835513781232,0,0.730204730897438
2016,7,9,1.49526917934418,0,1.47307753002315,0,0.802771644892655
2016,7,10,0.257768899202347,0,1.05129803880482,0,0.789165358656035
2016,7,11,1.35436022281647,0,0.669589530152734,0,0.757417303370679
2016,7,12,4.89369297027588,0,2.64312159168185,0,0.850393700787402
2016,7,13,2.90822625160217,0,3.78255213504235,0,1.08850398026113
2016,7,14,2.11620688438416,0,2.25236931939071,0,1.07943312277005
2016,7,15,1.35181748867035,0,1.53312346665552,0,0.934299186646469
2016,7,16,1.78166365623474,0,1.58918708931014,0,0.863999987024022
2016,7,17,0.213288024067879,0,0.525113681549556,0,0.891212613563838
2016,7,18,0,0,0.171433733990853,0,0.809574788010965
2016,7,19,1.9793359041214,0,0.403291633523622,0,0.773291358046644
2016,7,20,5.58582162857056,0,3.17748052961178,0,0.981921242541216
2016,7,21,1.33634805679321,0,5.0467233492891,0,1.03181106687531
2016,7,22,2.27208614349365,0,2.17995119958505,0,0.988724439726101
2016,7,23,12.105263710022,0,5.74857410460754,0,1.03861415592704
2016,7,24,3.48974990844727,0,5.60674357020253,0,1.39464569091797
2016,7,25,0.467588275671005,0,1.11293180879147,0,1.16107084018978
2016,7,26,2.16860365867615,0,1.56451249742167,0,1.04314958467258
2016,7,27,5.62144994735718,0,3.52383721475053,0,0.997795297217181
2016,7,28,4.44223165512085,0,5.32154587812329,0,1.05448821060301
2016,7,29,0.586573123931885,0,2.31198487701477,0,1.10664569524329
2016,7,30,0.0629072263836861,0,0.282002574178478,-3.63797880709171e-12,0.966047295998401
2016,7,31,0.00383556121960282,0,0.0490251359296963,3.63797880709171e-12,0.888944899191068
2016,8,1,0.0115373786538839,0,0.00856558712985134,0,0.827716557059701
2016,8,2,0.746334493160248,0,0.252391644065938,0,0.782362215537725
2016,8,3,4.59177541732788,0,3.01956263675311,0,0.784629929910495
2016,8,4,0.77455747127533,0,3.71067478035911,0,0.825448842686931
2016,8,5,0.349034547805786,0,0.735617009391717,-3.63797880709171e-12,0.768755929301104
2016,8,6,0.022369297221303,0,0.305723629295244,3.63797880709171e-12,0.752881874625138
2016,8,7,0.253835588693619,0,0.111011305976717,0,0.725669302151898
2016,8,8,3.37557721138001,0,1.52702663724631,0,0.743811017134058
2016,8,9,1.85590076446533,0,2.40308631424705,0,0.793700787401575
2016,8,10,1.10443508625031,0,1.71083797923347,0,0.725669302151898
2016,8,11,0.477888494729996,0,0.962655162638839,3.63797880709171e-12,0.718866159033588
2016,8,12,1.07673931121826,0,0.911690006960271,-3.63797880709171e-12,0.727937016524668
2016,8,13,2.60705900192261,0,2.19424655105468,0,0.725669302151898
2016,8,14,4.97260999679565,0,3.04609962108589,0,0.743811017134058
2016,8,15,2.63140153884888,0,3.65299980787313,0,0.746078731506828
2016,8,16,1.00522410869598,0,1.84546858099566,0,0.709795301542507
2016,8,17,1.36729800701141,0,1.10778379883413,0,0.680314960629921
2016,8,18,3.32757210731506,0,2.48672446341516,0,0.675779531884381
2016,8,19,1.28273642063141,0,2.20466350583956,0,0.712063015915278
2016,8,20,0.226777598261833,0,0.935883178535732,0,0.687118103748231
2016,8,21,0.0728256553411484,0,0.225594293708127,0,0.687118103748231
2016,8,22,0.154818907380104,0,0.119517984148843,0,0.641763762226255
2016,8,23,0.18684084713459,0,0.160792266531644,0,0.619086618498554
2016,8,24,1.50075769424438,0,0.429513079954631,0,0.610015761007474
2016,8,25,5.69491386413574,3.63797880709171e-12,2.72992858534417,0,0.610015761007474
2016,8,26,10.831768989563,-3.63797880709171e-12,6.44133613206213,0,1.41732283464567
2016,8,27,0.971241116523743,0,6.34162322464181,0,1.74387402872401
2016,8,28,0.155389249324799,0,0.595748690975597,0,1.25404729167307
2016,8,29,3.32573843002319,0,0.683015464281198,0,1.129322838971
2016,8,30,4.19544124603272,0,3.43768962479953,0,1.23137003981222
2016,8,31,3.44282221794128,0,4.00706886067928,0,1.25631495197927
2016,9,1,1.34516310691834,0,2.53227663121288,0,1.24951186292753
2016,9,2,1.44045555591583,0,1.36604113780777,0,1.15880317988358
2016,9,3,0.0557556934654713,0,0.822176897509053,0,1.10437792680395
2016,9,4,0,0,0.0395166472626443,0,1.05902363934855
2016,9,5,0.275162488222122,0,0.0817050081641355,0,1.01593701219934
2016,9,6,1.90188026428223,0,1.05157038279503,0,1.00459838626892
2016,9,7,1.01627779006958,0,1.78097592234553,0,0.984189010980561
2016,9,8,5.49664926528931,0,2.69850062876139,0,0.959244098813515
2016,9,9,25.1835765838623,3.63797880709171e-12,14.0186096478501,0,1.43773231806718
2016,9,10,13.5504674911499,-3.63797880709171e-12,18.6767374622796,0,2.67590555506428
2016,9,11,0.644648849964142,0,9.10090959314766,0,1.93662991260919
2016,9,12,17.1220970153809,0,6.13966453960893,0,1.70305517001415
2016,9,13,12.1697454452515,0,13.3379422557446,0,3.90047261395792
2016,9,14,1.31314337253571,0,8.78845877593994,0,2.97070874792384
2016,9,15,0.368183821439743,0,0.986822190086968,0,2.49448818897638
2016,9,16,1.06430149078369,0,0.795081877244229,0,2.35842511034387
2016,9,17,0.692378163337708,0,0.742738416251086,0,2.14525985117034
2016,9,18,0.578718960285187,0,0.663089276546089,0,2.02507093534695
2016,9,19,0.486155569553375,0,0.553139049679885,0,1.94343300166093
2016,9,20,0.480028569698334,0,0.518178473150329,0,1.76428351214552
2016,9,21,6.84348201751709,0,4.65167027923963,0,1.63729129100409
2016,9,22,8.49160766601563,0,7.40204727599121,0,1.57379528856653
2016,9,23,9.69726181030273,0,9.23829487348848,0,1.50803151768962
2016,9,24,1.63842213153839,0,5.47412947361954,0,1.40371654840905
2016,9,25,2.49816155433655,0,2.02112969580776,0,1.34929129532942
2016,9,26,0.626897037029266,0,2.08189123547709,0,1.30393700787402
2016,9,27,0.222464025020599,0,0.516870627259777,0,1.25404729167307
2016,9,28,0.120538331568241,0,0.201666954144457,0,1.19281894954171
2016,9,29,0,0,0.0937325635932211,0,1.12705507053165
2016,9,30,0.00501966942101717,0,0.00328770411215373,0,1.0567558709092
2016,10,1,7.89837395132054e-06,0,0.00475677066788194,0,1.00913381501446
2016,10,2,0.41137421131134,0,0.249691159475333,0,0.997795297217181
2016,10,3,0.243018835783005,0,0.308352084030048,0,0.990992100032296
2016,10,4,0.188641458749771,0,0.210670932909125,0,0.963779527559055
2016,10,5,0.307668387889862,0,0.259787093069463,0,0.941102383831355
2016,10,6,0.0970799997448921,0,0.178651901689591,0,0.909354382612574
2016,10,7,0.00687962118536234,0,0.0420812612246664,0,0.850393700787402
2016,10,8,6.74287803121842e-05,2.99249732051976e-05,0.00382643719785847,0,0.843590557669091
2016,10,9,0,3.56853561243042e-05,0,0,0.895748042309378
2016,10,10,0,0,0,0,0.888944899191068
2016,10,11,0.000302103435387835,0.000149045201396802,0,0,0.807307073638195
2016,10,12,0.0054256129078567,0.00286846658491413,0,0,0.773291358046644
2016,10,13,0.00754238711670041,0.00646790608516312,0,0,0.791433073028805
2016,10,14,0.248866200447083,0.128200958319212,0,0,0.709795301542507
2016,10,15,0.145760893821716,0.196959152835916,0,0,0.684850389375461
2016,10,16,6.65285444259644,3.39800929933335,0,0,0.659905531274991
2016,10,17,9.68572330474854,8.18668959078786,0,0,0.675779531884381
2016,10,18,8.11201095581055,8.92337848012176,0,0,0.675779531884381
2016,10,19,3.21219849586487,5.70043900646851,0,0,0.650834619717335
2016,10,20,3.63572669029236,3.33154334713981,0,0,0.621354332871325
2016,10,21,1.54710042476654,2.68088997925952,0,0,0.603212617889164
2016,10,22,3.42788362503052,2.37955335783772,0,0,0.564661419485498
2016,10,23,0.918118715286255,2.29959015916756,0,0,0.532913364200141
2016,10,24,2.88569521903992,2.04685431509279,0,0,0.517039363590751
2016,10,25,0.261070430278778,1.61280488750708,0,0,0.498897648608591
2016,10,26,0.019730543717742,0.107771337290615,0,0,0.478488165187085
2016,10,27,0,0.0109050573410059,0,0,0.458078735832154
2016,10,28,0.325940668582916,0.0511813701559731,0,0,0.442204735222764
2016,10,29,4.62587690353394,2.54609574840288,0,0,0.433133850698396
2016,10,30,0.00729606812819839,2.26768524306317,0,0,0.437669279443936
2016,10,31,0.077631913125515,0.0621542599110398,0,-3.63797880709171e-12,0.455811021459384
2016,11,1,0.675872266292572,0.514700075287692,0,3.63797880709171e-12,0.480755879559855
2016,11,2,0.406259298324585,0.462239080316067,0,0,0.510236220472441
2016,11,3,8.70185565948486,4.52957199754019,0,0,0.530645649827371
2016,11,4,20.7500915527344,14.7650409994531,0,0,0.539716561385027
2016,11,5,11.2439279556274,16.0489625033806,0,0,0.537448792945682
2016,11,6,1.13988780975342,6.30971923007382,0,0,0.526110221081831
2016,11,7,8.43502712249756,4.59205072699115,0,0,0.507968506099671
2016,11,8,17.9457740783691,13.0527521205113,0,0,0.48755907674474
2016,11,9,12.8311023712158,15.6911317614613,0,0,0.469417307696005
2016,11,10,23.0761070251465,6.4155517053332,11.5380525778273,5.11394303701309,0.451275592713844
2016,11,11,28.9954166412354,0,25.6158990628283,8.22472079982981,0.437669279443936
2016,11,12,15.8875293731689,4.54878796739649,17.9957773979768,2.82334929405261,0.426330707580086
2016,11,13,5.03907346725464,7.20327584021288,3.42068189301426,3.63797880709171e-12,0.419527564461776
2016,11,14,3.1651725769043,4.11013483825445,0,0,0.410456679937408
2016,11,15,0.263137549161911,1.72901285429907,0,0,0.403653536819098
2016,11,16,0.0316223800182343,0.147832041424408,0,0,0.396850393700787
2016,11,17,0.0417412258684635,0.0364788906299509,0,0,0.392314964955247
2016,11,18,0.000396403193008155,0.0186155182964285,0,0,0.387779536209707
2016,11,19,0.0109824510291219,0.00770375347565278,0,0,0.383244107464167
2016,11,20,0.068566657602787,0.047059500557225,0,0,0.378708651685339
2016,11,21,0.0283652190119028,0.0489325588641805,0,0,0.374173222939799
2016,11,22,0.590834081172943,0.384837228037213,0,0,0.369637794194259
2016,11,23,0,0.512403884476953,0,0,0.367370079821489
2016,11,24,0.0119239799678326,0.0743295916472562,0,0,0.362834651075949
2016,11,25,2.93742108345032,0.864822440526041,0,0,0.360566936703179
2016,11,26,5.36165904998779,4.29638268295821,0,0,0.356031507957639
2016,11,27,3.11870813369751,3.77149539445236,0,0,0.351496052178811
2016,11,28,5.78515100479126,3.67838791276517,0,0,0.346960623433271
2016,11,29,26.0228614807129,15.2272575269417,0,0,0.344692909060501
2016,11,30,18.0395908355713,21.4762632655038,0,0,0.340157480314961
2016,12,1,14.3898429870605,15.6136842300111,0,0,0.335622051569421
2016,12,2,17.5214939117432,15.0892432593937,0,0,0.33335433719665
2016,12,3,5.12441730499268,12.1470573096231,0,0,0.33108662282388
2016,12,4,0.498716652393341,1.95587995989627,0,0,0.32881890845111
2016,12,5,6.71389807394007e-06,0.11808925375226,0,0,0.324283452672283
2016,12,6,1.31269407272339,0.747465423090034,0,0,0.322015738299513
2016,12,7,0.161593377590179,0.875051480205002,0,0,0.319748023926742
2016,12,8,1.26247179508209,0.419594691949897,0,0,0.317480309553972
2016,12,9,0.716898798942566,0.891183029809326,0,0,0.315212595181202
2016,12,10,0.699515283107758,0.707853969917778,0,0,0.312944880808432
2016,12,11,0.0142777757719159,0.282364527374739,0,0,0.310677166435662
2016,12,12,0.00753416866064072,0.0124075969069963,0,0,0.308409452062892
2016,12,13,0.0113728241994977,0.00881841022783192,0,0,0.306141737690122
2016,12,14,0.00874071102589369,0.0105178210433223,0,0,0.303874023317352
2016,12,15,0.000840446271467954,0.00663550524404855,0,0,0.301606308944582
2016,12,16,0.36268150806427,0.101445810581936,0,0,0.297070853165754
2016,12,17,3.35778999328613,1.74135139859573,0,0,0.294803138792984
2016,12,18,10.2408599853516,7.58567724233217,0,0,0.292535424420214
2016,12,19,7.56060123443604,9.62210105166378,0,0,0.290267710047444
2016,12,20,3.73176264762878,5.45862488931743,0,0,0.285732281301904
2016,12,21,2.69020056724548,3.0234730445809,0,0,0.283464566929134
2016,12,22,2.53896069526672,2.61457566009267,0,0,0.281196852556364
2016,12,23,1.15551066398621,2.28464089858244,0,0,0.278929138183594
2016,12,24,0.0706407129764557,0.714964314545796,0,0,0.276661423810824
2016,12,25,3.88772892951965,2.54682743781086,0,0,0.272125995065284
2016,12,26,0.00851301103830338,0.976301684750069,0,0,0.269858280692514
2016,12,27,3.28954792022705,2.78553438674498,0,0,0.267590539286456
2016,12,28,3.15845108032227,3.18870477936798,0,0,0.265322824913686
2016,12,29,0,1.68294897094529,0,0,0.263055110540916
2016,12,30,1.2211332321167,0.44914573675851,0,0,0.260787396168146
2016,12,31,2.85219788551331,1.56152350712,0,0,0.258519681795376
2017,1,1,1.21516919136047,1.83588174878969,0,0,0.256251967422605
2017,1,2,0,0.477642299152649,0,0,0.251716538677065
2017,1,3,0.309806883335114,0.129224154254189,0,0,0.249448824304295
2017,1,4,1.6671394109726,0.553897866939224,0,0,0.247181109931525
2017,1,5,0.299018204212189,0.873254430935049,0,0,0.242645681185985
2017,1,6,0.040160994976759,0.157597081979475,0,0,0.240377939779927
2017,1,7,0.0027647556271404,0.0306181289197411,0,0,0.238110225407157
2017,1,8,0,0.0030922422738513,0,0,0.235842511034387
2017,1,9,0,0,0,0,0.231307082288847
2017,1,10,0,0.00430509930083645,0,0,0.229039367916077
2017,1,11,0.372680902481079,0.238682122242608,0,0,0.226318116075411
2017,1,12,3.8230836391449,1.03979729694402,0,0,0.223823619452048
2017,1,13,2.16119790077209,3.41357276278359,0,0,0.22132913634533
2017,1,14,6.20165681838989,2.26700156902371,2.08096952778578,0.271925575107161,0.21906142197256
2017,1,15,8.09623718261719,1.0242323559105,6.25743148671245,2.58205072798228,0.216793694083146
2017,1,16,9.68628406524658,0,9.45668001028389,3.53662481237188,0.214525979710376
2017,1,17,3.87188506126404,1.92629070753537,4.86728797154137,1.66010930276752,0.212258265337606
2017,1,18,6.52172613143921,5.19697149785861,0,0,0.209990550964836
2017,1,19,2.48586678504944,5.72445245562631,0,0,0.207722836592066
2017,1,20,1.85205829143524,2.46540806560733,0,0,0.205455122219296
2017,1,21,0,0.935435786319431,0,0,0.203414176580474
2017,1,22,2.84357404708862,1.60652689662311,0,0,0.201146462207704
2017,1,23,1.78281354904175,2.44468403026985,0,0,0.199105516568882
2017,1,24,7.74394083023071,4.10575259306643,0,0,0.19706457093006
2017,1,25,8.73625469207764,8.25548504743711,0,0,0.195023625291239
2017,1,26,5.86906671524048,7.33924791832396,0.490352781867841,0,0.192982679652417
2017,1,27,12.6895456314087,7.2857574399568,0.985654805270315,0,0.191395271481491
2017,1,28,9.88451480865479,11.3126233671683,0,0,0.18980787682721
2017,1,29,1.70284187793732,5.00004736328992,0,0,0.188220468656285
2017,1,30,0.192703992128372,0.438094641038333,0,0,0.186633074002003
2017,1,31,0.189965695142746,0.18234862931422,0,0,0.185272434565026
2017,2,1,0.0218612924218178,0.0675816254151869,0,0,0.183685039910745
2017,2,2,0.12392894923687,0.114016290914151,0,0,0.182097631739819
2017,2,3,0.174121916294098,0.182224120337196,0,0,0.180737005819486
2017,2,4,0.294130265712738,0.24299398297444,0,0,0.179149611165204
2017,2,5,1.00979996204842e-05,0.03855834224305,0,0,0.177788971728227
2017,2,6,0.00571628799661994,0.0044757324976672,0,0,0.176428345807894
2017,2,7,0.00154539465438575,0.0137086954055121,0,0,0.175067719887561
2017,2,8,0.0973583310842514,0.0850263728461869,0,0,0.173707080450584
2017,2,9,1.2730028629303,0.386192867983482,0,0,0.17234645453025
2017,2,10,2.25200080871582,1.82042203643505,0,0,0.170759059875969
2017,2,11,7.56738090515137,6.08261599486286,0,0,0.169398420438992
2017,2,12,20.0450897216797,13.7282953805152,-3.63797880709171e-12,0,0.168264563252607
2017,2,13,26.79221534729,22.7991017503446,3.63797880709171e-12,0,0.166903937332273
2017,2,14,25.3815078735352,13.3961073826649,12.6907542123045,7.09420501227942,0.16554331141194
2017,2,15,10.0084075927734,0,17.6682369437112,8.35635209518659,0.164182671974963
2017,2,16,1.3950332403183,0.697964698134456,5.00098914390037,1.28152724106621,0.16282204605463
2017,2,17,0.197961956262589,0.798185737352469,0,0,0.161461420134297
2017,2,18,0.297066986560822,0.256829275298514,0,0,0.160327562947912
2017,2,19,0.0485483445227146,0.258134449344652,0,0,0.158966923510934
2017,2,20,0.0395698361098766,0.0688266565994127,0,0,0.157833066324549
2017,2,21,9.81244811555371e-05,0.0138464095871313,0,0,0.156472440404216
2017,2,22,0.00247915671207011,0.00403669212028035,0,0,0.155111814483883
2017,2,23,0.174810826778412,0.165851879504771,0,0,0.153977957297498
2017,2,24,3.85441064834595,2.57585090429347,0,0,0.152844100111113
2017,2,25,2.00490927696228,3.44870938536042,0,0,0.151483460674136
2017,2,26,0,0.983972463058308,0,0,0.150349603487751
2017,2,27,0.182211175560951,0.110097105720342,0,0,0.149215746301366
2017,2,28,0.0255919080227613,0.147012446868757,0,0,0.147855120381032
2017,3,1,0.911203861236572,0.429682945530658,0,0,0.146721263194647
2017,3,2,0.257573783397675,0.737151900902973,0,0,0.145587406008262
2017,3,3,0,0.129781729454407,0,0,0.144453548821877
2017,3,4,0,0,0,0,0.143319691635492
2017,3,5,0.00221529533155262,0.000738929593353532,0,0,0.142185820932463
2017,3,6,0.0426642037928104,0.0203714768322243,0,0,0.141051963746078
2017,3,7,0.0184110756963491,0.0317198507509602,0,0,0.139918106559693
2017,3,8,0,0.0101784558610234,0,0,0.138784249373308
2017,3,9,8.14626491774106e-06,2.89416857413016e-05,0,0,0.137650392186923
2017,3,10,0,4.47768979938701e-06,0,0,0.136516535000538
2017,3,11,0.0532210506498814,0.0238943959884637,0,0,0.135382677814153
2017,3,12,1.51216328144073,0.708161844559072,0,0,0.134475589361716
2017,3,13,1.44840502738953,1.62436313578291,0,0,0.133341732175331
2017,3,14,3.49489450454712,3.1161084273881,0,0,0.132207874988946
2017,3,15,6.77239036560059,4.93961195739757,0,0,0.13130078653651
2017,3,16,4.35212421417236,6.10551725309779,0,0,0.130166929350125
2017,3,17,0.0848923772573471,3.81489094748758,0,0,0.12903307216374
2017,3,18,0.0180450342595577,0.765980973836122,0,0,0.128125983711303
2017,3,19,4.49003076553345,3.5104014980534,0,0,0.126992126524918
2017,3,20,0.981317758560181,2.60613213478428,0,0,0.126085038072481
2017,3,21,0.531145393848419,0.823392618003709,0,0,0.124951180886096
2017,3,22,1.84721052646637,0.709104798032058,0,0,0.124044092433659
2017,3,23,1.46695911884308,1.53835837449515,3.63797880709171e-12,0,0.123363786231814
2017,3,24,1.31959891319275,1.43540139482138,-3.63797880709171e-12,0,0.122683466513326
2017,3,25,0.426955550909042,0.954838172689051,0,0,0.122456697779378
2017,3,26,0.164261624217033,0.366425829059153,0,0,0.122456697779378
2017,3,27,7.28878688812256,3.60727540697553,0,0,0.122456697779378
2017,3,28,3.97686386108398,5.48964331568641,0,0,0.122456697779378
2017,3,29,3.22885012626648,3.71031299827519,0,0,0.123590554965763
2017,3,30,0.170636370778084,2.73875707652405,0.00655907023974578,0,0.125177949620044
2017,3,31,0.391938090324402,0.354677635863482,0.21252204591292,3.56968084143591,0.126992126524918
2017,4,1,1.72997164726257,0,1.05714665676351,9.50276282476261,0.12903307216374
2017,4,2,0.609290242195129,0,1.17219346890488,8.1967461667773,0.131074017802561
2017,4,3,0.12904055416584,0.0641891717132239,0.306208499932836,2.2446120939203,0.133114963441383
2017,4,4,1.84805345535278,0.0646623616376019,0.921991864615848,2.1750223033232,0.135382677814153
2017,4,5,4.52510452270508,0,3.17326704845982,5.26755058177514,0.137650392186923
2017,4,6,1.35407316684723,0,3.00133744466802,6.78833361728175,0.139918106559693
2017,4,7,0.00755685567855835,0.00379144678299781,0.674703788386978,3.70278014048381,0.142412603183055
2017,4,8,0.160372227430344,0.0846351964210044,0,0,0.145133855023722
2017,4,9,1.49713528156281,0.080672809312091,0.744024153656937,3.94320234543193,0.147855120381032
2017,4,10,0.0831315517425537,0,0.816378433537466,6.9133909200973,0.151029923206239
2017,4,11,0,0,0.0409877212441643,4.9413461389704,0.154204726031446
2017,4,12,0.263924509286881,0,0.129812852064788,11.0870947964941,0.157606297590601
2017,4,13,0.0551489777863026,0,0.17534274369973,19.5283401691886,0.161234651400348
2017,4,14,14.3981342315674,0,5.90568871128926,15.8996182286683,0.1650897604274
2017,4,15,0.00175261404365301,2.87237271550111e-05,7.10892095939926,5.1560463756723,0.169171651705044
2017,4,16,0.344409078359604,0.069374486880406,0.0872236388895544,1.17904161301703,0.173253542982687
2017,4,17,1.19294965267181,0.412771225554025,0.231700820317201,0,0.177562202994279
2017,4,18,0,0.447272004981642,0.154425814715069,0,0.181870863005871
2017,4,19,0,0,0,0,0.186859842735951
2017,4,20,0.0189898684620857,0.00933227076529874,0,0,0.192982679652417
2017,4,21,0.0655124559998512,0.00946501010912471,0.032859462142369,2.92505146914118,0.205908659687192
2017,4,22,0.00393075169995427,0,0.0358543136644585,9.29534679073186,0.226091333824819
2017,4,23,0.00182305788621306,0,0.00303356123185949,12.4819573469686,0.249448824304295
2017,4,24,0.0278564170002937,0,0.0135558698602836,13.1856783908697,0.283464566929134
2017,4,25,0.0218758974224329,0,0.0249085888135596,20.6179399325556,0.353763766551581
2017,4,26,0.281789153814316,0,0.138099128202157,24.2612447443607,0.464881878950464
2017,4,27,0.130275547504425,0,0.210052589787665,21.5856258223976,0.587338563213198
2017,4,28,0.306290000677109,0,0.192402745935397,20.6236619761439,0.587338563213198
2017,4,29,0.106070972979069,0,0.175448657602828,17.9066040075159,0.551055133248877
2017,4,30,0.54588395357132,0,0.284832117762562,15.8163835004707,0.537448792945682
2017,5,1,0.423274397850037,0,0.484119988439488,15.9032205122312,0.537448792945682
2017,5,2,6.43491220474243,0,3.16258249707971,21.3136868787151,0.532913364200141
2017,5,3,6.21866035461426,0,6.3080814734094,24.3051442937249,0.535181078572912
2017,5,4,1.81966316699982,0,3.78438572957748,19.2932880052322,0.514771649217981
2017,5,5,0.755499720573425,0,1.32398606916468,17.115174091894,0.526110221081831
2017,5,6,1.62201118469238,0,1.1537893524328,24.9240245877627,0.580535420094888
2017,5,7,0.458097636699677,0,1.08392115709648,27.4673668088362,0.662173245647761
2017,5,8,0.288029432296753,0,0.364367970294552,27.0684699087324,0.639496047853485
2017,5,9,3.05129766464233,0,1.35769675557094,31.3954529933508,0.714330730288048
2017,5,10,0.138317316770554,0,1.19876422904781,28.6794273065862,0.723401587779128
2017,5,11,0.668828189373016,0,0.403573020819749,40.2654080659304,0.850393700787402
2017,5,12,3.58247661590576,0,2.10884950469335,55.2907897308978,1.17694489486574
2017,5,13,4.47823762893677,0,4.02596389153405,50.0072178646442,1.50349608894408
2017,5,14,1.68316173553467,0,3.10393843970815,40.9344202030879,1.60554328978531
2017,5,15,0,3.63797880709171e-12,0.843174252622703,18.6658808623033,1.48762203426812
2017,5,16,0.0611672699451447,-7.27595761418343e-12,0.0303315389137424,0,1.71439368781142
2017,5,17,0,3.63797880709171e-12,0.0292611745971954,0,2.12031504713644
2017,5,18,0.000582018634304404,0,0.000289323772449279,0,2.183811049574
2017,5,19,0.252682834863663,0,0.126446388447221,0,2.07949608029343
2017,5,20,5.44904088973999,0,2.67534390784931,0,1.69851963313546
2017,5,21,10.3370428085327,0,7.89303304260102,0,1.73933859997847
2017,5,22,5.54470062255859,0,7.88320285003283,0,2.83464566929134
2017,5,23,0,0,2.78456398622802,0,3.01606303537924
2017,5,24,0.00782257691025734,0,0.00346922131575411,0,2.72125984251969
2017,5,25,0.200760841369629,0,0.116464734783222,0,2.78929138183594
2017,5,26,0,0,0.128581732391467,0,2.58519676388718
2017,5,27,0.000853328907396644,0,0.00305127632964286,0,2.1634015661525
2017,5,28,0.00749655067920685,0,0.00575252574708429,0,2.04094488188976
2017,5,29,0.0774461179971695,0,0.0424712115309376,0,2.90267720860759
2017,5,30,0.324594795703888,0,0.200858350726776,0,4.37669274037279
2017,5,31,6.00845003128052,0,2.48783386896685,0,4.03653526005783
2017,6,1,5.90505170822144,0,5.95675120133456,0,4.89826780304195
2017,6,2,3.38144278526306,0,4.60522393072824,0,6.00944881889764
2017,6,3,5.53916454315186,0,3.98534980716431,0,5.35181111012857
2017,6,4,0.752191841602325,0,3.89240800537664,0,3.69637777974286
2017,6,5,0.70886355638504,0,0.872070585381152,0,2.90267720860759
2017,6,6,1.36039006710053,0,1.27637280741328,0,2.31307082288847
2017,6,7,1.37458622455597,0,1.3656581503601,0,3.24283468892255
2017,6,8,0.467703223228455,0,0.921010060330445,0,6.57637795275591
2017,6,9,0.0063165370374918,0,0.238094078682479,0,6.89385818121001
2017,6,10,0.00393736315891147,0,0.00513093653717078,3.63797880709171e-12,6.2588977243018
2017,6,11,0.485840409994125,0,0.276161435522226,-3.63797880709171e-12,4.24063009427288
2017,6,12,0.0721709579229355,0,0.16591332025564,0,2.33574807474932
2017,6,13,0.690347611904144,0,0.310125866668386,0,1.33795277753214
2017,6,14,3.88681268692017,0,2.57116388934082,0,1.08623621182179
2017,6,15,8.30261707305908,0,4.88336448161863,0,1.28352752445251
2017,6,16,19.3612155914307,0,13.5331192189151,0,1.9774488794522
2017,6,17,15.4896097183228,0,17.5486801765946,0,2.56251972829263
2017,6,18,1.95365071296692,0,11.5870867463746,0,2.69858259065883
2017,6,19,2.13414430618286,0,2.0273998634766,0,3.69637777974286
2017,6,20,0.870012283325195,0,1.31343577986991,0,3.53763788178211
2017,6,21,0.106221564114094,0,0.702487108148489,0,2.58519676388718
2017,6,22,0.316043525934219,0,0.195789316028822,0,2.33574807474932
2017,6,23,0.843505024909973,0,0.419770929725928,0,2.49448818897638
2017,6,24,2.40294551849365,0,1.15547050724854,0,3.06141732283465
2017,6,25,0.555134832859039,0,1.57539671765335,0,2.49448818897638
2017,6,26,0.0560592487454414,0,0.175623073348106,0,2.65322830320343
2017,6,27,0.132918611168861,0,0.121119328068744,0,2.76661412997509
2017,6,28,0.165483236312866,0,0.139298085086921,0,2.42645664966013
2017,6,29,1.96646344661713,0,0.516020584775106,0,2.24503928357222
2017,6,30,4.78281164169312,-3.63797880709171e-12,2.8029338175038,0,2.10897642120602
2017,7,1,1.64656102657318,3.63797880709171e-12,2.68811707880741,0,2.25864567794199
2017,7,2,1.65183353424072,0,1.64729142942088,0,2.38110236220472
2017,7,3,1.75172734260559,0,1.67060811394913,0,2.01146454097718
2017,7,4,5.20502328872681,0,2.8928733266257,0,2.21329139048659
2017,7,5,1.65055191516876,0,3.35943102822785,0,2.83464566929134
2017,7,6,0.0685129538178444,0,1.39681963952171,0,2.67590555506428
2017,7,7,1.91352081298828,0,0.797204938342475,0,2.35842511034387
2017,7,8,9.7204761505127,0,7.40881166125837,0,3.01606303537924
2017,7,9,8.02652168273926,0,8.97470670331313,0,2.67590555506428
2017,7,10,5.4152135848999,0,7.67801003253408,0,2.47181093711553
2017,7,11,17.0230560302734,0,9.4315720640152,0,3.94582668514702
2017,7,12,3.59718012809753,0,8.94281486992259,0,3.69637777974286
2017,7,13,1.90607154369354,0,2.36104461378636,0,3.56031491737666
2017,7,14,4.67266464233398,0,3.4741441613296,0,3.80976360651452
2017,7,15,6.68150615692139,0,5.28218358208687,0,3.56031491737666
2017,7,16,4.36779975891113,0,5.15548946552735,0,3.94582668514702
2017,7,17,0.396338820457459,0,2.41606480165865,0,3.40157480314961
2017,7,18,0.273952811956406,0,0.363517368044995,0,2.87999995674674
2017,7,19,3.76012794731651e-05,0,0.204495558326016,0,2.49448818897638
2017,7,20,0.118689000606537,0,0.0516201842910959,0,2.23143310546875
2017,7,21,0.201411426067352,0,0.161576355756552,0,2.03187402439868
2017,7,22,0.450377970933914,0,0.341667198339565,0,1.90941734013595
2017,7,23,1.58234715461731,0,1.07695460191098,0,1.89127562515379
2017,7,24,0,0,0.703025600236288,0,1.78469288743387
2017,7,25,0.125429511070251,0,0.069514016937319,0,1.68718111533818
2017,7,26,0.00169382162857801,0,0.0578906541632023,0,1.56925985982099
2017,7,27,0.750914096832275,0,0.424019752179447,0,1.46721255084661
2017,7,28,4.30942296981812,3.63797880709171e-12,2.72369142613024,0,1.58740157480315
2017,7,29,1.8533673286438,-3.63797880709171e-12,2.61702718910237,0,1.74160626028466
2017,7,30,0.359866470098496,0,0.659370752084215,0,1.50349608894408
2017,7,31,0.131532952189446,0,0.169235948636924,0,1.3583621528205
2017,8,1,0.0618715509772301,0,0.0902195724811463,0,1.29259838194359
2017,8,2,0.265703976154327,0,0.20916689752994,0,1.23590546855776
2017,8,3,0.022174458950758,0,0.0679470757786476,0,1.21096066452387
2017,8,4,0.00893015693873167,0,0.0195808643475175,0,1.1497323223925
2017,8,5,0,0,0.00763605199608719,0,1.09077164056733
2017,8,6,0.0087774870917201,0,0.00323377925815294,0,1.0567558709092
2017,8,7,0.0629793033003807,0,0.027718936700694,0,1.01820467250554
2017,8,8,0,0,0.0341785272139532,0,0.984189010980561
2017,8,9,0.00464049680158496,0,0.00255668411045917,0,0.947905472883089
2017,8,10,0,0,0.00947451385218301,0,0.904818899800458
2017,8,11,4.52008819580078,0,2.7537928904967,0,0.882141756072758
2017,8,12,2.65233945846558,0,4.13736083343247,0,0.891212613563838
2017,8,13,1.95010924339294,0,2.57867797551444,0,0.884409470445528
2017,8,14,4.83555126190186,0,4.15014869436345,0,1.21096066452387
2017,8,15,0.347122073173523,0,2.98115742042864,0,1.02727563812977
2017,8,16,0.0435187257826328,0,0.296087808543234,0,0.936566955085814
2017,8,17,2.44688367843628,0,1.16062690439139,0,1.00459838626892
2017,8,18,1.5197194814682,0,2.15304097435728,0,1.02954329843596
2017,8,19,0.413077473640442,0,1.36698518625781,0,0.927496097594734
2017,8,20,6.24831199645996,0,2.21237110859147,0,0.884409470445528
2017,8,21,5.72867155075073,0,6.11088625480261,0,0.936566955085814
2017,8,22,9.06784057617188,0,7.46365004869585,0,0.909354382612574
2017,8,23,5.44020557403565,0,7.68712099329787,0,1.09757483775221
2017,8,24,1.20797979831696,0,4.9253503236323,0,1.17921255517194
2017,8,25,2.10931658744812,0,2.06828351855074,0,1.04088192436639
2017,8,26,3.79856491088867,0,2.48082381809218,0,1.06355906809409
2017,8,27,2.15946435928345,0,2.83814770064419,0,1.22229918232114
2017,8,28,1.43627858161926,0,1.85856886577312,0,1.11571655273437
2017,8,29,6.44722747802734,0,2.31312771842931,0,1.02727563812977
2017,8,30,6.31796407699585,0,5.96395830398978,0,1.18601575235682
2017,8,31,1.59740698337555,0,5.17127429050379,0,1.76201574370617
2017,9,1,0.967164993286133,0,1.46816083522572,0,1.4513386043038
2017,9,2,0.702077865600586,0,0.865033271864377,0,1.30847243661956
2017,9,3,2.45271873474121,0,2.08219433455088,0,1.17014169768086
2017,9,4,10.3294343948364,0,5.89804752558848,0,1.21322832483006
2017,9,5,11.2545194625854,0,10.745438127844,0,1.38330706498754
2017,9,6,12.2301139831543,0,11.4477945505823,0,1.4286614605761
2017,9,7,12.0332040786743,0,11.9551453352324,0,3.33354326383335
2017,9,8,7.12083244323731,0,8.595922468965,0,2.67590555506428
2017,9,9,5.66236066818237,0,6.68595605565133,0,2.09083470622386
2017,9,10,0.13999231159687,0,2.61536755336419,0,1.81417322834646
2017,9,11,1.85321474075317,0,0.889240987657104,0,1.64636225662832
2017,9,12,0,0,1.48449957538105,0,1.50803151768962
2017,9,13,0.0129901878535748,0,0.160884728607925,0,1.39237792247862
2017,9,14,0.301625370979309,0,0.253346777953993,0,1.32207872285618
2017,9,15,0.00239656842313707,0,0.222144659470359,0,1.26538580947035
2017,9,16,0.456350445747376,0,0.187554092452046,0,1.20188980703279
2017,9,17,0.330950558185577,0,0.427395182123291,0,1.16560626893532
2017,9,18,2.9843111038208,0,2.1143304214238,0,1.16787403737466
2017,9,19,2.060222864151,0,2.8266608534941,0,1.1519999826987
2017,9,20,0.0832951441407204,0,1.34484158919804,0,1.09757483775221
2017,9,21,1.51438796520233,0,0.464239862401882,0,1.04768501341812
2017,9,22,1.29982590675354,0,1.24213810595393,0,1.08170078307625
2017,9,23,0.229364544153214,0,0.393814941187884,0,1.02727563812977
2017,9,24,1.30723488330841,0,0.612076553712541,0,1.02727563812977
2017,9,25,2.78519320487976,0,2.24007976823123,0,1.16333860862912
2017,9,26,10.6944618225098,0,7.06996896371129,0,1.16107084018978
2017,9,27,12.0593347549438,0,11.4503509660863,0,1.69398420438992
2017,9,28,7.96197414398193,0,11.4190492206071,0,1.53297642985667
2017,9,29,0.315558910369873,0,5.46116902214635,0,1.27899209570697
2017,9,30,0.0781845971941948,0,0.245553665135958,0,1.16787403737466
2017,10,1,0.038266234099865,0,0.063472414847638,0,1.09303940900667
2017,10,2,1.96595013141632,0,0.2801664118997,0,1.04541735311193
2017,10,3,3.40500116348267,0,2.21973339452234,3.63797880709171e-12,1.03861415592704
2017,10,4,9.99598026275635,0,4.97857527190718,-3.63797880709171e-12,1.12251964178611
2017,10,5,3.67377400398254,0,6.05507050603774,0,1.05222044216366
2017,10,6,4.56079769134522,0,4.20657846561153,-3.63797880709171e-12,1.0114015834538
2017,10,7,0.965108811855316,0,3.42807060405539,3.63797880709171e-12,0.990992100032296
2017,10,8,1.53591620922089,0,1.12960156207919,0,0.995527528777836
2017,10,9,2.97587752342224,0,2.06358073312367,0,0.984189010980561
2017,10,10,0.56685334444046,0,2.19691985662212,0,0.911622042918768
2017,10,11,0.398913115262985,0,0.503807521894487,0,0.907086614173228
2017,10,12,0.088926337659359,0.0444625731397537,0.19945922982879,0,0.843590557669091
2017,10,13,0.648039758205414,0.368636298222555,0,0,0.839055128923551
2017,10,14,1.71277976036072,0.32401964172459,0.856390507582546,0.737119050678302,0.836787414550781
2017,10,15,12.5200967788696,0,7.1164520438906,0,0.854929129532942
2017,10,16,2.45963335037231,0.135173070357268,7.35507874355244,0.135173070357268,0.827716557059701
2017,10,17,2.2346088886261,1.10624838280637,1.24087285877613,0.135183610615059,0.818645645502045
2017,10,18,1.1608202457428,1.55483303765868,0.147495316152344,0,0.802771644892655
2017,10,19,2.65661096572876,1.90373019742401,0,0,0.768755929301104
2017,10,20,0.00497147301211953,1.33739271664672,0,0,0.746078731506828
2017,10,21,0,0.00209025541334995,0,0,0.732472445270208
2017,10,22,0.424489349126816,0.194179805730528,0,0,0.739275588388518
2017,10,23,0.163722202181816,0.286228737142665,0,0,0.721133873406358
2017,10,24,1.37200260162354,0.750522799695318,-3.63797880709171e-12,0,0.684850389375461
2017,10,25,0.39587676525116,0.871778931192239,3.63797880709171e-12,0,0.687118103748231
2017,10,26,10.5734949111938,2.45727434924265,3.02740838587488,0.00508419443576713,0.678047246257151
2017,10,27,25.6203536987305,2.26121818484535,15.8294426552493,12.8838401126995,0.671244103138841
2017,10,28,4.20317602157593,0,15.0020368251571,0,0.662173245647761
2017,10,29,0.0396838039159775,0.0198388988501392,2.10190608964695,0,0.653102388156681
2017,10,30,3.65299248695374,0.0198419070002274,1.82649577927805,0.039681245925749,0.644031476599025
2017,10,31,2.76693677902222,0,3.26869482256734,0,0.634960619107945
2017,11,1,0.243280604481697,0.048756150106783,1.45726419084531,0.0487561501031451,0.628157475989635
2017,11,2,0.0056415549479425,0.0515778740154929,0.072883213066234,0.0487570967197826,0.619086618498554
2017,11,3,0.165365770459175,0.0854785114970582,0,0,0.612283475380244
2017,11,4,0.136326268315315,0.150987415992859,0,0,0.605480332261934
2017,11,5,1.27519989013672,0.704654168333946,0,0,0.598677189143624
2017,11,6,1.6134694814682,1.43796621869842,0,0,0.594141706331508
2017,11,7,0,0.819032783670991,0,0,0.589606277585968
2017,11,8,0.430709302425385,0.212711559852323,0,0,0.585070848840428
2017,11,9,0.349421322345734,0.387956016751559,0,0,0.582803134467658
2017,11,10,1.72132730484009,1.03701010323857,0,0,0.580535420094888
2017,11,11,0.548454582691193,1.11554370382146,0,0,0.578267705722118
2017,11,12,0.297493547201157,0.415213568539912,3.63797880709171e-12,0,0.578267705722118
2017,11,13,0.00242849183268845,0.169498754679807,-3.63797880709171e-12,0,0.578267705722118
2017,11,14,0.356975108385086,0.154040933663055,-3.63797880709171e-12,0,0.580535420094888
2017,11,15,0.0475473031401634,0.218062964297133,3.63797880709171e-12,0,0.582803134467658
2017,11,16,3.98564839363098,2.03293158543238,0,0,0.585070848840428
2017,11,17,3.45850729942322,3.75527622720983,0,0,0.587338563213198
2017,11,18,0.419660627841949,1.98951310534903,0,0,0.591873991958738
2017,11,19,0.187469184398651,0.321731259518856,3.63797880709171e-12,3.63797880709171e-12,0.596409474770854
2017,11,20,1.07142543792725,0.662303494817024,-3.63797880709171e-12,-3.63797880709171e-12,0.598677189143624
2017,11,21,0.0472811944782734,0.57970099987142,0,0,0.603212617889164
2017,11,22,1.03224432468414,0.503516321587085,0,0,0.605480332261934
2017,11,23,6.81592988967896,3.98530619127996,0,0,0.610015761007474
2017,11,24,1.62310934066772,4.28186648936025,0,0,0.612283475380244
2017,11,25,0.40997189283371,1.10589880961561,0,0,0.616818904125784
2017,11,26,1.31075286865234,0.854768132812751,0,0,0.619086618498554
2017,11,27,1.33384776115417,1.32010266319776,0,0,0.619086618498554
2017,11,28,16.3836364746094,8.80773272340593,0,0,0.621354332871325
2017,11,29,4.60521030426025,10.6570841768262,0,0,0.621354332871325
2017,11,30,6.09553241729736,5.21027126208719,0,0,0.621354332871325
2017,12,1,0.272560983896256,3.33797140819297,0,0,0.619086618498554
2017,12,2,0.817302763462067,0.709478204196785,0,0,0.616818904125784
2017,12,3,0.729197502136231,0.753592830071284,0,0,0.612283475380244
2017,12,4,1.79988360404968,1.09673499927885,0,0,0.607748046634704
2017,12,5,3.15176391601563,2.24235630120165,0,0,0.603212617889164
2017,12,6,5.3914999961853,1.57588214306452,2.69574968151574,6.81087421811753,0.596409474770854
2017,12,7,16.6477432250977,0,10.9867702743068,17.7138234802478,0.589606277585968
2017,12,8,4.28057622909546,0,10.5509081117416,16.7948713305887,0.580535420094888
2017,12,9,7.81251573562622,0,6.04217407435863,9.01869065627034,0.571464562603808
2017,12,10,9.08437061309814,0.705066225720657,7.74164699932589,3.96457978770923,0.562393705112728
2017,12,11,7.40878057479858,0.704784439421928,7.5391781317594,3.75632847015368,0.553322847621647
2017,12,12,2.0485668182373,0.771880874948693,3.96255218470833,3.01426656094918,0.541984275757797
2017,12,13,11.7630414962769,6.6450858126409,0.251230048444995,0,0.530645649827371
2017,12,14,5.80003547668457,5.881522662723,2.90001679431225,7.03704959114839,0.521574792336291
2017,12,15,1.49882733821869,0.748425098110602,2.90384322693717,7.0463346394863,0.510236220472441
2017,12,16,4.27364158630371,2.86104720732692,0,0,0.498897648608591
2017,12,17,2.5113046169281,3.42862929871626,0,0,0.48755907674474
2017,12,18,0.290242999792099,1.47389072765509,0,0,0.476220450814315
2017,12,19,0.0722684860229492,0.124365703395597,0,0,0.464881878950464
2017,12,20,1.3623194694519,0.637108855615225,0,3.63797880709171e-12,0.455811021459384
2017,12,21,0.168843194842339,0.841430704873346,0,-3.63797880709171e-12,0.444472449595534
2017,12,22,0.0462796576321125,0.111187675160181,0,0,0.435401565071166
2017,12,23,0.0246292781084776,0.0399173258701921,0,0,0.424062993207316
2017,12,24,0.0025108465924859,0.0117337112642417,0,0,0.414992135716236
2017,12,25,0.179401472210884,0.0651284076411685,0,0,0.405921251191868
2017,12,26,0.166787385940552,0.174582358307816,0,0,0.396850393700787
2017,12,27,0.047001626342535,0.114031523968151,0,0,0.387779536209707
2017,12,28,0.00152875878848135,0.028149715217296,0,0,0.378708651685339
2017,12,29,0.000592399097513408,0.00150612729339628,0,0,0.369637794194259
2017,12,30,0.13666196167469,0.0312065315374639,0,0,0.362834651075949
2017,12,31,4.94734048843384,2.57171691880285,0,0,0.353763766551581
2018,1,1,3.9621467590332,4.54479226753028,0,-3.63797880709171e-12,0.344692909060501
2018,1,2,0.51501989364624,2.30720787714381,0,3.63797880709171e-12,0.337889765942191
2018,1,3,1.0494476556778,0.64917979436359,0,0,0.33108662282388
2018,1,4,3.39083123207092,2.31089021999651,0,0,0.322015738299513
2018,1,5,7.34300374984741,5.22224423591251,-3.63797880709171e-12,0,0.315212595181202
2018,1,6,6.67787313461304,7.12857524263382,3.63797880709171e-12,0,0.308409452062892
2018,1,7,8.31884860992432,7.39775822092634,0,0,0.301606308944582
2018,1,8,5.69980192184448,6.81702269870948,0,0,0.294803138792984
2018,1,9,6.02850770950317,5.88557692000177,0,0,0.290267710047444
2018,1,10,0.199809923768044,3.34495304582742,0,0,0.283464566929134
2018,1,11,0.00157384446356446,0.0695135068272066,0,0,0.276661423810824
2018,1,12,0.494402021169663,0.228227738356509,0,0,0.272125995065284
2018,1,13,18.1166534423828,9.07884143916817,0,0,0.265322824913686
2018,1,14,18.2383079528809,18.1456272403811,0,0,0.260787396168146
2018,1,15,4.14070177078247,9.11331725530181,2.07035031400301,9.70349750975947,0.253984253049835
2018,1,16,2.21722435951233,0,3.18518017624956,16.1453987350142,0.249448824304295
2018,1,17,0.543249309062958,0.272915251109225,1.10334472312752,6.39016971729143,0.244913395558755
2018,1,18,0.00704468181356788,0.274892856559745,0,0,0.240377939779927
2018,1,19,0.0664740651845932,0.0394288508105092,0,0,0.235842511034387
2018,1,20,1.06254911422729,0.312146551477781,0,0,0.231307082288847
2018,1,21,0.42668542265892,0.922523839293717,0,0,0.226091333824819
2018,1,22,2.39923548698425,1.44438024760893,0,0,0.222462993531715
2018,1,23,0.518039524555206,1.80542188378968,0,0,0.219514959440457
2018,1,24,1.79413223266602,1.26251854662041,0,0,0.216793694083146
2018,1,25,1.77220249176025,1.7818051436916,0,0,0.21407244224248
2018,1,26,1.68314528465271,1.76048095503575,0,0,0.211351176885169
2018,1,27,1.13852965831757,1.50687635565919,0,0,0.208629925044503
2018,1,28,1.59902882575989,1.29671453618357,0,0,0.206135428421141
2018,1,29,0.627645492553711,1.40020916029971,0,0,0.203414176580474
2018,1,30,0,0.362606914084608,0,0,0.200919679957112
2018,1,31,0,3.33517818944529e-05,0,0,0.198425196850394
2018,2,1,0.0231395345181227,0.0127656359036337,0,0,0.195930713743675
2018,2,2,0.0153216160833836,0.0181780038547004,0,0,0.193436217120313
2018,2,3,0.0108825461938977,0.0132551989227068,0,0,0.190941734013595
2018,2,4,0.0594238340854645,0.0489210317136894,0,0,0.188674019640825
2018,2,5,0.29557079076767,0.231944970524637,0,0,0.186179523017463
2018,2,6,1.49057722091675,0.495673486759188,0,0,0.183911808644693
2018,2,7,1.90729820728302,1.65498576627579,3.63797880709171e-12,0,0.181644094271923
2018,2,8,0.00659674359485507,1.40896537993467,-3.63797880709171e-12,0,0.179149611165204
2018,2,9,0.592635154724121,0.231834583722957,0,0,0.17688188327579
2018,2,10,0.126861914992332,0.481676854666148,0,0,0.174840951153613
2018,2,11,0.0148080410435796,0.0867346526938491,0,0,0.172573223264199
2018,2,12,2.09667158126831,1.30911464579185,0,0,0.170305508891429
2018,2,13,4.90818309783936,3.23727917898214,0,0,0.168264563252607
2018,2,14,0.147268116474152,2.21931730023061,0,0,0.166677168598325
2018,2,15,0.682595551013947,0.391785920048278,0,0,0.165316529161348
2018,2,16,0.400143057107925,0.601402179545403,0,0,0.163729134507067
2018,2,17,0.0966464355587959,0.367634900383564,0,0,0.162368508586733
2018,2,18,0.494462162256241,0.292368894537503,0,0,0.160781100415808
2018,2,19,0.229422301054001,0.387109252525988,0,0,0.159420474495475
2018,2,20,0.361916899681091,0.259393343687407,0,0,0.157833066324549
2018,2,21,0.26718071103096,0.306507965753553,0,0,0.156472440404216
2018,2,22,3.56954455375671,1.98209486088308,0,0,0.155111814483883
2018,2,23,3.78716564178467,3.60715671586877,0,0,0.153751175046906
2018,2,24,2.59351944923401,3.22285824381834,0,0,0.152390549126572
2018,2,25,1.57581532001495,2.0335489069148,0,0,0.151029923206239
2018,2,26,3.72052359580994,2.78280701290714,0,0,0.149669297285906
2018,2,27,2.84366965293884,3.14337773865918,0,0,0.148308657848929
2018,2,28,2.33063316345215,2.60071666818476,0,0,0.146948031928596
2018,3,1,0.487517297267914,1.56525215205693,0,0,0.145587406008262
2018,3,2,0.389613658189774,0.446427424696594,0,0,0.144453548821877
2018,3,3,0.0543745532631874,0.338245305145392,0,0,0.1430929093849
2018,3,4,0.00276321545243263,0.0649964012518467,0,0,0.141732283464567
2018,3,5,0.00450946111232042,0.0809553208709986,0,0,0.140598426278182
2018,3,6,0.656627118587494,0.570175407603529,0,0,0.139237800357849
2018,3,7,2.2726092338562,1.54438842781019,0,0,0.138103943171464
2018,3,8,0.954413294792175,1.6793017853779,0,0,0.137196854719027
2018,3,9,1.00120663642883,0.969260320056492,0,0,0.136743303734487
2018,3,10,7.89649868011475,3.79388080156059,0,0,0.136970072468435
2018,3,11,12.5591039657593,9.62411100923055,0,0,0.137196854719027
2018,3,12,8.70279216766357,11.287255880914,0,0,0.137877160920872
2018,3,13,5.53141736984253,4.35139481020087,2.76570949440065,2.88088448804774,0.139237800357849
2018,3,14,0.490818738937378,0,3.05124053590407,9.77983366305489,0.14082519501213
2018,3,15,0.54354989528656,0,0.516881472245586,9.05126849494627,0.142866140650952
2018,3,16,0.0887763127684593,0.00673069152253447,0.309225051652902,2.78220412720111,0.144453548821877
2018,3,17,0.019342852756381,0.0163447055347206,0.0383190019965696,0.765816549010197,0.146267712210107
2018,3,18,0.0528714992105961,0.0351311474551039,0,0,0.148535426582877
2018,3,19,1.21244835853577,0.603000083639927,0,0,0.151483460674136
2018,3,20,4.73291158676148,3.26343329978408,-3.63797880709171e-12,-3.63797880709171e-12,0.155111814483883
2018,3,21,3.99817633628845,4.19387441364233,3.63797880709171e-12,3.63797880709171e-12,0.158059848575141
2018,3,22,0.409333676099777,3.0044359292333,0,0,0.162141726336141
2018,3,23,0.0287150852382183,0.240933782188222,0,0,0.167130706066222
2018,3,24,0.104891151189804,0.0481955773611844,0,0,0.173253542982687
2018,3,25,0.0471614189445972,0.100208069885412,0,0,0.180963774553434
2018,3,26,0.715974509716034,0.561711212241789,0,0,0.188220468656285
2018,3,27,1.55058002471924,1.00352562421904,0,0,0.195703931493083
2018,3,28,0.698506355285645,1.36938533198918,0,0,0.203640945314422
2018,3,29,0.0154851581901312,0.394961972364399,0,0,0.211577959135761
2018,3,30,0.233087465167046,0.134165754632704,0,0,0.216566925349198
2018,3,31,0.0548196583986282,0.183622425061913,0,0,0.219514959440457
2018,4,1,0.0153469629585743,0.0667112699375139,0,0,0.226771653543307
2018,4,2,0.340963751077652,0.286781440914638,0,0,0.235842511034387
2018,4,3,0.0711638480424881,0.251697463903838,0,0,0.247181109931525
2018,4,4,0.0900088921189308,0.0785403121262789,0,0,0.258519681795376
2018,4,5,0.0338833332061768,0.0737900317690219,0,0,0.267590539286456
2018,4,6,0.00109595083631575,0.0176709954976104,0,0,0.276661423810824
2018,4,7,0.0727600902318955,0.0385704452528444,0,0,0.287999995674674
2018,4,8,0.0722508653998375,0.0724938062412548,0,0,0.294803138792984
2018,4,9,1.89348495006561,0.0361254542149254,0.902979217709799,4.93082473193863,0.301606308944582
2018,4,10,1.18609857559204,0,1.33472868179888,10.2872524600753,0.317480309553972
2018,4,11,10.7559480667114,0,5.92959972389144,13.3424964381302,0.32655119407834
2018,4,12,0.104941241443157,0,5.45085781753733,9.39925054569176,0.315212595181202
2018,4,13,0.0620941482484341,0.00220469166379189,0.0899769266980002,2.207287357116,0.265322824913686
2018,4,14,0.0334888026118279,0.00343816032909672,0.0423379535059212,2.00721777078434,0.265322824913686
2018,4,15,1.10660898685455,0.000749383641959867,0.411118174513831,2.27694410269032,0.247181109931525
2018,4,16,0.250800222158432,0.125892830361408,0.553342201128544,1.16155828189949,0.242645681185985
2018,4,17,0.0230038389563561,0.137385361838824,0,0,0.258519681795376
2018,4,18,1.51828014850616,0.770676570504293,0,3.63797880709171e-12,0.208629925044503
2018,4,19,5.09061288833618,1.1612120138052,2.14323337314272,0.735178907558293,0.210670870683325
2018,4,20,2.07244825363159,0.405194298633433,3.18805616728059,3.86522065521785,0.21860787098802
2018,4,21,0.435800164937973,0.218799495865824,1.0319469652386,3.13578886979303,0.233574796661617
2018,4,22,6.50653553009033,0.217455283309391,3.25990865636049,1.21432141075275,0.258519681795376
2018,4,23,8.21988677978516,0,7.3655269304727,7.77495773164992,0.287999995674674
2018,4,24,2.81247210502625,0,5.56376811793598,17.2008928649593,0.32655119407834
2018,4,25,1.13856279850006,0,2.01010657303777,27.1653024344814,0.362834651075949
2018,4,26,0.0339825786650181,0,0.600953914494312,25.6634962678763,0.428598421952856
2018,4,27,0,0,0.0176760063659458,11.7423045779105,0.467149593323235
2018,4,28,0.281428277492523,0.0158254723974096,0.0998664399703557,3.86943910385526,0.356031507957639
2018,4,29,0.0746121555566788,0.0227700034192822,0.174170207199495,3.41060020395162,0.371905508567029
2018,4,30,0.630275785923004,0,0.335616512402339,12.530185833828,0.401385822446327
2018,5,1,1.52497160434723,0,1.10656548804764,24.8951400435544,0.424062993207316
2018,5,2,0.638874053955078,0,1.0818282335822,26.5168049267631,0.419527564461776
2018,5,3,0.401839762926102,0,0.520400134864758,13.3691248055511,0.344692909060501
2018,5,4,1.70218741893768,0,1.0520112578597,16.5689304499028,0.383244107464167
2018,5,5,3.80751323699951,0,2.75671503134436,37.164076541867,0.702992104357622
2018,5,6,1.38184309005737,0,2.62044449887617,15.1748470719285,0.932031526340274
2018,5,7,0.0690967813134193,0,0.729634559244005,0,1.02500786969042
2018,5,8,0,0,0.0275992274291639,0,1.3560944925143
2018,5,9,0.00383632909506559,0,0.00158033753177733,0,1.76655117245171
2018,5,10,1.70670807361603,0,0.291978730492701,0,2.00012591504675
2018,5,11,0.320640027523041,0,1.18015746963647,0,2.56251972829263
2018,5,12,0.167252823710442,0,0.261270471131866,0,2.76661412997509
2018,5,13,5.30970621109009,0,3.61245957779465,0,2.29039378729392
2018,5,14,3.26557946205139,0,4.92568409598243,0,2.15659847710076
2018,5,15,0.188415437936783,0,2.07349705066372,0,1.83458271176796
2018,5,16,0.0601051896810532,0,0.0840997091145255,0,1.7007874015748
2018,5,17,0.0185784325003624,0,0.0261875707510626,0,1.76201574370617
2018,5,18,0.00924890208989382,0,0.0166478987230221,0,2.23596842608114
2018,5,19,0.0109661314636469,0,0.0343368900721543,0,3.58299216923751
2018,5,20,4.52218914031982,0,2.70664205664434,0,4.14992108682948
2018,5,21,9.3314208984375,0,5.92602506254843,0,3.83244085837537
2018,5,22,3.90288972854614,0,5.8891362825234,0,3.35622051569421
2018,5,23,0.653151333332062,0,2.38725875911041,0,2.47181093711553
2018,5,24,0.393149673938751,0,0.611697105021449,0,2.08403140090582
2018,5,25,0.100591994822025,0,0.367573384060961,0,1.65089768537386
2018,5,26,2.90849423408508,0,0.594915880908957,0,1.48535437396192
2018,5,27,0.249555185437202,0,1.99372360096095,0,1.31754329411064
2018,5,28,0.0578290671110153,0,0.181130797154765,0,1.19735437828725
2018,5,29,0.127411723136902,0,0.0907559711522481,0,1.19281894954171
2018,5,30,0.171408116817474,0,0.154781894649204,0,1.13839369646208
2018,5,31,0.254184454679489,0,0.241226897291199,0,1.17694489486574
2018,6,1,0.938858509063721,0,0.726879830970574,0,1.42412603183055
2018,6,2,1.3197135925293,0,1.18256941848449,0,1.83458271176796
2018,6,3,0.562343418598175,0,0.893732484801149,0,1.9071495716966
2018,6,4,4.80136680603027,0,3.54405632055932,0,2.29039378729392
2018,6,5,3.58393836021423,0,4.62091931106261,0,3.24283468892255
2018,6,6,0.0701072216033936,0,2.85845303910901,0,3.06141732283465
2018,6,7,3.90147931739193e-07,0,0.101533938301145,0,2.76661412997509
2018,6,8,1.03383529186249,0,0.815830457326229,0,2.51716544083723
2018,6,9,9.99452304840088,0,3.67308118115398,0,2.97070874792384
2018,6,10,8.80147933959961,0,9.6976099653948,0,5.32913385826772
2018,6,11,0.918742299079895,0,5.02221125448705,0,5.89606299212599
2018,6,12,0,0,0.48660017342263,0,4.12724426750123
2018,6,13,3.59468770027161,0,2.22579636839509,0,3.35622051569421
2018,6,14,10.2920341491699,0,5.23691404396232,0,4.24063009427288
2018,6,15,0.350416511297226,0,4.63831562709311,0,4.19527559055118
2018,6,16,2.49754977226257,0,1.43970882634676,0,5.71464584230438
2018,6,17,0.691446900367737,0,2.17371686783736,0,7.46078774760089
2018,6,18,0.455020695924759,0,0.745329633577057,0,9.5697639525406
2018,6,19,0.063025213778019,0,0.367647203427623,0,10.2274012287771
2018,6,20,0.0642734691500664,0,0.0850789196192636,0,7.50614138625738
2018,6,21,0.153700277209282,0,0.107657697655668,0,5.87338574026513
2018,6,22,0.00236085965298116,0,0.0590476812903944,0,5.05700770100271
2018,6,23,0.00475447997450829,0,0.00424977453803876,0,3.53763788178211
2018,6,24,0.0466089472174645,0,0.0114384984990465,0,2.67590555506428
2018,6,25,0.521114766597748,0,0.118428695892362,0,2.23823619452048
2018,6,26,0.246898964047432,0,0.432459973402729,0,2.07042522280235
2018,6,27,0.022127378731966,0,0.236930173639848,0,1.85045665831078
2018,6,28,0.0624308325350285,0,0.0498153477929009,0,1.70305517001415
2018,6,29,0.368864506483078,0,0.11216588582829,0,1.69398420438992
2018,6,30,0.890201508998871,0,0.459020958303881,0,2.08629916934517
2018,7,1,0.0136239882558584,0,0.67261551466072,0,1.90261425108422
2018,7,2,0.934099316596985,0,0.262124427634262,0,1.96157471664309
2018,7,3,0.680593371391296,0,0.809641542819009,0,2.65322830320343
2018,7,4,0.0262021105736494,0,0.43800433837896,0,2.67590555506428
2018,7,5,0.00369906751438975,0,0.0236205038745538,0,2.15206294022207
2018,7,6,1.78213274478912,0,0.671041316105402,0,1.9570393960307
2018,7,7,1.58237648010254,0,1.65018814332507,0,1.96837802196112
2018,7,8,0,0,0.586800274424604,0,1.90941734013595
2018,7,9,0.174351349473,3.63797880709171e-12,0.160115740090987,0,1.75521254652128
2018,7,10,3.57141757011414,-3.63797880709171e-12,2.87038642815605,0,1.64409448818898
2018,7,11,3.5536048412323,0,3.56543791166405,0,2.1180472786971
2018,7,12,3.59704566001892,0,3.55985616739417,0,1.66223620317114
2018,7,13,0.625213086605072,0,2.50717981972048,0,1.63955905944344
2018,7,14,1.61007130146027,0,0.996668981821131,0,1.46948031928596
2018,7,15,4.07975339889526,0,1.94157470132632,0,1.39691335122416
2018,7,16,2.05128741264343,0,3.00381014641971,0,1.51029917799582
2018,7,17,1.43989169597626,0,1.83848088488594,0,1.40371654840905
2018,7,18,5.71050262451172,0,3.99654201768863,0,2.12938590462752
2018,7,19,1.22409021854401,0,3.44415701212711,0,2.33574807474932
2018,7,20,0.00296463328413665,0,0.781281091221899,0,1.7960315133643
2018,7,21,0.00875840336084366,0,0.0172817277707509,0,1.57606294887272
2018,7,22,0.0478731393814087,0,0.0180407276675396,0,1.46267712210107
2018,7,23,0.205219984054565,0,0.119121137970069,0,1.38330706498754
2018,7,24,0.00350575568154454,0,0.113507081681746,0,1.29940157912848
2018,7,25,0.0574755594134331,0,0.0282227796051302,0,1.22683461106668
2018,7,26,0.245662331581116,0,0.155285806788015,0,1.18374798391748
2018,7,27,0.0061755538918078,0,0.103079654330941,0,1.18601575235682
2018,7,28,0,0,0.00263610384718049,0,1.13385826771654
2018,7,29,0.0271510649472475,3.63797880709171e-12,0.0282301285515132,0,1.06809449683963
2018,7,30,2.36299157142639,-3.63797880709171e-12,1.424397064402,0,1.02274020938423
2018,7,31,0.21291908621788,0,0.728680613385222,0,0.981921242541216
2018,8,1,0.00133098545484245,0,0.177008238941198,0,0.936566955085814
2018,8,2,0.00465444102883339,0,0.0204087927959336,0,0.904818899800458
2018,8,3,0.426870256662369,0,0.155274218155682,-3.63797880709171e-12,0.877606273260642
2018,8,4,0.296689867973328,0,0.358677344094758,3.63797880709171e-12,0.859464558278482
2018,8,5,0.478999614715576,0,0.400171878245601,0,0.843590557669091
2018,8,6,3.72924470901489,0,2.25678377932127,3.63797880709171e-12,0.829984271432471
2018,8,7,12.3012342453003,0,5.94795793984304,-3.63797880709171e-12,0.945637812576895
2018,8,8,19.8136749267578,0,16.2089669456036,0,1.67584248940776
2018,8,9,16.618371963501,0,18.1055212661377,0,3.37889755128876
2018,8,10,5.29280424118042,0,9.8597867084718,0,2.87999995674674
2018,8,11,0.117800883948803,0,1.51970790587802,0,2.15659847710076
2018,8,12,0.512146294116974,0,0.33945674824281,0,1.76655117245171
2018,8,13,5.74950170516968,0,1.71615681159165,0,1.59874020073358
2018,8,14,7.02815675735474,0,6.20739740069621,0,2.0023936834861
2018,8,15,0.0713255628943443,0,5.41981553029837,0,1.76201574370617
2018,8,16,0.286880165338516,0,0.400788850787649,0,1.5851338063638
2018,8,17,0.0192672330886126,0,0.0559252146413201,0,1.43092912088229
2018,8,18,0.000295116857159883,0,0.00303767513833009,0,1.31981106254998
2018,8,19,0,0,0.000251824174483772,0,1.23590546855776
2018,8,20,0.310359597206116,0,0.0595152513124049,0,1.17921255517194
2018,8,21,1.32309281826019,0,0.641979885440378,0,1.15653541144424
2018,8,22,1.63031458854675,0,1.43528604323728,0,1.17014169768086
2018,8,23,0.835086107254028,0,1.3178853005993,0,1.13159049927719
2018,8,24,2.05001044273376,0,1.3146180861404,0,1.09077164056733
2018,8,25,1.66756987571716,0,1.85069490542082,0,1.06809449683963
2018,8,26,1.24412894248962,0,1.4169237659662,0,1.05448821060301
2018,8,27,1.75381863117218,0,1.54913300265616,0,0.995527528777836
2018,8,28,12.4422187805176,0,5.06422394497349,0,1.46040946179488
2018,8,29,1.20827460289001,0,8.85224595893669,0,1.68264568659264
2018,8,30,1.70786380767822,0,1.44406919622998,0,1.36743311844473
2018,8,31,2.97633218765259,0,2.02463043261014,0,1.28806295319805
2018,9,1,0.0549698881804943,0,1.25973376445472,0,1.2404408973033
2018,9,2,0.374385923147202,-3.63797880709171e-12,0.233652817147231,0,1.21096066452387
2018,9,3,0.0210397932678461,3.63797880709171e-12,0.125816695490357,0,1.14519689364696
2018,9,4,0,0,0.0159009320013865,0,1.08850398026113
2018,9,5,0,0,0.000953617389313877,0,1.03861415592704
2018,9,6,0.0181447230279446,0,0.00683904104880639,0,1.01593701219934
2018,9,7,0.23077455163002,0,0.0981308479167637,0,0.997795297217181
2018,9,8,0.875388562679291,0,0.471894217367662,0,0.979653582235021
2018,9,9,0.0164077691733837,0,0.546028863991523,0,0.947905472883089
2018,9,10,0.00169613945763558,0,0.0183195033641823,0,0.913889811358114
2018,9,11,0.00102324737235904,0,0.00157022671191953,0,0.868535415769562
2018,9,12,1.74974834918976,0,0.660152005006239,0,0.893480327936608
2018,9,13,3.75789713859558,0,2.75335702420489,0,1.19735437828725
2018,9,14,1.48852622509003,0,1.97259101420786,0,1.33795277753214
2018,9,15,0.0287735778838396,0,0.249503116079723,0,1.12478741022546
2018,9,16,0,0,0.00414630765953916,0,1.01820467250554
2018,9,17,0.00343105918727815,0,0.00257299024815438,0,0.952440901628629
2018,9,18,0,0,0.000545303631952265,0,0.911622042918768
2018,9,19,0.000831976241897792,0,0.000623908432316966,0,0.895748042309378
2018,9,20,0,0,0.000107950458186679,0,0.884409470445528
2018,9,21,0,0,0.166324378591526,0,0.870803130142332
2018,9,22,1.38215732574463,0,1.20281985385736,0,0.857196843905712
2018,9,23,0.934414386749268,0,1.19535861893746,0,0.900283471054918
2018,9,24,0.660175323486328,0,0.881075003322621,0,0.900283471054918
2018,9,25,3.97010564804077,0,1.93740065607562,0,0.863999987024022
2018,9,26,1.75536358356476,0,3.24406233549234,0,0.857196843905712
2018,9,27,0.881699204444885,0,1.66043828450711,0,0.834519700178011
2018,9,28,1.39971876144409,0,1.12612739564793,0,0.818645645502045
2018,9,29,0.049466960132122,0,0.323270437365863,0,0.798236216147115
2018,9,30,0.000385776540497318,0,0.0307031049014768,0,0.773291358046644
2018,10,1,0.410244971513748,0,0.273307086106797,0,0.750614160252368
2018,10,2,0.000407089799409732,0,0.302692433218908,0,0.730204730897438
2018,10,3,0.00167404441162944,0,0.0166122390510282,0,0.721133873406358
2018,10,4,0.140796139836311,0,0.0194340394045867,0,0.712063015915278
2018,10,5,1.14706611633301,0,0.39395164133748,0,0.732472445270208
2018,10,6,0.105484999716282,0,0.983254100548947,0,0.757417303370679
2018,10,7,2.40245270729065,0,1.21966379840524,0,0.743811017134058
2018,10,8,1.83550310134888,0,2.13434155716459,0,0.757417303370679
2018,10,9,0.043072447180748,0.0215394065926375,0.917829917169001,0,0.709795301542507
2018,10,10,1.47395813465118,0.758447679403616,0,0,0.730204730897438
2018,10,11,0.329003274440765,0.736979426459584,0.164501557061158,1.51696883591285,0.709795301542507
2018,10,12,0.482729464769363,0,0.362098191180849,-3.63797880709171e-12,0.682582675002691
2018,10,13,11.1644153594971,0,5.10060213771794,0,0.714330730288048
2018,10,14,44.0130004882813,0,27.5886954350426,0,2.97070874792384
2018,10,15,16.8181457519531,0,30.4155524436064,0,4.9662991260919
2018,10,16,3.90219283103943,0,12.3539981069007,0,3.10677161029005
2018,10,17,3.91851425170898,0,3.91023723472244,0,2.12258259930949
2018,10,18,9.28369617462158,0,5.13620220163284,0,1.74387402872401
2018,10,19,33.9686393737793,0,21.3406063601651,0,1.70985825906588
2018,10,20,25.1221923828125,0,29.5454204268681,0,1.7234645453025
2018,10,21,0.746524214744568,0,14.3989450183799,0,1.62595277320682
2018,10,22,25.605676651001,0,13.1761029378249,0,1.54658271609329
2018,10,23,26.2956371307373,0,25.9506827520054,0,1.79829917367049
2018,10,24,22.2686271667481,0,24.2821372674043,0,2.01146454097718
2018,10,25,6.52594900131226,0,12.5048659764834,0,1.67130706066222
2018,10,26,5.02655935287476,0,5.4604321034858,0,1.46721255084661
2018,10,27,0.751051843166351,0,3.24010169313624,0,1.36970077875092
2018,10,28,0.223129615187645,0.111564598293626,0.391282299588056,0,1.2177637535756
2018,10,29,4.38526153564453,2.30354827530755,0,3.63797880709171e-12,1.20642523577833
2018,10,30,4.62692356109619,2.19262906597214,2.31346357618168,2.10245608663536,1.15653541144424
2018,10,31,0.176538661122322,0.0882610942717292,2.31367764633978,2.10265063179031,1.04088192436639
2018,11,1,0.160215198993683,0.172407749992999,0,0,0.963779527559055
2018,11,2,0.752387404441834,0.453052349061181,0,0,0.943370044137549
2018,11,3,1.85235965251923,1.29196219024016,0,0,0.922960668849194
2018,11,4,0.0452537350356579,0.963551939537865,0,0,0.904818899800458
2018,11,5,0.0117849670350552,0.0283922352136869,0,0,0.884409470445528
2018,11,6,0.0197384022176266,0.0143543359336036,0,0,0.866267701396792
2018,11,7,1.24508893489838,0.617068351748458,0,0,0.848125986414632
2018,11,8,2.04405283927917,1.6643698062835,0,0,0.829984271432471
2018,11,9,2.16946721076965,2.08252803533105,3.63797880709171e-12,3.63797880709171e-12,0.811842502383735
2018,11,10,1.11246538162231,1.67826900810178,-3.63797880709171e-12,-3.63797880709171e-12,0.795968501774345
2018,11,11,3.6807131767273,2.39101526649392,0,0,0.777826786792184
2018,11,12,1.72097480297089,1.84035726930961,0.860487083093176,3.9391401226967,0.761952732116219
2018,11,13,3.17330694198608,1.58036545483265,0.863897571871348,3.95475266757421,0.746078731506828
2018,11,14,2.9978232383728,3.08650329894954,0,0,0.730204730897438
2018,11,15,0.126380145549774,1.48794319375156,0,3.63797880709171e-12,0.714330730288048
2018,11,16,2.47877883911133,1.26314583059866,0,-3.63797880709171e-12,0.698456675612082
2018,11,17,9.87851428985596,6.14572451212371,0,0,0.689385818121001
2018,11,18,2.81167531013489,5.0432241682247,1.3018719036736,0.962868061043991,0.680314960629921
2018,11,19,6.09778070449829,0.104163296819024,4.34743532407811,8.94752692087786,0.673511817511611
2018,11,20,5.7106876373291,0,5.90531372489568,10.00401283479,0.664440960020531
2018,11,21,1.71743285655975,0.864285626423225,2.83682551046513,1.95955343831156,0.657637816902221
2018,11,22,0.11322071403265,0.916623500139394,0,-3.63797880709171e-12,0.648566905344565
2018,11,23,0.469652503728867,0.212193840041437,0,0,0.641763762226255
2018,11,24,5.12207174301148,2.78621902547093,0,0,0.634960619107945
2018,11,25,2.05868887901306,3.57460885661567,0,0,0.625889761616865
2018,11,26,5.43799781799316,3.76555225754055,0,0,0.619086618498554
2018,11,27,5.74003791809082,5.66627179966235,0,0,0.612283475380244
2018,11,28,0.510639250278473,3.28362647886752,0,0,0.603212617889164
2018,11,29,0.394940942525864,0.424827329698019,0,0,0.596409474770854
2018,11,30,0.410079836845398,0.403502270080935,0,0,0.589606277585968
2018,12,1,0.110419690608978,0.350531861276977,0,0,0.582803134467658
2018,12,2,0.207468077540398,0.182361212271644,0,0,0.575999991349348
2018,12,3,0,0.114802690259239,0,0,0.569196848231038
2018,12,4,1.63619756698608,0.661635425378336,0,0,0.562393705112728
2018,12,5,0.338909566402435,1.11950883482132,0,0,0.555590561994417
2018,12,6,1.73534619808197,0.993399637500261,0,0,0.548787418876107
2018,12,7,5.06867408752441,3.33252919300139,0,0,0.541984275757797
2018,12,8,18.9651641845703,11.9267660946934,0,0,0.535181078572912
2018,12,9,9.36317253112793,9.48258356319275,4.68158553936883,1.16860676965734,0.528377935454602
2018,12,10,3.56410980224609,1.78230765132321,4.68092227261877,1.16844120651149,0.521574792336291
2018,12,11,6.14840364456177,4.8561380836727,0,0,0.517039363590751
2018,12,12,1.3708598613739,3.93860408793262,0,0,0.510236220472441
2018,12,13,1.67339015007019,1.53715860547163,0,0,0.503433077354131
2018,12,14,0.571943879127502,1.11855700027809,0,0,0.498897648608591
2018,12,15,12.5029811859131,6.72305193550346,0,0,0.492094505490281
2018,12,16,17.5575256347656,14.7419599783098,0,0,0.48755907674474
2018,12,17,14.8248081207275,16.4859770391085,0,0,0.480755879559855
2018,12,18,14.0372266769409,14.2361935839399,0,0,0.476220450814315
2018,12,19,8.00294208526611,11.4932998648001,0,0,0.471685022068775
2018,12,20,4.0870189666748,6.63691015213772,0,0,0.464881878950464
2018,12,21,0.154226064682007,2.21842222997657,0,0,0.460346450204924
2018,12,22,0.00084434321615845,0.128694890765473,0,0,0.455811021459384
2018,12,23,0.214864626526833,0.105039897309325,0,0,0.449007878341074
2018,12,24,0.475607842206955,0.288093706054497,0,0,0.444472449595534
2018,12,25,0.106607370078564,0.239073564476712,0,0,0.439937020849994
2018,12,26,0.470846146345139,0.313247865036828,0,0,0.433133850698396
2018,12,27,1.47598218917847,0.826646862638881,0,0,0.428598421952856
2018,12,28,3.203608751297,1.93570222645576,0,0,0.424062993207316
2018,12,29,0.148268088698387,1.65472453739858,0,0,0.419527564461776
2018,12,30,0.806905806064606,0.614373552405596,-3.63797880709171e-12,0,0.414992135716236
2018,12,31,2.88382935523987,2.30186670452531,3.63797880709171e-12,0,0.410456679937408
