Year,Month,Day,Forcing_Precipitation_mm/d,HBV_Snowfall_mm/d,HBV_Rainfall_mm/d,HBV_Snowmelt_mm/d,Observed_Streamflow_mm/d
1979,1,1,11.2672348022461,11.8378430718996,0,0,
1979,1,2,0.678245365619659,7.85208529832908,0,0,
1979,1,3,0.000193060375750065,0.451597058625058,-0.000444594522400899,0,
1979,1,4,0.1128089427948,-0.0923024306303368,-0.0354450637609031,0,
1979,1,5,3.16827821731567,0.910801554247552,0.277510257734112,0,
1979,1,6,1.69272494316101,2.16453510965976,0.482556054541458,0,
1979,1,7,2.43876242637634,2.04194737012162,0,0,
1979,1,8,0.470995277166367,1.81095788299311,0,0,
1979,1,9,0.218103870749474,0.318383424677752,0,0,
1979,1,10,1.52040386199951,0.618637534584273,0,0,
1979,1,11,1.96534323692322,1.764680814858,-0.0039941649426497,0,
1979,1,12,0.197825655341148,1.312309726183,0.026016329331381,0,
1979,1,13,1.14165997505188,0.449914551803925,0.0650386678300259,0,
1979,1,14,0.965989291667938,1.0984584539076,0.0267562015630057,0,
1979,1,15,0.208515137434006,0.730153206189058,-0.000382011491634304,0,
1979,1,16,0.0100370030850172,0.141665329787415,-0.00310897999670468,-0.222494576789115,
1979,1,17,0.107666738331318,0.00198695700112239,0.0398743627831335,1.34590020535104,
1979,1,18,1.43671977519989,0,0.768775163319545,2.76272693598737,
1979,1,19,5.94234991073608,0,3.67015304494895,2.56552324961011,
1979,1,20,1.50864374637604,0,3.75042253633617,3.25122933200429,
1979,1,21,0.997278332710266,0.213455535905865,1.06526982989842,1.49787437016537,
1979,1,22,0.10468253493309,0.245625328990933,0.309880956653039,0,
1979,1,23,1.73475801944733,0.183535065651355,0.691025591086209,0,
1979,1,24,3.31742215156555,1.3994318848878,0.886201424648634,0,
1979,1,25,0.454679816961289,1.97848176514771,0,0,
1979,1,26,7.64604234695435,1.09731419629833,0.912019891001639,0,
1979,1,27,1.8876166343689,2.39995857221535,2.5531708569999,0,
1979,1,28,0.591539680957794,0.91504816935781,0.349089789703646,0,
1979,1,29,0.434080898761749,0.532794077558933,-0.00698678313655776,0,
1979,1,30,0.990122854709625,0.555528722600243,0.0441752659986854,0,
1979,1,31,0.226249679923058,0.589446413354708,0.0864963815021067,0,
1979,2,1,0.00791988614946604,0.18932687486916,-3.88135153794877e-05,0,
1979,2,2,0.00657462608069181,0.0061953272231392,-0.00359366275448458,0,
1979,2,3,0.271986693143845,0.0147426769950201,0.0367956126389029,0,
1979,2,4,0.0246571637690067,0.0459454172781264,0.114178418353008,0,
1979,2,5,0.000381351594114676,0.00450531361736495,-0.00465862170143438,0,
1979,2,6,0.398433178663254,0.116480139497199,0.0688715514204041,0,
1979,2,7,8.17719745635986,2.51572418400678,1.25886426567774,0,
1979,2,8,0.0924117341637611,2.93417068551107,1.43223905682586,0,
1979,2,9,0.01061368919909,0.0657633520255487,0.00320171850339079,0,
1979,2,10,0.0003694569459185,0.00606986961100375,-7.77595535623732e-05,-0.119101236560141,
1979,2,11,0.00150830741040409,0.000130713618567313,0.000788759858497912,0.619675215649458,
1979,2,12,0.0008778958581388,0,0.00120874860932574,2.29273658742211,
1979,2,13,0.014157616533339,-7.105427357601e-15,0.00710394828472971,1.81012426521558,
1979,2,14,0.0298711229115725,1.4210854715202e-14,0.0217303245482938,3.11531102889086,
1979,2,15,0.00644448213279247,-7.105427357601e-15,0.0189164121634562,6.6435009577784,
1979,2,16,0.000761977513320744,0.000269966155585166,0.00360790487543028,3.75469143374683,
1979,2,17,0.0579020790755749,0.0292061894138698,8.2260051623706e-05,0,
1979,2,18,0.0924146398901939,0.0592822820314964,0.0139822077463698,-3.5527136788005e-15,
1979,2,19,0.0284186396747828,0.0383758397349538,-0.000903439843668252,-0.127657357081802,
1979,2,20,0.388967603445053,0,0.193357299089666,0.67475059810922,
1979,2,21,5.21079730987549,0,2.72738137676824,3.87681231408833,
1979,2,22,24.6907711029053,0,14.8844013268561,9.40666947908505,
1979,2,23,22.2668151855469,-4.9737991503207e-14,23.4844857833517,7.01536238427759,
1979,2,24,4.97121667861939,-7.105427357601e-14,14.1642739510728,-4.9737991503207e-14,
1979,2,25,32.6955032348633,1.19394256698214,17.5519415662453,-7.105427357601e-15,
1979,2,26,0.0102341026067734,1.20259166170256,15.1647896208979,0,
1979,2,27,0.769440174102783,1.4210854715202e-14,0.382694415010207,0.945530382830171,
1979,2,28,8.36389350891113,2.1316282072803e-14,4.5435420481986,1.4696709126954,
1979,3,1,0.861422419548035,0,4.65271181613058,3.5527136788005e-14,
1979,3,2,0.696894466876984,0,0.779607638430917,0,
1979,3,3,34.8249931335449,-2.1316282072803e-14,11.5079870348137,-4.9737991503207e-14,
1979,3,4,0.212638303637505,1.4210854715202e-14,17.5265077004557,-2.1316282072803e-14,
1979,3,5,0.000328690686728805,0,0.119640394961777,0,
1979,3,6,0.00938425771892071,0,0.00478591499080494,0,
1979,3,7,0.00016574737674091,0,0.00516188702201248,0,
1979,3,8,0.0230984538793564,-7.105427357601e-15,0.0109807569999987,0,
1979,3,9,0.24861341714859,7.105427357601e-15,0.106181336562713,0,
1979,3,10,0.000755399814806879,0,0.147322239401205,0,
1979,3,11,0.00015366415027529,7.105427357601e-15,0.000472272018669173,0,
1979,3,12,1.63110944413347e-05,-7.105427357601e-15,0.000127239059025897,0,
1979,3,13,0.0170272681862116,0,0.00751533419426664,0,
1979,3,14,1.21191114885733e-05,7.105427357601e-15,0.00925170141229614,0,
1979,3,15,0.00701348530128598,-7.105427357601e-15,0.0030099866410751,0,
1979,3,16,0.0400754995644093,0,0.0275451867603636,0,
1979,3,17,0.0212827231734991,-7.105427357601e-15,0.0310960486127954,-7.105427357601e-15,
1979,3,18,0.221663951873779,7.105427357601e-15,0.113861599567713,7.105427357601e-15,
1979,3,19,6.39843511581421,0,3.23957865245438,0,
1979,3,20,34.8308715820313,-2.8421709430404e-14,20.614561856196,-6.3948846218409e-14,
1979,3,21,0.520883202552795,-1.4210854715202e-14,18.4843796216712,-3.5527136788005e-14,
1979,3,22,1.26852810382843,0,0.863730450681999,-7.105427357601e-15,
1979,3,23,14.5071573257446,4.9737991503207e-14,7.87713514211248,5.6843418860808e-14,
1979,3,24,0.134625256061554,-7.105427357601e-14,7.32524614105995,-7.105427357601e-14,
1979,3,25,2.24688046728261e-05,0,0.0544171904085147,0,
1979,3,26,0.344178825616837,7.105427357601e-15,0.148865700031649,7.105427357601e-15,
1979,3,27,4.81604242324829,-1.4210854715202e-14,2.57145581309607,-7.105427357601e-15,
1979,3,28,1.70311093330383,7.105427357601e-15,3.35958707901423,0,
1979,3,29,9.09846305847168,0,5.35285944327674,7.105427357601e-15,
1979,3,30,29.6303215026856,-7.105427357601e-15,18.8788957554282,-2.1316282072803e-14,
1979,3,31,2.36156320571899,2.8421709430404e-14,15.9964841413101,-1.4210854715202e-14,
1979,4,1,27.4691028594971,-3.5527136788005e-14,14.9125094216095,1.4210854715202e-14,
1979,4,2,7.40532207489014,2.8421709430404e-14,17.5326043963244,-2.1316282072803e-14,
1979,4,3,1.97443234920502,0,4.69342667241386,0,
1979,4,4,4.48055601119995,0,3.15544791847987,0,
1979,4,5,0.000446541089331731,0,2.28948983629823,0,
1979,4,6,0.00374024221673608,0,-0.00624996831720637,0,
1979,4,7,0.0557383038103581,0,0.0296099436422992,0,
1979,4,8,1.65517854690552,0,0.85264883188762,0,
1979,4,9,1.37076568603516,0,1.51375143377362,0,
1979,4,10,1.420445561409,0,1.39392611944976,0,
1979,4,11,32.4141311645508,-1.4210854715202e-14,16.8616438498117,-2.1316282072803e-14,
1979,4,12,19.3846206665039,2.8421709430404e-14,25.9027774755323,-3.5527136788005e-14,
1979,4,13,0.48206952214241,2.1316282072803e-14,9.94194035644836,2.8421709430404e-14,
1979,4,14,0.0864412933588028,0,0.285519754421841,7.105427357601e-15,
1979,4,15,0.017945121973753,0,0.0530917095119321,0,
1979,4,16,0.000319237558869645,0,0.0095011175553168,0,
1979,4,17,0.000299031933536753,0,0.000309396705233667,7.105427357601e-15,
1979,4,18,0.914324343204498,0,0.47725722670225,-7.105427357601e-15,
1979,4,19,0.677984178066254,0,0.797666956071851,0,
1979,4,20,0.209759935736656,0,0.432747655716753,-7.105427357601e-15,
1979,4,21,1.79416000843048,0,0.720401472291428,7.105427357601e-15,
1979,4,22,0.360996097326279,0,1.2482616916073,0,
1979,4,23,18.8812141418457,1.4210854715202e-14,8.30814583333381,3.5527136788005e-14,
1979,4,24,12.0584917068481,-3.5527136788005e-14,15.49222628947,-7.8159700933611e-14,
1979,4,25,1.89431691169739,0,7.00240581055493,0,
1979,4,26,2.36034345626831,0,2.09080302963633,0,
1979,4,27,1.95079803466797,0,2.16661647315391,0,
1979,4,28,0.853892505168915,0,1.44208362373706,0,
1979,4,29,0.00832876469939947,0,0.515292248773676,0,
1979,4,30,2.75116775583228e-07,0,0.00502118409804098,0,
1979,5,1,7.2313632699661e-05,0,3.41142234105973e-05,0,
1979,5,2,2.60364460945129,0,1.16989321443049,0,
1979,5,3,29.2910003662109,0,10.7118867891006,0,
1979,5,4,32.8931884765625,-4.9737991503207e-14,31.0310690290052,6.3948846218409e-14,
1979,5,5,6.31981420516968,-9.2370555648813e-14,19.6214367307492,2.8421709430404e-14,
1979,5,6,0.0483126118779182,0,3.63356077033876,-7.105427357601e-15,
1979,5,7,0.000159216710017063,0,0.0250141334389582,0,
1979,5,8,0.000358771940227598,0,0.000255419604911822,0,
1979,5,9,0.0105282356962562,0,0.00554081409211449,0,
1979,5,10,1.74473297595978,0,0.862944789264589,0,
1979,5,11,38.4598426818848,2.8421709430404e-14,19.6005540497336,4.2632564145606e-14,
1979,5,12,10.4089279174805,-9.9475983006414e-14,24.4589250046685,-4.2632564145606e-14,
1979,5,13,0.0266553219407797,0,5.30734528804265,-7.105427357601e-15,
1979,5,14,0.0193464383482933,0,0.0232885267595862,7.105427357601e-15,
1979,5,15,0.458309054374695,0,0.228550448588237,0,
1979,5,16,0.0126250721514225,0,0.235861174570459,0,
1979,5,17,0.0111519377678633,0,0.01201882074389,-7.105427357601e-15,
1979,5,18,0.00612855423241854,0,0.00787385003098962,7.105427357601e-15,
1979,5,19,0.422599077224731,0,0.171913182067556,0,
1979,5,20,9.52768325805664,0,3.41959516181618,0,
1979,5,21,25.8747005462647,-6.3948846218409e-14,17.1432127064124,1.4210854715202e-14,
1979,5,22,24.2929229736328,-9.9475983006414e-14,25.0838259568766,-3.5527136788005e-14,
1979,5,23,1.60251224040985,4.2632564145606e-14,13.6736987653992,-6.3948846218409e-14,
1979,5,24,0.776895403862,0,1.19478519185236,-7.105427357601e-15,
1979,5,25,3.4971071727341e-05,0,0.394495334102317,7.105427357601e-15,
1979,5,26,0.921381950378418,0,0.527029819162749,0,
1979,5,27,1.57067251205444,0,1.2115412611339,0,
1979,5,28,3.57993221282959,0,2.54411133962719,0,
1979,5,29,7.59702682495117,0,5.7276748292727,0,
1979,5,30,6.89686632156372,0,7.25356581490905,0,
1979,5,31,3.91180801391602,7.105427357601e-15,5.52820859605617,7.105427357601e-15,
1979,6,1,0.520122587680817,-7.105427357601e-15,2.23783305250311,-7.105427357601e-15,
1979,6,2,11.7229499816895,0,5.62520953916203,0,
1979,6,3,23.3397083282471,3.5527136788005e-14,17.5269876668851,-2.1316282072803e-14,
1979,6,4,0.000588247028645128,-3.5527136788005e-14,11.8684205971439,-8.5265128291212e-14,
1979,6,5,0.39583683013916,0,0.1640909791696,0,
1979,6,6,6.63751077651978,0,3.51064738378261,0,
1979,6,7,29.7441082000732,-1.4210854715202e-14,18.1810666717009,-3.5527136788005e-14,
1979,6,8,1.09973990917206,4.9737991503207e-14,15.4270063611804,1.27897692436818e-13,
1979,6,9,0.225138425827026,0,0.746101738855714,0,
1979,6,10,3.6313784122467,0,1.85364086404525,0,
1979,6,11,0.035800151526928,0,1.98985746735173,0,
1979,6,12,1.43069792102324e-05,0,0.018204021275551,0,
1979,6,13,0.00101851753424853,0,0.000498714032232783,0,
1979,6,14,0.00815456360578537,0,0.00437582639256107,0,
1979,6,15,2.76366222351498e-06,0,0.00205945243601491,0,
1979,6,16,0.000878300576005131,0,0.000608925182064013,0,
1979,6,17,0.000836336461361498,0,0.000858224306625743,0,
1979,6,18,0.00260558002628386,0,0.0017566400637179,0,
1979,6,19,0.104709312319756,0,0.069331306919139,0,
1979,6,20,1.62362217903137,0,0.85949647248367,0,
1979,6,21,21.0228519439697,0,10.8200324950832,0,
1979,6,22,7.42955732345581,0,14.3459295755983,0,
1979,6,23,2.19773459434509,0,4.85868867268937,0,
1979,6,24,2.65538573265076,0,2.41583019059306,0,
1979,6,25,0.411385864019394,0,1.56482018402528,-7.105427357601e-15,
1979,6,26,8.42491062940098e-05,7.105427357601e-15,0.195749812994222,7.105427357601e-15,
1979,6,27,0.000199124289792962,-7.105427357601e-15,0.000159925880439005,0,
1979,6,28,0.966236591339111,0,0.462212753681001,0,
1979,6,29,3.60309171676636,7.105427357601e-15,1.98179150415183,0,
1979,6,30,2.46012878417969,-7.105427357601e-15,2.88639144242336,0,
1979,7,1,8.86763763427734,0,5.44521368065296,0,
1979,7,2,6.86395454406738,0,7.93165663322191,0,
1979,7,3,0.000174517219420522,0,3.64975471800062,0,
1979,7,4,0.00162415904924274,0,0.000883983296262159,0,
1979,7,5,0.614858984947205,0,0.33758392424977,0,
1979,7,6,8.54412651062012,0,3.60702993139159,-7.105427357601e-15,
1979,7,7,5.07090473175049,0,6.8410184916404,7.105427357601e-15,
1979,7,8,0.0097153140231967,0,2.64693079731023,0,
1979,7,9,6.76763534545898,0,3.2942015476259,0,
1979,7,10,3.80367064476013,0,5.35409004334849,0,
1979,7,11,0.104007802903652,0,1.96752742422484,0,
1979,7,12,0.0181064307689667,0,0.0693617688144741,0,
1979,7,13,0.0475614778697491,7.105427357601e-15,0.0360272667506933,7.105427357601e-15,
1979,7,14,0.23860265314579,-7.105427357601e-15,0.12332583071111,-7.105427357601e-15,
1979,7,15,1.68827474117279,0,1.13688546820094,0,
1979,7,16,0.415741235017777,0,0.992661066587175,0,
1979,7,17,3.33121728897095,0,1.76330187038843,0,
1979,7,18,12.0278615951538,-7.105427357601e-15,6.68840423957749,0,
1979,7,19,0.00182562263216823,7.105427357601e-15,6.02946637785817,0,
1979,7,20,0.0523133650422096,0,0.0249235880313563,0,
1979,7,21,0.00306772999465466,0,0.0237720140470401,0,
1979,7,22,7.13349581928924e-05,0,0.00136252185791363,0,
1979,7,23,0.0121860122308135,0,0.00555230638769899,0,
1979,7,24,0.0717480927705765,0,0.0337195188295709,0,
1979,7,25,1.05084311962128,0,0.560519222201378,0,
1979,7,26,0.804425060749054,0,0.959870366184759,0,
1979,7,27,27.6022262573242,7.105427357601e-15,13.6779505649445,1.4210854715202e-14,
1979,7,28,50.3699569702149,-4.2632564145606e-14,38.9805675161697,1.4210854715202e-14,
1979,7,29,0.854010701179504,-2.8421709430404e-14,26.0457299849292,-7.105427357601e-15,
1979,7,30,0.0268632415682077,0,0.447063608578674,0,
1979,7,31,0.228426203131676,0,0.126326288734049,0,
1979,8,1,13.8289928436279,0,7.02570163000735,0,
1979,8,2,0.707704246044159,0,7.28268798245711,0,
1979,8,3,1.32600462436676,0,1.01016134849942,7.105427357601e-15,
1979,8,4,2.38712358474731,0,1.91071898256484,-7.105427357601e-15,
1979,8,5,0.00644577853381634,0,1.31197332628847,0,
1979,8,6,0.00664780754595995,0,0.00656404910682795,0,
1979,8,7,0.000822539033833891,0,0.00249674135920941,0,
1979,8,8,6.20020318820025e-06,0,-0.0142379967602437,7.105427357601e-15,
1979,8,9,0.939270675182343,0,0.368476681601123,-7.105427357601e-15,
1979,8,10,1.53742134571075,0,1.17590668965761,0,
1979,8,11,17.6815280914307,0,9.4992437439173,0,
1979,8,12,0.0210556089878082,0,9.32427197315315,0,
1979,8,13,1.05580511444714e-06,7.105427357601e-15,0.00784977301032086,0,
1979,8,14,0.446307301521301,-7.105427357601e-15,0.171473869331408,0,
1979,8,15,5.14611101150513,0,2.74194015817841,7.105427357601e-15,
1979,8,16,7.91954898834229,0,6.73355872366017,-7.105427357601e-15,
1979,8,17,0.0257795434445143,0,4.25453498300715,0,
1979,8,18,0.0746550112962723,0,0.0483830490373975,0,
1979,8,19,0.0140101006254554,0,0.038803973740869,0,
1979,8,20,0.485167503356934,0,0.20232828074063,0,
1979,8,21,7.00478601455689,0,3.66742322393816,0,
1979,8,22,1.81960940361023,0,4.42195553811939,0,
1979,8,23,1.41555774211884,0,1.62527439612654,0,
1979,8,24,0.198625326156616,0,0.705048447756553,0,
1979,8,25,0.062938816845417,0,0.152445522252037,0,
1979,8,26,0.377694725990295,0,0.208542115758178,0,
1979,8,27,1.46332848072052,0,1.10250230995075,0,
1979,8,28,18.371208190918,0,9.89249752385297,7.105427357601e-15,
1979,8,29,10.3814210891724,0,14.4839123502182,-7.105427357601e-15,
1979,8,30,0.110428892076015,-7.105427357601e-15,5.76174588871982,0,
1979,8,31,0.885304510593414,7.105427357601e-15,0.465758280976274,0,
1979,9,1,11.9883642196655,0,5.96258287075227,0,
1979,9,2,8.52602767944336,0,10.2575121036796,0,
1979,9,3,0.0854703858494759,0,4.30725267707703,0,
1979,9,4,0.0131914941594005,0,0.0515713768259047,0,
1979,9,5,0.123299337923527,0,0.0766827843681313,0,
1979,9,6,0.391241103410721,0,0.218997335722747,0,
1979,9,7,2.29178619384766,0,1.09992437477217,0,
1979,9,8,7.10275126039051e-05,0,1.20345826343032,0,
1979,9,9,0.000509721750859171,0,0.000340331824418172,0,
1979,9,10,0.000196323060663417,0,0.000370048295053493,0,
1979,9,11,0,0,0.000128517459643263,0,
1979,9,12,2.59799817285966e-05,0,1.24413328421724e-05,0,
1979,9,13,0.0128831537440419,0,0.00449680276483377,0,
1979,9,14,3.94014750781935e-05,0,0.00686106151147214,0,
1979,9,15,3.94014750781935e-05,0,3.94014750781935e-05,0,
1979,9,16,9.87892926787026e-05,0,6.64059491555236e-05,0,
1979,9,17,0.000296169164357707,0,0.000229590032972737,0,
1979,9,18,0.00849823374301195,0,0.00398517115013419,0,
1979,9,19,0.000998227740637958,0,0.0035460292008338,0,
1979,9,20,5.56424331665039,0,2.50052133343866,0,
1979,9,21,30.7681941986084,5.6843418860808e-14,17.4822891685042,-1.4210854715202e-14,
1979,9,22,0.15030063688755,0,15.4848987720259,7.105427357601e-15,
1979,9,23,3.86395622626878e-05,0,0.0815770492060892,0,
1979,9,24,3.62685968866572e-05,0,3.72233315601989e-05,0,
1979,9,25,0.0081254169344902,0,0.00493133055181261,0,
1979,9,26,0.0441877134144306,0,0.0258164063681079,0,
1979,9,27,7.18094015610404e-05,-7.105427357601e-15,0.0263130939202938,0,
1979,9,28,0.00294368364848197,7.105427357601e-15,0.00168566890715738,0,
1979,9,29,0.00191812834236771,0,0.00251032564631259,0,
1979,9,30,0.767241477966309,0,0.43239600694983,0,
1979,10,1,0.00131321442313492,0,0.431942695677776,0,
1979,10,2,0.000395236886106432,0,0.000776244498638334,0,
1979,10,3,0,7.105427357601e-15,0.000223660993583508,7.105427357601e-15,
1979,10,4,0.009668143466115,-7.105427357601e-15,0.00548780318626996,-7.105427357601e-15,
1979,10,5,0,0,0.00572788843794569,0,
1979,10,6,4.61172248833464e-06,0,2.47621869675641e-06,0,
1979,10,7,5.65180962439627e-05,0,2.49943101380268e-05,0,
1979,10,8,0.000303768407320604,-7.105427357601e-15,0.000187083101764074,0,
1979,10,9,0.331557065248489,7.105427357601e-15,0.121556712986944,0,
1979,10,10,0.000239361965213902,0,0.174524672422081,0,
1979,10,11,3.27752968587447e-05,0,0.000101462130146501,0,
1979,10,12,0.00959853548556566,0,0.00439189656822236,-7.105427357601e-15,
1979,10,13,0.00136284716427326,0,0.00419553333642853,7.105427357601e-15,
1979,10,14,6.19721004113671e-06,0,0.000726661385556326,0,
1979,10,15,0.485315412282944,7.105427357601e-15,0.274676219072603,7.105427357601e-15,
1979,10,16,2.18390440940857,-7.105427357601e-15,1.06719753425443,-7.105427357601e-15,
1979,10,17,3.08137226104736,0,2.60704148463515,0,
1979,10,18,2.33185148239136,0,2.68313578730374,0,
1979,10,19,0.861486732959747,0,1.68862777232596,-7.105427357601e-15,
1979,10,20,0.0484179183840752,0,0.42558655367327,7.105427357601e-15,
1979,10,21,0.0351149439811707,0,0.0429005484508025,7.105427357601e-15,
1979,10,22,13.7235088348389,7.105427357601e-15,5.98056542810366,0,
1979,10,23,0.205919623374939,-1.4210854715202e-14,7.71409422375871,-7.105427357601e-15,
1979,10,24,0.100130572915077,7.105427357601e-15,0.155936371420012,0,
1979,10,25,0.000131265158415772,0,0.0687318807704287,0,
1979,10,26,4.31606786150951e-05,0,1.29106267650059e-05,0,
1979,10,27,0.0210297331213951,0,0.00833991103422704,0,
1979,10,28,3.74448084831238,0,1.68503583924326,0,
1979,10,29,0.426840513944626,0,2.29006859025503,0,
1979,10,30,3.69753408432007,0,1.91107637128061,0,
1979,10,31,39.0746955871582,7.105427357601e-15,21.3394022170221,1.4210854715202e-14,
1979,11,1,0.00509575521573424,2.1316282072803e-14,19.7417781328297,2.1316282072803e-14,
1979,11,2,4.54398395959288e-05,-7.105427357601e-15,0.00289288923909226,-7.105427357601e-15,
1979,11,3,0.00043865735642612,0,0.000267167844185678,0,
1979,11,4,1.62869873747695e-05,0,0.000202896491146021,0,
1979,11,5,0.00414153141900897,0,0.00183373836512146,0,
1979,11,6,0.00042439452954568,0,0.00282903642914789,0,
1979,11,7,0.00639651669189334,0,0.00337099266903351,0,
1979,11,8,9.1115140914917,-1.4210854715202e-14,3.3491430833194,0,
1979,11,9,32.336238861084,8.5265128291212e-14,20.2362363645957,9.9475983006414e-14,
1979,11,10,0.546137630939484,-4.2632564145606e-14,17.287335370065,-8.5265128291212e-14,
1979,11,11,0.000217035805690102,-8.5265128291212e-14,0.305715872799738,-4.9737991503207e-14,
1979,11,12,0.000837486644741148,7.105427357601e-15,0.000588373510481688,0,
1979,11,13,0.00782215967774391,-7.105427357601e-15,0.00512634885944863,0,
1979,11,14,2.22651033254806e-05,0,0.00372741996784498,0,
1979,11,15,1.35000163936638e-05,0,1.84989671652147e-05,0,
1979,11,16,0.000119266253022943,0,5.49476758351375e-05,0,
1979,11,17,0.000149344545206986,7.105427357601e-15,0.000132550683247246,7.105427357601e-15,
1979,11,18,0.000691779772751033,-7.105427357601e-15,0.000409750412018184,-7.105427357601e-15,
1979,11,19,0.8267862200737,0,0.411847569816018,0,
1979,11,20,0.583641350269318,0,0.696624129532665,0,
1979,11,21,18.6090049743652,4.2632564145606e-14,9.47138173797134,7.105427357601e-15,
1979,11,22,10.2943782806396,0,14.5666043456158,0,
1979,11,23,0.0603698156774044,0,5.33772430438012,-7.105427357601e-15,
1979,11,24,0.000965378945693374,0,0.0309492560372746,0,
1979,11,25,0.166146025061607,0,0.0784577979811729,0,
1979,11,26,2.11673164367676,0,1.07209663574349,0,
1979,11,27,0.000521439767908305,7.105427357601e-15,1.13757850141565,7.105427357601e-15,
1979,11,28,0.000345214240951464,-7.105427357601e-15,0.000441795123833799,-7.105427357601e-15,
1979,11,29,0.000155754605657421,3.13096642443611e-05,0.000227101778818906,0,
1979,11,30,0.000814340834040195,0.00020705933924603,0.000270758531087267,0,
1979,12,1,1.63511867867783e-05,0.000207504241025447,0.0002792503537421,0,
1979,12,2,0.000609444512519985,6.60037867206142e-05,0.000204846704491501,7.105427357601e-15,
1979,12,3,0.00075598998228088,8.35174954332274e-05,0.000592903364349695,-1.4210854715202e-14,
1979,12,4,1.51075901158038e-05,0,0.000466834638245928,7.105427357601e-15,
1979,12,5,0.000380102079361677,0,0.0001886484365059,0,
1979,12,6,0.00120239669922739,0,0.000748740701283168,0,
1979,12,7,9.94100046227686e-05,7.105427357601e-15,0.00074911382080245,0,
1979,12,8,0.000159881979925558,-7.105427357601e-15,0.000124343610423239,0,
1979,12,9,6.11717841820791e-05,0,9.74280746959266e-05,0,
1979,12,10,0.000615911849308759,0,0.00032416320914308,0,
1979,12,11,0.145736157894135,0,0.05361830260631,0,
1979,12,12,13.5954275131226,2.8421709430404e-14,6.86393316667113,-7.105427357601e-15,
1979,12,13,11.745623588562,0,12.6763643950228,0,
1979,12,14,0.000689399777911604,0,6.30889421976281,0,
1979,12,15,0.0204130485653877,0,0.0117662652605759,0,
1979,12,16,0.00036703041405417,0,0.0104733614264205,0,
1979,12,17,7.17034345143475e-05,3.41860903247948e-05,0.000192041099353446,0,
1979,12,18,0.000478524278150871,4.54793087953931e-05,0.000175010875409498,0,
1979,12,19,7.89296100265347e-05,0,0.000251626546742045,0,
1979,12,20,0.00135585479438305,0,0.00068199396628188,0,
1979,12,21,0.201078221201897,0,0.0926556799306582,0,
1979,12,22,10.1397304534912,0,4.69127735116058,0,
1979,12,23,9.47196006774902,0,9.80702963207364,0,
1979,12,24,30.6579475402832,-2.1316282072803e-14,19.9978204962811,7.105427357601e-15,
1979,12,25,0.622002243995667,-2.8421709430404e-14,15.6455931778232,-4.9737991503207e-14,
1979,12,26,0.000693532056175172,0,0.323376435884938,0,
1979,12,27,0.0024199141189456,0,0.00141330263636519,-7.105427357601e-15,
1979,12,28,0.0225279945880175,0,0.012185273455998,0,
1979,12,29,0.149767100811005,-7.105427357601e-15,0.0823806627554404,7.105427357601e-15,
1979,12,30,0.217099636793137,7.105427357601e-15,0.187421224710079,0,
1979,12,31,0.28537905216217,0,0.26419071567193,0,
1980,1,1,0.0337607562541962,0,0.162858792481075,7.105427357601e-15,0.706181023389318
1980,1,2,0.394702672958374,0,0.196802833020001,-7.105427357601e-15,0.621894901242851
1980,1,3,5.38180494308472,-7.105427357601e-15,2.07401903041136,-1.4210854715202e-14,0.558110808807687
1980,1,4,0.537293016910553,0.0701361601182668,2.90688376643288,2.8421709430404e-14,0.509133737830686
1980,1,5,0.000371132307918742,0.0711129020701193,0.19945467975981,7.105427357601e-15,0.462434670154941
1980,1,6,0.3888059258461,1.0581476551863e-05,0.194286740913412,0.152211936893963,0.431681625587987
1980,1,7,1.47205340862274,0,0.894383317654274,0,0.405484587623544
1980,1,8,0.00139025517273694,0.000203033069574587,0.76015909529724,0,0.389538564514753
1980,1,9,0.000102980309748091,0.000221106493469847,0.00052662872349174,0,0.365619529851566
1980,1,10,0.429093152284622,1.09938978170021e-05,0.214396105954393,0.00635681289892887,0.351951510044031
1980,1,11,3.13109493255615,0,1.74130184825117,0,0.343978498489636
1980,1,12,0.0114986728876829,0,1.58549996497391,0,0.370175536454078
1980,1,13,7.55975634092465e-05,0,0.00711364184962804,0,0.358785519947799
1980,1,14,0.546993672847748,0,0.260507134426462,0,0.359924521598427
1980,1,15,0.135293900966644,7.105427357601e-15,0.347120991455768,7.105427357601e-15,0.350812508393403
1980,1,16,5.51327466964722,-7.105427357601e-15,2.79557900101031,-7.105427357601e-15,0.343978498489636
1980,1,17,0.000668527209199965,0,2.82547315326724,0,0.356507516646543
1980,1,18,0.000104920960438903,0,-0.00107431787319001,0,0.356507516646543
1980,1,19,0.195312261581421,0,0.0531895785438792,0,0.356507516646543
1980,1,20,1.42313861846924,0,0.73398971369511,0,0.350812508393403
1980,1,21,1.69569849967957,0,1.48667798988936,0,0.340561493537752
1980,1,22,0.43144103884697,0,1.15390599909551,0,0.334866485284612
1980,1,23,0.268037408590317,0,0.349789008469998,0,0.324615470428961
1980,1,24,3.77698916054214e-06,0,0.135891704357846,0.002295351127934,0.315503457223937
1980,1,25,2.25593212235253e-05,0,1.17135293749016e-05,0,0.305252442368286
1980,1,26,0.00691641215234995,0,0.00340379795534318,0,0.296140429163263
1980,1,27,0.00610360968858004,0.000486758309754976,0.00603939047505264,0,0.285889414307611
1980,1,28,0.34717521071434,0.130745773480243,0.045553436470982,0,0.271082392849448
1980,1,29,0.901650786399841,0.580802242709247,0.0431595309551085,0,0.260831377993797
1980,1,30,0.972185373306274,0.932857440898097,0,0,0.253997368090029
1980,1,31,0.548817694187164,0.804779300320995,0,0,0.246024356535634
1980,2,1,0.00474854931235313,0.328967419395603,0,0,0.235773341679982
1980,2,2,0.00182630424387753,0.00283088478664695,7.63355033086555e-05,0,0.225522326824331
1980,2,3,0.455507606267929,0.0700166264230546,0.150213730729092,0,0.219827318571191
1980,2,4,0.399746835231781,0.108667220986412,0.317070803228035,0,0.212993308667423
1980,2,5,2.37282419204712,0.0407825905788854,1.30256536492334,0.0963258214872411,0.211854307016796
1980,2,6,1.86801173640561e-06,0,1.2642210366414,0.107313791109974,0.205020297113028
1980,2,7,0.092969998717308,0.0326275416169324,0.00911800507719818,7.105427357601e-15,0.201603292161144
1980,2,8,17.9657516479492,5.2846530772205,3.24263221736192,1.4210854715202e-14,0.216410313619307
1980,2,9,0.70672744512558,5.98580000533018,3.59335665949106,0,0.219827318571191
1980,2,10,0.00527323270216584,0.308811820380981,0.0831779493641989,7.105427357601e-15,0.218688316920563
1980,2,11,0.000295409059617668,0.00202583887769947,0.000980548739562437,0,0.211854307016796
1980,2,12,0.000237470201682299,0.000126234775905232,0.000148305999573495,0,0.20957630371554
1980,2,13,1.00820958614349,8.75081246078935e-05,0.502149497191795,0,0.211854307016796
1980,2,14,0.371178567409515,0,0.697063337216378,2.26262302158211,0.219827318571191
1980,2,15,2.77474331855774,0,1.55916107615735,5.51798405150056,0.282472409355727
1980,2,16,0.325943559408188,0.086128782854118,1.479538387915,3.25225929697629,0.601392871531549
1980,2,17,0.0018793469062075,0.0927226567389994,0.0797572194096574,-7.105427357601e-15,0.866780256127857
1980,2,18,0.000283932720776647,0.00101496813051938,7.84988428677025e-05,7.105427357601e-15,0.769965115824483
1980,2,19,0.306394726037979,6.41250821615813e-05,0.148756390708513,1.60473290774526,0.692513003581783
1980,2,20,0.0121593223884702,0,0.159917763854537,2.22851073237338,0.648091939207294
1980,2,21,0.0269881188869476,0,0.0190649325791128,0,0.603670874832804
1980,2,22,0.00669734086841345,0,0.0170333038279296,0,0.541025784048268
1980,2,23,0.0163811687380075,0,0.01011666239242,0,0.489770709770011
1980,2,24,0.385065138339996,0,0.144303289954678,0,0.447627648696778
1980,2,25,1.36119508743286,0,0.828308825114846,0,0.415735602479195
1980,2,26,0.000384578452212736,5.78768417085485e-05,0.689882634836977,0,0.384982557912241
1980,2,27,4.1634171793703e-05,6.22148028810443e-05,0.000161264666530769,0,0.362202524899683
1980,2,28,0.0823974907398224,0,0.0395749263680045,0,0.343978498489636
1980,2,29,0.00858743861317635,0,0.0465965662401686,0,0.326893473730217
1980,3,1,1.84485411643982,0.821686984533969,0.00476264483904743,0,0.323476468778333
1980,3,2,0.0125332558527589,1.02379936189882,0,0,0.312086452272054
1980,3,3,0.000616843579337001,0.00735007252274045,0.000231815766710497,0,0.29727943081389
1980,3,4,0.061912227421999,2.94716052451349e-05,0.0312306048028859,1.7551802264317,0.288167417608867
1980,3,5,0.714948773384094,0,0.43497930540002,0,0.281333407705099
1980,3,6,9.29357629502192e-05,0,0.285853544927932,0,0.283611411006355
1980,3,7,0.0201793499290943,0,0.00781038560285197,0,0.285889414307611
1980,3,8,0.00267891539260745,0,0.00950753567531137,0,0.277916402753216
1980,3,9,0.00403137737885118,0,0.00331544969617426,0,0.26994339119882
1980,3,10,3.99461860070005e-05,0,0.00254948761130436,0,0.261970379644425
1980,3,11,0.278587877750397,0,0.144647700021778,0,0.253997368090029
1980,3,12,14.5619192123413,0,6.32634882823231,0,0.260831377993797
1980,3,13,0.443019896745682,5.6843418860808e-14,7.58363812027642,2.8421709430404e-14,0.279055404403844
1980,3,14,0.00133948121219873,0,0.186006886876385,0,0.315503457223937
1980,3,15,0.000999953364953399,0,0.00119216906773545,0,0.345117500140264
1980,3,16,0.87142425775528,0,0.315247494281948,0,0.332588481983356
1980,3,17,21.7251319885254,2.8421709430404e-14,10.9582610974692,0,0.87589226933288
1980,3,18,0.0142034720629454,-1.4210854715202e-14,11.3971667227713,0,2.4260735158375
1980,3,19,0.00414113560691476,0,-0.0879583204778101,0,1.75406254196702
1980,3,20,2.23858428001404,0,0.986639077995051,0,1.3781919972598
1980,3,21,4.4655556678772,0,3.13686003493967,0,1.27568184870328
1980,3,22,6.45069449092262e-05,0,2.24489848822827,0,1.27568184870328
1980,3,23,3.0466845035553,0,1.46539036155968,0,1.12761163412165
1980,3,24,16.0064907073975,0,9.52171613581368,0,2.22105321872447
1980,3,25,0.0146589372307062,-5.6843418860808e-14,8.03795831414072,0,2.7563839945196
1980,3,26,0.00267710094340146,0,0.00750315538198265,0,2.16410313619307
1980,3,27,0.723753213882446,0,0.313915525222001,0,1.7654525584733
1980,3,28,6.80559253692627,0,3.68849797100256,0,1.54904224485399
1980,3,29,2.99311280250549,0,5.06504483128902,0,1.51487219533515
1980,3,30,14.0000267028809,4.2632564145606e-14,8.39765056274223,0,2.26661328474959
1980,3,31,0.9469393491745,9.9475983006414e-14,7.48109759602744,0,2.80194406054472
1980,4,1,0.000516960979439318,0,0.488235412218046,0,2.3121733507747
1980,4,2,0.106590032577515,0,0.0450523244555825,0,1.92491278956121
1980,4,3,3.64830565452576,0,1.79206637544462,0,1.6515523934105
1980,4,4,0.00023912699543871,0,1.87126819483387,0,1.44653209629747
1980,4,5,2.63862052207742e-08,0,0.000141653173841405,0,1.25290181569073
1980,4,6,0.00816543772816658,0,0.00211008657879574,0,1.11052660936223
1980,4,7,0.195708960294724,0,0.0947402416957175,0,1.05243752518021
1980,4,8,11.7202711105347,0,5.33513495057127,0,1.69711245943562
1980,4,9,0.00180154573172331,0,7.06393096967895,0,1.91352277305493
1980,4,10,4.00486424041446e-05,0,0.0011091854132701,0,1.51487219533515
1980,4,11,0.36942595243454,0,0.135989797903676,0,1.30985189822212
1980,4,12,1.35681700706482,0,0.779405201748432,0,1.16178168364049
1980,4,13,6.93652725219727,1.4210854715202e-14,4.14765650678987,0,1.04902052022833
1980,4,14,13.8015270233154,-4.2632564145606e-14,10.3541562008627,0,1.20734174966561
1980,4,15,0.00880775600671768,0,6.90794997193393,0,1.34402194774096
1980,4,16,2.18045133806299e-05,0,0.00464546945818256,0,1.67433242642306
1980,4,17,3.90581464767456,0,1.94948638432788,0,1.60599232738539
1980,4,18,2.0627908706665,0,3.10610438483741,0,1.45792211280375
1980,4,19,6.50897491141222e-05,0,1.36175653289251,0,1.56043226136027
1980,4,20,1.51383783304482e-05,0,4.62818452433567e-05,0,1.3212419147284
1980,4,21,1.7746171579347e-05,0,1.63192830768821e-05,0,1.12761163412165
1980,4,22,1.05884046206484e-05,0,1.39419473725866e-05,0,1.03421349877016
1980,4,23,0.0898972898721695,0,0.0541501229529331,0,0.930564348563021
1980,4,24,1.23145532608032,0,0.614025003011193,0,0.846278226416554
1980,4,25,10.97740650177,0,4.67480442879992,0,0.838305214862159
1980,4,26,5.71094608306885,0,8.3648155975427,0,0.88158727758602
1980,4,27,1.62030649185181,0,3.87660864289956,0,0.944232368370556
1980,4,28,0.00824754778295755,0,0.878976393869607,0,0.912340322152974
1980,4,29,1.22540844138541e-09,0,0.00441889403100504,0,0.820081188452112
1980,4,30,0.0199649184942245,0,0.010663994645256,0,0.74946308611318
1980,5,1,2.77118515968323,0,1.33496607840925,0,0.686817995328644
1980,5,2,0.263541668653488,0,1.55642654282178,0,0.629867912797247
1980,5,3,1.53536224365234,0,1.0350301090773,0,0.577473836868362
1980,5,4,0.0510186776518822,0,0.662482067597011,0,0.528496765891361
1980,5,5,0.165622562170029,0,0.114148031999775,0,0.482936699866244
1980,5,6,1.17420423030853,0,0.657452545426395,0,0.445349645395522
1980,5,7,0.26613113284111,0,0.581348815951969,0,0.463573671805569
1980,5,8,2.92828965187073,0,1.48187646769179,0,0.474963688311848
1980,5,9,3.53631708094326e-06,0,1.64591034838963,0,0.410040594226056
1980,5,10,0.00336276576854289,0,0.00119499679112778,0,0.391816567816009
1980,5,11,0.0224496219307184,0,0.0137978886775727,0,0.361063523249055
1980,5,12,9.50816631317139,0,4.30314435682476,0,0.4077625909248
1980,5,13,13.951000213623,0,11.7085257694396,0,0.526218762590105
1980,5,14,1.06903076171875,0,7.58836431727855,0,0.612782888037828
1980,5,15,1.53362452983856,0,1.29736868584359,0,0.523940759288849
1980,5,16,32.7659759521484,4.2632564145606e-14,17.1119301779515,0,1.62877236039794
1980,5,17,8.770676612854,-5.6843418860808e-14,20.7814386705386,-5.6843418860808e-14,5.23940759288849
1980,5,18,7.55145311355591,0,8.17428928571417,0,3.4170049518838
1980,5,19,4.67805433273315,0,6.1488554186235,0,2.66526386246936
1980,5,20,0.109356224536896,0,2.76559261887655,0,2.08437302064912
1980,5,21,10.4747858047485,0,5.19472780006799,0,2.27800330125587
1980,5,22,11.6977701187134,0,11.1089637673806,0,2.65387384596308
1980,5,23,9.39751243591309,0,10.666356189801,0,3.15503457223937
1980,5,24,0.572794318199158,0,5.24080689016205,0,3.38283490236496
1980,5,25,0.165970161557198,0,0.41124612846761,0,2.55136369740657
1980,5,26,1.11513113975525,0,0.63109098834093,0,1.87935272353609
1980,5,27,0.0192941576242447,0,0.577277244745346,0,1.3781919972598
1980,5,28,0.047165147960186,0,0.0325590754721361,-1.4210854715202e-14,1.08091256644591
1980,5,29,1.65169608592987,0,0.62520439247055,1.4210854715202e-14,0.92031333370737
1980,5,30,0.245311632752419,0,0.522816794497885,0,0.800718160391437
1980,5,31,3.84027743339539,0,1.78074155522017,0,0.666315965617341
1980,6,1,0.74841171503067,0,2.31806161329837,0,0.558110808807687
1980,6,2,0.00713612791150808,0,0.349310756267869,0,0.47951969491436
1980,6,3,0.0145037472248077,0,0.0119363130627335,0,0.422569612382963
1980,6,4,0.00520270084962249,0,0.0099043466520925,0,0.377009546357846
1980,6,5,0.0154609885066748,0,0.0113789299634846,0,0.338283490236496
1980,6,6,0.133889317512512,0,0.0745975100348915,0,0.307530445669542
1980,6,7,1.0528815984726,0,0.748545051696965,0,0.281333407705099
1980,6,8,1.52095699310303,0,1.30650199551724,0,0.255136369740657
1980,6,9,0.00366926938295364,0,0.860694282419217,0,0.232356336728098
1980,6,10,2.61421992036048e-05,0,0.00154327388440834,0,0.215271311968679
1980,6,11,9.78205280262046e-05,0,5.86228550218948e-05,0,0.199325288859888
1980,6,12,2.95735105737549e-07,0,3.95366953398479e-05,0,0.185657269052353
1980,6,13,2.9120166800567e-05,0,1.33903063215257e-05,0,0.173128250895446
1980,6,14,0.0101056732237339,0,0.00599755457642459,0,0.162877236039794
1980,6,15,0.164615735411644,0,0.0780339131545134,0,0.151487219533515
1980,6,16,5.40397787094116,0,2.46344932975967,0,0.149209216232259
1980,6,17,22.969762802124,-1.13686837721616e-13,14.1715730107219,-8.5265128291212e-14,0.173128250895446
1980,6,18,33.5616188049316,7.105427357601e-14,28.2495944576044,-2.8421709430404e-13,1.27568184870328
1980,6,19,11.418493270874,5.6843418860808e-14,22.5861045720665,5.6843418860808e-14,2.55136369740657
1980,6,20,3.19787979125977,0,7.38508173652076,0,1.25290181569073
1980,6,21,2.87797713279724,0,3.04086877159898,0,0.787050140583902
1980,6,22,2.98252272605896,0,2.9249283431709,0,0.553554802205175
1980,6,23,22.7361831665039,0,12.5797100016455,0,1.44653209629747
1980,6,24,3.01006484031677,0,13.181543753421,0,1.068383548289
1980,6,25,0.240629121661186,0,1.64735567561934,0,0.787050140583902
1980,6,26,1.13365161418915,0,0.671661130285202,0,0.57291783026585
1980,6,27,0.0600188076496124,0,0.606937772613492,0,0.447627648696778
1980,6,28,0.0212853346019983,0,0.0391474687908158,0,0.372453539755334
1980,6,29,0.26986375451088,0,0.169538811338953,0,0.312086452272054
1980,6,30,0.094688780605793,0,0.173802983320684,0,0.268804389548192
1980,7,1,0.0299067460000515,0,0.0647630758637661,0,0.24260735158375
1980,7,2,0.00862099137157202,0,0.0203454566642449,0,0.219827318571191
1980,7,3,0.0186430439352989,0,0.0148112753558962,0,0.19818628720926
1980,7,4,0.16068197786808,0,0.0870176236931002,0,0.179962260799213
1980,7,5,0.00400266982614994,0,0.0638628443764446,0,0.160599232738539
1980,7,6,0.00560094602406025,0,0.00474679853709858,0,0.148070214581631
1980,7,7,0.00381648819893599,0,0.0045294424585336,0,0.13781919972598
1980,7,8,4.30309501098236e-06,0,0.00212266929747784,0,0.127568184870328
1980,7,9,4.58803551737219e-05,0,2.83101819604781e-05,0,0.120734174966561
1980,7,10,0,0,2.64991072072007e-05,1.4210854715202e-14,0.111622161761537
1980,7,11,1.50014457176439e-05,0,8.34124057291774e-06,-1.4210854715202e-14,0.10478815185777
1980,7,12,1.12994757728302e-05,0,1.35308794142475e-05,0,0.100232145255258
1980,7,13,1.21040984595311e-05,0,1.17249926461227e-05,0,0.0956761386527464
1980,7,14,0.000248150667175651,0,9.89791310530563e-05,0,0.0911201320502346
1980,7,15,3.77454271074384e-05,0,0.000146619584711516,0,0.0865641254477229
1980,7,16,0.00898282136768103,0,0.00303900011067526,0,0.0820081188452112
1980,7,17,0.0107483696192503,0,0.00977421996367411,0,0.0797301155439553
1980,7,18,3.43521213531494,0,1.71836328519544,0,0.0751741089414436
1980,7,19,0.049957774579525,0,1.83658213478111,0,0.0728961056401877
1980,7,20,0.0900387391448021,0,0.0687869184214378,0,0.0694791006883039
1980,7,21,0.686103165149689,0,0.325972440965188,0,0.0649230940857922
1980,7,22,0.430144160985947,0,0.528775478236639,0,0.0603670874832804
1980,7,23,1.88347476068884e-05,0,0.206166098780159,0,0.0569500825313966
1980,7,24,1.53858945850516e-05,0,1.71833094100293e-05,0,0.0546720792301408
1980,7,25,0.199875041842461,0,0.129424889616757,0,0.0535330775795128
1980,7,26,3.13840746879578,0,1.55876418802904,0,0.0546720792301408
1980,7,27,6.63192701339722,0,4.72704270015129,0,0.0535330775795128
1980,7,28,0.436765015125275,0,3.79563779759042,0,0.051255074278257
1980,7,29,0.0509689152240753,0,0.28355202358216,0,0.051255074278257
1980,7,30,0.205532744526863,0,0.130918091887224,0,0.051255074278257
1980,7,31,0.164252758026123,0,0.176686608964246,0,0.050116072627629
1980,8,1,0.0163377448916435,0,0.0996843023024212,0,0.050116072627629
1980,8,2,0.000402719306293875,0,0.00968394160599928,0,0.0478380693263732
1980,8,3,0.327883869409561,0,0.13920462108922,0,0.0444210643744894
1980,8,4,3.89045310020447,0,1.997372547738,0,0.0432820627238614
1980,8,5,0.101736582815647,0,2.54772123280236,0,0.0410040594226056
1980,8,6,0.00120724877342582,0,0.0332619818561852,0,0.0398650577719777
1980,8,7,0.000912808754947037,0,0.00107047640381097,0,0.0387260561213497
1980,8,8,0.00044581521069631,0,-0.00102508434338233,0,0.0364480528200938
1980,8,9,0.0383205860853195,0,0.0205893738152554,0,0.0353090511694659
1980,8,10,0.0389041863381863,0,0.0386593672506024,0,0.034170049518838
1980,8,11,3.95705592382001e-06,0,-0.000810724711982402,-1.4210854715202e-14,0.0330310478682101
1980,8,12,3.12684321403503,0,0.903200704547771,1.4210854715202e-14,0.0330310478682101
1980,8,13,0.4429851770401,0,2.09734018794848,0,0.0307530445669542
1980,8,14,5.73030042648315,0,2.38612598513669,0,0.0296140429163263
1980,8,15,0.789586126804352,0,4.14884129157122,0,0.0296140429163263
1980,8,16,0.407124489545822,0,0.657689812759827,0,0.0284750412656983
1980,8,17,0.00781706813722849,0,0.0199068846084174,0,0.0273360396150704
1980,8,18,2.21906471252441,0,1.01385076628981,0,0.0261970379644425
1980,8,19,2.62289667129517,0,2.6454174526466,0,0.0261970379644425
1980,8,20,0.000457400048617274,0,1.38638163719838,0,0.0250580363138145
1980,8,21,0.00387083296664059,0,0.0024124856133767,0,0.0239190346631866
1980,8,22,2.58029631368117e-05,0,0.00206008038799155,0,0.0227800330125587
1980,8,23,6.02371255808976e-06,0,-5.91820667068532e-05,0,0.0227800330125587
1980,8,24,0.000846816052217037,0,0.00047667958870079,0,0.0216410313619307
1980,8,25,2.10434063774301e-05,0,0.000457833129758001,0,0.0216410313619307
1980,8,26,1.78968530235579e-05,0,-0.00910982413415695,0,0.0205020297113028
1980,8,27,0.101469099521637,0,-0.0906352879189853,0,0.0205020297113028
1980,8,28,1.64030754566193,0,0.870272352370876,0,0.0182240264100469
1980,8,29,1.15801310539246,0,1.512063800747,0,0.0182240264100469
1980,8,30,0.0566653124988079,0,0.643847757560252,0,0.017085024759419
1980,8,31,0.0010378616861999,0,0.0278517507983906,0,0.017085024759419
1980,9,1,0.029830539599061,0,-0.123019022359813,0,0.0159460231087911
1980,9,2,1.55925381183624,0,0.326163245419593,0,0.0159460231087911
1980,9,3,6.27801513671875,0,3.6985869964119,0,0.0148070214581631
1980,9,4,7.22339630126953,0,6.72366421050265,0,0.0159460231087911
1980,9,5,2.00917840003967,0,5.07723285589191,0,0.0159460231087911
1980,9,6,0.824992597103119,0,1.35566076487362,0,0.0148070214581631
1980,9,7,0.0148058561608195,0,0.451842785047347,0,0.0148070214581631
1980,9,8,0.198586314916611,0,0.0659479203720821,0,0.0136680198075352
1980,9,9,1.37035441398621,0,0.690790713078059,0,0.0136680198075352
1980,9,10,7.29515790939331,0,3.86661578841085,0,0.0136680198075352
1980,9,11,1.08781182765961,0,4.39589752713118,0,0.0136680198075352
1980,9,12,1.38009800139116e-05,0,0.633249453540884,0,0.0125290181569073
1980,9,13,0.0426006875932217,0,0.020913193478691,0,0.0330310478682101
1980,9,14,0.192152559757233,0,0.0926775808816274,0,0.0398650577719777
1980,9,15,3.72934222221375,0,1.25355664271501,0,0.0398650577719777
1980,9,16,1.24647045135498,0,3.05286545290642,0,0.034170049518838
1980,9,17,14.7581739425659,0,6.64591020717171,0,0.0307530445669542
1980,9,18,0.0042107948102057,0,8.41524162154065,0,0.0239190346631866
1980,9,19,0.0153862675651908,0,0.0123411421191122,0,0.0239190346631866
1980,9,20,7.67451274441555e-05,0,-0.00627752376635726,0,0.0216410313619307
1980,9,21,0.231532216072083,0,0.0999028746869044,0,0.0205020297113028
1980,9,22,0.133508503437042,0,-2.25316313324583,0,0.0205020297113028
1980,9,23,26.5036888122559,0,12.83429007524,1.4210854715202e-14,0.0387260561213497
1980,9,24,15.3688907623291,-1.4210854715202e-13,21.122093171296,-1.56319401867222e-13,0.0387260561213497
1980,9,25,8.50839328765869,0,11.9748380420069,0,0.0432820627238614
1980,9,26,1.69065058231354,0,5.20109911319946,0,0.0444210643744894
1980,9,27,2.4334864616394,0,1.9839536700822,0,0.0478380693263732
1980,9,28,14.2487449645996,-1.4210854715202e-14,8.05959413706046,-5.6843418860808e-14,0.0592280858326525
1980,9,29,2.07834649085999,0,8.17114960945742,-1.13686837721616e-13,0.0603670874832804
1980,9,30,0.038812417536974,0,0.969352065713792,0,0.0694791006883039
1980,10,1,0.0591909848153591,0,0.0471497441421889,0,0.0535330775795128
1980,10,2,7.08892403054051e-05,0,0.0327510382328455,0,0.0535330775795128
1980,10,3,2.34279906585755e-09,0,4.17937030761095e-05,0,0.050116072627629
1980,10,4,1.15335240025161e-06,0,4.74748958367854e-07,0,0.0489770709770011
1980,10,5,0.00010054594167741,0,6.44111639758194e-05,0,0.0466990676757452
1980,10,6,0.000259754247963429,0,0.000184368610689489,0,0.0444210643744894
1980,10,7,0.000435648980783299,0,0.000334765904881351,0,0.0421430610732335
1980,10,8,6.31072907708585e-05,0,0.000219274545543158,0,0.0364480528200938
1980,10,9,7.02714751241729e-05,0,6.62657644170395e-05,0,0.0330310478682101
1980,10,10,8.98259968380444e-05,0,8.16262543139601e-05,0,0.0307530445669542
1980,10,11,0.000191225291928276,0,0.000133163888449417,0,0.0284750412656983
1980,10,12,0.000190978011232801,0,0.000191086507129512,0,0.0261970379644425
1980,10,13,0.000115413844469003,0,0.000157656644432791,0,0.0261970379644425
1980,10,14,0.00344469584524632,0,0.00208183919835392,0,0.0261970379644425
1980,10,15,0.338626503944397,0,0.150792897132078,0,0.0261970379644425
1980,10,16,0.639900088310242,0,0.511085659079299,0,0.0261970379644425
1980,10,17,38.9219512939453,1.4210854715202e-13,17.7817873957872,-1.4210854715202e-14,0.0398650577719777
1980,10,18,4.72944641113281,-7.105427357601e-14,21.8259585596288,-5.6843418860808e-14,0.0353090511694659
1980,10,19,0.0222257114946842,0,2.60227643931648,0,0.0398650577719777
1980,10,20,1.10623086584383e-05,0,0.0124007829408583,0,0.0626450907845363
1980,10,21,1.07512250906439e-05,0,1.09246645934036e-05,0,0.0774521122426994
1980,10,22,3.17697208629397e-06,0,7.31713248569577e-06,0,0.0797301155439553
1980,10,23,0.0991472229361534,0,0.052086234049284,0,0.0785911138933274
1980,10,24,1.18722414970398,0,0.744562035235958,0,0.0751741089414436
1980,10,25,0.000128580068121664,0,0.659000993101245,0,0.0728961056401877
1980,10,26,0.686823785305023,0,0.234969767008352,0,0.0706181023389318
1980,10,27,27.199613571167,5.6843418860808e-14,13.8282631019554,5.6843418860808e-14,0.0831471204958391
1980,10,28,4.37838459014893,-9.9475983006414e-14,15.7893547965148,-5.6843418860808e-14,0.0706181023389318
1980,10,29,0.101278759539127,0,2.29285338928457,0,0.0694791006883039
1980,10,30,0.0274771135300398,0,0.0680630828180711,0,0.0740351072908156
1980,10,31,0.000242006179178134,0,0.0142434096110264,0,0.0797301155439553
1980,11,1,1.03164586562343e-06,0,0.000147619915651376,0,0.0831471204958391
1980,11,2,4.49710705652251e-06,0,2.63027209257416e-06,0,0.084286122146467
1980,11,3,0.000333138566929847,0,0.000190887414646568,0,0.084286122146467
1980,11,4,1.82705261977389e-05,0,0.000181803085979482,0,0.084286122146467
1980,11,5,0.00101700343657285,1.4210854715202e-14,0.000720387814908463,0,0.084286122146467
1980,11,6,0.00087582430569455,-1.4210854715202e-14,0.000956175424562389,0,0.0831471204958391
1980,11,7,0.000422320357756689,0,0.00069048656087034,0,0.0820081188452112
1980,11,8,0.00363075314089656,0,0.00189016953800092,0,0.0797301155439553
1980,11,9,0.00750524969771504,0,0.00527650465278384,0,0.0785911138933274
1980,11,10,1.82979674718808e-05,0,0.00301429959404231,0,0.0774521122426994
1980,11,11,2.56491894106148e-05,0,2.16455327972653e-05,0,0.0751741089414436
1980,11,12,0.000173568172613159,0,0.000116863719313187,0,0.0728961056401877
1980,11,13,3.80915735149756e-05,0,0.000108883272787352,0,0.0694791006883039
1980,11,14,0.554683983325958,0,0.346580260768633,0,0.0660620957364201
1980,11,15,8.90384483337402,-1.4210854715202e-14,4.72340029727093,1.4210854715202e-14,0.067201097387048
1980,11,16,2.07421636581421,2.8421709430404e-14,5.50290085429401,0,0.0649230940857922
1980,11,17,21.5639133453369,0,11.3722481451393,0,0.0831471204958391
1980,11,18,5.51444864273071,0.0155220056243905,13.5262076007064,0,0.0797301155439553
1980,11,19,0.000311727082589641,0.0164153832594991,2.89872337687916,0,0.103649150207142
1980,11,20,0.000119342803373002,0,0.000215633604057075,0.0290523152813336,0.192491278956121
1980,11,21,2.11966853385093e-05,0,7.91711092915648e-05,0,0.17654525584733
1980,11,22,0.132429271936417,0,0.064753912409742,0,0.159460231087911
1980,11,23,2.7117280960083,0,1.32676775613618,0,0.151487219533515
1980,11,24,0.197289630770683,0,1.58813933834176,0,0.141236204677864
1980,11,25,0.000298389786621556,0,0.10179598275181,0,0.13212419147284
1980,11,26,0.199029237031937,0,0.0995952076148114,0,0.126429183219701
1980,11,27,5.87589979171753,0.253342520300436,2.76524515482379,-3.83693077310454e-13,0.127568184870328
1980,11,28,0.0780465975403786,0.258102502579717,2.75369645573414,0.132993045049474,0.121873176617189
1980,11,29,0.000115469018055592,0,0.0439779218947933,0.388081270841809,0.113900165062793
1980,11,30,9.80980039457791e-05,0,0.000106818636140815,0,0.111622161761537
1980,12,1,0.0621951520442963,0,0.0270491892417795,0,0.109344158460282
1980,12,2,0.00285505224019289,0,0.0370045073425445,0,0.10478815185777
1980,12,3,9.36863216338679e-05,0,0.0013422745664684,0,0.102510148556514
1980,12,4,0.0107994200661778,0,0.00520514661070592,0,0.100232145255258
1980,12,5,0.0198766682296991,0,0.0151069569269566,0,0.10478815185777
1980,12,6,0.0496693477034569,0,0.0343213922838004,0,0.102510148556514
1980,12,7,0.0636903718113899,-1.4210854715202e-14,0.0562917752836256,0,0.100232145255258
1980,12,8,15.9296684265137,0,6.92657268326116,0,0.113900165062793
1980,12,9,16.6871719360352,-4.2632564145606e-14,16.3080756424545,-1.56319401867222e-13,0.152626221184143
1980,12,10,0.00855371169745922,2.8421709430404e-14,8.50598407934149,0,0.465851675106825
1980,12,11,3.57386525138281e-05,-1.4210854715202e-14,0.00460593816092114,0,0.553554802205175
1980,12,12,3.2861418731045e-05,0,3.43728293046297e-05,0,0.433959628889242
1980,12,13,1.04738392110448e-05,0,2.2718130139765e-05,0,0.350812508393403
1980,12,14,1.43928264151327e-05,0,1.23179090678605e-05,0,0.293862425862007
1980,12,15,0.00164112402126193,0,0.000641158042299139,0,0.258553374692541
1980,12,16,0.00067295553162694,0,0.00147186772323948,0,0.228939331776215
1980,12,17,0.000397040654206648,0,0.000520343770176623,0,0.2038812954624
1980,12,18,6.47645356366411e-05,0,0.00023886951021268,0,0.185657269052353
1980,12,19,0.0877481400966644,0,0.0428650603751066,0,0.16515523934105
1980,12,20,5.98323604208417e-05,2.89773436321639e-05,0.0452509364204161,1.4210854715202e-14,0.159460231087911
1980,12,21,0.000213771359995008,0.000134788658755269,0,-1.4210854715202e-14,0.153765222834771
1980,12,22,0.000149193016113713,0.00018476276345325,0,0,0.153765222834771
1980,12,23,0.0313484780490398,8.27782572230262e-05,0.0139550876165231,0,0.153765222834771
1980,12,24,0.0904980227351189,0.00329352810290118,0.0567545210369644,0,0.148070214581631
1980,12,25,0.101478196680546,0.0541047722634289,0.0418800568274946,0,0.148070214581631
1980,12,26,0.256641358137131,0.161231136565903,0.00365013065334097,0,0.142375206328492
1980,12,27,0.236697316169739,0.12945675971666,0.11766365560311,0,0.136680198075352
1980,12,28,0.00283610168844461,-4.2632564145606e-14,0.137856777996603,0.367374913607861,0.130985189822212
1980,12,29,0.000979883130639791,0,0.00177504852081256,0,0.130985189822212
1980,12,30,0.000355203577782959,0,0.000631933010026842,0,0.119595173315933
1980,12,31,0.00589845888316631,0,0.00355535304242949,0,0.113900165062793
1981,1,1,3.19287319143768e-05,0,0.00310672091632114,0,0.113900165062793
1981,1,2,0.000491677492391318,0,0.000211489214052563,0,0.108205156809654
1981,1,3,1.32805316752638e-05,1.4210854715202e-14,0.000232230626352248,0,0.0968151403033743
1981,1,4,0.00194166181609035,0.000123987775367596,0.000649682086304892,0,0.0911201320502346
1981,1,5,0.000238132663071156,0.000247615609211493,0.000902343656207449,0,0.0911201320502346
1981,1,6,1.51581704616547,8.9409785957173e-05,0.721677663121682,0.00201122894429773,0.0797301155439553
1981,1,7,0.275918334722519,0,0.935667504837284,0,0.0740351072908156
1981,1,8,1.32842869788874e-05,0,0.138561413847356,0.000709078484391057,0.0740351072908156
1981,1,9,0.000713324174284935,-1.4210854715202e-14,0.000385718515417466,0,0.0717571039895598
1981,1,10,0.00103935343213379,0.000126980053181569,0.000708712506593656,0,0.0706181023389318
1981,1,11,0.044233363121748,0.011009916148339,0.011451505203695,0,0.0706181023389318
1981,1,12,6.34445168543607e-05,0.0110638523077995,0.0113034921077997,0,0.068340099037676
1981,1,13,6.56586125842296e-05,2.90977768173661e-05,3.54058415723557e-05,0.0343251473127424,0.067201097387048
1981,1,14,3.60869380529039e-05,0,5.22027455645002e-05,0,0.0660620957364201
1981,1,15,0.000733033171854913,0,0.00036413847874428,0,0.0649230940857922
1981,1,16,0.000149659375892952,3.35432986418027e-05,0.000447988896439711,0,0.0626450907845363
1981,1,17,0.000205823569558561,0.00013383305721959,4.04066556711769e-05,0,0.0592280858326525
1981,1,18,0.000705857004504651,0.000111219122729267,0.000324439089581574,0,0.0580890841820246
1981,1,19,0.182895228266716,0,0.0701182761449672,0.000529780083610376,0.0569500825313966
1981,1,20,6.44104528427124,-5.6843418860808e-14,3.2911557916259,2.8421709430404e-14,0.0615060891339084
1981,1,21,6.08126926422119,-5.6843418860808e-14,6.26668232583575,-1.4210854715202e-14,0.0592280858326525
1981,1,22,0.0105715412646532,-1.4210854715202e-14,3.07659877443371,0,0.0592280858326525
1981,1,23,6.82159516145475e-05,0,0.00613912120866189,0,0.0615060891339084
1981,1,24,7.75254284235416e-06,0,4.13101049616671e-05,0,0.0615060891339084
1981,1,25,8.79992949194275e-05,0,6.4243587985402e-05,0,0.0626450907845363
1981,1,26,6.86050698277541e-05,0,8.56187780300388e-05,0,0.0626450907845363
1981,1,27,1.80775514309062e-05,0,5.4843423413331e-05,0,0.0626450907845363
1981,1,28,3.72883441741578e-05,0,-0.0140459552790162,0,0.0615060891339084
1981,1,29,0.365379273891449,0,-0.10157167225475,0,0.0626450907845363
1981,1,30,5.48074579238892,0,1.7008503653351,0,0.067201097387048
1981,1,31,0.246709406375885,0.0324789842098454,2.92267996648752,0,0.0649230940857922
1981,2,1,14.2706050872803,0.0350180813321828,6.93959834648035,0,0.0751741089414436
1981,2,2,0.0843065455555916,0.0417346378847299,7.20616505135172,0,0.0717571039895598
1981,2,3,3.7820795114385e-05,0.0503401881707077,2.6470927423361e-06,0,0.0968151403033743
1981,2,4,0.000108493892184924,4.10783425905947e-05,2.98531724638451e-05,0,0.179962260799213
1981,2,5,0.00513819791376591,0.00158309310533866,0.000716309588824515,0,0.211854307016796
1981,2,6,0.023042019456625,0.002192914384338,0.00984118483142993,0.0862237926655922,0.215271311968679
1981,2,7,0.0192734394222498,0,0.0211578180280867,0.0961520239203963,0.201603292161144
1981,2,8,0.135938167572021,0.00553805002284946,0.0695077788077469,0,0.185657269052353
1981,2,9,0.745741069316864,0.0109128404743046,0.429047683273211,-1.27897692436818e-13,0.174267252546074
1981,2,10,29.9931793212891,3.46051716531719,11.880858677471,-9.9475983006414e-14,0.53988678239764
1981,2,11,2.02331018447876,4.49720298708172,11.6452218856532,0,1.91352277305493
1981,2,12,0.0842310264706612,1.13460882801247,0,0,1.34402194774096
1981,2,13,0.00105247378814965,0.0441857524047151,0.000397011588802343,0,0.902089307297323
1981,2,14,0.00131822994444519,0.000113470795525927,0.00106742531670534,0.373814283962162,0.679983985424876
1981,2,15,0.00266672065481544,0,0.00198560286139582,3.09432419033979,0.546720792301408
1981,2,16,0.00193000072613359,0,0.00230967908078128,5.77097780044812,0.463573671805569
1981,2,17,0.00897748023271561,0,0.0053128986480715,0,0.4077625909248
1981,2,18,0.000464126962469891,0,0.00586318129307983,0,0.365619529851566
1981,2,19,0.0127723207697272,0,0.00579747373490136,0,0.330310478682101
1981,2,20,7.06947002981906e-06,0,0.00699563231273714,0,0.301835437416402
1981,2,21,0.350803107023239,0,0.154645337654301,0,0.277916402753216
1981,2,22,6.2801079750061,0,3.28522354890788,0,0.259692376343169
1981,2,23,0.509215652942658,0,3.48041060149103,0,0.24260735158375
1981,2,24,3.95882307202555e-05,0,0.201104344214173,0,0.230078333426842
1981,2,25,5.1879178499803e-05,0,4.48936434622738e-05,0,0.219827318571191
1981,2,26,0.00164274917915463,0,0.000624153124363147,0,0.208437302064912
1981,2,27,2.16866803169251,0,1.02135382050642,0,0.19818628720926
1981,2,28,23.6383934020996,0,12.903467147021,0,0.208437302064912
1981,3,1,4.03462553024292,-1.13686837721616e-13,14.0052512444024,1.4210854715202e-14,0.405484587623544
1981,3,2,0.0016474078875035,0,2.21338555600687,0,1.24151179918445
1981,3,3,0.422828584909439,0,0.241379119538124,0,0.990931436046302
1981,3,4,15.7320137023926,-9.9475983006414e-14,7.76138927830152,0,1.00346045420321
1981,3,5,2.05931854248047,-1.56319401867222e-13,8.90071319773961,-1.4210854715202e-14,1.75406254196702
1981,3,6,4.24801801273134e-05,0,1.10215744695506,0,1.77684257497958
1981,3,7,0.00669062230736017,1.4210854715202e-14,0.00414300914144405,0,1.26429183219701
1981,3,8,2.25607585906982,-1.4210854715202e-14,1.43914766646003,0,1.01371146905886
1981,3,9,0.0290163476020098,0,0.885462304135672,-1.4210854715202e-14,0.841722219814042
1981,3,10,2.10555517696776e-05,0,0.0120079457369684,1.4210854715202e-14,0.719849043196854
1981,3,11,1.81761633522015e-10,0,1.10096866592357e-05,0,0.623033902893479
1981,3,12,5.46875889995135e-05,0,2.10787902688026e-05,0,0.54558179065078
1981,3,13,0.152019143104553,0,0.0727921364077702,0,0.488631708119383
1981,3,14,0.101515926420689,0,0.12146508752312,1.4210854715202e-14,0.441932640443638
1981,3,15,3.08314251899719,0,1.33142898096639,-1.4210854715202e-14,0.4077625909248
1981,3,16,0.415648132562637,0,1.75771053915287,0,0.375870544707218
1981,3,17,0.00365649745799601,0,0.176367633991049,0,0.351951510044031
1981,3,18,9.39508247375488,-2.8421709430404e-14,4.63719676970004,0,0.333727483633984
1981,3,19,0.0736586600542069,-4.2632564145606e-14,4.9110436048104,1.4210854715202e-14,0.324615470428961
1981,3,20,3.27923970644406e-07,0,0.037447943161169,0,0.321198465477077
1981,3,21,2.79799056053162,0,1.22359593111014,0,0.339422491887124
1981,3,22,12.738018989563,2.8421709430404e-14,7.74839191519322,-2.8421709430404e-14,0.342839496839008
1981,3,23,0.828764140605927,-2.8421709430404e-14,6.81190172376,0,0.372453539755334
1981,3,24,0.00278497906401753,0,0.467255994159586,0,0.609365883085944
1981,3,25,0.00421191658824682,0,0.00346725766485179,0,0.615060891339084
1981,3,26,4.2633168050088e-05,0,0.00214310574619958,0,0.563805817060827
1981,3,27,0.000167550329933874,0,8.91140884959896e-05,0,0.515967747734454
1981,3,28,0.108172610402107,0,0.0425767878373335,0,0.472685685010592
1981,3,29,26.1074829101563,5.6843418860808e-14,10.8945730369833,0,0.735795066305645
1981,3,30,1.2642502784729,-7.105427357601e-14,13.7863555869426,2.8421709430404e-14,2.6994339119882
1981,3,31,0.195514649152756,0,0.70432087430936,0,2.18688316920563
1981,4,1,0.000148019986227155,0,0.100593158740594,0,1.50348217882887
1981,4,2,1.32977393150213e-05,0,8.23592877168267e-05,0,1.17317170014677
1981,4,3,0.545122861862183,0,0.230389132563232,0,0.984097426142534
1981,4,4,6.03815317153931,0,2.97783062467306,0,0.886143284188532
1981,4,5,0.00885769259184599,0,3.19030489171837,1.4210854715202e-14,0.820081188452112
1981,4,6,0.00144587690010667,0,0.00456341090830392,0,0.71643203824497
1981,4,7,0.00174837617669255,0,0.00156200942683427,-1.4210854715202e-14,0.615060891339084
1981,4,8,0.0611825883388519,0,0.0388565547159487,0,0.548998795602664
1981,4,9,1.34856927394867,0,0.802129785642137,0,0.505716732878802
1981,4,10,0.564580380916596,0,0.89571019567029,0,0.466990676757452
1981,4,11,0.0047033648006618,0,0.256887689107771,0,0.429403622286731
1981,4,12,0.00240387325175107,0,0.00346712571445096,0,0.395233572767893
1981,4,13,0.114073917269707,0,0.0514745579121154,1.4210854715202e-14,0.366758531502194
1981,4,14,0.29580745100975,0,0.179367875947719,-1.4210854715202e-14,0.334866485284612
1981,4,15,0.598794996738434,0,0.452181054314224,0,0.306391444018914
1981,4,16,0.125769272446632,0,0.417989449475954,0,0.287028415958239
1981,4,17,0.495443761348724,0,0.3191000232232,1.4210854715202e-14,0.277916402753216
1981,4,18,0.342158198356628,0,0.439191692793429,-1.4210854715202e-14,0.256275371391285
1981,4,19,7.1268458366394,0,3.60072636771838,0,0.244885354885006
1981,4,20,13.7766370773315,0,10.293375777771,0,0.239190346631866
1981,4,21,1.11627554893494,0,7.47514289326227,0,0.241468349933122
1981,4,22,6.39722442626953,0,3.29861633709197,0,0.279055404403844
1981,4,23,15.1923666000366,0,10.767828593217,0,1.35541196424724
1981,4,24,0.0548544935882092,0,7.77002873931906,0,2.41468349933122
1981,4,25,0.000152238353621215,0,0.032392076310316,0,1.54904224485399
1981,4,26,3.70028452323368e-08,0,7.96704180174856e-05,0,1.10824860606098
1981,4,27,0.00429075909778476,0,0.00189568236282867,0,0.859946246224089
1981,4,28,0.2025226354599,0,0.0817093452133122,0,0.685678993678016
1981,4,29,2.87208485603333,0,1.74676290799653,0,0.560388812108943
1981,4,30,1.75553917884827,1.4210854715202e-14,2.39223176131418,0,0.471546683359964
1981,5,1,0.45689007639885,-1.4210854715202e-14,0.901220044456295,0,0.399789579370404
1981,5,2,5.77867613174021e-05,0,0.196238928906041,0,0.340561493537752
1981,5,3,0.346144735813141,0,0.168703102416657,0,0.299557434115146
1981,5,4,3.39002203941345,0,1.78194813850723,0,0.26994339119882
1981,5,5,18.7628002166748,7.105427357601e-14,10.7630083954414,-4.2632564145606e-14,0.273360396150704
1981,5,6,9.49071216583252,-1.4210854715202e-14,14.1268816667498,2.8421709430404e-14,0.284750412656983
1981,5,7,0.130416318774223,0,4.81730911257,0,0.328032475380845
1981,5,8,0.456195801496506,0,0.265112021092136,0,0.378148548008474
1981,5,9,5.1165361404419,0,2.55391693021875,0,0.340561493537752
1981,5,10,38.9255790710449,0,21.7427940651987,0,3.99789579370404
1981,5,11,4.04422235488892,-5.6843418860808e-14,22.3855631690612,-2.8421709430404e-14,11.3900165062793
1981,5,12,0.00525324558839202,0,2.05082425106775,0,3.86121559562869
1981,5,13,9.61529922485352,0,4.78153337543608,0,3.01835437416402
1981,5,14,14.2636108398438,1.4210854715202e-14,11.9370364742981,4.2632564145606e-14,6.7770598212362
1981,5,15,0.000562868139240891,4.2632564145606e-14,7.13880514694802,1.4210854715202e-14,4.077625909248
1981,5,16,0.865282475948334,0,0.397993224384663,0,2.88167417608867
1981,5,17,2.36699461936951,0,1.53207701262772,0,2.0957630371554
1981,5,18,8.56056594848633,0,5.29888157826417,-1.4210854715202e-14,1.67433242642306
1981,5,19,4.93106842041016,0,6.75074729376593,1.4210854715202e-14,2.01603292161144
1981,5,20,0.00936476327478886,0,2.52167902098017,0,1.59460231087911
1981,5,21,8.13912847661413e-05,0,0.00435810005637904,0,1.23012178267817
1981,5,22,0.00551913399249315,0,0.0023647135385545,0,0.989792434395674
1981,5,23,0.318979889154434,0,0.139018394901996,-1.4210854715202e-14,0.82122019010274
1981,5,24,4.61337757110596,0,2.15837186934323,1.4210854715202e-14,0.695930008533667
1981,5,25,1.78167998790741,0,3.28396485362964,0,0.620755899592223
1981,5,26,19.7607345581055,-1.4210854715202e-14,10.6764214507657,0,0.891838292441671
1981,5,27,0.868655323982239,-4.2632564145606e-14,10.4561123017756,-8.5265128291212e-14,1.24151179918445
1981,5,28,1.45807468891144,0,1.17125131412604,0,0.982958424491906
1981,5,29,7.89482259750366,0,4.35263174353713,0,1.16178168364049
1981,5,30,7.3936882019043,0,7.6637199151005,0,1.1048316011091
1981,5,31,13.1591606140137,0,10.2729340877418,0,1.05243752518021
1981,6,1,8.82878875732422,0,11.0315248814718,0,2.19827318571191
1981,6,2,1.96452856063843,0,5.44049041982134,0,2.30078333426842
1981,6,3,2.41369271278381,0,2.18263979039421,0,1.60599232738539
1981,6,4,1.42828774452209,0,1.87950526985514,0,1.23012178267817
1981,6,5,4.97707223892212,0,3.14276767593583,0,1.09799759120533
1981,6,6,9.01530933380127,1.4210854715202e-14,6.99611070402807,1.4210854715202e-14,1.12761163412165
1981,6,7,10.7900247573853,-1.4210854715202e-14,9.86606312957565,-2.8421709430404e-14,2.27800330125587
1981,6,8,0.0108083318918943,0,5.84437275982873,1.4210854715202e-14,2.06159298763656
1981,6,9,0.291751444339752,0,0.151261609600624,0,1.42375206328492
1981,6,10,2.76170229911804,0,1.42583907088601,0,1.48070214581631
1981,6,11,4.42482757568359,0,3.63810891583807,0,2.07298300414284
1981,6,12,1.08016955852509,0,3.36711793611721,0,1.38958201376608
1981,6,13,2.53687429428101,0,1.66549554289759,0,1.08205156809654
1981,6,14,1.89452052116394,0,2.29096505409234,0,0.885004282537904
1981,6,15,2.12910771369934,0,2.0563546928679,0,0.727822054751249
1981,6,16,49.3103103637695,2.8421709430404e-14,22.0688157482678,-1.98951966012828e-13,3.4739550344152
1981,6,17,2.06591105461121,-8.5265128291212e-14,26.1856012691201,-4.2632564145606e-14,6.32145916098503
1981,6,18,0.288921684026718,0,1.18988872411728,0,3.14364455573309
1981,6,19,7.71740770339966,0,3.98233158421772,0,2.16410313619307
1981,6,20,7.3510627746582,0,7.54081558682719,0,2.22105321872447
1981,6,21,0.242181435227394,0,3.90970034534757,0,1.6515523934105
1981,6,22,0.0802793502807617,0,0.161862652812943,0,1.25290181569073
1981,6,23,0.304627329111099,0,0.220341828819073,0,1.02965749216765
1981,6,24,0.0187432896345854,0,0.176847894965249,1.4210854715202e-14,0.84286122146467
1981,6,25,0.0651520565152168,-1.4210854715202e-14,0.040738856057942,-1.4210854715202e-14,0.690235000280527
1981,6,26,0.0676786676049233,1.4210854715202e-14,0.0663277449489215,0,0.571778828615222
1981,6,27,0.431622177362442,0,0.291371206084023,0,0.484075701516871
1981,6,28,0.0031501417979598,0,0.251211224805957,0,0.419152607431079
1981,6,29,0.00510621257126331,0,0.00420389580131086,1.4210854715202e-14,0.36903653480345
1981,6,30,7.46589422225952,0,2.94527777280518,-1.4210854715202e-14,0.342839496839008
1981,7,1,17.38840675354,0,12.1735067443765,0,0.337144488585868
1981,7,2,0.717695891857147,0,9.17148458925567,0,0.367897533152822
1981,7,3,0.163275822997093,0,0.45226909166604,0,0.399789579370404
1981,7,4,0.580043733119965,0,0.389801573855493,0,0.337144488585868
1981,7,5,4.8618483543396,0,2.49047365384376,0,0.321198465477077
1981,7,6,3.55965256690979,0,4.16274866942331,0,0.292723424211379
1981,7,7,5.36679792404175,0,4.46208182643704,0,0.295001427512635
1981,7,8,5.73457670211792,0,5.54742914544568,0,0.313225453922682
1981,7,9,0.479366332292557,0,3.10852625138841,0,0.301835437416402
1981,7,10,0.0053411228582263,0,0.247462939658817,0,0.273360396150704
1981,7,11,0.753018796443939,0,0.332862038982512,0,0.247163358186261
1981,7,12,0.0440075136721134,0,0.448823771193929,0,0.222105321872447
1981,7,13,0.0833809673786163,0,0.069345973993677,0,0.199325288859888
1981,7,14,0.0294519662857056,0,0.0568377589720512,0,0.181101262449841
1981,7,15,0.343399167060852,0,0.151049082637655,0,0.167433242642306
1981,7,16,4.12068271636963,0,2.05017647894829,0,0.159460231087911
1981,7,17,8.09894847869873,0,5.81610266025655,0,0.173128250895446
1981,7,18,0.412293285131454,0,4.2964590114043,0,0.181101262449841
1981,7,19,0.129062190651894,0,0.277976890645732,0,0.164016237690422
1981,7,20,0.188546702265739,0,0.154460672586083,0,0.146931212931003
1981,7,21,1.81838011741638,0,0.856258589876234,0,0.129846188171584
1981,7,22,1.89306223392487,0,1.84811426288388,-1.4210854715202e-14,0.119595173315933
1981,7,23,0.0114934258162975,0,1.11208227691623,1.4210854715202e-14,0.112761163412165
1981,7,24,0.00291017256677151,-1.4210854715202e-14,0.0081399001801401,0,0.107066155159026
1981,7,25,0.0077453525736928,1.4210854715202e-14,0.00583226537582959,0,0.103649150207142
1981,7,26,1.03130757808685,0,0.515520200237461,0,0.0990931436046302
1981,7,27,0.509878516197205,0,0.699319282764009,0,0.0933981353514905
1981,7,28,26.2746715545654,0,12.4440771783088,-1.4210854715202e-14,0.112761163412165
1981,7,29,0.553261697292328,0,13.4167863753964,2.8421709430404e-14,0.13212419147284
1981,7,30,1.93928968906403,0,1.17234630653502,0,0.205020297113028
1981,7,31,4.3401517868042,0,3.24767329786437,0,0.17654525584733
1981,8,1,0.314993143081665,0,2.58520542931683,0,0.16515523934105
1981,8,2,4.01803207397461,0,1.64203932435748,0,0.16515523934105
1981,8,3,26.591854095459,0,15.2994324526776,-1.4210854715202e-14,0.324615470428961
1981,8,4,16.5618419647217,0,21.5771299118392,-1.4210854715202e-14,1.77684257497958
1981,8,5,0.256064236164093,0,8.82828430262907,0,0.988653432745046
1981,8,6,0.889442205429077,0,0.565064659359905,0,0.615060891339084
1981,8,7,6.86458110809326,0,3.77573042350377,0,0.904367310598579
1981,8,8,0.0252153277397156,0,3.56768831679074,0,0.92031333370737
1981,8,9,9.69290340435691e-05,0,0.0137114961421503,-1.4210854715202e-14,0.57291783026585
1981,8,10,0.00943376682698727,0,0.00434468545199707,1.4210854715202e-14,0.412318597527312
1981,8,11,3.87952637672424,0,1.84210563270563,0,0.322337467127705
1981,8,12,1.63328409194946,0,2.8040993803279,0,0.272221394500076
1981,8,13,1.81320989131928,0,1.71486091201859,0,0.238051344981238
1981,8,14,0.000429915700806305,0,1.09012431295696,0,0.211854307016796
1981,8,15,0.367987304925919,0,0.210115719248734,0,0.185657269052353
1981,8,16,18.2339363098145,0,8.4519880688681,0,0.20957630371554
1981,8,17,43.7447967529297,4.2632564145606e-14,30.630526338186,-4.2632564145606e-14,9.60178391479347
1981,8,18,9.11116123199463,-4.2632564145606e-14,26.4424348184784,0,7.14154034943714
1981,8,19,0.00123727519530803,0,5.24972671578644,0,2.76777401102588
1981,8,20,0.00227057351730764,0,0.00173096665184858,0,1.67433242642306
1981,8,21,0.000103559759736527,0,0.00122448605816317,-1.4210854715202e-14,1.15039166713421
1981,8,22,0.00317827495746315,0,0.00140421585410877,1.4210854715202e-14,0.867919257778485
1981,8,23,0.0370392575860024,1.4210854715202e-14,0.0179695393262591,0,0.685678993678016
1981,8,24,0.466374486684799,-1.4210854715202e-14,0.220202509926366,0,0.562666815410199
1981,8,25,1.51184177398682,0,1.05628632732623,0,0.476102689962476
1981,8,26,12.0975952148438,0,6.0810673088622,0,0.433959628889242
1981,8,27,11.161789894104,0,11.6881668004321,0,0.399789579370404
1981,8,28,4.19781637191772,0,7.68175899626203,0,0.525079760939477
1981,8,29,0.0228757783770561,0,2.17434814116086,0,0.699347013485551
1981,8,30,0.00732891215011478,0,0.0142112962903411,0,0.560388812108943
1981,8,31,0.529384791851044,0,0.306076841204686,0,0.445349645395522
1981,9,1,1.52421915531158,0,0.977946373376199,0,0.371314538104706
1981,9,2,0.188174203038216,0,0.94686790154401,0,0.320059463826449
1981,9,3,0.206468358635902,0,0.198497782406321,0,0.283611411006355
1981,9,4,0.000266488874331117,0,0.127867292984774,0,0.252858366439401
1981,9,5,0.00816695764660835,0,0.00415779524564641,0,0.227800330125587
1981,9,6,0.00433010421693325,0,0.00685516252451635,0,0.214132310318051
1981,9,7,0.618337035179138,0,0.282980914734253,0,0.201603292161144
1981,9,8,3.21471548080444,0,1.6251871688537,0,0.187935272353609
1981,9,9,0.0027039316482842,0,1.82626294395823,0,0.174267252546074
1981,9,10,0.000110203895019367,0,0.00143559775460744,0,0.162877236039794
1981,9,11,0.00341569702140987,0,0.00156141905472396,0,0.152626221184143
1981,9,12,0.467252910137177,0,0.298977495595864,1.4210854715202e-14,0.14351420797912
1981,9,13,1.86474871635437,-1.4210854715202e-14,1.23334103335719,-1.4210854715202e-14,0.13781919972598
1981,9,14,15.5630569458008,1.4210854715202e-14,8.15212602429256,0,0.136680198075352
1981,9,15,2.30860185623169,0,8.96796953048033,0,0.129846188171584
1981,9,16,0.223479300737381,0,1.44222484675811,0,0.119595173315933
1981,9,17,0.000119103540782817,0,0.118783980210083,0,0.112761163412165
1981,9,18,0.0038382587954402,0,0.00194845976648139,0,0.107066155159026
1981,9,19,0.0964225009083748,0,0.0377784732982036,0,0.102510148556514
1981,9,20,7.18883675290272e-05,0,0.0452135744494626,0,0.0968151403033743
1981,9,21,7.44927965570241e-05,0,7.29268426766794e-05,0,0.0933981353514905
1981,9,22,0.00263766618445516,0,0.00144740522136999,0,0.0933981353514905
1981,9,23,0.0215192101895809,0,0.00974353206356682,0,0.0888421287489788
1981,9,24,0.00109023065306246,0,0.0116947465639896,-1.4210854715202e-14,0.085425123797095
1981,9,25,0.00064273428870365,0,0.000791580509030609,1.4210854715202e-14,0.0831471204958391
1981,9,26,0.17703315615654,0,0.0770622996365091,0,0.0808691171945832
1981,9,27,3.0015389919281,0,1.39226445557051,0,0.0797301155439553
1981,9,28,1.02053475379944,0,2.27909333125763,0,0.0751741089414436
1981,9,29,0.0538368858397007,0,0.485878405346739,1.4210854715202e-14,0.0717571039895598
1981,9,30,0.00287435972131789,0,0.0223937752803067,-1.4210854715202e-14,0.0694791006883039
1981,10,1,0.0027663882356137,0,0.00282554214618358,0,0.0706181023389318
1981,10,2,0.000286672177026048,0,0.00126426958422599,0,0.068340099037676
1981,10,3,0.158213958144188,0,0.11357424420612,0,0.0649230940857922
1981,10,4,0.696859121322632,0,0.324996008108428,0,0.0660620957364201
1981,10,5,0.209178507328033,0,0.34757621161225,0,0.0626450907845363
1981,10,6,1.26745796203613,0,0.725371354462368,0,0.0592280858326525
1981,10,7,0.126985192298889,0,0.731829692586871,0,0.0558110808807687
1981,10,8,0.240923255681992,0,0.181300675601506,0,0.0535330775795128
1981,10,9,0.0490384511649609,0,0.0927122132134173,0,0.0523940759288849
1981,10,10,0.143168553709984,0,0.101847649504634,0,0.0523940759288849
1981,10,11,0.0732778459787369,0,-0.0784880340206655,0,0.0523940759288849
1981,10,12,2.87012648582459,0,1.29555551992507,0,0.0569500825313966
1981,10,13,13.2862129211426,0,6.27103230972625,0,0.0569500825313966
1981,10,14,19.3586578369141,0,16.687155350794,0,0.0569500825313966
1981,10,15,0.867307603359222,1.4210854715202e-14,10.1274972685824,0,0.0569500825313966
1981,10,16,2.01147484779358,0,1.50172575982833,0,0.084286122146467
1981,10,17,7.4537787437439,0,4.5940404364469,0,0.0888421287489788
1981,10,18,22.3423957824707,4.2632564145606e-14,14.8712985252414,4.2632564145606e-14,0.0865641254477229
1981,10,19,0.000334117328748107,5.6843418860808e-14,11.1944000988979,2.8421709430404e-14,0.0785911138933274
1981,10,20,9.71162007772364e-05,0,0.000223148592795042,0,0.0820081188452112
1981,10,21,1.16682839393616,0,0.579201425332485,0,0.084286122146467
1981,10,22,19.8708457946777,2.8421709430404e-14,10.5187631347603,2.8421709430404e-14,0.115039166713421
1981,10,23,7.74184513092041,-4.2632564145606e-14,13.8079386959166,-5.6843418860808e-14,0.154904224485399
1981,10,24,0.000121498873340897,1.4210854715202e-14,4.05399196729059,0,0.185657269052353
1981,10,25,1.9035826921463,0,0.881748191775387,0,0.280194406054471
1981,10,26,11.066201210022,0,6.31458737846515,5.6843418860808e-14,0.273360396150704
1981,10,27,0.324552237987518,2.8421709430404e-14,5.86976580890769,1.4210854715202e-14,0.280194406054471
1981,10,28,5.85593006690033e-05,0,0.183749747106049,0,0.34170049518838
1981,10,29,0.078469954431057,-1.4210854715202e-14,0.0312519697258722,0,0.307530445669542
1981,10,30,0.192350521683693,1.4210854715202e-14,0.132385547746253,0,0.267665387897564
1981,10,31,3.33816599845886,0,1.67878704063378,0,0.241468349933122
1981,11,1,14.3344688415527,0,8.8123034200853,0,0.223244323523075
1981,11,2,2.06683564186096,0,8.26792844903457,0,0.456739661901801
1981,11,3,0.00578779727220535,0,1.15533594426188,0,0.733517063004389
1981,11,4,1.24460089206696,0,0.427107572753357,0,0.523940759288849
1981,11,5,0.840470194816589,0,0.956808525529595,0,0.421430610732335
1981,11,6,0.00616919668391347,0,0.444237328043073,0,0.359924521598427
1981,11,7,0.000569221854675561,0,0.00275974782562116,-1.4210854715202e-14,0.314364455573309
1981,11,8,0.0181205309927464,0,0.00787045503011541,1.4210854715202e-14,0.280194406054471
1981,11,9,0.0608066022396088,0,0.0313318349149085,0,0.248302359836889
1981,11,10,0.0208979211747646,0,0.0453711372529142,0,0.227800330125587
1981,11,11,2.23193160309165e-06,-1.4210854715202e-14,0.0108026760876783,0,0.216410313619307
1981,11,12,5.59149339096621e-05,1.4210854715202e-14,2.01183875105926e-05,0,0.205020297113028
1981,11,13,1.25631613627775e-05,0,3.64705038009561e-05,0,0.193630280606749
1981,11,14,0.00163117365445942,0,0.00106834227881336,0,0.182240264100469
1981,11,15,0.00145945162512362,0,0.00154668615823539,0,0.17085024759419
1981,11,16,0.214647829532623,0,0.134313515785834,0,0.17085024759419
1981,11,17,0.00016669426986482,0,0.115130458505519,-1.4210854715202e-14,0.159460231087911
1981,11,18,0.0819020420312882,0,0.0488353127871051,1.4210854715202e-14,0.154904224485399
1981,11,19,0.228195413947105,0,0.145355013009976,0,0.145792211280375
1981,11,20,0.00414220476523042,0,0.101894365741373,0,0.13781919972598
1981,11,21,0.23760387301445,0,0.0991671115352801,0,0.13212419147284
1981,11,22,0.00015804982103873,0,0.109680433480662,0,0.129846188171584
1981,11,23,0.268305063247681,0,0.107291292276386,0,0.125290181569073
1981,11,24,0.011109771206975,0,0.129843577793963,0,0.119595173315933
1981,11,25,0.0614961497485638,0,0.0316051315226105,0,0.117317170014677
1981,11,26,0.351862132549286,0,0.220372499084988,0,0.115039166713421
1981,11,27,0.0359147675335407,0,0.221395095774824,0,0.107066155159026
1981,11,28,0.482441574335098,0,0.281223706183027,0,0.10478815185777
1981,11,29,1.92792916297913,0,1.06421756818327,-1.4210854715202e-14,0.102510148556514
1981,11,30,28.7557563781738,0,15.3314184414435,1.4210854715202e-14,0.129846188171584
1981,12,1,5.11891078948975,-2.8421709430404e-14,17.0123349145097,-5.6843418860808e-14,0.396372574418521
1981,12,2,0.000740797491744161,0,2.79442054891888,0,0.973846411286883
1981,12,3,6.47486303932965e-05,0,0.00040350652534471,0,0.692513003581783
1981,12,4,1.39690437208628e-05,0,4.04170941692428e-05,0,0.546720792301408
1981,12,5,0.00261932145804167,0,0.00122597193239926,0,0.456739661901801
1981,12,6,2.41925445152447e-05,0,0.000921690346785908,0,0.399789579370404
1981,12,7,0.00375207397155464,0,0.0017983972275033,-1.4210854715202e-14,0.359924521598427
1981,12,8,0.000274312915280461,0,0.00236580872024206,1.4210854715202e-14,0.328032475380845
1981,12,9,6.06712546868948e-06,0,0.000113730188786576,0,0.307530445669542
1981,12,10,0.00221299682743847,0,0.00103758500017648,0,0.283611411006355
1981,12,11,0.237413212656975,-1.4210854715202e-14,0.0923006567995799,-1.4210854715202e-14,0.260831377993797
1981,12,12,0.183664247393608,1.4210854715202e-14,0.212211802238926,1.4210854715202e-14,0.241468349933122
1981,12,13,0.195294693112373,0,0.18938378102257,0,0.228939331776215
1981,12,14,1.19551503658295,0,0.683354634089028,-1.4210854715202e-14,0.216410313619307
1981,12,15,0.00255587277933955,0,0.599397615493217,2.8421709430404e-14,0.207298300414284
1981,12,16,0.00190821278374642,0,0.00226888933093505,0,0.19818628720926
1981,12,17,0.000211005521123298,0,0.00100109360710121,0,0.185657269052353
1981,12,18,0.000436320115113631,0.000245334558400145,9.23611023608828e-05,0,0.174267252546074
1981,12,19,0.000276402075542137,0.000349443243692349,0,0,0.16515523934105
1981,12,20,0.00377384782768786,0.00187148860430852,0,0,0.157182227786655
1981,12,21,0.159098759293556,0.00237721601565966,0.0588795305570784,0,0.151487219533515
1981,12,22,5.11132478713989,-1.4210854715202e-14,2.55508257292968,-1.4210854715202e-14,0.151487219533515
1981,12,23,5.22394847869873,1.4210854715202e-14,5.16763138578881,1.4210854715202e-14,0.157182227786655
1981,12,24,6.5737527620513e-05,1.79103696495986e-06,2.98700922322223,-1.4210854715202e-14,0.159460231087911
1981,12,25,0.000141345895826817,2.11091811763708e-06,0.000101075966995268,1.4210854715202e-14,0.17654525584733
1981,12,26,0.452948361635208,0,0.226239404335502,0.00872729982285136,0.182240264100469
1981,12,27,0.000172206157003529,0,0.195006882013786,0,0.174267252546074
1981,12,28,0.000123594829346985,0,0.00015102248016774,0,0.16515523934105
1981,12,29,0.000191903978702612,1.58812790971297e-05,0.000136687646318023,0,0.157182227786655
1981,12,30,0.000391823792597279,2.14069664536964e-05,0.000256114123203588,0,0.151487219533515
1981,12,31,0.0350866243243217,0,0.0156468375689656,0,0.149209216232259
1982,1,1,0.00471517443656921,1.4210854715202e-14,0.02096105644614,0,0.14351420797912
1982,1,2,3.03033804893494,0,1.05258672749005,1.4210854715202e-14,0.141236204677864
1982,1,3,10.8276691436768,1.4210854715202e-13,6.85684107040379,7.105427357601e-14,0.149209216232259
1982,1,4,5.58639764785767,-2.8421709430404e-14,8.2077827575572,-2.8421709430404e-14,0.159460231087911
1982,1,5,0.00982346944510937,1.4210854715202e-14,2.95536140198692,1.4210854715202e-14,0.223244323523075
1982,1,6,0.00748747726902366,0,0.00874193417712377,-1.4210854715202e-14,0.345117500140264
1982,1,7,0.118563517928123,0.0115096975170701,0.04904633245269,0,0.351951510044031
1982,1,8,0.0193756856024265,0.0198695231357249,0.0493435394100743,0,0.338283490236496
1982,1,9,0.000113370791950729,0.00861542250716241,0.00209862437304764,0,0.317781460525193
1982,1,10,0.141712322831154,0.0665651153515938,2.89052550215274e-05,0,0.293862425862007
1982,1,11,0.305989176034927,0.219447598335265,0,0,0.290445420910123
1982,1,12,0.927253544330597,0.614269036111665,0,0,0.290445420910123
1982,1,13,1.74553906917572,1.32397121567534,4.54747350886464e-13,0,0.290445420910123
1982,1,14,0.0065739112906158,1.04243828673808,-4.54747350886464e-13,0,0.267665387897564
1982,1,15,0.000523452879860997,0.00331188679986383,0.000259741276749992,0.265148738741743,0.225522326824331
1982,1,16,0.0824731662869453,0.0378756842433603,0.000692386456648819,0.286281758040033,0.219827318571191
1982,1,17,0.00769813125953078,0.0474041470440909,0.000476843323667708,0,0.216410313619307
1982,1,18,0.0273640900850296,0.0162385050470846,0,0,0.212993308667423
1982,1,19,0.0605780966579914,0.0161165519192821,0.024899583799197,0.656003254653697,0.200464290510516
1982,1,20,0.194912493228912,0,0.124780109215408,2.30558827804126,0.185657269052353
1982,1,21,0.970469772815704,0,0.590872821805078,-0.000200556286912956,0.182240264100469
1982,1,22,26.5089416503906,-1.4210854715202e-14,13.003275096783,0,0.378148548008474
1982,1,23,4.32783699035645,-8.5265128291212e-14,15.4286798727189,-1.27897692436818e-13,3.31449480332728
1982,1,24,0.00250314013101161,0.00043876223173811,2.29311921342742,2.8421709430404e-14,2.28939331776215
1982,1,25,2.98056929750601e-05,0.000486864962269351,0.000833723069263215,0.000384438531725095,1.49209216232259
1982,1,26,0.000103859492810443,1.75992884976495e-06,6.35357273495174e-05,-1.4210854715202e-14,1.15039166713421
1982,1,27,0.00705652451142669,2.02678234018094e-06,0.0032172351952795,0,0.933981353514905
1982,1,28,0.0769540369510651,0,0.0444799595934455,0,0.797301155439553
1982,1,29,1.204230427742,0,0.674925231794077,0,0.706181023389318
1982,1,30,37.0372772216797,-2.8421709430404e-14,19.1206637919872,0,7.90467145535785
1982,1,31,54.4797058105469,-4.2632564145606e-14,45.2671537660731,-1.13686837721616e-13,51.5967747734454
1982,2,1,0.849517464637756,0.398924631480767,28.8965983779631,0,11.2077762421789
1982,2,2,0.13056606054306,0.465275061480298,0.0250269429288892,0,5.56971807157059
1982,2,3,2.98167610168457,0.624908885309552,0.92061091820824,0,3.82704554610985
1982,2,4,0.302549570798874,0.742373808616335,0.9069318372417,0,2.93862425862007
1982,2,5,0.0118184108287096,0.161778459650861,0,0,2.39190346631866
1982,2,6,0.192708343267441,0.101210642484645,0,0,1.93630280606749
1982,2,7,4.63556134491228e-05,0.0965988548755945,1.1092379281763e-07,0,1.53765222834771
1982,2,8,1.02293753623962,0.104957923696574,0.403617322875562,0,1.36680198075352
1982,2,9,6.75791215896606,3.03827624271112,0.461266858618728,-1.4210854715202e-14,1.4351420797912
1982,2,10,0.216598302125931,3.73918649405354,4.54747350886464e-13,1.4210854715202e-14,1.42375206328492
1982,2,11,0.169486701488495,0.167272488334902,0.0266974476244286,0,1.26429183219701
1982,2,12,3.72236800193787,0.312767510443067,1.5030859466633,0,1.18456171665305
1982,2,13,1.17908143997192,0.283712558672491,2.22407887528288,0,1.12761163412165
1982,2,14,0.828662931919098,0,1.05535810532729,0.844229389738715,1.09344158460282
1982,2,15,1.02093410491943,0,0.924489256079141,4.58933237528657,1.24151179918445
1982,2,16,12.0567054748535,2.8421709430404e-14,6.51269276354469,5.07050770114741,2.58553374692541
1982,2,17,4.05231857299805,-5.6843418860808e-14,8.63541665558751,-5.6843418860808e-14,6.21894901242851
1982,2,18,0.011220570653677,0,2.04385997665077,1.4210854715202e-14,3.84982557912241
1982,2,19,0.0004301224835217,0,0.00607358048273454,-1.4210854715202e-14,2.87028415958239
1982,2,20,5.24173583471566e-06,0,0.000263887590335798,0,2.33495338378726
1982,2,21,1.52329666889273e-05,0,1.10001888060651e-05,0,1.95908283908004
1982,2,22,0.000133250388898887,0,7.35602075110364e-05,0,1.60599232738539
1982,2,23,0.005570063367486,0,0.00275076245770833,0,1.38958201376608
1982,2,24,0.0147214839234948,0,0.0071566447013538,0,1.25290181569073
1982,2,25,0.137058943510056,-1.4210854715202e-14,0.0365561619437358,0,1.11622161761537
1982,2,26,0.690344452857971,0.0948271244103154,0.315817087419418,0,1.00801646080572
1982,2,27,2.30447602272034,0.10119051980918,1.35157973218793,0.134302132071269,0.945371370021184
1982,2,28,4.68588914372958e-05,0,1.17542585094134,0,0.888421287489788
1982,3,1,0.000171461957506835,0,0.000103582720839768,0,0.84286122146467
1982,3,2,0.0299057066440582,0,0.0148519610270341,0,0.785911138933274
1982,3,3,3.10259819030762,0,1.53546394158548,0,0.751741089414436
1982,3,4,4.29240417480469,0,3.64674156062301,0,0.7380730696069
1982,3,5,0.0446189641952515,0,2.30787151919822,0,0.742629076209412
1982,3,6,2.14184165000916,0,1.08430101858585,0,0.719849043196854
1982,3,7,0.00837265327572823,0,1.09974491184994,0,0.68340099037676
1982,3,8,0.0803295597434044,0,0.0427221369236577,0,0.651508944159178
1982,3,9,0.209229558706284,0,0.154759004069547,1.4210854715202e-14,0.624172904544107
1982,3,10,0.00742333428934217,0,0.132897326451257,-1.4210854715202e-14,0.601392871531549
1982,3,11,0.00413284078240395,0,0.00581941844893663,0,0.587724851724013
1982,3,12,0.966914176940918,0,0.462339394425726,0,0.57861283851899
1982,3,13,1.75503087043762,0,1.32576940834861,0,0.564944818711455
1982,3,14,20.6205520629883,9.9475983006414e-14,8.20832224427568,0,1.13900165062793
1982,3,15,9.8774299621582,-1.13686837721616e-13,15.2493355119136,2.8421709430404e-14,4.64712673456197
1982,3,16,3.14114952087402,1.4210854715202e-14,6.65295226876197,0,3.7473154305659
1982,3,17,0.00739636365324259,-1.4210854715202e-14,1.7099958222957,0,3.0866944732017
1982,3,18,0.0009572510025464,0,0.00421264029273516,0,2.30078333426842
1982,3,19,0.0423786491155624,1.4210854715202e-14,0.0216438547918187,0,1.85657269052353
1982,3,20,2.92097353935242,-1.4210854715202e-14,1.32773445072235,0,1.54904224485399
1982,3,21,1.55163764953613,0,2.38613980488799,0,1.3212419147284
1982,3,22,1.3815004825592,0,1.48001716345198,0,1.13900165062793
1982,3,23,0.00265941862016916,0,0.647501737339098,0,1.01371146905886
1982,3,24,0,0,0.00148843661281717,1.4210854715202e-14,0.933981353514905
1982,3,25,0.0134420832619071,0,0.00490493957431681,-1.4210854715202e-14,0.865641254477229
1982,3,26,0.000173604261362925,0,0.00654015400868957,0,0.785911138933274
1982,3,27,0.00255347229540348,0,0.00113286816667824,0,0.724405049799365
1982,3,28,0.0011499683605507,0,0.00177602031999413,0,0.68340099037676
1982,3,29,4.68609468953218e-05,0,0.000677379040098458,0,0.656064950761689
1982,3,30,1.42245817184448,0,0.852798500662175,0,0.642396930954154
1982,3,31,1.24541282653809,0,1.32703686711238,0,0.637840924351642
1982,4,1,0.0360912755131722,0,0.563332319586607,0,0.646952937556666
1982,4,2,7.07838582992554,0,3.45641429869374,0,0.628728911146619
1982,4,3,11.5142021179199,0,8.97547719980548,0,0.615060891339084
1982,4,4,1.13926470279694,0,6.32885341552037,0,0.633284917749131
1982,4,5,0.13539719581604,0,0.545139310112973,0,0.624172904544107
1982,4,6,0.0070367744192481,0,0.0740784892423108,0,0.601392871531549
1982,4,7,0.204297125339508,0,0.0951265515159321,0,0.587724851724013
1982,4,8,13.9196662902832,2.8421709430404e-14,5.62670127715091,0,0.628728911146619
1982,4,9,0.687333881855011,4.2632564145606e-14,7.3323294305078,1.13686837721616e-13,1.17317170014677
1982,4,10,0.000611833180300891,-1.4210854715202e-14,0.296245951011315,0,1.25290181569073
1982,4,11,0.000283787201624364,0,0.00046576430395362,0,1.1048316011091
1982,4,12,0.00388634693808854,0,0.00168912287153944,0,1.01371146905886
1982,4,13,0.00968590937554836,0,0.007304835181003,0,0.951066378274324
1982,4,14,0.530619025230408,0,0.260372516518146,0,0.888421287489788
1982,4,15,0.66958874464035,0,0.618601551387656,0,0.814386180198972
1982,4,16,0.9596027135849,0,0.802153680276206,0,0.774521122426994
1982,4,17,8.97497177124023,0,3.66110573860306,0,0.956761386527464
1982,4,18,0.648200392723084,0,5.18312099856303,1.4210854715202e-14,1.23012178267817
1982,4,19,3.44328308105469,0,1.90929109068384,-1.4210854715202e-14,1.09913659285596
1982,4,20,1.2306512594223,-1.4210854715202e-14,2.56496779045483,0,0.996626444299441
1982,4,21,0.000711382424924523,1.4210854715202e-14,0.494366913404974,0,0.871336262730369
1982,4,22,8.53878918860573e-06,0,0.000386473385788122,0,0.751741089414436
1982,4,23,3.22514315485023e-05,0,1.67643315762689e-05,0,0.68340099037676
1982,4,24,0.0517755709588528,0,0.0233324226815057,0,0.642396930954154
1982,4,25,0.462788194417954,0,0.312905803921694,0,0.610504884736572
1982,4,26,17.9683456420898,-1.27897692436818e-13,8.97008281220906,-5.6843418860808e-14,0.628728911146619
1982,4,27,0.940689742565155,1.13686837721616e-13,9.45810177267549,8.5265128291212e-14,0.808691171945832
1982,4,28,1.91047406196594,0,1.50258987838288,0,0.760853102619459
1982,4,29,8.57382583618164,0,5.01992433096439,0,0.706181023389318
1982,4,30,0.0111226281151176,0,4.84825527909197,0,0.769965115824483
1982,5,1,0.0133665129542351,0,0.0121339527804594,0,0.780216130680134
1982,5,2,0.0305381529033184,0,0.0194980819296688,0,0.733517063004389
1982,5,3,0.132729575037956,0,0.085260630583889,0,0.692513003581783
1982,5,4,0.0691894069314003,0,0.105767775647564,0,0.656064950761689
1982,5,5,0.00857524015009403,0,0.034526874628682,0,0.615060891339084
1982,5,6,3.16956329345703,0,1.32511143688953,0,0.57861283851899
1982,5,7,7.08398294448853,0,4.87785217081637,0,0.592280858326525
1982,5,8,0.932912409305573,0,4.11515472381325,0,0.719849043196854
1982,5,9,0.0379014052450657,0,0.536328758720174,0,0.660620957364201
1982,5,10,0.000337270234012976,0,0.0243870028998572,0,0.592280858326525
1982,5,11,0.00324981240555644,0,0.00172399039638549,0,0.542164785698896
1982,5,12,3.00934815406799,1.4210854715202e-14,1.35284684399812,0,0.505716732878802
1982,5,13,21.4482440948486,-1.4210854715202e-14,10.5650059490786,0,0.480658696564988
1982,5,14,17.3242454528809,4.2632564145606e-14,19.386271579333,0,0.619616897941595
1982,5,15,8.75615882873535,0,13.0411030037549,0,0.888421287489788
1982,5,16,2.33452105522156,0,5.66191116791833,0,0.877031270983508
1982,5,17,0.700937926769257,0,1.6220514348397,0,0.747185082811924
1982,5,18,4.43049144744873,0,2.31793054935315,0,0.665176963966713
1982,5,19,1.78934848308563,0,3.17707739617299,0,0.615060891339084
1982,5,20,3.12832355499268,0,2.38058867986456,0,0.574056831916478
1982,5,21,1.1458123922348,0,2.3973247768372,0,0.519384752686337
1982,5,22,3.05080938339233,0,2.17986333920135,0,1.19595173315933
1982,5,23,0.134260788559914,0,2.30725295796128,0,0.674288977171736
1982,5,24,3.62840843200684,0,1.39323741995167,0,0.583168845121502
1982,5,25,11.0249366760254,0,7.17669780699271,0,0.587724851724013
1982,5,26,2.33725666999817,0,6.87880468327194,0,0.555832805506431
1982,5,27,2.54439353942871,0,2.43488423690269,0,0.496604719673779
1982,5,28,10.3568172454834,0,6.43915661956544,0,0.461295668504313
1982,5,29,3.13468647003174,0,7.29508429082671,0,0.432820627238614
1982,5,30,0.15367791056633,0,1.8494811581977,0,0.410040594226056
1982,5,31,10.9099063873291,0,4.55474059366861,0,0.437376633841126
1982,6,1,0.904642045497894,0,6.82009070130698,-1.4210854715202e-14,0.592280858326525
1982,6,2,1.0089670419693,0,0.950150274510179,1.4210854715202e-14,0.505716732878802
1982,6,3,23.4941730499268,7.105427357601e-14,12.2512211735229,-1.4210854715202e-14,0.493187714721895
1982,6,4,20.9484119415283,-2.1316282072803e-13,22.2491319728033,-7.105427357601e-14,2.7563839945196
1982,6,5,0.253033727407455,0,10.6086559470396,-1.4210854715202e-13,3.65619529851566
1982,6,6,0.00578825734555721,0,0.130729820672059,0,2.32356336728098
1982,6,7,0.00143421161919832,0,0.00342921696574194,0,1.53765222834771
1982,6,8,0.236354827880859,0,0.114812814922971,0,1.17317170014677
1982,6,9,1.38453090190887,0,0.709515129391093,1.4210854715202e-14,0.928286345261765
1982,6,10,17.2726936340332,0,8.64266654018957,-1.4210854715202e-14,0.985236427793162
1982,6,11,5.26563739776611,0,11.3876283780392,0,0.916896328755486
1982,6,12,5.42032718658447,0,5.33924052970679,0,0.769965115824483
1982,6,13,0.791491210460663,0,3.2005475074825,0,0.697069010184295
1982,6,14,0.0268861055374146,0,0.303811709462025,0,0.633284917749131
1982,6,15,3.39606285095215,0,1.42226331823395,0,0.587724851724013
1982,6,16,47.5982170104981,-7.105427357601e-14,19.9617323481634,2.8421709430404e-14,7.77938127378878
1982,6,17,0.64296567440033,8.5265128291212e-14,24.1413965595511,-3.5527136788005e-13,5.0685573452943
1982,6,18,0.550010800361633,0,0.59938148648007,0,2.81333407705099
1982,6,19,4.75115346908569,0,2.64811558005204,0,2.30078333426842
1982,6,20,0.000540725188329816,0,2.39353263221392,0,1.93630280606749
1982,6,21,0.0486384704709053,0,0.021887185786909,0,1.35541196424724
1982,6,22,0.0217118710279465,0,0.0333006534956439,0,1.09913659285596
1982,6,23,2.9384937286377,0,1.39317350644978,0,0.916896328755486
1982,6,24,2.26940703392029,0,2.68138679984077,0,0.939676361768045
1982,6,25,20.7869548797607,0,10.9955252023524,0,2.14132310318051
1982,6,26,14.2958917617798,0,17.6311228589761,0,2.85889414307611
1982,6,27,11.7172765731812,0,13.0462792208755,0,2.59692376343169
1982,6,28,9.34501171112061,1.4210854715202e-14,10.5550468119695,0,1.7654525584733
1982,6,29,0.651395201683044,-1.4210854715202e-14,5.21891688036976,0,1.34402194774096
1982,6,30,0.106033191084862,0,0.391265178255708,0,1.13330664237479
1982,7,1,1.17609226703644,1.4210854715202e-14,0.650473252156644,0,1.04218651032456
1982,7,2,2.26193952560425,-1.4210854715202e-14,1.77304934004815,0,1.15039166713421
1982,7,3,0.0643444657325745,1.4210854715202e-14,1.17502861313824,1.4210854715202e-14,0.899811303996067
1982,7,4,0.00772387441247702,-1.4210854715202e-14,0.0246197424644379,-1.4210854715202e-14,0.719849043196854
1982,7,5,0.00168141769245267,0,0.00311035887307298,0,0.619616897941595
1982,7,6,0,0,0.000569117305076361,0,0.551276798903919
1982,7,7,2.79588389396668,0,1.15795930591867,0,0.50116072627629
1982,7,8,5.7144923210144,0,4.20729565927195,0,0.472685685010592
1982,7,9,1.45323169231415,0,3.66790280364785,0,0.453322656949917
1982,7,10,0.200849413871765,0,0.875306926433041,0,0.429403622286731
1982,7,11,0.0499392598867416,0,0.145168352338715,0,0.410040594226056
1982,7,12,0.00138802733272314,0,0.0232553623004605,0,0.384982557912241
1982,7,13,0.246986582875252,0,0.108043509543222,0,0.363341526550311
1982,7,14,1.71561396121979,0,1.11500687722673,0,0.34170049518838
1982,7,15,0.451869755983353,0,1.03568829356482,0,0.328032475380845
1982,7,16,0.652177333831787,-1.4210854715202e-14,0.546602481845639,-1.4210854715202e-14,0.317781460525193
1982,7,17,0.0368830300867558,1.4210854715202e-14,0.40034178139922,2.8421709430404e-14,0.304113440717658
1982,7,18,0.0375773124396801,0,0.0372775580881353,-1.4210854715202e-14,0.290445420910123
1982,7,19,0.0255414694547653,0,0.0324183235238706,0,0.273360396150704
1982,7,20,0.000544925278518349,0,0.0113493777221265,0,0.260831377993797
1982,7,21,0.0345813445746899,0,0.0146657264572241,0,0.251719364788773
1982,7,22,8.57589340209961,0,3.78153726595519,0,0.244885354885006
1982,7,23,3.74100065231323,0,6.20326965647882,0,0.248302359836889
1982,7,24,1.54492843151093,0,2.71103901727793,-1.4210854715202e-14,0.239190346631866
1982,7,25,0.166262611746788,0,0.972633349791522,1.4210854715202e-14,0.239190346631866
1982,7,26,0.802521765232086,0,0.535053348085512,0,0.235773341679982
1982,7,27,0.936584293842316,1.4210854715202e-14,0.869323470357358,1.4210854715202e-14,0.228939331776215
1982,7,28,2.41637015342712,-1.4210854715202e-14,1.57296226087738,-1.4210854715202e-14,0.239190346631866
1982,7,29,8.93098068237305,0,5.56308116451919,0,0.239190346631866
1982,7,30,12.1941080093384,0,10.2926315744385,0,0.257414373041913
1982,7,31,0.640358150005341,0,6.97130496467798,0,0.317781460525193
1982,8,1,0.630364298820496,0,0.633655407270453,0,0.314364455573309
1982,8,2,0.015962328761816,0,0.293491479144905,0,0.287028415958239
1982,8,3,0.187736794352531,0,0.0873170471277263,0,0.260831377993797
1982,8,4,0.0123385153710842,0,0.105789430836467,0,0.241468349933122
1982,8,5,0.0170165374875069,0,0.0149824516010995,0,0.232356336728098
1982,8,6,3.06236290931702,0,1.2359215909687,0,0.223244323523075
1982,8,7,16.935604095459,0,9.31204542921569,0,0.212993308667423
1982,8,8,7.20315551757813,0,12.345275945821,0,0.212993308667423
1982,8,9,4.80588436126709,0,6.12784042772637,0,0.210715305366168
1982,8,10,0.923349142074585,1.4210854715202e-14,3.12120418484892,0,0.207298300414284
1982,8,11,6.61624050140381,-1.4210854715202e-14,3.65768484809587,0,0.225522326824331
1982,8,12,12.2224578857422,0,9.40366760914821,0,0.391816567816009
1982,8,13,13.9260368347168,0,13.063212970826,0,0.760853102619459
1982,8,14,11.5145845413208,0,12.7220651116086,0,0.888421287489788
1982,8,15,0.313335925340652,0,6.19017528657651,0,0.701625016786807
1982,8,16,0.504860162734985,0,0.407339682498787,0,0.510272739481314
1982,8,17,0.831678628921509,0,0.649920700998337,0,0.410040594226056
1982,8,18,0.000863419380038977,0,0.379020076314191,0,0.355368514995915
1982,8,19,1.73557327798335e-05,0,0.000410314610235218,0,0.317781460525193
1982,8,20,0.254607737064362,0,0.169680847596283,0,0.280194406054471
1982,8,21,0.585057616233826,0,0.432146868006839,0,0.251719364788773
1982,8,22,0.26646676659584,0,0.447542150466688,0,0.223244323523075
1982,8,23,0.00372748146764934,0,0.112712226882195,0,0.207298300414284
1982,8,24,0.0273439474403858,1.4210854715202e-14,0.0144515323381711,1.4210854715202e-14,0.194769282257377
1982,8,25,1.6546083688736,-1.4210854715202e-14,0.758384870440295,0,0.179962260799213
1982,8,26,0.537395536899567,0,1.10365494756979,-1.4210854715202e-14,0.17085024759419
1982,8,27,13.395318031311,0,6.19295120550669,0,0.17085024759419
1982,8,28,21.7668018341064,0,17.3470559745597,0,0.26424838294568
1982,8,29,0.312117129564285,0,11.0621420559914,0,0.480658696564988
1982,8,30,0.40532386302948,0,0.35446426544695,0,0.373592541405962
1982,8,31,1.13906145095825,0,0.739338234744537,0,0.317781460525193
1982,9,1,0.038250919431448,0,0.625529199836365,0,0.273360396150704
1982,9,2,1.42655801773071,0,0.865458762617436,0,0.241468349933122
1982,9,3,0.668311059474945,-1.4210854715202e-14,1.10642669641265,0,0.212993308667423
1982,9,4,2.85119913314702e-05,1.4210854715202e-14,0.237031369648776,0,0.189074274004237
1982,9,5,3.93829177482985e-05,0,3.43341725965729e-05,0,0.174267252546074
1982,9,6,3.87089858122636e-05,0,3.90920290556096e-05,0,0.157182227786655
1982,9,7,0.00981865264475346,0,0.0057518927064848,0,0.145792211280375
1982,9,8,0.0380250848829746,0,0.0226036799513167,0,0.13781919972598
1982,9,9,0.0360729955136776,0,0.0368593881548804,0,0.129846188171584
1982,9,10,7.3186367899325e-07,0,0.019615710893504,0,0.125290181569073
1982,9,11,0.142145365476608,0,0.0845807125970168,0,0.119595173315933
1982,9,12,0.0381751209497452,0,0.0925235379954756,0,0.117317170014677
1982,9,13,1.47622513771057,0,0.940042929455558,0,0.115039166713421
1982,9,14,12.9474172592163,0,6.6475548485505,0,0.109344158460282
1982,9,15,0.121400445699692,0,6.73511916944426,0,0.119595173315933
1982,9,16,0.14484415948391,0,0.130972298921733,0,0.145792211280375
1982,9,17,0.28160685300827,0,0.209219387037138,0,0.151487219533515
1982,9,18,0.632124066352844,0,0.420918235175122,0,0.135541196424724
1982,9,19,0.170967951416969,0,0.364342951156232,0,0.119595173315933
1982,9,20,0.366811722517014,0,0.258912018329283,0,0.109344158460282
1982,9,21,0.000497131957672536,0,0.154316419182123,0,0.100232145255258
1982,9,22,2.5974033633247e-05,0,0.000303273774079571,0,0.0956761386527464
1982,9,23,0.0689739808440208,0,0.0357609945817785,0,0.0911201320502346
1982,9,24,4.01183223724365,0,2.01950650347317,0,0.0911201320502346
1982,9,25,0.472586959600449,-1.4210854715202e-14,2.4786323220992,0,0.0865641254477229
1982,9,26,0,1.4210854715202e-14,0.187750719477208,0,0.0820081188452112
1982,9,27,0.000773619511164725,0,0.000346119873029238,0,0.0785911138933274
1982,9,28,0.00492681749165058,0,0.00283051122323741,1.4210854715202e-14,0.0785911138933274
1982,9,29,3.9382757677231e-05,0,0.00205795212741577,-1.4210854715202e-14,0.0763131105920715
1982,9,30,2.77294548141072e-05,0,3.22039331877022e-05,0,0.0717571039895598
1982,10,1,0.00147020490840077,0,0.000931748484617856,0,0.0728961056401877
1982,10,2,0.00457109278067946,-1.4210854715202e-14,0.00330776692453583,0,0.0706181023389318
1982,10,3,1.31187438964844,1.4210854715202e-14,0.59459137010299,0,0.0728961056401877
1982,10,4,3.00760841369629,0,1.87091787325335,0,0.0706181023389318
1982,10,5,0.00146023358684033,0,1.58692863516899,0,0.0649230940857922
1982,10,6,2.49342751502991,0,1.18772285353089,0,0.0603670874832804
1982,10,7,8.88154888153076,0,5.27771275248779,0,0.0592280858326525
1982,10,8,3.18251895904541,0,6.34982437021472,0,0.0603670874832804
1982,10,9,26.2010059356689,4.2632564145606e-14,14.5390351708879,-5.6843418860808e-14,0.0649230940857922
1982,10,10,0.45813974738121,4.2632564145606e-14,13.3689655804396,9.9475983006414e-14,0.0626450907845363
1982,10,11,0.0438695698976517,-1.4210854715202e-14,0.291887702165241,0,0.0717571039895598
1982,10,12,0.0191471967846155,0,0.0316591964747204,0,0.103649150207142
1982,10,13,0.0300852842628956,0,0.0240116576615037,0,0.10478815185777
1982,10,14,0.00298800645396113,0,0.012606651036549,0,0.100232145255258
1982,10,15,0.00181157025508583,0,0.00243809738594791,0,0.0933981353514905
1982,10,16,0.000250695447903127,0,0.00126737255595799,0,0.0888421287489788
1982,10,17,3.57877543137874e-05,0,0.000148826404256397,0,0.0831471204958391
1982,10,18,0.00084993609925732,0,0.000308107204091357,0,0.0797301155439553
1982,10,19,0.717677474021912,-1.4210854715202e-14,0.323270385481464,-1.4210854715202e-14,0.0785911138933274
1982,10,20,10.3882551193237,1.4210854715202e-14,5.19617234268753,0,0.0717571039895598
1982,10,21,0.00672145280987024,0,5.21092907515003,-2.8421709430404e-14,0.0637840924351642
1982,10,22,0.000547448464203626,0,0.00373362070786243,0,0.0626450907845363
1982,10,23,4.38224014942534e-05,0,0.000254715916980786,0,0.0615060891339084
1982,10,24,5.96835197939072e-05,0,5.25446721439948e-05,0,0.0603670874832804
1982,10,25,1.83212068805005e-06,0,3.23816698255541e-05,-1.4210854715202e-14,0.0592280858326525
1982,10,26,0.0112277483567595,0,0.00702734375727232,1.4210854715202e-14,0.0580890841820246
1982,10,27,0.000213822713703848,0,0.00612481651751295,0,0.0580890841820246
1982,10,28,3.67648124694824,0,1.68771106133681,0,0.0603670874832804
1982,10,29,20.6738414764404,-2.8421709430404e-14,12.1387130888384,-2.8421709430404e-14,0.0637840924351642
1982,10,30,1.27036118507385,4.2632564145606e-14,10.9980181098099,2.8421709430404e-14,0.0637840924351642
1982,10,31,0.11710300296545,0,0.576466385289223,0,0.0751741089414436
1982,11,1,3.29392790794373,0,1.58303344871183,0,0.107066155159026
1982,11,2,22.3986320495606,9.9475983006414e-14,12.7136012470601,-2.8421709430404e-14,0.430542623937359
1982,11,3,0.0652875378727913,-4.2632564145606e-14,11.2319602059697,4.2632564145606e-14,1.46931212931003
1982,11,4,2.28886665354366e-06,0,0.0367976008742517,0,0.949927376623696
1982,11,5,0.000189474085345864,0,0.000116936746508145,0,0.625311906194735
1982,11,6,0.0316053964197636,0,0.0202668086303675,0,0.480658696564988
1982,11,7,0.000606393208727241,0,0.0142471212393502,0,0.4077625909248
1982,11,8,6.73707836540416e-05,1.4210854715202e-14,0.000352477235082915,0,0.367897533152822
1982,11,9,0.00874465797096491,-1.4210854715202e-14,0.00555467708954893,0,0.332588481983356
1982,11,10,0.117807045578957,0,0.0627352657015763,0,0.305252442368286
1982,11,11,0.360648989677429,0,0.272224303169423,0,0.284750412656983
1982,11,12,7.32638883590698,0,3.76977945541057,0,0.276777401102588
1982,11,13,0.000474034546641633,0,3.69962031555042,0,0.258553374692541
1982,11,14,5.82166867388878e-05,0,0.000280710849438037,0,0.249441361487517
1982,11,15,0.0837531313300133,0,0.041772902502089,0,0.241468349933122
1982,11,16,0.056048147380352,0,0.0699163213148495,0,0.23691234333061
1982,11,17,0.0154326995834708,0,0.0387239161591424,0,0.227800330125587
1982,11,18,0.979054868221283,0,0.513771703367638,0,0.222105321872447
1982,11,19,0.545440912246704,0,0.752168043789879,0,0.216410313619307
1982,11,20,1.74052667617798,0,1.12644625279017,0,0.210715305366168
1982,11,21,0.0307751502841711,0,0.906295290405524,0,0.202742293811772
1982,11,22,7.97951936721802,0,3.9970256783422,0,0.208437302064912
1982,11,23,28.3989982604981,1.13686837721616e-13,18.1622393993262,2.8421709430404e-14,0.569500825313967
1982,11,24,0.052726224064827,0.00170696493037781,14.3037865199585,-1.56319401867222e-13,1.3212419147284
1982,11,25,0.131252095103264,0.0017599741842389,0.0892373353467519,0.000572084143527718,0.971568407985627
1982,11,26,11.1279716491699,-9.9475983006414e-14,5.61897738570133,-9.9475983006414e-14,1.41236204677864
1982,11,27,49.199104309082,-1.4210854715202e-14,30.1097635289329,-2.8421709430404e-14,9.85236427793162
1982,11,28,13.7203340530396,-1.4210854715202e-14,31.4625640902241,-1.13686837721616e-13,15.0348217882887
1982,11,29,0.0793562084436417,-7.105427357601e-14,7.89259854677584,-1.13686837721616e-13,5.71778828615222
1982,11,30,0.00661969697102904,0,0.0433251712242964,0,3.21198465477077
1982,12,1,0.0829296633601189,0,0.0447580895879582,0,2.27800330125587
1982,12,2,21.7413196563721,-4.2632564145606e-14,10.8602132406349,0,9.82958424491906
1982,12,3,131.203079223633,-1.56319401867222e-13,72.4188091925876,-2.55795384873636e-13,141.236204677864
1982,12,4,27.48291015625,-9.9475983006414e-14,79.4694684980887,-1.4210854715202e-14,46.3573671805569
1982,12,5,3.98285531997681,1.4210854715202e-13,15.7657077195863,-1.4210854715202e-14,12.6429183219701
1982,12,6,0.0298348497599363,0,2.01100672442226,0,6.70871972219852
1982,12,7,0.00282191182486713,0,0.0173529481362493,0,4.59017665203057
1982,12,8,5.6725704780547e-05,0,0.00166996191455837,0,3.40561493537752
1982,12,9,0.0239860974252224,0,0.0106121772687402,0,2.67665387897564
1982,12,10,5.13458204269409,1.4210854715202e-14,2.5692797029169,-1.4210854715202e-14,2.35773341679982
1982,12,11,7.58294677734375,7.105427357601e-14,6.35794846901445,4.2632564145606e-14,2.87028415958239
1982,12,12,0.00186442362610251,0.000678901983988567,3.7965854372369,-1.4210854715202e-14,2.72221394500076
1982,12,13,0.000285776040982455,0.000707028824393774,0.000373575021512806,1.4210854715202e-14,2.3121733507747
1982,12,14,0.0157710164785385,2.26885956209344e-05,0.00800055196486937,0.0221870768579322,2.05020297113028
1982,12,15,0.0146149368956685,0,0.015224178855533,0,1.79962260799213
1982,12,16,0.00100243173073977,0,0.0084697333877557,0,1.52626221184143
1982,12,17,1.27665825857548e-05,0,0.00057450212261756,0,1.34402194774096
1982,12,18,0.00645548151805997,0,0.00137206704130222,0,1.23012178267817
1982,12,19,3.51627095369622e-05,-1.4210854715202e-14,0.00336848282768187,0,1.15039166713421
1982,12,20,0.000107375082734507,1.4210854715202e-14,6.17407240497414e-05,0,1.04332551197519
1982,12,21,0.0133351786062121,0,0.00653991596391279,0,0.949927376623696
1982,12,22,0.152283743023872,0,0.0560764911233491,0,0.878170272634136
1982,12,23,1.12180602550507,0,0.523267874224075,1.4210854715202e-14,0.85425123797095
1982,12,24,34.9690933227539,-8.5265128291212e-14,17.5844862658678,-9.9475983006414e-14,7.65409109221971
1982,12,25,10.0569286346436,-7.105427357601e-14,22.5131220466355,-1.27897692436818e-13,12.5290181569073
1982,12,26,1.08188962936401,0,5.57380031531193,0,5.86585850073385
1982,12,27,6.19933032989502,0,3.61044450838835,0,4.10040594226056
1982,12,28,9.73376941680908,-5.6843418860808e-14,7.96363287385702,-4.2632564145606e-14,6.69732970569224
1982,12,29,0.000663221057038754,0.000128352829065648,4.89092161465578,1.4210854715202e-14,4.78380693263732
1982,12,30,0.000301757449051365,0.000194316751532142,0.000298745175314252,0,3.45117500140264
1982,12,31,0.000133876703330316,7.14984207519365e-05,0.000160160499035555,0,2.80194406054472
1983,1,1,0.0857127606868744,1.4210854715202e-14,0.041537294076079,0.00474367326715708,2.27800330125587
1983,1,2,0.195448487997055,-1.4210854715202e-14,0.131270454507103,0,1.86796270702981
1983,1,3,0.0896704271435738,0,0.143925510225927,0,1.53765222834771
1983,1,4,0.148469150066376,0,0.118917034140395,0.00151888149230217,1.3212419147284
1983,1,5,0.00128770479932427,1.4210854715202e-14,0.086599575692162,1.4210854715202e-14,1.19595173315933
1983,1,6,0.00112685700878501,-1.4210854715202e-14,0.00122073300190095,-1.4210854715202e-14,1.09799759120533
1983,1,7,0.000148998035001569,0,0.000606342400715221,0,1.0114334657576
1983,1,8,0.810670852661133,0,0.320765763810414,0,0.944232368370556
1983,1,9,1.34158647060394,0,1.16567237852723,0,0.891838292441671
1983,1,10,0.161228522658348,0,0.740852248327428,0,0.849695231368438
1983,1,11,0.0864396691322327,0,0.126627364395063,0,0.791606147186413
1983,1,12,0.000160270254127681,0,0.0446294793728157,0,0.732378061353761
1983,1,13,3.15301222144626e-05,0,9.68167169048684e-05,0,0.67770598212362
1983,1,14,0.206742867827415,0,0.099498501052949,0,0.629867912797247
1983,1,15,0.000813458987977356,0,0.106989211683867,0,0.587724851724013
1983,1,16,0.000296674144919962,0,0.000565366121008992,0,0.550137797253292
1983,1,17,9.35880452743731e-05,0,0.000206492491088284,0,0.522801757638221
1983,1,18,0.000467896257760003,5.52980805821335e-05,0.000217069844438811,1.4210854715202e-14,0.498882722975035
1983,1,19,0.463793516159058,0.0940880395780397,0.137768603359291,-1.4210854715202e-14,0.482936699866244
1983,1,20,0.647078573703766,0.121035082051748,0.434184377686506,0,0.469268680058708
1983,1,21,3.62373208999634,0.367697526936823,1.76097782825582,0,0.470407681709336
1983,1,22,0.908968329429626,0.446559691480502,1.85045914756483,-5.6843418860808e-14,0.469268680058708
1983,1,23,0.129517152905464,0.114157826275644,0.447610859668202,0,0.462434670154941
1983,1,24,0.0426111817359924,0.0042024332644246,0.0728049135213951,0,0.453322656949917
1983,1,25,0.395168572664261,0,0.217487998251272,0.884549769491358,0.44648864704615
1983,1,26,0.115924037992954,0,0.268839668327018,0.343236048371367,0.451044653648661
1983,1,27,2.39851260185242,0,1.21393883917244,0,0.488631708119383
1983,1,28,0.301821827888489,0,1.35161129869994,0,0.517106749385081
1983,1,29,5.43603610992432,1.4210854715202e-14,2.84672245557522,-1.4210854715202e-14,0.53988678239764
1983,1,30,1.24478566646576,-1.4210854715202e-14,3.37163143321777,-5.6843418860808e-14,0.585446848422757
1983,1,31,0.805295169353485,1.4210854715202e-14,1.02811965980891,0,0.690235000280527
1983,2,1,26.0487365722656,1.4210854715202e-14,11.5855968009455,-4.2632564145606e-14,5.02299727926918
1983,2,2,3.33581495285034,1.4210854715202e-14,14.7108885893649,-4.2632564145606e-14,6.93652005232411
1983,2,3,0.0201468784362078,0.00419417674785905,1.69251937437184,0,4.16874604129823
1983,2,4,0.124666996300221,0.0520252811613347,0.0184997844753525,0,3.00696435765774
1983,2,5,0.676497280597687,0.224932563949366,0.175536673245006,0,2.39190346631866
1983,2,6,0.442638367414475,0.2044346088027,0.356658954263366,0,2.05020297113028
1983,2,7,0.00281303585506976,0.027441455152811,0.198020221028855,0,1.71989249244818
1983,2,8,0.0143698053434491,0.000194998270842461,0.00819760499325639,0,1.45792211280375
1983,2,9,0.0477142706513405,2.8421709430404e-14,0.0302876268951877,0.551252944023531,1.3212419147284
1983,2,10,0.00259378296323121,0,0.0262568727193866,0,1.21873176617189
1983,2,11,0.00376351061277092,0,0.00311715682528302,0,1.13102863907354
1983,2,12,0.0317437238991261,-1.4210854715202e-14,0.0172707612900922,-1.4210854715202e-14,1.02851849051702
1983,2,13,0.000996629591099918,1.4210854715202e-14,0.0176432419175399,2.8421709430404e-14,0.932842351864277
1983,2,14,0.00150945747736841,0,0.00124243038681016,-1.4210854715202e-14,0.862224249525345
1983,2,15,0.00142299418803304,0,0.00147029882100469,0,0.8155251818496
1983,2,16,0.00340249040164053,0,0.00238018548498076,0,0.773382120776366
1983,2,17,0.00167858612257987,0,0.00266752963216277,0,0.735795066305645
1983,2,18,0.000291787349851802,0,0.000845722953272343,0,0.695930008533667
1983,2,19,0.00579272117465735,0,0.00272187115660927,0,0.661759959014829
1983,2,20,0.00831338297575712,0,0.00702682269002253,0,0.633284917749131
1983,2,21,0.903247237205505,0,0.377573625250079,0,0.609365883085944
1983,2,22,2.88795495033264,0,1.75268022163073,0,0.585446848422757
1983,2,23,0.221500426530838,0,1.87866561208739,0,0.567222822012711
1983,2,24,2.89243245124817,0,1.23630175156995,0,0.552415800554548
1983,2,25,0.114253796637058,1.4210854715202e-14,1.61464534551396,0,0.533052772493873
1983,2,26,3.09550814563409e-05,-1.4210854715202e-14,0.0382847807932194,0,0.511411741131942
1983,2,27,4.94497289764695e-05,1.4210854715202e-14,3.89927736250684e-05,1.4210854715202e-14,0.489770709770011
1983,2,28,0.000222978735109791,-1.4210854715202e-14,0.00016066446005425,-1.4210854715202e-14,0.472685685010592
1983,3,1,0.0288839172571898,1.4210854715202e-14,0.0144498690124237,0,0.457878663552429
1983,3,2,8.05034142103978e-05,-1.4210854715202e-14,0.0155600029947891,0,0.447627648696778
1983,3,3,0.343555390834808,0,0.166455079954176,0,0.437376633841126
1983,3,4,11.9476881027222,0,5.97436606854171,0,0.447627648696778
1983,3,5,18.7332382202148,2.8421709430404e-14,15.2346259881915,-2.8421709430404e-14,3.81565552960357
1983,3,6,2.38021039962769,-1.4210854715202e-13,10.5635381732118,-1.13686837721616e-13,3.7473154305659
1983,3,7,1.75872266292572,-1.4210854715202e-14,2.07794231505795,0,2.85889414307611
1983,3,8,0.0505323559045792,2.8421709430404e-14,1.00135313253941,0,2.27800330125587
1983,3,9,0.000857279927004129,-1.4210854715202e-14,0.0262175366615338,0,1.81101262449841
1983,3,10,0.000600676867179573,7.52935534933386e-05,0.000658653951177257,0,1.49209216232259
1983,3,11,0.000125218561151996,9.95684689399923e-05,0.000327848309098044,0,1.30985189822212
1983,3,12,0.00043418857967481,0,0.000291405847747228,0,1.17317170014677
1983,3,13,5.43564310646616e-05,0,0.000271668065579433,0,1.07863456314465
1983,3,14,0.00264478428289294,0,0.00114928907169087,0,1.00459945585384
1983,3,15,0.115232788026333,0,0.0544669239407085,0,0.935120355165533
1983,3,16,0.0206540673971176,0,0.0690039924247685,0,0.869058259429113
1983,3,17,1.16370511054993,0,0.680081311622416,0,0.808691171945832
1983,3,18,1.41358104883693e-05,0,0.438509722242998,0,0.754019092715692
1983,3,19,0.0602865256369114,0,0.0377934862490292,0,0.70504202173869
1983,3,20,5.86922836303711,0,2.77875599897652,0,0.68340099037676
1983,3,21,0.0669443160295487,0,3.55009626478568,0,0.675427978822364
1983,3,22,1.66743242740631,0,0.866563614243205,0,0.64467493425541
1983,3,23,0.000623354280833155,0,0.84646693288687,0,0.594558861627781
1983,3,24,0.00233459984883666,0,0.00165688019023946,0,0.554693803855803
1983,3,25,0.88524329662323,0,0.400531219466757,0,0.527357764240733
1983,3,26,7.51961278915405,0,3.98257189685319,0,0.527357764240733
1983,3,27,7.86033344268799,-4.2632564145606e-14,7.65771184042569,0,0.850834233019066
1983,3,28,0.117437601089478,-1.4210854715202e-13,4.05304658620025,4.2632564145606e-14,1.29846188171584
1983,3,29,0.112618714570999,0,0.115193757281304,0,1.12419462916977
1983,3,30,4.96443033218384,0,2.30807943257423,0,1.03649150207142
1983,3,31,0.0788415670394898,0,3.00835670969991,0,1.02168448061326
1983,4,1,8.88120365142822,0,3.62033586502184,0,1.07066155159026
1983,4,2,23.5657939910889,-2.8421709430404e-14,15.7312179534183,4.2632564145606e-14,10.1598947236012
1983,4,3,1.65079629421234,7.105427357601e-14,13.1804077514307,2.8421709430404e-14,9.24869340309882
1983,4,4,0.177763760089874,0,0.956239069661024,0,5.48998795602664
1983,4,5,6.20165157318115,0,3.0740484519647,0,4.04345585972916
1983,4,6,1.25228476524353,0,4.07885645298302,0,3.40561493537752
1983,4,7,0.55084103345871,0,0.917421282895702,0,2.80194406054472
1983,4,8,1.90793359279633,0,1.11515681729907,0,2.38051344981238
1983,4,9,0.927461385726929,0,1.45235310001044,0,2.14132310318051
1983,4,10,0.0667987838387489,0,0.507298676858227,0,1.86796270702981
1983,4,11,0.00020212447270751,0,0.037927802242848,0,1.60599232738539
1983,4,12,0.589188575744629,1.4210854715202e-14,0.29363463628124,0,1.4351420797912
1983,4,13,13.148097038269,-1.4210854715202e-14,6.80187614498755,0,2.10715305366168
1983,4,14,18.1855583190918,1.13686837721616e-13,15.5824401127911,4.2632564145606e-14,5.71778828615222
1983,4,15,0.00169284024741501,-1.4210854715202e-13,9.11159761261115,-9.9475983006414e-14,3.75870544707218
1983,4,16,0.0160889737308025,0,0.00802607274727052,0,2.84750412656983
1983,4,17,0.398907244205475,0,0.177794565798649,0,2.32356336728098
1983,4,18,4.19210052490234,0,1.81344669126884,0,2.06159298763656
1983,4,19,1.98099291324615,0,3.09002551233698,0,1.84518267401725
1983,4,20,3.27752733230591,0,2.62747907322319,0,1.59460231087911
1983,4,21,1.63467502593994,0,2.62297024246618,-1.4210854715202e-14,1.45792211280375
1983,4,22,7.83274793624878,0,4.57370272701883,1.4210854715202e-14,1.4351420797912
1983,4,23,19.82080078125,-8.5265128291212e-14,13.8258334180246,-9.9475983006414e-14,5.60388812108943
1983,4,24,5.80186462402344,-1.4210854715202e-13,12.9410114541906,-1.4210854715202e-14,8.17803185150856
1983,4,25,0.000240754365222529,0,3.21114503263925,0,5.11411741131942
1983,4,26,7.08422230673023e-05,0,0.000161259605192754,0,3.82704554610985
1983,4,27,0.0204560123383999,0,0.0093798383795729,0,3.0866944732017
1983,4,28,3.71740221977234,0,1.68582914085346,0,2.53997368090029
1983,4,29,5.7028603553772,0,4.63225107241306,0,2.23244323523075
1983,4,30,24.4169502258301,0,14.0704176929512,-1.4210854715202e-14,7.97301155439553
1983,5,1,6.00674724578857,-1.27897692436818e-13,15.2187325346149,-4.2632564145606e-14,6.70871972219852
1983,5,2,5.88707971572876,0,5.94721187390223,1.4210854715202e-14,3.99789579370404
1983,5,3,16.4005603790283,-4.2632564145606e-14,11.1359093085948,7.105427357601e-14,4.41932640443638
1983,5,4,0.00527385529130697,0,8.22002387668817,-1.4210854715202e-13,3.55368514995915
1983,5,5,0.0190289225429297,0,0.0116091275303916,0,2.77916402753216
1983,5,6,0.0917778685688972,0,0.0549848611963171,0,2.23244323523075
1983,5,7,2.47459030151367,0,1.04640236616797,0,1.84518267401725
1983,5,8,1.40816640853882,0,1.99105631289876,0,1.52626221184143
1983,5,9,0.189592003822327,0,0.862229378454686,0,1.27568184870328
1983,5,10,0.179564699530602,0,0.183232335983121,0,1.12761163412165
1983,5,11,3.0173830986023,0,1.52932029834574,0,1.02624048721577
1983,5,12,4.6449613571167,0,3.72735363005631,0,0.988653432745046
1983,5,13,1.56155514717102,0,3.20884208310417,1.4210854715202e-14,0.974985412937511
1983,5,14,21.5176124572754,0,11.4090235076937,-3.26849658449646e-13,1.02282348226388
1983,5,15,23.1155910491943,-1.70530256582424e-13,22.3110682904253,-8.5265128291212e-14,4.76102689962476
1983,5,16,0.113183617591858,-4.2632564145606e-14,11.8111729201855,-4.2632564145606e-14,4.06623589274172
1983,5,17,0.514891386032105,0,0.320033986659837,0,2.66526386246936
1983,5,18,13.8156805038452,0,7.16494087523097,1.4210854715202e-14,4.05484587623544
1983,5,19,7.9632453918457,0,10.9614987760606,-1.4210854715202e-14,6.99347013485551
1983,5,20,0.73203182220459,0,4.95081343357288,0,4.077625909248
1983,5,21,5.60591411590576,0,3.12835997365073,0,2.95001427512635
1983,5,22,4.31291007995605,0,4.99703709464484,1.4210854715202e-14,2.48302359836889
1983,5,23,6.725266456604,0,5.276339166865,-1.4210854715202e-14,2.3691234333061
1983,5,24,1.67730247974396,0,4.20596767673032,0,3.34866485284612
1983,5,25,0.0102814314886928,0,0.921742302760322,1.4210854715202e-14,2.65387384596308
1983,5,26,0.0579135455191135,0,0.0319646924845074,-1.4210854715202e-14,2.00464290510516
1983,5,27,1.47217130661011,0,0.513711281706492,0,1.9818628720926
1983,5,28,7.00183391571045,0,3.64638264856876,0,2.79055404403844
1983,5,29,1.21675717830658,0,4.21672388461775,0,1.62877236039794
1983,5,30,1.16346800327301,0,1.19440622130969,0,1.25290181569073
1983,5,31,1.92499959468842,0,1.45077785092053,0,1.05813253343335
1983,6,1,3.03127671941184e-05,0,1.15296086635499,0,0.931703350213649
1983,6,2,0.481015890836716,1.4210854715202e-14,0.184040201447715,0,0.828054200006507
1983,6,3,3.31300806999207,-1.4210854715202e-14,1.65303853280329,-1.4210854715202e-14,0.756297096016947
1983,6,4,4.16700792312622,0,3.66108274417911,0,0.678844983774248
1983,6,5,0.418122798204422,0,2.47471921215129,2.8421709430404e-14,0.612782888037828
1983,6,6,5.6107120513916,0,2.76094378119251,-1.4210854715202e-14,0.603670874832804
1983,6,7,0.13538958132267,0,3.11562321756719,0,0.586585850073385
1983,6,8,0.754158139228821,0,0.410832138819387,0,0.537608779096384
1983,6,9,0.270435452461243,0,0.523580070360367,0,0.495465718023151
1983,6,10,2.81777374766534e-05,0,0.1633352220706,0,0.462434670154941
1983,6,11,0.0217057187110186,0,0.0126618505219085,0,0.437376633841126
1983,6,12,0.114825934171677,0,0.0632911520251582,0,0.414596600828568
1983,6,13,1.32406938076019,0,0.538657143652927,0,0.397511576069149
1983,6,14,18.4229679107666,0,9.55075136133019,0,0.418013605780451
1983,6,15,15.5815753936768,0,17.0023408613542,0,0.520523754336965
1983,6,16,0.00110966747161001,0,7.87257151488575,0,0.588863853374641
1983,6,17,0.000225350318942219,0,0.000673988945891324,0,0.498882722975035
1983,6,18,0.00406975112855434,0,0.00266299373834045,0,0.441932640443638
1983,6,19,0.0276445206254721,0,0.0182935472539612,0,0.41345759917794
1983,6,20,0.0829252228140831,0,0.0543578747865467,-1.4210854715202e-14,0.397511576069149
1983,6,21,0.010000616312027,0,0.0541768572511501,1.4210854715202e-14,0.387260561213497
1983,6,22,0.0385281257331371,0,0.0256450031210989,0,0.381565552960357
1983,6,23,0.282603830099106,0,0.139693975902446,0,0.375870544707218
1983,6,24,4.03702116012573,0,1.97906479589528,0,0.373592541405962
1983,6,25,16.1742553710938,-1.4210854715202e-14,9.96247288546147,-1.4210854715202e-14,0.371314538104706
1983,6,26,11.0538187026978,1.4210854715202e-14,13.6454093336306,1.4210854715202e-14,0.370175536454078
1983,6,27,13.9508247375488,0,12.4768734771496,0,2.48302359836889
1983,6,28,5.13315773010254,0,9.67469070162497,0,1.24151179918445
1983,6,29,27.7226142883301,1.4210854715202e-14,16.1025065248405,0,1.6515523934105
1983,6,30,1.38069200515747,-1.98951966012828e-13,14.593561741136,4.2632564145606e-14,1.66294240991678
1983,7,1,2.79670715332031,0,2.06169157548084,0,1.18456171665305
1983,7,2,1.33313965797424,0,2.06605640643647,0,0.833749208259647
1983,7,3,6.91115999221802,0,4.01660096403521,0,0.660620957364201
1983,7,4,3.49596643447876,0,5.40646004153132,0,0.708459026690574
1983,7,5,10.1112232208252,0,4.71538041086205,0,0.956761386527464
1983,7,6,0.518251061439514,0,5.64668244266159,0,0.693652005232411
1983,7,7,6.79156364640221e-05,0,0.332250377198761,0,0.482936699866244
1983,7,8,6.20051849864467e-08,0,4.16441098423093e-05,0,0.351951510044031
1983,7,9,0.0013685409212485,0,0.000679487211527885,0,0.260831377993797
1983,7,10,5.1131801228621e-06,0,0.000538413490176026,0,0.243746353234378
1983,7,11,5.93917366131791e-06,0,5.492532181961e-06,0,0.241468349933122
1983,7,12,0.000323745422065258,0,0.000196012269043422,0,0.234634340029354
1983,7,13,0.00509302411228418,0,0.00242999055808468,0,0.234634340029354
1983,7,14,0.952303051948547,1.4210854715202e-14,0.565000926908397,0,0.23121733507747
1983,7,15,1.51647257804871,0,1.18581776740939,0,0.218688316920563
1983,7,16,0.376231014728546,-1.4210854715202e-14,0.794192200252837,0,0.2038812954624
1983,7,17,0.179381802678108,0,0.268501714737795,0,0.197047285558632
1983,7,18,0.777442812919617,0,0.438816644618782,0,0.182240264100469
1983,7,19,0.00152800756040961,0,0.511713402401256,0,0.17085024759419
1983,7,20,0.00423461059108377,0,0.00282020479062339,0,0.159460231087911
1983,7,21,0.00233219959773123,0,0.00357446865018574,0,0.148070214581631
1983,7,22,0.000674278475344181,0,0.00155660833934235,0,0.13781919972598
1983,7,23,0.095520593225956,0,0.0646089758720336,0,0.129846188171584
1983,7,24,0.00177011673804373,-1.4210854715202e-14,0.0542063655302627,-1.4210854715202e-14,0.121873176617189
1983,7,25,0.642635345458984,1.4210854715202e-14,0.418293709599311,1.4210854715202e-14,0.191352277305493
1983,7,26,5.73099660873413,0,3.03957002367952,0,0.179962260799213
1983,7,27,1.78685081005096,0,3.94449000170698,0,0.189074274004237
1983,7,28,0.168465942144394,0,1.10393165398909,0,0.168572244292934
1983,7,29,0.784164249897003,0,0.436104620857805,0,0.168572244292934
1983,7,30,10.6867437362671,0,5.60188389270661,0,0.13212419147284
1983,7,31,1.64090692996979,0,6.53043981595238,0,0.115039166713421
1983,8,1,0.399519324302673,1.4210854715202e-14,1.06322052251744,0,0.112761163412165
1983,8,2,1.24787545204163,-1.4210854715202e-14,0.773431135437932,0,0.108205156809654
1983,8,3,1.5900593996048,0,1.45408979464264,0,0.102510148556514
1983,8,4,0.00457612937316299,0,0.912393926390905,0,0.0968151403033743
1983,8,5,0.424995839595795,1.4210854715202e-14,0.212934072029384,1.4210854715202e-14,0.0933981353514905
1983,8,6,4.15296840667725,-2.8421709430404e-14,2.16246245507318,-1.4210854715202e-14,0.0911201320502346
1983,8,7,4.05298185348511,1.4210854715202e-14,4.11542569501944,0,0.0899811303996067
1983,8,8,4.98825454711914,0,4.50609427353538,0,0.0888421287489788
1983,8,9,0.453516274690628,0,3.0088995288379,0,0.0877031270983508
1983,8,10,9.56082294578664e-05,0,0.170622017249116,0,0.0877031270983508
1983,8,11,0.0145843718200922,0,0.00567715885790676,0,0.0877031270983508
1983,8,12,2.95651245117188,0,1.12668715048676,0,0.0956761386527464
1983,8,13,0.0151831330731511,0,1.66257600910285,-1.4210854715202e-14,0.0933981353514905
1983,8,14,0.00100962107535452,1.4210854715202e-14,0.00858550864359131,2.8421709430404e-14,0.0945371370021184
1983,8,15,0.00507000600919128,-1.4210854715202e-14,0.00270019466097438,-1.4210854715202e-14,0.0933981353514905
1983,8,16,0.00271142343990505,0,0.00351978298931499,0,0.0899811303996067
1983,8,17,0.00051119428826496,0,0.00179836975803482,0,0.0865641254477229
1983,8,18,0.0210539065301418,0,0.00792003103470051,0,0.085425123797095
1983,8,19,0.00010548735735938,0,0.0106553202076611,0,0.0820081188452112
1983,8,20,0.00396951148286462,0,0.00173617468408338,0,0.0797301155439553
1983,8,21,0.0002627084904816,0,0.000669735283736372,1.4210854715202e-14,0.0763131105920715
1983,8,22,0.173079863190651,0,0.0124385975632322,-1.4210854715202e-14,0.0751741089414436
1983,8,23,0.906612992286682,0,0.209586900228715,0,0.0706181023389318
1983,8,24,5.50892734527588,0,1.75116084178535,0,0.068340099037676
1983,8,25,1.02278006076813,0,4.77444042373008,0,0.067201097387048
1983,8,26,0.655053675174713,0,0.913436500822172,0,0.0649230940857922
1983,8,27,0.340240627527237,0,0.458213072403851,0,0.0637840924351642
1983,8,28,1.19306480884552,0,0.48707543630735,0,0.0626450907845363
1983,8,29,3.92484474182129,0,2.52715580748463,0,0.0615060891339084
1983,8,30,1.40453696250916,0,2.87222254331482,0,0.067201097387048
1983,8,31,15.8572549819946,0,6.51126126759846,0,0.068340099037676
1983,9,1,1.13015294075012,0,9.390529663292,0,0.0626450907845363
1983,9,2,9.42518363444833e-06,0,0.617389292498046,0,0.0580890841820246
1983,9,3,1.04325124539173e-06,0,4.30769068771042e-06,0,0.0580890841820246
1983,9,4,1.85664430318866e-05,0,9.89970885711955e-06,0,0.0592280858326525
1983,9,5,0.00192519230768085,1.4210854715202e-14,0.000987481261290668,0,0.0580890841820246
1983,9,6,0.0379824191331863,-1.4210854715202e-14,-0.0564080401682077,0,0.0546720792301408
1983,9,7,2.81231737136841,0,0.616749915553555,0,0.0523940759288849
1983,9,8,0.635066986083984,0,2.4125815970483,0,0.051255074278257
1983,9,9,0.00167963199783117,0,0.514532813290316,0,0.051255074278257
1983,9,10,0,0,-0.0116373698101597,0,0.0466990676757452
1983,9,11,0.558835208415985,0,0.0528826258969275,0,0.0455600660251173
1983,9,12,2.85908436775208,0,1.01620437683505,0,0.0489770709770011
1983,9,13,2.02117729187012,0,2.74658503585306,0,0.0489770709770011
1983,9,14,5.50769509573001e-05,0,1.61508357544335,0,0.0410040594226056
1983,9,15,0.917929708957672,0,0.0939205280456008,0,0.0398650577719777
1983,9,16,4.39476776123047,0,1.68072931763254,0,0.0398650577719777
1983,9,17,0.0547211617231369,0,3.5685853861969,0,0.0398650577719777
1983,9,18,0.047203104943037,0,0.0523468448582207,0,0.0398650577719777
1983,9,19,0.670370578765869,0,0.24374270237422,0,0.0375870544707218
1983,9,20,3.60935115814209,0,1.62060930027474,0,0.0375870544707218
1983,9,21,5.26576900482178,0,4.23653075629409,0,0.0353090511694659
1983,9,22,0.463323056697846,0,3.71522017095322,0,0.0353090511694659
1983,9,23,1.73780736076878e-05,0,0.127120879058566,0,0.0353090511694659
1983,9,24,0.0205746684223413,0,-0.00647609793941228,0,0.0330310478682101
1983,9,25,0.026615584269166,0,0.023664101844588,0,0.0330310478682101
1983,9,26,0.0689966604113579,0,0.0438831117126028,0,0.0330310478682101
1983,9,27,0.0418424271047115,0,0.0594081388117047,0,0.0330310478682101
1983,9,28,4.56677807960659e-05,0,0.0241369668465268,0,0.0318920462175821
1983,9,29,6.35124233667739e-05,0,-0.00128012846744241,0,0.0318920462175821
1983,9,30,0.0134069826453924,0,0.00544001911475789,0,0.0318920462175821
1983,10,1,4.25722610088997e-05,0,0.00844815953769285,0,0.0296140429163263
1983,10,2,4.02620898967143e-05,0,-0.000384577346267179,0,0.0296140429163263
1983,10,3,0.162400662899017,0,0.0654534105296989,0,0.0307530445669542
1983,10,4,6.49690771102905,0,2.71968198536706,0,0.0330310478682101
1983,10,5,0.909766018390656,0,4.12999692704216,0,0.0353090511694659
1983,10,6,0.145664021372795,0,0.634860160639619,0,0.0353090511694659
1983,10,7,0.0191377159208059,0,0.104465302003518,0,0.0353090511694659
1983,10,8,0.00456909323111177,0,0.0113127009162781,0,0.0353090511694659
1983,10,9,0.00578001886606216,0,-0.0487694363664559,0,0.0353090511694659
1983,10,10,0.472764611244202,0,0.216757024343679,0,0.0353090511694659
1983,10,11,0.993717014789581,0,-2.21005680308735,0,0.0353090511694659
1983,10,12,26.7913131713867,-4.2632564145606e-14,15.9791559026544,-8.5265128291212e-14,0.0353090511694659
1983,10,13,0.023080563172698,0,13.4344301824649,8.5265128291212e-14,0.034170049518838
1983,10,14,6.17951445747167e-05,0,0.0168204794244957,-1.4210854715202e-14,0.0353090511694659
1983,10,15,0.000124770565889776,0,-0.000240135684180132,1.4210854715202e-14,0.0353090511694659
1983,10,16,0.0036220767069608,0,-0.452551936859891,0,0.0353090511694659
1983,10,17,4.3360013961792,0,1.71269909494822,0,0.0353090511694659
1983,10,18,10.0694723129272,0,8.07348153760086,0,0.0353090511694659
1983,10,19,3.59077930450439,0,6.37772528353344,0,0.0353090511694659
1983,10,20,5.81786060333252,0,4.01005374153738,0,0.0353090511694659
1983,10,21,13.2239627838135,0,10.300982831538,0,0.0364480528200938
1983,10,22,2.78918766975403,0,8.23355528957654,0,0.0353090511694659
1983,10,23,0.0294712074100971,0,1.31919806976293,0,0.0353090511694659
1983,10,24,0.102106034755707,0,0.0720311134191434,0,0.0353090511694659
1983,10,25,0.00653943652287126,-1.4210854715202e-14,0.0418809810007588,-1.4210854715202e-14,0.0353090511694659
1983,10,26,6.66197138343705e-06,1.4210854715202e-14,0.00273232886684127,1.4210854715202e-14,0.0353090511694659
1983,10,27,1.52277107190457e-05,1.4210854715202e-14,1.07108126030653e-05,0,0.0353090511694659
1983,10,28,3.67681677744258e-05,-1.4210854715202e-14,2.35572533711093e-05,0,0.0353090511694659
1983,10,29,6.82291138218716e-05,0,5.37163314220379e-05,0,0.0353090511694659
1983,10,30,0.00582141987979412,0,0.00257495148707676,0,0.0353090511694659
1983,10,31,4.19194257119671e-05,0,0.00240195910646435,0,0.0353090511694659
1983,11,1,0.139948233962059,0,0.063761972717657,0,0.0353090511694659
1983,11,2,0.495452731847763,0,0.350278210559736,0,0.0353090511694659
1983,11,3,2.44096803665161,-1.4210854715202e-14,1.36125369632919,0,0.0353090511694659
1983,11,4,17.4123821258545,1.4210854715202e-14,9.91974665782163,0,0.0353090511694659
1983,11,5,0.388664364814758,-1.4210854715202e-14,8.90100090677606,0,0.034170049518838
1983,11,6,0.0369035676121712,1.4210854715202e-14,0.190635530701911,0,0.0353090511694659
1983,11,7,0.103102423250675,0,0.0687925964293754,0,0.0353090511694659
1983,11,8,0.00261642714031041,0,0.0576614843739662,0,0.0353090511694659
1983,11,9,1.79360723495483,0,0.706715161779357,0,0.0353090511694659
1983,11,10,5.93674564361572,1.4210854715202e-14,3.86422921528083,-4.2632564145606e-14,0.034170049518838
1983,11,11,0.0238286126405001,-1.4210854715202e-14,2.98089257496849,-2.8421709430404e-14,0.034170049518838
1983,11,12,0.00458274269476533,0,0.0121619492101672,0,0.034170049518838
1983,11,13,0.217155426740646,0,0.107593192752574,0,0.034170049518838
1983,11,14,0.94720995426178,0,0.549019105133084,0,0.0353090511694659
1983,11,15,1.64026701450348,0,1.22704664738467,-1.4210854715202e-14,0.034170049518838
1983,11,16,5.03494011354633e-05,0,0.700090123651535,1.4210854715202e-14,0.034170049518838
1983,11,17,0.000313362688757479,0,0.000181783658263157,0,0.0353090511694659
1983,11,18,0.253022462129593,0,0.169402088568859,0,0.0353090511694659
1983,11,19,24.0508251190186,1.4210854715202e-14,12.1217013707619,1.4210854715202e-13,0.0797301155439553
1983,11,20,25.4258766174316,-4.2632564145606e-14,24.7323245523057,-2.27373675443232e-13,0.0956761386527464
1983,11,21,0.000300969055388123,-1.4210854715202e-14,14.3793262334193,4.2632564145606e-14,0.240329348282494
1983,11,22,3.81893467903137,0,1.90118573774907,0,0.230078333426842
1983,11,23,42.1931838989258,1.4210854715202e-14,22.6894832075586,0,1.49209216232259
1983,11,24,0.127458184957504,-2.8421709430404e-14,21.3023665209967,7.105427357601e-14,1.68572244292934
1983,11,25,0.000185993136256002,0,0.0672673801027486,0,0.974985412937511
1983,11,26,1.12165939807892,0,0.523834341825932,0,0.632145916098503
1983,11,27,14.9305267333984,7.105427357601e-14,7.92367843864486,4.2632564145606e-14,0.619616897941595
1983,11,28,3.09922051429749,0,9.13076636705136,-9.9475983006414e-14,1.07863456314465
1983,11,29,0.000265003560343757,0,1.67632265534849,0,0.793884150487669
1983,11,30,0.20177073776722,0,0.0994659528050761,0,0.604809876483432
1983,12,1,0.328437358140945,0,0.26504752999972,0,0.47951969491436
1983,12,2,13.0091257095337,0,6.15697226527755,4.2632564145606e-14,0.411179595876684
1983,12,3,14.8127326965332,-4.2632564145606e-14,13.8923909326359,-1.4210854715202e-14,0.626450907845363
1983,12,4,5.86240673065186,1.4210854715202e-14,10.3414934874054,2.8421709430404e-14,1.50348217882887
1983,12,5,0.199275702238083,0,3.12100095937694,0,1.30985189822212
1983,12,6,1.24257278442383,1.4210854715202e-14,0.719673651417907,1.4210854715202e-14,1.00573845750446
1983,12,7,0.00228589773178101,2.8421709430404e-14,0.694383884028866,-1.4210854715202e-14,0.759714100968831
1983,12,8,0.000115576112875715,-1.4210854715202e-14,0.000984604843324632,0,0.613921889688456
1983,12,9,0.0182290077209473,0,0.00790714454888075,0,0.513689744433198
1983,12,10,3.12565922737122,0,1.54286626006797,0,0.453322656949917
1983,12,11,21.0597667694092,0,9.33056963679246,2.8421709430404e-14,1.45792211280375
1983,12,12,0.725807428359985,-8.5265128291212e-14,10.9228050949441,-8.5265128291212e-14,2.01603292161144
1983,12,13,0.201622679829597,0,0.509002439340293,0,1.38958201376608
1983,12,14,3.15190434455872,0.52676314936393,1.12822764136126,1.4210854715202e-14,1.13216764072417
1983,12,15,0.135492324829102,0.58207304409531,1.09428615443176,2.8421709430404e-14,0.928286345261765
1983,12,16,3.70824750461907e-06,0.0386740401194601,0.0328448596210365,0,0.766548110872599
1983,12,17,0.00341549841687083,0.000626548840656938,0.000980325342425203,0,0.645813935906038
1983,12,18,0.0785698667168617,0.0319524451030162,0.00684034847290604,0,0.551276798903919
1983,12,19,2.53731822967529,1.16833750184546,0.00675205185416417,0,0.494326716372523
1983,12,20,0.149273946881294,1.41842968690929,0,0,0.455600660251173
1983,12,21,0.781112015247345,0.399160010591629,0,0,0.421430610732335
1983,12,22,0.297817528247833,0.55932928980792,0,0,0.387260561213497
1983,12,23,0.00400178274139762,0.181883879664355,0,0,0.353090511694659
1983,12,24,0.0464174896478653,0.0289609352790023,0,0,0.330310478682101
1983,12,25,0.047458790242672,0.0468664306047515,0,0,0.307530445669542
1983,12,26,0.10275299847126,0.0841033040448167,0,0,0.284750412656983
1983,12,27,0.688815295696259,0.388317416750155,0,0,0.261970379644425
1983,12,28,1.08951044082642,0.836782667850613,0,0,0.250580363138145
1983,12,29,0.0243844240903854,0.565554007396372,0,0,0.227800330125587
1983,12,30,0.000761970470193774,0.0161038192752869,0,0,0.216410313619307
1983,12,31,0.00130202912259847,0.00101309938231964,0,0,0.205020297113028
1984,1,1,0.00415298715233803,0.00178130513857866,0.00142015732035361,0,0.193630280606749
1984,1,2,0.0139576168730855,0.00115173672156743,0.00721947682814061,-1.4210854715202e-14,0.182240264100469
1984,1,3,0.000352644769009203,0,0.00716636076231225,0.257834055589598,0.168572244292934
1984,1,4,0.00503244809806347,1.4210854715202e-14,0.00252442953478749,2.67872733995486,0.166294240991678
1984,1,5,0.00178669369779527,-1.4210854715202e-14,0.00342850328524946,4.14559558571362,0.17085024759419
1984,1,6,0.000315876823151484,0,0.00110166813556134,0,0.183379265751097
1984,1,7,1.42350772875943e-05,0,0.000174970726220636,0,0.190213275654865
1984,1,8,1.97275352478027,0,0.943674853027915,0,0.194769282257377
1984,1,9,0.302787244319916,0,1.16596858959747,0,0.199325288859888
1984,1,10,9.36672210693359,0,4.21821293084031,0,0.218688316920563
1984,1,11,0.000617766578216106,0.000298569164684182,4.72401348182666,0,0.246024356535634
1984,1,12,0.0173697676509619,0.00565421166407987,0.00299435184115282,0,0.276777401102588
1984,1,13,0.0308378264307976,0.0115447704948508,0.0123296961501183,0,0.292723424211379
1984,1,14,0.0116702616214752,0.0118266787054893,0.00959581212555349,1.4210854715202e-14,0.289306419259495
1984,1,15,0.0720618367195129,0.038637354332792,-9.09494701772928e-13,-1.4210854715202e-14,0.281333407705099
1984,1,16,1.93039762973785,0.59158670203152,0.405426815488681,0,0.268804389548192
1984,1,17,0.613848328590393,0.870200932666606,0.415960434167573,0,0.256275371391285
1984,1,18,2.26411461830139,1.3964065847332,0,0,0.248302359836889
1984,1,19,0.00236114673316479,1.16334636948656,0,0,0.235773341679982
1984,1,20,0.0273968391120434,0.0161830051795562,9.09494701772928e-13,0,0.225522326824331
1984,1,21,0.0227408800274134,0.0253311490851758,-9.09494701772928e-13,0,0.225522326824331
1984,1,22,0.3691645860672,0.189999385495796,0,0,0.215271311968679
1984,1,23,7.13181924819946,0.656980081614648,2.23185331135483,0,0.200464290510516
1984,1,24,0.650867819786072,0.575914221008645,3.34433199431805,0.419141383856513,0.200464290510516
1984,1,25,6.61050944472663e-05,0,0.347981599291416,1.83509560143187,0.220966320221819
1984,1,26,4.90127495140769e-05,-1.4210854715202e-14,5.76865022594575e-05,3.31420054357795,0.244885354885006
1984,1,27,0.00279159960336983,1.4210854715202e-14,0.00125521101654158,0,0.258553374692541
1984,1,28,0.00119575602002442,0,0.00211417212358356,0,0.273360396150704
1984,1,29,0.000884643057361245,0,0.00105180567334173,0,0.282472409355727
1984,1,30,2.73283058049856e-05,0,0.000476666867143649,1.4210854715202e-14,0.282472409355727
1984,1,31,0.000470466708065942,-1.4210854715202e-14,0.00021551895133598,-2.8421709430404e-14,0.276777401102588
1984,2,1,3.30324437527452e-05,2.8421709430404e-14,0.000309449336782564,2.8421709430404e-14,0.268804389548192
1984,2,2,0.873389542102814,-1.4210854715202e-14,0.40689005927743,-2.8421709430404e-14,0.26424838294568
1984,2,3,2.04883432388306,0,1.41259433011965,1.4210854715202e-14,0.261970379644425
1984,2,4,0.000833364203572273,0,1.02773034643087,0,0.260831377993797
1984,2,5,0.000353681185515597,4.86680840054987e-05,0.000551998153241584,-1.4210854715202e-14,0.251719364788773
1984,2,6,9.11202441784553e-05,9.19598794411058e-05,0.000171872485225322,1.4210854715202e-14,0.24260735158375
1984,2,7,0.000323651096550748,3.88796032666505e-05,0.000165628909599036,0,0.238051344981238
1984,2,8,0.00633264612406492,0,0.00251649548954447,0,0.23121733507747
1984,2,9,2.52891850471497,1.4210854715202e-14,1.24022250484995,1.4210854715202e-14,0.225522326824331
1984,2,10,0.394819617271423,-1.4210854715202e-14,1.78268811514317,-1.4210854715202e-14,0.220966320221819
1984,2,11,2.94994735717773,0,1.38907310552895,0,0.214132310318051
1984,2,12,39.4019241333008,-2.8421709430404e-14,19.7513405161262,-1.4210854715202e-14,3.18920462175821
1984,2,13,0.570373296737671,-8.5265128291212e-14,20.6434846056254,-9.9475983006414e-14,4.98882722975035
1984,2,14,0.00471980683505535,0,0.308675973905338,0,2.65387384596308
1984,2,15,0.126718088984489,0,0.0590883944241796,0,1.68572244292934
1984,2,16,2.57054901123047,0,1.29321132043424,0,1.26429183219701
1984,2,17,0.363811135292053,0,2.16142871250759,1.4210854715202e-14,1.04560351527644
1984,2,18,0.96843159198761,0,0.590449380271821,-1.4210854715202e-14,0.889560289140416
1984,2,19,0.465331345796585,0,0.731615802513261,0,0.807552170295204
1984,2,20,0.0017648006323725,0,0.259433883206839,0,0.731239059703133
1984,2,21,6.92289950166014e-06,0,0.000976475571405899,0,0.64467493425541
1984,2,22,3.35227305185981e-05,0,2.39712235270417e-05,0,0.576334835217734
1984,2,23,5.12144106323831e-05,0,4.16967923229095e-05,0,0.518245751035709
1984,2,24,0.0198063515126705,0,0.0130198192255193,0,0.466990676757452
1984,2,25,0.000765415257774293,1.4210854715202e-14,0.0108521443089558,0,0.421430610732335
1984,2,26,13.9823389053345,-4.2632564145606e-14,4.80892409501485,8.5265128291212e-14,0.429403622286731
1984,2,27,33.1711616516113,-5.6843418860808e-14,23.5704656304451,-1.84741111297626e-13,2.47163358186261
1984,2,28,1.03170740604401,0.211221235450338,16.8968929769535,-1.4210854715202e-14,2.92723424211379
1984,2,29,0.00120775669347495,0.214596471805606,0.30952748445543,0,2.11854307016796
1984,3,1,0.440305858850479,0.000155926800005091,0.204884306704116,0.133029961614213,1.81101262449841
1984,3,2,0.000138781033456326,0,0.22622872856391,0.239645718809925,2.39190346631866
1984,3,3,3.04557085037231,0,1.17042430123638,-1.4210854715202e-14,3.64480528200939
1984,3,4,20.4279518127441,9.9475983006414e-14,10.5552799818388,7.105427357601e-14,6.28728911146619
1984,3,5,7.36835670471191,0,14.3893550312923,-1.70530256582424e-13,12.3012178267817
1984,3,6,0,4.2632564145606e-14,3.68432492990814,-1.4210854715202e-14,5.58110808807687
1984,3,7,0.0299058277159929,0,0.0146171057522224,0,3.55368514995915
1984,3,8,4.60182991446345e-06,0,0.013352922037484,0,2.59692376343169
1984,3,9,0.0852170065045357,0.00821971560785073,0.034321761721003,0,1.93630280606749
1984,3,10,0.605249464511871,0.00823416145938438,0.336965934948239,0.0220222310041294,1.45792211280375
1984,3,11,0.229525730013847,1.4210854715202e-14,0.446110085017608,0,1.23012178267817
1984,3,12,12.2616119384766,-7.105427357601e-14,6.23652757081527,1.4210854715202e-14,1.17317170014677
1984,3,13,1.69126665592194,8.5265128291212e-14,7.28320683341372,2.8421709430404e-14,1.23012178267817
1984,3,14,0.0718344375491142,1.4210854715202e-14,0.803809382541658,1.4210854715202e-14,1.23012178267817
1984,3,15,1.11662209033966,0,0.568024144513402,0,1.11622161761537
1984,3,16,2.60129284858704,0,1.73888441283998,1.4210854715202e-14,1.17317170014677
1984,3,17,16.1157646179199,1.4210854715202e-14,8.14838686279654,-5.6843418860808e-14,1.54904224485399
1984,3,18,3.11569571495056,-1.70530256582424e-13,9.79102013477495,-5.6843418860808e-14,3.09808448970798
1984,3,19,7.56981182098389,0,5.30612427102369,0,3.00696435765774
1984,3,20,0.00423862645402551,0,3.78739136144486,0,3.00696435765774
1984,3,21,0,1.4210854715202e-14,0.00243790076729056,0,2.46024356535634
1984,3,22,0.0294947903603315,-1.4210854715202e-14,0.0188999417696323,0,1.91352277305493
1984,3,23,3.85332369804382,0,1.7366423898211,0,1.54904224485399
1984,3,24,11.6384868621826,4.2632564145606e-14,6.34561569238394,7.105427357601e-14,2.0957630371554
1984,3,25,1.10616314411163,-1.4210854715202e-14,6.37264302877429,-2.8421709430404e-14,2.85889414307611
1984,3,26,0.365677565336227,0,0.755170178071239,0,2.33495338378726
1984,3,27,2.03443574905396,0,1.15824122353843,1.4210854715202e-14,1.9818628720926
1984,3,28,23.2834415435791,0,9.38168572704308,4.2632564145606e-14,2.74499397801332
1984,3,29,3.07735443115234,-4.2632564145606e-14,13.4835153266731,0,5.33052772493873
1984,3,30,0.00038067001150921,0,1.6725893875664,0,3.71314538104706
1984,3,31,1.82723128795624,0,0.840916940633179,0,2.88167417608867
1984,4,1,4.0587306022644,0,2.71121414051504,1.4210854715202e-14,2.41468349933122
1984,4,2,4.56982374191284,0,4.2845211237418,-1.4210854715202e-14,2.10715305366168
1984,4,3,10.5593910217285,0,7.54896168702544,0,2.90445420910123
1984,4,4,0.769766271114349,0,5.72209173212195,0,3.00696435765774
1984,4,5,0.0513219013810158,0,0.445042493045548,0,2.44885354885006
1984,4,6,3.62904502253514e-05,0,0.0266617366532955,0,2.01603292161144
1984,4,7,2.93030738830566,0,1.04428869923595,0,1.66294240991678
1984,4,8,17.1069164276123,-4.2632564145606e-14,7.49571321634357,-2.8421709430404e-14,2.26661328474959
1984,4,9,10.5060195922852,-1.4210854715202e-13,14.0391586349924,-7.105427357601e-14,5.31913770843245
1984,4,10,0.00753871817141771,-1.4210854715202e-14,5.29902199940079,0,4.30542623937359
1984,4,11,0.116417840123177,0,0.0604144378903584,0,3.26893473730217
1984,4,12,2.12950229644775,0,1.23975212217647,0,2.67665387897564
1984,4,13,0.132054135203362,0,1.27226280178729,0,2.16410313619307
1984,4,14,0.173039391636848,1.4210854715202e-14,0.148789498500264,0,1.71989249244818
1984,4,15,0.932505130767822,-1.4210854715202e-14,0.312874453373297,0,1.44653209629747
1984,4,16,0.168645456433296,0,0.558528827555165,1.4210854715202e-14,1.28707186520956
1984,4,17,0.153735160827637,0,0.159454830283721,-1.4210854715202e-14,1.15039166713421
1984,4,18,0.059550229460001,0,0.11679899482715,0,1.01826747566137
1984,4,19,0.012815953232348,0,0.0371635867195437,0,0.910062318851718
1984,4,20,4.57229614257813,0,2.29235034040084,0,0.825776196705251
1984,4,21,29.6059818267822,2.8421709430404e-14,16.942454869728,-2.8421709430404e-14,2.68804389548192
1984,4,22,0.202204912900925,-1.4210854715202e-13,14.9101095006754,-1.4210854715202e-14,4.41932640443638
1984,4,23,0.0183571539819241,0,0.118050832287736,0,3.01835437416402
1984,4,24,0.000366617372492328,0,0.0112707103298817,0,2.32356336728098
1984,4,25,0.000541562854778022,0,0.000437662874901434,0,1.83379265751097
1984,4,26,0.0344453789293766,0,0.0189590077961839,0,1.50348217882887
1984,4,27,0.8232461810112,-1.4210854715202e-14,0.370195530035744,-1.4210854715202e-14,1.30985189822212
1984,4,28,7.95714731793851e-06,1.4210854715202e-14,0.411858210405626,1.4210854715202e-14,1.13900165062793
1984,4,29,2.84702205657959,0,1.30969518117672,-1.4210854715202e-14,1.03763050372205
1984,4,30,3.03894543647766,0,2.93653856638412,1.4210854715202e-14,1.24151179918445
1984,5,1,0.668317437171936,1.4210854715202e-14,1.98073468661551,0,1.16178168364049
1984,5,2,2.06090998649597,-1.4210854715202e-14,1.27198974077601,-1.4210854715202e-14,1.03535250042079
1984,5,3,13.9544401168823,0,7.62065136984984,1.4210854715202e-14,1.07066155159026
1984,5,4,3.01858043670654,0,8.54688434323725,1.4210854715202e-14,1.25290181569073
1984,5,5,5.09942054748535,0,4.03740961084986,-1.4210854715202e-14,1.19595173315933
1984,5,6,12.5035390853882,1.4210854715202e-14,8.63515671074947,0,5.90002855025269
1984,5,7,26.3315277099609,-4.2632564145606e-14,19.3604408408337,-1.27897692436818e-13,26.3109381295052
1984,5,8,21.7548847198486,4.2632564145606e-14,24.0576453152517,-1.4210854715202e-13,23.8051344981238
1984,5,9,0.0855613499879837,-7.105427357601e-14,11.3968422546714,-1.27897692436818e-13,7.57436097667575
1984,5,10,1.7968815882341e-05,0,0.04374776252007,0,4.77241691613104
1984,5,11,0.000315021228743717,0,0.000165532507708122,0,3.42839496839008
1984,5,12,0.0230758059769869,0,0.0109598180260946,0,2.63109381295053
1984,5,13,0.604985535144806,0,0.369519074771233,0,2.038812954624
1984,5,14,0.19669009745121,0,0.426915036271566,0,1.60599232738539
1984,5,15,2.18666911125183,0,1.04435109662427,0,1.33263193123468
1984,5,16,0.791276037693024,0,1.35430405367606,0,1.18456171665305
1984,5,17,0.00267722620628774,0,0.333246959692588,0,1.05015952187895
1984,5,18,5.10429927089717e-05,0,0.00107172452317172,0,0.919174332056742
1984,5,19,0.491395115852356,0,0.274250425358332,0,0.8155251818496
1984,5,20,6.35942077636719,0,3.27840883782847,0,0.758575099318203
1984,5,21,1.80429327487946,0,4.21310472198002,0,0.736934067956273
1984,5,22,2.11108303070068,0,1.97128225397773,0,0.708459026690574
1984,5,23,1.59047317504883,0,1.90218795796591,1.4210854715202e-14,0.67201097387048
1984,5,24,3.5156995181751e-06,-1.4210854715202e-14,1.00600316942382,-1.4210854715202e-14,0.634423919399759
1984,5,25,0.229436337947845,1.4210854715202e-14,0.133008918837731,0,0.595697863278409
1984,5,26,11.7214756011963,0,5.77823359060676,0,0.57861283851899
1984,5,27,16.0440864562988,0,13.7901983804768,0,1.66294240991678
1984,5,28,18.4502182006836,0,17.2470586965092,0,3.48534505092147
1984,5,29,0.170989856123924,0,9.31080881024081,-1.4210854715202e-14,2.87028415958239
1984,5,30,9.17725192266516e-05,0,0.0665166322169171,0,1.66294240991678
1984,5,31,8.88199664927925e-08,0,5.04296222061385e-05,0,1.20734174966561
1984,6,1,0.00100581930018961,0,0.000464151215055608,0,0.993209439347557
1984,6,2,0.000841727247461677,0,0.000931296478484001,0,0.839444216512787
1984,6,3,0.0264070089906454,0,0.012807994204195,0,0.734656064655017
1984,6,4,0.00751475337892771,0,0.0170065480160702,0,0.664037962316085
1984,6,5,0.365758448839188,0,0.15452850768088,0,0.6116438863872
1984,6,6,5.56320238113403,0,2.5907746417397,0,0.57291783026585
1984,6,7,4.77493906021118,0,5.20224922167563,0,0.604809876483432
1984,6,8,0.159603133797646,-1.4210854715202e-14,2.96346154717412,0,0.658342954062945
1984,6,9,0.00588895939290524,1.4210854715202e-14,0.0689730797912489,0,0.602531873182176
1984,6,10,0.249252185225487,0,0.142947740775526,0,0.536469777445756
1984,6,11,0.00699750520288944,0,0.124595182593112,0,0.487492706468755
1984,6,12,0.00269822333939374,0,0.00504060201183165,0,0.448766650347406
1984,6,13,0.0187317058444023,0,0.0126980935392567,0,0.4077625909248
1984,6,14,0.453011155128479,0,0.235622066674296,0,0.372453539755334
1984,6,15,1.75860226154327,0,0.956421929244243,0,0.339422491887124
1984,6,16,1.29921305179596,0,1.48392529767443,0,0.314364455573309
1984,6,17,0.14625908434391,0,0.748641195039454,0,0.291584422560751
1984,6,18,2.76592564582825,0,1.15583169094316,0,0.27563839945196
1984,6,19,3.05519437789917,0,2.91891523212689,0,0.261970379644425
1984,6,20,14.2683944702148,0,7.32074222318806,0,0.282472409355727
1984,6,21,15.6858749389648,1.4210854715202e-14,14.9659894244451,0,1.86796270702981
1984,6,22,0.437596440315247,-1.4210854715202e-14,8.1024509513918,0,1.46931212931003
1984,6,23,0.25146296620369,0,0.346453117455894,0,0.734656064655017
1984,6,24,0.0103516932576895,0,0.108774201034976,1.4210854715202e-14,0.487492706468755
1984,6,25,5.74069381400477e-05,0,0.00410176343120838,-1.4210854715202e-14,0.375870544707218
1984,6,26,0.0602003745734692,0,0.031490963194301,0,0.317781460525193
1984,6,27,0.10598585754633,0,0.0848959444929278,0,0.280194406054471
1984,6,28,0.754784524440765,0,0.426215338281509,0,0.255136369740657
1984,6,29,0.0314458943903446,-1.4210854715202e-14,0.442399210613075,0,0.234634340029354
1984,6,30,0.0103494012728333,1.4210854715202e-14,0.0189900063433015,0,0.211854307016796
1984,7,1,0.000241052752244286,0,0.00581746729221777,0,0.192491278956121
1984,7,2,0.00421642744913697,0,0.00254840977959248,0,0.178823259148585
1984,7,3,0.881722271442413,0,0.361663787663019,0,0.166294240991678
1984,7,4,2.83968257904053,0,1.97429567529161,0,0.157182227786655
1984,7,5,2.42219686508179,0,2.66131319323813,-1.4210854715202e-14,0.148070214581631
1984,7,6,0.368058174848557,0,1.56313248613787,1.4210854715202e-14,0.140097203027236
1984,7,7,4.21406364440918,1.4210854715202e-14,2.14480776983601,0,0.129846188171584
1984,7,8,3.7863450050354,-1.4210854715202e-14,4.00501730282213,0,0.123012178267817
1984,7,9,0.0300493538379669,0,2.41260585099826,0,0.116178168364049
1984,7,10,0.0246276799589396,0,0.027544171437512,0,0.11048316011091
1984,7,11,0.414168179035187,0,0.258981271694211,0,0.10478815185777
1984,7,12,1.19275438785553,0,0.685708812253324,0,0.0979541419540022
1984,7,13,0.775361835956574,0,1.02457265660905,0,0.0956761386527464
1984,7,14,3.36343193054199,0,1.77421327344291,0,0.0933981353514905
1984,7,15,0.496179938316345,0,2.51258516447251,0,0.0877031270983508
1984,7,16,15.897988319397,1.4210854715202e-14,7.71892343370018,0,0.0911201320502346
1984,7,17,9.54220771789551,-1.4210854715202e-14,13.8634303464578,0,0.0865641254477229
1984,7,18,0.773584127426148,0,6.91390204678828,0,0.084286122146467
1984,7,19,2.76752380159451e-05,0,0.292748442570883,0,0.0831471204958391
1984,7,20,0.00226259650662541,0,0.000905510908523866,0,0.0808691171945832
1984,7,21,3.89636661566328e-05,0,0.000941450326536142,0,0.0797301155439553
1984,7,22,2.71980570687447e-05,0,-0.000162819355864485,1.4210854715202e-14,0.0763131105920715
1984,7,23,0.0484120137989521,0,0.00150249837224692,-1.4210854715202e-14,0.0728961056401877
1984,7,24,0.30465966463089,0,0.117487041326967,0,0.0706181023389318
1984,7,25,0.100434131920338,0,0.193194166366084,0,0.0694791006883039
1984,7,26,1.90968346595764,0,0.502379215650763,0,0.067201097387048
1984,7,27,2.97079586982727,0,2.26809902133846,0,0.0637840924351642
1984,7,28,0.0126800313591957,0,2.2545613694947,0,0.0603670874832804
1984,7,29,0.00136093667242676,0,0.00998420387350052,0,0.0569500825313966
1984,7,30,9.77603576757247e-06,0,-0.0099192613743071,0,0.0546720792301408
1984,7,31,0.319678962230682,0,0.058377512226798,0,0.0523940759288849
1984,8,1,0.876374900341034,0,0.413140233165905,0,0.0558110808807687
1984,8,2,2.08472442626953,0,0.583999124311049,0,0.0569500825313966
1984,8,3,19.1615619659424,0,6.82858228040186,0,0.0592280858326525
1984,8,4,1.44907021522522,0,14.8705984717117,0,0.0558110808807687
1984,8,5,0.275995641946793,0,1.03181778338148,0,0.0569500825313966
1984,8,6,3.5517520904541,0,1.41622620998078,0,0.0637840924351642
1984,8,7,3.48612380027771,0,3.63587484748405,0,0.0660620957364201
1984,8,8,2.75317573547363,0,3.2081250779429,0,0.0637840924351642
1984,8,9,17.2750053405762,0,8.19311109735372,0,0.0660620957364201
1984,8,10,3.71543622016907,0,11.0167197763067,0,0.0626450907845363
1984,8,11,0.524813234806061,0,2.29610163898906,0,0.0603670874832804
1984,8,12,0.0786705017089844,0,0.340028171179256,0,0.0603670874832804
1984,8,13,0.101835459470749,0,0.0930557940364451,0,0.067201097387048
1984,8,14,0.203747853636742,0,0.146077907055769,0,0.0728961056401877
1984,8,15,1.18488204479218,0,0.828581575674434,0,0.0717571039895598
1984,8,16,0.012346955947578,1.4210854715202e-14,0.67407168390946,1.4210854715202e-14,0.0706181023389318
1984,8,17,0.0114320321008563,-1.4210854715202e-14,0.0117773806741752,-1.4210854715202e-14,0.067201097387048
1984,8,18,0.50880765914917,0,0.205965750994437,0,0.0615060891339084
1984,8,19,1.91703069210053,0,1.20825900767704,0,0.0569500825313966
1984,8,20,0.215571999549866,-1.4210854715202e-14,1.08298156159526,0,0.0558110808807687
1984,8,21,0.0268345605581999,0,0.111182401321457,-1.4210854715202e-14,0.0535330775795128
1984,8,22,0.105974055826664,1.4210854715202e-14,0.0732412987963471,0,0.0523940759288849
1984,8,23,1.84117341041565,1.4210854715202e-14,0.846472893113059,1.4210854715202e-14,0.0523940759288849
1984,8,24,0.00193382881116122,-1.4210854715202e-14,0.945675597789887,0,0.051255074278257
1984,8,25,4.90522652398795e-05,0,0.00113995737410733,0,0.050116072627629
1984,8,26,0.187178939580917,0,0.065169793359928,0,0.0489770709770011
1984,8,27,0.0254404228180647,0,0.0814187533360382,0,0.0478380693263732
1984,8,28,4.27491760253906,0,1.38647589060292,0,0.0466990676757452
1984,8,29,1.31328952312469,0,3.12929041792813,0,0.0466990676757452
1984,8,30,3.34979772567749,0,2.155277726858,0,0.0466990676757452
1984,8,31,0.0311415586620569,0,1.78483762296401,0,0.0444210643744894
1984,9,1,0.0567541755735874,0,0.0501630352746361,0,0.0444210643744894
1984,9,2,1.23193621635437,0,0.4662112059641,0,0.0444210643744894
1984,9,3,13.86061668396,0,6.9634585330341,0,0.0432820627238614
1984,9,4,3.42909049987793,0,9.87171558819227,0,0.0410040594226056
1984,9,5,9.29120942601003e-05,0,2.17087364451618,0,0.0410040594226056
1984,9,6,0.00417237961664796,0,0.00169359207120579,0,0.0410040594226056
1984,9,7,2.13672478821536e-06,0,0.00157779646269773,0,0.0421430610732335
1984,9,8,0.146811082959175,0,-2.64323428223361,0,0.0410040594226056
1984,9,9,33.4958648681641,1.4210854715202e-14,16.1313111228592,-4.2632564145606e-14,0.0398650577719777
1984,9,10,2.14651465415955,-4.2632564145606e-14,18.0142863069177,-1.4210854715202e-13,0.0387260561213497
1984,9,11,0.251942932605743,0,1.21886870740855,0,0.0364480528200938
1984,9,12,0.000199867907213047,0,0.107734399332912,0,0.0353090511694659
1984,9,13,1.26820741570555e-05,0,9.4793843345542e-05,0,0.034170049518838
1984,9,14,2.76831650733948,0,1.22643042059099,0,0.0318920462175821
1984,9,15,5.35128211975098,0,3.67721615713981,0,0.034170049518838
1984,9,16,0.288738906383514,0,2.87288319024719,0,0.0330310478682101
1984,9,17,0.00435524899512529,0,0.186448946930796,0,0.0398650577719777
1984,9,18,0.0426735132932663,0,0.0227271735884642,0,0.0489770709770011
1984,9,19,0.000562541012186557,0,0.0285891185276341,0,0.0523940759288849
1984,9,20,2.0849145585089e-05,0,0.000320895528602705,0,0.0546720792301408
1984,9,21,0.0359687283635139,0,0.0231936646168833,0,0.0546720792301408
1984,9,22,29.8388404846191,5.6843418860808e-14,14.0968289475786,9.9475983006414e-14,0.0637840924351642
1984,9,23,17.574821472168,-2.70006239588838e-13,23.713869611227,-9.9475983006414e-14,0.0615060891339084
1984,9,24,4.27474403381348,0,10.9517315027324,0,0.111622161761537
1984,9,25,4.47299766540527,0,4.36279132138498,0,0.136680198075352
1984,9,26,22.1438140869141,-4.2632564145606e-14,13.306881998421,-1.4210854715202e-14,0.296140429163263
1984,9,27,2.76850843429565,-7.105427357601e-14,12.5157993895718,-1.70530256582424e-13,0.536469777445756
1984,9,28,2.49518394470215,0,2.6370808507836,0,0.365619529851566
1984,9,29,0.0896496921777725,0,1.33432714871833,0,0.26994339119882
1984,9,30,0.0106975184753537,0,0.0565195888575545,0,0.211854307016796
1984,10,1,4.15364702348597e-05,0,0.00465722134777025,0,0.17085024759419
1984,10,2,2.90914977085777e-05,0,3.57715061909403e-05,0,0.146931212931003
1984,10,3,6.13680167589337e-05,0,4.48234832219896e-05,0,0.127568184870328
1984,10,4,0.00343185244128108,0,0.00150308673528343,0,0.113900165062793
1984,10,5,7.05519866943359,0,2.87380671615483,-1.4210854715202e-14,0.109344158460282
1984,10,6,27.4125518798828,1.13686837721616e-13,17.1927110200186,1.13686837721616e-13,0.142375206328492
1984,10,7,6.89797401428223,-9.9475983006414e-14,17.5772840017798,-1.98951966012828e-13,0.421430610732335
1984,10,8,0.401436597108841,0,3.66016167879934,0,0.43509863053987
1984,10,9,1.21818065643311,1.4210854715202e-14,0.78531185119482,0,0.343978498489636
1984,10,10,11.8537893295288,-1.4210854715202e-14,6.48356557332954,0,0.292723424211379
1984,10,11,4.08774042129517,0,7.98593883748799,0,0.252858366439401
1984,10,12,4.42325735092163,0,4.24737191987879,0,0.241468349933122
1984,10,13,10.1125478744507,0,7.26495282739597,0,0.23121733507747
1984,10,14,8.50926208496094,0,9.33163953731309,0,0.381565552960357
1984,10,15,31.6781558990479,5.6843418860808e-14,17.943124644331,4.2632564145606e-14,6.74288977171736
1984,10,16,8.89120006561279,1.4210854715202e-14,20.2880054041689,1.70530256582424e-13,3.6903653480345
1984,10,17,7.50881481170654,0,8.29979123414978,0,1.97047285558632
1984,10,18,5.38700389862061,0,6.45147019293199,0,1.21873176617189
1984,10,19,22.5379638671875,-7.105427357601e-14,13.3311802869794,-5.6843418860808e-14,1.08091256644591
1984,10,20,34.7621231079102,4.2632564145606e-14,27.8210273411669,4.2632564145606e-14,4.86353704818127
1984,10,21,32.3299560546875,1.4210854715202e-14,33.5461012062651,-4.2632564145606e-14,16.0599232738539
1984,10,22,2.05227661132813,1.4210854715202e-14,17.3834638097305,-1.4210854715202e-14,5.01160726276291
1984,10,23,2.18345832824707,0,2.10696186274799,0,2.96140429163263
1984,10,24,3.05041289329529,0,2.57961887446618,1.4210854715202e-14,2.15271311968679
1984,10,25,36.8020286560059,-1.98951966012828e-13,19.1964817466205,8.5265128291212e-14,11.9595173315933
1984,10,26,2.93002820014954,1.56319401867222e-13,20.8227266244121,2.55795384873636e-13,15.3765222834771
1984,10,27,0.890792429447174,-2.8421709430404e-14,1.91238404132673,-2.8421709430404e-14,5.58110808807687
1984,10,28,2.31704926490784,1.4210854715202e-14,1.56877532868384,0,3.43978498489636
1984,10,29,1.16685211658478,-1.4210854715202e-14,1.76173673641824,0,2.51719364788773
1984,10,30,0.657971680164337,0,0.914350008812107,0,1.78823259148585
1984,10,31,0.0163836050778627,0,0.356341373644682,0,1.36680198075352
1984,11,1,23.4312648773193,4.2632564145606e-14,11.6921256230034,-2.8421709430404e-14,1.64016237690422
1984,11,2,17.8724327087402,0,20.6670324523011,-2.8421709430404e-14,8.05274166993948
1984,11,3,0.000860999047290534,2.8421709430404e-14,8.96341994537852,-1.4210854715202e-14,4.56739661901801
1984,11,4,0.0224230121821165,0,0.0105893980216933,-1.4210854715202e-14,3.01835437416402
1984,11,5,3.95857350667939e-05,0,0.0125345031583493,1.4210854715202e-14,2.15271311968679
1984,11,6,6.820908993177e-07,0,2.20587362491642e-05,0,1.52626221184143
1984,11,7,0.0175331272184849,-1.4210854715202e-14,0.00786647098357207,0,1.23012178267817
1984,11,8,0.241850554943085,1.4210854715202e-14,0.11684154498289,0,1.05927153508398
1984,11,9,1.39346599578857,0,0.809480331355189,0,0.938537360117417
1984,11,10,0.991595149040222,0,1.19700504641969,0,0.853112236320322
1984,11,11,0.000436165370047092,0,0.514012643397109,-1.4210854715202e-14,0.756297096016947
1984,11,12,0.00117536308243871,0,0.00074280034914409,1.4210854715202e-14,0.664037962316085
1984,11,13,0.000178512302227318,0,0.000821317305053526,0,0.587724851724013
1984,11,14,0.18390329182148,0,0.0880698021428543,0,0.526218762590105
1984,11,15,13.5242004394531,0,6.75144882297445,0,0.54558179065078
1984,11,16,0.00668870285153389,-1.4210854715202e-14,6.79097817008915,-1.4210854715202e-14,0.784772137282646
1984,11,17,1.55209064483643,0,0.686861848933404,0,0.820081188452112
1984,11,18,49.2294692993164,1.4210854715202e-14,25.3791858497825,-2.8421709430404e-14,12.8707186520956
1984,11,19,6.98010540008545,-5.6843418860808e-14,29.918396985946,-5.6843418860808e-14,15.6043226136027
1984,11,20,0.31960192322731,0,3.8212037016383,-1.4210854715202e-14,6.34423919399759
1984,11,21,5.3345960623119e-05,0,0.164684573943305,0,3.95233572767893
1984,11,22,2.48492106038611e-05,0,3.91571729778661e-05,0.00234132675451804,2.95001427512635
1984,11,23,0.00245963665656745,0,0.00112208282189386,0,2.34634340029354
1984,11,24,0.00384535524062812,0,0.0030666857783217,0,1.92491278956121
1984,11,25,0.222342103719711,0,0.105701566200878,0,1.62877236039794
1984,11,26,4.64502573013306,0,2.40929197784044,0,1.48070214581631
1984,11,27,37.8592376708984,-7.105427357601e-14,21.2149948893994,-4.2632564145606e-14,7.58575099318203
1984,11,28,0.594191789627075,-2.41584530158434e-13,19.965979365129,0,7.06181023389318
1984,11,29,0.000425994890974835,0,0.31211169128801,0,4.48766650347406
1984,11,30,0.00107146380469203,0,0.000769703467994987,0,3.4170049518838
1984,12,1,0.000144162229844369,0,0.0004514541296885,0,2.72221394500076
1984,12,2,0.091788113117218,0,0.0216192749976472,0,2.25522326824331
1984,12,3,0.0191403403878212,0,0.055597182828933,0,1.90213275654865
1984,12,4,0.204725861549377,0,0.111857324222001,0,1.61738234389166
1984,12,5,12.7874755859375,2.83846230551606,3.64200109266949,0,1.51487219533515
1984,12,6,5.8955717086792,5.79117574028395,3.62263803377573,9.9475983006414e-14,1.45792211280375
1984,12,7,8.13500955700874e-05,3.06535024590372,3.9052834836184e-05,-1.4210854715202e-14,1.35541196424724
1984,12,8,0.000239797518588603,0,0.000159373376845906,3.32984211235367,1.38958201376608
1984,12,9,0.00564991543069482,0,0.00293798437905934,8.41738730596993,1.75406254196702
1984,12,10,0.0295896232128143,0,0.0173109728611962,0.00816525092061227,1.95908283908004
1984,12,11,0.01381716132164,0,0.0209466427859297,-1.4210854715202e-14,1.79962260799213
1984,12,12,0.0679323449730873,0,0.0408188178289493,2.8421709430404e-14,1.66294240991678
1984,12,13,14.0721378326416,0,7.06999989158976,-1.4210854715202e-14,1.69711245943562
1984,12,14,11.3676347732544,0,12.7230392713664,-1.4210854715202e-14,4.76102689962476
1984,12,15,5.22961950302124,0,8.29862731350386,1.4210854715202e-14,6.98208011834923
1984,12,16,0.954351544380188,0,3.15298798959975,0,5.19384752686337
1984,12,17,0.130961254239082,0,0.572690075199716,1.4210854715202e-14,4.00928581021032
1984,12,18,12.3020057678223,2.1316282072803e-13,6.17047097009527,5.6843418860808e-14,3.65619529851566
1984,12,19,4.60633563995361,2.8421709430404e-14,8.76106696538136,-4.2632564145606e-14,4.81797698215616
1984,12,20,11.4372367858887,7.105427357601e-14,7.8718205376872,7.105427357601e-14,5.25079760939477
1984,12,21,45.9753379821777,-1.4210854715202e-13,28.7054227326626,-7.105427357601e-14,25.6275371391285
1984,12,22,7.44160652160645,4.2632564145606e-14,26.899888599195,2.8421709430404e-14,25.5136369740657
1984,12,23,0.0105714090168476,7.105427357601e-14,3.74103098282103,0,8.51973234669694
1984,12,24,0.0446625910699368,0,0.0270501162140135,0,5.52415800554548
1984,12,25,0.0161434058099985,0.000192789456249898,0.0320406854216344,-1.4210854715202e-14,3.87260561213497
1984,12,26,0.0011735730804503,0.000245261898584204,0.00922809706116823,0,3.0297443906703
1984,12,27,0.602047681808472,0,0.299678736532769,1.4210854715202e-14,2.53997368090029
1984,12,28,0.609568357467651,0,0.60552762190855,0,2.17549315269935
1984,12,29,0.475427031517029,0,0.543679803999112,0,1.91352277305493
1984,12,30,15.7550954818726,-4.2632564145606e-14,8.07710454027165,5.6843418860808e-14,1.91352277305493
1984,12,31,11.8049716949463,-5.6843418860808e-14,13.9313204993241,-2.27373675443232e-13,2.85889414307611
1985,1,1,12.312933921814,-7.105427357601e-14,12.0576140012809,-1.4210854715202e-14,9.98904447600697
1985,1,2,0.329959064722061,0.141794040894922,6.1897859282235,-2.8421709430404e-14,5.87724851724013
1985,1,3,0.0059976982884109,0.15017189993219,0.024223075603004,0,3.99789579370404
1985,1,4,1.21432542800903,0.255641101792008,0.351634044384809,-1.4210854715202e-14,3.21198465477077
1985,1,5,0.00703494250774384,0.256532464407528,0.359351491097186,1.4210854715202e-14,2.67665387897564
1985,1,6,0.00910146906971931,0.000120408561372187,0.00788407757318055,0.301461094017327,2.23244323523075
1985,1,7,0.000776272150687873,0,0.00495108107861597,0.526500289836349,1.92491278956121
1985,1,8,0.0247526653110981,1.4210854715202e-14,0.0111415057763224,1.4210854715202e-14,1.6515523934105
1985,1,9,0.95780086517334,0,0.47674872317657,-1.4210854715202e-14,1.44653209629747
1985,1,10,7.92266511917114,0,4.35244090299784,1.4210854715202e-14,1.48070214581631
1985,1,11,0.665779769420624,0.309923810214059,3.99439859004906,-1.4210854715202e-14,1.45792211280375
1985,1,12,0.0714185908436775,0.348304464597362,0.022246099863878,0,1.28707186520956
1985,1,13,0.000159512361278757,0.0386588242425177,1.75548093466205e-05,0,1.17317170014677
1985,1,14,0.00158895074855536,6.1994366461704e-05,0.000796434776930255,0,1.12191662586851
1985,1,15,0.0458773598074913,0.00868567507627915,0.0138015358115808,0,1.06154953838523
1985,1,16,0.630614459514618,0.0646392284641735,0.250859006893734,1.4210854715202e-14,1.00232145255258
1985,1,17,1.56852579116821,0.158865648202479,0.945349788978092,0,0.968151403033743
1985,1,18,0.000441610347479582,0.111107573620274,0.768064079376927,0.854640548015922,0.921452335357998
1985,1,19,0.477128356695175,0.0237808464313787,0.203453365135829,0.317182309636038,0.867919257778485
1985,1,20,2.32628846168518,1.07439553577204,0.234915385660315,0,0.801857162042065
1985,1,21,0.00835293252021074,1.20115707397994,9.09494701772928e-13,0,0.723266048148737
1985,1,22,0.000472425163025037,0.00446145257984654,4.2244874748576e-05,0,0.68340099037676
1985,1,23,0.00311830849386752,0.000166566654556277,0.00180980604363867,0,0.656064950761689
1985,1,24,0.00141499843448401,0,0.00227125519904803,0.611153738464907,0.646952937556666
1985,1,25,0.0100081600248814,0,0.00569465533681068,0.616894279928218,0.637840924351642
1985,1,26,0.447350174188614,0.211441130885561,0.0122325776374055,0,0.612782888037828
1985,1,27,5.94738435745239,0.727951563980142,2.21981793018585,0,0.599114868230293
1985,1,28,6.0224871635437,1.70425003636875,4.28039090058155,0,0.601392871531549
1985,1,29,0.33203250169754,1.29700118558095,1.9403470210973,0,0.592280858326525
1985,1,30,0.894708275794983,0.11321441310821,0.482209923572555,0,0.587724851724013
1985,1,31,2.83666610717773,1.27303734668232,0.493181622166958,0,0.596836864929037
1985,2,1,5.67243194580078,4.20224025453595,0,0,0.6116438863872
1985,2,2,1.74918830394745,3.73778196951616,0,0,0.601392871531549
1985,2,3,0.00741663761436939,1.11295948050326,0,0,0.576334835217734
1985,2,4,0.509068310260773,0.22966219379461,0,0,0.563805817060827
1985,2,5,2.29771041870117,1.33192138070768,0.0373640057196099,0,0.561527813759571
1985,2,6,0.000895399018190801,1.1276194781106,0.0394461622236122,0,0.560388812108943
1985,2,7,0.0119311707094312,0.00747734053666704,9.09494701772928e-13,0,0.550137797253292
1985,2,8,0.000248851109063253,0.00739596594601721,-9.09494701772928e-13,0,0.530774769192617
1985,2,9,0.0369682684540749,0.00642705370407271,0.0112976219234042,0,0.520523754336965
1985,2,10,0.215722933411598,0.00671276573925184,0.118313350794779,1.41610708085454,0.577473836868362
1985,2,11,0.536104738712311,0.117852861411478,0.257431180779349,1.44297731992697,0.964734398081859
1985,2,12,0.16645672917366,0.179586104964045,0.193707918011569,0,1.16178168364049
1985,2,13,0.00123162928503007,0.0592913622668903,0.0334024838111873,0.290999262523329,1.07977356479528
1985,2,14,0.00259362091310322,0,0.0017862953036456,0.394829662092249,1.04902052022833
1985,2,15,0.00398635538294911,0.000244652640276399,0.00294785773439799,0.0118391687610284,1.03079649381828
1985,2,16,0.000818419619463384,0.000370867968854327,0.00251257103445823,0.913133525622882,1.00118245090195
1985,2,17,0.390570729970932,0,0.171632890127512,2.69874937404444,0.964734398081859
1985,2,18,1.69153678417206,0,0.941451370535106,2.98274624778117,0.945371370021184
1985,2,19,3.29708242416382,0,2.2649904812788,3.0532791676261,0.996626444299441
1985,2,20,0.710529565811157,0,2.01544666837162,4.93998731343456,1.05129852352958
1985,2,21,0.876721858978272,0,0.785804379846923,0.662915849158338,1.05585453013209
1985,2,22,18.9610900878906,8.5265128291212e-14,9.91869554298773,0,3.77009546357846
1985,2,23,71.9627838134766,-3.41060513164848e-13,45.4617677222996,-5.6843418860808e-14,54.6720792301408
1985,2,24,21.9827575683594,8.5265128291212e-14,47.5442080149815,2.8421709430404e-14,38.3843556261613
1985,2,25,0.0583840645849705,2.8421709430404e-14,11.0298023638506,0,10.3307449711954
1985,2,26,0.00117463280912489,0,0.0320990161617374,0,6.34423919399759
1985,2,27,0.00545002846047282,0,0.00330026932533656,0,4.44210643744894
1985,2,28,0.042588334530592,0,0.0287127726905965,0,3.42839496839008
1985,3,1,3.11959004402161,0,1.54324667779383,0,2.92723424211379
1985,3,2,0.00992579478770494,0,1.66005853325169,0,2.53997368090029
1985,3,3,0.0311546511948109,0,0.0197298204757317,0,2.15271311968679
1985,3,4,15.9594926834106,1.98951966012828e-13,7.93979973563273,2.8421709430404e-14,2.50580363138145
1985,3,5,2.04246735572815,-1.70530256582424e-13,9.66143959211331,-8.5265128291212e-14,4.66990676757452
1985,3,6,0.00566024333238602,0,1.22628895139042,0,3.34866485284612
1985,3,7,0.00173383217770606,0,0.00382245209038956,0,2.82472409355727
1985,3,8,0.704265952110291,0,0.30306572538575,0,2.47163358186261
1985,3,9,2.58815240859985,0,1.62295625293518,0,2.14132310318051
1985,3,10,0.28480339050293,0,1.30642118665219,0,1.85657269052353
1985,3,11,0.22384124994278,0,0.259174637079923,0,1.68572244292934
1985,3,12,0.153247058391571,0,0.198123766904246,0,1.50348217882887
1985,3,13,4.44852066040039,0,2.17758819737082,0,1.3781919972598
1985,3,14,10.1052694320679,0,7.26532245954877,0,1.60599232738539
1985,3,15,0.000188557314686477,0,5.05332574501517,0,1.66294240991678
1985,3,16,0,0,0.000100304735497048,0,1.44653209629747
1985,3,17,0.000631960399914533,0,0.000288558947431739,0,1.35541196424724
1985,3,18,0.00379058951511979,0,0.00176341597853025,0,1.26429183219701
1985,3,19,0.00113794300705194,0,0.00250719462292182,0,1.19595173315933
1985,3,20,6.34394836425781,0,2.27139645638636,-2.8421709430404e-14,1.16178168364049
1985,3,21,21.3975315093994,2.8421709430404e-14,12.5171610023754,2.8421709430404e-14,2.19827318571191
1985,3,22,5.01076126098633,1.13686837721616e-13,13.2129373537,0,5.82029843470874
1985,3,23,0.569286644458771,0,2.71015915687622,0,4.3509863053987
1985,3,24,0.0128181837499142,0,0.251683637001406,0,3.3600548693524
1985,3,25,0.000279681960819289,0,0.00729056130512618,0,2.79055404403844
1985,3,26,0.0275921933352947,0,0.0121087718289346,0,2.34634340029354
1985,3,27,8.43424129486084,0,3.64192626731619,0,2.17549315269935
1985,3,28,0.295805037021637,0,4.36628272395683,0,2.23244323523075
1985,3,29,6.10939359664917,0,3.01576824409858,0,2.02742293811772
1985,3,30,62.9953575134277,-8.5265128291212e-14,34.5419392704644,5.6843418860808e-14,32.8032475380845
1985,3,31,26.2511501312256,-6.82121026329696e-13,44.6381202171542,-1.98951966012828e-13,35.7646518297171
1985,4,1,7.72496350691654e-05,-8.5265128291212e-14,13.1871605149436,-5.6843418860808e-14,10.68383548289
1985,4,2,0.0014409861760214,0,0.000750451480598713,-2.8421709430404e-14,6.62898960665457
1985,4,3,8.82751264725812e-05,0,0.000790604334724776,2.8421709430404e-14,4.89770709770011
1985,4,4,0.0170074198395014,0,0.00814899104989308,0,3.91816567816009
1985,4,5,3.08985447883606,0,1.534427380735,0,3.3600548693524
1985,4,6,1.03987801074982,0,2.07915414549643,0,2.9727943081389
1985,4,7,0.18777322769165,0,0.684747902373601,0,2.52858366439401
1985,4,8,2.46195886575151e-05,0,0.0726614463037549,0,2.16410313619307
1985,4,9,0.000364653795259073,0,0.000182796926310402,2.8421709430404e-14,1.90213275654865
1985,4,10,0.189359351992607,0,0.0738296127919966,-2.8421709430404e-14,1.71989249244818
1985,4,11,4.10098314285278,0,2.08016075336946,0,1.60599232738539
1985,4,12,0.0371453166007996,0,2.98455511573684,0,1.49209216232259
1985,4,13,2.19945383071899,0,0.874194446488218,0,1.40097203027236
1985,4,14,9.1901330947876,0,4.55367358748936,0,1.45792211280375
1985,4,15,0.122867733240128,0,5.58348994443531,0,1.48070214581631
1985,4,16,8.61691078171134e-05,0,0.0648813157513359,0,1.38958201376608
1985,4,17,0.0108112338930368,0,0.00510056391522085,0,1.29846188171584
1985,4,18,0.0210502780973911,0,0.0150995393560152,0,1.24151179918445
1985,4,19,0.0164274796843529,0,0.0183327759841632,0,1.18456171665305
1985,4,20,0.00458747101947665,0,0.010027275572611,0,1.12761163412165
1985,4,21,0.0832517370581627,0,0.0401641107509931,0,1.08205156809654
1985,4,22,19.7561473846436,0,7.46816719447725,0,1.11052660936223
1985,4,23,29.274003982544,-1.70530256582424e-13,24.5149978879263,1.98951966012828e-13,6.34423919399759
1985,4,24,2.88187742233276,5.6843418860808e-14,16.0874753847265,-2.8421709430404e-14,7.17571039895598
1985,4,25,3.94023300032131e-05,0,1.4095866144944,0,3.96372574418521
1985,4,26,0.246463134884834,0,0.10799236208095,0,2.9727943081389
1985,4,27,11.910325050354,0,5.73833110772102,0,2.7563839945196
1985,4,28,10.3909883499146,0,11.1528129200233,0,3.62202524899683
1985,4,29,2.06544780731201,0,6.45624198928817,0,2.77916402753216
1985,4,30,13.2835292816162,0,7.67184282892777,0,3.4739550344152
1985,5,1,7.0886754989624,0,10.257786517418,0,3.96372574418521
1985,5,2,0.567407369613648,0,3.88903837625639,0,3.23476468778333
1985,5,3,0.00511401100084186,0,0.326909811871701,0,2.48302359836889
1985,5,4,8.07935721240938e-05,0,0.00301102998673741,0,1.93630280606749
1985,5,5,0.0112110711634159,0,0.0054685964842065,0,1.54904224485399
1985,5,6,0.0176073461771011,0,0.0138450332651701,0,1.3212419147284
1985,5,7,1.6901148557663,0,0.752592265043859,0,1.16178168364049
1985,5,8,9.18069171905518,0,4.96957437542551,0,1.10369259945847
1985,5,9,1.67868329299381e-05,0,5.00277883175659,0,1.00459945585384
1985,5,10,0.0106973182410002,0,0.00695059184636193,0,0.88728228583916
1985,5,11,1.23039734363556,0,0.667795884193765,0,0.797301155439553
1985,5,12,0.336533039808273,0,0.739997536372357,0,0.741490074558784
1985,5,13,2.91925597190857,0,1.75433573282135,0,0.694791006883039
1985,5,14,4.332106590271,0,3.49292322703786,0,0.651508944159178
1985,5,15,0.000146817532368004,0,2.49750297555693,0,0.609365883085944
1985,5,16,0.00733598088845611,0,0.00481049509562581,0,0.566083820362083
1985,5,17,0.000257944135228172,0,0.00383934852015955,0,0.521662755987593
1985,5,18,0.000572991906665266,0,0.000380094243155327,0,0.504577731228174
1985,5,19,0.0112586133182049,0,0.00629068079524586,0,0.495465718023151
1985,5,20,1.62142634391785,0,0.636394138819014,0,0.489770709770011
1985,5,21,2.86220645904541,0,2.30557505376055,0,0.485214703167499
1985,5,22,38.4868431091309,0,20.6651037082402,1.13686837721616e-13,0.481797698215616
1985,5,23,1.1155389547348,-2.8421709430404e-14,19.8349019050811,-2.8421709430404e-14,1.08774657634968
1985,5,24,0.25762552022934,0,0.695855352915714,0,0.837166213211531
1985,5,25,0.420062959194183,0,0.326796923398433,0,0.626450907845363
1985,5,26,0.120531164109707,0,0.273785874497662,0,0.514828746083826
1985,5,27,1.23250842094421,0,0.716782558004525,0,0.470407681709336
1985,5,28,2.24108576774597,0,1.64726138503556,0,0.463573671805569
1985,5,29,8.55095481872559,0,5.23050693067125,0,0.457878663552429
1985,5,30,13.434326171875,0,10.9271735313114,-2.8421709430404e-14,0.519384752686337
1985,5,31,0.0107695488259196,0,6.75274268018984,2.8421709430404e-14,0.682261988726132
1985,6,1,0.203579604625702,0,0.0928242485178998,0,0.551276798903919
1985,6,2,3.4621205329895,0,1.65379700304402,0,0.523940759288849
1985,6,3,0.120893202722073,0,1.97165014945222,0,0.50116072627629
1985,6,4,1.74704396724701,0,0.745129946531051,0,0.489770709770011
1985,6,5,9.80243873596191,0,4.93939731156388,0,0.466990676757452
1985,6,6,14.4436464309692,0,11.8563285375458,0,0.444210643744894
1985,6,7,4.13956928253174,0,9.30518225301148,0,0.421430610732335
1985,6,8,0.0146918315440416,0,2.18692511315294,0,0.398650577719776
1985,6,9,0.117730461061001,0,0.0615396027287716,0,0.375870544707218
1985,6,10,7.88757610321045,0,3.79979832023128,0,0.353090511694659
1985,6,11,3.72908115386963,0,6.07133261424679,0,0.330310478682101
1985,6,12,2.03998303413391,0,2.93999982812693,0,0.307530445669542
1985,6,13,0.454630464315414,0,1.26977303648619,0,0.284750412656983
1985,6,14,0.052414745092392,0,0.19558347506154,0,0.261970379644425
1985,6,15,2.26056361198425,0,0.97056188476563,0,0.250580363138145
1985,6,16,0.000123743884614669,0,1.29998752189204,0,0.227800330125587
1985,6,17,2.63501620292664,0,0.921950381933129,0,0.200464290510516
1985,6,18,5.60529804229736,0,4.30594957401354,0,0.190213275654865
1985,6,19,0.0101798269897699,0,3.07761780277633,0,0.175406254196702
1985,6,20,0.0159002747386694,0,0.0137923165711982,0,0.161738234389166
1985,6,21,0.535191774368286,0,0.225953342477624,0,0.146931212931003
1985,6,22,9.03964424133301,0,4.37311170291468,0,0.157182227786655
1985,6,23,3.17980718612671,0,6.45324812437775,0,0.148070214581631
1985,6,24,0.0106690786778927,0,1.41848158184166,0,0.140097203027236
1985,6,25,0.252252101898193,0,0.101675282158794,0,0.134402194774096
1985,6,26,0.865080952644348,0,0.487373384085913,0,0.125290181569073
1985,6,27,0.572099328041077,0,0.688488754935861,0,0.113900165062793
1985,6,28,9.63681231951341e-05,0,0.308224743694154,0,0.103649150207142
1985,6,29,0.00244159181602299,0,0.000934870726268855,0,0.0956761386527464
1985,6,30,0.123823210597038,0,0.0612363650416228,0,0.0899811303996067
1985,7,1,0.0641496479511261,0,0.103487982557454,0,0.084286122146467
1985,7,2,0.204214960336685,0,0.126976850394385,0,0.0808691171945832
1985,7,3,0.169900611042976,0,0.182235037447754,0,0.0785911138933274
1985,7,4,0.152071326971054,0,0.161463945820287,0,0.0740351072908156
1985,7,5,0.204230144619942,0,0.18262321210932,0,0.0694791006883039
1985,7,6,0.00470892107114196,0,0.128155286165565,0,0.0649230940857922
1985,7,7,1.81744380824966e-05,0,0.0026071885786223,0,0.0615060891339084
1985,7,8,1.25619226309937e-05,0,1.48277749758563e-05,0,0.0592280858326525
1985,7,9,0.00328375259414315,0,0.00115838860529038,0,0.0558110808807687
1985,7,10,0.0336200669407845,0,0.0169498904679131,0,0.0546720792301408
1985,7,11,0.00959531217813492,0,0.0231246043449573,0,0.0523940759288849
1985,7,12,0.00354324630461633,0,0.00673288800771843,0,0.050116072627629
1985,7,13,0.243332713842392,0,0.116081553668664,0,0.0478380693263732
1985,7,14,0.0528301633894444,0,0.16420326253683,0,0.0421430610732335
1985,7,15,0.74667364358902,0,0.33400582520062,0,0.0387260561213497
1985,7,16,6.26255464553833,0,3.26627937652938,0,0.0387260561213497
1985,7,17,0.70203161239624,0,3.84961926292817,0,0.034170049518838
1985,7,18,8.04264709586278e-06,0,0.351505154372717,0,0.0318920462175821
1985,7,19,0,0,4.37984544987557e-06,0,0.0307530445669542
1985,7,20,0.000231341531616636,0,-0.00989452023623016,0,0.0296140429163263
1985,7,21,1.95080125331879,0,-0.0223542049252501,0,0.0353090511694659
1985,7,22,11.6087875366211,0,7.48993899704874,0,0.0478380693263732
1985,7,23,1.59515869617462,0,6.10027824143617,0,0.0387260561213497
1985,7,24,1.17450833320618,0,1.41174643236991,0,0.0364480528200938
1985,7,25,1.32321131229401,0,1.22693841824821,0,0.0410040594226056
1985,7,26,17.3828105926514,0,8.32991509808471,0,0.0535330775795128
1985,7,27,4.62178421020508,0,11.7668946923895,0,0.0820081188452112
1985,7,28,0.88420182466507,0,3.10593409452031,0,0.120734174966561
1985,7,29,6.30312888461049e-06,0,0.396536661231039,0,0.0968151403033743
1985,7,30,0.523914813995361,0,0.20837226292042,0,0.0865641254477229
1985,7,31,2.45631623268127,0,1.30934120414622,0,0.0785911138933274
1985,8,1,0.540358901023865,0,1.75658244020633,0,0.068340099037676
1985,8,2,0.678001642227173,0,0.533361267693181,0,0.0774521122426994
1985,8,3,0.0163599085062742,0,0.419292619174485,0,0.0694791006883039
1985,8,4,4.0560564994812,0,1.60168456469,0,0.067201097387048
1985,8,5,38.5995101928711,2.8421709430404e-14,21.0917937959175,-8.5265128291212e-14,0.0774521122426994
1985,8,6,12.2226066589355,0,25.4393623730966,1.13686837721616e-13,0.0990931436046302
1985,8,7,7.60222625732422,0,10.1744623834129,0,0.326893473730217
1985,8,8,0.0748464614152908,0,4.11665376212841,0,0.233495338378726
1985,8,9,0.0301879085600376,0,0.0508332400850122,0,0.187935272353609
1985,8,10,0.0850376263260841,0,0.0571832067471405,0,0.158321229437283
1985,8,11,6.30005931854248,0,2.85729724118391,0,0.142375206328492
1985,8,12,0.454999506473541,0,3.82291435715706,0,0.130985189822212
1985,8,13,0.0478432774543762,0,0.266781675940365,0,0.119595173315933
1985,8,14,2.48832678794861,0,0.751654544140365,0,0.112761163412165
1985,8,15,9.44243621826172,0,5.92845327292162,0,0.107066155159026
1985,8,16,5.14879179000855,0,7.34869249404619,0,0.102510148556514
1985,8,17,2.058269739151,0,3.68612247287183,0,0.0979541419540022
1985,8,18,13.0978116989136,0,7.38123142953464,0,0.168572244292934
1985,8,19,4.92833137512207,0,9.26788422931804,0,0.218688316920563
1985,8,20,1.1742776632309,0,3.06407270444743,0,0.2038812954624
1985,8,21,0.0171744097024202,0,0.515318389140703,0,0.177684257497958
1985,8,22,0.291988253593445,0,0.194878077522844,0,0.157182227786655
1985,8,23,2.18324494361877,0,1.16398592212227,0,0.14351420797912
1985,8,24,4.96826553344727,0,3.38014240307439,0,0.129846188171584
1985,8,25,0.109127528965473,0,2.98685502030185,0,0.118456171665305
1985,8,26,2.32484057960392e-06,0,0.0420037058338494,0,0.105927153508398
1985,8,27,9.86672785074916e-06,0,5.68302857573144e-06,0,0.0990931436046302
1985,8,28,4.04571910621598e-05,0,3.04558898278629e-05,0,0.0956761386527464
1985,8,29,2.75022775895195e-05,0,3.44875234077335e-05,0,0.0933981353514905
1985,8,30,0.0032749327365309,0,0.00221185556620185,0,0.0899811303996067
1985,8,31,0.00482924468815327,0,0.00396797225766932,0,0.0820081188452112
1985,9,1,0.013667126186192,0,0.0105935945921374,0,0.0785911138933274
1985,9,2,0.00239528715610504,0,0.00811325222366577,0,0.0728961056401877
1985,9,3,0.405007392168045,0,0.167904957975225,0,0.0694791006883039
1985,9,4,10.4717578887939,0,3.98886688694438,0,0.0694791006883039
1985,9,5,7.37269115447998,0,9.0594008602493,0,0.067201097387048
1985,9,6,0.600361049175263,0,4.24022761096421,0,0.0637840924351642
1985,9,7,0.509188234806061,0,0.562777143301901,0,0.0592280858326525
1985,9,8,1.56498670578003,0,0.953403330667243,0,0.0626450907845363
1985,9,9,5.5538182258606,0,3.43856414280344,0,0.0592280858326525
1985,9,10,4.1704740524292,0,4.86790767302227,0,0.0569500825313966
1985,9,11,14.5762701034546,0,8.52985828245255,0,0.0626450907845363
1985,9,12,0.0217588823288679,0,7.5638503346172,0,0.0558110808807687
1985,9,13,1.48737239837646,0,0.867862399001751,0,0.0535330775795128
1985,9,14,0.123492181301117,0,0.887693168959231,0,0.0523940759288849
1985,9,15,0.310265749692917,0,0.209201629039853,0,0.051255074278257
1985,9,16,3.795533120865e-05,0,0.103675302704687,0,0.050116072627629
1985,9,17,0.000206143275136128,0,0.000133624045702163,0,0.0523940759288849
1985,9,18,0.104664340615273,0,0.0501260582441319,0,0.050116072627629
1985,9,19,2.81727552646771e-05,0,0.0386098798408057,0,0.050116072627629
1985,9,20,0.00235746754333377,0,0.00116058932417218,0,0.0489770709770011
1985,9,21,0.000978246447630227,0,0.00150142569873424,0,0.0466990676757452
1985,9,22,0.324531376361847,0,0.149137721069565,0,0.0466990676757452
1985,9,23,6.50198459625244,0,3.03553464001561,0,0.0444210643744894
1985,9,24,0.417802780866623,0,3.5964716432527,0,0.0410040594226056
1985,9,25,10.6975402832031,0,4.62577208286893,-2.8421709430404e-14,0.0535330775795128
1985,9,26,19.8357810974121,0,15.1969670577373,5.6843418860808e-14,0.0489770709770011
1985,9,27,0.0557889752089977,-2.8421709430404e-14,9.97900579061934,-5.6843418860808e-14,0.0444210643744894
1985,9,28,0.000445905840024352,0,0.0307671514638059,0,0.0478380693263732
1985,9,29,1.14497315883636,0,0.631890643691804,0,0.051255074278257
1985,9,30,11.7546634674072,0,6.41295377563438,0,0.0523940759288849
1985,10,1,6.20785140199587e-05,0,5.90947280623277,0,0.051255074278257
1985,10,2,5.87059112149291e-05,0,6.03144908382092e-05,0,0.051255074278257
1985,10,3,1.9937266188208e-05,0,4.27679724452901e-05,0,0.0523940759288849
1985,10,4,0.0320837423205376,0,0.0119003356057874,0,0.0523940759288849
1985,10,5,0.00711626233533025,0,0.0177350988806211,0,0.050116072627629
1985,10,6,4.31817170465365e-06,0,0.00371181973878265,0,0.050116072627629
1985,10,7,0.000989315565675497,0,0.000631774564681109,0,0.0489770709770011
1985,10,8,0.0385910458862782,0,0.0197579928408231,0,0.0478380693263732
1985,10,9,0.0171953700482845,0,0.0249281627420714,0,0.0455600660251173
1985,10,10,0.873535335063934,0,0.386629404770247,0,0.0444210643744894
1985,10,11,2.53977584838867,0,1.95608700949197,0,0.0432820627238614
1985,10,12,1.19520795345306,0,1.99489231995358,0,0.0410040594226056
1985,10,13,3.03719353675842,0,1.89041248243666,0,0.0410040594226056
1985,10,14,29.1491165161133,2.8421709430404e-14,16.0917118504703,5.6843418860808e-14,0.067201097387048
1985,10,15,9.48451519012451,-2.8421709430404e-14,19.3298617730525,-5.6843418860808e-14,0.0603670874832804
1985,10,16,0.508919715881348,0,5.05313142738123,0,0.0558110808807687
1985,10,17,0.0775760933756828,0,0.346890594701108,0,0.0615060891339084
1985,10,18,8.3684024810791,0,4.03677485192202,0,0.0797301155439553
1985,10,19,16.4296684265137,0,12.3949643478445,0,0.0990931436046302
1985,10,20,8.17077827453613,0,12.3298445011787,0,0.0945371370021184
1985,10,21,1.17234814167023,0,5.24979636510398,0,0.113900165062793
1985,10,22,0.000435314083006233,0,0.591392908930175,-2.8421709430404e-14,0.195908283908004
1985,10,23,0.00528490031138063,0,0.0028271317942199,2.8421709430404e-14,0.189074274004237
1985,10,24,0.759788393974304,0,0.360023727764201,0,0.177684257497958
1985,10,25,0.0777934789657593,0,0.467533465899578,0,0.164016237690422
1985,10,26,0.157245114445686,0,0.113053582077555,0,0.154904224485399
1985,10,27,0.328862249851227,0,0.25976491347501,0,0.148070214581631
1985,10,28,1.32465374469757,0,0.654897660606366,0,0.14351420797912
1985,10,29,7.8095817565918,0,4.2732433145502,0,0.141236204677864
1985,10,30,1.7257297039032,0,5.0632600822446,0,0.140097203027236
1985,10,31,14.1981134414673,0,7.95255470055054,0,0.168572244292934
1985,11,1,1.85946190357208,2.8421709430404e-14,8.08612059211282,5.6843418860808e-14,0.183379265751097
1985,11,2,0.0129085509106517,-2.8421709430404e-14,0.953697693229515,0,0.184518267401725
1985,11,3,0.000464121432742104,2.8421709430404e-14,0.00838913848201628,0,0.177684257497958
1985,11,4,7.39222232368775e-05,0,0.000279657990176929,0,0.173128250895446
1985,11,5,3.46348206221592e-05,0,-9.63376351137413e-05,0,0.17085024759419
1985,11,6,0.00916761718690395,0,0.00326899013180082,0,0.167433242642306
1985,11,7,0.0125909801572561,0,0.0108442178352561,0,0.159460231087911
1985,11,8,0.00244716508314014,0,0.00807261760382971,0,0.153765222834771
1985,11,9,0.192215517163277,0,0.0883810959321636,0,0.149209216232259
1985,11,10,0.753410518169403,0,0.500408959988818,0,0.14351420797912
1985,11,11,1.36301779747009,0,1.02331077446979,0,0.13781919972598
1985,11,12,3.5888524055481,0,2.39549492627248,0,0.136680198075352
1985,11,13,4.06033802032471,0,3.79278737100412,0,0.134402194774096
1985,11,14,0.228732138872147,0,2.29795086365994,0,0.130985189822212
1985,11,15,25.5503578186035,0,11.4216020567019,-2.8421709430404e-14,0.151487219533515
1985,11,16,14.9139375686646,-2.27373675443232e-13,20.3242010803551,2.8421709430404e-14,0.451044653648661
1985,11,17,4.78862524032593,8.5265128291212e-14,10.2601209306313,-2.55795384873636e-13,1.02851849051702
1985,11,18,27.0569515228272,1.4210854715202e-13,15.8044583566234,5.6843418860808e-14,1.13900165062793
1985,11,19,60.1257476806641,-1.70530256582424e-13,42.5925000202396,-1.13686837721616e-13,23.121733507747
1985,11,20,4.19224071502686,1.13686837721616e-13,34.2133984276788,1.98951966012828e-13,10.273794888664
1985,11,21,0.0763356611132622,0,2.13838643393228,0,3.66758531502194
1985,11,22,0.022026538848877,0,0.0494211666555202,0,2.23244323523075
1985,11,23,0.014634283259511,0,0.0185455909313532,0,1.57182227786655
1985,11,24,0.044598825275898,0,0.0242895901283191,0,1.24151179918445
1985,11,25,0.59833961725235,0,0.258009414737899,0,1.04332551197519
1985,11,26,8.38479709625244,0,4.24873904345623,0,1.11508261596475
1985,11,27,44.070613861084,5.6843418860808e-14,26.226954513093,-5.6843418860808e-14,16.7433242642306
1985,11,28,2.36106157302856,0,23.2202300418248,-1.13686837721616e-13,11.17360619266
1985,11,29,0.888201773166657,0,1.64662182897973,2.8421709430404e-14,4.74963688311848
1985,11,30,2.32449173927307,0,1.59357395620737,0,3.05252442368286
1985,12,1,13.2651443481445,0,7.79407952465863,0,3.56507516646543
1985,12,2,0.00842071697115898,0.00392218952006829,7.08652436589091,0,3.57646518297171
1985,12,3,0.00269584869965911,0.0055830463193729,1.59073970280588e-05,0,2.48302359836889
1985,12,4,0.00084771029651165,0.00139507085441437,0.00042061807562277,0,1.94769282257377
1985,12,5,0.00277652777731419,0,0.00180366230779327,0.0023732371573999,1.58321229437283
1985,12,6,0.000292196549708024,0,0.00153912430505443,0,1.33263193123468
1985,12,7,0.00102000893093646,0,0.000591363889725471,0,1.17317170014677
1985,12,8,0.00322817033156753,0,0.00207614572991588,0,1.0478815185777
1985,12,9,0.149625808000565,0,0.0717132559166203,0,0.949927376623696
1985,12,10,9.41243553161621,0,4.15207826026563,0,0.87589226933288
1985,12,11,15.5908517837524,-2.8421709430404e-14,12.500393428405,-2.8421709430404e-14,0.869058259429113
1985,12,12,0.0633017644286156,0.0120508596234288,7.81891924643151,-8.5265128291212e-14,1.18456171665305
1985,12,13,3.55108332633972,1.78183957763204,0.0196579641833523,0,1.18456171665305
1985,12,14,0.0177599899470806,2.13221158019363,0,0,1.04560351527644
1985,12,15,0.000302008091239259,0.00937834223026357,0.000117646676699223,0,0.929425346912393
1985,12,16,1.60280606564811e-07,2.69661420304601e-05,0.000125407205814554,0.691856288401198,0.866780256127857
1985,12,17,0.000639513949863613,0,0.000279157778095396,1.74140030588219,0.832610206609019
1985,12,18,1.17157196998596,0.06606733911579,0.516721111492188,1.10019667418231,0.800718160391437
1985,12,19,0.00569664407521486,0.070357681534972,0.528043771248122,0,0.75515809436632
1985,12,20,0.359508782625198,0.127376290608311,0.0301754139545665,0,0.702764018437435
1985,12,21,0.15929326415062,0.175403562616879,0.0854391245111401,0,0.660620957364201
1985,12,22,0.00326990033499897,0.0292133669430257,0.0522653046855339,0.927827836633156,0.628728911146619
1985,12,23,0.00103909184690565,0,0.00209351316061657,0,0.603670874832804
1985,12,24,4.59640396002214e-05,0,0.000633069119430729,0,0.587724851724013
1985,12,25,0.000569310679566115,0.000273560593939237,2.38777683989611e-05,0,0.559249810458315
1985,12,26,0.000329196685925126,0.000416071800003692,5.16259533469565e-05,0,0.527357764240733
1985,12,27,0.000288213370367885,0.000113632282960907,0.00019705674094439,0,0.492048713071267
1985,12,28,0.00380728021264076,0,0.00198968137556221,0,0.469268680058708
1985,12,29,0.000116164577775635,0,0.0022610311225435,0,0.451044653648661
1985,12,30,0.000658854085486382,0,0.000379748145860503,0,0.43509863053987
1985,12,31,0.0392367541790009,0,0.018225465471005,0,0.420291609081707
1986,1,1,0.000273221026873216,0,0.021758112245152,0,0.405484587623544
1986,1,2,0.000289259070996195,0,0.000280782562185777,0,0.395233572767893
1986,1,3,0.000934951298404485,0,0.000599417067860486,0,0.379287549659102
1986,1,4,0.000273197016213089,0,0.000527932495970163,0,0.364480528200939
1986,1,5,0.0004273040976841,3.06657391035969e-05,0.000311934373712575,0,0.349673506742775
1986,1,6,0.269389033317566,3.56340888743034e-05,0.128599978846978,0,0.338283490236496
1986,1,7,0.196414053440094,0.0144415415898038,0.221486067402111,0,0.326893473730217
1986,1,8,0.446005553007126,0.235410773676989,0.0837881631487107,0,0.314364455573309
1986,1,9,0.000818484404589981,0.226477060585751,0.000324511805956718,0,0.301835437416402
1986,1,10,0.000109068241727073,7.98247680506847e-05,0.000384451278478082,0.488767292543457,0.282472409355727
1986,1,11,7.86188247730024e-05,2.8421709430404e-14,9.31565309656435e-05,2.8421709430404e-14,0.261970379644425
1986,1,12,0.185217455029488,0,0.0918539582316953,0,0.251719364788773
1986,1,13,0.00105313479434699,0,0.098756987791603,0,0.243746353234378
1986,1,14,0.00161559786647558,0,0.00139717508500326,0,0.23691234333061
1986,1,15,7.49985338188708e-05,0,0.000952606431383174,0,0.230078333426842
1986,1,16,0.0205260366201401,0,0.00729534049423819,0,0.226661328474959
1986,1,17,2.95656943321228,0,1.46490385632296,0,0.220966320221819
1986,1,18,1.93559753894806,0,2.44822438386564,0,0.218688316920563
1986,1,19,3.47773766517639,0,2.6439628708913,0,0.217549315269935
1986,1,20,1.09196197986603,0,2.29922341781912,0,0.217549315269935
1986,1,21,0.00041721182060428,0,0.658968428186199,0,0.218688316920563
1986,1,22,4.1226458051824e-06,0,0.000217154139136255,0,0.214132310318051
1986,1,23,7.99139015725814e-05,0,5.13556969963247e-05,0,0.208437302064912
1986,1,24,0.0556952841579914,0,0.0323151013662937,0,0.2038812954624
1986,1,25,0.00239147827960551,0,0.0316069479067664,0,0.197047285558632
1986,1,26,0.0150795923545957,0,0.00694283592747524,0,0.191352277305493
1986,1,27,0.000729222549125552,0.000361391031503899,0.00760638758038112,0,0.183379265751097
1986,1,28,0.000503086892422289,0.000461955839625716,0.000184385929969721,0,0.182240264100469
1986,1,29,0.00129869289230555,0,0.000884789697011001,0.00112779846858757,0.181101262449841
1986,1,30,0.000502653769217432,0,0.000965664245995868,0,0.17654525584733
1986,1,31,0.039863757789135,0,0.0201387927454562,0,0.17654525584733
1986,2,1,0.0896106958389282,0,0.0633362527423742,0,0.177684257497958
1986,2,2,0.490737110376358,0,0.259158511689748,0,0.17654525584733
1986,2,3,7.40306806564331,0,3.9314481537258,0,0.182240264100469
1986,2,4,8.75238800048828,0,8.07347504596783,0,0.185657269052353
1986,2,5,1.8304568529129,0,5.34557800623134,0,0.186796270702981
1986,2,6,14.7469568252563,1.13686837721616e-13,8.26328085702335,5.6843418860808e-14,0.249441361487517
1986,2,7,2.84417080879211,1.13686837721616e-13,8.93365092102886,1.70530256582424e-13,0.65036994250855
1986,2,8,8.12498092651367,0.218142285944367,5.26349366494469,0,0.882726279236648
1986,2,9,0.0630801916122437,0.238984469756616,3.91965822256861,-2.8421709430404e-13,0.822359191753368
1986,2,10,1.6357718706131,0.765842899069753,0.0153912524174302,0,0.733517063004389
1986,2,11,3.15339946746826,2.25025391146059,0,0,0.660620957364201
1986,2,12,0.00326806586235762,1.89287413020827,0,0,0.588863853374641
1986,2,13,0.0756599828600884,0.0480182988598585,0,0,0.529635767541989
1986,2,14,1.46989631652832,0.307994906489,0.457960800149522,0,0.496604719673779
1986,2,15,0.297839611768723,0.303437367084854,0.620750359476915,0,0.494326716372523
1986,2,16,0.0302299279719591,0.0143884690793072,0.162425877093483,3.9913377262763,0.497743721324407
1986,2,17,0.128698438405991,0,0.0788270477287369,2.45090362774073,0.568361823663338
1986,2,18,0.0603003837168217,0,0.0947599254104716,0,0.701625016786807
1986,2,19,0.000605382316280156,0,0.0246362775515081,0,0.694791006883039
1986,2,20,0.000756350695155561,0,0.000675242841680301,0,0.646952937556666
1986,2,21,0.000370382593246177,0,0.000594780223764246,2.8421709430404e-14,0.593419859977153
1986,2,22,0.000288042559986934,0,0.000316079616823117,-2.8421709430404e-14,0.543303787349524
1986,2,23,0.00010359149746364,0,0.000192485581465007,0,0.500021724625663
1986,2,24,2.99165385513334e-05,0,7.26808639228693e-05,0,0.470407681709336
1986,2,25,0.000123211531899869,0,8.36307053759811e-05,0,0.444210643744894
1986,2,26,1.14921213025809e-05,0,7.29612074792385e-05,0,0.422569612382963
1986,2,27,0.2663694024086,0,0.158751456676328,0,0.404345585972916
1986,2,28,0.970327496528625,0,0.617509506817441,0,0.386121559562869
1986,3,1,0.0598633661866188,0,0.518659545229639,0,0.36903653480345
1986,3,2,2.10576581594069e-05,-2.8421709430404e-14,0.0316183302575155,-2.8421709430404e-14,0.354229513345287
1986,3,3,2.93416396743851e-05,0,2.44670063693775e-05,0,0.33600548693524
1986,3,4,0.000136513641336933,0,7.80430491431616e-05,0,0.322337467127705
1986,3,5,0.00763809122145176,0,0.00367311426089145,0,0.313225453922682
1986,3,6,8.42129338707309e-06,0,0.00500466770881758,0,0.299557434115146
1986,3,7,0.000946320651564747,0,0.000473817250167485,0,0.290445420910123
1986,3,8,0.0319207981228828,0,0.0125841064500491,0,0.284750412656983
1986,3,9,0.055231049656868,0,0.0435444963577538,0,0.280194406054471
1986,3,10,7.69709157943726,0,2.76495720689854,0,0.280194406054471
1986,3,11,1.5092226266861,0,4.81836425297934,0,0.283611411006355
1986,3,12,27.0490837097168,-2.8421709430404e-14,13.5488810990501,-2.8421709430404e-13,0.599114868230293
1986,3,13,0.577082395553589,-2.27373675443232e-13,13.8216668274017,-1.4210854715202e-13,1.81101262449841
1986,3,14,0.281912416219711,0,0.397352545971444,0,1.38958201376608
1986,3,15,0.0254046246409416,0,0.160715766670364,0,1.0968585895547
1986,3,16,0.0940608605742455,0,0.0557887429140465,0,0.930564348563021
1986,3,17,0.000829525175504386,0,0.0573139341131537,0,0.817803185150856
1986,3,18,2.3082127571106,0,1.02041741376979,0,0.740351072908156
1986,3,19,8.42693710327148,0,5.23146225122855,0,0.763131105920715
1986,3,20,0.0836078077554703,0,4.68433876191375,0,0.709598028341202
1986,3,21,7.51820771256462e-05,0,0.0503710566717928,0,0.616199892989712
1986,3,22,0.00019563568639569,0,0.000143838568874344,0,0.554693803855803
1986,3,23,0.00224141636863351,0,0.00112719430399011,0,0.514828746083826
1986,3,24,0.000419181742472574,0,0.00113771806718432,0,0.482936699866244
1986,3,25,4.51504201919306e-05,0,0.000247596532062744,0,0.456739661901801
1986,3,26,0.110681101679802,0,0.0674365635013601,0,0.431681625587987
1986,3,27,0.0938993841409683,0,0.103964753626315,2.8421709430404e-14,0.411179595876684
1986,3,28,0.000387954467441887,0,0.0370496870436909,-2.8421709430404e-14,0.394094571117265
1986,3,29,0.000112017369247042,0,0.000260930260083114,0,0.379287549659102
1986,3,30,2.56096209341195e-05,0,8.15974281067611e-05,0,0.364480528200939
1986,3,31,2.25316307478352e-05,0,2.4150506760634e-05,0,0.354229513345287
1986,4,1,0.229179933667183,0,0.0880930016855928,0,0.34170049518838
1986,4,2,5.02035284042358,0,2.49669689463553,0,0.334866485284612
1986,4,3,8.31973171234131,0,6.36615898821128,0,0.465851675106825
1986,4,4,22.7653942108154,-5.6843418860808e-14,14.9098728480385,0,1.26429183219701
1986,4,5,16.5919380187988,0,19.6788296265077,0,8.77031270983508
1986,4,6,0.623818159103394,0,8.63109323679055,0,4.7382468666122
1986,4,7,1.13417840003967,0,0.895353245722617,2.8421709430404e-14,3.06391444018914
1986,4,8,34.8833694458008,-8.5265128291212e-14,17.9913531838456,-2.27373675443232e-13,20.7298300414284
1986,4,9,4.31215524673462,-5.6843418860808e-14,20.8171552345402,-1.4210854715202e-13,9.97765445950069
1986,4,10,0.000191538812941872,0,2.15978851434465,2.8421709430404e-14,4.7951969491436
1986,4,11,0.051313754171133,0,0.0237618059099987,-2.8421709430404e-14,3.23476468778333
1986,4,12,0.311865329742432,0,0.173201390140093,0,2.43746353234378
1986,4,13,1.79975092411041,0,0.986934176313298,0,1.90213275654865
1986,4,14,9.43934345245361,0,5.42771795053886,0,1.62877236039794
1986,4,15,0.000536264851689339,0,5.32056184890462,0,1.52626221184143
1986,4,16,7.79578185756691e-05,2.8421709430404e-14,0.000349931611708598,0,1.27568184870328
1986,4,17,0.0349667780101299,-2.8421709430404e-14,0.022238358604227,0,1.11394361431412
1986,4,18,1.34678184986115,0,0.686991532951652,0,1.00346045420321
1986,4,19,16.2823753356934,0,7.30165388591377,0,1.16178168364049
1986,4,20,29.5619468688965,-1.4210854715202e-13,22.9212194601987,-2.8421709430404e-14,5.7291783026585
1986,4,21,2.9279887676239,-1.70530256582424e-13,16.4862700623598,-1.4210854715202e-13,6.84539992027388
1986,4,22,0.196350425481796,-2.8421709430404e-14,1.68234247848977,-2.8421709430404e-14,3.91816567816009
1986,4,23,0.00819038040935993,0,0.107621357174139,0,2.76777401102588
1986,4,24,0.00486341351643205,0,0.00654180855417508,0,2.12993308667423
1986,4,25,2.10318630706752e-05,0,0.00247780062727543,0,1.7085024759419
1986,4,26,0.000628727953881025,0,0.000319080068948097,0,1.40097203027236
1986,4,27,0.378194868564606,0,0.155950003708313,-2.8421709430404e-14,1.20734174966561
1986,4,28,10.2258100509644,0,4.92252914564597,2.8421709430404e-14,1.20734174966561
1986,4,29,1.2057945728302,0,6.13267287070994,0,1.16178168364049
1986,4,30,0.115630201995373,0,0.697889782891252,0,0.988653432745046
1986,5,1,9.64086818695068,0,4.67887188078294,0,0.946510371671812
1986,5,2,0.3039890229702,0,5.05445014264569,0,1.24151179918445
1986,5,3,0.000439299008576199,0,0.124394227103039,0,0.978402417889394
1986,5,4,1.73559601535089e-05,0,0.000280453613413556,2.8421709430404e-14,0.825776196705251
1986,5,5,0.0206190664321184,0,0.0126303680744968,-2.8421709430404e-14,0.732378061353761
1986,5,6,0.0642772391438484,0,0.0431926458250018,0,0.666315965617341
1986,5,7,0.00766290165483952,0,0.040433855282572,0,0.6116438863872
1986,5,8,0.286765277385712,0,0.1685952901571,0,0.562666815410199
1986,5,9,0.877257287502289,0,0.549962619688813,0,0.521662755987593
1986,5,10,6.5594744682312,0,3.3877518647887,0,0.490909711420639
1986,5,11,16.9366664886475,0,11.6134303675644,0,0.522801757638221
1986,5,12,0.212251737713814,0,9.04306292670844,0,0.599114868230293
1986,5,13,0.0372798107564449,0,0.106600525335125,0,0.530774769192617
1986,5,14,0.589260578155518,0,0.362554070733495,0,0.486353704818127
1986,5,15,25.4802532196045,0,12.4660004019861,0,0.464712673456197
1986,5,16,1.88110506534576,0,13.6825958359905,0,0.628728911146619
1986,5,17,20.9839515686035,0,11.4028451802906,0,0.754019092715692
1986,5,18,0.755607128143311,0,10.870069967862,2.8421709430404e-14,1.86796270702981
1986,5,19,0.722003877162933,0,0.73884675869158,-2.8421709430404e-14,1.42375206328492
1986,5,20,0.00330170732922852,0,0.455646602355955,0,1.07749556149402
1986,5,21,0.796483099460602,0,0.335776283361156,0,0.858807244573461
1986,5,22,0.779544651508331,0,0.788155999781338,0,0.731239059703133
1986,5,23,0.488960474729538,0,0.665255204976347,0,0.648091939207294
1986,5,24,7.38197994232178,0,3.51420398105256,0,0.603670874832804
1986,5,25,7.50010299682617,0,7.4540688467614,0,0.567222822012711
1986,5,26,7.32534027099609,0,7.42337993964065,0,0.6116438863872
1986,5,27,0.717781186103821,0,4.31579042935664,0,0.563805817060827
1986,5,28,3.25823736190796,0,1.7816635261388,0,0.529635767541989
1986,5,29,0.268690228462219,0,1.76578761405472,0,0.486353704818127
1986,5,30,0.201501280069351,0,0.242249550596171,0,0.456739661901801
1986,5,31,9.57312297821045,0,4.82404711909476,0,0.907784315550463
1986,6,1,4.06151342391968,0,6.83300002224132,0,1.48070214581631
1986,6,2,3.73043704032898,0,3.85637286268502,0,1.17317170014677
1986,6,3,6.44325113296509,0,4.9807898109666,0,0.91461832545423
1986,6,4,2.03050255775452,0,4.30427338314803,0,0.928286345261765
1986,6,5,3.75529146194458,0,2.7378837116521,0,0.792745148837041
1986,6,6,22.7205104827881,0,8.03612077516846,2.8421709430404e-14,2.96140429163263
1986,6,7,6.17995452880859,0,14.5283816315568,-2.8421709430404e-14,4.0206758267166
1986,6,8,7.85573768615723,0,6.94255137647087,0,5.22801757638221
1986,6,9,7.10840272903442,0,7.49493751541559,0,2.79055404403844
1986,6,10,8.77203845977783,0,7.85520032862769,0,3.64480528200939
1986,6,11,6.52436399459839,-2.8421709430404e-14,7.6627792925101,0,2.20966320221819
1986,6,12,0.03988067060709,2.8421709430404e-14,3.29036884183915,0,1.61738234389166
1986,6,13,7.14016005076701e-06,0,0.0207053218637157,0,1.20734174966561
1986,6,14,0.00756770605221391,0,0.00455734702154587,0,0.939676361768045
1986,6,15,0.0052659367211163,0,0.00624040582079033,0,0.765409109221971
1986,6,16,0.187500432133675,0,0.0643614071923366,0,0.645813935906038
1986,6,17,0.120521865785122,0,0.142795158399167,0,0.560388812108943
1986,6,18,0.254556983709335,0,0.182657596749777,0,0.523940759288849
1986,6,19,0.00173803325742483,0,0.156374210357171,0,0.480658696564988
1986,6,20,0.000104327547887806,0,0.000848752715683077,0,0.428264620636103
1986,6,21,0.000242757596424781,0,0.000160305442477693,0,0.390677566165381
1986,6,22,0.469506770372391,0,0.255879940590603,0,0.34170049518838
1986,6,23,3.46412682533264,0,1.74300513255548,0,0.301835437416402
1986,6,24,5.19108486175537,0,4.48606508888224,0,0.274499397801332
1986,6,25,0.0940041691064835,0,3.05688428675603,0,0.252858366439401
1986,6,26,0.267532259225845,0,0.204968302188718,0,0.233495338378726
1986,6,27,1.49151134490967,0,0.860092961744158,0,0.216410313619307
1986,6,28,7.57542037963867,0,3.79363914831447,0,0.206159298763656
1986,6,29,1.39951467514038,0,4.77640301846986,0,0.192491278956121
1986,6,30,0.0585933104157448,0,0.596490626652667,0,0.177684257497958
1986,7,1,0.436347782611847,0,0.223922459203095,0,0.167433242642306
1986,7,2,4.96158933639526,0,2.02163035578087,0,0.159460231087911
1986,7,3,0.0429947525262833,0,2.79082131178438,0,0.145792211280375
1986,7,4,0.0667916536331177,0,0.0560138861183077,0,0.135541196424724
1986,7,5,0.595138192176819,0,0.376753717710017,0,0.125290181569073
1986,7,6,0.0203350614756346,0,0.292898455538307,0,0.115039166713421
1986,7,7,0.0119831822812557,0,0.0166405234413105,0,0.108205156809654
1986,7,8,0.0161112137138844,0,0.0144492895415169,0,0.103649150207142
1986,7,9,0.0872949361801148,0,0.0477833318436751,0,0.100232145255258
1986,7,10,0.210477396845818,0,0.15706985856923,0,0.0968151403033743
1986,7,11,0.113969326019287,0,0.174260640676948,0,0.0922591337008626
1986,7,12,3.25828719139099,0,1.54213187988535,0,0.0877031270983508
1986,7,13,3.03756451606751,0,3.12252668063775,0,0.0865641254477229
1986,7,14,0.184139683842659,0,1.86451303898866,0,0.0831471204958391
1986,7,15,0.00487309182062745,0,0.101381833643245,0,0.0808691171945832
1986,7,16,0.00346330110915005,0,0.00405636364303064,0,0.0763131105920715
1986,7,17,0.000430318497819826,0,0.00148426149280567,0,0.0740351072908156
1986,7,18,0.00415774062275887,0,0.00303905082910205,0,0.0706181023389318
1986,7,19,6.57772397971712e-05,0,0.00128381119975529,0,0.0694791006883039
1986,7,20,0.346109688282013,0,0.130333487990356,0,0.067201097387048
1986,7,21,0.690339326858521,0,0.487983123455706,0,0.0649230940857922
1986,7,22,0.678880274295807,0,0.686541475775812,0,0.0637840924351642
1986,7,23,1.09293949604034,0,0.961475311602044,0,0.0615060891339084
1986,7,24,0.00146783201489598,0,0.732161146392173,0,0.0603670874832804
1986,7,25,0.00120244501158595,0,-0.0240922921148012,0,0.0603670874832804
1986,7,26,1.79630076885223,0,0.764828537077847,0,0.0626450907845363
1986,7,27,3.72474646568298,0,2.6815988457256,0,0.0615060891339084
1986,7,28,0.425260186195374,0,2.15586360525231,0,0.0592280858326525
1986,7,29,0.268373936414719,0,0.313003240769831,0,0.0580890841820246
1986,7,30,0.0116670215502381,0,0.16807510028957,0,0.0580890841820246
1986,7,31,0.130875587463379,0,0.0562650763240526,0,0.0569500825313966
1986,8,1,1.50571691989899,0,0.604733156018483,0,0.0569500825313966
1986,8,2,27.7805614471436,0,14.4918486331644,0,0.0626450907845363
1986,8,3,0.0111876679584384,0,13.8986604483707,0,0.0558110808807687
1986,8,4,0.00312761636450887,0,0.00746365875056654,0,0.0546720792301408
1986,8,5,1.21600639820099,0,0.543318844811438,0,0.0546720792301408
1986,8,6,21.794750213623,0,10.2783790388312,0,0.0546720792301408
1986,8,7,6.39953994750977,0,14.4403740725083,0,0.0546720792301408
1986,8,8,8.30142688751221,0,7.13543649283201,0,0.068340099037676
1986,8,9,13.413950920105,0,10.8563231047374,0,0.0603670874832804
1986,8,10,21.6772689819336,0,17.3608401708079,0,0.0603670874832804
1986,8,11,0.0740872994065285,0,11.1471688245856,0,0.0592280858326525
1986,8,12,1.75938275788212e-05,0,0.0400951480187359,-2.8421709430404e-14,0.0592280858326525
1986,8,13,0.00481912214308977,0,0.00288164462472196,2.8421709430404e-14,0.0592280858326525
1986,8,14,0.00103588448837399,0,0.00268096768741088,0,0.0660620957364201
1986,8,15,0.0796715766191483,0,0.0388364440932492,0,0.0831471204958391
1986,8,16,22.2805805206299,0,9.82481020529303,0,0.101371146905886
1986,8,17,1.18545258045197,0,11.7428768461759,0,0.0877031270983508
1986,8,18,0.00694524776190519,0,0.662893717269981,0,0.085425123797095
1986,8,19,0.00673999032005668,0,0.00685273117778706,0,0.0865641254477229
1986,8,20,0.764704763889313,0,0.318179766352841,0,0.0797301155439553
1986,8,21,4.76855675515253e-05,0,0.433924360635501,0,0.0728961056401877
1986,8,22,0.0175980515778065,0,0.0114154367856827,0,0.0660620957364201
1986,8,23,0.162868067622185,0,0.0929149398089066,0,0.0706181023389318
1986,8,24,0.450001120567322,0,0.278835175229688,0,0.0694791006883039
1986,8,25,1.5934807062149,0,1.08853412769895,0,0.068340099037676
1986,8,26,2.65831613540649,0,2.1100930577104,0,0.067201097387048
1986,8,27,0.0767447948455811,0,1.57904062846319,0,0.0751741089414436
1986,8,28,8.04704570770264,0,3.48897262033097,0,0.0751741089414436
1986,8,29,0.0136791439726949,0,4.19410384401817,0,0.0660620957364201
1986,8,30,0.000244453578488901,0,0.00790732384302828,0,0.0660620957364201
1986,8,31,0,0,9.1146246631979e-05,0,0.0637840924351642
1986,9,1,0.00458584818989039,0,0.0023677728495386,0,0.0626450907845363
1986,9,2,0.550339281558991,0,0.230778772811391,0,0.0615060891339084
1986,9,3,1.07322895526886,0,0.845162920606526,0,0.0603670874832804
1986,9,4,2.80115962028503,0,1.78901296456206,0,0.0603670874832804
1986,9,5,1.76839029788971,0,2.23622989724026,0,0.0580890841820246
1986,9,6,0.0530115850269795,0,1.05471109822793,0,0.0580890841820246
1986,9,7,0.00182278174906969,0,0.0245393456825695,0,0.0569500825313966
1986,9,8,0.00891247391700745,0,0.00471342195669422,0,0.0546720792301408
1986,9,9,0.000786499353125691,0,0.00456827479138156,0,0.0546720792301408
1986,9,10,0.0192719902843237,0,0.00797409533515747,0,0.0546720792301408
1986,9,11,9.40461921691895,0,4.67554276462033,0,0.0546720792301408
1986,9,12,6.58071660995483,0,8.02871613387288,0,0.0535330775795128
1986,9,13,0.0319066271185875,0,3.80982446114467,0,0.0523940759288849
1986,9,14,0.0410893186926842,0,0.0374262772638758,0,0.050116072627629
1986,9,15,12.781720161438,0,5.53245180146951,0,0.0466990676757452
1986,9,16,27.948055267334,0,20.0449280901194,0,0.0398650577719777
1986,9,17,17.3110637664795,0,22.6297528385367,0,0.0421430610732335
1986,9,18,4.23305082321167,0,10.8128508588507,0,0.0421430610732335
1986,9,19,0.0517373755574226,0,2.24273622294822,0,0.0410040594226056
1986,9,20,0.004493014421314,0,0.0284376682611764,-2.8421709430404e-14,0.0421430610732335
1986,9,21,0.0473663099110127,0,0.0286906659657689,2.8421709430404e-14,0.0421430610732335
1986,9,22,0.0494030751287937,0,0.0486872178644262,0,0.0432820627238614
1986,9,23,0.0229407772421837,0,0.0391598874957708,0,0.0444210643744894
1986,9,24,0.0169645585119724,0,0.0211251287837513,0,0.0455600660251173
1986,9,25,0.033408846706152,0,0.0267782088776585,0,0.0455600660251173
1986,9,26,0.0610303655266762,0,0.0520936289649399,0,0.0455600660251173
1986,9,27,2.76973390579224,0,1.31622122070803,0,0.0455600660251173
1986,9,28,0.111252926290035,0,1.63738529697002,-2.8421709430404e-14,0.0432820627238614
1986,9,29,0.515598297119141,0,0.29317587436708,2.8421709430404e-14,0.0410040594226056
1986,9,30,8.66598129272461,-2.8421709430404e-14,3.65321470071103,0,0.0410040594226056
1986,10,1,29.867956161499,5.6843418860808e-14,19.2537277724678,0,0.0489770709770011
1986,10,2,22.6356945037842,-2.8421709430404e-14,26.2519333389864,2.8421709430404e-14,0.0478380693263732
1986,10,3,0.371327191591263,0,11.5076979072073,0,0.0455600660251173
1986,10,4,1.57627069950104,0,0.969329211633521,0,0.0478380693263732
1986,10,5,5.25632619857788,0,3.35728473344716,0,0.0489770709770011
1986,10,6,0.166452765464783,0,2.86241163966952,0,0.0489770709770011
1986,10,7,0.0573973655700684,0,0.124298580774848,0,0.0489770709770011
1986,10,8,0.147544518113136,0,0.085880658680253,0,0.050116072627629
1986,10,9,1.69056272506714,0,0.856327877967487,0,0.051255074278257
1986,10,10,1.6694061756134,0,1.68118351858357,0,0.051255074278257
1986,10,11,0.174435973167419,0,1.03705288249148,0,0.0523940759288849
1986,10,12,17.2574672698975,0,8.69193017717589,0,0.0785911138933274
1986,10,13,4.54969501495361,2.8421709430404e-14,10.9576330429245,0,0.0797301155439553
1986,10,14,0.0989039465785027,-2.8421709430404e-14,2.43236445328148,0,0.0888421287489788
1986,10,15,8.21893991087563e-05,0,0.0425039236797602,0,0.102510148556514
1986,10,16,0.000223692753934301,0,0.000147767317685066,0,0.103649150207142
1986,10,17,1.60348554345546e-05,0,0.000116987155706738,0,0.0968151403033743
1986,10,18,0.0160972326993942,0,0.00758883062007953,0,0.0899811303996067
1986,10,19,0.456228792667389,0,0.242193288528142,0,0.0865641254477229
1986,10,20,0.000189450118341483,0,0.24153448432844,0,0.084286122146467
1986,10,21,7.65333970775828e-06,0,0.000119165746582439,0,0.0831471204958391
1986,10,22,1.48419058322907,0,0.621358662299826,0,0.0808691171945832
1986,10,23,18.0167026519775,0,9.74034327637492,0,0.0831471204958391
1986,10,24,9.73902797698975,0,13.8974562616004,0,0.0865641254477229
1986,10,25,4.760910987854,0,7.25670707286008,0,0.084286122146467
1986,10,26,2.31562781333923,0,3.60075878184034,0,0.084286122146467
1986,10,27,0.0352344661951065,0,1.3870696089798,0,0.084286122146467
1986,10,28,7.96929089119658e-06,0,0.0232335978598712,0,0.0831471204958391
1986,10,29,0.000138428746140562,0,8.26437535579316e-05,0,0.0808691171945832
1986,10,30,5.16617801622488e-05,0,0.000105074293969665,0,0.0785911138933274
1986,10,31,7.0013170443417e-06,0,3.17868907586671e-05,0,0.0763131105920715
1986,11,1,9.76001538219862e-05,0,4.67910049337661e-05,0,0.0751741089414436
1986,11,2,0.000729466846678406,0,0.000412837091062102,0,0.0740351072908156
1986,11,3,0.0268168412148953,0,0.0178339785761636,0,0.0740351072908156
1986,11,4,8.01367950439453,0,3.64690896239154,0,0.0831471204958391
1986,11,5,29.6568202972412,-1.13686837721616e-13,18.7799415446552,1.4210854715202e-13,0.0888421287489788
1986,11,6,0.363760620355606,-1.98951966012828e-13,15.0122360995701,8.5265128291212e-14,0.0899811303996067
1986,11,7,0.0890960693359375,0,0.242489282230963,0,0.216410313619307
1986,11,8,1.87924599647522,0,0.937340587723156,0,0.280194406054471
1986,11,9,1.65549373626709,0,1.79052766582936,0,0.23691234333061
1986,11,10,1.16748106479645,0,1.43553908794092,0,0.20957630371554
1986,11,11,6.1748948097229,5.6843418860808e-14,3.67094670479491,8.5265128291212e-14,0.201603292161144
1986,11,12,0.0019184669945389,2.8421709430404e-14,3.09667202320634,2.8421709430404e-14,0.186796270702981
1986,11,13,0.00018359805108048,8.83429521820744e-05,0.000995346967101796,0,0.166294240991678
1986,11,14,0.0804319530725479,0.0389319702314594,0,0,0.153765222834771
1986,11,15,0.0921271070837975,0.0403368240808391,0.0459251342435891,0,0.146931212931003
1986,11,16,0.18541307747364,0,0.12951409345078,0,0.13781919972598
1986,11,17,0.176177129149437,0,0.181028666334896,0,0.128707186520956
1986,11,18,0.0192945990711451,-2.8421709430404e-14,0.112614124964239,0,0.119595173315933
1986,11,19,0.0201108045876026,2.8421709430404e-14,0.0196975268481765,0,0.109344158460282
1986,11,20,0.435837149620056,0,0.222272618457282,0,0.103649150207142
1986,11,21,0.0148390950635076,0,0.251681809490037,0,0.0956761386527464
1986,11,22,0.0388199277222157,0,0.0295159943416365,0,0.0899811303996067
1986,11,23,0.0568188205361366,0,0.047814714776905,2.8421709430404e-14,0.0865641254477229
1986,11,24,0.111010998487473,0,0.0921385618639761,-2.8421709430404e-14,0.0797301155439553
1986,11,25,1.14133977890015,0,0.595338969829754,0,0.0808691171945832
1986,11,26,7.87501668930054,2.8421709430404e-14,3.49822126251638,0,0.0797301155439553
1986,11,27,0.155536323785782,5.6843418860808e-14,4.03836071808837,0,0.0751741089414436
1986,11,28,0.242859542369843,0,0.201771478466981,0,0.0740351072908156
1986,11,29,5.78136059630197e-05,0,0.139367404113727,0,0.0694791006883039
1986,11,30,0.000774069631006569,0,0.000337352157657733,0,0.067201097387048
1986,12,1,2.21528673171997,0,1.06576113899973,0,0.068340099037676
1986,12,2,2.82461047172546,0,2.50015612966308,0,0.0660620957364201
1986,12,3,0.00674094073474407,0,1.46001076229913,0,0.0660620957364201
1986,12,4,3.66777348972391e-05,0,0.00301399001727987,0,0.067201097387048
1986,12,5,9.54648785409518e-05,0,6.47272045171121e-05,0,0.067201097387048
1986,12,6,0.0107114529237151,0,0.00443299054313684,0,0.067201097387048
1986,12,7,2.86008739471436,0,1.20362331444812,0,0.0706181023389318
1986,12,8,9.72672939300537,0,6.02904279073118,0,0.0740351072908156
1986,12,9,11.8847646713257,0,10.8054784952074,2.8421709430404e-14,0.0797301155439553
1986,12,10,0.0548873282968998,0.00564480240899457,5.96798833008506,-5.6843418860808e-14,0.0877031270983508
1986,12,11,0.00581592787057161,0.00615798061795658,0.0242901633337169,0,0.13212419147284
1986,12,12,0,0.000495585890377015,0.00245004914540914,0,0.16515523934105
1986,12,13,9.61834448389709e-05,0,4.37287562817801e-05,0,0.187935272353609
1986,12,14,0.0018221182981506,0,0.00103483269595017,0,0.178823259148585
1986,12,15,0.407603621482849,0,0.197049347736538,0,0.166294240991678
1986,12,16,0.501656353473663,-2.8421709430404e-14,0.44726175177675,0,0.153765222834771
1986,12,17,0.124515131115913,2.8421709430404e-14,0.338167589899967,0,0.140097203027236
1986,12,18,0.011563646607101,0,0.0765178964211373,0,0.129846188171584
1986,12,19,0.0108668226748705,0,0.0112184537665598,0,0.121873176617189
1986,12,20,2.46557410719106e-05,0,0.00465026131132618,0,0.116178168364049
1986,12,21,5.4163538152352e-05,0,3.57759363396326e-05,0,0.11048316011091
1986,12,22,0.000405798404244706,0,0.000222265462070936,0,0.108205156809654
1986,12,23,0.0179870128631592,0,0.0122458071018627,0,0.105927153508398
1986,12,24,0.685998976230621,0,0.314815115592864,0,0.101371146905886
1986,12,25,0.000577410042751581,0,0.24126276586685,0,0.0979541419540022
1986,12,26,0.00185967201832682,0,0.00120086828974308,0,0.0933981353514905
1986,12,27,7.28731465642341e-05,0,0.000761396984671592,0,0.0899811303996067
1986,12,28,4.8670877731638e-05,0,6.20066111878259e-05,0,0.0877031270983508
1986,12,29,0.000264545204117894,0,0.000172845007909928,0,0.085425123797095
1986,12,30,0.000845396425575018,0,0.000500093414302683,0,0.0831471204958391
1986,12,31,0.00101751298643649,0,0.00093626685156778,0,0.0820081188452112
1987,1,1,0.208365455269814,0,0.0755885221060453,0,0.0797301155439553
1987,1,2,0.931259870529175,0,0.546865926189639,0,0.0797301155439553
1987,1,3,5.2833890914917,0,3.0844318506297,0,0.0865641254477229
1987,1,4,6.86570024490356,0,6.07077630760432,0,0.0888421287489788
1987,1,5,0.201814219355583,0,3.59171674665231,0,0.0911201320502346
1987,1,6,0.0129217831417918,0,0.111190715928387,0,0.0945371370021184
1987,1,7,0.000125083955936134,0,0.00716270291195542,0,0.0933981353514905
1987,1,8,1.89664363861084,0,0.940645753065837,2.8421709430404e-14,0.0945371370021184
1987,1,9,21.860502243042,0,11.8766255926075,-2.8421709430404e-14,0.119595173315933
1987,1,10,5.2932448387146,0.475012386775376,13.3708167541936,0,0.563805817060827
1987,1,11,0.423959165811539,0.519570560265493,2.34428188184393,5.6843418860808e-14,1.12305562751914
1987,1,12,0.000197129586013034,0.0276427332067613,0.18462094314782,0.84219560725677,0.773382120776366
1987,1,13,8.18567787064239e-05,0,0.000139831125125056,0,0.588863853374641
1987,1,14,0.324035286903381,0,0.157083889933347,0,0.497743721324407
1987,1,15,0.267817944288254,0,0.298115708306796,0,0.441932640443638
1987,1,16,0.0489667803049088,0,0.174818577388578,0,0.392955569466637
1987,1,17,0.232138052582741,0,0.11587425543803,0,0.356507516646543
1987,1,18,11.6035261154175,0.0607763799754935,5.71617592940856,0,0.355368514995915
1987,1,19,3.85331869125366,1.02176113375694,6.71810645464575,0,0.449905651998033
1987,1,20,0.00974262878298759,0.985785989950983,0.988628888877429,0,0.67770598212362
1987,1,21,0.00010273142834194,0.00203535563525747,0.00233738982024079,-2.8421709430404e-14,0.585446848422757
1987,1,22,0.00415104487910867,0.00115694235799424,0.0011621304693108,2.8421709430404e-14,0.507994736180058
1987,1,23,0.000367652828572318,0.00120419404908034,0.0012921175784868,0,0.455600660251173
1987,1,24,0.183906272053719,0.0133100834405013,0.0557861121524184,0,0.416874604129823
1987,1,25,0.859483063220978,0.333318625408822,0.185797699999966,0,0.38042655130973
1987,1,26,0.014544365927577,0.335509421192199,0.120267446709477,0,0.351951510044031
1987,1,27,1.51478734551347e-05,0.00408803969190785,0.00407297087622283,0.513982756214375,0.328032475380845
1987,1,28,2.12522991205333e-05,0,1.80900278792251e-05,2.32163685359774,0.305252442368286
1987,1,29,0.0718675777316093,-2.8421709430404e-14,0.0322825908533559,9.98720899474392e-05,0.288167417608867
1987,1,30,5.91998032177798e-05,2.8421709430404e-14,0.0377836959924025,0,0.26424838294568
1987,1,31,5.15839383297134e-05,0,5.61418637516908e-05,0,0.248302359836889
1987,2,1,5.45990085601807,0,2.69945485231438,0,0.249441361487517
1987,2,2,9.73827362060547,0,7.58544074735255,0,0.272221394500076
1987,2,3,0.000119089920190163,2.8421709430404e-14,4.88480982157853,2.8421709430404e-14,0.317781460525193
1987,2,4,0.0038148753810674,0,0.00191771962818166,0,0.419152607431079
1987,2,5,0.00561781693249941,0,0.00463597017005668,0,0.40206758267166
1987,2,6,0.0946836844086647,0,0.059250223732306,0,0.370175536454078
1987,2,7,0.0234604142606258,0,0.0636715510245267,0,0.345117500140264
1987,2,8,1.75678287632763e-05,0,0.00777109444061352,0,0.322337467127705
1987,2,9,0.00010492740693735,0,5.8027615523315e-05,0,0.299557434115146
1987,2,10,0.000363725528586656,0,0.000280013557130587,0,0.280194406054471
1987,2,11,0.000102557176433038,0,0.000239849710851559,0,0.267665387897564
1987,2,12,0.000139174007927068,2.8421709430404e-14,0.000118432781164302,0,0.253997368090029
1987,2,13,0.0951869338750839,-2.8421709430404e-14,0.0456847298410139,0,0.241468349933122
1987,2,14,21.7882061004639,2.8421709430404e-14,10.9235062308508,8.5265128291212e-14,0.257414373041913
1987,2,15,29.6139430999756,-8.5265128291212e-14,25.70082231981,-2.55795384873636e-13,3.65619529851566
1987,2,16,26.0102424621582,0,27.8611962713549,-5.6843418860808e-14,17.4267252546074
1987,2,17,3.38395881652832,1.15893562116946,13.5641064107058,-5.6843418860808e-14,7.31239059703133
1987,2,18,2.68123197555542,1.43557830705512,1.60253914228451,-5.6843418860808e-14,3.6903653480345
1987,2,19,0.316080689430237,0.288478008880333,1.34068421562915,0,2.50580363138145
1987,2,20,0.0160091798752546,0,0.15198768938717,0.0386014313834551,1.94769282257377
1987,2,21,0.042278528213501,0,0.0286735527843121,1.15333715419442,1.59460231087911
1987,2,22,0.0131063219159842,0,0.02864444694751,1.68050257731758,1.36680198075352
1987,2,23,0.260238498449326,0,0.131820979802797,-2.8421709430404e-14,1.18456171665305
1987,2,24,0.0154716670513153,0,0.151588039108901,0,1.0273794888664
1987,2,25,0.00624375324696302,0,0.011529289677128,0,0.892977294092299
1987,2,26,3.88377785682678,0,1.8881942766111,0,0.814386180198972
1987,2,27,9.77271747589111,0,6.70168916039256,0,0.921452335357998
1987,2,28,29.5497913360596,-5.6843418860808e-14,19.6609731418139,8.5265128291212e-14,2.85889414307611
1987,3,1,9.11560726165771,-8.5265128291212e-14,19.6051096261126,-2.8421709430404e-14,7.80216130680134
1987,3,2,0.00234539830125868,0,4.56588484612257,5.6843418860808e-14,4.31681625587987
1987,3,3,2.40141271206085e-05,0,0.00124485920241568,0,2.83611411006355
1987,3,4,1.53598975884961e-05,0,1.97863646462793e-05,0,2.08437302064912
1987,3,5,2.09821223506879e-07,0,8.77333513926715e-06,0,1.6515523934105
1987,3,6,0.00113494740799069,2.8421709430404e-14,0.000508829183672788,0,1.38958201376608
1987,3,7,0.000110206696263049,-2.8421709430404e-14,0.000753787739085965,0,1.19595173315933
1987,3,8,2.18252680497244e-05,0,6.98989424563479e-05,0,1.04902052022833
1987,3,9,0.124596558511257,0,0.0601496812432742,0,0.933981353514905
1987,3,10,0.0011142308358103,0,0.0732029960636282,0,0.825776196705251
1987,3,11,0.000267193216132,0,0.000603536820563022,0,0.730100058052505
1987,3,12,6.76807030686177e-05,0,0.00015003580301709,0,0.65036994250855
1987,3,13,0.000135435911943205,0,9.24338091863319e-05,0,0.592280858326525
1987,3,14,0.000504742958582938,0,0.000303868826449616,0,0.547859793952036
1987,3,15,0.0431038625538349,0,0.028022842712744,0,0.515967747734454
1987,3,16,0.00975863821804523,0,0.0280839733823086,0,0.490909711420639
1987,3,17,27.0530242919922,2.8421709430404e-14,10.2489138561741,5.6843418860808e-14,0.620755899592223
1987,3,18,28.662935256958,-4.2632564145606e-13,27.8573691110923,-8.5265128291212e-14,12.6429183219701
1987,3,19,0.50684928894043,-2.55795384873636e-13,14.8245863358607,-2.8421709430404e-13,5.55832805506431
1987,3,20,5.76398178964155e-06,-2.8421709430404e-14,0.266126091679325,0,3.29171477031473
1987,3,21,0.00259388377889991,2.8421709430404e-14,0.00116804599747411,0,2.38051344981238
1987,3,22,0.289594978094101,0,0.127802127371979,0,1.87935272353609
1987,3,23,4.33084297180176,0,1.86719707764496,0,1.60599232738539
1987,3,24,20.9384670257568,1.13686837721616e-13,12.0573516128206,0,6.10504884736572
1987,3,25,0.223973289132118,-1.13686837721616e-13,10.5876541006855,-1.13686837721616e-13,4.53322656949917
1987,3,26,0.559107482433319,0,0.390239900756569,2.8421709430404e-14,2.9727943081389
1987,3,27,0.229448154568672,2.8421709430404e-14,0.431692025071243,-2.8421709430404e-14,2.26661328474959
1987,3,28,0.129176363348961,-2.8421709430404e-14,0.186319998718318,0,1.83379265751097
1987,3,29,4.34104490280151,0,1.8774285108484,0,1.56043226136027
1987,3,30,2.10907626152039,0,3.22952411457118,0,1.3781919972598
1987,3,31,0.0719438269734383,0,1.10167408380585,0,1.20734174966561
1987,4,1,0.0114174829795957,0,0.0410072607191978,0,1.07180055324088
1987,4,2,1.91183841228485,0,0.890563746927001,0,0.970429406334999
1987,4,3,0.00679871859028935,0,1.03626235144475,0,0.87589226933288
1987,4,4,8.96443380042911e-05,0,0.00376107398187742,0,0.78818914223453
1987,4,5,2.95451081910869e-05,0,5.08776411152212e-05,0,0.71643203824497
1987,4,6,0.0218914207071066,0,0.0102666545117245,0,0.664037962316085
1987,4,7,0.00773287750780582,0,0.016926803291426,0,0.624172904544107
1987,4,8,0.000389106164220721,0,0.00423158505327592,0,0.591141856675897
1987,4,9,1.36004828164005e-05,0,0.000261684301221976,0,0.555832805506431
1987,4,10,0.207198888063431,0,0.0947147854294599,0,0.525079760939477
1987,4,11,0.558804512023926,0,0.43984418934815,0,0.50116072627629
1987,4,12,0.824317932128906,-2.8421709430404e-14,0.68567893116051,0,0.47951969491436
1987,4,13,3.63980650901794,2.8421709430404e-14,1.82718521538845,0,0.469268680058708
1987,4,14,14.4301052093506,2.8421709430404e-14,9.0347854580159,0,0.536469777445756
1987,4,15,4.33146381378174,-2.8421709430404e-14,9.41264722730375,0,0.741490074558784
1987,4,16,0.153740793466568,0,2.38571135933489,0,0.732378061353761
1987,4,17,0.0175777170807123,0,0.0985207060130051,0,0.687956996979271
1987,4,18,0.00908527337014675,0,0.0133807029324089,0,0.640118927652898
1987,4,19,0.00104103598278016,-2.8421709430404e-14,0.00527633831916319,0,0.604809876483432
1987,4,20,0.00208696443587542,2.8421709430404e-14,0.00149448018964904,0,0.567222822012711
1987,4,21,0.0121286893263459,0,0.00705610104887455,0,0.529635767541989
1987,4,22,0.0377811715006828,0,0.0240535500652186,0,0.495465718023151
1987,4,23,0.0107186855748296,0,0.0265539719093795,0,0.470407681709336
1987,4,24,0.000570485542993993,0,0.00476365066788276,0,0.447627648696778
1987,4,25,7.91091079008766e-05,0,0.00033466863897047,0,0.425986617334847
1987,4,26,0.00422789622098207,0,0.00270733705110615,0,0.404345585972916
1987,4,27,0.057259626686573,0,0.0273947962741659,0,0.381565552960357
1987,4,28,0.00295907654799521,0,0.0218861835146527,0,0.355368514995915
1987,4,29,0.00257919961586595,0,0.00279007226890826,0,0.332588481983356
1987,4,30,0.0825970098376274,0,0.0549146276498504,0,0.314364455573309
1987,5,1,0.333722680807114,0,0.1952029076092,0,0.300696435765774
1987,5,2,0.102149605751038,0,0.182068449565122,0,0.282472409355727
1987,5,3,1.15997433662415,0,0.597015993904279,0,0.322337467127705
1987,5,4,5.29491281509399,0,3.0685871867754,0,0.316642458874565
1987,5,5,4.70919990539551,0,5.02127565418414,0,0.253997368090029
1987,5,6,3.40505838394165,0,4.15442014954351,-2.8421709430404e-14,0.238051344981238
1987,5,7,16.1451301574707,0,9.3615963224147,2.8421709430404e-14,0.220966320221819
1987,5,8,1.82697308063507,0,9.09178365453772,0,0.210715305366168
1987,5,9,0.000546173891052604,0,0.967871973471119,0,0.296140429163263
1987,5,10,0.0423500314354897,0,0.025508640706903,0,0.305252442368286
1987,5,11,0.230940982699394,0,0.114184991898583,0,0.267665387897564
1987,5,12,0.113877892494202,0,0.177046759976292,0,0.240329348282494
1987,5,13,2.78454327583313,0,1.39183493211203,0,0.219827318571191
1987,5,14,3.85370087623596,0,3.2481451609583,0,0.205020297113028
1987,5,15,0.933661282062531,0,2.92961963305061,0,0.190213275654865
1987,5,16,0.41920593380928,0,0.604442336554712,0,0.184518267401725
1987,5,17,7.95249128341675,0,3.22634003905296,0,0.178823259148585
1987,5,18,4.69557905197144,0,6.45592127362215,0,0.177684257497958
1987,5,19,0.00556516693904996,0,3.03420219932195,0,0.173128250895446
1987,5,20,0.398463279008865,0,0.233293998879162,0,0.16515523934105
1987,5,21,0.181867718696594,0,-0.152275706826913,0,0.159460231087911
1987,5,22,13.9352645874023,0,5.99054185611749,0,0.154904224485399
1987,5,23,2.5860276222229,0,6.40254618261315,0,0.151487219533515
1987,5,24,33.4892654418945,8.5265128291212e-14,19.8244539751813,1.13686837721616e-13,1.16178168364049
1987,5,25,14.9207906723022,5.6843418860808e-14,24.3554909367194,-8.5265128291212e-14,2.41468349933122
1987,5,26,3.63866829872131,0,9.28559534364649,0,1.86796270702981
1987,5,27,0.325217545032501,0,2.00595855417851,0,1.19595173315933
1987,5,28,16.310718536377,0,8.3160294301797,0,1.78823259148585
1987,5,29,13.2119951248169,0,14.7860487535363,0,1.54904224485399
1987,5,30,1.25346601009369,0,7.40165069675277,0,1.49209216232259
1987,5,31,0.360934942960739,0,0.824171738235236,0,1.17317170014677
1987,6,1,4.70423746109009,0,2.43688530204599,0,0.912340322152974
1987,6,2,0.189700305461884,0,2.45590631857885,0,0.760853102619459
1987,6,3,4.68343830108643,0,1.80870103675807,0,0.631006914447875
1987,6,4,0.52399867773056,-2.8421709430404e-14,2.61224284120908,0,0.526218762590105
1987,6,5,0.000196290391613729,2.8421709430404e-14,0.369059673221273,0,0.438515635491754
1987,6,6,0.000779490161221474,0,0.000404920312575996,0,0.362202524899683
1987,6,7,0.00349647342227399,0,0.00194165714310657,0,0.309808448970798
1987,6,8,0.00725191319361329,0,0.00579985209333245,0,0.26994339119882
1987,6,9,0.0018308226717636,0,0.00467235486030404,0,0.238051344981238
1987,6,10,2.24461460113525,0,0.971958181005903,0,0.211854307016796
1987,6,11,1.81468880176544,0,2.06645250637303,0,0.197047285558632
1987,6,12,1.60593712329865,0,1.68079003026105,0,0.192491278956121
1987,6,13,1.0076299905777,0,1.31444988996554,0,0.181101262449841
1987,6,14,0.0925330594182014,0,0.659168404950833,0,0.17085024759419
1987,6,15,2.00318193435669,0,1.15573111363847,0,0.16515523934105
1987,6,16,2.2501425743103,0,2.1425964907321,0,0.164016237690422
1987,6,17,6.80851745605469,0,4.37132509584444,0,0.157182227786655
1987,6,18,2.56216764450073,0,4.96450098983223,0,0.146931212931003
1987,6,19,4.7028341293335,0,3.60279713347154,0,0.144653209629747
1987,6,20,11.0878095626831,0,7.60833178704888,0,0.153765222834771
1987,6,21,2.86971569061279,0,6.99110768872015,0,0.159460231087911
1987,6,22,7.97539329528809,0,5.39970272790379,-2.8421709430404e-14,0.157182227786655
1987,6,23,6.05717420578003,0,7.02392441944357,2.8421709430404e-14,0.150348217882887
1987,6,24,11.3273401260376,0,8.55202483316862,0,0.14351420797912
1987,6,25,0.898445665836334,0,6.65995488973204,0,0.135541196424724
1987,6,26,1.81665325164795,0,1.31812704554795,0,0.126429183219701
1987,6,27,0.216241791844368,0,1.03978659176391,0,0.117317170014677
1987,6,28,0.271982043981552,0,0.247404309959165,0,0.111622161761537
1987,6,29,0.0620527192950249,0,0.158225431454412,0,0.10478815185777
1987,6,30,1.4891871213913,0,0.766464413893118,0,0.100232145255258
1987,7,1,9.43445682525635,0,5.13959763974162,0,0.0968151403033743
1987,7,2,0.919602692127228,0,5.27162148493699,0,0.0933981353514905
1987,7,3,1.89378178119659,0,1.47166310836838,0,0.0911201320502346
1987,7,4,3.61359596252441,0,2.58138039551341,0,0.0865641254477229
1987,7,5,4.74241161346436,0,4.33165691760769,0,0.084286122146467
1987,7,6,0.431205749511719,0,2.6086885701061,-2.8421709430404e-14,0.0820081188452112
1987,7,7,0.0636186972260475,0,0.211271295802362,2.8421709430404e-14,0.0785911138933274
1987,7,8,0.0455660223960877,0,0.0554735344685469,0,0.0774521122426994
1987,7,9,0.0510734096169472,2.8421709430404e-14,0.0477421677169332,0,0.0751741089414436
1987,7,10,0.49944469332695,-2.8421709430404e-14,0.316224455877091,0,0.0728961056401877
1987,7,11,0.00148863112553954,0,0.260186463161517,0,0.0706181023389318
1987,7,12,0.542807519435883,0,0.342786129136584,0,0.067201097387048
1987,7,13,11.845025062561,-2.8421709430404e-14,5.68657910053844,0,0.0649230940857922
1987,7,14,0.216005027294159,2.8421709430404e-14,6.11314350487373,0,0.0615060891339084
1987,7,15,8.96390156412963e-06,0,0.12370749296133,0,0.0603670874832804
1987,7,16,0.011192767880857,0,0.00547956903938029,0,0.0569500825313966
1987,7,17,0.185644716024399,0,0.0826473820834508,0,0.0546720792301408
1987,7,18,6.1806697845459,0,2.79978253197442,0,0.0535330775795128
1987,7,19,0.151073381304741,0,3.337377063237,0,0.051255074278257
1987,7,20,0.0225460678339005,0,0.101872753031785,0,0.0478380693263732
1987,7,21,0.00235271593555808,0,0.0116966745190439,0,0.0455600660251173
1987,7,22,0.130343407392502,0,0.0471105728574912,0,0.0421430610732335
1987,7,23,0.183939039707184,0,0.156267678994482,0,0.0398650577719777
1987,7,24,10.9999475479126,0,5.06592572048612,0,0.0387260561213497
1987,7,25,7.52086400985718,0,9.58807192702079,0,0.0387260561213497
1987,7,26,7.21700429916382,0,7.33174929026063,0,0.0375870544707218
1987,7,27,0.550307273864746,0,4.38909109787346,0,0.0432820627238614
1987,7,28,2.44535803794861,0,1.43857565794133,0,0.0478380693263732
1987,7,29,0.293618768453598,0,1.54878812168499,0,0.0478380693263732
1987,7,30,0.399970084428787,0,0.321768401503505,0,0.050116072627629
1987,7,31,0.67026823759079,0,0.550268445274924,0,0.0489770709770011
1987,8,1,1.22854685783386,0,0.905827425123789,0,0.0478380693263732
1987,8,2,0.139790132641792,0,0.561285103274713,0,0.0466990676757452
1987,8,3,0.0103203346952796,0,0.103043840425016,0,0.0444210643744894
1987,8,4,0.123380310833454,0,0.0806202460189525,0,0.0444210643744894
1987,8,5,4.05902576446533,0,2.27842896867514,0,0.0444210643744894
1987,8,6,0.000391901034163311,0,1.85042072831493,0,0.0432820627238614
1987,8,7,0.0226955804973841,0,0.00847603634974803,0,0.0410040594226056
1987,8,8,0.40140488743782,0,0.160722591977901,0,0.0375870544707218
1987,8,9,0.0587615557014942,0,0.290132663205441,0,0.0364480528200938
1987,8,10,4.08592987060547,0,1.50674795464147,0,0.0421430610732335
1987,8,11,7.21698188781738,0,5.35820847037394,0,0.0375870544707218
1987,8,12,1.70545792579651,0,5.28240584013474,0,0.034170049518838
1987,8,13,3.38062787055969,0,2.19370641317437,0,0.034170049518838
1987,8,14,1.65141189098358,0,2.74848054879294,0,0.034170049518838
1987,8,15,1.04970765113831,0,1.35681465407288,0,0.0330310478682101
1987,8,16,0.175712272524834,0,0.68344974397769,0,0.034170049518838
1987,8,17,5.72056913375855,0,2.34791582409162,0,0.0318920462175821
1987,8,18,4.0054087638855,0,5.218909647685,0,0.0296140429163263
1987,8,19,10.7012348175049,0,6.60720970394141,0,0.0307530445669542
1987,8,20,17.6985454559326,0,14.0560445408228,0,0.0330310478682101
1987,8,21,0.0826740264892578,0,9.02992606432963,0,0.034170049518838
1987,8,22,0.0845598205924034,0,0.08352654729606,0,0.0353090511694659
1987,8,23,0.0463264286518097,0,0.0637597061722772,0,0.0364480528200938
1987,8,24,1.77563846111298,2.8421709430404e-14,1.0440608077588,2.8421709430404e-14,0.0364480528200938
1987,8,25,0.000984700513072312,-2.8421709430404e-14,0.748734136310304,-2.8421709430404e-14,0.034170049518838
1987,8,26,0.147272169589996,0,0.0654997118508618,0,0.0330310478682101
1987,8,27,16.5139770507813,0,7.26605706321061,0,0.034170049518838
1987,8,28,14.0501308441162,0,15.2839454186778,0,0.034170049518838
1987,8,29,0.114048272371292,0,7.13275403085027,0,0.0364480528200938
1987,8,30,0.000896374287549406,0,0.0551852279440936,0,0.0387260561213497
1987,8,31,0.340451449155808,0,0.209113524197164,0,0.0410040594226056
1987,9,1,0.510948896408081,0,0.438475402348558,0,0.0410040594226056
1987,9,2,1.71542537212372,0,1.03674951648645,0,0.0410040594226056
1987,9,3,2.65470880549401e-05,0,1.04780075153394,0,0.0398650577719777
1987,9,4,0.0015084344195202,0,0.000893279457159224,0,0.0375870544707218
1987,9,5,0.0119618922472,0,0.00648626807378605,0,0.0353090511694659
1987,9,6,0.00117591139860451,0,0.00518151104006392,0,0.0330310478682101
1987,9,7,0.0780457183718681,0,0.0387597119697602,0,0.0318920462175821
1987,9,8,1.47504448890686,0,0.95252486710524,0,0.0296140429163263
1987,9,9,0.527796268463135,0,1.04211968255004,0,0.0284750412656983
1987,9,10,4.19965744018555,0,1.77261228819407,0,0.0307530445669542
1987,9,11,3.71124148368835,0,3.978714043531,0,0.0307530445669542
1987,9,12,1.76509082317352,0,2.94087475998094,0,0.0318920462175821
1987,9,13,11.0939273834229,0,6.2122935615389,0,0.0330310478682101
1987,9,14,0.0731693282723427,-2.8421709430404e-14,5.81985131378315,0,0.0410040594226056
1987,9,15,21.7729988098145,2.8421709430404e-14,10.7142518628498,0,0.0945371370021184
1987,9,16,28.4750728607178,0,25.1230767224715,0,0.0831471204958391
1987,9,17,0.100478515028954,2.8421709430404e-14,14.2941088815514,0,0.0649230940857922
1987,9,18,0.274211585521698,-2.8421709430404e-14,0.180949296733161,2.8421709430404e-14,0.0580890841820246
1987,9,19,4.11893224716187,0,2.31947706796564,-2.8421709430404e-14,0.0580890841820246
1987,9,20,0.0193576719611883,0,2.22497922785988,0,0.0592280858326525
1987,9,21,0.0325509235262871,0,0.027045536762671,0,0.0603670874832804
1987,9,22,0.574722290039063,0,0.240867542148408,0,0.0592280858326525
1987,9,23,1.38307186716702e-05,0,0.266243251589913,0,0.0569500825313966
1987,9,24,8.50336073199287e-06,0,1.140354652307e-05,0,0.0558110808807687
1987,9,25,0.000961836834903806,0,0.000398254720494151,0,0.0546720792301408
1987,9,26,0.000135860027512535,0,0.000484720098029356,0,0.0523940759288849
1987,9,27,0.000165077726705931,0,0.000149094992593746,0,0.050116072627629
1987,9,28,0.671990752220154,0,0.403091734784539,0,0.0478380693263732
1987,9,29,15.9243793487549,0,8.08777473648479,0,0.0455600660251173
1987,9,30,0.000118923402624205,0,7.9742468137265,0,0.0398650577719777
1987,10,1,1.79181224666536e-05,0,7.70147762523266e-05,0,0.0375870544707218
1987,10,2,3.11577095999382e-05,0,2.39974633586826e-05,0,0.0364480528200938
1987,10,3,4.59464317827951e-05,0,3.68731452908833e-05,0,0.0353090511694659
1987,10,4,5.47150648344541e-07,0,1.97714689420536e-05,0,0.0330310478682101
1987,10,5,0,-2.8421709430404e-14,2.91782271233387e-07,0,0.0318920462175821
1987,10,6,5.79786355956458e-05,2.8421709430404e-14,3.5903856769437e-05,0,0.0296140429163263
1987,10,7,0.00010700191342039,0,8.12092821433907e-05,0,0.0273360396150704
1987,10,8,0.000359350582584739,0,0.000261063356447266,0,0.0273360396150704
1987,10,9,0.187726080417633,0,0.0851779355471081,0,0.0273360396150704
1987,10,10,0.0836602300405502,0,0.127011027758272,0,0.0261970379644425
1987,10,11,1.4504896402359,0,0.66234982777496,0,0.0250580363138145
1987,10,12,0.660834431648254,0,0.999336161525207,0,0.0250580363138145
1987,10,13,0.000187330078915693,0,0.374829432163097,0,0.0239190346631866
1987,10,14,0.000201360671781003,0,0.000196561562916031,0,0.0239190346631866
1987,10,15,9.44028361118399e-05,0,0.000145553110996843,0,0.0239190346631866
1987,10,16,0.0188662372529507,0,0.00745479431316198,0,0.0239190346631866
1987,10,17,4.86378622055054,0,2.30078359417348,0,0.0250580363138145
1987,10,18,0.0309702586382628,0,2.96522374011329,0,0.0239190346631866
1987,10,19,16.3865146636963,0,6.10875378344827,0,0.0318920462175821
1987,10,20,23.4158802032471,0,19.8948931480008,8.5265128291212e-14,0.0387260561213497
1987,10,21,0.0151748321950436,-5.6843418860808e-14,11.7164219839287,-2.8421709430404e-14,0.0364480528200938
1987,10,22,0.00515543250367045,0,0.0107455044162634,2.8421709430404e-14,0.0387260561213497
1987,10,23,0.344262957572937,0,0.188419180070923,0,0.0410040594226056
1987,10,24,4.77017259597778,0,2.28015431947642,0,0.0432820627238614
1987,10,25,12.5989046096802,0,8.68153847242502,0,0.0466990676757452
1987,10,26,20.8372554779053,0,16.7179875649836,0,0.0603670874832804
1987,10,27,0.47383838891983,0,10.6955623675003,0,0.0603670874832804
1987,10,28,3.36680095642805e-05,0,0.284230156845297,-2.8421709430404e-14,0.0626450907845363
1987,10,29,0.0182152427732945,0,0.0080152070204349,2.8421709430404e-14,0.0740351072908156
1987,10,30,9.93002176983282e-05,0,0.00975420450231468,0,0.0877031270983508
1987,10,31,0.0136560518294573,0,0.00649032709407038,0,0.0877031270983508
1987,11,1,0.0107371909543872,0,0.0119713310396037,0,0.0831471204958391
1987,11,2,0.000100844350527041,0,0.00560925412719371,0,0.0774521122426994
1987,11,3,7.79238471295685e-05,0,8.88304057298228e-05,0,0.0740351072908156
1987,11,4,3.60130070475861e-05,0,5.83839082537452e-05,0,0.0728961056401877
1987,11,5,0.000180693707079627,0,0.000141580378112849,0,0.0706181023389318
1987,11,6,0.000372492766473442,0,0.000301990141451824,0,0.0694791006883039
1987,11,7,0.00908164773136377,0,0.00640990877582226,0,0.068340099037676
1987,11,8,1.44648218154907,-2.8421709430404e-14,0.626680863697402,-2.8421709430404e-14,0.068340099037676
1987,11,9,15.0432586669922,2.8421709430404e-14,8.15712320060447,2.8421709430404e-14,0.0706181023389318
1987,11,10,5.20959901809692,5.6843418860808e-14,10.128909772402,0,0.0660620957364201
1987,11,11,0.000349547801306471,-5.6843418860808e-14,2.71915015022205,0,0.0649230940857922
1987,11,12,0.0280028395354748,0,0.0127975316336233,0,0.067201097387048
1987,11,13,6.80701195960864e-05,0,0.0135691421037336,0,0.0694791006883039
1987,11,14,0.000922915467526764,0,0.000464372193164309,0,0.0706181023389318
1987,11,15,2.35775327682495,0,0.966054278709635,0,0.0763131105920715
1987,11,16,63.9701461791992,0,32.2929532735197,-5.6843418860808e-14,0.285889414307611
1987,11,17,5.32709741592407,0,34.6587929323068,-1.70530256582424e-13,0.765409109221971
1987,11,18,0.00505490554496646,0,2.6672006930221,0,0.971568407985627
1987,11,19,0.700106978416443,0,0.336504694705582,0,0.916896328755486
1987,11,20,5.61098968319129e-05,0,0.408219463100977,0,0.662898960665457
1987,11,21,0.0113990027457476,0,0.00405331014735566,0,0.514828746083826
1987,11,22,0.234876498579979,0,0.116441212416248,0,0.420291609081707
1987,11,23,0.596940755844116,0,0.410223818118538,0,0.353090511694659
1987,11,24,0.391827464103699,0,0.496701176525676,0,0.296140429163263
1987,11,25,33.1722450256348,2.8421709430404e-14,13.3556700845129,1.13686837721616e-13,0.861085247874717
1987,11,26,2.67518734931946,-8.5265128291212e-14,17.9438344322316,-1.13686837721616e-13,2.3691234333061
1987,11,27,1.4454562664032,0,2.06808615270529,0,1.73128250895446
1987,11,28,2.34749269485474,0,1.85254268334757,0,1.23012178267817
1987,11,29,0.160703241825104,0,1.25947988709959,0,0.967012401383115
1987,11,30,0.0025538089685142,0,0.0916066811114433,0,0.797301155439553
1987,12,1,0.000442727498011664,0,0.00138278704434924,0,0.656064950761689
1987,12,2,0.000367764849215746,0,0.000398009049604298,0,0.555832805506431
1987,12,3,0.002027289243415,0,0.00116939168037788,0,0.476102689962476
1987,12,4,2.67987688857829e-05,0,0.00104192231992783,0,0.400928581021032
1987,12,5,0.000426132464781404,0,0.000220538358917111,0,0.359924521598427
1987,12,6,0.355945736169815,2.8421709430404e-14,0.160638771891172,2.8421709430404e-14,0.318920462175821
1987,12,7,18.0429077148438,8.5265128291212e-14,9.16269089172238,1.70530256582424e-13,0.325754472079589
1987,12,8,0.560927629470825,-1.13686837721616e-13,9.32244582101885,-5.6843418860808e-14,0.372453539755334
1987,12,9,0.000548634852748364,0,0.284276227888768,0,0.513689744433198
1987,12,10,1.61240241141059e-05,0,0.000396180636016652,0,0.536469777445756
1987,12,11,0,0,1.00539291452151e-05,0,0.495465718023151
1987,12,12,3.37338533427101e-05,0,1.3398812370724e-05,0,0.441932640443638
1987,12,13,0.436038255691528,0,0.196920237438462,0,0.398650577719776
1987,12,14,19.8405456542969,0,8.86584333302744,0,0.593419859977153
1987,12,15,22.3286590576172,2.97089251676579,18.0356454852663,8.5265128291212e-14,5.66083820362083
1987,12,16,0.144799202680588,3.21326642854399,8.05377829297504,0,3.63341526550311
1987,12,17,0.264541029930115,0.066768946619078,0.142740810617397,0,2.24383325173703
1987,12,18,0.709790766239166,0.0352465137242746,0.430053355419659,0,1.67433242642306
1987,12,19,16.4860877990723,-2.8421709430404e-14,8.12940284011711,1.71640777753638,2.24383325173703
1987,12,20,24.9699172973633,0,20.6957498111078,4.12201402148162,14.6931212931003
1987,12,21,2.21364808082581,0,13.661178719005,0.61510860242862,6.02531873182176
1987,12,22,0.00116104341577739,0,1.11631822789604,2.8421709430404e-14,3.49673506742775
1987,12,23,0.0358042828738689,0,-0.0471450893928704,0,2.56275371391285
1987,12,24,3.40154385566711,0,1.49068531332341,0,2.27800330125587
1987,12,25,35.6524925231934,-2.8421709430404e-14,18.7355291996373,-2.27373675443232e-13,14.6931212931003
1987,12,26,51.6163940429688,-2.8421709430404e-14,42.9961413171804,-1.4210854715202e-13,34.5117500140264
1987,12,27,17.8494205474854,2.8421709430404e-14,36.0843806529265,0,17.1989249244818
1987,12,28,1.11591851711273,0.113630566807444,9.61263109273386,-5.6843418860808e-14,13.0985189822212
1987,12,29,0.00918896030634642,0.117416293599007,0.446925818827367,0.0474614174047474,6.66315965617341
1987,12,30,0.0380890928208828,0,0.0225604434544948,0.0511694068430302,4.41932640443638
1987,12,31,0.493843734264374,0,0.264549102110323,0.00103109352531305,3.46256501790892
1988,1,1,0.0337170250713825,0.00610540920791891,0.264271151914727,0,2.79055404403844
1988,1,2,0.000962677062489092,0.00662342494442214,0.010768447738883,0,2.33495338378726
1988,1,3,0.129687011241913,0.0157334006898395,0.049547061758858,0,2.05020297113028
1988,1,4,0.106300443410873,0.0308564564255676,0.08705397947233,0,1.81101262449841
1988,1,5,0.0914031863212585,0.0609967916887797,0.0378885481968609,0,1.53765222834771
1988,1,6,5.25766086578369,2.65337425593862,-1.81898940354586e-12,0,1.35541196424724
1988,1,7,14.3001461029053,9.71632702718313,0,0,1.25290181569073
1988,1,8,0.012818593531847,8.20355444164056,0,0,1.12988963742291
1988,1,9,0.0714068487286568,0.0403566908732387,0,0,1.02054547896263
1988,1,10,0.00863215234130621,0.0406644195660988,0,0,0.912340322152974
1988,1,11,0.00437296368181705,0.00693058760924714,0.000142156979563879,0,0.847417228067182
1988,1,12,0.0319629423320293,0.00212046271713007,0.0151604121801938,0.672642456921381,0.799579158740809
1988,1,13,0.000239869623328559,6.48762882349274e-05,0.0162816206102434,0.729976759540932,0.850834233019066
1988,1,14,0.00093413598369807,0.000354860622678643,0.000185729428267223,0,0.940815363418673
1988,1,15,0.00132297456730157,0.000338788629392184,0.000780512082201312,0.260785499818496,0.890699290791043
1988,1,16,0.147040262818336,0,0.0714991833065142,1.78868973474457,0.857668242922834
1988,1,17,10.8273992538452,0,5.42081799854532,5.06327012462893,1.54904224485399
1988,1,18,0.711822330951691,-2.8421709430404e-14,5.79048466931454,5.99182218438114,2.95001427512635
1988,1,19,8.05815124511719,2.8421709430404e-14,4.04102952125504,6.34084281523866,3.37144488585868
1988,1,20,0.0901286005973816,0,4.31645166986164,-2.8421709430404e-14,3.72453539755334
1988,1,21,0.00864602718502283,0,0.0496228020783747,5.6843418860808e-14,2.88167417608867
1988,1,22,5.98288988840068e-06,5.66976922300455e-07,0.00434194993431447,-2.8421709430404e-14,2.34634340029354
1988,1,23,0.000242293055634946,5.69309833053922e-07,0.000123535961392918,0,2.02742293811772
1988,1,24,0.0260195434093475,0,0.00857239065226167,0,1.78823259148585
1988,1,25,0.0101499697193503,0.00210136998859412,0.0161656979471445,0,1.52626221184143
1988,1,26,0.0683275461196899,0.0278051281815692,0.0113816533848876,0,1.3212419147284
1988,1,27,6.41152437310666e-05,0.0257344025261546,0.00851188843807904,2.8421709430404e-14,1.16178168364049
1988,1,28,1.6888332538656e-05,0,4.0523222196498e-05,0.0816804020010977,1.03876950537267
1988,1,29,0.0135661326348782,0,0.00668837669218192,0,0.972707409636255
1988,1,30,0.127906009554863,0,0.0681107897853508,0,0.910062318851718
1988,1,31,1.33801937103271,0,0.731610168504631,2.8421709430404e-14,0.879309274284764
1988,2,1,0.883256256580353,0,1.11911643668645,-2.8421709430404e-14,0.84286122146467
1988,2,2,8.56683731079102,0,4.65836022316216,0,0.807552170295204
1988,2,3,5.2142972946167,0,6.96199395318035,0,0.845139224765926
1988,2,4,2.1800262928009,0,3.79933547621295,0,0.922591337008626
1988,2,5,1.49561023712158,0.585773755799835,1.29742915660245,0,0.984097426142534
1988,2,6,0.00449802726507187,0.688613890664044,0.0736528935358365,0,0.930564348563021
1988,2,7,0.00302894413471222,0.00378764431161471,0,0,0.869058259429113
1988,2,8,0.00134826463181525,0.00169548656901952,0.000498311523188022,0,0.841722219814042
1988,2,9,0.000238532418734394,0.000174144346090088,0.000623823987552896,1.03683928277641,0.823498193403995
1988,2,10,0.123350188136101,0,0.0660698459305422,0.295456675237972,0.801857162042065
1988,2,11,3.59088850021362,1.78156505069393,0.0753497986643197,0,0.78249413398139
1988,2,12,0.0227084457874298,1.87837786817431,0.0143272273526236,0,0.75515809436632
1988,2,13,0.000481728522572666,0.0122492238871814,0.000221878042793833,0.292579377963875,0.71643203824497
1988,2,14,0.140284419059753,-2.8421709430404e-14,0.0689641063800082,3.41167847437453,0.701625016786807
1988,2,15,0.00274967635050416,0,0.0734501430761156,0,0.68340099037676
1988,2,16,0.000263684312812984,0,0.00163151229389769,0,0.656064950761689
1988,2,17,0.498762428760529,0,0.222611489843985,-2.8421709430404e-14,0.615060891339084
1988,2,18,12.8292360305786,-5.6843418860808e-14,5.40336949547236,-2.8421709430404e-14,0.652647945809806
1988,2,19,18.8695755004883,8.5265128291212e-14,15.7174914231564,-2.8421709430404e-14,2.35773341679982
1988,2,20,0.0723749473690987,-2.27373675443232e-13,10.1644195552653,-5.6843418860808e-14,3.25754472079589
1988,2,21,0.121190801262856,0,0.0958220914435515,0,2.56275371391285
1988,2,22,3.42543959617615,0,1.18664904869911,-2.8421709430404e-14,2.16410313619307
1988,2,23,1.11431741714478,0,2.28286260407549,2.8421709430404e-14,1.87935272353609
1988,2,24,4.03502926928923e-05,0,0.563285407142757,0,1.57182227786655
1988,2,25,9.63104539550841e-05,0,6.36740569461836e-05,0,1.35541196424724
1988,2,26,6.37757912045345e-05,0,8.4249481005827e-05,0,1.21873176617189
1988,2,27,8.85974150151014e-05,0,7.51567895349581e-05,0,1.12419462916977
1988,2,28,8.59464416862465e-05,0,8.74579145602183e-05,0,1.03193549546891
1988,2,29,5.32917911186814e-05,0,7.40809555281885e-05,0,0.94764937332244
1988,3,1,0.0246515683829784,0,0.0119093238045025,0,0.870197261079741
1988,3,2,26.0141048431397,-2.8421709430404e-14,9.42446774830387,8.5265128291212e-14,1.19595173315933
1988,3,3,32.1751289367676,-2.8421709430404e-14,29.0905155054643,2.27373675443232e-13,17.4267252546074
1988,3,4,0.582404494285584,-5.6843418860808e-14,17.9989319353062,-2.55795384873636e-13,10.1029446410698
1988,3,5,0.00696748215705156,0,0.258979122178062,0,5.14828746083826
1988,3,6,0.249084830284119,0,0.116225918451164,0,3.71314538104706
1988,3,7,1.09849429130554,2.8421709430404e-14,0.590689694014145,0,3.00696435765774
1988,3,8,5.25584506988525,-2.8421709430404e-14,3.13624991474899,0,2.60831377993797
1988,3,9,1.12221491336823,0,3.21215198466416,0,2.39190346631866
1988,3,10,0.237850829958916,0,0.651493321065573,2.8421709430404e-14,2.16410313619307
1988,3,11,0.391818672418594,0,0.314391805930427,-2.8421709430404e-14,1.94769282257377
1988,3,12,8.96622562408447,0,4.65393335200861,0,1.97047285558632
1988,3,13,0.00138788169715554,0,4.48402192393587,0,1.83379265751097
1988,3,14,0.00167639867868274,0.000206486712301057,0.00132175683756941,0,1.59460231087911
1988,3,15,0.19769860804081,0.00205119695243639,0.0974765757764544,0,1.41236204677864
1988,3,16,0.166280046105385,0.0018505336369401,0.180214713371242,0.00566993244058267,1.26429183219701
1988,3,17,4.87223720550537,2.8421709430404e-14,2.37097032556994,2.8421709430404e-14,1.19595173315933
1988,3,18,20.6618423461914,2.8421709430404e-14,12.7667902986414,5.6843418860808e-14,1.27568184870328
1988,3,19,0.248951032757759,0,10.4629562753162,0.00216389554122998,1.42375206328492
1988,3,20,4.8252462875098e-05,0,0.126200876282383,0,2.22105321872447
1988,3,21,0,0,2.44705443037674e-05,0,2.79055404403844
1988,3,22,0.000886972760781646,0,0.000420888984081103,0,2.57414373041913
1988,3,23,0.0108372494578362,0,0.0048662038443581,0,2.22105321872447
1988,3,24,1.49500358104706,0,0.615439563438486,0,2.00464290510516
1988,3,25,12.4219532012939,0,6.90097507597966,0,2.77916402753216
1988,3,26,2.72096872322436e-06,0,6.22322792865271,0,3.07530445669542
1988,3,27,0.0119182355701923,0,0.00592525981119252,0,2.52858366439401
1988,3,28,0.0883144363760948,0,0.0436951986393979,0,2.22105321872447
1988,3,29,24.0016460418701,0,11.9285967563192,-1.4210854715202e-13,3.28032475380845
1988,3,30,22.7081031799316,-2.8421709430404e-13,23.3635257017413,-5.6843418860808e-14,8.55390239621578
1988,3,31,1.51429975032806,1.13686837721616e-13,12.1198569784774,0,4.7951969491436
1988,4,1,0.880453765392304,0,1.21821941782036,0,3.70175536454078
1988,4,2,35.7126655578613,0,18.1245519695221,-1.13686837721616e-13,14.6931212931003
1988,4,3,0.0104535995051265,-2.8421709430404e-14,17.8944048198046,-8.5265128291212e-14,8.40583218163415
1988,4,4,2.64442987827351e-05,0,0.00551283091954247,0,5.11411741131942
1988,4,5,0.932941913604736,0,0.454148778862873,0,3.81565552960357
1988,4,6,6.64064073562622,0,3.76694054738618,0,3.58785519947799
1988,4,7,3.5430563002592e-05,0,3.38405330069691,0,3.0866944732017
1988,4,8,5.05014213558752e-05,0,4.16615930589614e-05,0,2.63109381295053
1988,4,9,0.526916027069092,0,0.249282710026819,0,2.30078333426842
1988,4,10,0.781734645366669,0,0.628431361921685,0,2.05020297113028
1988,4,11,12.6131248474121,-3.41060513164848e-13,6.37243599368412,0,2.33495338378726
1988,4,12,2.22555446624756,-1.13686837721616e-13,7.41939035114774,5.6843418860808e-14,3.0866944732017
1988,4,13,0.000191555183846504,-2.8421709430404e-14,1.23381109498951,0,2.80194406054472
1988,4,14,0.00217574136331677,2.8421709430404e-14,0.000920844026040868,0,2.38051344981238
1988,4,15,0.238641828298569,0,0.118512652488789,0,2.12993308667423
1988,4,16,2.54909825325012,0,1.52472298069733,0,1.89074274004237
1988,4,17,2.30427122116089,2.8421709430404e-14,2.43894149302651,0,1.71989249244818
1988,4,18,25.0895824432373,-8.5265128291212e-14,10.8094793595992,1.13686837721616e-13,3.06391444018914
1988,4,19,0.583962976932526,0,12.9469498451053,-8.5265128291212e-14,3.48534505092147
1988,4,20,0.0209503266960382,0,0.33046209733584,0,2.7563839945196
1988,4,21,0.0101308943703771,0,0.0159253436941071,0,2.40329348282494
1988,4,22,0.00335954059846699,0,0.0070260397187667,0,2.10715305366168
1988,4,23,0.00220640189945698,0,0.0028259778246138,0,1.85657269052353
1988,4,24,0.000250671640969813,0,0.00132733358623227,0,1.58321229437283
1988,4,25,1.05121636390686,0,0.450570670300294,2.8421709430404e-14,1.35541196424724
1988,4,26,0.0154337417334318,0,0.626393958984409,-2.8421709430404e-14,1.21873176617189
1988,4,27,0.000249720236752182,0,0.00958759988498059,-2.8421709430404e-14,1.07066155159026
1988,4,28,4.23168239649385e-05,0,0.000124027412311989,2.8421709430404e-14,0.951066378274324
1988,4,29,0.00106752698775381,0,0.000500217051012442,0,0.863363251175973
1988,4,30,0.0114277172833681,0,0.0045654292589461,0,0.799579158740809
1988,5,1,4.13003035646398e-05,0,0.00609676828389638,0,0.734656064655017
1988,5,2,0.00700141489505768,0,0.00477915094415948,0,0.669732970569225
1988,5,3,2.76497411727905,0,1.27805129151966,0,0.619616897941595
1988,5,4,0.951255202293396,0,1.98060157218242,-2.8421709430404e-14,0.57861283851899
1988,5,5,0.0003033603716176,0,0.556547657597548,2.8421709430404e-14,0.517106749385081
1988,5,6,2.98335180559661e-06,0,0.00019650252397696,0,0.488631708119383
1988,5,7,0.00107259105425328,0,0.000595985653490061,0,0.456739661901801
1988,5,8,0.372343122959137,0,0.166111985461612,0,0.423708614033591
1988,5,9,2.09898352622986,0,1.39775921798901,0,0.406623589274172
1988,5,10,0.0181798320263624,0,1.09670549503426,2.8421709430404e-14,0.388399562864125
1988,5,11,0.0164943132549524,0,0.0171175722844055,-2.8421709430404e-14,0.354229513345287
1988,5,12,0.652551174163818,0,0.3339450950225,0,0.33600548693524
1988,5,13,2.56936478614807,2.8421709430404e-14,1.46324030530013,0,0.350812508393403
1988,5,14,0.00725334137678146,-2.8421709430404e-14,1.66609822816827,0,0.316642458874565
1988,5,15,0.0065349000506103,0,0.00686559026689793,0,0.271082392849448
1988,5,16,0.0589886270463467,0,0.0278621456363908,0,0.256275371391285
1988,5,17,6.86841231072322e-05,0,0.0282337596217985,0,0.23691234333061
1988,5,18,8.97502559382701e-06,0,2.85487021756126e-05,0,0.222105321872447
1988,5,19,0.0272690206766129,0,0.0114936634199694,0,0.208437302064912
1988,5,20,0.00119328661821783,0,0.0158923853450688,0,0.190213275654865
1988,5,21,2.52456831932068,0,1.12358279472573,0,0.181101262449841
1988,5,22,9.28579616546631,0,5.72115769963602,0,0.181101262449841
1988,5,23,33.4764099121094,-1.13686837721616e-13,21.367610186906,-1.98951966012828e-13,0.317781460525193
1988,5,24,8.8880786895752,5.6843418860808e-14,21.1996698979583,-2.8421709430404e-14,0.915757327104858
1988,5,25,0.00430239643901587,0,4.74084104258145,0,0.814386180198972
1988,5,26,3.15074748868938e-06,0,0.00253951671948016,0,0.585446848422757
1988,5,27,3.5164975997759e-05,0,1.80013303179294e-05,-2.8421709430404e-14,0.447627648696778
1988,5,28,4.19412193863877e-09,0,2.12138747883728e-05,2.8421709430404e-14,0.364480528200939
1988,5,29,0.0177744720131159,0,0.0104656040475675,0,0.30297443906703
1988,5,30,0.00295646931044757,0,0.0107390470639075,0,0.255136369740657
1988,5,31,0.00124366581439972,0,0.00188644540321548,0,0.222105321872447
1988,6,1,1.06519722938538,0,0.520762252843269,0,0.202742293811772
1988,6,2,4.08103609085083,0,2.408778985553,0,0.2038812954624
1988,6,3,4.92288446426392,0,4.44484045230092,0,0.189074274004237
1988,6,4,0.3622105717659,0,2.87803700177756,0,0.185657269052353
1988,6,5,0.000161880641826428,0,0.174943658752454,0,0.173128250895446
1988,6,6,4.37492417404428e-05,0,0.000108088166598463,0,0.157182227786655
1988,6,7,1.08159147202969e-05,0,3.11784351652022e-05,0,0.14351420797912
1988,6,8,0.0866828635334969,0,0.0459691501419002,0,0.135541196424724
1988,6,9,3.40324354171753,0,1.3453702962488,0,0.127568184870328
1988,6,10,0.000139294366817921,-2.8421709430404e-14,1.77901322130492,-2.8421709430404e-14,0.119595173315933
1988,6,11,5.63419588761605e-10,2.8421709430404e-14,4.89368303533411e-05,2.8421709430404e-14,0.113900165062793
1988,6,12,3.00027659250191e-05,0,1.24320013128454e-05,0,0.108205156809654
1988,6,13,6.62504971842282e-05,0,4.63172909803689e-05,0,0.101371146905886
1988,6,14,8.17798209027387e-05,0,7.49903374526184e-05,0,0.0990931436046302
1988,6,15,0.00903725903481245,0,0.0027119429596496,0,0.0979541419540022
1988,6,16,0.372791349887848,0,0.138127553058439,0,0.0945371370021184
1988,6,17,0.710181713104248,0,0.494538447124796,0,0.0922591337008626
1988,6,18,0.0782744213938713,0,0.514770706573472,0,0.0911201320502346
1988,6,19,0.00205242913216352,-2.8421709430404e-14,0.026492789549593,0,0.0888421287489788
1988,6,20,0.0014512314228341,2.8421709430404e-14,0.00171874339321221,0,0.0877031270983508
1988,6,21,0.000764026015531272,0,0.00117028521344764,0,0.084286122146467
1988,6,22,0.00143121532164514,-2.8421709430404e-14,0.0011921604636882,0,0.0808691171945832
1988,6,23,0.000823501090053469,2.8421709430404e-14,0.00118442663369933,0,0.0774521122426994
1988,6,24,0.330589652061462,0,0.146894872515986,0,0.0751741089414436
1988,6,25,0.00765588553622365,0,0.115657737920628,0,0.0717571039895598
1988,6,26,0.114996656775475,0,0.0341036830413941,0,0.068340099037676
1988,6,27,0.0433653369545937,0,0.097335192038372,0,0.0637840924351642
1988,6,28,0,0,-0.0910092836529657,0,0.0592280858326525
1988,6,29,2.44615602493286,0,-0.299950188729781,0,0.0592280858326525
1988,6,30,23.6949768066406,0,9.57844652848507,0,0.0603670874832804
1988,7,1,11.9713649749756,0,19.9773112235125,0,0.0558110808807687
1988,7,2,13.7538261413574,0,14.6686815189751,0,0.0546720792301408
1988,7,3,0.0194014105945826,0,4.72611430219149,0,0.0546720792301408
1988,7,4,3.96203255653381,0,2.53985303578338,0,0.0569500825313966
1988,7,5,3.40184926986694,0,3.83337071983078,0,0.068340099037676
1988,7,6,1.63578677177429,0,2.43983405839936,0,0.0808691171945832
1988,7,7,0.543446063995361,0,1.01198790774106,0,0.0820081188452112
1988,7,8,0.0992764383554459,0,0.279684474768146,0,0.0785911138933274
1988,7,9,0,0,0.0360452425229596,0,0.0763131105920715
1988,7,10,0.012220055796206,0,-1.18656131322678,0,0.0706181023389318
1988,7,11,9.61768531799316,0,3.24410823141261,0,0.0706181023389318
1988,7,12,31.6497402191162,-2.8421709430404e-14,23.3132004992021,0,0.0899811303996067
1988,7,13,6.75207328796387,2.8421709430404e-14,19.2010236237511,0,0.0808691171945832
1988,7,14,1.1888599395752,-2.8421709430404e-14,4.03251686783187,-2.8421709430404e-14,0.0877031270983508
1988,7,15,0.0142619535326958,0,0.680313679647952,2.8421709430404e-14,0.150348217882887
1988,7,16,1.5018196105957,0,0.705584310280756,0,0.158321229437283
1988,7,17,0.357323855161667,0,1.0075730873159,2.8421709430404e-14,0.13212419147284
1988,7,18,0.849370002746582,0,0.692303296946193,-2.8421709430404e-14,0.117317170014677
1988,7,19,28.8812236785889,0,14.8567904518604,0,0.120734174966561
1988,7,20,16.5795192718506,0,22.7303777223806,0,0.318920462175821
1988,7,21,0.580075025558472,0,8.63668915770359,0,0.937398358466789
1988,7,22,0.000438696559285745,0,0.290455138740072,0,0.562666815410199
1988,7,23,0.00173041049856693,0,0.00105167329274991,0,0.361063523249055
1988,7,24,0.245514154434204,0,0.110580761762321,0,0.258553374692541
1988,7,25,0.258973509073257,2.8421709430404e-14,0.250830368635434,0,0.19818628720926
1988,7,26,1.03008580207825,-2.8421709430404e-14,0.613268862040059,0,0.157182227786655
1988,7,27,2.27089381217957,0,1.49033800478719,0,0.129846188171584
1988,7,28,0.468604177236557,0,1.44785313197826,0,0.112761163412165
1988,7,29,5.23871994018555,-2.8421709430404e-14,2.48281654177845,-2.8421709430404e-14,0.0990931436046302
1988,7,30,2.87237286567688,2.8421709430404e-14,4.27657518239357,2.8421709430404e-14,0.0933981353514905
1988,7,31,0.132434740662575,0,1.44378569042601,0,0.0933981353514905
1988,8,1,0.325707346200943,0,0.244512834526176,0,0.0979541419540022
1988,8,2,4.00113868713379,0,1.83093896757782,2.8421709430404e-14,0.0968151403033743
1988,8,3,0.69597864151001,0,2.55869839713887,-2.8421709430404e-14,0.0899811303996067
1988,8,4,2.53084993362427,0,1.65670586266788,0,0.0831471204958391
1988,8,5,5.27556562423706,-2.8421709430404e-14,3.70968834860105,0,0.0774521122426994
1988,8,6,0.537890136241913,2.8421709430404e-14,3.54882147027638,0,0.0728961056401877
1988,8,7,1.2807914018631,0,0.956816972817251,0,0.0694791006883039
1988,8,8,0.459283918142319,0,0.898520840661149,0,0.0649230940857922
1988,8,9,0.103615455329418,0,0.238084934251674,0,0.0615060891339084
1988,8,10,0.138283148407936,0,0.120274695727858,0,0.0603670874832804
1988,8,11,0.497215121984482,0,0.362829836056335,0,0.0580890841820246
1988,8,12,0.269794076681137,0,0.363013542630142,0,0.0569500825313966
1988,8,13,1.25615632534027,0,0.735770883202349,0,0.0535330775795128
1988,8,14,0.938922643661499,0,1.13912199102924,0,0.0535330775795128
1988,8,15,0.193199425935745,0,0.570747587373262,0,0.0489770709770011
1988,8,16,0.0304959882050753,0,0.137184220451672,0,0.0466990676757452
1988,8,17,0.121473461389542,0,0.0709945958569733,0,0.0478380693263732
1988,8,18,8.39742374420166,0,3.91341965907304,0,0.101371146905886
1988,8,19,8.95232677459717,0,8.6988545266322,0,0.135541196424724
1988,8,20,2.65402626991272,0,5.99755714034291,0,0.067201097387048
1988,8,21,0.628267526626587,-2.8421709430404e-14,1.83714723982848,0,0.0580890841820246
1988,8,22,0.280914515256882,2.8421709430404e-14,0.490993022644034,0,0.0603670874832804
1988,8,23,2.13929653167725,0,1.09248952762391,0,0.0649230940857922
1988,8,24,4.47504615783691,0,3.15896705236628,0,0.0637840924351642
1988,8,25,0.224616050720215,0,2.70550162078871,0,0.0615060891339084
1988,8,26,0.0811232328414917,0,0.134284412824854,0,0.0592280858326525
1988,8,27,1.26171576976776,0,0.595444591674095,0,0.0592280858326525
1988,8,28,8.39954566955566,0,4.63311078222432,0,0.0603670874832804
1988,8,29,5.32623624801636,0,7.17901573399104,0,0.0580890841820246
1988,8,30,0.153857976198196,0,3.08603699313244,0,0.0546720792301408
1988,8,31,9.87649909802713e-05,0,0.0854543617824675,0,0.0523940759288849
1988,9,1,0.00333767361007631,0,0.00124367255375546,0,0.050116072627629
1988,9,2,6.17367506027222,0,2.58808076280729,0,0.0489770709770011
1988,9,3,24.1942348480225,0,11.4541275712982,0,0.0592280858326525
1988,9,4,1.85463786125183,0,13.0310711253715,0,0.051255074278257
1988,9,5,8.04399533080868e-05,0,1.06861752285658,0,0.0489770709770011
1988,9,6,6.04024462518282e-05,0,7.01452499924926e-05,0,0.0478380693263732
1988,9,7,2.35726583923679e-05,0,4.2954792661476e-05,0,0.0478380693263732
1988,9,8,0.000192727195098996,0,9.56433214014396e-05,0,0.0466990676757452
1988,9,9,0.000101026147603989,0,0.000137784816615749,0,0.0432820627238614
1988,9,10,0.0068164705298841,0,0.00325871093264141,0,0.0398650577719777
1988,9,11,0.646432042121887,0,0.257617654486239,0,0.0410040594226056
1988,9,12,3.17592668533325,-2.8421709430404e-14,2.27301641349914,0,0.0432820627238614
1988,9,13,0.0170304216444492,2.8421709430404e-14,1.80731287361778,0,0.0410040594226056
1988,9,14,0.290862292051315,0,0.138995735062053,0,0.0398650577719777
1988,9,15,1.49180483818054,2.8421709430404e-14,0.847820915751072,0,0.0398650577719777
1988,9,16,3.92802977561951,-2.8421709430404e-14,2.56627538722751,2.8421709430404e-14,0.0387260561213497
1988,9,17,0.415307611227036,0,2.55344632835295,-2.8421709430404e-14,0.0375870544707218
1988,9,18,1.62406384944916,0,1.13075348190432,0,0.0364480528200938
1988,9,19,8.21871376037598,0,4.53940883548785,2.8421709430404e-14,0.0364480528200938
1988,9,20,4.08673429489136,0,6.18058117013243,-2.8421709430404e-14,0.0364480528200938
1988,9,21,0.0099883247166872,0,2.13843855801497,0,0.0375870544707218
1988,9,22,0.000210155340027995,0,0.00653947985301784,0,0.0375870544707218
1988,9,23,2.84595727920532,0,1.34035443055109,0,0.0364480528200938
1988,9,24,35.1553230285645,0,18.9956024885105,0,0.0546720792301408
1988,9,25,0.242514982819557,0,17.727063891065,0,0.050116072627629
1988,9,26,1.52519392967224,0,0.925689111381871,0,0.0523940759288849
1988,9,27,5.90799891142524e-06,0,0.899688261959454,0,0.0546720792301408
1988,9,28,0.122667983174324,0,0.0464234700684756,0,0.0558110808807687
1988,9,29,0.822326004505158,-2.8421709430404e-14,0.530091192187683,-2.8421709430404e-14,0.0592280858326525
1988,9,30,8.86473274230957,2.8421709430404e-14,4.75757335548406,2.8421709430404e-14,0.0808691171945832
1988,10,1,29.1175689697266,0,18.9891295228372,0,0.0899811303996067
1988,10,2,1.16876220703125,0,15.3142011723994,0,0.0751741089414436
1988,10,3,0.0111428136005998,0,0.592286987890475,-2.8421709430404e-14,0.0728961056401877
1988,10,4,2.06626418730593e-06,0,0.00573526787229639,2.8421709430404e-14,0.0717571039895598
1988,10,5,0.0296353660523891,0,0.00902874451276148,0,0.068340099037676
1988,10,6,0.129068821668625,0,0.0738436331430421,0,0.0660620957364201
1988,10,7,1.01674091815948,0,0.647838568929728,0,0.0637840924351642
1988,10,8,0.0313697904348373,-2.8421709430404e-14,0.564306485392081,0,0.0615060891339084
1988,10,9,0.24608713388443,2.8421709430404e-14,0.162069390369652,0,0.0592280858326525
1988,10,10,0.00541295018047094,2.8421709430404e-14,0.133285623234769,0,0.0569500825313966
1988,10,11,1.29546660900814e-05,-2.8421709430404e-14,0.00212842656765133,0,0.0546720792301408
1988,10,12,8.57261911733076e-05,0,4.59544844488846e-05,0,0.0523940759288849
1988,10,13,4.4479079406301e-06,0,3.80312267225236e-05,0,0.051255074278257
1988,10,14,0.00012974301353097,0,5.83259825361893e-05,0,0.0489770709770011
1988,10,15,0.331805109977722,0,0.186703386607405,0,0.0455600660251173
1988,10,16,8.5868091583252,0,3.80101112101147,0,0.050116072627629
1988,10,17,1.90943288803101,0,5.35995706327594,0,0.0455600660251173
1988,10,18,0.306494623422623,0,1.11986220150357,0,0.0432820627238614
1988,10,19,2.25015759468079,0,1.54152018034074,0,0.0432820627238614
1988,10,20,0.371363967657089,0,1.48196566487786,0,0.0432820627238614
1988,10,21,0.629350244998932,0,0.53257137709079,0,0.0421430610732335
1988,10,22,0.014194224961102,0,0.301530014767195,0,0.0398650577719777
1988,10,23,10.6306352615356,0,4.78260406534355,0,0.0421430610732335
1988,10,24,2.28222036361694,2.8421709430404e-14,6.54214324966051,2.8421709430404e-14,0.0410040594226056
1988,10,25,6.1968901718501e-05,-2.8421709430404e-14,1.02028729166159,-2.8421709430404e-14,0.0421430610732335
1988,10,26,0.000593845790717751,0,0.000322760422932333,0,0.0410040594226056
1988,10,27,0.00671548116952181,0,0.00332855266060506,0,0.0398650577719777
1988,10,28,2.78977847099304,0,1.06455337147963,0,0.0398650577719777
1988,10,29,0.002821164438501,0,1.08601636184721,0,0.0387260561213497
1988,10,30,0.822452008724213,0,0.37508279022768,0,0.0375870544707218
1988,10,31,0.01709502376616,0,0.464491554774213,0,0.0364480528200938
1988,11,1,0.000167141435667872,0,0.00631632439944951,0,0.0364480528200938
1988,11,2,0.00110752566251904,0,0.000592009286265238,0,0.0364480528200938
1988,11,3,0.00240082619711757,0,0.00197025072884571,0,0.0364480528200938
1988,11,4,1.44756853580475,0,0.673547362477621,-2.8421709430404e-14,0.0387260561213497
1988,11,5,0.172879815101624,0,0.595518550524503,2.8421709430404e-14,0.0375870544707218
1988,11,6,0.00128102186135948,0,0.0919001631646097,0,0.0375870544707218
1988,11,7,0.00623446702957153,0,0.00460659345117165,0,0.0364480528200938
1988,11,8,0.000376290874555707,0,0.00346679053654952,0,0.0364480528200938
1988,11,9,0.816915333271027,0,0.45069924051495,0,0.0375870544707218
1988,11,10,5.11568021774292,0,2.37280161501985,0,0.0387260561213497
1988,11,11,2.34145665168762,2.8421709430404e-14,3.74822580040927,2.8421709430404e-14,0.0364480528200938
1988,11,12,19.5042819976807,-2.8421709430404e-14,10.7662932827388,-2.8421709430404e-14,0.051255074278257
1988,11,13,1.17095065116882,5.6843418860808e-14,10.3581068869426,-2.8421709430404e-14,0.0523940759288849
1988,11,14,0.0692805275321007,2.8421709430404e-14,0.728396509251979,2.8421709430404e-14,0.0546720792301408
1988,11,15,2.39785385131836,0,1.18316353944101,-2.8421709430404e-14,0.0603670874832804
1988,11,16,13.8042240142822,-8.5265128291212e-14,8.04838521166312,2.8421709430404e-14,0.0637840924351642
1988,11,17,0.027024682611227,2.8421709430404e-14,6.91976745887405,2.8421709430404e-14,0.0649230940857922
1988,11,18,10.2036924362183,2.8421709430404e-14,4.81509116062807,0,0.102510148556514
1988,11,19,47.998706817627,-8.5265128291212e-14,29.0721718258392,-1.70530256582424e-13,1.33263193123468
1988,11,20,43.3209991455078,4.2632564145606e-13,45.8136759122099,-2.8421709430404e-14,6.62898960665457
1988,11,21,2.57770276069641,-2.8421709430404e-14,24.5273172435627,-1.4210854715202e-13,3.09808448970798
1988,11,22,2.62198755081045e-05,0,1.32497188940943,0,1.42375206328492
1988,11,23,3.37061028403696e-05,0,2.98538889182964e-05,0,0.890699290791043
1988,11,24,0.000370881374692544,0,0.000153906359628309,0,0.645813935906038
1988,11,25,3.29368114471436,0,1.63978956145365,0,0.636701922701014
1988,11,26,39.2881126403809,-3.12638803734444e-13,20.9239051624991,-2.8421709430404e-14,7.81355132330762
1988,11,27,3.46638989448547,1.13686837721616e-13,24.1545782700669,3.97903932025656e-13,5.4558179065078
1988,11,28,0.000136290225782432,2.8421709430404e-14,1.73416266351342,2.8421709430404e-14,2.49441361487517
1988,11,29,0.000295813864795491,0,0.00021210162776697,0,1.54904224485399
1988,11,30,0.000108176376670599,0,0.00021579618260148,0,1.09799759120533
1988,12,1,1.55317920871312e-05,0,6.44031770207221e-05,0,0.840583218163414
1988,12,2,0.000293423043331131,0,0.000125694019516232,0,0.67770598212362
1988,12,3,5.34960372533533e-06,0,0.000195543780137086,0,0.574056831916478
1988,12,4,5.28303062310442e-05,0,1.73975022335071e-05,0,0.50685573452943
1988,12,5,0.000350463524227962,0,0.000171856287124683,0,0.448766650347406
1988,12,6,0.0121590327471495,0,0.00536108260712354,0,0.404345585972916
1988,12,7,1.68260455131531,2.8421709430404e-14,0.766168055301023,0,0.366758531502194
1988,12,8,9.3951244354248,-1.4210854715202e-13,5.53614409924558,1.4210854715202e-13,0.346256501790892
1988,12,9,0.407710820436478,0,5.16127768629485,1.13686837721616e-13,0.330310478682101
1988,12,10,0.165788933634758,0,0.287195157692622,0.0042541145063808,0.318920462175821
1988,12,11,0.0215879026800394,0,0.094772098451358,0,0.309808448970798
1988,12,12,1.39306509494782,0.0930660647628088,0.614220073541219,0,0.290445420910123
1988,12,13,0.000765436503570527,0.0941911466275087,0.611098452158331,0.20410737512367,0.271082392849448
1988,12,14,0.00312218233011663,-2.8421709430404e-14,0.00175085786759155,0,0.255136369740657
1988,12,15,0.00183928071055561,0,0.00250147644328536,0,0.235773341679982
1988,12,16,0.000290551339276135,7.42321616371555e-05,0.00101715402706759,0,0.220966320221819
1988,12,17,2.70331256615464e-05,6.92977336314016e-05,7.65315471653594e-05,0,0.20957630371554
1988,12,18,0.000291087635559961,0,0.000194629041288863,0,0.200464290510516
1988,12,19,0.000149721236084588,0,0.000220800307943136,0,0.193630280606749
1988,12,20,0.106467932462692,0,0.0519514459465427,0,0.186796270702981
1988,12,21,0.000249269331106916,0,0.0559752528897661,0,0.17654525584733
1988,12,22,5.03080654144287,0,2.06840145815295,0,0.175406254196702
1988,12,23,14.1224679946899,-5.6843418860808e-14,9.57385736963442,1.98951966012828e-13,0.185657269052353
1988,12,24,0.183648809790611,0,7.184507425638,0,0.408901592575428
1988,12,25,0.000147589555126615,0,0.0991518583723519,0,0.585446848422757
1988,12,26,0.0811583548784256,0,0.0377320891675481,0,0.519384752686337
1988,12,27,6.89634227752686,0,2.92673634166385,-2.8421709430404e-14,0.839444216512787
1988,12,28,31.2519149780273,5.38799318595366,13.1031732846168,2.8421709430404e-14,5.68361823663339
1988,12,29,0.0201139282435179,5.69605623883086,10.0233713045873,0,5.86585850073385
1988,12,30,0.00746573088690639,0.00751754885584433,0.00676255210964882,0,2.40329348282494
1988,12,31,0.813653230667114,0,0.327275684981942,0,1.83379265751097
1989,1,1,0.720116555690765,0,0.772221236507903,0.690272343728339,1.51487219533515
1989,1,2,0.23078641295433,0,0.499923050087091,2.17924737130153,1.26429183219701
1989,1,3,0.110007338225842,0,0.170731313186479,4.69056835804776,1.07293955489151
1989,1,4,1.67226789926644e-06,0,0.0564494702812226,3.64405278101816,0.916896328755486
1989,1,5,1.91160643100739,0,0.823575672848165,0,0.810969175247088
1989,1,6,6.09178876876831,0,3.90379841767572,0,0.867919257778485
1989,1,7,0.269964665174484,0,3.36684781075019,0,0.870197261079741
1989,1,8,0.276692390441895,0,0.273244525715199,0,0.793884150487669
1989,1,9,0.513365685939789,0.0259404906529994,0.367957252530687,0,0.703903020088062
1989,1,10,0.160919100046158,0.026419164064464,0.312259256577818,0,0.634423919399759
1989,1,11,0.0785125195980072,0,0.120649284839601,0,0.587724851724013
1989,1,12,1.27030694484711,0,0.614911306493013,0,0.552415800554548
1989,1,13,1.76094031333923,0.081983728533686,1.41866186862171,0,0.518245751035709
1989,1,14,2.00675272941589,0.0883509275132894,1.79403713737338,-2.8421709430404e-14,0.489770709770011
1989,1,15,0.300343722105026,-2.8421709430404e-14,1.18651604941806,0.0643695455984528,0.46812967840808
1989,1,16,9.11074166651815e-05,-8.5265128291212e-14,0.15501386701726,0.0756569600851265,0.44648864704615
1989,1,17,0.000612223870120943,0,0.000342913181157201,0,0.424847615684219
1989,1,18,0.000197862551431172,0,0.000436411375630996,0,0.405484587623544
1989,1,19,1.62203341460554e-05,0,0.000110093646071618,0,0.384982557912241
1989,1,20,0.000125896112876944,0,6.61155554553261e-05,0,0.363341526550311
1989,1,21,9.47868538787588e-05,0,0.000110688637505518,0,0.342839496839008
1989,1,22,0.000514446990564466,-2.8421709430404e-14,0.000303942892060149,0,0.323476468778333
1989,1,23,1.98685993382242e-05,2.8421709430404e-14,0.000331517594531761,0,0.30866944732017
1989,1,24,0.0427855923771858,0,0.0198537120177207,0,0.299557434115146
1989,1,25,4.23660802841187,2.8421709430404e-14,2.12475565909335,0,0.312086452272054
1989,1,26,37.2420120239258,-8.5265128291212e-14,20.0382591122416,-1.70530256582424e-13,3.28032475380845
1989,1,27,0.0250114798545837,2.8421709430404e-14,18.6362421933845,-1.70530256582424e-13,5.13689744433198
1989,1,28,6.18919038772583,2.8421709430404e-14,3.09135795020848,0,3.06391444018914
1989,1,29,16.3788890838623,-2.8421709430404e-14,11.2767988418163,1.70530256582424e-13,5.28496765891361
1989,1,30,3.18979072570801,5.6843418860808e-14,10.4579427670506,-1.70530256582424e-13,4.55600660251173
1989,1,31,0.000152641499880701,0,1.65811729536472,0,3.12086452272054
1989,2,1,0.00174629874527454,0,0.000947185242694104,0,2.35773341679982
1989,2,2,5.06328821182251,-1.70530256582424e-13,2.52726348416581,0,2.11854307016796
1989,2,3,33.9489593505859,16.9118526496949,2.54098455954227,5.6843418860808e-14,10.6268854003586
1989,2,4,0.633658826351166,17.5520198802124,0,0,6.04809876483432
1989,2,5,0.0693675354123116,0.361644521507003,0,0,3.66758531502194
1989,2,6,0.103478342294693,0.0894692200493239,0,0,2.68804389548192
1989,2,7,0.000800308713223785,0.0461326423495052,0,0,2.08437302064912
1989,2,8,0.000191762344911695,0.000480106786341139,1.65174151334213e-05,0,1.7085024759419
1989,2,9,0.000399235519580543,0.000320466811530196,1.08373151306296e-05,0,1.42375206328492
1989,2,10,0.000130626023747027,0.000210123909027971,6.18755020695971e-05,0,1.20734174966561
1989,2,11,4.42566197307315e-05,2.8421709430404e-14,0.000100786333860015,1.27205291657538,1.08432957139779
1989,2,12,0.513601899147034,0,0.151605418777763,3.69525310321561,1.00232145255258
1989,2,13,33.2336959838867,0,16.6422077737461,4.80874879909649,7.1073702999183
1989,2,14,42.3115005493164,0,37.7561826556848,4.10726804702529,29.3862425862007
1989,2,15,46.384334564209,-2.8421709430404e-14,44.316257258819,2.46556636661424,29.0445420910123
1989,2,16,12.4189186096191,2.8421709430404e-14,30.0423793719729,1.87089911706866,21.2993308667423
1989,2,17,1.13789796829224,0,7.38521469049556,0.564257930335799,9.39676361768045
1989,2,18,6.64452409744263,0,3.61162347388017,0,6.1733889464034
1989,2,19,0.964290857315063,0,3.9287855087623,0,4.81797698215616
1989,2,20,4.5497670173645,2.8421709430404e-14,2.48790090995135,0.767125897998284,4.43071642094266
1989,2,21,7.52103900909424,-2.8421709430404e-14,5.95174816724102,1.37010722327122,6.59481955713573
1989,2,22,0.0148859405890107,0.00436491167226905,3.8813730657148,0.45536744894747,4.86353704818127
1989,2,23,0.000937829201575369,0.00438143352215548,0.00250473545747809,0,3.63341526550311
1989,2,24,0.00122395507059991,0.000662675890993114,0.000396359471778851,-2.8421709430404e-14,2.91584422560751
1989,2,25,0.0133769959211349,0.000160829723171219,0.00643622800998855,1.32339013460356,2.47163358186261
1989,2,26,0.0119312461465597,0,0.0126810591173125,5.02285999379626,2.17549315269935
1989,2,27,4.40493011474609,0,2.16569512183924,4.89531183293497,1.92491278956121
1989,2,28,1.19507145881653,0,2.94468664503256,1.35681601421931,1.73128250895446
1989,3,1,0.687962114810944,0,0.947619396169102,0.982083791003333,1.50348217882887
1989,3,2,0.000575596815906465,0,0.357513046525128,0.0709618098420322,1.33263193123468
1989,3,3,0.0236418433487415,0,0.0104455362888984,0,1.23012178267817
1989,3,4,5.46259069442749,0,2.72680828987359,0,1.17317170014677
1989,3,5,25.974157333374,9.66653735125431,5.60735392627976,0,2.3691234333061
1989,3,6,12.4642839431763,16.3841828155195,2.91803536535372,0,2.49441361487517
1989,3,7,0.0838820338249207,6.90115693213818,0.0106114163663733,0,1.93630280606749
1989,3,8,1.11849725246429,0.0684441158947493,0.514887104716763,0,1.84518267401725
1989,3,9,1.40090096465428e-05,0.0396342883142893,0.53420197939522,1.67765480588892,2.26661328474959
1989,3,10,0.00378754734992981,0,0.00157772600505268,5.95917921533493,3.25754472079589
1989,3,11,3.26481449519633e-06,0,0.00190785312588559,13.0200923432775,3.64480528200939
1989,3,12,0.00199926318600774,0,0.000981667031737743,12.5597519876814,3.16642458874565
1989,3,13,0.00241639302112162,0,0.00220288561467896,0,2.59692376343169
1989,3,14,0.000958043849095702,0,0.00170790356605721,0,2.23244323523075
1989,3,15,0.0133481062948704,0,0.00708092012246198,0,1.90213275654865
1989,3,16,0.000126792176160961,0,0.0090246936379117,-5.6843418860808e-14,1.58321229437283
1989,3,17,0.00453267991542816,0,0.00204213150209398,5.6843418860808e-14,1.40097203027236
1989,3,18,7.98420524597168,0,3.65296676017169,0,1.3781919972598
1989,3,19,0.25514343380928,0,4.6623809281009,0,1.53765222834771
1989,3,20,2.08451271057129,0,1.14593819973743,0,1.42375206328492
1989,3,21,4.32459592819214,-5.6843418860808e-14,3.2043221417407,0,1.50348217882887
1989,3,22,0.238154172897339,-1.13686837721616e-13,2.34202262598228,0,1.45792211280375
1989,3,23,0.00199923478066921,0,0.134447306285438,0,1.34402194774096
1989,3,24,0.00136137858498842,0,0.00168830388065544,0,1.25290181569073
1989,3,25,0.00138393940869719,0,0.00137173277653346,0,1.16178168364049
1989,3,26,0.0115595888346434,0,0.00559510733364732,0,1.09344158460282
1989,3,27,7.5523681640625,0,3.27786996184841,0,1.03535250042079
1989,3,28,19.8501434326172,0,13.6755576630894,0,2.20966320221819
1989,3,29,10.5520553588867,0,15.2043593865965,0,7.64270107571343
1989,3,30,8.26523017883301,0,9.42380975269407,0,6.78844983774248
1989,3,31,6.63797998428345,0,7.46008515793619,0,5.3988678239764
1989,4,1,0.0016538652125746,0,3.48066859962091,0,3.99789579370404
1989,4,2,0.0467782020568848,0,0.0170429444151523,0,3.20059463826449
1989,4,3,0.843339025974274,0,0.406223181818859,0,2.67665387897564
1989,4,4,3.62077808380127,0,1.77328311594101,0,2.4260735158375
1989,4,5,0.0333501249551773,0,2.3086207352444,0,2.02742293811772
1989,4,6,0.0460382215678692,0,0.0369983275304548,0,1.7085024759419
1989,4,7,0.00243767653591931,0,0.014167246163197,0,1.50348217882887
1989,4,8,0.00229433923959732,0,0.0023575495397381,0,1.33263193123468
1989,4,9,0.0670022964477539,0,0.0334058633598033,0,1.18456171665305
1989,4,10,0.262715220451355,0,0.190149397965797,0,1.05699353178272
1989,4,11,5.11137768626213e-05,0,0.134334935930383,0,0.962456394780603
1989,4,12,0.0445428788661957,0,0.0280403537035454,0,0.895255297393555
1989,4,13,1.06284510081878e-08,0,0.0227233438981784,0,0.841722219814042
1989,4,14,1.27239942550659,0,0.512448849205612,0,0.797301155439553
1989,4,15,1.87634575366974,0,1.66287195763107,0,0.758575099318203
1989,4,16,0.000532022153493017,0,0.74938706503599,0,0.727822054751249
1989,4,17,0.00269131362438202,0,0.00157119530194905,0,0.690235000280527
1989,4,18,0.418693721294403,0,0.168429877170638,0,0.65036994250855
1989,4,19,1.85826015472412,0,1.26772057162088,0,0.668593968918597
1989,4,20,4.4080094085075e-05,0,1.0516576317259,0,0.763131105920715
1989,4,21,1.63624881679425e-05,0,2.56319872278255e-05,0,0.694791006883039
1989,4,22,4.48013537379666e-07,0,8.86116140463855e-06,0,0.652647945809806
1989,4,23,0.0244872774928808,0,0.00837569748728129,0,0.619616897941595
1989,4,24,0.000722449272871018,0,0.0135572619019513,0,0.592280858326525
1989,4,25,0.00120695610530674,0,0.00104357133386657,0,0.569500825313967
1989,4,26,0.00228615198284388,0,0.00174254468038271,0,0.537608779096384
1989,4,27,0.0130593674257398,0,0.00895283040699724,0,0.509133737830686
1989,4,28,0.127936169505119,0,0.0638683153647435,0,0.490909711420639
1989,4,29,1.17469155788422,0,0.709802843559373,0,0.472685685010592
1989,4,30,6.63299083709717,0,3.30959652992897,0,0.460156666853685
1989,5,1,0.639080882072449,0,3.71327942903554,0,0.441932640443638
1989,5,2,0.151878625154495,0,0.317450556749463,0,0.419152607431079
1989,5,3,2.68129801750183,0,1.29000392517082,0,0.404345585972916
1989,5,4,9.28758144378662,0,5.71563746248648,0,0.40206758267166
1989,5,5,0.431576699018478,0,5.3100806533057,0,0.399789579370404
1989,5,6,2.14799928665161,0,1.39222368178525,0,0.392955569466637
1989,5,7,0.000331849150825292,0,1.12811920708918,0,0.379287549659102
1989,5,8,4.5471363067627,0,1.65146313480727,0,0.375870544707218
1989,5,9,19.8481769561768,0,11.6902369981672,0,0.732378061353761
1989,5,10,0.00560851767659187,0,9.938121748708,0,0.817803185150856
1989,5,11,2.31959511438618e-05,0,0.00247725713779801,0,0.665176963966713
1989,5,12,0.00617558928206563,0,0.00296670070201799,0,0.561527813759571
1989,5,13,0.165042921900749,0,0.075516450619034,0,0.503438729577546
1989,5,14,0.980719268321991,0,0.681274128266523,0,0.463573671805569
1989,5,15,1.41527485847473,0,1.18914642514756,0,0.44079363879301
1989,5,16,3.57913112640381,0,2.18182714080467,0,0.429403622286731
1989,5,17,2.12729668617249,0,2.91990460799389,0,0.44648864704615
1989,5,18,27.2795104980469,-1.13686837721616e-13,14.6960220898654,0,1.36680198075352
1989,5,19,10.5279407501221,-1.13686837721616e-13,18.9205124083765,0,1.21873176617189
1989,5,20,2.64406108856201,0,6.61414177159168,0,1.00801646080572
1989,5,21,3.51260876655579,0,3.06019216512868,0,0.866780256127857
1989,5,22,24.3509712219238,0,12.8415256348435,0,2.05020297113028
1989,5,23,3.65957236289978,0,14.0053797552719,0,4.077625909248
1989,5,24,0.0295054111629725,0,1.99174270231742,0,2.33495338378726
1989,5,25,0.0334406830370426,0,0.031420837778569,-5.6843418860808e-14,1.51487219533515
1989,5,26,14.4217662811279,-5.6843418860808e-14,6.89323944191892,5.6843418860808e-14,1.7654525584733
1989,5,27,24.4787311553955,0,19.4454955543915,0,5.00021724625663
1989,5,28,0.0608093366026878,-5.6843418860808e-14,12.2818391111596,0,2.83611411006355
1989,5,29,0.00760316988453269,0,0.03479685397906,0,1.82240264100469
1989,5,30,0.00063959218095988,0,0.00429271433313261,0,1.33263193123468
1989,5,31,0.00537082413211465,0,0.00253600493670092,0,1.01485047070949
1989,6,1,0.15940834581852,0,0.0586718583563197,0,0.851973234669694
1989,6,2,1.76934909820557,0,0.690626643707219,0,0.74946308611318
1989,6,3,5.46445035934448,0,3.30128878350115,0,0.660620957364201
1989,6,4,17.7051296234131,0,9.85473853344047,0,0.61733889464034
1989,6,5,20.029167175293,0,18.8602513483256,0,0.697069010184295
1989,6,6,3.5166757106781,0,11.7737220583349,0,0.71643203824497
1989,6,7,0.0478520058095455,0,2.08009825182126,0,0.715293036594342
1989,6,8,3.88099312782288,0,1.76039732077334,0,0.632145916098503
1989,6,9,0.205746576189995,0,2.18781341384602,0,0.57291783026585
1989,6,10,0.248684704303741,0,0.2258411306575,0,0.519384752686337
1989,6,11,4.01385545730591,0,1.80811972046831,0,0.498882722975035
1989,6,12,27.7751693725586,0,15.8798650538665,0,0.883865280887276
1989,6,13,16.097146987915,-5.6843418860808e-14,21.941308223315,0,1.78823259148585
1989,6,14,12.4973497390747,0,14.3698192341617,0,2.25522326824331
1989,6,15,1.86104381084442,0,7.37073350581522,0,2.038812954624
1989,6,16,0.000437077484093606,0,1.05855980126944,0,1.49209216232259
1989,6,17,0.0153813920915127,0,0.00805558269894391,0,1.11849962091663
1989,6,18,0.114747062325478,0,0.0607389579072333,0,0.900950305646695
1989,6,19,0.00900287739932537,0,0.0627765288118098,0,0.764270107571343
1989,6,20,0.000305546389427036,0,0.00484307641454507,0,0.654925949111062
1989,6,21,0.000729207473341376,0,0.000566095748581574,0,0.571778828615222
1989,6,22,0.188165932893753,0,0.118159165105681,0,0.505716732878802
1989,6,23,2.83798766136169,0,1.28997443016488,0,0.457878663552429
1989,6,24,4.82852077484131,0,3.58986089141035,0,0.423708614033591
1989,6,25,1.3875652551651,0,3.13035926753946,0,0.378148548008474
1989,6,26,1.80980551242828,0,1.59816844444686,0,0.377009546357846
1989,6,27,7.59284114837647,0,4.36492854149219,0,0.445349645395522
1989,6,28,2.0942747592926,0,4.86529828837956,0,0.519384752686337
1989,6,29,2.50150680541992,0,2.26668228392919,0,0.480658696564988
1989,6,30,5.46227169036865,-5.6843418860808e-14,3.95656141351537,0,0.410040594226056
1989,7,1,7.36335468292236,5.6843418860808e-14,6.35130646784273,0,0.388399562864125
1989,7,2,0.333127826452255,0,3.99215974779145,0,0.424847615684219
1989,7,3,0.081852450966835,0,0.215080560161368,0,0.38042655130973
1989,7,4,0.000199758316739462,0,0.0341772896099428,0,0.328032475380845
1989,7,5,0.00248399563133717,0,0.00164716397193843,0,0.289306419259495
1989,7,6,0.0818920582532883,0,0.0476080962907872,0,0.258553374692541
1989,7,7,0.127448841929436,0,0.104043243445631,0,0.232356336728098
1989,7,8,0.19787822663784,0,0.173302845583748,0,0.210715305366168
1989,7,9,0.0608528703451157,0,0.13633474879498,0,0.194769282257377
1989,7,10,0.171307742595673,0,0.134228642906237,0,0.178823259148585
1989,7,11,0.0383284725248814,0,0.112742147524841,0,0.168572244292934
1989,7,12,1.25876200199127,0,0.562568432853368,0,0.177684257497958
1989,7,13,17.849681854248,0,7.36735246978424,0,0.217549315269935
1989,7,14,1.72790098190308,0,10.0495977552146,0,0.19818628720926
1989,7,15,0.247250273823738,0,0.829926510863515,0,0.190213275654865
1989,7,16,2.0803279876709,0,0.936035998221996,5.6843418860808e-14,0.195908283908004
1989,7,17,1.5145810842514,0,1.74615748340693,-5.6843418860808e-14,0.184518267401725
1989,7,18,15.7484350204468,0,8.15562312265502,0,0.206159298763656
1989,7,19,13.4648666381836,0,14.6151019963218,0,0.249441361487517
1989,7,20,1.16070985794067,0,7.40259181853435,0,0.27563839945196
1989,7,21,1.81354117393494,0,1.41524837948418,0,0.272221394500076
1989,7,22,0.81861275434494,0,1.30538367330337,0,0.240329348282494
1989,7,23,3.13489437103272,0,1.86874071876446,0,0.20957630371554
1989,7,24,5.78795051574707,0,4.27274971287807,0,0.384982557912241
1989,7,25,7.35335350036621,0,6.56624601808289,0,0.456739661901801
1989,7,26,1.41097724437714,0,4.64751212303781,0,0.449905651998033
1989,7,27,0.441025674343109,0,0.941514590471343,0,0.350812508393403
1989,7,28,3.15465712547302,0,1.62447023369896,0,0.287028415958239
1989,7,29,0.108374014496803,-5.6843418860808e-14,1.7647937075144,0,0.243746353234378
1989,7,30,1.99589693546295,5.6843418860808e-14,1.05202215189638,0,0.220966320221819
1989,7,31,9.7182731628418,0,5.44960025170258,0,0.312086452272054
1989,8,1,2.05010151863098,0,5.90819500734142,0,0.378148548008474
1989,8,2,0.188044458627701,0,1.20108155744674,0,0.33600548693524
1989,8,3,0.0362555384635925,0,0.122475163041599,0,0.309808448970798
1989,8,4,0.000194963606190868,0,0.0202196014015499,0,0.342839496839008
1989,8,5,0.00228735408745706,0,0.00158704249042785,0,0.293862425862007
1989,8,6,0.0218253377825022,0,0.0125095621551736,0,0.244885354885006
1989,8,7,0.366872638463974,0,0.180306635953457,0,0.206159298763656
1989,8,8,0.000105280902062077,0,0.133446076646578,0,0.178823259148585
1989,8,9,0.000712943030521274,0,0.000374762556020869,0,0.16515523934105
1989,8,10,4.48421196779236e-05,0,0.000271773813437903,0,0.160599232738539
1989,8,11,5.50892218598165e-05,0,4.93194256705465e-05,0,0.148070214581631
1989,8,12,0.000117683375719935,0,9.53533854044508e-05,0,0.148070214581631
1989,8,13,0.741857469081879,0,0.358460960853336,0,0.136680198075352
1989,8,14,1.62242746353149,0,1.29519585622438,0,0.125290181569073
1989,8,15,0.0926868617534637,0,0.960705805631733,0,0.113900165062793
1989,8,16,0.0413328893482685,0,0.0597113610892848,0,0.11048316011091
1989,8,17,3.50231003761292,0,1.66735356135723,0,0.102510148556514
1989,8,18,0.561206161975861,0,2.4863111886134,0,0.0945371370021184
1989,8,19,1.94707345962524,0,1.19753659218623,0,0.0968151403033743
1989,8,20,4.95624303817749,0,3.30742592696515,0,0.0933981353514905
1989,8,21,3.25655555725098,5.6843418860808e-14,4.29232350216807,5.6843418860808e-14,0.0877031270983508
1989,8,22,0.0459006205201149,-5.6843418860808e-14,1.8034915619628,-5.6843418860808e-14,0.0865641254477229
1989,8,23,0.0451426468789578,0,0.0455541894443741,0,0.084286122146467
1989,8,24,2.55400538444519,0,1.13333680801952,0,0.0865641254477229
1989,8,25,2.21968078613281,0,2.36193601957712,0,0.0922591337008626
1989,8,26,9.45954513549805,0,4.82916785784437,0,0.0865641254477229
1989,8,27,0.620700597763062,0,5.37986035034373,0,0.0820081188452112
1989,8,28,0.698613703250885,0,0.654381891239609,0,0.0877031270983508
1989,8,29,0.695038080215454,0,0.694024733404149,0,0.0922591337008626
1989,8,30,5.1737208366394,0,2.90004056211728,0,0.0877031270983508
1989,8,31,2.09823226928711,0,3.98120563760676,0,0.084286122146467
1989,9,1,0.458105742931366,0,1.45699163334939,0,0.0820081188452112
1989,9,2,8.06879329681397,0,2.65079914497255,0,0.0820081188452112
1989,9,3,0.0286593493074179,0,4.56944568028666,0,0.0774521122426994
1989,9,4,0.000596751982811838,0,0.0152743678299885,0,0.0740351072908156
1989,9,5,0.00254292599856854,0,0.00111763755921857,0,0.0706181023389318
1989,9,6,0.105452083051205,0,0.0426429542148981,0,0.068340099037676
1989,9,7,0.0656671524047852,0,0.0820867205147806,0,0.0660620957364201
1989,9,8,0.602885782718658,0,-0.0621207920303277,0,0.0637840924351642
1989,9,9,6.09393453598023,0,1.29047335759242,5.6843418860808e-14,0.0694791006883039
1989,9,10,25.9080486297607,-5.6843418860808e-14,12.6363949257957,-5.6843418860808e-14,0.068340099037676
1989,9,11,2.99456453323364,0,14.4537165625734,0,0.067201097387048
1989,9,12,3.01582813262939,0,3.00460948090949,0,0.0660620957364201
1989,9,13,1.57902932167053,0,2.19104728140155,0,0.0637840924351642
1989,9,14,16.6483554840088,0,9.03269750329673,0,0.0660620957364201
1989,9,15,2.25990176200867,0,9.45610440867131,0,0.068340099037676
1989,9,16,0.167676508426666,0,1.29081264471643,0,0.068340099037676
1989,9,17,0.00149613944813609,0,0.0893882027266955,0,0.068340099037676
1989,9,18,0.00591033417731524,0,0.00365651711763348,0,0.068340099037676
1989,9,19,8.58591363339656e-07,0,0.002688983855478,0,0.0649230940857922
1989,9,20,7.77615355218586e-07,0,8.18992702988908e-07,0,0.0626450907845363
1989,9,21,1.91972758329939e-05,0,8.74989382282365e-06,0,0.0615060891339084
1989,9,22,0.0801919996738434,0,0.0483169051676669,0,0.0603670874832804
1989,9,23,0.00172399869188666,0,0.0448535535888368,0,0.0569500825313966
1989,9,24,6.08739683229942e-05,0,0.00114821600982395,0,0.0546720792301408
1989,9,25,3.92862057196908e-05,0,5.0648040996748e-05,0,0.0535330775795128
1989,9,26,0.00752638885751367,0,0.00255971487786155,0,0.0523940759288849
1989,9,27,1.6995440091705e-05,0,0.00412067467914312,0,0.050116072627629
1989,9,28,0.087767519056797,0,0.0576344925921148,0,0.0466990676757452
1989,9,29,0.654928386211395,0,0.336751580436612,0,0.050116072627629
1989,9,30,6.37667179107666,0,3.39434983006868,0,0.051255074278257
1989,10,1,1.25893747806549,0,3.89492258012979,0,0.050116072627629
1989,10,2,0.00112515722867101,0,0.757488307048334,0,0.0466990676757452
1989,10,3,9.06305067474023e-05,0,0.000532284002474626,0,0.0478380693263732
1989,10,4,0.00326015520840883,0,0.00146965792919218,0,0.0466990676757452
1989,10,5,0.000146028556628153,0,0.00151249001464748,0,0.0466990676757452
1989,10,6,0.229677587747574,0,0.0856555361606297,0,0.0455600660251173
1989,10,7,2.32638239860535,0,1.17201208441838,0,0.0421430610732335
1989,10,8,0.000308875722112134,5.6843418860808e-14,1.32084942790607,0,0.0398650577719777
1989,10,9,0.000119537253340241,-5.6843418860808e-14,0.00023956648328749,0,0.0387260561213497
1989,10,10,0.00155022426042706,0,0.00087418501607317,0,0.0375870544707218
1989,10,11,1.24944490380585e-05,0,0.000498379886266775,0,0.0364480528200938
1989,10,12,1.43865700010792e-05,0,1.33129415189615e-05,0,0.0353090511694659
1989,10,13,0.000187232115422376,0,9.91359338513575e-05,0,0.0353090511694659
1989,10,14,2.81597340290318e-06,0,9.73994847299764e-05,0,0.034170049518838
1989,10,15,6.99417287250981e-05,0,3.09537444991292e-05,0,0.0330310478682101
1989,10,16,1.69238495826721,0,0.465323150039694,0,0.0330310478682101
1989,10,17,1.38633143901825,0,1.5120352055219,0,0.0318920462175821
1989,10,18,0.0943211317062378,0,0.855573069493403,0,0.0307530445669542
1989,10,19,0.0377186574041843,0,0.0701405316431192,0,0.0318920462175821
1989,10,20,0.00170936353970319,0,0.0237688722190796,0,0.0318920462175821
1989,10,21,0.000222032627789304,0,0.000810422665381338,0,0.0318920462175821
1989,10,22,0.000541962333954871,0,-0.000283991350443102,0,0.0318920462175821
1989,10,23,0.00895727705210447,0,0.00289832921043853,0,0.0330310478682101
1989,10,24,0.0234454106539488,0,0.0170637549799721,0,0.0318920462175821
1989,10,25,0.0155294043943286,0,0.0203119738580426,0,0.0318920462175821
1989,10,26,0.00562722142785788,0,0.0109085304102337,0,0.0307530445669542
1989,10,27,6.06365574640222e-05,0,0.00257244346721564,0,0.0307530445669542
1989,10,28,0.00137720827478915,0,-0.00246626671287231,0,0.0318920462175821
1989,10,29,0.0326689220964909,0,-0.0814422173480125,0,0.0318920462175821
1989,10,30,0.997767269611359,0,0.402044897726228,0,0.0330310478682101
1989,10,31,2.32799100875855,0,1.92040210604682,0,0.0364480528200938
1989,11,1,0.139721587300301,0,1.19367744413648,0,0.0432820627238614
1989,11,2,0.0100780986249447,0,0.0727414572120324,0,0.0421430610732335
1989,11,3,0.000238261229242198,0,0.0049298010108032,0,0.0398650577719777
1989,11,4,0.000119316791824531,0,-0.0208712941293925,0,0.0387260561213497
1989,11,5,0.204820543527603,0,0.0843007091116306,0,0.0375870544707218
1989,11,6,0.430213510990143,0,0.347146833091756,0,0.0353090511694659
1989,11,7,0.195642232894897,0,0.325397131064165,0,0.0353090511694659
1989,11,8,0.0185823999345303,0,0.104684374928183,0,0.0353090511694659
1989,11,9,8.7618813267909e-05,0,0.00888610583206173,0,0.0353090511694659
1989,11,10,5.51328739675228e-05,0,7.02509587426903e-05,0,0.0353090511694659
1989,11,11,5.83474611630663e-05,0,5.61899287276901e-05,0,0.034170049518838
1989,11,12,6.4463478338439e-05,0,-1.72234340425348e-05,0,0.0353090511694659
1989,11,13,0.000830649281851947,0,-0.0445174790256715,0,0.0353090511694659
1989,11,14,0.438335120677948,0,0.241921298826128,0,0.0364480528200938
1989,11,15,0.325123220682144,0,0.408895536762429,0,0.034170049518838
1989,11,16,0.0339836291968823,0,0.175899342271805,0,0.0318920462175821
1989,11,17,0.000283539207885042,0,0.0163334227090672,0,0.0330310478682101
1989,11,18,5.11881844431628e-05,0,-5.32101876160596e-06,0,0.0330310478682101
1989,11,19,0.00167543231509626,0,-0.000248831585849985,0,0.034170049518838
1989,11,20,0.0128782130777836,0,-0.00780624642356997,0,0.034170049518838
1989,11,21,0.162237823009491,0,-0.691680631260169,0,0.0330310478682101
1989,11,22,7.7765007019043,-5.6843418860808e-14,4.15555705762381,-5.6843418860808e-14,0.0353090511694659
1989,11,23,2.11134004592896,-5.6843418860808e-14,4.94393818100616,5.6843418860808e-14,0.034170049518838
1989,11,24,0.00951239932328463,0,1.0944686113271,0,0.0353090511694659
1989,11,25,0.0609042495489121,0,0.0249673031994462,0,0.0375870544707218
1989,11,26,0.0901694297790527,0,0.0723297024578642,0,0.0375870544707218
1989,11,27,0.114003278315067,0,0.113635585505108,0,0.0398650577719777
1989,11,28,2.598091668915e-05,0,0.0559037187231297,0,0.0364480528200938
1989,11,29,8.76691410667263e-05,0,4.91651881020516e-05,0,0.0364480528200938
1989,11,30,0.000170827188412659,0,0.000141841319418745,0,0.0364480528200938
1989,12,1,5.21280235261656e-05,0,0.000110980476165423,0,0.0353090511694659
1989,12,2,4.55478730145842e-05,-1.48776905462e-07,4.44465968030272e-05,0,0.0353090511694659
1989,12,3,9.06258501345292e-05,9.12410257569718e-07,7.26832367945463e-05,0,0.034170049518838
1989,12,4,3.95510760426987e-05,7.34588752493437e-07,6.47723627480445e-05,0,0.034170049518838
1989,12,5,3.03513188555371e-05,0,3.6374905903358e-05,0,0.0353090511694659
1989,12,6,1.51162103065872e-05,0,-0.0368070496242581,0,0.0353090511694659
1989,12,7,0.370899081230164,-0.0923539108846967,-0.118186349905955,0,0.034170049518838
1989,12,8,4.3948974609375,0.474028679391154,1.94787431968689,0,0.034170049518838
1989,12,9,0.000226949385250919,0.468904902450959,1.74704352659137,0,0.034170049518838
1989,12,10,0.000642116472590715,0,0.000413747624406824,0.79962654401578,0.0353090511694659
1989,12,11,0.000680308730807155,0,0.000661070102069061,0,0.034170049518838
1989,12,12,0.00305014941841364,0.00165084074501465,0.000383883456379408,0,0.0330310478682101
1989,12,13,1.34539159262204e-05,0.00136770646730611,-5.63691355637275e-05,0,0.0330310478682101
1989,12,14,0.00089861499145627,0.000135621871663716,0.000371899066522019,0,0.034170049518838
1989,12,15,0.000760219292715192,-0.00116197428826581,0.000260851478742552,0,0.0330310478682101
1989,12,16,0.0169087313115597,0.00771677604097931,0,0,0.0330310478682101
1989,12,17,0.0336426086723804,0.0285328575077983,0,0,0.0330310478682101
1989,12,18,0.00964371114969254,0.00786276615326642,0,0,0.034170049518838
1989,12,19,0.12934598326683,0.0865012470716806,0,0,0.0353090511694659
1989,12,20,0.0165952816605568,0.0696245501478643,0,0,0.0353090511694659
1989,12,21,0.00414960132911801,0.00431322289421132,0,0,0.0353090511694659
1989,12,22,0.0560474321246147,0.0378934119049177,0,0,0.0353090511694659
1989,12,23,0.00321587757207453,0.00663242908848361,0,0,0.0353090511694659
1989,12,24,0.198036015033722,0.129856440312835,-0.0240373623037158,0,0.0364480528200938
1989,12,25,0.225050657987595,0.0908061260967656,0.121857415970226,0,0.0364480528200938
1989,12,26,0.000147557686432265,0,0.1135028683766,0.429804192940765,0.034170049518838
1989,12,27,0.000150780950207263,0,0.000148746046761516,0,0.034170049518838
1989,12,28,0.0233722105622292,0,0.0110679462577536,0,0.034170049518838
1989,12,29,4.3840594291687,0,2.07407827060342,0,0.034170049518838
1989,12,30,4.63101863861084,0,4.61629795240697,0,0.0353090511694659
1989,12,31,2.20573830604553,0,3.48262098989107,0,0.0364480528200938
1990,1,1,2.63487436313881e-05,0,1.11309548911595,0,0.0364480528200938
1990,1,2,0.0467378795146942,0,0.0250170956514921,0,0.0364480528200938
1990,1,3,0.980389773845673,0,-0.450257084283294,0,0.0387260561213497
1990,1,4,12.3272390365601,-2.27373675443232e-13,7.0214592718894,-1.70530256582424e-13,0.0398650577719777
1990,1,5,4.12488986967219e-07,-5.6843418860808e-14,6.92913306781702,-3.41060513164848e-13,0.0387260561213497
1990,1,6,6.40614380245097e-05,0,6.94863410899416e-06,0,0.0410040594226056
1990,1,7,3.65829473594204e-05,0,6.0111377024441e-05,0,0.0421430610732335
1990,1,8,0.000196031149243936,0,5.39291595487157e-05,0,0.0444210643744894
1990,1,9,0,0,0.000175999370185309,0,0.0444210643744894
1990,1,10,7.17111324775033e-05,0,7.61540286475793e-06,0,0.0432820627238614
1990,1,11,7.87425960879773e-06,0,6.52313956379658e-05,0,0.0421430610732335
1990,1,12,2.55313516390743e-05,-1.59927021172734e-05,-3.78251334041124e-05,0,0.0410040594226056
1990,1,13,0.00832475535571575,0.000223910192175936,0.000686863631926826,-0.0340217766481601,0.0410040594226056
1990,1,14,0.00042645339271985,0.00188401672596683,0.00565572583218454,0.0371547436715218,0.0410040594226056
1990,1,15,0.0813039466738701,0,-0.00615838564590376,0,0.0421430610732335
1990,1,16,3.61121320724487,0,0.105247077830427,0,0.0432820627238614
1990,1,17,35.110912322998,-3.97903932025656e-13,8.53449963435014,-1.13686837721616e-13,0.0558110808807687
1990,1,18,9.88548469543457,0,22.4986443334838,5.6843418860808e-14,0.0523940759288849
1990,1,19,37.2383689880371,-5.6843418860808e-14,23.4549029147602,1.70530256582424e-13,1.12077762421789
1990,1,20,33.1901626586914,2.27373675443232e-13,35.2175458520505,-3.41060513164848e-13,11.3900165062793
1990,1,21,1.32432293891907,3.41060513164848e-13,19.0303799317553,-1.70530256582424e-13,4.55600660251173
1990,1,22,6.18037748336792,0,3.74890837138992,0,2.61970379644425
1990,1,23,0.0340885333716869,0,3.15030425626173,0,1.48070214581631
1990,1,24,0.0106112817302346,0,0.0207898889839271,0,1.02510148556514
1990,1,25,0.14550144970417,0,0.0762603149851202,0,0.703903020088062
1990,1,26,0.0422157198190689,0,0.10610066344816,0,0.595697863278409
1990,1,27,0.00833494588732719,0,0.0254560657613183,0,0.522801757638221
1990,1,28,0.70216029882431,0,0.335324738134659,0,0.469268680058708
1990,1,29,4.80100393295288,5.6843418860808e-14,2.75116453483861,0,0.43509863053987
1990,1,30,0.000451267143944278,-1.13686837721616e-13,2.55726438811507,-2.27373675443232e-13,0.41345759917794
1990,1,31,0.861515164375305,0,0.387733591765937,0,0.403206584322288
1990,2,1,34.9657096862793,-4.54747350886464e-13,17.8808556380809,-1.70530256582424e-13,3.39422491887124
1990,2,2,35.7088165283203,-7.38964445190504e-13,35.3369727740992,-1.70530256582424e-13,14.9209216232259
1990,2,3,4.06616258621216,-5.6843418860808e-14,21.8925326348945,-1.70530256582424e-13,5.38747780747012
1990,2,4,3.77681708335876,0,3.92150570952072,0,3.37144488585868
1990,2,5,0.1317168623209,0,1.95782900461018,0,2.51719364788773
1990,2,6,0.673865139484406,0,0.391609769771094,0,1.90213275654865
1990,2,7,0.0145427500829101,0,0.412909883949396,0,1.52626221184143
1990,2,8,0.5686115026474,0,0.29012191828042,0,1.25290181569073
1990,2,9,3.70853686332703,0,2.12682600677545,0,1.1048316011091
1990,2,10,11.207160949707,0,7.45649306176892,0,1.36680198075352
1990,2,11,2.15325380850118e-05,0,5.60670124633543,5.6843418860808e-14,1.71989249244818
1990,2,12,8.67823109729216e-05,0,5.25772265973501e-05,0,1.3781919972598
1990,2,13,0.00249297311529517,0,0.00128375804888492,0,1.18456171665305
1990,2,14,0.811494529247284,0,0.426089632508592,0,1.05243752518021
1990,2,15,29.9093379974365,1.13686837721616e-13,11.9768352960982,3.97903932025656e-13,1.17317170014677
1990,2,16,3.5736186504364,-1.13686837721616e-13,16.7464724753263,-1.13686837721616e-13,2.88167417608867
1990,2,17,0.000334746058797464,0,1.7979998442479,0,2.18688316920563
1990,2,18,0,0,0.000172502504938166,0.000589286095532771,1.6515523934105
1990,2,19,7.66415323596448e-05,0,3.60182457370684e-05,0,1.3781919972598
1990,2,20,0.000276015955023468,0,0.000172980691786506,0,1.17317170014677
1990,2,21,0.825173199176788,0,0.381202311655215,0,1.04218651032456
1990,2,22,14.7330179214478,2.8421709430404e-13,7.60870977554987,5.6843418860808e-14,1.30985189822212
1990,2,23,0.825087010860443,-2.27373675443232e-13,7.89401709052436,0,2.07298300414284
1990,2,24,8.37845145724714e-05,0,0.37735164118385,0,1.7085024759419
1990,2,25,0.000799707951955497,0,0.000376901414711028,0,1.38958201376608
1990,2,26,0.000602458487264812,0,0.000674854431053973,0,1.19595173315933
1990,2,27,0.325502902269363,0,0.155550989626136,0,1.09230258295219
1990,2,28,4.88868379592896,0,2.52706375283015,0,1.04560351527644
1990,3,1,16.9153480529785,0,10.4912762910481,-5.6843418860808e-14,1.93630280606749
1990,3,2,0.099557563662529,2.27373675443232e-13,8.50829911543769,0,2.51719364788773
1990,3,3,0.0135106332600117,0,0.0635772471687233,5.6843418860808e-14,2.15271311968679
1990,3,4,0,0,0.00725125480312272,0,1.77684257497958
1990,3,5,0.354220181703568,0,0.156157074632574,0,1.50348217882887
1990,3,6,2.1119167804718,-5.6843418860808e-14,0.99895504844244,-5.6843418860808e-14,1.30985189822212
1990,3,7,21.7473678588867,5.6843418860808e-14,11.7617409463401,0,1.84518267401725
1990,3,8,24.6819610595703,0,23.2140568138966,0,6.75427978822364
1990,3,9,0.191387474536896,0,12.5201898364139,0,5.53554802205175
1990,3,10,0.0265269596129656,0,0.111030558793573,0,3.61063523249055
1990,3,11,3.14783716201782,0,1.58048460078862,0,2.73360396150704
1990,3,12,22.7834053039551,0,12.9083332845457,0,7.25544051449993
1990,3,13,1.08067655563354,0,11.9323934113127,0,7.64270107571343
1990,3,14,5.39681148529053,0,2.82848303769424,0,4.72685685010592
1990,3,15,34.7356033325195,-1.70530256582424e-13,20.0328022187277,1.70530256582424e-13,17.9962260799213
1990,3,16,0.00752017507329583,4.54747350886464e-13,17.3864095333429,2.8421709430404e-13,8.89560289140416
1990,3,17,1.0720070804382e-06,0,0.00386412285115512,0,4.88631708119383
1990,3,18,0.750755190849304,0,0.444147670074017,0,3.38283490236496
1990,3,19,4.34792137145996,0,2.08325104226242,0,2.74499397801332
1990,3,20,0.0750303491950035,0,2.62723465318959,0,2.33495338378726
1990,3,21,4.50014449597802e-05,0,0.0421308101776958,0,1.97047285558632
1990,3,22,0.00822070799767971,0,0.00377905732239014,0,1.71989249244818
1990,3,23,0.0360142253339291,-5.6843418860808e-14,0.0153813453180192,0,1.48070214581631
1990,3,24,2.40744376182556,5.6843418860808e-14,0.939805328904185,-1.13686837721616e-13,1.28707186520956
1990,3,25,7.39807033538818,0.19968082222897,4.6745647581447,1.13686837721616e-13,1.19595173315933
1990,3,26,1.05616939067841,0.202463598341296,4.03211078675122,0.436726326216672,1.10597060275972
1990,3,27,0.146643847227097,0,0.544817270230851,0,1.02851849051702
1990,3,28,13.9476270675659,-2.8421709430404e-13,6.56127171933076,0,1.10710960441035
1990,3,29,6.12890291213989,-5.6843418860808e-14,10.0418319548844,5.6843418860808e-14,2.038812954624
1990,3,30,12.5589580535889,0,9.25403264701345,0,3.59924521598427
1990,3,31,1.06134819984436,0,6.81652268561629,0,4.74963688311848
1990,4,1,0.0401768125593662,0,0.552098326592386,0,3.40561493537752
1990,4,2,0.00019878736929968,0,0.0216971651279891,0,2.63109381295053
1990,4,3,3.01787986245472e-05,0,0.000118992966235965,0,2.12993308667423
1990,4,4,8.77931743161753e-05,0,5.89008632232435e-05,0,1.83379265751097
1990,4,5,0.196461454033852,5.6843418860808e-14,0.086499902405194,0,1.61738234389166
1990,4,6,3.41513538360596,-5.6843418860808e-14,1.3257730514888,0,1.42375206328492
1990,4,7,0.00062289769994095,0,1.90883912637946,0,1.24151179918445
1990,4,8,0.000177860769326799,0,0.000375636285752989,0,1.10369259945847
1990,4,9,1.22635865211487,0,0.481691400180353,0,1.01029446410698
1990,4,10,30.1706790924072,-5.6843418860808e-14,15.6823828402594,4.54747350886464e-13,1.89074274004237
1990,4,11,0.407347768545151,-1.70530256582424e-13,15.9633595885261,1.70530256582424e-13,3.99789579370404
1990,4,12,0.10239090770483,0,0.248254728388929,0,2.68804389548192
1990,4,13,0.0613137371838093,0,0.0841270382443327,0,2.16410313619307
1990,4,14,4.16336488723755,0,1.98939779106331,0,1.90213275654865
1990,4,15,1.03627634048462,0,2.68276535889345,0,1.7654525584733
1990,4,16,7.74084901809692,0,4.16786296199825,0,1.93630280606749
1990,4,17,41.9989204406738,0,24.5305375985117,-1.70530256582424e-13,10.0687745915509
1990,4,18,1.41687428951263,0,21.7131342586163,-1.13686837721616e-13,14.4653209629747
1990,4,19,7.54066324234009,0,4.467385094973,0,6.02531873182176
1990,4,20,14.6159172058105,0,11.0723295943171,0,6.54925949111061
1990,4,21,20.4119148254395,0,17.5124842006899,0,13.0985189822212
1990,4,22,1.94284844398499,0,11.1776669840547,0,10.7521755819277
1990,4,23,2.72192311286926,0,2.31801307328715,0,7.18710041546226
1990,4,24,0.0317404493689537,0,1.54826151942689,0,4.90909711420639
1990,4,25,0.203179329633713,0,0.112983042892665,0,3.54229513345287
1990,4,26,6.50193929672241,0,3.05319799804784,0,2.79055404403844
1990,4,27,8.93701839447022,0,7.64454069636486,0,2.82472409355727
1990,4,28,7.23250818252564,0,8.09046904744537,0,3.43978498489636
1990,4,29,0.573479652404785,0,4.00982821662728,0,2.90445420910123
1990,4,30,0.523428857326508,0,0.548579300528218,0,2.34634340029354
1990,5,1,13.2873783111572,0,5.57387436443605,0,2.6994339119882
1990,5,2,51.7177429199219,-2.27373675443232e-13,32.5017315463701,2.8421709430404e-13,17.9962260799213
1990,5,3,78.2359161376953,-6.25277607468888e-13,63.4096261855029,1.70530256582424e-13,75.0602087763808
1990,5,4,17.891902923584,5.11590769747272e-13,48.757731026657,1.13686837721616e-13,43.509863053987
1990,5,5,0.378720223903656,0,9.13534111133959,0,12.1873176617189
1990,5,6,1.04186677932739,0,0.701691597252648,0,7.1643203824497
1990,5,7,9.68156473390991e-06,0,0.506363470050928,0,4.94326716372523
1990,5,8,0.48706790804863,0,0.239645752650176,0,3.65619529851566
1990,5,9,0.0922124311327934,0,0.307992078462121,0,2.80194406054472
1990,5,10,0.881957113742828,0,0.443726771429283,0,2.22105321872447
1990,5,11,1.39654159545898,0,1.07619842359418,0,1.7654525584733
1990,5,12,14.7256536483765,0,6.05407339432168,0,1.66294240991678
1990,5,13,3.00618720054626,0,8.8743265883968,0,1.73128250895446
1990,5,14,0.227720648050308,0,1.47129362389205,0,1.42375206328492
1990,5,15,1.31422781944275,0,0.762517755956651,0,1.18456171665305
1990,5,16,1.1853951215744,0,1.25082634594401,0,1.06268854003586
1990,5,17,10.1897869110107,0,5.16379703614075,0,1.3212419147284
1990,5,18,0.409474402666092,-5.6843418860808e-14,5.82983280088774,0,1.13102863907354
1990,5,19,8.28666973114014,5.6843418860808e-14,3.15162035197864,0,1.81101262449841
1990,5,20,32.6428642272949,0,18.8927958213299,-5.6843418860808e-14,11.3444564402542
1990,5,21,16.0165119171143,0,24.3298407718849,0,8.41722219814042
1990,5,22,0.419761955738068,0,8.27920645428094,0,6.1733889464034
1990,5,23,0.000878748600371182,0,0.226168081275318,0,3.66758531502194
1990,5,24,0.00234043947421014,0,0.00160631636026665,0,2.46024356535634
1990,5,25,0.132809430360794,0,0.0724385397061269,0,1.7654525584733
1990,5,26,10.117241859436,0,5.1147098869933,0,1.99325288859888
1990,5,27,35.8284912109375,0,22.5202979261685,0,7.35795066305645
1990,5,28,1.4740731716156,1.13686837721616e-13,18.7116140611906,0,6.45813935906038
1990,5,29,0.00576124340295792,0,0.816445263713831,0,3.73592541405962
1990,5,30,3.32822775840759,0,1.5204996882585,0,2.80194406054472
1990,5,31,17.3696708679199,0,10.2403678951177,0,4.77241691613104
1990,6,1,0.346612364053726,0,8.94568568952855,0,3.61063523249055
1990,6,2,4.5139479637146,0,2.33865754874751,0,2.65387384596308
1990,6,3,0.635912001132965,0,2.63678863102905,0,2.038812954624
1990,6,4,0.0928859636187553,0,0.376493686411777,0,1.52626221184143
1990,6,5,9.98518662527204e-05,0,0.0508651719883346,0,1.17317170014677
1990,6,6,0.00791442953050137,0,0.00253645669545222,0,0.960178391479347
1990,6,7,0.0249632056802511,0,0.0139190707614034,0,0.789328143885157
1990,6,8,1.87624561786652,0,0.661392472147782,0,0.651508944159178
1990,6,9,1.9477481842041,0,1.89947599511652,0,0.553554802205175
1990,6,10,1.24074184894562,0,1.56209814382055,0,0.484075701516871
1990,6,11,2.94432878494263,0,2.00104607961293,0,0.444210643744894
1990,6,12,7.27087972336449e-05,0,1.85818190414102,0,0.44079363879301
1990,6,13,0.00557977193966508,0,0.00295688111327763,0,0.437376633841126
1990,6,14,0.618819892406464,0,0.239952150957834,0,0.437376633841126
1990,6,15,2.23820972442627,0,1.478137871125,0,0.437376633841126
1990,6,16,1.05860793590546,0,1.62173943055495,0,0.437376633841126
1990,6,17,0.00935035943984985,0,0.424632553198535,0,0.437376633841126
1990,6,18,0.229132294654846,0,0.144208643756429,0,0.437376633841126
1990,6,19,0.347238093614578,0,0.291966492055508,0,0.305252442368286
1990,6,20,1.56380558013916,0,0.891977150782623,0,0.218688316920563
1990,6,21,10.0881700515747,0,5.76476821231154,0,0.207298300414284
1990,6,22,38.0016403198242,0,23.7574873902286,0,0.248302359836889
1990,6,23,0.000663066748529673,-5.6843418860808e-14,19.0210561463227,0,0.267665387897564
1990,6,24,0.00384103693068028,0,0.0022034144076315,0,0.257414373041913
1990,6,25,0.132591158151627,0,0.0595320909706061,0,0.23691234333061
1990,6,26,4.25063848495483,0,1.88713639862544,0,0.220966320221819
1990,6,27,5.45097160339356,0,4.8244915587984,0,0.214132310318051
1990,6,28,0.00577738042920828,0,3.21541651820371,0,0.202742293811772
1990,6,29,0.000146926759043708,0,0.00341588870469423,0,0.189074274004237
1990,6,30,1.30861672005267e-05,0,8.76248250278877e-05,0,0.177684257497958
1990,7,1,0.000239523069467396,0,9.22016206459375e-05,0,0.16515523934105
1990,7,2,0.00431679049506784,0,0.00240851911803475,0,0.157182227786655
1990,7,3,0.0142812496051192,0,0.00841887828573817,0,0.146931212931003
1990,7,4,0.0254568662494421,0,0.0205382787935378,0,0.141236204677864
1990,7,5,0.430255234241486,0,0.193286397116026,0,0.126429183219701
1990,7,6,0.145289450883865,0,0.273045261988955,0,0.119595173315933
1990,7,7,0.104961015284061,0,0.129256520811396,0,0.112761163412165
1990,7,8,0.0128199616447091,0,0.0561099682436179,0,0.11048316011091
1990,7,9,0.000619644531980157,0,0.00780293936986709,0,0.108205156809654
1990,7,10,0.0876473337411881,0,0.0493950507225236,0,0.107066155159026
1990,7,11,0.440243422985077,0,0.241544953452831,0,0.101371146905886
1990,7,12,4.94982528686523,0,2.42296124551649,0,0.0968151403033743
1990,7,13,0.53586083650589,0,2.78591733696157,0,0.0933981353514905
1990,7,14,2.33076405525208,0,1.31285910097904,0,0.0933981353514905
1990,7,15,0.00925204250961542,0,1.29430985269391,0,0.0899811303996067
1990,7,16,6.36251425021328e-05,0,0.00507654694956727,0,0.0899811303996067
1990,7,17,0.00241780583746731,0,0.00089749189100985,0,0.0888421287489788
1990,7,18,0.701643884181976,0,0.34891852603505,0,0.0888421287489788
1990,7,19,0.940433740615845,0,0.781996284513298,0,0.0877031270983508
1990,7,20,2.412846326828,0,1.65733242420538,0,0.0865641254477229
1990,7,21,1.23140215873718,0,1.72001740102314,0,0.085425123797095
1990,7,22,19.4568386077881,0,10.1612835391697,0,0.101371146905886
1990,7,23,1.33431577682495,0,12.1006002257254,0,0.0911201320502346
1990,7,24,0.00426386576145887,0,0.710141315099463,0,0.0945371370021184
1990,7,25,2.19220352172852,0,0.910573261700847,0,0.0956761386527464
1990,7,26,12.4377307891846,0,6.75384737962486,0,0.100232145255258
1990,7,27,3.53830480575562,0,8.13781204240331,0,0.0945371370021184
1990,7,28,0.0105865215882659,0,1.95519085690648,0,0.0933981353514905
1990,7,29,0.293423503637314,0,0.200869250138567,0,0.116178168364049
1990,7,30,1.51087856292725,0,0.673223377894828,0,0.162877236039794
1990,7,31,0.0128490813076496,0,0.49460075380739,0,0.148070214581631
1990,8,1,0.0738705322146416,0,0.0617674797977088,0,0.133263193123468
1990,8,2,2.20400381088257,0,0.993183881082587,0,0.127568184870328
1990,8,3,1.02161777019501,0,1.84457099878455,0,0.120734174966561
1990,8,4,7.9455099105835,0,3.80752920817031,0,0.119595173315933
1990,8,5,6.96672010421753,0,7.68239895518491,0,0.127568184870328
1990,8,6,0,0,4.04926482841074,0,0.128707186520956
1990,8,7,3.89983688364737e-05,0,-0.0974233259694302,0,0.121873176617189
1990,8,8,7.92159971751971e-06,0,2.32583988690749e-05,0,0.111622161761537
1990,8,9,5.07818112964742e-05,0,-0.000790236139437184,0,0.107066155159026
1990,8,10,0.0144022544845939,0,-0.0719447961309925,0,0.103649150207142
1990,8,11,0.677842497825623,0,-0.192836745347449,0,0.100232145255258
1990,8,12,5.72324323654175,0,1.89864977448997,0,0.0968151403033743
1990,8,13,20.8195781707764,0,14.8041960946739,0,0.187935272353609
1990,8,14,1.85426616668701,0,11.7731388644661,0,0.177684257497958
1990,8,15,5.43299007415772,5.6843418860808e-14,3.35479552971628,0,0.20957630371554
1990,8,16,5.92598867416382,-5.6843418860808e-14,5.65301160327363,0,0.177684257497958
1990,8,17,0.0034751386847347,0,3.00385567915509,5.6843418860808e-14,0.144653209629747
1990,8,18,0.00112697132863104,0,0.00221525505730824,-5.6843418860808e-14,0.124151179918445
1990,8,19,0.0631919577717781,0,0.0261508612566104,0,0.116178168364049
1990,8,20,0.456359833478928,0,0.322940419397128,0,0.108205156809654
1990,8,21,1.64472150802612,0,1.15257191446108,0,0.101371146905886
1990,8,22,0.231257990002632,0,0.972274844050844,0,0.0945371370021184
1990,8,23,0.225371241569519,0,0.22901938862924,0,0.0899811303996067
1990,8,24,1.00178027153015,0,0.629497185000219,0,0.085425123797095
1990,8,25,0.504486501216888,0,0.802038597197679,0,0.0820081188452112
1990,8,26,0.0958673730492592,0,0.283676231500067,0,0.0797301155439553
1990,8,27,0.00336641608737409,0,0.0612056893369299,0,0.0763131105920715
1990,8,28,0.000704306818079203,0,0.00213390117824019,0,0.0751741089414436
1990,8,29,0.0871442034840584,0,0.0549436968522059,0,0.0717571039895598
1990,8,30,0.000194778986042365,0,0.0521729530737503,0,0.067201097387048
1990,8,31,0.000292650714982301,0,0.000237772921536816,0,0.0637840924351642
1990,9,1,1.24638418128598e-05,0,0.00013900575140724,0,0.0615060891339084
1990,9,2,9.69033208093606e-05,0,6.49666380923009e-05,0,0.0580890841820246
1990,9,3,0.129929885268211,0,0.0906405364985403,0,0.0569500825313966
1990,9,4,0.250291585922241,0,0.218956687973332,0,0.0546720792301408
1990,9,5,0.983135163784027,0,0.459037990212892,0,0.0523940759288849
1990,9,6,0.364802300930023,0,0.775841765813311,0,0.050116072627629
1990,9,7,1.30129265785217,0,0.777240024002822,0,0.0478380693263732
1990,9,8,11.5332498550415,0,5.51817103529356,0,0.0489770709770011
1990,9,9,1.84270453453064,0,7.0877435973016,0,0.0432820627238614
1990,9,10,1.29232680797577,0,1.61859119174733,0,0.0421430610732335
1990,9,11,8.05776977539063,0,3.49108424850056,0,0.0444210643744894
1990,9,12,3.57651329040527,0,5.89791826233159,0,0.050116072627629
1990,9,13,0.661227524280548,0,2.14317210487206,0,0.050116072627629
1990,9,14,0.549441516399384,0,0.66568523713795,0,0.050116072627629
1990,9,15,4.98984320529416e-07,0,0.248347414877571,0,0.0478380693263732
1990,9,16,0.000660901248920709,0,0.000281457099845284,0,0.0466990676757452
1990,9,17,1.42186522483826,0,0.605310717484827,0,0.0455600660251173
1990,9,18,4.14341259002686,0,2.62278083067758,0,0.0444210643744894
1990,9,19,2.93873238563538,0,3.71338576631206,0,0.0432820627238614
1990,9,20,14.6609907150269,0,7.88927712903387,0,0.0432820627238614
1990,9,21,31.7570018768311,0,22.4565382181372,0,0.0694791006883039
1990,9,22,12.2134885787964,0,21.9908750831728,0,0.0649230940857922
1990,9,23,2.55063678196166e-05,0,6.11710182005845,0,0.0603670874832804
1990,9,24,1.37000588438241e-05,0,2.01576858671615e-05,0,0.0728961056401877
1990,9,25,3.20762737828773e-05,0,2.23560382437427e-05,0,0.0808691171945832
1990,9,26,4.29138308390975e-05,0,3.62458722520387e-05,0,0.0820081188452112
1990,9,27,6.51478985673748e-05,0,5.21632082381984e-05,0,0.0808691171945832
1990,9,28,0.139037236571312,0,0.0625478325418953,0,0.0763131105920715
1990,9,29,3.60930395126343,0,1.40030442608804,0,0.0728961056401877
1990,9,30,19.8956260681152,0,10.7625514606079,0,0.0728961056401877
1990,10,1,0.956390202045441,0,10.4260608695022,0,0.068340099037676
1990,10,2,0.00349971582181752,0,0.535598449956524,0,0.068340099037676
1990,10,3,1.40291500091553,0,0.638051653435468,0,0.0694791006883039
1990,10,4,9.89021396636963,0,5.56041131646998,5.6843418860808e-14,0.0694791006883039
1990,10,5,0.398956805467606,0,5.16500261163856,-5.6843418860808e-14,0.068340099037676
1990,10,6,0.00807944219559431,0,0.20502559122906,-5.6843418860808e-14,0.0694791006883039
1990,10,7,4.00930976867676,0,1.54111676474349,5.6843418860808e-14,1.50348217882887
1990,10,8,40.3939437866211,3.41060513164848e-13,22.1986695294709,4.54747350886464e-13,4.53322656949917
1990,10,9,31.2373790740967,3.41060513164848e-13,35.8600197137421,-2.27373675443232e-13,4.20291609081707
1990,10,10,6.07928848266602,0,18.9374140721247,-3.41060513164848e-13,2.47163358186261
1990,10,11,9.24347914406098e-05,0,3.06113056593858,0,1.12875063577228
1990,10,12,8.55967737152241e-05,0,8.91172530828044e-05,0,0.694791006883039
1990,10,13,0.000157274800585583,0,0.00012124668864999,0,0.507994736180058
1990,10,14,0.0150906508788466,0,0.00735034245190036,0,0.410040594226056
1990,10,15,0.0234535057097673,0,0.0188120713082753,0,0.34170049518838
1990,10,16,0.0227463878691196,0,0.0231888309626811,0,0.292723424211379
1990,10,17,0.715251982212067,0,0.404534737152062,0,0.261970379644425
1990,10,18,12.0577793121338,0,5.71963996498016,0,0.257414373041913
1990,10,19,0.000310150819132105,0,6.0731452147611,0,0.251719364788773
1990,10,20,0.00139666488394141,0,0.000827552628834383,0,0.234634340029354
1990,10,21,0.343181967735291,0,0.133055481133852,0,0.222105321872447
1990,10,22,1.27176463603973,0,0.651407789560835,0,0.211854307016796
1990,10,23,3.22602977576025e-06,0,0.775381274967003,0,0.206159298763656
1990,10,24,0,0,1.75617606146261e-06,0,0.197047285558632
1990,10,25,5.7069970971213e-09,0,3.63979779649526e-09,0,0.182240264100469
1990,10,26,6.38494311715476e-05,0,2.93652301479597e-05,0,0.166294240991678
1990,10,27,1.28991832752945e-05,0,3.40855258400552e-05,0,0.153765222834771
1990,10,28,1.67034431797219e-05,0,1.44884761539288e-05,-5.6843418860808e-14,0.145792211280375
1990,10,29,1.88077974598855e-05,0,1.78532845893642e-05,5.6843418860808e-14,0.140097203027236
1990,10,30,9.10461822059005e-05,0,4.66963283543009e-05,0,0.135541196424724
1990,10,31,2.70369982899865e-05,0,5.79412317165406e-05,0,0.130985189822212
1990,11,1,0.000105455488665029,0,5.49061078345403e-05,0,0.126429183219701
1990,11,2,0.000301610620226711,0,0.000197564435438835,0,0.123012178267817
1990,11,3,0.00630547758191824,0,0.00433860505108896,0,0.118456171665305
1990,11,4,1.47782981395721,0,0.680884580697239,0,0.120734174966561
1990,11,5,20.9767608642578,-1.70530256582424e-13,10.8555594412192,2.27373675443232e-13,0.121873176617189
1990,11,6,0.000964780279900879,-4.54747350886464e-13,10.4905548086244,-1.13686837721616e-13,0.124151179918445
1990,11,7,0.000190334452781826,0,0.000629517920970102,0,0.124151179918445
1990,11,8,2.22732138633728,0,1.18861806425775,0,0.121873176617189
1990,11,9,10.7370681762695,0,5.83102948049964,0,0.128707186520956
1990,11,10,0.0421653389930725,0,5.38984102235736,0,0.125290181569073
1990,11,11,0.00111086911056191,0,0.0232537213705655,0,0.124151179918445
1990,11,12,0.000384602462872863,0,0.000827653291707975,0,0.120734174966561
1990,11,13,0.000952801841776818,0,0.000648549377729069,0,0.117317170014677
1990,11,14,4.13861897641254e-07,0,0.000561852237296989,0,0.116178168364049
1990,11,15,0.00774749694392085,0,0.00342553869450057,0,0.113900165062793
1990,11,16,0.0415333285927773,0,0.022752573755497,0,0.111622161761537
1990,11,17,0.000257029460044578,0,0.0152099340994027,0,0.108205156809654
1990,11,18,0.000296200654702261,0,0.00027524194229045,0,0.105927153508398
1990,11,19,0.0413435287773609,0,0.0146274132312101,0,0.184518267401725
1990,11,20,0.160469338297844,0,0.0979942463691259,0,0.288167417608867
1990,11,21,0.675163269042969,0,0.334361911347514,0,0.158321229437283
1990,11,22,15.1697330474854,0,7.90865259969905,0,0.121873176617189
1990,11,23,0.0535887964069843,0,7.61318580515763,0,0.118456171665305
1990,11,24,1.37965917019756e-05,0,0.0273381369206618,0,0.150348217882887
1990,11,25,0.0103580849245191,0,0.00396915168130363,0,0.250580363138145
1990,11,26,0.996142268180847,0,0.490723237953716,0,0.244885354885006
1990,11,27,20.7325553894043,0,9.40874517730481,0,0.263109381295053
1990,11,28,15.7551431655884,5.6843418860808e-14,18.2443325408549,0,2.67665387897564
1990,11,29,8.04362061899155e-05,-5.6843418860808e-14,8.35719024632817,-2.27373675443232e-13,2.17549315269935
1990,11,30,6.14978198427707e-05,0,7.19772870070301e-05,0,1.53765222834771
1990,12,1,0.000397097959648818,0,0.000208400884730509,0,1.27568184870328
1990,12,2,1.73223638534546,0,0.747700203788554,0,1.13900165062793
1990,12,3,24.1116905212402,-1.13686837721616e-13,6.06641113719343,0,1.59460231087911
1990,12,4,5.60737476007489e-07,1.13686837721616e-13,12.9753576875264,-1.13686837721616e-13,2.39190346631866
1990,12,5,0.000154051565914415,0,7.72709736338584e-05,0,1.7654525584733
1990,12,6,0,0,8.71237407409353e-05,0,1.45792211280375
1990,12,7,0.00155638938304037,0,0.000823832062451402,0,1.28707186520956
1990,12,8,1.42890376082505e-05,0,0.000789256921052584,0,1.13900165062793
1990,12,9,2.36610812862637e-05,0,1.85510598385008e-05,0,1.09344158460282
1990,12,10,3.46621382050216e-05,0,2.82507262454601e-05,0,1.01371146905886
1990,12,11,0.000293916993541643,0,0.000163317881742842,0,0.922591337008626
1990,12,12,0.0645182877779007,0,0.0288356692999514,0,0.85425123797095
1990,12,13,0.175341844558716,0,0.113892938647041,0,0.808691171945832
1990,12,14,2.81662845611572,0,1.10360119986944,0,0.779077129029506
1990,12,15,0.603956282138825,0,1.78750425005637,0,0.740351072908156
1990,12,16,1.05076551437378,0,0.696846781658678,0,0.718710041546226
1990,12,17,14.0725088119507,-5.6843418860808e-14,7.55997026708246,0,0.735795066305645
1990,12,18,17.0985202789307,1.13686837721616e-13,15.5799343274502,3.41060513164848e-13,1.19595173315933
1990,12,19,0.555991351604462,5.6843418860808e-14,8.86063824372468,0,2.59692376343169
1990,12,20,0.194676756858826,0,0.40599252345055,0,2.22105321872447
1990,12,21,14.7174844741821,0,7.45372183803374,1.13686837721616e-13,2.44885354885006
1990,12,22,5.50931644439697,2.74995488107339,7.37130665422228,-1.13686837721616e-13,2.77916402753216
1990,12,23,7.10859537124634,6.24127699725261,0,0,2.3121733507747
1990,12,24,1.00547397136688,4.25257499585206,0,0,1.85657269052353
1990,12,25,3.88217304134741e-05,0.552568786265681,2.08062374440487e-06,0,1.61738234389166
1990,12,26,0.404825240373611,0.101521112105672,0.0922132146879449,0,1.45792211280375
1990,12,27,8.6828088760376,1.4821806527537,3.01004312431905,0,1.40097203027236
1990,12,28,1.09994804859161,1.48963721123823,3.66723899172939,0.210005632746515,1.35541196424724
1990,12,29,7.21318006515503,0,3.4734366842531,2.67030682819592,3.30310478682101
1990,12,30,18.365550994873,4.06444063521366,8.20739852508632,3.36919476054851,10.1371146905886
1990,12,31,2.1661069393158,5.56975914195488,4.71145347065249,0,7.46046081161296
1991,1,1,0.000537907355464995,1.16131538071215,3.72423437511316e-05,0,4.49905651998034
1991,1,2,0.0856363028287888,0.000255530726519737,0.0378645048840554,0,3.4170049518838
1991,1,3,0.040971927344799,0.00436232803127723,0.060676233666527,0,2.91584422560751
1991,1,4,0.0308375097811222,0.0160536376739628,0.0210582075906132,0,2.50580363138145
1991,1,5,0.812938570976257,0.0135240489601642,0.40433567371656,0,2.18688316920563
1991,1,6,18.6654510498047,0,9.68116192040543,0.187669399856532,2.82472409355727
1991,1,7,12.6888027191162,1.60593122402452,14.1049051746704,0.191028332931637,7.67687112523227
1991,1,8,0.153183132410049,1.72096567847092,5.07322870394273,0,5.17106749385082
1991,1,9,0.500600636005402,0,0.315862780867974,0.682072254154036,3.77009546357846
1991,1,10,23.1513710021973,0,10.6751865788083,1.01394072230858,4.6812967840808
1991,1,11,10.1138706207275,-1.70530256582424e-13,17.2279074374983,0.257066824866683,9.23730338659254
1991,1,12,0.0317129753530026,0.00483463751544377,5.1043864045223,0,8.32610206609019
1991,1,13,0.00143333687447011,0.00488854330097865,0.0117427930235863,0,4.85214703167499
1991,1,14,0.0876706317067146,0,0.0443968647687143,2.0330003317419,3.4170049518838
1991,1,15,8.93435192108154,0,4.50360392709808,4.08685764539689,3.04113440717658
1991,1,16,9.12746906280518,0,9.01453281931026,3.14669788659955,4.69268680058708
1991,1,17,0.0131425708532333,0,4.6151996790195,2.09246094560945,3.66758531502194
1991,1,18,0.00117439241148531,0,0.00793326990242349,3.56640545923574,2.82472409355727
1991,1,19,2.16510987281799,0,1.07938627382828,4.77792285762035,2.3121733507747
1991,1,20,0.949153900146484,0,1.56569392667734,2.86224477392346,2.038812954624
1991,1,21,0.0646545737981796,0.0301169595852002,0.477543168553893,0,1.69711245943562
1991,1,22,0.00143949151970446,0.0321298215463912,0.00231427583094046,0,1.42375206328492
1991,1,23,0.00091793795581907,0.000731149761577399,0.000477052895803354,0,1.26429183219701
1991,1,24,1.79523958649952e-05,0,0.000467968782686512,0.0602507638293446,1.16178168364049
1991,1,25,0.0144466366618872,0,0.00602920248820738,0,1.05927153508398
1991,1,26,0.030234707519412,0,0.0216326035515522,0,0.977263416238766
1991,1,27,0.284947067499161,0,0.157549119327086,0.000982489383090979,0.91461832545423
1991,1,28,0.53279060125351,0,0.4088673481765,0,0.869058259429113
1991,1,29,0.154909893870354,0,0.352188326905889,-1.13686837721616e-13,0.82122019010274
1991,1,30,0.189234137535095,0.0236790070813981,0.146979645161991,5.6843418860808e-14,0.765409109221971
1991,1,31,0.000836992869153619,0.0259149841952535,0.0695254905695038,-5.6843418860808e-14,0.708459026690574
1991,2,1,0.000190474806004204,0,0.000576135995288496,0.0615534656502064,0.65036994250855
1991,2,2,3.05325629597064e-05,0,0.000112573829028406,0,0.603670874832804
1991,2,3,0.0014261839678511,0,0.000699533500664984,0,0.592280858326525
1991,2,4,0.178080007433891,0,0.0842219266505708,0,0.592280858326525
1991,2,5,0.860711514949799,0,0.543150251751285,0,0.603670874832804
1991,2,6,7.0012698173523,0,3.90084975846185,0,0.621894901242851
1991,2,7,0.000356005853973329,0,3.62703931398755,-5.6843418860808e-14,0.723266048148737
1991,2,8,0.00192353664897382,0,0.00129459348863747,5.6843418860808e-14,0.68340099037676
1991,2,9,0.000764779862947762,0,0.00119969803381537,0,0.641257929303526
1991,2,10,0.00406387774273753,0,0.00118712234325358,0,0.609365883085944
1991,2,11,0.000375122530385852,0,0.00252285172973643,0,0.579751840169618
1991,2,12,0.01673274487257,0,0.00473131156650197,0,0.553554802205175
1991,2,13,7.59941387176514,0,3.77285183144159,0,0.550137797253292
1991,2,14,0.069518469274044,0,3.9946275791026,0,0.608226881435316
1991,2,15,0.0131132397800684,0.0030984225649604,0.0387358648767986,0,0.593419859977153
1991,2,16,0.0347543433308601,0.0125504023386043,0.0112030229956872,0,0.562666815410199
1991,2,17,0.124671876430511,0.00949970487766905,0.0702133404975029,0.0407113668782699,0.535330775795128
1991,2,18,0.731134116649628,0,0.411557967781846,0,0.536469777445756
1991,2,19,1.1209100484848,0,0.905941483624702,0,0.530774769192617
1991,2,20,0.00489897094666958,0,0.634542540696202,0,0.50685573452943
1991,2,21,0.00149117596447468,0,0.00351314513864054,0,0.47951969491436
1991,2,22,0.146570473909378,0,0.0880073848893517,0,0.459017665203057
1991,2,23,0.0604436099529266,0,0.106497863476761,0,0.445349645395522
1991,2,24,0.241874545812607,0,0.128073177131228,0,0.429403622286731
1991,2,25,2.74557256698608,0,1.48751620547955,0,0.423708614033591
1991,2,26,0.0289376508444548,0,1.61079246671943,0,0.415735602479195
1991,2,27,1.15602563255379e-06,0,0.0144760633538681,0.000700416689994654,0.406623589274172
1991,2,28,0.0373514257371426,0,0.022373193212843,-5.6843418860808e-14,0.398650577719776
1991,3,1,13.5561294555664,0,6.75208975984424,0,0.405484587623544
1991,3,2,4.36277675628662,0,9.06039144394526,0,0.498882722975035
1991,3,3,0.436784118413925,0,2.44243919532346,0,0.752880091065064
1991,3,4,2.95405470751575e-06,0,0.226714533617269,0,0.751741089414436
1991,3,5,5.29083918081597e-05,0,2.57702504313784e-05,0,0.695930008533667
1991,3,6,0.000373434071661904,0,0.000210756801607204,0,0.662898960665457
1991,3,7,0,0,0.000177461854036665,0,0.627589909495991
1991,3,8,0.0931732505559921,0,0.0561226243044075,0,0.579751840169618
1991,3,9,3.58028341906902e-06,0,0.037913675640084,0,0.5341917741445
1991,3,10,0.000395317299989983,0,0.000187047944564256,0,0.500021724625663
1991,3,11,0.00984924100339413,0,0.00396289243508363,0,0.478380693263732
1991,3,12,0.0319579280912876,-5.6843418860808e-14,0.0215860518765112,0,0.464712673456197
1991,3,13,5.48858843103517e-05,5.6843418860808e-14,0.0196309308648779,0,0.452183655299289
1991,3,14,3.60429403372109e-05,0,4.50251009169733e-05,0,0.44079363879301
1991,3,15,0.0140884062275291,0,0.00522598966927035,0,0.425986617334847
1991,3,16,0.374466627836227,0,0.189045008224639,5.6843418860808e-14,0.405484587623544
1991,3,17,16.096435546875,0,5.67774385158737,-5.6843418860808e-14,0.4077625909248
1991,3,18,1.31645774841309,-5.6843418860808e-14,8.71101868009282,0,0.493187714721895
1991,3,19,1.20669574243948e-05,5.6843418860808e-14,0.583765234330713,0,0.67770598212362
1991,3,20,0.138252183794975,0,0.0661861406952085,0,0.641257929303526
1991,3,21,2.79660272598267,0,1.34582946422779,0,0.602531873182176
1991,3,22,23.8764877319336,0,11.4815471865459,0,1.7654525584733
1991,3,23,11.6685047149658,0,17.7728601617855,0,5.95697863278409
1991,3,24,0.434542119503021,0,6.80219755389408,0,3.54229513345287
1991,3,25,0.000297108839731663,0,0.225940631260528,0,2.56275371391285
1991,3,26,0.15897361934185,0,0.0726486552484857,0,2.0957630371554
1991,3,27,13.0480194091797,0,6.34194161523737,0,2.38051344981238
1991,3,28,1.28562891483307,0,7.88428468292659,0,3.99789579370404
1991,3,29,1.34356093406677,0,1.31371152290558,0,3.06391444018914
1991,3,30,1.74899840354919,0,1.50405375102673,0,2.83611411006355
1991,3,31,5.08643388457131e-05,0,0.876795436870452,0,2.46024356535634
1991,4,1,4.20139514289986e-07,0,2.59663593169535e-05,0,2.10715305366168
1991,4,2,0.00259634735994041,0,0.0016460547594761,0,1.86796270702981
1991,4,3,5.65159177780151,0,2.61722700858809,0,1.82240264100469
1991,4,4,19.1599807739258,0,12.2468986100721,0,4.45349645395522
1991,4,5,0.000878020538948476,0,9.60619235576632,0,4.10040594226056
1991,4,6,0.0198334772139788,0,0.00997347616612387,0,3.07530445669542
1991,4,7,0.0334273837506771,0,0.0254914741963148,0,2.56275371391285
1991,4,8,2.75150537490845,0,1.04997988538707,0,2.41468349933122
1991,4,9,0.180463790893555,0,1.63031339905865,0,2.32356336728098
1991,4,10,0.0393668413162231,0,0.122437568312307,0,1.90213275654865
1991,4,11,4.5999903678894,0,2.18645958921297,0,1.68572244292934
1991,4,12,26.0689086914063,0,15.3143025810914,0,3.13225453922682
1991,4,13,15.2589797973633,0,20.6835581811411,0,12.9846188171584
1991,4,14,33.2087669372559,5.6843418860808e-14,23.2077045965616,0,24.8302359836889
1991,4,15,5.53765249252319,1.13686837721616e-13,19.3739195740363,5.6843418860808e-14,11.3900165062793
1991,4,16,4.92887156724464e-05,0,2.8198569788583,0,7.17571039895598
1991,4,17,7.91019153594971,0,3.90410445699854,0,4.55600660251173
1991,4,18,40.7967033386231,0,24.2685689653699,0,12.3012178267817
1991,4,19,0.620610952377319,0,20.7384717855293,0,11.3672364732668
1991,4,20,0.0536912083625794,0,0.345031013896005,-5.6843418860808e-14,5.53554802205175
1991,4,21,0.076934888958931,0,0.0649628318151372,5.6843418860808e-14,3.95233572767893
1991,4,22,1.66436076164246,0,0.793503428338227,0,3.22337467127705
1991,4,23,0.00641512311995029,0,0.933240949723768,0,2.6994339119882
1991,4,24,0.0222224947065115,0,0.0119391578791692,-5.6843418860808e-14,2.23244323523075
1991,4,25,1.15161228179932,0,0.51060221307489,5.6843418860808e-14,1.92491278956121
1991,4,26,1.01498770713806,0,1.09257487292234,0,1.73128250895446
1991,4,27,29.0408248901367,0,14.5036370070957,0,2.41468349933122
1991,4,28,3.24074411392212,0,16.1409083870367,0,3.30310478682101
1991,4,29,28.2664051055908,0,15.7525514499994,0,7.74521122426994
1991,4,30,0.00550039112567902,0,14.1362798676364,0,6.10504884736572
1991,5,1,1.54203867912292,0,0.756291743269685,0,4.11179595876684
1991,5,2,0.0413693934679031,0,0.793667908848875,0,3.0297443906703
1991,5,3,27.5574569702148,5.6843418860808e-14,13.753515772165,0,3.43978498489636
1991,5,4,1.59529161453247,-5.6843418860808e-14,14.5764424931112,0,5.99114868230293
1991,5,5,2.87654280662537,0,2.2266610323677,0,3.64480528200939
1991,5,6,0.0209941882640123,0,1.7007202845889,0,2.87028415958239
1991,5,7,2.75948950729799e-05,0,0.0131984237723373,0,2.27800330125587
1991,5,8,0.0397685244679451,0,0.0193524492660799,0,1.90213275654865
1991,5,9,0.101341336965561,0,0.0702315165726759,5.6843418860808e-14,1.64016237690422
1991,5,10,3.74930429458618,0,1.60998238996217,-5.6843418860808e-14,1.50348217882887
1991,5,11,1.62198638916016,0,2.88726649207092,0,1.54904224485399
1991,5,12,0.610201895236969,0,1.14139100043212,-5.6843418860808e-14,1.57182227786655
1991,5,13,0.651761651039124,0,0.635995924170857,5.6843418860808e-14,1.40097203027236
1991,5,14,1.08623921871185,0,0.818376834946321,0,1.19595173315933
1991,5,15,2.81567573547363,0,1.79601977432867,0,1.0763565598434
1991,5,16,14.6325492858887,0,7.73878388571393,0,1.49209216232259
1991,5,17,0.359160542488098,0,7.52257868245761,0,1.57182227786655
1991,5,18,0.553174436092377,0,0.441926759913258,0,1.30985189822212
1991,5,19,10.695538520813,0,5.44318855999882,0,1.4351420797912
1991,5,20,4.98729228973389,0,7.93836552289213,0,1.45792211280375
1991,5,21,4.81891441345215,0,4.92445066281834,0,1.35541196424724
1991,5,22,1.68321013450623,0,3.44450331974622,0,1.36680198075352
1991,5,23,2.49701547622681,0,2.07732845236205,0,1.30985189822212
1991,5,24,1.06696665287018,0,1.7671604148145,0,1.17317170014677
1991,5,25,37.8600921630859,0,17.4546144879514,0,6.73149975521108
1991,5,26,0.122847244143486,0,19.0450722476544,0,5.37608779096384
1991,5,27,1.23087358474731,0,0.63488261996099,0,2.68804389548192
1991,5,28,0.0145832682028413,0,0.62830239075447,0,1.75406254196702
1991,5,29,0.460975289344788,0,0.277240886836808,0,1.3781919972598
1991,5,30,0.430668264627457,0,0.444219640659867,0,1.18456171665305
1991,5,31,0.0525032840669155,0,0.285470323411573,0,1.01371146905886
1991,6,1,0.119270704686642,0,0.105470482583769,0,0.864502252826601
1991,6,2,4.44943857192993,5.6843418860808e-14,1.75867975989604,0,0.744907079510668
1991,6,3,0.881699919700623,-5.6843418860808e-14,2.87844124810908,0,0.662898960665457
1991,6,4,0.316542416810989,0,0.619762119669758,0,0.587724851724013
1991,6,5,1.1953262090683,0,0.650028538206243,0,0.538747780747012
1991,6,6,2.80012011528015,0,2.1020258927183,0,0.527357764240733
1991,6,7,0.475235819816589,0,1.75730082679547,-5.6843418860808e-14,0.486353704818127
1991,6,8,0.253005892038345,0,0.3422160252303,5.6843418860808e-14,0.447627648696778
1991,6,9,0.0023607537150383,5.6843418860808e-14,0.137224550784595,0,0.412318597527312
1991,6,10,0.813539385795593,-5.6843418860808e-14,0.33556905756268,0,0.379287549659102
1991,6,11,9.09991550445557,0,4.01990032982212,0,0.355368514995915
1991,6,12,9.32196712493896,0,9.23544982349995,-5.6843418860808e-14,0.343978498489636
1991,6,13,1.32365679740906,0,5.36990948615676,5.6843418860808e-14,0.338283490236496
1991,6,14,0.946617662906647,0,1.10721986259887,0,0.325754472079589
1991,6,15,1.6636757850647,0,1.2970204370431,0,0.305252442368286
1991,6,16,17.7059688568115,0,8.87947142061421,0,0.291584422560751
1991,6,17,4.87541198730469,0,11.5627418537115,0,0.273360396150704
1991,6,18,0.843152582645416,0,2.99076521325151,0,0.260831377993797
1991,6,19,0.292065590620041,0,0.569829020818361,0,0.24260735158375
1991,6,20,0.433001816272736,0,0.35949529851132,-5.6843418860808e-14,0.246024356535634
1991,6,21,3.76601457595825,0,1.97310859992831,5.6843418860808e-14,0.252858366439401
1991,6,22,3.2393012046814,0,3.5782290011266,0,0.23691234333061
1991,6,23,7.28486061096191,0,5.1791020957462,0,0.220966320221819
1991,6,24,3.91859412193298,0,5.6917010011457,0,0.282472409355727
1991,6,25,5.23648500442505,0,4.54341428303269,0,0.220966320221819
1991,6,26,0.0276414286345243,0,2.71029957348947,0,0.19818628720926
1991,6,27,0.0211638566106558,0,0.0240641187156143,0,0.183379265751097
1991,6,28,0.0746820047497749,0,0.0555727067076077,0,0.173128250895446
1991,6,29,0.0161514952778816,0,0.0402476925119117,0,0.162877236039794
1991,6,30,0.000121875717013609,0,0.00856949422450271,0,0.152626221184143
1991,7,1,0.0019446334335953,0,0.000828105470645824,0,0.142375206328492
1991,7,2,0.205019623041153,0,0.111821348304147,0,0.136680198075352
1991,7,3,6.01210451126099,0,2.82363169820201,0,0.146931212931003
1991,7,4,6.37662363052368,0,6.2364516163434,0,0.153765222834771
1991,7,5,0.067637674510479,0,3.24912489119197,0,0.161738234389166
1991,7,6,0.00107739772647619,0,0.0249088804612256,0,0.161738234389166
1991,7,7,0.00290265842340887,-5.6843418860808e-14,0.00187560080303228,0,0.144653209629747
1991,7,8,0.033856026828289,5.6843418860808e-14,0.022978117915045,0,0.13212419147284
1991,7,9,0.0153868095949292,0,0.0248091693119932,0,0.123012178267817
1991,7,10,1.73992228507996,0,0.729715748213494,0,0.113900165062793
1991,7,11,0.000864617235492915,0,1.1066168723064,0,0.109344158460282
1991,7,12,0.969733953475952,0,0.564034203684059,0,0.108205156809654
1991,7,13,5.63677501678467,0,2.84180271838704,5.6843418860808e-14,0.105927153508398
1991,7,14,0.119685791432858,0,3.03381722122322,-5.6843418860808e-14,0.100232145255258
1991,7,15,8.19639390101656e-05,0,0.0616331250785152,0,0.0945371370021184
1991,7,16,1.73035768966656e-05,0,5.12153892486822e-05,5.6843418860808e-14,0.0888421287489788
1991,7,17,0.0335317999124527,0,0.0212565185629501,-5.6843418860808e-14,0.0888421287489788
1991,7,18,0.0476573035120964,0,0.0401901827644906,0,0.0865641254477229
1991,7,19,0.52195531129837,0,0.307998235088235,0,0.0831471204958391
1991,7,20,1.89762878417969,0,0.950487718180739,0,0.0911201320502346
1991,7,21,0.25660103559494,0,1.25992943979873,0,0.0808691171945832
1991,7,22,0.000894671306014061,0,0.151515170982748,0,0.0785911138933274
1991,7,23,1.57368695735931,0,0.594935521861771,0,0.0808691171945832
1991,7,24,13.2098703384399,0,4.81715862170313,0,0.085425123797095
1991,7,25,12.4967594146729,0,12.7691387626619,0,0.0911201320502346
1991,7,26,2.77537250518799,0,8.66513852478965,0,0.0877031270983508
1991,7,27,0.168420225381851,0,1.72153540532599,0,0.085425123797095
1991,7,28,3.61720943450928,0,1.4105080564641,0,0.0877031270983508
1991,7,29,4.77597141265869,-5.6843418860808e-14,4.54622526535422,0,0.085425123797095
1991,7,30,0.151206389069557,5.6843418860808e-14,2.46268793705713,0,0.0808691171945832
1991,7,31,0.00307170953601599,0,0.0642768989000615,0,0.0774521122426994
1991,8,1,0.310066163539886,0,0.23942058688408,0,0.0740351072908156
1991,8,2,0.1546960324049,0,0.227592979204928,0,0.0728961056401877
1991,8,3,1.8107842206955,0,0.997748686681007,0,0.0706181023389318
1991,8,4,0.14645628631115,0,0.959332739646925,0,0.068340099037676
1991,8,5,1.0691431760788,0,0.525073498158236,0,0.0660620957364201
1991,8,6,1.18556499481201,0,1.14588126472518,0,0.0649230940857922
1991,8,7,1.06660342216492,0,1.1404048177119,0,0.0626450907845363
1991,8,8,1.13448464870453,0,1.09072345744607,0,0.0660620957364201
1991,8,9,3.42261481285095,0,2.0755315784736,0,0.0626450907845363
1991,8,10,0.0994248166680336,0,2.13080009825535,0,0.0580890841820246
1991,8,11,0.0376595035195351,0,-0.0302428789746045,0,0.0558110808807687
1991,8,12,0.000293838093057275,0,0.0203878412739869,0,0.0535330775795128
1991,8,13,0.577422916889191,0,0.23594115954802,0,0.0535330775795128
1991,8,14,1.70350539684296,0,1.05761933460417,0,0.0535330775795128
1991,8,15,0.000217400112887844,0,1.03992513342746,0,0.050116072627629
1991,8,16,0.00920580513775349,0,-0.0493784838708962,0,0.0478380693263732
1991,8,17,3.30052852630615,0,1.6397010002438,0,0.0489770709770011
1991,8,18,14.0194692611694,0,7.58477277462043,0,0.0478380693263732
1991,8,19,0,0,8.26089023327586,0,0.0466990676757452
1991,8,20,0.000129122447106056,0,-0.0402335296021192,0,0.0489770709770011
1991,8,21,4.37621641159058,0,1.78287286792511,0,0.0535330775795128
1991,8,22,10.9510688781738,0,7.2046898283661,0,0.0535330775795128
1991,8,23,1.23226916790009,0,6.58261870911701,0,0.050116072627629
1991,8,24,1.81940376758575,0,1.53166383770804,0,0.0489770709770011
1991,8,25,0.0270102713257074,0,1.15806787121437,0,0.0466990676757452
1991,8,26,1.0191912651062,0,0.433258170694899,0,0.0489770709770011
1991,8,27,5.53055477142334,0,2.41600791705241,0,0.0478380693263732
1991,8,28,0.0821027532219887,0,3.14983324685636,0,0.0444210643744894
1991,8,29,6.03822803497315,0,0.818371757919522,0,0.0489770709770011
1991,8,30,10.9237251281738,0,6.97575493131626,0,0.0546720792301408
1991,8,31,8.81252765655518,0,10.569211046246,0,0.0558110808807687
1991,9,1,6.67819881439209,0,8.40336420459789,0,0.0603670874832804
1991,9,2,16.2417068481445,0,11.3792681408631,5.6843418860808e-14,0.085425123797095
1991,9,3,3.34148573875427,0,9.80494617447766,-5.6843418860808e-14,0.0660620957364201
1991,9,4,7.46743726730347,0,5.13623715871108,0,0.0797301155439553
1991,9,5,4.90680313110352,0,6.30469609257671,0,0.0763131105920715
1991,9,6,0.633558988571167,0,2.89451204720172,0,0.067201097387048
1991,9,7,0.30853745341301,0,0.487140837962215,0,0.067201097387048
1991,9,8,5.32581233978272,0,2.69938959377942,0,0.067201097387048
1991,9,9,1.25528943538666,0,3.3509219319767,0,0.0660620957364201
1991,9,10,0.00618421705439687,5.6843418860808e-14,0.752203380767242,5.6843418860808e-14,0.067201097387048
1991,9,11,0.00247939652763307,-5.6843418860808e-14,0.00381800772993302,-5.6843418860808e-14,0.0694791006883039
1991,9,12,0.684456586837769,0,0.29450835373973,0,0.0706181023389318
1991,9,13,0.00829593371599913,0,0.436378423422866,0,0.0694791006883039
1991,9,14,0.637151002883911,0,0.287037698572021,0,0.0694791006883039
1991,9,15,0.0516793020069599,0,0.276832343080969,0,0.068340099037676
1991,9,16,4.60145092010498,0,2.05127272476966,0,0.068340099037676
1991,9,17,3.97992730140686,0,4.25111775210098,0,0.068340099037676
1991,9,18,10.3753137588501,0,6.65128017651841,0,0.0831471204958391
1991,9,19,23.0835647583008,0,16.7287291632911,0,0.0808691171945832
1991,9,20,3.28547668457031,0,13.1849888350553,0,0.0717571039895598
1991,9,21,0,0,1.45445345581356,0,0.0728961056401877
1991,9,22,0.988701701164246,0,0.42084716996942,0,0.0797301155439553
1991,9,23,11.0655202865601,0,5.55501186869697,0,0.0820081188452112
1991,9,24,0.979564785957336,0,6.14709298688285,0,0.0820081188452112
1991,9,25,0.207326412200928,0,0.625268080890237,0,0.0808691171945832
1991,9,26,3.91531139030121e-05,0,0.0956597717176919,0,0.0797301155439553
1991,9,27,0.000768289726693183,0,0.000428031884439406,0,0.0785911138933274
1991,9,28,2.218672852905e-05,0,0.000454922621429432,0,0.0740351072908156
1991,9,29,2.20240199269028e-05,0,2.21143764065346e-05,0,0.0706181023389318
1991,9,30,4.86331373394933e-06,0,1.5279627405107e-05,0,0.068340099037676
1991,10,1,4.5945184865559e-06,0,4.71648672828451e-06,0,0.0649230940857922
1991,10,2,0.0724442601203919,0,0.0307803654886811,0,0.0626450907845363
1991,10,3,0.068962074816227,0,0.0704455610120931,0,0.0615060891339084
1991,10,4,0.287140071392059,0,0.167315187060012,0,0.0603670874832804
1991,10,5,7.93039894104004,0,3.74813401538449,0,0.0615060891339084
1991,10,6,0.336950480937958,0,4.57661612689299,0,0.0569500825313966
1991,10,7,5.65180962439627e-05,0,0.18500716051858,0,0.0558110808807687
1991,10,8,0.000388522137654945,0,0.000271581830020295,0,0.0546720792301408
1991,10,9,0.00161763839423656,0,0.00097170528715651,0,0.0535330775795128
1991,10,10,0.000201016722712666,0,0.00111279090560856,0,0.0523940759288849
1991,10,11,1.65074088727124e-05,0,0.000112456236820435,0,0.050116072627629
1991,10,12,4.09957683586981e-05,0,2.47605603362899e-05,0,0.0489770709770011
1991,10,13,0.0021424142178148,0,0.000983524436378502,0,0.0478380693263732
1991,10,14,0.237518668174744,0,0.154177217158576,0,0.0466990676757452
1991,10,15,0.137042000889778,0,0.190137232460984,0,0.0455600660251173
1991,10,16,0.0307524763047695,0,0.0746063307706208,0,0.0444210643744894
1991,10,17,2.43149552261457e-05,0,0.0183396945612913,0,0.0432820627238614
1991,10,18,6.2405139033217e-05,0,4.30844811489806e-05,0,0.0432820627238614
1991,10,19,0.000925942382309586,0,0.000636829447103082,0,0.0421430610732335
1991,10,20,0.0443821027874947,0,0.0214103415892168,-5.6843418860808e-14,0.0421430610732335
1991,10,21,0.000406172242946923,5.6843418860808e-14,0.0199580032312952,5.6843418860808e-14,0.0421430610732335
1991,10,22,0.000269423326244578,-5.6843418860808e-14,0.000358773098923848,0,0.0410040594226056
1991,10,23,0.0828170776367188,0,0.0386990126917226,0,0.0410040594226056
1991,10,24,1.33500790596008,0,0.666012554136614,0,0.0410040594226056
1991,10,25,40.3577880859375,0,20.8442740750234,0,0.050116072627629
1991,10,26,42.4285163879395,0,41.3868814180896,0,0.0774521122426994
1991,10,27,2.81289863586426,0,22.620787775897,0,0.175406254196702
1991,10,28,16.6157341003418,0,9.6565348684635,0,0.600253869880921
1991,10,29,77.0376510620117,-2.27373675443232e-13,46.825355523366,-5.6843418860808e-14,30.7530445669542
1991,10,30,5.38845443725586,-6.25277607468888e-13,44.9605574294656,1.02318153949454e-12,8.33749208259647
1991,10,31,8.55739974975586,-5.6843418860808e-14,6.9728577796086,-5.6843418860808e-14,4.08901592575428
1991,11,1,28.8916435241699,-1.13686837721616e-13,18.6499670663343,-4.54747350886464e-13,12.6429183219701
1991,11,2,2.0996253490448,0.53289893394782,15.0545550608695,-2.8421709430404e-13,5.35330775795128
1991,11,3,0.0802252218127251,0.579574514966794,0.51804175639154,0,2.92723424211379
1991,11,4,1.40663805723307e-05,0.0412226464331411,0.000952583797698026,0,1.99325288859888
1991,11,5,0.000355729396687821,4.10004378181839e-06,0.00017430512161809,0,1.53765222834771
1991,11,6,0.0010308176279068,0,0.000684411097608972,1.19202589816859,1.25290181569073
1991,11,7,0.0110834371298552,0,0.00567862931893615,0,1.04560351527644
1991,11,8,0.00831210520118475,0.00289409620228298,0.00693186056741979,0,0.886143284188532
1991,11,9,3.77667092834599e-05,0.00350343678354648,0.00107866598045803,0,0.767687112523227
1991,11,10,0.0269694291055203,5.28944156030775e-07,0.0129603732166288,0.00635261153217925,0.684539992027388
1991,11,11,0.00330956955440342,0,0.0157959645657684,5.6843418860808e-14,0.618477896290967
1991,11,12,0.000688241969328374,0,0.0021070542097732,0,0.564944818711455
1991,11,13,0.000357383221853524,0,0.000531846126250457,0,0.522801757638221
1991,11,14,0.427282989025116,-5.6843418860808e-14,0.212301251458484,0,0.490909711420639
1991,11,15,1.55443251132965,5.6843418860808e-14,0.987357178119055,0,0.461295668504313
1991,11,16,12.7488174438477,0,6.82908121693436,0,0.448766650347406
1991,11,17,23.9701404571533,0,17.81807682006,0,1.33263193123468
1991,11,18,22.3895130157471,0,23.17989279625,0,14.9209216232259
1991,11,19,4.93491268157959,0,13.666791220794,0,6.26450907845363
1991,11,20,29.4149131774902,-2.27373675443232e-13,17.1490519690615,-1.13686837721616e-13,12.4151179918445
1991,11,21,0.445192962884903,-1.13686837721616e-13,14.9422731001323,5.6843418860808e-14,6.26450907845363
1991,11,22,0.000481571187265217,0,0.225856312250471,0,3.99789579370404
1991,11,23,0.000820052868220955,0,0.000646238313493086,0,2.90445420910123
1991,11,24,1.82086853328656e-06,0,0.000484650268845144,0,2.20966320221819
1991,11,25,1.30706193885999e-05,0,6.58420685795136e-06,0,1.7654525584733
1991,11,26,0.00107517605647445,0,0.000398127180233132,0,1.49209216232259
1991,11,27,0.00236227572895587,0,0.00156118236918701,0,1.29846188171584
1991,11,28,0.30448916554451,0,0.15243340838424,0,1.15039166713421
1991,11,29,2.33918380737305,0,1.25855821124787,0,1.04902052022833
1991,11,30,13.4110450744629,0,7.73634173417668,0,1.62877236039794
1991,12,1,28.7435245513916,0,21.0770746147773,0,6.07087879784688
1991,12,2,15.678147315979,1.70530256582424e-13,22.6379167235209,0,10.2054547896263
1991,12,3,10.3354616165161,0,13.0295795511265,0,10.5471552848147
1991,12,4,8.93611831997987e-06,2.03712204438489e-07,5.19793180531633,0,5.74056831916478
1991,12,5,0.00134200451429933,2.04934110570321e-07,0.000675185772706755,0.00721771513974545,3.98650577719776
1991,12,6,0.0022634353954345,0,0.00177121491469734,0,3.10947450621426
1991,12,7,0.13709856569767,0,0.0588563097899169,0,2.55136369740657
1991,12,8,0.676638185977936,0,0.405469578065095,0,2.17549315269935
1991,12,9,8.23233032226563,0,4.37689478555876,0,1.93630280606749
1991,12,10,0.592119991779327,0,4.41345450751214,0,1.83379265751097
1991,12,11,0.331783890724182,0,0.464742837066297,0,1.62877236039794
1991,12,12,9.94256496429443,-5.6843418860808e-14,5.02622526073355,0,1.67433242642306
1991,12,13,4.49892854690552,5.6843418860808e-14,7.24238132469145,0,2.74499397801332
1991,12,14,0.00074073311407119,0,2.26400479111544,0,1.93630280606749
1991,12,15,0.000143567929626443,0,0.000449087292508921,0,2.01603292161144
1991,12,16,0.0149005670100451,0,0.00676019023740082,0,1.73128250895446
1991,12,17,0.00121205800678581,0,0.00838565107551403,0,1.53765222834771
1991,12,18,7.91683078205097e-07,5.6843418860808e-14,0.000677968568197684,0,1.36680198075352
1991,12,19,0.14414282143116,-5.6843418860808e-14,0.0720424026931141,0,1.19595173315933
1991,12,20,5.47583913803101,0,2.755902545352,0.00232359511784352,1.13102863907354
1991,12,21,19.8938617706299,-2.8421709430404e-13,11.7757692509258,-3.97903932025656e-13,2.10715305366168
1991,12,22,0.96856153011322,-2.27373675443232e-13,10.74454598995,-2.8421709430404e-13,2.52858366439401
1991,12,23,4.22346544265747,0,2.4663786338424,0,2.4260735158375
1991,12,24,0.139791384339333,0,2.49186990524322,0,2.32356336728098
1991,12,25,4.18891322624404e-05,0,0.0472802608182974,0,1.95908283908004
1991,12,26,0.0118088638409972,0,0.00589961635159852,0,1.46931212931003
1991,12,27,0.188834488391876,0,0.0825988733231498,0,1.56043226136027
1991,12,28,3.91643571853638,0,1.85035040306138,0,1.50348217882887
1991,12,29,0.509308934211731,0,2.21290540905648,0,1.38958201376608
1991,12,30,0.000221083522774279,5.6843418860808e-14,0.256647532869465,0,1.27568184870328
1991,12,31,0.312731325626373,-5.6843418860808e-14,0.121387501756544,0,1.16178168364049
1992,1,1,0.744750022888184,-5.6843418860808e-14,0.524763529709162,-5.6843418860808e-14,1.06496654333712
1992,1,2,0.628923237323761,5.6843418860808e-14,0.691441451288483,5.6843418860808e-14,1.00118245090195
1992,1,3,0.0121065452694893,0,0.342907846481467,0,0.949927376623696
1992,1,4,0.010450198315084,0,0.0113023150352092,0,0.892977294092299
1992,1,5,0.00336946547031403,0,0.00726973632299632,0,0.837166213211531
1992,1,6,0.594244718551636,0,0.276405297114252,0,0.789328143885157
1992,1,7,0.0738416239619255,0,0.34465141745568,0,0.747185082811924
1992,1,8,8.2330846786499,0,4.14857479635793,0,0.913479323803602
1992,1,9,0.0862562134861946,0,4.17013741347546,0,1.0888855780003
1992,1,10,0.00581632740795612,0,0.0490549371461384,0,0.984097426142534
1992,1,11,0.0572306364774704,0,0.0315214776492212,0.000283677240929592,0.890699290791043
1992,1,12,0.422117233276367,0,0.224823399908928,0,0.832610206609019
1992,1,13,2.69929766654968,0,1.47065981347077,0,0.841722219814042
1992,1,14,12.997486114502,2.41336904905995,5.42845604296053,0,1.08432957139779
1992,1,15,0.000705959217157215,2.51931220535681,4.25564707390186,0,1.17317170014677
1992,1,16,0.00140206713695079,0.00100912980616386,5.77307509956881e-05,0,1.09230258295219
1992,1,17,0.000125707243569195,0.000819397338375438,5.09088877151953e-05,0,1.02054547896263
1992,1,18,0.0196563694626093,2.22395607352155e-06,0.00729033481911756,0,0.981819422841278
1992,1,19,1.60775113105774,0.345429791231538,0.465047612469789,0,0.931703350213649
1992,1,20,0.445806175470352,0.367723729281124,0.69403777892876,1.10142471362576,0.879309274284764
1992,1,21,0.0432332456111908,5.6843418860808e-14,0.248053129376785,3.84503491809733,0.846278226416554
1992,1,22,3.97564268112183,0,1.44019512638988,0.764880198315893,0.836027211560903
1992,1,23,1.31196439266205,0,2.75926962049743,0,0.847417228067182
1992,1,24,2.79380201391177e-05,0,0.580087678838027,0,0.829193201657135
1992,1,25,0.000360587611794472,0,0.000177386862560525,0,0.780216130680134
1992,1,26,1.2198680639267,0,0.582080750260502,0,0.731239059703133
1992,1,27,1.28287410736084,0,1.2504747321218,0,0.698208011834923
1992,1,28,0.0681370496749878,0,0.785257710111182,0,0.67770598212362
1992,1,29,0.000219116249354556,0,0.0356121779859677,5.6843418860808e-14,0.653786947460433
1992,1,30,3.93755581171718e-05,0,0.000137954439196619,-5.6843418860808e-14,0.631006914447875
1992,1,31,8.53738820296712e-05,0,6.13330685155233e-05,0,0.609365883085944
1992,2,1,0.000143936747917905,0,0.000112821822767728,0,0.590002855025269
1992,2,2,0.000200760623556562,0,0.000171213412613724,0,0.568361823663338
1992,2,3,1.71059564308962e-05,0,0.000112418181743124,0,0.546720792301408
1992,2,4,0.000412887340644375,0,0.000182044788743951,0,0.528496765891361
1992,2,5,0.000122862576972693,0,0.000290955233140267,0,0.513689744433198
1992,2,6,2.94829715130618e-05,0,6.8146213379805e-05,0,0.496604719673779
1992,2,7,0.000239311353652738,0,0.000129043532069772,0,0.482936699866244
1992,2,8,0.000211474922252819,0,0.000221523621803499,0,0.46812967840808
1992,2,9,5.43207788723521e-05,0,0.000115660341180046,0,0.447627648696778
1992,2,10,0.886556684970856,0,0.43023294316481,0,0.437376633841126
1992,2,11,6.94983339309692,0,3.91286971288355,0,0.456739661901801
1992,2,12,12.2149095535278,0,9.58227599956081,0,0.544442789000152
1992,2,13,1.52224159240723,0,6.87201593934151,0,0.746046081161296
1992,2,14,10.190655708313,0,5.42661263371883,0,1.23012178267817
1992,2,15,1.34314179420471,0,5.81465986054172,0,2.16410313619307
1992,2,16,0.0129849724471569,0,0.685013322312443,5.6843418860808e-14,2.038812954624
1992,2,17,0.0703142508864403,0,0.0408047099808755,-5.6843418860808e-14,1.69711245943562
1992,2,18,1.12622559070587,0,0.676510480368961,0,1.59460231087911
1992,2,19,1.4952310039007e-06,0,0.699967901935452,0,1.40097203027236
1992,2,20,5.64764086448122e-05,0,3.21268562402111e-05,0,1.23012178267817
1992,2,21,1.14494168883539e-05,0,3.40573005814804e-05,0,1.11052660936223
1992,2,22,0.0335012748837471,0,0.0160590603063611,0,1.03421349877016
1992,2,23,3.70594835281372,0,1.75214573842641,0,0.994348440998185
1992,2,24,0.996855735778809,0,2.6200793530661,0,0.977263416238766
1992,2,25,1.22518122196198,0,1.08949623527951,0,0.927147343611137
1992,2,26,4.46527242660522,0,2.76224299812202,0,0.922591337008626
1992,2,27,0.0281504224985838,0,2.56956844356864,1.13686837721616e-13,0.91461832545423
1992,2,28,0.0128105571493506,0,0.0208723136893241,0,0.92031333370737
1992,2,29,8.20307832327671e-06,0,0.00673218500378425,0,0.872475264380997
1992,3,1,1.21048760775011e-05,0,9.73367059486918e-06,0,0.8155251818496
1992,3,2,2.20575620915042e-05,0,1.58181555889314e-05,0,0.766548110872599
1992,3,3,0.092601552605629,5.6843418860808e-14,0.0419340968801407,0,0.733517063004389
1992,3,4,5.38913488388062,-5.6843418860808e-14,2.55535727305869,0,0.726683053100621
1992,3,5,6.43494939804077,0,5.88696662454822,0,0.744907079510668
1992,3,6,1.33430862426758,0,4.073161020724,0,0.779077129029506
1992,3,7,0.184797734022141,0,0.854942419582585,0,1.01029446410698
1992,3,8,0.211586460471153,0,0.19637593765583,0,0.954483383226208
1992,3,9,5.84186410903931,0,2.55638281019128,0,0.892977294092299
1992,3,10,2.64249753952026,0,4.40573374855194,0,0.870197261079741
1992,3,11,1.52973757394648e-06,0,1.3624969915345,0,0.831471204958391
1992,3,12,0,0,7.96269887359813e-07,0,0.772243119125739
1992,3,13,0.000718921539373696,0,0.00024785366076685,0,0.733517063004389
1992,3,14,0,0,0.000364166571671376,0,0.699347013485551
1992,3,15,0.00149958569090813,0,0.000560285869141808,0,0.664037962316085
1992,3,16,0.00074110965942964,0,0.00112077016456169,0,0.632145916098503
1992,3,17,0.472126871347427,0,0.171257551357485,0,0.608226881435316
1992,3,18,18.619930267334,0,9.02025038281681,0,0.728961056401877
1992,3,19,2.68416881561279,0,10.6569438216829,0,1.97047285558632
1992,3,20,0.0020645207259804,0,1.389059472398,0,1.90213275654865
1992,3,21,0.324303448200226,0,0.121080864706528,5.6843418860808e-14,1.56043226136027
1992,3,22,1.50619947910309,0,0.80596681006864,-5.6843418860808e-14,1.40097203027236
1992,3,23,6.47754859924316,0,3.40165913728197,5.6843418860808e-14,1.4351420797912
1992,3,24,0.188609346747398,0,3.34155656661642,5.6843418860808e-14,1.4351420797912
1992,3,25,1.99930834770203,0,1.14711362375783,-5.6843418860808e-14,1.38958201376608
1992,3,26,0.00720202131196857,0,1.09001567638734,5.6843418860808e-14,1.34402194774096
1992,3,27,0.00170779938343912,0,0.00447355684264039,0,1.25290181569073
1992,3,28,0.00212377635762095,0,0.00187067339356872,0,1.13900165062793
1992,3,29,0.297728598117828,0,0.169620838882111,0,1.068383548289
1992,3,30,1.0202134847641,0,0.646585654754745,0,1.01712847401074
1992,3,31,0.00150845013558865,0,0.62023871155543,0,0.946510371671812
1992,4,1,0.501764595508575,0,0.306503773323129,0,0.872475264380997
1992,4,2,0.000368831271771342,0,0.259068937961274,0,0.806413168644576
1992,4,3,4.72009851364419e-05,0,0.000243782671532244,0,0.74946308611318
1992,4,4,0.000202054317924194,0,0.000129611697047949,5.6843418860808e-14,0.711876031642458
1992,4,5,1.0183918675466e-05,0,0.000126428816656698,-5.6843418860808e-14,0.679983985424876
1992,4,6,0.162345141172409,0,0.0878493057389278,0,0.640118927652898
1992,4,7,1.15105485916138,0,0.74974522114826,0,0.60594887813406
1992,4,8,0.0045650745742023,0,0.54870854064211,0,0.57861283851899
1992,4,9,0.00181566993705928,0,0.00322129852793296,0,0.553554802205175
1992,4,10,0.0131207695230842,0,0.00640318244040827,0,0.528496765891361
1992,4,11,0.00417320337146521,0,0.00845982557439129,0,0.509133737830686
1992,4,12,0.118322946131229,0,0.0800344816507277,0,0.485214703167499
1992,4,13,0.00344235915690661,0,0.0686513593645941,0,0.462434670154941
1992,4,14,0.00275891157798469,0,0.00314016943048046,0,0.44079363879301
1992,4,15,0.00978230684995651,-5.6843418860808e-14,0.00619532704877202,-5.6843418860808e-14,0.421430610732335
1992,4,16,0.118630111217499,5.6843418860808e-14,0.0633373884356843,5.6843418860808e-14,0.404345585972916
1992,4,17,12.6395511627197,0,5.65335059058816,0,0.398650577719776
1992,4,18,4.34157419204712,0,9.02520422275666,0,0.412318597527312
1992,4,19,9.41182518005371,-5.6843418860808e-14,6.70077635821872,0,1.95908283908004
1992,4,20,24.3294525146484,5.6843418860808e-14,16.5886612768481,0,3.20059463826449
1992,4,21,1.47372353076935,0,12.9024258236186,0,3.45117500140264
1992,4,22,0.000219789915718138,5.6843418860808e-14,0.743961332515028,0,2.41468349933122
1992,4,23,0.000415446469560266,-5.6843418860808e-14,0.000296378526400076,0,1.81101262449841
1992,4,24,0.0734502226114273,0,0.0485938683250424,0,1.45792211280375
1992,4,25,0.0726733282208443,0,0.0729790702444007,0,1.19595173315933
1992,4,26,0.00041434628656134,0,0.0391103888759972,0,1.01485047070949
1992,4,27,4.74468943139073e-05,0,0.000282673388937837,0,0.885004282537904
1992,4,28,0.0199055802077055,0,0.00980504531435145,0,0.789328143885157
1992,4,29,0.112146787345409,0,0.052979202610004,0,0.719849043196854
1992,4,30,0.000996116083115339,0,0.0589967245796288,0,0.664037962316085
1992,5,1,0.103348843753338,0,0.0352965310994478,0,0.6116438863872
1992,5,2,0.0144456820562482,0,0.0633715575768292,0,0.560388812108943
1992,5,3,0.0784023180603981,0,0.0372851550800988,0,0.519384752686337
1992,5,4,0.00214046938344836,0,0.0377648181347467,0,0.474963688311848
1992,5,5,0.000104636012110859,0,0.00129816135267902,0,0.43509863053987
1992,5,6,1.14264548756182e-05,0,5.24726947332965e-05,0,0.396372574418521
1992,5,7,0.000729978317394853,0,0.00030353636793734,0,0.359924521598427
1992,5,8,2.97429323836695e-05,0,0.000356349119101651,5.6843418860808e-14,0.329171477031473
1992,5,9,1.52388856804464e-05,0,2.45397168328054e-05,-5.6843418860808e-14,0.304113440717658
1992,5,10,0.00133914907928556,0,0.000617844738371787,0,0.282472409355727
1992,5,11,3.30886054039001,0,1.61391133248253,0,0.26994339119882
1992,5,12,24.9972496032715,0,14.0876125496416,0,0.27563839945196
1992,5,13,0.00631849886849523,0,12.5452206445625,-5.6843418860808e-14,0.26994339119882
1992,5,14,0.258567005395889,0,0.151309224043871,5.6843418860808e-14,0.272221394500076
1992,5,15,3.85672903060913,0,2.02580707507695,0,0.285889414307611
1992,5,16,2.8727867603302,0,3.37896080943574,0,0.276777401102588
1992,5,17,9.06021118164062,0,5.95360874767357,0,0.276777401102588
1992,5,18,10.1746635437012,0,9.60287892937413,0,0.95334438157558
1992,5,19,7.32478094100952,0,8.75611247688721,0,1.33263193123468
1992,5,20,9.28208446502686,0,8.2224996447876,0,1.91352277305493
1992,5,21,5.84322500228882,0,7.81111141510701,0,3.28032475380845
1992,5,22,0.630511701107025,0,3.33882708780584,0,2.15271311968679
1992,5,23,0.968766868114471,0,0.796065283198914,0,1.90213275654865
1992,5,24,6.91585159301758,0,3.71509552532734,0,1.71989249244818
1992,5,25,0.0829185470938683,0,3.65172445794997,0,1.34402194774096
1992,5,26,2.28789114952087,0,1.39569312002823,0,1.10938760771161
1992,5,27,0.586876332759857,0,1.2978644185805,0,0.963595396431231
1992,5,28,6.89851188659668,0,3.48228638078581,0,0.85425123797095
1992,5,29,21.0818367004395,0,13.9882519764251,0,2.4260735158375
1992,5,30,0.070496030151844,0,10.5963605904017,0,3.81565552960357
1992,5,31,0.248776406049728,0,0.152199736605326,0,2.4260735158375
1992,6,1,2.83121609687805,0,1.4170671836182,0,1.74267252546074
1992,6,2,6.97111415863037,0,4.20881896628271,0,1.50348217882887
1992,6,3,38.644474029541,0,20.7781631595426,0,16.1738234389166
1992,6,4,11.5644435882568,0,25.1066483385821,0,11.6178168364049
1992,6,5,0.027878038585186,0,6.02307363510408,0,5.55832805506431
1992,6,6,6.94847345352173,0,3.14817772480819,0,3.57646518297171
1992,6,7,9.08236408233643,0,7.95862234010747,0,3.72453539755334
1992,6,8,0.030664375051856,0,4.55714276878825,0,2.74499397801332
1992,6,9,3.92487454414368,0,1.89769367297777,0,2.19827318571191
1992,6,10,10.1122341156006,0,6.92760307627941,0,2.35773341679982
1992,6,11,20.428882598877,0,14.7972787903454,0,4.92048713071267
1992,6,12,21.2886276245117,0,20.8586268111976,0,5.20523754336965
1992,6,13,0.80053049325943,0,11.0888295591667,0,3.77009546357846
1992,6,14,1.34952819347382,0,1.07148540450362,0,2.76777401102588
1992,6,15,13.4712381362915,0,7.32804670467158,0,2.4260735158375
1992,6,16,0.0841482281684876,0,6.85958042561288,0,1.99325288859888
1992,6,17,0.0502286478877068,0,0.0679577607770625,0,1.57182227786655
1992,6,18,0.474023401737213,0,0.255397493066994,0,1.25290181569073
1992,6,19,2.22995519638062,0,1.18832167804612,0,1.01485047070949
1992,6,20,7.11690473556519,5.6843418860808e-14,4.8902498234711,0,0.853112236320322
1992,6,21,0.00136574357748032,-5.6843418860808e-14,3.75202322773112,0,0.765409109221971
1992,6,22,3.08026552200317,0,1.23992755157815,0,0.699347013485551
1992,6,23,1.53434205055237,0,2.16030461575247,0,0.602531873182176
1992,6,24,2.34145355224609,0,1.88585093403162,0,0.541025784048268
1992,6,25,0.632787227630615,0,1.67359511064387,0,0.490909711420639
1992,6,26,6.59182977676392,0,2.92832311339407,5.6843418860808e-14,0.459017665203057
1992,6,27,0.00956966169178486,0,3.75968211396321,-5.6843418860808e-14,0.425986617334847
1992,6,28,0.0328653417527676,0,0.0184580715595075,0,0.388399562864125
1992,6,29,7.11344480514526,0,3.06691445067372,0,0.372453539755334
1992,6,30,16.3669910430908,0,11.0620363280905,0,0.560388812108943
1992,7,1,1.39015865325928,0,9.03499027535872,0,0.659481955713573
1992,7,2,0.0866551399230957,0,0.682866878505593,0,0.63897992600227
1992,7,3,2.88095450401306,0,1.39630094992754,0,0.513689744433198
1992,7,4,0.909932851791382,0,2.02489731357855,0,0.432820627238614
1992,7,5,28.8766288757324,0,14.885088757941,-5.6843418860808e-14,0.398650577719776
1992,7,6,1.02850723266602,0,14.9659400467936,5.6843418860808e-14,0.398650577719776
1992,7,7,0.00558224739506841,0,0.543697159515432,0,0.449905651998033
1992,7,8,0.0109444735571742,0,0.00839360923782806,0,0.457878663552429
1992,7,9,1.43837751238607e-05,0,0.0052793950708292,0,0.388399562864125
1992,7,10,0.0210535824298859,0,0.0101519281288347,0,0.323476468778333
1992,7,11,0.0143659776076674,0,0.0179670508641721,0,0.283611411006355
1992,7,12,2.47825773840304e-05,0,0.00520061989482201,0,0.256275371391285
1992,7,13,5.39113862032536e-05,0,3.78699369321112e-05,0,0.227800330125587
1992,7,14,1.04800724983215,0,0.471761441367562,0,0.199325288859888
1992,7,15,0.380377292633057,0,0.786257080404539,0,0.182240264100469
1992,7,16,5.50928592681885,0,2.74443543738198,0,0.173128250895446
1992,7,17,22.0812816619873,0,13.4445762986652,0,0.174267252546074
1992,7,18,0.00188626651652157,0,11.0433305037495,0,0.168572244292934
1992,7,19,0.0132059007883072,0,0.00777458359880257,0,0.160599232738539
1992,7,20,0.243590041995049,0,0.108147380698938,0,0.151487219533515
1992,7,21,3.89970064163208,0,1.61063150170776,-5.6843418860808e-14,0.14351420797912
1992,7,22,6.79879426956177,0,5.62779841948213,5.6843418860808e-14,0.140097203027236
1992,7,23,5.54994869232178,0,6.24560711148297,0,0.134402194774096
1992,7,24,0.857012093067169,0,3.22797405711572,0,0.142375206328492
1992,7,25,0.0706534013152123,0,0.513842880740413,0,0.162877236039794
1992,7,26,0.84848690032959,0,0.450762694415971,0,0.149209216232259
1992,7,27,29.9371852874756,0,13.0573884048881,0,0.166294240991678
1992,7,28,4.94318389892578,0,17.4427478435664,0,0.30866944732017
1992,7,29,3.7788987159729,0,4.4260905244173,0,0.406623589274172
1992,7,30,1.17155480384827,0,2.59430444532336,0,0.350812508393403
1992,7,31,15.4701480865479,0,7.98844126551012,0,0.290445420910123
1992,8,1,1.0277042388916,0,8.25408270805201,0,0.253997368090029
1992,8,2,0.938698470592499,0,0.987315741745988,0,0.226661328474959
1992,8,3,8.20923805236816,0,4.25718229682207,0,0.223244323523075
1992,8,4,15.8072109222412,0,11.8615896497413,0,1.08205156809654
1992,8,5,14.1584930419922,0,14.9962186996163,0,0.748324084462552
1992,8,6,1.10266244411469,0,8.07009008368004,0,0.673149975521108
1992,8,7,0.265780001878738,0,0.694649640263378,0,0.633284917749131
1992,8,8,0.0299766138195992,0,0.151359747445895,-5.6843418860808e-14,0.554693803855803
1992,8,9,0,0,0.016800370933197,5.6843418860808e-14,0.454461658600545
1992,8,10,1.65331792831421,0,0.799392129521948,0,0.375870544707218
1992,8,11,17.0198020935059,0,8.73273572570179,0,0.355368514995915
1992,8,12,0.0267266407608986,0,8.74451211045925,0,0.389538564514753
1992,8,13,0.0116231897845864,0,0.0197058683352225,0,0.436237632190498
1992,8,14,0.325010538101196,0,0.164883452664071,0,0.359924521598427
1992,8,15,0.0148070398718119,0,0.191953022365851,0,0.291584422560751
1992,8,16,2.1470539195434e-06,0,0.00695648325199727,0,0.244885354885006
1992,8,17,2.48615833697841e-05,0,9.88520514511038e-06,0,0.212993308667423
1992,8,18,0.100240491330624,0,0.0440950781758147,0,0.190213275654865
1992,8,19,0.218887582421303,0,0.175514671211204,0,0.173128250895446
1992,8,20,0.900355041027069,0,0.55187633994683,0,0.159460231087911
1992,8,21,0.0035193064250052,0,0.338083440168703,0,0.145792211280375
1992,8,22,0.00688480446115136,0,0.00504000887849543,-5.6843418860808e-14,0.134402194774096
1992,8,23,0.00595289468765259,0,0.00625369755653082,5.6843418860808e-14,0.126429183219701
1992,8,24,0.30041292309761,0,0.14132462519774,0,0.119595173315933
1992,8,25,0.143293783068657,0,0.195391946841482,0,0.113900165062793
1992,8,26,0.426918506622314,0,0.268476598175766,0,0.108205156809654
1992,8,27,13.5810604095459,0,6.94726356733372,0,0.103649150207142
1992,8,28,0.228444799780846,0,7.17492420687813,0,0.127568184870328
1992,8,29,0.000110388398752548,0,0.116137563816665,0,0.118456171665305
1992,8,30,0.003825678024441,0,0.00213165666718851,0,0.111622161761537
1992,8,31,0.0866222381591797,0,0.0489430900215666,0,0.116178168364049
1992,9,1,1.20111262798309,0,0.642752613237462,0,0.105927153508398
1992,9,2,11.0719060897827,0,5.85345830927145,0,0.0990931436046302
1992,9,3,5.44995164871216,0,8.3176131756918,0,0.0956761386527464
1992,9,4,0.289040803909302,0,3.36143067239027,0,0.0968151403033743
1992,9,5,0.0807836130261421,0,0.208918134087071,0,0.0945371370021184
1992,9,6,2.58371472358704,0,1.16898192118788,0,0.0911201320502346
1992,9,7,0.0116420211270452,0,1.36165978943791,0,0.0888421287489788
1992,9,8,15.7677736282349,0,6.20804528826193,0,0.100232145255258
1992,9,9,25.8193626403809,0,20.7667821670457,0,0.482936699866244
1992,9,10,19.5164203643799,0,22.6678986633706,5.6843418860808e-14,0.772243119125739
1992,9,11,2.15990471839905,0,10.855872133081,-5.6843418860808e-14,0.989792434395674
1992,9,12,1.87011537491344e-05,0,1.01775267972334,0,0.828054200006507
1992,9,13,3.12205811496824e-05,-5.6843418860808e-14,2.52953086601337e-05,0,0.57861283851899
1992,9,14,0.0283332914113998,5.6843418860808e-14,0.0133256607114163,0,0.438515635491754
1992,9,15,0.0338261090219021,0,0.0313840583330602,0,0.353090511694659
1992,9,16,0.000461895426269621,0,0.0157703564800613,0,0.290445420910123
1992,9,17,0.276621699333191,0,0.131014066244461,0,0.241468349933122
1992,9,18,0.610577166080475,0,0.42608351009585,0,0.232356336728098
1992,9,19,12.8296489715576,0,6.64459138456368,0,0.43509863053987
1992,9,20,14.6189546585083,0,13.687248870483,0,0.5341917741445
1992,9,21,12.349347114563,0,13.4938099941846,0,0.445349645395522
1992,9,22,12.9504251480103,0,12.6321075004307,0,0.424847615684219
1992,9,23,0.0588728003203869,0,7.03292760017939,0,0.433959628889242
1992,9,24,0.000223810609895736,0,0.0374781990285555,0,0.433959628889242
1992,9,25,0.0432367697358131,-5.6843418860808e-14,0.0209256124580861,-5.6843418860808e-14,0.366758531502194
1992,9,26,0.165008202195168,5.6843418860808e-14,-0.0267778326688131,5.6843418860808e-14,0.309808448970798
1992,9,27,1.72761344909668,0,0.999396207340396,0,0.271082392849448
1992,9,28,0.0562917701900005,0,0.961411215548651,0,0.238051344981238
1992,9,29,6.60212390357629e-05,0,0.032212790551057,0,0.211854307016796
1992,9,30,3.43933425028808e-05,0,4.92866201966535e-05,0,0.189074274004237
1992,10,1,4.11023720516823e-05,0,3.71215428458527e-05,0,0.17654525584733
1992,10,2,0.000136627655592747,0,9.52006812440231e-05,0,0.161738234389166
1992,10,3,4.71322039174993e-07,0,7.79406236688374e-05,0,0.151487219533515
1992,10,4,2.05259334506991e-06,0,1.37690585688688e-06,0,0.142375206328492
1992,10,5,2.19959110836498e-06,-5.6843418860808e-14,2.11436417885125e-06,0,0.133263193123468
1992,10,6,1.94340429970907e-07,5.6843418860808e-14,1.0873336577788e-06,0,0.126429183219701
1992,10,7,0.0412789210677147,0,0.0163420399658207,0,0.118456171665305
1992,10,8,2.24912357330322,0,1.25945873792443,0,0.11048316011091
1992,10,9,0.00198437087237835,0,1.24468869146949,0,0.105927153508398
1992,10,10,0.00731060234829783,0,0.00441883518578834,0,0.100232145255258
1992,10,11,0.0206610690802336,0,0.0161437924562051,0,0.0956761386527464
1992,10,12,7.20089747119346e-06,0,0.0105755101558316,0,0.0933981353514905
1992,10,13,0.00115220190491527,0,0.000431455795478541,0,0.0911201320502346
1992,10,14,0.000756457156967372,0,0.000956166666583158,0,0.0888421287489788
1992,10,15,0.0441104732453823,0,0.0161102813290199,0,0.0877031270983508
1992,10,16,7.42189073562622,-5.6843418860808e-14,3.49139648521486,0,0.0865641254477229
1992,10,17,0.833113610744476,5.6843418860808e-14,4.37862519530972,0,0.0831471204958391
1992,10,18,0.0492698438465595,0,0.442115652142093,0,0.0808691171945832
1992,10,19,0.00516974553465843,-5.6843418860808e-14,0.0274974866060802,0,0.0797301155439553
1992,10,20,1.54683482646942,5.6843418860808e-14,0.677783551016546,0,0.0797301155439553
1992,10,21,1.87144982814789,0,1.65953287144293,0,0.0785911138933274
1992,10,22,0.000692929257638753,0,0.846311874467574,0,0.0774521122426994
1992,10,23,1.9276545572211e-05,0,0.000358132605470018,0,0.0763131105920715
1992,10,24,0.00219963327981532,0,0.00108804695082654,0,0.0763131105920715
1992,10,25,1.15125430966145e-05,0,0.000762813811888918,0,0.0751741089414436
1992,10,26,0.469030320644379,0,0.219713625157965,0,0.0751741089414436
1992,10,27,5.03107643127441,0,2.61849510376305,0,0.0751741089414436
1992,10,28,1.50653469562531,0,3.43880843173793,0,0.0740351072908156
1992,10,29,1.67322218418121,0,1.59512232346424,0,0.0774521122426994
1992,10,30,6.11205673217773,0,3.68492737429915,0,0.0763131105920715
1992,10,31,0.0899214670062065,0,3.51277786389619,0,0.0763131105920715
1992,11,1,32.1923904418945,0,15.941532083556,5.6843418860808e-14,0.6116438863872
1992,11,2,2.50791358947754,0,17.3536983261074,-5.6843418860808e-14,1.23012178267817
1992,11,3,0.151767447590828,0,1.40583776830863,0,0.837166213211531
1992,11,4,3.4184775352478,0,1.72190481166035,0,0.609365883085944
1992,11,5,0.0228612180799246,0,1.73684037395469,0,0.490909711420639
1992,11,6,0.00234110117889941,0,0.0128160260755976,0,0.41345759917794
1992,11,7,0.00223147077485919,0,0.00229817954823375,0,0.354229513345287
1992,11,8,0.0242235027253628,0,0.0100146307195246,0,0.307530445669542
1992,11,9,0.140654116868973,0,0.0893290451840585,0,0.272221394500076
1992,11,10,5.25590133666992,0,2.48645914964254,-5.6843418860808e-14,0.246024356535634
1992,11,11,6.54624176025391,0,5.89382137139182,5.6843418860808e-14,0.23121733507747
1992,11,12,31.2675800323486,-1.13686837721616e-13,18.9068367207146,2.8421709430404e-13,0.279055404403844
1992,11,13,0.0624740459024906,-1.13686837721616e-13,15.8833086635659,-1.13686837721616e-13,1.46931212931003
1992,11,14,0.00212633376941085,5.6843418860808e-14,0.0348294848081423,0,1.21873176617189
1992,11,15,0.00204349285922945,0,0.00208693487002165,0,0.880448275935392
1992,11,16,0.00101472635287791,0,0.00161706900689751,0,0.703903020088062
1992,11,17,0.000863769091665745,0,0.000942512409892515,0,0.591141856675897
1992,11,18,0.0242916457355022,0,0.0118783972284291,0,0.520523754336965
1992,11,19,1.37950706481934,0,0.772244031313676,0,0.464712673456197
1992,11,20,37.5131607055664,0,18.9112532183972,0,1.38958201376608
1992,11,21,22.9057598114014,-2.27373675443232e-13,30.4108865797389,-5.6843418860808e-13,6.73149975521108
1992,11,22,30.559118270874,2.27373675443232e-13,26.7260238309445,1.70530256582424e-13,9.67012401383115
1992,11,23,0.986851930618286,-1.70530256582424e-13,15.9380057974267,-5.6843418860808e-14,6.97069010184295
1992,11,24,0.531050682067871,0,0.762293832383875,0,3.66758531502194
1992,11,25,1.18427467346191,0,0.806009208015894,0,2.60831377993797
1992,11,26,0.260836660861969,0,0.739684973497788,0,2.02742293811772
1992,11,27,0.00879415590316057,0.000890060999950038,0.135378345679783,0,1.59460231087911
1992,11,28,0.000416818307712674,0.000902382491688059,0.00370756662778149,0,1.29846188171584
1992,11,29,0.000801177287939936,9.81529979071638e-07,0.00060799435050285,0.00865324269926759,1.09913659285596
1992,11,30,0.00356483296491206,0,0.00210460279049585,0,0.95334438157558
1992,12,1,4.83674955368042,0,2.29479676214032,0,0.831471204958391
1992,12,2,8.44554961076938e-05,-5.6843418860808e-14,2.43309999007943,5.6843418860808e-14,0.744907079510668
1992,12,3,0.000151590182213113,0,0.0001148792780441,0,0.670871972219852
1992,12,4,0.0187691021710634,0,0.00585590725495422,0,0.60594887813406
1992,12,5,0.257936805486679,-5.6843418860808e-14,0.0482614693119103,0,0.552415800554548
1992,12,6,1.98318636417389,0.373804980752027,0.723011217425665,-2.27373675443232e-13,0.514828746083826
1992,12,7,0.141294866800308,0.390870771466382,0.686906789522254,0,0.47951969491436
1992,12,8,0.0649093389511108,0,0.104170807497212,0.0895351671089202,0.453322656949917
1992,12,9,12.7203140258789,-1.70530256582424e-13,6.30643651000719,0.685360903612548,0.469268680058708
1992,12,10,9.72069931030273,-2.27373675443232e-13,11.2484045340152,-5.6843418860808e-14,1.10824860606098
1992,12,11,0.000111239693069365,-5.6843418860808e-14,4.87777007033037,-2.27373675443232e-13,1.46931212931003
1992,12,12,0.00226480583660305,0,0.00112254131090594,0,1.19595173315933
1992,12,13,0.0733654052019119,0,0.0335901912258123,0,1.04560351527644
1992,12,14,4.15488338470459,0,1.67780235780992,0,0.952205379924952
1992,12,15,62.6717147827149,2.8421709430404e-13,29.7116850422881,0,14.6931212931003
1992,12,16,18.5788307189941,-3.41060513164848e-13,40.7090371540944,-1.13686837721616e-13,23.9190346631866
1992,12,17,0.538092017173767,-5.6843418860808e-14,9.61032845848786,-1.70530256582424e-13,7.23266048148737
1992,12,18,0.0235547553747892,0,0.28107562589139,0,4.43071642094266
1992,12,19,0.0427354052662849,0,0.0320475925345818,0,3.32588481983356
1992,12,20,0.31489959359169,0,0.173858089085115,0,2.63109381295053
1992,12,21,0.00301371235400438,0,0.187433759894702,0,2.15271311968679
1992,12,22,0.0390449091792107,0,0.0208036095591524,0,1.84518267401725
1992,12,23,0.0266138091683388,0,0.0335743441974046,0,1.62877236039794
1992,12,24,0.00075903395190835,0,0.0150029234064277,0,1.40097203027236
1992,12,25,6.43465185165405,0.270011488843522,2.40556876199662,0,1.27568184870328
1992,12,26,1.33538556098938,0.453180988317115,3.57481217711393,0,1.34402194774096
1992,12,27,0.352860510349274,0.118675754796698,0.733409277236206,0,1.28707186520956
1992,12,28,0.040120393037796,-5.6843418860808e-14,0.197941231115692,0.854861499640549,1.17317170014677
1992,12,29,1.64068567752838,0,0.689794868309036,0,1.09230258295219
1992,12,30,0.463135004043579,5.6843418860808e-14,1.08063729537025,0,1.068383548289
1992,12,31,2.42910003662109,-5.6843418860808e-14,1.43011655928422,0,1.06724454663837
1993,1,1,1.06486618518829,0.301945530223748,1.46146320342632,0,1.06041053673461
1993,1,2,0.320037335157394,0.311787841379669,0.383543062194804,0,1.0399085070233
1993,1,3,1.26274120807648,1.13686837721616e-13,0.768354851794356,0.639743946997498,1.03079649381828
1993,1,4,69.2541046142578,0,29.2142831831006,-3.41060513164848e-13,30.4113440717658
1993,1,5,12.6208162307739,0.931056166350118,40.0227409840936,-1.13686837721616e-13,28.1333407705099
1993,1,6,9.28564186324365e-05,0.934450815053253,5.39533099169421,-5.6843418860808e-14,7.89328143885157
1993,1,7,0.0326551534235477,3.98348390717729e-06,0.0161394519909663,-5.6843418860808e-14,5.0685573452943
1993,1,8,0.116468481719494,0,0.0745500518805784,0.321618524157941,3.79287549659102
1993,1,9,5.91163969039917,5.6843418860808e-14,2.87738578504832,0.336882652851784,2.99557434115146
1993,1,10,10.6329898834229,0,8.25558589885077,0,3.22337467127705
1993,1,11,0.191716223955154,0.0123963504263429,5.49258354742415,0,2.85889414307611
1993,1,12,2.41499328613281,0.0129546621500367,1.2609451601038,0.862357384686561,2.53997368090029
1993,1,13,0.0447558984160423,0.00256029473308672,1.23878037900249,0.399844571328117,2.4260735158375
1993,1,14,0.118052966892719,0.0310358680658283,0.0503184717344993,0,2.10715305366168
1993,1,15,0.0553967840969563,0.0286285369496682,0.0582531380496221,0,1.87935272353609
1993,1,16,0.00357266701757908,0,0.0294883598635352,0.0608449909385058,1.73128250895446
1993,1,17,0.000648119195830077,0,0.00234836464733235,0,1.58321229437283
1993,1,18,5.20349931716919,0,2.60187176815998,-5.6843418860808e-14,1.45792211280375
1993,1,19,0.835608243942261,0.261507116366829,2.81357595238114,5.6843418860808e-14,1.33263193123468
1993,1,20,16.8253746032715,0.268332683383051,8.56206993668275,2.8421709430404e-13,1.60599232738539
1993,1,21,1.40141701698303,0,9.11787379363341,0.564713561378596,3.55368514995915
1993,1,22,0.000798876688349992,0,0.702497650128862,0,3.06391444018914
1993,1,23,0.0542375929653645,0,0.0250279394222162,0,2.50580363138145
1993,1,24,1.64398145675659,0,0.836961501529004,0,2.22105321872447
1993,1,25,0.00236684503033757,0,1.27611786844318,0,1.84518267401725
1993,1,26,9.76578812696971e-05,0,0.00144969641223724,0,1.64016237690422
1993,1,27,2.30756995733827e-05,0,6.1826896853745e-05,0,1.49209216232259
1993,1,28,0.00199286406859756,0,0.000939191402721917,0,1.36680198075352
1993,1,29,0.00176259165164083,0,0.00188627069292124,0,1.25290181569073
1993,1,30,0.000262241606833413,1.60725732598621e-05,0.00100302722239576,0,1.11849962091663
1993,1,31,9.79790056589991e-05,1.74248444295699e-05,0.000168802353073261,0,1.02396248391451
1993,2,1,4.59930379292928e-05,0,7.47017875255551e-05,0,0.968151403033743
1993,2,2,6.65392944938503e-05,0,5.61702272534603e-05,0,0.910062318851718
1993,2,3,0.145566463470459,0,0.0798862189058127,0,0.84855622971781
1993,2,4,0.0113433208316565,0,0.0787750364452222,0,0.796162153788925
1993,2,5,0.134502232074738,0,0.0684422102149256,0,0.747185082811924
1993,2,6,0.0053899809718132,0,0.0791081854131335,0,0.703903020088062
1993,2,7,5.22856462339405e-05,0,0.0027392710580898,0,0.669732970569225
1993,2,8,1.42574408528162e-05,0,3.32928229909157e-05,0,0.641257929303526
1993,2,9,1.61019888764713e-05,0,1.51220574480249e-05,0,0.613921889688456
1993,2,10,0.61092483997345,0,0.300428907925379,0,0.592280858326525
1993,2,11,9.44474124908447,0,5.02045591441856,0,0.600253869880921
1993,2,12,4.00151538848877,0,6.79905519204112,0,0.668593968918597
1993,2,13,0.00276541383937001,0,2.04515337972771,0,0.690235000280527
1993,2,14,0.0933946073055267,0,0.0637350922079349,0,0.665176963966713
1993,2,15,24.3881072998047,0,11.7992080076619,0,0.697069010184295
1993,2,16,18.6804580688477,5.64072832760411,16.0839045298071,-1.70530256582424e-13,0.896394299044183
1993,2,17,0.097682885825634,6.12362568754924,3.31338288649204,1.70530256582424e-13,0.931703350213649
1993,2,18,0.00712895020842552,0.0551170951654285,0,0,0.839444216512787
1993,2,19,0.00867423322051764,0.0077327541160912,0,0,0.779077129029506
1993,2,20,0.031088063493371,0.00553509889624593,0.0112505168726784,0,0.767687112523227
1993,2,21,1.0588093996048,0,0.544363205726768,3.32744391151101,2.9727943081389
1993,2,22,0.00423472840338945,0,0.535642578859552,3.35727188954098,6.7770598212362
1993,2,23,0.0353516489267349,0,0.0191322375358141,0,4.28264620636103
1993,2,24,0.801791489124298,0.262900684998158,0.139560858013283,0,3.17781460525193
1993,2,25,27.3573608398438,6.69704506955674,7.37878879723212,2.27373675443232e-13,3.96372574418521
1993,2,26,3.49118876457214,7.79942548437083,8.9227078275635,0,6.91374001931155
1993,2,27,0.00139376276638359,0.810505099471016,1.05414816702432,0,5.09133737830686
1993,2,28,0.0514154247939587,0.000137091356009478,0.0250688782871293,0.80040046130182,4.27125618985475
1993,3,1,0.401201039552689,0,0.223216163878533,2.90259189596111,3.90677566165381
1993,3,2,6.03832960128784,0,3.14009140588314,5.50061183860044,4.47627648696778
1993,3,3,0.207849413156509,0,3.12415918679653,6.02771276323472,4.4648864704615
1993,3,4,0.00998921878635883,0,0.110096798463928,3.78570579836514,3.48534505092147
1993,3,5,0.162696182727814,0,0.0845341716576513,1.81421393254908,2.7563839945196
1993,3,6,0.00310868793167174,0,0.0910840452052071,0,2.27800330125587
1993,3,7,0.0124521935358644,0,0.00706634452581056,-5.6843418860808e-14,1.95908283908004
1993,3,8,0.0226101335138083,0,0.0170574339135783,5.6843418860808e-14,1.71989249244818
1993,3,9,0.000269351497991011,0,0.0121561766063678,0,1.52626221184143
1993,3,10,0.00401187874376774,0,0.00200616436632117,0,1.3781919972598
1993,3,11,0.000661533093079925,0,0.00240762260727934,0,1.23012178267817
1993,3,12,0.0498504266142845,0,0.0245514174894197,0,1.11394361431412
1993,3,13,0.099570669233799,0.0325824706284834,0.0407342840007914,0,1.02282348226388
1993,3,14,9.51154506765306e-05,0.0347194055022442,0.0153889704397443,0,0.951066378274324
1993,3,15,1.07631528377533,1.07204504047331e-05,0.529946886068501,0.0773110430074553,0.880448275935392
1993,3,16,20.0079040527344,2.8421709430404e-13,9.77007876390235,-1.13686837721616e-13,0.912340322152974
1993,3,17,0.138213366270065,5.6843418860808e-14,10.733487880334,-5.6843418860808e-14,1.48070214581631
1993,3,18,0.220059797167778,0,0.17901982033618,0,1.41236204677864
1993,3,19,7.87206983566284,0,4.04260719903687,-1.13686837721616e-13,1.28707186520956
1993,3,20,8.34507846832275,-1.70530256582424e-13,8.05462782256109,-1.13686837721616e-13,1.34402194774096
1993,3,21,0.0738554447889328,0,4.20975139511393,0,1.67433242642306
1993,3,22,0.352209776639938,0,0.206144313326149,0,1.59460231087911
1993,3,23,0.762515246868134,0,0.506013696498485,0,1.46931212931003
1993,3,24,0.150466859340668,0,0.497383006213568,0,1.33263193123468
1993,3,25,0.339728862047195,0,0.237656722709289,0,1.23012178267817
1993,3,26,0.000925888074561954,0,0.181929681868496,0,1.15039166713421
1993,3,27,0.836913526058197,-5.6843418860808e-14,0.378113690272585,0,1.06610554498775
1993,3,28,0.00156395975500345,5.6843418860808e-14,0.453409107700281,0,1.00801646080572
1993,3,29,0.0571550205349922,0,0.0274375542412599,0,0.95334438157558
1993,3,30,7.5400071144104,0,3.71008987226742,0,1.19595173315933
1993,3,31,9.95956325531006,0,8.64830015311418,0,2.06159298763656
1993,4,1,0.110200807452202,-5.6843418860808e-14,5.99708902869679,0,1.79962260799213
1993,4,2,0.0264172814786434,5.6843418860808e-14,0.0566274122757022,0,1.50348217882887
1993,4,3,0.226834550499916,0,0.139229755386623,0,1.30985189822212
1993,4,4,9.86191177368164,1.70530256582424e-13,5.0286457661532,1.13686837721616e-13,1.25290181569073
1993,4,5,10.6796770095825,-1.70530256582424e-13,10.2584572723972,-3.41060513164848e-13,2.01603292161144
1993,4,6,0.160160452127457,2.27373675443232e-13,5.47316424305973,0,2.26661328474959
1993,4,7,0.593680083751679,-5.6843418860808e-14,0.375943371203903,0,1.99325288859888
1993,4,8,4.76932907104492,0,2.59529508337437,0,2.06159298763656
1993,4,9,0.305519729852676,0,2.61121834314508,0,2.02742293811772
1993,4,10,0.00143842271063477,0,0.172437956556678,-5.6843418860808e-14,1.79962260799213
1993,4,11,0.00860059540718794,0,0.00468638257916609,5.6843418860808e-14,1.64016237690422
1993,4,12,0.0385408066213131,0,0.0256245637301618,0,1.48070214581631
1993,4,13,0.0244688671082258,0,0.0325982300400938,0,1.35541196424724
1993,4,14,24.7795734405518,-1.13686837721616e-13,12.3936327050287,-5.6843418860808e-14,1.3781919972598
1993,4,15,32.7938957214356,-5.6843418860808e-14,28.7867114160545,-5.11590769747272e-13,6.00253869880921
1993,4,16,1.27632188796997,-1.70530256582424e-13,17.4607439676511,-3.97903932025656e-13,6.53786947460433
1993,4,17,0.998232066631317,-5.6843418860808e-14,1.15354917020159,0,4.16874604129823
1993,4,18,9.42325210571289,0,4.01922686899707,0,3.77009546357846
1993,4,19,0.571751117706299,0,5.04145363985845,0,3.71314538104706
1993,4,20,8.93002033233643,-5.6843418860808e-14,4.60204684087876,0,4.71546683359964
1993,4,21,0.00600343151018024,5.6843418860808e-14,4.88403265190755,0,3.58785519947799
1993,4,22,9.25870626815595e-05,0,0.00330678498175985,5.6843418860808e-14,2.7563839945196
1993,4,23,0.000734971254132688,0,0.000360125777660869,-5.6843418860808e-14,2.32356336728098
1993,4,24,0.397348284721375,0,0.185390072932933,0,2.00464290510516
1993,4,25,9.94862842559814,0,4.88869096099916,0,2.15271311968679
1993,4,26,0.24746111035347,0,5.12357958149005,0,2.05020297113028
1993,4,27,0.255017250776291,5.6843418860808e-14,0.250867126867888,0,1.60599232738539
1993,4,28,0.241048350930214,-5.6843418860808e-14,0.250136297909194,0,1.38958201376608
1993,4,29,6.70889616012573,0,2.302386480922,0,1.29846188171584
1993,4,30,18.257417678833,0,11.1875067122601,0,1.77684257497958
1993,5,1,0.398722052574158,0,9.32909760103212,0,1.81101262449841
1993,5,2,0.880514085292816,0,0.613070771021739,0,1.57182227786655
1993,5,3,13.6347045898438,0,6.51677169051618,0,2.25522326824331
1993,5,4,3.88018822669983,0,8.79113000258076,0,3.43978498489636
1993,5,5,0.000740494928322732,0,1.95241900878318,0,2.72221394500076
1993,5,6,0.000644510786514729,0,0.000691506367729744,0,2.07298300414284
1993,5,7,0.25707533955574,0,0.100853812455171,0,1.71989249244818
1993,5,8,0.694726884365082,0,0.484118260730611,0,1.48070214581631
1993,5,9,13.5957345962524,0,6.98933750305878,0,1.4351420797912
1993,5,10,44.710018157959,3.41060513164848e-13,28.470306458119,7.95807864051312e-13,13.212419147284
1993,5,11,6.85987901687622,-4.54747350886464e-13,26.3278495094928,-2.27373675443232e-13,9.44232368370557
1993,5,12,7.49183702468872,0,7.16789547644294,0,5.62666815410199
1993,5,13,5.25744009017944,0,6.55657720297313,0,4.4079363879301
1993,5,14,0.00159406149759889,0,2.71013557389233,0,3.61063523249055
1993,5,15,0.000496522174216807,0,0.00104666599509073,0,2.74499397801332
1993,5,16,0.943774521350861,0,0.397311507251288,0,2.72221394500076
1993,5,17,5.84621620178223,0,3.20638997943024,0,2.6994339119882
1993,5,18,4.55846500396729,0,5.35168793653793,0,3.90677566165381
1993,5,19,3.71304035186768,0,4.21886804647511,0,2.50580363138145
1993,5,20,0.0113129438832402,0,2.01162301837758,0,1.89074274004237
1993,5,21,0.033923402428627,0,0.0203138540673535,0,1.53765222834771
1993,5,22,0.00384551426395774,0,0.0215283103098045,0,1.29846188171584
1993,5,23,2.17832016944885,0,0.747034795047512,0,1.13444564402542
1993,5,24,22.35666847229,0,12.2186844806965,0,1.24151179918445
1993,5,25,0.438588947057724,0,11.4337401166413,5.6843418860808e-14,1.30985189822212
1993,5,26,0.000299343460937962,0,0.226716536992171,-5.6843418860808e-14,1.06610554498775
1993,5,27,9.30048408918083e-05,0,0.000206327171326848,0,0.905506312249207
1993,5,28,0.00359045946970582,0,0.00162409702170407,-5.6843418860808e-14,0.804135165343321
1993,5,29,0.122312448918819,0,0.0536272276549425,5.6843418860808e-14,0.725544051449993
1993,5,30,1.54236996173859,0,0.621752620183543,0,0.676566980472992
1993,5,31,16.6970405578613,5.6843418860808e-14,8.85706869429123,5.6843418860808e-14,0.692513003581783
1993,6,1,0.00476272590458393,-5.6843418860808e-14,8.55479458871196,-5.6843418860808e-14,0.733517063004389
1993,6,2,0.567400753498077,0,0.242893244027073,0,0.661759959014829
1993,6,3,2.6311149597168,0,1.49832871893886,0,0.592280858326525
1993,6,4,5.72779607772827,0,4.07134701731411,0,0.535330775795128
1993,6,5,0.0666480362415314,-5.6843418860808e-14,2.93976243783982,0,0.50116072627629
1993,6,6,0.0278460402041674,5.6843418860808e-14,0.0479043058585376,0,0.466990676757452
1993,6,7,0.51117354631424,0,0.280039278342883,0,0.455600660251173
1993,6,8,0.270801991224289,0,0.402715799842554,0,0.427125618985475
1993,6,9,10.3242263793945,0,4.17519716683091,0,0.612782888037828
1993,6,10,18.2619209289551,0,14.2219037381292,0,0.558110808807687
1993,6,11,14.7386960983276,0,16.509948327719,0,0.528496765891361
1993,6,12,5.25464105606079,0,10.2210360429017,0,0.618477896290967
1993,6,13,2.55194854736328,-5.6843418860808e-14,4.18050709617091,-5.6843418860808e-14,0.556971807157059
1993,6,14,2.61530184745789,5.6843418860808e-14,2.58186840192866,5.6843418860808e-14,0.548998795602664
1993,6,15,3.56357860565186,0,3.07745119696483,0,0.548998795602664
1993,6,16,0.0200225356966257,0,1.86233018903658,0,0.529635767541989
1993,6,17,0.512164354324341,0,0.194379713397211,0,0.465851675106825
1993,6,18,1.55162632465363,0,0.944199808276608,0,0.4077625909248
1993,6,19,5.35228395462036,0,3.43640653999319,0,0.362202524899683
1993,6,20,3.09376502037048,0,4.29775560032795,0,0.330310478682101
1993,6,21,2.72721552848816,5.6843418860808e-14,2.96116390426687,0,0.686817995328644
1993,6,22,0.0466102920472622,-5.6843418860808e-14,1.8556175407648,0,0.733517063004389
1993,6,23,0.173426702618599,0,0.10042673019052,0,0.488631708119383
1993,6,24,9.34021377563477,0,4.61815255737383,0,0.397511576069149
1993,6,25,17.0822048187256,0,12.9362450716144,0,0.412318597527312
1993,6,26,17.1756286621094,0,17.1287654001098,0,0.487492706468755
1993,6,27,0.631754279136658,0,9.03867437126974,0,0.570639826964594
1993,6,28,2.10386061668396,0,1.35623870200652,0,0.494326716372523
1993,6,29,3.52774333953857,0,2.87331336122952,0,0.44648864704615
1993,6,30,4.17145299911499,0,3.84569242391081,0,0.391816567816009
1993,7,1,0.00904439855366945,0,2.52933364110504,0,0.346256501790892
1993,7,2,0.00395313370972872,-5.6843418860808e-14,0.00657387491446571,0,0.315503457223937
1993,7,3,0.0128279160708189,5.6843418860808e-14,0.00940853842621436,0,0.288167417608867
1993,7,4,0.00264452584087849,0,0.00581221301399637,0,0.263109381295053
1993,7,5,0.199327319860458,0,0.0889770594367292,0,0.239190346631866
1993,7,6,5.20212364196777,0,2.57288120589146,0,0.220966320221819
1993,7,7,2.23496961593628,0,3.74493241087839,5.6843418860808e-14,0.206159298763656
1993,7,8,0.116781905293465,0,1.34267210400867,-1.13686837721616e-13,0.190213275654865
1993,7,9,0.000186803590622731,0,0.0455066445974808,5.6843418860808e-14,0.177684257497958
1993,7,10,0.00390009884722531,0,0.00180763585740351,0,0.166294240991678
1993,7,11,0.00237975316122174,0,0.00289316320049693,0,0.157182227786655
1993,7,12,0.122178994119167,-5.6843418860808e-14,0.0571809168359323,-5.6843418860808e-14,0.149209216232259
1993,7,13,1.84507429599762,5.6843418860808e-14,0.831271731312882,5.6843418860808e-14,0.144653209629747
1993,7,14,0.0647689253091812,0,1.11583022105697,0,0.144653209629747
1993,7,15,0.278607875108719,0,0.1477577991609,0,0.140097203027236
1993,7,16,0.287480980157852,0,0.284001511052338,0,0.128707186520956
1993,7,17,0.149363026022911,-5.6843418860808e-14,0.225027961347223,0,0.121873176617189
1993,7,18,0.0883855521678925,5.6843418860808e-14,0.128438713425567,0,0.116178168364049
1993,7,19,0.839514553546906,0,0.442593544434203,0,0.112761163412165
1993,7,20,3.22251415252686,0,2.00823372898594,0,0.112761163412165
1993,7,21,7.75203132629395,0,5.32986129615529,0,0.112761163412165
1993,7,22,23.3363246917725,0,13.3872892937979,0,0.11048316011091
1993,7,23,0.305213749408722,0,12.6147632557477,0,0.108205156809654
1993,7,24,0.000131655280711129,0,0.166783410382777,0,0.107066155159026
1993,7,25,0.00380243430845439,0,0.00184879115840886,0,0.109344158460282
1993,7,26,0.00263158627785742,0,0.003306524718937,-5.6843418860808e-14,0.120734174966561
1993,7,27,0.3448186814785,0,0.202093405750929,5.6843418860808e-14,0.115039166713421
1993,7,28,0.0107137644663453,0,0.191498416585091,0,0.109344158460282
1993,7,29,0.206093683838844,0,0.124039194197394,0,0.10478815185777
1993,7,30,0.412143260240555,0,0.281616159198165,0,0.100232145255258
1993,7,31,0.34976053237915,0,0.381720719589794,0,0.0968151403033743
1993,8,1,1.93376743793488,0,1.22798236132439,0,0.0933981353514905
1993,8,2,0.612505078315735,0,1.35685912703775,0,0.0899811303996067
1993,8,3,0.078822985291481,0,0.255708301101549,0,0.0877031270983508
1993,8,4,1.19300651550293,-5.6843418860808e-14,0.595589253294747,0,0.0877031270983508
1993,8,5,7.05070972442627,1.13686837721616e-13,3.65291727268414,0,0.10478815185777
1993,8,6,30.7254085540772,-5.6843418860808e-14,17.886932873007,0,0.10478815185777
1993,8,7,0.446568727493286,0,15.6035651748716,0,0.0922591337008626
1993,8,8,0.0454943627119064,0,0.235418304357154,0,0.0945371370021184
1993,8,9,1.31874704360962,0,0.674408329658036,0,0.101371146905886
1993,8,10,0.594929575920105,0,0.978290420676785,0,0.102510148556514
1993,8,11,3.98218607902527,0,1.81520123610244,0,0.100232145255258
1993,8,12,0.303889125585556,0,2.31404730489885,0,0.0945371370021184
1993,8,13,2.00203251838684,0,1.3075216023899,0,0.0911201320502346
1993,8,14,0.121029421687126,0,1.22908579893192,0,0.0888421287489788
1993,8,15,1.19443237781525,0,0.804666854550305,0,0.0877031270983508
1993,8,16,0.217523783445358,0,0.64459516568968,0,0.085425123797095
1993,8,17,0.29022341966629,0,0.252794465690386,-5.6843418860808e-14,0.0820081188452112
1993,8,18,0.118192121386528,0,0.220655325636471,5.6843418860808e-14,0.0797301155439553
1993,8,19,1.03412878513336,0,0.619077549752547,0,0.0774521122426994
1993,8,20,0.169502794742584,5.6843418860808e-14,0.651224026853015,0,0.0740351072908156
1993,8,21,0.927388310432434,-5.6843418860808e-14,0.620411835625419,0,0.0717571039895598
1993,8,22,2.95136618614197,5.6843418860808e-14,2.02736199962237,0,0.0694791006883039
1993,8,23,0.278581410646439,-5.6843418860808e-14,1.72650041749512,-5.6843418860808e-14,0.067201097387048
1993,8,24,19.0511474609375,0,9.41006448564804,5.6843418860808e-14,0.0717571039895598
1993,8,25,0.0795590057969093,0,10.2042175979695,0,0.0717571039895598
1993,8,26,0.000952360802330077,0,0.0433423048707482,0,0.0728961056401877
1993,8,27,0.132599890232086,0,0.0496792635931342,0,0.0751741089414436
1993,8,28,1.0383368730545,-5.6843418860808e-14,0.539802088216675,-5.6843418860808e-14,0.0740351072908156
1993,8,29,0.0268300119787455,5.6843418860808e-14,0.471066263027751,5.6843418860808e-14,0.0694791006883039
1993,8,30,0.679621398448944,0,0.316694607376121,0,0.067201097387048
1993,8,31,3.45224452018738,0,1.8142015401645,0,0.0706181023389318
1993,9,1,2.95625424385071,0,3.24041227021007,0,0.0649230940857922
1993,9,2,2.46784973144531,0,2.78950277379408,0,0.0637840924351642
1993,9,3,24.9008350372315,0,13.582047166994,0,0.0660620957364201
1993,9,4,0.0590191036462784,0,12.4876985253359,0,0.0603670874832804
1993,9,5,3.65272062481381e-05,0,0.0313862252623949,0,0.0580890841820246
1993,9,6,0.00161488738376647,0,0.00103014985143091,0,0.0580890841820246
1993,9,7,0.802326381206513,-5.6843418860808e-14,0.511942035740503,0,0.0580890841820246
1993,9,8,17.8422603607178,5.6843418860808e-14,8.81501888229104,0,0.0660620957364201
1993,9,9,15.9380683898926,5.6843418860808e-14,16.9097963013519,0,0.0615060891339084
1993,9,10,0.0229803565889597,-5.6843418860808e-14,8.09080027790697,0,0.0580890841820246
1993,9,11,0.00122277543414384,0,0.0110344560052908,0,0.0580890841820246
1993,9,12,0.00142237346153706,0,0.00132017395299044,0,0.0603670874832804
1993,9,13,4.68655204772949,0,2.17347775482631,0,0.0615060891339084
1993,9,14,33.4169387817383,0,16.3611505996923,0,0.0808691171945832
1993,9,15,22.6603870391846,0,28.0419704894448,0,0.0763131105920715
1993,9,16,0.00129702698905021,0,11.3311486575258,5.6843418860808e-14,0.0706181023389318
1993,9,17,0.393485188484192,0,0.213577322796482,-5.6843418860808e-14,0.223244323523075
1993,9,18,0.00138673419132829,0,0.169954930137465,0,0.193630280606749
1993,9,19,0.526244282722473,0,0.242475434075459,0,0.152626221184143
1993,9,20,17.9477291107178,0,9.23424383934616,0,0.161738234389166
1993,9,21,0.0034037921577692,0,9.47266055037835,5.6843418860808e-14,0.158321229437283
1993,9,22,0.0150946192443371,0,0.00921874988125637,-5.6843418860808e-14,0.130985189822212
1993,9,23,1.23104226589203,0,0.65896571036501,0,0.125290181569073
1993,9,24,21.6987419128418,0,11.434778613424,0,0.17085024759419
1993,9,25,52.9526824951172,-5.6843418860808e-14,36.7906742562045,0,0.760853102619459
1993,9,26,17.8069686889648,-5.11590769747272e-13,35.38069288322,-2.27373675443232e-13,1.45792211280375
1993,9,27,1.73829019069672,5.6843418860808e-14,9.7733675351119,0,0.946510371671812
1993,9,28,2.61539953498868e-05,-5.6843418860808e-14,0.966858576339291,0,0.666315965617341
1993,9,29,0.00379088660702109,0,0.00182875724567566,0,0.496604719673779
1993,9,30,0.000639557372778654,0,0.00227786696996191,0,0.391816567816009
1993,10,1,0.720363438129425,0,0.352937454583298,0,0.271082392849448
1993,10,2,13.7102737426758,0,7.21086124842259,0,0.225522326824331
1993,10,3,3.84972810745239,0,8.8210964011123,0,0.197047285558632
1993,10,4,0.008548135869205,0,2.03124282653152,0,0.19818628720926
1993,10,5,4.95513304485939e-05,0,0.00447386667656247,0,0.186796270702981
1993,10,6,0.000315292447339743,0,0.000197645586013095,0,0.160599232738539
1993,10,7,0,0,0.00019242127018515,0,0.13781919972598
1993,10,8,0.726137816905975,0,0.231486584129016,0,0.121873176617189
1993,10,9,12.4097347259521,0,6.26344798068021,0,0.111622161761537
1993,10,10,0.146910578012466,0,6.59448661442366,0,0.103649150207142
1993,10,11,1.44344031810761,0,0.912736928214144,0,0.0956761386527464
1993,10,12,0.00562624586746097,0,0.810040772856155,0,0.0899811303996067
1993,10,13,0.00204740441404283,0,0.00407829357573064,0,0.085425123797095
1993,10,14,0.0405316539108753,0,0.0251901221854496,0,0.0808691171945832
1993,10,15,0.00459800334647298,0,0.0268081927606545,0,0.0785911138933274
1993,10,16,3.89911127090454,0,1.75010016156375,0,0.0820081188452112
1993,10,17,22.4960823059082,0,11.4040355884063,0,0.0785911138933274
1993,10,18,8.54622745513916,0,15.5226531144945,0,0.0763131105920715
1993,10,19,15.3790006637573,0,11.931277052161,0,0.103649150207142
1993,10,20,31.5139465332031,0,23.3529954069054,0,0.492048713071267
1993,10,21,3.15577435493469,0,17.4000223099974,0,1.13216764072417
1993,10,22,0.000303956359857693,0,1.67642580575557,0,1.03421349877016
1993,10,23,0.00147328525781631,0,0.000925234598980751,0,0.750602087763808
1993,10,24,0.00152865168638527,0,0.0014981509957579,0,0.560388812108943
1993,10,25,0.00291486596688628,0,0.0019941805403505,0,0.445349645395522
1993,10,26,0.00586682045832276,0,0.00411526003517793,0,0.361063523249055
1993,10,27,2.8283202482271e-06,0,0.00390007553869509,0,0.300696435765774
1993,10,28,1.04048649518518e-05,0,7.74268119130284e-06,0,0.256275371391285
1993,10,29,0.309892445802689,0,0.204766710434342,0,0.223244323523075
1993,10,30,2.29151439666748,0.156622657912692,1.12752864743379,0,0.205020297113028
1993,10,31,0.00211276113986969,0.162341649490315,1.00474312099686,0,0.182240264100469
1993,11,1,0.00696038547903299,0.000243165259973921,0.00427800263423705,0,0.162877236039794
1993,11,2,1.71919655799866,0,0.804296590067679,0.337545484428063,0.154904224485399
1993,11,3,8.93046951293945,0,5.25966581782268,0,0.158321229437283
1993,11,4,0.00614575389772654,0,4.46846693900079,0,0.159460231087911
1993,11,5,0.000190133709111251,0,0.0033952080848394,0,0.154904224485399
1993,11,6,6.49397115921602e-05,4.25026087214064e-06,0.00010280934657203,0,0.148070214581631
1993,11,7,0.000274233228992671,1.6873855997801e-05,0.000160036819579545,0,0.14351420797912
1993,11,8,0.0151417059823871,1.41633606745017e-05,0.00702013430054649,0,0.140097203027236
1993,11,9,0.202312275767326,0,0.0866896537736466,0,0.136680198075352
1993,11,10,9.1829220764339e-05,0,0.0932528397424903,0,0.130985189822212
1993,11,11,1.86581003665924,-5.6843418860808e-14,0.781385035617859,-5.6843418860808e-14,0.125290181569073
1993,11,12,8.37308883666992,5.6843418860808e-14,4.58485264868796,5.6843418860808e-14,0.128707186520956
1993,11,13,16.2676868438721,0,12.114074228859,0,0.159460231087911
1993,11,14,43.8969039916992,-2.27373675443232e-13,30.0805355507364,-5.6843418860808e-13,8.67919257778485
1993,11,15,6.24652290344238,5.6843418860808e-14,25.1046455520191,-2.27373675443232e-13,14.1236204677864
1993,11,16,11.4585285186768,-5.6843418860808e-14,8.85188295569969,1.13686837721616e-13,4.05484587623544
1993,11,17,18.1837539672852,-2.8421709430404e-13,14.7867214074722,-2.27373675443232e-13,6.32145916098503
1993,11,18,0.167751729488373,5.6843418860808e-14,9.20239687186404,-1.13686837721616e-13,4.12318597527312
1993,11,19,0.00877460185438395,0,0.0935490546398796,0,2.68804389548192
1993,11,20,0.00345568498596549,0,0.00616595452447655,0,1.93630280606749
1993,11,21,0.00170782522764057,-5.6843418860808e-14,0.00272235589363845,-5.6843418860808e-14,1.50348217882887
1993,11,22,0.000172639760421589,5.6843418860808e-14,0.00110553196645924,5.6843418860808e-14,1.20734174966561
1993,11,23,0.000300686544505879,0,0.000233653405302903,0,1.02282348226388
1993,11,24,0.0301062259823084,0,0.0146900449726672,0,0.892977294092299
1993,11,25,1.95280253887177,0,0.991312306152395,0,0.78249413398139
1993,11,26,10.5565690994263,3.08426588470201,3.1693503194474,0,0.719849043196854
1993,11,27,0.238730698823929,3.11449932459863,2.2998181987532,0,0.666315965617341
1993,11,28,8.14836585050216e-06,0.0195837370653749,0.0999162003899983,0.870447335949905,0.616199892989712
1993,11,29,9.8199729109183e-05,0,5.25522264069878e-05,2.7603756772682,0.576334835217734
1993,11,30,0.000718441267963499,0,0.000389234999602195,2.67366543652332,0.541025784048268
1993,12,1,0.0223959032446146,0,0.0114159351687704,0,0.50685573452943
1993,12,2,10.4100494384766,0,4.61315908914185,0,0.495465718023151
1993,12,3,7.35394906997681,0,8.89932128857254,0,0.669732970569225
1993,12,4,12.241623878479,0,9.45570616004625,0,1.91352277305493
1993,12,5,2.1598436832428,0,7.20518988771437,0,2.35773341679982
1993,12,6,0.00508416118100286,0,1.03877328012095,0,1.86796270702981
1993,12,7,0.000108392094261944,0,0.00281056301173521,0,1.49209216232259
1993,12,8,7.63192147132941e-05,0,9.26744287426118e-05,0,1.25290181569073
1993,12,9,0.17957891523838,-5.6843418860808e-14,0.0877339179351111,0,1.09116358130156
1993,12,10,0.0233181715011597,5.6843418860808e-14,0.09445921203951,0,0.98637542944379
1993,12,11,4.8538018745603e-05,0,0.0144128786523652,0,0.877031270983508
1993,12,12,0.104613602161407,0,0.0624399443477159,0,0.765409109221971
1993,12,13,19.4349498748779,1.13686837721616e-13,9.75444120818429,0,0.838305214862159
1993,12,14,6.85546350479126,-2.27373675443232e-13,13.8858626595757,-1.70530256582424e-13,3.12086452272054
1993,12,15,0.018871396780014,1.13686837721616e-13,3.55225815584708,1.13686837721616e-13,2.76777401102588
1993,12,16,0.0817551612854004,0,0.0481427424056165,0,1.9818628720926
1993,12,17,0.339616298675537,0,0.189734050218249,0,1.61738234389166
1993,12,18,0.00654957350343466,0,0.202330466214335,0,1.36680198075352
1993,12,19,0.0225774589926004,0,0.0122075970830338,0,1.17317170014677
1993,12,20,0.20119820535183,0,0.134805757596041,0,1.04674251692707
1993,12,21,0.00325439125299454,0,0.0955466667146538,0,0.94764937332244
1993,12,22,0.00113792228512466,0,0.00231881790386979,0,0.845139224765926
1993,12,23,6.69497410399345e-07,1.78123514160689e-07,0.000452632153610466,0,0.751741089414436
1993,12,24,0.00033151576644741,2.67426333948606e-05,0.000119745625852374,0,0.668593968918597
1993,12,25,0.000311165524180979,1.98223246457019e-05,0.000298032813589089,0,0.607087879784688
1993,12,26,0.00086586078396067,0,0.000568762112379773,0,0.556971807157059
1993,12,27,0.0542769841849804,0,0.025430164176214,5.6843418860808e-14,0.515967747734454
1993,12,28,0.162170231342316,0,0.106565795264032,-5.6843418860808e-14,0.482936699866244
1993,12,29,0.0404677093029022,0.0011049652375732,0.100749700042797,0,0.453322656949917
1993,12,30,0.0018452238291502,0.00155434181294822,0.0197411729932355,0,0.421430610732335
1993,12,31,0.000268037634668872,0.000382957194858591,0.000579861254664138,0,0.397511576069149
1994,1,1,0.0157128050923347,0,0.00749092073237989,0,0.375870544707218
1994,1,2,0.164643466472626,-5.6843418860808e-14,0.0849964848057425,-5.6843418860808e-14,0.358785519947799
1994,1,3,3.13732719421387,5.6843418860808e-14,1.60293547622132,5.6843418860808e-14,0.353090511694659
1994,1,4,0.14564710855484,0.0223106657502399,1.63005780831008,0,0.34170049518838
1994,1,5,0.00353545416146517,0.0225084123329111,0.0521627200832882,0,0.329171477031473
1994,1,6,0.00438762083649635,9.28183482074019e-06,0.00393964420072734,5.6843418860808e-14,0.316642458874565
1994,1,7,1.32769870758057,0.0823276297134044,0.541218929876777,0,0.300696435765774
1994,1,8,0.124602541327477,0.145977190291603,0.582468668653746,0,0.285889414307611
1994,1,9,0.000209175937925465,0.0608858817158762,0.0047454092928092,0,0.273360396150704
1994,1,10,0.221223905682564,-1.13686837721616e-13,0.103626114880171,0.310851050327699,0.260831377993797
1994,1,11,5.4714150428772,0,2.77011380787008,0,0.256275371391285
1994,1,12,1.5851958990097,0,3.54236037874216,0,0.253997368090029
1994,1,13,0.0462367422878742,0,0.827376403758535,0,0.259692376343169
1994,1,14,0.53640216588974,0.00954497016027744,0.272365703807736,0,0.266526386246936
1994,1,15,1.89395344257355,0.938672889165844,0.263299665508384,0,0.267665387897564
1994,1,16,5.93699741363525,3.88445866732565,0,0,0.26994339119882
1994,1,17,28.6328449249268,17.1072061599301,0,0,0.305252442368286
1994,1,18,0.213303953409195,14.8513542672532,0,0,0.484075701516871
1994,1,19,0.000134470392367803,0.0968216104762405,0,0,0.489770709770011
1994,1,20,0.00534760998561978,0.00254568512121978,0.000828957672638353,0,0.457878663552429
1994,1,21,0.00442180270329118,0.00303637018822656,0.00178624605905497,0,0.418013605780451
1994,1,22,0.226366251707077,0.00117110490782579,0.111696183172171,0,0.395233572767893
1994,1,23,0.602471709251404,0,0.402276993572741,2.1015024598226,0.471546683359964
1994,1,24,0.690345466136932,-5.6843418860808e-14,0.643567553099274,5.83089358882404,1.0114334657576
1994,1,25,4.23567056655884,1.13686837721616e-13,2.41458616177624,9.7570726374434,1.66294240991678
1994,1,26,17.9621753692627,-5.6843418860808e-14,11.0691083342317,12.4733098029205,3.25754472079589
1994,1,27,17.6887130737305,-2.8421709430404e-13,17.8268649463607,6.75638237909095,15.6043226136027
1994,1,28,0.946230232715607,-1.70530256582424e-13,9.33545361319921,0,8.00718160391437
1994,1,29,0.0216006934642792,0.00299132109711309,0.493779087602889,0,4.3509863053987
1994,1,30,0.0898698046803474,0.0129469240795856,0.040757016682619,0,3.06391444018914
1994,1,31,0.000610010523814708,0.0106063224535546,0.0347022406931501,0,2.30078333426842
1994,2,1,0.000480723450891674,0.000497086059453977,4.55780354968738e-05,-5.6843418860808e-14,1.86796270702981
1994,2,2,0.00807737652212381,0.00100944897678801,0.00268815069284756,0,1.60599232738539
1994,2,3,0.161562085151672,0.00111240735486717,0.0663001680004527,0.0390935436896598,1.48070214581631
1994,2,4,0.00870957411825657,0,0.090276522001659,0,1.30985189822212
1994,2,5,1.03271305561066,0,0.489539789177798,0,1.13444564402542
1994,2,6,0.0106122987344861,0,0.608812236267113,0,1.04560351527644
1994,2,7,0,0,0.00535599161230493,0,0.957900388178092
1994,2,8,0.887504160404205,0,0.393906163619249,0,0.88158727758602
1994,2,9,9.58975601196289,0.977044820388983,4.26108367954294,0,0.847417228067182
1994,2,10,3.69413757324219,2.82191968089563,3.82784322903899,0,0.802996163692693
1994,2,11,0.054216243326664,1.85831442004394,0.0185369494574843,-5.6843418860808e-14,0.717571039895598
1994,2,12,0.494421869516373,0.0104885300196997,0.21373387713902,0.576815655165831,0.684539992027388
1994,2,13,0.0431939847767353,0,0.291620966101618,0.822300950457873,0.767687112523227
1994,2,14,0.0022280840203166,0,0.023817316559871,0.985107152825208,0.841722219814042
1994,2,15,0.00135133147705346,0,0.00181552162757725,3.33005838147955,0.82122019010274
1994,2,16,0.00182266824413091,0,0.00157178714653128,0,0.799579158740809
1994,2,17,0.000271403696388006,0,0.00110294875776162,0,0.768826114173855
1994,2,18,0.000960768025834113,0,0.000605439599894453,0,0.744907079510668
1994,2,19,0.545601904392242,0,0.250755855173338,0,0.732378061353761
1994,2,20,24.2254810333252,-5.6843418860808e-14,12.3851513667869,-1.13686837721616e-13,3.50812508393403
1994,2,21,1.62129640579224,-5.6843418860808e-14,12.9267158263392,5.6843418860808e-14,4.45349645395522
1994,2,22,30.8775196075439,1.13686837721616e-13,16.1092378221983,5.6843418860808e-14,11.3330664237479
1994,2,23,12.0783777236938,-5.6843418860808e-14,21.8904651480625,1.13686837721616e-13,14.0097203027236
1994,2,24,0.0627011805772781,-5.6843418860808e-14,6.17881377095546,0,6.73149975521108
1994,2,25,0.000206852841074578,-5.6843418860808e-14,0.0327780289626389,0,4.44210643744894
1994,2,26,0.00124232971575111,0.000305610109307963,0.000393111618905095,-5.6843418860808e-14,3.24615470428961
1994,2,27,2.52313923835754,0.3766795959761,0.885045954997622,0,2.52858366439401
1994,2,28,1.119997382164,0.379593521987886,1.44774545610198,0.561337325202089,2.14132310318051
1994,3,1,9.68140125274658,5.6843418860808e-14,5.39041264421394,0.203347331808629,2.3691234333061
1994,3,2,2.68125605583191,1.13686837721616e-13,6.19835848820003,-5.6843418860808e-14,2.46024356535634
1994,3,3,0.000211358215892687,0,1.50940150495444,0,2.14132310318051
1994,3,4,6.8603600084316e-05,0,0.000140711053973064,0,1.92491278956121
1994,3,5,3.25862092722673e-05,0,5.02684160892386e-05,0,1.7654525584733
1994,3,6,1.12078738212585,0,0.536804150393436,0,1.60599232738539
1994,3,7,4.82680463790894,0,2.9717408666329,0,1.44653209629747
1994,3,8,30.0552368164063,1.70530256582424e-13,17.3517338246566,-8.5265128291212e-13,2.3691234333061
1994,3,9,32.779956817627,1.98008412373071,29.2976065453404,-1.13686837721616e-13,5.50137797253292
1994,3,10,0.0147193055599928,2.28207653352285,14.6748690495988,0,4.24847615684219
1994,3,11,0.000385230872780085,0,0.00762897985623567,2.34579666152308,5.38747780747012
1994,3,12,0.00309981242753565,0,0.00167997058815672,1.91880824387584,8.47417228067182
1994,3,13,0.224892571568489,5.6843418860808e-14,0.0956665546727891,0,9.74985412937511
1994,3,14,0.255722761154175,-1.13686837721616e-13,0.237608917075704,0,6.92513003581783
1994,3,15,1.76237267623947e-06,5.6843418860808e-14,0.0949110252004175,0,4.76102689962476
1994,3,16,6.68262073304504e-05,0,3.25557230098639e-05,5.6843418860808e-14,3.58785519947799
1994,3,17,0.00021252955775708,0,0.000138648505526362,-5.6843418860808e-14,2.90445420910123
1994,3,18,0.0450679659843445,0,0.0218908501992701,0,2.46024356535634
1994,3,19,0.000311858224449679,0,0.0209556198060454,0,2.08437302064912
1994,3,20,0.000511666003149003,5.6843418860808e-14,0.000395746119465912,0,1.83379265751097
1994,3,21,0.00223542540334165,-5.6843418860808e-14,0.00124342085473472,0,1.6515523934105
1994,3,22,8.80512452567928e-05,0,0.00118098293387447,5.6843418860808e-14,1.4351420797912
1994,3,23,0.0938150212168694,0,0.0592099029236124,-5.6843418860808e-14,1.28707186520956
1994,3,24,1.35379612445831,0,0.697993530320673,0,1.18456171665305
1994,3,25,2.19261884689331,0,1.67493782073507,0,1.09571958790407
1994,3,26,6.82127332687378,0,4.33027132699863,0,1.21873176617189
1994,3,27,27.6631469726563,1.70530256582424e-13,16.2296016766377,-5.6843418860808e-14,4.30542623937359
1994,3,28,0.551672399044037,1.13686837721616e-13,14.1110366706998,5.6843418860808e-14,3.45117500140264
1994,3,29,0,0,0.297410709099495,0,2.56275371391285
1994,3,30,0.0133634377270937,0,0.0079289279274235,0,2.10715305366168
1994,3,31,4.50153294195843e-07,0,0.00517176567882416,0,1.82240264100469
1994,4,1,0.025121470913291,0,0.0142687762236164,0,1.62877236039794
1994,4,2,2.65916919708252,0,1.33168035453491,0,1.48070214581631
1994,4,3,13.6055459976196,0,7.98332366341128,0,1.59460231087911
1994,4,4,0.00710198050364852,0,6.8063283975207,0,1.87935272353609
1994,4,5,4.93724918365479,0,2.46771267239456,0,1.73128250895446
1994,4,6,7.81688499450684,-1.13686837721616e-13,6.32092057496629,0,1.82240264100469
1994,4,7,0.00729167368263006,0,3.91264292372944,-5.6843418860808e-14,1.7654525584733
1994,4,8,0.000943078252021223,0,0.00450913100939943,0,1.54904224485399
1994,4,9,0.370764315128326,0,0.171925566231948,0,1.4351420797912
1994,4,10,5.39924240112305,0,2.7889317723857,0,1.35541196424724
1994,4,11,8.47628211975098,0,6.70464492968677,0,1.45792211280375
1994,4,12,22.1707649230957,5.6843418860808e-14,15.3235224021555,5.6843418860808e-14,6.12782888037828
1994,4,13,0.00125521037261933,-5.6843418860808e-14,11.0930755948611,-5.6843418860808e-14,4.08901592575428
1994,4,14,0.21233281493187,0,0.104103397385188,0,2.93862425862007
1994,4,15,1.43926298618317,0,0.775687521167129,0,2.39190346631866
1994,4,16,0.929505169391632,0,1.19602338013647,5.6843418860808e-14,2.08437302064912
1994,4,17,4.27166787630995e-06,0,0.459881216171198,-5.6843418860808e-14,1.77684257497958
1994,4,18,1.30689350044122e-05,0,8.27927578939125e-06,0,1.56043226136027
1994,4,19,6.1532118706964e-05,0,3.25315195368603e-05,0,1.40097203027236
1994,4,20,0.0116860987618566,0,0.00489561639187741,0,1.25290181569073
1994,4,21,0.0270193610340357,0,0.0184498492853891,0,1.1253336308204
1994,4,22,5.75652742385864,0,2.53134444537864,0,1.24151179918445
1994,4,23,0.25034037232399,0,3.31838434975725,0,1.25290181569073
1994,4,24,0.00231249094940722,0,0.159300974071812,0,1.07977356479528
1994,4,25,1.26155042648315,0,0.731467596277071,0,0.968151403033743
1994,4,26,6.29507255554199,0,3.5307196406502,0,0.906645313899835
1994,4,27,5.49251556396484,0,5.80411206115241,0,0.87589226933288
1994,4,28,8.06420516967773,0,6.75298276363537,0,0.789328143885157
1994,4,29,16.0372581481934,0,11.6991560263705,0,1.66294240991678
1994,4,30,39.0176429748535,5.6843418860808e-13,27.527375576974,-2.8421709430404e-13,9.87514431094418
1994,5,1,0.0221058502793312,5.6843418860808e-14,19.5316029588903,-1.70530256582424e-13,7.75660124077622
1994,5,2,0.685335040092468,0,0.327992755715968,5.6843418860808e-14,4.28264620636103
1994,5,3,3.6209979057312,0,2.0399917589275,0,3.17781460525193
1994,5,4,0.000371416797861457,0,2.31381188652813,0,2.51719364788773
1994,5,5,0.0152056915685534,0,0.00745694802026264,0,2.038812954624
1994,5,6,0.229041710495949,0,0.129610146497726,0,1.7085024759419
1994,5,7,5.28278398513794,0,2.62948341221636,0,1.48070214581631
1994,5,8,5.22161245346069,0,5.25584603806055,0,1.57182227786655
1994,5,9,0.0146356811746955,0,3.06419283716241,0,1.35541196424724
1994,5,10,0.00268672755919397,0,0.00363005495455582,0,1.17317170014677
1994,5,11,0.0167451947927475,0,0.0109293654677458,0,1.02851849051702
1994,5,12,2.82314038276672,0,1.30394957186581,0,0.923730338659254
1994,5,13,15.9461841583252,0,5.23011199797111,0,0.979541419540022
1994,5,14,4.47657918930054,0,10.2365115278262,0,1.17317170014677
1994,5,15,2.90729641914368,0,3.84341742735342,0,1.19595173315933
1994,5,16,0.00236800615675747,0,1.57249449148367,0,1.11394361431412
1994,5,17,0.00022319944400806,0,0.00114623454282992,0,0.960178391479347
1994,5,18,7.96344174887054e-05,0,0.000161784097144846,0,0.804135165343321
1994,5,19,1.03486229363625e-06,0,2.96115285891574e-05,0,0.68340099037676
1994,5,20,8.21009525679983e-05,0,4.07728985010181e-05,0,0.596836864929037
1994,5,21,0.000485976401250809,0,0.000337289711751509,0,0.531913770843245
1994,5,22,1.64695338753518e-05,0,0.000261204979324248,0,0.481797698215616
1994,5,23,8.18868284113705e-05,0,5.65784685022663e-05,0,0.437376633841126
1994,5,24,0.000386454339604825,0,0.000222261940507451,0,0.398650577719776
1994,5,25,2.7390673160553,0,1.12176588158036,0,0.37473154305659
1994,5,26,12.2519598007202,0,6.48034161337637,0,0.367897533152822
1994,5,27,0.0986577868461609,0,6.6525416976765,0,0.375870544707218
1994,5,28,9.70480250543915e-05,0,0.0383543760726752,0,0.338283490236496
1994,5,29,0.692078292369843,0,0.265234326310747,0,0.331449480332728
1994,5,30,1.9415317773819,0,1.50908859345873,0,0.312086452272054
1994,5,31,0.0939431264996529,0,0.844411022109853,0,0.288167417608867
1994,6,1,0.000611660711001605,0,0.0411932016504579,0,0.266526386246936
1994,6,2,0.105045348405838,0,0.0605697365790547,0,0.248302359836889
1994,6,3,5.30839538574219,-5.6843418860808e-14,2.52835817852974,0,0.23121733507747
1994,6,4,4.59159898757935,5.6843418860808e-14,4.98549059477227,0,0.218688316920563
1994,6,5,4.64992427825928,0,4.61942871015708,0,0.234634340029354
1994,6,6,3.65391206741333,0,4.26439938518888,0,0.244885354885006
1994,6,7,4.0134220123291,0,3.85645530869806,0,0.243746353234378
1994,6,8,14.3863906860352,0,8.8417196081391,0,0.558110808807687
1994,6,9,13.0886058807373,0,13.7455952800228,0,1.81101262449841
1994,6,10,15.1887302398682,0,14.0631379524493,0,2.4260735158375
1994,6,11,0.43736070394516,0,8.00369792064157,0,1.20734174966561
1994,6,12,0.784374237060547,0,0.601596611362766,0,0.863363251175973
1994,6,13,0.0980636477470398,0,0.500764156829973,0,0.64467493425541
1994,6,14,0.00784800574183464,0,0.0513462914750562,0,0.507994736180058
1994,6,15,0.211813881993294,0,0.108728879909904,0,0.416874604129823
1994,6,16,2.65220546722412,0,1.28779499770826,0,0.355368514995915
1994,6,17,1.6548810005188,0,2.43654962696746,0,0.310947450621426
1994,6,18,1.95747756958008,0,1.84408407776573,0,0.287028415958239
1994,6,19,1.22369766235352,0,1.65499052599625,0,0.259692376343169
1994,6,20,2.65621995925903,0,1.93413160827913,0,0.243746353234378
1994,6,21,2.19707751274109,0,2.34316563098764,0,0.238051344981238
1994,6,22,4.7174015045166,0,3.31572038683589,0,0.219827318571191
1994,6,23,0.526068866252899,5.6843418860808e-14,2.83220281084505,5.6843418860808e-14,0.2038812954624
1994,6,24,4.4302225112915,-5.6843418860808e-14,2.15437217505314,0,0.189074274004237
1994,6,25,0.0152213396504521,0,2.39410320406023,-5.6843418860808e-14,0.178823259148585
1994,6,26,0.0659570395946503,0,0.0399819626072713,0,0.168572244292934
1994,6,27,0.00388817070052028,0,0.0399689336700249,5.6843418860808e-14,0.171989249244818
1994,6,28,1.42334270477295,-5.6843418860808e-14,0.879489623617701,-1.13686837721616e-13,0.154904224485399
1994,6,29,0.0719755291938782,1.13686837721616e-13,0.55812626635452,1.13686837721616e-13,0.138958201376608
1994,6,30,0.222674518823624,-5.6843418860808e-14,0.167483092900511,-5.6843418860808e-14,0.127568184870328
1994,7,1,1.17519843578339,0,0.792723601643957,0,0.118456171665305
1994,7,2,1.15265691280365,0,1.1631893422782,0,0.111622161761537
1994,7,3,0.170724123716354,5.6843418860808e-14,0.7125132454712,0,0.111622161761537
1994,7,4,0.00288663781248033,-5.6843418860808e-14,0.0699146044134977,0,0.108205156809654
1994,7,5,0.00950089562684298,0,0.00594866194660426,0,0.100232145255258
1994,7,6,0.535065948963165,0,0.321595266836084,0,0.0968151403033743
1994,7,7,4.01349639892578,0,2.19440411779215,-5.6843418860808e-14,0.0990931436046302
1994,7,8,10.4477891921997,0,7.14961324736214,5.6843418860808e-14,0.0979541419540022
1994,7,9,0.00429536681622267,0,5.51172151321953,0,0.0933981353514905
1994,7,10,0.0523779094219208,0,0.0258035293845751,0,0.0911201320502346
1994,7,11,0.000813264516182244,0,0.0218061836676497,0,0.0877031270983508
1994,7,12,0.0141649711877108,0,0.00590329623082653,0,0.084286122146467
1994,7,13,4.28697824478149,0,2.10975705043529,0,0.0956761386527464
1994,7,14,11.9476480484009,0,7.95453975229248,5.6843418860808e-14,0.0865641254477229
1994,7,15,14.4693117141724,0,13.4007200511842,-5.6843418860808e-14,0.085425123797095
1994,7,16,3.87030744552612,0,9.18666410546575,0,0.0865641254477229
1994,7,17,2.68471121788025,0,3.18130978257977,0,0.0865641254477229
1994,7,18,6.19780778884888,0,4.36024031014676,0,0.0888421287489788
1994,7,19,6.23757600784302,0,6.2176189781494,0,0.0922591337008626
1994,7,20,0.0715723484754562,0,3.22512199160701,0,0.0899811303996067
1994,7,21,2.92176580429077,-5.6843418860808e-14,1.25555345028988,0,0.0945371370021184
1994,7,22,1.59040474891663,5.6843418860808e-14,2.32132186843592,0,0.0911201320502346
1994,7,23,0.94541734457016,0,1.29078346441383,0,0.0911201320502346
1994,7,24,5.06425762176514,0,2.93439426378609,0,0.0945371370021184
1994,7,25,15.3795576095581,0,10.1532603779815,0,0.11048316011091
1994,7,26,4.21419477462769,0,9.81846182660956,0,0.103649150207142
1994,7,27,10.8600540161133,0,7.1675642635746,0,0.0990931436046302
1994,7,28,0.553097307682037,-5.6843418860808e-14,5.74095535962624,0,0.0945371370021184
1994,7,29,0.153241693973541,5.6843418860808e-14,0.333239615330967,0,0.118456171665305
1994,7,30,1.82574665546417,0,0.865446610401705,5.6843418860808e-14,0.138958201376608
1994,7,31,2.38608503341675,0,2.0462551939745,-5.6843418860808e-14,0.126429183219701
1994,8,1,0.337891906499863,0,1.45270357624759,0,0.111622161761537
1994,8,2,1.69765603542328,0,1.08867249556351,0,0.101371146905886
1994,8,3,2.55600643157959,0,2.24795375582835,0,0.107066155159026
1994,8,4,2.36359024047852,0,2.43681147965253,0,0.111622161761537
1994,8,5,15.2806768417358,0,8.73051076393313,0,0.111622161761537
1994,8,6,0.0139828361570835,0,7.68824811103696,5.6843418860808e-14,0.101371146905886
1994,8,7,0.126865193247795,0,0.0613807713270944,-5.6843418860808e-14,0.105927153508398
1994,8,8,0.21566379070282,0,0.169051463602955,0,0.117317170014677
1994,8,9,0.0315187610685825,0,0.129828853081563,0,0.136680198075352
1994,8,10,0.00220699887722731,0,0.0164033411783748,0,0.136680198075352
1994,8,11,0.000162487602210604,0,0.00121170195779996,0,0.118456171665305
1994,8,12,0.0185718573629856,0,0.00648201639705803,0,0.10478815185777
1994,8,13,0.00347057939507067,-5.6843418860808e-14,0.0111971152218757,0,0.0945371370021184
1994,8,14,0.206684648990631,5.6843418860808e-14,0.0777222497454204,0,0.0877031270983508
1994,8,15,0.642033636569977,0,0.419710232508805,0,0.0831471204958391
1994,8,16,1.02783012323471e-07,0,0.417685905860708,0,0.0785911138933274
1994,8,17,8.26390021302359e-07,0,4.39518771599978e-07,0,0.0751741089414436
1994,8,18,2.45384921271352e-08,0,2.90525349555537e-07,0,0.0717571039895598
1994,8,19,0.868171453475952,-5.6843418860808e-14,0.374458424361364,0,0.0797301155439553
1994,8,20,28.5702724456787,5.6843418860808e-14,14.7098063709964,0,0.0820081188452112
1994,8,21,7.39327239990234,0,17.9970388631118,-5.6843418860808e-14,0.0740351072908156
1994,8,22,0.00230148085393012,5.6843418860808e-14,3.72597097498146,5.6843418860808e-14,0.0706181023389318
1994,8,23,1.6958731066552e-05,-5.6843418860808e-14,0.00101819673727732,0,0.0728961056401877
1994,8,24,0.00860662013292313,0,0.00556904332552222,0,0.0728961056401877
1994,8,25,0.000100152872619219,0,0.00356787534110481,0,0.0808691171945832
1994,8,26,1.2671332359314,0,0.580551280698273,0,0.085425123797095
1994,8,27,2.01284790039063,0,1.53676759115115,0,0.0888421287489788
1994,8,28,0.00130514183547348,0,1.01576923291213,0,0.085425123797095
1994,8,29,0.000465450022602454,0,0.000999926549411612,0,0.0808691171945832
1994,8,30,0.713683009147644,0,0.344612605498696,0,0.0774521122426994
1994,8,31,19.6325397491455,0,7.09605302408454,0,0.0820081188452112
1994,9,1,17.3836612701416,0,18.5206181291214,0,0.0831471204958391
1994,9,2,2.91306924819946,5.6843418860808e-14,10.1886188690332,5.6843418860808e-14,0.0763131105920715
1994,9,3,0.00473944004625082,-5.6843418860808e-14,1.49136640301367,-5.6843418860808e-14,0.0774521122426994
1994,9,4,0.0145841799676418,0,0.00941792198136682,0,0.0808691171945832
1994,9,5,0.212316423654556,0,0.0995998364414845,0,0.0831471204958391
1994,9,6,5.93630743026733,0,2.86385618482382,0,0.0808691171945832
1994,9,7,0.00368861295282841,0,3.10368646505231,0,0.0774521122426994
1994,9,8,0.00683760736137629,0,0.00521859068612685,0,0.0740351072908156
1994,9,9,0.1376643627882,0,0.0674981968732027,0,0.0717571039895598
1994,9,10,5.02797774970532e-05,0,0.0775047890601854,0,0.0694791006883039
1994,9,11,2.44252282755042e-06,0,2.05427713808604e-05,0,0.067201097387048
1994,9,12,3.28284090755915e-06,0,2.80510721495375e-06,0,0.067201097387048
1994,9,13,0.00022645338322036,0,0.000148641640407732,0,0.0660620957364201
1994,9,14,0.00215149926953018,0,0.00106721677730093,-5.6843418860808e-14,0.0637840924351642
1994,9,15,0.00140942714642733,0,0.00167130360932788,5.6843418860808e-14,0.0615060891339084
1994,9,16,0.0370341390371323,0,0.0191821507178247,0,0.0580890841820246
1994,9,17,0.00558667397126555,0,0.017084299477574,0,0.0558110808807687
1994,9,18,0.000101287303550635,0,0.00310433619233663,0,0.0535330775795128
1994,9,19,3.28954371298096e-07,0,3.32444724335801e-05,0,0.0523940759288849
1994,9,20,5.82959458483856e-08,0,1.98891939362511e-07,0,0.051255074278257
1994,9,21,0.00452671758830547,0,0.00158159988859552,0,0.0489770709770011
1994,9,22,3.08232593536377,0,1.43127473373534,0,0.0478380693263732
1994,9,23,3.02839946746826,0,3.06230263860925,0,0.0455600660251173
1994,9,24,0.584802389144898,0,1.63383015828367,0,0.0444210643744894
1994,9,25,0.726732850074768,0,0.663089173438493,0,0.0432820627238614
1994,9,26,0.00561921205371618,0,0.33427933769417,0,0.0410040594226056
1994,9,27,0.000658809265587479,0,0.00344381191462162,0,0.0410040594226056
1994,9,28,1.60772506205831e-05,0,0.00023472366592614,0,0.0410040594226056
1994,9,29,0.000430065410910174,0,0.00021718933203374,0,0.0398650577719777
1994,9,30,0.00163319846615195,0,0.00125252269572229,0,0.0387260561213497
1994,10,1,3.88929765904322e-05,0,0.000887692069227342,0,0.0364480528200938
1994,10,2,1.91032922884915e-05,0,2.86298236460425e-05,0,0.0353090511694659
1994,10,3,0.00172786554321647,-5.6843418860808e-14,0.00109805875035818,0,0.034170049518838
1994,10,4,0.418894171714783,5.6843418860808e-14,0.287646772056178,0,0.034170049518838
1994,10,5,0.450836420059204,0,0.429774667838501,0,0.034170049518838
1994,10,6,0.000316434656269848,0,0.302676084877021,0,0.0330310478682101
1994,10,7,1.59699463844299,0,0.795452011934685,0,0.0330310478682101
1994,10,8,12.2086000442505,0,6.81854566481343,0,0.0398650577719777
1994,10,9,15.6057014465332,0,13.8943775339721,0,0.0410040594226056
1994,10,10,0.0410997085273266,0,7.82411968808447,0,0.0387260561213497
1994,10,11,0.0823372974991798,0,0.0633647098838992,0,0.0410040594226056
1994,10,12,0.18880495429039,0,0.121812107990991,0,0.0421430610732335
1994,10,13,0.839020252227783,0,0.371954264181113,0,0.0410040594226056
1994,10,14,0.306705415248871,0,0.604052920229151,0,0.0398650577719777
1994,10,15,1.12682437896729,0,0.629244128045684,0,0.0387260561213497
1994,10,16,3.28404331207275,0,2.11137614292602,0,0.0387260561213497
1994,10,17,4.71923589706421,0,3.81988119300877,0,0.0387260561213497
1994,10,18,2.41254687309265,0,3.73171899517911,0,0.0387260561213497
1994,10,19,3.75039911270142,0,2.97043438595938,0,0.0398650577719777
1994,10,20,4.0807638168335,0,4.00356762106821,0,0.0410040594226056
1994,10,21,2.82858085632324,0,3.1132174588638,0,0.0432820627238614
1994,10,22,7.66939544677734,0,4.99522858100681,0,0.0432820627238614
1994,10,23,0.0011251897085458,0,3.86687825720946,0,0.0421430610732335
1994,10,24,0.274471163749695,0,0.149939109767729,5.6843418860808e-14,0.0432820627238614
1994,10,25,0.43115308880806,0,0.343884353547765,-5.6843418860808e-14,0.0421430610732335
1994,10,26,0.00303136371076107,0,0.259664185301517,0,0.0410040594226056
1994,10,27,2.31109661399387e-05,0,0.00122130090312567,0,0.0410040594226056
1994,10,28,2.2040518160793e-05,5.6843418860808e-14,2.25840194616467e-05,0,0.0410040594226056
1994,10,29,2.42158021137584e-05,-5.6843418860808e-14,2.34324397752062e-05,0,0.0410040594226056
1994,10,30,0.000629329006187618,5.6843418860808e-14,0.000316169760480989,0,0.0398650577719777
1994,10,31,0.0687421411275864,-5.6843418860808e-14,0.0418767576011305,0,0.0387260561213497
1994,11,1,0.795239448547363,0,0.413062698957219,0,0.0387260561213497
1994,11,2,0.165702685713768,0,0.414087526318326,0,0.0387260561213497
1994,11,3,14.7017517089844,0,6.82120523260528,0,0.0466990676757452
1994,11,4,70.3515014648438,-5.6843418860808e-13,42.5145938265341,4.54747350886464e-13,13.781919972598
1994,11,5,104.066230773926,5.6843418860808e-13,87.2079921469886,-6.82121026329696e-13,55.5832805506431
1994,11,6,6.73840999603272,6.25277607468888e-13,58.319023060867,5.6843418860808e-14,17.654525584733
1994,11,7,2.02919363975525,5.6843418860808e-14,4.38431266542102,0,5.10272739481314
1994,11,8,5.21801233291626,0,3.6062194254846,0,3.0297443906703
1994,11,9,26.0137882232666,-5.6843418860808e-14,15.0452096822482,0,5.34191774144501
1994,11,10,15.2841501235962,-3.97903932025656e-13,20.6586457603044,0,10.3763050372205
1994,11,11,0.0520472228527069,-1.70530256582424e-13,7.67034651815993,0,4.60156666853685
1994,11,12,0.0174202900379896,0,0.0350967895246868,-5.6843418860808e-14,3.0297443906703
1994,11,13,3.06623411178589,0,1.54158940957132,5.6843418860808e-14,2.26661328474959
1994,11,14,23.512451171875,0,13.1324227593905,0,3.62202524899683
1994,11,15,16.724983215332,-2.27373675443232e-13,20.133326381696,0,11.2647263247103
1994,11,16,2.48023700714111,5.6843418860808e-14,9.60287689388497,5.6843418860808e-14,6.28728911146619
1994,11,17,0.000403756246669218,0,1.41741475195886,-5.6843418860808e-14,4.03206584322288
1994,11,18,0.00171513250097632,0,0.00100271458359202,0,2.96140429163263
1994,11,19,0.387546926736832,0,0.189456960470125,0,2.28939331776215
1994,11,20,3.92875790596008,0,2.14999487982277,0,2.00464290510516
1994,11,21,11.5730581283569,0,7.70231829729528,0,3.16642458874565
1994,11,22,0.000759166199713945,0,5.81430376943172,0,2.66526386246936
1994,11,23,2.40689059864962e-05,0,0.000451145238912432,0,2.07298300414284
1994,11,24,3.17586491291877e-05,0,2.72832367045339e-05,0,1.78823259148585
1994,11,25,0.0133436266332865,0,0.00562823358268361,0,1.59460231087911
1994,11,26,1.73070061206818,0,0.707923131816642,0,1.42375206328492
1994,11,27,10.3830118179321,0,5.37532718692819,0,2.038812954624
1994,11,28,1.30059540271759,0,5.87743556733403,0,2.66526386246936
1994,11,29,0.000149583283928223,0,0.828868968550523,0,2.038812954624
1994,11,30,0.000189578073332086,0,-0.0205805756668269,0,1.67433242642306
1994,12,1,6.63551909383386e-05,5.6843418860808e-14,0.000135652688186383,5.6843418860808e-14,1.4351420797912
1994,12,2,0.00126642209943384,-5.6843418860808e-14,0.000641804967017379,-5.6843418860808e-14,1.28707186520956
1994,12,3,0.0143097229301929,0,0.00707057125327992,5.6843418860808e-14,1.16178168364049
1994,12,4,0.00193363206926733,0,0.00927800554200076,0,1.06952254993963
1994,12,5,0.0120641971006989,0,0.00584339176202775,-5.6843418860808e-14,0.982958424491906
1994,12,6,0.00874904356896877,0,0.0104417632101104,0,0.906645313899835
1994,12,7,0.0294094234704971,-5.6843418860808e-14,0.0185906111182703,0,0.832610206609019
1994,12,8,11.3067502975464,-1.13686837721616e-13,5.65012003615993,0,0.88728228583916
1994,12,9,46.2686614990234,-3.41060513164848e-13,28.0858037894286,-5.6843418860808e-14,12.3012178267817
1994,12,10,2.80447673797607,-1.13686837721616e-13,26.9098598592682,-6.25277607468888e-13,9.60178391479347
1994,12,11,0.00496901571750641,0.0011339390312628,1.41766163148714,-2.27373675443232e-13,4.92048713071267
1994,12,12,0.000140176591230556,0.00119512266644506,0.00143376948471996,0,3.46256501790892
1994,12,13,0.00072251760866493,1.60551577437218e-05,0.000392248057323741,0,2.67665387897564
1994,12,14,0.00237830565311015,0,0.0015496417072427,0.00790430098328443,2.17549315269935
1994,12,15,0.950925648212433,0,0.414384035815601,0,1.85657269052353
1994,12,16,13.5601577758789,-5.6843418860808e-14,7.15489072124547,0,1.91352277305493
1994,12,17,0.658915281295776,0,7.10968824607335,-5.6843418860808e-14,2.59692376343169
1994,12,18,0.00914627686142921,5.6843418860808e-14,0.34685531278592,0,2.15271311968679
1994,12,19,0.295433521270752,0,0.167733669444715,0,1.84518267401725
1994,12,20,4.84115982055664,0,1.66325507554575,0,1.68572244292934
1994,12,21,4.23357057571411,0,4.53738741503548,0,1.60599232738539
1994,12,22,2.66984438896179,0,3.5726830674721,0,1.54904224485399
1994,12,23,0.00638109911233187,-5.6843418860808e-14,2.21133730063957,-5.6843418860808e-14,1.50348217882887
1994,12,24,0,1.13686837721616e-13,0.00368986507965019,5.6843418860808e-14,1.41236204677864
1994,12,25,0.00537840928882361,-5.6843418860808e-14,0.00261667633822071,0,1.30985189822212
1994,12,26,8.39096901472658e-05,0,0.00299037850345485,0,1.21873176617189
1994,12,27,0.000219299443415366,0,0.000142430017149309,0,1.1378626489773
1994,12,28,0.0117377210408449,0,0.00719524763553636,0,1.07293955489151
1994,12,29,0.0088204313069582,0,0.0102963325916789,0,1.01712847401074
1994,12,30,0.0109088607132435,0,0.0094930517479952,0,0.963595396431231
1994,12,31,0.268719017505646,0,0.109221862807317,0,0.916896328755486
1995,1,1,1.20328760147095,0,0.735949963378516,0,0.864502252826601
1995,1,2,0.000259918539086357,4.53352062095291e-05,0.603028775312851,0,0.807552170295204
1995,1,3,0.162168860435486,0.0152587957120431,0.0641461654413433,0,0.756297096016947
1995,1,4,0.375463277101517,0.203159842362652,0.0655745054864383,0,0.709598028341202
1995,1,5,1.65664112567902,1.01232954225827,0,0,0.667454967267969
1995,1,6,6.50718784332275,2.55550381571891,0.999928745306534,0,0.67201097387048
1995,1,7,2.64618349075317,2.44462238489461,2.17328938070932,0,0.766548110872599
1995,1,8,0.000221621405216865,0.469590728941057,0.957833160140581,0,0.813247178548344
1995,1,9,0.000287055794615299,-5.6843418860808e-14,0.000253464713750873,0.400200776972667,0.783633135632018
1995,1,10,0.0855305343866348,0,0.0427597657435399,3.16943729832872,0.766548110872599
1995,1,11,0.109666965901852,0,0.0971622137876693,3.20396167134101,0.768826114173855
1995,1,12,4.00149202346802,0,1.9531867416008,0,0.781355132330762
1995,1,13,38.9226455688477,-2.27373675443232e-13,20.5233162923214,3.41060513164848e-13,25.1719364788773
1995,1,14,21.0076236724854,-6.82121026329696e-13,30.4553958184115,1.13686837721616e-13,31.4364455573309
1995,1,15,0.022269394248724,0,10.5157119314208,2.27373675443232e-13,9.68151403033743
1995,1,16,0.00161236105486751,5.6843418860808e-14,0.0127581271117379,0,5.76334835217734
1995,1,17,0.18633659183979,-5.6843418860808e-14,0.0815633703205094,0,4.20291609081707
1995,1,18,2.35939049720764,0,1.07725443426898,0,3.38283490236496
1995,1,19,14.8197946548462,0,8.36996363597791,0,3.4170049518838
1995,1,20,0.678210556507111,0,7.76257669052575,0,3.25754472079589
1995,1,21,0.174540504813194,0,0.430905529487063,0,2.92723424211379
1995,1,22,0.21828131377697,0.035641061400213,0.16055825726653,0,2.67665387897564
1995,1,23,0.951143085956573,0.205290854300301,0.378435580219957,0,2.40329348282494
1995,1,24,2.38234679272864e-05,0.171610914315181,0.30943755941189,0.327413520515961,2.15271311968679
1995,1,25,0.155649453401566,0,0.0776380556853837,0.0804776235376608,1.97047285558632
1995,1,26,0.218763113021851,0,0.186748136424285,0,1.87935272353609
1995,1,27,2.54704713821411,0,1.33792282127251,0,1.84518267401725
1995,1,28,1.02998304367065,0,1.87950529437148,0,1.97047285558632
1995,1,29,1.46256959438324,0,1.24588618802227,0,1.92491278956121
1995,1,30,0.174908965826035,0.013090555913152,0.808138516829786,0,1.75406254196702
1995,1,31,0.000113384281576145,0.0136142146049565,0.0770416143604962,0.0222855130184598,1.62877236039794
1995,2,1,0.000173142296262085,0,0.000143203356856247,0,1.53765222834771
1995,2,2,0.00025200581876561,0,0.000207611836231081,0,1.45792211280375
1995,2,3,0.00055952399270609,0,0.000399750184442382,0,1.36680198075352
1995,2,4,0.00228933105245233,0,0.00139305047559901,0,1.26429183219701
1995,2,5,2.10196844818711e-06,0,0.00122509046559571,0,1.17317170014677
1995,2,6,0.0698920339345932,0,0.033047325683583,0,1.09913659285596
1995,2,7,0.00461993552744389,0,0.04515888142123,-5.6843418860808e-14,1.03876950537267
1995,2,8,8.14758604974486e-05,2.06954435384432e-05,0.00235772159794578,5.6843418860808e-14,0.98068042119065
1995,2,9,9.10844973986968e-05,2.23859811399052e-05,6.35652104392648e-05,0,0.924869340309882
1995,2,10,0.0244001131504774,0,0.0156523239093076,0,0.88158727758602
1995,2,11,0.0370391495525837,0,0.0297203663249093,0,0.85425123797095
1995,2,12,0.0113868117332459,0.005194943743561,0.0201409779911046,0,0.812108176897716
1995,2,13,0.00415992643684149,0.00796338136370878,0.000150723601109348,0,0.761992104270087
1995,2,14,1.98938512802124,0.413889436316538,0.578521728202759,0,0.735795066305645
1995,2,15,9.49393177032471,0.413969830850533,5.32601781554695,0.854762785774085,0.779077129029506
1995,2,16,3.05258965492249,2.8421709430404e-13,6.28120391669654,2.27373675443232e-13,0.945371370021184
1995,2,17,0.0356581248342991,0,1.56085930093104,5.6843418860808e-14,1.13444564402542
1995,2,18,0.000322212494211271,-5.6843418860808e-14,0.0189826017412997,-1.70530256582424e-13,1.0763565598434
1995,2,19,3.03200777125312e-05,0,0.000205233787710313,0,1.00118245090195
1995,2,20,3.59774594471674e-06,0,1.78484333446249e-05,0,0.962456394780603
1995,2,21,6.7817272793036e-06,0,5.10258905705996e-06,0,0.926008341960509
1995,2,22,7.72700077504851e-05,0,3.52724600816146e-05,0,0.890699290791043
1995,2,23,0.147009551525116,0,0.0701723513993784,0,0.858807244573461
1995,2,24,3.3296146284556e-05,0,0.077377557001455,0,0.826915198355879
1995,2,25,0.0339728407561779,0,0.0185103417097707,0,0.78818914223453
1995,2,26,2.35375261306763,0,1.07147596140931,0,0.760853102619459
1995,2,27,12.8518838882446,0,7.42185237665763,0,0.801857162042065
1995,2,28,0.109969787299633,0,6.49568961779005,5.6843418860808e-14,1.05243752518021
1995,3,1,0.0445404462516308,0.00193125475959732,0.0772484603876364,-5.6843418860808e-14,1.17317170014677
1995,3,2,0.478327512741089,0.162348743945302,0.0903214754398505,0,1.08774657634968
1995,3,3,1.95624649524689,0.752114165122919,0.464413624842564,0,1.03535250042079
1995,3,4,0.0194006878882647,0.618165567392396,0.421512332188286,0,1.00118245090195
1995,3,5,0.0290234051644802,0.0013001118687157,0.0228948707663221,0.971510294315692,0.982958424491906
1995,3,6,3.77295327186584,0,1.8566149883336,0.639375893186639,0.970429406334999
1995,3,7,40.5587959289551,1.13686837721616e-13,18.7484922636359,-1.13686837721616e-13,7.61992104270087
1995,3,8,0.293994247913361,0.070685073696211,21.1607751052907,-5.6843418860808e-14,7.85911138933274
1995,3,9,3.19173050229438e-05,0.0739783830662759,0.0737313391691714,0.0122612310132695,4.33959628889242
1995,3,10,0.000295803416520357,0,0.000158150483912323,0.116477081072446,3.26893473730217
1995,3,11,0.000151319138240069,0,0.000225130865146639,0,2.65387384596308
1995,3,12,0.0669934973120689,0,0.0333678683964536,0,2.26661328474959
1995,3,13,0.542281866073608,-5.6843418860808e-14,0.277978224785329,-5.6843418860808e-14,2.00464290510516
1995,3,14,4.14543914794922,5.6843418860808e-14,2.27840635899338,5.6843418860808e-14,1.83379265751097
1995,3,15,7.71004152297974,0,5.89508754746203,0,2.90445420910123
1995,3,16,0.00254709017463028,0,5.2623731094136,0,3.0866944732017
1995,3,17,0.000345141132129356,0,0.00164189961651573,0,2.50580363138145
1995,3,18,0.00032040779478848,0,0.000332159681420308,0,2.15271311968679
1995,3,19,0.000572612974792719,0,0.00043962202835246,0,1.94769282257377
1995,3,20,0.135879695415497,0,0.0471839750898653,0,1.79962260799213
1995,3,21,6.13498341408558e-05,0,0.0703058031722321,0,1.64016237690422
1995,3,22,0.0041122161783278,5.6843418860808e-14,0.00227207965508569,0,1.50348217882887
1995,3,23,0.000639121688436717,-5.6843418860808e-14,0.0027757057978306,0,1.40097203027236
1995,3,24,0.000116805109428242,5.6843418860808e-14,0.000366279666195624,0,1.28707186520956
1995,3,25,1.27252852916718,-5.6843418860808e-14,0.485791094026354,0,1.18456171665305
1995,3,26,3.90571069717407,0,2.735571530171,0,1.15039166713421
1995,3,27,12.0703773498535,0,7.36528777240892,0,2.80194406054472
1995,3,28,0.000887576141394675,0,6.04624011118358,0,2.26661328474959
1995,3,29,0.000474506930913776,0,0.000667487325699767,0,1.78823259148585
1995,3,30,3.85679486498702e-05,0,0.000272949957434321,0,1.54904224485399
1995,3,31,0.0880523324012756,0,0.0380396830805694,0,1.40097203027236
1995,4,1,0.0242829192429781,0,0.0471443687674764,0,1.29846188171584
1995,4,2,0.00486760959029198,0,0.0138472872313287,0,1.21873176617189
1995,4,3,0.216345116496086,0,0.103237231862295,0,1.15039166713421
1995,4,4,1.27834725379944,0,0.88454541516694,0,1.08319056974716
1995,4,5,0.000326160981785506,0,0.691471993301093,0,1.02282348226388
1995,4,6,0.00216965447179973,0,0.000957447628024966,0,0.965873399732487
1995,4,7,0.00335105671547353,0,0.0027170038119948,0,0.921452335357998
1995,4,8,0.0046154260635376,0,0.00419545308614033,0,0.874753267682252
1995,4,9,0.0347429737448692,5.6843418860808e-14,0.0175859351365943,0,0.831471204958391
1995,4,10,13.8522939682007,-5.6843418860808e-14,6.63995735152275,0,0.82122019010274
1995,4,11,45.3466415405273,-3.97903932025656e-13,29.595376332989,0,5.17106749385082
1995,4,12,4.70669937133789,-1.13686837721616e-13,26.2368131807889,-1.13686837721616e-13,7.83633135632018
1995,4,13,1.97448516701115e-05,0,2.40688855848566,0,4.29403622286731
1995,4,14,8.74264878802933e-05,0,5.05497773701791e-05,0,3.07530445669542
1995,4,15,0.00430822419002652,0,0.00209989474387839,0,2.46024356535634
1995,4,16,0.0946082845330238,5.6843418860808e-14,0.0454836200769933,0,2.07298300414284
1995,4,17,0.448368519544601,-5.6843418860808e-14,0.270828837859881,5.6843418860808e-14,1.82240264100469
1995,4,18,4.61063385009766,0,1.98696569721142,-5.6843418860808e-14,1.61738234389166
1995,4,19,5.81037712097168,0,5.16751089857644,0,1.46931212931003
1995,4,20,27.0196743011475,0,16.0878717422675,0,6.99347013485551
1995,4,21,3.50272989273071,0,15.2666409390404,0,6.78844983774248
1995,4,22,1.21114277839661,0,2.35975480638444,0,3.81565552960357
1995,4,23,11.3649454116821,0,6.28693475212276,0,3.05252442368286
1995,4,24,0.953133523464203,0,6.223580067679,0,2.91584422560751
1995,4,25,0.363395690917969,0,0.680867202474474,0,2.41468349933122
1995,4,26,0.105585820972919,0,0.262808792795113,0,2.06159298763656
1995,4,27,2.90979170799255,5.6843418860808e-14,1.31543844090629,0,1.84518267401725
1995,4,28,0.274020403623581,-5.6843418860808e-14,1.69839228136698,0,1.59460231087911
1995,4,29,4.45595502853394,0,2.24617283442421,0,1.51487219533515
1995,4,30,25.3889331817627,0,13.9393644548836,0,4.06623589274172
1995,5,1,35.7148857116699,-4.54747350886464e-13,30.5439846635891,0,16.1738234389166
1995,5,2,0.392003744840622,-1.70530256582424e-13,18.4007922825949,4.54747350886464e-13,10.9571958790407
1995,5,3,1.47736322879791,0,0.900178915078868,0,5.67222822012711
1995,5,4,4.34167718887329,0,2.8764792191505,0,4.36237632190498
1995,5,5,0.0393396802246571,0,2.25810903059755,0,3.40561493537752
1995,5,6,6.71735239028931,0,3.35838239396981,0,2.82472409355727
1995,5,7,19.814058303833,0,13.2651071525033,0,4.23708614033591
1995,5,8,37.0218887329102,0,28.4143469132432,0,14.8070214581631
1995,5,9,3.93966794013977,0,20.497527737818,0,16.9711245943562
1995,5,10,0.0496422313153744,0,2.00660040662478,0,6.92513003581783
1995,5,11,0.0395770147442818,0,0.0450884125602897,0,4.4648864704615
1995,5,12,0.0369989238679409,0,0.0382425263960613,-5.6843418860808e-14,3.39422491887124
1995,5,13,0.881268203258514,0,0.457278170833888,5.6843418860808e-14,2.73360396150704
1995,5,14,6.59034061431885,0,3.68536979740748,0,2.27800330125587
1995,5,15,1.65548479557037,0,4.14277833083543,0,1.9818628720926
1995,5,16,0.371088266372681,-5.6843418860808e-14,1.04242816212718,0,1.64016237690422
1995,5,17,3.24619007110596,5.6843418860808e-14,1.85790147339867,0,1.3781919972598
1995,5,18,6.13108205795288,0,4.55921751463029,0,1.26429183219701
1995,5,19,0.00595053005963564,0,3.47974424482891,0,1.17317170014677
1995,5,20,0.00494989613071084,0,0.00552005905046826,0,0.995487442648813
1995,5,21,0.0669577941298485,0,0.0313628253243223,0,0.850834233019066
1995,5,22,0.17752143740654,0,0.115746658946591,0,0.74376807786004
1995,5,23,0.0226567499339581,0,0.114277372300421,0,0.657203952412317
1995,5,24,2.76912999153137,0,1.28009847494468,0,0.586585850073385
1995,5,25,11.5504112243652,0,6.88323569269414,0,0.542164785698896
1995,5,26,2.53066849708557,0,7.54319285210295,0,0.519384752686337
1995,5,27,5.35937261581421,0,3.76569505512816,0,0.503438729577546
1995,5,28,5.68195056915283,-5.6843418860808e-14,5.58501089700803,0,0.51255074278257
1995,5,29,0.028100810945034,5.6843418860808e-14,3.27277122087253,0,0.517106749385081
1995,5,30,0.0985542982816696,0,0.0715951000820496,0,0.511411741131942
1995,5,31,3.18427896499634,5.6843418860808e-14,1.56130642623612,0,0.47382468666122
1995,6,1,6.99342584609985,-5.6843418860808e-14,4.73655177012552,0,0.476102689962476
1995,6,2,14.5826368331909,0,10.7482974259074,0,1.26429183219701
1995,6,3,7.92673015594482,0,11.2696973949169,0,1.79962260799213
1995,6,4,4.96996116638184,0,6.65972635557046,0,1.12988963742291
1995,6,5,4.99014663696289,0,4.98066908232431,0,0.900950305646695
1995,6,6,9.86487102508545,0,7.2647793121796,0,1.64016237690422
1995,6,7,0.811596870422363,0,5.35606729992651,0,0.998904447600697
1995,6,8,0.327035784721375,0,0.579879876542691,0,0.735795066305645
1995,6,9,4.38115882873535,0,1.91626214593271,0,0.591141856675897
1995,6,10,18.0325393676758,0,8.50018890161664,0,1.7654525584733
1995,6,11,32.7098808288574,-5.6843418860808e-14,25.3310030210741,-5.6843418860808e-14,8.98672302345439
1995,6,12,8.53017234802246,5.6843418860808e-14,20.653179900386,5.6843418860808e-14,7.00486015136179
1995,6,13,0.000295602716505528,0,5.006269003341,0,3.82704554610985
1995,6,14,0.0140300914645195,0,0.00708017341094092,0,2.48302359836889
1995,6,15,0.00306765944696963,0,0.00876763039559592,0,1.82240264100469
1995,6,16,0.00867814477533102,0,0.00579121072223643,0,1.36680198075352
1995,6,17,0.00094084459124133,0,0.00526198615625617,5.6843418860808e-14,1.07407855654214
1995,6,18,0.000769407779444009,0,0.000843289453769103,0,0.865641254477229
1995,6,19,0.000102748948847875,0,0.000457814519904787,-5.6843418860808e-14,0.700486015136179
1995,6,20,0.0393080748617649,0,0.0233089515422762,0,0.580890841820246
1995,6,21,0.0158584024757147,0,0.0296316939347889,0,0.504577731228174
1995,6,22,0.242373690009117,0,0.140005067809398,0,0.455600660251173
1995,6,23,1.82167458534241,0,0.866107398731401,0,0.414596600828568
1995,6,24,11.7419404983521,0,6.56725410894069,0,0.390677566165381
1995,6,25,3.4179630279541,0,7.73193193422048,0,0.398650577719776
1995,6,26,3.19845843315125,0,3.31067089501812,0,0.404345585972916
1995,6,27,0.0312215331941843,0,1.45357084680654,5.6843418860808e-14,0.365619529851566
1995,6,28,0.0193097926676273,0,0.0255705621566449,-5.6843418860808e-14,0.330310478682101
1995,6,29,4.39260387420654,0,2.02001156764527,0,0.304113440717658
1995,6,30,5.55180263519287,0,4.83534186816178,0,0.287028415958239
1995,7,1,0.710224211215973,0,3.70049458546782,0,0.27563839945196
1995,7,2,0.016225378960371,0,0.29030380956101,0,0.259692376343169
1995,7,3,2.54884171485901,0,1.14768592473047,0,0.253997368090029
1995,7,4,7.07854604721069,0,4.67837788486577,0,0.240329348282494
1995,7,5,22.5166835784912,0,13.7346627602201,0,0.304113440717658
1995,7,6,0.0963952243328094,0,11.3065439418606,0,0.329171477031473
1995,7,7,0.0127753773704171,0,0.0517475665947131,0,0.416874604129823
1995,7,8,0.105227507650852,0,0.0536222741393431,0,0.338283490236496
1995,7,9,0.184079706668854,0,0.147469207659015,5.6843418860808e-14,0.284750412656983
1995,7,10,0.000597748789004982,0,0.117348374922585,-1.13686837721616e-13,0.246024356535634
1995,7,11,0.00164547574240714,0,0.00123585043183994,5.6843418860808e-14,0.217549315269935
1995,7,12,0.0407856218516827,0,0.020037161088112,0,0.197047285558632
1995,7,13,0.0462221875786781,0,0.0428047316308948,0,0.181101262449841
1995,7,14,0.00575173180550337,0,0.0250700296310242,0,0.171989249244818
1995,7,15,0.359582811594009,0,0.13921887716424,0,0.159460231087911
1995,7,16,0.318780839443207,0,0.339235977560747,0,0.145792211280375
1995,7,17,2.53281497955322,0,1.11044499560376,0,0.141236204677864
1995,7,18,4.91175556182861,0,3.65927359383932,0,0.135541196424724
1995,7,19,0.000163895674631931,0,2.64761807634568,0,0.127568184870328
1995,7,20,0.301692694425583,0,0.147242409540922,0,0.127568184870328
1995,7,21,0.865162253379822,5.6843418860808e-14,0.573876046524674,5.6843418860808e-14,0.118456171665305
1995,7,22,1.75899016857147,-5.6843418860808e-14,1.46588421054912,-5.6843418860808e-14,0.111622161761537
1995,7,23,7.49333715438843,0,4.20720083263586,0,0.107066155159026
1995,7,24,10.5101070404053,0,8.95927403457245,0,0.105927153508398
1995,7,25,5.51209688186646,0,8.31594122083334,5.6843418860808e-14,0.102510148556514
1995,7,26,10.8909139633179,0,8.04060231993935,-5.6843418860808e-14,0.10478815185777
1995,7,27,0.0141198523342609,0,5.45996529588592,0,0.101371146905886
1995,7,28,0.023509668186307,0,0.0183929274207912,0,0.0979541419540022
1995,7,29,0.0274340249598026,0,0.0258556235094147,5.6843418860808e-14,0.0956761386527464
1995,7,30,0.00136327766813338,0,0.0117939379488234,-5.6843418860808e-14,0.0933981353514905
1995,7,31,0.0140426894649863,0,0.00767065972104319,0,0.0899811303996067
1995,8,1,1.3277839422226,0,0.522002174438967,0,0.0865641254477229
1995,8,2,3.9809513092041,0,2.62377398440003,0,0.0831471204958391
1995,8,3,1.09329998493195,5.6843418860808e-14,2.63659822676345,5.6843418860808e-14,0.0797301155439553
1995,8,4,0.156623303890228,-5.6843418860808e-14,0.7443116730974,-5.6843418860808e-14,0.0774521122426994
1995,8,5,0.749343633651733,0,0.4639321464565,5.6843418860808e-14,0.0751741089414436
1995,8,6,0.00359957828186452,0,0.489488558407174,-5.6843418860808e-14,0.0740351072908156
1995,8,7,0.6590256690979,0,0.305620342314796,0,0.0728961056401877
1995,8,8,1.01815366744995,0,0.810656191188173,0,0.0717571039895598
1995,8,9,0.114955186843872,0,0.650429710000026,0,0.0694791006883039
1995,8,10,0.34436246752739,0,0.212899644877325,0,0.067201097387048
1995,8,11,0.127064615488052,0,0.283819673397375,0,0.0637840924351642
1995,8,12,0.251554161310196,-5.6843418860808e-14,0.199615795696445,0,0.0615060891339084
1995,8,13,0.000671490619424731,5.6843418860808e-14,0.153865633041278,0,0.0592280858326525
1995,8,14,0.361878901720047,0,0.214934453899332,-5.6843418860808e-14,0.0580890841820246
1995,8,15,1.47125506401062,0,0.822936439664773,5.6843418860808e-14,0.0569500825313966
1995,8,16,0.0262121185660362,0,0.852123870063224,0,0.0558110808807687
1995,8,17,0.00146883830893785,0,0.00926573776450823,0,0.0535330775795128
1995,8,18,0.131550624966621,0,0.0589009885516134,0,0.0523940759288849
1995,8,19,0.605389893054962,0,0.464748059359408,0,0.051255074278257
1995,8,20,2.10612940788269,0,1.28592396169188,0,0.0489770709770011
1995,8,21,0.00159201468341053,0,1.13689008699293,0,0.0455600660251173
1995,8,22,0.000128037252579816,0,0.000720190990250558,0,0.0444210643744894
1995,8,23,5.14298990310635e-05,0,9.83984355116263e-05,0,0.0432820627238614
1995,8,24,4.12021421425379e-07,0,2.20609726966359e-05,0,0.0444210643744894
1995,8,25,0.000296785321552306,0,0.000111213757918449,0,0.0432820627238614
1995,8,26,0.0105831725522876,0,0.00415239355425001,0,0.0410040594226056
1995,8,27,0.20546792447567,0,0.0837879709906702,0,0.0398650577719777
1995,8,28,2.08394394576317e-05,0,0.135204347487161,0,0.0398650577719777
1995,8,29,2.75171587418299e-05,0,-0.00687597249270766,0,0.0387260561213497
1995,8,30,0.00201213057152927,0,0.000769706421124283,0,0.0375870544707218
1995,8,31,0.42241570353508,0,0.159250314758538,0,0.0375870544707218
1995,9,1,2.6627995967865,0,1.27412069449201,0,0.0364480528200938
1995,9,2,0.829535603523254,0,1.92350015744159,0,0.0364480528200938
1995,9,3,0.0892143920063973,0,-0.42632030765526,0,0.0353090511694659
1995,9,4,14.1758451461792,0,5.64483746086262,0,0.0364480528200938
1995,9,5,1.20267820358276,0,8.38127929424445,0,0.0353090511694659
1995,9,6,3.71992027794477e-05,0,0.864608838961431,0,0.0364480528200938
1995,9,7,0.429738730192184,5.6843418860808e-14,0.126093327678973,5.6843418860808e-14,0.0444210643744894
1995,9,8,0.457104414701462,-5.6843418860808e-14,0.438256376775826,-5.6843418860808e-14,0.050116072627629
1995,9,9,0.0243368335068226,0,0.323374143252295,0,0.051255074278257
1995,9,10,5.91013849771116e-05,0,0.00144271353565273,0,0.051255074278257
1995,9,11,0.000849735632073134,0,-0.000555232483748114,0,0.050116072627629
1995,9,12,1.97488820552826,0,0.61530280487932,0,0.050116072627629
1995,9,13,5.92391204833984,0,3.27399443115428,0,0.0478380693263732
1995,9,14,0.000894972123205662,0,3.92683099585702,0,0.0444210643744894
1995,9,15,5.15861701965332,0,2.00618171049064,0,0.0444210643744894
1995,9,16,38.1694488525391,0,21.5773199129253,-5.6843418860808e-14,0.0751741089414436
1995,9,17,10.8374538421631,0,24.5036981704216,5.6843418860808e-14,0.068340099037676
1995,9,18,2.25512075424194,0,6.86300443011714,0,0.067201097387048
1995,9,19,2.39010381698608,0,2.31866947290109,0,0.181101262449841
1995,9,20,5.07199287414551,0,3.80528353237969,0,0.149209216232259
1995,9,21,0.455477863550186,0,2.8521508173435,0,0.117317170014677
1995,9,22,1.61947679519653,0,0.942692112690565,0,0.0990931436046302
1995,9,23,4.656257260649e-06,0,0.846444875922316,0,0.0899811303996067
1995,9,24,0.000288590032141656,-5.6843418860808e-14,0.000121396333270241,0,0.084286122146467
1995,9,25,1.60481178760529,5.6843418860808e-14,0.70977875218523,-5.6843418860808e-14,0.0797301155439553
1995,9,26,2.89737606048584,0,2.22822871650351,5.6843418860808e-14,0.0763131105920715
1995,9,27,0.0382847338914871,0,1.68968431609392,0,0.0717571039895598
1995,9,28,0.131110116839409,0,0.0954166949923092,0,0.0694791006883039
1995,9,29,0.580779731273651,0,0.334897848453693,0,0.067201097387048
1995,9,30,2.28165769577026,0,1.15981447546437,0,0.0626450907845363
1995,10,1,4.40280103683472,0,3.26765676782816,-5.6843418860808e-14,0.0694791006883039
1995,10,2,5.20359230041504,0,4.70983014993544,5.6843418860808e-14,0.126429183219701
1995,10,3,31.6717834472656,0,18.2524475885693,0,0.234634340029354
1995,10,4,0.000110610388219357,0,15.8788462328594,0,0.218688316920563
1995,10,5,4.26863225584384e-05,0,7.79140718805138e-05,0,0.144653209629747
1995,10,6,0.00214631273411214,0,0.00097784006720758,5.6843418860808e-14,0.124151179918445
1995,10,7,0.000251787045272067,0,0.00133665130852023,-5.6843418860808e-14,0.118456171665305
1995,10,8,0.000168098442372866,0,0.000218352088268148,0,0.10478815185777
1995,10,9,2.20800338865956e-05,0,8.07545475254301e-05,0,0.0968151403033743
1995,10,10,0.00149418856017292,0,0.000747132875403622,0,0.0899811303996067
1995,10,11,0.10269571095705,0,0.0538596535370743,0,0.084286122146467
1995,10,12,2.33649407164194e-05,0,0.0652648454197333,0,0.0797301155439553
1995,10,13,0.00159135786816478,5.6843418860808e-14,0.000757598329073517,0,0.0740351072908156
1995,10,14,0.121659390628338,-5.6843418860808e-14,0.0816397889393556,0,0.0706181023389318
1995,10,15,9.84837824944407e-05,0,0.0685426695963542,0,0.067201097387048
1995,10,16,0.000336466677254066,0,0.000251216515607666,0,0.0637840924351642
1995,10,17,0.000111532601295039,-5.6843418860808e-14,0.000228457553021144,0,0.0592280858326525
1995,10,18,0.000106858526123688,5.6843418860808e-14,0.000108682095742552,0,0.0569500825313966
1995,10,19,1.33625435829163,0,0.597503781460546,5.6843418860808e-14,0.0546720792301408
1995,10,20,6.95199537277222,0,3.67599017576504,-5.6843418860808e-14,0.0558110808807687
1995,10,21,0.107950426638126,-5.6843418860808e-14,3.95426947415763,0,0.0523940759288849
1995,10,22,0.000438022485468537,5.6843418860808e-14,0.0685324402511469,0,0.051255074278257
1995,10,23,0.192422449588776,0,0.108090389221616,5.6843418860808e-14,0.050116072627629
1995,10,24,0.254741996526718,0,0.228392999022617,-5.6843418860808e-14,0.0489770709770011
1995,10,25,2.56111001968384,0,1.40023504574492,0,0.0478380693263732
1995,10,26,3.16503000259399,-5.6843418860808e-14,2.80697397575932,0,0.0466990676757452
1995,10,27,27.8377914428711,5.6843418860808e-14,15.4901195900711,0,0.0933981353514905
1995,10,28,0.000360163248842582,0,13.9203605322691,0,0.609365883085944
1995,10,29,0.000113598187454045,0,0.000248055417614523,0,0.306391444018914
1995,10,30,0.0238096620887518,0,0.0132430805460899,0,0.272221394500076
1995,10,31,2.2558867931366,0,1.30227219616427,-5.6843418860808e-14,0.220966320221819
1995,11,1,8.03282833099365,0,4.5418060363445,5.6843418860808e-14,0.189074274004237
1995,11,2,6.63318681716919,0,7.38577370397616,5.6843418860808e-14,0.166294240991678
1995,11,3,0.00563078047707677,0,3.6425440283092,-5.6843418860808e-14,0.146931212931003
1995,11,4,0.000448088860139251,0,0.00347838912057341,0,0.138958201376608
1995,11,5,0.0768475905060768,0,0.0322762402029184,0,0.135541196424724
1995,11,6,2.0652346611023,0,0.861617177819426,0,0.14351420797912
1995,11,7,18.2634677886963,0,9.74676095222094,0,0.166294240991678
1995,11,8,0.129918918013573,0,9.19671683031629,0,0.173128250895446
1995,11,9,3.63849248969927e-05,0,0.0581171656449442,0,0.235773341679982
1995,11,10,0.664625227451325,0,0.300831205364375,0,0.257414373041913
1995,11,11,13.6197500228882,0,7.10070856561288,0,0.267665387897564
1995,11,12,0.00231181876733899,0,6.89059475110116,0,0.41345759917794
1995,11,13,0.287649273872376,0,0.17130232683121,0,0.443071642094266
1995,11,14,0.0727264434099197,0,0.172203802685544,0,0.372453539755334
1995,11,15,0.211958423256874,0,0.147162545868923,0,0.304113440717658
1995,11,16,0.00102905638050288,0,0.118722251132567,0,0.253997368090029
1995,11,17,0.0016128026181832,0,0.0012428843001544,0,0.223244323523075
1995,11,18,0.00620082998648286,0,0.00402491738350363,0,0.200464290510516
1995,11,19,2.24822306336137e-05,0,0.00375112222900498,0,0.178823259148585
1995,11,20,2.70756736426847e-05,0,2.49679724220186e-05,5.6843418860808e-14,0.161738234389166
1995,11,21,7.68025565776043e-05,0,4.6447374188574e-05,-5.6843418860808e-14,0.146931212931003
1995,11,22,1.53941798210144,0,0.806628965583514,0,0.136680198075352
1995,11,23,8.99289321899414,0,4.69311096136516,0,0.136680198075352
1995,11,24,0.0417748875916004,0,4.51761447786339,0,0.128707186520956
1995,11,25,6.76048439345323e-05,0,0.0177139402148896,0,0.125290181569073
1995,11,26,0.00023824893287383,0,0.000144212139275623,0,0.119595173315933
1995,11,27,0.000137129391077906,5.6843418860808e-14,0.000189463367860299,0,0.116178168364049
1995,11,28,0.0020092511549592,-5.6843418860808e-14,0.00082635426952038,0,0.11048316011091
1995,11,29,0.0183423943817616,0,0.0100849568916601,0,0.105927153508398
1995,11,30,0.000423625577241182,0,0.00938304267401691,0,0.103649150207142
1995,12,1,5.6496704928577e-05,0,0.000255624221608741,0,0.100232145255258
1995,12,2,0.0264044217765331,0,0.0162526960193645,0,0.0979541419540022
1995,12,3,0.00637774867936969,0,0.0135553984437138,0,0.0956761386527464
1995,12,4,7.79597186806313e-09,0,0.00281697097307188,0,0.0922591337008626
1995,12,5,1.25516417028848e-05,0,6.06913090450689e-06,0,0.0899811303996067
1995,12,6,0.00185710249934345,0,0.00120941160639632,0,0.0877031270983508
1995,12,7,0.724969983100891,0,0.36335539787251,0,0.085425123797095
1995,12,8,2.77629709243774,0,1.74321972221878,0,0.0888421287489788
1995,12,9,6.36743450164795,3.18329302392419,1.38833351552239,0,0.084286122146467
1995,12,10,8.91494928509928e-05,3.21128397770275,0,0,0.0831471204958391
1995,12,11,0.486911565065384,0.0945397800524574,0.107650455804105,-5.6843418860808e-14,0.0831471204958391
1995,12,12,0.00657028844580054,0.118318071783108,0.137955394169694,1.13020732029077,0.0831471204958391
1995,12,13,0.162911146879196,-5.6843418860808e-14,0.0844412012156681,5.52430701347566,0.0831471204958391
1995,12,14,0.0153747629374266,5.6843418860808e-14,0.0904204669641331,0,0.0831471204958391
1995,12,15,1.66217052936554,0,0.787555974395218,0,0.084286122146467
1995,12,16,1.87421083450317,0,1.76732360376627,0,0.084286122146467
1995,12,17,9.89293384552002,0,5.67139918648536,0,0.149209216232259
1995,12,18,37.6714744567871,5.6843418860808e-14,23.7819540117889,-1.70530256582424e-13,1.97047285558632
1995,12,19,21.5781116485596,5.6843418860808e-14,29.6407740693794,-3.41060513164848e-13,4.60156666853685
1995,12,20,0.0523312762379646,0.0101592426984212,10.9714892279117,-2.27373675443232e-13,3.8042655130973
1995,12,21,8.84281762409955e-05,0.0104218289774849,0.015986198453902,5.6843418860808e-14,2.00464290510516
1995,12,22,1.58305048942566,0.283691586059206,0.507146048395953,-5.6843418860808e-14,1.33263193123468
1995,12,23,0.0396079011261463,0.296153810463352,0.51822854756756,0,1.00687745915509
1995,12,24,0.000662065460346639,0.0127580973417025,0.00995481355857919,0,0.787050140583902
1995,12,25,1.76229732460342e-05,0.000171151807421666,0.000189797970961081,0,0.632145916098503
1995,12,26,0.000120021984912455,3.15714044063498e-06,6.0782564105466e-05,5.6843418860808e-14,0.529635767541989
1995,12,27,0,0,6.23569976596627e-05,0.0686393539620553,0.456739661901801
1995,12,28,0.000979405478574336,9.56522861201847e-05,0.00033763654937502,0.079660803547938,0.399789579370404
1995,12,29,0.35332915186882,0.0749455101171748,0.101428305955778,0,0.353090511694659
1995,12,30,1.73465061187744,0.188374323756989,0.855600218095788,0,0.320059463826449
1995,12,31,1.49690580368042,0.113257394312313,1.50257558148951,0.899965816774454,0.298418432464518
1996,1,1,2.1994161605835,0,1.83658656234184,0,0.288167417608867
1996,1,2,19.7199726104736,-5.6843418860808e-14,10.254160544755,0,0.330310478682101
1996,1,3,7.35125064849854,2.74410673425962,10.7957945857743,0,0.421430610732335
1996,1,4,0.139022141695023,2.79548074107072,0.988749064996227,0,0.461295668504313
1996,1,5,0.00987408775836229,0.0174365812474662,0.048972370041156,0,0.47951969491436
1996,1,6,1.09067356586456,0.519824700242054,0.00516800990226329,0,0.520523754336965
1996,1,7,1.54650402069092,1.29500808880908,0,0,0.533052772493873
1996,1,8,0.0235564969480038,0.928417478501331,-3.63797880709171e-12,-5.6843418860808e-14,0.492048713071267
1996,1,9,0.000102974197943695,0.0127290068636512,4.73309846711345e-05,5.6843418860808e-14,0.455600660251173
1996,1,10,0.246856018900871,0,0.122756194123212,1.3442239446112,0.449905651998033
1996,1,11,1.95153594017029,0,1.09310846092558,3.05255185417991,0.558110808807687
1996,1,12,0.46137723326683,0,1.21194476211531,3.51892091354785,1.06268854003586
1996,1,13,7.23581388228922e-06,0,0.232522772650555,0.5809480041695,1.41236204677864
1996,1,14,5.82197062612977e-05,-5.6843418860808e-14,3.25018772855401e-05,0,1.36680198075352
1996,1,15,0.000729811261408031,5.6843418860808e-14,0.000371447385987267,0,1.29846188171584
1996,1,16,0.0393539890646935,0,0.023018250354653,0,1.11849962091663
1996,1,17,3.042649269104,0,1.54095207832506,0,0.974985412937511
1996,1,18,27.4482975006104,2.27373675443232e-13,15.2256378477505,-5.6843418860808e-14,1.05129852352958
1996,1,19,2.06304430961609,1.01943466502809,13.8849698310914,-2.8421709430404e-13,2.77916402753216
1996,1,20,0.118593357503414,1.16833455872109,0,0,2.08437302064912
1996,1,21,0.232476755976677,0.0893879330063783,0.082860660917504,0,1.57182227786655
1996,1,22,0.815536797046661,0.029145582974536,0.486175726986403,0.430265362628688,1.26429183219701
1996,1,23,6.79695701599121,0,3.79445805186333,1.81881784982755,1.86796270702981
1996,1,24,12.427396774292,0,9.59056511962262,0,6.48091939207294
1996,1,25,0.17423914372921,0,7.10145185012516,0,3.75870544707218
1996,1,26,1.05255079269409,0,0.596727779025969,5.6843418860808e-14,2.6424838294568
1996,1,27,0.00183798500802368,7.7608106948901e-05,0.534273841880349,-5.6843418860808e-14,1.99325288859888
1996,1,28,9.75711809587665e-05,8.12210207072894e-05,0.000914661148271989,0,1.53765222834771
1996,1,29,0.0134951155632734,0,0.00679627284625894,0.00135126449919198,1.29846188171584
1996,1,30,0.103582322597504,0.0010927695214491,0.0571879864000948,0,1.13444564402542
1996,1,31,0.21292570233345,0.107482975002654,0.050730076727632,5.6843418860808e-14,0.978402417889394
1996,2,1,0.894817411899567,0.512265163706161,0,-5.6843418860808e-14,0.839444216512787
1996,2,2,0.961737215518951,0.932283024408207,0,0,0.727822054751249
1996,2,3,0.0607783645391464,0.544234850838564,0,0,0.627589909495991
1996,2,4,0.00827179849147797,0.0329523351028342,0,0,0.530774769192617
1996,2,5,0.00127468421123922,0.00411227662027613,0,0,0.47951969491436
1996,2,6,0.000608662492595613,0.000600572319740422,0.0003143351059407,0,0.451044653648661
1996,2,7,0.225812509655952,1.46252549484416e-05,0.102729094614915,2.39184924916509,0.428264620636103
1996,2,8,0.0258892644196749,5.6843418860808e-14,0.127216523516836,0,0.421430610732335
1996,2,9,2.42977457673987e-05,0,0.0137754139832396,0,0.414596600828568
1996,2,10,0.00958144478499889,0,0.00447990817701793,0,0.399789579370404
1996,2,11,1.63885652000317e-05,0,0.00487625414825743,0,0.372453539755334
1996,2,12,7.7226672146935e-05,0,4.80753224110231e-05,0,0.34170049518838
1996,2,13,6.33348317933269e-05,0,6.99382508173585e-05,0,0.316642458874565
1996,2,14,7.75996159063652e-06,0,4.12117478845175e-05,-5.6843418860808e-14,0.296140429163263
1996,2,15,8.21939102024771e-05,0,4.31614425906446e-05,5.6843418860808e-14,0.279055404403844
1996,2,16,0.0751506015658379,0.0166929008154284,0.0196716293467034,0,0.263109381295053
1996,2,17,0.000285768386675045,0.018728660481429,0.0221538147161482,0,0.250580363138145
1996,2,18,0.768955171108246,-5.6843418860808e-14,0.435797262394772,0,0.238051344981238
1996,2,19,5.18328428268433,1.13686837721616e-13,2.63637386126356,5.6843418860808e-14,0.23121733507747
1996,2,20,0.457581847906113,-5.6843418860808e-14,2.92388538280284,-5.6843418860808e-14,0.225522326824331
1996,2,21,0.000774284009821713,0,0.261928537529457,0,0.222105321872447
1996,2,22,0.00563309201970696,0,0.00305860614753328,0,0.220966320221819
1996,2,23,0.00404845224693418,0,0.00484517274526297,0,0.217549315269935
1996,2,24,4.02585937990807e-05,0,0.00215653655686765,0,0.210715305366168
1996,2,25,0.0021456703543663,0,0.00104250998629141,0,0.205020297113028
1996,2,26,0.17990905046463,0,0.0903884572180687,0,0.199325288859888
1996,2,27,2.31800746917725,0,1.04576001766691,0,0.199325288859888
1996,2,28,5.61495351791382,0,3.94645437337385,0,0.2038812954624
1996,2,29,0.00232175248675048,0.000708143616748203,2.82105839541691,0,0.20957630371554
1996,3,1,0.000501779781188816,0.000714150716589757,0.000701041371939937,0,0.215271311968679
1996,3,2,0,0,0.000267735504166922,0,0.212993308667423
1996,3,3,0.00040346322930418,0,0.000160234325448982,0,0.205020297113028
1996,3,4,0.778594374656677,0,0.34566915456162,0,0.199325288859888
1996,3,5,1.65583860874176,0,1.10229226540832,0,0.19818628720926
1996,3,6,5.25484752655029,0,3.26754952301053,0,0.226661328474959
1996,3,7,0.00137094839010388,0.000442207214916834,2.85974775470095,0,0.238051344981238
1996,3,8,0.000147727827425115,0.000622405091633027,0.000231347308726981,0,0.239190346631866
1996,3,9,0.000276779959676787,0.000203488185263723,0,0,0.248302359836889
1996,3,10,8.90306764631532e-05,9.68451619769439e-05,5.78788894927129e-05,0,0.23691234333061
1996,3,11,4.03490957978647e-05,5.6843418860808e-14,6.59069883113261e-05,0,0.223244323523075
1996,3,12,0.0571606829762459,-5.6843418860808e-14,0.019113412432489,0,0.212993308667423
1996,3,13,0.0044451137073338,0,0.0346599441945727,0,0.207298300414284
1996,3,14,1.08040273189545,0,0.664483467851824,0,0.205020297113028
1996,3,15,4.86682462692261,0,2.82954185930794,0,0.211854307016796
1996,3,16,1.02373647689819,0,3.35940883691728,0,0.219827318571191
1996,3,17,0.957854509353638,0,0.987884140831738,0,0.226661328474959
1996,3,18,6.48255109786987,0,2.90768786457556,0,0.257414373041913
1996,3,19,8.55955123901367,0,7.4051739838178,1.13686837721616e-13,0.974985412937511
1996,3,20,0.00309481821022928,1.13686837721616e-13,4.34709412297161,1.70530256582424e-13,1.60599232738539
1996,3,21,6.14220989518799e-05,0,0.00157866860172362,-5.6843418860808e-14,1.27568184870328
1996,3,22,8.25591723696562e-06,0,3.25657492794562e-05,0,1.08660757469905
1996,3,23,0.00183413084596396,0,0.000806712370831519,0,0.960178391479347
1996,3,24,1.95214998722076,0,0.894927965509851,0,0.902089307297323
1996,3,25,23.5392684936523,2.27373675443232e-13,10.6157062551065,1.13686837721616e-13,3.0297443906703
1996,3,26,2.30154490470886,-1.13686837721616e-13,12.9288487614649,1.70530256582424e-13,3.30310478682101
1996,3,27,0.0939020961523056,-5.6843418860808e-14,1.22286816418637,-5.6843418860808e-14,2.28939331776215
1996,3,28,15.3060359954834,2.27373675443232e-13,7.69730684026581,1.70530256582424e-13,2.15271311968679
1996,3,29,2.1822612285614,-1.70530256582424e-13,8.82739279956149,5.6843418860808e-14,3.70175536454078
1996,3,30,1.74285101890564,0,1.91901143561336,0,2.96140429163263
1996,3,31,5.60843753814697,0,3.54909256732935,0,2.48302359836889
1996,4,1,0.0202094241976738,0,3.43446597375441,-5.6843418860808e-14,2.23244323523075
1996,4,2,5.24824863532558e-05,0,0.0121341532139923,5.6843418860808e-14,1.82240264100469
1996,4,3,1.23276245594025,0,0.552454186210525,0,1.58321229437283
1996,4,4,6.4319748878479,0,3.69465365424185,0,1.4351420797912
1996,4,5,0.000450092426035553,0,3.28464922980493,0,1.42375206328492
1996,4,6,2.1597992599709e-05,0,0.000238397493376397,0,1.27568184870328
1996,4,7,0.465973496437073,0,0.224590514902957,0,1.15039166713421
1996,4,8,0.0988031923770905,0,0.220131934383971,0,1.06382754168649
1996,4,9,0.0145372375845909,0,0.0577446011338907,0,0.971568407985627
1996,4,10,5.82326429139357e-05,0,0.00922105717108934,0,0.869058259429113
1996,4,11,0.00288175558671355,0,0.00144902297688532,0,0.78249413398139
1996,4,12,4.28310108184814,0,1.521709104396,0,0.728961056401877
1996,4,13,25.2136898040772,0,14.6862850292564,0,1.94769282257377
1996,4,14,0.0454841740429401,0,12.631759347576,0,3.06391444018914
1996,4,15,1.01824045181274,0,0.498889320675517,0,2.26661328474959
1996,4,16,0.000433884357335046,0,0.438341844474053,0,1.79962260799213
1996,4,17,5.32029444002546e-05,0,0.000248519725573715,0,1.49209216232259
1996,4,18,0.206210240721703,0,0.0882544861051429,0,1.29846188171584
1996,4,19,0.441593050956726,0,0.288499469024828,0,1.17317170014677
1996,4,20,7.54655313491821,0,3.51576560127432,0,1.16178168364049
1996,4,21,3.81443524360657,0,5.80198910950639,0,1.28707186520956
1996,4,22,59.8170433044434,0,30.9691473052517,-5.6843418860808e-14,5.38747780747012
1996,4,23,26.1364212036133,-5.6843418860808e-14,43.0390331698727,-1.70530256582424e-13,24.9441361487517
1996,4,24,0.455475956201553,0,13.2976245127793,0,9.8637542944379
1996,4,25,0.000597895588725805,0,0.228708266055037,0,5.46720792301408
1996,4,26,0.00274184998124838,0,0.00162917888519587,0,3.84982557912241
1996,4,27,0.701722204685211,0,0.362378579164215,0,2.90445420910123
1996,4,28,2.01804542541504,0,1.26099070340206,0,2.39190346631866
1996,4,29,15.6239185333252,5.6843418860808e-14,8.82080001861687,5.6843418860808e-14,2.99557434115146
1996,4,30,0.00200543832033873,-5.6843418860808e-14,7.81305581128981,-5.6843418860808e-14,2.52858366439401
1996,5,1,0.00186312210280448,-5.6843418860808e-14,0.00194280600044294,0,2.02742293811772
1996,5,2,0.58521831035614,5.6843418860808e-14,0.291972375602199,-5.6843418860808e-14,1.7085024759419
1996,5,3,0.295206725597382,0,0.479565436853591,5.6843418860808e-14,1.46931212931003
1996,5,4,0.0132650760933757,0,0.163525646079506,0,1.29846188171584
1996,5,5,0.0501842126250267,0,0.0378944237090764,-5.6843418860808e-14,1.15039166713421
1996,5,6,11.0620450973511,0,5.21038904310626,5.6843418860808e-14,1.05357652683084
1996,5,7,10.2789430618286,0,10.715964912888,0,1.10710960441035
1996,5,8,0.244391337037087,0,5.69645899722673,0,1.08432957139779
1996,5,9,0.0794586837291718,-5.6843418860808e-14,0.183874046764686,0,0.933981353514905
1996,5,10,2.67633652687073,0,1.03981323551852,0,0.806413168644576
1996,5,11,18.143087387085,5.6843418860808e-14,8.75440824286488,0,0.736934067956273
1996,5,12,0.592972934246063,0,9.38698274065973,0,0.793884150487669
1996,5,13,0.79474663734436,-5.6843418860808e-14,0.677260761203797,0,0.839444216512787
1996,5,14,3.1700713634491,5.6843418860808e-14,1.60879527098587,0,0.740351072908156
1996,5,15,0.741771578788757,0,2.00046556222151,0,0.675427978822364
1996,5,16,0.00613373052328825,0,0.413455407404399,0,0.628728911146619
1996,5,17,0.000573350815102458,0,0.0033588073856663,0,0.568361823663338
1996,5,18,6.38935671304353e-05,0,0.000285352158243768,0,0.502299727926918
1996,5,19,0.000535375089384615,0,0.000260593416896882,0,0.444210643744894
1996,5,20,0.00412700511515141,0,0.00253984190931078,0,0.395233572767893
1996,5,21,2.27122831344605,0,0.974393935339322,0,0.348534505092147
1996,5,22,6.55727767944336,0,4.22213541643941,0,0.312086452272054
1996,5,23,0.0140225803479552,0,3.34901402892865,0,0.283611411006355
1996,5,24,0.00458955112844706,0,0.00965951786929509,-5.6843418860808e-14,0.259692376343169
1996,5,25,0.00327478675171733,0,0.00404656857062946,5.6843418860808e-14,0.23691234333061
1996,5,26,0.00722589902579784,0,0.0055900969200593,0,0.220966320221819
1996,5,27,16.2062664031982,5.6843418860808e-14,7.71817147306501,0,0.218688316920563
1996,5,28,3.73150944709778,-5.6843418860808e-14,9.980076914042,0,0.216410313619307
1996,5,29,0,0,1.97014943075556,0,0.207298300414284
1996,5,30,0.000543670554179698,0,0.000336410903400974,0,0.202742293811772
1996,5,31,6.11840724945068,0,2.84133713722622,0,0.2038812954624
1996,6,1,29.8450355529785,0,17.9801969439941,0,0.212993308667423
1996,6,2,5.80302238464356,0,17.8243403249762,0,0.561527813759571
1996,6,3,6.02868270874023,0,5.91519817678636,0,0.817803185150856
1996,6,4,1.74297559261322,0,3.94461536192102,0,0.564944818711455
1996,6,5,1.92246794700623,0,1.80779789756707,0,0.449905651998033
1996,6,6,7.71455955505371,-5.6843418860808e-14,4.47575586989115,0,0.345117500140264
1996,6,7,14.8347635269165,5.6843418860808e-14,10.6785873422814,0,0.314364455573309
1996,6,8,1.4724668264389,0,8.20052855797985,0,0.686817995328644
1996,6,9,0.078388012945652,0,0.937314747341588,0,0.636701922701014
1996,6,10,0.137652814388275,0,0.103141555999173,0,0.500021724625663
1996,6,11,0.68811023235321,0,0.400708683617268,0,0.405484587623544
1996,6,12,0.558389902114868,0,0.631216755522473,0,0.33600548693524
1996,6,13,2.75064277648926,0,1.53535234304945,-5.6843418860808e-14,0.281333407705099
1996,6,14,2.28297305107117,0,2.50947795726825,5.6843418860808e-14,0.23121733507747
1996,6,15,0.00104455545078963,0,1.173146006764,0,0.266526386246936
1996,6,16,0.00121562497224659,0,0.00114716121242964,0,0.281333407705099
1996,6,17,3.07590937614441,0,1.37411184397934,0,0.214132310318051
1996,6,18,5.57398843765259,0,3.97237242045958,0,0.17654525584733
1996,6,19,13.1116380691528,0,9.3127029815696,0,0.194769282257377
1996,6,20,0.226054400205612,0,6.93197300332395,0,0.160599232738539
1996,6,21,0.00191669294144958,0,0.115825944922108,0,0.138958201376608
1996,6,22,0.00028301021666266,0,0.00114990837391815,0,0.13212419147284
1996,6,23,0.020188570022583,0,0.00959155398231815,0,0.127568184870328
1996,6,24,1.91110825538635,0,0.854729798371409,0,0.113900165062793
1996,6,25,5.4337944984436,0,3.43893974244202,0,0.103649150207142
1996,6,26,3.85968089103699,0,4.75916762756242,0,0.0990931436046302
1996,6,27,2.22193360328674,0,3.19273387357316,0,0.0956761386527464
1996,6,28,0.723099410533905,5.6843418860808e-14,1.57854752501589,5.6843418860808e-14,0.0911201320502346
1996,6,29,6.64086983306333e-05,-5.6843418860808e-14,0.42778687592363,-5.6843418860808e-14,0.0899811303996067
1996,6,30,0.00249416171573102,0,0.00158903575720615,0,0.0820081188452112
1996,7,1,1.27422285079956,0,0.594321757584112,0,0.0751741089414436
1996,7,2,2.41320180892944,0,1.67576704004387,0,0.0706181023389318
1996,7,3,0.0316695906221867,0,1.2730298710303,0,0.067201097387048
1996,7,4,2.71773171424866,0,0.938368194914801,0,0.0717571039895598
1996,7,5,9.17713642120361,0,5.62071808553446,0,0.0717571039895598
1996,7,6,3.87636590003967,0,6.53610580771419,0,0.067201097387048
1996,7,7,0.0760210007429123,0,2.10320639745623,0,0.0660620957364201
1996,7,8,0.678330481052399,0,0.348889706016053,5.6843418860808e-14,0.0649230940857922
1996,7,9,0.0507815927267075,0,0.284244602400577,-5.6843418860808e-14,0.067201097387048
1996,7,10,0.0447161458432674,0,0.0481377294163394,0,0.067201097387048
1996,7,11,0.208838805556297,-5.6843418860808e-14,0.110495556964452,-5.6843418860808e-14,0.0728961056401877
1996,7,12,1.43659925460815,5.6843418860808e-14,0.956900603363465,5.6843418860808e-14,0.0706181023389318
1996,7,13,3.29980778694153,5.6843418860808e-14,2.2562859901991,0,0.067201097387048
1996,7,14,1.52798438072205,-5.6843418860808e-14,2.1850870333983,0,0.067201097387048
1996,7,15,14.7558717727661,0,6.58218549353478,0,0.067201097387048
1996,7,16,0.00747432373464108,0,7.85061270517326,0,0.067201097387048
1996,7,17,0.844694316387177,-5.6843418860808e-14,0.363571150512144,-5.6843418860808e-14,0.067201097387048
1996,7,18,0.136123165488243,5.6843418860808e-14,0.546702559371624,5.6843418860808e-14,0.068340099037676
1996,7,19,0.0155176613479853,0,0.0805884325163788,0,0.0694791006883039
1996,7,20,0.2213374376297,0,0.0856900871112885,0,0.067201097387048
1996,7,21,1.40822219848633,0,1.03819217252385,0,0.0660620957364201
1996,7,22,2.26360058784485,0,1.66451495635192,0,0.0637840924351642
1996,7,23,2.535311460495,0,2.37183360737254,0,0.0615060891339084
1996,7,24,1.21792590618134,0,2.14589073696698,0,0.0603670874832804
1996,7,25,2.26689839363098,0,1.77837956706571,0,0.0592280858326525
1996,7,26,0.547888278961182,0,1.27334895015156,0,0.0592280858326525
1996,7,27,4.97154188156128,0,2.72549069453817,0,0.0615060891339084
1996,7,28,2.21688318252563,0,4.03652516960574,0,0.0603670874832804
1996,7,29,2.41126298904419,0,2.18657767820332,0,0.0592280858326525
1996,7,30,20.3678760528564,0,8.51308931881431,0,0.0592280858326525
1996,7,31,1.06267356872559,0,12.0200171150245,0,0.0569500825313966
1996,8,1,0.225152239203453,0,0.547838522521488,0,0.0535330775795128
1996,8,2,4.10658931732178,0,1.80119063760139,0,0.0717571039895598
1996,8,3,0.0718599706888199,-5.6843418860808e-14,2.09653911946953,0,0.0603670874832804
1996,8,4,0.0510992631316185,5.6843418860808e-14,0.0640389140244224,0,0.0615060891339084
1996,8,5,0.000412061432143673,0,0.024382898627664,5.6843418860808e-14,0.0626450907845363
1996,8,6,0.00972294062376022,0,0.00389559308678145,-5.6843418860808e-14,0.0660620957364201
1996,8,7,0.156481117010117,-5.6843418860808e-14,0.0781007838013466,-5.6843418860808e-14,0.0649230940857922
1996,8,8,0.843961417675018,5.6843418860808e-14,0.59458381908189,5.6843418860808e-14,0.0649230940857922
1996,8,9,2.37704420089722,0,1.66119601800165,0,0.0637840924351642
1996,8,10,0.00055200228234753,0,1.37442761777857,0,0.0603670874832804
1996,8,11,2.72396850585938,0,1.31346598563687,0,0.0569500825313966
1996,8,12,0.577154219150543,0,1.74360062993583,0,0.0535330775795128
1996,8,13,1.30513785734365e-06,0,0.363962622988765,0,0.050116072627629
1996,8,14,3.94442833950848e-09,0,7.41925759939477e-07,0,0.0466990676757452
1996,8,15,0.00025423860643059,5.6843418860808e-14,4.99736925121397e-05,5.6843418860808e-14,0.0444210643744894
1996,8,16,0.0963389575481415,-5.6843418860808e-14,0.0448027307720622,-5.6843418860808e-14,0.0421430610732335
1996,8,17,1.18473029136658,0,0.379029592830193,0,0.0410040594226056
1996,8,18,18.2234153747559,0,9.36068072598209,0,0.0410040594226056
1996,8,19,6.29492425918579,0,15.8754662434621,0,0.0364480528200938
1996,8,20,1.47791683673859,0,3.85412265300693,0,0.0353090511694659
1996,8,21,2.24252104759216,0,1.82321114697334,0,0.034170049518838
1996,8,22,2.15427994728088,0,2.20728627261633,0,0.0364480528200938
1996,8,23,1.54920673370361,0,1.75116778380834,0,0.0353090511694659
1996,8,24,0.997913360595703,0,1.38739067787537,0,0.0318920462175821
1996,8,25,1.17775654792786,0,1.03393629310449,0,0.034170049518838
1996,8,26,9.02151966094971,0,4.04611281121106,0,0.0364480528200938
1996,8,27,8.13119316101074,0,8.96336748704198,0,0.0375870544707218
1996,8,28,1.53010034561157,-5.6843418860808e-14,4.90145829067842,0,0.034170049518838
1996,8,29,0.0219894256442785,5.6843418860808e-14,0.528279267786274,0,0.0330310478682101
1996,8,30,0.00870500598102808,0,0.0144016494232346,0,0.0318920462175821
1996,8,31,1.22578120231628,0,0.524987294895254,0,0.0307530445669542
1996,9,1,2.69402456283569,0,1.9189165306816,-5.6843418860808e-14,0.0296140429163263
1996,9,2,2.55493187904358,0,2.61393116247928,5.6843418860808e-14,0.0307530445669542
1996,9,3,0.957996845245361,0,1.94525926383722,0,0.0307530445669542
1996,9,4,0.133784130215645,0,0.550695711386652,0,0.0284750412656983
1996,9,5,0.0202214699238539,0,0.086039611218439,0,0.0296140429163263
1996,9,6,0.11555453389883,0,0.0624287808350346,0,0.0296140429163263
1996,9,7,0.429091721773148,0,0.200256638891005,-5.6843418860808e-14,0.0284750412656983
1996,9,8,0.308186709880829,0,0.362917622169334,5.6843418860808e-14,0.0273360396150704
1996,9,9,1.80141377449036,-5.6843418860808e-14,0.737555735555361,0,0.0261970379644425
1996,9,10,0.000189338665222749,5.6843418860808e-14,1.11445673244816,0,0.0250580363138145
1996,9,11,2.51851633947808e-05,0,-0.0359310817621008,0,0.0239190346631866
1996,9,12,0.00670962315052748,0,0.00525231741630705,0,0.0227800330125587
1996,9,13,0.0184459183365107,0,0.0102927110092423,0,0.0216410313619307
1996,9,14,0.000162324955454096,0,-0.607626416618587,0,0.0216410313619307
1996,9,15,14.3824195861816,0,2.41754673921969,0,0.0444210643744894
1996,9,16,52.0682411193848,0,24.979982942994,-5.6843418860808e-14,0.179962260799213
1996,9,17,1.43391311168671,0,26.7519621843858,5.6843418860808e-14,0.068340099037676
1996,9,18,0.00523223588243127,-5.6843418860808e-14,0.76433789323346,-5.6843418860808e-14,0.0694791006883039
1996,9,19,0.286332190036774,5.6843418860808e-14,0.189018233915704,5.6843418860808e-14,0.0808691171945832
1996,9,20,0.151312902569771,0,0.203747494902927,0,0.0831471204958391
1996,9,21,4.54241609573364,0,2.26310466345603,0,0.105927153508398
1996,9,22,0.0247333329170942,0,2.53936049465483,0,0.0808691171945832
1996,9,23,4.74819374084473,0,2.18679974514089,0,0.0751741089414436
1996,9,24,29.7352638244629,0,15.0355032832922,0,0.0933981353514905
1996,9,25,4.47087860107422,0,17.1031408548588,0,0.0831471204958391
1996,9,26,34.6186256408691,0,19.5432265413765,0,11.7317170014677
1996,9,27,91.0410919189453,-5.11590769747272e-13,62.8293627552776,-1.70530256582424e-13,44.7627648696778
1996,9,28,4.12686967849731,1.13686837721616e-13,47.7990846076646,1.70530256582424e-13,6.15060891339084
1996,9,29,0.00203148787841201,0,2.1490319099612,-5.6843418860808e-14,3.14364455573309
1996,9,30,7.17704679118469e-05,5.6843418860808e-14,0.00126161400476121,5.6843418860808e-14,2.06159298763656
1996,10,1,1.56876722030574e-05,0,4.58428803540301e-05,0,1.45792211280375
1996,10,2,1.3126003742218,-5.6843418860808e-14,0.645351203562314,-5.6843418860808e-14,1.09571958790407
1996,10,3,0.003157127648592,0,0.673386837490398,0,0.857668242922834
1996,10,4,0.00021347010624595,0,0.00170258674188517,5.6843418860808e-14,0.679983985424876
1996,10,5,0.0142970941960812,0,0.00690475294322823,-5.6843418860808e-14,0.560388812108943
1996,10,6,0.000166822515893728,0,0.00860474708315451,0,0.470407681709336
1996,10,7,0.0378033630549908,0,0.014751370614249,0,0.396372574418521
1996,10,8,2.15552854537964,0,0.812753151934885,0,0.349673506742775
1996,10,9,0.0243758596479893,0,1.21945235494786,0,0.310947450621426
1996,10,10,0.29942923784256,0,0.152599256703979,0,0.266526386246936
1996,10,11,1.93956948351115e-05,0,0.155320301037136,-5.6843418860808e-14,0.232356336728098
1996,10,12,0.000373956543626264,0,0.000254880924330791,5.6843418860808e-14,0.217549315269935
1996,10,13,9.41375765250996e-05,0,0.000234126717259642,5.6843418860808e-14,0.200464290510516
1996,10,14,8.4786799561698e-05,0,8.82298481883481e-05,-5.6843418860808e-14,0.181101262449841
1996,10,15,1.51119547808776e-05,0,5.18527886015363e-05,0,0.167433242642306
1996,10,16,0.00252658105455339,0,0.00153265198605368,0,0.156043226136027
1996,10,17,0.239349663257599,0,0.110490246075642,0,0.148070214581631
1996,10,18,2.75169610977173,0,1.7489885732939,0,0.142375206328492
1996,10,19,1.99725855054567e-05,0,1.12613522433458,0,0.135541196424724
1996,10,20,1.26892459392548,0,0.630778143557109,0,0.129846188171584
1996,10,21,10.3007898330688,0,5.28954772277939,0,0.129846188171584
1996,10,22,23.9587593078613,0,16.9202652008935,0,0.148070214581631
1996,10,23,4.53710126876831,0,14.2999707469389,0,0.225522326824331
1996,10,24,0.000481418654089794,0,2.49862363486318,0,0.370175536454078
1996,10,25,0.031917180866003,0,0.0148416337433446,0,0.381565552960357
1996,10,26,0.174509525299072,0,0.0944244793790858,0,0.359924521598427
1996,10,27,0.286932796239853,0,0.227887633140199,0,0.306391444018914
1996,10,28,5.21696138381958,0,2.56407725622194,0,0.274499397801332
1996,10,29,0.583425343036652,-5.6843418860808e-14,3.44290915860984,0,0.260831377993797
1996,10,30,0.640900611877441,1.13686837721616e-13,0.608958335997158,0,0.239190346631866
1996,10,31,2.01078915596008,-5.6843418860808e-14,1.21198528407331,0,0.320059463826449
1996,11,1,37.2754325866699,0,19.4492544578716,1.13686837721616e-13,7.67687112523227
1996,11,2,1.86719405651093,-5.6843418860808e-13,19.9399238418991,0,5.66083820362083
1996,11,3,0.00137577275745571,5.6843418860808e-14,0.917133967821428,0,3.13225453922682
1996,11,4,0.0261042453348637,-5.6843418860808e-14,0.013195028379414,0,2.26661328474959
1996,11,5,0.188611939549446,1.13686837721616e-13,0.0997447302543151,0,1.75406254196702
1996,11,6,7.33382272720337,-5.6843418860808e-14,3.72103632269864,0,1.49209216232259
1996,11,7,75.8537902832031,-5.6843418860808e-14,40.3584026549252,-1.13686837721616e-13,48.4075701516871
1996,11,8,0.863229691982269,-2.8421709430404e-13,39.6850647098217,0,24.8302359836889
1996,11,9,0.00466023664921522,-5.6843418860808e-14,0.434526552016905,-5.6843418860808e-14,7.14154034943714
1996,11,10,0.00260766642168164,0,0.00379902766871965,0,4.56739661901801
1996,11,11,0.000730706553440541,-5.6843418860808e-14,0.00182324717752635,-5.6843418860808e-14,3.38283490236496
1996,11,12,1.1546425819397,5.6843418860808e-14,0.452587150120962,5.6843418860808e-14,2.6994339119882
1996,11,13,4.85593700408936,-5.6843418860808e-14,2.99335728517326,0,2.26661328474959
1996,11,14,14.0309362411499,-3.41060513164848e-13,9.43631862659095,1.13686837721616e-13,2.51719364788773
1996,11,15,6.83245277404785,5.6843418860808e-14,10.4324242032053,-5.6843418860808e-14,4.51044653648661
1996,11,16,0.691319346427918,-5.6843418860808e-14,3.78740070576532,0,3.70175536454078
1996,11,17,17.3968830108643,-5.6843418860808e-14,8.49676943760278,0,4.70407681709336
1996,11,18,0.575551509857178,-5.6843418860808e-14,8.98725508808639,0,5.43303787349524
1996,11,19,0.121876016259193,0,0.362788976861339,0,4.0206758267166
1996,11,20,0.218778535723686,0,0.161553440972057,0,3.29171477031473
1996,11,21,0.160919666290283,5.6843418860808e-14,0.173826337595528,5.6843418860808e-14,2.71082392849448
1996,11,22,0.802637159824371,-5.6843418860808e-14,0.486476441390551,-5.6843418860808e-14,2.23244323523075
1996,11,23,3.75007677078247,0,1.8008349695483,0,1.89074274004237
1996,11,24,43.4822807312012,-5.11590769747272e-13,23.5831500346758,-1.13686837721616e-13,8.79309274284764
1996,11,25,39.1235008239746,-1.13686837721616e-13,41.3181174195779,5.6843418860808e-14,26.8804389548192
1996,11,26,6.58019018173218,0.926699026301321,22.0178845206283,0,12.9846188171584
1996,11,27,1.02858650684357,1.05369986916912,2.76361888911561,0,6.84539992027388
1996,11,28,1.29508674144745,0.125027217001218,1.02875020075589,0,5.04577731228174
1996,11,29,7.57928085327148,5.6843418860808e-14,4.42722620449058,1.93571700813527,4.51044653648661
1996,11,30,14.5723104476929,0,11.0570793007719,0,8.44000223115298
1996,12,1,4.2739143371582,-5.6843418860808e-14,9.42526441096561,-1.13686837721616e-13,6.74288977171736
1996,12,2,1.88741624355316,0,3.0807245646356,0,4.96604719673779
1996,12,3,0.000464657001430169,0,1.03227803950358,0,3.99789579370404
1996,12,4,1.76384174823761,0,0.788084657469881,0,3.30310478682101
1996,12,5,10.3701038360596,0,6.05592060188792,-5.6843418860808e-14,3.16642458874565
1996,12,6,0.357948333024979,0,5.41847432584473,-5.6843418860808e-14,3.39422491887124
1996,12,7,0.00116134714335203,0,0.188090921445109,0,2.90445420910123
1996,12,8,0.0193823464214802,0,0.0102506305775023,0,2.47163358186261
1996,12,9,0.0835646241903305,0,0.0649547430075472,0,2.16410313619307
1996,12,10,0.0215081684291363,0,0.0609051618812373,0,1.90213275654865
1996,12,11,0.213574811816216,0,0.117213824119972,0,1.74267252546074
1996,12,12,2.68844032287598,0,1.4059372724987,0,1.60599232738539
1996,12,13,0.000776248401962221,0,1.37517255348939,0,1.42375206328492
1996,12,14,2.23770403862,0,1.08572931994422,0,1.30985189822212
1996,12,15,15.7657051086426,0,9.00059004281866,0,1.56043226136027
1996,12,16,3.72769856452942,0,9.74940908609278,-2.27373675443232e-13,2.61970379644425
1996,12,17,0.671663641929627,0.0770982060638517,2.14388416459042,-1.13686837721616e-13,2.32356336728098
1996,12,18,0.352343499660492,0.253439106129008,0.260064916728879,0,1.95908283908004
1996,12,19,2.17224824154982e-05,0.179137108770078,-3.63797880709171e-12,0,1.71989249244818
1996,12,20,0.000527153897564858,0.00030600842126205,0,0,1.58321229437283
1996,12,21,0.0212467182427645,0.000308875578355128,0.00879761673058965,0,1.42375206328492
1996,12,22,0.202712535858154,-5.6843418860808e-14,0.0861840446523274,0.527304115306606,1.36680198075352
1996,12,23,1.01915872097015,0,0.591806674547115,0,1.30985189822212
1996,12,24,3.12891721725464,0,2.07043611352128,0,1.26429183219701
1996,12,25,0.0884399861097336,0.0298556675949726,1.63701529678656,0,1.16178168364049
1996,12,26,1.49775409698486,0.0464662353253971,0.746190235440736,0,1.0763565598434
1996,12,27,2.71447539329529,0.0154239629171684,2.09023749957851,0.114069166993204,1.0273794888664
1996,12,28,0.0137350941076875,0,1.50050039466078,0,1.02054547896263
1996,12,29,4.62712523585651e-05,0,0.00713174707561848,0,1.04332551197519
1996,12,30,0.00756289530545473,0,0.00331623959937133,0,1.0114334657576
1996,12,31,0.0477903820574284,0,0.0272012683308276,-5.6843418860808e-14,0.964734398081859
1997,1,1,0.00869490765035152,0,0.0298176621799939,5.6843418860808e-14,0.938537360117417
1997,1,2,0.00799100287258625,0,0.00834736379692913,0,0.905506312249207
1997,1,3,0.0747272372245789,0,0.0442323610586755,0,0.889560289140416
1997,1,4,0.389350831508636,0,0.251082385646441,0,0.872475264380997
1997,1,5,0.00129819521680474,5.6843418860808e-14,0.203271437934745,0,0.739212071257528
1997,1,6,8.52304935961001e-07,3.27247562381672e-10,0.000772504226915771,-5.6843418860808e-14,0.805274166993949
1997,1,7,0,4.91979790240293e-10,5.18466549692676e-07,5.6843418860808e-14,0.758575099318203
1997,1,8,1.06933975219727,0.152409550097104,0.382243154635944,0,0.727822054751249
1997,1,9,8.84371852874756,2.18736225418576,2.74211642053342,0,0.739212071257528
1997,1,10,0.417482554912567,2.26343446758045,2.38217623765013,0,0.723266048148737
1997,1,11,0.0113280583173037,0.227544917038699,0,0,0.70504202173869
1997,1,12,0.0268889963626862,0.0199435998780473,0,0,0.664037962316085
1997,1,13,1.46725797653198,0.680937752861098,0,0,0.626450907845363
1997,1,14,0.138083234429359,0.85271157843755,0,0,0.587724851724013
1997,1,15,3.30190253257751,1.13151334214956,0.480426052352414,0,0.588863853374641
1997,1,16,1.00241041183472,1.6516338333584,0.527947460479481,-5.6843418860808e-14,0.58430784677213
1997,1,17,0.00041968873119913,0.551124998864736,0,5.6843418860808e-14,0.570639826964594
1997,1,18,0.000288511568214744,0.000336773515698496,0,5.6843418860808e-14,0.550137797253292
1997,1,19,0.0208929311484098,0.000147279175394033,0.0102275228746294,0.237719911185764,0.535330775795128
1997,1,20,0.475919187068939,5.6843418860808e-14,0.213037431985867,3.31648430268376,0.5341917741445
1997,1,21,0.848772168159485,0,0.651305378440156,6.39473729672494,0.587724851724013
1997,1,22,9.82528209686279,0,4.9733264544484,0,1.02282348226388
1997,1,23,0.665684103965759,0,5.37189508782831,0,2.02742293811772
1997,1,24,2.36912775039673,0,1.42095734819304,0,1.82240264100469
1997,1,25,0.0836649015545845,0,1.23201853757928,0,1.68572244292934
1997,1,26,0.00356893939897418,0,0.0436386922956444,0,1.45792211280375
1997,1,27,0.209240332245827,0,0.105980953769176,0,1.33263193123468
1997,1,28,0.289206594228745,0.14353391500407,0.105393861722405,0,1.25290181569073
1997,1,29,0.000356336997356266,0.164086933296403,7.33175220375415e-05,0,1.12191662586851
1997,1,30,5.55887490918394e-05,9.41093402957449e-05,0.000112851728772512,0.308772512157589,1.04104750867393
1997,1,31,0.000117289033369161,0,8.48305608087685e-05,0,1.01257246740823
1997,2,1,2.09415702556726e-05,0,7.149522571126e-05,0,0.985236427793162
1997,2,2,0.0828479900956154,0,0.0407773182123492,0,0.943093366719928
1997,2,3,7.12471580505371,5.6843418860808e-14,3.07237788148632,0,1.10369259945847
1997,2,4,22.7008056640625,5.6843418860808e-14,14.1799396952483,-6.82121026329696e-13,3.54229513345287
1997,2,5,0.00114445621147752,1.70530256582424e-13,11.3563811920249,-5.6843418860808e-14,3.04113440717658
1997,2,6,0.470950037240982,0,0.230030828191957,5.6843418860808e-14,2.14132310318051
1997,2,7,5.04262924194336,5.6843418860808e-14,2.6863359102972,-5.6843418860808e-14,1.95908283908004
1997,2,8,8.03327178955078,0.306258863375035,6.12308857016978,5.6843418860808e-14,1.9818628720926
1997,2,9,0.023877028375864,0.331653160422434,3.69867317570606,0,1.82240264100469
1997,2,10,0.00120396225247532,0.00137792078021448,0.0121723861229839,0,1.69711245943562
1997,2,11,0.0033360484521836,0,0.00205483361423831,0.0944489420755303,1.59460231087911
1997,2,12,0.994826674461365,0,0.424629835742962,0.557483945399326,1.48070214581631
1997,2,13,5.02828693389893,0,2.77463341729163,0,1.50348217882887
1997,2,14,0.803897619247437,0,2.9164567537191,0.00284441000894731,1.44653209629747
1997,2,15,0.0109793376177549,0,0.425674852693192,0,1.50348217882887
1997,2,16,0.00449054595082998,0,0.00812293990748003,0,1.58321229437283
1997,2,17,0.000225381416385062,0,0.00297556503937813,0,1.52626221184143
1997,2,18,0.287748068571091,0,0.125066305372457,0,1.46931212931003
1997,2,19,1.7206529378891,0,1.00093753437613,0,1.38958201376608
1997,2,20,22.6877403259277,0,10.9917813593493,-5.6843418860808e-14,1.95908283908004
1997,2,21,31.9443340301514,5.6843418860808e-14,27.3155830798496,5.6843418860808e-14,21.5271311968679
1997,2,22,0.522912204265595,0,16.2482546210849,0,10.0232145255258
1997,2,23,3.15830220642965e-05,-5.6843418860808e-14,0.328695932817936,0,5.23940759288849
1997,2,24,0.000287240167381242,0,0.000151377349538961,0,3.8042655130973
1997,2,25,1.65490698814392,0,0.648842002559832,0,3.01835437416402
1997,2,26,13.0761461257935,0,6.74339865615184,-5.6843418860808e-14,3.95233572767893
1997,2,27,24.0162792205811,1.13686837721616e-13,18.5460093004986,2.27373675443232e-13,15.4904224485399
1997,2,28,0.697177350521088,0,12.444732996606,-5.6843418860808e-14,6.84539992027388
1997,3,1,8.55536365509033,0,4.4941857486956,5.6843418860808e-14,6.91374001931155
1997,3,2,13.0000143051147,0,10.7765602685795,-5.6843418860808e-14,14.5792211280375
1997,3,3,8.61525726318359,0,10.8080444645966,0,8.22359191753367
1997,3,4,0.237007364630699,0,4.4262055752115,0,5.56971807157059
1997,3,5,1.01882004737854,0,0.612020566026331,0,4.14596600828568
1997,3,6,0.739132761955261,0,0.883952839474659,0,3.24615470428961
1997,3,7,0.0142648974433541,0,0.388991357296618,0,2.66526386246936
1997,3,8,0.0180390328168869,0,0.0149656013745698,0,2.23244323523075
1997,3,9,5.07323026657105,0,2.53270600167889,0,1.95908283908004
1997,3,10,9.50687217712402,0,7.02231281869172,0,2.11854307016796
1997,3,11,8.21858247945784e-06,0,4.79824009857475,0,1.9818628720926
1997,3,12,2.99127173423767,0,1.4894015981954,0,1.73128250895446
1997,3,13,17.5841827392578,0,10.27816405263,0,2.74499397801332
1997,3,14,10.3596858978271,0,13.9814914284616,0,5.60388812108943
1997,3,15,0.00370620936155319,0,5.20598745476309,0,3.97511576069149
1997,3,16,7.96078238636255e-05,0,0.00200058637710754,0.00172973923980635,3.16642458874565
1997,3,17,0.00394402164965868,0,0.00168283800667268,0,2.53997368090029
1997,3,18,0.314518839120865,0,0.151436600717716,0,2.17549315269935
1997,3,19,1.594162940979,0,0.939661224088923,0,1.90213275654865
1997,3,20,0.00749391317367554,0,0.914280191405851,0,1.6515523934105
1997,3,21,5.13032027811278e-05,0,-0.0133086436653684,0,1.50348217882887
1997,3,22,3.37108685926069e-05,0,4.25351208832581e-05,0,1.33263193123468
1997,3,23,6.55563126201741e-05,0,-0.0261247207017732,0,1.17317170014677
1997,3,24,1.23441457748413,0,0.454031732268049,0,1.15039166713421
1997,3,25,12.2020998001099,0,6.67272162666632,0,1.11166561101286
1997,3,26,2.62912917137146,0,7.41650007611679,0,1.26429183219701
1997,3,27,0.0397878214716911,5.6843418860808e-14,1.50984121744841,0,1.11508261596475
1997,3,28,1.5649311542511,-5.6843418860808e-14,0.570011947827879,0,0.98637542944379
1997,3,29,0.89415979385376,0,1.23452993925093,0,0.949927376623696
1997,3,30,2.75878071784973,0,1.52726392345721,0,0.902089307297323
1997,3,31,0.00175006105564535,0,1.68772171504679,0,0.918035330406114
1997,4,1,0.000802813505288214,0,0.00129988831758965,0,0.874753267682252
1997,4,2,0.00299614574760199,0,0.00153512401811895,0,0.825776196705251
1997,4,3,2.17403507232666,0,0.993644401129131,0,0.734656064655017
1997,4,4,16.8105144500732,0,9.15205690128278,0,0.799579158740809
1997,4,5,50.1375999450684,0,33.4710924832361,0,12.8707186520956
1997,4,6,1.50507879257202,0,25.8496401682423,0,10.6724454663837
1997,4,7,0.92136937379837,0,1.24766629513761,0,5.33052772493873
1997,4,8,10.002423286438,0,5.43600116234302,0,4.0206758267166
1997,4,9,10.647029876709,0,10.3225999974857,0,6.0594887813406
1997,4,10,0.000379081029677764,0,5.32417528342921,5.6843418860808e-14,4.98882722975035
1997,4,11,2.00573754310608,-5.6843418860808e-14,0.961688227580453,-5.6843418860808e-14,4.00928581021032
1997,4,12,5.31930303573608,5.6843418860808e-14,3.25236113372011,0,3.96372574418521
1997,4,13,0.00286149908788502,0,2.67242235611411,0,3.22337467127705
1997,4,14,2.91481537715299e-05,0,0.00157602781109745,0,2.66526386246936
1997,4,15,8.65338297444396e-05,0,5.59894870093558e-05,0,2.18688316920563
1997,4,16,0.544837176799774,0,0.236785569726635,0,1.83379265751097
1997,4,17,0.258095920085907,0,0.422176111878798,-5.6843418860808e-14,1.62877236039794
1997,4,18,0.000891310512088239,5.6843418860808e-14,0.123691286338726,5.6843418860808e-14,1.42375206328492
1997,4,19,0.000529361190274358,-5.6843418860808e-14,0.000727334227121901,0,1.35541196424724
1997,4,20,0.0662585347890854,0,0.0283347196855175,0,1.12988963742291
1997,4,21,2.01708173751831,0,0.884760357672349,0,1.068383548289
1997,4,22,0.938040196895599,0,1.59338556709918,0,1.02282348226388
1997,4,23,4.14792633056641,5.6843418860808e-14,2.79377470165855,5.6843418860808e-14,0.95903938982872
1997,4,24,0.199048414826393,-5.6843418860808e-14,2.56146658811849,-5.6843418860808e-14,0.948788374973068
1997,4,25,0.781844913959503,0,0.563960829607822,0,0.853112236320322
1997,4,26,2.8821005821228,0,1.81511803155445,0,0.759714100968831
1997,4,27,9.87279033660889,0,5.65910118915417,0,0.754019092715692
1997,4,28,0.0838421285152435,0,4.98430553903745,0,0.761992104270087
1997,4,29,0.0252958200871944,0,0.0576008083844499,0,0.719849043196854
1997,4,30,0.521679937839508,0,0.258107529069093,0,0.654925949111062
1997,5,1,0.0158938709646463,0,0.287006425889558,0,0.615060891339084
1997,5,2,0.847265422344208,0,0.414928585822054,0,0.580890841820246
1997,5,3,3.03418493270874,0,1.91481802396083,0,0.554693803855803
1997,5,4,0.000738851202186197,0,1.9521087021385,0,0.489770709770011
1997,5,5,0.00257740286178887,0,0.00169863857445307,0,0.469268680058708
1997,5,6,0.0137752778828144,0,0.0071113955018518,0,0.460156666853685
1997,5,7,0.446149677038193,0,0.261039268913009,0,0.430542623937359
1997,5,8,9.25644397735596,0,4.25250779443013,0,0.44079363879301
1997,5,9,0.458779066801071,0,4.87208342850499,0,0.43509863053987
1997,5,10,0.00194641947746277,0,0.241011325186264,0,0.412318597527312
1997,5,11,9.86440572887659e-05,0,0.000913386487809476,0,0.4077625909248
1997,5,12,0.0109319621697068,0,0.00584563750089728,0,0.361063523249055
1997,5,13,0.371356248855591,0,0.177913885265298,0,0.34170049518838
1997,5,14,1.6811363697052,0,0.888600996880996,0,0.329171477031473
1997,5,15,0.0349834226071835,0,0.790035322108452,0,0.30297443906703
1997,5,16,0.00323359598405659,0,0.0219204622990219,0,0.26994339119882
1997,5,17,0.00378309516236186,0,0.00353002493284293,-5.6843418860808e-14,0.259692376343169
1997,5,18,0.0087887067347765,0,0.00564209381991532,5.6843418860808e-14,0.250580363138145
1997,5,19,0.10564973205328,0,0.0525350291536597,0,0.243746353234378
1997,5,20,2.28368759155273,0,0.993095069417905,-5.6843418860808e-14,0.232356336728098
1997,5,21,0.001201405772008,0,1.29849465685402,5.6843418860808e-14,0.222105321872447
1997,5,22,0.0108429994434118,0,0.0047561160827172,0,0.212993308667423
1997,5,23,0.00242464290931821,0,0.00679374964965973,0,0.205020297113028
1997,5,24,4.78016138076782,-5.6843418860808e-14,2.22843973438285,0,0.2038812954624
1997,5,25,10.9244251251221,5.6843418860808e-14,6.87992450609454,0,0.208437302064912
1997,5,26,3.97682332992554,0,7.73271219259914,0,0.215271311968679
1997,5,27,14.1440229415894,0,8.56762784240345,0,0.226661328474959
1997,5,28,0.192059844732285,0,9.54162108897071,0,0.252858366439401
1997,5,29,0.00354724051430821,0,0.0119834591896506,0,0.265387384596308
1997,5,30,8.3704833984375,0,3.56530494003528,0,0.362202524899683
1997,5,31,15.2296953201294,0,11.8796380849308,0,1.07521755819277
1997,6,1,0.0816614106297493,0,8.02185358814677,0,0.95334438157558
1997,6,2,0.0149960508570075,0,0.0472778460352856,-5.6843418860808e-14,0.651508944159178
1997,6,3,0.00104576244484633,0,0.00901808930939296,5.6843418860808e-14,0.493187714721895
1997,6,4,0.0262412019073963,5.6843418860808e-14,0.0105779135810735,0,0.412318597527312
1997,6,5,0.00435969606041908,-5.6843418860808e-14,0.0134815100354899,0,0.367897533152822
1997,6,6,0.00198873574845493,5.6843418860808e-14,0.00322002463872195,5.6843418860808e-14,0.329171477031473
1997,6,7,0.0125586176291108,-5.6843418860808e-14,0.00870702848260407,-5.6843418860808e-14,0.30297443906703
1997,6,8,3.32342460751534e-05,5.6843418860808e-14,0.00638101623553666,0,0.281333407705099
1997,6,9,0.155005186796188,-5.6843418860808e-14,0.0631842687507742,0,0.268804389548192
1997,6,10,2.59033679962158,0,1.15633901954061,0,0.260831377993797
1997,6,11,1.99965512752533,0,2.37482207974244,0,0.246024356535634
1997,6,12,2.35807347297668,0,2.20278469999539,0,0.239190346631866
1997,6,13,4.74757671356201,0,3.45817026143777,-5.6843418860808e-14,0.228939331776215
1997,6,14,0.378458261489868,-5.6843418860808e-14,2.79915721905854,0,0.219827318571191
1997,6,15,1.26457929611206,5.6843418860808e-14,0.785613016443676,5.6843418860808e-14,0.214132310318051
1997,6,16,13.9300842285156,0,5.93735315648155,0,0.218688316920563
1997,6,17,29.4749908447266,0,21.6564079395612,0,0.234634340029354
1997,6,18,4.21850299835205,0,16.8469434307299,0,0.260831377993797
1997,6,19,0.0110402181744576,0,2.18279118155988,0,0.282472409355727
1997,6,20,0.00515580084174871,0,0.00774782404914731,0,0.251719364788773
1997,6,21,0.108946792781353,0,0.0504058486221766,0,0.226661328474959
1997,6,22,0.0159289091825485,0,0.0667466829727346,0,0.208437302064912
1997,6,23,0.000682306359522045,0,0.00971247522466001,0,0.207298300414284
1997,6,24,0.00345056434161961,0,0.00230282912525581,0,0.189074274004237
1997,6,25,0.254260987043381,0,0.120000268860167,0,0.185657269052353
1997,6,26,2.68296217918396,0,1.19856977490781,0,0.171989249244818
1997,6,27,6.48088359832764,0,4.41160838353244,0,0.161738234389166
1997,6,28,5.02498435974121,0,5.76207113393684,0,0.169711245943562
1997,6,29,17.5551910400391,0,10.3883336014333,0,0.189074274004237
1997,6,30,16.6227436065674,0,17.0632624848513,0,0.207298300414284
1997,7,1,0.64436674118042,0,8.70016890130864,0,0.235773341679982
1997,7,2,0.0108823040500283,0,0.305358312201861,0,0.284750412656983
1997,7,3,0.0677065998315811,-5.6843418860808e-14,0.0383598514272308,0,0.26424838294568
1997,7,4,3.85094141960144,0,1.62863027477943,0,0.226661328474959
1997,7,5,0.486499011516571,5.6843418860808e-14,2.25616706710935,5.6843418860808e-14,0.206159298763656
1997,7,6,1.28469146147836e-05,0,0.273185088710306,-5.6843418860808e-14,0.191352277305493
1997,7,7,0.124243572354317,0,0.0786641164049797,0,0.17654525584733
1997,7,8,1.60819792747498,0,0.798629893291945,0,0.168572244292934
1997,7,9,3.08958792686462,0,2.10699280159315,0,0.162877236039794
1997,7,10,6.43897438049316,5.6843418860808e-14,4.64185788268878,0,0.156043226136027
1997,7,11,7.79233646392822,-5.6843418860808e-14,7.35106346070097,0,0.219827318571191
1997,7,12,0.693208277225494,0,4.47050954727456,0,0.273360396150704
1997,7,13,0.0394645370543003,0,0.343850433819171,0,0.252858366439401
1997,7,14,1.07923424243927,0,0.705276820535801,0,0.227800330125587
1997,7,15,1.68447148799896,0,1.31514501470883,0,0.205020297113028
1997,7,16,0.177223518490791,0,0.78968106622051,0,0.171989249244818
1997,7,17,1.81784665584564,0,0.969063915556035,-5.6843418860808e-14,0.151487219533515
1997,7,18,0.545152008533478,0,1.30784494300315,0,0.13781919972598
1997,7,19,8.87228088686243e-05,0,0.244521193199034,5.6843418860808e-14,0.121873176617189
1997,7,20,0.0403959304094315,0,0.0169852768849523,0,0.112761163412165
1997,7,21,2.67772960662842,0,1.20208035938049,0,0.108205156809654
1997,7,22,2.32280683517456,0,2.51100844572284,0,0.10478815185777
1997,7,23,3.41247773170471,0,2.86447115290139,0,0.0979541419540022
1997,7,24,0.145582556724548,0,2.2226490777648,0,0.0899811303996067
1997,7,25,0.000921261613257229,0,0.0703952799085528,0,0.084286122146467
1997,7,26,0.0103653687983751,0,0.00462557086575544,0,0.0820081188452112
1997,7,27,0.24763497710228,0,0.134193146823236,0,0.0751741089414436
1997,7,28,1.15479230880737,0,0.577414327566657,0,0.0740351072908156
1997,7,29,13.7911806106567,0,6.84832149570502,-5.6843418860808e-14,0.0808691171945832
1997,7,30,9.24386501312256,0,11.7083978036862,5.6843418860808e-14,0.0717571039895598
1997,7,31,4.8385591506958,0,7.37654920883142,0,0.0660620957364201
1997,8,1,0.00384613405913115,0,2.87640804087641,0,0.0660620957364201
1997,8,2,0.000544853508472443,0,0.00173609837656841,0,0.067201097387048
1997,8,3,0.00041980401147157,0,0.000488996527565178,5.6843418860808e-14,0.0660620957364201
1997,8,4,0.253126055002213,0,0.144245391849836,-5.6843418860808e-14,0.0649230940857922
1997,8,5,0.785995721817017,0,0.571135953858175,0,0.0660620957364201
1997,8,6,0.00753550138324499,0,0.343682812126644,0,0.0615060891339084
1997,8,7,0.584845125675201,0,0.237269592304074,0,0.0580890841820246
1997,8,8,1.38414311408997,0,0.799249513795076,0,0.0569500825313966
1997,8,9,3.7109215259552,0,2.4378238149111,0,0.0569500825313966
1997,8,10,0.322337478399277,0,2.25177246356543,0,0.0535330775795128
1997,8,11,8.84542655944824,0,3.51161492691608,0,0.0535330775795128
1997,8,12,13.0647802352905,0,10.6301201031565,0,0.0546720792301408
1997,8,13,5.03366804122925,0,10.3014178950652,0,0.0523940759288849
1997,8,14,4.6598391532898,0,4.83390195399625,0,0.0558110808807687
1997,8,15,12.2801790237427,0,8.45639782513536,0,0.0558110808807687
1997,8,16,1.79822409152985,0,7.05944704757349,0,0.0546720792301408
1997,8,17,7.0709662437439,0,4.24935853229181,0,0.0569500825313966
1997,8,18,17.1206893920898,0,11.5974898246459,0,0.0592280858326525
1997,8,19,6.9813027381897,0,12.1026349805688,0,0.0592280858326525
1997,8,20,0.989757657051086,0,4.18259786328781,-5.6843418860808e-14,0.0626450907845363
1997,8,21,0.0077220001257956,0,0.57889200108184,5.6843418860808e-14,0.0637840924351642
1997,8,22,0.0230298433452845,0,0.0161589005110727,0,0.0649230940857922
1997,8,23,0.332765847444534,0,0.192639321259776,0,0.0649230940857922
1997,8,24,9.50511093833484e-06,0,0.216893995024293,0,0.0649230940857922
1997,8,25,6.06814355705865e-05,0,3.74187220586464e-05,0,0.067201097387048
1997,8,26,0.00173244369216263,0,0.000769154612498824,0,0.0649230940857922
1997,8,27,4.49109684268478e-05,0,0.000777220040617976,0,0.0660620957364201
1997,8,28,0,0,2.63022993749473e-05,5.6843418860808e-14,0.0649230940857922
1997,8,29,0.000212091006687842,0,0.000116548195364885,-5.6843418860808e-14,0.0615060891339084
1997,8,30,0.000234132850891911,0,0.000220823269046377,0,0.0660620957364201
1997,8,31,0.155923441052437,0,0.0828112301205692,0,0.0615060891339084
1997,9,1,0.624273359775543,0,0.334813417575788,0,0.0592280858326525
1997,9,2,1.52854669094086,0,1.09274759667096,0,0.0580890841820246
1997,9,3,1.04327249526978,0,1.3302353297986,0,0.0615060891339084
1997,9,4,1.13280093669891,0,1.09375417017873,0,0.0580890841820246
1997,9,5,3.79982993763406e-05,0,0.597548288362304,0,0.0535330775795128
1997,9,6,1.74845517904032e-05,0,2.49753284151666e-05,0,0.051255074278257
1997,9,7,0.000655515643302351,0,0.000332722182065481,0,0.0489770709770011
1997,9,8,0.792254865169525,-5.6843418860808e-14,0.322213287698105,-5.6843418860808e-14,0.0489770709770011
1997,9,9,3.26667213439941,5.6843418860808e-14,1.91227006710324,5.6843418860808e-14,0.0466990676757452
1997,9,10,0.196602746844292,0,1.84453517610746,0,0.0444210643744894
1997,9,11,0.000187356476089917,0,0.123583294440323,0,0.0432820627238614
1997,9,12,0.0305342525243759,0,0.0167589588127157,0,0.0432820627238614
1997,9,13,0.11798008531332,0,0.0683313169938629,0,0.0432820627238614
1997,9,14,2.60231494903564,0,1.27091299552194,0,0.0432820627238614
1997,9,15,1.05349826812744,0,1.82907790318859,0,0.0432820627238614
1997,9,16,0.45731309056282,0,0.787815532792592,0,0.0455600660251173
1997,9,17,7.46395492553711,0,2.87680877774983,0,0.0421430610732335
1997,9,18,9.09475040435791,0,8.19005070886487,0,0.0410040594226056
1997,9,19,0.00719483941793442,0,4.6342299688622,0,0.0398650577719777
1997,9,20,0.106728702783585,0,0.0514443655156356,0,0.0444210643744894
1997,9,21,0.909943342208862,0,0.388845177865733,0,0.0432820627238614
1997,9,22,0.0474071800708771,0,0.497089089847577,0,0.0410040594226056
1997,9,23,15.623743057251,0,7.06285026547994,0,0.0432820627238614
1997,9,24,24.7550926208496,0,20.1885490257773,0,0.050116072627629
1997,9,25,7.39529800415039,0,16.1002339557635,0,0.0592280858326525
1997,9,26,0.000166552170412615,0,3.77073899975221,0,0.0603670874832804
1997,9,27,0.00174779957160354,0,0.00102938456620905,0,0.0592280858326525
1997,9,28,0.00976483430713415,0,0.00600261628278531,-5.6843418860808e-14,0.0592280858326525
1997,9,29,0.00215616915374994,0,0.00487730538952746,1.13686837721616e-13,0.0603670874832804
1997,9,30,0.00758302211761475,0,0.00566672340210062,-5.6843418860808e-14,0.0592280858326525
1997,10,1,0.000306708447169513,0,0.00360494853521232,0,0.0523940759288849
1997,10,2,0.000600259867496789,-5.6843418860808e-14,0.00044211321437615,-5.6843418860808e-14,0.0489770709770011
1997,10,3,2.74745470960625e-05,5.6843418860808e-14,0.000242045010963921,5.6843418860808e-14,0.0455600660251173
1997,10,4,0.000116135946882423,0,7.11613174644299e-05,0,0.0410040594226056
1997,10,5,9.14637496407522e-07,0,4.2982221202692e-05,0,0.0364480528200938
1997,10,6,0.000126763276057318,0,6.18026679148898e-05,0,0.034170049518838
1997,10,7,0.203319609165192,0,0.125678446918755,0,0.0318920462175821
1997,10,8,2.16442465782166,0,1.11884729794838,0,0.0318920462175821
1997,10,9,22.8014259338379,0,12.4676550915938,0,0.0330310478682101
1997,10,10,4.06173610687256,0,13.4393217600591,0,0.0318920462175821
1997,10,11,0.335779935121536,-5.6843418860808e-14,2.26827321654855,0,0.0307530445669542
1997,10,12,7.67025899887085,5.6843418860808e-14,3.77119324245359,0,0.0307530445669542
1997,10,13,31.4662647247314,0,18.5351792620604,0,0.0466990676757452
1997,10,14,0.277502119541168,0,15.8724183350168,0,0.0410040594226056
1997,10,15,0.000188596852240153,0,0.158102513250924,0,0.0455600660251173
1997,10,16,0.00393477827310562,0,0.00182162483906723,0,0.050116072627629
1997,10,17,0.0158518832176924,0,0.00816697437039693,0,0.0523940759288849
1997,10,18,4.17033588746563e-05,0,0.00870260519877775,0,0.0546720792301408
1997,10,19,0.000305516150547192,0,0.000190728802408557,0,0.0558110808807687
1997,10,20,0.014997273683548,0,0.00621374721595203,0,0.0569500825313966
1997,10,21,1.19159960746765,0,0.653046701754647,0,0.0569500825313966
1997,10,22,1.9957103729248,-5.6843418860808e-14,1.57683125592666,0,0.0569500825313966
1997,10,23,1.80370318889618,1.13686837721616e-13,1.91573149187025,0,0.0569500825313966
1997,10,24,4.82168865203857,-5.6843418860808e-14,3.23814912899616,0,0.0603670874832804
1997,10,25,2.64403748512268,0,3.77853940986097,0,0.0615060891339084
1997,10,26,10.9479265213013,5.6843418860808e-14,6.73646272523183,0,0.067201097387048
1997,10,27,0.134704396128654,-5.6843418860808e-14,5.57010519920732,0,0.0603670874832804
1997,10,28,0.000672798661980778,0,0.0721080045987037,0,0.0637840924351642
1997,10,29,1.81117684405763e-05,0,0.000311631709337235,0,0.0694791006883039
1997,10,30,0.0264680646359921,0,0.0128779437836783,0,0.0706181023389318
1997,10,31,1.07938754558563,0,0.547341217406938,0,0.068340099037676
1997,11,1,0.518267333507538,0,0.808863940412266,0,0.0660620957364201
1997,11,2,1.155513048172,0,0.762418203496054,0,0.0626450907845363
1997,11,3,0.0805037096142769,0,0.755893263554754,-5.6843418860808e-14,0.0626450907845363
1997,11,4,2.44327068328857,0,1.47775531203661,5.6843418860808e-14,0.0626450907845363
1997,11,5,11.3142461776733,0,6.87442352590369,0,0.0728961056401877
1997,11,6,2.31452131271362,0,6.81455387917595,0,0.0649230940857922
1997,11,7,0.00493151741102338,0,1.22765386927131,0,0.0603670874832804
1997,11,8,0.00290796998888254,0,0.00365078598770197,0,0.0603670874832804
1997,11,9,1.17120563983917,-5.6843418860808e-14,0.732894563432637,0,0.0626450907845363
1997,11,10,10.8310604095459,5.6843418860808e-14,6.00045463316928,0,0.0694791006883039
1997,11,11,1.18400073051453,0,6.03953834051208,0,0.0649230940857922
1997,11,12,2.68357682228088,0,1.93218116747812,0,0.0660620957364201
1997,11,13,8.62168025970459,0,5.58076122315833,0,0.0797301155439553
1997,11,14,9.76338768005371,2.27373675443232e-13,9.12732070491256,0,0.0922591337008626
1997,11,15,0.434472143650055,0,5.1100732077939,0,0.115039166713421
1997,11,16,3.89320230169687e-05,2.83249397625696e-06,0.221778572904441,0,0.233495338378726
1997,11,17,5.24683164258022e-05,6.03863333026311e-06,3.95650677091908e-05,0,0.26994339119882
1997,11,18,3.68975379387848e-05,3.57212405788232e-06,4.21554286731407e-05,0.009039259356598,0.257414373041913
1997,11,19,0.000665653613395989,-5.6843418860808e-14,0.000293002201942727,-5.6843418860808e-14,0.226661328474959
1997,11,20,0.00026196549879387,0,0.000465331391751533,0,0.206159298763656
1997,11,21,0.0101790986955166,0,0.00538093004797702,0,0.184518267401725
1997,11,22,0.00190530647523701,0,0.00686102154941182,0,0.162877236039794
1997,11,23,0.000129045627545565,0,0.00156475016774493,0,0.145792211280375
1997,11,24,0.0117289926856756,0,0.00569026210723678,0,0.133263193123468
1997,11,25,0.00113131199032068,0,0.00675264380697627,0,0.121873176617189
1997,11,26,0.0233703553676605,0,0.01135683846951,0,0.111622161761537
1997,11,27,0.0469975844025612,0,0.03367240071384,0,0.102510148556514
1997,11,28,3.41409993171692,-5.6843418860808e-14,1.59208529155512,0,0.0979541419540022
1997,11,29,14.794469833374,1.13686837721616e-13,9.1040297644322,0,0.103649150207142
1997,11,30,0.548281788825989,-5.6843418860808e-14,7.67629974268857,0,0.103649150207142
1997,12,1,0.0271599981933832,0,0.316315770516667,0,0.112761163412165
1997,12,2,1.72338235378265,0,0.813400854283827,0,0.124151179918445
1997,12,3,7.79943990707398,0,4.74932244165029,0,0.141236204677864
1997,12,4,0.904784798622131,0,4.35255261841667,0,0.161738234389166
1997,12,5,0.000157262475113384,0,0.46645369639009,0,0.212993308667423
1997,12,6,0.000658806296996772,6.5242692812717e-05,0.000281440035905689,-5.6843418860808e-14,0.260831377993797
1997,12,7,3.53620338439941,0.301907528693448,1.37286079427577,5.6843418860808e-14,0.272221394500076
1997,12,8,14.6687564849854,0.324630185996853,8.67432116457349,1.70530256582424e-13,0.280194406054471
1997,12,9,0.441791921854019,5.6843418860808e-14,7.56529298285022,0.405782183799204,0.296140429163263
1997,12,10,0.245473429560661,0,0.344660202670639,0.230937512342848,0.395233572767893
1997,12,11,0.0892664790153503,0,0.167406585729623,0,0.421430610732335
1997,12,12,0.183720156550407,0.00279916767476607,0.132668764646951,0,0.419152607431079
1997,12,13,0.00490562943741679,0.00285417664133547,0.0912363871975685,0,0.381565552960357
1997,12,14,0.000428869272582233,0,0.00268476898781955,0.0167225989345638,0.339422491887124
1997,12,15,0.029651302844286,0,0.0146461323747644,0,0.306391444018914
1997,12,16,4.39999457739759e-05,0,0.0167108190544241,0,0.277916402753216
1997,12,17,0.000173329608514905,0,0.000106589715869632,0,0.252858366439401
1997,12,18,0.429949373006821,0,0.16307393912939,-5.6843418860808e-14,0.23121733507747
1997,12,19,0.141277760267258,0,0.299998499347566,5.6843418860808e-14,0.214132310318051
1997,12,20,2.0373911857605,0,1.00267939284095,0,0.200464290510516
1997,12,21,8.482253074646,-5.6843418860808e-14,5.06754334571815,5.6843418860808e-14,0.200464290510516
1997,12,22,5.45244741439819,0,6.96782355372488,-5.6843418860808e-14,0.201603292161144
1997,12,23,1.03358066082001,0,3.24558147416974,0,0.227800330125587
1997,12,24,28.8715324401856,5.6843418860808e-14,14.4182783958386,1.70530256582424e-13,1.23012178267817
1997,12,25,0.470279425382614,-1.13686837721616e-13,14.7305506056218,-5.6843418860808e-14,2.6994339119882
1997,12,26,0.0825657770037651,-5.6843418860808e-14,0.297488593962044,0,1.54904224485399
1997,12,27,1.3012558221817,0,0.690936104932916,0,1.08660757469905
1997,12,28,0.955181837081909,0,1.135784765891,0,0.855390239621578
1997,12,29,2.63950061798096,0,1.79661635900629,5.6843418860808e-14,0.718710041546226
1997,12,30,0.00581408711150289,0,1.32280235240978,0.0104172788087453,0.612782888037828
1997,12,31,4.62390489701647e-05,0,0.00313649669988081,0,0.531913770843245
1998,1,1,0.000160240131663159,0,9.99930416583084e-05,0,0.471546683359964
1998,1,2,0.341981947422028,0,0.155957113569457,0,0.427125618985475
1998,1,3,1.5644805431366,-5.6843418860808e-14,0.94637388708361,0,0.394094571117265
1998,1,4,21.5577125549316,5.6843418860808e-14,10.7767767068144,0,0.438515635491754
1998,1,5,63.098934173584,-2.27373675443232e-13,42.3199457943956,-1.70530256582424e-13,16.7433242642306
1998,1,6,12.5444660186768,-5.6843418860808e-14,37.8363568882014,-4.54747350886464e-13,12.4151179918445
1998,1,7,7.7998423576355,-5.6843418860808e-14,10.1821499016587,-5.6843418860808e-14,6.79983985424876
1998,1,8,14.93128490448,1.13686837721616e-13,11.3591158505515,2.27373675443232e-13,8.08691171945832
1998,1,9,3.689129114151,-5.6843418860808e-14,9.31439696497182,-1.70530256582424e-13,6.85678993678016
1998,1,10,0.277690410614014,0,1.99195609864546,0,4.19152607431079
1998,1,11,0.15052518248558,0,0.214173246367864,0,2.99557434115146
1998,1,12,0.166925817728043,0,0.158334439551254,0,2.34634340029354
1998,1,13,0.207392692565918,0,0.184582786423562,0,1.93630280606749
1998,1,14,0.39405220746994,0,0.29844362026779,0,1.64016237690422
1998,1,15,2.40791130065918,0,1.398949427974,0,1.45792211280375
1998,1,16,0.000152893000631593,0,1.21333198578941,5.6843418860808e-14,1.3212419147284
1998,1,17,0.0175531636923552,-5.6843418860808e-14,0.00883643406632473,0.00253183655695466,1.18456171665305
1998,1,18,0.0287703443318605,5.6843418860808e-14,0.0227841952109884,0,1.07521755819277
1998,1,19,0.487796396017075,0,0.241911359382357,5.6843418860808e-14,0.989792434395674
1998,1,20,0.339544385671616,0,0.427532004709065,-5.6843418860808e-14,0.912340322152974
1998,1,21,0.667778074741364,0,0.490975313256058,0,0.847417228067182
1998,1,22,4.37544059753418,0,2.5212934793708,0,0.818942186801484
1998,1,23,0.444862365722656,0.000803833478983052,2.42959216325835,0,0.816664183500228
1998,1,24,0.0510381795465946,0.000838683180063526,0.253532252248988,0,0.797301155439553
1998,1,25,2.24963736534119,0,1.05022123918388,0.00664688661885293,0.759714100968831
1998,1,26,16.5487327575684,-1.70530256582424e-13,9.39262184197651,-1.70530256582424e-13,0.935120355165533
1998,1,27,3.50838828086853,2.27373675443232e-13,10.0291415704232,-2.27373675443232e-13,2.66526386246936
1998,1,28,1.14148557186127,0,2.32527342428148,0,2.33495338378726
1998,1,29,0.0771977677941322,0,0.62045677734568,0,1.87935272353609
1998,1,30,7.94777879491448e-05,0,0.0397850605331769,0,1.58321229437283
1998,1,31,0.100773103535175,0,0.0370487998625322,0,1.40097203027236
1998,2,1,0.207866027951241,0,0.142924926163687,0,1.24151179918445
1998,2,2,0.0148820318281651,0,0.123743111096701,0,1.16178168364049
1998,2,3,6.60365258227103e-05,0,0.00810734983315342,0,1.06268854003586
1998,2,4,0.000193124054931104,0,7.81730523158331e-05,0,0.977263416238766
1998,2,5,0.000706445018295199,0,0.000440784042439191,5.6843418860808e-14,0.905506312249207
1998,2,6,0.0028162959497422,0,0.0015488635544898,0.000423890980243868,0.845139224765926
1998,2,7,0.0004096582706552,0,0.00137863880809164,0,0.791606147186413
1998,2,8,0.000170421408256516,0,0.000285567446553614,0,0.748324084462552
1998,2,9,0.327566355466843,0,0.163297757619148,0,0.709598028341202
1998,2,10,8.72441101074219,0,4.2065709102535,5.6843418860808e-14,0.714154034943714
1998,2,11,52.5350570678711,-5.6843418860808e-13,30.6128440151588,-1.76214598468505e-12,14.351420797912
1998,2,12,2.12501645088196,-4.54747350886464e-13,27.3605581722877,5.6843418860808e-14,9.67012401383115
1998,2,13,0.000846546841785312,0,1.07648382638945,0,4.56739661901801
1998,2,14,1.35131176648429e-06,0,0.000531949932337739,0,3.14364455573309
1998,2,15,1.12313258647919,0,0.50745420493331,0,2.4260735158375
1998,2,16,11.4181470870972,0,5.00184522390191,0,2.34634340029354
1998,2,17,9.57416534423828,0,10.4971183234848,0,3.59924521598427
1998,2,18,3.47272419929504,0,6.5284804639814,0,5.18245751035709
1998,2,19,0.112467780709267,0,1.80641014573121,0,3.77009546357846
1998,2,20,0.343842029571533,0,0.21854953861839,0,2.88167417608867
1998,2,21,5.78892431803979e-05,0,0.238241287388519,5.6843418860808e-14,2.32356336728098
1998,2,22,0.0946149006485939,0,0.0447002809232799,-5.6843418860808e-14,1.9818628720926
1998,2,23,0.030824126675725,0,0.0661570664015017,0,1.75406254196702
1998,2,24,0.0277014207094908,0,0.0293118027657329,-5.6843418860808e-14,1.56043226136027
1998,2,25,2.21578121185303,0,1.02839184586992,1.13686837721616e-13,1.40097203027236
1998,2,26,16.5566864013672,0,8.36098961978496,-5.6843418860808e-14,1.53765222834771
1998,2,27,7.47224855422974,0,12.0149439743036,0,3.0297443906703
1998,2,28,1.57740461826324,-5.6843418860808e-14,4.55183918497278,-5.6843418860808e-14,2.88167417608867
1998,3,1,0.00528329331427813,5.6843418860808e-14,0.941870184098661,1.13686837721616e-13,2.27800330125587
1998,3,2,0.00510015478357673,0,0.00519948325381847,-5.6843418860808e-14,1.93630280606749
1998,3,3,0.036285150796175,0,0.0183215530669258,0.00223334994745983,1.69711245943562
1998,3,4,0.877188920974731,0,0.498876502144412,0,1.53765222834771
1998,3,5,5.35304737091065,0,3.03794870756246,0,1.50348217882887
1998,3,6,9.89642143249512,0,7.62406066217591,0,2.23244323523075
1998,3,7,6.12266397476196,0,8.0390796131469,0,2.32356336728098
1998,3,8,24.1617755889893,5.6843418860808e-14,14.9789675532011,5.6843418860808e-14,7.52880091065064
1998,3,9,2.83150768280029,0.192286624328801,13.3068665533865,-5.11590769747272e-13,6.79983985424876
1998,3,10,0.000209869249374606,0.195969433932646,1.24595748276988,-5.6843418860808e-14,4.27125618985475
1998,3,11,0.0273145325481892,0.0125887500240083,0.00104102967088693,0,3.21198465477077
1998,3,12,0.056595042347908,0.0424462871592937,0.000941697133384878,0,2.59692376343169
1998,3,13,0.000710825086571276,0.0284485312198512,0.000353515883034561,0.487938930550627,2.23244323523075
1998,3,14,0.991247177124023,5.6843418860808e-14,0.487272232694522,0.0109469089060212,2.00464290510516
1998,3,15,7.42648410797119,-5.6843418860808e-14,3.93508896789353,0,1.81101262449841
1998,3,16,15.4104299545288,-2.27373675443232e-13,11.3750696883108,-2.8421709430404e-13,2.25522326824331
1998,3,17,19.958948135376,1.13686837721616e-13,17.5509845034212,-7.95807864051312e-13,7.84772137282646
1998,3,18,5.95930004119873,-1.13686837721616e-13,12.9952171117802,-1.13686837721616e-13,8.49695231368438
1998,3,19,16.7227020263672,0,11.321513142404,-5.6843418860808e-14,9.94348440998185
1998,3,20,13.5640525817871,1.70530256582424e-13,15.1441981593744,1.13686837721616e-13,15.6043226136027
1998,3,21,0.0261294152587652,-5.6843418860808e-14,7.39707850148989,0,7.07320025039946
1998,3,22,2.17888855934143,0,1.10040753113572,0,4.62434670154941
1998,3,23,0.00469367625191808,5.6843418860808e-14,1.10209501541249,0,3.50812508393403
1998,3,24,0.572407305240631,-5.6843418860808e-14,0.314758222244564,0,2.84750412656983
1998,3,25,0.0203583464026451,0,0.296729638088436,0,2.39190346631866
1998,3,26,0.053113330155611,0,0.0363994012805051,0,2.08437302064912
1998,3,27,4.354248046875,0,2.15177370410674,0,1.94769282257377
1998,3,28,10.4771709442139,0,7.3476732903182,-5.6843418860808e-14,2.65387384596308
1998,3,29,0.585197806358337,0,5.76028461549504,5.6843418860808e-14,2.43746353234378
1998,3,30,4.41854333877564,0,2.43985589651129,0,2.11854307016796
1998,3,31,26.3651866912842,0,14.3579133645471,0,9.22591337008626
1998,4,1,0.435878664255142,-5.6843418860808e-14,13.4013580360443,-5.6843418860808e-14,7.75660124077622
1998,4,2,0.0591714940965176,0,0.250561114673474,0,4.53322656949917
1998,4,3,3.265629529953,0,1.62058131131562,0,3.57646518297171
1998,4,4,1.88284528255463,0,2.62805850164659,0,3.15503457223937
1998,4,5,0.152955636382103,0,1.11103915951026,0,2.60831377993797
1998,4,6,1.66991555690765,-5.6843418860808e-14,0.817014965126873,-5.6843418860808e-14,2.24383325173703
1998,4,7,5.76393556594849,5.6843418860808e-14,3.70576237559726,5.6843418860808e-14,2.11854307016796
1998,4,8,0.022338991984725,0,3.65964233719569,0,2.0957630371554
1998,4,9,0.00203883368521929,0,0.0123045543950866,0,1.84518267401725
1998,4,10,0.000772961357142776,0,0.00135105436856975,0,1.6515523934105
1998,4,11,3.27602538163774e-05,0,0.000478807887702715,0,1.49209216232259
1998,4,12,0.00863638240844011,0,0.00472830075159436,0,1.3781919972598
1998,4,13,0.0634993836283684,5.6843418860808e-14,0.0308626265032217,0,1.30985189822212
1998,4,14,0.0111387614160776,-5.6843418860808e-14,0.0346862823498668,0,1.23012178267817
1998,4,15,0.65217399597168,0,0.318276299301942,0,1.19595173315933
1998,4,16,16.6483917236328,0,7.2560796859907,0,2.32356336728098
1998,4,17,2.10736155509949,0,9.37835101661403,0,2.19827318571191
1998,4,18,0.00306333624757826,0,0.938234361117793,5.6843418860808e-14,1.74267252546074
1998,4,19,0.0105912396684289,0,0.00678459221308003,-5.6843418860808e-14,1.51487219533515
1998,4,20,0.129433825612068,0,0.0673410924537166,0,1.36680198075352
1998,4,21,0.613723993301392,0,0.342989541240968,0,1.26429183219701
1998,4,22,0.128796696662903,0,0.313637341903814,0,1.17317170014677
1998,4,23,0.00817080400884152,0,0.0732407750983839,0,1.09230258295219
1998,4,24,1.28440178741585e-05,0,0.00529452281989506,0,1.01598947236012
1998,4,25,0.054572343826294,0,0.0261986985678959,5.6843418860808e-14,0.954483383226208
1998,4,26,5.67149257659912,0,1.98246072198526,-5.6843418860808e-14,0.898672302345439
1998,4,27,35.7418823242188,0,20.7035908426224,0,2.59692376343169
1998,4,28,1.86390054225922,0,18.8071064834803,-5.6843418860808e-14,3.61063523249055
1998,4,29,0.625042378902435,-5.6843418860808e-14,1.26983034644582,0,2.30078333426842
1998,4,30,0.0337851382791996,0,0.342633585638396,0,1.7654525584733
1998,5,1,0.259984880685806,0,0.13526614086004,0,1.50348217882887
1998,5,2,0.290851771831512,0,0.273323551169597,0,1.3212419147284
1998,5,3,2.13079214096069,0,1.4439113788103,0,1.18456171665305
1998,5,4,0.000993701280094683,0,1.25432494486086,0,1.10369259945847
1998,5,5,2.69522714614868,0,1.01296540956901,0,0.987514431094418
1998,5,6,10.4604845046997,-5.6843418860808e-14,6.42221083210097,-5.6843418860808e-14,0.911201320502346
1998,5,7,7.98314523696899,5.6843418860808e-14,9.24184990071444,5.6843418860808e-14,0.94764937332244
1998,5,8,0.19394226372242,-5.6843418860808e-14,4.9201673589705,-5.6843418860808e-14,0.912340322152974
1998,5,9,4.44727373123169,5.6843418860808e-14,2.28008567229335,5.6843418860808e-14,0.879309274284764
1998,5,10,9.94898796081543,0,7.16706790072203,0,1.60599232738539
1998,5,11,1.06383831735002e-05,0,5.26695149086299,0,1.41236204677864
1998,5,12,0.212932229042053,0,0.0969472804681573,0,1.07977356479528
1998,5,13,0.00123076618183404,0,0.110181310825283,0,0.900950305646695
1998,5,14,0.0264381673187017,0,0.0133142037775542,0,0.777938127378878
1998,5,15,0.038756474852562,0,0.0314923775149509,0,0.692513003581783
1998,5,16,0.000222130125621334,0,0.0148280595603865,0,0.619616897941595
1998,5,17,0.000132199740619399,0,0.00017477394794696,0,0.558110808807687
1998,5,18,0.00342395040206611,0,0.00156611581405741,0,0.504577731228174
1998,5,19,0.00204774341545999,0,0.00261053420763346,0,0.464712673456197
1998,5,20,0.00681581813842058,0,0.00419497415350634,-5.6843418860808e-14,0.427125618985475
1998,5,21,0.0121948327869177,0,0.00999011227031588,5.6843418860808e-14,0.395233572767893
1998,5,22,0.100334547460079,0,0.0513004008571443,-5.6843418860808e-14,0.366758531502194
1998,5,23,0.22411972284317,0,0.17219677355024,5.6843418860808e-14,0.340561493537752
1998,5,24,1.27114188671112,0,0.686590056495334,-5.6843418860808e-14,0.317781460525193
1998,5,25,7.71651840209961,0,4.20646528601355,0,0.295001427512635
1998,5,26,18.6607074737549,0,12.9239619785731,5.6843418860808e-14,0.301835437416402
1998,5,27,13.2319059371948,0,16.0106742178687,0,0.304113440717658
1998,5,28,6.78965091705322,0,10.0841189715356,0,0.305252442368286
1998,5,29,0.341244429349899,0,3.68303331833158,0,0.312086452272054
1998,5,30,0.186893835663795,0,0.267467417845182,-5.6843418860808e-14,0.313225453922682
1998,5,31,0.00528945913538337,0,0.092277513078443,1.13686837721616e-13,0.309808448970798
1998,6,1,0.00202750042080879,5.6843418860808e-14,0.0039667970413575,0,0.295001427512635
1998,6,2,0.101916544139385,-5.6843418860808e-14,0.0382016884177574,-5.6843418860808e-14,0.274499397801332
1998,6,3,0.0203478969633579,0,0.0557129413391522,0,0.251719364788773
1998,6,4,5.07155323028565,0,2.37150742635276,5.6843418860808e-14,0.234634340029354
1998,6,5,17.377555847168,0,10.6770651777551,-5.6843418860808e-14,0.248302359836889
1998,6,6,0.621438384056091,0,9.08650410096016,0,0.244885354885006
1998,6,7,0.098422110080719,0,0.394729912084586,0,0.234634340029354
1998,6,8,0.988177895545959,0,0.520338184625871,0,0.241468349933122
1998,6,9,14.2617015838623,0,7.49026184556715,0,0.261970379644425
1998,6,10,0.545507252216339,0,7.47605110846416,0,0.260831377993797
1998,6,11,1.94701957702637,0,1.31801112108224,0,0.241468349933122
1998,6,12,1.82351183891296,0,1.88858233914652,0,0.223244323523075
1998,6,13,0.0230068024247885,0,0.830737377513287,0,0.205020297113028
1998,6,14,0.0931968316435814,0,0.0549953355985053,0,0.189074274004237
1998,6,15,0.00860557612031698,0,0.0560955931505305,0,0.174267252546074
1998,6,16,0.0567941963672638,0,0.0279477052317816,-5.6843418860808e-14,0.160599232738539
1998,6,17,0.260586231946945,0,0.174782189817051,5.6843418860808e-14,0.148070214581631
1998,6,18,0.144521251320839,-5.6843418860808e-14,0.206181682286115,0,0.138958201376608
1998,6,19,2.24812865257263,5.6843418860808e-14,1.01207635596074,0,0.130985189822212
1998,6,20,0.437312245368958,-5.6843418860808e-14,1.58255172954887,0,0.123012178267817
1998,6,21,2.54728722572327,5.6843418860808e-14,1.3143249039349,0,0.118456171665305
1998,6,22,2.24888873100281,5.6843418860808e-14,2.41125493080835,0,0.112761163412165
1998,6,23,0.00128594436682761,-5.6843418860808e-14,1.36625463145174,0,0.107066155159026
1998,6,24,5.02801085531246e-05,0,0.000566421815165086,0,0.103649150207142
1998,6,25,0.00046671144082211,0,0.000243108417635085,0,0.100232145255258
1998,6,26,0.000197346394998021,0,0.000303427706967341,0,0.0956761386527464
1998,6,27,0.0263729877769947,0,0.0118245737721736,0,0.0899811303996067
1998,6,28,0.00455571664497256,0,0.0140667614141421,0,0.0831471204958391
1998,6,29,0.0012042784364894,0,0.00326397175740567,0,0.0763131105920715
1998,6,30,3.07061910629272,0,1.45732467588823,0,0.0717571039895598
1998,7,1,2.00831842422485,0,2.38589563084679,0,0.0694791006883039
1998,7,2,3.44340062141418,0,2.67676358551034,0,0.0660620957364201
1998,7,3,4.76076126098633,0,4.21681711916972,0,0.0637840924351642
1998,7,4,2.40300822257996,0,3.73800222596765,0,0.0603670874832804
1998,7,5,0.53075248003006,0,1.47640980301367,0,0.0569500825313966
1998,7,6,0.361207216978073,0,0.455183298337943,5.6843418860808e-14,0.0569500825313966
1998,7,7,0.00259718624874949,0,0.172699807597382,-5.6843418860808e-14,0.0592280858326525
1998,7,8,2.6376850605011,0,1.28636964856923,0,0.0580890841820246
1998,7,9,1.38478255271912,0,2.1438114966877,0,0.0580890841820246
1998,7,10,1.79073441028595,5.6843418860808e-14,1.56922746455894,0,0.0569500825313966
1998,7,11,6.20224189758301,-5.6843418860808e-14,3.72499218002486,0,0.0546720792301408
1998,7,12,20.3431720733643,0,11.7071183332228,0,0.0569500825313966
1998,7,13,2.72841286659241,0,11.8995143497814,0,0.051255074278257
1998,7,14,0.737895965576172,0,1.88792072612705,0,0.0523940759288849
1998,7,15,0.593225419521332,0,0.681821295322152,0,0.0546720792301408
1998,7,16,0.659758687019348,0,0.644506527332851,0,0.0546720792301408
1998,7,17,0.00233448320068419,0,0.308727279072627,0,0.0546720792301408
1998,7,18,0.0130395842716098,0,0.00688096953308559,0,0.0523940759288849
1998,7,19,0.2145174741745,0,0.106571185860957,0,0.0455600660251173
1998,7,20,0.197385773062706,0,0.212085386177932,0,0.0421430610732335
1998,7,21,0.319470524787903,0,0.253415670791583,0,0.0398650577719777
1998,7,22,0.462301045656204,0,0.388898528864956,0,0.0410040594226056
1998,7,23,1.22895407676697,0,0.820981604141707,0,0.0410040594226056
1998,7,24,1.48074340820313,0,1.36638767627301,0,0.0353090511694659
1998,7,25,3.75652575492859,0,2.54077667698948,0,0.0318920462175821
1998,7,26,4.3391604423523,0,4.08823117835709,0,0.0296140429163263
1998,7,27,0.0383851379156113,0,2.36478179627011,0,0.0307530445669542
1998,7,28,4.17269229888916,0,1.83430299238898,0,0.0364480528200938
1998,7,29,1.59093976020813,0,3.09070994872673,0,0.0353090511694659
1998,7,30,0.170649722218514,0,0.863245840944728,0,0.0353090511694659
1998,7,31,0.325114905834198,0,0.205627911524061,0,0.034170049518838
1998,8,1,0.209255561232567,0,0.26057113834031,0,0.0330310478682101
1998,8,2,0.189732417464256,0,-0.242813517685136,0,0.0307530445669542
1998,8,3,5.15163516998291,0,2.51537290649503,0,0.034170049518838
1998,8,4,10.7814683914185,0,6.89090630646024,0,0.0444210643744894
1998,8,5,12.6666631698608,0,11.6170573469426,0,0.0398650577719777
1998,8,6,2.8522207736969,0,8.4058917039838,0,0.0375870544707218
1998,8,7,4.66357421875,0,3.38088677923952,0,0.0398650577719777
1998,8,8,3.23095393180847,0,4.0501241034508,0,0.0398650577719777
1998,8,9,8.27940082550049,0,5.47496149425206,0,0.0398650577719777
1998,8,10,9.1146993637085,0,8.77013056513897,0,0.050116072627629
1998,8,11,4.05226707458496,0,6.65853966490249,0,0.107066155159026
1998,8,12,5.91433477401733,0,4.97843416462638,5.6843418860808e-14,0.154904224485399
1998,8,13,1.69819688796997,0,3.89948065741191,-5.6843418860808e-14,0.133263193123468
1998,8,14,3.04131031036377,0,2.31070588384682,0,0.126429183219701
1998,8,15,0.128782778978348,0,1.71614341577515,0,0.117317170014677
1998,8,16,0.00193796318490058,0,0.056175866182457,0,0.10478815185777
1998,8,17,0.00126266479492188,0,0.0015197577267827,0,0.0899811303996067
1998,8,18,0.0528406128287315,0,0.0303312661635573,0,0.0797301155439553
1998,8,19,0.0162349492311478,0,0.035044857984758,5.6843418860808e-14,0.0717571039895598
1998,8,20,0.487729579210281,0,0.322413937130477,-5.6843418860808e-14,0.0637840924351642
1998,8,21,7.52579171603429e-06,0,0.268419529707899,0,0.0546720792301408
1998,8,22,0.0274634473025799,0,0.0182343108426721,0,0.0466990676757452
1998,8,23,0.0061193099245429,-5.6843418860808e-14,0.0172441506038012,-5.6843418860808e-14,0.0398650577719777
1998,8,24,1.16827019169818e-08,5.6843418860808e-14,0.00396493767038919,5.6843418860808e-14,0.0364480528200938
1998,8,25,0.00262986007146537,0,0.00122398142411839,0,0.034170049518838
1998,8,26,0.370640724897385,0,0.246577580004669,0,0.0318920462175821
1998,8,27,1.13360238075256,5.6843418860808e-14,0.705963171956682,5.6843418860808e-14,0.0296140429163263
1998,8,28,0.0140919154509902,0,0.41238472454279,-5.6843418860808e-14,0.0296140429163263
1998,8,29,0.341840714216232,-5.6843418860808e-14,0.208377715698589,0,0.0296140429163263
1998,8,30,2.87931070488412e-05,-5.6843418860808e-14,0.171830532184686,0,0.0273360396150704
1998,8,31,1.43981187648023e-05,5.6843418860808e-14,1.98330271814484e-05,0,0.0261970379644425
1998,9,1,0.000475572713185102,0,0.000204795291210758,0,0.0250580363138145
1998,9,2,0.0019438152667135,0,0.00115127921526437,0,0.0250580363138145
1998,9,3,3.92422480217647e-05,0,0.000838674866827205,0,0.0239190346631866
1998,9,4,0.00451584858819842,0,0.00309893946541706,0,0.0239190346631866
1998,9,5,0.0117109687998891,0,0.00680673656825093,0,0.0227800330125587
1998,9,6,3.21805819112342e-05,0,0.00799420919793192,0,0.0227800330125587
1998,9,7,0.000221801659790799,0,0.00016958471678663,0,0.0216410313619307
1998,9,8,0.463691651821137,0,0.184759620649857,0,0.0216410313619307
1998,9,9,0.000993273337371647,0,0.260841214818356,0,0.0205020297113028
1998,9,10,0.000108838772575837,0,0.000694857924827375,0,0.0205020297113028
1998,9,11,0.000632899347692728,0,-0.00313955408637412,0,0.0205020297113028
1998,9,12,0.444914877414703,0,0.17535605795274,0,0.0205020297113028
1998,9,13,15.2334880828857,0,7.64933884687707,0,0.0216410313619307
1998,9,14,29.6524467468262,0,22.6026380972362,0,0.0227800330125587
1998,9,15,35.0541114807129,0,32.3518523974817,0,0.0307530445669542
1998,9,16,9.32379341125488,0,22.1896695544747,0,0.0296140429163263
1998,9,17,0.780295789241791,5.6843418860808e-14,5.10208771653561,0,0.0330310478682101
1998,9,18,0.0210625547915697,-5.6843418860808e-14,0.403173393609904,-5.6843418860808e-14,0.175406254196702
1998,9,19,0.0246618892997503,-5.6843418860808e-14,0.0231919712714443,5.6843418860808e-14,0.271082392849448
1998,9,20,0.582573890686035,5.6843418860808e-14,0.296119351569359,0,0.219827318571191
1998,9,21,5.10439252853394,0,2.63336127908769,0,0.202742293811772
1998,9,22,19.3441047668457,0,12.181630756837,0,0.191352277305493
1998,9,23,0.1071872189641,0,9.77841910161078,0,0.173128250895446
1998,9,24,0.0332674905657768,0,0.0664772327036189,0,0.168572244292934
1998,9,25,0.963451325893402,0,0.455012069756776,0,0.17654525584733
1998,9,26,0.0049343928694725,-5.6843418860808e-14,0.434104617183039,0,0.228939331776215
1998,9,27,0.00368703249841929,5.6843418860808e-14,0.00432499882663251,0,0.205020297113028
1998,9,28,0.000152474240167066,0,0.00144760931289056,0,0.179962260799213
1998,9,29,0.04600889980793,0,0.0231825220944302,0,0.168572244292934
1998,9,30,0.0147953797131777,0,0.0256125333544333,0,0.157182227786655
1998,10,1,0.36166450381279,0,0.164305564394454,0,0.146931212931003
1998,10,2,1.01974606513977,0,0.779479374643415,0,0.13781919972598
1998,10,3,3.95429062843323,0,2.31715229891779,0,0.135541196424724
1998,10,4,0.0732691958546639,0,2.14920710901788,0,0.127568184870328
1998,10,5,12.6026611328125,0,5.53299813238118,0,0.135541196424724
1998,10,6,83.2427673339844,-1.13686837721616e-13,47.600703384669,6.25277607468888e-13,0.223244323523075
1998,10,7,2.14498281478882,-5.6843418860808e-13,43.2530975614573,-8.5265128291212e-13,1.66294240991678
1998,10,8,0.000240401612245478,0,1.08867214724523,0,1.10027559450658
1998,10,9,0.0100923934951425,0,0.00472936720325379,0,0.678844983774248
1998,10,10,0.0031163424719125,0,0.0070967739848129,0,0.488631708119383
1998,10,11,0.000996194314211607,0,0.00190654894686304,0,0.38042655130973
1998,10,12,6.03451844654046e-05,5.6843418860808e-14,0.000605054163315799,0,0.30866944732017
1998,10,13,0.000105918523331638,-5.6843418860808e-14,7.75904154579621e-05,0,0.251719364788773
1998,10,14,0.000123859179439023,0,0.000114847032818943,0,0.20957630371554
1998,10,15,6.41477072349517e-06,0,7.54842039896175e-05,0,0.177684257497958
1998,10,16,5.82756757736206,0,2.82470593172184,0,0.158321229437283
1998,10,17,22.0659332275391,0,12.2969745748051,0,0.293862425862007
1998,10,18,15.6762065887451,0,18.8711326447919,0,1.18456171665305
1998,10,19,0.0336852073669434,0,8.63946316800138,0,1.62877236039794
1998,10,20,0.0512074045836926,0,0.0415304514863237,0,1.02624048721577
1998,10,21,0.240904495120049,0,0.11794052076948,0,0.714154034943714
1998,10,22,0.00149639917071909,0,0.131741551624145,0,0.544442789000152
1998,10,23,5.88556322327349e-05,0,0.000979451055172831,0,0.436237632190498
1998,10,24,0.000923751620575786,0,0.000440412852185546,0,0.365619529851566
1998,10,25,0.00354385492391884,0,0.00216154800000368,0,0.313225453922682
1998,10,26,2.0393192244228e-05,0,0.00200664202930057,0,0.26994339119882
1998,10,27,6.24789463472553e-05,-5.6843418860808e-14,3.77630094590131e-05,0,0.233495338378726
1998,10,28,0.0034685474820435,5.6843418860808e-14,0.00158974539590417,0,0.206159298763656
1998,10,29,0.0854670330882072,0,0.0412784349900903,0,0.185657269052353
1998,10,30,0.391757607460022,0,0.191413524305972,0,0.167433242642306
1998,10,31,0.285076767206192,0,0.341977140156814,0,0.150348217882887
1998,11,1,3.82225394248962,0,2.27153782075038,0,0.13781919972598
1998,11,2,15.0794296264648,0,9.22909068308218,0,0.136680198075352
1998,11,3,0.744463324546814,0,7.91448649116501,5.6843418860808e-14,0.148070214581631
1998,11,4,1.11008405685425,0,0.949209110611264,-5.6843418860808e-14,0.238051344981238
1998,11,5,0.258806973695755,0,0.684674322415958,0,0.276777401102588
1998,11,6,0.171060964465141,0,0.216362487135484,0,0.246024356535634
1998,11,7,3.77178454399109,0,1.79009018652141,0,0.223244323523075
1998,11,8,6.9946985244751,0,5.38055148645435,0,0.211854307016796
1998,11,9,2.68590664863586,0,4.84396072944219,0,0.206159298763656
1998,11,10,13.1043300628662,0,7.8643455058409,0,0.249441361487517
1998,11,11,0.553292632102966,-5.6843418860808e-14,6.82893673204308,0,0.826915198355879
1998,11,12,0.0108923725783825,5.6843418860808e-14,0.310542579449248,0,1.02396248391451
1998,11,13,0.201946526765823,0,0.0999069273675559,0,0.820081188452112
1998,11,14,0.342927843332291,-5.6843418860808e-14,0.272344350185449,-5.6843418860808e-14,0.701625016786807
1998,11,15,0.573783755302429,5.6843418860808e-14,0.468233387364307,5.6843418860808e-14,0.618477896290967
1998,11,16,0.00485487934201956,0,0.346106003456953,0,0.556971807157059
1998,11,17,1.18222165107727,5.6843418860808e-14,0.521516766650166,0,0.504577731228174
1998,11,18,0.0923197194933891,-5.6843418860808e-14,0.746601089744218,0,0.463573671805569
1998,11,19,4.85156393051148,0,2.19375858532294,0,0.432820627238614
1998,11,20,7.83742380142212,0,6.34260290867678,0,0.427125618985475
1998,11,21,2.53021574020386,5.6843418860808e-14,5.18924130794767,0,0.43509863053987
1998,11,22,0.0340741910040379,-5.6843418860808e-14,1.16113479819614,0,0.591141856675897
1998,11,23,0.00217899424023926,0,0.0195824360162078,0,0.569500825313967
1998,11,24,0.00398138212040067,0,0.00278473406433477,0,0.525079760939477
1998,11,25,0.0360512584447861,0,0.020139172906056,0,0.494326716372523
1998,11,26,0.0035381184425205,0,0.0205176261260931,0,0.460156666853685
1998,11,27,0.0021350490860641,0,0.00306474849639926,0,0.431681625587987
1998,11,28,0.0736343562602997,0,0.0343820870220952,0,0.4077625909248
1998,11,29,1.97416937351227,0,0.944880953222309,0,0.382704554610985
1998,11,30,15.126350402832,-5.6843418860808e-14,8.34243722638712,0,0.377009546357846
1998,12,1,0.162542849779129,1.13686837721616e-13,7.75625210731232,0,0.375870544707218
1998,12,2,0.00246212165802717,-5.6843418860808e-14,0.108430761203635,0,0.543303787349524
1998,12,3,0.722430288791657,0,0.289474137156503,0,0.571778828615222
1998,12,4,7.14507961273193,0,3.56126130028133,0,0.566083820362083
1998,12,5,13.3137559890747,0,10.2177115032791,0,1.50348217882887
1998,12,6,1.53107488155365,0,7.63862026838615,0,1.58321229437283
1998,12,7,2.99008584022522,0,2.18162639564252,0,1.28707186520956
1998,12,8,0.439168304204941,0,1.83517765400029,0,1.19595173315933
1998,12,9,0.0161590743809938,0,0.20446945949152,0,1.03535250042079
1998,12,10,0.145687088370323,0,0.0883465939114103,0,0.902089307297323
1998,12,11,1.08331072330475,5.6843418860808e-14,0.580540268732875,5.6843418860808e-14,0.805274166993949
1998,12,12,14.1784038543701,-5.6843418860808e-14,6.16867036792246,-1.13686837721616e-13,1.03307449711954
1998,12,13,18.0407905578613,2.27373675443232e-13,16.0826259781534,5.6843418860808e-14,6.10504884736572
1998,12,14,6.59624056424946e-05,0,9.33743856615547,1.70530256582424e-13,4.05484587623544
1998,12,15,0.000685309525579214,0,0.000423710698669311,0,2.35773341679982
1998,12,16,0.00399563368409872,0,0.0018942266178783,0,1.74267252546074
1998,12,17,1.47006976476405e-05,0,0.00240286284679314,0,1.42375206328492
1998,12,18,1.4771808385849,0,0.69347389921677,0,1.20734174966561
1998,12,19,4.27368450164795,-5.6843418860808e-14,2.74818642364335,0,1.08205156809654
1998,12,20,0.637592077255249,5.6843418860808e-14,2.86509061638571,0,0.985236427793162
1998,12,21,4.69851779937744,0,2.52736070459287,0,0.902089307297323
1998,12,22,3.57843375205994,1.78506950242297,2.35470444098246,0,1.03649150207142
1998,12,23,0.282080411911011,1.95489469215198,-3.63797880709171e-12,0,1.20734174966561
1998,12,24,0.16605769097805,0.234892645841683,0,0,1.09571958790407
1998,12,25,0.000147306898725219,0.100789553158393,7.24099299986847e-06,0,0.981819422841278
1998,12,26,0.000356147240381688,6.32999410754565e-05,0.000211237704206724,0,0.892977294092299
1998,12,27,0.0684279650449753,1.11317407345268e-05,0.0327125077601522,0.738155562335749,0.830332203307763
1998,12,28,0.000276369712082669,0,0.0324570118027623,1.62259103705338,0.777938127378878
1998,12,29,0.0119714504107833,0,0.00603758151555667,1.87607594021,0.727822054751249
1998,12,30,0,0,0.00653289395631873,0,0.675427978822364
1998,12,31,0.0496357567608357,0.00514866513839252,0.0175052663398674,0,0.625311906194735
1999,1,1,12.1374340057373,0.270007015724616,3.99401001833758,0,0.60594887813406
1999,1,2,31.5232772827148,10.9583334207522,10.8469484623747,0,4.03206584322288
1999,1,3,2.8868989944458,12.2792996023932,5.28158115432234,-5.6843418860808e-14,5.0685573452943
1999,1,4,0.131787151098251,1.59421237172893,0,0,2.74499397801332
1999,1,5,0.0016561959637329,0.0510055743330895,0,0,1.9818628720926
1999,1,6,0.00790145713835955,0.000892888433554617,0.00364162324694917,0.219985538410242,1.64016237690422
1999,1,7,0.411022752523422,0,0.184545291598624,0.54491941045103,1.51487219533515
1999,1,8,0.571051120758057,0.0910508620884798,0.386331926565617,0.36968681050007,1.44653209629747
1999,1,9,0.183293104171753,0.203394816967432,0.194758062152687,0,1.29846188171584
1999,1,10,0.936230182647705,0.29682232591307,0.156529538628092,0,1.15039166713421
1999,1,11,0.000724423909559846,0.256208197746332,0.224059128202498,0.890998649811991,1.03079649381828
1999,1,12,0.0843400210142136,-5.6843418860808e-14,0.0422759683096956,4.98320267487924,0.962456394780603
1999,1,13,0.445524781942368,5.6843418860808e-14,0.263945164901088,7.06381628300903,0.921452335357998
1999,1,14,0.101642981171608,0,0.280214256090403,3.08356608331911,0.869058259429113
1999,1,15,0.189939871430397,0,0.14318976434879,0.664842460845023,0.801857162042065
1999,1,16,0.00325295119546354,5.6843418860808e-14,0.103674637204676,3.56578885225446,0.746046081161296
1999,1,17,1.6632285118103,-5.6843418860808e-14,0.800977894050448,4.62645754682126,0.71643203824497
1999,1,18,2.45913290977478,0,2.03230125885966,-5.6843418860808e-14,0.725544051449993
1999,1,19,0.0142892263829708,0,1.35293693845961,5.6843418860808e-14,0.810969175247088
1999,1,20,0.000623071391601116,0,0.0077299334188865,5.6843418860808e-14,0.767687112523227
1999,1,21,2.8623034954071,0,1.4270500543571,-5.6843418860808e-14,0.728961056401877
1999,1,22,15.0118370056152,0,8.91427755149562,0,0.840583218163414
1999,1,23,3.18374633789063,0,9.10328899918022,0,1.29846188171584
1999,1,24,0.283804714679718,0,1.73380205158537,0,1.46931212931003
1999,1,25,0.000680566008668393,0,0.151807910126081,5.6843418860808e-14,1.3212419147284
1999,1,26,0.000640440033748746,0,0.000552169232832966,-5.6843418860808e-14,1.19595173315933
1999,1,27,0.0590159632265568,0,0.0259982517636672,0,1.11052660936223
1999,1,28,1.97353315353394,0,0.922376745540532,0,1.04446451362581
1999,1,29,5.49739742279053,0,3.72357714151076,0,0.98068042119065
1999,1,30,9.21598625183105,-5.6843418860808e-14,7.35662056966976,-5.6843418860808e-14,0.938537360117417
1999,1,31,11.1642408370972,0,10.1760363897556,0,1.69711245943562
1999,2,1,0.323949605226517,-5.6843418860808e-14,5.74470325595394,-5.6843418860808e-14,2.33495338378726
1999,2,2,0.000248248543357477,0,0.105338612705964,-5.6843418860808e-14,1.91352277305493
1999,2,3,0.000140291303978302,0,0.000202550090762088,5.6843418860808e-14,1.6515523934105
1999,2,4,0.0084555996581912,0,0.00418404746960732,0,1.45792211280375
1999,2,5,0.0327879786491394,0,0.0183436602710572,0,1.27568184870328
1999,2,6,7.85101652145386,0,3.91153354936978,0,1.16178168364049
1999,2,7,28.2819385528564,0,17.9600257384845,0,5.95697863278409
1999,2,8,1.28798687458038,-1.70530256582424e-13,14.7853413407393,-1.13686837721616e-13,5.58110808807687
1999,2,9,0.0956061258912086,5.6843418860808e-14,0.743214333917422,0,3.28032475380845
1999,2,10,0.0914901942014694,0,0.093617187361815,0,2.43746353234378
1999,2,11,2.32432842254639,0,1.17881122360632,0,2.02742293811772
1999,2,12,6.24021530151367,0,4.2724327637734,-5.6843418860808e-14,1.9818628720926
1999,2,13,0.000687207037117332,0,3.12420873807423,5.6843418860808e-14,1.78823259148585
1999,2,14,0.000276350590866059,0,0.000458154125226429,-5.6843418860808e-14,1.56043226136027
1999,2,15,0.000752731401007623,0,0.000112302321213065,5.6843418860808e-14,1.41236204677864
1999,2,16,0.0169224478304386,0,0.00901073472050484,0,1.30985189822212
1999,2,17,0.0642587244510651,0,0.0306101342575857,0,1.19595173315933
1999,2,18,0.87925785779953,0,0.3534387036525,0,1.09230258295219
1999,2,19,0.997161269187927,0,0.937173434380384,0,1.01712847401074
1999,2,20,0.0383842960000038,0,0.428815036313608,0,0.941954365069301
1999,2,21,0.0633317455649376,0,0.0490033319983922,0,0.862224249525345
1999,2,22,0.0311014335602522,0.00144305741849848,0.0458342828533205,0,0.791606147186413
1999,2,23,0.0282472390681505,0.00149051347079876,0.0282251972530503,0,0.735795066305645
1999,2,24,2.5638029910624e-05,0,0.0109159585008456,0,0.694791006883039
1999,2,25,0.0794277265667915,0,0.0351501716504572,0,0.659481955713573
1999,2,26,0.263811051845551,0,0.167300767909182,0,0.627589909495991
1999,2,27,0.353508949279785,0,0.305193625896209,0,0.608226881435316
1999,2,28,0.230734318494797,0,0.296608495220426,0,0.58430784677213
1999,3,1,4.94113082822878e-05,0,0.107966387480701,0,0.558110808807687
1999,3,2,0.224954903125763,0,0.135538597976847,0,0.535330775795128
1999,3,3,0.451457589864731,0,0.358730976320658,0,0.514828746083826
1999,3,4,5.47609888599254e-05,5.6843418860808e-14,0.237185204139678,0,0.494326716372523
1999,3,5,1.14880442619324,-5.6843418860808e-14,0.438934472211258,0,0.476102689962476
1999,3,6,5.27024936676025,0,3.45432868268108,0,0.464712673456197
1999,3,7,2.47420644760132,0,3.87756794609595,0,0.451044653648661
1999,3,8,13.5718936920166,-1.70530256582424e-13,7.99572273056037,-2.27373675443232e-13,0.493187714721895
1999,3,9,15.7300786972046,0,14.6508551972584,5.6843418860808e-14,2.59692376343169
1999,3,10,1.96514856815338,0,8.84908011660446,0,2.43746353234378
1999,3,11,1.03184950351715,0,1.53522701024849,0,1.81101262449841
1999,3,12,3.85509538650513,0,2.44256490704356,0,1.54904224485399
1999,3,13,25.4795780181885,0,14.6481346347282,0,2.96140429163263
1999,3,14,11.7418928146362,-5.6843418860808e-14,19.2141882803262,0,4.37376633841126
1999,3,15,1.53023898601532,5.6843418860808e-14,6.75500565120092,5.6843418860808e-14,4.06623589274172
1999,3,16,0.217624112963676,0,0.875380144305382,-5.6843418860808e-14,4.57878663552429
1999,3,17,9.57966221903916e-06,0,0.110079079011484,-5.6843418860808e-14,4.21430610732335
1999,3,18,0.00217994092963636,0,0.000984300353593426,5.6843418860808e-14,3.29171477031473
1999,3,19,1.50867414474487,0,0.577527772580652,0,2.58553374692541
1999,3,20,7.50025463104248,5.6843418860808e-14,2.63130024721977,0,2.24383325173703
1999,3,21,0.942611277103424,-5.6843418860808e-14,4.23181021929486,0,2.14132310318051
1999,3,22,0.00910849124193192,0,0.538963212577073,0,1.90213275654865
1999,3,23,0.0497076362371445,0,0.0242471747187665,0,1.73128250895446
1999,3,24,0.21872578561306,0,0.105760745995212,0,1.58321229437283
1999,3,25,0.0328247733414173,0,0.115326503677352,0,1.44653209629747
1999,3,26,0.000111820641905069,0,0.0174145379205584,0,1.3212419147284
1999,3,27,0.801822185516357,0,0.510712844148657,0,1.21873176617189
1999,3,28,5.52322149276733,0,3.01758900487403,0,1.21873176617189
1999,3,29,12.8661270141602,0,9.05656001747411,-5.6843418860808e-14,2.23244323523075
1999,3,30,0.103542231023312,0,6.49631509164101,5.6843418860808e-14,2.41468349933122
1999,3,31,0.0191157571971416,0,0.0550731460098177,0,2.07298300414284
1999,4,1,0.104346640408039,0,0.0585595251104678,0,1.86796270702981
1999,4,2,0.955833733081818,0,0.44818202440365,0,1.7085024759419
1999,4,3,14.5509405136108,0,7.74399937613271,0,1.78823259148585
1999,4,4,20.2943305969238,5.6843418860808e-14,17.245307909252,5.6843418860808e-14,9.60178391479347
1999,4,5,12.3140649795532,-5.6843418860808e-14,16.3044014561892,-5.6843418860808e-14,6.41257929303526
1999,4,6,6.75655841827393,0,9.80163420577082,0,7.0504202173869
1999,4,7,0.000410837441449985,0,3.43354919075136,0,4.86353704818127
1999,4,8,0.301404654979706,0,0.142528040414618,0,3.58785519947799
1999,4,9,4.49145317077637,0,2.37025586818345,0,3.82704554610985
1999,4,10,0.0607869066298008,0,2.29972090982119,0,3.48534505092147
1999,4,11,0.101261176168919,0,0.0795138169269194,0,2.71082392849448
1999,4,12,2.92252843792085e-05,0,0.0595730744498724,0,2.18688316920563
1999,4,13,0.946510672569275,-5.6843418860808e-14,0.423222091823845,0,1.89074274004237
1999,4,14,16.6107997894287,5.6843418860808e-14,8.70540792893735,0,1.79962260799213
1999,4,15,15.9653034210205,0,16.2881005871495,0,3.30310478682101
1999,4,16,0.221766024827957,0,8.09563491558583,0,3.23476468778333
1999,4,17,0.0105609176680446,0,0.127181207557442,0,2.56275371391285
1999,4,18,0.00145937828347087,0,0.00479761316455551,0,2.17549315269935
1999,4,19,0.0258041583001614,0,0.0124041176495666,-5.6843418860808e-14,1.91352277305493
1999,4,20,2.04815316200256,0,0.983528189361095,5.6843418860808e-14,1.73128250895446
1999,4,21,0.00299226655624807,0,1.05768789137073,0,1.57182227786655
1999,4,22,0.0408292599022388,-5.6843418860808e-14,0.0196194946329342,-5.6843418860808e-14,1.44653209629747
1999,4,23,2.03714632987976,5.6843418860808e-14,0.882827109373466,5.6843418860808e-14,1.3212419147284
1999,4,24,6.87322425842285,0,4.26454851507879,0,1.21873176617189
1999,4,25,4.79859066009522,0,5.93931264444473,0,1.13900165062793
1999,4,26,12.7683181762695,0,8.3999843417696,0,1.19595173315933
1999,4,27,10.6129055023193,0,11.6929422267567,0,1.84518267401725
1999,4,28,0.0101683549582958,0,5.33223035083574,0,1.87935272353609
1999,4,29,0.0390775017440319,0,0.0239661414343573,0,1.58321229437283
1999,4,30,0.000429423642344773,0,0.0149788549788354,0,1.41236204677864
1999,5,1,2.74695721600438e-05,5.6843418860808e-14,7.80858645157423e-05,5.6843418860808e-14,1.27568184870328
1999,5,2,0.00359076354652643,-5.6843418860808e-14,0.00180575846025022,-5.6843418860808e-14,1.16178168364049
1999,5,3,0.884252905845642,0,0.413470053623314,0,1.07863456314465
1999,5,4,16.9286575317383,0,8.34225895007694,0,1.64016237690422
1999,5,5,20.0185966491699,0,18.4708959062664,0,14.5792211280375
1999,5,6,0.305949091911316,0,10.1759604219005,0,5.76334835217734
1999,5,7,0.031955786049366,5.6843418860808e-14,0.176968484753161,5.6843418860808e-14,3.15503457223937
1999,5,8,0.000822061148937792,-5.6843418860808e-14,0.0193788060569204,-5.6843418860808e-14,2.19827318571191
1999,5,9,0.0493271350860596,0,0.0229508357078885,0,1.69711245943562
1999,5,10,0.671724021434784,0,0.333209064290713,0,1.38958201376608
1999,5,11,13.1686592102051,0,6.36752622016502,0,1.3212419147284
1999,5,12,11.7464284896851,0,12.4317280574869,0,1.46931212931003
1999,5,13,1.44520282745361,0,6.63108871430086,0,1.92491278956121
1999,5,14,0.181529402732849,0,0.769544336082618,0,1.57182227786655
1999,5,15,0.815250277519226,0,0.421197209874663,0,1.27568184870328
1999,5,16,1.45654249191284,0,1.10331805772512,0,1.11052660936223
1999,5,17,4.71414184570313,0,2.86456515899408,0,1.01712847401074
1999,5,18,19.0828819274902,0,11.7705431844224,0,1.42375206328492
1999,5,19,1.14771103858948,0,10.1153374258029,0,1.46931212931003
1999,5,20,0.148160427808762,0,0.622084555307083,0,1.15039166713421
1999,5,21,4.1696081161499,0,1.99402119200022,-5.6843418860808e-14,0.98068042119065
1999,5,22,5.08673191070557,0,4.55215274908187,5.6843418860808e-14,0.906645313899835
1999,5,23,10.7554788589478,5.6843418860808e-14,7.3226460784681,0,1.06382754168649
1999,5,24,0.900451242923737,-5.6843418860808e-14,6.27595203368765,0,1.00004344925133
1999,5,25,2.07216906547546,0,1.45924484599527,0,0.897533300694811
1999,5,26,4.51458597183228,0,3.06156858485701,0,1.00915546245635
1999,5,27,7.54531902202871e-06,0,2.92602566921778,0,1.02965749216765
1999,5,28,0.258517652750015,0,0.107800622536161,0,0.837166213211531
1999,5,29,0.941387414932251,0,0.581733300939959,0,0.714154034943714
1999,5,30,2.82109761238098,0,1.66217090128339,0,0.63897992600227
1999,5,31,3.30995726585388,0,3.01991240126881,0,0.585446848422757
1999,6,1,3.76464366912842,-5.6843418860808e-14,3.53039562974664,0,0.543303787349524
1999,6,2,1.05592477321625,5.6843418860808e-14,2.63996752089588,0,0.50685573452943
1999,6,3,0.0125280693173409,0,0.566512792804133,-5.6843418860808e-14,0.477241691613104
1999,6,4,0.031816266477108,0,0.0207205794904439,1.13686837721616e-13,0.456739661901801
1999,6,5,0.0102158235386014,0,0.0229639501849306,-1.13686837721616e-13,0.420291609081707
1999,6,6,0.0035748400259763,0,0.00606780180896749,5.6843418860808e-14,0.383843556261613
1999,6,7,0.0586713515222073,0,0.0290012868463236,0,0.351951510044031
1999,6,8,0.66551685333252,0,0.271501587863895,0,0.317781460525193
1999,6,9,0.206953972578049,0,0.445357777665777,-5.6843418860808e-14,0.288167417608867
1999,6,10,1.22273468971252,0,0.557085170901701,5.6843418860808e-14,0.284750412656983
1999,6,11,12.9024181365967,0,6.62679676536573,0,0.271082392849448
1999,6,12,6.33814144134522,0,9.87473084692101,0,0.293862425862007
1999,6,13,4.18587207794189,0,5.21755598430536,0,0.377009546357846
1999,6,14,7.20314836502075,-5.6843418860808e-14,5.40707021757771,0,0.430542623937359
1999,6,15,0.252087891101837,5.6843418860808e-14,4.5773137028591,-5.6843418860808e-14,0.415735602479195
1999,6,16,0.0566332414746285,0,0.134702604034828,5.6843418860808e-14,0.342839496839008
1999,6,17,2.58864903450012,0,1.601388303774,0,0.304113440717658
1999,6,18,1.79245698451996,0,2.15800449369999,0,0.271082392849448
1999,6,19,0.926251232624054,0,1.36611287497362,0,0.244885354885006
1999,6,20,1.20601403713226,0,1.11111806917324,0,0.226661328474959
1999,6,21,0.461044609546661,0,0.885873053695832,0,0.210715305366168
1999,6,22,0.571862161159515,0,0.528877154283691,0,0.197047285558632
1999,6,23,7.17107009887695,0,3.5019253278806,0,0.187935272353609
1999,6,24,13.1905651092529,0,9.79391849583772,0,0.238051344981238
1999,6,25,23.282356262207,0,18.2037868169209,5.6843418860808e-14,0.969290404684371
1999,6,26,5.2000412940979,0,14.2854293701857,-5.6843418860808e-14,1.21873176617189
1999,6,27,1.52210533618927,5.6843418860808e-14,3.43629845347095,0,0.863363251175973
1999,6,28,4.21157789230347,-5.6843418860808e-14,2.72978679540029,0,0.646952937556666
1999,6,29,12.1667451858521,0,7.86203452391419,0,0.554693803855803
1999,6,30,37.8233375549316,0,24.9949897394654,0,3.65619529851566
1999,7,1,23.2284278869629,0,30.525936687347,0,10.8432957139779
1999,7,2,3.99623918533325,-5.6843418860808e-14,13.6355890620507,-1.13686837721616e-13,3.38283490236496
1999,7,3,0.000336351891746745,-5.6843418860808e-14,2.01955866754724,0,1.93630280606749
1999,7,4,0.266426354646683,0,0.153376686608681,0,1.34402194774096
1999,7,5,2.4747941493988,0,1.32091524990392,0,1.03649150207142
1999,7,6,0.231687039136887,0,1.41782590570438,0,0.840583218163414
1999,7,7,1.46964144706726,0,0.788279021795461,0,0.711876031642458
1999,7,8,0.038630623370409,0,0.79947169240404,0,0.61733889464034
1999,7,9,0.29523029923439,0,0.155313428585941,0,0.541025784048268
1999,7,10,3.18651509284973,0,1.4955747196218,0,0.478380693263732
1999,7,11,6.33208894729614,0,5.0143382300048,0,0.429403622286731
1999,7,12,0.0976481139659882,0,3.33317514215742,0,0.390677566165381
1999,7,13,0.0145025635138154,0,0.0580256550892955,5.6843418860808e-14,0.354229513345287
1999,7,14,0.00143106200266629,0,0.00882650760831893,-5.6843418860808e-14,0.322337467127705
1999,7,15,0.00209404015913606,0,0.001836450483097,0,0.293862425862007
1999,7,16,0.00051066349260509,0,0.00131748023341061,0,0.265387384596308
1999,7,17,0.170435979962349,0,0.109048504869861,0,0.240329348282494
1999,7,18,0.00105551909655333,0,0.0944410737247381,0,0.220966320221819
1999,7,19,0.653522074222565,0,0.437124447489623,0,0.197047285558632
1999,7,20,0.555852890014648,0,0.604920520308951,0,0.181101262449841
1999,7,21,0.129353985190392,0,0.39210215284038,0,0.164016237690422
1999,7,22,0.561249613761902,0,0.355662843696337,0,0.149209216232259
1999,7,23,0.00384579109959304,0,0.343889068055432,0,0.138958201376608
1999,7,24,0.403054475784302,0,0.216490596911171,0,0.129846188171584
1999,7,25,1.11969184875488,0,0.693974764068116,0,0.123012178267817
1999,7,26,0.941509485244751,0,1.02153112554515,0,0.121873176617189
1999,7,27,1.5057464838028,0,1.16499406167713,0,0.117317170014677
1999,7,28,1.01449108123779,0,1.24323772944626,0,0.113900165062793
1999,7,29,0.00149095593951643,5.6843418860808e-14,0.534261267232068,5.6843418860808e-14,0.111622161761537
1999,7,30,3.0562838219339e-05,0,0.000894702032383066,-5.6843418860808e-14,0.109344158460282
1999,7,31,0.00254412810318172,-5.6843418860808e-14,0.00144349334368599,0,0.105927153508398
1999,8,1,0.0208000466227531,0,0.0101784869257244,-5.6843418860808e-14,0.102510148556514
1999,8,2,0.188216283917427,0,0.112498754613625,1.13686837721616e-13,0.100232145255258
1999,8,3,0.0136365741491318,0,0.123234485559806,-5.6843418860808e-14,0.0979541419540022
1999,8,4,0.526780009269714,0,0.252166448215576,5.6843418860808e-14,0.0945371370021184
1999,8,5,0.545660316944122,0,0.538863188703544,-5.6843418860808e-14,0.0911201320502346
1999,8,6,3.43684601783752,0,1.76454179706343,0,0.0831471204958391
1999,8,7,2.88181805610657,0,3.17182000724642,0,0.0774521122426994
1999,8,8,0.599331796169281,0,1.93355156356483,0,0.0706181023389318
1999,8,9,0.705493927001953,0,0.665978978053317,0,0.067201097387048
1999,8,10,0.480777144432068,-5.6843418860808e-14,0.608727830058342,0,0.0649230940857922
1999,8,11,2.57273435592651,0,1.46912261801117,0,0.067201097387048
1999,8,12,5.5310378074646,0,3.89016887098842,0,0.068340099037676
1999,8,13,0.461334407329559,5.6843418860808e-14,3.28828978113597,0,0.0580890841820246
1999,8,14,0.0915577188134193,0,0.208478464850487,0,0.0569500825313966
1999,8,15,1.4262427612266e-06,0,0.0537347427452914,0,0.0558110808807687
1999,8,16,4.85672244394664e-05,0,1.75865970959421e-05,0,0.0546720792301408
1999,8,17,1.36657104121696e-06,0,1.63505173986778e-05,0,0.0523940759288849
1999,8,18,6.42318409518339e-05,0,3.00775936921127e-05,0,0.0489770709770011
1999,8,19,0.000448600389063358,0,0.000296985424938612,0,0.0444210643744894
1999,8,20,7.44098870200105e-05,0,0.000371376860130113,0,0.0410040594226056
1999,8,21,0,5.6843418860808e-14,-0.0010942366643576,5.6843418860808e-14,0.0387260561213497
1999,8,22,0.0126935550943017,-5.6843418860808e-14,-0.302973094298068,-5.6843418860808e-14,0.0364480528200938
1999,8,23,2.7003116607666,0,0.875500998736243,0,0.0444210643744894
1999,8,24,8.71468830108643,0,7.18385923635287,0,0.0478380693263732
1999,8,25,0.0419400632381439,0,3.69189629234825,0,0.0455600660251173
1999,8,26,2.82529187202454,0,1.11924855506004,0,0.0592280858326525
1999,8,27,9.37155818939209,5.6843418860808e-14,5.57127298357955,5.6843418860808e-14,0.0694791006883039
1999,8,28,0.140699535608292,-5.6843418860808e-14,4.6283166092071,-5.6843418860808e-14,0.0660620957364201
1999,8,29,3.52899733115919e-05,0,0.0387798500159988,0,0.068340099037676
1999,8,30,5.99991544731893e-05,0,-0.00105901861388702,0,0.0706181023389318
1999,8,31,6.74284310662188e-05,-5.6843418860808e-14,-0.01127555221683,0,0.068340099037676
1999,9,1,0.382715553045273,5.6843418860808e-14,0.171165901334462,0,0.0660620957364201
1999,9,2,0.119895540177822,0,0.274368633658014,0,0.0649230940857922
1999,9,3,0.0209666639566422,0,0.0462385240389267,0,0.0603670874832804
1999,9,4,0.379379004240036,0,-0.0349187988467747,0,0.0535330775795128
1999,9,5,2.96518516540527,0,1.54406898324305,0,0.050116072627629
1999,9,6,2.75064873695374,0,2.99085960595039,0,0.0444210643744894
1999,9,7,1.29645299911499,0,1.69064375942253,0,0.0410040594226056
1999,9,8,6.29158401489258,0,3.91398901677167,0,0.0421430610732335
1999,9,9,1.45237529277802,0,4.14528353286732,0,0.0398650577719777
1999,9,10,1.02691912651062,0,1.18554709298769,0,0.0375870544707218
1999,9,11,1.14327919483185,0,1.07091885558839,0,0.0375870544707218
1999,9,12,8.38730621337891,0,4.07001135445535,0,0.0398650577719777
1999,9,13,14.8782958984375,0,11.6988279271463,0,0.0410040594226056
1999,9,14,0.00300856260582805,0,7.77452116541099,5.6843418860808e-14,0.0398650577719777
1999,9,15,2.35956867982168e-05,0,0.00154244760415168,-5.6843418860808e-14,0.0421430610732335
1999,9,16,2.6210425858153e-05,0,2.49961158260703e-05,0,0.0421430610732335
1999,9,17,1.18783364086994e-05,0,1.86168654181529e-05,0,0.0410040594226056
1999,9,18,0.00280182901769877,0,0.00150569756806362,0,0.0375870544707218
1999,9,19,0.0557482540607452,5.6843418860808e-14,0.0344812525254383,0,0.0353090511694659
1999,9,20,0.322705984115601,-5.6843418860808e-14,0.100222387569374,0,0.0330310478682101
1999,9,21,0.852547407150269,0,0.534496011907322,0,0.0318920462175821
1999,9,22,0.00704851606860757,0,0.582950555264688,0,0.0307530445669542
1999,9,23,0.0349957570433617,0,0.017719854015013,0,0.0307530445669542
1999,9,24,5.81732529099099e-05,0,0.0238366822122771,0,0.0296140429163263
1999,9,25,0.00157695182133466,0,0.000180523355084006,0,0.0284750412656983
1999,9,26,0.00852123182266951,0,-0.0106775520762312,0,0.0273360396150704
1999,9,27,0.287908315658569,0,0.101529920611938,0,0.0273360396150704
1999,9,28,0.202859967947006,0,0.240145567659056,0,0.0261970379644425
1999,9,29,0.604629874229431,0,0.361494728818798,0,0.0250580363138145
1999,9,30,0.00142045575194061,0,0.413328781742166,0,0.0250580363138145
1999,10,1,0.00127921719104052,0,0.00132238475634949,0,0.0239190346631866
1999,10,2,0.00230882479809225,0,-0.00612727478801389,0,0.0239190346631866
1999,10,3,0.151753813028336,0,0.0536017467129568,0,0.0227800330125587
1999,10,4,0.0764555111527443,0,0.131827751214587,0,0.0227800330125587
1999,10,5,2.57068677456118e-05,0,0.052214061095583,0,0.0227800330125587
1999,10,6,5.79804291191977e-05,0,-0.0889108704468526,0,0.0216410313619307
1999,10,7,1.71900260448456,0,-0.222186902963585,0,0.0205020297113028
1999,10,8,16.5496044158936,0,6.75736662851341,0,0.0250580363138145
1999,10,9,10.0789222717285,0,14.8803471949395,0,0.0273360396150704
1999,10,10,3.12480759620667,0,7.43987261107395,0,0.0284750412656983
1999,10,11,0.000772594648879021,0,1.73197868707939,0,0.0273360396150704
1999,10,12,0.010269396007061,0,0.00584714969954803,0,0.0296140429163263
1999,10,13,0.00018723109678831,0,0.00578715837764321,0,0.034170049518838
1999,10,14,6.44827086944133e-05,0,0.000110430650238413,0,0.0330310478682101
1999,10,15,0.000328892638208345,0,-0.0410977180945338,0,0.0307530445669542
1999,10,16,0.494098544120789,0,0.149838072717102,0,0.0284750412656983
1999,10,17,1.3374902009964,0,0.971655404497142,0,0.0273360396150704
1999,10,18,0.120398841798306,0,0.788217940735194,0,0.0261970379644425
1999,10,19,0.203531056642532,0,0.17445522097114,0,0.0261970379644425
1999,10,20,2.34545823332155e-05,0,0.112852307578578,0,0.0261970379644425
1999,10,21,5.77273588930893e-08,0,-1.29458567244001e-05,0,0.0261970379644425
1999,10,22,0.000310757663100958,0,0.000162795829965035,0,0.0250580363138145
1999,10,23,2.01693892449839e-05,0,0.000180211587576196,0,0.0250580363138145
1999,10,24,3.28868154610973e-05,0,2.7179852622794e-05,0,0.0250580363138145
1999,10,25,1.68139413290191e-05,0,-0.00112822933442658,0,0.0250580363138145
1999,10,26,0.0138198016211391,0,0.00732150400654064,0,0.0261970379644425
1999,10,27,1.34730953504913e-05,0,0.00766232501337072,0,0.0261970379644425
1999,10,28,7.96374806668609e-05,0,-0.0014931422083464,0,0.0261970379644425
1999,10,29,0.0184536185115576,0,0.00169646380527411,0,0.0250580363138145
1999,10,30,0.0970454141497612,0,-0.75221679709648,0,0.0250580363138145
1999,10,31,9.73428153991699,0,3.05301013499411,0,0.0273360396150704
1999,11,1,25.7420711517334,0,16.8671730586902,-5.6843418860808e-14,0.0432820627238614
1999,11,2,3.17784833908081,0,14.4617371707573,5.6843418860808e-14,0.0421430610732335
1999,11,3,4.37031376350205e-05,0,1.64275421249113,0,0.0432820627238614
1999,11,4,7.26555299479514e-06,0,2.30670375458431e-05,0,0.0444210643744894
1999,11,5,0.00605487730354071,0,0.00300767260341672,0,0.0444210643744894
1999,11,6,0.00205317814834416,0,0.00445936583128059,0,0.0432820627238614
1999,11,7,0.00041897819028236,-5.6843418860808e-14,0.00120695746591082,0,0.0421430610732335
1999,11,8,0.000296539947157726,5.6843418860808e-14,0.000337465517077362,0,0.0410040594226056
1999,11,9,0.00129626970738173,0,0.000698103911418002,0,0.0410040594226056
1999,11,10,3.67002212442458e-05,0,0.000686968247464392,0,0.0410040594226056
1999,11,11,0.00130066717974842,-5.6843418860808e-14,0.000600768777076155,0,0.0410040594226056
1999,11,12,1.09542679638253e-05,5.6843418860808e-14,0.000714360950951232,5.6843418860808e-14,0.0387260561213497
1999,11,13,2.47612679231679e-05,0,1.66819227160886e-05,-5.6843418860808e-14,0.0375870544707218
1999,11,14,0.00115959299728274,0,0.000500650221511023,0,0.0375870544707218
1999,11,15,0.00169325724709779,0,0.00156684546163888,0,0.0375870544707218
1999,11,16,0.00192485470324755,0,0.00182526427306584,-5.6843418860808e-14,0.0375870544707218
1999,11,17,0.000320657127304003,0,0.00133632301003672,5.6843418860808e-14,0.0364480528200938
1999,11,18,0.000191834653378464,0,0.000251210123678902,0,0.0364480528200938
1999,11,19,0.0349762924015522,0,0.0106360115169082,-5.6843418860808e-14,0.0353090511694659
1999,11,20,0.000475847366033122,0,0.0208680035793805,5.6843418860808e-14,0.0353090511694659
1999,11,21,0.000823640380986035,0,0.000575805737753399,0,0.0353090511694659
1999,11,22,1.2203882932663,0,0.357894328499242,0,0.0364480528200938
1999,11,23,21.1383171081543,0,11.2150110224429,0,0.0410040594226056
1999,11,24,1.30385303497314,0,11.2222551075938,0,0.0398650577719777
1999,11,25,0.0584342628717423,0,0.560834219882963,0,0.0421430610732335
1999,11,26,0.000131286418763921,0,0.0121831144897442,0,0.0466990676757452
1999,11,27,2.32081547437701e-05,0,-4.15141112171114e-05,0,0.0478380693263732
1999,11,28,0.816616833209992,0,0.366747751293588,0,0.0478380693263732
1999,11,29,0.000283753732219338,0,0.267175846802274,0,0.0466990676757452
1999,11,30,0.000239362183492631,0,0.000246551189775346,0,0.0466990676757452
1999,12,1,0.00563480239361525,0,0.00182593629870098,0,0.0455600660251173
1999,12,2,4.94325828552246,0,1.45778566893205,0,0.0444210643744894
1999,12,3,25.9948234558106,0,15.643688078475,0,0.0523940759288849
1999,12,4,2.58139753341675,0,14.3278517317267,0,0.0569500825313966
1999,12,5,16.8616199493408,0,9.52001441739776,0,0.126429183219701
1999,12,6,0.0543378330767155,0,8.46163591781078,0,0.129846188171584
1999,12,7,0.003393359715119,0,0.0277737156611693,0,0.123012178267817
1999,12,8,0.0085934903472662,0,0.0057267867923656,0,0.116178168364049
1999,12,9,9.78671836853027,0,4.14892252468053,0,0.174267252546074
1999,12,10,14.9463176727295,0,12.3602580196748,0,0.230078333426842
1999,12,11,12.5046482086182,-1.13686837721616e-13,13.7255095098481,-1.13686837721616e-13,0.345117500140264
1999,12,12,45.0451507568359,-2.27373675443232e-13,28.3058157681262,-5.11590769747272e-13,4.53322656949917
1999,12,13,10.2948741912842,-1.70530256582424e-13,28.7472486142651,-2.8421709430404e-13,7.7110411747511
1999,12,14,0.20635412633419,0,5.32145438842053,5.6843418860808e-14,2.19827318571191
1999,12,15,0.0095091862604022,-5.6843418860808e-14,0.11601076151419,-5.6843418860808e-14,1.21873176617189
1999,12,16,3.59289333573543e-05,5.6843418860808e-14,0.00490618804906262,0,0.847417228067182
1999,12,17,6.74827751936391e-05,-5.6843418860808e-14,4.93661718792282e-05,0,0.631006914447875
1999,12,18,4.99829475302249e-05,0,6.12309340795036e-05,0,0.495465718023151
1999,12,19,0.00105468032415956,0,0.000332695050019538,0,0.406623589274172
1999,12,20,0.0266913454979658,0,0.0118882718816167,0,0.34739550344152
1999,12,21,0.00320977275259793,0.00062675007825419,0.0151136390159081,0,0.30297443906703
1999,12,22,1.09480879473267e-05,0.0008376297262771,0.0011670788662741,0,0.26424838294568
1999,12,23,2.42617752519436e-05,0,1.96477194549516e-05,0,0.230078333426842
1999,12,24,0.00303859985433519,0,0.00170763210917357,0,0.202742293811772
1999,12,25,0.000375276344129816,5.6843418860808e-14,0.00181061813418637,0,0.179962260799213
1999,12,26,4.71971507067792e-05,-5.6843418860808e-14,0.000219950103200972,0,0.161738234389166
1999,12,27,0.00103022740222514,0,0.000499997760925908,0,0.145792211280375
1999,12,28,0.0129925142973661,0,0.00674521941618878,0,0.13212419147284
1999,12,29,2.15227719309041e-05,0,0.00800524821897852,0,0.120734174966561
1999,12,30,0.000291603646473959,0,0.000153247554408154,-5.6843418860808e-14,0.11048316011091
1999,12,31,1.4344482421875,0,0.695986444174196,5.6843418860808e-14,0.101371146905886
2000,1,1,0.000958151009399444,0,0.782574595177721,0,0.0922591337008626
2000,1,2,1.57609748840332,0,0.595665411135997,0,0.0888421287489788
2000,1,3,28.1814117431641,0,14.1498764737189,0,0.173128250895446
2000,1,4,2.25765585899353,0,15.2354067451233,0,0.574056831916478
2000,1,5,0.614562571048737,0.0764269859083697,1.36924168409314,0,0.736934067956273
2000,1,6,0.000318065751343966,0.0779569116161269,0.231986232138297,0.158823773751863,0.616199892989712
2000,1,7,0.0246102418750525,0,0.0135481699035154,0,0.502299727926918
2000,1,8,1.40957963466644,0,0.69861946981473,0,0.429403622286731
2000,1,9,1.20104539394379,0,1.30729756151777,0,0.381565552960357
2000,1,10,0.00303686130791903,0,0.617193807171134,0,0.348534505092147
2000,1,11,6.93321562721394e-05,0,0.00167487469298067,0,0.323476468778333
2000,1,12,0.0314840786159039,0,0.0138822244043695,0,0.300696435765774
2000,1,13,0.10200085490942,0,0.0610967662687472,0,0.273360396150704
2000,1,14,0.00013044495426584,0,0.0521343430373236,0,0.24260735158375
2000,1,15,0.000175932626007125,0,0.000160328138008481,0,0.219827318571191
2000,1,16,0.987749338150024,5.6843418860808e-14,0.479305184046098,0,0.201603292161144
2000,1,17,1.92612850666046,-5.6843418860808e-14,1.3101279059556,0,0.189074274004237
2000,1,18,0.0740229412913322,0,1.088391402056,0,0.175406254196702
2000,1,19,0.0400428399443626,0,0.0576392492112063,0,0.164016237690422
2000,1,20,0.000153813321958296,0,0.021344756900362,0,0.152626221184143
2000,1,21,0.0478662140667439,0.00403513721431636,0.019720036048966,0,0.142375206328492
2000,1,22,1.51199042797089,0.00408012054163009,0.775594567840017,0.00475338683867221,0.13781919972598
2000,1,23,0.256756782531738,-5.6843418860808e-14,0.911318752943771,-5.6843418860808e-14,0.130985189822212
2000,1,24,0.273479223251343,0.0506104875877327,0.214506963773601,5.6843418860808e-14,0.125290181569073
2000,1,25,0.00156109046656638,0.0510338716053411,0.0865144454801339,0,0.116178168364049
2000,1,26,0.136274471879005,0.0576095045959733,0.00733480851340573,0,0.107066155159026
2000,1,27,1.65502381324768,0.699029855228901,0.060566903794097,0,0.101371146905886
2000,1,28,9.85227966308594,5.34508675903686,0.0684330171425245,0,0.103649150207142
2000,1,29,1.26600515842438,5.83270229757585,0,0,0.100232145255258
2000,1,30,0.0620096698403359,0.696992706074241,0.0091074423144164,0,0.0956761386527464
2000,1,31,0.0207248423248529,0.0282125260305293,0.0141701765169273,0,0.0899811303996067
2000,2,1,0.000954910647124052,0.00686607914275328,0.00492308567481814,5.6843418860808e-14,0.084286122146467
2000,2,2,1.21904768093373e-05,9.63483444138546e-08,0.000544626447663177,-5.6843418860808e-14,0.0797301155439553
2000,2,3,0.000253266392974183,1.11740007469052e-07,0.000131502769363578,1.65417223244475,0.0774521122426994
2000,2,4,2.72908759117126,5.6843418860808e-14,1.34578576160493,3.18867646946745,0.0751741089414436
2000,2,5,0.00238099042326212,5.60559366249436e-05,1.36863516105586,1.52025247494288,0.0740351072908156
2000,2,6,0.000538625870831311,5.79055646880988e-05,0.0014302341696748,0.623700244631607,0.0740351072908156
2000,2,7,1.55660018208437e-05,0,0.00031697578378953,3.33541958326481,0.0740351072908156
2000,2,8,0.000260864209849387,0,0.00013686308011529,2.56869737249866,0.0751741089414436
2000,2,9,0.000313511933200061,0,0.000285368143522646,0,0.0740351072908156
2000,2,10,0.045595396310091,0,0.022636124627752,0,0.0740351072908156
2000,2,11,0.183504149317741,0,0.114491645072121,-5.6843418860808e-14,0.0728961056401877
2000,2,12,0.875968098640442,0,0.460549139606883,5.6843418860808e-14,0.0728961056401877
2000,2,13,0.0596861504018307,0,0.476710281498527,0,0.0740351072908156
2000,2,14,0.0925338268280029,0,0.0741170781002438,-5.6843418860808e-14,0.0717571039895598
2000,2,15,0.110924310982227,0,0.104282841715758,5.6843418860808e-14,0.0740351072908156
2000,2,16,1.66868817806244,0,0.827846222688095,0,0.0728961056401877
2000,2,17,4.24495220184326,0,2.54479571772026,0,0.0945371370021184
2000,2,18,12.6914033889771,0,8.38130572922455,0,0.171989249244818
2000,2,19,1.87376344203949,5.6843418860808e-14,7.2845177633717,5.6843418860808e-14,0.218688316920563
2000,2,20,1.30346652440494e-05,-5.6843418860808e-14,1.04481295536971,-5.6843418860808e-14,0.359924521598427
2000,2,21,0.000123783742310479,0,7.27626866137143e-05,0,0.418013605780451
2000,2,22,1.06017935276032,0,0.487743902096554,-5.6843418860808e-14,0.38042655130973
2000,2,23,0.147807717323303,0,0.673107464317582,5.6843418860808e-14,0.353090511694659
2000,2,24,0.40040847659111,0,0.273784807523043,0,0.332588481983356
2000,2,25,1.97813832759857,-5.6843418860808e-14,0.47337162187614,0,0.316642458874565
2000,2,26,22.3632965087891,5.6843418860808e-14,7.69630480173873,0,1.01257246740823
2000,2,27,3.64502191543579,0,13.0351188181448,5.6843418860808e-14,2.34634340029354
2000,2,28,0.788164973258972,0,2.31017396000971,-5.6843418860808e-14,1.62877236039794
2000,2,29,0.106927543878555,0,0.499068850665935,0,1.28707186520956
2000,3,1,1.43850588798523,0,0.709267343230749,0,1.1048316011091
2000,3,2,1.20327425003052,0,1.37275918341402,0,0.95903938982872
2000,3,3,14.2081928253174,0,5.67675745192537,0,1.01257246740823
2000,3,4,3.09650111198425,0,8.65294465440456,5.6843418860808e-14,1.42375206328492
2000,3,5,0.000139292475068942,0,1.70584711452466,-5.6843418860808e-14,1.41236204677864
2000,3,6,0.0174232143908739,0,0.00852575595490634,-5.6843418860808e-14,1.24151179918445
2000,3,7,5.65871414437424e-05,0,0.00939242492677295,5.6843418860808e-14,1.10255359780784
2000,3,8,0.714830577373505,0,0.3332775383642,0,0.985236427793162
2000,3,9,0.586576759815216,0,0.652029154629418,0,0.892977294092299
2000,3,10,1.56505978107452,0,1.04854121686003,0,0.8155251818496
2000,3,11,7.10406684875488,0,4.30587291256961,0,0.766548110872599
2000,3,12,0.119859978556633,0,3.61436704641528,0,0.735795066305645
2000,3,13,0.0500108934938908,0,0.0861081029579509,0,0.708459026690574
2000,3,14,0.00932542327791452,0,0.0274529635753424,0,0.664037962316085
2000,3,15,0.588812053203583,0,0.31064260914718,0,0.624172904544107
2000,3,16,1.08262765407562,0,0.832024989114871,0,0.593419859977153
2000,3,17,0.203254371881485,0,0.772688971763273,0,0.562666815410199
2000,3,18,6.37842178344727,0,3.25642107044405,0,0.54558179065078
2000,3,19,6.70220184326172,0,6.49798246789942,5.6843418860808e-14,0.544442789000152
2000,3,20,0.0215190351009369,5.6843418860808e-14,3.36312813793484,0,0.576334835217734
2000,3,21,0.00408699037507176,-5.6843418860808e-14,0.0141653548635077,-5.6843418860808e-14,0.603670874832804
2000,3,22,0.0420345924794674,0,0.0223790972195275,0,0.574056831916478
2000,3,23,1.02372562885284,0,0.478384578560508,0,0.53988678239764
2000,3,24,1.53277707099915,0,1.2218452826346,0,0.520523754336965
2000,3,25,0.682486176490784,0,1.12140853170422,5.6843418860808e-14,0.50685573452943
2000,3,26,3.62812232971191,0,2.25997509219815,-5.6843418860808e-14,0.500021724625663
2000,3,27,9.49306774139404,0,6.49870657196516,0,0.634423919399759
2000,3,28,0.115474864840508,0,4.87857317955422,0,1.23012178267817
2000,3,29,1.4102531671524,0,0.675591341303516,0,1.05243752518021
2000,3,30,5.50331163406372,0,3.33080312630409,0,0.910062318851718
2000,3,31,0.00092953909188509,0,2.79742801403336,0,0.808691171945832
2000,4,1,0.420078873634338,0,0.155416893652728,0,0.724405049799365
2000,4,2,2.53150868415833,0,1.59506347808565,0,0.664037962316085
2000,4,3,0.896304786205292,0,1.77161872834768,0,0.633284917749131
2000,4,4,0.152219340205193,0,0.605252790061059,0,0.593419859977153
2000,4,5,0.00327713484875858,0,0.0649587760926806,0,0.544442789000152
2000,4,6,0.000204509793547913,0,0.00189959849012666,5.6843418860808e-14,0.497743721324407
2000,4,7,0.0933116748929024,0,0.0325442811190442,-5.6843418860808e-14,0.464712673456197
2000,4,8,0.652981698513031,0,0.357939339653967,0,0.433959628889242
2000,4,9,0.00163817836437374,0,0.211027301571448,0,0.405484587623544
2000,4,10,0.163390576839447,0,0.0796492603658408,0,0.378148548008474
2000,4,11,6.20893144607544,0,2.23343263790957,0,0.377009546357846
2000,4,12,9.96452617645264,0,8.0655884618136,-5.6843418860808e-14,0.490909711420639
2000,4,13,2.98781538009644,0,6.47696245630505,5.6843418860808e-14,0.895255297393555
2000,4,14,0.000385777384508401,0,1.72264987057861,0,0.772243119125739
2000,4,15,0.144017815589905,0,0.0658021894159901,5.6843418860808e-14,0.698208011834923
2000,4,16,1.07696986198425,-5.6843418860808e-14,0.540320576212253,-5.6843418860808e-14,0.640118927652898
2000,4,17,0.0349849015474319,5.6843418860808e-14,0.470801360501355,0,0.587724851724013
2000,4,18,0.00374471372924745,0,0.0149598926436738,0,0.541025784048268
2000,4,19,0.226468488574028,0,0.107904246237013,0,0.498882722975035
2000,4,20,5.27076148986816,-5.6843418860808e-14,2.31082857426736,0,0.471546683359964
2000,4,21,0.198132053017616,1.13686837721616e-13,3.21601212094902,0,0.456739661901801
2000,4,22,0.0673965290188789,-5.6843418860808e-14,0.117072756394919,0,0.502299727926918
2000,4,23,5.90639638900757,0,2.17275265895296,0,0.465851675106825
2000,4,24,19.5293064117432,0,10.240038364871,0,0.535330775795128
2000,4,25,0.0729686841368675,0,9.80220640022162,0,0.714154034943714
2000,4,26,0.6042600274086,0,0.327207833699504,0,0.698208011834923
2000,4,27,0.0051436573266983,0,0.254613871646143,5.6843418860808e-14,0.623033902893479
2000,4,28,0.000349382782587782,-5.6843418860808e-14,0.00222724543709774,-1.13686837721616e-13,0.552415800554548
2000,4,29,0.00509554473683238,5.6843418860808e-14,0.00303605713997968,5.6843418860808e-14,0.492048713071267
2000,4,30,0.175569877028465,0,0.0831809038172651,0,0.439654637142382
2000,5,1,5.45045566558838,0,2.12892011080839,0,0.397511576069149
2000,5,2,2.49021601676941,5.6843418860808e-14,3.8485043836663,5.6843418860808e-14,0.372453539755334
2000,5,3,7.78915596008301,-5.6843418860808e-14,4.77345944194167,-5.6843418860808e-14,0.382704554610985
2000,5,4,2.58927011489868,0,5.20511296715995,0,0.36903653480345
2000,5,5,5.97724771499634,0,4.22129731180394,0,0.38042655130973
2000,5,6,7.59510564804077,0,6.74969551181493,0,0.969290404684371
2000,5,7,5.94943809509277,0,6.80582250469161,0,1.71989249244818
2000,5,8,0.0484420545399189,5.6843418860808e-14,3.16352846827795,5.6843418860808e-14,1.30985189822212
2000,5,9,1.08957183361053,-5.6843418860808e-14,0.544362258955516,-5.6843418860808e-14,1.02396248391451
2000,5,10,3.35347104072571,0,2.34694994907113,0,0.836027211560903
2000,5,11,0.282019674777985,0,1.892224503139,0,0.698208011834923
2000,5,12,0.477184325456619,0,0.365152239130111,0,0.591141856675897
2000,5,13,1.6604129076004,0,1.19578152539179,0,0.511411741131942
2000,5,14,0.000253212114330381,0,0.855038209381746,5.6843418860808e-14,0.445349645395522
2000,5,15,0.131540611386299,0,0.0840889441060426,-5.6843418860808e-14,0.390677566165381
2000,5,16,0.592129349708557,0,0.402211362477829,0,0.351951510044031
2000,5,17,0.289904475212097,0,0.454303882881504,0,0.307530445669542
2000,5,18,1.44798135757446,0,0.697976603474672,0,0.284750412656983
2000,5,19,8.76247215270996,-5.6843418860808e-14,4.98563457341152,0,0.518245751035709
2000,5,20,0.305181980133057,5.6843418860808e-14,5.81488445046125,0,0.82122019010274
2000,5,21,1.94700884819031,0,1.06922697689515,0,0.706181023389318
2000,5,22,0.379744380712509,0,1.30182668493217,0,0.661759959014829
2000,5,23,0.403459042310715,0,0.394500959711877,0,0.575195833567106
2000,5,24,2.17548966407776,0,1.36613355993904,0,0.466990676757452
2000,5,25,23.8967876434326,5.6843418860808e-14,13.0304092166334,5.6843418860808e-14,0.416874604129823
2000,5,26,3.66990447044373,-5.6843418860808e-14,13.7833595968732,-5.6843418860808e-14,0.384982557912241
2000,5,27,37.6223869323731,0,20.645852762038,0,14.351420797912
2000,5,28,23.6668930053711,0,30.6624522887396,0,20.38812954624
2000,5,29,2.28818249702454,0,12.9850459880327,0,5.5127679890392
2000,5,30,1.607661485672,0,1.96419538412738,0,2.88167417608867
2000,5,31,0.0414526537060738,0,0.854073991515179,0,1.85657269052353
2000,6,1,0.000311299751047045,0,0.0211625894662575,0,1.34402194774096
2000,6,2,0.529923439025879,0,0.239755382805015,0,1.04902052022833
2000,6,3,4.20895862579346,0,2.08157233359088,0,0.910062318851718
2000,6,4,0.410367578268051,-5.6843418860808e-14,2.40568898307902,-5.6843418860808e-14,0.801857162042065
2000,6,5,0.758798062801361,1.13686837721616e-13,0.608405895931355,1.13686837721616e-13,0.690235000280527
2000,6,6,0.000223961949814111,-5.6843418860808e-14,0.412240508769173,-5.6843418860808e-14,0.603670874832804
2000,6,7,0.00214057322591543,0,0.00109116132807685,0,0.525079760939477
2000,6,8,9.28145673242398e-05,0,0.00123572102893377,0,0.463573671805569
2000,6,9,0.217104151844978,0,0.136832789004984,0,0.412318597527312
2000,6,10,8.35973453521729,0,4.07248637124212,0,0.384982557912241
2000,6,11,11.0825204849243,0,9.35906634158528,0,0.383843556261613
2000,6,12,4.89758634567261,0,8.21563343676462,0,0.397511576069149
2000,6,13,0.00792775582522154,-5.6843418860808e-14,2.57376600856514,0,0.399789579370404
2000,6,14,7.80103826522827,5.6843418860808e-14,3.38139426779526,0,0.760853102619459
2000,6,15,37.8974266052246,0,22.8435345318649,0,2.90445420910123
2000,6,16,1.84830677509308,0,19.879451835146,0,1.94769282257377
2000,6,17,45.9676475524902,0,23.9072728177707,0,14.6931212931003
2000,6,18,48.4094467163086,0,47.1872231096313,0,32.6893473730217
2000,6,19,3.20575499534607,0,25.8080806243743,0,8.88421287489788
2000,6,20,2.52296710014343,0,2.87476438740487,0,4.82936699866244
2000,6,21,43.4142684936523,0,22.8615378421055,0,9.60178391479347
2000,6,22,14.6764793395996,0,29.0838202705854,0,14.8070214581631
2000,6,23,0.054414514452219,-5.6843418860808e-14,8.31937555034892,-5.6843418860808e-14,5.83168845121502
2000,6,24,0.774591863155365,5.6843418860808e-14,0.35789820456921,5.6843418860808e-14,3.57646518297171
2000,6,25,1.9950920343399,0,1.29386553519726,0,2.6424838294568
2000,6,26,0.540489912033081,0,1.29127203425742,0,2.038812954624
2000,6,27,0.889924764633179,0,0.701378096629924,0,1.6515523934105
2000,6,28,8.14905738830566,0,4.31044359717998,0,1.4351420797912
2000,6,29,22.0313892364502,5.6843418860808e-14,15.0032924798761,0,2.38051344981238
2000,6,30,0.0223028101027012,-5.6843418860808e-14,11.0342743221518,0,2.01603292161144
2000,7,1,0.0205110013484955,-5.6843418860808e-14,0.0214543081165175,0,1.53765222834771
2000,7,2,2.70466732978821,5.6843418860808e-14,1.34223579601894,0,1.29846188171584
2000,7,3,4.71097326278687,-5.6843418860808e-14,3.70464917486243,0,1.13900165062793
2000,7,4,1.35457134246826,5.6843418860808e-14,3.18637188681532,0,1.03079649381828
2000,7,5,0.00497895991429687,0,0.798543026932748,0,0.927147343611137
2000,7,6,0.000758033012971282,0,0.00228908294957364,-5.6843418860808e-14,0.837166213211531
2000,7,7,0.0100186001509428,0,0.00525876924075419,5.6843418860808e-14,0.763131105920715
2000,7,8,6.30404710769653,0,2.9511102496399,5.6843418860808e-14,0.694791006883039
2000,7,9,0.0140467183664441,0,3.31198526520166,-5.6843418860808e-14,0.636701922701014
2000,7,10,0.0113953528925776,0,0.0124953484992147,0,0.604809876483432
2000,7,11,0.468064367771149,0,0.204282503236755,-5.6843418860808e-14,0.568361823663338
2000,7,12,4.99251794815064,0,2.07774005212195,5.6843418860808e-14,0.546720792301408
2000,7,13,4.25150156021118,0,4.5796407393027,0,0.527357764240733
2000,7,14,0.0261074602603912,0,2.38689746914315,0,0.513689744433198
2000,7,15,0.0954512283205986,0,0.0607008875085739,0,0.500021724625663
2000,7,16,0.00794576294720173,0,0.052959763972467,0,0.476102689962476
2000,7,17,0.0212802849709988,5.6843418860808e-14,0.0138639248471009,0,0.448766650347406
2000,7,18,0.353945046663284,-5.6843418860808e-14,0.227639470573195,0,0.418013605780451
2000,7,19,0.00853551924228668,0,0.191664081485214,0,0.394094571117265
2000,7,20,5.34415435791016,0,1.96593179622869,0,0.388399562864125
2000,7,21,12.3189973831177,0,8.80267173235188,-5.6843418860808e-14,0.391816567816009
2000,7,22,3.20695662498474,0,9.03147175772392,5.6843418860808e-14,0.399789579370404
2000,7,23,5.37299060821533,-5.6843418860808e-14,4.2446795333999,0,0.414596600828568
2000,7,24,0.0316437929868698,5.6843418860808e-14,3.58838468401882,0,0.386121559562869
2000,7,25,0.00185933755710721,0,0.0183313020315836,-5.6843418860808e-14,0.355368514995915
2000,7,26,9.707724530017e-05,0,0.000718426308594644,5.6843418860808e-14,0.332588481983356
2000,7,27,0.666002869606018,-5.6843418860808e-14,0.320496443328011,0,0.314364455573309
2000,7,28,5.34815454483032,5.6843418860808e-14,2.71134446448559,0,0.298418432464518
2000,7,29,18.1675968170166,0,10.9474809709536,0,0.29727943081389
2000,7,30,6.50636863708496,0,12.3565194021394,-5.6843418860808e-14,0.300696435765774
2000,7,31,0.223750323057175,0,3.55391097899337,5.6843418860808e-14,0.33600548693524
2000,8,1,0.58843070268631,0,0.413661544320348,0,0.362202524899683
2000,8,2,0.0100797107443213,0,0.251969314474991,0,0.337144488585868
2000,8,3,0.00890190526843071,0,0.00942216774637927,0,0.293862425862007
2000,8,4,0.00291732721962035,0,0.00630982077927911,0,0.260831377993797
2000,8,5,0.00499457586556673,0,0.00431621852840181,0,0.23691234333061
2000,8,6,0.00194098521023989,5.6843418860808e-14,0.00351692502954393,5.6843418860808e-14,0.217549315269935
2000,8,7,0.00528225209563971,-5.6843418860808e-14,0.00313811616433668,-5.6843418860808e-14,0.202742293811772
2000,8,8,0.00680784834548831,0,0.00601226037906599,0,0.187935272353609
2000,8,9,0.00056631222832948,0,0.00472617033665301,0,0.171989249244818
2000,8,10,0.0671735629439354,-5.6843418860808e-14,0.0301815364146023,-5.6843418860808e-14,0.157182227786655
2000,8,11,0.0136701827868819,5.6843418860808e-14,0.0328174800088163,5.6843418860808e-14,0.14351420797912
2000,8,12,3.93407589172057e-07,0,0.00712943768303376,0,0.133263193123468
2000,8,13,3.5458793718135e-05,0,2.14305946428794e-05,0,0.121873176617189
2000,8,14,2.77803464996396e-05,0,3.2268919312628e-05,0,0.109344158460282
2000,8,15,0.000414937676396221,0,0.000229524954193039,0,0.0956761386527464
2000,8,16,0.000457889662357047,0,0.000444194080046145,0,0.084286122146467
2000,8,17,0.520126938819885,0,0.244602471131657,0,0.0774521122426994
2000,8,18,0.0544168800115585,0,0.265139923143579,5.6843418860808e-14,0.0694791006883039
2000,8,19,0.998550057411194,0,0.421297730172228,-5.6843418860808e-14,0.0649230940857922
2000,8,20,0.000623996776994318,0,0.514933737114916,0,0.0580890841820246
2000,8,21,0.00181131914723665,0,0.00137082661603927,0,0.0535330775795128
2000,8,22,0.0455788001418114,0,0.0159077706302924,0,0.0489770709770011
2000,8,23,0.459933787584305,0,0.190780667369836,0,0.0455600660251173
2000,8,24,7.74479818344116,0,2.82255144940791,0,0.0432820627238614
2000,8,25,0.0277757477015257,0,4.11440099027459,0,0.0398650577719777
2000,8,26,0,0,0.0116783405355818,0,0.0387260561213497
2000,8,27,0.0193863175809383,0,0.00785704014924704,0,0.0364480528200938
2000,8,28,1.1466750947875e-05,0,0.012642016994505,0,0.0353090511694659
2000,8,29,3.99235505028628e-05,0,3.01969121210277e-05,5.6843418860808e-14,0.0318920462175821
2000,8,30,4.65171651740093e-05,0,4.23710007453337e-05,-5.6843418860808e-14,0.0307530445669542
2000,8,31,0.000394506583688781,0,0.000262204932369059,0,0.0284750412656983
2000,9,1,0.1821658462286,0,0.144000883221452,-5.6843418860808e-14,0.0273360396150704
2000,9,2,1.83923709392548,0,1.10560291302681,5.6843418860808e-14,0.0261970379644425
2000,9,3,0.156338259577751,0,0.91277617675587,0,0.0250580363138145
2000,9,4,0.614463269710541,0,0.294884635986818,0,0.0250580363138145
2000,9,5,0.000698149495292455,0,0.445091026056616,0,0.0239190346631866
2000,9,6,0.00925766304135323,0,-0.0184744068865257,0,0.0227800330125587
2000,9,7,7.29777639207896e-06,0,0.00676364206810831,0,0.0227800330125587
2000,9,8,0.103626169264317,0,0.0310157915846503,0,0.0227800330125587
2000,9,9,0.34613224864006,0,0.180638791018282,0,0.0227800330125587
2000,9,10,1.65204405784607,0,0.74966478605711,0,0.0227800330125587
2000,9,11,0.155648738145828,0,1.24405671810382,0,0.0227800330125587
2000,9,12,9.93454933166504,0,3.11351931227182,0,0.0227800330125587
2000,9,13,6.82587385177612,0,8.97657598618389,0,0.0227800330125587
2000,9,14,0.000392705027479678,0,3.41257028260588,0,0.0227800330125587
2000,9,15,0.000926537089981139,0,0.000604125430982094,0,0.0239190346631866
2000,9,16,3.51527851307765e-05,0,0.000310189705487574,0,0.0250580363138145
2000,9,17,2.69718093477422e-05,0,3.13317505060695e-05,0,0.0261970379644425
2000,9,18,3.28345748812353e-07,0,1.21880948427133e-05,0,0.0261970379644425
2000,9,19,8.99140195542714e-06,0,-0.0496645761340915,0,0.0250580363138145
2000,9,20,0.458326756954193,0,0.30092858563512,0,0.0239190346631866
2000,9,21,0.000144517311127856,0,0.0280458370289125,0,0.0239190346631866
2000,9,22,1.65267181396484,0,-0.0649935219116742,0,0.0239190346631866
2000,9,23,10.6133966445923,0,3.06676342294668,0,0.0261970379644425
2000,9,24,42.8949165344238,0,28.3111737851141,5.6843418860808e-14,0.0444210643744894
2000,9,25,12.6391344070435,0,27.7682644336855,-5.6843418860808e-14,0.0432820627238614
2000,9,26,0.0109517090022564,0,6.32761097874027,0,0.0455600660251173
2000,9,27,0.00354548217728734,0,0.00707129664442618,0,0.0523940759288849
2000,9,28,0.00315280770882964,0,0.0033801853278419,5.6843418860808e-14,0.0558110808807687
2000,9,29,0.0025095131713897,-5.6843418860808e-14,0.00290598760693683,-1.13686837721616e-13,0.0580890841820246
2000,9,30,9.5721312391106e-05,5.6843418860808e-14,0.00108711915527238,5.6843418860808e-14,0.0569500825313966
2000,10,1,6.96156639605761e-05,0,8.29249875096139e-05,0,0.0546720792301408
2000,10,2,0.000240498571656644,0,0.000180194943823153,0,0.051255074278257
2000,10,3,9.272871830035e-05,0,0.000176513516635168,0,0.0455600660251173
2000,10,4,0.158774852752686,0,0.102122567153856,0,0.0387260561213497
2000,10,5,0.710918426513672,0,0.427953027963667,-5.6843418860808e-14,0.034170049518838
2000,10,6,14.4301195144653,0,7.54535487538669,5.6843418860808e-14,0.034170049518838
2000,10,7,1.62213671207428,0,8.05422505402748,0,0.0296140429163263
2000,10,8,2.20412821363425e-05,0,0.874527001749812,0,0.0273360396150704
2000,10,9,0.000140548829222098,0,9.46850959735457e-05,0,0.0261970379644425
2000,10,10,3.30456896335818e-05,0,7.74489526520483e-05,0,0.0261970379644425
2000,10,11,2.33697774092434e-05,-5.6843418860808e-14,2.86904651147779e-05,-5.6843418860808e-14,0.0261970379644425
2000,10,12,0.000385040533728898,5.6843418860808e-14,0.000145095586049138,5.6843418860808e-14,0.0261970379644425
2000,10,13,1.10341097752098e-05,0,0.000216996191738872,0,0.0250580363138145
2000,10,14,0.013209612108767,0,0.00841646351909731,0,0.0250580363138145
2000,10,15,0.533880591392517,0,0.240222079552041,0,0.0250580363138145
2000,10,16,7.26605701446533,0,3.58664512795076,0,0.0296140429163263
2000,10,17,0.979417443275452,0,4.24000768882615,0,0.0273360396150704
2000,10,18,0.00310675287619233,0,0.592527848613827,0,0.0273360396150704
2000,10,19,0.00173753558192402,0,0.00223886913590832,0,0.0273360396150704
2000,10,20,0.0115738352760673,0,0.0063133628864307,-5.6843418860808e-14,0.0284750412656983
2000,10,21,1.09089934825897,-5.6843418860808e-14,0.520446039587114,0,0.0284750412656983
2000,10,22,1.20047473907471,5.6843418860808e-14,1.14444888597791,5.6843418860808e-14,0.0284750412656983
2000,10,23,0.398824095726013,0,0.852657579580409,0,0.0284750412656983
2000,10,24,0.148921087384224,0,0.297193395854265,0,0.0284750412656983
2000,10,25,0.260139942169189,0,0.228927977565036,0,0.0273360396150704
2000,10,26,0.434754610061646,0,0.329979378766438,0,0.0273360396150704
2000,10,27,6.55163812637329,0,3.15043610142311,0,0.0261970379644425
2000,10,28,7.75872373580933,0,7.10332560137977,0,0.0273360396150704
2000,10,29,0.433318912982941,0,4.10870383949441,0,0.0273360396150704
2000,10,30,16.6848430633545,0,5.82997286445971,0,0.0466990676757452
2000,10,31,2.52443027496338,0,9.65379005346404,0,0.0455600660251173
2000,11,1,1.14214837551117,0,1.83757810228053,0,0.0523940759288849
2000,11,2,16.1232070922852,0,8.33817416466263,0,0.0660620957364201
2000,11,3,0.0928527340292931,5.6843418860808e-14,8.22122996848702,5.6843418860808e-14,0.0637840924351642
2000,11,4,6.17024564743042,-5.6843418860808e-14,3.10947040586325,-5.6843418860808e-14,0.0763131105920715
2000,11,5,7.55404615402222,0,6.77841824561256,0,0.0785911138933274
2000,11,6,54.6316413879395,0,27.8322108848552,0,1.28707186520956
2000,11,7,3.77912020683289,0,29.2065995938174,1.70530256582424e-13,3.06391444018914
2000,11,8,4.76699829101563,0,4.27270979798777,0,1.3781919972598
2000,11,9,10.1893758773804,0,7.47797577052916,0,0.965873399732487
2000,11,10,1.23737418651581,0,5.8299662083482,0,0.904367310598579
2000,11,11,0.119221098721027,0,0.687105963668728,0,0.797301155439553
2000,11,12,1.87095034122467,0,0.930790999700548,0,0.674288977171736
2000,11,13,9.42921543121338,0,5.64025279107955,0,0.60594887813406
2000,11,14,0.000182941104867496,0,4.72132181419875,0,0.583168845121502
2000,11,15,0.000186610384844244,0,0.000185098058864241,-5.6843418860808e-14,0.555832805506431
2000,11,16,0.000401561614125967,0,0.000246124658588087,5.6843418860808e-14,0.515967747734454
2000,11,17,0.00156445207539946,0,0.000708333183865761,0,0.466990676757452
2000,11,18,1.0905961289609e-06,1.17061063065194e-08,0.000956711464823456,0,0.431681625587987
2000,11,19,6.48996137897484e-05,1.34861579681456e-08,3.63096914952621e-05,0,0.403206584322288
2000,11,20,0.0622610561549664,0,0.027101133542601,0,0.371314538104706
2000,11,21,0.102035216987133,0,0.0821126573828224,0,0.34170049518838
2000,11,22,0.163687109947205,5.6843418860808e-14,0.131706366744766,0,0.318920462175821
2000,11,23,4.45388507843018,0,2.30145897082548,0,0.307530445669542
2000,11,24,13.5845346450806,0,9.00313617016218,0,0.356507516646543
2000,11,25,26.5165309906006,1.70530256582424e-13,20.0462502900882,0,3.34866485284612
2000,11,26,0.173100635409355,5.6843418860808e-13,13.5678786657554,3.97903932025656e-13,2.90445420910123
2000,11,27,0.0324502103030682,-5.6843418860808e-14,0.108358752411732,-5.6843418860808e-14,1.66294240991678
2000,11,28,0.000687817519064993,5.6843418860808e-14,0.0171699837155757,0,1.15039166713421
2000,11,29,8.61500939208781e-06,-5.6843418860808e-14,0.000278426741715521,0,0.888421287489788
2000,11,30,0.000230245481361635,0,0.000107388899778016,0,0.707320025039946
2000,12,1,0.0155569966882467,0,0.00581830323062604,0,0.586585850073385
2000,12,2,0.0336797162890434,0,0.0258661873958772,0,0.497743721324407
2000,12,3,0.000640495389234275,0.000115777951691598,0.0194190258698654,0,0.432820627238614
2000,12,4,0.000109106244053692,0.000148520472464497,0.000252424964855891,5.6843418860808e-14,0.38042655130973
2000,12,5,0.00049412198131904,-5.6843418860808e-14,0.000246878880716395,-5.6843418860808e-14,0.337144488585868
2000,12,6,0.735674738883972,0,0.367793215093116,0,0.306391444018914
2000,12,7,0.316015332937241,0,0.525904186186381,0,0.282472409355727
2000,12,8,0.0336530730128288,0,0.176624755134981,0,0.258553374692541
2000,12,9,0.909542202949524,0,0.471118837362155,0,0.244885354885006
2000,12,10,1.46540367603302,0,1.14721742785696,0,0.234634340029354
2000,12,11,1.64051246643066,0,1.55036334108809,0,0.227800330125587
2000,12,12,2.64257717132568,1.04382835887566,0.99250360064616,0,0.217549315269935
2000,12,13,21.0423126220703,11.5187760649904,0,0,0.230078333426842
2000,12,14,7.97342205047607,12.6028685927083,1.92901686475307,0,0.233495338378726
2000,12,15,0.486924111843109,2.28316054343668,2.24582227283827,0,0.238051344981238
2000,12,16,1.87913286685944,0.552475209942145,0.729854890738352,0,0.250580363138145
2000,12,17,0.223307356238365,0.500425925749028,0.449677931712358,-5.6843418860808e-14,0.30866944732017
2000,12,18,0.000615283730439842,0.114546807489546,0,5.6843418860808e-14,0.436237632190498
2000,12,19,0.00607523508369923,0.0032174043900568,0,0,0.44648864704615
2000,12,20,0.000711234286427498,0.00359838740894247,0,0,0.403206584322288
2000,12,21,0.729915976524353,0.273601802630992,0,0,0.361063523249055
2000,12,22,0.000209945268579759,0.297890751234604,0,0,0.323476468778333
2000,12,23,0.000483800540678203,0.000380550270506319,-3.63797880709171e-12,0,0.291584422560751
2000,12,24,0.000538962893188,0.000433879454817543,8.14349587017205e-05,0,0.266526386246936
2000,12,25,0.447082787752152,0.219399668370443,7.26574362488464e-05,0,0.250580363138145
2000,12,26,9.32307434082031,4.51007891976087,0.164540735197079,0,0.248302359836889
2000,12,27,7.53021669387817,6.12908395147883,2.30297077657815,0,0.247163358186261
2000,12,28,0.424287289381027,1.90932082080599,2.52433059094255,0,0.240329348282494
2000,12,29,0.0369798764586449,0.10870190832668,0.124350194415456,0,0.234634340029354
2000,12,30,0.105714038014412,0.0690081832451597,-3.63797880709171e-12,0,0.232356336728098
2000,12,31,0.0469254292547703,0.0811833297068461,3.63797880709171e-12,0,0.230078333426842
2001,1,1,0.241789355874062,0.161963148697055,0,0,0.226661328474959
2001,1,2,0.00949049461632967,0.132576108313287,0,0,0.218688316920563
2001,1,3,0.00175406341440976,0.00470832441965285,0,0,0.20957630371554
2001,1,4,2.64871788024902,0.300879788359111,0.950760182473459,0,0.202742293811772
2001,1,5,4.78308757010382e-05,0.320549369761579,1.01606478988106,1.64266179806964,0.199325288859888
2001,1,6,8.04137307568453e-05,0,6.37153862044215e-05,4.08977969718205,0.200464290510516
2001,1,7,6.81130768498406e-05,0,7.43150158086792e-05,4.87810063810787,0.208437302064912
2001,1,8,0.0186102110892534,0,0.00757097540918039,3.47428752633664,0.280194406054471
2001,1,9,0.000310883275233209,9.64754121923761e-07,0.0106648998771561,0.81849600734563,0.489770709770011
2001,1,10,1.20510160923004,9.89800582829048e-07,0.668482142027642,0,0.567222822012711
2001,1,11,6.78618717193604,0,3.9909226853888,0.122482479221958,0.577473836868362
2001,1,12,1.7291167974472,0,4.33253695538588,0.708960315003196,0.792745148837041
2001,1,13,1.53896868228912,0,1.64556430468656,1.50241132385827,1.18456171665305
2001,1,14,3.90516519546509,0,2.59442970004602,2.69036713917683,1.36680198075352
2001,1,15,0.0168957561254501,0,1.97888693368805,2.78562147272794,1.60599232738539
2001,1,16,2.46499800682068,0,1.10768887615995,1.31033311787894,1.44653209629747
2001,1,17,3.9054012298584,0,3.12105000513475,0.336555971807684,1.20734174966561
2001,1,18,1.33983397483826,0,2.65177473977383,0,1.08319056974716
2001,1,19,0.56484454870224,0.063450263514369,0.986992447673401,0,0.978402417889394
2001,1,20,0.120920531451702,0.142353466006398,0.176812701494782,0,0.888421287489788
2001,1,21,7.19296949682757e-05,0.0619894208277856,0.000434747718827566,0,0.781355132330762
2001,1,22,0.194054305553436,2.08498715892347e-05,0.0886883053171914,0.12318959977074,0.694791006883039
2001,1,23,7.9345736594405e-05,0,0.106982172019343,1.05768167060614,0.629867912797247
2001,1,24,0.00148481817450374,0,0.000619153175648535,2.60034330029612,0.579751840169618
2001,1,25,0.00313180731609464,8.24361833338116e-05,0.0021192360400164,1.98938202650641,0.541025784048268
2001,1,26,0.0482832491397858,9.65181170613505e-05,0.0251774739444954,0.861633832438429,0.509133737830686
2001,1,27,0.0275933686643839,0,0.039299752064835,1.63386363574773,0.478380693263732
2001,1,28,2.11208128929138,0,1.06333658465155,2.34163360346383,0.454461658600545
2001,1,29,18.7552070617676,0,10.0655401675613,5.17464452171839,0.787050140583902
2001,1,30,10.0581912994385,0,14.4067413398152,3.68190726614603,4.95465718023151
2001,1,31,0.00212577125057578,0,5.03065026300101,0,3.00696435765774
2001,2,1,0.000135059744934551,0,0.0014494204078801,0,2.038812954624
2001,2,2,0.00787518825381994,0.00043185629783693,0.00306293617177289,0,1.53765222834771
2001,2,3,0.000298577942885458,0.000498958811022021,0.0035993860437884,0,1.25290181569073
2001,2,4,0.0114514362066984,0,0.00587499975881656,0.00645330450231541,1.09002457965093
2001,2,5,0.000355150201357901,0,0.00658079768982134,0,0.957900388178092
2001,2,6,0.337479799985886,0,0.157546040678426,0,0.847417228067182
2001,2,7,0.0955312475562096,0,0.218467446935392,0,0.764270107571343
2001,2,8,1.46620714664459,0,0.776366360700195,0,0.695930008533667
2001,2,9,13.0507612228394,0,6.87333760720503,0,0.674288977171736
2001,2,10,2.92623114585876,0.0312059490537422,7.99159716345093,0,1.40097203027236
2001,2,11,0.00283955479972065,0.0321041244325215,1.43393479780207,0,1.4351420797912
2001,2,12,0.199144974350929,0.000660120489897054,0.0993534409608401,0,1.20734174966561
2001,2,13,3.37921071052551,0,1.73020368743164,0.0809273142335769,1.16178168364049
2001,2,14,23.1338157653809,0,11.165884194852,0,2.20966320221819
2001,2,15,41.7180328369141,4.54747350886464e-13,32.39698694873,0,12.1873176617189
2001,2,16,33.3217697143555,-3.41060513164848e-13,37.5558629623047,4.54747350886464e-13,26.424838294568
2001,2,17,4.66994285583496,1.20707945512663,18.673571663996,-1.13686837721616e-13,15.6043226136027
2001,2,18,0.00177758594509214,1.31973153396143,1.0759628349515,0,6.79983985424876
2001,2,19,0.0107545796781778,0.000234703918522428,0.00569428540256922,1.35888154848692,4.4079363879301
2001,2,20,2.50490784645081,0,1.25240703541931,1.18960378392114,3.28032475380845
2001,2,21,0.266292870044708,0,1.38796646886476,0,2.60831377993797
2001,2,22,3.14253497123718,0,1.64675592081039,0,2.18688316920563
2001,2,23,0.810674488544464,0,2.15261609015215,-1.13686837721616e-13,1.86796270702981
2001,2,24,17.6417407989502,0,9.18478168743241,-1.13686837721616e-13,2.33495338378726
2001,2,25,21.6652774810791,0,19.6501532619477,-5.6843418860808e-13,9.35120355165533
2001,2,26,0.200141608715057,0,10.933706785534,0,5.17106749385082
2001,2,27,4.62471580505371,0,2.41126275486022,0,3.57646518297171
2001,2,28,0.621451795101166,0,2.64955828621532,0,2.98418432464518
2001,3,1,0.0336498692631722,0,0.382196771111921,0,2.48302359836889
2001,3,2,0.0684671625494957,0,0.0415765167308564,0,2.15271311968679
2001,3,3,0.469920665025711,0,0.26403883067178,0,1.86796270702981
2001,3,4,3.38807606697083,0,1.62299727158461,0,1.68572244292934
2001,3,5,0.000153018903802149,0,2.16750273213984,0,1.48070214581631
2001,3,6,0.000162096504936926,0,0.000159722952957964,0,1.27568184870328
2001,3,7,7.09623272996396e-05,0,0.000134443445858778,0,1.15039166713421
2001,3,8,0.55872517824173,0,0.275421971091419,0,1.06154953838523
2001,3,9,0.000460817711427808,0,0.306774943062919,0,0.981819422841278
2001,3,10,0.00496350275352597,0,0.00235554438768304,1.13686837721616e-13,0.905506312249207
2001,3,11,0.318301290273666,0,0.161421985194465,-1.13686837721616e-13,0.84286122146467
2001,3,12,2.90907454490662,0,1.60335308166395,0,0.800718160391437
2001,3,13,0.00836348719894886,0,1.55658910611237,0,0.767687112523227
2001,3,14,0.758600473403931,0,0.462379952037736,0,0.719849043196854
2001,3,15,13.0302791595459,0,6.85358277968771,0,0.750602087763808
2001,3,16,3.40687990188599,0,8.22563690655443,0,1.04902052022833
2001,3,17,0.0032101389952004,0,1.61837073412244,0,1.11963862256726
2001,3,18,0.000100182092864998,0,0.00154912033758592,0,1.00459945585384
2001,3,19,0.0327815152704716,0,0.0124896587512922,0,0.927147343611137
2001,3,20,0.000145105630508624,0,0.012100562962587,0,0.874753267682252
2001,3,21,0.000276071281405166,0,0.000205248816200765,0,0.823498193403995
2001,3,22,0.00142728537321091,0,0.000808679091278464,0,0.77679912572825
2001,3,23,0.000464245909824967,0,0.000993107249087188,0,0.736934067956273
2001,3,24,0.196879357099533,0,0.0983310547562724,0,0.698208011834923
2001,3,25,0.120993658900261,0,0.157486067637365,0,0.65036994250855
2001,3,26,1.46892477914662e-06,0,0.0676709136132558,0,0.604809876483432
2001,3,27,0.000117548181151506,0,4.49955805379432e-05,0,0.564944818711455
2001,3,28,1.00069963932037,0,0.556289773972821,0,0.543303787349524
2001,3,29,4.64624166488648,0,2.50298728025155,0,0.556971807157059
2001,3,30,4.30639791488647,0,4.47729436032023,0,0.620755899592223
2001,3,31,0.817560374736786,0,2.79490429933867,0,0.661759959014829
2001,4,1,0.131776675581932,0,0.416533371793776,0,0.633284917749131
2001,4,2,0.0351785160601139,0,0.0699480241455603,0,0.599114868230293
2001,4,3,0.0953742489218712,0,0.0650739533521119,0,0.574056831916478
2001,4,4,0.163671240210533,0,0.128789865808358,0,0.556971807157059
2001,4,5,0.0651520565152168,0,0.116149730394682,0,0.536469777445756
2001,4,6,0.258041650056839,0,0.156516876046226,0,0.517106749385081
2001,4,7,0.399691939353943,0,0.33951129954221,0,0.502299727926918
2001,4,8,1.87795042991638,0,1.10667412955445,0,0.482936699866244
2001,4,9,0.00540522253140807,0,1.01012015340166,0,0.466990676757452
2001,4,10,0.362321615219116,0,0.15868096725535,0,0.44648864704615
2001,4,11,1.4707282781601,0,1.03571900612951,0,0.44079363879301
2001,4,12,9.45351314544678,0,5.16774480879394,0,0.515967747734454
2001,4,13,0.0170524101704359,0,4.92250357517332,0,0.720988044847481
2001,4,14,0.243184417486191,0,0.112096482742345,0,0.701625016786807
2001,4,15,12.8565883636475,0,6.54347888145276,0,0.676566980472992
2001,4,16,0.0664187595248222,0,6.48013771793558,0,0.754019092715692
2001,4,17,3.23926033161115e-05,0,0.0303101069221157,0,0.801857162042065
2001,4,18,3.72473878087476e-05,0,3.41896957252175e-05,0,0.71643203824497
2001,4,19,0.00164587888866663,0,0.00102991559106158,0,0.662898960665457
2001,4,20,0.2859246134758,0,0.139646471347078,0,0.627589909495991
2001,4,21,0.144966870546341,0,0.231076224798017,0,0.602531873182176
2001,4,22,0.0536649823188782,0,0.0957566103534191,0,0.564944818711455
2001,4,23,3.75711131095886,0,1.60380830113354,0,0.533052772493873
2001,4,24,4.32510995864868,0,4.07805943266794,0,0.536469777445756
2001,4,25,3.57423741661478e-05,0,2.41891952328297,0,0.533052772493873
2001,4,26,0.00325457495637238,0,0.00191209906915901,0,0.480658696564988
2001,4,27,0.0247022584080696,0,0.0122435653356661,0,0.431681625587987
2001,4,28,0.0219175200909376,0,0.0232010868021462,0,0.392955569466637
2001,4,29,0.00193996238522232,0,0.0147897223650944,0,0.358785519947799
2001,4,30,0.0143305761739612,0,0.00747570382009144,0,0.326893473730217
2001,5,1,0.108453437685966,0,0.0727551832023892,0,0.299557434115146
2001,5,2,0.0551034286618233,0,0.0857169876762782,0,0.277916402753216
2001,5,3,0.0564995259046555,0,0.0557929435526603,0,0.256275371391285
2001,5,4,0.0100865196436644,0,0.0269601020336268,0,0.240329348282494
2001,5,5,0.865361094474793,0,0.332571622322575,0,0.227800330125587
2001,5,6,3.48386478424072,0,2.07606692207264,0,0.216410313619307
2001,5,7,19.9971408843994,0,11.6526458499357,0,0.23121733507747
2001,5,8,1.09208357334137,0,10.5592314149544,0,0.248302359836889
2001,5,9,0.00583172915503383,0,0.590752741078177,0,0.280194406054471
2001,5,10,0.0219732820987701,0,0.0131574858532986,0,0.317781460525193
2001,5,11,1.77363765239716,0,0.803638511380996,0,0.279055404403844
2001,5,12,5.78568744659424,0,3.69874608478494,0,0.248302359836889
2001,5,13,0.00666530756279826,0,4.26069254114555,0,0.224383325173703
2001,5,14,0.956598997116089,0,0.4434793692526,0,0.207298300414284
2001,5,15,0.00260939658619463,0,0.684357637626817,0,0.192491278956121
2001,5,16,0.00219429191201925,0,0.00245194380840985,0,0.182240264100469
2001,5,17,1.25856137275696,0,0.50944283489298,0,0.17085024759419
2001,5,18,5.25793600082398,0,2.80929599162118,0,0.159460231087911
2001,5,19,1.3391820192337,0,3.62765506031428,0,0.150348217882887
2001,5,20,3.76678252220154,0,2.33710894802789,0,0.150348217882887
2001,5,21,30.7459449768066,0,17.2207257081427,0,0.177684257497958
2001,5,22,2.35798001289368,0,16.5529422832587,0,0.197047285558632
2001,5,23,0.304002702236176,0,1.4334503629907,0,0.295001427512635
2001,5,24,0.25639596581459,0,0.278049588363501,0,0.34170049518838
2001,5,25,0.0025786233600229,0,0.110938379093568,0,0.296140429163263
2001,5,26,0.000369284098269418,0,0.00152348788469681,0,0.249441361487517
2001,5,27,0.0468185618519783,1.13686837721616e-13,0.0187461794630508,0,0.218688316920563
2001,5,28,0.655643939971924,-1.13686837721616e-13,0.384371348343848,0,0.19818628720926
2001,5,29,0.544485032558441,0,0.602570490849757,0,0.182240264100469
2001,5,30,22.2035961151123,0,10.6278729772566,0,0.189074274004237
2001,5,31,9.1850471496582,0,15.716218413676,0,0.202742293811772
2001,6,1,0.051925215870142,0,4.84959951670317,0,0.271082392849448
2001,6,2,3.87861847877502,0,1.92331738930079,0,0.387260561213497
2001,6,3,0.869563519954681,0,3.32122897289446,1.13686837721616e-13,0.358785519947799
2001,6,4,0.0904730185866356,0,0.448194938748202,-1.13686837721616e-13,0.312086452272054
2001,6,5,0.0567777082324028,0,0.0715522959690134,0,0.272221394500076
2001,6,6,0.0153357069939375,0,0.0376829024753533,0,0.240329348282494
2001,6,7,0.0345542505383492,0,0.0225039187789662,0,0.212993308667423
2001,6,8,0.00219961651600897,0,0.0174555568883079,0,0.192491278956121
2001,6,9,0.255933105945587,0,0.109105828814791,0,0.173128250895446
2001,6,10,0.485599607229233,0,0.388352193047467,0,0.158321229437283
2001,6,11,0.00287750153802335,0,0.25482032961736,0,0.145792211280375
2001,6,12,3.08674207190052e-05,0,0.00106395775219426,0,0.134402194774096
2001,6,13,0.00148677488323301,0,0.000677303742122604,0,0.120734174966561
2001,6,14,2.08249807357788,0,0.982534702277917,0,0.112761163412165
2001,6,15,39.6005401611328,0,18.9698928854086,0,0.205020297113028
2001,6,16,0.266528725624084,0,19.9452569844434,0,1.27568184870328
2001,6,17,0.0339490734040737,0,0.167799078506505,0,0.666315965617341
2001,6,18,0.00619866186752915,0,0.0193058214026678,0,0.43509863053987
2001,6,19,4.41078482253943e-05,0,0.00315057022089604,0,0.313225453922682
2001,6,20,0.375574856996536,0,0.170054199781589,0,0.247163358186261
2001,6,21,6.8059253692627,0,3.51768372749575,0,0.222105321872447
2001,6,22,11.5010414123535,0,9.15136547524526,0,0.199325288859888
2001,6,23,8.05554518592544e-05,0,5.86070243489667,0,0.178823259148585
2001,6,24,0.045733030885458,0,0.0219505387867684,0,0.162877236039794
2001,6,25,0.000523392693139613,0,0.0235700219964201,0,0.145792211280375
2001,6,26,0.164883837103844,0,0.0819417824568518,0,0.13212419147284
2001,6,27,3.27780342102051,0,1.29010205838495,0,0.123012178267817
2001,6,28,6.87594747543335,0,4.90878621888987,0,0.133263193123468
2001,6,29,6.04782915115356,0,6.37470345592737,0,0.148070214581631
2001,6,30,10.7123384475708,0,8.20679801621736,0,0.138958201376608
2001,7,1,2.97839665412903,0,6.84746189794532,0,0.127568184870328
2001,7,2,0.544515073299408,0,1.79035696521532,0,0.118456171665305
2001,7,3,0.570918142795563,0,0.557696937536093,0,0.111622161761537
2001,7,4,1.64789605140686,0,1.13819339627298,0,0.0968151403033743
2001,7,5,5.47976636886597,0,3.37174969025728,0,0.10478815185777
2001,7,6,8.3884220123291,0,6.58925501058184,0,0.108205156809654
2001,7,7,0.0161279756575823,0,4.22034164150682,0,0.135541196424724
2001,7,8,0.000272932229563594,0,0.00820860877865925,0,0.16515523934105
2001,7,9,5.70481788599864e-05,0,0.000154042470967397,0,0.142375206328492
2001,7,10,0.967870950698853,0,0.469121591668227,0,0.112761163412165
2001,7,11,0.15779472887516,0,0.624502348360693,0,0.0933981353514905
2001,7,12,0.432011395692825,0,0.319582624772011,0,0.0820081188452112
2001,7,13,22.6557064056397,0,10.8529913101811,0,0.0945371370021184
2001,7,14,1.75407457351685,0,12.4491409092989,0,0.0785911138933274
2001,7,15,0.000180319344508462,0,0.924482186161185,0,0.0763131105920715
2001,7,16,0.546726107597351,0,0.299151213275763,0,0.0706181023389318
2001,7,17,3.61012387275696,0,1.84159278946026,0,0.0694791006883039
2001,7,18,0.0584044791758061,0,1.89861050829495,0,0.0694791006883039
2001,7,19,0.600400388240814,0,0.294602863217733,0,0.068340099037676
2001,7,20,5.42632007598877,0,2.81988893514063,0,0.0706181023389318
2001,7,21,0.0195286385715008,0,2.82425339230031,0,0.0615060891339084
2001,7,22,0.145458027720451,0,0.0706912611422013,0,0.0592280858326525
2001,7,23,1.00779056549072,0,0.655019644611457,0,0.0580890841820246
2001,7,24,2.48495841026306,-1.13686837721616e-13,1.65931956212808,0,0.0558110808807687
2001,7,25,4.45063400268555,1.13686837721616e-13,3.32249378805864,0,0.0523940759288849
2001,7,26,5.28097629547119,0,4.75712623380605,0,0.0626450907845363
2001,7,27,5.14863777160645,0,5.20348068942258,0,0.109344158460282
2001,7,28,5.567063331604,0,5.35358805176657,0,0.118456171665305
2001,7,29,2.47324371337891,0,4.24218918672341,0,0.11048316011091
2001,7,30,1.74139976501465,0,2.21106055377095,0,0.113900165062793
2001,7,31,0.758287012577057,0,1.21633904802002,0,0.130985189822212
2001,8,1,0.751217663288117,0,0.755248859462881,0,0.112761163412165
2001,8,2,0.0014113204088062,0,0.336886746128585,0,0.101371146905886
2001,8,3,0.108988553285599,0,0.0522326882783091,0,0.0911201320502346
2001,8,4,0.541888773441315,0,0.354506112678791,0,0.0933981353514905
2001,8,5,0.539418160915375,0,0.541142398204102,0,0.0797301155439553
2001,8,6,0.201159372925758,0,0.426140863706678,0,0.0694791006883039
2001,8,7,0.612788021564484,0,0.32228299419512,0,0.0660620957364201
2001,8,8,3.0260534286499,0,1.58627378517485,0,0.0660620957364201
2001,8,9,1.0421553850174,0,2.19189364037811,0,0.0580890841820246
2001,8,10,6.69153356552124,0,2.68492220793996,0,0.0592280858326525
2001,8,11,15.8438158035278,0,10.524773055542,0,0.0615060891339084
2001,8,12,8.04919147491455,0,12.3012916538319,0,0.0558110808807687
2001,8,13,5.11489820480347,0,6.80334528525782,0,0.0569500825313966
2001,8,14,0.0103287836536765,0,3.24048886156379,0,0.0694791006883039
2001,8,15,0.046399436891079,0,0.0276781517713971,0,0.0877031270983508
2001,8,16,4.34668302536011,0,1.93760557992209,0,0.0865641254477229
2001,8,17,0.315372139215469,0,2.72489874699386,0,0.0751741089414436
2001,8,18,0.259898871183395,0,0.28006282831484,0,0.0660620957364201
2001,8,19,0.72914457321167,0,0.411361943744851,0,0.0580890841820246
2001,8,20,0.114553540945053,0,0.535053281531873,0,0.0523940759288849
2001,8,21,0.280933558940887,0,0.178451535499335,0,0.0478380693263732
2001,8,22,0.000689458334818482,0,0.195814622729813,0,0.0444210643744894
2001,8,23,0.00646274024620652,0,-0.00356595106859459,0,0.0410040594226056
2001,8,24,0.130818352103233,0,0.0255502522704774,0,0.0387260561213497
2001,8,25,0.515277087688446,0,0.102734359981696,0,0.0364480528200938
2001,8,26,3.50803899765015,0,1.42931813063478,0,0.034170049518838
2001,8,27,3.34187364578247,0,3.61731002881061,0,0.034170049518838
2001,8,28,0.036284077912569,0,2.31934261525385,0,0.0318920462175821
2001,8,29,0.488014906644821,0,0.0737253394763684,0,0.0296140429163263
2001,8,30,2.54530191421509,0,1.21374432553421,0,0.0284750412656983
2001,8,31,0.413475185632706,0,1.88849122368265,0,0.0273360396150704
2001,9,1,0.650206029415131,0,0.513721848608839,0,0.0261970379644425
2001,9,2,0.0581844560801983,0,0.473761577311961,0,0.0250580363138145
2001,9,3,0.000548704527318478,0,0.039728534185997,0,0.0250580363138145
2001,9,4,0.0214179828763008,0,-0.0109036504691176,0,0.0239190346631866
2001,9,5,0.389527142047882,0,0.134208286272042,0,0.0239190346631866
2001,9,6,0.361560523509979,0,0.382460826291208,0,0.0227800330125587
2001,9,7,0.332555264234543,0,-0.726220510572603,0,0.0227800330125587
2001,9,8,22.6839389801025,0,5.68219735371167,0,0.0261970379644425
2001,9,9,52.0358581542969,0,31.5698484320455,0,0.585446848422757
2001,9,10,7.51594638824463,0,29.8361611822402,0,0.648091939207294
2001,9,11,4.26740843977314e-05,0,3.86070512679726,0,0.363341526550311
2001,9,12,1.95985853672028,0,0.913986946026853,0,0.260831377993797
2001,9,13,1.22555265988922e-05,0,0.834957473682152,0,0.206159298763656
2001,9,14,0,0,6.34187017567456e-06,0,0.169711245943562
2001,9,15,0.00112951605115086,0,0.000491384769702563,0,0.142375206328492
2001,9,16,0.000312329531880096,0,0.000816501982626505,0,0.124151179918445
2001,9,17,0.469932854175568,0,0.261085626916611,0,0.112761163412165
2001,9,18,9.14933586120605,0,4.2909978684329,0,0.126429183219701
2001,9,19,21.1876430511475,0,14.8453679232443,0,0.234634340029354
2001,9,20,0.0190310496836901,0,10.6149062389632,0,0.272221394500076
2001,9,21,0.626361846923828,0,0.275973836964113,0,0.20957630371554
2001,9,22,0.500522613525391,0,0.568075342831435,0,0.17085024759419
2001,9,23,1.22928273677826,0,0.859898373746546,0,0.16515523934105
2001,9,24,6.6436767578125,0,3.64245217282223,0,0.202742293811772
2001,9,25,7.7012344263494e-05,0,3.8704884334511,0,0.207298300414284
2001,9,26,6.54329269309528e-05,0,7.12552246113773e-05,0,0.173128250895446
2001,9,27,0.0001163433335023,0,8.7091131717898e-05,0,0.141236204677864
2001,9,28,0.00521579524502158,0,0.00326930395021918,0,0.120734174966561
2001,9,29,0.000651930517051369,0,0.00321511937727337,0,0.109344158460282
2001,9,30,6.74932307447307e-05,0,0.000264990801952081,0,0.0979541419540022
2001,10,1,8.3584243839141e-05,0,7.46621590224095e-05,0,0.0877031270983508
2001,10,2,7.61942064855248e-05,0,7.87400240369607e-05,0,0.0785911138933274
2001,10,3,8.42829686007462e-05,0,7.97235552454367e-05,0,0.0728961056401877
2001,10,4,0.00168020033743233,0,0.00111350704537472,0,0.068340099037676
2001,10,5,2.43852782249451,0,1.06762410568263,0,0.0785911138933274
2001,10,6,15.856743812561,0,8.64536809226411,0,0.067201097387048
2001,10,7,0.13644614815712,0,7.99869240024418,0,0.0626450907845363
2001,10,8,0.711159586906433,0,0.404795620321238,0,0.0626450907845363
2001,10,9,0.236963167786598,0,0.414195600576932,0,0.0615060891339084
2001,10,10,10.3953189849854,0,4.84285376970365,0,0.0626450907845363
2001,10,11,33.8992729187012,0,22.0719152982601,0,0.085425123797095
2001,10,12,4.13032865524292,0,19.0149637635514,0,0.17085024759419
2001,10,13,19.4332218170166,0,10.9929099740657,0,0.625311906194735
2001,10,14,0.823511481285095,0,10.1416024485916,0,0.779077129029506
2001,10,15,1.76396417617798,0,1.2908699374857,0,0.836027211560903
2001,10,16,0.218598768115044,0,1.07693037946956,0,0.585446848422757
2001,10,17,1.38936471939087,0,0.918729202134273,0,0.444210643744894
2001,10,18,8.04457304184325e-05,0,0.745764298313588,0,0.356507516646543
2001,10,19,0.000516287633217871,0,0.000297952508844901,0,0.292723424211379
2001,10,20,0.0176415964961052,0,0.00805839566965005,0,0.248302359836889
2001,10,21,0.00609526131302118,0,0.0101459367397183,0,0.222105321872447
2001,10,22,0.0352494940161705,0,0.0196696114035149,0,0.199325288859888
2001,10,23,1.42359209060669,0,0.65409419619391,0,0.183379265751097
2001,10,24,0.773343205451965,0,1.14031560110016,0,0.168572244292934
2001,10,25,0.588673412799835,0,0.687322820111149,0,0.154904224485399
2001,10,26,2.32459187827772e-05,0,0.247662073339598,0,0.14351420797912
2001,10,27,3.61691090802196e-05,0,3.09509341605008e-05,0,0.130985189822212
2001,10,28,0.000198467198060825,0,0.000116808434540872,0,0.119595173315933
2001,10,29,5.13529230374843e-05,0,0.000136948750878219,0,0.11048316011091
2001,10,30,6.48982313578017e-05,0,5.91700118093286e-05,0,0.102510148556514
2001,10,31,0.000189107537153177,0,0.000119346532301279,0,0.0990931436046302
2001,11,1,0.208564594388008,0,0.120772388749174,0,0.0968151403033743
2001,11,2,1.79258704185486,0,0.936393908523314,0,0.100232145255258
2001,11,3,13.604151725769,0,7.83023601266905,0,0.107066155159026
2001,11,4,0.0331544391810894,0,7.17888502911228,0,0.0968151403033743
2001,11,5,0.0196143072098494,0,0.0270541308273096,0,0.0979541419540022
2001,11,6,0.0493741221725941,0,0.0332091300006141,0,0.10478815185777
2001,11,7,0.000105382699985057,0,0.0267650034365943,0,0.100232145255258
2001,11,8,0.15220832824707,0,0.0996684546626057,0,0.100232145255258
2001,11,9,2.16013026237488,0,1.10721610356632,0,0.0979541419540022
2001,11,10,0.00279742875136435,0,1.39123390551686,0,0.0945371370021184
2001,11,11,0.00286836898885667,0,0.00283159919126774,0,0.0922591337008626
2001,11,12,0.00025960395578295,0,0.00197463796212105,0,0.0899811303996067
2001,11,13,6.32673109066673e-05,0,0.00016956565741566,0,0.0877031270983508
2001,11,14,0.00195322744548321,0,0.00131313663951005,0,0.085425123797095
2001,11,15,0.000205199874471873,0,0.00108548708885792,0,0.0797301155439553
2001,11,16,0.00121097441297025,0,0.000830963715998223,0,0.0774521122426994
2001,11,17,0.00657038437202573,0,0.0036317573976703,0,0.0751741089414436
2001,11,18,0.246856525540352,0,0.144121619054204,0,0.0706181023389318
2001,11,19,5.82990121841431,0,2.45933790946583,0,0.0706181023389318
2001,11,20,2.10434103012085,0,3.98975510715536,0,0.0649230940857922
2001,11,21,0.000100282282801345,0,1.22669585893527,0,0.0626450907845363
2001,11,22,0.00118128058966249,0,0.000756484514568001,0,0.0603670874832804
2001,11,23,3.26277589797974,0,1.55257761823668,0,0.0615060891339084
2001,11,24,27.100154876709,0,14.9697369030509,0,0.612782888037828
2001,11,25,0.110887788236141,0,13.6055348397458,0,1.79962260799213
2001,11,26,0.250227510929108,0,0.17279031695216,0,1.00346045420321
2001,11,27,1.79507195949554,0,1.1323446609058,0,0.689095998629899
2001,11,28,15.7031688690186,0,8.69617262321845,0,0.628728911146619
2001,11,29,17.675708770752,0,16.6533287619022,0,1.1048316011091
2001,11,30,14.6023349761963,1.13686837721616e-13,16.1403808662908,1.13686837721616e-13,2.41468349933122
2001,12,1,0.000566499424166977,0,7.30244412489992,0,2.24383325173703
2001,12,2,0.000424860598286614,0,0.000512679456733167,0,1.69711245943562
2001,12,3,0.0158618520945311,0,0.00664981617592275,0,1.25290181569073
2001,12,4,0.340181201696396,0,0.170053002602799,0,0.99207043769693
2001,12,5,1.45128285884857,0,0.709806671260594,0,0.824637195054623
2001,12,6,8.94542407989502,0,5.1337882555963,0,0.724405049799365
2001,12,7,0.747919738292694,0,5.12373491785911,0,0.690235000280527
2001,12,8,5.35496520996094,0,2.2562449824145,0,0.824637195054623
2001,12,9,0.0103418091312051,0,2.88300081072885,0,0.946510371671812
2001,12,10,0.628818094730377,0,0.392987763556448,0,0.84286122146467
2001,12,11,0.90145069360733,0,0.727927528416331,0,0.723266048148737
2001,12,12,8.43956661224365,0,4.66172068961532,0,0.706181023389318
2001,12,13,13.0754852294922,0,10.7567062566304,0,1.34402194774096
2001,12,14,4.05746221542358,0,8.57829293087343,0,1.79962260799213
2001,12,15,3.65195417404175,0,3.86733497137539,0,1.52626221184143
2001,12,16,41.982250213623,-1.13686837721616e-13,22.8124071328057,-2.27373675443232e-13,7.02764018437435
2001,12,17,63.2746391296387,3.41060513164848e-13,51.713278824187,-9.09494701772928e-13,38.3843556261613
2001,12,18,1.08272016048431,1.02318153949454e-12,36.2049004076616,2.27373675443232e-13,12.1873176617189
2001,12,19,0.072368785738945,0,0.583379577761662,0,6.24172904544107
2001,12,20,7.33050837880001e-05,0,0.035954104274424,0,4.077625909248
2001,12,21,0.0732632055878639,0,0.0328402470477158,0,2.9727943081389
2001,12,22,0.160907059907913,0,0.110083198153006,0,2.38051344981238
2001,12,23,0.053518358618021,0,0.122522309604392,0,1.99325288859888
2001,12,24,4.28262637797161e-06,2.60543174590566e-07,0.0271240528963972,0,1.66294240991678
2001,12,25,6.40987582301023e-06,1.80589324827452e-06,3.25346991303377e-06,0,1.4351420797912
2001,12,26,3.44798936566804e-05,1.62602095770126e-05,4.04757156502455e-06,0,1.26429183219701
2001,12,27,1.7824670067057e-05,1.83761056860021e-05,1.00998258858453e-05,0,1.1378626489773
2001,12,28,6.57171694911085e-05,0,3.52287279383745e-05,0,1.0399085070233
2001,12,29,0.000302995991660282,0,0.000166581001394661,0,0.955622384876836
2001,12,30,0.00714916456490755,0.00332660596939149,0.00017956662850338,0,0.877031270983508
2001,12,31,0.000516217085532844,0.00400838270149961,2.07555276574567e-05,0,0.806413168644576
2002,1,1,9.28154477151111e-05,0.000309961220182231,6.69268047204241e-07,0,0.750602087763808
2002,1,2,0.000535009545274079,0.000300978847690203,7.27217411622405e-07,0,0.702764018437435
2002,1,3,0.000698901654686779,0.000605735991825895,0,0,0.661759959014829
2002,1,4,0.00144584232475609,0.000962836792041344,7.12138426024467e-05,0,0.627589909495991
2002,1,5,0.2572021484375,0.000824368860207869,0.0925733057265461,0,0.603670874832804
2002,1,6,6.12247657775879,0,3.1887879076603,0,0.600253869880921
2002,1,7,1.45642805099487,0.18165623587754,3.62124287031111,0,0.591141856675897
2002,1,8,0.00082494574598968,0.183094418318888,0.547066103492398,0,0.600253869880921
2002,1,9,0.000454741471912712,0,0.000640265287074726,0.380958529963436,0.57861283851899
2002,1,10,0.0861436873674393,0,0.0424285311855783,0,0.561527813759571
2002,1,11,0.000501860282383859,0,0.04544573592284,0,0.546720792301408
2002,1,12,0.00150990718975663,0,0.000999565309030004,0,0.536469777445756
2002,1,13,0.000267961353529245,0,0.000833213820442325,0,0.521662755987593
2002,1,14,0.000565630325581878,0,0.000412202363804681,0,0.505716732878802
2002,1,15,3.03293745673727e-05,0,0.000337176687025931,0,0.487492706468755
2002,1,16,0.00521920341998339,0,0.0031219655975292,0,0.470407681709336
2002,1,17,0.771606743335724,0,0.361290364013257,0,0.459017665203057
2002,1,18,2.09050345420837,0.477520287605444,0.950213875017653,0,0.453322656949917
2002,1,19,6.44745254516602,1.40133435550365,2.8652001185983,0,0.461295668504313
2002,1,20,0.686022043228149,1.01681538311823,2.55588816348245,-1.13686837721616e-13,0.469268680058708
2002,1,21,0.953911662101746,0.0943926841999883,0.723869130702951,1.29135747438374,0.481797698215616
2002,1,22,0.823764503002167,0,0.890811654928257,1.73045544383376,0.486353704818127
2002,1,23,9.31233978271484,0,5.04576502805503,0,0.530774769192617
2002,1,24,32.0228843688965,-1.13686837721616e-13,19.5788123295606,0,5.96836864929037
2002,1,25,0.603608310222626,-7.95807864051312e-13,16.3201289359931,-1.13686837721616e-13,4.47627648696778
2002,1,26,0.00021756197384093,0,0.319450833980227,0,2.88167417608867
2002,1,27,8.17648688098416e-05,0,0.000149711497215321,0,2.22105321872447
2002,1,28,3.11358453473076e-05,0,5.66897870157845e-05,0,1.84518267401725
2002,1,29,0.821305572986603,0,0.381376035886206,0,1.59460231087911
2002,1,30,4.21545839309692,0,2.46745918383749,0,1.4351420797912
2002,1,31,40.5389595031738,-2.27373675443232e-13,21.9220795324472,-1.13686837721616e-13,11.7317170014677
2002,2,1,28.3616046905518,-1.13686837721616e-13,34.4519034014411,-4.54747350886464e-13,21.6410313619307
2002,2,2,0.00192625483032316,-2.27373675443232e-13,16.0861835497526,-2.27373675443232e-13,7.4946308611318
2002,2,3,0.000477998692076653,0,0.00123304580120021,0,4.94326716372523
2002,2,4,8.60774307511747e-05,0,0.000303962213365594,0,3.61063523249055
2002,2,5,0.374400347471237,0,0.186754619113344,0,2.80194406054472
2002,2,6,7.35108280181885,1.07891829155199,2.78194936922591,0,2.40329348282494
2002,2,7,2.21053838729858,1.08659471770375,3.71111262193153,0,2.12993308667423
2002,2,8,2.08802843093872,-4.54747350886464e-13,2.15622080950561,1.22313463073135,2.038812954624
2002,2,9,0.0386383570730686,0,1.08284551979159,0.960621094767134,2.0957630371554
2002,2,10,0.00282130786217749,0,0.0257802076703229,0,2.02742293811772
2002,2,11,0.000252475874731317,0,0.00132902857512818,0,1.7654525584733
2002,2,12,9.0460765932221e-05,0,0.000179526443389477,0,1.59460231087911
2002,2,13,0.0595218576490879,0,0.0297984840690333,0,1.44653209629747
2002,2,14,0.00226171687245369,0,0.0422963509627152,0,1.29846188171584
2002,2,15,0.524582743644714,0,0.2358324383531,0,1.19595173315933
2002,2,16,1.33103668689728,0,0.914747571165208,0,1.10710960441035
2002,2,17,0.000362585444236174,0,0.776691562572523,0,1.01598947236012
2002,2,18,0.391193002462387,0,0.140716032499768,0,0.941954365069301
2002,2,19,4.49212169647217,0,1.89311015993007,0,0.936259356816161
2002,2,20,20.03977394104,0,10.1538585674862,0,1.56043226136027
2002,2,21,0.141828566789627,0,10.0919695722441,0,1.84518267401725
2002,2,22,0.000525323499459773,0,0.0758781749609625,0,1.53765222834771
2002,2,23,0.0017599145649001,0,0.000994917390926275,0,1.35541196424724
2002,2,24,9.0125911810901e-05,0,0.00101101603650022,0,1.24151179918445
2002,2,25,0.186931893229485,0,0.0893504815539927,0,1.15039166713421
2002,2,26,0.760099351406097,0.232648568783247,0.240463816135161,0,1.06041053673461
2002,2,27,0.00185455393511802,0.236455804691332,0.148690856542089,0,0.961317393129975
2002,2,28,0.0057852198369801,0.00197212932391722,0.00165688624838367,0,0.886143284188532
2002,3,1,3.00076532363892,0.00110784540777331,1.43087416639173,0.212064433778096,0.853112236320322
2002,3,2,18.4410915374756,0.411700350318483,10.2655564020897,0.223924770133067,1.38958201376608
2002,3,3,5.59120750427246,2.98293543096361,9.64483137239222,-2.27373675443232e-13,2.87028415958239
2002,3,4,4.85488224029541,5.27462930025956,0,-1.13686837721616e-13,2.39190346631866
2002,3,5,0.00103518716059625,2.43976438816094,0.000514965933689382,0.485814293964495,2.06159298763656
2002,3,6,0.00104051269590855,-1.13686837721616e-13,0.0010375356177974,3.86792073134859,1.89074274004237
2002,3,7,0.180725917220116,0,0.0811631788565137,6.8595178399728,1.74267252546074
2002,3,8,2.67619466781616,0,1.42728090828314,0,1.61738234389166
2002,3,9,30.6670246124268,-6.82121026329696e-13,16.6713903572854,0,14.6931212931003
2002,3,10,0.608770370483398,0,15.7176870621952,0,7.67687112523227
2002,3,11,2.02167129516602,0,1.31005698852096,0,5.00021724625663
2002,3,12,13.7563276290894,0,7.88571468138616,0,4.92048713071267
2002,3,13,0.00494888331741095,0,6.88128846503605,0,4.15735602479196
2002,3,14,0.000698796880897135,0,0.00288196603287361,0,3.37144488585868
2002,3,15,0.823346555233002,0,0.407462813731399,0,2.81333407705099
2002,3,16,5.32477045059204,0,2.89666946189027,0,2.89306419259495
2002,3,17,0.0320603139698505,0,2.67891454173514,0,2.7563839945196
2002,3,18,2.40533113479614,0,1.17021911954362,0,2.4260735158375
2002,3,19,53.9210052490234,0,26.1150003271359,-1.13686837721616e-13,29.8418432464518
2002,3,20,41.8629989624024,-1.25055521493778e-12,47.8936455288531,-7.95807864051312e-13,52.1662755987593
2002,3,21,0.255042761564255,1.13686837721616e-13,21.1215699102431,-1.93267624126747e-12,15.0348217882887
2002,3,22,0.000178705900907516,8.22277445422515e-06,0.127608070979477,0,7.96162153788925
2002,3,23,9.01647290447727e-05,9.31690544803132e-06,0.000131006901938235,0,5.79751840169618
2002,3,24,0.357089072465897,0,0.163065533848567,0,4.69268680058708
2002,3,25,19.0796337127686,0,9.64962958481192,0,8.55390239621578
2002,3,26,22.6378402709961,-2.27373675443232e-13,20.8544486152205,0,22.8939331776215
2002,3,27,0.00154071801807731,-3.41060513164848e-13,11.5872440849671,-2.27373675443232e-13,9.08923317201091
2002,3,28,5.46123301319312e-05,1.13686837721616e-13,0.000846743849251652,0,6.18477896290968
2002,3,29,0.00745217222720385,-1.13686837721616e-13,0.00367815032950602,0,4.85214703167499
2002,3,30,2.41300678253174,0,1.13372358520792,0,3.91816567816009
2002,3,31,6.34889650344849,0,4.2814318689052,0,3.40561493537752
2002,4,1,0.00259125442244113,0,3.2922947991101,0,2.93862425862007
2002,4,2,0.0937051922082901,0,0.0467579653923167,0,2.56275371391285
2002,4,3,0.174889832735062,0,0.132878959109803,0,2.24383325173703
2002,4,4,0.00459840521216393,0,0.0994717889370804,0,1.93630280606749
2002,4,5,5.44457070645876e-05,0,0.00276438253422384,0,1.73128250895446
2002,4,6,0.000475633045425639,0,0.000323185788147384,0,1.57182227786655
2002,4,7,7.71961259841919,0,3.80879996955991,0,1.66294240991678
2002,4,8,74.2538375854492,-1.13686837721616e-12,36.375912800122,0,33.600548693524
2002,4,9,5.54061269760132,2.27373675443232e-13,40.3126171337171,-5.6843418860808e-13,15.1487219533515
2002,4,10,6.03916705586016e-05,0,2.7868036025684,0,6.85678993678016
2002,4,11,1.57147533172974e-05,0,3.89068627555389e-05,0,4.89770709770011
2002,4,12,0.00118253752589226,0,0.000561524160730187,0,3.88399562864125
2002,4,13,2.53589200973511,0,1.24750596375452,0,3.28032475380845
2002,4,14,1.19947850704193,0,1.94196581775032,0,2.83611411006355
2002,4,15,0.0797776803374291,0,0.650955905421142,0,2.44885354885006
2002,4,16,1.26399767398834,0,0.649740994518652,0,2.15271311968679
2002,4,17,9.14995384216309,0,5.03158419280953,0,2.58553374692541
2002,4,18,0.00261763017624617,0,4.5828531458792,0,2.72221394500076
2002,4,19,0.141320675611496,0,0.080742510392156,0,2.18688316920563
2002,4,20,5.16493034362793,0,2.47294778257856,0,1.97047285558632
2002,4,21,0.23331107199192,0,3.38661511502141,0,1.83379265751097
2002,4,22,0.368447363376617,0,0.274110087560985,0,1.62877236039794
2002,4,23,4.45380306243897,0,2.02794180648561,0,1.53765222834771
2002,4,24,9.36394309997559,0,6.65744104951227,0,2.61970379644425
2002,4,25,0.12250042706728,0,5.61415027906332,0,2.28939331776215
2002,4,26,6.58343458175659,0,3.19462226568794,0,1.84518267401725
2002,4,27,3.11298036575317,0,5.05710564617766,0,1.86796270702981
2002,4,28,1.22073197364807,0,2.22209531288536,0,1.83379265751097
2002,4,29,0.64726710319519,0,0.949865756887448,0,1.7085024759419
2002,4,30,2.84372782707214,0,1.63620652589452,0,1.49209216232259
2002,5,1,2.91830277442932,0,2.87521965801352,0,1.3781919972598
2002,5,2,2.17842316627502,0,2.58085956798823,0,1.25290181569073
2002,5,3,0.192287743091583,0,1.25112983809959,0,1.10597060275972
2002,5,4,1.14822494983673,0,0.627202787560236,0,0.990931436046302
2002,5,5,0.0929159075021744,0,0.63253789285227,0,0.898672302345439
2002,5,6,0.983192026615143,0,0.480608538509841,0,0.812108176897716
2002,5,7,0.0935336500406265,0,0.590320574869111,0,0.735795066305645
2002,5,8,8.81103897094727,0,4.30958122266384,0,0.67770598212362
2002,5,9,18.4848823547363,0,13.6461944331204,0,0.929425346912393
2002,5,10,3.94648694992065,0,11.221463526108,0,1.17317170014677
2002,5,11,0.933429062366486,0,2.55487726800857,0,1.0114334657576
2002,5,12,1.30021858215332,0,1.11175893489053,0,0.863363251175973
2002,5,13,22.3614406585693,0,11.6272572950293,0,1.82240264100469
2002,5,14,0.273275554180145,0,11.3180413982045,0,2.23244323523075
2002,5,15,0.158162549138069,0,0.221859467234026,0,1.56043226136027
2002,5,16,1.10781502723694,0,0.598008119912265,0,1.23012178267817
2002,5,17,11.2453336715698,0,4.55590432935424,0,1.19595173315933
2002,5,18,9.32794284820557,1.13686837721616e-13,10.3966968670502,1.13686837721616e-13,3.31449480332728
2002,5,19,0.0888367667794228,-1.13686837721616e-13,5.6300950658333,-1.13686837721616e-13,2.39190346631866
2002,5,20,0.462748289108276,0,0.270870590553386,0,1.7085024759419
2002,5,21,0.0118727311491966,0,0.246432854604791,0,1.36680198075352
2002,5,22,0.00078550586476922,0,0.00774634556364617,0,1.13900165062793
2002,5,23,0.0100540965795517,0,0.00526006835934822,0,0.976124414588138
2002,5,24,0.442511528730392,0,0.184460230524564,0,0.833749208259647
2002,5,25,1.33558988571167,0,0.833775613104081,0,0.748324084462552
2002,5,26,6.91175365447998,0,3.32925637278458,0,0.659481955713573
2002,5,27,3.42579960823059,0,5.22962997365175,0,0.613921889688456
2002,5,28,21.0568199157715,0,12.240781213306,0,0.772243119125739
2002,5,29,17.5185356140137,0,19.2881072693599,0,2.80194406054472
2002,5,30,2.08907032012939,0,9.82860128995162,0,3.13225453922682
2002,5,31,0.102672271430492,0,1.14583157463494,0,2.15271311968679
2002,6,1,0.0409183353185654,0,0.071948231478018,0,1.49209216232259
2002,6,2,0.0043458603322506,0,0.020288066338253,0,1.13102863907354
2002,6,3,0.0317296758294106,0,0.0150345383444801,0,0.892977294092299
2002,6,4,3.79176712036133,0,1.58583956151779,0,0.724405049799365
2002,6,5,14.3776063919067,0,8.70067798560922,0,0.685678993678016
2002,6,6,13.8446941375732,0,14.1238470030767,0,1.51487219533515
2002,6,7,0.00302318087778986,0,6.9391327837111,0,1.18456171665305
2002,6,8,0.132828071713448,0,0.0746428551065037,0,0.85425123797095
2002,6,9,2.79748868942261,0,1.292046444687,0,0.713015033293086
2002,6,10,16.2408237457275,0,5.04735952247938,0,0.921452335357998
2002,6,11,10.7617979049683,0,13.5254965858694,0,1.25290181569073
2002,6,12,2.16251158714294,0,6.58436230391817,0,1.35541196424724
2002,6,13,10.3990211486816,0,5.93825508091686,0,1.23012178267817
2002,6,14,4.57570934295654,0,7.51695465331432,0,1.24151179918445
2002,6,15,0.0103707732632756,0,2.47889745745124,0,1.00118245090195
2002,6,16,1.66351723670959,0,0.726410345774639,0,0.802996163692693
2002,6,17,1.31953167915344,0,1.47726588713704,0,0.678844983774248
2002,6,18,0.00708301225677133,0,0.948829497261613,0,0.582029843470874
2002,6,19,0.00217166775837541,0,0.00390497639818932,0,0.474963688311848
2002,6,20,0.569145321846008,0,0.26975170537844,0,0.397511576069149
2002,6,21,1.43740057945251,0,1.09469156920022,0,0.353090511694659
2002,6,22,0.0260534677654505,0,0.768038133443042,0,0.33600548693524
2002,6,23,0.023308876901865,0,0.0243556319692289,0,0.306391444018914
2002,6,24,0.40667125582695,0,0.201816070890345,0,0.282472409355727
2002,6,25,4.5512638092041,0,2.14908906579876,0,0.265387384596308
2002,6,26,12.8522691726685,0,8.00158548002219,0,0.256275371391285
2002,6,27,3.5330662727356,0,8.34498520165653,0,0.260831377993797
2002,6,28,0.418542176485062,0,2.21731974405702,0,0.260831377993797
2002,6,29,1.50566256046295,0,0.994251011245069,0,0.253997368090029
2002,6,30,0.41985234618187,0,0.88618595319349,0,0.251719364788773
2002,7,1,0.117867335677147,0,0.250197002747882,0,0.247163358186261
2002,7,2,5.14942932128906,0,2.41592225271597,0,0.238051344981238
2002,7,3,9.97709274291992,0,7.09109073037689,0,0.251719364788773
2002,7,4,0.210874974727631,0,5.16087451341809,0,0.338283490236496
2002,7,5,1.77804327011108,0,0.856886920355464,0,0.296140429163263
2002,7,6,0.0972798764705658,0,1.03081668084269,0,0.258553374692541
2002,7,7,0.0246239397674799,0,0.0642842943634605,0,0.232356336728098
2002,7,8,5.92133146710694e-05,0,0.00862199888069881,0,0.212993308667423
2002,7,9,0.0028150612488389,0,0.00136145197393489,0,0.19818628720926
2002,7,10,0.0374717228114605,0,0.0148407130218402,0,0.184518267401725
2002,7,11,8.27562046051025,0,3.85273590176075,0,0.175406254196702
2002,7,12,1.91041457653046,0,5.36760170524576,0,0.171989249244818
2002,7,13,12.1977071762085,0,6.92657352991591,0,0.167433242642306
2002,7,14,4.06715202331543,0,8.36707608675351,0,0.162877236039794
2002,7,15,4.46205139160156,0,4.31961770448106,0,0.16515523934105
2002,7,16,4.17884826660156,0,4.32157934374118,0,0.161738234389166
2002,7,17,1.68388247489929,0,2.63007790050324,0,0.153765222834771
2002,7,18,15.8125505447388,0,8.29506591950485,0,0.765409109221971
2002,7,19,21.1095638275147,0,18.3306849462715,0,1.44653209629747
2002,7,20,0.700583457946777,0,10.9142496929708,0,0.631006914447875
2002,7,21,0.873641610145569,0,0.78576783574681,0,0.425986617334847
2002,7,22,1.41885042190552,0,1.13300913731655,0,0.314364455573309
2002,7,23,1.40403461456299,0,1.35832240819582,0,0.26424838294568
2002,7,24,3.27449631690979,0,2.35151761410816,0,0.23121733507747
2002,7,25,0.0103342616930604,0,2.03387763182036,0,0.211854307016796
2002,7,26,0.0165870524942875,0,0.0130674129613908,1.13686837721616e-13,0.194769282257377
2002,7,27,0.00478699617087841,0,0.00941004543346935,-1.13686837721616e-13,0.178823259148585
2002,7,28,0.00171747501008213,1.13686837721616e-13,0.00327383039257256,0,0.162877236039794
2002,7,29,0.877397537231445,-1.13686837721616e-13,0.367214708807296,0,0.149209216232259
2002,7,30,1.93438935279846,0,1.57870281141004,0,0.140097203027236
2002,7,31,8.80477333068848,0,4.83171307447992,0,0.135541196424724
2002,8,1,1.7017810344696,0,5.37970087512076,0,0.129846188171584
2002,8,2,0.0946455299854279,0,0.99787723008194,0,0.13212419147284
2002,8,3,1.26140451431274,0,0.839495541466022,0,0.13212419147284
2002,8,4,0.0127513259649277,0,0.658506747040519,0,0.125290181569073
2002,8,5,0.00776559161022306,0,0.010877319607971,0,0.116178168364049
2002,8,6,0.667488753795624,0,0.351484353264823,0,0.108205156809654
2002,8,7,2.93132591247559,0,1.56491316310712,0,0.102510148556514
2002,8,8,2.02155133592896e-05,0,1.64314203906542,0,0.0990931436046302
2002,8,9,8.25146173610847e-07,0,1.01989862741902e-05,0,0.0956761386527464
2002,8,10,0.387318074703217,0,0.193244625275838,0,0.0911201320502346
2002,8,11,1.87166965007782,0,1.06583525284441,0,0.0877031270983508
2002,8,12,0.976175427436829,0,1.30805956766926,0,0.085425123797095
2002,8,13,7.83865642547607,0,4.29495563137243,0,0.0865641254477229
2002,8,14,60.5083885192871,0,27.6179897633883,0,0.130985189822212
2002,8,15,1.12455630302429,-3.41060513164848e-13,30.8183248608584,0,0.296140429163263
2002,8,16,0.0292508471757174,0,0.594628678074514,0,0.389538564514753
2002,8,17,0.0927599146962166,0,0.0607310082486947,0,0.30866944732017
2002,8,18,0.4164197742939,0,0.246459317637346,0,0.250580363138145
2002,8,19,0.00505205290392041,0,0.188802467000642,0,0.211854307016796
2002,8,20,0.0255273040384054,0,0.016869009770744,0,0.186796270702981
2002,8,21,0.0461533181369305,0,0.0346657567788498,0,0.161738234389166
2002,8,22,0.000604676082730293,0,0.0194450775234145,0,0.145792211280375
2002,8,23,0.0376327075064182,0,0.0171007576573174,0,0.134402194774096
2002,8,24,1.71049869060516,0,0.718993042908551,0,0.124151179918445
2002,8,25,4.8691873550415,0,2.98339557955842,0,0.115039166713421
2002,8,26,0.501387178897858,0,2.84946560951721,0,0.108205156809654
2002,8,27,0.00388638698495924,0,0.254359910231869,0,0.101371146905886
2002,8,28,0.00638440204784274,0,0.00496471687438316,0,0.0968151403033743
2002,8,29,2.25362327910261e-07,0,0.00240233190197614,0,0.0911201320502346
2002,8,30,0.00768748624250293,0,0.00339393505055341,0,0.0877031270983508
2002,8,31,0.0016551410080865,0,0.00368261479525245,0,0.0808691171945832
2002,9,1,0.310018330812454,0,0.139837891179923,0,0.0751741089414436
2002,9,2,0.0069704414345324,0,0.110797859790182,0,0.0706181023389318
2002,9,3,0.00306900776922703,0,0.00518237782307551,0,0.067201097387048
2002,9,4,0.000550809025298804,0,0.00137514834568719,0,0.0615060891339084
2002,9,5,0.120778366923332,0,0.0541815362703346,0,0.0558110808807687
2002,9,6,0.274168699979782,0,0.220235138534918,0,0.0535330775795128
2002,9,7,0.148061275482178,0,0.212858058341226,0,0.0489770709770011
2002,9,8,0.154175817966461,0,0.151791118547408,0,0.0455600660251173
2002,9,9,0.00105517962947488,0,0.0840960283239838,0,0.0444210643744894
2002,9,10,0.000106064471765421,0,0.000503049705002923,0,0.0421430610732335
2002,9,11,0.0208369065076113,0,0.00826689490713761,0,0.0410040594226056
2002,9,12,0.19547663629055,1.13686837721616e-13,0.103965376314591,0,0.0398650577719777
2002,9,13,0.00154091033618897,-1.13686837721616e-13,0.0710575095872628,0,0.0387260561213497
2002,9,14,0.0328070446848869,0,0.0152449651359348,0,0.0375870544707218
2002,9,15,1.3703852891922,0,0.693366222109034,0,0.0364480528200938
2002,9,16,0.467870116233826,0,1.03172391127737,0,0.0353090511694659
2002,9,17,9.8207893371582,0,4.7703242220523,0,0.0398650577719777
2002,9,18,0.348845511674881,0,5.19031360153531,0,0.0364480528200938
2002,9,19,1.9257116317749,0,0.95323432688383,0,0.0387260561213497
2002,9,20,28.2267951965332,0,15.0724720276812,0,0.0478380693263732
2002,9,21,0.109196022152901,0,14.1784477420406,0,0.0398650577719777
2002,9,22,0.0113675883039832,0,0.0527605999959633,0,0.0398650577719777
2002,9,23,0.734722137451172,0,0.364474026056996,0,0.0398650577719777
2002,9,24,3.28326763110454e-07,0,0.402690171729773,0,0.0387260561213497
2002,9,25,0.00108122290112078,0,0.000706996819644701,0,0.0375870544707218
2002,9,26,1.20766186714172,0,0.567923779664852,0,0.0364480528200938
2002,9,27,9.51731344684958e-05,0,0.80072619137718,0,0.0364480528200938
2002,9,28,2.22359267354477e-05,0,6.26443579676561e-05,0,0.0330310478682101
2002,9,29,3.47681293533242e-06,0,1.03165257314686e-05,0,0.0318920462175821
2002,9,30,1.82691181294103e-07,1.13686837721616e-13,2.02795854420401e-06,0,0.0307530445669542
2002,10,1,0.000453480257419869,-1.13686837721616e-13,0.000241515379457269,0,0.0307530445669542
2002,10,2,0.00701658800244331,0,0.00490042493038345,0,0.0296140429163263
2002,10,3,0.0134106585755944,0,0.00994439584974316,0,0.0296140429163263
2002,10,4,0.183232292532921,0,0.0980332018771151,-1.13686837721616e-13,0.0284750412656983
2002,10,5,0.0163435116410255,0,0.0817683665736695,1.13686837721616e-13,0.0273360396150704
2002,10,6,0.14363195002079,0,0.102138187496166,0,0.0273360396150704
2002,10,7,2.88853526115418,0,1.09856891852905,0,0.0273360396150704
2002,10,8,0.240030840039253,0,1.94450248646899,0,0.0261970379644425
2002,10,9,2.52489137649536,0,0.913693475242326,0,0.0261970379644425
2002,10,10,6.23784685134888,0,4.20167541116098,0,0.0261970379644425
2002,10,11,0.234446689486504,0,3.62641315583096,0,0.0261970379644425
2002,10,12,0.0294204019010067,0,0.141954906674073,0,0.0273360396150704
2002,10,13,0.906745612621307,0,0.688811242547672,0,0.0273360396150704
2002,10,14,3.56902710336726e-05,0,0.300276109504921,0,0.0273360396150704
2002,10,15,0.00355775281786919,0,0.000788444154750323,0,0.0273360396150704
2002,10,16,0.00964405853301287,0,0.00647129929711809,0,0.0273360396150704
2002,10,17,0.369909882545471,0,0.263781288096652,0,0.0273360396150704
2002,10,18,0.605337738990784,0,0.016902177780139,0,0.0273360396150704
2002,10,19,5.39425468444824,0,2.94894306032438,0,0.0296140429163263
2002,10,20,5.08316612243652,0,5.66520463148117,0,0.0307530445669542
2002,10,21,0.841080963611603,0,2.96916621482524,0,0.0307530445669542
2002,10,22,0.0133140152320266,0,0.412078653658682,0,0.0318920462175821
2002,10,23,0.0145827019587159,0,-0.0685449856937339,0,0.0307530445669542
2002,10,24,0.829047858715057,0,-0.353862915791979,0,0.0307530445669542
2002,10,25,8.63084697723389,0,5.71451247961522,0,0.0330310478682101
2002,10,26,0.307378649711609,0,4.15021400439218,0,0.0318920462175821
2002,10,27,1.96724045276642,0,0.775313405618363,0,0.0318920462175821
2002,10,28,5.83696269989014,0,2.61039226023422,0,0.0330310478682101
2002,10,29,19.278284072876,0,12.8010366430681,-1.13686837721616e-13,0.0387260561213497
2002,10,30,0.37719002366066,0,9.83142360940838,1.13686837721616e-13,0.0364480528200938
2002,10,31,0.134573489427567,0,0.256661908006208,0,0.0375870544707218
2002,11,1,0.153260841965675,0,0.141900779806747,0,0.0398650577719777
2002,11,2,1.72338283061981,0,0.778879686888104,0,0.0421430610732335
2002,11,3,11.3510971069336,0,6.25850641346187,0,0.0444210643744894
2002,11,4,0.396372735500336,0,5.88058773263765,0,0.0432820627238614
2002,11,5,12.2148361206055,0,6.30285240845115,0,0.051255074278257
2002,11,6,0.109784282743931,0,6.16290694476993,0,0.0455600660251173
2002,11,7,0.0013525829417631,0,0.0565058125794167,0,0.0444210643744894
2002,11,8,0.00161457736976445,0,0.0014688727351313,0,0.0455600660251173
2002,11,9,0.0994203612208366,0,0.0485108003667847,0,0.0466990676757452
2002,11,10,0.0370707735419273,0,0.0706269274851366,0,0.0455600660251173
2002,11,11,0.0634104087948799,0,0.0490854290001153,0,0.0455600660251173
2002,11,12,0.000116367562441155,0,0.0351803302582994,0,0.0432820627238614
2002,11,13,0.032514963299036,0,0.0152477880874358,0,0.0410040594226056
2002,11,14,0.543452858924866,0,0.225924708098319,-1.13686837721616e-13,0.0410040594226056
2002,11,15,3.39683628082275,0,2.21914885616206,1.13686837721616e-13,0.0421430610732335
2002,11,16,0.00136821158230305,0,1.96839804177216,0,0.0398650577719777
2002,11,17,3.54070543835405e-05,0,0.000705941896740114,0,0.0410040594226056
2002,11,18,0.00249702529981732,0,0.00121136119560106,0,0.0421430610732335
2002,11,19,0.000136987102450803,0,0.00147574202128453,0,0.0421430610732335
2002,11,20,1.86582783499034e-05,0,6.52155322313774e-05,0,0.0410040594226056
2002,11,21,9.49871027842164e-05,0,5.52319288544823e-05,0,0.0410040594226056
2002,11,22,6.95548214935116e-06,0,4.02062032662798e-05,0,0.0398650577719777
2002,11,23,6.20823338977061e-05,0,3.3359548979206e-05,0,0.0375870544707218
2002,11,24,0.00123974273446947,0,0.000785068266850431,0,0.0387260561213497
2002,11,25,0.748859643936157,0,0.338277285136428,0,0.0375870544707218
2002,11,26,0.221396595239639,0,0.446090218305471,0,0.0387260561213497
2002,11,27,4.17209084844217e-05,1.29596287479217e-07,0.119988724334689,0,0.0387260561213497
2002,11,28,0.000202487630303949,1.12413545139134e-07,0.000138489405799191,0,0.0398650577719777
2002,11,29,0.000106046012660954,0,0.000158239905431401,0,0.0398650577719777
2002,11,30,0.000151978252688423,0,0.000132599729113281,0,0.0375870544707218
2002,12,1,0.000626035849563777,0,0.000330695635057054,0,0.0375870544707218
2002,12,2,0.209751054644585,0,0.0928928149587591,0,0.0375870544707218
2002,12,3,4.20396614074707,0,2.09877103563849,0,0.0387260561213497
2002,12,4,25.3391380310059,1.41054583729408,13.3582702180138,-2.27373675443232e-13,0.0603670874832804
2002,12,5,4.44799709320068,3.12980464212922,11.8065227300031,-1.13686837721616e-13,0.050116072627629
2002,12,6,0.00402715522795916,1.74702382019973,0.511553816715605,0,0.050116072627629
2002,12,7,0.00394660327583551,0.00183322150257936,0.00215737716280273,0,0.0546720792301408
2002,12,8,0.822587251663208,0,0.412709149237344,1.64519880281887,0.0626450907845363
2002,12,9,0.996063590049744,0,0.907587906527624,2.98483585389511,0.0660620957364201
2002,12,10,0.0126964347437024,0,0.599028266780806,1.69143119127943,0.0660620957364201
2002,12,11,0.268183141946793,0,0.13867363108875,0,0.0649230940857922
2002,12,12,0.742937922477722,0,0.466768177262566,0,0.0637840924351642
2002,12,13,13.8135786056519,0,6.09259324520826,0,0.0797301155439553
2002,12,14,6.15823173522949,0,10.0154592368999,0,0.0785911138933274
2002,12,15,4.55500667158049e-05,0,3.08720996814373,0,0.0865641254477229
2002,12,16,0.373271524906158,0,0.163581830685871,0,0.127568184870328
2002,12,17,0.15511554479599,0,0.295767447580147,0,0.146931212931003
2002,12,18,3.29260754585266,0,1.53255861000071,0,0.14351420797912
2002,12,19,6.83712482452393,0,5.01039836454947,0,0.141236204677864
2002,12,20,0.91670286655426,0,4.18165548140678,0,0.144653209629747
2002,12,21,0.0443178713321686,0,0.403088070208469,0,0.141236204677864
2002,12,22,1.66383814811707,0,0.792451069326489,0,0.154904224485399
2002,12,23,4.21567010879517,0,2.93963032746251,0,0.160599232738539
2002,12,24,14.9161071777344,1.52959931178668,8.03590040161362,0,0.171989249244818
2002,12,25,3.16669678688049,2.94832039396522,6.13233588407456,0,0.184518267401725
2002,12,26,0.030102452263236,1.43399368424923,0.17014064934483,0,0.202742293811772
2002,12,27,0.0715182945132256,0.0110343816622844,0.0396861386907403,0,0.20957630371554
2002,12,28,0.0210286285728216,0,0.0464942191392765,1.72792778867279,0.200464290510516
2002,12,29,0.0521386936306953,0,0.0364618400672043,4.24058228132287,0.197047285558632
2002,12,30,5.60022068023682,0,2.58812867022061,0,0.328032475380845
2002,12,31,30.4889392852783,0,17.2764961328285,0,3.70175536454078
2003,1,1,3.77095723152161,0,17.1340931294799,0,3.42839496839008
2003,1,2,4.94341659545898,0,4.34775008822544,0,2.0957630371554
2003,1,3,0.0116494856774807,0.00157173659249565,2.48906189117406,-1.13686837721616e-13,1.53765222834771
2003,1,4,1.16206204891205,0.00158082958864725,0.58502078474703,0,1.23012178267817
2003,1,5,0.000674044655170292,0,0.625713805457053,0,1.02851849051702
2003,1,6,0.710648953914642,0,0.349347431703791,0,0.88728228583916
2003,1,7,0.000374288880266249,0,0.370782812082325,0,0.777938127378878
2003,1,8,0.000140878590173088,0,0.000259704786003567,0,0.700486015136179
2003,1,9,0.00157250603660941,0,0.000817194479168393,0,0.637840924351642
2003,1,10,0.00879453774541616,0,0.00490534372875118,0,0.585446848422757
2003,1,11,0.000333732401486486,6.85550311345651e-05,0.00457295038359007,0,0.536469777445756
2003,1,12,0.000181458482984453,0.000113115679710063,0.000160521638463251,0,0.500021724625663
2003,1,13,0.00134615285787731,3.80528335881536e-05,0.000695887574693188,0,0.459017665203057
2003,1,14,0.00244051334448159,0,0.00187384833043325,0.00179815402930217,0.431681625587987
2003,1,15,0.00403340952470899,0,0.00316010014648782,0,0.410040594226056
2003,1,16,1.55639910697937,0.347546810369863,0.423655269591109,0,0.389538564514753
2003,1,17,0.301723748445511,0.50374594238167,0.429232606798905,0,0.371314538104706
2003,1,18,0.0288860183209181,0.171972062789223,0,0,0.351951510044031
2003,1,19,0.000116265757242218,0.010701829139407,7.31910731701646e-05,0,0.331449480332728
2003,1,20,0.000446970283519477,0,0.000277727587672416,1.10885682088315,0.317781460525193
2003,1,21,0.0119572319090366,0,0.00559710759625887,0,0.307530445669542
2003,1,22,0.00514960614964366,0.000692516897856876,0.00822943183447933,0,0.295001427512635
2003,1,23,0.193888977169991,0.0751965192332591,0.00221938175309333,0,0.282472409355727
2003,1,24,0.0105962576344609,0.125287448476797,0,0,0.277916402753216
2003,1,25,0.000669105385895819,0.00609626283187481,0,0,0.273360396150704
2003,1,26,0.0001607943122508,0.000387499624707743,3.91648754884955e-05,0,0.265387384596308
2003,1,27,0.00331411208026111,0.000877346454558392,0.000662512866256293,0,0.257414373041913
2003,1,28,0.281720280647278,0.00117958927307882,0.108138868490641,0.185131556419492,0.251719364788773
2003,1,29,4.77995491027832,0,2.48609685120027,0,0.248302359836889
2003,1,30,0.0843053609132767,0,2.47814753557759,0,0.238051344981238
2003,1,31,0.0516283437609673,0,0.0684601751418086,0,0.234634340029354
2003,2,1,0.121896348893642,0,0.0879023740417324,0,0.227800330125587
2003,2,2,0.00227761431597173,0,0.0642681009994703,0,0.223244323523075
2003,2,3,0.0911014750599861,0,0.0454819506012427,0,0.220966320221819
2003,2,4,0.00113950634840876,0,0.0477820438463823,0,0.214132310318051
2003,2,5,0.136236742138863,0.00539729919830734,0.0629973793002137,0,0.212993308667423
2003,2,6,6.08193159103394,0.393707861003463,2.68246775113221,0,0.218688316920563
2003,2,7,3.82382082939148,2.30405857031144,2.64913310663542,0,0.218688316920563
2003,2,8,0.0472845062613487,2.02562091460618,0,0,0.212993308667423
2003,2,9,1.39042901992798,0.242649202911593,0.474478002004616,0,0.214132310318051
2003,2,10,3.28000688552856,0.221021887994652,2.1076947930087,-2.27373675443232e-13,0.208437302064912
2003,2,11,1.85720218723873e-05,3.41060513164848e-13,1.6948604289646,1.91262750655233,0.207298300414284
2003,2,12,4.8198206059169e-05,1.13686837721616e-13,3.31252667820081e-05,3.43105321538053,0.210715305366168
2003,2,13,3.2213933467865,0,1.41782145923935,0,0.214132310318051
2003,2,14,17.7274398803711,0,10.2900701108629,0,0.23691234333061
2003,2,15,0.880055248737335,0,9.30397103826181,0,0.529635767541989
2003,2,16,2.03384494781494,0,1.45691628292479,0,0.720988044847481
2003,2,17,0.252226233482361,0.0496852403986168,1.11025999470075,0,0.698208011834923
2003,2,18,0.400734394788742,0.0507230809605517,0.275645149609773,0.006432691894247,0.699347013485551
2003,2,19,11.529842376709,0,5.16172091113549,0,0.758575099318203
2003,2,20,1.28976535797119,0,6.4109697913118,0,1.06382754168649
2003,2,21,6.04628276824951,0,3.40640994689966,0,1.34402194774096
2003,2,22,15.4198741912842,0,10.7325513798387,-2.27373675443232e-13,2.26661328474959
2003,2,23,1.97245132923126,0,8.75566268759576,-5.6843418860808e-13,3.59924521598427
2003,2,24,5.46719360351563,2.4022953150801,1.27834053714832,0,2.71082392849448
2003,2,25,1.9854679107666,3.480086470017,0.281838760456594,0,2.06159298763656
2003,2,26,1.1857784986496,1.58787955985588,0,0,1.68572244292934
2003,2,27,0.453518599271774,0.693937310629281,0.134207194834744,0,1.46931212931003
2003,2,28,1.66192257404327,0.0947176603674507,0.92680523220406,0,1.33263193123468
2003,3,1,0.00777422310784459,0,0.924398932358599,0.203245099863352,1.26429183219701
2003,3,2,0.017176941037178,-1.13686837721616e-13,0.0130121451002196,0.679698453875631,1.27568184870328
2003,3,3,0.000118941694381647,0,0.00910861429656507,1.35513682041471,1.24151179918445
2003,3,4,0.000837425526697189,0,0.000465260487544583,3.27216032019112,1.17317170014677
2003,3,5,0.00089038466103375,0,0.000861320946569322,2.841701515301,1.07066155159026
2003,3,6,0.0243808310478926,0,0.010863695621083,0,1.00232145255258
2003,3,7,0.00160196260549128,-1.13686837721616e-13,0.0137637498482945,1.13686837721616e-13,0.956761386527464
2003,3,8,0.000760981813073158,0,0.00119924231330515,-1.13686837721616e-13,0.888421287489788
2003,3,9,0.000152379856444895,0,0.000463858759758296,0,0.808691171945832
2003,3,10,0.000593603239394724,0,0.000358889159542741,0,0.740351072908156
2003,3,11,0.00386194000020623,0,0.00205583261413267,0,0.68340099037676
2003,3,12,0.00482050189748406,0,0.00429040941162384,0,0.649230940857922
2003,3,13,10.3185691833496,0,4.84734706432209,0,0.636701922701014
2003,3,14,0.258664399385452,0,5.32516828814551,-1.13686837721616e-13,0.645813935906038
2003,3,15,0.273975998163223,0,0.265671692119213,1.13686837721616e-13,0.674288977171736
2003,3,16,0.810896873474121,0,0.477448717560037,0,0.691374001931155
2003,3,17,0.00293672340922058,0,0.334936916526203,0,0.661759959014829
2003,3,18,1.19489634037018,0,0.552518880955176,0,0.634423919399759
2003,3,19,21.2023143768311,0,11.1975966862592,0,0.804135165343321
2003,3,20,6.95500230789185,0,14.0788455167203,0,2.6994339119882
2003,3,21,3.42436027526855,0,5.27356156850146,0,2.68804389548192
2003,3,22,1.11939716589404e-05,0,1.9079721108028,0,2.33495338378726
2003,3,23,0.000111711313365959,0,5.19965324201621e-05,0,1.91352277305493
2003,3,24,0.00123227119911462,0,0.000641325772448909,0,1.64016237690422
2003,3,25,1.10921370983124,0,0.450304716370738,0,1.49209216232259
2003,3,26,5.1561279296875,0,2.14238173854392,0,1.77684257497958
2003,3,27,0.267833203077316,0,2.69627707846303,0,1.82240264100469
2003,3,28,1.09428155422211,0,0.466111430108867,0,1.59460231087911
2003,3,29,0.529063642024994,0,0.878702291582158,0,1.40097203027236
2003,3,30,0.0576006211340427,0,0.276982297280483,0,1.20734174966561
2003,3,31,3.548436507117e-05,0,0.0343352413074172,0,1.08319056974716
2003,4,1,3.54364965460263e-06,0,1.78751506609842e-05,0,0.987514431094418
2003,4,2,0.0103670628741384,0,0.00430342048639432,0,0.91461832545423
2003,4,3,0.115777499973774,0,0.0698833025198837,0,0.853112236320322
2003,4,4,0.0699441954493523,0,0.0912572116321826,0,0.808691171945832
2003,4,5,0.50330376625061,0,0.284855824615079,0,0.768826114173855
2003,4,6,0.892363905906677,0,0.670919868469355,0,0.725544051449993
2003,4,7,7.22241353988648,0,3.11286348150315,0,0.718710041546226
2003,4,8,0.350229173898697,0,4.24084829225831,0,0.739212071257528
2003,4,9,0.0101050641387701,0,0.175297322664846,0,0.700486015136179
2003,4,10,0.0411563962697983,0,0.0267484699725173,0,0.656064950761689
2003,4,11,2.91929263767088e-05,0,0.02133924935697,0,0.623033902893479
2003,4,12,2.02739593078149e-05,0,2.54172227869276e-05,0,0.596836864929037
2003,4,13,8.37437164591393e-06,0,1.331169551122e-05,0,0.580890841820246
2003,4,14,7.28383602108806e-05,0,3.76907883037347e-05,0,0.559249810458315
2003,4,15,0.00015885078755673,0,0.000124005498946644,0,0.521662755987593
2003,4,16,0.00669360952451825,0,0.00299816061306046,0,0.486353704818127
2003,4,17,0.107779331505299,0,0.0630646798490488,0,0.463573671805569
2003,4,18,0.000739966693799943,0,0.0645879831899947,0,0.461295668504313
2003,4,19,1.83424365520477,0,0.826248422297795,0,0.449905651998033
2003,4,20,18.4852504730225,0,10.1593179067931,0,1.06382754168649
2003,4,21,1.36084067821503,0,9.94638561393731,0,1.69711245943562
2003,4,22,0.0375607013702393,0,0.832772465826565,0,1.26429183219701
2003,4,23,2.04707098007202,0,0.988957866389683,0,1.03307449711954
2003,4,24,27.2384471893311,0,10.9266243161801,0,1.07521755819277
2003,4,25,2.2950267791748,0,14.7706460150475,0,2.01603292161144
2003,4,26,0.0761530622839928,0,1.36671148414098,0,1.73128250895446
2003,4,27,7.90373087511398e-05,0,0.0382823010077118,0,1.4351420797912
2003,4,28,0.269152134656906,0,0.127045234185061,1.13686837721616e-13,1.23012178267817
2003,4,29,0.104293800890446,0,0.199026985163073,-1.13686837721616e-13,1.0763565598434
2003,4,30,0.357929080724716,0,0.256313557016256,0,0.952205379924952
2003,5,1,2.59705948829651,0,1.43502521188566,0,0.858807244573461
2003,5,2,8.21250438690186,0,5.19638058790588,0,0.825776196705251
2003,5,3,0.945834517478943,0,4.73101171213057,0,0.801857162042065
2003,5,4,0.409552067518234,0,0.728186467513297,0,0.746046081161296
2003,5,5,5.61443424224854,0,2.57449819659814,0,0.695930008533667
2003,5,6,0.728513836860657,0,3.51502782847092,0,0.65036994250855
2003,5,7,11.6138000488281,0,4.54346772656936,0,0.651508944159178
2003,5,8,1.77891337871552,0,6.82720532486565,0,0.831471204958391
2003,5,9,2.75085282325745,0,2.22860864142058,0,1.21873176617189
2003,5,10,1.05880665779114,0,1.93024223847169,0,0.955622384876836
2003,5,11,12.7961158752441,0,5.64113793579963,0,1.56043226136027
2003,5,12,0.483272731304169,0,6.86893476397017,0,1.44653209629747
2003,5,13,2.45209431648254,0,1.28658089496093,0,1.13444564402542
2003,5,14,18.487886428833,0,10.469894656213,0,1.13444564402542
2003,5,15,6.71032857894898,0,12.6264156204525,0,1.26429183219701
2003,5,16,13.7131719589233,0,10.1969058625218,0,4.86353704818127
2003,5,17,40.991641998291,0,27.1476678435465,0,17.9962260799213
2003,5,18,2.26236128807068,0,21.6414074585555,0,10.0346045420321
2003,5,19,0.998007774353027,0,1.6540682913801,0,5.34191774144501
2003,5,20,12.9560461044312,0,6.95620303541364,0,8.14386180198972
2003,5,21,5.82806301116943,0,9.51485763840901,0,11.1622161761537
2003,5,22,1.08527874946594,0,3.47549222306043,0,5.18245751035709
2003,5,23,0.00554146757349372,0,0.587363118313078,0,3.49673506742775
2003,5,24,2.14486861228943,0,1.05916025942861,0,2.65387384596308
2003,5,25,12.2193574905396,0,7.17982121706518,0,2.59692376343169
2003,5,26,0.00748667633160949,0,6.13939888458481,0,2.24383325173703
2003,5,27,1.97582507133484,0,0.917750212069222,0,1.81101262449841
2003,5,28,2.2358342903317e-05,0,1.07304355311499,0,1.49209216232259
2003,5,29,0.659714579582214,0,0.280249936971813,0,1.23012178267817
2003,5,30,0.234098523855209,0,0.435005086630554,0,1.04104750867393
2003,5,31,0.0508914776146412,0,0.109709926880896,0,0.894116295742927
2003,6,1,1.0880184173584,0,0.635713432457123,0,0.735795066305645
2003,6,2,20.4451160430908,0,10.7629084269975,0,1.36680198075352
2003,6,3,18.932186126709,0,19.6923693510726,0,3.14364455573309
2003,6,4,0.00439930381253362,0,9.48893430050521,0,2.0957630371554
2003,6,5,0.338082611560822,0,0.163549801967747,0,1.52626221184143
2003,6,6,3.47022867202759,0,1.83443396184884,0,1.24151179918445
2003,6,7,0.665796756744385,0,2.35452505293142,0,1.08774657634968
2003,6,8,0.0111758783459663,0,0.332610091511015,0,0.977263416238766
2003,6,9,0.28504690527916,0,0.186991207832762,0,0.825776196705251
2003,6,10,0.430688410997391,0,0.355822055455064,1.13686837721616e-13,0.722127046498109
2003,6,11,14.0384140014648,0,6.87910791401009,-1.13686837721616e-13,0.601392871531549
2003,6,12,16.9751167297363,1.13686837721616e-13,15.5035951596656,1.13686837721616e-13,0.590002855025269
2003,6,13,0.547565281391144,-1.13686837721616e-13,8.81995838216608,-1.13686837721616e-13,0.935120355165533
2003,6,14,0.96509063243866,0,0.720313420268212,0,0.874753267682252
2003,6,15,6.69039964675903,0,3.87214025127832,0,0.736934067956273
2003,6,16,4.005455493927,0,5.46332741466176,0,0.664037962316085
2003,6,17,6.23228120803833,0,4.79044422331208,0,0.649230940857922
2003,6,18,8.30352687835693,0,7.08194091261612,0,0.805274166993949
2003,6,19,5.40750980377197,0,6.98975276655983,0,0.795023152138297
2003,6,20,0.18674436211586,0,3.03212936910495,1.13686837721616e-13,0.653786947460433
2003,6,21,0.0725702568888664,0,0.131590609016712,-1.13686837721616e-13,0.554693803855803
2003,6,22,0.000677638803608716,0,0.025363879132783,0,0.472685685010592
2003,6,23,0.0185289178043604,0,0.00721541374878143,0,0.416874604129823
2003,6,24,0.0624193139374256,0,0.0364805337594589,0,0.378148548008474
2003,6,25,2.4778254032135,0,1.39357696229126,0,0.338283490236496
2003,6,26,8.35981273651123,0,5.00474994951219,0,0.299557434115146
2003,6,27,0.0597365573048592,0,4.48343594047765,0,0.272221394500076
2003,6,28,2.47029792455056e-11,0,0.0352293737887521,0,0.235773341679982
2003,6,29,0.00891410931944847,0,0.00358619535109028,0,0.216410313619307
2003,6,30,2.48441576957703,1.13686837721616e-13,1.04455347890689,0,0.2038812954624
2003,7,1,7.78125619888306,-1.13686837721616e-13,4.66261439031587,0,0.202742293811772
2003,7,2,1.1794890165329,0,4.50642131920904,0,0.207298300414284
2003,7,3,2.84578108787537,0,2.06278171129452,0,0.216410313619307
2003,7,4,0.00845573283731937,0,1.63688184167768,0,0.240329348282494
2003,7,5,0.0854227691888809,0,0.0435848983470351,0,0.235773341679982
2003,7,6,0.0869826227426529,0,0.0861856612282281,0,0.218688316920563
2003,7,7,0.0419476740062237,0,0.0703276704116433,0,0.228939331776215
2003,7,8,0.0312149617820978,0,0.0361527173008653,0,0.202742293811772
2003,7,9,0.188844010233879,0,0.0955005576252006,0,0.17654525584733
2003,7,10,3.18519401550293,0,1.53950217516467,0,0.164016237690422
2003,7,11,1.20068562030792,0,2.2926338359066,0,0.156043226136027
2003,7,12,12.3892641067505,0,5.49133402144435,0,0.153765222834771
2003,7,13,1.10936677455902,0,8.07296469278299,0,0.140097203027236
2003,7,14,2.60045433044434,0,2.00274400242415,0,0.140097203027236
2003,7,15,0.0351398289203644,0,1.34084534633075,0,0.136680198075352
2003,7,16,0.00376301631331444,0,0.0227233535115374,0,0.125290181569073
2003,7,17,0.0327154882252216,0,0.0190020403024391,0,0.116178168364049
2003,7,18,0.27371284365654,0,0.124980329012033,0,0.113900165062793
2003,7,19,8.02294921875,0,4.00212615009878,0,0.105927153508398
2003,7,20,0.397158712148666,0,4.52840912343163,0,0.0945371370021184
2003,7,21,0.933495402336121,0,0.647912851389265,0,0.0888421287489788
2003,7,22,19.7515621185303,0,8.28371450061604,0,0.11048316011091
2003,7,23,3.45000863075256,0,12.0956859467151,0,0.0865641254477229
2003,7,24,0.00180322222877294,0,1.94816007903137,0,0.0865641254477229
2003,7,25,2.56812327279476e-05,0,0.000626330427621724,0,0.0911201320502346
2003,7,26,0.00112524232827127,0,0.000530971428815974,0,0.10478815185777
2003,7,27,0.000197354558622465,0,0.00067251046129968,0,0.10478815185777
2003,7,28,0.0785956084728241,0,0.0319595413202478,0,0.0979541419540022
2003,7,29,0.497085720300674,0,0.229407432441803,0,0.0922591337008626
2003,7,30,3.59225368499756,0,1.95544411567607,0,0.0933981353514905
2003,7,31,4.27125310897827,0,3.89180694915558,0,0.100232145255258
2003,8,1,0.121889151632786,0,2.5555932555144,0,0.0945371370021184
2003,8,2,22.8797016143799,0,9.32068408957275,0,0.113900165062793
2003,8,3,7.75302314758301,0,15.360248589499,0,0.0990931436046302
2003,8,4,7.53492879867554,0,7.64494004468725,0,0.100232145255258
2003,8,5,6.31683111190796,0,6.94678987480802,0,0.0990931436046302
2003,8,6,1.48404622077942,0,4.02179684566363,0,0.0933981353514905
2003,8,7,0.88434225320816,-1.13686837721616e-13,1.23003356130721,0,0.084286122146467
2003,8,8,0.00144739192910492,1.13686837721616e-13,0.522337060559948,0,0.0797301155439553
2003,8,9,0.775714993476868,0,0.306092806760717,0,0.0763131105920715
2003,8,10,0.147091954946518,0,0.391375035898818,0,0.0831471204958391
2003,8,11,0.82090574502945,-1.13686837721616e-13,0.475251611904241,-1.13686837721616e-13,0.0740351072908156
2003,8,12,1.37729632854462,1.13686837721616e-13,1.04140201003247,1.13686837721616e-13,0.068340099037676
2003,8,13,1.19373798370361,0,1.27688807707818,0,0.0649230940857922
2003,8,14,2.12084603309631,0,1.62224697685451,0,0.0649230940857922
2003,8,15,0.0182682573795319,0,1.31920612979593,1.13686837721616e-13,0.0637840924351642
2003,8,16,0.00124116463121027,0,0.00797977164984332,-1.13686837721616e-13,0.068340099037676
2003,8,17,0.012733600102365,0,0.00658041745919036,0,0.067201097387048
2003,8,18,0.484289526939392,0,0.184641427098541,0,0.0660620957364201
2003,8,19,1.11599099636078,0,0.796771460500167,0,0.0626450907845363
2003,8,20,0.322731822729111,0,0.834084426296613,0,0.0592280858326525
2003,8,21,0.347822070121765,0,0.334452978218906,0,0.0558110808807687
2003,8,22,0.486914366483688,0,0.440105560814118,0,0.0615060891339084
2003,8,23,0.567766547203064,0,0.526080440500664,0,0.0535330775795128
2003,8,24,0.0399481169879437,0,0.253451574390056,0,0.051255074278257
2003,8,25,0.163432270288467,0,0.0945820524320879,-1.13686837721616e-13,0.050116072627629
2003,8,26,0.862607896327972,0,0.560801938427176,1.13686837721616e-13,0.0489770709770011
2003,8,27,0.943683445453644,0,0.902724397430575,0,0.051255074278257
2003,8,28,1.09861373901367,0,1.00267450764659,0,0.050116072627629
2003,8,29,0.8655646443367,0,0.99231175416935,0,0.050116072627629
2003,8,30,11.4236974716187,0,6.07848544668013,0,0.050116072627629
2003,8,31,12.893424987793,0,12.0955847987752,0,0.0615060891339084
2003,9,1,8.36142444610596,0,11.2859258312892,0,0.0626450907845363
2003,9,2,15.1647253036499,0,11.490846357432,0,0.0660620957364201
2003,9,3,8.46771240234375,0,11.8656033606421,0,0.068340099037676
2003,9,4,0.0666338056325913,0,4.45379318593041,0,0.0615060891339084
2003,9,5,0.0176487229764462,1.13686837721616e-13,0.0405559667633497,1.13686837721616e-13,0.0580890841820246
2003,9,6,0.0039524738676846,-1.13686837721616e-13,0.0111959521673271,-1.13686837721616e-13,0.0580890841820246
2003,9,7,0.01474345382303,0,0.0101658789608337,0,0.0569500825313966
2003,9,8,0.00277357711456716,0,0.00836192657152424,0,0.0558110808807687
2003,9,9,0.846107065677643,0,0.394682643611304,0,0.0535330775795128
2003,9,10,0.0265320725739002,0,0.325265569194016,0,0.051255074278257
2003,9,11,1.52851116657257,0,0.750503604580445,0,0.0489770709770011
2003,9,12,13.8670816421509,0,6.18297939441618,0,0.0523940759288849
2003,9,13,30.9702167510986,0,22.4162222506857,0,0.0603670874832804
2003,9,14,1.27684187889099,0,16.1499855268448,0,0.0546720792301408
2003,9,15,5.99788188934326,-1.13686837721616e-13,3.46417543022471,0,0.0558110808807687
2003,9,16,0.000137884795549326,1.13686837721616e-13,3.1912815496471,0,0.0569500825313966
2003,9,17,0.00413087941706181,0,0.00177876329325954,0,0.0569500825313966
2003,9,18,0.00287006213329732,0,0.00359144629328512,0,0.0558110808807687
2003,9,19,0.0642017424106598,0,0.0269947131346271,0,0.0535330775795128
2003,9,20,0,0,0.0242446149277384,0,0.051255074278257
2003,9,21,0.0553169585764408,0,0.0273873430232925,0,0.0489770709770011
2003,9,22,1.92327666282654,1.13686837721616e-13,0.818968025250797,0,0.0478380693263732
2003,9,23,0.0121910143643618,-1.13686837721616e-13,0.828365820132603,0,0.0444210643744894
2003,9,24,0.00728130759671331,0,0.00942802433200995,0,0.0432820627238614
2003,9,25,0.00987335946410894,0,0.00850874930983991,0,0.0421430610732335
2003,9,26,0.183947652578354,0,0.0780661718235933,0,0.0421430610732335
2003,9,27,1.50705277919769,0,0.919695089178276,0,0.0410040594226056
2003,9,28,0.0170971397310495,0,0.702880724114948,0,0.0387260561213497
2003,9,29,0.0721654519438744,0,0.0443262694716395,0,0.0375870544707218
2003,9,30,0.0442512147128582,0,0.0598934602712689,0,0.0375870544707218
2003,10,1,0.548620641231537,0,0.348053998666728,0,0.0330310478682101
2003,10,2,1.03093843790703e-05,0,0.293349873958505,0,0.0307530445669542
2003,10,3,1.41897094249725,0,0.626514111510915,0,0.0307530445669542
2003,10,4,3.59543943405151,0,2.41882101285228,0,0.0307530445669542
2003,10,5,7.53008079528809,0,5.11041222766653,0,0.034170049518838
2003,10,6,2.98468279838562,0,5.46086463890242,0,0.0353090511694659
2003,10,7,0.355937570333481,0,1.55214795351276,0,0.0375870544707218
2003,10,8,0.0701338648796082,0,0.235340997762251,0,0.0387260561213497
2003,10,9,8.89139080047607,0,3.94100985482874,0,0.0466990676757452
2003,10,10,34.6409645080566,0,21.0707696534046,0,0.0535330775795128
2003,10,11,0.96388840675354,0,17.8557647099369,0,0.051255074278257
2003,10,12,0.0509354956448078,0,0.51404195278883,0,0.0535330775795128
2003,10,13,1.07453787326813,0,0.0246014806143648,0,0.0569500825313966
2003,10,14,15.2391510009766,0,4.56371871591182,0,0.0785911138933274
2003,10,15,0.402439802885056,0,7.82101927287295,0,0.0717571039895598
2003,10,16,0.267999082803726,0,0.34163445492959,0,0.0740351072908156
2003,10,17,4.00080919265747,0,1.8152815508729,0,0.0808691171945832
2003,10,18,0.000150643973029219,0,2.10477449294922,0,0.0751741089414436
2003,10,19,0.000136465547257103,0,0.000143559267598903,0,0.0751741089414436
2003,10,20,1.03686477359588e-06,0,7.78165522206109e-05,0,0.0740351072908156
2003,10,21,0.000582722190301865,0,0.00026984051510226,0,0.0740351072908156
2003,10,22,7.22115219105035e-05,0,0.000294707861030474,0,0.0740351072908156
2003,10,23,5.20513895025943e-05,0,6.13509837421589e-05,0,0.0751741089414436
2003,10,24,0.00160313211381435,0,0.000852381999720819,0,0.0751741089414436
2003,10,25,0.518075704574585,0,0.240310916466115,0,0.0763131105920715
2003,10,26,3.22913694381714,0,2.26494273796925,0,0.0774521122426994
2003,10,27,6.57377267998527e-06,0,1.95612060924032,0,0.0740351072908156
2003,10,28,0.000948407803662121,0,0.000628874644462485,0,0.0728961056401877
2003,10,29,0.00934463553130627,0,0.00571212316935998,0,0.0706181023389318
2003,10,30,0.0224284529685974,0,0.0157809391712362,0,0.068340099037676
2003,10,31,0.477308720350266,0,0.322263985181053,0,0.0637840924351642
2003,11,1,0.920393645763397,0,0.710251469110517,0,0.0603670874832804
2003,11,2,0.0463600158691406,0,0.552219501070795,1.13686837721616e-13,0.0592280858326525
2003,11,3,0.0119127277284861,0,0.02674472972285,-1.13686837721616e-13,0.0580890841820246
2003,11,4,0.302960306406021,0,0.133956697020039,0,0.0580890841820246
2003,11,5,14.2378673553467,0,6.50807157214149,0,0.0637840924351642
2003,11,6,18.4944477081299,0,16.3452320454271,0,0.0785911138933274
2003,11,7,1.7215131521225,-1.13686837721616e-13,10.1098264024404,0,0.0706181023389318
2003,11,8,1.09058952331543,0,1.36479637166121,-1.13686837721616e-13,0.0785911138933274
2003,11,9,0.021489005535841,0,0.559062013282528,1.13686837721616e-13,0.100232145255258
2003,11,10,0.042786218225956,0,0.0317077756772051,0,0.125290181569073
2003,11,11,0.0816187635064125,0,0.0599476898933062,0,0.171989249244818
2003,11,12,0.00164634711109102,0,0.0425623223054572,0,0.181101262449841
2003,11,13,0.16092911362648,0,0.0797005287786305,0,0.164016237690422
2003,11,14,1.68810415267944,0,1.03545835584373,0,0.157182227786655
2003,11,15,9.21611499786377,0,5.34688453858325,0,0.168572244292934
2003,11,16,0.921415448188782,0,5.07473583225146,1.13686837721616e-13,0.164016237690422
2003,11,17,7.67370080947876,0,3.41037686530763,-1.13686837721616e-13,0.200464290510516
2003,11,18,54.3362808227539,-3.41060513164848e-13,29.4792253900268,0,4.52183655299289
2003,11,19,5.26758766174316,-3.41060513164848e-13,29.8261096936403,0,3.17781460525193
2003,11,20,0.000504500407259911,0,2.67534930770853,0,1.59460231087911
2003,11,21,0.000155466943397187,0,0.000333779687935021,0,1.019406477312
2003,11,22,0.0691178813576698,0,0.0337650392466458,0,0.734656064655017
2003,11,23,3.68581914901733,0,1.81891697601895,0,0.593419859977153
2003,11,24,9.0000696182251,0,6.30423749288457,0,0.551276798903919
2003,11,25,0.000669606670271605,0,4.53500751602041,0,0.571778828615222
2003,11,26,0.134269699454308,0,0.0658966559094552,0,0.558110808807687
2003,11,27,1.43637454509735,0,0.650349489016662,0,0.490909711420639
2003,11,28,8.277907371521,0,4.84990646546794,0,0.526218762590105
2003,11,29,0.000907069363165647,0,4.20409499907328,0,0.527357764240733
2003,11,30,0.000104881815786939,0,0.000453380860562902,0,0.502299727926918
2003,12,1,0.00631019566208124,0,0.00217845661973115,0,0.44648864704615
2003,12,2,0.460159033536911,0,0.204039697320695,0,0.386121559562869
2003,12,3,7.38325357437134,0,3.92160959232933,0,0.354229513345287
2003,12,4,1.48370635509491,0,4.44772707776428,0,0.340561493537752
2003,12,5,0.0432050786912441,0,0.711485840020032,0,0.330310478682101
2003,12,6,0.0131987361237407,0,0.0283555410278495,0,0.309808448970798
2003,12,7,6.85744380461983e-05,-1.13686837721616e-13,0.00674502000401844,-1.13686837721616e-13,0.287028415958239
2003,12,8,0.0345167592167854,1.13686837721616e-13,-0.0973763657420932,1.13686837721616e-13,0.261970379644425
2003,12,9,4.35610294342041,0,1.84322776263798,0,0.258553374692541
2003,12,10,19.5858993530273,1.13686837721616e-13,11.9701016983418,0,0.658342954062945
2003,12,11,1.15312004089355,0.137147527051184,10.2366738622513,2.27373675443232e-13,1.12419462916977
2003,12,12,0.364793002605438,0.137390807834777,0.622080177457974,0,0.996626444299441
2003,12,13,2.90958714485168,0,1.6260533299901,2.27373675443232e-13,0.832610206609019
2003,12,14,0.145977988839149,0,1.58343491615233,-2.27373675443232e-13,0.718710041546226
2003,12,15,1.04310297966003,0,0.588105979353713,0.282731335326389,0.636701922701014
2003,12,16,2.4244270324707,0,1.69463470198389,0,0.600253869880921
2003,12,17,2.36470696108881e-05,0,1.6742958231298,0,0.631006914447875
2003,12,18,2.80158565146849e-06,0,1.408487878507e-05,0,0.608226881435316
2003,12,19,1.08366575659602e-05,0,6.33181116427295e-06,0,0.555832805506431
2003,12,20,0.000284105510218069,0,0.000167498703376623,0,0.503438729577546
2003,12,21,0.0416436083614826,0,0.0157084675993247,0,0.456739661901801
2003,12,22,2.91418743133545,0,1.44391942535731,0,0.423708614033591
2003,12,23,11.8240327835083,0,6.79355411187498,0,0.635562921050386
2003,12,24,0.00078756851144135,0,5.914884109985,0,0.71643203824497
2003,12,25,0.000480474118376151,0,0.000638204168353695,1.13686837721616e-13,0.588863853374641
2003,12,26,0.033224418759346,0,0.0162326537210902,-1.13686837721616e-13,0.518245751035709
2003,12,27,0.292810767889023,0,0.152366331098165,0,0.459017665203057
2003,12,28,4.74812507629395,0,2.0870503394508,0,0.429403622286731
2003,12,29,10.7686262130737,0,7.65220108919311,0,0.51255074278257
2003,12,30,0.00026029915898107,0,5.38494746011565,0,0.608226881435316
2003,12,31,0.00035019256756641,0,0.000304613698972389,0,0.624172904544107
2004,1,1,0.941795945167542,0,0.374386194584076,0,0.594558861627781
2004,1,2,1.50981855392456,0,1.22681073840795,0,0.554693803855803
2004,1,3,0.294039815664291,0,0.918143574166606,0,0.518245751035709
2004,1,4,0.497847199440002,0,0.395003547855595,0,0.496604719673779
2004,1,5,4.20491313934326,0,2.31871104429956,0,0.470407681709336
2004,1,6,6.35947799310088e-05,3.11567259814183e-05,2.14481753352811,0,0.432820627238614
2004,1,7,7.33638007659465e-05,6.84199001170782e-05,0,0,0.403206584322288
2004,1,8,0.00921584758907557,0.00140787436316714,0.0032286051682604,0,0.377009546357846
2004,1,9,0.0200633555650711,0.00169795255612826,0.0116607693853439,0,0.354229513345287
2004,1,10,0.000386205385439098,2.9664584189959e-05,0.0102175194879237,0,0.337144488585868
2004,1,11,0.00064166309311986,3.16425641813112e-05,0.000474085190944606,0.0275773346063488,0.321198465477077
2004,1,12,0.00991302635520697,0,0.00480846320351702,0,0.298418432464518
2004,1,13,0.0279715489596128,0,0.0188494437643385,0,0.274499397801332
2004,1,14,0.115919537842274,0,0.0654239673058328,0,0.261970379644425
2004,1,15,0.0835335031151772,0,0.101726590255566,0,0.243746353234378
2004,1,16,1.70004236698151,0,0.833391058415145,0,0.23691234333061
2004,1,17,22.6217803955078,0,12.1590589696607,0,0.277916402753216
2004,1,18,6.69683313369751,1.13686837721616e-13,14.7128270925095,0,1.35541196424724
2004,1,19,2.57195377349854,0.929461620169945,3.73273739450815,-1.13686837721616e-13,3.62202524899683
2004,1,20,0.000488249643240124,0.955296114988414,0.348543804968358,1.13686837721616e-13,2.25522326824331
2004,1,21,0.0441454872488976,0.00126048497895681,0.0204399494941754,0,1.6515523934105
2004,1,22,0.00207333057187498,0.00106160643485964,0.0220901820794097,0.9141381233419,1.3212419147284
2004,1,23,0.000331709219608456,0,0.00127335801516892,1.00524062380657,1.17317170014677
2004,1,24,1.26011264324188,1.13686837721616e-13,0.61894674209907,1.13686837721616e-13,1.01826747566137
2004,1,25,12.7675323486328,-1.13686837721616e-13,6.98399349896499,-1.13686837721616e-13,1.01826747566137
2004,1,26,2.04338145256042,0,7.40749288372535,0,1.4351420797912
2004,1,27,0.245750918984413,0.122740895622655,1.02280960435382,0,1.46931212931003
2004,1,28,7.32714906916954e-05,0.13291978910263,7.5413663580548e-06,0,1.20734174966561
2004,1,29,0.0107074864208698,2.84482913457396e-05,0.00535756258250331,0.00827376427821491,0.998904447600697
2004,1,30,0.0161119233816862,0.00400218723927992,0.00937160508692614,0.00839061589465473,0.907784315550463
2004,1,31,0.0392390452325344,0.0172672613140321,0.00988149289696594,0,0.818942186801484
2004,2,1,0.138109683990479,0.0137814636541407,0.074409810888028,-1.13686837721616e-13,0.735795066305645
2004,2,2,3.07376337051392,1.13686837721616e-13,1.56554911556668,0.314851100702413,0.679983985424876
2004,2,3,0.736475050449371,0.0265246396701286,1.88174903601976,0,0.631006914447875
2004,2,4,2.98765254020691,0.0271384209794405,1.81198775511439,0,0.580890841820246
2004,2,5,23.9148750305176,0.752915187823646,12.227929871955,-1.02318153949454e-12,0.613921889688456
2004,2,6,0.978663384914398,0.846564780565018,11.6136212924976,-4.54747350886464e-13,0.641257929303526
2004,2,7,0.210688129067421,0.161456883231722,0.443131180560158,0,0.775660124077622
2004,2,8,0.00664572231471539,0.122490031717234,0,0,0.783633135632018
2004,2,9,3.65665435791016,0.613136849395801,1.20512347933254,0,0.7380730696069
2004,2,10,1.89750850200653,0.628169313471062,2.16877560754074,0,0.861085247874717
2004,2,11,0.974231123924255,0,1.44920413461296,0.476444328459706,1.24151179918445
2004,2,12,3.83923983573914,0.376761783184065,2.00736473580037,0.498358941585707,1.7085024759419
2004,2,13,0.00537226116284728,0.412231597790537,1.64937993544299,0,1.82240264100469
2004,2,14,0.0259324498474598,0.00260154805562252,0.0127343330823351,0,1.68572244292934
2004,2,15,0.0794529393315315,0.00090814218685864,0.0495594238454942,0.0760430115835789,1.54904224485399
2004,2,16,0.0219053160399199,0,0.051681771674339,0.108608710404951,1.41236204677864
2004,2,17,0.235933408141136,0,0.125030482657166,1.16047662064886,1.30985189822212
2004,2,18,0.000931610469706357,0,0.119675404053851,1.72426078489707,1.28707186520956
2004,2,19,0.000341766572091728,0,0.000645361291390145,0,1.29846188171584
2004,2,20,0.00354465516284108,0,0.00184419203287689,0,1.33263193123468
2004,2,21,9.5340237749042e-07,0,0.00182997819138109,0,1.25290181569073
2004,2,22,0.000396790594095364,0,0.000137490107590565,0,1.09230258295219
2004,2,23,0.00304307765327394,0,0.00153953250264749,0,0.971568407985627
2004,2,24,0.169880226254463,0,0.0770872851608146,0,0.890699290791043
2004,2,25,0.000137898954562843,0,0.092694050144928,0,0.804135165343321
2004,2,26,1.99912719835993e-05,0,8.16557876532897e-05,0,0.718710041546226
2004,2,27,0.716885387897492,0,0.385631695080519,0,0.657203952412317
2004,2,28,3.72021281691559e-06,0,0.475304364023032,0,0.608226881435316
2004,2,29,1.82249319553375,0,0.796616210122011,0,0.564944818711455
2004,3,1,5.87971448898315,0,3.67571530795976,0,0.562666815410199
2004,3,2,0.234977051615715,0,3.19809316577084,0,0.585446848422757
2004,3,3,6.22896099090576,0,3.22231093855226,0,0.595697863278409
2004,3,4,10.9305601119995,0,8.50388110448694,0,0.702764018437435
2004,3,5,24.3866386413574,0,17.6583171279672,0,5.75195833567106
2004,3,6,0.102259546518326,0,12.2449719385586,0,4.85214703167499
2004,3,7,5.96166537434328e-05,0,0.0476882632829074,0,2.9727943081389
2004,3,8,6.67056738166139e-05,0,6.2056198657956e-05,0,2.27800330125587
2004,3,9,0.000189772166777402,0,6.71569323458243e-05,0,1.84518267401725
2004,3,10,0.000744015502277762,0,0.000477003177365987,0,1.53765222834771
2004,3,11,0.114829689264297,0,0.0534526141709648,0,1.30985189822212
2004,3,12,0.0016028902027756,0,0.0617129405873129,0,1.11622161761537
2004,3,13,0.223723083734512,0,0.140349681456428,0,0.996626444299441
2004,3,14,2.30894684791565,0,1.36529934569626,0,0.922591337008626
2004,3,15,0.668202638626099,0,1.51073272370923,0,0.84286122146467
2004,3,16,2.54557538032532,0,1.89727433832741,0,0.774521122426994
2004,3,17,0.895148515701294,0,1.80128379673261,0,0.734656064655017
2004,3,18,3.35258913040161,0,2.08326867088545,0,0.68340099037676
2004,3,19,0.0660461857914925,0,1.76900591155936,0,0.643535932604782
2004,3,20,0.104892872273922,0,0.08495537914132,0,0.558110808807687
2004,3,21,0.156487450003624,0,0.129954731040925,0,0.50685573452943
2004,3,22,0.00211585802026093,0,0.0693001272411493,0,0.466990676757452
2004,3,23,0.00064436299726367,0,0.00141464861735585,0,0.432820627238614
2004,3,24,0.863014757633209,0,0.350781400502456,0,0.398650577719776
2004,3,25,7.86149454116821,0,4.20141563415382,0,0.40206758267166
2004,3,26,0.0688067525625229,0,4.24509889717956,0,0.40206758267166
2004,3,27,0.454028904438019,0,0.231879218506947,0,0.454461658600545
2004,3,28,2.05159568786621,0,1.21478062912502,0,0.474963688311848
2004,3,29,12.9369258880615,0,7.48525186936968,0,1.29846188171584
2004,3,30,0.835833430290222,0,6.88867333170128,0,1.79962260799213
2004,3,31,0.000128609346575104,1.13686837721616e-13,0.387584467513079,0,1.36680198075352
2004,4,1,0.000126164086395875,-1.13686837721616e-13,0.000127425766550004,-1.13686837721616e-13,1.13558464567605
2004,4,2,1.09524135041283e-05,0,7.33976667106617e-05,1.13686837721616e-13,0.976124414588138
2004,4,3,1.2809939107683e-05,0,1.15949551400263e-05,0,0.851973234669694
2004,4,4,2.08311721507926e-05,0,1.69755148817785e-05,0,0.758575099318203
2004,4,5,0.00257724453695118,0,0.0010307171032764,0,0.68340099037676
2004,4,6,0.0738934427499771,0,0.0411654311465099,0,0.621894901242851
2004,4,7,4.65265083312988,0,2.03058873883128,-1.13686837721616e-13,0.596836864929037
2004,4,8,1.97108590602875,0,3.42583625081534,1.13686837721616e-13,0.594558861627781
2004,4,9,2.02630186080933,0,1.99798719610044,0,0.57861283851899
2004,4,10,8.07753753662109,0,4.76987684553023,0,0.544442789000152
2004,4,11,5.99391174316406,0,7.25121606576431,0,0.57291783026585
2004,4,12,0.888675808906555,0,3.81010603670802,0,0.74376807786004
2004,4,13,0.0029016206972301,0,0.448263450165541,0,0.739212071257528
2004,4,14,0.00203269068151712,0,0.00250929967660341,0,0.674288977171736
2004,4,15,0.000179064023541287,0,0.000840092005091719,0,0.615060891339084
2004,4,16,0.0079521220177412,0,0.00368129293929087,0,0.570639826964594
2004,4,17,0.0121999382972717,0,0.0107428116789379,0,0.542164785698896
2004,4,18,0.0119499005377293,0,0.0120813145003922,0,0.530774769192617
2004,4,19,0.247829228639603,0,0.150658853770437,0,0.485214703167499
2004,4,20,3.88199520111084,0,1.72941910367445,0,0.455600660251173
2004,4,21,11.333309173584,0,7.31720815082372,0,0.453322656949917
2004,4,22,48.1653289794922,0,29.6777181141661,0,0.91461832545423
2004,4,23,59.8918418884277,0,54.0208676072252,0,35.0812508393403
2004,4,24,71.2101135253906,1.13686837721616e-13,65.5498595822028,2.27373675443232e-13,83.8305214862159
2004,4,25,13.9091539382935,0,42.564350759385,1.13686837721616e-13,51.7106749385081
2004,4,26,18.8346309661865,0,16.3636665265658,0,9.56761386527464
2004,4,27,0.000167176811373793,0,9.42730319774637,0,5.52415800554548
2004,4,28,0.00589774083346129,1.13686837721616e-13,0.00298600169844576,0,3.78148548008474
2004,4,29,0.239648163318634,-1.13686837721616e-13,0.118693909800641,0,2.91584422560751
2004,4,30,2.78597331047058,0,1.46808699490066,0,2.35773341679982
2004,5,1,19.7801361083984,0,11.1016624103177,0,2.56275371391285
2004,5,2,9.71243476867676,0,14.7546993843134,0,3.01835437416402
2004,5,3,3.12885904312134,0,6.49627822327966,0,2.98418432464518
2004,5,4,0.00383251579478383,0,1.66558669278675,0,2.3121733507747
2004,5,5,9.68212771113031e-05,0,0.0019663969942485,0,1.95908283908004
2004,5,6,0.00366622698493302,0,0.0018347595614614,0,1.62877236039794
2004,5,7,0.000352068513166159,0,0.00198560353237554,0,1.33263193123468
2004,5,8,0.00131331826560199,0,0.000829418961075135,0,1.13900165062793
2004,5,9,0.00765566620975733,0,0.00418503233595402,0,0.988653432745046
2004,5,10,0.0083367582410574,0,0.00798609941557515,0,0.863363251175973
2004,5,11,0.189698114991188,0,0.15163691606358,0,0.760853102619459
2004,5,12,1.44137918949127,0,0.607495362080954,0,0.687956996979271
2004,5,13,5.86743497848511,0,3.52182923999135,0,0.641257929303526
2004,5,14,24.7686233520508,0,15.16414210117,0,0.82122019010274
2004,5,15,0.423960328102112,0,12.607751982574,0,1.08546857304842
2004,5,16,0.0374840907752514,0,0.264643499114754,0,0.913479323803602
2004,5,17,0.0346027538180351,0,0.0361751309574174,0,0.791606147186413
2004,5,18,0.241768479347229,0,0.105866754282033,0,0.699347013485551
2004,5,19,0.484895825386047,0,0.376650915615755,0,0.620755899592223
2004,5,20,0.148940950632095,0,0.336396012837213,0,0.569500825313967
2004,5,21,0.00171329255681485,0,0.0882650762432604,0,0.513689744433198
2004,5,22,0.0375455021858215,0,0.0233717095907195,0,0.461295668504313
2004,5,23,0.0940014123916626,0,0.061984689484234,0,0.422569612382963
2004,5,24,0.276671797037125,0,0.214786334538076,0,0.396372574418521
2004,5,25,0.216745361685753,0,0.248527023260976,0,0.366758531502194
2004,5,26,0.510325849056244,0,0.317867485715396,0,0.339422491887124
2004,5,27,0.0934159830212593,0,0.315891433201614,0,0.315503457223937
2004,5,28,1.4446347951889,0,1.00442610081154,0,0.301835437416402
2004,5,29,0.179717555642128,0,0.78082388798066,0,0.284750412656983
2004,5,30,0.997422337532043,0,0.52139961119974,0,0.298418432464518
2004,5,31,10.6572294235229,0,5.17575738868618,0,0.316642458874565
2004,6,1,0.465575039386749,0,6.11073917344402,0,0.304113440717658
2004,6,2,2.65691089630127,0,1.49484918439703,0,0.318920462175821
2004,6,3,9.99686527252197,0,5.1839260575689,0,0.300696435765774
2004,6,4,0.0029311238322407,0,5.03605137006525,0,0.280194406054471
2004,6,5,0.100149497389793,0,0.0395250582478184,0,0.268804389548192
2004,6,6,0.549021542072296,0,0.324245989231713,0,0.248302359836889
2004,6,7,0.0347496867179871,0,0.366655540445208,0,0.232356336728098
2004,6,8,1.57383286952972,0,0.749479624624655,0,0.218688316920563
2004,6,9,6.8865647315979,0,3.99185700852104,0,0.214132310318051
2004,6,10,0.813792228698731,0,3.92599138361038,0,0.206159298763656
2004,6,11,3.25352740287781,0,1.97287085268908,0,0.199325288859888
2004,6,12,1.10036516189575,0,2.40252620878891,0,0.186796270702981
2004,6,13,14.2433338165283,0,7.62594338332565,0,0.179962260799213
2004,6,14,0.592440247535706,0,7.54476264927507,0,0.177684257497958
2004,6,15,0.324443221092224,0,0.461005858633143,0,0.202742293811772
2004,6,16,18.468189239502,0,8.82713108137978,0,0.312086452272054
2004,6,17,13.3070039749146,0,15.9157302374624,0,0.263109381295053
2004,6,18,6.47219705581665,0,10.0188110871859,0,0.372453539755334
2004,6,19,2.59545540809631,0,4.85175322296345,0,0.366758531502194
2004,6,20,0.836165487766266,0,1.74217496693746,0,0.315503457223937
2004,6,21,3.31488227844238,0,2.04512196964788,0,0.305252442368286
2004,6,22,28.2484474182129,0,15.7239938579369,0,0.320059463826449
2004,6,23,11.5931262969971,0,19.9210163299795,0,0.439654637142382
2004,6,24,0.00350881717167795,0,6.52096890706889,0,0.588863853374641
2004,6,25,0.00429968582466245,0,0.00389192197690136,1.13686837721616e-13,0.496604719673779
2004,6,26,0.234485745429993,0,0.136727221142792,-1.13686837721616e-13,0.406623589274172
2004,6,27,0.00896082166582346,0,0.145647037432354,0,0.343978498489636
2004,6,28,0.0896374955773354,0,0.0519585596412071,0,0.296140429163263
2004,6,29,6.03960561752319,0,2.72078026824966,0,0.276777401102588
2004,6,30,9.4131326675415,0,7.59410261781522,0,0.453322656949917
2004,7,1,5.18615770339966,0,7.33220944128698,0,0.536469777445756
2004,7,2,8.6007137298584,0,6.67203453948241,0,0.519384752686337
2004,7,3,35.8599281311035,0,22.2290016240877,0,0.783633135632018
2004,7,4,1.95405352115631,0,18.9646385415836,0,1.3781919972598
2004,7,5,3.01611590385437,0,2.44817722963853,0,1.16178168364049
2004,7,6,1.02763175964355,0,2.05523606272254,0,0.846278226416554
2004,7,7,0.634697318077087,0,0.837926613177842,0,0.662898960665457
2004,7,8,2.12440395355225,0,1.40040067371592,0,0.558110808807687
2004,7,9,10.5557985305786,0,5.9794396105026,0,0.58430784677213
2004,7,10,1.60971117019653,0,6.5939115436413,0,0.495465718023151
2004,7,11,7.86792898178101,0,4.5085122573837,0,1.23012178267817
2004,7,12,0.259743005037308,0,5.28489170748071,0,0.940815363418673
2004,7,13,1.02472574781132e-06,0,0.132546894339612,1.13686837721616e-13,0.699347013485551
2004,7,14,0.00277963653206825,0,-0.0218497927489807,-1.13686837721616e-13,0.54558179065078
2004,7,15,1.06082689762115,0,0.198237930530013,0,0.444210643744894
2004,7,16,6.18553352355957,0,3.1454284849533,0,0.396372574418521
2004,7,17,3.67375421524048,0,5.07313178588083,0,0.340561493537752
2004,7,18,0.0243970230221748,0,2.02175207130131,0,0.29727943081389
2004,7,19,0.00700936932116747,0,0.0129135870047321,0,0.273360396150704
2004,7,20,0.11622080206871,0,0.0655814219207969,0,0.239190346631866
2004,7,21,0.110551081597805,0,0.113807525576703,0,0.215271311968679
2004,7,22,0.137371748685837,0,0.125989250464045,0,0.179962260799213
2004,7,23,0.220370158553123,-1.13686837721616e-13,0.173918943542958,-1.13686837721616e-13,0.167433242642306
2004,7,24,13.5030765533447,1.13686837721616e-13,6.63366868497178,1.13686837721616e-13,0.167433242642306
2004,7,25,26.0737400054932,0,19.7679120881112,0,0.247163358186261
2004,7,26,3.44322776794434,0,14.7654142871324,0,0.496604719673779
2004,7,27,0.0221748799085617,0,1.98896444685306,0,0.44648864704615
2004,7,28,0,0,0.0119676342510502,0,0.362202524899683
2004,7,29,3.15033054351807,0,1.5333603074032,0,0.301835437416402
2004,7,30,14.319769859314,0,8.46055935418553,0,0.272221394500076
2004,7,31,0.939004302024841,0,7.64292664761888,0,0.240329348282494
2004,8,1,0.0520667769014835,0,0.452802484887798,0,0.227800330125587
2004,8,2,0.000293632474495098,0,0.0280021522194147,0,0.224383325173703
2004,8,3,0.0138033675029874,0,0.00834976538317278,0,0.205020297113028
2004,8,4,0.00530490698292851,0,0.0102952173983795,0,0.181101262449841
2004,8,5,0.24716255068779,0,0.160726903599425,0,0.161738234389166
2004,8,6,1.24232077598572,0,0.742399972165003,0,0.144653209629747
2004,8,7,0.00780445244163275,0,0.752668129880476,0,0.13212419147284
2004,8,8,3.64663392247167e-05,0,0.0035607943937066,0,0.123012178267817
2004,8,9,0.0103586092591286,0,0.00451939120102907,0,0.112761163412165
2004,8,10,0.302544295787811,0,0.182123435417452,0,0.101371146905886
2004,8,11,8.16001892089844,0,3.81776664197969,0,0.138958201376608
2004,8,12,12.6282234191895,0,10.1037659326976,0,0.127568184870328
2004,8,13,0.00411243923008442,0,6.63692582297153,0,0.123012178267817
2004,8,14,0.0117570739239454,0,0.00730607492369018,0,0.109344158460282
2004,8,15,0.0140140326693654,0,0.013138124224497,0,0.0956761386527464
2004,8,16,0.0203406885266304,0,0.0168444278278912,-1.13686837721616e-13,0.0899811303996067
2004,8,17,0.239170625805855,0,0.168077988342702,1.13686837721616e-13,0.084286122146467
2004,8,18,0.168194741010666,-1.13686837721616e-13,0.205845690648857,0,0.0831471204958391
2004,8,19,1.76884007453918,1.13686837721616e-13,0.891557915892918,0,0.0831471204958391
2004,8,20,20.6159191131592,0,8.78747179493803,0,0.0888421287489788
2004,8,21,1.98274767398834,0,11.3112321800727,0,0.085425123797095
2004,8,22,0.955613017082214,0,1.47806772065815,0,0.0865641254477229
2004,8,23,0.299435287714005,0,0.532769462795841,0,0.085425123797095
2004,8,24,0.638969600200653,0,0.513290954324475,0,0.0797301155439553
2004,8,25,0.521600842475891,0,0.577910635078297,0,0.0740351072908156
2004,8,26,2.72343802452087,0,1.50252936800098,0,0.0706181023389318
2004,8,27,0.002429906046018,0,1.63228646085918,0,0.068340099037676
2004,8,28,1.90795135498047,0,0.671710692597117,0,0.067201097387048
2004,8,29,11.6349124908447,0,6.06015153233238,0,0.0649230940857922
2004,8,30,0.0105794742703438,0,6.32989072738565,0,0.0592280858326525
2004,8,31,0.0167691130191088,0,0.0135388304370281,0,0.0558110808807687
2004,9,1,0.01707449182868,0,0.0169741505524144,0,0.0523940759288849
2004,9,2,0.00518399151042104,0,0.0114263739560556,0,0.051255074278257
2004,9,3,0.00234354916028678,0,0.00326281080560875,0,0.050116072627629
2004,9,4,0.0881099328398705,0,0.0392210577410879,0,0.0489770709770011
2004,9,5,0.138855934143066,0,0.118601566027792,0,0.0455600660251173
2004,9,6,0.89264726638794,0,0.430670766323601,0,0.0444210643744894
2004,9,7,0.0258677899837494,0,0.522849824596051,0,0.0432820627238614
2004,9,8,5.54808721062727e-05,0,0.0120773065027606,0,0.0410040594226056
2004,9,9,2.27308555622585e-05,0,3.46192864526529e-05,0,0.0353090511694659
2004,9,10,4.62783864350058e-05,0,3.85874409403186e-05,0,0.0353090511694659
2004,9,11,1.23779709610972e-05,0,2.37316307902802e-05,0,0.034170049518838
2004,9,12,0.0029188443440944,0,0.00183151783858193,0,0.0330310478682101
2004,9,13,0.00399425067007542,0,0.00343465449986979,0,0.0318920462175821
2004,9,14,0.0297451913356781,0,0.0138334211660549,0,0.0307530445669542
2004,9,15,0.0233669001609087,0,0.0256230379818589,0,0.0296140429163263
2004,9,16,0.00632363371551037,0,0.0170650498621399,0,0.0284750412656983
2004,9,17,0.37421190738678,0,0.237164116166241,0,0.0273360396150704
2004,9,18,7.34762443244108e-06,-1.13686837721616e-13,0.229453852865845,-1.13686837721616e-13,0.0261970379644425
2004,9,19,8.19416527519934e-06,1.13686837721616e-13,7.79984111431986e-06,1.13686837721616e-13,0.0250580363138145
2004,9,20,4.43141325376928e-05,0,2.15371146623511e-05,0,0.0239190346631866
2004,9,21,2.02740466193063e-05,0,3.6654466384789e-05,0,0.0227800330125587
2004,9,22,2.28379285545088e-05,0,2.0408580894582e-05,0,0.0227800330125587
2004,9,23,0.000470905972179025,0,0.000188443806109717,0,0.0250580363138145
2004,9,24,0.773907780647278,0,0.286198613033775,0,0.0250580363138145
2004,9,25,3.31442904472351,0,1.73853567628612,0,0.0250580363138145
2004,9,26,0.312184989452362,0,2.29125305476191,0,0.0250580363138145
2004,9,27,2.59507542068604e-05,0,0.095392417122639,0,0.0239190346631866
2004,9,28,0.000160841693286784,0,-0.0104755241773091,0,0.0239190346631866
2004,9,29,1.70287790979273e-07,0,0.000106048093584832,0,0.0227800330125587
2004,9,30,0.0013910805573687,0,0.000508550638187444,0,0.0227800330125587
2004,10,1,0.0574322082102299,0,0.0221400482078025,0,0.0227800330125587
2004,10,2,1.58836698532105,0,0.624863622182602,0,0.0227800330125587
2004,10,3,1.00342458608793e-05,0,1.05336490873742,0,0.0227800330125587
2004,10,4,5.46458250028081e-05,0,-0.0536616249810322,0,0.0227800330125587
2004,10,5,0.00100672175176442,0,0.000407856718084076,0,0.0216410313619307
2004,10,6,0,0,0.000667013420752483,0,0.0216410313619307
2004,10,7,1.8324373960495,0,0.676880145430914,0,0.0227800330125587
2004,10,8,63.6308441162109,0,32.7499933444888,0,0.0478380693263732
2004,10,9,32.4497032165527,0,48.0462517640081,0,0.529635767541989
2004,10,10,4.11455059051514,0,18.2824251103739,0,1.06041053673461
2004,10,11,28.0441284179688,0,16.0689881096951,0,1.08205156809654
2004,10,12,5.06740188598633,0,16.616880013622,0,1.91352277305493
2004,10,13,0.993608951568604,0,3.07163314598438,0,1.06610554498775
2004,10,14,7.4204478263855,0,4.19945244384144,-1.13686837721616e-13,0.714154034943714
2004,10,15,3.51413178443909,0,5.51019931313203,1.13686837721616e-13,0.585446848422757
2004,10,16,0.535247981548309,0,2.03895472327349,0,0.496604719673779
2004,10,17,0.0377579890191555,0,0.252413795751636,0,0.410040594226056
2004,10,18,0.884382903575897,0,0.460006675770273,0,0.343978498489636
2004,10,19,0.367976844310761,0,0.626299430103245,0,0.287028415958239
2004,10,20,0.803084373474121,0,0.575709898417699,0,0.244885354885006
2004,10,21,0.0291015431284905,-1.13686837721616e-13,0.468911921332619,0,0.212993308667423
2004,10,22,0.481644034385681,1.13686837721616e-13,0.168904045978707,0,0.187935272353609
2004,10,23,8.8637638092041,0,3.7809769414016,0,0.17654525584733
2004,10,24,0.260850816965103,0,4.65070313623437,0,0.154904224485399
2004,10,25,0.398626536130905,0,0.313551928498782,0,0.150348217882887
2004,10,26,1.94214749336243,0,1.03783969044889,0,0.156043226136027
2004,10,27,2.27654218673706,0,2.16525913665464,0,0.152626221184143
2004,10,28,29.5064430236816,0,15.7969058011804,0,3.72453539755334
2004,10,29,3.73728489875793,0,16.622705517897,0,4.78380693263732
2004,10,30,7.14855861663818,0,5.3387936419058,0,2.65387384596308
2004,10,31,5.9391508102417,0,6.55661612532276,0,2.11854307016796
2004,11,1,29.0945568084717,0,16.8887436782097,0,4.05484587623544
2004,11,2,18.6418876647949,0,23.8682358534061,0,9.32842351864277
2004,11,3,4.25095415115356,0,11.4466378265824,-1.13686837721616e-13,4.0206758267166
2004,11,4,4.43749380111694,0,4.34217289031949,1.13686837721616e-13,3.0297443906703
2004,11,5,0.0288530867546797,0,2.27637874980064,0,2.26661328474959
2004,11,6,0.000204093943466432,0,0.014962311641284,0,1.69711245943562
2004,11,7,0.000323377083986998,0,0.000261730845522834,0,1.3212419147284
2004,11,8,1.51265953718394e-06,0,0.000172037671291037,0,1.04674251692707
2004,11,9,0.000135885537019931,0,6.85480408719741e-05,0,0.837166213211531
2004,11,10,1.2775411605835,0,0.557858651194692,0,0.698208011834923
2004,11,11,22.4708480834961,1.13686837721616e-13,11.83944973502,0,1.15039166713421
2004,11,12,4.98906135559082,-1.13686837721616e-13,13.7497739590581,0,1.99325288859888
2004,11,13,0.0918758884072304,0,2.56710797034248,0,1.52626221184143
2004,11,14,0.0012588748941198,0,0.0470254081228632,0,1.18456171665305
2004,11,15,0.00541456695646048,0,0.00328039706073469,0,0.968151403033743
2004,11,16,0.199431851506233,0,0.08996322652456,0,0.824637195054623
2004,11,17,0.11117597669363,-1.13686837721616e-13,0.167831436116103,0,0.718710041546226
2004,11,18,10.2214584350586,1.13686837721616e-13,5.16479848750896,-1.13686837721616e-13,0.654925949111062
2004,11,19,11.3908557891846,0,10.7845009810699,1.13686837721616e-13,0.851973234669694
2004,11,20,0.560482203960419,0,6.01502750451618,0,1.01598947236012
2004,11,21,0.0625598877668381,0,0.310337069236994,0,0.900950305646695
2004,11,22,0.318515121936798,0,0.116990583515872,0,0.810969175247088
2004,11,23,6.13389682769775,0,3.21921305093565,0,0.805274166993949
2004,11,24,24.5751171112061,0,14.8257472898513,0,2.89306419259495
2004,11,25,2.00669741630554,0,13.2943277764607,0,4.74963688311848
2004,11,26,0.533185243606567,0,1.21991874009473,0,2.84750412656983
2004,11,27,8.62338352203369,0,4.44231050231247,0,2.25522326824331
2004,11,28,0.208890274167061,0,4.41621655094059,0,2.34634340029354
2004,11,29,11.7348709106445,0,5.90629965958578,0,2.39190346631866
2004,11,30,26.5581817626953,-1.13686837721616e-13,19.1457874960688,-2.27373675443232e-13,7.4376807786004
2004,12,1,2.75174713134766,-4.54747350886464e-13,16.5494894288349,-3.41060513164848e-13,6.5036994250855
2004,12,2,0.00950059574097395,0,1.41583007261215,0,3.86121559562869
2004,12,3,0.518986880779266,0,0.247286564070237,0,2.76777401102588
2004,12,4,9.36727701628115e-06,0,0.293441762580187,0,2.11854307016796
2004,12,5,1.18412411212921,0,0.500211347116419,0,1.71989249244818
2004,12,6,14.6392965316772,0,7.82575571062625,0,1.75406254196702
2004,12,7,11.0596733093262,0,12.8495000325311,0,3.0866944732017
2004,12,8,0.046605359762907,0,5.55355808739842,0,3.49673506742775
2004,12,9,0.00024526342167519,0,0.0237049959687283,0,2.56275371391285
2004,12,10,0.00141091458499432,0,0.000794031238910975,0,2.06159298763656
2004,12,11,0.000764602445997298,-1.13686837721616e-13,0.00121927805594169,0,1.64016237690422
2004,12,12,3.82424832423567e-06,1.13686837721616e-13,0.000400927223381586,0,1.34402194774096
2004,12,13,6.62643360556103e-05,0,2.71764329227153e-05,0,1.12077762421789
2004,12,14,0.000113842746941373,1.69920006101165e-05,7.0372687332565e-05,0,0.922591337008626
2004,12,15,1.74477045220556e-05,2.48604472972147e-05,4.95244094054215e-05,0,0.780216130680134
2004,12,16,3.7962592614349e-05,2.0418685835466e-06,2.82294095086399e-05,0,0.686817995328644
2004,12,17,0.000346024404279888,0,0.000180953906237846,0,0.61733889464034
2004,12,18,0.000123254852951504,0,0.000267209572484717,0,0.556971807157059
2004,12,19,4.14187088608742e-05,0,8.46859693410806e-05,0,0.505716732878802
2004,12,20,0.000162293552421033,0,0.000108432406705106,0,0.456739661901801
2004,12,21,0.356149792671204,-1.13686837721616e-13,0.175837628652516,0,0.418013605780451
2004,12,22,4.04706573486328,1.13686837721616e-13,1.95863155106781,0,0.4077625909248
2004,12,23,4.42063236236572,2.18780664076883,2.04414023357094,0,0.395233572767893
2004,12,24,0.0242887549102306,2.26336284797958,0,0,0.354229513345287
2004,12,25,0.0113958176225424,0.0170427333727048,0,0,0.320059463826449
2004,12,26,6.57730652164901e-06,0.0068292177541025,2.63570109382272e-06,0,0.29727943081389
2004,12,27,3.90092420578003,0,1.65703202322402,0.479027927182301,0.283611411006355
2004,12,28,0.000951504916884005,0,2.30697536192019,1.93284457731272,0.282472409355727
2004,12,29,0.00493132881820202,0,0.0029409783128358,2.10549519336564,0.293862425862007
2004,12,30,0.172614455223084,0,0.0845709271961823,0,0.314364455573309
2004,12,31,0.30815115571022,0,0.237055124380277,0,0.325754472079589
2005,1,1,1.49166977405548,0,0.995963686989853,0,0.323476468778333
2005,1,2,2.22869062423706,0,1.95056998962173,0,0.320059463826449
2005,1,3,25.0405864715576,0,10.9432127030996,0,3.42839496839008
2005,1,4,43.3231086730957,-1.13686837721616e-13,34.1816198499582,0,18.4518267401725
2005,1,5,12.5436401367188,-3.41060513164848e-13,27.9760147692468,0,17.3128250895446
2005,1,6,15.1196041107178,1.15105511131787,12.6805615213016,0,15.8321229437283
2005,1,7,0.102649107575417,1.18228862059277,6.43072499745904,0,8.58807244573461
2005,1,8,2.81017851829529,0.0324359096522358,1.35885062908346,0,5.77473836868362
2005,1,9,0.0132516613230109,1.13686837721616e-13,1.42621493752449,1.62732924215845,4.47627648696778
2005,1,10,0.685637831687927,0,0.322342627998296,0.756234384946083,3.71314538104706
2005,1,11,0.120965071022511,0,0.417009722994408,0,3.20059463826449
2005,1,12,4.43278884887695,0,2.26461322284013,0,2.87028415958239
2005,1,13,39.499813079834,0,21.4396850852609,-1.13686837721616e-13,12.1873176617189
2005,1,14,1.08278775215149,0.0212357149526952,20.2829482746711,0,8.67919257778485
2005,1,15,0.000410850334446877,0.0217001730517268,0.529857099340006,0,5.36469777445756
2005,1,16,0.00563635723665357,0.00195604850694053,0.00103927273812587,0,4.15735602479196
2005,1,17,0.00052531051915139,0.00243119545893933,0.00104029821159202,0,3.43978498489636
2005,1,18,0.000197932124137878,0.000378394273525373,1.68734004546423e-05,0,2.92723424211379
2005,1,19,0.0184942949563265,7.77636031443763e-05,0.00926403537232545,0.0587498840321814,2.58553374692541
2005,1,20,1.17155541374814e-05,0,0.011007447650627,0,2.34634340029354
2005,1,21,0.00174973614048213,0,0.000842507066408871,0,2.12993308667423
2005,1,22,0.000300021929433569,0,0.00102598854209646,0,1.92491278956121
2005,1,23,0.00283531355671585,0.00137245737130343,0.000154793789988616,0,1.7085024759419
2005,1,24,0.273520082235336,0.00154802901079165,0.136585170723265,0,1.54904224485399
2005,1,25,0.316153466701508,0.000130145940602233,0.294674299009785,0.00867311907461499,1.45792211280375
2005,1,26,0.0645227208733559,0,0.197282587520021,0,1.38958201376608
2005,1,27,0.000338263198500499,0,0.0338161968720669,0,1.30985189822212
2005,1,28,0.176630094647408,0,0.0882530122507887,0,1.21873176617189
2005,1,29,7.26546764373779,0,3.69913832223028,0,1.19595173315933
2005,1,30,0.364102303981781,0,3.81764425271103,0.00193616710225797,1.19595173315933
2005,1,31,0.6546910405159,-1.13686837721616e-13,0.508847445144056,0,1.16178168364049
2005,2,1,0.237947955727577,1.13686837721616e-13,0.479162992745842,0,1.11622161761537
2005,2,2,7.83027935028076,0,4.01734323290293,0,1.10597060275972
2005,2,3,2.5655734539032,4.54747350886464e-13,5.19976372298333,0.00188286694674389,1.18456171665305
2005,2,4,0.000153927408973686,0,1.31138055555493,0,1.29846188171584
2005,2,5,0.0231900066137314,0,0.0116225741294329,0,1.42375206328492
2005,2,6,2.04780292510986,0,1.0237095997436,0,1.44653209629747
2005,2,7,12.0883359909058,0,6.42774614486916,0,1.77684257497958
2005,2,8,1.32843959331512,0,6.717432780737,0,2.32356336728098
2005,2,9,1.14662373065948,0,1.24364910883378,0,2.17549315269935
2005,2,10,0.0625557452440262,0,0.684651684001437,0,1.9818628720926
2005,2,11,0.000693915993906558,0,0.0320681756020349,0.000701268581224213,1.79962260799213
2005,2,12,0.936684131622314,0,0.440878773599252,0,1.7085024759419
2005,2,13,11.8411130905151,0,6.22961306506841,0,1.89074274004237
2005,2,14,0.0109226517379284,0,5.9410097422915,0,2.14132310318051
2005,2,15,2.12898325920105,1.13686837721616e-13,1.01571623410928,0,1.9818628720926
2005,2,16,0.000113140464236494,-1.13686837721616e-13,1.06879217029564,0,1.83379265751097
2005,2,17,4.66201490780804e-05,0,8.37232073536143e-05,0,1.68572244292934
2005,2,18,0.00224034604616463,0,0.00111304218808073,0,1.57182227786655
2005,2,19,0.0485994964838028,0,0.0274022281409998,0,1.49209216232259
2005,2,20,0.355704218149185,0,0.195373541526351,0,1.42375206328492
2005,2,21,7.87434577941895,0,3.74757134111132,0,1.50348217882887
2005,2,22,1.02109801769257,0,4.45107827191896,0,1.73128250895446
2005,2,23,7.17791557312012,0,3.96171686538219,0,1.82240264100469
2005,2,24,6.2026801109314,0,6.69039647802856,0,3.15503457223937
2005,2,25,0.0116017526015639,-3.41060513164848e-13,3.40741441685532,0,2.96140429163263
2005,2,26,8.1512589531485e-05,0,0.00635587933720672,0,2.58553374692541
2005,2,27,0.109942242503166,0,0.0498520826877211,1.13686837721616e-13,2.32356336728098
2005,2,28,2.97515606880188,0,1.51342159576961,-1.13686837721616e-13,2.18688316920563
2005,3,1,0.127961859107018,0,1.55556584999431,0,1.9818628720926
2005,3,2,0.00115567829925567,0,0.0654914579572505,0.0013666827801444,1.79962260799213
2005,3,3,0.0271131414920092,0,0.0139786496838497,0,1.66294240991678
2005,3,4,0.0298963226377964,0,0.0284440028881363,0,1.57182227786655
2005,3,5,0.00764239812269807,0,0.0195528322874452,0,1.46931212931003
2005,3,6,0.0229860432446003,0,0.0148030360796838,0,1.3781919972598
2005,3,7,1.04485988616943,0,0.494098144259624,0,1.3212419147284
2005,3,8,3.40535712242126,0,2.07437939600641,0,1.3212419147284
2005,3,9,2.05495405197144,0,2.87072957406781,0,1.30985189822212
2005,3,10,1.26366102695465,0,1.56434733727292,0,1.27568184870328
2005,3,11,8.54949248605408e-05,0,0.458592597791721,0,1.23012178267817
2005,3,12,0.00792449060827494,0,0.00491217261151178,0,1.16178168364049
2005,3,13,0.0670270472764969,0,0.0413542212263565,0,1.11508261596475
2005,3,14,7.62683566790656e-06,0,0.0349932390890899,0,1.06952254993963
2005,3,15,0.070500448346138,0,0.0286544991176925,0,1.02168448061326
2005,3,16,1.07566320896149,0,0.675878760237538,0,0.987514431094418
2005,3,17,0.322895109653473,0,0.734777911551646,0,0.956761386527464
2005,3,18,0.0312796495854855,0,0.221958078476746,0,0.932842351864277
2005,3,19,0.019646218046546,0,0.0257926790363854,0,0.90892331720109
2005,3,20,0.0026533727068454,0,0.00811682165658567,0,0.88158727758602
2005,3,21,3.22740983963013,0,1.41947569165495,0,0.861085247874717
2005,3,22,27.7510375976563,0,15.4702951338004,0,1.7654525584733
2005,3,23,3.33475112915039,-1.13686837721616e-13,15.6260239927033,0,4.12318597527312
2005,3,24,0.00203743018209934,0,1.37710122386488,0,3.13225453922682
2005,3,25,5.29304313659668,0,2.44541529559865,0,2.68804389548192
2005,3,26,1.02442467212677,0,3.31833989449297,0,2.51719364788773
2005,3,27,16.7384033203125,0,7.59121807771589,0,4.37376633841126
2005,3,28,5.80566644668579,0,11.2739998107245,0,5.44442789000152
2005,3,29,2.72417419182602e-05,0,3.70041234044038,0,4.28264620636103
2005,3,30,0.0402203612029552,0,0.018311114377866,0,3.51951510044031
2005,3,31,0.239151388406754,0,0.126855121583503,0,2.91584422560751
2005,4,1,1.59756696224213,0,0.981177175905032,0,2.46024356535634
2005,4,2,1.23073089122772,0,1.43071924876131,0,2.18688316920563
2005,4,3,1.7304917491856e-05,0,0.459614010072983,0,1.94769282257377
2005,4,4,0.000424245401518419,0,0.000215407613723073,0,1.74267252546074
2005,4,5,2.59476232528687,0,1.13103242848956,0,1.60599232738539
2005,4,6,24.8118019104004,0,11.6833759809488,0,3.33727483633984
2005,4,7,5.82495069503784,0,15.342092794257,0,4.23708614033591
2005,4,8,1.70114815235138,0,3.79369701713949,0,3.49673506742775
2005,4,9,0.0103298630565405,0,0.855924071060144,0,2.95001427512635
2005,4,10,1.36046028137207,0,0.522583561127249,0,2.52858366439401
2005,4,11,12.874773979187,0,7.04912107724522,0,2.73360396150704
2005,4,12,13.9426584243774,1.13686837721616e-13,13.4045378620103,0,4.23708614033591
2005,4,13,0.040351752191782,-1.13686837721616e-13,6.99567593248139,0,3.49673506742775
2005,4,14,0.00452150916680694,0,0.0241870493082388,0,2.87028415958239
2005,4,15,3.0486367904814e-05,0,0.00238365364202764,0,2.40329348282494
2005,4,16,2.74394260486588e-05,0,2.91787437163293e-05,0,2.06159298763656
2005,4,17,5.52072960999794e-05,0,4.02383120672312e-05,0,1.78823259148585
2005,4,18,0.000556359358597547,0,0.000238480693951715,0,1.58321229437283
2005,4,19,0.00713671650737524,0,0.00372482664533891,0,1.42375206328492
2005,4,20,0.0296283736824989,0,0.0224168936329079,0,1.28707186520956
2005,4,21,0.461508423089981,0,0.223783215125877,0,1.16178168364049
2005,4,22,6.91171503067017,0,3.59834685210808,0,1.13216764072417
2005,4,23,0.00128901412244886,0,3.64932970126392,0,1.07407855654214
2005,4,24,0.00195874366909266,0,0.00166206144785974,0,0.927147343611137
2005,4,25,0.365702867507935,0,0.230561337510153,0,0.826915198355879
2005,4,26,6.23546552658081,0,3.03941063115417,0,0.774521122426994
2005,4,27,2.39069747924805,0,4.33454993105624,0,0.731239059703133
2005,4,28,8.95165824890137,0,5.24578836639557,0,0.702764018437435
2005,4,29,7.13395977020264,0,7.80799100145305,0,0.731239059703133
2005,4,30,5.01156806945801,0,6.08989749789544,0,0.767687112523227
2005,5,1,0.00010703213774832,0,2.54446714215737,0,0.701625016786807
2005,5,2,0.00147269677836448,0,0.000880960400536424,0,0.631006914447875
2005,5,3,0.00443623261526227,0,0.00312994308478665,0,0.575195833567106
2005,5,4,3.14857652483624e-06,0,0.00234726604321622,0,0.533052772493873
2005,5,5,0.000418077572248876,0,0.000166496578458464,0,0.498882722975035
2005,5,6,0.00509779946878552,0,0.00298843669588678,0,0.469268680058708
2005,5,7,0.00337249576114118,0,0.00440107538452139,0,0.444210643744894
2005,5,8,0.918563723564148,0,0.518141538468626,0,0.422569612382963
2005,5,9,5.23204469680786,0,2.9370199522964,0,0.403206584322288
2005,5,10,0.0538601540029049,0,2.78502683014449,0,0.383843556261613
2005,5,11,0.0258513502776623,0,0.0351638648207882,0,0.367897533152822
2005,5,12,0.043772641569376,0,0.0351938674793928,0,0.34739550344152
2005,5,13,0.267012149095535,0,0.127931762530352,0,0.322337467127705
2005,5,14,17.1455459594727,0,8.29320552228455,0,0.316642458874565
2005,5,15,0.123556025326252,0,8.84390433605222,0,0.30866944732017
2005,5,16,1.39592504501343,0,0.66634405185323,0,0.305252442368286
2005,5,17,0.000207789445994422,0,0.77766148892988,0,0.307530445669542
2005,5,18,0.0113827968016267,0,0.00718099532605265,0,0.283611411006355
2005,5,19,0.324771493673325,0,0.146045809156931,0,0.281333407705099
2005,5,20,0.930375099182129,0,0.592730990734708,0,0.259692376343169
2005,5,21,0.213266983628273,0,0.584817289280181,0,0.234634340029354
2005,5,22,0.22682449221611,0,0.191260124098335,0,0.218688316920563
2005,5,23,16.0044345855713,0,7.93508785977247,0,0.218688316920563
2005,5,24,4.30608606338501,0,11.8761626400883,0,0.23691234333061
2005,5,25,3.37677645683289,0,3.96775060092841,0,0.342839496839008
2005,5,26,0.0642956718802452,0,1.87399243364052,0,0.348534505092147
2005,5,27,0.0410126857459545,0,0.0553687606989115,0,0.326893473730217
2005,5,28,0.619014620780945,0,0.419937020593352,0,0.281333407705099
2005,5,29,0.103849560022354,0,0.432892845896276,0,0.244885354885006
2005,5,30,0.0800411179661751,0,0.0747923558483308,0,0.218688316920563
2005,5,31,0.00583054451271892,0,0.0168012049653044,1.13686837721616e-13,0.200464290510516
2005,6,1,0.767414629459381,0,0.260289134890627,-1.13686837721616e-13,0.186796270702981
2005,6,2,1.82637012004852,0,1.16362069753814,0,0.171989249244818
2005,6,3,0.00603532837703824,0,1.13198582491168,0,0.164016237690422
2005,6,4,0.0398602709174156,0,-0.0388571330731793,0,0.156043226136027
2005,6,5,6.14195060729981,0,2.48065085232156,0,0.149209216232259
2005,6,6,1.45572102069855,0,4.46414889582957,0,0.14351420797912
2005,6,7,6.68265628814697,0,3.39514102021349,0,0.13781919972598
2005,6,8,0.731259286403656,0,4.38053065312488,0,0.133263193123468
2005,6,9,0.447123914957047,0,0.436514575871115,0,0.134402194774096
2005,6,10,5.02515888214111,0,2.56006148655069,0,0.123012178267817
2005,6,11,2.211501121521,0,3.84649042046658,0,0.117317170014677
2005,6,12,4.61275386810303,0,3.24719060874122,0,0.116178168364049
2005,6,13,5.67823362350464,0,5.23441310355702,0,0.116178168364049
2005,6,14,2.94060468673706,0,4.79338124136484,0,0.108205156809654
2005,6,15,0.00185659271664917,0,1.13010622414731,0,0.100232145255258
2005,6,16,1.36209690570831,0,0.769342811985553,0,0.0968151403033743
2005,6,17,6.01297664642334,0,3.25524114137079,0,0.0933981353514905
2005,6,18,0.954029381275177,0,3.98586315173816,0,0.0888421287489788
2005,6,19,0.0184868276119232,0,0.63633909834607,0,0.085425123797095
2005,6,20,2.49896788773185e-06,0,0.0106044825952267,0,0.0820081188452112
2005,6,21,2.91211417788873e-05,0,-0.000225272553507239,0,0.0797301155439553
2005,6,22,0.001206582528539,0,0.000869660820171703,0,0.0774521122426994
2005,6,23,0.00183042662683874,0,0.00171955790938227,0,0.0751741089414436
2005,6,24,0.0168513040989637,0,0.00624628067816957,0,0.0728961056401877
2005,6,25,0.00416768155992031,0,-0.0112114696166827,0,0.0706181023389318
2005,6,26,0.509618163108826,0,0.138684521967662,0,0.0660620957364201
2005,6,27,0.88142454624176,0,0.408954224276386,0,0.0637840924351642
2005,6,28,5.31728458404541,0,2.44243956806167,0,0.0603670874832804
2005,6,29,0.646307706832886,0,3.84084679324224,0,0.0580890841820246
2005,6,30,1.89109647274017,0,-1.1262930808698,0,0.0569500825313966
2005,7,1,23.0385494232178,0,16.5276214466721,0,0.0626450907845363
2005,7,2,1.06618690490723,0,10.4447722093937,0,0.0558110808807687
2005,7,3,0.00565414689481258,0,0.954825561955658,0,0.0546720792301408
2005,7,4,0.208088770508766,0,0.0613384334610601,0,0.0569500825313966
2005,7,5,0.042805977165699,0,0.0180024425244483,0,0.0592280858326525
2005,7,6,2.3832688331604,0,0.981774509309616,0,0.0592280858326525
2005,7,7,0.0421046651899815,0,1.58229533192934,0,0.0580890841820246
2005,7,8,0.00317207351326942,0,0.0287472043855814,0,0.0558110808807687
2005,7,9,0.00298330187797546,0,0.00305153945009806,0,0.0523940759288849
2005,7,10,0.409810930490494,0,-0.122215902239986,0,0.0535330775795128
2005,7,11,4.36853933334351,0,2.10131431992704,0,0.050116072627629
2005,7,12,0.0747978687286377,0,2.82695570992655,0,0.0466990676757452
2005,7,13,0.0209295712411404,0,0.0216061450155394,0,0.0455600660251173
2005,7,14,0.56440794467926,0,0.19173624470568,0,0.0444210643744894
2005,7,15,0.962142646312714,0,0.618040408433444,0,0.0432820627238614
2005,7,16,2.4004647731781,0,1.4716120323792,0,0.0410040594226056
2005,7,17,2.52993941307068,0,2.26526417659261,0,0.0398650577719777
2005,7,18,5.45212984085083,0,3.80677338093665,0,0.0387260561213497
2005,7,19,1.82889783382416,0,4.19760713482538,0,0.0387260561213497
2005,7,20,1.08647620677948,0,1.46608267041665,0,0.0387260561213497
2005,7,21,1.20471167564392,0,1.14618830747713,0,0.0375870544707218
2005,7,22,0.0306271910667419,0,0.758722154892894,0,0.0375870544707218
2005,7,23,0.120879851281643,0,0.0277777772498666,0,0.0364480528200938
2005,7,24,0.0553939864039421,0,0.0925285506818909,0,0.034170049518838
2005,7,25,0.00366178154945374,0,0.0293342401128029,0,0.0330310478682101
2005,7,26,1.3930891752243,0,0.655338900065544,0,0.0307530445669542
2005,7,27,7.0446949005127,0,4.08646117900571,0,0.0307530445669542
2005,7,28,5.76674127578735,0,6.59460621560356,0,0.0307530445669542
2005,7,29,0.0133056761696935,0,3.49375704904378,0,0.0284750412656983
2005,7,30,1.20985404854224e-12,0,-0.0475549620932725,0,0.0284750412656983
2005,7,31,6.28908901489922e-06,0,3.53524956153706e-06,0,0.0284750412656983
2005,8,1,1.20300946946372e-05,0,8.62070010043681e-06,0,0.0284750412656983
2005,8,2,0.00233703479170799,0,0.00095647339549032,0,0.0273360396150704
2005,8,3,0.0647892951965332,0,0.0277746173305786,0,0.0273360396150704
2005,8,4,0.178524494171143,0,0.112959265494283,0,0.0261970379644425
2005,8,5,1.59150743484497,0,0.755986536427372,0,0.0250580363138145
2005,8,6,10.7537269592285,0,5.35734823806706,0,0.0250580363138145
2005,8,7,8.03164100646973,0,9.85082382969995,0,0.0250580363138145
2005,8,8,1.42765533924103,0,5.75252932559306,0,0.0250580363138145
2005,8,9,0.312958121299744,0,0.963906986275106,0,0.0250580363138145
2005,8,10,0.143754571676254,0,0.204683269683301,0,0.0239190346631866
2005,8,11,0.00105675146915019,0,0.0540937019468402,0,0.0239190346631866
2005,8,12,0.00167765817604959,0,0.00122851949709002,0,0.0239190346631866
2005,8,13,0.0906932801008224,0,0.038472488289699,0,0.0227800330125587
2005,8,14,0.794517517089844,0,0.402659114057315,0,0.0227800330125587
2005,8,15,7.73446941375732,0,3.94745560277443,0,0.0227800330125587
2005,8,16,6.59914875030518,0,7.47284324228167,0,0.0227800330125587
2005,8,17,19.185718536377,0,11.8422188366058,0,0.0227800330125587
2005,8,18,9.65991401672363,0,16.0121547525232,0,0.0216410313619307
2005,8,19,0.000285978167084977,0,4.86785612536551,0,0.0216410313619307
2005,8,20,0.446805655956268,0,0.232214683561324,0,0.0216410313619307
2005,8,21,1.51675021648407,0,0.945715650028433,0,0.0216410313619307
2005,8,22,1.4071284532547,0,1.47006826194047,0,0.0227800330125587
2005,8,23,2.88211727142334,0,2.33241024012386,0,0.0216410313619307
2005,8,24,9.07598304748535,0,5.74555121703088,0,0.0216410313619307
2005,8,25,3.65801024436951,0,6.9735795558554,0,0.0216410313619307
2005,8,26,1.95053899288178,0,3.02345895879262,0,0.0205020297113028
2005,8,27,3.63835906982422,0,2.95026754148421,0,0.0216410313619307
2005,8,28,0.583119869232178,0,1.95671094012869,0,0.0205020297113028
2005,8,29,0.885318338871002,0,0.772449491629232,1.13686837721616e-13,0.0216410313619307
2005,8,30,0.0125915566459298,0,0.338693306293862,-1.13686837721616e-13,0.0216410313619307
2005,8,31,4.21786216975306e-06,0,0.00799641719277133,0,0.0216410313619307
2005,9,1,0.00246292003430426,0,0.00114877536907443,0,0.0216410313619307
2005,9,2,0.319503039121628,0,0.191704898970784,0,0.0205020297113028
2005,9,3,0.938538432121277,0,0.771217214201897,0,0.0205020297113028
2005,9,4,1.57781970500946,0,1.16072203686417,0,0.0205020297113028
2005,9,5,0.0170809701085091,0,1.10833102680044,0,0.0193630280606749
2005,9,6,0.00480935117229819,0,0.00896748232480604,0,0.0182240264100469
2005,9,7,4.40164913015906e-05,0,0.00190924478738452,0,0.0182240264100469
2005,9,8,0.000144650315633044,0,8.36648250697181e-05,0,0.0182240264100469
2005,9,9,0.000123580117360689,0,0.000132713965285802,0,0.0182240264100469
2005,9,10,5.25539981026668e-05,0,8.10021956567653e-05,0,0.0182240264100469
2005,9,11,0.00027552800020203,0,0.000167836238688324,0,0.0182240264100469
2005,9,12,0.00110136333387345,0,0.000609826762229204,0,0.017085024759419
2005,9,13,0.229305759072304,0,0.0963825283542974,0,0.017085024759419
2005,9,14,17.814395904541,0,7.57661726608421,0,0.0193630280606749
2005,9,15,32.1997680664063,0,24.910946197906,0,0.0205020297113028
2005,9,16,13.0541324615479,0,22.6286349541879,0,0.0205020297113028
2005,9,17,0.0262163616716862,0,6.78563536235743,0,0.0205020297113028
2005,9,18,0.222866296768188,0,0.119644657999743,0,0.0227800330125587
2005,9,19,0.128421813249588,0,0.182930022201617,0,0.0250580363138145
2005,9,20,0.0280656740069389,0,0.080485468304687,0,0.0261970379644425
2005,9,21,0.158383458852768,0,0.0859646927965514,0,0.0273360396150704
2005,9,22,0.00120940513443202,0,0.0892004111447022,0,0.0261970379644425
2005,9,23,0.124404072761536,0,0.0532451946019137,0,0.0250580363138145
2005,9,24,3.9787905216217,0,1.8300650331621,0,0.0250580363138145
2005,9,25,50.8451461791992,0,26.2253699722642,0,0.0330310478682101
2005,9,26,4.31065845489502,0,27.5813703837339,0,0.0261970379644425
2005,9,27,0.507713317871094,0,2.44733888802875,0,0.0261970379644425
2005,9,28,0.473515421152115,0,0.490740134784574,0,0.0603670874832804
2005,9,29,3.33500576019287,0,1.76553016218531,0,0.0785911138933274
2005,9,30,3.79946250177454e-05,0,1.88321723682748,0,0.0615060891339084
2005,10,1,0.219076335430145,0,0.0846989429883251,0,0.0546720792301408
2005,10,2,0.00829979218542576,0,0.129138861124375,0,0.0523940759288849
2005,10,3,0.00362556101754308,0,0.00627318826809642,0,0.0489770709770011
2005,10,4,0.0102404477074742,0,0.00617005299136508,0,0.0466990676757452
2005,10,5,0.0732109025120735,0,0.0401070918924233,0,0.0444210643744894
2005,10,6,0.25001385807991,0,0.155436850011029,0,0.0421430610732335
2005,10,7,1.04651999473572,0,0.565967466794973,0,0.0398650577719777
2005,10,8,0.00062771828379482,0,0.481185086817277,0,0.0387260561213497
2005,10,9,0.119578883051872,0,0.0535229166744102,0,0.0375870544707218
2005,10,10,0.677691578865051,0,0.459002237352252,0,0.0353090511694659
2005,10,11,6.25497632427141e-05,0,0.384477395120484,0,0.034170049518838
2005,10,12,0.0249228719621897,0,0.0163854897291458,0,0.034170049518838
2005,10,13,0.0743118673563004,0,0.0470509453007253,0,0.0330310478682101
2005,10,14,6.48792320134817e-06,0,0.0252704016565986,0,0.0318920462175821
2005,10,15,0.000935851479880512,0,0.000408952430007048,0,0.0307530445669542
2005,10,16,0.000145142417750321,0,0.000430946609412786,0,0.0296140429163263
2005,10,17,2.22111757466337e-05,0,8.61478220031131e-05,0,0.0284750412656983
2005,10,18,0.000663743121549487,0,0.000413816207583295,0,0.0284750412656983
2005,10,19,0.07160684466362,0,0.0325232726681861,0,0.0273360396150704
2005,10,20,1.62003993988037,0,0.725547828231356,0,0.0273360396150704
2005,10,21,0.258434355258942,0,1.00992371144821,0,0.0261970379644425
2005,10,22,0.00748117221519351,0,0.163729079049517,0,0.0261970379644425
2005,10,23,0.00865142419934273,0,0.00813755815397599,0,0.0250580363138145
2005,10,24,0.000445069221314043,0,0.00495619200228248,0,0.0250580363138145
2005,10,25,3.07841401081532e-06,0,0.000182761676114751,0,0.0250580363138145
2005,10,26,1.85642711585388e-05,0,9.63453567237593e-06,0,0.0250580363138145
2005,10,27,6.53908136882819e-05,0,4.35027322964743e-05,0,0.0250580363138145
2005,10,28,2.81445754808374e-05,0,3.96889845433179e-05,0,0.0239190346631866
2005,10,29,2.36728774325456e-05,0,2.60544074990321e-05,0,0.0239190346631866
2005,10,30,0.183939173817635,0,0.098431130139943,0,0.0239190346631866
2005,10,31,3.48324275016785,0,1.64661018236438,0,0.0250580363138145
2005,11,1,29.2491321563721,-2.27373675443232e-13,14.5473216247992,0,0.0273360396150704
2005,11,2,0.000154562600073405,0,14.7020415594307,0,0.0261970379644425
2005,11,3,8.59333085827529e-05,0,0.000114494352601469,0,0.0284750412656983
2005,11,4,0.201852738857269,0,0.0935966728575295,0,0.0307530445669542
2005,11,5,0.247252389788628,0,0.224399272436131,1.13686837721616e-13,0.0318920462175821
2005,11,6,0.581241250038147,0,0.374920894500974,-1.13686837721616e-13,0.0318920462175821
2005,11,7,0.135857254266739,0,0.334551735384594,0,0.0318920462175821
2005,11,8,0.0152489626780152,0,0.0813981865685491,0,0.0307530445669542
2005,11,9,0.0337125696241856,0,0.026452237223566,0,0.0296140429163263
2005,11,10,0.0987994149327278,0,0.0640231214165397,0,0.0284750412656983
2005,11,11,0.0332200974225998,0,0.059394990279543,0,0.0284750412656983
2005,11,12,0.599843204021454,0,0.284348556524492,1.13686837721616e-13,0.0284750412656983
2005,11,13,1.43822109699249,0,1.07702433349914,-1.13686837721616e-13,0.0273360396150704
2005,11,14,2.93821430206299,0,2.0884597160657,0,0.0284750412656983
2005,11,15,23.2672576904297,0,12.9237416030592,0,0.0307530445669542
2005,11,16,3.64853072166443,0,13.4627389784619,0,0.0296140429163263
2005,11,17,0.651050448417664,0,2.38248786748954,0,0.128707186520956
2005,11,18,0.0402112938463688,0,0.345825143009279,0.00146234010674107,0.191352277305493
2005,11,19,0.283603191375732,0,0.166658247293526,0,0.150348217882887
2005,11,20,0.755372583866119,0,0.477772435831867,0,0.123012178267817
2005,11,21,0.057995118200779,0,0.495082348992582,1.13686837721616e-13,0.10478815185777
2005,11,22,6.48820714559406e-05,0,0.0245241016127693,-1.13686837721616e-13,0.0933981353514905
2005,11,23,0.000108190208266024,0,8.54553400131408e-05,0,0.0865641254477229
2005,11,24,8.21400954009732e-06,0,4.52270687674172e-05,0,0.0797301155439553
2005,11,25,0.0510134361684322,0,0.0254859301639954,0,0.0740351072908156
2005,11,26,0.51948881149292,0,0.351712643740029,0,0.0717571039895598
2005,11,27,7.9998984336853,0,3.96058288307904,0,0.0740351072908156
2005,11,28,16.7994613647461,0,11.5742534379533,0,0.0694791006883039
2005,11,29,0.423323780298233,0,8.65543283489751,0,0.0649230940857922
2005,11,30,0.0044479975476861,0,0.217518128047232,0,0.0660620957364201
2005,12,1,0.0102153588086367,0,0.00732610848717741,0,0.067201097387048
2005,12,2,0.000179641181603074,0,0.00521875619961065,0,0.0694791006883039
2005,12,3,0.00745967356488109,0,0.0038169898725755,0.00166244494278089,0.0694791006883039
2005,12,4,0.0151366759091616,0,0.0106054024035984,0,0.067201097387048
2005,12,5,0.00379151874221861,0.000634223883366758,0.00901425484698848,0,0.0649230940857922
2005,12,6,0.00209011300466955,0.000839194039144786,0.00217970776066068,0,0.0615060891339084
2005,12,7,0.0676879435777664,0.00535494033840678,0.02329908455431,0,0.0592280858326525
2005,12,8,1.66986727714539,0.765625203788773,0.100572454870417,0,0.0580890841820246
2005,12,9,0.011000701226294,0.815200868097691,0.0779458636170602,0,0.0580890841820246
2005,12,10,0.00475358124822378,0.00714760924483926,0.00126992842342588,0,0.0580890841820246
2005,12,11,7.42941438147682e-06,0.000895320191034443,0.00163787989731645,1.26998786945569,0.0569500825313966
2005,12,12,0.0230203755199909,0,0.0123793742423004,0.381704831339675,0.0569500825313966
2005,12,13,0.486948996782303,0,0.269373853283469,0,0.0569500825313966
2005,12,14,2.91882514953613,1.13686837721616e-13,1.38969813219592,0,0.0569500825313966
2005,12,15,0.0191919300705194,-1.13686837721616e-13,1.66090139547305,0,0.0558110808807687
2005,12,16,3.71358669326582e-06,0,0.010306321488315,0,0.0558110808807687
2005,12,17,0.000174603512277827,0,6.87616484356113e-05,0,0.0558110808807687
2005,12,18,0.00116056646220386,0,0.000719676794687985,0,0.0546720792301408
2005,12,19,0.0319476723670959,0.00112074554806441,0.0125314409378916,0,0.0546720792301408
2005,12,20,0.0118198171257973,0.00306187488126852,0.0188271711776906,0,0.0546720792301408
2005,12,21,0.00447456398978829,0.00169710925320032,0.00648543882198283,0,0.0546720792301408
2005,12,22,0.00965672079473734,0,0.00706502316097613,0.0190242470835074,0.0535330775795128
2005,12,23,0.138927951455116,0,0.0741588111632154,0,0.0535330775795128
2005,12,24,1.24971234798431,-1.13686837721616e-13,0.802410142863664,0,0.0523940759288849
2005,12,25,1.63385248184204,1.13686837721616e-13,1.45719953479056,0,0.0523940759288849
2005,12,26,0.399203032255173,0,1.14933181738525,0,0.051255074278257
2005,12,27,0.00279787788167596,0,0.212269067582383,0,0.051255074278257
2005,12,28,0.000159828137839213,0,0.00155483657727018,0,0.050116072627629
2005,12,29,6.68160355417058e-05,0,0.000123593177704606,0,0.051255074278257
2005,12,30,0.00035399865009822,0,0.000276847553323023,-1.13686837721616e-13,0.050116072627629
2005,12,31,4.00937869926565e-06,0,0.000189859016245464,1.13686837721616e-13,0.050116072627629
2006,1,1,0.0983164086937904,0,0.0234427295727073,0,0.0489770709770011
2006,1,2,0.011853689327836,0,0.068783033231739,0,0.0489770709770011
2006,1,3,0.00669856835156679,0,0.00677936661304557,0,0.0489770709770011
2006,1,4,6.06220564804971e-05,0,0.00147006635597791,0,0.0489770709770011
2006,1,5,3.55246629624162e-05,0,2.44642033067066e-05,0,0.0478380693263732
2006,1,6,0.00134011392947286,0,0.000318714915920282,0,0.0478380693263732
2006,1,7,0.00013863826461602,0,0.00110818434404791,0,0.0466990676757452
2006,1,8,4.97171895403881e-05,0,-0.0231621050515969,0,0.0466990676757452
2006,1,9,0.963904678821564,0,-0.229033215782692,0,0.0478380693263732
2006,1,10,18.2207527160645,0,4.3259717469773,0,0.0523940759288849
2006,1,11,0.346688598394394,0,9.2840929923841,2.27373675443232e-13,0.050116072627629
2006,1,12,0.707275569438934,0,0.510458926841238,-1.13686837721616e-13,0.050116072627629
2006,1,13,4.36775398254395,0,2.30247809936918,0,0.0535330775795128
2006,1,14,0.187531873583794,0,2.50294501275857,0,0.0523940759288849
2006,1,15,0.00154549605213106,0,0.0817198426884715,0,0.0535330775795128
2006,1,16,0.284725815057755,0,0.171948079714639,1.13686837721616e-13,0.0535330775795128
2006,1,17,0.853172421455383,0,0.603072367743152,-1.13686837721616e-13,0.0535330775795128
2006,1,18,0.0161482114344835,0,0.453669997899851,0,0.0546720792301408
2006,1,19,7.1226095315069e-05,0,0.00627734895169851,0,0.0558110808807687
2006,1,20,0.419166088104248,0,0.178140196116146,0,0.0569500825313966
2006,1,21,0.368660151958466,0,0.394534122366167,0,0.0558110808807687
2006,1,22,6.73578357696533,-1.13686837721616e-13,3.53780191099941,-1.13686837721616e-13,0.067201097387048
2006,1,23,13.7572250366211,-1.13686837721616e-13,10.2012552099804,-1.13686837721616e-13,0.067201097387048
2006,1,24,0.000639537174720317,-3.41060513164848e-13,6.88121795266488,-3.41060513164848e-13,0.0626450907845363
2006,1,25,6.43129533273168e-05,0,0.000377281634428073,0,0.0626450907845363
2006,1,26,0.000323358603054658,0,0.000208516990824137,0,0.068340099037676
2006,1,27,0.00213176663964987,0,0.00129984954037354,0,0.085425123797095
2006,1,28,4.78994083404541,0,2.37941672503803,0,0.102510148556514
2006,1,29,25.5670146942139,0,11.9168010133908,0,0.186796270702981
2006,1,30,5.56428718566895,0,15.5664127521195,0,0.571778828615222
2006,1,31,5.59043728571851e-05,0,2.85885202230929,0,0.583168845121502
2006,2,1,0.764596819877625,0,0.378064855060075,0,0.444210643744894
2006,2,2,2.43573546409607,0,1.54842801297491,0,0.362202524899683
2006,2,3,2.2191047668457,0,2.33229722981923,0,0.342839496839008
2006,2,4,0.0190829429775476,0,1.22442200305886,0,0.348534505092147
2006,2,5,0.000190986640518531,0,0.00971228217895259,0,0.298418432464518
2006,2,6,0.0136756272986531,0,0.00601476359952358,0,0.253997368090029
2006,2,7,0.000187249330338091,0,0.00524691475584405,0,0.219827318571191
2006,2,8,8.28491192805814e-06,0,0.000105092749436153,0,0.19818628720926
2006,2,9,0.0424664951860905,0,0.0147442403977038,0,0.179962260799213
2006,2,10,0.304923743009567,1.13686837721616e-13,0.173649018757715,0,0.166294240991678
2006,2,11,5.4088888168335,0.694423043029701,2.16232975987077,0,0.156043226136027
2006,2,12,1.99358177185059,1.40950445368424,2.29612653730874,0,0.144653209629747
2006,2,13,1.01937079429626,0.817580313906319,0.710588151232514,0,0.136680198075352
2006,2,14,7.41127369110473e-05,0.0853264548843526,0.502919462560385,1.4617447979432,0.128707186520956
2006,2,15,0.0579905323684216,0,0.0289004460537399,1.73585077427219,0.121873176617189
2006,2,16,1.29632198810577,0,0.737050132716831,-1.13686837721616e-13,0.120734174966561
2006,2,17,5.48478841781616,0,3.23370152409552,1.13686837721616e-13,0.118456171665305
2006,2,18,10.1692123413086,5.06451737540829,2.7532291475145,0,0.123012178267817
2006,2,19,7.13975095748901,8.77244524697642,0,0,0.128707186520956
2006,2,20,0.922082364559174,4.33645492008475,0,0,0.133263193123468
2006,2,21,0.0624248124659061,0.562543908185262,0.0122207492604502,0,0.136680198075352
2006,2,22,0.271517336368561,0.0191125694398124,0.128206852012227,0,0.142375206328492
2006,2,23,0.1097382158041,-1.13686837721616e-13,0.19082344722483,1.77193350008599,0.145792211280375
2006,2,24,1.99246514966944e-05,0,0.0554454930897919,5.43110460894809,0.158321229437283
2006,2,25,0.065779484808445,0,0.0321131183809484,7.58938757193198,0.178823259148585
2006,2,26,0.000238126522162929,0,0.0335094283545914,3.98070312720688,0.2038812954624
2006,2,27,0.000295909820124507,0,0.000265247650531819,-1.13686837721616e-13,0.206159298763656
2006,2,28,0.00704467669129372,0,0.00299451264072559,1.13686837721616e-13,0.199325288859888
2006,3,1,0.0177648663520813,0,0.0123914675568813,0,0.187935272353609
2006,3,2,0.0477245450019836,0,0.0324265350282076,0,0.175406254196702
2006,3,3,0.00536002870649099,0,0.0245502169673273,0,0.164016237690422
2006,3,4,9.00682571227662e-05,-1.13686837721616e-13,0.00202577312666108,0,0.157182227786655
2006,3,5,0.0135636879131198,1.13686837721616e-13,0.00826056237565354,0,0.149209216232259
2006,3,6,0.00100989989005029,0,0.00733485383898369,0,0.141236204677864
2006,3,7,0.00259461021050811,0,0.00166137025735225,0,0.134402194774096
2006,3,8,3.03047776222229,0,1.30575674719876,0,0.13212419147284
2006,3,9,30.191822052002,0,16.6110907912444,0,0.166294240991678
2006,3,10,13.8326892852783,0,22.022022320074,0,0.871336262730369
2006,3,11,2.06718230247498,0,7.96254487765327,0,1.4351420797912
2006,3,12,6.98852968215942,0,4.43492241566491,0,1.45792211280375
2006,3,13,7.54582977294922,0,7.26584563307551,0,1.59460231087911
2006,3,14,0.0160549934953451,0,3.82049948313579,0,1.77684257497958
2006,3,15,0.0012804294237867,0,0.00898685393258347,0,1.28707186520956
2006,3,16,0.0010631422046572,0,0.00117339899225044,0,0.957900388178092
2006,3,17,0.00588120752945542,0,0.00294881636000355,0,0.763131105920715
2006,3,18,0.441608965396881,0,0.203170261564082,0,0.632145916098503
2006,3,19,7.04598903656006,-1.13686837721616e-13,3.60718255658139,0,0.541025784048268
2006,3,20,19.9940948486328,1.13686837721616e-13,13.4418040009732,-1.13686837721616e-13,0.538747780747012
2006,3,21,4.04210758209229,3.41060513164848e-13,12.2056613366076,3.41060513164848e-13,1.12419462916977
2006,3,22,0.345021098852158,-1.13686837721616e-13,2.19366835518304,-1.13686837721616e-13,1.48070214581631
2006,3,23,2.25717043876648,0,1.29952230746858,0,1.20734174966561
2006,3,24,0.120855055749416,0,1.18929220797872,0,0.994348440998185
2006,3,25,0.000210194353712723,0,0.0518935233558295,0,0.846278226416554
2006,3,26,0.00115320482291281,0,0.000667133288516197,0,0.724405049799365
2006,3,27,0.0466556325554848,1.13686837721616e-13,0.0198381070113101,0,0.626450907845363
2006,3,28,0.227039754390717,-1.13686837721616e-13,0.133712124592421,0,0.553554802205175
2006,3,29,0.033900324255228,0,0.135377701040852,0,0.494326716372523
2006,3,30,2.11970472335815,1.13686837721616e-13,0.950357638259447,1.13686837721616e-13,0.447627648696778
2006,3,31,12.501838684082,-1.13686837721616e-13,7.31050810508532,-1.13686837721616e-13,0.443071642094266
2006,4,1,0.197165906429291,0,6.3780441773888,0,0.550137797253292
2006,4,2,3.93115782737732,0,1.96010265962468,0,0.701625016786807
2006,4,3,0.821867048740387,0,2.5631791517153,0,0.651508944159178
2006,4,4,0.0011488749878481,0,0.450125625950022,0,0.604809876483432
2006,4,5,1.33854627609253,0,0.540263631970447,0,0.53988678239764
2006,4,6,4.1773886680603,0,2.69727989120293,0,0.521662755987593
2006,4,7,13.0882263183594,0,8.39850656818453,0,0.674288977171736
2006,4,8,0.806490063667297,0,7.08257317494281,0,1.08546857304842
2006,4,9,0.153920859098434,0,0.514561530333594,0,0.962456394780603
2006,4,10,6.80331868352369e-05,0,0.0661919612175552,0,0.801857162042065
2006,4,11,0.0130124688148499,0,0.0083198487154732,0,0.690235000280527
2006,4,12,0.382082521915436,0,0.22383932795492,0,0.951066378274324
2006,4,13,2.02361035346985,-1.13686837721616e-13,1.10406566443999,0,2.77916402753216
2006,4,14,0.0024360918905586,1.13686837721616e-13,1.32453433193587,0,1.13900165062793
2006,4,15,0.0242963712662458,0,0.0129609221185092,0,0.807552170295204
2006,4,16,0.0422278754413128,0,0.0306079106521793,0,0.646952937556666
2006,4,17,0.000105319588328712,0,0.02226278841772,0,0.543303787349524
2006,4,18,0.00213222997263074,0,0.0014869609985908,0,0.472685685010592
2006,4,19,0.0110933370888233,0,0.00626230381021742,0,0.410040594226056
2006,4,20,3.75597667694092,0,1.69817979962681,0,0.379287549659102
2006,4,21,1.86926913261414,0,2.86013843848195,0,0.364480528200939
2006,4,22,0.352933764457703,0,1.15764172318814,0,0.342839496839008
2006,4,23,0.0134206973016262,0,0.129186159032543,0,0.314364455573309
2006,4,24,5.14228200912476,0,2.42777427109468,0,0.292723424211379
2006,4,25,32.7106781005859,0,14.6264168665221,0,0.826915198355879
2006,4,26,4.8108983039856,-1.13686837721616e-13,18.7742607151922,0,2.12993308667423
2006,4,27,0.0360881052911282,1.13686837721616e-13,2.81882176045474,0,1.35541196424724
2006,4,28,0.235754564404488,0,0.139566389840184,0,0.993209439347557
2006,4,29,33.5007629394531,0,16.7780281819978,0,2.84750412656983
2006,4,30,28.0659351348877,0,30.7837327505549,0,13.3263193123468
2006,5,1,5.79291534423828,0,16.9427909328697,0,5.7861283851899
2006,5,2,1.38968753814697,0,3.62638544682704,0,3.65619529851566
2006,5,3,1.94627404212952,0,1.66446400614223,0,2.53997368090029
2006,5,4,20.2079067230225,0,10.6630951397456,0,2.84750412656983
2006,5,5,26.2725048065186,0,23.2381544443451,0,6.13921889688456
2006,5,6,0.839379072189331,0,13.5600069771353,0,4.29403622286731
2006,5,7,3.11484861373901,0,1.93675249385342,0,3.06391444018914
2006,5,8,0.497117102146149,0,2.01701792698077,0,2.47163358186261
2006,5,9,2.31283950805664,0,1.38099156733369,0,1.95908283908004
2006,5,10,23.6075553894043,0,12.3211576900794,0,1.86796270702981
2006,5,11,2.2135705947876,0,12.9176309542672,0,2.10715305366168
2006,5,12,0.0424959100782871,0,1.180619739338,0,1.74267252546074
2006,5,13,0.329843401908875,0,0.174700747993484,0,1.40097203027236
2006,5,14,0.413527309894562,1.13686837721616e-13,0.377389184042841,0,1.13900165062793
2006,5,15,0.0123816709965467,-1.13686837721616e-13,0.215925870019419,-1.13686837721616e-13,0.933981353514905
2006,5,16,0.578839659690857,0,0.219359602775512,1.13686837721616e-13,0.781355132330762
2006,5,17,0.915160119533539,0,0.692426324698317,0,0.678844983774248
2006,5,18,0.629792451858521,0,0.783527777264681,0,0.599114868230293
2006,5,19,1.48583176269312e-05,0,0.31518594951558,0,0.525079760939477
2006,5,20,0.00438556540757418,0,0.00168407170349383,0,0.461295668504313
2006,5,21,0.0299489423632622,0,0.0201623695611488,0,0.410040594226056
2006,5,22,0.174270287156105,0,0.107829080312513,0,0.362202524899683
2006,5,23,0.189153239130974,0,0.181040190749627,0,0.324615470428961
2006,5,24,0.0062864194624126,0,0.0767849514231784,0,0.295001427512635
2006,5,25,0.0574872456490994,0,0.0289535856645671,-1.13686837721616e-13,0.265387384596308
2006,5,26,0.0346179716289043,0,0.0421706502638699,1.13686837721616e-13,0.240329348282494
2006,5,27,0.167264103889465,0,0.0968977267875744,0,0.219827318571191
2006,5,28,0.0080362930893898,0,0.113159341071878,0,0.202742293811772
2006,5,29,0.290707796812058,0,0.138170735466701,0,0.185657269052353
2006,5,30,3.36919522285461,0,1.7404856917201,0,0.175406254196702
2006,5,31,1.4224339723587,0,2.5117079439915,0,0.16515523934105
2006,6,1,8.82361030578613,0,4.96324317811741,0,0.156043226136027
2006,6,2,3.33278775215149,0,6.2644720645003,0,0.154904224485399
2006,6,3,0.0229191519320011,0,1.85531015605011,0,0.178823259148585
2006,6,4,0.314392566680908,0,0.187668084236066,0,0.191352277305493
2006,6,5,1.31445848941803,0,0.686530009817943,0,0.174267252546074
2006,6,6,5.50620603561401,0,3.18122084993956,0,0.152626221184143
2006,6,7,12.2746896743774,0,8.61897041569682,0,0.140097203027236
2006,6,8,0.0170009545981884,0,6.44911453091481,0,0.130985189822212
2006,6,9,0.000232914593652822,0,0.00577664569937042,0,0.120734174966561
2006,6,10,7.35132562112995e-05,0,0.000157359572767746,0,0.107066155159026
2006,6,11,0.0277634412050247,0,0.0189272495881596,0,0.102510148556514
2006,6,12,0.465742915868759,0,0.234734746209142,0,0.0968151403033743
2006,6,13,0.826180160045624,0,0.705876331816398,0,0.0933981353514905
2006,6,14,5.09707169840112e-05,0,0.43447140709759,0,0.0877031270983508
2006,6,15,2.93101692250275e-07,0,2.28558274102397e-05,0,0.0820081188452112
2006,6,16,0.170020222663879,0,0.119174161594856,0,0.0785911138933274
2006,6,17,6.73808813095093,0,3.16281823535246,0,0.0911201320502346
2006,6,18,30.0658340454102,0,18.2152113247248,0,0.0933981353514905
2006,6,19,1.87009000778198,0,15.9679915252891,0,0.109344158460282
2006,6,20,0.0377380736172199,0,1.04172529676362,0,0.120734174966561
2006,6,21,0.00565016083419323,0,0.0200816931137524,0,0.105927153508398
2006,6,22,0.865159928798676,0,0.466904244934995,0,0.0990931436046302
2006,6,23,5.76888656616211,0,3.12409582117834,0,0.0945371370021184
2006,6,24,1.15019094944,0,3.55663157993695,0,0.085425123797095
2006,6,25,0.372905015945435,1.13686837721616e-13,0.809773594595754,0,0.0785911138933274
2006,6,26,0.324149489402771,-1.13686837721616e-13,0.354404341549525,0,0.0763131105920715
2006,6,27,0.000105937135231216,0,0.147012677149178,0,0.0740351072908156
2006,6,28,0.0221035573631525,0,0.0100066395607428,0,0.0694791006883039
2006,6,29,0.000521477370057255,0,0.00898979673729627,0,0.0637840924351642
2006,6,30,2.67404288933903e-07,0,0.000275253965810407,0,0.0592280858326525
2006,7,1,1.0003416264226e-06,0,7.13160261511803e-07,0,0.0558110808807687
2006,7,2,0.00021906231995672,0,9.96422058960889e-05,0,0.0523940759288849
2006,7,3,0.0628357231616974,0,0.03625897758684,0,0.050116072627629
2006,7,4,1.16219115257263,0,0.513663273664861,1.13686837721616e-13,0.0478380693263732
2006,7,5,3.06851959228516,0,2.20740731816477,-1.13686837721616e-13,0.0466990676757452
2006,7,6,0.217909127473831,0,1.65792245791818,0,0.0444210643744894
2006,7,7,0,0,0.132483822129871,0,0.0421430610732335
2006,7,8,1.01022860690136e-05,0,5.47471790923737e-06,0,0.0410040594226056
2006,7,9,0.00686801131814718,0,0.00233655708507285,0,0.0375870544707218
2006,7,10,2.08329319953918,0,0.949538844601193,0,0.0375870544707218
2006,7,11,17.8636360168457,0,9.15639570267376,0,0.0489770709770011
2006,7,12,8.80075359344482,0,13.3384702982585,0,0.0421430610732335
2006,7,13,2.01766467094421,0,5.66078458596167,0,0.0421430610732335
2006,7,14,3.93011069297791,0,2.88559309266202,0,0.0410040594226056
2006,7,15,2.22051215171814,0,2.95275408516682,0,0.0398650577719777
2006,7,16,0.952234327793121,0,1.60416050426284,0,0.0387260561213497
2006,7,17,0.83960348367691,0,0.89600647500265,0,0.0375870544707218
2006,7,18,0.00299403141252697,0,0.584014508760447,0,0.0364480528200938
2006,7,19,0.00147181889042258,0,0.00218034138015355,0,0.034170049518838
2006,7,20,0.43985652923584,0,0.116512946315197,0,0.034170049518838
2006,7,21,0.158531799912453,0,0.32328080451407,0,0.0353090511694659
2006,7,22,2.67876791954041,0,0.901955468536471,0,0.0353090511694659
2006,7,23,0.00418168911710382,0,1.89263643270533,0,0.034170049518838
2006,7,24,4.15304821217433e-05,0,-0.0914861338824267,0,0.0318920462175821
2006,7,25,0.000141278476803564,0,-7.19500530976802e-05,0,0.0307530445669542
2006,7,26,0.000644892337732017,0,0.000308986149320845,0,0.0307530445669542
2006,7,27,0.764495551586151,0,0.249696149447118,0,0.0296140429163263
2006,7,28,6.23808479309082,0,2.57595277238215,0,0.0307530445669542
2006,7,29,10.0877590179443,0,7.77172520435488,0,0.0296140429163263
2006,7,30,0.0205633081495762,0,5.40998167095313,0,0.0284750412656983
2006,7,31,0.894769430160523,0,0.190785729802883,0,0.0273360396150704
2006,8,1,0.00556291919201613,0,0.503009725933225,0,0.0273360396150704
2006,8,2,0.00135443231556565,0,-0.0508152143775078,0,0.0261970379644425
2006,8,3,0.563452839851379,0,0.102044175058836,0,0.0250580363138145
2006,8,4,2.42118620872498,0,1.06865784896218,0,0.0250580363138145
2006,8,5,6.79706716537476,0,5.01333625878033,0,0.0250580363138145
2006,8,6,2.67427921295166,0,4.73227348359069,0,0.0239190346631866
2006,8,7,1.68619179725647,0,2.25959714809869,0,0.0239190346631866
2006,8,8,0.0201219748705626,0,0.956606614083285,0,0.0227800330125587
2006,8,9,0.336034029722214,0,0.111956819684565,0,0.0227800330125587
2006,8,10,0.711003303527832,0,0.586527014002058,0,0.0227800330125587
2006,8,11,14.6495094299316,0,6.35613326595194,0,0.0239190346631866
2006,8,12,4.83615922927856,0,10.9227355042713,0,0.0239190346631866
2006,8,13,0.0938170701265335,0,2.60547833291275,0,0.0227800330125587
2006,8,14,2.77234148979187,0,1.30456758392029,0,0.0250580363138145
2006,8,15,5.05598258972168,0,4.29820367417051,0,0.0250580363138145
2006,8,16,0.0589148439466953,0,2.33988124033567,0,0.0239190346631866
2006,8,17,0.741012871265411,0,0.259150793615845,0,0.0239190346631866
2006,8,18,0.0220805499702692,0,0.50317501124664,0,0.0239190346631866
2006,8,19,0.18284372985363,0,0.051839842893969,0,0.0239190346631866
2006,8,20,3.50020170211792,0,1.45705466730215,0,0.0239190346631866
2006,8,21,11.6664066314697,0,6.73388879639606,0,0.0284750412656983
2006,8,22,17.9654350280762,0,14.5907501574038,0,0.0421430610732335
2006,8,23,1.64819049835205,0,9.99003611012449,0,0.034170049518838
2006,8,24,3.47816634178162,0,2.41656092716221,0,0.0364480528200938
2006,8,25,0.0669111981987953,0,1.85942298531518,0,0.0398650577719777
2006,8,26,4.16127920150757,0,2.1022695611864,0,0.0410040594226056
2006,8,27,3.49817323684692,0,3.91660566204519,0,0.0421430610732335
2006,8,28,10.3236904144287,0,6.50459704957393,0,0.0421430610732335
2006,8,29,4.43083429336548,0,7.48713824230799,0,0.0410040594226056
2006,8,30,0.0908875316381454,0,2.27000940104335,0,0.0398650577719777
2006,8,31,0.00484210439026356,0,0.0401310980669223,0,0.0398650577719777
2006,9,1,0.0152957523241639,0,0.00976252216787543,0,0.0398650577719777
2006,9,2,0.00633887108415365,0,0.0115337211900624,1.13686837721616e-13,0.0398650577719777
2006,9,3,0.0131801106035709,0,0.0105825095561158,-1.13686837721616e-13,0.0375870544707218
2006,9,4,0.15907995402813,0,0.0834517824587238,0,0.0364480528200938
2006,9,5,0.0176663976162672,0,0.105072716884024,0,0.034170049518838
2006,9,6,3.9665843360126e-05,0,0.00838058986482793,0,0.0318920462175821
2006,9,7,8.96276560524711e-06,0,2.72923643933609e-05,0,0.0307530445669542
2006,9,8,0.169567033648491,0,0.0928157964408456,0,0.0296140429163263
2006,9,9,0.000265427050180733,0,0.100226404221758,0,0.0284750412656983
2006,9,10,0.0983723476529121,0,0.0535989012205391,0,0.0273360396150704
2006,9,11,3.49202513694763,0,1.3941570761308,0,0.0273360396150704
2006,9,12,9.62658214569092,0,6.46188533819077,0,0.0273360396150704
2006,9,13,0.00454234983772039,0,4.8852830498181,0,0.0261970379644425
2006,9,14,0.000134411064209417,0,0.00203467858591466,0,0.0261970379644425
2006,9,15,0.017043175175786,0,0.00823866474456736,0,0.0250580363138145
2006,9,16,0.000776854925788939,0,0.0111856774819898,0,0.0250580363138145
2006,9,17,4.79764318466187,0,2.13345749054861,0,0.0261970379644425
2006,9,18,23.1428928375244,0,13.9701306404895,0,0.0273360396150704
2006,9,19,1.32344233989716,0,12.261190068104,0,0.0261970379644425
2006,9,20,5.21464729309082,0,3.40996562857617,0,0.0273360396150704
2006,9,21,1.78136467933655,0,3.62518968265795,0,0.0273360396150704
2006,9,22,23.2487926483154,0,12.5144094139359,0,0.0421430610732335
2006,9,23,36.3091926574707,0,29.7737068629976,0,1.58321229437283
2006,9,24,21.9247760772705,0,29.1323256479773,0,2.44885354885006
2006,9,25,19.3544979095459,0,20.6397937029578,0,1.03079649381828
2006,9,26,0.00628174096345902,1.13686837721616e-13,9.68053860437794,0,0.554693803855803
2006,9,27,0.569716453552246,-1.13686837721616e-13,0.275781725242268,0,0.362202524899683
2006,9,28,0.521651387214661,0,0.545861922775657,0,0.256275371391285
2006,9,29,0.000282851600786671,1.13686837721616e-13,0.266460302042105,0,0.192491278956121
2006,9,30,0.00129028153605759,-1.13686837721616e-13,0.000746937635994982,0,0.152626221184143
2006,10,1,1.63390577654354e-05,0,0.000816904161183629,0,0.128707186520956
2006,10,2,0.000608315807767212,0,0.000287330203718739,0,0.11048316011091
2006,10,3,5.63826847076416,0,2.18569860799835,0,0.0956761386527464
2006,10,4,0.0014833768364042,0,3.0091626168105,0,0.0820081188452112
2006,10,5,0.160934612154961,0,0.0753281306861027,0,0.0740351072908156
2006,10,6,0.00250721885822713,0,0.0885060622349556,0,0.068340099037676
2006,10,7,5.75363665120676e-05,0,0.00143824087354005,0,0.0637840924351642
2006,10,8,0.000910190807189792,0,0.000574490739381872,0,0.0580890841820246
2006,10,9,1.21592795848846,0,0.513409655442956,0,0.0558110808807687
2006,10,10,0.397292762994766,0,0.769789645619312,0,0.0535330775795128
2006,10,11,0.648657560348511,0,0.492256599620305,0,0.051255074278257
2006,10,12,0.0112145217135549,0,0.336220018136373,0,0.0478380693263732
2006,10,13,0.0204803831875324,0,0.0143896727204265,0,0.0455600660251173
2006,10,14,0.0150829600170255,0,0.0180160005074868,0,0.0432820627238614
2006,10,15,3.82259583473206,0,1.85949965462351,0,0.0455600660251173
2006,10,16,64.5540390014649,7.95807864051312e-13,33.2022069027153,2.27373675443232e-13,2.67665387897564
2006,10,17,35.3289070129395,0,49.9496056735443,-6.82121026329696e-13,13.5541196424724
2006,10,18,1.04787838459015,0,18.1920097300608,0,3.16642458874565
2006,10,19,10.5115385055542,0,4.95103215035124,0,1.91352277305493
2006,10,20,2.23840737342834,0,6.38638175832239,0,2.12993308667423
2006,10,21,0.00368419708684087,0,1.21262428483169,-1.13686837721616e-13,1.61738234389166
2006,10,22,0.009577302262187,0,0.000175572062289575,1.13686837721616e-13,1.13900165062793
2006,10,23,1.43214917182922,0,0.641794217852294,0,0.865641254477229
2006,10,24,0.00317867752164602,0,0.923888031164097,0,0.690235000280527
2006,10,25,1.26552331447601,0,0.52591343230597,0,0.583168845121502
2006,10,26,11.5635862350464,0,6.38875359369558,0,0.51255074278257
2006,10,27,5.49763870239258,0,8.55393525511317,0,0.469268680058708
2006,10,28,1.01962316036224,0,3.27977437728987,0,0.485214703167499
2006,10,29,3.38651771016885e-05,0,0.541797111171036,0,0.546720792301408
2006,10,30,0.0555474236607552,0,0.0247914770989155,1.13686837721616e-13,0.533052772493873
2006,10,31,2.25445413589478,0,1.15681239652622,-1.13686837721616e-13,0.476102689962476
2006,11,1,0.218693777918816,0,2.00279623904862,0,0.428264620636103
2006,11,2,1.32035893329885e-06,0,0.119056466344773,0,0.381565552960357
2006,11,3,0.000515831692609936,0,0.000205979449674487,0,0.346256501790892
2006,11,4,0.345335483551025,0,0.190014406114642,0,0.317781460525193
2006,11,5,16.5159664154053,0,7.43441415952111,0,0.418013605780451
2006,11,6,38.4000587463379,0,27.3801638121513,0,5.4558179065078
2006,11,7,1.56940305233002,0,20.2479049172071,0,5.70639826964594
2006,11,8,0.00357749359682202,1.13686837721616e-13,0.796592273476563,0,3.20059463826449
2006,11,9,0.00814815983176231,-1.13686837721616e-13,0.00564868757282966,0,2.20966320221819
2006,11,10,0.280439078807831,0,0.160024146516662,0,1.64016237690422
2006,11,11,0.00632045930251479,0,0.156191407368169,0,1.27568184870328
2006,11,12,0.279473066329956,0,0.139853205637337,0,1.0273794888664
2006,11,13,3.40636515617371,0,1.47664078315574,1.13686837721616e-13,0.874753267682252
2006,11,14,0.357452273368835,0,1.66711636001128,-1.13686837721616e-13,0.774521122426994
2006,11,15,34.2633972167969,0,16.5535215348173,0,2.16410313619307
2006,11,16,28.1056938171387,0,31.1851607198587,2.27373675443232e-13,12.8707186520956
2006,11,17,0.884327113628388,-4.54747350886464e-13,15.9980216434415,-2.27373675443232e-13,5.94558861627781
2006,11,18,1.54829922394129e-05,0,0.448368147041037,1.13686837721616e-13,3.56507516646543
2006,11,19,0.00128641503397375,0,0.0006250318911043,-1.13686837721616e-13,2.55136369740657
2006,11,20,3.18564598273952e-05,0,0.000733195091015659,-1.13686837721616e-13,1.94769282257377
2006,11,21,0.000183465977897868,0,9.62279809755273e-05,1.13686837721616e-13,1.54904224485399
2006,11,22,0.000547201780136675,0,0.000362844144547125,0,1.29846188171584
2006,11,23,0.00076441076816991,0,0.000624604563199682,0,1.12305562751914
2006,11,24,0.00371828116476536,0,0.00216858027488342,0,0.976124414588138
2006,11,25,0.0231637861579657,0,0.0122398680214246,0,0.862224249525345
2006,11,26,0.00743487570434809,0,0.0153870851609099,0,0.766548110872599
2006,11,27,0.0278905741870403,0,0.0142651536589256,0,0.686817995328644
2006,11,28,0.958257913589478,0,0.427307731053588,0,0.626450907845363
2006,11,29,2.886305809021,0,1.68567594973865,0,0.58430784677213
2006,11,30,79.8081970214844,0,40.1127234708874,0,19.0213275654865
2006,12,1,35.8663673400879,10.3348293808109,48.5352424536177,-5.6843418860808e-13,36.5619529851567
2006,12,2,9.9171869806014e-05,11.1175038697907,7.26699060873216,0,8.95255297393555
2006,12,3,0.000610754708759487,9.27004950881383e-05,0.000258716710959561,0,5.31913770843245
2006,12,4,0.0110389273613691,0.0025434495267973,0.00267458839880419,0,3.96372574418521
2006,12,5,0.000281297165201977,0.00319643257364532,0.00327857760930783,0.500936026978479,3.25754472079589
2006,12,6,7.39471488486743e-06,0,0.000187399979040492,2.42764326986503,2.74499397801332
2006,12,7,4.80874768982176e-05,0,2.70102500508074e-05,2.49552197316041,2.3121733507747
2006,12,8,2.81537340924842e-05,1.29332856886322e-05,2.59970111073926e-05,0,1.94769282257377
2006,12,9,0.000441426411271095,2.25037249492743e-05,0.000185646196769085,0,1.71989249244818
2006,12,10,0.00804093293845654,8.57697330047813e-06,0.00373885634326143,1.89873262691788,1.56043226136027
2006,12,11,0.397648125886917,0,0.200933022901154,6.10796171726554,1.45792211280375
2006,12,12,0.85207325220108,0,0.623558115668857,7.93724848844829,1.34402194774096
2006,12,13,0.00790518242865801,0,0.444490086443693,0,1.23012178267817
2006,12,14,0.01556530687958,0,0.01168478325053,0,1.15039166713421
2006,12,15,0,0,0.00796097638158244,0,1.10597060275972
2006,12,16,0.13269667327404,0,0.0641051257043728,0,1.06041053673461
2006,12,17,0.122583195567131,0,0.127802218798024,0,1.01371146905886
2006,12,18,0.0787921249866486,0,0.102684000055888,0,0.981819422841278
2006,12,19,4.68548822402954,0,2.6361828332374,0,1.05129852352958
2006,12,20,2.45344042778015,1.13686837721616e-13,3.6205395343386,0,1.07863456314465
2006,12,21,16.3985786437988,-1.13686837721616e-13,7.90869592090166,0,1.53765222834771
2006,12,22,0.0953896567225456,0,8.24773150460169,0,2.38051344981238
2006,12,23,0.0015294011682272,0,0.0564465226889297,0,2.02742293811772
2006,12,24,0.31956821680069,0,0.154743636681815,0,1.7085024759419
2006,12,25,9.96965980529785,0,5.06464918517668,0,2.34634340029354
2006,12,26,3.51197028160095,0,6.79635993307602,0,3.37144488585868
2006,12,27,0.000282707595033571,0,1.76424257583858,0,2.68804389548192
2006,12,28,0.043500155210495,0,0.0194316919296398,0,2.26661328474959
2006,12,29,0.93222838640213,0,0.389855888719467,0,1.93630280606749
2006,12,30,26.246919631958,0,12.8322887587528,0,3.33727483633984
2006,12,31,10.403787612915,0,18.3596057439645,0,8.49695231368438
2007,1,1,0.0774239301681519,0,5.24121879417362,0,5.33052772493873
2007,1,2,6.68064194542239e-06,0,0.0446023218974005,0,3.82704554610985
2007,1,3,0.0345525033771992,0,0.0148575919556606,0,3.09808448970798
2007,1,4,1.0408228635788,1.13686837721616e-13,0.512223216177517,0,2.60831377993797
2007,1,5,4.38549518585205,-1.13686837721616e-13,2.66826094625867,0,2.41468349933122
2007,1,6,0.0200542453676462,0,2.33997371932492,0,2.16410313619307
2007,1,7,0.883567452430725,0,0.437216413378337,0,1.85657269052353
2007,1,8,0.308977693319321,0,0.677379163033038,0,1.62877236039794
2007,1,9,0.000348553905496374,0,0.186616395756573,0,1.44653209629747
2007,1,10,0.00388313271105289,0,0.0019500391499605,0,1.28707186520956
2007,1,11,0.0785907804965973,0,-0.0371352160800598,0,1.18456171665305
2007,1,12,1.98424577713013,0,1.1060875522162,-1.13686837721616e-13,1.13900165062793
2007,1,13,34.8964576721191,4.54747350886464e-13,18.3718956253579,2.27373675443232e-13,6.36701922701014
2007,1,14,37.8239097595215,-1.02318153949454e-12,36.3345133248076,-6.82121026329696e-13,23.3495338378726
2007,1,15,30.7931041717529,-4.54747350886464e-13,34.3383060835695,3.41060513164848e-13,20.7298300414284
2007,1,16,0.462146490812302,0.229484295402926,15.5024247994625,0,9.5334438157558
2007,1,17,0.00151542108505964,0.244058573615462,0,0,5.75195833567106
2007,1,18,0.00774225685745478,0.00279406713036678,0.00214118643270922,0,4.38515635491754
2007,1,19,0.000104061713500414,0.00203060333672056,0.00210879473524983,0,3.58785519947799
2007,1,20,1.36103022098541,0,0.587002085045242,0,3.00696435765774
2007,1,21,13.2522783279419,0,7.04276969496641,0,3.29171477031473
2007,1,22,1.01350581645966,0,7.25554624976212,0,3.42839496839008
2007,1,23,0.000449108600150794,0,0.542307767711463,0,3.0866944732017
2007,1,24,0.000134430287289433,0,0.000295838664897019,0.52770286094426,2.73360396150704
2007,1,25,0.00100265350192785,0,0.000510954643687001,0,2.4260735158375
2007,1,26,7.290203939192e-05,1.13686837721616e-13,-0.000157377144205384,1.13686837721616e-13,2.15271311968679
2007,1,27,0.0881316885352135,-1.13686837721616e-13,0.0360326679110585,-1.13686837721616e-13,1.94769282257377
2007,1,28,0.102344483137131,0.020019447224513,0.0747926467302023,0,1.73128250895446
2007,1,29,6.55498879496008e-05,0.0213497659035511,0.0299449452068075,0,1.52626221184143
2007,1,30,0.000130213069496676,3.24696445659356e-05,5.92129799770191e-05,0,1.38958201376608
2007,1,31,0.271820247173309,0.127833072277099,5.20533867529593e-05,0,1.26429183219701
2007,2,1,2.61579990386963,1.29544727091684,0,0,1.17317170014677
2007,2,2,0.0368840172886848,1.61960108499954,3.21968836942688e-05,0,1.11508261596475
2007,2,3,4.69523001811467e-05,0.0162678362825091,3.67868124158122e-05,0,1.02851849051702
2007,2,4,0.0403240062296391,0.00641393974308357,0.012471802347136,0,0.945371370021184
2007,2,5,0.117725178599358,0.018174958360305,0.0601483326354355,0,0.879309274284764
2007,2,6,0.00137696682941169,0.0121759996039827,0.0511797421204392,1.15845474096386,0.825776196705251
2007,2,7,0.00300430716015399,0,0.00211621113703586,2.01977294404878,0.795023152138297
2007,2,8,0.121023282408714,0,0.059034503861767,0,0.759714100968831
2007,2,9,0.0653806552290916,0,0.0979057447912055,0,0.735795066305645
2007,2,10,0.00141153286676854,0.000184150384711756,0.0334836822403304,0,0.713015033293086
2007,2,11,0.049089752137661,0.00288690827255778,0.0217443513101898,0,0.720988044847481
2007,2,12,6.80480146408081,0.00286185718675824,3.30989992387549,0.002534811819487,1.02282348226388
2007,2,13,47.6985778808594,-7.95807864051312e-13,27.1333853747747,3.41060513164848e-13,8.96394299044183
2007,2,14,0.993022799491882,0.247910352889676,24.5852486616532,1.13686837721616e-13,7.0504202173869
2007,2,15,1.03148555755615,0.767916540340934,0.24426287975075,0,4.31681625587987
2007,2,16,0.0291093550622463,0.538428291591117,0,0,3.33727483633984
2007,2,17,0.000427792081609368,0.0183883872807655,6.89509834046476e-05,0,2.80194406054472
2007,2,18,7.40938321541762e-06,8.85810053432579e-05,7.26182843209244e-05,0,2.35773341679982
2007,2,19,0.00454816315323114,0,0.00226842155461782,1.70755796155436,2.038812954624
2007,2,20,0.0217993389815092,0,0.0129525798001851,0,1.85657269052353
2007,2,21,0.000859777035657316,0,0.0114252013408986,-1.13686837721616e-13,1.69711245943562
2007,2,22,6.32959781796672e-05,0,0.000517644402862061,1.13686837721616e-13,1.51487219533515
2007,2,23,0.208106607198715,0,0.0781470278125198,0,1.30985189822212
2007,2,24,4.16095924377441,0,1.95611233307136,1.13686837721616e-13,1.27568184870328
2007,2,25,9.17315483093262,0,6.37647518623271,-1.13686837721616e-13,1.86796270702981
2007,2,26,2.51537489891052,0,5.85937697651025,0,1.83379265751097
2007,2,27,0.000112960478872992,0,1.40199454514004,0,1.57182227786655
2007,2,28,0.696282207965851,-1.13686837721616e-13,0.318680383283208,0,1.40097203027236
2007,3,1,2.57065296173096,1.13686837721616e-13,1.60897648497848,0,1.38958201376608
2007,3,2,0.547724962234497,0,1.65467774173885,0,1.36680198075352
2007,3,3,1.48622018514288e-06,0,0.254362637286249,-1.13686837721616e-13,1.36680198075352
2007,3,4,3.57621865987312e-05,0,2.33752216445282e-05,1.13686837721616e-13,1.18456171665305
2007,3,5,3.8208768273762e-06,0,2.07592493097764e-05,0,1.08205156809654
2007,3,6,1.4324958101497e-05,0,1.00645629572682e-05,0,1.01371146905886
2007,3,7,1.90132959687617e-05,0,1.66059944604058e-05,0,0.968151403033743
2007,3,8,0.000152950335177593,0,6.52094022370875e-05,0,0.922591337008626
2007,3,9,0.0235638972371817,0,0.0115561418351717,0,0.919174332056742
2007,3,10,1.83429527282715,0,0.67504220335104,0,0.872475264380997
2007,3,11,0.000802125432528555,0,0.951105701402412,0,0.872475264380997
2007,3,12,0.00178611511364579,0,0.0011379909083189,0,0.829193201657135
2007,3,13,0.0964498892426491,0,0.045150498739531,0,0.820081188452112
2007,3,14,0.20670785009861,0,0.169491929431388,0,0.791606147186413
2007,3,15,0.403404831886292,0,0.296739429413719,0,0.767687112523227
2007,3,16,0.42258158326149,0,0.416273790913692,0,0.764270107571343
2007,3,17,0.00211340095847845,0,0.215530152610881,0,0.697069010184295
2007,3,18,1.50181413118844e-05,0,0.00133177724273992,0,0.676566980472992
2007,3,19,0.209350496530533,0,0.102975427518686,0,0.64467493425541
2007,3,20,3.91358041763306,0,1.49193505982112,0,0.641257929303526
2007,3,21,0.783665835857391,0,2.48333809885298,0,0.642396930954154
2007,3,22,0.0163437556475401,0,0.281701757525298,0,0.634423919399759
2007,3,23,0.0469745844602585,0,0.03068691061344,0,0.632145916098503
2007,3,24,0.165509909391403,0,0.0868736911506858,0,0.620755899592223
2007,3,25,0.00443942565470934,0,0.0946995524864178,0,0.61733889464034
2007,3,26,0.0272675715386868,0,0.0187152182043064,0,0.60594887813406
2007,3,27,0.713069677352905,0,0.319930007350195,0,0.588863853374641
2007,3,28,11.8548908233643,0,6.28009370510699,0,0.636701922701014
2007,3,29,0.567251563072205,0,6.57494226985364,0,0.643535932604782
2007,3,30,0.0224989056587219,0,0.305455452398746,0,0.523940759288849
2007,3,31,2.95843243598938,0,1.22665321918612,0,0.51255074278257
2007,4,1,0.45342567563057,0,1.72905994439861,0,0.497743721324407
2007,4,2,0.00395550625398755,0,0.178762136263686,0,0.472685685010592
2007,4,3,0.214802622795105,0,0.0756919929917785,0,0.447627648696778
2007,4,4,0.379324018955231,0,0.278324297680229,0,0.415735602479195
2007,4,5,0.00641681347042322,0,0.248864201617835,0,0.388399562864125
2007,4,6,1.04591977596283,0,0.407135597612069,0,0.366758531502194
2007,4,7,0.00505099026486278,0,0.719894000732893,0,0.351951510044031
2007,4,8,0.000209521982469596,0,0.0031096303864615,0,0.339422491887124
2007,4,9,0.000651369104161859,0,0.000364378229278373,0,0.328032475380845
2007,4,10,0.806178867816925,0,0.342251948943158,0,0.328032475380845
2007,4,11,13.9922332763672,0,4.7668141957729,0,0.355368514995915
2007,4,12,0.29504668712616,0,7.14403446946017,0,0.412318597527312
2007,4,13,2.12424206733704,0,0.98395947958852,0,0.44079363879301
2007,4,14,18.9755935668945,0,10.5439012169772,0,0.830332203307763
2007,4,15,0.21861070394516,0,9.87978301688054,0,1.53765222834771
2007,4,16,5.10984563827515,0,2.36915767818209,0,1.36680198075352
2007,4,17,0.291297167539597,0,3.03365215654776,0,1.16178168364049
2007,4,18,2.71634697914124,0,1.58368940743094,0,1.019406477312
2007,4,19,0.0149326389655471,0,1.49869805009803,1.13686837721616e-13,0.937398358466789
2007,4,20,0.000104312435723841,0,0.00914957928398508,-1.13686837721616e-13,0.84855622971781
2007,4,21,0.000716840731911361,0,0.000466409223008668,0,0.763131105920715
2007,4,22,0.00741725414991379,0,0.00369553099517361,1.13686837721616e-13,0.700486015136179
2007,4,23,0.191305264830589,0,0.0699154564790661,-1.13686837721616e-13,0.657203952412317
2007,4,24,0.922683298587799,1.13686837721616e-13,0.532860872233869,0,0.625311906194735
2007,4,25,34.1625175476074,-1.13686837721616e-13,14.2608420138531,0,2.40329348282494
2007,4,26,5.30159902572632,0,19.8881855134496,0,3.92955569466637
2007,4,27,0.147895589470863,0,2.93377325089386,0,3.05252442368286
2007,4,28,0.214203178882599,0,0.174357807361957,0,2.26661328474959
2007,4,29,0.00214036810211837,0,0.142094630049542,0,1.78823259148585
2007,4,30,0.0114245638251305,0,0.00737353865770274,0,1.50348217882887
2007,5,1,0.410130023956299,0,0.198451331827528,0,1.29846188171584
2007,5,2,10.2368803024292,0,5.18610940500003,0,1.24151179918445
2007,5,3,5.87042903900147,0,8.11698562525635,0,1.18456171665305
2007,5,4,2.15853667259216,0,4.14421519217285,1.13686837721616e-13,1.1253336308204
2007,5,5,1.64868724346161,0,1.92296737798097,-1.13686837721616e-13,1.01485047070949
2007,5,6,0.0333907045423985,0,0.969475891601178,0,0.906645313899835
2007,5,7,0.226895123720169,0,0.128786635177676,0,0.808691171945832
2007,5,8,4.80124044418335,0,2.3855232145288,0,0.735795066305645
2007,5,9,3.6405770778656,0,4.29720705816362,0,0.733517063004389
2007,5,10,5.80914735794067,0,4.70855800734717,0,1.09799759120533
2007,5,11,10.7177867889404,0,7.96383210886779,0,1.33263193123468
2007,5,12,7.01728487014771,0,9.04860190699401,0,2.38051344981238
2007,5,13,0.0021356618963182,0,3.67587256960906,0,1.90213275654865
2007,5,14,7.24659475963563e-05,0,0.0012147407142038,0,1.36680198075352
2007,5,15,1.68299663066864,0,0.92074073286858,-1.13686837721616e-13,1.0888855780003
2007,5,16,11.5085802078247,1.13686837721616e-13,6.51560675542351,1.13686837721616e-13,1.01029446410698
2007,5,17,0.0302843488752842,-1.13686837721616e-13,5.97934461011755,0,0.997765445950069
2007,5,18,0.000346109882229939,0,0.0174658010146231,0,0.818942186801484
2007,5,19,1.69152572198072e-05,0,0.000183344476681668,0,0.695930008533667
2007,5,20,9.66649076872272e-06,0,1.37784045364242e-05,0,0.607087879784688
2007,5,21,0.330522119998932,0,0.207584924552066,0,0.5341917741445
2007,5,22,2.64975333213806,0,1.43087302975619,0,0.482936699866244
2007,5,23,1.81030869483948,0,2.34015881067535,0,0.448766650347406
2007,5,24,0.0237351581454277,-1.13686837721616e-13,0.919619788761338,0,0.411179595876684
2007,5,25,3.1997709274292,1.13686837721616e-13,1.181346583704,0,0.378148548008474
2007,5,26,2.75976419448853,0,2.98685047079198,0,0.349673506742775
2007,5,27,0.944770932197571,0,2.1412265672443,0,0.314364455573309
2007,5,28,1.13914287090302,0,1.03331728273042,0,0.285889414307611
2007,5,29,2.63638949394226,0,1.79777718493642,0,0.258553374692541
2007,5,30,5.28160047531128,0,3.62954866288055,-1.13686837721616e-13,0.246024356535634
2007,5,31,10.3590993881226,0,7.54447197755508,1.13686837721616e-13,0.238051344981238
2007,6,1,0.0748042464256287,0,5.46947014166653,0,0.316642458874565
2007,6,2,1.6931619644165,0,0.780827429163765,0,0.4077625909248
2007,6,3,1.03550839424133,0,1.44780725027158,0,0.355368514995915
2007,6,4,0.112317770719528,0,0.543508640730579,0,0.30297443906703
2007,6,5,0.177410796284676,0,0.141071728114184,0,0.258553374692541
2007,6,6,0.191728353500366,0,0.185938984323002,0,0.224383325173703
2007,6,7,0.666759967803955,0,0.424443333395175,0,0.192491278956121
2007,6,8,13.8256044387817,0,6.91962513827821,0,0.17654525584733
2007,6,9,8.84057712554932,1.13686837721616e-13,11.6430235613007,0,0.306391444018914
2007,6,10,4.82926797866821,-1.13686837721616e-13,7.03688053677251,0,0.637840924351642
2007,6,11,18.3077659606934,0,10.3952285872183,0,1.03876950537267
2007,6,12,2.99369430541992,0,10.6515194683634,0,1.01826747566137
2007,6,13,0.5917809009552,0,1.83310904098835,0,0.734656064655017
2007,6,14,0.000500454683788121,0,0.30307546754193,0,0.613921889688456
2007,6,15,0.316909700632095,0,0.147261722817348,0,0.511411741131942
2007,6,16,0.354582697153091,0,0.333002720915829,0,0.433959628889242
2007,6,17,1.31412041187286,-1.13686837721616e-13,0.965519673729432,0,0.367897533152822
2007,6,18,5.72681379318237,1.13686837721616e-13,3.2456783671696,0,0.324615470428961
2007,6,19,12.6362237930298,0,8.93705432750357,0,0.312086452272054
2007,6,20,0.2226842045784,0,6.62250352777483,0,0.366758531502194
2007,6,21,2.60461044311523,0,1.35680512417093,0,0.379287549659102
2007,6,22,0.177594661712646,0,1.09538151323795,0,0.325754472079589
2007,6,23,3.01594734191895,0,1.274056653554,0,0.283611411006355
2007,6,24,14.0675134658813,0,8.39949577066727,0,0.326893473730217
2007,6,25,6.48080825805664,0,10.4189889647496,0,0.259692376343169
2007,6,26,1.66410994529724,0,4.74017406567509,0,0.247163358186261
2007,6,27,7.64469337463379,0,4.50910121240668,0,0.251719364788773
2007,6,28,2.00014424324036,0,5.0628074997876,0,0.235773341679982
2007,6,29,2.13820290565491,0,2.07501756610873,0,0.220966320221819
2007,6,30,6.96960496902466,0,4.24741142767016,0,0.205020297113028
2007,7,1,23.1765632629395,0,13.837155577512,0,0.208437302064912
2007,7,2,9.03190326690674,0,16.1789719210028,0,0.725544051449993
2007,7,3,1.87158036231995,0,5.4826894481921,0,0.92031333370737
2007,7,4,0.484780728816986,0,1.19099871010621,0,0.604809876483432
2007,7,5,0.950758218765259,0,0.690278466179734,1.13686837721616e-13,0.477241691613104
2007,7,6,7.60779094696045,0,3.87539559242214,-1.13686837721616e-13,0.410040594226056
2007,7,7,3.20642948150635,0,5.41648626624738,0,0.378148548008474
2007,7,8,0.027238093316555,0,2.06081577025907,0,0.339422491887124
2007,7,9,1.8918958902359,-1.13686837721616e-13,0.95315353190017,0,0.317781460525193
2007,7,10,9.45637035369873,1.13686837721616e-13,5.20931626049787,0,0.936259356816161
2007,7,11,4.49530982971191,0,7.0233446803577,0,0.740351072908156
2007,7,12,2.21062183380127,0,3.50544824416647,0,0.527357764240733
2007,7,13,13.5556144714355,0,7.4587014742574,0,0.464712673456197
2007,7,14,0.149450451135635,0,6.91513611273695,0,0.51255074278257
2007,7,15,0.753039240837097,0,0.414851073637692,0,0.461295668504313
2007,7,16,1.57466804981232,0,1.08189918133212,0,0.396372574418521
2007,7,17,2.06225991249084,0,1.90184217943533,0,0.349673506742775
2007,7,18,2.24304032325745,0,2.14229456897374,0,0.323476468778333
2007,7,19,0.0107994750142097,0,1.31461947829666,0,0.279055404403844
2007,7,20,0.360136181116104,1.13686837721616e-13,0.159190050919278,0,0.258553374692541
2007,7,21,4.6471381187439,-1.13686837721616e-13,2.32282382751873,0,0.301835437416402
2007,7,22,0.0230846926569939,0,2.54040879406239,0,0.317781460525193
2007,7,23,0.0280039273202419,0,0.0254057974889292,0,0.238051344981238
2007,7,24,0.00210478203371167,0,0.0190864240503288,0,0.182240264100469
2007,7,25,0.00104327697772533,0,0.00157734090680606,0,0.158321229437283
2007,7,26,0.0139383487403393,0,0.00594699351131567,0,0.141236204677864
2007,7,27,0.0344261489808559,1.13686837721616e-13,0.0246622758713784,0,0.127568184870328
2007,7,28,1.59022510051727,-1.13686837721616e-13,0.634737978129124,0,0.116178168364049
2007,7,29,6.76038217544556,0,3.9333652060559,0,0.105927153508398
2007,7,30,0.943015694618225,0,4.01160373491439,0,0.0968151403033743
2007,7,31,0.307984173297882,0,0.55714923976484,0,0.109344158460282
2007,8,1,0.00352886179462075,0,0.177062307255255,-1.13686837721616e-13,0.10478815185777
2007,8,2,0.0149468202143908,0,0.0110269818251254,1.13686837721616e-13,0.10478815185777
2007,8,3,0.0928532928228378,0,0.05683481835149,0,0.0979541419540022
2007,8,4,0.171625226736069,0,0.127292109722475,0,0.0911201320502346
2007,8,5,0.0178108066320419,0,0.0811626128306671,0,0.084286122146467
2007,8,6,0.00331283919513226,0,0.0110627607027709,0,0.0797301155439553
2007,8,7,0.00244798278436065,0,0.00278825749774114,0,0.0751741089414436
2007,8,8,0.00116032850928605,-1.13686837721616e-13,0.00188367406371981,0,0.0717571039895598
2007,8,9,0.01128682307899,1.13686837721616e-13,0.00675485932515585,0,0.0694791006883039
2007,8,10,1.18898689746857,0,0.43917066778522,0,0.067201097387048
2007,8,11,0.00839595217257738,0,0.665798105055728,0,0.0649230940857922
2007,8,12,0.000244775554165244,0,0.00347150195011636,0,0.0580890841820246
2007,8,13,0.000451075349701569,0,0.000319245329592377,0,0.0546720792301408
2007,8,14,0.0199886951595545,0,0.00967930596016231,0,0.0535330775795128
2007,8,15,0.000869195209816098,0,0.0107953452097718,0,0.051255074278257
2007,8,16,0.00353738432750106,0,0.00237539862064295,0,0.0489770709770011
2007,8,17,0.41332945227623,0,0.172818657825701,0,0.0466990676757452
2007,8,18,0.0187428742647171,0,0.189919030632154,0,0.0455600660251173
2007,8,19,0.188644975423813,0,0.0776022450809251,0,0.0432820627238614
2007,8,20,1.14884662628174,0,0.540549735607783,0,0.0410040594226056
2007,8,21,0.265718340873718,0,0.766281405503833,0,0.0387260561213497
2007,8,22,0.000176215078681707,0,0.143203544597782,0,0.0375870544707218
2007,8,23,0.000937236880417913,0,0.000499389028846053,0,0.0353090511694659
2007,8,24,0.836233079433441,0,0.346284992388974,0,0.034170049518838
2007,8,25,5.82061004638672,0,3.06130638072136,0,0.034170049518838
2007,8,26,3.68361568450928,0,4.98141046619639,0,0.034170049518838
2007,8,27,1.8449912071228,0,3.15396040438645,0,0.0318920462175821
2007,8,28,0.00196827901527286,0,1.06413997249183,0,0.0318920462175821
2007,8,29,0.112518146634102,0,0.0349801690208551,0,0.0318920462175821
2007,8,30,1.28652107715607,0,0.532728720074374,0,0.0307530445669542
2007,8,31,1.05960953235626,0,1.13748423900688,0,0.0307530445669542
2007,9,1,0.00368837453424931,0,0.594478702434572,0,0.0296140429163263
2007,9,2,0.00128794694319367,0,-0.00196954729472054,0,0.0296140429163263
2007,9,3,0.0653011724352837,0,-0.147594836493226,0,0.0284750412656983
2007,9,4,1.83177804946899,0,-0.123055098469195,0,0.0284750412656983
2007,9,5,12.713493347168,0,5.69511195392624,0,0.0296140429163263
2007,9,6,30.3192176818848,0,21.8591549966004,0,0.0307530445669542
2007,9,7,4.22606945037842,0,17.272960096976,0,0.0296140429163263
2007,9,8,2.11610341072083,0,3.23170490820485,0,0.0330310478682101
2007,9,9,33.7663192749023,0,17.9411876562663,0,0.051255074278257
2007,9,10,8.04238891601563,0,20.9088682865404,0,0.0466990676757452
2007,9,11,6.94737911224365,0,7.54343702673941,0,0.050116072627629
2007,9,12,0.0232805721461773,0,3.54606789076934,0,0.0546720792301408
2007,9,13,0.00487799849361181,0,0.0150274517654907,0,0.0592280858326525
2007,9,14,0.622775614261627,0,0.280911448047846,0,0.0592280858326525
2007,9,15,0.0585621930658817,0,0.344869952656154,0,0.0569500825313966
2007,9,16,0.164580315351486,0,0.107471343078942,0,0.0569500825313966
2007,9,17,0.0124666998162866,0,0.103815184331324,0,0.0558110808807687
2007,9,18,0.00109923211857677,0,0.00575871776527492,0,0.0546720792301408
2007,9,19,0.00437203794717789,0,0.00266010382620152,0,0.0535330775795128
2007,9,20,0.000719876261427999,0,0.0020765819499502,0,0.0523940759288849
2007,9,21,0.0231336709111929,0,0.0118507602091995,0,0.050116072627629
2007,9,22,0.00377455540001392,0,0.010737048687588,0,0.0478380693263732
2007,9,23,0.00574300950393081,0,0.00474111141375033,0,0.0455600660251173
2007,9,24,0.0534369647502899,0,0.035626745026093,0,0.0432820627238614
2007,9,25,0.246834143996239,0,0.14886406777805,0,0.0410040594226056
2007,9,26,6.76701498031616,0,3.47388909092842,0,0.0432820627238614
2007,9,27,2.16979503631592,0,4.52235458313226,0,0.0421430610732335
2007,9,28,0.0722824856638908,0,1.26015248678596,0,0.0410040594226056
2007,9,29,0.00631987629458308,0,0.0479812563135056,0,0.0421430610732335
2007,9,30,1.17994379997253,0,0.631866887000797,0,0.0421430610732335
2007,10,1,14.0569381713867,0,7.07885350973083,0,0.0592280858326525
2007,10,2,2.09384369850159,0,8.56982138565218,0,0.0546720792301408
2007,10,3,30.6380004882813,0,16.3566057465432,1.13686837721616e-13,0.0751741089414436
2007,10,4,1.68920683860779,0,16.2219677480825,-1.13686837721616e-13,0.0706181023389318
2007,10,5,0.014908486045897,0,0.911911968687491,1.13686837721616e-13,0.0717571039895598
2007,10,6,0.0597598254680634,0,0.041719552660652,-1.13686837721616e-13,0.0706181023389318
2007,10,7,0.0129375653341413,0,0.039085134252673,0,0.0717571039895598
2007,10,8,3.347163438797,0,1.58344148211472,0,0.0785911138933274
2007,10,9,8.8327693939209,0,5.787758911727,0,0.085425123797095
2007,10,10,0.00578609434887767,0,4.73022817089804,0,0.0831471204958391
2007,10,11,9.30699388845824e-05,0,0.00285543764766771,0,0.084286122146467
2007,10,12,0.0054269228130579,0,0.00307866551156621,0,0.0877031270983508
2007,10,13,0.00172562780790031,0,0.00375816436280729,0,0.0877031270983508
2007,10,14,1.09457337856293,0,0.403855606091383,0,0.0865641254477229
2007,10,15,12.5976343154907,0,6.63597194320028,0,0.10478815185777
2007,10,16,10.207592010498,0,11.4305755085443,0,0.0922591337008626
2007,10,17,0.685843110084534,0,5.68660706629453,0,0.0877031270983508
2007,10,18,6.02918815612793,0,3.21784020957421,0,0.0899811303996067
2007,10,19,0.0318686924874783,0,3.18404046004434,0,0.084286122146467
2007,10,20,3.45346234098543e-06,0,0.0124173744770815,0,0.0831471204958391
2007,10,21,0.511871635913849,0,0.236046235309914,0,0.0831471204958391
2007,10,22,0.46298560500145,0,0.492433240091486,0,0.084286122146467
2007,10,23,13.6803178787231,0,6.61657072028902,0,0.100232145255258
2007,10,24,2.06219673156738,0,7.87141040211282,0,0.0945371370021184
2007,10,25,0.0645601376891136,0,1.07962451328785,1.13686837721616e-13,0.100232145255258
2007,10,26,0.546830952167511,0,0.250704555161065,-1.13686837721616e-13,0.103649150207142
2007,10,27,0.0191948637366295,1.13686837721616e-13,0.202081956835173,0,0.103649150207142
2007,10,28,0.00506894057616592,-1.13686837721616e-13,0.0105235163937323,0,0.101371146905886
2007,10,29,6.22587031102739e-05,0,0.0026647811246221,0,0.0979541419540022
2007,10,30,7.58166697778506e-06,0,4.16422262787819e-05,0,0.0945371370021184
2007,10,31,2.7477997718961e-05,0,1.80618808371946e-05,0,0.0922591337008626
2007,11,1,0.0179156828671694,0,0.00683272834430682,0,0.0888421287489788
2007,11,2,2.49640579568222e-05,0,0.00866637922445079,0,0.0865641254477229
2007,11,3,0.00107092701364309,0,0.000401037919800729,0,0.0831471204958391
2007,11,4,0.00145340233575553,0,0.00125254848535405,0,0.0808691171945832
2007,11,5,0.00579297496005893,0,0.00439361478493083,0,0.0785911138933274
2007,11,6,0.0011366008548066,0,0.00369244437752059,1.13686837721616e-13,0.0740351072908156
2007,11,7,0.743947982788086,0,0.487630180854467,-1.13686837721616e-13,0.0706181023389318
2007,11,8,0.000125367703731172,0,0.394060888706008,0,0.067201097387048
2007,11,9,0.00329673662781715,0,0.0012165146326879,0,0.0649230940857922
2007,11,10,0.000163760283612646,0,0.00186849687452195,0,0.0626450907845363
2007,11,11,0.167766481637955,0,0.109428272029618,0,0.0626450907845363
2007,11,12,0.160282477736473,0,0.164206584806379,0,0.0603670874832804
2007,11,13,1.73792767524719,1.13686837721616e-13,1.10003099034657,0,0.0615060891339084
2007,11,14,0.212084710597992,-1.13686837721616e-13,0.91702360369527,0,0.0580890841820246
2007,11,15,0.112435936927795,0,0.168246751425613,0,0.0558110808807687
2007,11,16,8.57263075886294e-05,0,0.0377095905132592,0,0.0546720792301408
2007,11,17,3.25025102938525e-05,0,6.05368768447079e-05,0,0.0546720792301408
2007,11,18,0.000372386770322919,-1.13686837721616e-13,0.000216317537706345,0,0.0535330775795128
2007,11,19,0.062150951474905,1.13686837721616e-13,0.0405131572115351,0,0.0535330775795128
2007,11,20,0.177932992577553,0,0.0998113663154072,0,0.051255074278257
2007,11,21,0.483922988176346,0,0.286408607869817,0,0.0523940759288849
2007,11,22,0.86440634727478,0,0.612312513665529,0,0.051255074278257
2007,11,23,0.0212725009769201,0.00173126128140666,0.475885292697058,1.13686837721616e-13,0.050116072627629
2007,11,24,0.559679448604584,0.00188762959396627,0.288487512734719,-1.13686837721616e-13,0.050116072627629
2007,11,25,4.98212480545044,0,2.7255022187237,0,0.0523940759288849
2007,11,26,9.92801284790039,0,7.32067269714753,0,0.0523940759288849
2007,11,27,0.534037530422211,0,5.23225085219019,0,0.050116072627629
2007,11,28,0.00585127389058471,0,0.261018745462934,0,0.051255074278257
2007,11,29,0.0183909200131893,0,0.00936221235315315,0,0.051255074278257
2007,11,30,0.0343340933322907,0,0.0288903376276721,0,0.051255074278257
2007,12,1,0.124072127044201,0,0.0604618689540075,0,0.051255074278257
2007,12,2,3.08760571479797,0,1.07930243861483,0,0.0592280858326525
2007,12,3,8.91751098632813,0,5.7122986641989,0,0.0580890841820246
2007,12,4,2.83635210990906,0,5.87770519247715,0,0.0569500825313966
2007,12,5,5.74214791413397e-05,0,1.64243209188135,0,0.0626450907845363
2007,12,6,0.00307901250198483,0,0.00151150270539802,0,0.0728961056401877
2007,12,7,0.171538949012756,0,0.0870940495806281,0,0.0774521122426994
2007,12,8,0.592558324337006,0,0.447630131013284,0,0.0797301155439553
2007,12,9,3.52330183982849,0,1.57269984853338,0,0.0899811303996067
2007,12,10,24.8101253509522,0,13.966571963414,0,0.161738234389166
2007,12,11,8.38522243499756,1.13686837721616e-13,16.6555122044083,2.27373675443232e-13,0.279055404403844
2007,12,12,14.9860763549805,0,11.6786121801852,0,0.744907079510668
2007,12,13,14.8655681610107,0,14.9259362615339,0,2.40329348282494
2007,12,14,2.95223522186279,-1.13686837721616e-13,8.92144335946796,1.13686837721616e-13,2.30078333426842
2007,12,15,24.0977764129639,1.13686837721616e-13,13.0818402916411,1.13686837721616e-13,4.62434670154941
2007,12,16,1.07712483406067,0.101340723469662,12.6177966347168,0,3.98650577719776
2007,12,17,4.66941833496094,0.107545414326296,2.67756263518095,0.126203887213137,2.33495338378726
2007,12,18,0.00066553131910041,1.13686837721616e-13,2.56128238735255,0.0066679018037803,1.53765222834771
2007,12,19,0.0624079555273056,0,0.0382841710015782,0,1.13900165062793
2007,12,20,3.50414705276489,0,1.75423762683931,0,0.918035330406114
2007,12,21,0.165026322007179,0,2.01525786029379,0,0.844000223115298
2007,12,22,0.0402878522872925,0,0.0870719950471539,0,0.733517063004389
2007,12,23,0.983280837535858,0,0.501371805672534,0,0.640118927652898
2007,12,24,0.000221897527808324,0,0.507168321964855,0,0.559249810458315
2007,12,25,0.000101069650554564,0,0.000165720513905399,0,0.496604719673779
2007,12,26,0.623825132846832,0,0.353621454254608,0,0.456739661901801
2007,12,27,4.79415512084961,-1.13686837721616e-13,2.68060591681569,0,0.430542623937359
2007,12,28,2.13210034370422,-1.13686837721616e-13,3.59066289489419,0,0.410040594226056
2007,12,29,0.0753499865531921,0,1.14902094413264,0,0.389538564514753
2007,12,30,0.00571549870073795,0,0.0410278641575133,0.000768263131249114,0.370175536454078
2007,12,31,3.8446654798463e-05,0,0.00308720459725009,0,0.348534505092147
2008,1,1,0.000557272578589618,0,0.000272561781457625,0,0.323476468778333
2008,1,2,0.000292863900540397,0.00013218833908013,0.00030573957337765,0,0.298418432464518
2008,1,3,0.000526949646882713,0.000400005525875713,0,0,0.273360396150704
2008,1,4,0.0143208187073469,0.00127609205321733,0.00474658252642257,0,0.255136369740657
2008,1,5,0.497229725122452,0.00120553316946825,0.25418619577249,0.00916289207259524,0.243746353234378
2008,1,6,0.319448530673981,0,0.409746991819702,0,0.234634340029354
2008,1,7,1.21345067024231,0,0.705882666254183,0,0.228939331776215
2008,1,8,13.3521671295166,0,7.28099502743135,0,0.230078333426842
2008,1,9,2.4497377872467,0,7.90778563734784,0,0.367897533152822
2008,1,10,0.000568384362850338,0,1.26152215350885,0,0.666315965617341
2008,1,11,1.21977746486664,0,0.524819395468512,0,0.514828746083826
2008,1,12,0.189965635538101,0,0.812907808904129,0,0.441932640443638
2008,1,13,1.02184724807739,0,0.605759410194878,0,0.391816567816009
2008,1,14,0.00011670798267005,0,0.512566723948112,0,0.350812508393403
2008,1,15,0.00235629873350263,0,0.00121565508015919,0,0.317781460525193
2008,1,16,0.0892471075057983,0,0.0556658774294192,0,0.291584422560751
2008,1,17,0.906569600105286,1.13686837721616e-13,0.467624843564408,0,0.26994339119882
2008,1,18,0.000646068656351417,0.000171850879610247,0.459379476102185,0,0.250580363138145
2008,1,19,0.00254387990571559,0.00114167222375272,0.000452526473964099,0,0.234634340029354
2008,1,20,0.001359055750072,0.00167195143308163,0.000329260285070632,0,0.219827318571191
2008,1,21,0.122002221643925,0.0369050767247927,0.00946401005785447,0,0.207298300414284
2008,1,22,3.53780937194824,0.931355196878826,0.898454273468815,0,0.200464290510516
2008,1,23,0.0281648803502321,0.902460683967774,0.893723134795437,0,0.191352277305493
2008,1,24,0.000669728440698236,0.0112862794934472,0.00108875203295611,0,0.184518267401725
2008,1,25,0.00391873111948371,0.00211788559420256,2.25481853703968e-05,0,0.17654525584733
2008,1,26,0.0073993275873363,0.00200626475793797,0.00361110897938488,0,0.169711245943562
2008,1,27,0.000159387825988233,0,0.00450739925872767,1.71091033175401,0.162877236039794
2008,1,28,0.0141238803043962,0,0.00743973436328815,0.371763435842126,0.158321229437283
2008,1,29,0.216806158423424,0,0.111067123274552,0,0.154904224485399
2008,1,30,0.234940454363823,0,0.226427242385398,0,0.148070214581631
2008,1,31,2.82792139053345,0,1.50836570583488,0,0.150348217882887
2008,2,1,10.7604780197144,0.693722594859196,6.09931730876269,0,0.152626221184143
2008,2,2,0.327846199274063,0.699869369358908,4.88897340174299,1.31946878362965,0.152626221184143
2008,2,3,0.085719145834446,0,0.211238082221826,0,0.152626221184143
2008,2,4,0.560916781425476,0,0.320684203230485,0,0.156043226136027
2008,2,5,1.8477920293808,0,1.19800841387041,0,0.167433242642306
2008,2,6,23.5374050140381,0,12.6203392941243,0,4.65851675106825
2008,2,7,0.00825687870383263,0,11.7772586346327,0,3.17781460525193
2008,2,8,0.0283274296671152,0,0.0179565239595831,0,1.99325288859888
2008,2,9,8.69509531185031e-05,0,0.015995214052964,1.13686837721616e-13,1.48070214581631
2008,2,10,0.000192855324712582,0,0.000159193899889942,-1.13686837721616e-13,1.16178168364049
2008,2,11,1.49617612361908,0,0.746848905924708,0,0.960178391479347
2008,2,12,25.2234497070313,0.190293227280335,12.1607764640139,0,1.92491278956121
2008,2,13,0.318209648132324,0.277899908120048,12.5496014498349,0,3.48534505092147
2008,2,14,0.00305446702986956,0.0696929551661469,0.0918518075995962,0.533678475157899,2.48302359836889
2008,2,15,0.0281909257173538,-1.13686837721616e-13,0.0151201723128906,0,1.89074274004237
2008,2,16,3.2973952293396,0,1.35416521407751,0,1.56043226136027
2008,2,17,43.8646125793457,-2.27373675443232e-13,23.5654836213944,-6.82121026329696e-13,12.3012178267817
2008,2,18,3.22492146492004,-3.41060513164848e-13,23.9066369986394,-3.41060513164848e-13,8.24637195054623
2008,2,19,1.1874293088913,0,2.23794237308903,0,4.27125618985475
2008,2,20,0.000145557220093906,0,0.621624089879333,0,3.0866944732017
2008,2,21,0.556285738945007,0,0.263237250663224,0,2.38051344981238
2008,2,22,4.03787183761597,0.297101145770171,1.99923290981678,0,1.97047285558632
2008,2,23,0.184899047017097,0.297995372749142,1.81836183057021,0,1.6515523934105
2008,2,24,1.28303396701813,-2.27373675443232e-13,0.710076354524063,0.599550387577096,1.40097203027236
2008,2,25,0.243138357996941,0,0.771620969040669,0,1.23012178267817
2008,2,26,0.0122781461104751,0,0.147011547793227,0,1.10027559450658
2008,2,27,0.00328682246617973,0,0.00781837933755014,0,0.960178391479347
2008,2,28,8.28389092930593e-05,0,0.00170882704696851,0.00343096998039982,0.841722219814042
2008,2,29,0.000761874776799232,0,0.000397466123104095,0,0.767687112523227
2008,3,1,3.89973974961322e-05,0,0.000412205357861239,-1.13686837721616e-13,0.706181023389318
2008,3,2,0.0506598688662052,0,0.0242576120072044,1.13686837721616e-13,0.653786947460433
2008,3,3,46.9706382751465,-4.54747350886464e-13,19.462595069941,-2.27373675443232e-13,9.68151403033743
2008,3,4,38.5191345214844,-1.02318153949454e-12,42.7455494702081,0,26.1970379644425
2008,3,5,2.5533492565155,2.27373675443232e-13,21.3906542405748,0,7.84772137282646
2008,3,6,2.16451096534729,0,2.37285053204687,0,5.00021724625663
2008,3,7,12.8733711242676,0.260624506431441,7.25765747944388,0,4.00928581021032
2008,3,8,4.74148082733154,1.0260463058537,8.47034902344603,0,3.37144488585868
2008,3,9,0.0750995352864265,0.899343198146767,1.59218110996153,0.789060518605083,3.09808448970798
2008,3,10,0.00249954964965582,-1.13686837721616e-13,0.0394228416262195,1.42564032150574,3.90677566165381
2008,3,11,0.00440943101420999,0,0.0036154412155156,-1.13686837721616e-13,4.30542623937359
2008,3,12,0.00950021389871836,0,0.00648025220289128,0,3.6903653480345
2008,3,13,0.485253304243088,0,0.244537663151277,0,3.0866944732017
2008,3,14,14.9434394836426,0,7.70376053376094,0,3.72453539755334
2008,3,15,4.39546298980713,0,9.66955566455727,0,3.59924521598427
2008,3,16,0.513440668582916,0,2.64588156381797,0,3.13225453922682
2008,3,17,0.852921009063721,0,0.664547928427055,0,2.6994339119882
2008,3,18,43.9775466918945,0,21.8651062583085,0,45.2183655299289
2008,3,19,110.566612243652,-2.27373675443232e-13,77.1996496910142,-1.36424205265939e-12,119.595173315933
2008,3,20,3.84280395507813,6.82121026329696e-13,62.0365331066059,9.09494701772928e-13,23.0078333426842
2008,3,21,0.000183027936145663,0,2.11932218333095,0,9.41954365069301
2008,3,22,4.14236501455889e-06,0,0.000110598200990353,0,6.25311906194735
2008,3,23,0.000159923452883959,0,8.07811229606159e-05,0,4.6812967840808
2008,3,24,8.1520811363589e-05,0,0.000123785903269891,0,3.79287549659102
2008,3,25,0.00143882550764829,0,0.00071339445275953,0,3.21198465477077
2008,3,26,0.000916164892259985,0,0.00117847674846416,0,2.79055404403844
2008,3,27,0.119355425238609,0,0.0597592953490675,0,2.44885354885006
2008,3,28,2.0533938407898,0,1.14294204510225,0,2.16410313619307
2008,3,29,5.29537677764893,0,3.56865483353613,0,1.91352277305493
2008,3,30,22.5635719299316,0,13.1307571951838,0,2.38051344981238
2008,3,31,12.4379777908325,0,17.532926709493,-1.13686837721616e-13,6.25311906194735
2008,4,1,26.2864112854004,0,19.3616674207078,1.13686837721616e-13,17.4267252546074
2008,4,2,0.815486192703247,0,13.5665941566986,0,7.87050140583902
2008,4,3,17.6137523651123,0,9.21257338283613,0,6.57203952412317
2008,4,4,19.6541538238525,0,18.6336138969855,0,10.6610554498775
2008,4,5,0.527440428733826,0,10.0995261945063,0,7.1643203824497
2008,4,6,0.00492936093360186,0,0.313973619173339,0,5.03438729577546
2008,4,7,0.000945787644013762,0,0.00296954030636698,0,3.89538564514753
2008,4,8,0.512925624847412,0,0.253095529064012,0,3.15503457223937
2008,4,9,11.7758636474609,0,5.98640425418853,0,2.81333407705099
2008,4,10,76.3077087402344,-5.6843418860808e-13,44.0281534181922,-5.6843418860808e-13,57.1778828615222
2008,4,11,12.6889429092407,0,44.4997053707993,0,28.7028415958239
2008,4,12,5.35497929377016e-05,0,6.49416640224808,0,8.63363251175973
2008,4,13,0.00645367568358779,0,0.00303511395031819,0,5.77473836868362
2008,4,14,0.00136722577735782,0,0.00378106618154561,0,4.36237632190498
2008,4,15,0.000255985592957586,0,0.00083217575593153,0,3.4739550344152
2008,4,16,5.30884390173014e-05,0,0.000156109083036426,0,2.87028415958239
2008,4,17,0.122616246342659,0,0.0609281636789092,0,2.44885354885006
2008,4,18,7.82495594024658,0,3.93654888449964,0,2.16410313619307
2008,4,19,1.15949535369873,0,4.53502474770357,0,1.9818628720926
2008,4,20,0.0776596888899803,0,0.638045120336756,0,1.71989249244818
2008,4,21,0.0131248030811548,0,0.0477321188591304,0,1.52626221184143
2008,4,22,0.809139251708984,0,0.449109327120823,0,1.4351420797912
2008,4,23,9.92999935150146,0,5.34824232635583,0,1.30985189822212
2008,4,24,30.5046806335449,0,19.6886982606666,-1.13686837721616e-13,2.47163358186261
2008,4,25,1.58701694011688,0,16.046021030088,1.13686837721616e-13,4.00928581021032
2008,4,26,4.00620985031128,0,2.76052546605206,0,2.9727943081389
2008,4,27,0.00771726481616497,0,2.02837656154588,0,2.4260735158375
2008,4,28,0.00354337482713163,0,0.00595342736778548,0,1.94769282257377
2008,4,29,7.8757235314697e-05,0,0.00144059307785938,0,1.6515523934105
2008,4,30,0.00237021152861416,0,0.00071808085340308,0,1.44653209629747
2008,5,1,0.0638375878334045,0,0.0235245604271768,0,1.29846188171584
2008,5,2,10.7537479400635,0,3.44193881165847,0,2.18688316920563
2008,5,3,8.31281185150147,0,9.55595185232232,0,2.9727943081389
2008,5,4,2.91592477879021e-05,0,4.2090605535559,0,2.08437302064912
2008,5,5,0.0142225939780474,0,0.00590848077990813,0,1.67433242642306
2008,5,6,0.0992942154407501,0,0.054972833924694,0,1.4351420797912
2008,5,7,1.10683035850525,0,0.729717871283356,0,1.29846188171584
2008,5,8,19.567310333252,0,7.90178144472884,0,3.05252442368286
2008,5,9,0.186007663607597,0,9.88904188108427,0,2.60831377993797
2008,5,10,1.85016369819641,0,1.06346195370861,0,1.97047285558632
2008,5,11,10.0870771408081,0,5.8927533769529,0,1.94769282257377
2008,5,12,0.00406285375356674,0,5.29323442483292,0,1.84518267401725
2008,5,13,0.68653792142868,0,0.33284245422692,0,1.50348217882887
2008,5,14,4.06755685806274,0,2.32469194266741,0,1.3212419147284
2008,5,15,12.8143997192383,0,8.16013475359068,0,1.25290181569073
2008,5,16,2.23520874977112,0,7.55514509284694,0,1.4351420797912
2008,5,17,0.00319516099989414,0,1.25208720663795,0,1.25290181569073
2008,5,18,0.00148410652764142,0,0.0023909228912089,0,1.07407855654214
2008,5,19,3.98749762098305e-05,0,0.000591620766499545,0,0.938537360117417
2008,5,20,0.0399945341050625,0,0.0189612441681675,0,0.822359191753368
2008,5,21,0.000266102899331599,0,0.0210410468062037,0,0.719849043196854
2008,5,22,0.0827639326453209,0,0.0366463044992997,1.13686837721616e-13,0.641257929303526
2008,5,23,0.631525278091431,0,0.294163940205181,-1.13686837721616e-13,0.579751840169618
2008,5,24,1.96106159687042,0,1.48346016943106,0,0.561527813759571
2008,5,25,6.85817861557007,0,3.83627489336504,1.13686837721616e-13,0.520523754336965
2008,5,26,16.742582321167,0,11.6149405723845,-1.13686837721616e-13,0.676566980472992
2008,5,27,22.4852676391602,0,19.3973476643223,0,1.4351420797912
2008,5,28,11.0004110336304,0,16.7446800687467,0,3.48534505092147
2008,5,29,0.424006074666977,0,5.78767265888018,0,2.25522326824331
2008,5,30,0.00758325075730681,0,0.218527625671413,0,1.58321229437283
2008,5,31,0.0777342766523361,0,0.0386353799258359,0,1.18456171665305
2008,6,1,6.45908975601196,0,3.02044403677428,0,0.95334438157558
2008,6,2,14.0424680709839,0,10.0822362568215,0,0.882726279236648
2008,6,3,0.016343267634511,0,7.04841717275122,0,1.16178168364049
2008,6,4,0.0221609733998775,0,0.0190910841338336,-1.13686837721616e-13,0.879309274284764
2008,6,5,0.15814009308815,0,0.0871660770208109,1.13686837721616e-13,0.709598028341202
2008,6,6,0.589790046215057,0,0.308905851874442,0,0.594558861627781
2008,6,7,1.7952356338501,-1.13686837721616e-13,1.18229732876353,0,0.522801757638221
2008,6,8,0.621431231498718,1.13686837721616e-13,1.03239237955859,0,0.466990676757452
2008,6,9,7.66711711883545,0,3.95677799246914,0,0.436237632190498
2008,6,10,26.5412311553955,0,17.0550217043347,0,0.443071642094266
2008,6,11,0.0444818250834942,0,13.3081564353342,0,0.527357764240733
2008,6,12,0.0266189966350794,0,0.034972517976712,0,0.569500825313967
2008,6,13,2.04296183586121,0,0.908223986312805,0,0.47382468666122
2008,6,14,29.1728324890137,0,12.4775019342123,-1.13686837721616e-13,0.894116295742927
2008,6,15,1.6750236749649,0,15.4521893797501,1.13686837721616e-13,1.59460231087911
2008,6,16,4.86315250396729,0,3.31190307576617,0,1.06041053673461
2008,6,17,0.229469552636147,0,2.71432953010662,0,0.823498193403995
2008,6,18,0.0331117175519466,0,0.137098684295779,-1.13686837721616e-13,0.661759959014829
2008,6,19,0.295428067445755,0,0.167367336711322,1.13686837721616e-13,0.547859793952036
2008,6,20,6.34472370147705,0,3.27389734591998,0,0.478380693263732
2008,6,21,3.2789204120636,0,4.87107782936073,0,0.423708614033591
2008,6,22,5.2232255935669,0,3.46791149533965,0,0.377009546357846
2008,6,23,10.5132656097412,0,7.80424361745827,0,0.799579158740809
2008,6,24,2.56799864768982,0,6.61221903190744,0,1.23012178267817
2008,6,25,0.0780861675739288,0,1.54433149224496,0,0.689095998629899
2008,6,26,0.0311539769172668,0,0.0502895344543504,0,0.50685573452943
2008,6,27,2.57781744003296,0,1.07977152836247,0,0.405484587623544
2008,6,28,17.2865581512451,1.13686837721616e-13,9.59289499216538,0,0.399789579370404
2008,6,29,19.5108871459961,-1.13686837721616e-13,18.3647470138167,0,0.719849043196854
2008,6,30,2.27579092979431,0,11.0399479114785,0,0.640118927652898
2008,7,1,0.000483108218759298,0,1.25336577091366,0,0.486353704818127
2008,7,2,0.246280610561371,0,0.105580856674351,0,0.392955569466637
2008,7,3,2.42445397377014,0,1.33439755421568,0,0.333727483633984
2008,7,4,28.1960983276367,0,11.3286850126751,0,1.09230258295219
2008,7,5,9.38882637023926,0,18.7924866707908,0,2.14132310318051
2008,7,6,18.2980728149414,0,13.8031968429495,0,1.71989249244818
2008,7,7,0.253233909606934,0,10.6002745678488,0,1.68572244292934
2008,7,8,0.197679400444031,0,0.22614656220685,0,0.995487442648813
2008,7,9,5.47016668319702,0,2.82578360294428,0,1.7654525584733
2008,7,10,21.6614284515381,0,13.5517197856316,0,3.75870544707218
2008,7,11,2.95693492889404,0,12.3177738750164,0,2.27800330125587
2008,7,12,1.9005651473999,1.13686837721616e-13,2.54237696404016,1.13686837721616e-13,1.68572244292934
2008,7,13,14.3188905715942,-1.13686837721616e-13,8.02322467158956,-1.13686837721616e-13,2.14132310318051
2008,7,14,1.30587697029114,0,7.85992568968504,0,1.7085024759419
2008,7,15,0.0196088571101427,0,0.665362451138208,0,1.21873176617189
2008,7,16,0.00318788853473961,0,0.0122355871717446,0,0.910062318851718
2008,7,17,0.0165756158530712,0,0.0123991144719184,0,0.724405049799365
2008,7,18,0.00137847114820033,0,0.0115421876835171,0,0.601392871531549
2008,7,19,0.0105268051847816,0,0.00533451853698352,0,0.513689744433198
2008,7,20,0.00742118759080768,0,0.00884736471925862,0,0.448766650347406
2008,7,21,1.7742725610733,0,0.684649952141626,0,0.394094571117265
2008,7,22,1.98450827598572,0,1.88329082625569,0,0.418013605780451
2008,7,23,9.07620620727539,0,4.71747193433112,0,0.697069010184295
2008,7,24,5.65372848510742,0,7.16386590208276,0,0.535330775795128
2008,7,25,0.0362438187003136,0,3.14157469629572,0,0.420291609081707
2008,7,26,0.6299267411232,0,0.370194196351804,-1.13686837721616e-13,0.346256501790892
2008,7,27,2.20439529418945,0,1.25849096109596,1.13686837721616e-13,0.359924521598427
2008,7,28,0.546464800834656,0,1.58164965008473,0,0.400928581021032
2008,7,29,0.00111824413761497,0,0.221448700700421,0,0.322337467127705
2008,7,30,0.56685197353363,0,0.267376159696141,0,0.276777401102588
2008,7,31,2.97835040092468,0,1.48106508774072,0,0.253997368090029
2008,8,1,0.0550383366644383,0,1.64903221673012,0,0.230078333426842
2008,8,2,0.00285019492730498,0,0.0238740967251943,0,0.210715305366168
2008,8,3,0.000697153678629547,0,0.00148980178346392,0,0.191352277305493
2008,8,4,0.128988996148109,0,0.0710018002646393,0,0.174267252546074
2008,8,5,0.00204289541579783,-1.13686837721616e-13,0.0715000167328981,0,0.158321229437283
2008,8,6,0.793364822864533,1.13686837721616e-13,0.495677756836813,0,0.144653209629747
2008,8,7,3.58454132080078,0,1.99768226808374,0,0.141236204677864
2008,8,8,11.3421878814697,0,7.20059023285285,0,0.134402194774096
2008,8,9,2.09853434562683,0,6.88196696063096,0,0.128707186520956
2008,8,10,39.3151016235352,0,20.6877427720974,0,0.175406254196702
2008,8,11,9.74146270751953,0,24.567138970735,0,0.355368514995915
2008,8,12,7.19811868667603,0,8.47286597675702,0,0.433959628889242
2008,8,13,0.31544816493988,0,3.83073176228208,0,0.312086452272054
2008,8,14,0.926247596740723,0,0.686219948423968,0,0.248302359836889
2008,8,15,9.17545127868652,0,4.69038788456237,0,0.238051344981238
2008,8,16,6.48585844039917,0,8.06866040537716,0,0.218688316920563
2008,8,17,0.000542871886864305,0,3.5548734636177,0,0.197047285558632
2008,8,18,0.0957979410886765,-1.13686837721616e-13,0.0430268389682169,-1.13686837721616e-13,0.181101262449841
2008,8,19,0.868271350860596,1.13686837721616e-13,0.126247353800864,1.13686837721616e-13,0.16515523934105
2008,8,20,21.48024559021,0,11.083553591372,0,0.205020297113028
2008,8,21,21.5913429260254,1.13686837721616e-13,21.5357293041234,0,0.266526386246936
2008,8,22,4.86264371871948,-1.13686837721616e-13,13.2468927829177,0,0.391816567816009
2008,8,23,2.57329201698303,0,3.75649481349683,-1.13686837721616e-13,0.399789579370404
2008,8,24,2.68333649635315,0,2.62644766413723,1.13686837721616e-13,0.357646518297171
2008,8,25,0.52344936132431,0,1.64216293495701,0,0.306391444018914
2008,8,26,0.0326858460903168,0,0.28691607505607,0,0.272221394500076
2008,8,27,0.000756824156269431,0,0.0172135093598627,0,0.249441361487517
2008,8,28,0.00394655764102936,0,0.0019193735497538,0,0.223244323523075
2008,8,29,0.539165019989014,0,0.201603328816418,0,0.201603292161144
2008,8,30,1.98039710521698,0,1.04373316156853,0,0.183379265751097
2008,8,31,0.0262067746371031,0,0.853379004794988,0,0.169711245943562
2008,9,1,0.00621493114158511,0,0.0150285218551289,0,0.158321229437283
2008,9,2,6.7699465751648,0,3.21323350978491,0,0.160599232738539
2008,9,3,78.3356857299805,-1.13686837721616e-13,42.3141670554105,-1.13686837721616e-13,3.7473154305659
2008,9,4,76.4145202636719,1.13686837721616e-13,77.3751555900162,1.13686837721616e-13,35.9924521598427
2008,9,5,1.23143541812897,1.13686837721616e-13,38.8243964513677,1.13686837721616e-13,9.45371370021184
2008,9,6,0.0269884001463652,0,0.733626257118885,0,4.59017665203057
2008,9,7,2.69000911712647,0,1.30369323708146,0,3.24615470428961
2008,9,8,0.594307124614716,0,1.74728349702491,0,2.6424838294568
2008,9,9,0.660133540630341,0,0.626118105639762,0,2.01603292161144
2008,9,10,1.25119340419769,-1.13686837721616e-13,0.947963452395925,0,1.61738234389166
2008,9,11,0.150332927703857,1.13686837721616e-13,0.789428218784451,0,1.3781919972598
2008,9,12,1.62947225570679,0,0.864210165076656,0,1.18456171665305
2008,9,13,5.97180986404419,0,3.78145125984156,0,1.05813253343335
2008,9,14,64.8697738647461,-1.13686837721616e-13,35.4116852367515,-1.13686837721616e-13,12.8707186520956
2008,9,15,7.82376098632813,0,36.4190355675819,0,9.74985412937511
2008,9,16,0.0204640571027994,0,4.48346861623577,0,4.41932640443638
2008,9,17,0.00595435127615929,0,0.0136035882023862,0,3.10947450621426
2008,9,18,0.035898894071579,0,0.0195535951643251,0,2.38051344981238
2008,9,19,0.255362570285797,0,0.144909371570975,0,1.87935272353609
2008,9,20,1.59996390342712,0,0.927584054559702,0,1.54904224485399
2008,9,21,0.0865064933896065,0,0.848972439314821,0,1.28707186520956
2008,9,22,0.340613126754761,0,0.249007370934123,1.13686837721616e-13,1.08432957139779
2008,9,23,0.00324934907257557,0,0.159392396795738,-1.13686837721616e-13,0.927147343611137
2008,9,24,0.0566612556576729,0,0.0389642722075223,0,0.804135165343321
2008,9,25,0.0439335033297539,0,0.0499433028817293,0,0.701625016786807
2008,9,26,0.00529679749161005,0,0.0186659443352255,0,0.621894901242851
2008,9,27,0.0346519201993942,0,0.0181758397593512,0,0.558110808807687
2008,9,28,1.88032972801011e-05,0,0.02052727258706,0,0.50116072627629
2008,9,29,0.0809939876198769,0,0.0478814110174426,0,0.451044653648661
2008,9,30,0.0325183719396591,-1.13686837721616e-13,0.0579978842943092,-1.13686837721616e-13,0.4077625909248
2008,10,1,7.10064632585272e-05,1.13686837721616e-13,0.0122327610370121,1.13686837721616e-13,0.370175536454078
2008,10,2,0.000708786654286087,0,0.00037746209272882,0,0.34170049518838
2008,10,3,0.0167064908891916,0,0.010601890484395,0,0.321198465477077
2008,10,4,1.05155766010284,0,0.49563268678321,0,0.304113440717658
2008,10,5,1.7294921875,0,1.45554637242458,0,0.291584422560751
2008,10,6,0.686697721481323,0,1.25606353792682,0,0.279055404403844
2008,10,7,27.5305156707764,0,14.0242202824156,0,0.289306419259495
2008,10,8,0.686779677867889,0,14.1183871242683,0,0.276777401102588
2008,10,9,0.00526922382414341,0,0.336114896694198,0,0.265387384596308
2008,10,10,0.00513462582603097,0,0.00521068493253551,0,0.256275371391285
2008,10,11,0.0491507686674595,0,0.0227870959133725,0,0.244885354885006
2008,10,12,0.0544715747237206,0,0.0523938700280269,0,0.238051344981238
2008,10,13,0.326198935508728,0,0.173969160983688,0,0.228939331776215
2008,10,14,0.539193868637085,0,0.468324328605377,0,0.216410313619307
2008,10,15,1.00373196601868,0,0.750667790642183,0,0.207298300414284
2008,10,16,9.91810321807861,0,5.0821888311184,0,0.201603292161144
2008,10,17,0.200194001197815,0,5.08781212170288,0,0.189074274004237
2008,10,18,0.0049533941783011,0,0.120358755433699,0,0.181101262449841
2008,10,19,0.00308527122251689,0,0.00409329836838879,0,0.175406254196702
2008,10,20,0.00185033294837922,0,0.00248803752037929,0,0.168572244292934
2008,10,21,0.1113341152668,0,0.041322899669467,0,0.16515523934105
2008,10,22,2.23951983451843,0,1.25381618273241,0,0.161738234389166
2008,10,23,13.3729581832886,0,7.7759519813917,0,0.173128250895446
2008,10,24,0.165084570646286,0,6.80756089225906,0,0.174267252546074
2008,10,25,0.0320355631411076,0,0.10326247397461,0,0.169711245943562
2008,10,26,0.00328372209332883,1.13686837721616e-13,0.014079730193771,0,0.162877236039794
2008,10,27,2.34263115999056e-05,-1.13686837721616e-13,0.00118211775406962,0,0.156043226136027
2008,10,28,6.33910822216421e-05,0,4.65924749732949e-05,0,0.150348217882887
2008,10,29,7.31896579964086e-05,0,6.76502895657904e-05,0,0.146931212931003
2008,10,30,0.00092139549087733,0,0.000639953774225432,0,0.145792211280375
2008,10,31,1.38201713562012,0,0.63581560581224,0,0.145792211280375
2008,11,1,5.05899667739868,0,3.05864530277904,0,0.146931212931003
2008,11,2,0.0407559350132942,0,3.06773846412398,0,0.14351420797912
2008,11,3,0.00261176284402609,0,0.0179456527839648,0,0.141236204677864
2008,11,4,4.23607998527586e-05,0,0.00135082119959407,0,0.138958201376608
2008,11,5,0.0497501604259014,0,0.0316006769280648,0,0.13781919972598
2008,11,6,8.10931015014648,0,3.81236691683444,0,0.13781919972598
2008,11,7,0.317901581525803,-1.13686837721616e-13,4.81841670568247,0,0.13781919972598
2008,11,8,1.13824751224456e-06,1.13686837721616e-13,0.184518081172428,0,0.136680198075352
2008,11,9,0.000131403678096831,0,8.34869933896698e-05,0,0.13212419147284
2008,11,10,0.773500204086304,0,0.384980871662265,0,0.130985189822212
2008,11,11,29.8857383728027,0,15.3191062868937,0,0.191352277305493
2008,11,12,0.177801564335823,0,15.0647327964252,0,0.357646518297171
2008,11,13,0.210445806384087,0,0.196414135723899,0,0.496604719673779
2008,11,14,0.192360371351242,0,0.201016648657969,0,0.498882722975035
2008,11,15,0.968678712844849,0,0.606825084425509,0,0.414596600828568
2008,11,16,0.00265102251432836,0,0.536340659462439,-1.13686837721616e-13,0.348534505092147
2008,11,17,0.000427534832851961,0,0.00182048486749409,1.13686837721616e-13,0.305252442368286
2008,11,18,0.000227185708354227,1.13686837721616e-13,0.0003205223401892,0,0.279055404403844
2008,11,19,0.000115505172288977,-1.13686837721616e-13,0.000182803145435173,0,0.256275371391285
2008,11,20,9.32137700146995e-05,0,0.000103499682154506,0,0.234634340029354
2008,11,21,0.000462291529402137,1.12503493028271e-05,0.000226237876631785,0,0.215271311968679
2008,11,22,0.187000811100006,0.0109549183679292,0.0825638038004399,1.13686837721616e-13,0.201603292161144
2008,11,23,0.0114837205037475,0.0111372869856723,0.0894796745269559,0.012120427042646,0.192491278956121
2008,11,24,2.55337715148926,0,1.21744272004435,0,0.187935272353609
2008,11,25,0.0741315856575966,0,1.06952403424657,0,0.183379265751097
2008,11,26,0.00279394397512078,0,0.0358572695913608,0,0.179962260799213
2008,11,27,7.34937493689358e-05,0,0.0014669929005322,0,0.175406254196702
2008,11,28,0.0392248332500458,0,0.0172718540634378,0,0.171989249244818
2008,11,29,0.0520720854401588,0,0.047039653036336,0,0.171989249244818
2008,11,30,0.0426579751074314,0,0.0474297750915866,0,0.169711245943562
2008,12,1,0.46685928106308,0,0.254716113304312,0,0.166294240991678
2008,12,2,0.00928175263106823,0,0.240938167858985,0,0.162877236039794
2008,12,3,0.137093737721443,0,0.0729100775351981,0.00486104482274641,0.160599232738539
2008,12,4,0.142726689577103,0,0.13938597694505,0,0.158321229437283
2008,12,5,0.0123177161440253,0.0003463891565616,0.0780709347527591,0,0.153765222834771
2008,12,6,1.28932273387909,0.000351546754927767,0.649857440985215,0.00739532842840163,0.149209216232259
2008,12,7,0.000283876142930239,0,0.68877889963187,0,0.145792211280375
2008,12,8,3.36388301849365,0,1.64015688103973,0,0.14351420797912
2008,12,9,15.680477142334,0,8.94958745625627,0,0.148070214581631
2008,12,10,0.684056341648102,0,8.2138225099261,0,0.156043226136027
2008,12,11,0.0138686345890164,0.000904627292811711,0.36605916931876,0,0.167433242642306
2008,12,12,7.16970025678165e-05,0.000956068869413684,0.00601471737900283,0.00662747138142095,0.211854307016796
2008,12,13,0.0146422348916531,0,0.0066276355937589,0,0.260831377993797
2008,12,14,0.837596952915192,0,0.466400623416121,0,0.256275371391285
2008,12,15,4.23301076889038,0,2.53288938679179,0,0.253997368090029
2008,12,16,4.67584896087647,2.21804359368321,2.22503264629631,-3.41060513164848e-13,0.259692376343169
2008,12,17,0.325757473707199,2.49749339166146,0.088787334949302,0,0.285889414307611
2008,12,18,1.45608484745026,0.0705712120358157,0.819453073047043,0.855705566247707,0.289306419259495
2008,12,19,3.06675362586975,0,2.25707745118416,4.00732301377434,0.279055404403844
2008,12,20,0.057905163615942,0,1.61054438917199,0,0.309808448970798
2008,12,21,0.0157621335238218,0.00678337307340371,0.0301165861019399,0,0.394094571117265
2008,12,22,0.00355101795867085,0.00910895188906125,0.00118941326218192,0,0.406623589274172
2008,12,23,0.560942769050598,0.249377525042064,0.0313063769353903,0,0.394094571117265
2008,12,24,7.44443798065186,0.252861826181743,3.69628709131212,0.486471898834111,0.390677566165381
2008,12,25,0.499231964349747,0,4.00612426827138,0,0.433959628889242
2008,12,26,0.641221463680267,1.13686837721616e-13,0.579718266395503,0,0.476102689962476
2008,12,27,7.53275346755981,-1.13686837721616e-13,3.90223486942705,0,0.822359191753368
2008,12,28,27.0846996307373,-1.13686837721616e-13,17.3084991952856,0,10.2282348226388
2008,12,29,4.41531562805176,0,15.8041986807293,0,4.41932640443638
2008,12,30,0.00599759398028255,0,2.50995452563075,0,2.67665387897564
2008,12,31,0.00590997841209173,0,0.00595903508656193,0,1.85657269052353
2009,1,1,0.00360917346552014,0,0.0049627308617346,0,1.36680198075352
2009,1,2,0.00196967995725572,0,0.00278943555895239,0.00094790894468133,1.09344158460282
2009,1,3,0.177763015031815,0,0.0843559448912856,-1.13686837721616e-13,0.91461832545423
2009,1,4,0.0430736392736435,0,0.111696517175005,0,0.764270107571343
2009,1,5,0.041182603687048,0.00177319817305488,0.0406104494977626,0,0.628728911146619
2009,1,6,0.400648206472397,0.0483560403582715,0.172500998371106,0,0.517106749385081
2009,1,7,0.00570498825982213,0.045958743672486,0.157297137033311,0.109019740780013,0.457878663552429
2009,1,8,0.329448997974396,0,0.187985648073663,0,0.408901592575428
2009,1,9,0.442342311143875,0,0.382991412312549,0,0.356507516646543
2009,1,10,1.30648875236511,0,0.840513173090585,0,0.313225453922682
2009,1,11,0.153371900320053,0.0101211520782272,0.810204930930922,0,0.284750412656983
2009,1,12,0.685698628425598,0.0120462699468362,0.406530638800177,0.026305329903721,0.258553374692541
2009,1,13,4.54175897175446e-05,0,0.354723604679748,0,0.226661328474959
2009,1,14,9.74555587163195e-05,3.30057980590937e-06,6.51234295219183e-05,0,0.200464290510516
2009,1,15,0.101705051958561,0.0370404337238597,0.0138136811219738,0,0.177684257497958
2009,1,16,0.0019777943380177,0.0381542231453977,0.0138174229141441,0,0.157182227786655
2009,1,17,0.00102983089163899,0.00124050764668482,0.00026452643214725,0,0.140097203027236
2009,1,18,5.22579632900033e-08,0.000249710384196078,0.000265241098531988,0.103141088165671,0.126429183219701
2009,1,19,0.00262888055294752,0,0.0010591810423648,0,0.118456171665305
2009,1,20,0.00349814398214221,0.000192070555044666,0.00285503292980138,0,0.112761163412165
2009,1,21,0.000652925053145737,0.000275522531751449,0.00194185727741569,0,0.109344158460282
2009,1,22,0.000258479645708576,7.52255945144498e-05,0.000421711309172679,0,0.101371146905886
2009,1,23,0.00059944944223389,1.13686837721616e-13,0.000449659644800704,0,0.0945371370021184
2009,1,24,0.0297472141683102,0,0.0127626208850415,0,0.085425123797095
2009,1,25,0.0169765371829271,0.00458993116831152,0.0190723799023544,0,0.0797301155439553
2009,1,26,0.731943905353546,0.238973118089689,0.124908810998022,0,0.0763131105920715
2009,1,27,34.7524375915527,9.10719057574579,8.45149739160115,-4.54747350886464e-13,1.62877236039794
2009,1,28,38.3381309509277,25.8772679006174,10.6637862788193,-1.13686837721616e-13,12.9846188171584
2009,1,29,6.96727705001831,19.6080207045343,3.80450672015286,0,6.91374001931155
2009,1,30,0.0243543907999992,1.96852482398128,1.56766696165869,0,5.85446848422757
2009,1,31,0.0136018600314856,0,0.0193825058086077,1.66979796955195,4.72685685010592
2009,2,1,0.0108073716983199,0,0.0122909713463741,5.32827731202906,4.94326716372523
2009,2,2,0.00206451560370624,0,0.00654574218788184,5.35046217287049,4.59017665203057
2009,2,3,0.00652461079880595,0,0.00405678802053444,1.84273242543838,3.49673506742775
2009,2,4,0.00383152510039508,0.00113178740014064,0.00436074858589564,0,2.6424838294568
2009,2,5,0.00429904367774725,0.00177492072918994,0.0022431438555941,0,2.0957630371554
2009,2,6,0.182391658425331,-1.13686837721616e-13,0.090435348036408,3.29345006460164,1.77684257497958
2009,2,7,0.0663380101323128,0,0.126368735924189,9.83414461886014,1.58321229437283
2009,2,8,0.0527892298996449,0,0.0596731964105857,13.610939733922,1.44653209629747
2009,2,9,1.33376693725586,1.13686837721616e-13,0.683178503299132,13.9702800630943,1.28707186520956
2009,2,10,10.1831197738647,-1.13686837721616e-13,5.74760994793905,1.98130985843545,1.54904224485399
2009,2,11,27.3522872924805,0,18.6847460913341,0,14.4653209629747
2009,2,12,0.939563691616058,0,14.1788904746063,0,9.93209439347557
2009,2,13,0.000152577966218814,0,0.496924025806948,0,5.21662755987593
2009,2,14,0.0265380777418613,0,0.0121327319211559,0,3.61063523249055
2009,2,15,0.478564709424973,0,0.251238233518961,0,2.71082392849448
2009,2,16,0.0149996438995004,1.13686837721616e-13,0.284626483517059,0,2.16410313619307
2009,2,17,0.777276158332825,-1.13686837721616e-13,0.394431817316217,0,1.78823259148585
2009,2,18,1.37685394287109,0,1.02098320888035,0,1.58321229437283
2009,2,19,0.0249633584171534,0,0.759047020903381,0,1.34402194774096
2009,2,20,0.00137962296139449,0,0.0142866501337267,0,1.09116358130156
2009,2,21,0.359764933586121,0,0.176232829624496,0,0.928286345261765
2009,2,22,0.281628042459488,0,0.348037651718187,0,0.802996163692693
2009,2,23,0.281490802764893,0,0.281559473485686,0,0.67201097387048
2009,2,24,0.163164064288139,0,0.224426586195477,0,0.57861283851899
2009,2,25,0.56036788225174,0,0.314883396953519,0,0.525079760939477
2009,2,26,0.435211807489395,0,0.509729009303555,0,0.486353704818127
2009,2,27,2.94364666938782,0,1.59663187977276,0,0.465851675106825
2009,2,28,2.91167616844177,0,2.92768507266737,0,0.476102689962476
2009,3,1,2.30404567718506,0.811390385694494,1.79647794886841,0,0.488631708119383
2009,3,2,2.22001361846924,1.19435910324648,1.06796817923168,0,0.444210643744894
2009,3,3,0.141785129904747,0.395435094708546,0.827978787790926,0,0.379287549659102
2009,3,4,0.00812717340886593,-1.13686837721616e-13,0.0755281910824124,1.2591006899238,0.343978498489636
2009,3,5,0.0565159693360329,-1.13686837721616e-13,0.0323135890212143,1.25759924880936,0.322337467127705
2009,3,6,0.000505217292811722,0,0.0287700239132391,0,0.307530445669542
2009,3,7,0.0979273542761803,0,0.0521326393572963,0,0.290445420910123
2009,3,8,0.183369636535645,0,0.133334412559634,0,0.273360396150704
2009,3,9,0.0878540053963661,0,0.144174053813913,0,0.251719364788773
2009,3,10,0.708507478237152,0,0.438181361663737,0,0.235773341679982
2009,3,11,7.75102138519287,0,4.01111527397734,0,0.218688316920563
2009,3,12,0.876974761486054,0,4.33637996051402,0,0.212993308667423
2009,3,13,1.13743245601654,0,1.00653655893984,0,0.210715305366168
2009,3,14,0.529440641403198,0,0.833454077532224,0,0.2038812954624
2009,3,15,0.355117797851563,0,0.450935635555652,0,0.19818628720926
2009,3,16,0.0906700417399406,0,0.209667570561578,0,0.190213275654865
2009,3,17,0.0162128340452909,0,0.0454644371056929,0,0.178823259148585
2009,3,18,0.0847775936126709,0,0.0548258277922287,0,0.16515523934105
2009,3,19,0.341317147016525,0,0.208888975517766,0,0.154904224485399
2009,3,20,0.728877305984497,0,0.592847352440003,0,0.144653209629747
2009,3,21,12.2752561569214,0,6.43483925559121,0,0.17654525584733
2009,3,22,3.69823479652405,0,7.98690944193368,0,0.978402417889394
2009,3,23,1.64625561237335,0,2.72853730839415,0,1.49209216232259
2009,3,24,4.26817846298218,0,2.85026774259313,0,1.44653209629747
2009,3,25,20.4140739440918,0,12.34090378369,0,5.61527813759571
2009,3,26,1.85090982913971,0,11.1473042020225,0,4.077625909248
2009,3,27,6.68580484390259,0,4.22523284519411,0,3.55368514995915
2009,3,28,20.0310897827148,0,12.8133137418263,-1.13686837721616e-13,9.79541419540022
2009,3,29,2.56836843490601,1.13686837721616e-13,11.3026388181461,1.13686837721616e-13,7.30100058052505
2009,3,30,0.695034742355347,-1.13686837721616e-13,1.66290135528834,0,4.51044653648661
2009,3,31,10.4517059326172,0,5.51805299089028,0,4.0206758267166
2009,4,1,0.0220774728804827,0,5.31537873057823,0,4.28264620636103
2009,4,2,0.665946543216705,0,0.299126881436678,0,3.50812508393403
2009,4,3,8.43164539337158,0,4.40364402493287,0,3.51951510044031
2009,4,4,0.105402916669846,0,4.26871001681138,0,3.18920462175821
2009,4,5,0.12248083204031,0,0.113647342390323,0,2.6994339119882
2009,4,6,0.00967823062092066,0,0.0708602254817379,0,2.27800330125587
2009,4,7,1.72751697391504e-05,0,0.00537833664566279,0,1.90213275654865
2009,4,8,1.84323998837499e-05,0,1.782310573617e-05,0,1.6515523934105
2009,4,9,2.7933030128479,0,0.972006930831412,0,1.48070214581631
2009,4,10,15.0971384048462,0,8.9189885660453,0,1.64016237690422
2009,4,11,0.286111384630203,0,7.69465364517237,0,1.79962260799213
2009,4,12,4.52889537811279,0,2.27008308958466,0,1.77684257497958
2009,4,13,26.3809032440186,0,13.9577702069219,0,5.80890841820246
2009,4,14,0.331288129091263,-1.13686837721616e-13,13.3763884565124,0,4.44210643744894
2009,4,15,0.000870515999849886,0,0.205875585401373,0,3.31449480332728
2009,4,16,1.96872060769238e-05,0,0.00053730057697976,0,2.68804389548192
2009,4,17,0.201837718486786,0,0.12086035120592,0,2.26661328474959
2009,4,18,1.81874990463257,0,0.955644809444493,0,1.97047285558632
2009,4,19,17.9213676452637,0,9.83338925539283,0,3.06391444018914
2009,4,20,1.75850665569305,0,9.84911876125261,0,4.03206584322288
2009,4,21,0.000399277516407892,0,0.847787363331008,0,3.07530445669542
2009,4,22,0.0578005351126194,0,0.0269194058491848,0,2.52858366439401
2009,4,23,0.320322394371033,0,0.176604850690637,0,2.16410313619307
2009,4,24,0.0184765886515379,0,0.18360423262493,0,1.84518267401725
2009,4,25,0.0974013209342957,0,0.0580026339084725,0,1.57182227786655
2009,4,26,0.0224749147891998,0,0.0708278248930583,0,1.35541196424724
2009,4,27,1.33216309547424,0,0.649741907145653,0,1.18456171665305
2009,4,28,5.24852705001831,0,3.16030720575509,0,1.10597060275972
2009,4,29,1.74441516399384,0,3.5760946575756,0,1.01485047070949
2009,4,30,12.1620969772339,0,6.68767434004985,0,1.0478815185777
2009,5,1,4.10794973373413,0,8.39197942605824,0,1.12191662586851
2009,5,2,45.0369720458984,0,23.170124999262,0,5.04577731228174
2009,5,3,40.6276054382324,0,42.8324542320916,0,13.8958201376608
2009,5,4,10.4392232894897,-1.13686837721616e-13,25.5349331353136,0,10.6952254993963
2009,5,5,3.34763956069946,0,6.90809597667976,0,6.4467493425541
2009,5,6,34.9579963684082,0,19.0552530601271,-1.13686837721616e-13,16.6294240991678
2009,5,7,0.155778869986534,0,17.5575027692612,1.13686837721616e-13,11.5039166713421
2009,5,8,3.53163576126099,0,1.65586590217572,0,6.13921889688456
2009,5,9,15.5256662368774,0,9.48941761399328,0,5.21662755987593
2009,5,10,0.985639870166779,0,8.50373992270033,0,4.10040594226056
2009,5,11,2.34814167022705,0,1.62923535583104,-1.13686837721616e-13,3.42839496839008
2009,5,12,2.47285604476929,0,2.4048302424635,1.13686837721616e-13,2.88167417608867
2009,5,13,9.6987886428833,0,6.03812284488231,0,2.60831377993797
2009,5,14,24.8205623626709,0,17.2499964164308,0,3.13225453922682
2009,5,15,1.11826717853546,1.13686837721616e-13,13.0010808946608,0,4.44210643744894
2009,5,16,6.34192037582398,-1.13686837721616e-13,3.70979047173751,0,3.45117500140264
2009,5,17,0.228954270482063,0,3.29548983665882,0,2.87028415958239
2009,5,18,0.280471205711365,0,0.255377047411457,1.13686837721616e-13,2.35773341679982
2009,5,19,0.000234784805797972,0,0.125955980518484,-1.13686837721616e-13,1.9818628720926
2009,5,20,0.538421273231506,0,0.221238668418664,0,1.66294240991678
2009,5,21,0.67383086681366,0,0.591687122847361,0,1.40097203027236
2009,5,22,0.00923582911491394,0,0.392855320264061,0,1.19595173315933
2009,5,23,0.542539954185486,0,0.249867082267883,0,1.02965749216765
2009,5,24,8.83139038085938,0,3.46222062685411,0,0.962456394780603
2009,5,25,22.9517288208008,0,15.8902403031243,0,2.35773341679982
2009,5,26,8.36194896697998,0,15.6569832340756,0,3.96372574418521
2009,5,27,2.08114361763001,0,5.54763136310794,0,2.96140429163263
2009,5,28,0.296247720718384,1.13686837721616e-13,1.19234940015303,0,2.27800330125587
2009,5,29,0.094915546476841,-1.13686837721616e-13,0.186785445373971,0,1.79962260799213
2009,5,30,5.96612844674382e-05,0,0.0563966724148486,0,1.42375206328492
2009,5,31,0.000782403920311481,0,0.000474180887977127,0,1.18456171665305
2009,6,1,0.00427178759127855,0,0.00287320450297557,0,0.974985412937511
2009,6,2,0.197684615850449,0,0.0793947109559667,0,0.8155251818496
2009,6,3,4.32100963592529,0,2.02606166915211,0,0.717571039895598
2009,6,4,11.6130104064941,0,7.77692403663968,0,1.13900165062793
2009,6,5,4.09741926193237,0,8.13842884995393,0,1.00687745915509
2009,6,6,0.00206448719836772,0,2.39661902296211,0,0.830332203307763
2009,6,7,0.872370898723602,0,0.435696511478454,0,0.682261988726132
2009,6,8,1.23418605327606,-1.13686837721616e-13,1.04836497228825,0,0.591141856675897
2009,6,9,0.551426231861115,1.13686837721616e-13,0.978465617103211,0,0.519384752686337
2009,6,10,9.11694240570068,0,4.6822214672502,0,0.527357764240733
2009,6,11,7.6599817276001,0,8.41481112744077,0,0.71073702999183
2009,6,12,1.72940969467163,0,4.91145973947278,0,0.963595396431231
2009,6,13,18.7784633636475,0,10.1452429243218,0,1.69711245943562
2009,6,14,13.8641662597656,0,16.3637532465145,0,2.55136369740657
2009,6,15,5.72066068649292,0,9.79979830492084,1.13686837721616e-13,2.88167417608867
2009,6,16,2.99707508087158,0,4.46220102479128,-1.13686837721616e-13,2.038812954624
2009,6,17,11.7006750106812,0,7.26950148915785,0,1.74267252546074
2009,6,18,4.4034379243385e-05,0,6.22877928768139,0,1.38958201376608
2009,6,19,0.00333967641927302,1.13686837721616e-13,0.00171992766991025,0,1.07863456314465
2009,6,20,0.00983121059834957,-2.27373675443232e-13,0.0070641815837007,0,0.87589226933288
2009,6,21,6.42474988126196e-05,1.13686837721616e-13,0.0037762694992125,0,0.733517063004389
2009,6,22,0.252531707286835,0,0.0964337198165595,0,0.620755899592223
2009,6,23,0.0467842854559422,0,0.132305882201763,0,0.536469777445756
2009,6,24,0.588740110397339,-1.13686837721616e-13,0.306132779936888,-1.13686837721616e-13,0.471546683359964
2009,6,25,1.04090619087219,1.13686837721616e-13,0.87298762096907,1.13686837721616e-13,0.418013605780451
2009,6,26,3.00516772270203,0,1.93085426284961,0,0.378148548008474
2009,6,27,0.127932757139206,0,2.03448890597065,0,0.343978498489636
2009,6,28,0.107589550316334,0,0.118538316339254,-1.13686837721616e-13,0.312086452272054
2009,6,29,0.417317658662796,0,0.315575781132793,1.13686837721616e-13,0.277916402753216
2009,6,30,2.36728358268738,0,1.28092708135955,0,0.26424838294568
2009,7,1,4.22977685928345,0,3.0939627323678,1.13686837721616e-13,0.258553374692541
2009,7,2,0.0307183898985386,0,2.43177000962169,-1.13686837721616e-13,0.230078333426842
2009,7,3,0.386779695749283,0,0.195849491581612,0,0.208437302064912
2009,7,4,0.220003351569176,-1.13686837721616e-13,0.32032233132486,0,0.194769282257377
2009,7,5,9.39790916442871,1.13686837721616e-13,4.65467343213095,0,0.187935272353609
2009,7,6,0.804417133331299,0,5.36596828752226,0,0.179962260799213
2009,7,7,0.0170675534754992,0,0.313086694142839,0,0.169711245943562
2009,7,8,0.101357907056808,1.13686837721616e-13,0.0529582297604065,0,0.159460231087911
2009,7,9,0.0366562083363533,-1.13686837721616e-13,0.059265530857374,0,0.149209216232259
2009,7,10,0.00778328394517303,0,0.0208864279920817,0,0.140097203027236
2009,7,11,0.139782816171646,0,0.0665560158231529,0,0.13212419147284
2009,7,12,0.766708016395569,0,0.511549229864613,0,0.127568184870328
2009,7,13,9.03820610046387,0,4.86349400786276,0,0.13781919972598
2009,7,14,14.1553945541382,0,11.3080898196567,0,0.301835437416402
2009,7,15,2.93097496032715,0,8.82612534364307,0,0.281333407705099
2009,7,16,9.16650009155273,-1.13686837721616e-13,5.77311240411655,0,0.250580363138145
2009,7,17,2.65322971343994,1.13686837721616e-13,5.99999186165951,0,0.248302359836889
2009,7,18,0.00483778538182378,0,1.41142771139857,0,0.215271311968679
2009,7,19,0.000270264834398404,0,0.0028601868179976,0,0.185657269052353
2009,7,20,1.28016352653503,0,0.747369597440411,0,0.166294240991678
2009,7,21,11.3904914855957,0,5.76146428667562,0,0.645813935906038
2009,7,22,20.8010711669922,0,15.9902901045061,0,1.26429183219701
2009,7,23,0.0156538560986519,0,10.4084647373384,0,0.790467145535785
2009,7,24,0.000535238184966147,0,0.00852213002508506,0,0.529635767541989
2009,7,25,0.0251082275062799,0,0.0112732918423717,1.13686837721616e-13,0.38042655130973
2009,7,26,0.156633660197258,0,0.0800488505046815,-1.13686837721616e-13,0.301835437416402
2009,7,27,0.997389078140259,-1.13686837721616e-13,0.46871845471469,-1.13686837721616e-13,0.257414373041913
2009,7,28,0.539227306842804,1.13686837721616e-13,0.721370020226459,1.13686837721616e-13,0.265387384596308
2009,7,29,3.49142146110535,0,1.99832306838653,0,0.238051344981238
2009,7,30,12.2387704849243,0,7.10223335401679,0,0.494326716372523
2009,7,31,19.9064769744873,0,16.0704795242564,0,1.56043226136027
2009,8,1,0.734133780002594,0,10.3357746321926,-1.13686837721616e-13,1.06041053673461
2009,8,2,4.61993217468262,0,2.64995524984261,1.13686837721616e-13,0.727822054751249
2009,8,3,2.21883940696716,0,3.47631814354099,0,0.536469777445756
2009,8,4,0.196186318993568,0,1.3005583613849,0,0.390677566165381
2009,8,5,3.73362016677856,0,1.83701019828732,-1.13686837721616e-13,0.298418432464518
2009,8,6,4.66157054901123,0,4.12039343007928,1.13686837721616e-13,0.23691234333061
2009,8,7,0.224776595830917,0,2.58669094376819,0,0.194769282257377
2009,8,8,0.0217363350093365,0,0.145558005140629,0,0.166294240991678
2009,8,9,0.0423334278166294,0,0.0302136318059638,0,0.142375206328492
2009,8,10,0.908689022064209,0,0.593920639563294,0,0.120734174966561
2009,8,11,15.7316112518311,0,7.77679061258095,0,0.109344158460282
2009,8,12,0.0393865518271923,0,8.24510149944399,0,0.107066155159026
2009,8,13,0.00120557507034391,0,0.0235697118405369,0,0.0956761386527464
2009,8,14,0.0139159224927425,0,0.00722227380174445,0,0.085425123797095
2009,8,15,0.00900906510651112,0,0.0119412485000794,0,0.0797301155439553
2009,8,16,0.0123065318912268,0,0.0109681712710881,0,0.0728961056401877
2009,8,17,3.31264567375183,0,1.60008591133374,0,0.0717571039895598
2009,8,18,8.0767297744751,0,5.48934343224391,1.13686837721616e-13,0.0785911138933274
2009,8,19,3.02712440490723,0,5.73972011212027,-1.13686837721616e-13,0.0649230940857922
2009,8,20,22.433464050293,0,10.4568504959243,0,0.0990931436046302
2009,8,21,18.6403255462647,0,20.5407918574128,0,0.218688316920563
2009,8,22,0.0279026534408331,0,9.54927707214665,0,0.24260735158375
2009,8,23,0.000543412170372903,1.13686837721616e-13,0.0145362734692753,0,0.222105321872447
2009,8,24,0.0108221797272563,-1.13686837721616e-13,0.00590754038421437,0,0.164016237690422
2009,8,25,0.00615943316370249,0,0.00813145693973638,0,0.126429183219701
2009,8,26,0.129288285970688,0,0.075672862920328,0,0.103649150207142
2009,8,27,0.101415373384953,1.13686837721616e-13,0.116865914802474,0,0.0888421287489788
2009,8,28,2.57964658737183,-1.13686837721616e-13,0.970352702526725,0,0.0785911138933274
2009,8,29,0.393046468496323,0,1.51144532562466,0,0.068340099037676
2009,8,30,0.0780581682920456,0,0.279511631568312,0,0.0626450907845363
2009,8,31,0.00130750006064773,0,0.0410029405902606,0,0.0569500825313966
2009,9,1,0.00178439414594322,0,0.00147101128823124,0,0.0523940759288849
2009,9,2,0.595243692398071,0,0.274749982723733,0,0.050116072627629
2009,9,3,5.4067325592041,0,2.90500127114501,-1.13686837721616e-13,0.0489770709770011
2009,9,4,2.2187716960907,0,3.92200139249326,1.13686837721616e-13,0.0558110808807687
2009,9,5,19.8885097503662,0,8.81794926879957,0,0.0763131105920715
2009,9,6,8.47595024108887,0,14.361142284899,0,0.216410313619307
2009,9,7,2.50053596496582,0,5.73423160506354,0,0.30866944732017
2009,9,8,0.134679988026619,0,1.4118393365352,0,0.212993308667423
2009,9,9,2.4907386302948,0,1.1393123074813,0,0.138958201376608
2009,9,10,27.4922370910645,0,14.9906775334166,0,0.140097203027236
2009,9,11,6.73648118972778,0,17.1145833358169,0,0.189074274004237
2009,9,12,0.0770551264286041,0,3.41321426588547,0,0.17654525584733
2009,9,13,4.63485908508301,0,2.33299492814695,0,0.179962260799213
2009,9,14,7.45961666107178,0,5.74557936019846,0,0.16515523934105
2009,9,15,10.1578807830811,0,8.83884446223965,0,0.17085024759419
2009,9,16,43.4121818542481,0,26.2709568130886,0,2.43746353234378
2009,9,17,31.2335834503174,0,37.3231907847658,0,7.35795066305645
2009,9,18,3.35066699981689,0,17.2926896473145,0,3.86121559562869
2009,9,19,4.49936962127686,0,3.84182359615079,0,2.56275371391285
2009,9,20,7.31925630569458,0,5.90808790942538,0,2.16410313619307
2009,9,21,4.43146991729736,0,5.95887161814608,0,2.20966320221819
2009,9,22,53.0841903686524,0,25.3662571331515,0,17.654525584733
2009,9,23,0.70680582523346,0,26.9480480369093,0,8.99811303996067
2009,9,24,2.3219039440155,0,1.45664744612441,0,4.3509863053987
2009,9,25,0.424175083637238,0,1.38686568791309,0,3.0866944732017
2009,9,26,0.00518511654809117,0,0.215310608153231,0,2.3121733507747
2009,9,27,0.0172807518392801,0,0.0108422190096462,0,1.77684257497958
2009,9,28,0.00336653226986527,0,0.0104520591194159,0,1.40097203027236
2009,9,29,0.00113528699148446,0,0.00227099535550224,0,1.10141459615721
2009,9,30,0.00117078074254096,0,0.00115251188981347,0,0.891838292441671
2009,10,1,0.137384191155434,0,0.0650147472333629,0,0.754019092715692
2009,10,2,2.22863173484802,0,0.962205707459361,0,0.657203952412317
2009,10,3,0.37309056520462,0,1.63404726891895,0,0.567222822012711
2009,10,4,0.662043452262878,0,0.481343377461599,0,0.502299727926918
2009,10,5,3.39058327674866,0,1.82148918080929,1.13686837721616e-13,0.451044653648661
2009,10,6,2.69914031028748,0,2.97782472819381,-1.13686837721616e-13,0.427125618985475
2009,10,7,12.1838636398315,0,7.38812120453804,0,0.411179595876684
2009,10,8,6.47467708587647,0,9.33023336451151,0,0.403206584322288
2009,10,9,74.6546859741211,0,40.1953396464887,0,6.23033902893479
2009,10,10,7.91770792007446,0,41.3081518380131,0,10.0232145255258
2009,10,11,0.158316165208817,0,4.20172364685277,0,4.48766650347406
2009,10,12,2.2519645690918,0,1.14061593729275,0,3.22337467127705
2009,10,13,15.1739091873169,0,8.71278803796304,1.13686837721616e-13,3.94094571117265
2009,10,14,18.1784610748291,0,16.6760906746131,-1.13686837721616e-13,8.82726279236648
2009,10,15,0.841262340545654,0,9.51045436218556,0,5.41025784048268
2009,10,16,0.035426564514637,0,0.45122398652893,0,3.94094571117265
2009,10,17,0.0247031301259995,0,0.0301185034331866,0,3.05252442368286
2009,10,18,0.0461069196462631,0,0.0340920012749848,0,2.44885354885006
2009,10,19,0.00128931074868888,0,0.0243461403224501,0,2.038812954624
2009,10,20,0.000820693443529308,0,0.0010597967193462,1.13686837721616e-13,1.74267252546074
2009,10,21,0.798900127410889,0,0.375969908629486,0,1.48070214581631
2009,10,22,16.7256870269775,0,8.10171366761642,-1.13686837721616e-13,1.40097203027236
2009,10,23,20.4684791564941,0,18.5967415322157,0,2.80194406054472
2009,10,24,0.0629548877477646,0,10.2673943625632,0,2.93862425862007
2009,10,25,0.235233426094055,0,0.148322030014242,0,2.32356336728098
2009,10,26,14.1117334365845,0,6.63675310553663,0,2.35773341679982
2009,10,27,10.3063688278198,0,12.2090708618634,0,3.21198465477077
2009,10,28,3.21160197257996,0,6.77269300078478,0,3.54229513345287
2009,10,29,10.3010950088501,0,6.72929061202012,0,3.73592541405962
2009,10,30,49.6520767211914,0,26.7597522651704,0,35.0812508393403
2009,10,31,0.669758379459381,0,25.1859306370316,0,11.9595173315933
2009,11,1,0.000506785698235035,0,0.335381887118274,0,6.24172904544107
2009,11,2,0.000272310659056529,0,0.000392870817449875,0,4.55600660251173
2009,11,3,0.00102562934625894,0,0.000609635309956502,0,3.66758531502194
2009,11,4,0.000566562637686729,0,0.000813256949186325,0,3.01835437416402
2009,11,5,3.60206649929751e-06,0,0.000289054478344042,0,2.55136369740657
2009,11,6,6.64268372929655e-05,0,3.21382467518561e-05,0,2.19827318571191
2009,11,7,0.00229866523295641,1.13686837721616e-13,0.00103614298132015,0,1.95908283908004
2009,11,8,0.0134792709723115,-1.13686837721616e-13,0.00643435420352034,0,1.74267252546074
2009,11,9,0.00556015316396952,0,0.0101339714019559,0,1.54904224485399
2009,11,10,0.00105914229061455,0,0.00402364310866687,0,1.40097203027236
2009,11,11,0.0188007671386004,0,0.00884580849378835,0,1.26429183219701
2009,11,12,5.58805595574086e-06,0,0.0105928235352621,0,1.15039166713421
2009,11,13,0.0306362807750702,0,0.0174374642592738,0,1.05585453013209
2009,11,14,0.0854524970054627,0,0.0517266441456741,0,0.982958424491906
2009,11,15,0.616848409175873,0,0.278221412685525,0,0.916896328755486
2009,11,16,29.960054397583,0,15.2876632570187,0,3.17781460525193
2009,11,17,2.90948033332825,0,16.4376430040356,0,4.00928581021032
2009,11,18,0.388500511646271,0,1.66299195872125,0,2.88167417608867
2009,11,19,0.217488437891006,0,0.305939387784747,0,2.3121733507747
2009,11,20,0.0369775854051113,0,0.146492222811503,0,1.95908283908004
2009,11,21,0.411631047725678,0,0.203290610283148,0,1.71989249244818
2009,11,22,0.125347569584847,0,0.281571727711707,0,1.54904224485399
2009,11,23,0.304378390312195,1.13686837721616e-13,0.20724334652914,0,1.40097203027236
2009,11,24,3.25652885437012,-1.13686837721616e-13,1.5516402850626,0,1.29846188171584
2009,11,25,0.649878978729248,0,1.98012887052028,0,1.27568184870328
2009,11,26,2.43716422119178e-05,0,0.212457786845334,0,1.20734174966561
2009,11,27,8.56517508509569e-05,0,5.19864915986545e-05,0,1.09571958790407
2009,11,28,1.32998764001968e-06,0,4.72755345981568e-05,0,1.01826747566137
2009,11,29,0.161234870553017,0,0.0714446936399327,0,0.967012401383115
2009,11,30,3.7078127861023,0,1.64992244471796,0,0.933981353514905
2009,12,1,0.250227808952332,0,2.28292698100995,0,0.890699290791043
2009,12,2,0.38167342543602,0,0.309964640466205,0,0.846278226416554
2009,12,3,1.88585793972015,0,1.09397689385514,0,0.807552170295204
2009,12,4,0.273173362016678,0.0656292247604142,1.03758841108356,0,0.758575099318203
2009,12,5,0.0280040092766285,0.0757971514708515,0.07551456647343,-1.13686837721616e-13,0.707320025039946
2009,12,6,0.124015875160694,0.00920972999028891,0.0665853432001313,1.13686837721616e-13,0.668593968918597
2009,12,7,1.75175285339355,0.00135366939343839,0.936146493324486,1.13686837721616e-13,0.645813935906038
2009,12,8,1.71984302997589,0,1.73681768157985,0.086007488752216,0.640118927652898
2009,12,9,8.0535249710083,0,4.88654412468168,-2.27373675443232e-13,0.695930008533667
2009,12,10,0.0321853533387184,0.0143697015336102,4.45789099086687,-1.13686837721616e-13,0.804135165343321
2009,12,11,0.151347443461418,0.0668952459552656,0.0236539238103433,0,0.772243119125739
2009,12,12,0.0522124581038952,0.052796683641418,0.0502051842413493,0,0.713015033293086
2009,12,13,0.998287439346313,0,0.46529310731421,0.184509041322485,0.692513003581783
2009,12,14,0.00897916965186596,0,0.555852873476397,0,0.697069010184295
2009,12,15,3.56952514266595e-05,0,0.00402099116763566,0,0.684539992027388
2009,12,16,0.000226976670091972,1.07067457975063e-05,0.000127709106891416,0,0.65036994250855
2009,12,17,0.0016926706302911,1.10529890662292e-05,0.000869067283929326,0,0.616199892989712
2009,12,18,0.00430569564923644,0,0.00266221770289121,0,0.596836864929037
2009,12,19,5.95520359638613e-05,0,0.00206116877961904,0,0.590002855025269
2009,12,20,0.00236727762967348,0,0.000961981000727974,0,0.579751840169618
2009,12,21,0.0010620973771438,0,0.00178132748987991,0,0.561527813759571
2009,12,22,0.192139655351639,1.13686837721616e-13,0.110086125911039,0,0.544442789000152
2009,12,23,3.58172798156738,-2.27373675443232e-13,1.5324587153882,0,0.537608779096384
2009,12,24,30.7130451202393,1.13686837721616e-13,17.1433782346721,0,0.896394299044183
2009,12,25,12.7347621917725,0,21.759492019446,0,4.10040594226056
2009,12,26,0.182042315602303,0.0621946149094583,6.42196651655831,0,3.71314538104706
2009,12,27,0.215734973549843,0.127011994971781,0.0726706943605677,0,2.73360396150704
2009,12,28,2.58572435379028,0.660912508185334,0.738061348645715,0,2.19827318571191
2009,12,29,0.170343488454819,0.614817990756933,0.78577654077526,0,1.84518267401725
2009,12,30,1.00013113021851,0.00672238620188637,0.567442489045789,0,1.62877236039794
2009,12,31,0.59097021818161,0,0.803984895443136,0,1.50348217882887
2010,1,1,0.100423462688923,0.0181374514023673,0.338639206092921,0,1.3781919972598
2010,1,2,0.0840041637420654,0.0466118838988905,0.0460702227064758,1.13686837721616e-13,1.23012178267817
2010,1,3,2.69903612136841,1.33993550970979,0.0142600202016183,-1.13686837721616e-13,1.12761163412165
2010,1,4,1.82761597633362,2.27272826089495,0,0,1.05129852352958
2010,1,5,0.0556109361350536,1.00673265697594,0,0,0.965873399732487
2010,1,6,0.0115477703511715,0.0347728506247904,0,0,0.883865280887276
2010,1,7,0.0839190557599068,0.0555520922639516,0,0,0.836027211560903
2010,1,8,0.014222658239305,0.0508638354230016,0,1.13686837721616e-13,0.787050140583902
2010,1,9,0.00506163807585836,0.0104729834764612,0,-1.13686837721616e-13,0.717571039895598
2010,1,10,0.0960285291075706,0.060056471480948,0,0,0.649230940857922
2010,1,11,0.000114751048386097,0.0508479665187451,4.04753882321529e-05,0,0.625311906194735
2010,1,12,0.0646384134888649,1.80199488113431e-05,0.0241765425525955,0,0.612782888037828
2010,1,13,0.000109838692878839,-1.13686837721616e-13,0.0334724334752536,0,0.604809876483432
2010,1,14,0.132641673088074,1.13686837721616e-13,0.0649808640955598,1.63249622340913,0.593419859977153
2010,1,15,3.35956025123596,0,1.70472609500575,4.75672246340855,0.595697863278409
2010,1,16,0.0647580847144127,0,1.77780246884504,0.209170234351404,0.604809876483432
2010,1,17,1.28869783878326,0,0.559312925994163,0,0.60594887813406
2010,1,18,0.0633727535605431,0,0.752884674133384,0,0.595697863278409
2010,1,19,0.0891388282179833,0,0.0743931884280755,0,0.57291783026585
2010,1,20,4.47838973999023,0,2.1594069298153,0,0.556971807157059
2010,1,21,21.7552356719971,0,13.0700198703053,0,2.01603292161144
2010,1,22,2.02467370033264,0,11.9073215776516,0,2.98418432464518
2010,1,23,2.38796448707581,0,2.17383182435151,0,2.28939331776215
2010,1,24,20.7153053283691,-1.13686837721616e-13,10.825176383114,0,4.56739661901801
2010,1,25,0.0559707321226597,1.13686837721616e-13,10.4505429393539,0,4.74963688311848
2010,1,26,0.00199069548398256,0,0.0297714214539155,0,3.40561493537752
2010,1,27,0.0208740234375,0,0.0111827643559081,0,2.68804389548192
2010,1,28,1.87345218658447,0,0.85277961158863,-1.13686837721616e-13,2.26661328474959
2010,1,29,15.019871711731,3.51955644518546,4.91409358064993,1.13686837721616e-13,2.19827318571191
2010,1,30,11.8110761642456,9.409336280606,4.02147294663882,-4.54747350886464e-13,2.12993308667423
2010,1,31,0.0491667054593563,7.06581572733285,0.00358827813761309,0,1.85657269052353
2010,2,1,0.0476666241884232,0.0309064657326417,0.0175481937039876,0,1.7654525584733
2010,2,2,0.354992419481277,0.0113913354732631,0.173228993749945,0,1.82240264100469
2010,2,3,0.458687365055084,0,0.396219744099653,0,2.19827318571191
2010,2,4,2.16516137123108,0,1.2710550760894,0.116465712856325,2.63109381295053
2010,2,5,17.7473373413086,-1.13686837721616e-13,9.17020581809629,0.134666346654171,5.25079760939477
2010,2,6,1.33484268188477,0,9.87477212090744,0.0274343925445919,6.46952937556666
2010,2,7,0.136653736233711,0,0.823716972685361,0.0327963174345314,5.09133737830686
2010,2,8,12.1357164382935,0.194772284264445,5.7793069100735,0,4.28264620636103
2010,2,9,6.25469589233398,3.30880584073248,5.90520890993503,0,3.7473154305659
2010,2,10,0.0572583600878716,3.38228035712621,0,0,3.14364455573309
2010,2,11,0.0516736023128033,0.0472416125556947,0.00733951073198114,0,2.73360396150704
2010,2,12,0.104205243289471,0.0218432995282001,0.0546793786415947,0,2.49441361487517
2010,2,13,0.0358124449849129,0.0032551257202158,0.0718376590957632,0.0585327179726392,2.32356336728098
2010,2,14,0.0357675701379776,0,0.0357922365656123,0.0755846809438481,2.26661328474959
2010,2,15,0.0709184482693672,0.0226118536953663,0.0262182879669126,1.13686837721616e-13,2.19827318571191
2010,2,16,0.152122646570206,0.120893652693326,0.00344564751139842,-1.13686837721616e-13,2.01603292161144
2010,2,17,8.95822540769586e-06,0.0631120212369751,4.28132625529543e-06,0,1.84518267401725
2010,2,18,0.00171119696460664,8.48165996103489e-07,0.00083072084817104,0.290663829942446,1.69711245943562
2010,2,19,0.00178713141940534,-1.13686837721616e-13,0.00174895011878107,2.68649415511436,1.58321229437283
2010,2,20,0.0110929571092129,0,0.00642483060801169,6.35699072026944,1.51487219533515
2010,2,21,3.41003227233887,0,1.63725777030049,8.1512691472883,1.7085024759419
2010,2,22,15.6933755874634,0,9.45617245441827,5.3121686270174,4.19152607431079
2010,2,23,1.12116014957428,0.0509129693052728,8.35989163508202,1.06724940334323,3.61063523249055
2010,2,24,0.00110498932190239,0.0524122574843204,0.522805415639596,0,2.87028415958239
2010,2,25,8.08443146524951e-05,0.000181578973069918,0.000324872649798635,0,2.4260735158375
2010,2,26,0.0020389761775732,1.46049993645647e-05,0.00102066683757585,0.376292877213928,2.12993308667423
2010,2,27,2.69480242423015e-05,0,0.00106147581391269,1.54991658181268,1.91352277305493
2010,2,28,0.000109357628389262,0,6.79457298247144e-05,1.17728483386247,1.71989249244818
2010,3,1,0.08627799898386,0,0.0408994668759988,0,1.54904224485399
2010,3,2,0.0320121087133884,0,0.0624789657304063,0,1.42375206328492
2010,3,3,0.00271019898355007,0,0.0175200532321469,0,1.29846188171584
2010,3,4,3.26402187056374e-06,0,0.00147712415491696,0,1.19595173315933
2010,3,5,1.9881945263478e-05,0,1.13289643195458e-05,0,1.1048316011091
2010,3,6,0.000106552768556867,0,6.11171999480575e-05,0,1.02510148556514
2010,3,7,2.92518416245002e-05,0,6.83158577885479e-05,-1.13686837721616e-13,0.954483383226208
2010,3,8,0.459860533475876,0,0.246845865862269,1.13686837721616e-13,0.902089307297323
2010,3,9,6.79300498962402,0,3.40348338918557,0,0.885004282537904
2010,3,10,0.322001516819,0,3.56216986116488,0,0.910062318851718
2010,3,11,4.1057620048523,0,2.72588923851436,0,0.943093366719928
2010,3,12,0.199916929006577,0,2.78493834226538,0,0.924869340309882
2010,3,13,0.585130572319031,0,0.392277545004617,0,0.865641254477229
2010,3,14,0.0552808493375778,0,0.361305344129505,0,0.82122019010274
2010,3,15,0.00770810665562749,0,0.0367928170671803,0,0.779077129029506
2010,3,16,0.000743022013921291,0,0.00445103011588799,0,0.731239059703133
2010,3,17,0.0112041709944606,0,0.00525661930441856,0,0.690235000280527
2010,3,18,0.0167414080351591,0,0.0146116251708008,1.13686837721616e-13,0.664037962316085
2010,3,19,0.000280369800748304,0,0.00717749159230152,-1.13686837721616e-13,0.64467493425541
2010,3,20,2.33953452110291,0,1.06288137813681,0,0.634423919399759
2010,3,21,25.7061939239502,-5.6843418860808e-13,10.617945931619,0,3.29171477031473
2010,3,22,15.3609561920166,-2.27373675443232e-13,20.9417761514487,4.54747350886464e-13,7.64270107571343
2010,3,23,0.0635143369436264,-1.13686837721616e-13,7.71494642930338,0,7.0504202173869
2010,3,24,0.428460896015167,0,0.238553036870144,0,5.0685573452943
2010,3,25,16.0760231018066,-1.13686837721616e-13,8.23732793045929,0,7.00486015136179
2010,3,26,7.33056163787842,1.13686837721616e-13,11.7109964802294,0,9.00950305646695
2010,3,27,0.239661604166031,0,3.81016479094978,0,5.4558179065078
2010,3,28,5.14571666717529,0,2.65728115117236,0,4.63573671805569
2010,3,29,1.16648852825165,0,3.89290690931375,0,3.6903653480345
2010,3,30,0.000148780076415278,0,0.710403330871486,0,3.04113440717658
2010,3,31,0.000192019768292084,-1.13686837721616e-13,0.000170228806382511,0,2.59692376343169
2010,4,1,0.0146399866789579,1.13686837721616e-13,0.00683957547880709,0,2.23244323523075
2010,4,2,3.81478118896484,1.13686837721616e-13,1.74031522041332,0,1.97047285558632
2010,4,3,27.0501098632813,-1.13686837721616e-13,15.4071278340562,0,4.71546683359964
2010,4,4,0.104290790855885,0,13.6041800297899,0,5.01160726276291
2010,4,5,1.43404161930084,0,0.78598101712123,0,3.65619529851566
2010,4,6,0.00337836798280478,0,0.776123434123292,0,3.01835437416402
2010,4,7,0.0880761966109276,0,0.0427770136666368,0,2.58553374692541
2010,4,8,0.306338399648666,0,0.181718854284554,0,2.19827318571191
2010,4,9,0.000172972009750083,0,0.147460462707386,0,1.86796270702981
2010,4,10,7.04258036421379e-06,0,5.86783644394018e-05,0,1.64016237690422
2010,4,11,2.23587812797632e-05,1.13686837721616e-13,1.46854217746295e-05,0,1.44653209629747
2010,4,12,5.42917905477225e-06,-1.13686837721616e-13,1.1785035894718e-05,0,1.29846188171584
2010,4,13,4.06610524805728e-06,0,4.80152084492147e-06,0,1.18456171665305
2010,4,14,0.000128466679598205,0,7.7486147347372e-05,0,1.07180055324088
2010,4,15,0.000538386986590922,0,0.000303897628327832,-1.13686837721616e-13,0.970429406334999
2010,4,16,0.010286433622241,0,0.00598269231704762,1.13686837721616e-13,0.885004282537904
2010,4,17,0.635355830192566,0,0.265517742351221,0,0.820081188452112
2010,4,18,0.631518483161926,0,0.633268098186818,0,0.798440157090181
2010,4,19,1.65474820137024,0,1.0556740799002,0,0.747185082811924
2010,4,20,0.133478298783302,0,0.763255556485092,0,0.689095998629899
2010,4,21,0.0619991905987263,0,0.0936425244799466,0,0.642396930954154
2010,4,22,0.173285454511642,0,0.121044632687699,0,0.604809876483432
2010,4,23,0.409076869487762,0,0.290314970210602,0,0.582029843470874
2010,4,24,25.2302169799805,0,9.02689834910416,0,0.957900388178092
2010,4,25,12.4352293014526,0,18.8495611701146,0,1.44653209629747
2010,4,26,0.148095339536667,0,6.55150336856605,0,1.11166561101286
2010,4,27,0.830747842788696,0,0.484818539269327,0,0.869058259429113
2010,4,28,0.00157477788161486,0,0.388825919420924,-1.13686837721616e-13,0.718710041546226
2010,4,29,0.00084402592619881,0,0.0011172673330293,1.13686837721616e-13,0.625311906194735
2010,4,30,2.1453320980072,0,0.985380869176879,0,0.561527813759571
2010,5,1,19.3541564941406,0,10.6538180116913,0,0.75515809436632
2010,5,2,6.50567007064819,0,12.9318944972692,0,1.02396248391451
2010,5,3,3.62418246269226,0,5.15784222788352,0,0.851973234669694
2010,5,4,0.195019155740738,0,1.95168645043304,0,0.681122987075504
2010,5,5,0.0149701246991754,0,0.109682669521135,0,0.571778828615222
2010,5,6,0.00049944530474022,0,0.00881501641561044,0,0.498882722975035
2010,5,7,0.0129901869222522,0,0.00546105141984299,0,0.445349645395522
2010,5,8,0.00651353923603892,0,0.00909480592235923,0,0.400928581021032
2010,5,9,1.62462735176086,0,0.706110652783536,0,0.365619529851566
2010,5,10,24.3270969390869,0,12.4228651004814,-1.13686837721616e-13,0.386121559562869
2010,5,11,9.05082416534424,0,16.6918425705953,1.13686837721616e-13,0.57291783026585
2010,5,12,0.478074640035629,0,5.42578071486059,0,0.649230940857922
2010,5,13,0.376382946968079,0,0.431107514406904,0,0.583168845121502
2010,5,14,11.3385925292969,0,4.81653737546731,0,0.517106749385081
2010,5,15,34.5662727355957,0,22.3712205415286,0,2.02742293811772
2010,5,16,4.89739942550659,0,19.7392477848844,0,5.21662755987593
2010,5,17,8.85446834564209,0,6.85177293956076,0,5.31913770843245
2010,5,18,0.29067450761795,0,4.57702685946424,0,3.3600548693524
2010,5,19,2.75926828384399,0,1.49201796937268,0,2.27800330125587
2010,5,20,41.7386474609375,-1.13686837721616e-13,22.0043630835862,0,8.65641254477229
2010,5,21,2.99196767807007,1.13686837721616e-13,22.3658530917965,0,9.68151403033743
2010,5,22,0.138856023550034,0,1.58371693010849,-1.13686837721616e-13,4.37376633841126
2010,5,23,0.00762930558994412,0,0.0786897469952237,1.13686837721616e-13,2.93862425862007
2010,5,24,0.0487861670553684,0,0.0277223742523347,0,2.14132310318051
2010,5,25,1.5177253484726,0,0.778011594746204,-1.13686837721616e-13,1.6515523934105
2010,5,26,7.60457038879395,0,4.51960459037946,1.13686837721616e-13,1.74267252546074
2010,5,27,2.26524639129639,0,5.09475091976492,0,1.50348217882887
2010,5,28,0.909892737865448,0,1.63394063155283,0,1.23012178267817
2010,5,29,0.00976057257503271,0,0.549677002949466,0,1.00232145255258
2010,5,30,1.1219916343689,0,0.510909180418821,0,0.830332203307763
2010,5,31,2.88109135627747,0,1.65146625932539,0,0.752880091065064
2010,6,1,1.10296547412872,0,2.24153742631461,0,0.791606147186413
2010,6,2,0.0699043273925781,0,0.686385429435177,0,0.662898960665457
2010,6,3,3.95504879951477,0,1.85449622020678,0,0.550137797253292
2010,6,4,0.462239384651184,0,2.32485889129021,-1.13686837721616e-13,0.46812967840808
2010,6,5,0.187397912144661,0,0.355327789715375,1.13686837721616e-13,0.404345585972916
2010,6,6,0.0164837203919888,0,0.0889874383647111,0,0.355368514995915
2010,6,7,2.64225459098816,0,1.1817052365077,0,0.315503457223937
2010,6,8,3.07347679138184,0,2.79369742330164,0,0.296140429163263
2010,6,9,0.0220601577311754,0,1.59637534561625,0,0.281333407705099
2010,6,10,1.23250639438629,0,0.44901086804748,0,0.255136369740657
2010,6,11,27.154275894165,0,14.1760454250034,0,0.627589909495991
2010,6,12,8.17726421356201,0,17.665865685638,0,1.82240264100469
2010,6,13,0.582430303096771,0,4.64470995268493,0,0.930564348563021
2010,6,14,1.01627945899963,0,0.796000991569599,-1.13686837721616e-13,0.667454967267969
2010,6,15,2.20359039306641,0,1.62926428124047,1.13686837721616e-13,0.487492706468755
2010,6,16,1.3445155620575,0,1.75246654608054,0,0.379287549659102
2010,6,17,7.17077398300171,0,4.02733928174712,0,0.316642458874565
2010,6,18,2.12926959991455,0,4.68437928756612,0,0.285889414307611
2010,6,19,0.783668637275696,0,1.36596494148398,0,0.263109381295053
2010,6,20,3.56153869628906,0,2.1493880769267,0,0.23121733507747
2010,6,21,0.447132229804993,0,2.12236444882001,0,0.201603292161144
2010,6,22,0.000411636458011344,0,0.260131314185855,0,0.178823259148585
2010,6,23,0.000416341907111928,0,0.000414430753153283,0,0.158321229437283
2010,6,24,0.711994767189026,1.13686837721616e-13,0.342793611576781,1.13686837721616e-13,0.141236204677864
2010,6,25,5.65707874298096,-1.13686837721616e-13,3.02673822321958,-1.13686837721616e-13,0.129846188171584
2010,6,26,2.83695912361145,0,4.27960347432236,0,0.120734174966561
2010,6,27,7.84818315505981,0,4.93183739599044,0,0.109344158460282
2010,6,28,9.84334087371826,1.13686837721616e-13,8.66850333698676,0,0.10478815185777
2010,6,29,1.04225611686707,-1.13686837721616e-13,5.48713297740324,0,0.100232145255258
2010,6,30,0.112845838069916,0,0.596602414116205,0,0.0933981353514905
2010,7,1,6.04342312726658e-05,0,0.0435284620471066,0,0.085425123797095
2010,7,2,0.000502028153277934,0,0.000317738726153038,0,0.0797301155439553
2010,7,3,0.0609794892370701,0,0.0273379351347103,0,0.0740351072908156
2010,7,4,1.83348977565765,0,0.659014795921394,0,0.0706181023389318
2010,7,5,0.719738185405731,0,1.3192751147435,0,0.067201097387048
2010,7,6,4.13152408599854,0,2.32604333465861,0,0.068340099037676
2010,7,7,12.532567024231,0,7.73142194304091,0,0.0774521122426994
2010,7,8,6.5537600517273,0,9.72136029857938,0,0.0808691171945832
2010,7,9,15.4912595748901,0,10.934017738713,0,0.100232145255258
2010,7,10,11.8975267410278,0,13.7527003318464,0,0.101371146905886
2010,7,11,4.70595932006836,0,8.50976378060295,0,0.105927153508398
2010,7,12,19.8566837310791,0,12.276527160182,0,0.14351420797912
2010,7,13,45.5071029663086,0,32.660497596451,0,0.944232368370556
2010,7,14,2.12715601921082,0,23.8178338376456,0,1.59460231087911
2010,7,15,0.789532244205475,0,1.38458353414171,0,1.05357652683084
2010,7,16,16.4354515075684,1.13686837721616e-13,8.5822203318603,0,2.47163358186261
2010,7,17,1.8319993019104,-1.13686837721616e-13,9.16205379800522,0,2.73360396150704
2010,7,18,1.81856334209442,0,1.82703505697282,0,1.69711245943562
2010,7,19,0.572496592998505,0,1.20255048602121,0,1.07977356479528
2010,7,20,0.0342720560729504,0,0.30738734028273,0,0.761992104270087
2010,7,21,0.142142221331596,0,0.0846919172254275,0,0.576334835217734
2010,7,22,0.0134926550090313,0,0.0868879892514087,0,0.457878663552429
2010,7,23,0.00740422168746591,0,0.00994793128484162,0,0.375870544707218
2010,7,24,0.379491597414017,0,0.189371586544439,0,0.317781460525193
2010,7,25,0.483312666416168,0,0.44462320432649,0,0.276777401102588
2010,7,26,4.43584251403809,0,2.26895997814427,0,0.246024356535634
2010,7,27,3.60626149177551,0,3.87656815335504,0,0.228939331776215
2010,7,28,0.590658605098724,0,2.1592564400562,0,0.234634340029354
2010,7,29,0.921781301498413,0,0.707433054572903,0,0.195908283908004
2010,7,30,1.09206390380859,0,1.00242839742714,0,0.175406254196702
2010,7,31,0.00035546999424696,0,0.672582302991941,0,0.159460231087911
2010,8,1,0.158942118287086,0,0.0894611870826338,0,0.144653209629747
2010,8,2,0.126451581716537,-1.13686837721616e-13,0.143444824381731,0,0.130985189822212
2010,8,3,0.0166624803096056,1.13686837721616e-13,0.0558089661717531,0,0.119595173315933
2010,8,4,0.00797760020941496,0,0.0126438016304746,0,0.109344158460282
2010,8,5,0.603123128414154,0,0.211754214622488,0,0.103649150207142
2010,8,6,5.65714073181152,0,2.95517830097378,-1.13686837721616e-13,0.11048316011091
2010,8,7,3.72052764892578,0,4.78608329000417,1.13686837721616e-13,0.102510148556514
2010,8,8,3.34799790382385,0,3.5786240299276,0,0.0956761386527464
2010,8,9,3.17127728462219,0,3.24535131538141,0,0.0922591337008626
2010,8,10,0.424504637718201,0,1.87896236362576,1.13686837721616e-13,0.0911201320502346
2010,8,11,0.527727961540222,0,0.488474528145162,-1.13686837721616e-13,0.0865641254477229
2010,8,12,0.684152245521545,1.13686837721616e-13,0.601573431114957,1.13686837721616e-13,0.0820081188452112
2010,8,13,0.486595869064331,-1.13686837721616e-13,0.564956763897499,-1.13686837721616e-13,0.0774521122426994
2010,8,14,0.802202045917511,0,0.634548271853419,0,0.0740351072908156
2010,8,15,0.0639663115143776,0,0.356665785555379,0,0.0706181023389318
2010,8,16,0.0176123026758432,1.13686837721616e-13,0.0419549049183843,0,0.068340099037676
2010,8,17,0.0144289936870337,-1.13686837721616e-13,0.0156818236064282,0,0.0660620957364201
2010,8,18,0.0362421944737434,-1.13686837721616e-13,0.0238688795798225,0,0.0649230940857922
2010,8,19,0.00103790278080851,1.13686837721616e-13,0.0175477671655244,0,0.0615060891339084
2010,8,20,0.0161628667265177,0,0.00589424237114145,0,0.0580890841820246
2010,8,21,0.586029529571533,0,0.271875654172618,0,0.0558110808807687
2010,8,22,5.15629577636719,0,2.73492601513135,0,0.0546720792301408
2010,8,23,0.00807351619005203,-1.13686837721616e-13,2.92385216615367,-1.13686837721616e-13,0.0523940759288849
2010,8,24,1.01404630186153e-05,1.13686837721616e-13,0.00517442161799409,1.13686837721616e-13,0.051255074278257
2010,8,25,0.00304077402688563,0,0.00138875708944397,1.13686837721616e-13,0.050116072627629
2010,8,26,1.80180549591569e-07,0,0.00139075335027883,0,0.0478380693263732
2010,8,27,2.86630239543229e-08,0,-4.71955063403584e-05,0,0.0466990676757452
2010,8,28,0.00947991386055946,0,0.00468625649955357,-1.13686837721616e-13,0.0455600660251173
2010,8,29,0.0406127981841564,0,0.018042285249976,0,0.0444210643744894
2010,8,30,1.82965564727783,0,0.926642065656779,0,0.0432820627238614
2010,8,31,6.64393663406372,-1.13686837721616e-13,2.907983975565,-1.13686837721616e-13,0.0410040594226056
2010,9,1,3.84383726119995,1.13686837721616e-13,5.35338600200339,1.13686837721616e-13,0.0410040594226056
2010,9,2,29.7271747589111,0,15.5312063165838,0,0.0410040594226056
2010,9,3,12.5959692001343,1.13686837721616e-13,21.1690001249663,1.13686837721616e-13,0.0410040594226056
2010,9,4,0.077805906534195,-1.13686837721616e-13,6.47863753153069,-1.13686837721616e-13,0.0410040594226056
2010,9,5,1.194558283535e-15,0,0.0411922802522895,0,0.0421430610732335
2010,9,6,1.98117072613968e-06,0,8.70088115334511e-07,0,0.0410040594226056
2010,9,7,8.90968704223633,0,4.34476483061007,0,0.0478380693263732
2010,9,8,36.1001205444336,0,22.4910567961051,0,0.0546720792301408
2010,9,9,54.8681755065918,0,45.4838888256709,0,0.130985189822212
2010,9,10,30.7214202880859,0,42.8056450524455,0,3.88399562864125
2010,9,11,9.23854541778564,0,19.9868439368802,0,1.71989249244818
2010,9,12,0.981892108917236,-2.27373675443232e-13,5.67486299016309,0,0.945371370021184
2010,9,13,0.0651224106550217,0,0.547442599490751,0,0.623033902893479
2010,9,14,5.67818593978882,0,2.50757640112715,0,0.461295668504313
2010,9,15,10.4782133102417,0,7.60261328308843,0,0.384982557912241
2010,9,16,3.60872268676758,0,7.61312297305994,1.13686837721616e-13,0.373592541405962
2010,9,17,0.360565751791,0,2.29919966520538,-1.13686837721616e-13,0.367897533152822
2010,9,18,0.334147304296494,0,0.349278197660169,0,0.30866944732017
2010,9,19,0.422793060541153,0,0.375856391350681,0,0.259692376343169
2010,9,20,0.0032164950389415,0,0.233451067382703,0,0.222105321872447
2010,9,21,0.00501692527905107,-1.13686837721616e-13,0.00398469553329051,0,0.192491278956121
2010,9,22,0.00702467793598771,2.27373675443232e-13,0.00489836218912387,0,0.17085024759419
2010,9,23,1.5987696647644,-1.13686837721616e-13,0.0786770652557607,0,0.152626221184143
2010,9,24,7.53111934661865,0,4.85813658302504,0,0.145792211280375
2010,9,25,5.41375970840454,0,6.50544473776972,0,0.136680198075352
2010,9,26,0.540639340877533,0,3.14672859074199,0,0.128707186520956
2010,9,27,0.0387822799384594,0,0.324144146878098,0,0.120734174966561
2010,9,28,0.0896896421909332,0,0.0613953960273648,0,0.112761163412165
2010,9,29,0.00840125326067209,0,0.0610928070964292,0,0.103649150207142
2010,9,30,3.96741427266534e-07,0,0.00391512921487447,0,0.0968151403033743
2010,10,1,5.61572014703415e-05,0,2.44321054196917e-05,0,0.0899811303996067
2010,10,2,3.76136013073847e-05,0,4.52638269052841e-05,0,0.085425123797095
2010,10,3,0.00363664655014873,-1.13686837721616e-13,0.00163800352311227,0,0.0808691171945832
2010,10,4,4.83791460226257e-08,1.13686837721616e-13,0.00151711342914496,0,0.0774521122426994
2010,10,5,3.19672750492828e-07,1.13686837721616e-13,1.64996890816838e-07,1.13686837721616e-13,0.0740351072908156
2010,10,6,0.00169223919510841,-1.13686837721616e-13,0.000954561401158571,-1.13686837721616e-13,0.0717571039895598
2010,10,7,0,-1.13686837721616e-13,0.000997158029349521,0,0.0694791006883039
2010,10,8,2.54846952429944e-07,1.13686837721616e-13,1.38730683829635e-07,0,0.067201097387048
2010,10,9,1.05419829310449e-07,0,1.96800101548433e-07,0,0.0649230940857922
2010,10,10,0.000333541742293164,0,0.000173513071786147,0,0.0626450907845363
2010,10,11,0.226112827658653,0,0.0810245186294196,0,0.0626450907845363
2010,10,12,0.526439487934113,0,0.366961978259496,-1.13686837721616e-13,0.0615060891339084
2010,10,13,0.288656264543533,0,0.367553304233297,1.13686837721616e-13,0.0580890841820246
2010,10,14,0.0204033590853214,0,0.162855599119212,0,0.0558110808807687
2010,10,15,2.75381989922607e-06,0,0.00651982987619704,0,0.0535330775795128
2010,10,16,2.53094952995525e-07,0,1.64549419423565e-06,0,0.0523940759288849
2010,10,17,0,0,9.20408638194203e-08,0,0.051255074278257
2010,10,18,0.101967751979828,0,0.0459489665518049,0,0.050116072627629
2010,10,19,7.64829969406128,0,3.43612251518061,0,0.051255074278257
2010,10,20,0.952900648117065,0,4.61960242730129,0,0.050116072627629
2010,10,21,0.00015769935271237,0,0.527888979195268,-1.13686837721616e-13,0.0489770709770011
2010,10,22,0.00293463678099215,0,0.001836772687966,1.13686837721616e-13,0.0489770709770011
2010,10,23,0.105773381888866,0,0.0472683238767786,0,0.050116072627629
2010,10,24,4.05699110031128,0,2.01922815077705,0,0.050116072627629
2010,10,25,0.17595137655735,0,2.39995150717732,1.13686837721616e-13,0.050116072627629
2010,10,26,5.07736682891846,0,2.54575474670128,-1.13686837721616e-13,0.0535330775795128
2010,10,27,0.0118652377277613,0,2.87644369711052,0,0.0489770709770011
2010,10,28,9.38752098278428e-09,0,0.00561460641620215,0,0.0489770709770011
2010,10,29,5.31203768332489e-05,0,3.34194919560105e-05,0,0.0489770709770011
2010,10,30,0.0022115393076092,0,0.00137694419390755,0,0.0489770709770011
2010,10,31,0.158351600170136,0,0.0757077455127728,0,0.0466990676757452
2010,11,1,0.386530578136444,0,0.228436001336377,0,0.0466990676757452
2010,11,2,4.06228256225586,0,2.07867350299057,0,0.0466990676757452
2010,11,3,0.0489682555198669,0,2.42739033490216,0,0.0455600660251173
2010,11,4,0.0733902603387833,0,0.0304663568385877,0,0.0455600660251173
2010,11,5,0.000232166625210084,0,0.0444361543050036,0,0.0466990676757452
2010,11,6,0.000836042454466224,0,-0.00081173877697438,0,0.0466990676757452
2010,11,7,3.70909328921698e-05,0,0.000287366565316916,0,0.0466990676757452
2010,11,8,0.000232446953305043,0,0.000201370865397621,0,0.0466990676757452
2010,11,9,3.6347220884636e-05,0,-0.00086530019325437,0,0.0466990676757452
2010,11,10,0.0424579791724682,0,0.0088874327702797,0,0.0466990676757452
2010,11,11,0.0256635788828135,0,0.0368342458314146,0,0.0478380693263732
2010,11,12,0.117240451276302,0,0.0240115001652157,0,0.0478380693263732
2010,11,13,0.912742614746094,0,0.296520232652256,0,0.0478380693263732
2010,11,14,0.0648480132222176,0,0.739047325201682,0,0.0478380693263732
2010,11,15,0.271741420030594,0,-0.0319839608346229,0,0.0478380693263732
2010,11,16,5.79917764663696,0,1.46083295824064,0,0.051255074278257
2010,11,17,2.17585253715515,0,5.07289966829558,0,0.050116072627629
2010,11,18,2.41980075836182,0,2.28316367052321,0,0.050116072627629
2010,11,19,0.0629515573382378,0,1.95235376677738,0,0.050116072627629
2010,11,20,0.0224179346114397,0,0.0518421668748488,0,0.051255074278257
2010,11,21,0.144731566309929,0,0.0319136256948696,0,0.051255074278257
2010,11,22,0.738361179828644,0,0.0944085012888536,0,0.0523940759288849
2010,11,23,7.48225450515747,0,2.08784654110059,0,0.0546720792301408
2010,11,24,7.12017726898193,0,7.41028629885113,0,0.0546720792301408
2010,11,25,15.3696622848511,0,11.1234547469066,0,0.0785911138933274
2010,11,26,12.6376104354858,1.13686837721616e-13,14.0074667020526,-1.13686837721616e-13,0.0706181023389318
2010,11,27,0.00281505775637925,-1.13686837721616e-13,6.45258218552044,-1.13686837721616e-13,0.0694791006883039
2010,11,28,0.000151301079313271,0,0.00153706499986583,0,0.084286122146467
2010,11,29,1.19551014900208,0,0.709657052771945,0,0.142375206328492
2010,11,30,11.7104377746582,0,6.32436095053708,0,0.151487219533515
2010,12,1,0.0180759783834219,-1.13686837721616e-13,5.92826859575143,0,0.17085024759419
2010,12,2,0,0,0.00903950238716789,0.00277482023705034,0.184518267401725
2010,12,3,4.4574451749213e-05,0,2.04028547159396e-05,0,0.167433242642306
2010,12,4,0.00484412955120206,0,0.0027218412651564,0,0.159460231087911
2010,12,5,0.000191397339222021,-1.13686837721616e-13,0.00259507943701465,-1.13686837721616e-13,0.153765222834771
2010,12,6,0.000278245774097741,3.31508306317119e-05,0.000198892041225918,1.13686837721616e-13,0.138958201376608
2010,12,7,2.20693764276803e-05,3.562667825463e-05,0.000115288668894209,0,0.127568184870328
2010,12,8,0.00123002554755658,0,0.000521473142725881,0.000267245537884264,0.117317170014677
2010,12,9,0.000310269824694842,0,0.000675879949994851,0,0.111622161761537
2010,12,10,0.0672929286956787,0,0.0347023280046415,0,0.105927153508398
2010,12,11,0.742928802967072,0,0.395179901890515,0,0.103649150207142
2010,12,12,1.51836264133453,0.0037708104422336,1.07939180637186,0,0.0968151403033743
2010,12,13,0.0392367504537106,0.0238625420494145,0.757490587871871,0,0.0933981353514905
2010,12,14,0,0.0207899653552204,0,0,0.0888421287489788
2010,12,15,0.0825196579098702,0,0.0322250485987752,0,0.085425123797095
2010,12,16,0.00322599546052516,0,0.0428817851206986,0.0601770715938983,0.0831471204958391
2010,12,17,0.00231755641289055,0,0.00279097474412993,0,0.0820081188452112
2010,12,18,0.0658067837357521,0,0.0338379375971272,0,0.0785911138933274
2010,12,19,8.80807533576444e-07,0,0.0332355239515891,0.00047239778518815,0.0763131105920715
2010,12,20,0.021856440231204,0,0.0112365618915646,1.13686837721616e-13,0.0740351072908156
2010,12,21,0.00324048195034266,0,0.0101691525487695,-1.13686837721616e-13,0.0740351072908156
2010,12,22,0.0241678319871426,0,0.0142045475076884,-1.13686837721616e-13,0.0717571039895598
2010,12,23,0.00302158016711473,0,0.0167768332757987,1.13686837721616e-13,0.0694791006883039
2010,12,24,0.627156734466553,0,0.300938827022037,0,0.0706181023389318
2010,12,25,1.2778582572937,0.028728612428381,0.911105781597144,0,0.068340099037676
2010,12,26,0.15174113214016,0.0791385431914478,0.636710110360582,0,0.067201097387048
2010,12,27,0.000532185775227845,0.0496657560315725,0.0267143110759207,-1.13686837721616e-13,0.0660620957364201
2010,12,28,1.42108726501465,0.000230481974085706,0.697028265407425,1.13686837721616e-13,0.0649230940857922
2010,12,29,10.6739311218262,-1.13686837721616e-13,6.01652662128618,0.186969079804612,0.0717571039895598
2010,12,30,8.71364498138428,0,9.6938047937947,0,0.067201097387048
2010,12,31,4.62640953063965,0,6.71555713115959,0,0.0717571039895598
2011,1,1,5.24710416793823,0,4.91394891186792,1.13686837721616e-13,0.068340099037676
2011,1,2,6.54663526802324e-05,1.44924765663745e-05,2.6401464497103,-1.13686837721616e-13,0.120734174966561
2011,1,3,0.0400781407952309,1.45947301462002e-05,0.0200433485661051,0.00665013312880092,0.214132310318051
2011,1,4,0.00012620295456145,0,0.0207702642437653,0,0.218688316920563
2011,1,5,0.0048446748405695,0,0.00294146042142529,0,0.215271311968679
2011,1,6,0.000168576152645983,0,0.00211440495331772,0,0.206159298763656
2011,1,7,2.0369910998852e-05,0,0.000100041906989645,0,0.192491278956121
2011,1,8,1.54767021740554e-05,0,1.85540120583028e-05,0,0.184518267401725
2011,1,9,0.0484404973685741,0.0159448746217095,0.00826021230750484,0,0.17654525584733
2011,1,10,1.94343400001526,0.851219073525385,0.139463818020886,0,0.17085024759419
2011,1,11,0.420053452253342,1.06334530134541,0.134714264640934,0,0.159460231087911
2011,1,12,0.000685945036821067,0.226976760313846,0,0,0.145792211280375
2011,1,13,0.000543582020327449,0.000617995169363894,0,0,0.136680198075352
2011,1,14,8.62465531099588e-05,0.000315264383402791,2.55049089901149e-05,0,0.129846188171584
2011,1,15,0.000299187900964171,1.68983143566948e-05,0.000157059344928712,0.867237817967521,0.124151179918445
2011,1,16,0.000295314384857193,0,0.000297347287414596,1.46359693246848,0.120734174966561
2011,1,17,0.0805113539099693,0,0.0481148000108078,0,0.117317170014677
2011,1,18,1.11779797077179,0,0.646890017436817,0,0.116178168364049
2011,1,19,0.00809455011039972,0,0.573999983607791,0,0.112761163412165
2011,1,20,3.95790243148804,0.655858507976632,1.2263160657385,0,0.113900165062793
2011,1,21,2.4827926158905,1.92874857141942,1.29668021245743,0,0.111622161761537
2011,1,22,0.036816943436861,1.27815891097055,0.00888263869273942,0,0.11048316011091
2011,1,23,0.300129175186157,0.00937064516324426,0.158436748213717,0,0.11048316011091
2011,1,24,1.15098083019257,0,0.631787256221287,0.0417721585160962,0.108205156809654
2011,1,25,0.86861777305603,-1.13686837721616e-13,1.03113152088918,0.0616783024582901,0.107066155159026
2011,1,26,0.00211335415951908,1.13686837721616e-13,0.479825576352596,0.134246952357444,0.107066155159026
2011,1,27,0.00156412331853062,0,0.00184712051122915,1.4545733642143,0.107066155159026
2011,1,28,0.242767602205277,0,0.112120492100075,2.14923137150038,0.109344158460282
2011,1,29,0.000375639036064968,0,0.0925915595362312,0,0.112761163412165
2011,1,30,0.00546778598800302,0,0.00350514002639102,0,0.117317170014677
2011,1,31,0.049550648778677,0,0.0187702612165594,0,0.121873176617189
2011,2,1,13.5330429077148,0,6.78099108694005,0,0.158321229437283
2011,2,2,23.1295967102051,11.4957032061301,6.80694877417409,0,0.318920462175821
2011,2,3,0.258505403995514,13.3278111547285,0,0,0.50685573452943
2011,2,4,0.558121621608734,0.396668571544865,0,0,0.509133737830686
2011,2,5,7.29894304275513,2.58685498773457,0.943250796342909,0,0.449905651998033
2011,2,6,1.44521939754486,2.7616623418661,1.81678639023448,0,0.420291609081707
2011,2,7,6.03239250183106,-2.27373675443232e-13,3.46065207316133,0,0.411179595876684
2011,2,8,1.0482531785965,0.41658567050365,3.1383469656721,1.13686837721616e-13,0.431681625587987
2011,2,9,5.86207675933838,3.32319775982921,0.106208870027331,-1.13686837721616e-13,0.46812967840808
2011,2,10,11.32204246521,8.45507727191102,0,0,0.480658696564988
2011,2,11,0.0745808705687523,5.76944766984923,0,-1.13686837721616e-13,0.43509863053987
2011,2,12,0.201905429363251,0.044544094849357,0.0813155981159071,0,0.40206758267166
2011,2,13,0.000145999423693866,0,0.102958931718604,3.64848498499043,0.430542623937359
2011,2,14,9.85012156888843e-05,0,0.000122867662867066,8.60616217482016,0.669732970569225
2011,2,15,0.0156638417392969,0,0.00735417166288244,9.91542193543091,1.16178168364049
2011,2,16,0.076964445412159,0,0.0462191217375221,10.5525289424234,1.38958201376608
2011,2,17,0.136038929224014,0,0.104335210213321,12.7096145403909,1.3212419147284
2011,2,18,0.372816026210785,0,0.254014952792204,3.87940427859621,1.10597060275972
2011,2,19,0.311276137828827,0,0.342608991908492,0,0.900950305646695
2011,2,20,0.0126504758372903,0,0.168824782864249,0,0.747185082811924
2011,2,21,0.0895691886544228,0,0.0423722871782957,0,0.648091939207294
2011,2,22,0.78885954618454,0,0.397577907235245,0,0.577473836868362
2011,2,23,0.479661107063294,0,0.625684816084686,-1.13686837721616e-13,0.517106749385081
2011,2,24,14.804591178894,0,5.99273569515208,1.13686837721616e-13,0.767687112523227
2011,2,25,24.2211437225342,-1.02318153949454e-12,19.4862777615999,0,3.4170049518838
2011,2,26,0.243197828531265,-2.27373675443232e-13,12.2556092224622,0,2.67665387897564
2011,2,27,0.439498692750931,0,0.338544304213428,0,1.86796270702981
2011,2,28,10.8526620864868,0,5.59202724741772,0,1.84518267401725
2011,3,1,2.29486513137817,0,6.60984888730309,0,2.22105321872447
2011,3,2,0.0021965280175209,0,1.07796063074784,0,1.75406254196702
2011,3,3,0.000149175495607778,0,0.00119650850683684,0,1.40097203027236
2011,3,4,2.58359456062317,0,1.13157165695884,0,1.18456171665305
2011,3,5,12.3866453170776,0,7.47856192684412,0,1.61738234389166
2011,3,6,0.0411879979074001,0,6.21610641777079,0,1.92491278956121
2011,3,7,0.000249256991082802,0,0.0207551840212545,0,1.54904224485399
2011,3,8,0.701854765415192,0,0.308354136905109,0,1.3212419147284
2011,3,9,9.69920921325684,0,5.05788248919271,0,2.12993308667423
2011,3,10,0.0565124303102493,0,4.91722020642919,0,1.86796270702981
2011,3,11,0.000109821463411208,0,0.0260236769172479,0,1.49209216232259
2011,3,12,0.00184282928239554,1.13686837721616e-13,0.000965970546531025,1.13686837721616e-13,1.26429183219701
2011,3,13,2.24700927734375,-1.13686837721616e-13,1.07500704070844,-1.13686837721616e-13,1.09913659285596
2011,3,14,17.4351978302002,0,9.84051010305848,0,1.34402194774096
2011,3,15,3.04205203056335,0,10.2444156855781,1.13686837721616e-13,2.68804389548192
2011,3,16,0.720825612545013,-1.13686837721616e-13,2.01895080515533,-1.13686837721616e-13,2.24383325173703
2011,3,17,0.205292582511902,1.13686837721616e-13,0.474342383015028,-1.13686837721616e-13,1.77684257497958
2011,3,18,0.00642067939043045,0,0.109708112555381,1.13686837721616e-13,1.48070214581631
2011,3,19,0.0674562752246857,-1.13686837721616e-13,0.0337105857979623,0,1.24151179918445
2011,3,20,0.013634430244565,1.13686837721616e-13,0.0483984562451951,0,1.04446451362581
2011,3,21,0.00088645052164793,0,0.00743275923741749,0,0.894116295742927
2011,3,22,0.00479585397988558,0,0.00317822254874045,0,0.775660124077622
2011,3,23,0.0128294443711638,0,0.00708353802474449,0,0.679983985424876
2011,3,24,0.00831742864102125,0,0.0108999242511345,0,0.588863853374641
2011,3,25,0.601670026779175,1.13686837721616e-13,0.330435714058694,0,0.50685573452943
2011,3,26,7.08026742935181,0,3.31374120783585,1.13686837721616e-13,0.58430784677213
2011,3,27,4.49835729598999,-1.13686837721616e-13,5.83558272111259,-1.13686837721616e-13,0.924869340309882
2011,3,28,0.697721838951111,0,2.61358442631172,1.13686837721616e-13,1.00346045420321
2011,3,29,1.40923917293549,0,1.12211874751665,-1.13686837721616e-13,0.872475264380997
2011,3,30,6.85940933227539,0,4.13194951923651,0,0.897533300694811
2011,3,31,1.72248542308807,0,4.33088296411734,-1.13686837721616e-13,0.981819422841278
2011,4,1,5.92720460891724,0,3.80955855308275,0,0.985236427793162
2011,4,2,0.0855988934636116,0,3.04420925452723,1.13686837721616e-13,1.05243752518021
2011,4,3,1.09580934047699,0,0.583633148664376,0,0.98637542944379
2011,4,4,9.01834774017334,0,4.78951187335042,0,1.6515523934105
2011,4,5,2.97840666770935,0,6.04674426680867,0,2.72221394500076
2011,4,6,1.70174862432759e-05,0,1.59718001048168,0,2.12993308667423
2011,4,7,0.0474142841994762,0,0.0216964314167853,0,1.66294240991678
2011,4,8,0.0536851733922958,0,0.0505313027169905,0,1.38958201376608
2011,4,9,0.73757815361023,0,0.342285185019136,0,1.17317170014677
2011,4,10,2.02822494506836,0,1.35897612793633,0,1.00573845750446
2011,4,11,28.4183673858643,0,15.1831529897245,0,1.49209216232259
2011,4,12,1.0265908241272,0,14.727822995148,0,5.04577731228174
2011,4,13,2.69836300503812e-06,0,0.437929430045187,0,2.82472409355727
2011,4,14,1.2667121887207,0,0.632128550052585,0,2.05020297113028
2011,4,15,29.8673782348633,0,12.213981796951,0,5.76334835217734
2011,4,16,0.514793932437897,0,15.2145359692295,0,6.26450907845363
2011,4,17,0.00140493270009756,0,0.279546437537647,0,3.49673506742775
2011,4,18,0.0261136125773191,0,0.0134390664388775,0,2.56275371391285
2011,4,19,0.282873094081879,0,0.146982893405948,0,2.02742293811772
2011,4,20,1.67468047142029,0,0.908680992717564,0,1.67433242642306
2011,4,21,1.77527689933777,0,1.71915278103552,0,1.3781919972598
2011,4,22,12.1407880783081,0,6.95313921195339,0,1.20734174966561
2011,4,23,18.7046489715576,0,15.2776713564017,0,1.41236204677864
2011,4,24,36.2564735412598,0,27.3513328258559,0,12.7568184870328
2011,4,25,83.7227630615234,-1.13686837721616e-12,59.8914604663005,0,50.116072627629
2011,4,26,62.2523040771484,-4.54747350886464e-13,73.0549386210623,0,62.5311906194735
2011,4,27,16.6303005218506,0,39.4420759149871,0,20.38812954624
2011,4,28,10.401762008667,0,13.5180347352652,0,14.9209216232259
2011,4,29,0.293220400810242,0,5.57612841010268,-1.13686837721616e-13,8.00718160391437
2011,4,30,0.206389471888542,0,0.259721505593916,1.13686837721616e-13,5.67222822012711
2011,5,1,7.97515773773193,0,3.90284314327437,0,5.15967747734454
2011,5,2,63.831974029541,-2.27373675443232e-13,31.1330667507209,-5.6843418860808e-13,31.6642458874565
2011,5,3,16.0009326934814,0,42.3327827006433,0,20.0464290510516
2011,5,4,0.0627727955579758,1.13686837721616e-13,8.11640290512878,0,9.8068042119065
2011,5,5,0.120183892548084,0,0.087367893269402,0,6.3897992600227
2011,5,6,4.73847961425781,0,2.41867061486846,0,5.07994736180058
2011,5,7,0.786713480949402,0,2.82489797871676,0,4.12318597527312
2011,5,8,0.29485347867012,0,0.612167658786348,0,3.39422491887124
2011,5,9,0.486225187778473,0,0.389255718881032,0,2.81333407705099
2011,5,10,0.21033863723278,0,0.361049392311543,0,2.35773341679982
2011,5,11,0.00709575181826949,0,0.109585919926758,0,1.9818628720926
2011,5,12,1.28704428672791,-1.13686837721616e-13,0.604311979601334,0,1.71989249244818
2011,5,13,27.8407955169678,1.13686837721616e-13,14.4962524401635,0,3.3600548693524
2011,5,14,1.03252470493317,-1.13686837721616e-13,14.4424595316377,0,3.00696435765774
2011,5,15,5.46899791515898e-05,1.13686837721616e-13,0.534211588950711,0,2.23244323523075
2011,5,16,0.00161951372865587,0,0.000877183651027735,0,1.81101262449841
2011,5,17,1.45798921948881e-05,0,0.0008678832964506,0,1.53765222834771
2011,5,18,0.0582465454936028,-1.13686837721616e-13,0.0264295032902737,-1.13686837721616e-13,1.3212419147284
2011,5,19,0.0512715615332127,1.13686837721616e-13,0.0553934682684485,1.13686837721616e-13,1.17317170014677
2011,5,20,13.4006319046021,0,6.51740403477015,0,1.42375206328492
2011,5,21,57.871452331543,0,35.4968140523197,0,16.2877236039794
2011,5,22,6.88851976394653,0,32.3801502354472,0,8.12108176897716
2011,5,23,21.8727512359619,0,13.0137939382184,0,5.96836864929037
2011,5,24,41.3010025024414,0,31.5868653123616,-1.13686837721616e-13,16.0599232738539
2011,5,25,7.56196546554565,0,24.4317749825786,1.13686837721616e-13,9.74985412937511
2011,5,26,2.01902914047241,1.13686837721616e-13,5.25577063130913,0,5.97975866579665
2011,5,27,0.0224602706730366,-1.13686837721616e-13,1.02796401429077,0,4.41932640443638
2011,5,28,0.727518260478973,0,0.374125725669728,0,3.55368514995915
2011,5,29,0.00420273933559656,0,0.377131806963007,0,2.91584422560751
2011,5,30,0.00253344606608152,-1.13686837721616e-13,0.00339298315520864,0,2.33495338378726
2011,5,31,0.000398698961362243,1.13686837721616e-13,0.0014101295164437,0,1.85657269052353
2011,6,1,0.00820786971598864,0,0.00364448903565062,0,1.51487219533515
2011,6,2,0.000118556243251078,0,0.00460168594872812,0,1.26429183219701
2011,6,3,0.00609755655750632,0,0.00272608755767578,0,1.07293955489151
2011,6,4,0.000173528998857364,0,0.00347768898063805,0,0.911201320502346
2011,6,5,0.0403016172349453,0,0.0214314955082955,0,0.78249413398139
2011,6,6,0.0518047735095024,0,0.0443368517007912,0,0.684539992027388
2011,6,7,0.0253063626587391,0,0.039708639102173,0,0.602531873182176
2011,6,8,0.00728501379489899,0,0.0135206584818661,0,0.533052772493873
2011,6,9,0.000211534410482273,0,0.00380825391039252,0,0.470407681709336
2011,6,10,0.0110892551019788,0,0.00698144721536664,0,0.418013605780451
2011,6,11,2.28445219993591,0,1.1291628112449,0,0.383843556261613
2011,6,12,5.89367771148682,1.13686837721616e-13,3.91301277618186,0,0.58430784677213
2011,6,13,3.39473271369934,-1.13686837721616e-13,4.80312217579922,1.13686837721616e-13,0.543303787349524
2011,6,14,0.119015984237194,0,1.81133223981306,-1.13686837721616e-13,0.419152607431079
2011,6,15,2.79014039039612,0,1.30175886808865,0,0.356507516646543
2011,6,16,0.636611998081207,0,1.86171743366867,0,0.315503457223937
2011,6,17,7.60890007019043,0,4.05035777985177,0,0.305252442368286
2011,6,18,1.86159491539001,0,4.93044042237307,0,0.291584422560751
2011,6,19,1.10388040542603,0,1.52686200184689,1.13686837721616e-13,0.272221394500076
2011,6,20,0.0194682162255049,0,0.60019875800208,-2.27373675443232e-13,0.241468349933122
2011,6,21,1.73720169067383,0,0.666639789422334,1.13686837721616e-13,0.212993308667423
2011,6,22,0.138241410255432,0,1.0600838381215,0,0.191352277305493
2011,6,23,0.0135153662413359,0,0.0832243917757296,0,0.175406254196702
2011,6,24,1.81941592693329,0,0.845406222433667,1.13686837721616e-13,0.164016237690422
2011,6,25,0.0945102050900459,0,1.02346965661127,-1.13686837721616e-13,0.152626221184143
2011,6,26,0.300670892000198,0,0.185831710456114,0,0.14351420797912
2011,6,27,1.56294798851013,1.13686837721616e-13,0.802567032027582,1.13686837721616e-13,0.134402194774096
2011,6,28,9.33261966705322,-1.13686837721616e-13,5.19808045134414,-1.13686837721616e-13,0.13781919972598
2011,6,29,12.9559497833252,0,11.036293112913,0,0.140097203027236
2011,6,30,0.133101850748062,0,6.54838229402958,0,0.13781919972598
2011,7,1,0.227567404508591,0,0.17901453118975,0,0.125290181569073
2011,7,2,0.0746447369456291,0,0.130410277030023,0,0.115039166713421
2011,7,3,3.63048553466797,0,1.58180877022096,0,0.107066155159026
2011,7,4,1.60581076145172,0,2.7267019044084,0,0.101371146905886
2011,7,5,0.785257995128632,0,1.17215514530835,0,0.100232145255258
2011,7,6,0.0903313159942627,0,0.552432398733799,0,0.0945371370021184
2011,7,7,2.73899674415588,0,1.26582839282491,0,0.0922591337008626
2011,7,8,1.1078292131424,0,2.00390120186785,0,0.0922591337008626
2011,7,9,0.147300407290459,0,0.7658033090338,0,0.0877031270983508
2011,7,10,0.289854466915131,1.13686837721616e-13,0.244525107402296,0,0.085425123797095
2011,7,11,0.00221109203994274,-1.13686837721616e-13,0.183371838960738,0,0.0808691171945832
2011,7,12,0.146473005414009,0,0.102870316099143,0,0.0774521122426994
2011,7,13,4.33863401412964,0,1.56671902327071,0,0.0763131105920715
2011,7,14,8.12574291229248,0,6.24565656841151,0,0.0774521122426994
2011,7,15,1.73028826713562,0,5.09422472232109,0,0.0740351072908156
2011,7,16,0.0251344945281744,0,1.02604042977327,0,0.0717571039895598
2011,7,17,0.135276764631271,0,0.0896495116103324,0,0.068340099037676
2011,7,18,0.011510357260704,0,0.0895153219680651,0,0.0649230940857922
2011,7,19,0.000268254894763231,0,0.00628431640507188,0,0.0603670874832804
2011,7,20,1.41863365570316e-05,0,-0.0019257943786215,0,0.0580890841820246
2011,7,21,0.0193145014345646,0,-0.0377366774046095,0,0.0558110808807687
2011,7,22,0.470753371715546,0,0.041915131470887,0,0.0558110808807687
2011,7,23,2.54777884483337,0,1.53106402567937,0,0.0558110808807687
2011,7,24,3.14661884307861,0,3.103598882808,0,0.0546720792301408
2011,7,25,0.976592838764191,0,2.06858154429938,0,0.0535330775795128
2011,7,26,0.0722921490669251,0,0.494812494434882,0,0.0546720792301408
2011,7,27,0.000202953233383596,0,0.0332719452126185,0,0.0535330775795128
2011,7,28,0.0201697815209627,0,0.00812699943344342,0,0.0523940759288849
2011,7,29,0.116079464554787,0,0.0589498753251974,0,0.0523940759288849
2011,7,30,1.49247229099274,0,0.666467402559647,0,0.051255074278257
2011,7,31,2.12202978134155,0,1.78716435228853,0,0.050116072627629
2011,8,1,2.16669034957886,0,2.16007848109439,0,0.0489770709770011
2011,8,2,0.44285187125206,0,1.48267765118362,0,0.0466990676757452
2011,8,3,0.266491383314133,0,0.317167143628467,0,0.0455600660251173
2011,8,4,0.287055879831314,0,0.268984477130289,0,0.0432820627238614
2011,8,5,3.8827486038208,0,1.7174785222378,0,0.0432820627238614
2011,8,6,0.692172050476074,0,2.64785491734074,0,0.0421430610732335
2011,8,7,1.76793646812439,0,1.08527417754522,0,0.0410040594226056
2011,8,8,3.04900717735291,0,2.35702981436043,0,0.0398650577719777
2011,8,9,26.9741230010986,0,15.0425097055922,0,0.0478380693263732
2011,8,10,15.4482126235962,0,21.2124752528762,0,0.0444210643744894
2011,8,11,17.4482841491699,0,16.4466587142815,0,0.0523940759288849
2011,8,12,10.6105432510376,0,14.1672106640399,0,0.0569500825313966
2011,8,13,15.5512323379517,0,13.0515260591928,-1.13686837721616e-13,0.0603670874832804
2011,8,14,0.299638241529465,0,7.94504263747513,1.13686837721616e-13,0.0660620957364201
2011,8,15,1.80913245677948,0,1.11086908355355,0,0.0922591337008626
2011,8,16,1.75510621070862,0,1.78653508487332,0,0.13781919972598
2011,8,17,1.44593226909637,0,1.62387885731732,-1.13686837721616e-13,0.148070214581631
2011,8,18,2.69189786911011,0,2.00446412189194,1.13686837721616e-13,0.135541196424724
2011,8,19,1.13388073444366,0,1.92553364892228,0,0.120734174966561
2011,8,20,1.29211986064911,1.13686837721616e-13,1.21090653186548,0,0.109344158460282
2011,8,21,10.2103900909424,-1.13686837721616e-13,5.45971910774824,0,0.261970379644425
2011,8,22,1.61976408958435,0,6.10956167334371,0,0.523940759288849
2011,8,23,0.934381663799286,0,1.3136990720086,0,0.333727483633984
2011,8,24,7.24894094467163,0,4.04474089748692,0,0.251719364788773
2011,8,25,0.928013384342194,0,4.18763493275037,0,0.191352277305493
2011,8,26,0,0,0.550289066268306,0,0.151487219533515
2011,8,27,3.50622997302708e-07,0,1.29446561913937e-07,0,0.127568184870328
2011,8,28,0.00021155338617973,0,0.000129120351630263,0,0.111622161761537
2011,8,29,0.243630185723305,0,0.113260167483531,0,0.0990931436046302
2011,8,30,0.0344007089734077,0,0.167863448798016,0,0.0888421287489788
2011,8,31,0.0509402416646481,0,0.0426065469655441,0,0.0820081188452112
2011,9,1,0.00414850050583482,0,0.0338491837901529,0,0.0785911138933274
2011,9,2,0.0325132794678211,0,0.0179453021846712,0,0.084286122146467
2011,9,3,1.88323485851288,0,0.671347345232789,0,0.0820081188452112
2011,9,4,0.0291091911494732,0,1.02814730499085,1.13686837721616e-13,0.0717571039895598
2011,9,5,0.000507348333485425,0,0.0100940342890681,-1.13686837721616e-13,0.067201097387048
2011,9,6,0.00134082790464163,0,0.000919031801458914,0,0.0626450907845363
2011,9,7,0.00282123358920217,0,0.0019041647828999,0,0.0580890841820246
2011,9,8,1.2346362165346e-17,0,0.00136184995790245,0,0.0558110808807687
2011,9,9,0.000208660567295738,0,7.55331202526577e-05,0,0.0535330775795128
2011,9,10,0.652363777160645,0,0.310488141229143,0,0.0523940759288849
2011,9,11,0.261232972145081,0,0.388498769476428,0,0.051255074278257
2011,9,12,2.00467275135452e-06,0,0.13709796150215,-1.13686837721616e-13,0.050116072627629
2011,9,13,0.0911848470568657,0,0.0306253212984302,1.13686837721616e-13,0.0478380693263732
2011,9,14,0.431500196456909,0,0.240079265080567,1.13686837721616e-13,0.0466990676757452
2011,9,15,0.449777364730835,0,0.442881096016208,-1.13686837721616e-13,0.0455600660251173
2011,9,16,2.5094211101532,0,1.3613374948327,0,0.0455600660251173
2011,9,17,7.62582015991211,0,5.01875087879307,0,0.0466990676757452
2011,9,18,22.701738357544,0,13.3302371625978,0,0.0466990676757452
2011,9,19,28.4742641448975,0,25.5785169357041,0,0.0523940759288849
2011,9,20,0.0721639320254326,-1.13686837721616e-13,14.273722551523,-1.13686837721616e-13,0.177684257497958
2011,9,21,0.28791007399559,1.13686837721616e-13,0.159225924326165,1.13686837721616e-13,0.162877236039794
2011,9,22,9.46545600891113,0,4.66050954165257,1.13686837721616e-13,0.127568184870328
2011,9,23,8.5233736038208,0,9.03538959039724,-1.13686837721616e-13,0.105927153508398
2011,9,24,0.0395852327346802,0,4.41753799495928,0,0.102510148556514
2011,9,25,0.111836977303028,0,0.0726262718089856,0,0.109344158460282
2011,9,26,1.33644497394562,-1.13686837721616e-13,0.624964316950354,-1.13686837721616e-13,0.100232145255258
2011,9,27,0.00282163335941732,1.13686837721616e-13,0.473182243316842,1.13686837721616e-13,0.0922591337008626
2011,9,28,7.03532236911997e-08,0,0.00120988334674621,0,0.0877031270983508
2011,9,29,0,0,3.62269929610193e-08,0,0.0820081188452112
2011,9,30,0.000240578505326994,0,0.000154333203681745,0,0.0763131105920715
2011,10,1,3.38461092486142e-10,0,0.000135748981847428,0,0.0740351072908156
2011,10,2,3.08338705679034e-08,0,2.01471266336739e-08,0,0.0706181023389318
2011,10,3,0.0022239584941417,0,0.00110598994069733,0,0.067201097387048
2011,10,4,2.7129937185677e-10,0,0.000820370914880186,0,0.0615060891339084
2011,10,5,0,0,1.38243194669485e-10,0,0.0580890841820246
2011,10,6,4.30382186777933e-07,0,2.64262780547142e-07,0,0.0569500825313966
2011,10,7,0.000910002447199076,1.13686837721616e-13,0.000420519361796323,1.13686837721616e-13,0.0558110808807687
2011,10,8,3.30598936670867e-06,-1.13686837721616e-13,0.000371089066902641,-1.13686837721616e-13,0.0546720792301408
2011,10,9,8.62499655340798e-05,0,3.93156296922825e-05,0,0.0523940759288849
2011,10,10,0.0399643965065479,0,0.0227695286812377,0,0.051255074278257
2011,10,11,1.43192768096924,0,0.733826085197507,0,0.050116072627629
2011,10,12,10.2156972885132,0,5.14836620312417,1.13686837721616e-13,0.0523940759288849
2011,10,13,12.8280792236328,0,11.7185041167468,-1.13686837721616e-13,0.0535330775795128
2011,10,14,0.0493812896311283,0,6.47333319070458,0,0.050116072627629
2011,10,15,0,0,0.0292052191143739,0,0.0523940759288849
2011,10,16,8.36829006090056e-09,0,4.49654180556536e-09,0,0.0535330775795128
2011,10,17,0.23029126226902,0,0.0858746788144345,0,0.0546720792301408
2011,10,18,13.0891714096069,0,6.65758977826044,0,0.0603670874832804
2011,10,19,1.1833518743515,0,7.13658336477965,0,0.0569500825313966
2011,10,20,0.000895900360774249,0,0.558622465876397,0,0.0558110808807687
2011,10,21,0.000570640608202666,-1.13686837721616e-13,0.000762210431275889,0,0.0546720792301408
2011,10,22,0.094520777463913,1.13686837721616e-13,0.0548443626976223,1.13686837721616e-13,0.0558110808807687
2011,10,23,7.35932493209839,0,2.42728166636516,-1.13686837721616e-13,0.0558110808807687
2011,10,24,0.118296392261982,0,4.84056091992534,0,0.0546720792301408
2011,10,25,0.00673708505928516,0,0.085411817592103,0,0.0535330775795128
2011,10,26,0.247967436909676,0,0.164625054443604,0,0.0546720792301408
2011,10,27,7.80615520477295,0,3.48610874731821,0,0.0615060891339084
2011,10,28,14.4961395263672,1.13686837721616e-13,11.1501445871909,1.13686837721616e-13,0.0615060891339084
2011,10,29,0.0226626209914684,-1.13686837721616e-13,7.25994408620318,-1.13686837721616e-13,0.0569500825313966
2011,10,30,0.00223240023478866,0,0.0109824437022326,0,0.0580890841820246
2011,10,31,1.70508651642365e-09,0,0.00114947087422479,0,0.0637840924351642
2011,11,1,4.01621764467564e-05,0,1.82907824637368e-05,0,0.0694791006883039
2011,11,2,0.516081035137177,0,0.342679136629158,0,0.0706181023389318
2011,11,3,8.59060573577881,0,4.31342883684556,0,0.0763131105920715
2011,11,4,0.107031017541885,0,4.36022591428628,0,0.0717571039895598
2011,11,5,0.0150846233591437,0,0.049360626253474,0,0.0717571039895598
2011,11,6,0.024557089433074,0,0.0211548494844465,0,0.0694791006883039
2011,11,7,0.338218122720718,0,0.199247127704439,0,0.067201097387048
2011,11,8,13.8037672042847,0,6.68433547866152,0,0.0899811303996067
2011,11,9,51.7997779846191,0,32.4726982729262,0,0.885004282537904
2011,11,10,0.0184059608727694,0,26.1962128184678,0,1.59460231087911
2011,11,11,1.85591325134737e-05,0,0.00984351192164468,0,0.857668242922834
2011,11,12,0.004222821444273,0,0.00192244022764498,-1.13686837721616e-13,0.57861283851899
2011,11,13,0.0146995792165399,0,0.00897827433800558,1.13686837721616e-13,0.438515635491754
2011,11,14,0.643906176090241,0,0.309827716948348,0,0.361063523249055
2011,11,15,22.2402591705322,0,11.4337919398458,0,0.529635767541989
2011,11,16,18.0444164276123,0,20.1426811698475,0,2.41468349933122
2011,11,17,0.0805950835347176,0,9.06254521453957,1.13686837721616e-13,2.4260735158375
2011,11,18,0.000100373676104937,0,0.0411475211076322,-1.13686837721616e-13,1.46931212931003
2011,11,19,0.417385697364807,0,0.193115330177534,0,0.985236427793162
2011,11,20,5.03962564468384,0,2.69678689684952,-1.13686837721616e-13,0.747185082811924
2011,11,21,20.7432041168213,0,12.5143605680787,1.13686837721616e-13,0.757436097667575
2011,11,22,56.793140411377,0,38.7659280868975,0,15.2626221184143
2011,11,23,0.338415712118149,0,28.8604022548316,0,6.56064950761689
2011,11,24,0.0307396054267883,0,0.186334435224126,0,3.45117500140264
2011,11,25,0.00203348277136683,0,0.0168520324295969,0,2.32356336728098
2011,11,26,0.383999049663544,0,0.191554212848132,0,1.68572244292934
2011,11,27,10.9754800796509,0,5.51177122250374,0,1.41236204677864
2011,11,28,0.0237705986946821,0,5.50907505607756,0,1.33263193123468
2011,11,29,0.00525318551808596,0,0.0133726783315069,0,1.11508261596475
2011,11,30,0.00605667196214199,0,0.00561938021564856,0,0.894116295742927
2011,12,1,0.000503843708429486,0,0.00363449574069819,0,0.715293036594342
2011,12,2,0.00657577672973275,0,0.00291846425534459,0,0.577473836868362
2011,12,3,0.823395431041718,0,0.277265809367236,0,0.478380693263732
2011,12,4,26.6309986114502,0,10.5978533181988,0,1.09344158460282
2011,12,5,18.4385185241699,2.27373675443232e-13,22.5352036337426,2.27373675443232e-13,6.02531873182176
2011,12,6,6.82739114761353,1.31506534896641,11.3360101241706,-4.54747350886464e-13,4.41932640443638
2011,12,7,0.0867673680186272,1.36583240924529,2.16912087769015,0,3.06391444018914
2011,12,8,0.0462526045739651,0.0170415253717238,0.0500687068342813,-1.13686837721616e-13,2.32356336728098
2011,12,9,0.0548863112926483,0,0.050308538156969,0.592890275807008,1.85657269052353
2011,12,10,0.000315874291118234,0,0.0282457812063512,0.645940982825323,1.51487219533515
2011,12,11,0.0326338224112988,0,0.0156532244582195,0.057069053172313,1.25290181569073
2011,12,12,0.136426091194153,0,0.0844674741601921,0.82597214761995,1.05129852352958
2011,12,13,3.49920606613159,0,1.71658333519008,0,0.91461832545423
2011,12,14,1.24645674228668,0,2.40154489793349,0,0.8155251818496
2011,12,15,22.2740859985352,0,11.7530318023928,0,2.17549315269935
2011,12,16,3.63233017921448,0,12.9632219081323,0,3.4739550344152
2011,12,17,0.0792204514145851,0,1.89049281033658,0,2.49441361487517
2011,12,18,0.011333966627717,0,0.0484520038880874,0,1.93630280606749
2011,12,19,0.307024866342545,1.13686837721616e-13,0.142592733442143,1.13686837721616e-13,1.59460231087911
2011,12,20,13.734622001648,0,5.57360426706146,0,2.19827318571191
2011,12,21,0.389585852622986,-1.13686837721616e-13,7.1012539497824,-1.13686837721616e-13,3.01835437416402
2011,12,22,0.00429008901119232,0,0.210183412389597,0,2.39190346631866
2011,12,23,0.0597561970353127,0,0.031677941668022,0,1.89074274004237
2011,12,24,1.67039597727126e-05,0,0.0301312991650775,0,1.52626221184143
2011,12,25,0.0397727265954018,0,-0.00589361347374506,0,1.27568184870328
2011,12,26,1.45926403999329,0,-0.112564672192093,0,1.17317170014677
2011,12,27,19.623836517334,0,8.57605972880992,0,2.49441361487517
2011,12,28,0.226301208138466,-3.41060513164848e-13,9.92623508366523,0,2.82472409355727
2011,12,29,0.00165688339620829,0,0.115809856404667,0,2.28939331776215
2011,12,30,0.00067043153103441,0,0.00117149621655699,0,1.90213275654865
2011,12,31,0.00190583884250373,0,0.0012030278230668,0,1.58321229437283
2012,1,1,0.00176304602064192,0,0.00184682630788302,0,1.33263193123468
2012,1,2,6.80699213262415e-06,0,0.00101760302641196,0,1.0888855780003
2012,1,3,0.000255671970080584,6.53941901873623e-06,0.000112067864392884,0,0.900950305646695
2012,1,4,0.000206056880415417,7.51446623326046e-06,0.000224154908210039,0,0.783633135632018
2012,1,5,9.90190674201585e-05,0,0.000156284957483877,0,0.701625016786807
2012,1,6,0.010498883202672,-1.13686837721616e-13,0.00454933744185837,0,0.629867912797247
2012,1,7,0.0522762723267078,1.13686837721616e-13,0.0312557389624999,0,0.570639826964594
2012,1,8,0.255838215351105,0,0.140516693390964,0,0.511411741131942
2012,1,9,0.0558287054300308,0,0.182280647328298,0,0.457878663552429
2012,1,10,4.5624885559082,0,2.07939720465947,0,0.480658696564988
2012,1,11,21.9330158233643,0,12.5593085521177,0,1.61738234389166
2012,1,12,0.0287698488682508,1.13686837721616e-13,11.0119308532521,1.13686837721616e-13,2.14132310318051
2012,1,13,0.00267318519763649,0.000752211647977674,0.0154354996484471,-1.13686837721616e-13,1.61738234389166
2012,1,14,7.15113446858595e-06,0.000781581834189637,0.000561148161068559,0,1.29846188171584
2012,1,15,0.000122458950500004,0,6.47013366688043e-05,0.00959630843749437,1.09458058625344
2012,1,16,0.136358872056007,0,0.0666094685220742,0,0.955622384876836
2012,1,17,0.154165133833885,0,0.144309543451527,0,0.873614266031625
2012,1,18,0.000437487964518368,1.27262743490064e-05,0.0819163506021141,-1.13686837721616e-13,0.773382120776366
2012,1,19,0.0322030000388622,1.41666403123963e-05,0.0155729477046407,1.13686837721616e-13,0.675427978822364
2012,1,20,0.23591622710228,0,0.123768606099475,0,0.60594887813406
2012,1,21,0.00542599661275744,0,0.136029310706363,0,0.571778828615222
2012,1,22,0.330256104469299,0,0.167814699765586,0,0.514828746083826
2012,1,23,0.18688876926899,0,0.249901790186414,0,0.470407681709336
2012,1,24,2.14371466636658,-1.13686837721616e-13,0.959283610522107,-1.13686837721616e-13,0.427125618985475
2012,1,25,39.9899597167969,2.27373675443232e-13,19.4460591951793,-2.27373675443232e-13,7.67687112523227
2012,1,26,21.8377056121826,-1.13686837721616e-13,30.931539266865,-3.41060513164848e-13,20.7298300414284
2012,1,27,1.63880360126495,0,11.7410920885886,-2.27373675443232e-13,7.99579158740809
2012,1,28,0.00409335549920797,1.13686837721616e-13,0.858470696097356,1.13686837721616e-13,4.87492706468755
2012,1,29,0.00127631414216012,-1.13686837721616e-13,0.00250451368629001,0,3.54229513345287
2012,1,30,0.000248819240368903,0,0.00080844851618167,-1.13686837721616e-13,2.79055404403844
2012,1,31,0.149733111262321,0,0.0714308366295882,0,2.32356336728098
2012,2,1,0.132412567734718,0,0.142335027536319,0,1.97047285558632
2012,2,2,0.357144564390183,0,0.241874679682951,0,1.67433242642306
2012,2,3,3.96894860267639,0,2.0284225451469,0,1.49209216232259
2012,2,4,30.4636669158936,0,17.2161228662517,-1.13686837721616e-13,10.6610554498775
2012,2,5,0.149839773774147,0,15.3714882025015,0,7.34656064655017
2012,2,6,1.11266839504242,0,0.715675450890558,0,4.52183655299289
2012,2,7,8.30537509918213,0,4.69918237620732,0,3.48534505092147
2012,2,8,0.165084332227707,0,4.25941536277242,0,2.81333407705099
2012,2,9,0.0550636164844036,0,0.115140088026237,0,2.32356336728098
2012,2,10,2.16083455085754,0,1.10773617897939,-1.13686837721616e-13,2.01603292161144
2012,2,11,0.0628076866269112,0.026196051766874,1.10497080216737,1.13686837721616e-13,1.75406254196702
2012,2,12,0.0144428126513958,0.0340273280284009,0.00482265934988391,0,1.45792211280375
2012,2,13,1.52299809455872,0.278096612017862,0.425863225442299,0,1.27568184870328
2012,2,14,4.72457456588745,0.295890320165427,2.8269405879546,-2.27373675443232e-13,1.21873176617189
2012,2,15,1.46337306499481,0,3.20196401690919,0.698623869152698,1.18456171665305
2012,2,16,2.93998074531555,-1.13686837721616e-13,2.15703309571109,0,1.41236204677864
2012,2,17,0.00149121007416397,1.13686837721616e-13,1.48634051388217,0,1.48070214581631
2012,2,18,0.0037767740432173,0,0.00226356227358338,0,1.30985189822212
2012,2,19,0.263646453619003,0,0.073934192158049,0,1.19595173315933
2012,2,20,0.768547594547272,0,0.479199339344632,0,1.07749556149402
2012,2,21,3.09256768226624,0,1.80227654120972,0,0.994348440998185
2012,2,22,0.56504499912262,0,2.00162527473003,0,0.937398358466789
2012,2,23,0.000881461601238698,0,0.309211873973254,0,0.879309274284764
2012,2,24,0.0101818153634667,0,0.00536422508594114,0,0.80983017359646
2012,2,25,6.59047714179906e-08,0,0.00589613255579025,0,0.706181023389318
2012,2,26,5.33622442162596e-05,0,2.92405748041347e-05,0,0.615060891339084
2012,2,27,0.000117841307655908,0,8.50325741339475e-05,0,0.556971807157059
2012,2,28,0.365609347820282,0,0.163522876748175,0,0.513689744433198
2012,2,29,4.1775221824646,0,2.19185806271707,0,0.485214703167499
2012,3,1,0.0108877560123801,0,2.18330247890844,0,0.489770709770011
2012,3,2,0,0,0.00552156701451168,0,0.47382468666122
2012,3,3,0.000806325755547732,0,0.000542415473319124,0,0.43509863053987
2012,3,4,6.65268744342029e-05,0,0.000461868541606236,0,0.397511576069149
2012,3,5,0.0837774574756622,0,0.0289647784229601,0,0.359924521598427
2012,3,6,2.84542002191301e-05,0,0.0444340342437499,0,0.329171477031473
2012,3,7,0.105986870825291,0,0.0719824125262676,0,0.30297443906703
2012,3,8,9.4515323638916,-1.13686837721616e-13,4.73240955820802,-1.13686837721616e-13,0.447627648696778
2012,3,9,31.1888217926025,1.13686837721616e-13,20.3188054518105,1.13686837721616e-13,2.88167417608867
2012,3,10,0.000212199855013751,0,15.724636298095,-1.13686837721616e-13,2.50580363138145
2012,3,11,7.71597862243652,0,3.41221109309117,0,2.49441361487517
2012,3,12,22.0541095733643,0,14.8850006014327,0,8.67919257778485
2012,3,13,0.0618933327496052,1.13686837721616e-13,11.0582197992408,1.13686837721616e-13,5.38747780747012
2012,3,14,0.0119079481810331,-1.13686837721616e-13,0.0389484019469819,-1.13686837721616e-13,3.75870544707218
2012,3,15,1.15674769878387,0,0.536490397294983,0,2.95001427512635
2012,3,16,0.0870961397886276,0,0.625273059267784,0,2.40329348282494
2012,3,17,0.176747694611549,0,0.140599172627844,0,2.02742293811772
2012,3,18,0.0205536726862192,0,0.100356068563997,0,1.73128250895446
2012,3,19,2.82327389717102,0,1.23488947661099,0,1.50348217882887
2012,3,20,20.0549716949463,0,11.2879632769691,0,2.0957630371554
2012,3,21,59.7458992004395,0,39.7270288862856,0,21.9827318571191
2012,3,22,25.0152988433838,0,42.3806814211202,0,22.5522326824331
2012,3,23,17.0705852508545,0,21.0494954390451,0,16.515523934105
2012,3,24,1.12758123874664,0,9.10376214663847,0,9.85236427793162
2012,3,25,0.0124917775392532,0,0.591171822226897,0,6.04809876483432
2012,3,26,0.00231129489839077,1.13686837721616e-13,0.00749319629539968,0,4.57878663552429
2012,3,27,0.136500552296639,-1.13686837721616e-13,0.0688797690163483,0,3.63341526550311
2012,3,28,0.000178006026544608,0,0.0754394062896608,0,3.0297443906703
2012,3,29,0.000893799588084221,0,0.000499364447023254,0,2.51719364788773
2012,3,30,0,0,0.000470279817818664,0,2.16410313619307
2012,3,31,0.00453656679019332,-1.13686837721616e-13,0.00205108030058909,0,2.11854307016796
2012,4,1,0.022259034216404,1.13686837721616e-13,0.0116002073700656,0,1.7654525584733
2012,4,2,0.00385537440888584,1.13686837721616e-13,0.0135291024780599,1.13686837721616e-13,1.51487219533515
2012,4,3,3.16714644432068,-1.13686837721616e-13,1.53795844595152,-1.13686837721616e-13,1.29846188171584
2012,4,4,3.71766185760498,0,3.38739390375849,0,1.15039166713421
2012,4,5,0.880265772342682,0,2.33716066986381,0,1.04332551197519
2012,4,6,0.239405691623688,0,0.571188108442584,0,0.916896328755486
2012,4,7,0.107448421418667,0,0.174837506419863,0,0.785911138933274
2012,4,8,2.34381318092346,0,0.906219206728565,0,0.702764018437435
2012,4,9,0.302729964256287,0,1.23931528819958,0,0.626450907845363
2012,4,10,1.01146411895752,0,0.603255311114481,0,0.571778828615222
2012,4,11,1.76522076129913,0,1.51012498931232,0,0.522801757638221
2012,4,12,0.265818953514099,0,0.926239819084003,0,0.474963688311848
2012,4,13,0.470754981040955,0,0.36007817407517,0,0.43509863053987
2012,4,14,0.213741898536682,0,0.372425914996711,0,0.405484587623544
2012,4,15,2.75963592529297,0,1.3501391286045,0,0.390677566165381
2012,4,16,21.5812950134277,0,12.1474296350352,0,0.595697863278409
2012,4,17,0.0909792706370354,0,10.8446679203626,0,0.899811303996067
2012,4,18,0.000577309518121183,0,0.0492419789443375,0,0.787050140583902
2012,4,19,0.41569584608078,0,0.258424710475083,0,0.667454967267969
2012,4,20,1.35369634628296,0,0.798837145186553,0,0.596836864929037
2012,4,21,1.58053779602051,0,1.44747799501783,0,0.550137797253292
2012,4,22,0.0988407209515572,0,0.623694316964247,-1.13686837721616e-13,0.510272739481314
2012,4,23,8.67881244630553e-05,0,0.041704135684995,1.13686837721616e-13,0.47382468666122
2012,4,24,0.00210643978789449,0,0.00109618296846747,0,0.441932640443638
2012,4,25,0.0794236734509468,0,0.0530255900739576,0,0.411179595876684
2012,4,26,0.0196700487285852,0,0.0527352017888916,0,0.381565552960357
2012,4,27,0.434617102146149,0,0.292525770390057,0,0.353090511694659
2012,4,28,0.0129567161202431,0,0.229041982573108,0,0.330310478682101
2012,4,29,0.0258758701384068,0,0.0177689992051455,0,0.310947450621426
2012,4,30,1.26607847213745,0,0.63577225314657,0,0.298418432464518
2012,5,1,11.2347116470337,0,4.69844482361077,0,0.295001427512635
2012,5,2,2.41357254981995,0,7.22994432818086,0,0.281333407705099
2012,5,3,0.220378786325455,0,0.976253735891078,0,0.267665387897564
2012,5,4,0.0459180064499378,0,0.120101833847002,0,0.251719364788773
2012,5,5,0.136645838618279,0,0.0878439397129114,0,0.240329348282494
2012,5,6,0.231583788990974,0,0.169768385101634,0,0.227800330125587
2012,5,7,4.46766233444214,0,2.13739281051676,-1.13686837721616e-13,0.215271311968679
2012,5,8,0.415476709604263,0,2.62050380693836,1.13686837721616e-13,0.200464290510516
2012,5,9,0.168051287531853,-1.13686837721616e-13,0.313760237964743,-1.13686837721616e-13,0.185657269052353
2012,5,10,0.0049357395619154,1.13686837721616e-13,0.0720959030441009,1.13686837721616e-13,0.174267252546074
2012,5,11,0.237940922379494,0,0.0959886823475244,0,0.166294240991678
2012,5,12,0.73360550403595,0,0.483615171251586,0,0.164016237690422
2012,5,13,0.00459989113733172,0,0.391923533505178,0,0.159460231087911
2012,5,14,0.266590476036072,1.13686837721616e-13,0.129703512022388,0,0.151487219533515
2012,5,15,0.00391552643850446,-1.13686837721616e-13,0.153263691056054,0,0.14351420797912
2012,5,16,0.00527604203671217,0,0.00444790010806173,0,0.136680198075352
2012,5,17,0.00652788998559117,0,0.00622574522276409,0,0.128707186520956
2012,5,18,0.000144710415042937,0,0.00311487742874306,0,0.123012178267817
2012,5,19,5.28485543327406e-06,0,9.95628361124545e-05,0,0.115039166713421
2012,5,20,0.407802939414978,0,0.164338562521152,0,0.109344158460282
2012,5,21,0.679837644100189,0,0.598605668950768,0,0.103649150207142
2012,5,22,0,0,0.404969648159749,0,0.100232145255258
2012,5,23,3.92696456401609e-05,0,1.43816287163645e-05,0,0.0968151403033743
2012,5,24,0.00627745548263192,0,0.0036303936431068,0,0.0933981353514905
2012,5,25,0.0299992002546787,0,0.0232112741359742,-1.13686837721616e-13,0.0911201320502346
2012,5,26,0.00759427575394511,0,0.0156448790949071,1.13686837721616e-13,0.0888421287489788
2012,5,27,1.75451111772418e-06,0,0.00372136629448505,0,0.084286122146467
2012,5,28,0.243709221482277,0,0.147332522778015,0,0.0820081188452112
2012,5,29,1.89992880821228,0,0.870514257912873,0,0.0797301155439553
2012,5,30,1.55104720592499,0,1.79799146906589,0,0.0785911138933274
2012,5,31,1.48550665378571,0,1.53186491927772,0,0.0740351072908156
2012,6,1,0.0689623802900314,0,1.0450659035414,0,0.0694791006883039
2012,6,2,0.188713267445564,0,0.0557874596852344,0,0.0660620957364201
2012,6,3,3.30346035957336,0,1.15641572759341,0,0.0911201320502346
2012,6,4,25.7786750793457,0,14.3979005139117,0,0.115039166713421
2012,6,5,1.22311186790466,0,13.5406801316349,0,0.0888421287489788
2012,6,6,0.00058447674382478,0,0.764099538282608,0,0.100232145255258
2012,6,7,0.000103785794635769,0,-0.0129661797254812,0,0.100232145255258
2012,6,8,0,0,4.5077787945047e-05,0,0.101371146905886
2012,6,9,0.0348102450370789,0,0.0196880857474753,0,0.0979541419540022
2012,6,10,0.0197425484657288,0,0.0258127958368277,0,0.0899811303996067
2012,6,11,1.948202252388,0,0.726858431713481,0,0.107066155159026
2012,6,12,12.1535701751709,0,5.7556767631977,0,0.0990931436046302
2012,6,13,0.000825430150143802,0,6.63204457313987,0,0.084286122146467
2012,6,14,7.9503828601446e-05,0,0.000157229318574537,0,0.085425123797095
2012,6,15,0.0132208997383714,0,0.00461060703673866,0,0.0797301155439553
2012,6,16,0.458668112754822,0,0.176809602948197,0,0.0763131105920715
2012,6,17,0.0237893313169479,0,0.28105658320419,0,0.0694791006883039
2012,6,18,0.0837988555431366,0,0.0373415952635696,0,0.0637840924351642
2012,6,19,4.62794780731201,0,2.07720649903058,0,0.0615060891339084
2012,6,20,0.00882847141474485,0,2.73666035787755,0,0.0558110808807687
2012,6,21,0.2347561866045,0,-0.0275674594813609,0,0.0523940759288849
2012,6,22,0.49629282951355,0,0.356008158130862,0,0.050116072627629
2012,6,23,2.24897212319775e-05,0,0.286450630344916,0,0.0466990676757452
2012,6,24,2.46484432864236e-07,0,-0.0145363572082715,0,0.0444210643744894
2012,6,25,0.00834139529615641,0,0.00377268419833854,0,0.0421430610732335
2012,6,26,0.014356448315084,0,0.0112972224087571,0,0.0387260561213497
2012,6,27,1.08974176796055e-13,0,0.00803183546668151,0,0.0364480528200938
2012,6,28,8.52180874694533e-14,0,-0.00040439773874823,0,0.0330310478682101
2012,6,29,0.000174341053934768,0,7.8862052760087e-05,0,0.0318920462175821
2012,6,30,0.0746913254261017,0,0.0338865306985099,0,0.0307530445669542
2012,7,1,0.00117475772276521,0,0.0435356006564689,0,0.0284750412656983
2012,7,2,0.0748973861336708,0,0.0324518728448311,0,0.0284750412656983
2012,7,3,0.0686953812837601,0,0.0741685953253182,0,0.0273360396150704
2012,7,4,0.0167516283690929,0,0.0450242582737701,0,0.0261970379644425
2012,7,5,3.33814028863344e-07,0,0.00771111719222972,0,0.0250580363138145
2012,7,6,0.0251554828137159,0,0.0109072470804676,0,0.0250580363138145
2012,7,7,3.55100393295288,0,1.62075893811561,0,0.0239190346631866
2012,7,8,3.11082053184509,0,3.26829768562311,0,0.0239190346631866
2012,7,9,10.9294786453247,0,5.48479592793592,0,0.0239190346631866
2012,7,10,5.46383857727051,0,8.29275001209317,0,0.0239190346631866
2012,7,11,2.64786958694458,0,4.19096763405832,0,0.0250580363138145
2012,7,12,0.0278412289917469,0,1.68285988877324,-1.13686837721616e-13,0.0273360396150704
2012,7,13,0.00993882305920124,0,0.0213625527612749,1.13686837721616e-13,0.0296140429163263
2012,7,14,1.38883173465729,0,0.665933219308499,0,0.0296140429163263
2012,7,15,6.92718267440796,0,4.10751541853097,0,0.0273360396150704
2012,7,16,0.173733666539192,0,3.74527309029509,0,0.0261970379644425
2012,7,17,1.66903626918793,0,0.84741328151722,0,0.0261970379644425
2012,7,18,0.0524417832493782,0,0.881215222718311,0,0.0273360396150704
2012,7,19,0.937028884887695,0,0.525710663423524,0,0.0273360396150704
2012,7,20,6.1670184135437,0,3.06913177476235,0,0.0261970379644425
2012,7,21,0.00205616489984095,0,3.09553529525874,0,0.0239190346631866
2012,7,22,0.00123630149755627,0,0.00141173803422134,0,0.0227800330125587
2012,7,23,0.137244760990143,0,0.0801477535424056,0,0.0227800330125587
2012,7,24,0.00269424566067755,0,0.0594857589676394,0,0.0216410313619307
2012,7,25,0.399045407772064,0,0.29805223736912,0,0.0205020297113028
2012,7,26,1.0202659368515,0,0.642955880670343,0,0.0205020297113028
2012,7,27,10.6376619338989,0,5.58935198672407,0,0.0193630280606749
2012,7,28,0.0289214886724949,0,5.62198506299319,1.13686837721616e-13,0.0193630280606749
2012,7,29,0.0222857799381018,0,0.0265095427894266,-1.13686837721616e-13,0.0182240264100469
2012,7,30,0.144080743193626,-1.13686837721616e-13,0.106813238096947,-1.13686837721616e-13,0.0193630280606749
2012,7,31,0.00310850911773741,1.13686837721616e-13,0.0510854331296287,1.13686837721616e-13,0.0182240264100469
2012,8,1,1.50038981437683,0,0.445601126048132,0,0.0182240264100469
2012,8,2,3.00269246101379,0,2.19660677469074,0,0.0182240264100469
2012,8,3,1.63081812858582,0,2.45675616517838,0,0.017085024759419
2012,8,4,0.72853696346283,0,0.854291078088863,0,0.017085024759419
2012,8,5,5.266357421875,0,2.92846799321706,0,0.017085024759419
2012,8,6,0.274891525506973,0,3.09596503974171,0,0.0159460231087911
2012,8,7,0.0419904626905918,0,0.180679631943349,0,0.0159460231087911
2012,8,8,0.141379043459892,0,0.0879169861873379,0,0.0159460231087911
2012,8,9,3.69089150428772,0,1.59695716950955,0,0.0159460231087911
2012,8,10,0.0111119532957673,0,2.10720296120417,0,0.0159460231087911
2012,8,11,3.38472041505611e-08,0,-0.0154160472375224,-1.13686837721616e-13,0.0148070214581631
2012,8,12,0.0558419823646545,0,0.0255981929803966,1.13686837721616e-13,0.0148070214581631
2012,8,13,5.15333557128906,0,2.39409649976005,0,0.0148070214581631
2012,8,14,0.18918365240097,0,3.34794028363831,0,0.0148070214581631
2012,8,15,4.03804683685303,0,1.98424257422448,0,0.0136680198075352
2012,8,16,2.02941727638245,0,3.25038087199937,0,0.0159460231087911
2012,8,17,24.6279792785645,0,12.5883007129378,0,0.0227800330125587
2012,8,18,0.0431342646479607,-1.13686837721616e-13,12.8281812509813,0,0.0205020297113028
2012,8,19,1.65643262863159,1.13686837721616e-13,0.526989094811142,0,0.0216410313619307
2012,8,20,3.227205991745,0,2.79691025603825,0,0.0227800330125587
2012,8,21,0.00276433327235281,0,1.52152810769621,0,0.0227800330125587
2012,8,22,3.16187623639053e-07,0,0.00130199916020501,0,0.0227800330125587
2012,8,23,8.98777163804709e-10,0,-0.141704983361706,0,0.0216410313619307
2012,8,24,1.36373353004456,0,0.820252629244351,0,0.0205020297113028
2012,8,25,0.413504481315613,0,0.536803675582632,0,0.0205020297113028
2012,8,26,3.53341841697693,0,1.51197269057593,0,0.0205020297113028
2012,8,27,8.84759140014648,0,6.3450039761301,0,0.0205020297113028
2012,8,28,1.72593069076538,0,6.37297248176037,0,0.0205020297113028
2012,8,29,0,0,0.864859360408445,0,0.0205020297113028
2012,8,30,0.671378791332245,0,0.277332067315001,0,0.0205020297113028
2012,8,31,24.9764347076416,0,12.612952902804,0,0.0239190346631866
2012,9,1,10.4126996994019,0,17.7530567986978,0,0.0227800330125587
2012,9,2,0.0475151725113392,-1.13686837721616e-13,5.34385430733528,0,0.0239190346631866
2012,9,3,2.62326884269714,2.27373675443232e-13,1.2778731041326,0,0.0239190346631866
2012,9,4,0.235316246747971,-1.13686837721616e-13,1.56230345083168,0,0.0239190346631866
2012,9,5,0.161211460828781,0,0.200320278330764,0,0.0239190346631866
2012,9,6,3.69060802459717,0,2.11913019607164,0,0.0250580363138145
2012,9,7,14.8399124145508,0,8.76237836215296,-1.13686837721616e-13,0.0284750412656983
2012,9,8,21.3358058929443,1.13686837721616e-13,18.0548895815227,1.13686837721616e-13,0.0296140429163263
2012,9,9,0.0068350494839251,-1.13686837721616e-13,10.7187653292422,0,0.0375870544707218
2012,9,10,1.39018511772156,0,0.621638661563338,0,0.0489770709770011
2012,9,11,2.67667765001534e-05,0,0.844849428191083,0,0.0523940759288849
2012,9,12,0.000350263435393572,0,0.000170587089087348,0,0.0546720792301408
2012,9,13,0.00155460298992693,0,0.000987676976365037,0,0.0546720792301408
2012,9,14,0.254666745662689,0,0.117576463511796,0,0.051255074278257
2012,9,15,20.0914440155029,0,10.0441047964559,0,0.0592280858326525
2012,9,16,12.2749996185303,-1.13686837721616e-13,16.1832700671803,-1.13686837721616e-13,0.0523940759288849
2012,9,17,4.88967847824097,1.13686837721616e-13,8.5863133250823,2.27373675443232e-13,0.0489770709770011
2012,9,18,0.114252142608166,0,2.7337939545032,-1.13686837721616e-13,0.0478380693263732
2012,9,19,1.25471722313246e-13,0,0.0657738437803346,0,0.0478380693263732
2012,9,20,0.00021663261577487,0,7.6907868788112e-05,0,0.0478380693263732
2012,9,21,1.0604350566864,0,0.506269636265643,0,0.0466990676757452
2012,9,22,0.0403316766023636,0,0.703240353315778,0,0.0444210643744894
2012,9,23,0.0263659991323948,0,0.0341642207349651,0,0.0410040594226056
2012,9,24,0.650059282779694,0,0.413518735746038,0,0.0375870544707218
2012,9,25,0.00303250108845532,0,0.355816785311617,0,0.0364480528200938
2012,9,26,0.306153208017349,0,0.182928015681682,0,0.0364480528200938
2012,9,27,3.96582746505737,0,1.92483801741037,0,0.0364480528200938
2012,9,28,11.2404470443726,0,7.39744545458234,0,0.0353090511694659
2012,9,29,4.2152853012085,0,7.73986766917369,0,0.0375870544707218
2012,9,30,0.191862061619759,0,2.32160809715424,0,0.0398650577719777
2012,10,1,0.0328029915690422,0,0.100930677050201,0,0.0398650577719777
2012,10,2,0.000429148232797161,0,0.0179683864189428,0,0.0398650577719777
2012,10,3,0.00446582539007068,0,0.00203033688012511,0,0.0387260561213497
2012,10,4,4.98535700899083e-05,0,0.00183233585266862,0,0.0375870544707218
2012,10,5,2.15138387680054,0,0.995206961815711,1.13686837721616e-13,0.0387260561213497
2012,10,6,16.3348484039307,0,7.35920455262385,-1.13686837721616e-13,0.0398650577719777
2012,10,7,0.809989094734192,0,8.59060382504686,0,0.0387260561213497
2012,10,8,3.90997052192688,0,2.26573074746557,0,0.0398650577719777
2012,10,9,0.0203860830515623,0,2.24873772339197,0,0.0398650577719777
2012,10,10,8.08016629889607e-05,0,0.0103197051212192,0,0.0387260561213497
2012,10,11,0.919873356819153,0,0.438810319858021,0,0.0387260561213497
2012,10,12,6.44550895690918,1.13686837721616e-13,3.30894068501948,0,0.0466990676757452
2012,10,13,22.6902332305908,-1.13686837721616e-13,14.4520320444135,0,0.0478380693263732
2012,10,14,24.8387260437012,0,23.7643149106953,0,0.0615060891339084
2012,10,15,0.159587383270264,0,12.5221783221859,0,0.0728961056401877
2012,10,16,0.00126659777015448,0,0.0832382330772816,0,0.306391444018914
2012,10,17,0.213154077529907,0,0.105627319324412,-1.13686837721616e-13,0.267665387897564
2012,10,18,3.59909772872925,1.13686837721616e-13,1.54158099650522,1.13686837721616e-13,0.214132310318051
2012,10,19,0.931352436542511,-1.13686837721616e-13,2.78003986416297,0,0.177684257497958
2012,10,20,2.20247466131696e-06,0,0.39682704761799,-1.13686837721616e-13,0.152626221184143
2012,10,21,0.0411845110356808,1.13686837721616e-13,0.0200819735327968,1.13686837721616e-13,0.134402194774096
2012,10,22,0.00608531292527914,-1.13686837721616e-13,0.0250188861391507,0,0.121873176617189
2012,10,23,0.182575017213821,0,0.0940192837078939,0,0.109344158460282
2012,10,24,0.00369796925224364,0,0.0898715681614704,0,0.101371146905886
2012,10,25,0.372415542602539,-1.13686837721616e-13,0.17053819168359,0,0.0956761386527464
2012,10,26,5.15490436553955,1.13686837721616e-13,2.26097930721153,0,0.0899811303996067
2012,10,27,0.0145370997488499,1.13686837721616e-13,3.26359045183199,0,0.0865641254477229
2012,10,28,0.000148781618918292,-1.13686837721616e-13,0.00607272797788028,0,0.084286122146467
2012,10,29,0.000119007745524868,0,0.00013396266149357,0,0.0808691171945832
2012,10,30,0.000129840133013204,0,0.000126141218061093,0,0.0751741089414436
2012,10,31,0.000213182662264444,0,0.000167229576618411,0,0.0717571039895598
2012,11,1,9.49168752413243e-05,0,0.00013499448687071,0,0.068340099037676
2012,11,2,8.81657683748927e-07,0,5.40509718121029e-05,0,0.067201097387048
2012,11,3,0.00850426591932774,0,0.00544876585627208,0,0.0649230940857922
2012,11,4,1.88759877346456e-05,0,0.00442762566672172,0,0.0615060891339084
2012,11,5,0.77105438709259,0,0.470941473482526,0,0.0615060891339084
2012,11,6,1.2768303155899,1.13686837721616e-13,0.994173525003134,0,0.0569500825313966
2012,11,7,0.0148501023650169,0,0.433452834316995,0,0.0535330775795128
2012,11,8,0.000247214513365179,-1.13686837721616e-13,0.00708929920801893,0,0.051255074278257
2012,11,9,0.00428606802597642,0,0.00192179075384047,0,0.051255074278257
2012,11,10,0.00924214255064726,0,0.00703342013730435,0,0.0523940759288849
2012,11,11,5.05356168746948,0,2.01234271741851,0,0.0637840924351642
2012,11,12,21.1891098022461,0,13.0948260414662,0,0.0660620957364201
2012,11,13,5.09990459249821e-05,-1.13686837721616e-13,10.5946129099611,0,0.0580890841820246
2012,11,14,0.00525673199445009,1.13686837721616e-13,0.00224660167441471,0,0.0603670874832804
2012,11,15,3.47997192875482e-05,0,0.0025700483674882,0,0.0649230940857922
2012,11,16,4.03117264795583e-05,0,3.74236406059936e-05,0,0.067201097387048
2012,11,17,8.53947130963206e-05,0,5.96783793298528e-05,0,0.067201097387048
2012,11,18,0.521770000457764,0,0.314922450641461,0,0.068340099037676
2012,11,19,0.820430934429169,0,0.669175728864502,0,0.0717571039895598
2012,11,20,0.917824268341064,0,0.88338078794186,0,0.0717571039895598
2012,11,21,0.00046672992175445,-1.13686837721616e-13,0.52092507796624,0,0.0706181023389318
2012,11,22,0.340124666690826,1.13686837721616e-13,0.218679223311483,0,0.0717571039895598
2012,11,23,2.58765363693237,0,1.32604013033415,0,0.0728961056401877
2012,11,24,0.00655660545453429,0,1.57271664937434,0,0.0717571039895598
2012,11,25,0.0307758338749409,0,0.0211770670939586,0,0.0717571039895598
2012,11,26,0.065405935049057,1.13686837721616e-13,0.046085728899925,0,0.0706181023389318
2012,11,27,0.418359696865082,-1.13686837721616e-13,0.301868552829546,0,0.0694791006883039
2012,11,28,0.000197416855371557,-1.13686837721616e-13,0.226491759298369,0,0.067201097387048
2012,11,29,7.311216177186e-05,1.13686837721616e-13,0.000114911868877243,0,0.0637840924351642
2012,11,30,2.30096266022883e-05,0,4.82294781249948e-05,0,0.0603670874832804
2012,12,1,0.247337758541107,0,0.151330048436648,0,0.0580890841820246
2012,12,2,0.16452856361866,0,0.209127866502968,0,0.0569500825313966
2012,12,3,3.02126121520996,0,1.36230959086242,-1.13686837721616e-13,0.0558110808807687
2012,12,4,14.70556640625,0,7.68837291212549,1.13686837721616e-13,0.0751741089414436
2012,12,5,6.15507793426514,0,10.4397489709518,0,0.250580363138145
2012,12,6,1.42752647399902,0,3.84786816949054,0,0.521662755987593
2012,12,7,0.0123386587947607,0,0.891604366668616,0,0.429403622286731
2012,12,8,0.136286675930023,0,0.0921458421216812,0,0.371314538104706
2012,12,9,2.60936546325684,0,1.50430978582153,0,0.315503457223937
2012,12,10,1.385737657547,0,2.05994846435351,1.13686837721616e-13,0.26994339119882
2012,12,11,0.0720879659056664,0.00781997809485802,0.890935347357299,-1.13686837721616e-13,0.240329348282494
2012,12,12,0.0001009284023894,0.0105554928114771,0.0255668627432897,0,0.218688316920563
2012,12,13,0.000249933917075396,1.13686837721616e-13,0.000188210950000212,1.13686837721616e-13,0.199325288859888
2012,12,14,0.740057766437531,-1.13686837721616e-13,0.34118240049429,-1.13686837721616e-13,0.183379265751097
2012,12,15,2.94943308830261,0,1.82040520355804,0,0.174267252546074
2012,12,16,0.0727381780743599,0,1.91951908703777,0,0.164016237690422
2012,12,17,0.148740991950035,0,0.110475211164157,0,0.156043226136027
2012,12,18,0.0018147180089727,0,0.0974167737149401,0,0.149209216232259
2012,12,19,0.772778749465942,0,0.342909811741265,0,0.14351420797912
2012,12,20,13.4012756347656,0,7.02723581749888,0,0.162877236039794
2012,12,21,0.167629435658455,0,6.80374053037667,-1.13686837721616e-13,0.177684257497958
2012,12,22,1.53263590618735e-05,0,0.0965445424080826,1.13686837721616e-13,0.281333407705099
2012,12,23,0.00478511396795511,0,0.00249318435089663,0,0.334866485284612
2012,12,24,0.0119102420285344,0,0.00851745155523531,0,0.299557434115146
2012,12,25,0.263510882854462,0,0.133134286450513,1.13686837721616e-13,0.267665387897564
2012,12,26,9.30200099945068,1.79728742498628,2.69579078356765,-1.13686837721616e-13,0.260831377993797
2012,12,27,0.0270523894578218,1.96149409053692,2.78116261550167,0,0.246024356535634
2012,12,28,0.332607477903366,0.0324676069723182,0.140324678526667,0,0.230078333426842
2012,12,29,1.96141254901886,0.551464715963448,0.483629805516102,0,0.214132310318051
2012,12,30,0.00422961544245482,0.614045894358583,0.378238722347305,0,0.200464290510516
2012,12,31,6.66773271560669,0.00100916697806497,2.74950475084188,1.13686837721616e-13,0.207298300414284
2013,1,1,12.1387882232666,0,9.25954692259256,-1.13686837721616e-13,0.244885354885006
2013,1,2,0.816973745822907,0.158557310512833,6.33356412913417,0,0.504577731228174
2013,1,3,0.00145957106724381,0.168997332662684,0.265523941568972,-1.13686837721616e-13,0.602531873182176
2013,1,4,9.66218794928864e-05,0.000155490326733343,0.000507187054608949,1.13686837721616e-13,0.53988678239764
2013,1,5,0.00185123551636934,0,0.000944155704928562,0.225569481718594,0.488631708119383
2013,1,6,0.000123800113215111,-1.13686837721616e-13,0.00108783361065434,0.911913942243018,0.432820627238614
2013,1,7,2.15633392333984,-3.41060513164848e-13,1.06720284627954,1.12633389070834,0.386121559562869
2013,1,8,0.0226514618843794,-2.27373675443232e-13,1.10467924325349,1.70527894453073,0.349673506742775
2013,1,9,3.62889981269836,-3.41060513164848e-13,1.82076668789523,1.39251335708309,0.322337467127705
2013,1,10,6.04695510864258,0,4.8008997147117,0,0.317781460525193
2013,1,11,6.03420305252075,0,6.04114669613773,0,0.338283490236496
2013,1,12,3.9498450756073,0,5.05952713394072,0,0.57861283851899
2013,1,13,36.7359275817871,-1.13686837721616e-13,15.1724443813655,-1.13686837721616e-13,3.09808448970798
2013,1,14,3.22125601768494,1.51331487125924,18.4667729233188,-2.27373675443232e-13,2.6424838294568
2013,1,15,0.373418360948563,1.71410648667859,0.110985891406017,1.13686837721616e-13,1.7085024759419
2013,1,16,2.31355786323547,0.766496759085044,0.576429575376096,-1.13686837721616e-13,1.21873176617189
2013,1,17,0.00710146548226476,0.620683202690316,0.595154559887305,0.0594887064394243,0.932842351864277
2013,1,18,0.000264856411376968,-1.13686837721616e-13,0.00382823823019862,0.995273122838171,0.757436097667575
2013,1,19,0.000146787453559227,-1.13686837721616e-13,0.000211671336728614,3.66942569913317,0.631006914447875
2013,1,20,3.12764423142653e-05,0,8.26412724563852e-05,0,0.543303787349524
2013,1,21,0.000388673011912033,0,0.000207503122510389,0,0.47382468666122
2013,1,22,0.229899644851685,0.0217436040877601,0.0933392609076691,0,0.415735602479195
2013,1,23,0.000287720729829744,0.0218003386364671,0.0935314210073557,0,0.372453539755334
2013,1,24,0.00990518555045128,0,0.00607371364458231,0,0.334866485284612
2013,1,25,0.265990436077118,0,0.137448083587515,0,0.30297443906703
2013,1,26,0.000553833844605833,0,0.142621927749133,0,0.277916402753216
2013,1,27,0.0767576843500137,-1.13686837721616e-13,0.0367604334751377,0,0.256275371391285
2013,1,28,1.6993350982666,1.13686837721616e-13,0.801827553063049,0,0.241468349933122
2013,1,29,2.47668647766113,0,2.05996050626709,0,0.349673506742775
2013,1,30,46.5895004272461,0,22.5671490575041,-2.27373675443232e-13,5.15967747734454
2013,1,31,0.0506083965301514,0,23.3289660615264,-2.27373675443232e-13,4.33959628889242
2013,2,1,0.0242610145360231,0.00382606579887579,0.0338594275090145,-1.13686837721616e-13,2.44885354885006
2013,2,2,0.00373355555348098,0.00404518285438371,0.0103333206134266,0,1.71989249244818
2013,2,3,4.16330294683576e-06,0,0.00201424273109296,1.13686837721616e-13,1.3212419147284
2013,2,4,1.01291835308075,0,0.419238762799068,0,1.06952254993963
2013,2,5,2.04133319854736,0,1.50605021368392,0,0.90892331720109
2013,2,6,0.0385744608938694,0,1.12897717854503,0,0.77679912572825
2013,2,7,1.1762068271637,0,0.484095059422543,0,0.676566980472992
2013,2,8,8.49752712249756,0,4.80846354117239,0,0.627589909495991
2013,2,9,0.0944393426179886,0,4.29645070734114,0,0.615060891339084
2013,2,10,17.0120143890381,0,8.41997172166884,0,0.627589909495991
2013,2,11,1.12782990932465,0,9.09106929074187,0,1.58321229437283
2013,2,12,1.50945937633514,1.13686837721616e-13,1.30242555803852,0,1.75406254196702
2013,2,13,5.68507957458496,-1.13686837721616e-13,3.56700198561157,-1.13686837721616e-13,1.50348217882887
2013,2,14,0.0889945700764656,0,2.90345966804307,0,1.4351420797912
2013,2,15,0.0816441997885704,1.13686837721616e-13,0.0855322830757359,1.13686837721616e-13,1.34402194774096
2013,2,16,0.699289619922638,-1.13686837721616e-13,0.29647724438837,-1.13686837721616e-13,1.16178168364049
2013,2,17,0.00358367990702391,0,0.352545838803053,0,1.01029446410698
2013,2,18,1.37635862827301,0,0.667495606801822,0,0.90892331720109
2013,2,19,4.85145044326782,0,3.09576221391762,0,0.866780256127857
2013,2,20,0.0730725228786469,0,2.47256723694591,0,0.88728228583916
2013,2,21,8.00849056243897,0.63755946616152,3.39533500964171,0,0.95903938982872
2013,2,22,11.530445098877,1.5707469915659,8.19692637514527,0,1.77684257497958
2013,2,23,0.912876605987549,1.0023835769332,5.443121559867,-1.13686837721616e-13,1.93630280606749
2013,2,24,5.18492961418815e-05,0.032286704617718,0.425141635772889,0.857691656331213,1.75406254196702
2013,2,25,3.70143270492554,-1.13686837721616e-13,1.80495238665753,2.47256231194535,1.56043226136027
2013,2,26,24.9334163665772,-1.13686837721616e-13,14.3066247604002,1.13686837721616e-13,4.077625909248
2013,2,27,0.283155053853989,1.13686837721616e-13,12.6359766700189,-1.13686837721616e-13,4.08901592575428
2013,2,28,0.0179263260215521,0,0.151727927433967,0,2.89306419259495
2013,3,1,0.00489853322505951,0,0.0119291253213305,0,2.22105321872447
2013,3,2,0.0329849496483803,0.00181856798781155,0.0139536989445332,0,1.81101262449841
2013,3,3,0.00022975132742431,0.00251728932607875,0.0152660615931381,0,1.51487219533515
2013,3,4,0.152527645230293,0,0.0760753629510873,0,1.30985189822212
2013,3,5,0.465334981679916,0,0.336110271957296,0,1.16178168364049
2013,3,6,0.147442817687988,0,0.345388682755583,0,0.989792434395674
2013,3,7,2.40321132878307e-05,0,0.0921603284223238,0,0.84855622971781
2013,3,8,0.00213262066245079,1.13686837721616e-13,0.00100763545924565,0,0.750602087763808
2013,3,9,0.189167395234108,-1.13686837721616e-13,0.0950186129339272,0,0.68340099037676
2013,3,10,27.7097625732422,0,13.8842861397789,0,2.23244323523075
2013,3,11,14.188346862793,0,20.9563549834711,0,6.13921889688456
2013,3,12,0.185104891657829,0,7.21290649004368,0,3.77009546357846
2013,3,13,1.54045653744106e-06,0,0.100937364171841,0,2.68804389548192
2013,3,14,0.000104348619061057,-1.13686837721616e-13,5.09694727952592e-05,0,2.0957630371554
2013,3,15,1.53845194290625e-05,1.13686837721616e-13,6.28452689852566e-05,0,1.7654525584733
2013,3,16,0.00046454873518087,0,0.000221906600927468,0,1.53765222834771
2013,3,17,0.249131336808205,-1.13686837721616e-13,-0.0773977157004993,0,1.34402194774096
2013,3,18,3.94128680229187,1.13686837721616e-13,2.18581613551942,0,1.19595173315933
2013,3,19,0.245172902941704,0,2.29313869731413,0,1.06610554498775
2013,3,20,8.19295031817546e-09,0,0.095840432899422,0,0.924869340309882
2013,3,21,0.358082205057144,1.13686837721616e-13,0.151410030259285,0,0.8155251818496
2013,3,22,20.2254505157471,-1.13686837721616e-13,10.271735256385,0,0.945371370021184
2013,3,23,0.16540564596653,0,10.2239280744252,0,2.038812954624
2013,3,24,2.79653859138489,0,1.44616505611339,0,2.76777401102588
2013,3,25,0.913230359554291,0.119397539898841,1.79096865432075,0,2.67665387897564
2013,3,26,1.49124372005463,0.133853595232949,1.06758552733663,0,2.17549315269935
2013,3,27,0.000198842972167768,0.00666305356151042,0.740650127008848,0.210208861505407,1.83379265751097
2013,3,28,0.531363964080811,0,0.263689430692466,0,1.60599232738539
2013,3,29,2.05057835578918,0,1.16708849497081,0,1.45792211280375
2013,3,30,2.17400407791138,0,2.10831942170626,0,1.41236204677864
2013,3,31,10.3731966018677,0,6.22964228203637,0,1.41236204677864
2013,4,1,0.476182669401169,0,5.50938044380018,0,1.91352277305493
2013,4,2,3.15749549865723,0,1.74764069326193,0,1.71989249244818
2013,4,3,7.93659400939941,0,5.54053559595195,0,1.62877236039794
2013,4,4,0.122209854424,0,4.04700863323524,0,1.71989249244818
2013,4,5,0.913503229618073,0,0.491717071534367,0,1.54904224485399
2013,4,6,0.000820838147774339,1.13686837721616e-13,0.537595958317979,1.13686837721616e-13,1.3781919972598
2013,4,7,0.0173949431627989,-1.13686837721616e-13,0.00882822655694326,-1.13686837721616e-13,1.25290181569073
2013,4,8,0.715363740921021,0,0.330332681478467,0,1.15039166713421
2013,4,9,0.0838951990008354,0,0.453107398250722,0,1.10710960441035
2013,4,10,2.25070810317993,0,0.755966415257717,0,1.04902052022833
2013,4,11,20.3270931243897,0,5.99925238326978,0,1.19595173315933
2013,4,12,0.00611395249143243,0,10.1705231608503,1.13686837721616e-13,1.3212419147284
2013,4,13,0.0160499569028616,-1.13686837721616e-13,0.0114917824903387,-1.13686837721616e-13,1.17317170014677
2013,4,14,0.0485594645142555,1.13686837721616e-13,0.0310586744235479,0,1.04674251692707
2013,4,15,0.130966380238533,-1.13686837721616e-13,0.088498771932791,-1.13686837721616e-13,0.972707409636255
2013,4,16,0.479397505521774,1.13686837721616e-13,0.248631703470892,1.13686837721616e-13,0.902089307297323
2013,4,17,0.0580941066145897,0,0.275488218467217,0,0.826915198355879
2013,4,18,16.2538146972656,0,7.8749121039873,0,0.912340322152974
2013,4,19,14.2534055709839,0,15.2536305010653,0,2.12993308667423
2013,4,20,0.00940913241356611,0,7.13695559771441,0,2.01603292161144
2013,4,21,0.000434594956459478,0,0.00454706873279065,0,1.64016237690422
2013,4,22,0.230013385415077,0,0.114710219597328,0,1.40097203027236
2013,4,23,0.309672057628632,-1.13686837721616e-13,0.259278838158934,0,1.21873176617189
2013,4,24,9.94833946228027,1.13686837721616e-13,3.83603944451897,0,1.20734174966561
2013,4,25,0.076645240187645,0,5.0125525955882,0,1.59460231087911
2013,4,26,6.64611530303955,0,3.08170513246296,0,1.42375206328492
2013,4,27,24.4061584472656,0,15.5260211178684,0,2.0957630371554
2013,4,28,2.30412769317627,1.13686837721616e-13,13.4064010525253,1.13686837721616e-13,4.72685685010592
2013,4,29,1.96407735347748,-1.13686837721616e-13,2.14278929184366,-1.13686837721616e-13,3.61063523249055
2013,4,30,0.148922845721245,0,1.14580084632325,0,2.74499397801332
2013,5,1,0.0428870394825935,0,0.092905752841034,0,2.16410313619307
2013,5,2,1.81070601940155,0,0.783594150860154,0,1.77684257497958
2013,5,3,13.1250133514404,0,7.41795891086804,0,1.68572244292934
2013,5,4,4.0850133895874,0,8.65750833920902,0,2.07298300414284
2013,5,5,1.56269073486328,0,2.82405365099112,0,2.40329348282494
2013,5,6,2.6181263923645,0,2.05170930917666,0,2.15271311968679
2013,5,7,0.0316860713064671,0,1.48123543591646,-1.13686837721616e-13,1.84518267401725
2013,5,8,0.0286352708935738,0,0.0302770103080547,1.13686837721616e-13,1.57182227786655
2013,5,9,1.15769839286804,0,0.560654187996988,0,1.34402194774096
2013,5,10,9.19334411621094,0,4.48603519552125,0,1.16178168364049
2013,5,11,0.324190109968185,0,5.30562771529367,0,1.01485047070949
2013,5,12,1.70258748531342,0,0.918127646509674,1.13686837721616e-13,0.87589226933288
2013,5,13,0.561218678951263,0,1.25867621305224,-1.13686837721616e-13,0.748324084462552
2013,5,14,3.87774298360455e-06,0,0.281240021773556,0,0.651508944159178
2013,5,15,0.085408978164196,0,0.0303343966370448,-1.13686837721616e-13,0.574056831916478
2013,5,16,4.20720052719116,-1.13686837721616e-13,1.63968667703739,1.13686837721616e-13,0.54558179065078
2013,5,17,7.03421020507813,1.13686837721616e-13,5.59233414166374,0,0.552415800554548
2013,5,18,0.183116585016251,0,3.70576653727767,0,0.526218762590105
2013,5,19,0.0230495668947697,0,0.108291163320246,0,0.478380693263732
2013,5,20,0.829144716262817,0,0.472827249672264,0,0.428264620636103
2013,5,21,21.8666687011719,0,10.9950844790947,0,0.438515635491754
2013,5,22,24.5604705810547,0,23.2110046868402,0,1.15039166713421
2013,5,23,0.00591508345678449,0,12.2836161968953,0,1.71989249244818
2013,5,24,0.0121596194803715,0,0.00897559251461644,0,1.18456171665305
2013,5,25,0.0138920433819294,0,0.0131844555871794,0,0.867919257778485
2013,5,26,0.0930539816617966,0,0.0437628807630972,0,0.695930008533667
2013,5,27,0.130381554365158,0,0.114570082783757,0,0.583168845121502
2013,5,28,0.0236884485930204,-1.13686837721616e-13,0.0657905445696088,0,0.511411741131942
2013,5,29,0.072620190680027,1.13686837721616e-13,0.0531363181580673,0,0.448766650347406
2013,5,30,3.1820433139801,0,1.81217136177293,0,0.41345759917794
2013,5,31,30.7621307373047,0,16.4661795196298,0,3.70175536454078
2013,6,1,31.6459102630615,0,31.2039909022278,0,8.55390239621578
2013,6,2,5.43533611297607,1.13686837721616e-13,18.5427700624859,0,10.1598947236012
2013,6,3,3.28187680244446,-1.13686837721616e-13,4.37466054001561,0,4.43071642094266
2013,6,4,0.00565961794927716,0,2.00173744794301,0,2.96140429163263
2013,6,5,0.211424574255943,0,0.10370860817784,0,2.16410313619307
2013,6,6,1.10232484340668,0,0.721252384697436,0,1.68572244292934
2013,6,7,0.00638710567727685,0,0.60605691868841,0,1.34402194774096
2013,6,8,0.00124445732217282,0,0.00389880182046909,0,1.08319056974716
2013,6,9,0.467327028512955,0,0.204507678819937,0,0.890699290791043
2013,6,10,2.15482187271118,0,1.07434408908739,0,0.750602087763808
2013,6,11,0.00172123673837632,0,1.05568400718767,0,0.637840924351642
2013,6,12,0.000578141596633941,0,0.00118050765013322,0,0.543303787349524
2013,6,13,0.00207558670081198,0,0.00148262774746399,0,0.466990676757452
2013,6,14,0.000449532933998853,0,0.00137605003692443,1.13686837721616e-13,0.404345585972916
2013,6,15,0.0299755912274122,0,0.0172216422506608,-1.13686837721616e-13,0.354229513345287
2013,6,16,0.897290766239166,0,0.403040034208971,0,0.316642458874565
2013,6,17,11.3768873214722,0,5.73077123366966,0,0.314364455573309
2013,6,18,9.2678279876709,0,10.2104122166711,0,0.307530445669542
2013,6,19,0.00235136086121202,1.13686837721616e-13,4.83299542559689,1.13686837721616e-13,0.293862425862007
2013,6,20,0.00174575322307646,0,0.00201495682267705,-1.13686837721616e-13,0.276777401102588
2013,6,21,0.452101647853851,-1.13686837721616e-13,0.29016898599366,0,0.244885354885006
2013,6,22,0.213783472776413,0,0.307052214309806,0,0.219827318571191
2013,6,23,0.0322372503578663,0,0.12695351527509,0,0.199325288859888
2013,6,24,0.000587255868595094,0,0.0201662626641337,0,0.181101262449841
2013,6,25,0.0726911425590515,0,0.0389483925609966,0,0.164016237690422
2013,6,26,0.230485454201698,0,0.133364751825866,0,0.149209216232259
2013,6,27,0.0455054305493832,0,0.134488810021139,0,0.13781919972598
2013,6,28,0.209733903408051,0,0.104307645509834,0,0.128707186520956
2013,6,29,0.0033630165271461,-1.13686837721616e-13,0.112978845754697,-1.13686837721616e-13,0.118456171665305
2013,6,30,0.0602267198264599,1.13686837721616e-13,0.0244115891764523,1.13686837721616e-13,0.11048316011091
2013,7,1,0.221129938960075,0,0.14693456616078,0,0.10478815185777
2013,7,2,0.105943329632282,0,0.17516414711281,0,0.0990931436046302
2013,7,3,0.00247940211556852,0,0.0513696670168429,0,0.0956761386527464
2013,7,4,0.688354432582855,0,0.247587479934737,0,0.0922591337008626
2013,7,5,0.160974189639092,-1.13686837721616e-13,0.452765402005753,0,0.0922591337008626
2013,7,6,0.234309062361717,1.13686837721616e-13,0.205984913918655,0,0.0888421287489788
2013,7,7,6.99596648701117e-06,0,0.145906472876959,0,0.085425123797095
2013,7,8,0.000268405041424558,0,0.000135985806991812,0,0.0831471204958391
2013,7,9,0.00419724453240633,0,0.00233476587891346,-1.13686837721616e-13,0.0797301155439553
2013,7,10,1.02100610733032,0,0.418688533987734,1.13686837721616e-13,0.0763131105920715
2013,7,11,3.3316650390625,0,2.12160870369553,0,0.0717571039895598
2013,7,12,0.0527780055999756,0,1.76567631497164,0,0.068340099037676
2013,7,13,0.000156845577294007,0,0.0350203282869188,0,0.067201097387048
2013,7,14,0.00533387623727322,0,0.00208922529418487,0,0.0660620957364201
2013,7,15,0.328133702278137,0,0.0997815195878502,0,0.0649230940857922
2013,7,16,1.82741701602936,0,0.917014875878522,0,0.0637840924351642
2013,7,17,1.25954627990723,0,1.61523760986165,0,0.0615060891339084
2013,7,18,0.0293147973716259,0,0.722605457049212,0,0.0592280858326525
2013,7,19,5.66217708587647,0,1.76228806581639,0,0.0615060891339084
2013,7,20,11.050684928894,0,7.96965069141879,0,0.0615060891339084
2013,7,21,7.86865186691284,0,9.57538089725858,0,0.0808691171945832
2013,7,22,10.0824966430664,0,8.76510192456772,0,0.0865641254477229
2013,7,23,6.03430414199829,0,8.48387096289662,0,0.085425123797095
2013,7,24,25.0757293701172,0,13.3236842501428,0,0.0990931436046302
2013,7,25,0.868718504905701,0,13.2246051012116,0,0.0865641254477229
2013,7,26,0.375133723020554,0,0.627835054605384,0,0.0899811303996067
2013,7,27,7.21256637573242,0,3.4767680714067,0,0.0922591337008626
2013,7,28,0.0179133601486683,0,3.79213829586661,0,0.0911201320502346
2013,7,29,0.661399304866791,0,0.335773572689504,0,0.0899811303996067
2013,7,30,10.3022356033325,0,4.20050366564101,0,0.0899811303996067
2013,7,31,5.1859073638916,0,7.79539761732303,0,0.085425123797095
2013,8,1,6.86980724334717,0,5.9187211230601,0,0.0831471204958391
2013,8,2,2.84684348106384,0,5.00096634242073,-1.13686837721616e-13,0.0808691171945832
2013,8,3,18.0383739471436,0,10.3595306276548,1.13686837721616e-13,0.116178168364049
2013,8,4,14.0709266662598,0,16.0923720101055,0,0.113900165062793
2013,8,5,10.2804536819458,0,12.29083134127,0,0.112761163412165
2013,8,6,2.66011190414429,0,6.63494370000262,0,0.164016237690422
2013,8,7,0.438380539417267,0,1.57678530293197,0,0.153765222834771
2013,8,8,24.9452838897705,1.13686837721616e-13,12.3979618262601,0,0.197047285558632
2013,8,9,21.4095058441162,-1.13686837721616e-13,23.2179876400769,0,1.67433242642306
2013,8,10,35.7989044189453,0,28.5066556579404,0,5.04577731228174
2013,8,11,6.8531436920166,0,21.3336061910741,-1.13686837721616e-13,8.155251818496
2013,8,12,4.80356740951538,0,5.90367538404826,1.13686837721616e-13,3.48534505092147
2013,8,13,10.4232406616211,0,7.59429254834686,0,4.0206758267166
2013,8,14,5.84054565429688,0,8.14893743328867,0,4.08901592575428
2013,8,15,0.00861881766468287,0,3.01327204467816,0,2.58553374692541
2013,8,16,0.00099054747261107,0,0.0045317404292291,0,1.68572244292934
2013,8,17,0.00408222293481231,0,0.00261920269258553,0,1.21873176617189
2013,8,18,0.00269239768385887,0,0.00327845082210843,0,0.926008341960509
2013,8,19,0.00729621155187488,-1.13686837721616e-13,0.00489915035723243,0,0.739212071257528
2013,8,20,0.00343948299996555,1.13686837721616e-13,0.00513959277304821,0,0.603670874832804
2013,8,21,0.00258433376438916,0,0.00284239918983076,0,0.497743721324407
2013,8,22,0.00355773884803057,0,0.00283395397855202,-1.13686837721616e-13,0.422569612382963
2013,8,23,0.0489890575408936,0,0.0318561085441615,1.13686837721616e-13,0.365619529851566
2013,8,24,0.0686710774898529,0,0.0583074584574206,0,0.320059463826449
2013,8,25,0.020757894963026,0,0.0372827903775033,0,0.279055404403844
2013,8,26,0.0448829457163811,0,0.0321595457426156,0,0.247163358186261
2013,8,27,2.9250843454065e-06,0,0.0183728638294269,0,0.222105321872447
2013,8,28,0.000886067049577832,0,0.000388078355172183,0,0.201603292161144
2013,8,29,0.000986704137176275,0,0.000943477854889352,0,0.184518267401725
2013,8,30,0.429849863052368,-1.13686837721616e-13,0.178953087408445,-1.13686837721616e-13,0.169711245943562
2013,8,31,0.126316621899605,1.13686837721616e-13,0.263525166301406,1.13686837721616e-13,0.157182227786655
2013,9,1,0.0274735949933529,0,0.0850606051972136,0,0.144653209629747
2013,9,2,1.55384242534637,0,0.923720240229159,0,0.133263193123468
2013,9,3,0.504409968852997,-1.13686837721616e-13,0.9982269959728,0,0.124151179918445
2013,9,4,6.30540398560697e-06,2.27373675443232e-13,0.183254167110135,0,0.116178168364049
2013,9,5,4.62742527062849e-15,-1.13686837721616e-13,2.21057416638359e-06,0,0.109344158460282
2013,9,6,0.0047277151606977,0,0.00256940421968466,0,0.103649150207142
2013,9,7,0.00497431308031082,0,0.00483507293392904,0,0.0990931436046302
2013,9,8,0.00107241841033101,0,0.00268271805543918,0,0.0945371370021184
2013,9,9,0.00335837295278907,0,0.00207681168831186,0,0.0911201320502346
2013,9,10,0.0200109668076038,0,0.0128878201940097,0,0.085425123797095
2013,9,11,0.793298184871674,0,0.334209335218475,0,0.0831471204958391
2013,9,12,0.725217819213867,0,0.757304997801839,0,0.0808691171945832
2013,9,13,1.43085980415344,0,0.972032978534116,0,0.0774521122426994
2013,9,14,0.00696892291307449,0,0.796445797408524,0,0.0740351072908156
2013,9,15,0.00440872879698873,0,0.00536288563307608,0,0.0706181023389318
2013,9,16,2.62552046775818,0,1.1219841143029,-1.13686837721616e-13,0.0660620957364201
2013,9,17,3.3854615688324,0,3.00536067392386,1.13686837721616e-13,0.0637840924351642
2013,9,18,0.338165044784546,1.13686837721616e-13,1.88845230585139,1.13686837721616e-13,0.0626450907845363
2013,9,19,0.553968727588654,-2.27373675443232e-13,0.433640419068979,-1.13686837721616e-13,0.0615060891339084
2013,9,20,27.7643032073975,1.13686837721616e-13,14.1447387085645,0,0.0694791006883039
2013,9,21,4.46209049224854,0,16.1143165141475,0,0.0615060891339084
2013,9,22,0.00613709352910519,0,2.25450648775586,0,0.0603670874832804
2013,9,23,0.0384574383497238,-1.13686837721616e-13,0.020392858197738,0,0.067201097387048
2013,9,24,0.0116114262491465,1.13686837721616e-13,0.0214246294344775,0,0.0694791006883039
2013,9,25,0.000286071619484574,0,0.00827353847853374,0,0.068340099037676
2013,9,26,0.00537939602509141,0,0.00386794745281804,0,0.0637840924351642
2013,9,27,0.00192199286539108,0,0.00304643451090669,-1.13686837721616e-13,0.0603670874832804
2013,9,28,0.490439653396606,0,0.212428931910836,1.13686837721616e-13,0.0592280858326525
2013,9,29,12.822756767273,0,6.35848047775653,-1.13686837721616e-13,0.0603670874832804
2013,9,30,1.24797451496124,0,8.64045708448248,1.13686837721616e-13,0.0558110808807687
2013,10,1,0.0883412957191467,0,0.827385496566421,0,0.0546720792301408
2013,10,2,0.00479041365906596,0,0.0292311580560636,0,0.0535330775795128
2013,10,3,5.20407485961914,0,1.98915445935563,0,0.0535330775795128
2013,10,4,0.0325101688504219,0,2.63586614921223,0,0.051255074278257
2013,10,5,3.07797861099243,0,-0.494375312577176,0,0.0535330775795128
2013,10,6,24.0322895050049,1.13686837721616e-13,13.5014867905047,0,0.0569500825313966
2013,10,7,1.30736029148102,-1.13686837721616e-13,12.6702978896574,0,0.0478380693263732
2013,10,8,6.82821264490485e-05,0,0.576353960692359,0,0.0478380693263732
2013,10,9,0.0298071838915348,0,0.0146582494780887,0,0.0489770709770011
2013,10,10,0.332911103963852,0,0.172805857175263,0,0.050116072627629
2013,10,11,0.00382158858701587,0,0.190282989460684,0,0.050116072627629
2013,10,12,3.22934794425964,0,1.30682837928907,0,0.051255074278257
2013,10,13,1.82789659500122,0,2.70599846456753,0,0.050116072627629
2013,10,14,1.32135415077209,0,1.52829771753022,0,0.0478380693263732
2013,10,15,9.93339729309082,0,5.04906807850057,0,0.0706181023389318
2013,10,16,14.9957342147827,0,12.4087043707405,0,0.0660620957364201
2013,10,17,1.16948127746582,0,8.10379632194963,0,0.0603670874832804
2013,10,18,0.0167041607201099,0,0.64515481624403,0,0.0706181023389318
2013,10,19,4.20202016830444,0,2.40672589472524,0,0.0899811303996067
2013,10,20,0.230868548154831,0,2.5814953552981,0,0.123012178267817
2013,10,21,1.49945378303528,1.13686837721616e-13,0.767321830404399,1.13686837721616e-13,0.135541196424724
2013,10,22,3.94926309585571,-1.13686837721616e-13,3.08408566768776,-1.13686837721616e-13,0.130985189822212
2013,10,23,0.00218782713636756,0,1.6321926952005,0,0.123012178267817
2013,10,24,2.17011765926145e-05,0,0.000888803078851197,0,0.118456171665305
2013,10,25,0.00124824605882168,0,0.000741374853532761,0,0.111622161761537
2013,10,26,0.00860313605517149,0,0.00471129654761171,0,0.105927153508398
2013,10,27,0.0877260789275169,0,0.0387974274854059,0,0.100232145255258
2013,10,28,1.85443544387817,0,1.04832903786155,0,0.0968151403033743
2013,10,29,0.967185199260712,0,1.38304235494434,0,0.0979541419540022
2013,10,30,1.62048995494843,0,1.29053801031841,0,0.0956761386527464
2013,10,31,18.6548557281494,0,8.45904026253993,0,0.0990931436046302
2013,11,1,2.72619390487671,0,10.719737408006,0,0.0933981353514905
2013,11,2,0.0690205693244934,0,1.50299649794761,0,0.0922591337008626
2013,11,3,0.0217585824429989,0,0.0444353359926026,0,0.0899811303996067
2013,11,4,0.839349448680878,0,0.414984876209928,-1.13686837721616e-13,0.0888421287489788
2013,11,5,11.4869298934937,0,5.44511288446665,1.13686837721616e-13,0.0945371370021184
2013,11,6,31.2743263244629,0,21.3805930304297,0,0.108205156809654
2013,11,7,2.8488552570343,-1.13686837721616e-13,17.0860312742734,0,1.00459945585384
2013,11,8,0.0307851582765579,1.13686837721616e-13,1.85875239176676,0,1.02510148556514
2013,11,9,0.00393889006227255,0,-0.0460729325859575,0,0.670871972219852
2013,11,10,0.0021224282681942,0,0.00312608347303467,0,0.502299727926918
2013,11,11,0.0171319711953402,0,0.00936300202010898,0,0.404345585972916
2013,11,12,0.0521274916827679,0,0.0342491504343343,0,0.338283490236496
2013,11,13,1.07248824861017e-05,0,0.0215112984878942,0,0.287028415958239
2013,11,14,0.0953699722886086,0,0.0622435403201962,0,0.250580363138145
2013,11,15,0.587501704692841,0,0.382577082928037,0,0.225522326824331
2013,11,16,0.515126168727875,0,0.554083051778434,0,0.20957630371554
2013,11,17,4.89236450195313,0,2.09915853835264,-1.13686837721616e-13,0.226661328474959
2013,11,18,0.133890643715858,0,2.9397511816278,1.13686837721616e-13,0.257414373041913
2013,11,19,0.421576589345932,0,0.272230028283957,0,0.312086452272054
2013,11,20,0.310472637414932,0,0.360006827540929,0,0.317781460525193
2013,11,21,12.9423608779907,0,6.58572381814156,0,0.293862425862007
2013,11,22,7.43775367736816,0,10.1909928511668,0,0.279055404403844
2013,11,23,0.90089875459671,0,4.17695106923202,0,0.291584422560751
2013,11,24,0.000607992406003177,0.000170109048781342,0.510690488423279,0,0.290445420910123
2013,11,25,1.05342698097229,0.244387076765406,0.282078098513011,0,0.274499397801332
2013,11,26,1.00454032421112,0.243517024551352,0.785373633516429,0,0.259692376343169
2013,11,27,0.00278098182752728,0.000224762611878759,0.527100962164695,0,0.243746353234378
2013,11,28,0.0024534307885915,0.000242620053768405,0.00237924557586666,0,0.230078333426842
2013,11,29,0.00999679882079363,0,0.0062206194124883,0.50605674022097,0.218688316920563
2013,11,30,0.000185584591235966,0,0.00493453032686375,0,0.20957630371554
2013,12,1,0.883152008056641,0,0.40457992622396,0,0.200464290510516
2013,12,2,0.0343303084373474,0,0.460229428921593,0,0.191352277305493
2013,12,3,0.627373337745667,0,0.310025333114027,0,0.184518267401725
2013,12,4,0.25046893954277,0,0.467007598832424,0,0.177684257497958
2013,12,5,3.72643804550171,0,1.71522083547461,0,0.186796270702981
2013,12,6,38.636360168457,18.3368972775671,1.957862761672,0,0.224383325173703
2013,12,7,7.69854497909546,26.6133758623795,7.27595761418343e-12,0,0.230078333426842
2013,12,8,0.0622431635856628,4.25852594447929,-7.27595761418343e-12,0,0.225522326824331
2013,12,9,0.618415713310242,0.316353120960457,0.0196052167157177,0,0.220966320221819
2013,12,10,0.00755574880167842,0.312581009947394,0.0212796390114818,0,0.220966320221819
2013,12,11,2.58488368988037,0.501938302940289,0.579380802097148,-1.13686837721616e-13,0.225522326824331
2013,12,12,0.0372994430363178,0.622832780067824,0.723260758226388,1.13686837721616e-13,0.240329348282494
2013,12,13,0.836363077163696,0.0372699306084314,0.381911942844454,0,0.260831377993797
2013,12,14,11.441743850708,0.0285956133309355,6.09697956697346,0,0.37473154305659
2013,12,15,0.0537668541073799,0,5.76016917309607,0,0.899811303996067
2013,12,16,0.0486659593880177,0,0.0515983838922693,2.12387709015695,1.15039166713421
2013,12,17,1.85171461105347,0,0.856769984638959,6.39324993754519,1.3781919972598
2013,12,18,0.0784661918878555,0,0.979626228523557,7.42843919279437,1.79962260799213
2013,12,19,0.0269403290003538,0,0.0528366228099912,7.86027046537606,1.89074274004237
2013,12,20,0.990315914154053,0,0.501688131007541,10.2623166146134,2.25522326824331
2013,12,21,47.1981506347656,-2.27373675443232e-13,22.7973683339587,9.55801336510251,16.1738234389166
2013,12,22,15.6734371185303,0,31.4902149197515,4.16203614832898,15.0348217882887
2013,12,23,0.70497339963913,0.111780170354336,8.21469396600151,0.495017628137589,5.71778828615222
2013,12,24,0.168984934687614,0.186114166270613,0.270712501478556,0,3.63341526550311
2013,12,25,0.000596572121139616,0.0732356738030831,0.0168193686622544,0,2.67665387897564
2013,12,26,0.0319936834275723,1.19230114705715e-05,0.014869923274091,0.247998844428253,2.11854307016796
2013,12,27,5.88336547480139e-07,0,0.0165256095206132,2.14421766185149,1.71989249244818
2013,12,28,0.00385911343619227,0,0.00205269771686289,0.965626511879691,1.44653209629747
2013,12,29,0.028643349185586,0,0.0150143678401946,0,1.25290181569073
2013,12,30,0.00172447925433517,0.000177627969947025,0.0155371407599887,0,1.08205156809654
2013,12,31,0.00285885646007955,0.000199270925349992,0.0020483844782575,-1.13686837721616e-13,0.930564348563021
2014,1,1,0.00187052157707512,0,0.00238747276307549,0,0.816664183500228
2014,1,2,0.0389892570674419,0.00332647783488937,0.0169856574793812,1.13686837721616e-13,0.733517063004389
2014,1,3,0.00251626293174922,0.00473977506737811,0.0171817952941637,0,0.660620957364201
2014,1,4,0.46641817688942,0.0809275622852965,0.150068594302866,0,0.596836864929037
2014,1,5,8.52899074554443,2.01601589043685,2.29174926316773,0,0.579751840169618
2014,1,6,1.44434857368469,2.7633110228752,2.26216849982302,0,0.629867912797247
2014,1,7,0.795591771602631,1.16805901521263,0,0,0.613921889688456
2014,1,8,0.533617615699768,0.631163646114828,0.0371501802073908,0,0.560388812108943
2014,1,9,6.14291429519653,0.792336274765148,2.5213636382905,0,0.535330775795128
2014,1,10,5.96816825866699,0.645224345528618,5.42241982394626,0.899720711785221,0.785911138933274
2014,1,11,20.7828807830811,0,13.2939121023155,3.2627374546388,4.60156666853685
2014,1,12,0.0159812066704035,0,10.4394626241701,3.90738974590897,3.77009546357846
2014,1,13,0.399423032999039,0,0.206021522732044,0,2.74499397801332
2014,1,14,1.06978392601013,-1.13686837721616e-13,0.734467849892099,0,2.18688316920563
2014,1,15,0.0456012636423111,1.13686837721616e-13,0.582492555375211,0,1.77684257497958
2014,1,16,0.00381398620083928,0,0.0247691584736458,0,1.50348217882887
2014,1,17,0.00282095745205879,0,0.00326407225657022,-1.13686837721616e-13,1.30985189822212
2014,1,18,3.65752421203069e-05,0,0.00152305419760523,1.13686837721616e-13,1.13672364732668
2014,1,19,0.000262429646681994,-1.13686837721616e-13,0.000135095804580487,0,1.00232145255258
2014,1,20,1.38189466269978e-06,1.13686837721616e-13,0.000137131472001784,0,0.900950305646695
2014,1,21,0.000330932496581227,0,0.000150530344399158,0,0.80983017359646
2014,1,22,6.44653894710245e-08,1.85008275366272e-08,0.000195614804397337,-1.13686837721616e-13,0.724405049799365
2014,1,23,0.00531332194805145,0.00196911778732556,0.000267464725766331,1.13686837721616e-13,0.65036994250855
2014,1,24,0.000495923333801329,0.00266298464759984,0.000329247624904383,0,0.588863853374641
2014,1,25,0,0.000258153171103004,0,0,0.533052772493873
2014,1,26,4.12844883612706e-06,0,2.02350929612294e-06,0.00509568716847753,0.505716732878802
2014,1,27,0.0225782841444016,0,0.010792747263622,0,0.494326716372523
2014,1,28,0.0495250560343266,0.0207641646312595,0.0131119806828792,0,0.463573671805569
2014,1,29,2.28034532483434e-05,0.0291205701228137,0,0,0.423708614033591
2014,1,30,0.000107363164715935,2.78681851568763e-05,4.81480165035464e-05,0,0.390677566165381
2014,1,31,0.0194599200040102,1.56460753260035e-05,0.00962987089587841,0.0810622944001125,0.370175536454078
2014,2,1,0.532013952732086,0,0.250005491056072,0,0.364480528200939
2014,2,2,3.52797174453735,0,2.0285398137712,0,0.373592541405962
2014,2,3,7.15437459945679,3.35638554455727,1.87286783567106,0,0.38042655130973
2014,2,4,1.8639554977417,4.4461466254262,0.389255207788665,0,0.382704554610985
2014,2,5,9.76838302612305,4.74302699997895,0.50755755136197,0,0.36903653480345
2014,2,6,0.0287774708122015,6.0112768137169,0,0,0.348534505092147
2014,2,7,0.157732412219048,0.0788254455537754,-7.27595761418343e-12,0,0.324615470428961
2014,2,8,0.805334508419037,0.419324432766643,7.27595761418343e-12,0,0.305252442368286
2014,2,9,0.0120791783556342,0.49676064361438,0.00164943278650753,0,0.290445420910123
2014,2,10,0.0750531554222107,0.0277357491821704,0.0108794309708173,1.13686837721616e-13,0.282472409355727
2014,2,11,0.0266637839376926,0.0421534660096086,0.012244752040715,-1.13686837721616e-13,0.276777401102588
2014,2,12,0.0411035157740116,0.0257682079949291,0.00777880855457624,0,0.267665387897564
2014,2,13,0.0545618645846844,0.0137126096827842,0.033975267673668,1.13686837721616e-13,0.260831377993797
2014,2,14,0.0737362504005432,1.13686837721616e-13,0.0620617024105741,1.48958908170221,0.26424838294568
2014,2,15,0.234754323959351,-1.13686837721616e-13,0.142264456691919,2.91044757921941,0.290445420910123
2014,2,16,0.000209717458346859,1.13686837721616e-13,0.117849489448417,3.15450180801133,0.378148548008474
2014,2,17,0.524741232395172,0,0.258829770835291,6.65324138240362,0.443071642094266
2014,2,18,0.00624924153089523,-1.13686837721616e-13,0.266203629296797,5.59940150648799,0.454461658600545
2014,2,19,0.00159630889538676,0,0.00438639509957284,1.13686837721616e-13,0.457878663552429
2014,2,20,0.242471098899841,0,0.11307182215387,-1.13686837721616e-13,0.452183655299289
2014,2,21,0.0154279079288244,0,0.133578268359997,0,0.438515635491754
2014,2,22,6.83137113810517e-05,1.13686837721616e-13,0.00559426785912365,0,0.421430610732335
2014,2,23,0.0432671904563904,-1.13686837721616e-13,0.0281936500032316,0,0.400928581021032
2014,2,24,0.000232419450185262,0,0.0158651374295005,0,0.38042655130973
2014,2,25,0.000899769656825811,0,0.000619511025433894,0,0.363341526550311
2014,2,26,0.00202940218150616,0.000195516996541301,0.00126378369168378,0,0.346256501790892
2014,2,27,1.04019864011207e-05,0.00020404185534062,0.000841467881400604,0,0.331449480332728
2014,2,28,0.178203955292702,1.87237992577138e-06,0.0809337910177419,0,0.322337467127705
2014,3,1,0.430806934833527,0,0.316390999381838,0,0.316642458874565
2014,3,2,6.19127798080444,-1.13686837721616e-13,3.14243835007073,0,0.326893473730217
2014,3,3,24.1449947357178,10.8163746192841,3.41773494440713,0,0.37473154305659
2014,3,4,1.88213312625885,13.1164656537795,0,0,0.370175536454078
2014,3,5,0.0356280580163002,0.949409333353628,0.0145803900668398,0,0.339422491887124
2014,3,6,0.0106745818629861,0.00316561327372256,0.020037587848492,0.590894279938084,0.334866485284612
2014,3,7,0.0628736093640328,-1.13686837721616e-13,0.0373636303775129,2.28728760840147,0.485214703167499
2014,3,8,0.0118151539936662,0,0.0382822481260519,4.97354054423283,1.35541196424724
2014,3,9,0.546940624713898,0,0.272370413775207,6.46430969450512,2.02742293811772
2014,3,10,0.00210058805532753,0,0.290678568613657,7.16579806473908,1.9818628720926
2014,3,11,0.00646523339673877,0,0.00427662919537397,3.52404744883609,1.74267252546074
2014,3,12,0.000661922851577401,0,0.00369221368600847,0,1.49209216232259
2014,3,13,8.38447667774744e-05,0,0.000305957546515856,0,1.23012178267817
2014,3,14,0.00401319935917854,0,0.00185586656880332,0,1.0478815185777
2014,3,15,0.590876460075378,0,0.228628348188067,0,0.943093366719928
2014,3,16,35.5219612121582,0,18.0470125903594,0,14.4653209629747
2014,3,17,19.9672374725342,-2.27373675443232e-13,27.7447433336056,0,21.1854307016796
2014,3,18,0.143452167510986,3.41060513164848e-13,10.0605117448795,4.54747350886464e-13,8.23498193403995
2014,3,19,0.220327496528626,0,0.180189157457789,0,5.35330775795128
2014,3,20,0.0776669383049011,0,0.166560428049706,0,3.88399562864125
2014,3,21,0.0352508425712585,0,0.0634952352847904,0,3.07530445669542
2014,3,22,0.734154045581818,0,0.375696587972925,0,2.57414373041913
2014,3,23,0.936547994613647,0,0.828263058632729,0,2.22105321872447
2014,3,24,0.00132872501853853,0,0.506728762906278,0,1.94769282257377
2014,3,25,0.117011211812496,0,0.057992712550913,0,1.71989249244818
2014,3,26,0.092764288187027,0,0.108067124958325,0,1.50348217882887
2014,3,27,0.719211518764496,0,0.43088061879098,0,1.3781919972598
2014,3,28,2.1203293800354,0,1.38272601440258,1.13686837721616e-13,1.34402194774096
2014,3,29,13.6793985366821,0,7.52940305075026,-1.13686837721616e-13,2.26661328474959
2014,3,30,0.105605974793434,0,6.89326510623505,0,2.53997368090029
2014,3,31,0.0898663923144341,0,0.0978066849129391,0,2.15271311968679
2014,4,1,1.14122569561005,0,0.594721505105554,0,1.97047285558632
2014,4,2,0.889997363090515,0,1.04595691972645,-1.13686837721616e-13,1.7654525584733
2014,4,3,4.92821168899536,0,2.45952102295269,1.13686837721616e-13,1.66294240991678
2014,4,4,16.0545024871826,0,7.30732152808196,0,5.13689744433198
2014,4,5,0.134913727641106,-1.13686837721616e-13,8.09556251960021,-1.13686837721616e-13,4.89770709770011
2014,4,6,0.173966571688652,1.13686837721616e-13,0.151888102918747,1.13686837721616e-13,3.49673506742775
2014,4,7,23.223669052124,0,11.5926282745349,0,4.4079363879301
2014,4,8,0.710739135742188,1.13686837721616e-13,11.9870506318548,1.13686837721616e-13,6.5036994250855
2014,4,9,0.641543090343475,-1.13686837721616e-13,0.692384208901785,-1.13686837721616e-13,4.24847615684219
2014,4,10,0.000612894655205309,0,0.337555584927031,0,3.33727483633984
2014,4,11,0.147086054086685,0,0.0689064974576468,0,2.77916402753216
2014,4,12,0.0354342833161354,0,0.078895923878008,0,2.38051344981238
2014,4,13,3.08094263076782,0,1.55621221281763,0,2.17549315269935
2014,4,14,22.008337020874,0,9.67407103924052,0,4.70407681709336
2014,4,15,0.227501168847084,-1.13686837721616e-13,11.1187129329701,0,4.03206584322288
2014,4,16,4.61249001091346e-05,1.13686837721616e-13,0.0934802735137055,0,3.06391444018914
2014,4,17,0.000930333393625915,0,0.000572765966353472,0,2.56275371391285
2014,4,18,0.138724625110626,0,0.0640129250750761,0,2.22105321872447
2014,4,19,0.000275188765954226,0,0.0865467435869505,0,1.94769282257377
2014,4,20,0.00493898941203952,-1.13686837721616e-13,0.0020358929032227,0,1.71989249244818
2014,4,21,3.97775936126709,1.13686837721616e-13,1.74681372042687,0,1.53765222834771
2014,4,22,3.5900444984436,0,3.78425110269018,0,1.38958201376608
2014,4,23,0.0127167170867324,0,2.06014667519776,0,1.24151179918445
2014,4,24,0.516508936882019,0,0.294884692593769,0,1.11394361431412
2014,4,25,2.72690010070801,0,1.53824859525048,0,1.02851849051702
2014,4,26,0.0645027458667755,0,1.66707745852182,0,0.933981353514905
2014,4,27,3.03157520294189,0,1.32931740557251,0,0.865641254477229
2014,4,28,24.7135601043701,0,12.8714245799492,0,1.9818628720926
2014,4,29,0.0168773252516985,1.13686837721616e-13,12.3732417481151,1.13686837721616e-13,2.18688316920563
2014,4,30,0.0112768076360226,-1.13686837721616e-13,0.0135856189663173,-1.13686837721616e-13,1.68572244292934
2014,5,1,0.020170034840703,0,0.0161367818509461,0,1.36680198075352
2014,5,2,0.00860161334276199,0,0.013605842294055,0,1.16178168364049
2014,5,3,6.55177937005647e-05,0,0.00448666502779815,0,1.03079649381828
2014,5,4,1.46913016578765e-05,1.13686837721616e-13,4.48215796495788e-05,0,0.913479323803602
2014,5,5,1.19094529509312e-05,-1.13686837721616e-13,1.310977677349e-05,0,0.801857162042065
2014,5,6,8.7945991253946e-05,0,4.47323327534832e-05,0,0.703903020088062
2014,5,7,0.000967287574894726,0,0.00059179882373428,0,0.623033902893479
2014,5,8,4.89790678024292,0,2.05533940923488,0,0.577473836868362
2014,5,9,30.9247913360596,0,17.870385187176,1.13686837721616e-13,1.38958201376608
2014,5,10,0.152376294136047,1.13686837721616e-13,15.5387220197736,0,1.50348217882887
2014,5,11,0.320554941892624,-1.13686837721616e-13,0.240695722975943,0,1.16178168364049
2014,5,12,2.1598048210144,0,-0.224785194848664,-1.13686837721616e-13,0.933981353514905
2014,5,13,34.795825958252,0,11.3714323694439,0,5.10272739481314
2014,5,14,8.12804698944092,0,21.4843854068095,0,5.00021724625663
2014,5,15,7.27164459228516,0,7.72467192318436,0,4.29403622286731
2014,5,16,0.665939152240753,0,4.00254108361696,0,3.24615470428961
2014,5,17,9.8668098449707,0,3.71328503029508,0,2.51719364788773
2014,5,18,2.02129149436951,0,5.99503504671884,0,2.19827318571191
2014,5,19,0.0727612674236298,1.13686837721616e-13,1.07298981524218,0,1.86796270702981
2014,5,20,0.64208060503006,-1.13686837721616e-13,0.334214020535001,0,1.56043226136027
2014,5,21,0.0158514473587275,0,0.273975991643965,0,1.27568184870328
2014,5,22,0.112639293074608,0,0.0772649328646367,0,1.04560351527644
2014,5,23,0.0524010732769966,0,0.0763302207924426,0,0.862224249525345
2014,5,24,0.0731233581900597,0,0.0608565186339547,0,0.726683053100621
2014,5,25,0.397282183170319,0,0.201671255716064,0,0.616199892989712
2014,5,26,1.28059720993042,1.13686837721616e-13,0.770483528714976,0,0.531913770843245
2014,5,27,1.5933313369751,-1.13686837721616e-13,1.46508005762735,0,0.463573671805569
2014,5,28,8.84622955322266,0,4.91623567412898,0,0.44648864704615
2014,5,29,3.852694272995,0,6.63951628990617,0,0.469268680058708
2014,5,30,7.85718631744385,0,5.73170108628983,0,0.536469777445756
2014,5,31,6.27587652206421,0,7.13366835373017,0,0.628728911146619
2014,6,1,4.25227165222168,0,5.56549061879923,0,0.752880091065064
2014,6,2,1.74621033668518,0,3.06631355933496,0,0.691374001931155
2014,6,3,3.78151321411133,0,2.576015724022,0,0.624172904544107
2014,6,4,0.018948420882225,0,2.32024664116761,-1.13686837721616e-13,0.574056831916478
2014,6,5,6.37204837799072,0,2.32599109724106,1.13686837721616e-13,0.502299727926918
2014,6,6,12.7623271942139,0,9.43481467492529,0,0.461295668504313
2014,6,7,12.9458465576172,0,12.8540279054432,0,0.888421287489788
2014,6,8,5.33129262924194,0,9.14393877958355,0,0.930564348563021
2014,6,9,20.1129055023193,0,12.6929132758232,1.13686837721616e-13,1.46931212931003
2014,6,10,7.53232192993164,0,13.8344706151402,-1.13686837721616e-13,1.9818628720926
2014,6,11,6.17292594909668,0,6.98409784150863,0,1.87935272353609
2014,6,12,1.16832709312439,0,3.69194341536058,0,1.51487219533515
2014,6,13,2.57284474372864,0,1.85485828670062,0,1.3212419147284
2014,6,14,0.000709126819856465,0,1.33217844267347,0,1.13102863907354
2014,6,15,1.40503394603729,0,0.567413325697999,0,0.88158727758602
2014,6,16,3.26173949241638,0,2.16595266941295,0,0.751741089414436
2014,6,17,0.111270233988762,0,1.94402391198673,0,0.643535932604782
2014,6,18,0.152125284075737,0,0.129265832620149,0,0.543303787349524
2014,6,19,0.0215220116078854,0,0.0919284486881224,0,0.459017665203057
2014,6,20,1.6754914522171,0,0.804213176139456,0,0.394094571117265
2014,6,21,4.39846801757813,0,2.86155295888602,0,0.818942186801484
2014,6,22,3.02205061912537,0,3.91712292553711,0,1.04674251692707
2014,6,23,10.7134056091309,0,6.35741732188762,0,0.869058259429113
2014,6,24,19.7166156768799,0,15.0633438759833,0,0.75515809436632
2014,6,25,2.31134033203125,0,11.1408563608566,0,0.94764937332244
2014,6,26,11.5348358154297,0,6.89562390781066,0,2.9727943081389
2014,6,27,2.55399107933044,1.13686837721616e-13,7.08739491151209,0,2.41468349933122
2014,6,28,0.395596265792847,-1.13686837721616e-13,1.58317135552352,0,1.58321229437283
2014,6,29,3.92844390869141,0,1.93102361731144,0,1.16178168364049
2014,6,30,0.689602673053742,0,2.56941922434635,0,0.899811303996067
2014,7,1,0.14907032251358,0,0.477262505657564,0,0.714154034943714
2014,7,2,6.4019250869751,1.13686837721616e-13,3.01128119586065,1.13686837721616e-13,0.58430784677213
2014,7,3,0.358226954936981,0,3.58433819180209,-1.13686837721616e-13,0.486353704818127
2014,7,4,0.00010799516167026,-2.27373675443232e-13,0.205840596710914,0,0.421430610732335
2014,7,5,0.00071214052150026,1.13686837721616e-13,0.000485354416014161,0,0.351951510044031
2014,7,6,0.0757547244429588,0,0.0343399563935236,1.13686837721616e-13,0.300696435765774
2014,7,7,1.75136232376099,-1.13686837721616e-13,0.725683859331184,-1.13686837721616e-13,0.266526386246936
2014,7,8,3.89062976837158,0,2.66888930350979,0,0.249441361487517
2014,7,9,10.2557048797607,1.13686837721616e-13,7.00991215166869,0,1.87935272353609
2014,7,10,0.354834944009781,0,5.8493392637829,0,1.50348217882887
2014,7,11,9.26449012756348,0,4.3190217094525,0,0.90892331720109
2014,7,12,0.0260387118905783,0,4.80419318451459,0,0.764270107571343
2014,7,13,0.00357399461790919,0,0.0130381763738114,-1.13686837721616e-13,0.580890841820246
2014,7,14,2.46114301681519,0,0.893017740978394,1.13686837721616e-13,0.449905651998033
2014,7,15,3.2750518321991,0,2.94529307077755,0,0.761992104270087
2014,7,16,0.00278217531740665,0,1.81536937565397,0,1.019406477312
2014,7,17,0.085530012845993,0,0.0310221191102755,0,0.65036994250855
2014,7,18,2.25963163375855,0,1.11237325857655,1.13686837721616e-13,0.490909711420639
2014,7,19,0.0279530975967646,0,1.50869503163267,-1.13686837721616e-13,0.405484587623544
2014,7,20,0.000148380233440548,0,0.0153638902775128,0,0.351951510044031
2014,7,21,0.000495335436426103,0,0.000375502611859702,0,0.306391444018914
2014,7,22,0.000978584052063525,0,0.000712425760866609,0,0.26424838294568
2014,7,23,4.47602701187134,0,1.98129131454334,0,0.323476468778333
2014,7,24,21.5182209014893,-1.13686837721616e-13,12.3329907293009,-1.13686837721616e-13,3.77009546357846
2014,7,25,4.06207582273055e-05,1.13686837721616e-13,10.7991450228001,1.13686837721616e-13,2.18688316920563
2014,7,26,0.00349604967050254,0,0.00151302489393856,0,1.3781919972598
2014,7,27,0.00348730175755918,0,0.00349169182300102,0,0.98637542944379
2014,7,28,0.0390596687793732,0,0.0200784693588503,0,0.759714100968831
2014,7,29,2.20848050958011e-06,-1.13686837721616e-13,0.0228400587220676,0,0.601392871531549
2014,7,30,6.59522485733032,1.13686837721616e-13,3.02249196519551,0,0.50685573452943
2014,7,31,23.3978996276856,0,14.661968723216,0,0.489770709770011
2014,8,1,1.42885482311249,0,12.4192263704463,1.13686837721616e-13,0.645813935906038
2014,8,2,0.0668743029236794,0,0.815261845309578,-1.13686837721616e-13,0.678844983774248
2014,8,3,0.0510877519845963,-1.13686837721616e-13,0.0600750663070357,-1.13686837721616e-13,0.553554802205175
2014,8,4,0.00769673520699143,1.13686837721616e-13,0.0323774818098173,1.13686837721616e-13,0.455600660251173
2014,8,5,0.520168483257294,0,0.343146264014649,0,0.386121559562869
2014,8,6,0.000537549727596343,0,0.243877448359854,0,0.33600548693524
2014,8,7,3.49201369285584,1.13686837721616e-13,1.54281451780844,0,0.296140429163263
2014,8,8,4.64192295074463,-1.13686837721616e-13,4.18387763073406,0,0.266526386246936
2014,8,9,4.71863651275635,0,4.67561041246518,0,0.273360396150704
2014,8,10,16.622091293335,1.13686837721616e-13,10.198202725267,1.13686837721616e-13,0.429403622286731
2014,8,11,2.66595983505249,-1.13686837721616e-13,9.65687596495263,-1.13686837721616e-13,0.609365883085944
2014,8,12,0.00160047295503318,0,1.3361086650475,0,0.538747780747012
2014,8,13,2.69174044165155e-10,0,0.000822675596282352,0,0.398650577719776
2014,8,14,1.07947844298906e-05,0,6.45394175080583e-06,0,0.317781460525193
2014,8,15,0.14066156744957,0,0.078280158668349,0,0.265387384596308
2014,8,16,0.0077379927970469,0,0.0742497639439534,0,0.230078333426842
2014,8,17,0.223017245531082,0,0.0809220777373412,0,0.20957630371554
2014,8,18,2.25891828536987,0,1.19412372246734,0,0.195908283908004
2014,8,19,0.0998835861682892,0,1.50806714288046,0,0.247163358186261
2014,8,20,0.0615814700722694,0,0.0819174268981442,0,0.224383325173703
2014,8,21,0.00201270962134004,0,0.0213284476849367,0,0.217549315269935
2014,8,22,0.185690566897392,0,0.0862802080155234,0,0.177684257497958
2014,8,23,0.0237759593874216,0,0.0776968913414748,0,0.152626221184143
2014,8,24,9.30668611545116e-05,-1.13686837721616e-13,0.0131585038325284,0,0.134402194774096
2014,8,25,0.0948966816067696,1.13686837721616e-13,0.0621303595544305,0,0.120734174966561
2014,8,26,1.61426043510437,0,0.762832093409088,0,0.111622161761537
2014,8,27,0.129256710410118,1.13686837721616e-13,1.03065150469774,0,0.100232145255258
2014,8,28,0.264617890119553,-1.13686837721616e-13,0.210999077862652,0,0.0933981353514905
2014,8,29,0.181180939078331,0,0.228657700034091,0,0.0877031270983508
2014,8,30,16.0871524810791,1.13686837721616e-13,7.59903341249446,0,0.0877031270983508
2014,8,31,1.750359416008,-1.13686837721616e-13,9.41667315205268,0,0.0888421287489788
2014,9,1,0.817749440670013,0,1.32821374516061,0,0.0820081188452112
2014,9,2,11.7598428726196,0,5.63618147926172,0,0.0831471204958391
2014,9,3,12.3154020309448,0,11.958618450175,0,0.0797301155439553
2014,9,4,0.0194490570574999,0,6.69868311449682,0,0.0820081188452112
2014,9,5,0.00900762435048819,0,0.013104740777635,1.13686837721616e-13,0.0945371370021184
2014,9,6,1.3765184879303,0,0.433295311137044,-1.13686837721616e-13,0.0865641254477229
2014,9,7,0.817127346992493,0,1.17759809802374,0,0.0808691171945832
2014,9,8,0.787647247314453,0,0.806619314891577,0,0.0774521122426994
2014,9,9,0.0405978076159954,0,0.560249594891502,0,0.0763131105920715
2014,9,10,2.41174674034119,0,1.00512623613758,0,0.0774521122426994
2014,9,11,26.7215995788574,0,12.7514319970505,1.13686837721616e-13,0.0979541419540022
2014,9,12,0.539481461048126,0,13.6644919385799,0,0.0808691171945832
2014,9,13,2.04800486564636,0,1.40071243060811,-1.13686837721616e-13,0.112761163412165
2014,9,14,0.0150269977748394,1.13686837721616e-13,1.09368782155798,1.13686837721616e-13,0.123012178267817
2014,9,15,2.15476512908936,-1.13686837721616e-13,0.94468850940757,0,0.111622161761537
2014,9,16,1.37922298908234,0,1.65770940643415,-1.13686837721616e-13,0.0990931436046302
2014,9,17,5.50694942474365,0,3.29675038756977,0,0.0968151403033743
2014,9,18,8.79687976837158,0,7.14590549529385,0,0.129846188171584
2014,9,19,0.170160099864006,0,4.59477538460487,0,0.212993308667423
2014,9,20,0.0758918225765228,0,0.123418343864614,0,0.179962260799213
2014,9,21,0.0880440846085548,0,0.0817354565660935,1.13686837721616e-13,0.14351420797912
2014,9,22,0.589138388633728,0,0.315978326107143,-1.13686837721616e-13,0.119595173315933
2014,9,23,0.000803175091277808,0,0.296247880527517,0,0.102510148556514
2014,9,24,0.000662414939142764,0,0.000735825371521059,1.13686837721616e-13,0.0899811303996067
2014,9,25,0.00338499527424574,0,0.00247630664671306,-1.13686837721616e-13,0.0831471204958391
2014,9,26,0.000113714006147347,0,0.00181838300341042,0,0.0785911138933274
2014,9,27,0.00486955372616649,0,0.00180665113293799,0,0.0751741089414436
2014,9,28,0.025078184902668,0,0.014573589542124,0,0.0717571039895598
2014,9,29,0.000459131464594975,0,0.0166840607053018,0,0.068340099037676
2014,9,30,0.000694976188242436,0,0.000567056660656817,1.13686837721616e-13,0.067201097387048
2014,10,1,0.0219250544905663,0,0.0147362693096511,-1.13686837721616e-13,0.0649230940857922
2014,10,2,0.780708014965057,0,0.346873365284409,0,0.0694791006883039
2014,10,3,17.5795879364014,0,9.12937971406791,0,0.0751741089414436
2014,10,4,0.00495409499853849,0,8.84102162258205,0,0.0615060891339084
2014,10,5,0.000192073930520564,0,0.00240139070228906,-1.13686837721616e-13,0.0637840924351642
2014,10,6,3.26036930084229,0,1.4065728097703,1.13686837721616e-13,0.0717571039895598
2014,10,7,0.00706196809187532,0,2.00300717883511,0,0.0808691171945832
2014,10,8,2.21506571769714,0,0.914822328093578,0,0.0808691171945832
2014,10,9,2.70555520057678,0,2.42472452407674,0,0.0774521122426994
2014,10,10,18.0725269317627,0,9.84249077572895,0,0.100232145255258
2014,10,11,41.3424644470215,-1.13686837721616e-13,29.7061480619523,-1.13686837721616e-13,0.500021724625663
2014,10,12,7.36689376831055,1.13686837721616e-13,24.3871119404721,1.13686837721616e-13,1.4351420797912
2014,10,13,23.9562759399414,0,15.6432061071901,0,1.75406254196702
2014,10,14,13.6695375442505,0,18.8233484771918,0,4.15735602479196
2014,10,15,0.147743359208107,0,6.94855012065091,0,2.20966320221819
2014,10,16,2.57330248132348e-06,0,0.0790228889527498,0,1.38958201376608
2014,10,17,0.000383539183530957,0,0.000191611383343115,0,0.978402417889394
2014,10,18,1.08550357253989e-05,0,0.000201108312467113,0,0.736934067956273
2014,10,19,1.41831123983138e-05,0,1.26951126731001e-05,0,0.570639826964594
2014,10,20,0.844924628734589,0,0.354516890409286,0,0.463573671805569
2014,10,21,0.192353084683418,-1.13686837721616e-13,0.597064792171295,0,0.388399562864125
2014,10,22,0.0017809912096709,1.13686837721616e-13,0.0908866994141135,0,0.329171477031473
2014,10,23,0.00541894743219018,0,0.00319717509410111,0,0.280194406054471
2014,10,24,0.184852987527847,0,0.0782358598080464,0,0.248302359836889
2014,10,25,0.464671522378922,0,0.317809070278599,0,0.220966320221819
2014,10,26,0.00107010349165648,0,0.269243187540269,0,0.199325288859888
2014,10,27,0.796661078929901,0,0.349713762385363,1.13686837721616e-13,0.179962260799213
2014,10,28,6.36505079269409,0,3.18589217549015,-1.13686837721616e-13,0.16515523934105
2014,10,29,0.166401475667954,0,3.33774720606743,0,0.154904224485399
2014,10,30,0.036456536501646,0,0.108093408191053,0,0.148070214581631
2014,10,31,0.0902182683348656,0,0.0620801090699388,0,0.13781919972598
2014,11,1,0.00401838030666113,0,0.050539728574222,1.13686837721616e-13,0.127568184870328
2014,11,2,0.00185308151412755,0,0.00261513217265019,-1.13686837721616e-13,0.117317170014677
2014,11,3,0.000628354784566909,1.13686837721616e-13,0.00127332370902877,1.13686837721616e-13,0.110255359780784
2014,11,4,10.6346988677979,-1.13686837721616e-13,3.79742285146494,-1.13686837721616e-13,0.120734174966561
2014,11,5,18.5636234283447,-1.13686837721616e-13,14.4003831631926,-1.13686837721616e-13,0.146931212931003
2014,11,6,0.533700585365295,1.13686837721616e-13,9.54964028076211,1.13686837721616e-13,0.225522326824331
2014,11,7,0.0217441376298666,0,0.316756722015271,0,0.353090511694659
2014,11,8,0.00187497190199792,0,0.0106595562028815,0,0.331449480332728
2014,11,9,4.51514970336575e-05,0,0.00085320290963864,0,0.290445420910123
2014,11,10,1.4463809748122e-05,0,3.15315337502398e-05,0,0.258553374692541
2014,11,11,0.0304928496479988,0,0.0109191176161403,0,0.233495338378726
2014,11,12,0.000954317161813378,0,0.0157594182746834,-1.13686837721616e-13,0.210715305366168
2014,11,13,0.00160386692732573,0.000300897854344839,0.000895756114914548,1.13686837721616e-13,0.192491278956121
2014,11,14,0.0164218936115503,0.00568368863957858,0.0032757695807959,1.13686837721616e-13,0.17654525584733
2014,11,15,0.0150706907734275,0.00896757411203453,0.00697204673633678,-1.13686837721616e-13,0.164016237690422
2014,11,16,0.180805996060371,0.0137282545802009,0.0841772565981955,0,0.154904224485399
2014,11,17,1.34704148769379,0.456112870640595,0.294520649003971,1.13686837721616e-13,0.146931212931003
2014,11,18,0.000948412518482655,0.456532820653251,0.218333070391964,-1.13686837721616e-13,0.140097203027236
2014,11,19,0.000114152040623594,0.000444143460072155,9.00504383025691e-05,0.146171709443479,0.13212419147284
2014,11,20,0.000247546733589843,0,0.000180171169631649,0.748430768013918,0.125290181569073
2014,11,21,0.220485404133797,0,0.104797016785597,0,0.121873176617189
2014,11,22,2.64911437034607,0,1.27394796057342,0,0.125290181569073
2014,11,23,12.1952648162842,1.13686837721616e-13,6.62874462894979,1.13686837721616e-13,0.127568184870328
2014,11,24,6.0702862739563,-2.27373675443232e-13,9.13555041264772,-1.13686837721616e-13,0.136680198075352
2014,11,25,0.000543887785170227,1.13686837721616e-13,3.17039785654924,0,0.150348217882887
2014,11,26,0.00401493581011891,0,0.00218860098539153,0,0.205020297113028
2014,11,27,0.135211408138275,0,0.0686472892703023,0,0.250580363138145
2014,11,28,5.02803304698318e-05,0,0.0718894913516124,0,0.238051344981238
2014,11,29,0.0147578343749046,0,0.00964958158147056,0,0.226661328474959
2014,11,30,0.104074619710445,0,0.0589505544994609,0,0.217549315269935
2014,12,1,1.64083170890808,0,0.831443456459965,0,0.20957630371554
2014,12,2,0.612664937973023,0.0413604172769055,1.08546713492251,0,0.201603292161144
2014,12,3,0.414764732122421,0.0414522495331084,0.472467000094184,0.0878376543645345,0.194769282257377
2014,12,4,1.6154021024704,0,1.01488426035939,0,0.189074274004237
2014,12,5,4.40383577346802,0,2.98084700507025,0,0.192491278956121
2014,12,6,12.1782598495483,0,8.28203407489491,0,0.19818628720926
2014,12,7,0.00641307840123773,0,6.09246636284661,0,0.240329348282494
2014,12,8,1.42373108863831,0,0.701735509457649,0,0.340561493537752
2014,12,9,0.00296770338900387,-1.13686837721616e-13,0.57165132771479,-1.13686837721616e-13,0.372453539755334
2014,12,10,0.000329461850924417,1.13686837721616e-13,0.00132442955509759,1.13686837721616e-13,0.349673506742775
2014,12,11,0.588601052761078,0,0.316932500914845,0,0.329171477031473
2014,12,12,0.00802482478320599,0,0.307460107251245,-1.13686837721616e-13,0.309808448970798
2014,12,13,0.523177742958069,0,0.350340042656171,1.13686837721616e-13,0.296140429163263
2014,12,14,0.754485130310059,0,0.635099876730237,0,0.282472409355727
2014,12,15,20.3503227233887,0,9.7998270275275,0,0.316642458874565
2014,12,16,0.243596643209457,0,10.298121735148,0,0.946510371671812
2014,12,17,1.52346813678741,0,0.804026915961003,0,1.18456171665305
2014,12,18,12.6996440887451,-4.54747350886464e-13,7.10887079937675,-4.54747350886464e-13,1.10255359780784
2014,12,19,0.529857933521271,0,6.61860324042937,0.00516021111457121,1.58321229437283
2014,12,20,0.178621456027031,0,0.361371404418605,0,1.4351420797912
2014,12,21,0.0642006695270538,0,0.108925146509137,0,1.20734174966561
2014,12,22,0.339970380067825,-1.13686837721616e-13,0.197465240067686,0,1.05129852352958
2014,12,23,0.803785979747772,1.13686837721616e-13,0.523878188672825,0,0.94764937332244
2014,12,24,0.148322001099586,0,0.653910923072544,0,0.856529241272206
2014,12,25,0.103468917310238,0,0.120435005330364,0,0.751741089414436
2014,12,26,0.139852315187454,0,0.120975891884882,0,0.664037962316085
2014,12,27,2.7250714302063,0,1.33821709658514,0,0.604809876483432
2014,12,28,4.24527835845947,0,3.47993071890232,0,0.591141856675897
2014,12,29,0.134301364421844,0.00408413333411772,2.20225663130259,-1.13686837721616e-13,0.648091939207294
2014,12,30,1.73543775081635,0.180935094110737,0.747469324640406,1.13686837721616e-13,0.658342954062945
2014,12,31,0.000380946614313871,0.180055774932612,0.696436116057157,0,0.604809876483432
2015,1,1,0.2692069709301,0.0155384078451561,0.117643420075183,0,0.559249810458315
2015,1,2,10.4533071517944,0.0156588038589689,5.34465766667563,0.0959974205367189,0.570639826964594
2015,1,3,43.4952964782715,1.13686837721616e-13,26.9363514038269,0.328065457038861,7.98440157090181
2015,1,4,1.8137880563736,-4.54747350886464e-13,22.6619593746946,-2.27373675443232e-13,8.55390239621578
2015,1,5,0.640763282775879,0.320253060344044,0.907257998413115,-1.13686837721616e-13,3.97511576069149
2015,1,6,2.26440858840942,0.600127902970826,0.839212640064943,-1.13686837721616e-13,2.81333407705099
2015,1,7,0.0256491582840681,0.289028318399232,0.868897857610136,1.13686837721616e-13,2.22105321872447
2015,1,8,0.00244326679967344,0.00804873765798675,0.00601387755159522,-1.13686837721616e-13,1.79962260799213
2015,1,9,0,0.00145589922703948,-7.27595761418343e-12,0,1.51487219533515
2015,1,10,0.000763334683142602,0.000280843017208099,7.27595761418343e-12,2.27373675443232e-13,1.30985189822212
2015,1,11,0.888601183891296,0.241744046744884,0.189111938518181,-1.13686837721616e-13,1.12988963742291
2015,1,12,4.64272499084473,0.269216394867726,2.34493731485418,0,1.0478815185777
2015,1,13,0.0380194187164307,0.0104770145532029,2.35102048705448,0,0.968151403033743
2015,1,14,0.0389928333461285,0.0191067694994445,0.0194488120323513,0,0.861085247874717
2015,1,15,0.056221891194582,0.00897803602151726,0.0383754505746765,0,0.774521122426994
2015,1,16,0.000549896853044629,0,0.0293931908308878,1.39006005538783,0.713015033293086
2015,1,17,0.00098350690677762,0,0.000760942850320134,0.497108826466956,0.660620957364201
2015,1,18,4.44627876277082e-05,0,0.000532523779838812,0,0.61733889464034
2015,1,19,2.42421283473959e-05,0,3.63180588465184e-05,0,0.579751840169618
2015,1,20,0.0104144411161542,0,0.00491031528508756,0,0.542164785698896
2015,1,21,0.152594357728958,0,0.0765089183987584,0,0.50685573452943
2015,1,22,0.0597943849861622,0,0.113660778297344,0,0.471546683359964
2015,1,23,0.0255862902849913,0,0.0387466154134017,0,0.436237632190498
2015,1,24,0.000530380464624614,1.13686837721616e-13,0.0140922209320706,0,0.4077625909248
2015,1,25,0.624219119548798,-1.13686837721616e-13,0.222951954929158,0,0.390677566165381
2015,1,26,0.678218722343445,0,0.638455567859637,0,0.378148548008474
2015,1,27,0.00277028512209654,0,0.449152927336399,0,0.364480528200939
2015,1,28,0.000567389244679362,0,0.00172423326148419,0,0.345117500140264
2015,1,29,0.00296687916852534,0,0.00168238937476417,0,0.326893473730217
2015,1,30,0.000558731553610414,0,0.00190800814743852,1.13686837721616e-13,0.30866944732017
2015,1,31,0.030775299295783,0,0.0122568197984947,-1.13686837721616e-13,0.291584422560751
2015,2,1,9.41387748718262,-1.13686837721616e-13,4.68320459433016,-1.13686837721616e-13,0.283611411006355
2015,2,2,0.317030221223831,0.0615333479017863,4.81156828819803,0,0.280194406054471
2015,2,3,1.16515469551086,0.149495914628574,0.590922898758436,0,0.293862425862007
2015,2,4,0.0846881866455078,0.0880748378687031,0.537917149609712,0.319787600372933,0.316642458874565
2015,2,5,0.385229736566544,0.00936252327323928,0.223928668652661,0,0.307530445669542
2015,2,6,0.0127832004800439,0.0101113630431655,0.201557649837923,0,0.293862425862007
2015,2,7,0.00359176588244736,0,0.0082179712553625,0.0177062575749005,0.283611411006355
2015,2,8,0.00164951116312295,0,0.00264024510397576,0,0.27563839945196
2015,2,9,7.5582749559544e-05,0,0.000888306713022757,0,0.26994339119882
2015,2,10,0.183273509144783,-1.13686837721616e-13,0.112952516457881,0,0.265387384596308
2015,2,11,0.000381634687073529,1.13686837721616e-13,0.105681966713746,0,0.259692376343169
2015,2,12,0.000187003213795833,0,0.000313510739943013,0,0.248302359836889
2015,2,13,0.000196354507352225,0,0.00019158300710842,-1.13686837721616e-13,0.23691234333061
2015,2,14,1.52751508721849e-05,-1.13686837721616e-13,0.000111777844722383,5.61056768901835e-05,0.226661328474959
2015,2,15,0.690226256847382,1.13686837721616e-13,0.296270932034531,0,0.217549315269935
2015,2,16,14.9723014831543,7.38891066343024,0.442109891861037,0,0.233495338378726
2015,2,17,1.25172472000122,8.03422650198138,0.0972636690057698,0,0.238051344981238
2015,2,18,0.619470000267029,0.939635965180855,0.0152967182730208,0,0.23121733507747
2015,2,19,0.0196803566068411,0.304576728115876,0.0163676532029058,0,0.223244323523075
2015,2,20,0.140568301081657,0.085810649722589,0,0,0.217549315269935
2015,2,21,12.4585266113281,0.0708806433190148,6.17639632852661,-1.13686837721616e-13,0.257414373041913
2015,2,22,1.47373855113983,0,6.99982800187718,-1.13686837721616e-13,0.92031333370737
2015,2,23,0.248559877276421,0.121848631397484,0.751284760692215,0,1.49209216232259
2015,2,24,0.787209868431091,0.536073641473877,0.0265634239694919,0,1.24151179918445
2015,2,25,0.0016914369771257,0.390009433250611,0.0247190792506444,0,1.09913659285596
2015,2,26,0.172432690858841,0.0165865006323429,0.0695307871501427,-1.13686837721616e-13,1.04104750867393
2015,2,27,0.0344377942383289,0.0339287671989723,0.0726012638842803,1.13686837721616e-13,0.948788374973068
2015,2,28,6.07903528213501,2.93451766211001,0,0,0.832610206609019
2015,3,1,6.47595882415772,4.89266171205406,1.34973851907853,0,0.781355132330762
2015,3,2,1.89364898204803,1.77496364406318,2.56894335131074,0,0.802996163692693
2015,3,3,0.242946922779083,0.0853935838176767,1.15567181637744,0.613449308423924,0.922591337008626
2015,3,4,15.7438850402832,-1.13686837721616e-13,6.80217158820597,1.84922339022239,1.99325288859888
2015,3,5,16.713493347168,5.06284859106097,11.1466984825674,1.17191372467869,5.15967747734454
2015,3,6,0.429501116275787,5.6331954960981,3.34882666982594,-1.13686837721616e-13,3.75870544707218
2015,3,7,0.0667250528931618,0.124378379343966,0.16443883984175,1.06085161331293,3.40561493537752
2015,3,8,0.0235727746039629,0,0.0454726389070856,4.90706288481658,3.29171477031473
2015,3,9,1.00970947742462,0,0.512504135869676,6.891638668518,2.96140429163263
2015,3,10,18.6403026580811,0,9.81038776273635,6.68969926231887,3.97511576069149
2015,3,11,0.187526047229767,0,10.7615120779956,7.5869514201122,4.52183655299289
2015,3,12,1.29248857498169,0,0.70310615953349,7.90085021034804,3.38283490236496
2015,3,13,10.4742250442505,0,5.83382957672438,0,4.51044653648661
2015,3,14,38.1426239013672,0,24.2363586150459,0,15.9460231087911
2015,3,15,1.45046162605286,0,19.8376970127356,0,9.54483383226208
2015,3,16,0.154008403420448,0,0.881399941914424,0,5.44442789000152
2015,3,17,2.11903929710388,0,1.04151945682679,-1.13686837721616e-13,4.03206584322288
2015,3,18,1.10709524154663,0,1.6172458150977,1.13686837721616e-13,3.24615470428961
2015,3,19,8.53377723693848,0,4.11056606909551,0,3.42839496839008
2015,3,20,2.33591437339783,0,5.43983093104907,0,2.98418432464518
2015,3,21,0.0332073196768761,0,1.22591303911031,0,2.55136369740657
2015,3,22,1.68777287006378,0,0.750836625506054,0,2.30078333426842
2015,3,23,2.53136849403381,0,2.00197176588699,0,2.28939331776215
2015,3,24,0.0240786019712687,0,1.49689934896742,0,2.08437302064912
2015,3,25,2.31485533714294,0,0.980219668475911,0,1.92491278956121
2015,3,26,28.9529342651367,0,13.1883677634396,0,6.90235000280527
2015,3,27,3.23736119270325,0,16.095902367786,0,7.50602087763808
2015,3,28,0.396295309066772,0,1.84418187339179,0,4.53322656949917
2015,3,29,0.247941300272942,0,0.315383834065869,0,3.46256501790892
2015,3,30,0.527379989624023,0,0.371358153774054,-1.13686837721616e-13,2.82472409355727
2015,3,31,0.361441314220428,0,0.462491948492243,0,2.39190346631866
2015,4,1,0.439728736877441,0,0.398147136220359,1.13686837721616e-13,2.16410313619307
2015,4,2,7.31423616409302,0,3.87047409648221,0,2.22105321872447
2015,4,3,5.62388753890991,-1.13686837721616e-13,6.50669381480111,0,2.16410313619307
2015,4,4,0.142152458429337,1.13686837721616e-13,2.99823135837505,0,1.84518267401725
2015,4,5,1.53362321853638,0,0.950098421322764,0,1.61738234389166
2015,4,6,3.4949004650116,-1.13686837721616e-13,2.44693079204444,-1.13686837721616e-13,1.53765222834771
2015,4,7,0.410379439592361,1.13686837721616e-13,2.39077941428695,1.13686837721616e-13,1.44653209629747
2015,4,8,0.109412431716919,0,0.286804453615332,-1.13686837721616e-13,1.33263193123468
2015,4,9,0.32264918088913,0,0.227187787400908,1.13686837721616e-13,1.23012178267817
2015,4,10,3.60769701004028,0,1.55362108335248,0,1.18456171665305
2015,4,11,0.00333650200627744,-1.13686837721616e-13,2.10702836238488,-1.13686837721616e-13,1.20734174966561
2015,4,12,0.00534841185435653,1.13686837721616e-13,0.00449935627693776,1.13686837721616e-13,1.09230258295219
2015,4,13,1.83801329135895,0,0.733456021713209,0,1.40097203027236
2015,4,14,29.1083889007568,0,15.4653579268052,0,5.23940759288849
2015,4,15,5.43170595169067,0,17.2700615219874,0,4.56739661901801
2015,4,16,4.04707813262939,0,4.74833954015048,0,4.28264620636103
2015,4,17,0.227674067020416,0,2.14255334978225,0,3.46256501790892
2015,4,18,1.97203147411346,0,1.06757043302059,0,3.30310478682101
2015,4,19,1.35572302341461,0,1.68349432974355,0,3.23476468778333
2015,4,20,10.7479524612427,0,5.74968694061681,0,3.90677566165381
2015,4,21,0.00103096314705908,0,5.74711231556285,0,3.45117500140264
2015,4,22,0.551111400127411,0,0.265107314240595,0,2.76777401102588
2015,4,23,0.672832787036896,0,0.590462350039161,0,2.34634340029354
2015,4,24,1.36799514293671,0,0.986629747269035,1.13686837721616e-13,2.038812954624
2015,4,25,5.38721942901611,0,3.31845299581619,-1.13686837721616e-13,1.85657269052353
2015,4,26,0.0021900930441916,0,2.85820835510822,0,1.6515523934105
2015,4,27,0.380350887775421,0,0.158777114818804,0,1.42375206328492
2015,4,28,0.195251122117043,0,0.271516245040402,0,1.24151179918445
2015,4,29,0.0345185175538063,-1.13686837721616e-13,0.104156576257083,0,1.09344158460282
2015,4,30,3.79524453819613e-06,1.13686837721616e-13,0.0217291560984449,0,0.979541419540022
2015,5,1,0.000310614675981924,0,0.000183109186764341,0,0.87589226933288
2015,5,2,0.000184756645467132,0,0.000248163632932119,0,0.784772137282646
2015,5,3,9.23048282857053e-05,0,0.00012377041275613,0,0.708459026690574
2015,5,4,0.000896915211342275,0,0.00045620105083799,0,0.646952937556666
2015,5,5,0.030632134526968,0,0.0206893782815314,0,0.590002855025269
2015,5,6,0.0941042974591255,0,0.0592054076187196,0,0.53988678239764
2015,5,7,0.657315194606781,0,0.465853904155665,0,0.504577731228174
2015,5,8,17.3833827972412,-1.13686837721616e-13,8.43752092690556,0,0.84286122146467
2015,5,9,16.0061092376709,1.13686837721616e-13,16.7014281460506,0,1.7654525584733
2015,5,10,37.8404731750488,0,26.8989261598472,0,10.0004344925133
2015,5,11,62.38671875,-1.13686837721616e-13,50.0933340432457,0,45.2183655299289
2015,5,12,1.03188240528107,1.13686837721616e-13,31.7097579757465,-1.13686837721616e-13,17.8823259148585
2015,5,13,0.00547263398766518,0,0.528514865603938,0,6.48091939207294
2015,5,14,1.36572253704071,0,0.628034377543372,1.13686837721616e-13,4.4648864704615
2015,5,15,1.29050648212433,0,1.33025177787204,0,3.64480528200939
2015,5,16,7.68442821502686,0,4.456156321241,-1.13686837721616e-13,3.43978498489636
2015,5,17,29.0787506103516,0,18.3815263251163,1.13686837721616e-13,6.0594887813406
2015,5,18,7.12640476226807,0,18.1027205685677,0,8.28054200006507
2015,5,19,1.41335260868073,0,4.2815737470155,0,4.97743721324407
2015,5,20,22.5533065795898,0,11.9811897688996,0,4.88631708119383
2015,5,21,2.0846471786499,0,12.3601754388073,0,6.28728911146619
2015,5,22,0.0123281087726355,0,1.0683469959622,0,4.21430610732335
2015,5,23,3.46680855751038,0,1.55754257417721,0,3.31449480332728
2015,5,24,6.78017282485962,0,5.09347536630958,0,2.88167417608867
2015,5,25,21.9493656158447,0,14.1984326444872,0,4.0206758267166
2015,5,26,20.8136653900146,0,21.3815191252943,0,6.53786947460433
2015,5,27,0.439266294240952,0,10.6566299775441,0,4.87492706468755
2015,5,28,0.605522274971008,0,0.51809886409319,0,4.45349645395522
2015,5,29,4.92598152160645,0,2.74060736234969,0,3.45117500140264
2015,5,30,25.6571598052979,0,14.9735613986923,1.13686837721616e-13,6.10504884736572
2015,5,31,0.556755542755127,0,13.1265262085144,-1.13686837721616e-13,5.25079760939477
2015,6,1,3.31987071037293,0,1.90293863388069,0,3.84982557912241
2015,6,2,0.114647001028061,0,1.76671108286973,0,3.13225453922682
2015,6,3,0.0144257992506027,0,0.0653123094452894,0,2.61970379644425
2015,6,4,0.0391141138970852,0,0.0264005876597366,0,2.22105321872447
2015,6,5,0.0880761072039604,0,0.0672896253236104,0,1.86796270702981
2015,6,6,4.32277059555054,0,2.05373973021779,0,1.57182227786655
2015,6,7,1.46281278133392,0,3.32736168551492,0,1.41236204677864
2015,6,8,0.196713835000992,0,0.627174316643504,0,1.25290181569073
2015,6,9,0.214449509978294,0,0.200621882409905,0,1.0478815185777
2015,6,10,0.00215997663326561,0,0.125258488151303,0,0.905506312249207
2015,6,11,0.00151552783790976,0,0.00176934513729066,0,0.793884150487669
2015,6,12,0.289286404848099,-1.13686837721616e-13,0.119034997522249,0,0.708459026690574
2015,6,13,0.357318997383118,1.13686837721616e-13,0.326363065898477,0,0.641257929303526
2015,6,14,11.8436460494995,0,5.21077684334887,1.13686837721616e-13,1.17317170014677
2015,6,15,11.3108358383179,0,11.5799818439409,-1.13686837721616e-13,2.85889414307611
2015,6,16,18.0882186889648,0,14.6031874913897,0,7.90467145535785
2015,6,17,16.7878532409668,0,17.4539281231191,1.13686837721616e-13,4.84075701516872
2015,6,18,26.586841583252,0,21.6807038246261,-1.13686837721616e-13,3.62202524899683
2015,6,19,50.5575332641602,0,38.556989738041,0,10.9571958790407
2015,6,20,1.55289995670319,0,26.0587694180576,0,9.18035330406114
2015,6,21,0.00379218184389174,0,0.874370597397501,0,4.1345759917794
2015,6,22,0.112290427088737,0,0.0554014574008761,0,2.7563839945196
2015,6,23,0.0335425734519959,0,0.0746821940483642,0,2.02742293811772
2015,6,24,0.0413597077131271,0,0.0377839060529368,0,1.54904224485399
2015,6,25,0.00239256303757429,0,0.0221430386663997,0,1.21873176617189
2015,6,26,2.02228736877441,0,0.983519652349059,0,1.0114334657576
2015,6,27,19.1483783721924,0,10.2938848400518,0,2.11854307016796
2015,6,28,0.0123931150883436,0,9.5870940332461,0,1.75406254196702
2015,6,29,0.0129704754799604,0,0.0126598551432835,0,1.19595173315933
2015,6,30,3.68897342681885,0,1.71442987515911,0,0.933981353514905
2015,7,1,0.743213474750519,0,2.44779008413025,0,0.785911138933274
2015,7,2,14.1796827316284,0,7.43483745617414,0,1.66294240991678
2015,7,3,11.5217761993408,0,12.925264889338,0,2.17549315269935
2015,7,4,11.7569732666016,0,11.6346091653031,0,6.4467493425541
2015,7,5,0.77551257610321,0,6.2737608914249,0,3.29171477031473
2015,7,6,5.37064743041992,0,3.05719806576963,0,3.23476468778333
2015,7,7,3.2357542514801,0,4.47676974079513,0,2.19827318571191
2015,7,8,25.9287185668945,0,14.4335120148899,0,3.0297443906703
2015,7,9,20.7556114196777,0,23.3421931467674,0,6.7770598212362
2015,7,10,10.9480752944946,1.13686837721616e-13,15.862892079509,0,4.6812967840808
2015,7,11,0.15348356962204,-1.13686837721616e-13,5.57034209122503,0,3.38283490236496
2015,7,12,0.0269046854227781,1.13686837721616e-13,0.0920973414395121,0,2.41468349933122
2015,7,13,0.00122261175420135,-1.13686837721616e-13,0.0146149215070182,0,1.86796270702981
2015,7,14,0.279237568378449,0,0.134170979363262,0,1.48070214581631
2015,7,15,0.959049701690674,0,0.61587543074711,-1.13686837721616e-13,1.19595173315933
2015,7,16,1.87101256847382,0,1.4913214445769,1.13686837721616e-13,1.23012178267817
2015,7,17,0.00302632432430983,0,0.745706782014167,0,1.00118245090195
2015,7,18,0.000329448230331764,0,0.00148005322262179,0,0.808691171945832
2015,7,19,0.000827770156320185,0,0.000614449454587884,0,0.679983985424876
2015,7,20,0.0336221642792225,0,0.0162069471480208,1.13686837721616e-13,0.586585850073385
2015,7,21,7.99112462997437,0,3.12565206432919,-1.13686837721616e-13,0.523940759288849
2015,7,22,25.844087600708,0,16.9169258380352,0,0.493187714721895
2015,7,23,3.104407787323,0,14.4867957298557,0,0.513689744433198
2015,7,24,1.12244439125061,0,2.26363493393728,0,0.515967747734454
2015,7,25,2.22472405433655,0,1.63746739995986,0,0.476102689962476
2015,7,26,0.29088419675827,-1.13686837721616e-13,1.13600135919842,-1.13686837721616e-13,0.420291609081707
2015,7,27,0.4916832447052,1.13686837721616e-13,0.399222871252277,1.13686837721616e-13,0.37473154305659
2015,7,28,2.50669407844543,0,1.27232502789411,0,0.337144488585868
2015,7,29,9.23785846680403e-05,-1.13686837721616e-13,1.49690273379383,-1.13686837721616e-13,0.309808448970798
2015,7,30,0.00452286470681429,1.13686837721616e-13,0.00173744263884146,1.13686837721616e-13,0.284750412656983
2015,7,31,0.090961180627346,0,0.0552065541778575,0,0.263109381295053
2015,8,1,0.00506896991282702,1.13686837721616e-13,0.052428473783948,1.13686837721616e-13,0.24260735158375
2015,8,2,0.0655589103698731,-1.13686837721616e-13,0.0263066158659058,-1.13686837721616e-13,0.225522326824331
2015,8,3,0.000270194635959342,0,0.0339170139777707,0,0.211854307016796
2015,8,4,0.160730570554733,0,0.0569651233963668,0,0.199325288859888
2015,8,5,4.52928256988525,0,2.23144394462724,0,0.19818628720926
2015,8,6,23.4892501831055,0,13.7053758155889,0,0.2038812954624
2015,8,7,1.82248687744141,0,12.6768354846063,0,0.202742293811772
2015,8,8,0.0939803421497345,0,0.995829132647486,0,0.192491278956121
2015,8,9,0.356613665819168,0,0.241949425260827,0,0.178823259148585
2015,8,10,0.0752928927540779,0,0.203723762177106,0,0.167433242642306
2015,8,11,0.4539675116539,0,0.245752512484614,-1.13686837721616e-13,0.160599232738539
2015,8,12,0.00016444108041469,0,0.284615015072632,1.13686837721616e-13,0.153765222834771
2015,8,13,0.000257275998592377,0,0.000213576015084982,0,0.146931212931003
2015,8,14,9.44708735914901e-05,0,0.000192966865142807,0,0.140097203027236
2015,8,15,0.000714640889782459,0,0.000426124723162502,0,0.133263193123468
2015,8,16,0.00115237466525286,0,0.000885953377292026,0,0.125290181569073
2015,8,17,0.125436723232269,0,0.0664038920294843,0,0.119595173315933
2015,8,18,1.07343757152557,0,0.466160114199738,0,0.115039166713421
2015,8,19,18.9815311431885,0,9.36352035944583,1.13686837721616e-13,0.125290181569073
2015,8,20,12.618556022644,0,16.0758609101104,-1.13686837721616e-13,0.130985189822212
2015,8,21,2.7809886932373,0,7.73293648051185,0,0.148070214581631
2015,8,22,2.75168418884277,0,2.7669008562516,1.13686837721616e-13,0.14351420797912
2015,8,23,8.04356193542481,0,5.2539830386304,-1.13686837721616e-13,0.136680198075352
2015,8,24,3.39910650253296,-1.13686837721616e-13,5.74776066707273,0,0.127568184870328
2015,8,25,0.484552502632141,1.13686837721616e-13,2.13391518327262,0,0.121873176617189
2015,8,26,1.33533049506696e-07,0,0.219597578507091,0,0.116178168364049
2015,8,27,0.0113522280007601,0,0.00636841063533211,0,0.110255359780784
2015,8,28,0.00191800470929593,0,0.00703144695580704,0,0.105015952187895
2015,8,29,1.73147249221802,0,0.644284741436422,0,0.108091256644591
2015,8,30,4.17464685440064,1.13686837721616e-13,3.07143067828292,1.13686837721616e-13,0.10763565598434
2015,8,31,0.180911123752594,-1.13686837721616e-13,2.27923415294208,-1.13686837721616e-13,0.107863456314465
2015,9,1,0.767656147480011,0,0.467241065562121,0,0.105471552848147
2015,9,2,0.0294668581336737,0,0.504712498950539,0,0.0995487442648813
2015,9,3,0.00135276501532644,0,0.0155764735900448,0,0.0963595396431231
2015,9,4,0.00251586781814694,0,0.00175678422237979,0,0.0923730338659254
2015,9,5,0.0326841995120049,-1.13686837721616e-13,0.0158389468706446,-1.13686837721616e-13,0.0900950305646695
2015,9,6,0.112318113446236,1.13686837721616e-13,0.0815925816204981,1.13686837721616e-13,0.0866780256127857
2015,9,7,0.243124485015869,0,0.162915313892881,0,0.0856529241272206
2015,9,8,8.61084651947022,0,3.84230110884528,1.13686837721616e-13,0.0959039389828719
2015,9,9,48.5085411071777,0,28.4691750143393,-1.13686837721616e-13,0.111508261596475
2015,9,10,2.919193983078,0,25.7457093391786,0,0.0995487442648813
2015,9,11,7.58014440536499,0,5.1983704431841,0,0.119595173315933
2015,9,12,0.0814011618494988,0,4.26797150493076,-1.13686837721616e-13,0.141236204677864
2015,9,13,0.000321667641401291,0,0.0413472776926938,1.13686837721616e-13,0.135541196424724
2015,9,14,0.00388276157900691,0,0.00188724846520927,1.13686837721616e-13,0.130985189822212
2015,9,15,0.00086571485735476,0,0.00213533454370918,-1.13686837721616e-13,0.124151179918445
2015,9,16,0.987923800945282,0,0.345080370410869,0,0.113900165062793
2015,9,17,0.0436153076589108,0,0.559810519444,0,0.106041053673461
2015,9,18,0.00588739290833473,0,0.0190968639508355,0,0.0994348440998185
2015,9,19,0.180642932653427,0,0.0902330820026691,-1.13686837721616e-13,0.0939676361768045
2015,9,20,0.0017315415898338,0,0.0713482100254623,1.13686837721616e-13,0.0897533300694811
2015,9,21,1.06062209606171,0,0.529522379663831,0,0.0877031270983508
2015,9,22,0.00054641772294417,0,0.367973211890785,0,0.084286122146467
2015,9,23,0.000915291660930961,0,0.000737315174774267,0,0.0820081188452112
2015,9,24,0.000169106991961598,1.13686837721616e-13,0.000612179865129292,1.13686837721616e-13,0.0798440157090181
2015,9,25,0.000202890470973216,-1.13686837721616e-13,0.000187740559340455,-1.13686837721616e-13,0.0781355132330762
2015,9,26,0.000235496991081163,1.13686837721616e-13,0.000217023640288971,0,0.0755158094366319
2015,9,27,0.048126757144928,-1.13686837721616e-13,0.028164509581984,0,0.0736934067956273
2015,9,28,0.266944080591202,0,0.151296598807676,0,0.0719849043196854
2015,9,29,0.331046938896179,0,0.306861739059968,0,0.0697069010184295
2015,9,30,0.0432502664625645,0,0.193088231979345,0,0.0656064950761689
2015,10,1,0.00593483215197921,0,0.0201151641522301,1.13686837721616e-13,0.0632145916098503
2015,10,2,0.000223275215830654,0,0.00277052201272454,-1.13686837721616e-13,0.0608226881435316
2015,10,3,0.000211631238926202,0,0.000217776665522251,0,0.0596836864929037
2015,10,4,0.00181182136293501,0,0.00120788370986702,0,0.0580890841820246
2015,10,5,0.000370573252439499,0,0.00116683874512091,0,0.0577473836868362
2015,10,6,0.0189458318054676,0,0.0126570781649207,0,0.0566083820362083
2015,10,7,0.0282170437276363,0,0.0234348517624312,1.13686837721616e-13,0.0562666815410199
2015,10,8,0.018578065559268,0,0.0225920341326855,-1.13686837721616e-13,0.0551276798903919
2015,10,9,0.242671877145767,0,0.0995784965125495,0,0.0548998795602664
2015,10,10,1.473517537117,1.13686837721616e-13,0.844150480537792,0,0.0538747780747012
2015,10,11,0.00200246041640639,-1.13686837721616e-13,0.629106489548576,0,0.0515967747734454
2015,10,12,0.000499166082590818,0,0.00110951341048349,0,0.0513689744433198
2015,10,13,0.631905615329742,1.13686837721616e-13,0.287798173318151,0,0.0500021724625663
2015,10,14,0,-1.13686837721616e-13,0.240274276256969,0,0.0488631708119383
2015,10,15,0.408857673406601,0,0.143720075015153,0,0.047951969491436
2015,10,16,2.49113655090332,0,1.16335521660221,0,0.0485214703167499
2015,10,17,0.0833248570561409,0,1.83102832891746,0,0.0433959628889242
2015,10,18,0.000154810884851031,0,0.0327500047715148,0,0.0427125618985475
2015,10,19,9.78756929725932e-07,0,8.27017502160743e-05,0,0.0420291609081707
2015,10,20,0.000380618032068014,0,0.000306944944895804,-1.13686837721616e-13,0.041345759917794
2015,10,21,0.000223318391363136,0,0.000296143676678184,1.13686837721616e-13,0.0412318597527312
2015,10,22,0.0160983335226774,0,0.00961407880822662,0,0.0415735602479195
2015,10,23,11.9158124923706,0,5.52745590233826,0,0.0494326716372523
2015,10,24,0.963916420936584,0,6.86239019735513,0,0.046812967840808
2015,10,25,3.44781112670898,0,1.95697015984479,0,0.047382468666122
2015,10,26,2.69073081016541,0,3.22357950417063,0,0.0492048713071267
2015,10,27,5.81252527236939,0,3.68753241473314,0,0.0587724851724013
2015,10,28,2.13714075088501,0,4.43054146749637,0,0.0563805817060827
2015,10,29,1.79524290561676,0,1.88224464792438,0,0.0542164785698896
2015,10,30,0.131018400192261,0,1.11490921478253,0,0.0551276798903919
2015,10,31,10.1287508010864,0,4.09934619847627,0,0.0609365883085944
2015,11,1,0.821066498756409,0,6.70411344837339,0,0.0593419859977153
2015,11,2,1.43466997146606,0,0.770645207070629,0,0.0593419859977153
2015,11,3,0.0447789207100868,0,0.895197250691126,0,0.0593419859977153
2015,11,4,0.088455505669117,0,0.0179618455149466,0,0.0596836864929037
2015,11,5,8.39433479309082,0,3.43079563652282,0,0.0898672302345439
2015,11,6,48.4444160461426,-1.13686837721616e-13,28.4296770148721,0,0.134402194774096
2015,11,7,0.00953884143382311,1.13686837721616e-13,24.229539314576,0,0.162877236039794
2015,11,8,0.0311992801725864,0,0.0200704992530518,0,0.247163358186261
2015,11,9,3.12963604927063,0,1.18769667582819,0,0.224383325173703
2015,11,10,1.83309639396612e-05,1.13686837721616e-13,1.75577166260337,0,0.191352277305493
2015,11,11,0.296172440052032,-1.13686837721616e-13,0.138189768083976,0,0.17085024759419
2015,11,12,2.48673272132874,0,1.45155997390975,0,0.152626221184143
2015,11,13,3.85328494303394e-05,0,1.90378294440598,0,0.140097203027236
2015,11,14,1.70963940036017e-05,0,2.96331782010384e-05,0,0.130985189822212
2015,11,15,0.346935778856277,0,0.218257364387682,0,0.125290181569073
2015,11,16,14.5470066070557,0,7.43896062201384,0,0.13212419147284
2015,11,17,50.7559814453125,0,32.5801663360326,0,0.252858366439401
2015,11,18,49.1652870178223,0,49.9620300777679,-1.13686837721616e-13,5.61527813759571
2015,11,19,1.56648075580597,-1.13686837721616e-13,25.4421055887724,-3.41060513164848e-13,2.34634340029354
2015,11,20,0.00221719359979033,0,0.831210216449108,0,1.27568184870328
2015,11,21,0.411678194999695,1.13686837721616e-13,0.203227548750874,0,0.839444216512787
2015,11,22,0.352255821228027,0,0.384092017673538,-1.13686837721616e-13,0.623033902893479
2015,11,23,0.00405050395056605,0,0.180307283124421,0,0.493187714721895
2015,11,24,0.000658661068882793,0,0.00253156554390444,1.13686837721616e-13,0.410040594226056
2015,11,25,0.0500073321163654,-1.13686837721616e-13,0.0206174726918107,0,0.351951510044031
2015,11,26,0.114545904099941,1.13686837721616e-13,0.0818386443934287,0,0.313225453922682
2015,11,27,15.1592235565186,0,7.62986586843181,0,0.30297443906703
2015,11,28,52.4496917724609,0,33.7519188277292,-6.82121026329696e-13,2.28939331776215
2015,11,29,13.6348085403442,-2.27373675443232e-13,33.1041340937591,-7.95807864051312e-13,5.11411741131942
2015,11,30,11.6955966949463,-1.13686837721616e-13,12.6652495625895,1.13686837721616e-13,4.48766650347406
2015,12,1,0.406861245632172,1.13686837721616e-13,6.11659139171388,0,3.12086452272054
2015,12,2,0.0322560742497444,0,0.222783976285427,0,2.18688316920563
2015,12,3,0.0320985913276672,-1.13686837721616e-13,0.0321868656683364,0,1.62877236039794
2015,12,4,0.0110611701384187,0,0.0220928043854656,0,1.25290181569073
2015,12,5,0.0115860961377621,1.13686837721616e-13,0.0112868728028843,0,1.00459945585384
2015,12,6,2.08878532248491e-06,0,0.00591163201897871,0,0.839444216512787
2015,12,7,0.00105082942172885,0,0.000561786539037712,1.13686837721616e-13,0.725544051449993
2015,12,8,0.0338812135159969,1.13686837721616e-13,0.0168076015179395,-1.13686837721616e-13,0.640118927652898
2015,12,9,0.00100945390295237,-1.13686837721616e-13,0.019794315303443,0,0.574056831916478
2015,12,10,0.00143696099985391,0,0.00120203522237716,0,0.521662755987593
2015,12,11,0.0538956075906754,0,0.0239443918399047,0,0.474963688311848
2015,12,12,0.380115687847137,0,0.216562964953482,0,0.438515635491754
2015,12,13,14.2418756484985,0,7.04153277571459,0,0.530774769192617
2015,12,14,37.4778175354004,0,25.8578223181175,0,11.2077762421789
2015,12,15,0.366412818431854,0,18.9765153511107,0,5.75195833567106
2015,12,16,2.35606622695923,0,1.33712706311781,-1.13686837721616e-13,3.46256501790892
2015,12,17,0.123448215425015,0,1.26507687367848,1.13686837721616e-13,2.61970379644425
2015,12,18,0.00787579454481602,0,0.0532720983101171,0,2.02742293811772
2015,12,19,0.0324127227067947,0,0.0189811365635251,0,1.62877236039794
2015,12,20,0.0246699508279562,0,0.0295260697675985,0,1.34402194774096
2015,12,21,0.191626280546188,0,0.0991876586849685,0,1.17317170014677
2015,12,22,0.102973781526089,0,0.150345655878482,0,1.05699353178272
2015,12,23,14.4819774627686,0,6.72249117059982,0,1.51487219533515
2015,12,24,5.34949111938477,0,9.91604480679962,0,2.56275371391285
2015,12,25,0.000504636147525162,0,2.94607075242675,0,1.99325288859888
2015,12,26,1.13324582576752,0,0.565131218179886,0,1.66294240991678
2015,12,27,57.9300727844238,0,26.6773193129557,0,19.9325288859888
2015,12,28,98.1415557861328,1.13686837721616e-13,78.021054487821,0,97.8402417889394
2015,12,29,1.90592801570892,2.27373675443232e-13,50.4298013270382,-2.27373675443232e-13,22.4383325173703
2015,12,30,0.0319914370775223,0,0.978484099352499,0,8.24637195054623
2015,12,31,4.84383017465007e-05,0,0.0161955316725653,0,5.47859793952036
2016,1,1,0.00015911458467599,0,0.00010104011016665,0,4.20291609081707
2016,1,2,0.00101721158716828,0,0.000580995845666621,0,3.4170049518838
2016,1,3,0.000219183770241216,0,0.000697431234584656,0,2.87028415958239
2016,1,4,1.34124767780304,0,0.472131859569345,0,2.44885354885006
2016,1,5,0.78276252746582,0.0337018962401316,1.08511587242538,0,2.10715305366168
2016,1,6,0.00351984100416303,0.0428707717805992,0.355434624558256,0,1.83379265751097
2016,1,7,4.12024688720703,0,2.04323934722925,0.0920155807954188,1.64016237690422
2016,1,8,5.10986375808716,0,4.60499748909206,0,1.58321229437283
2016,1,9,7.68693733215332,0,6.39703963228385,1.13686837721616e-13,1.69711245943562
2016,1,10,1.1633380651474,0.490236384303557,3.94450665522163,-1.13686837721616e-13,2.3121733507747
2016,1,11,0.120116546750069,0.542027767067452,0.109106822346803,0,2.06159298763656
2016,1,12,0.000248823955189437,0.0484405325880744,0.0205438050397788,0.200170347519702,1.83379265751097
2016,1,13,0.0887498185038567,-1.13686837721616e-13,0.0396512602019357,0.882546222188012,1.6515523934105
2016,1,14,0.00814370159059763,1.13686837721616e-13,0.0501779506739695,0,1.50348217882887
2016,1,15,0.143680170178413,0,0.0676300814520801,0,1.40097203027236
2016,1,16,0.000353177369106561,0,0.0877181993855629,0,1.28707186520956
2016,1,17,0.0836868211627007,0.00810923949723019,0.0248480148802628,0,1.1378626489773
2016,1,18,0.793886244297028,0.407191727879535,0.0314894389812253,0,1.01257246740823
2016,1,19,0.117312058806419,0.46593510868945,0,0,0.916896328755486
2016,1,20,1.08440506458282,0.397978890575018,0.182049814313359,0,0.855390239621578
2016,1,21,1.37854015827179,0.623092022825063,0.607183956046356,0,0.814386180198972
2016,1,22,0.589489698410034,0.372191815647966,0.617772317993513,0,0.774521122426994
2016,1,23,0.0275553744286299,0.105161275594583,0.216296535909351,0,0.724405049799365
2016,1,24,0.00191140605602413,0.00131217558566732,0.0115885862833238,0,0.684539992027388
2016,1,25,0.045238308608532,0,0.0186018406893709,2.20671779579016,0.65036994250855
2016,1,26,0.000478815985843539,0,0.0239621536966297,0.20896351265344,0.625311906194735
2016,1,27,5.28687523910776e-05,0,0.000294078192382585,0,0.594558861627781
2016,1,28,0.000259397929767147,0,0.00015250170690706,0,0.561527813759571
2016,1,29,4.656986129703e-05,0,0.000155275563884061,0,0.535330775795128
2016,1,30,0.00215636263601482,0,0.00109888523002155,0,0.514828746083826
2016,1,31,0.0144145805388689,0,0.00811210827669129,0,0.500021724625663
2016,2,1,0.000409416592447087,0,0.00750866404996486,0,0.484075701516871
2016,2,2,2.4580409526825,1.13686837721616e-13,1.06464616319136,0,0.471546683359964
2016,2,3,0.563487648963928,0,1.68782077425567,0,0.457878663552429
2016,2,4,0.108647882938385,-1.13686837721616e-13,0.337044435320422,1.13686837721616e-13,0.44648864704615
2016,2,5,7.23535549695953e-07,0,0.0557332573880558,0.00269803692128789,0.431681625587987
2016,2,6,0.000172531945281662,0,8.00519846961834e-05,0,0.415735602479195
2016,2,7,3.8464098906843e-05,0,8.85241097421385e-05,1.13686837721616e-13,0.397511576069149
2016,2,8,0.00075982982525602,0,0.000484926393255591,-1.13686837721616e-13,0.384982557912241
2016,2,9,0.0011344759259373,0,0.000946815111092292,0,0.372453539755334
2016,2,10,0.000712872948497534,0,0.00096146875876002,0,0.362202524899683
2016,2,11,0.00153880834113806,0,0.00111992980964715,0.00185353031713476,0.353090511694659
2016,2,12,0.000276833859970793,0,0.000803177172201686,0,0.345117500140264
2016,2,13,0.00257260515354574,0,0.00129360501159681,0,0.337144488585868
2016,2,14,0.065129965543747,0,0.0322496524167946,0,0.329171477031473
2016,2,15,0.0201251767575741,0,0.0426648653592565,0.00319298768204135,0.324615470428961
2016,2,16,0.142457872629166,0,0.0762596875356394,0,0.321198465477077
2016,2,17,0.000107984269561712,1.13686837721616e-13,0.0547284622152802,0,0.315503457223937
2016,2,18,0.000168867001775652,-1.13686837721616e-13,0.000145291567605454,0,0.310947450621426
2016,2,19,0.0581428185105324,0,0.0317588120160508,0,0.305252442368286
2016,2,20,0.0168656595051289,0,0.0378969449229771,0,0.299557434115146
2016,2,21,0.0571249648928642,0,0.043495313017047,0,0.295001427512635
2016,2,22,0.0259476844221354,0,0.042794983710337,0,0.288167417608867
2016,2,23,1.64021408557892,0,0.746381769524305,0,0.292723424211379
2016,2,24,28.2656364440918,0,11.447835676634,0,0.866780256127857
2016,2,25,0.0547670237720013,0,14.6218846908669,-3.41060513164848e-13,2.46024356535634
2016,2,26,1.63859731401317e-05,1.13686837721616e-13,0.0277130020840559,0,1.83379265751097
2016,2,27,0.000152973982039839,-1.13686837721616e-13,7.46616424294189e-05,0,1.40097203027236
2016,2,28,0.0245225373655558,0,0.0104247914350708,0,1.24151179918445
2016,2,29,0.0264851544052362,0,0.0257805314322468,0,1.17317170014677
2016,3,1,8.9212064743042,0,4.3487987607441,0,1.08432957139779
2016,3,2,0.171244218945503,0,4.73647471537697,0,1.19595173315933
2016,3,3,0.497477769851685,0,0.327725117771479,0,1.27568184870328
2016,3,4,1.73565661907196,0,1.22322613446886,0,1.15039166713421
2016,3,5,0.598417818546295,0,1.09105732729222,0,1.02965749216765
2016,3,6,0.000317887461278588,0,0.287448653936735,0,0.915757327104858
2016,3,7,0.00709965312853456,0,0.00357333326974185,0,0.84286122146467
2016,3,8,5.07381010055542,0,2.42102073274145,1.13686837721616e-13,0.855390239621578
2016,3,9,29.7894458770752,0,17.3380278937912,-1.13686837721616e-13,4.70407681709336
2016,3,10,17.1840496063232,0,23.4873021406238,0,5.76334835217734
2016,3,11,4.47072505950928,0,10.8371814882921,0,7.1643203824497
2016,3,12,3.44226121902466,0,3.96777801386634,0,5.0685573452943
2016,3,13,0.990783393383026,0,2.37826385796507,0,4.3509863053987
2016,3,14,5.09965562820435,0,3.04156719820458,0,4.24847615684219
2016,3,15,0.0030966296326369,0,2.59361860686477,0,3.63341526550311
2016,3,16,0.000383419217541814,0,0.00175172378658317,0,2.99557434115146
2016,3,17,0.0165295451879501,0,0.00706037719646702,0,2.44885354885006
2016,3,18,0.296461373567581,0,0.118245129531715,0,2.0957630371554
2016,3,19,2.48072910308838,0,1.57257228997332,0,1.84518267401725
2016,3,20,7.1598420618102e-05,0,1.33822094517382,0,1.54904224485399
2016,3,21,0.352406561374664,0,0.132499162340537,0,1.3212419147284
2016,3,22,2.53444195550401e-05,0,0.165175182220992,0,1.16178168364049
2016,3,23,0.52949333190918,1.13686837721616e-13,0.223698903348122,1.13686837721616e-13,1.05927153508398
2016,3,24,13.6036911010742,-1.13686837721616e-13,7.06360401147686,-1.13686837721616e-13,1.0763565598434
2016,3,25,0.0796195268630981,0,6.86942115225247,0,1.58321229437283
2016,3,26,4.88802979816683e-05,0,0.0360742448974634,0,1.36680198075352
2016,3,27,0.0082709239795804,0,0.0038337400983437,0,1.16178168364049
2016,3,28,1.20429599285126,0,0.520789253947442,0,1.03649150207142
2016,3,29,2.34444269153755e-05,0,0.437146954340278,0,0.931703350213649
2016,3,30,1.96234536170959,0,0.858966552157654,0,1.27568184870328
2016,3,31,31.1934280395508,0,16.2780127842925,0,6.34423919399759
2016,4,1,0.703127443790436,0,15.9699235525259,0,4.11179595876684
2016,4,2,1.47539394674823e-05,0,0.366323192654818,0,3.00696435765774
2016,4,3,9.76622800408222e-07,0,7.22407276043668e-06,0,2.40329348282494
2016,4,4,9.17739962460473e-05,0,3.62928913091309e-05,0,1.99325288859888
2016,4,5,0.000408385269111022,0,0.000238629785599187,0,1.67433242642306
2016,4,6,0.488576471805573,-1.13686837721616e-13,0.219180110798334,-1.13686837721616e-13,1.44653209629747
2016,4,7,0.643705904483795,1.13686837721616e-13,0.588983689740417,1.13686837721616e-13,1.28707186520956
2016,4,8,3.19635328196455e-05,0,0.302591221407056,0,1.1048316011091
2016,4,9,0.0303774923086166,0,0.0129963711588061,0,0.954483383226208
2016,4,10,0.795686364173889,0,0.473476191007649,0,0.858807244573461
2016,4,11,7.04082012176514,1.13686837721616e-13,3.88948710130353,0,0.80983017359646
2016,4,12,0.47158008813858,-1.13686837721616e-13,4.03772852539987,0,0.785911138933274
2016,4,13,0.127026528120041,0,0.294232610845938,0,0.727822054751249
2016,4,14,0.368464142084122,0,0.24381208486011,0,0.666315965617341
2016,4,15,0.209185227751732,1.13686837721616e-13,0.29855236417643,0,0.623033902893479
2016,4,16,0.75727915763855,-1.13686837721616e-13,0.542919486382743,0,0.592280858326525
2016,4,17,0.265327244997025,1.13686837721616e-13,0.530567887682992,0,0.562666815410199
2016,4,18,2.66477370262146,-1.13686837721616e-13,1.12142223753472,0,0.531913770843245
2016,4,19,2.78913927078247,1.13686837721616e-13,2.7246316434248,1.13686837721616e-13,0.51255074278257
2016,4,20,0.435256034135819,-1.13686837721616e-13,1.99337002113316,-1.13686837721616e-13,0.494326716372523
2016,4,21,1.697181224823,0,1.00066958722164,0,0.481797698215616
2016,4,22,0.00994974002242088,-1.13686837721616e-13,0.596567620392307,-1.13686837721616e-13,0.465851675106825
2016,4,23,0.000412395718740299,1.13686837721616e-13,0.0040862187743187,1.13686837721616e-13,0.44079363879301
2016,4,24,0.0274785757064819,0,0.0145105422998313,0,0.41345759917794
2016,4,25,0.00189839070662856,0,0.0174386051658075,0,0.389538564514753
2016,4,26,0.031389195472002,-1.13686837721616e-13,0.016548802392208,0,0.372453539755334
2016,4,27,10.3922061920166,1.13686837721616e-13,5.11678445191501,0,0.371314538104706
2016,4,28,0.836200892925263,0,5.73596782050299,0,0.362202524899683
2016,4,29,5.54345607757568,0,2.91462442246848,0,0.40206758267166
2016,4,30,52.086799621582,0,23.2781842714685,0,2.34634340029354
2016,5,1,3.29965734481812,1.13686837721616e-13,27.6945030370989,0,4.29403622286731
2016,5,2,0.138128504157066,-1.13686837721616e-13,1.77450673722342,0,2.59692376343169
2016,5,3,0.0512732937932015,0,0.0989394070638809,0,1.81101262449841
2016,5,4,0.000372310780221596,0,0.0234954718907829,0,1.3781919972598
2016,5,5,0.000124438098282553,0,0.000228187978791539,0,1.06952254993963
2016,5,6,4.59958173451014e-05,0,7.82648785389029e-05,0,0.858807244573461
2016,5,7,2.68726944341324e-05,0,3.66625172318891e-05,0,0.722127046498109
2016,5,8,0.0034363572485745,-1.13686837721616e-13,0.0014201070080162,0,0.625311906194735
2016,5,9,1.18299102783203,1.13686837721616e-13,0.514505867911794,0,0.736934067956273
2016,5,10,31.9180946350098,0,16.5119182744966,1.13686837721616e-13,7.26683053100621
2016,5,11,0.730805933475494,0,16.3247139266387,-1.13686837721616e-13,4.12318597527312
2016,5,12,24.0602226257324,0,12.3631298651017,0,3.77009546357846
2016,5,13,2.23541045188904,0,13.1567583559226,0,4.06623589274172
2016,5,14,0,0,1.20683544141502,0,2.82472409355727
2016,5,15,0.00217481446452439,0,0.000831951772852335,0,2.05020297113028
2016,5,16,0.478143960237503,0,0.202884148849989,0,1.57182227786655
2016,5,17,8.62826442718506,0,3.90855144501256,0,1.35541196424724
2016,5,18,1.0307080745697,0,5.14967254875228,0,1.21873176617189
2016,5,19,0.172747939825058,0,0.803046715482196,0,1.02054547896263
2016,5,20,6.00741958618164,0,2.90327835697826,0,0.904367310598579
2016,5,21,0.135647282004356,0,3.43813983339351,0,0.849695231368438
2016,5,22,0.0120352813974023,0,0.0751687383963144,0,0.759714100968831
2016,5,23,0.0261686276644468,0,0.0199246496340493,0,0.656064950761689
2016,5,24,3.09028124809265,0,1.22171732262359,0,0.623033902893479
2016,5,25,28.1960773468018,0,15.6149954447537,0,3.55368514995915
2016,5,26,14.2182054519653,0,21.2080042624075,0,8.24637195054623
2016,5,27,8.33035469055176,0,11.2793830856463,0,5.46720792301408
2016,5,28,1.87417387962341,1.13686837721616e-13,5.66478857836046,1.13686837721616e-13,3.99789579370404
2016,5,29,0.0441007614135742,-1.13686837721616e-13,1.1591160031021,-1.13686837721616e-13,2.81333407705099
2016,5,30,0.480672955513001,0,0.256211038526089,0,2.07298300414284
2016,5,31,4.99920654296875,0,2.56440175687749,0,1.66294240991678
2016,6,1,0.287161946296692,0,2.95578920929984,0,1.40097203027236
2016,6,2,3.11058831214905,0,1.43023348883435,0,1.21873176617189
2016,6,3,10.1547269821167,0,6.41658325948083,0,1.13900165062793
2016,6,4,10.2090044021606,0,10.1817903074189,1.13686837721616e-13,1.54904224485399
2016,6,5,6.1626181602478,0,8.31577852687769,-1.13686837721616e-13,1.73128250895446
2016,6,6,0.758824169635773,0,3.47462746683595,0,1.28707186520956
2016,6,7,0.0388009697198868,0,0.409746532473946,0,1.00459945585384
2016,6,8,0.00841173250228167,0,0.0194952832607669,0,0.806413168644576
2016,6,9,0.000261621695244685,0,0.00455345994851086,0,0.676566980472992
2016,6,10,2.05119140446186e-05,0,0.000173232634551823,0,0.576334835217734
2016,6,11,0.0276469718664885,-1.13686837721616e-13,0.0118512692934019,0,0.504577731228174
2016,6,12,1.20990490913391,1.13686837721616e-13,0.742654696681711,0,0.505716732878802
2016,6,13,15.3134412765503,0,7.4710804409915,0,0.657203952412317
2016,6,14,0.687597036361694,0,8.57487920723361,-1.13686837721616e-13,0.592280858326525
2016,6,15,0.310544013977051,0,0.522924700890144,1.13686837721616e-13,0.465851675106825
2016,6,16,0.740861535072327,0,0.559641941792506,0,0.397511576069149
2016,6,17,0.681110620498657,0,0.702180732725537,0,0.357646518297171
2016,6,18,0.617920815944672,0,0.644367554028577,0,0.321198465477077
2016,6,19,0.296022951602936,0,0.473988219746389,1.13686837721616e-13,0.285889414307611
2016,6,20,0.267771244049072,0,0.286098308359215,-1.13686837721616e-13,0.261970379644425
2016,6,21,0.00555259175598621,0,0.140343731945904,0,0.241468349933122
2016,6,22,0.00278330454602838,0,0.00456764137925347,0,0.222105321872447
2016,6,23,0.0211534686386585,0,0.0115499968960648,0,0.206159298763656
2016,6,24,1.75339293479919,0,0.603783653292339,0,0.192491278956121
2016,6,25,1.86829805374146,0,1.80536054082768,0,0.181101262449841
2016,6,26,1.62535917758942,0,1.70903697000176,0,0.169711245943562
2016,6,27,9.16137504577637,0,4.89041014492977,1.13686837721616e-13,0.162877236039794
2016,6,28,1.20511734485626,0,5.44120834024216,-1.13686837721616e-13,0.160599232738539
2016,6,29,0.27585431933403,0,0.672392829343153,1.13686837721616e-13,0.149209216232259
2016,6,30,3.15557861328125,0,1.45221041586046,-1.13686837721616e-13,0.140097203027236
2016,7,1,12.9539270401001,0,7.3503523459658,0,0.148070214581631
2016,7,2,8.11384201049805,0,11.269241133472,0,0.14351420797912
2016,7,3,2.98339581489563,0,5.82461555261398,0,0.136680198075352
2016,7,4,18.5793704986572,0,10.7515208487821,0,0.138958201376608
2016,7,5,9.72688293457031,0,14.2391462296509,0,0.144653209629747
2016,7,6,1.89233696460724,0,5.89595298724453,0,0.145792211280375
2016,7,7,1.80322086811066,0,1.84839842442307,0,0.140097203027236
2016,7,8,0.418697416782379,0,1.11609532321017,0,0.135541196424724
2016,7,9,28.6329898834229,0,14.5231056375633,0,0.226661328474959
2016,7,10,0.803241491317749,0,14.7283741361098,0,0.174267252546074
2016,7,11,2.29758024215698,0,1.54003916604415,0,0.162877236039794
2016,7,12,0.0929210409522057,0,1.20474969998031,0,0.153765222834771
2016,7,13,0.0795641243457794,0,0.0879429647320649,0,0.138958201376608
2016,7,14,13.1120719909668,0,6.29006367221155,0,0.230078333426842
2016,7,15,15.3709096908569,-1.13686837721616e-13,14.1791268856032,-1.13686837721616e-13,0.193630280606749
2016,7,16,3.27536129951477,1.13686837721616e-13,9.51831717568712,1.13686837721616e-13,0.167433242642306
2016,7,17,0.00336896907538176,0,1.52460118215822,0,0.151487219533515
2016,7,18,0.00844169594347477,0,0.00630324964004103,0,0.135541196424724
2016,7,19,0.249344885349274,-1.13686837721616e-13,0.109799491416197,0,0.124151179918445
2016,7,20,0.521532416343689,2.27373675443232e-13,0.399807790752675,1.13686837721616e-13,0.116178168364049
2016,7,21,0.330340385437012,-1.13686837721616e-13,0.394628016052593,-1.13686837721616e-13,0.111052660936223
2016,7,22,0.0102481674402952,0,0.185693127132254,0,0.109458058625344
2016,7,23,0.276467144489288,0,0.163443035664386,0,0.106041053673461
2016,7,24,0.406482517719269,0,0.330736039286421,0,0.104902052022833
2016,7,25,3.39908885955811,0,1.68651517395483,0,0.103649150207142
2016,7,26,9.93108367919922,0,6.37692257780145,0,0.103421349877016
2016,7,27,5.49834394454956,-1.13686837721616e-13,7.75646371829498,-1.13686837721616e-13,0.129846188171584
2016,7,28,4.05590343475342,1.13686837721616e-13,4.95914204322617,1.13686837721616e-13,0.129846188171584
2016,7,29,4.38801908493042,0,4.23933051505446,0,0.127568184870328
2016,7,30,6.5328311920166,0,5.54837476583634,0,0.158321229437283
2016,7,31,7.03945732116699,0,6.78521094908501,0,0.36903653480345
2016,8,1,4.47611093521118,0,5.87678137561306,1.13686837721616e-13,0.322337467127705
2016,8,2,0.127673104405403,0,2.32763428048202,-1.13686837721616e-13,0.367897533152822
2016,8,3,0.00362955126911402,0,0.0566332192756818,0,0.292723424211379
2016,8,4,0.0648255869746208,0,0.0341372042385046,0,0.230078333426842
2016,8,5,3.06893920898438,0,1.70930561631394,0,0.187935272353609
2016,8,6,12.171820640564,0,7.37452724245668,-1.13686837721616e-13,0.168572244292934
2016,8,7,4.94195508956909,0,8.782744091528,1.13686837721616e-13,0.211854307016796
2016,8,8,21.4392566680908,0,13.0519830752382,0,0.801857162042065
2016,8,9,4.79499435424805,1.13686837721616e-13,13.1789939954033,1.13686837721616e-13,1.94769282257377
2016,8,10,2.35401201248169,-1.13686837721616e-13,3.74089345270477,-1.13686837721616e-13,1.23012178267817
2016,8,11,0.345658361911774,0,1.51473787581199,0,0.858807244573461
2016,8,12,1.34765768051147,0,0.935750243006623,0,0.725544051449993
2016,8,13,7.31822061538696,0,3.76046828318067,0,0.789328143885157
2016,8,14,14.4281311035156,0,10.683672419691,0,1.9818628720926
2016,8,15,19.5968246459961,0,16.9981243184229,0,3.00696435765774
2016,8,16,5.44778966903687,0,12.5333700928895,0,3.15503457223937
2016,8,17,0.110033221542835,1.13686837721616e-13,2.92869417921611,0,2.01603292161144
2016,8,18,2.29777765274048,-1.13686837721616e-13,1.14471670706553,0,1.7654525584733
2016,8,19,9.9069185256958,0,6.07244958478987,0,2.41468349933122
2016,8,20,8.07776546478272,0,9.02870072604856,0,2.17549315269935
2016,8,21,1.66130888462067,0,4.89887384916074,0,1.9818628720926
2016,8,22,3.11957716941834,0,2.38040608319716,1.13686837721616e-13,1.3212419147284
2016,8,23,0.00910668168216944,0,1.64564304045052,-1.13686837721616e-13,1.07066155159026
2016,8,24,0.0169436763972044,0,0.0126410552402376,0,0.863363251175973
2016,8,25,0.070984810590744,-1.13686837721616e-13,0.0535650173260365,-1.13686837721616e-13,0.652647945809806
2016,8,26,0.169599562883377,1.13686837721616e-13,0.115838465419074,1.13686837721616e-13,0.528496765891361
2016,8,27,2.99469327926636,-1.13686837721616e-13,0.975980065348267,-1.13686837721616e-13,0.460156666853685
2016,8,28,2.8827645778656,1.13686837721616e-13,2.92443552403711,1.13686837721616e-13,0.462434670154941
2016,8,29,0.812080264091492,0,2.08811493845133,0,0.482936699866244
2016,8,30,3.90336561203003,-1.13686837721616e-13,2.2422596345059,0,0.414596600828568
2016,8,31,0.0499385818839073,1.13686837721616e-13,2.16793512470758,0,0.388399562864125
2016,9,1,0.174639627337456,1.13686837721616e-13,0.108823289716383,1.13686837721616e-13,0.363341526550311
2016,9,2,0.168395146727562,-1.13686837721616e-13,0.17219901176577,-1.13686837721616e-13,0.34739550344152
2016,9,3,0.0363991595804691,0,0.0922143706629868,0,0.322337467127705
2016,9,4,0.00277174077928066,0,0.0209115925972583,-1.13686837721616e-13,0.304113440717658
2016,9,5,0.0248914044350386,0,0.0162767521178466,1.13686837721616e-13,0.296140429163263
2016,9,6,0.051873404532671,0,0.0376029713297612,1.13686837721616e-13,0.289306419259495
2016,9,7,0.00127928634174168,0,0.0209479838595144,-1.13686837721616e-13,0.289306419259495
2016,9,8,0.285997271537781,1.13686837721616e-13,0.132532460207585,1.13686837721616e-13,0.271082392849448
2016,9,9,2.03280830383301,-1.13686837721616e-13,1.36152250692248,-1.13686837721616e-13,0.258553374692541
2016,9,10,2.70964336395264,0,2.36815923979884,0,0.248302359836889
2016,9,11,0.285324096679688,0,1.71446767789894,1.13686837721616e-13,0.23691234333061
2016,9,12,0.00740773277357221,0,0.118377124425024,-1.13686837721616e-13,0.227800330125587
2016,9,13,0.0133267426863313,0,0.0100296648088261,0,0.220966320221819
2016,9,14,0.56365567445755,0,0.383495539696014,0,0.2038812954624
2016,9,15,6.6421103477478,0,3.5938987307818,0,0.183379265751097
2016,9,16,6.96421480178833,0,6.76360573535203,0,0.26424838294568
2016,9,17,27.7950706481934,1.13686837721616e-13,17.0721349799787,0,2.72221394500076
2016,9,18,2.18350315093994,-1.13686837721616e-13,14.9895822338513,0,1.35541196424724
2016,9,19,8.37048053741455,0,5.05644146021223,0,0.979541419540022
2016,9,20,0.000621023296844214,0,4.39745517544361,0,0.646952937556666
2016,9,21,0.00127133156638592,0,0.000922867257031612,0,0.559249810458315
2016,9,22,4.26794686063658e-05,0,0.000702624216501135,0,0.488631708119383
2016,9,23,7.47410522308201e-05,0,6.2051803979557e-05,0,0.406623589274172
2016,9,24,0.00182742765173316,-1.13686837721616e-13,0.000862652843352407,-1.13686837721616e-13,0.363341526550311
2016,9,25,0.152694016695023,1.13686837721616e-13,0.0557775632405537,1.13686837721616e-13,0.333727483633984
2016,9,26,3.83241391181946,0,1.97186468025029,0,0.306391444018914
2016,9,27,0.0453494377434254,0,2.44829009734531,0,0.280194406054471
2016,9,28,1.49591051012976e-05,1.13686837721616e-13,0.0232557290801196,0,0.260831377993797
2016,9,29,3.25287073792424e-05,-1.13686837721616e-13,2.10505822906271e-05,0,0.243746353234378
2016,9,30,0.000475110195111483,0,0.000237468448176514,0,0.235773341679982
2016,10,1,0.000433503417298198,0,0.000447362770501059,0,0.230078333426842
2016,10,2,6.82290919939987e-05,0,0.00027567103097681,0,0.220966320221819
2016,10,3,0.000305736873997375,0,0.000218840614252258,0,0.20957630371554
2016,10,4,0.00112016987986863,-1.13686837721616e-13,0.000687668951286469,0,0.199325288859888
2016,10,5,13.4007558822632,1.13686837721616e-13,6.67648113609903,0,0.23691234333061
2016,10,6,5.74561643600464,0,9.85582649854769,0,0.220966320221819
2016,10,7,0.0364824719727039,0,3.3468325217691,0,0.235773341679982
2016,10,8,0.0131282648071647,0,0.0257716038977378,0,0.220966320221819
2016,10,9,0.0304698795080185,0,0.0214005495217862,0,0.201603292161144
2016,10,10,0.000182058342033997,0,0.0101827354446868,0,0.186796270702981
2016,10,11,0.637771368026733,0,0.298607338278089,1.13686837721616e-13,0.181101262449841
2016,10,12,1.10540020465851,0,0.820459085378388,-1.13686837721616e-13,0.394094571117265
2016,10,13,27.1273918151856,0,13.860767170896,0,1.75406254196702
2016,10,14,9.16207408905029,0,18.1468151761437,0,1.00687745915509
2016,10,15,0.270738482475281,0,4.90817916085507,0,0.618477896290967
2016,10,16,0.0064987288787961,0,0.151269348607457,0,0.449905651998033
2016,10,17,0.00081909605069086,1.13686837721616e-13,0.00376171203242848,0,0.358785519947799
2016,10,18,0.0183968041092157,-1.13686837721616e-13,0.00939454063336598,0,0.299557434115146
2016,10,19,0.303220987319946,0,0.133220265968703,0,0.261970379644425
2016,10,20,6.96887731552124,0,2.93761599557911,0,0.234634340029354
2016,10,21,0.246349945664406,0,3.65329749774537,0,0.210715305366168
2016,10,22,0.655754566192627,0,0.493316067520937,1.13686837721616e-13,0.193630280606749
2016,10,23,4.87105489810347e-06,0,0.353154799704498,0,0.17654525584733
2016,10,24,9.37141066970071e-08,0,2.91743344860151e-06,-1.13686837721616e-13,0.167433242642306
2016,10,25,4.92685467179399e-05,0,2.99775565508753e-05,0,0.153765222834771
2016,10,26,0.00748748006299138,0,0.0032652272057021,0,0.140097203027236
2016,10,27,0.926261365413666,0,0.611294019239722,0,0.140097203027236
2016,10,28,0.00121194554958493,1.13686837721616e-13,0.492437087777944,1.13686837721616e-13,0.13781919972598
2016,10,29,6.33724921499379e-05,-1.13686837721616e-13,0.000816564817796461,-1.13686837721616e-13,0.130985189822212
2016,10,30,5.46725059393793e-05,0,5.93372678849846e-05,0,0.124151179918445
2016,10,31,2.10009693546454e-05,0,3.21619081660174e-05,0,0.120734174966561
2016,11,1,0.00186534796375781,0,0.000818012675154023,-1.13686837721616e-13,0.119595173315933
2016,11,2,0.00804130919277668,0,0.00576370651833713,1.13686837721616e-13,0.119595173315933
2016,11,3,0.13434362411499,0,0.0669634940786636,1.13686837721616e-13,0.113900165062793
2016,11,4,1.42123246192932,0,0.892107043888245,-1.13686837721616e-13,0.113900165062793
2016,11,5,9.65482686297037e-05,0,0.757133239065297,0,0.113216764072417
2016,11,6,0.000238523498410359,0,0.000182813877472654,0,0.110938760771161
2016,11,7,2.03420543670654,0,0.885510048399738,0,0.110938760771161
2016,11,8,9.28593635559082,0,5.43696713297686,0,
2016,11,9,0.216761559247971,0,5.07581755015417,0,
2016,11,10,0.00120272778440267,0,0.0940974489712971,0,
2016,11,11,0.000227680226089433,0,0.000681968667777255,0,
2016,11,12,5.29773933521938e-05,0,0.00015870324568823,0,
2016,11,13,5.37319901923183e-05,1.13686837721616e-13,5.3314543038141e-05,0,
2016,11,14,0.00262019038200378,-1.13686837721616e-13,0.00145291020453442,0,
2016,11,15,0.0884841233491898,0,0.0522415997547796,0,
2016,11,16,0.0163358803838491,0,0.0483505836382392,0,0.0956761386527464
2016,11,17,1.37674373945629e-06,0,0.00744314512121491,0,0.0928286345261765
2016,11,18,4.28743362426758,0,1.77417683727253,0,0.102510148556514
2016,11,19,6.07365465164185,0,4.84655561259569,0,0.0940815363418673
2016,11,20,0.00243349536322057,0,3.03897896644776,0,0.0915757327104858
2016,11,21,0.791336476802826,0,0.507124850053515,0,0.0987514431094418
2016,11,22,1.55538141727448,0,1.09520989936573,0,0.0997765445950069
2016,11,23,24.4773406982422,0,9.51917621760367,-1.13686837721616e-13,0.17085024759419
2016,11,24,0.397360295057297,0,12.4742581270548,1.13686837721616e-13,0.34739550344152
2016,11,25,0.0007760992157273,0,0.202381747767504,0,0.342839496839008
2016,11,26,0.0216537322849035,0,0.0133331072211149,0,0.296140429163263
2016,11,27,0.0332216583192349,0,0.028459760316764,0,0.261970379644425
2016,11,28,15.2567348480225,0,7.58568057965022,0,0.265387384596308
2016,11,29,7.58395767211914,0,11.4219166879921,0,0.414596600828568
2016,11,30,6.4097940821739e-07,0,4.21299921280297,0,0.464712673456197
2016,12,1,0.0235426444560289,0,0.0096574280760251,0,0.449905651998033
2016,12,2,5.64876863791142e-05,0,0.0138299408572493,0,0.381565552960357
2016,12,3,0.532496154308319,0,0.338246665043698,-1.13686837721616e-13,0.340561493537752
2016,12,4,5.30128192901611,0,2.91362440924422,1.13686837721616e-13,0.326893473730217
2016,12,5,1.80228590965271,0,3.55228008810082,0,0.325754472079589
2016,12,6,6.51488780975342,0,3.94276626358624,0,0.351951510044031
2016,12,7,0.269311904907227,0,3.40325009101798,0,0.375870544707218
2016,12,8,0.0745455101132393,0.0162455705797129,0.157020761624153,-1.13686837721616e-13,0.371314538104706
2016,12,9,0.000391900743125007,0.0166677125663455,0.0208318108198,1.13686837721616e-13,0.354229513345287
2016,12,10,0.231838062405586,0.0478437333604234,0.0673362919478677,0,0.330310478682101
2016,12,11,0.153185069561005,0.048085743897559,0.144456631031062,0.149778877566973,0.310947450621426
2016,12,12,1.15462899208069,1.13686837721616e-13,0.756216493267857,1.13686837721616e-13,0.298418432464518
2016,12,13,0.054320190101862,0,0.570035431679571,0,0.285889414307611
2016,12,14,0.0403948538005352,0,0.0468901727872435,0,0.272221394500076
2016,12,15,0.0409230180084705,0.00476353855412981,0.0358900989303947,1.13686837721616e-13,0.257414373041913
2016,12,16,0.0125457495450974,0.00487586840085896,0.0219017222480034,-1.13686837721616e-13,0.24260735158375
2016,12,17,0.0145408883690834,0,0.0135395148317912,0.0201491955328947,0.233495338378726
2016,12,18,0.084015280008316,0.0227971492578263,0.0259015442934469,1.13686837721616e-13,0.217549315269935
2016,12,19,0.000782969407737255,0.0236041399703026,0.0188476008261205,-1.13686837721616e-13,0.205020297113028
2016,12,20,0.0850731059908867,0.0227721831015515,0.019366154607269,0,0.189074274004237
2016,12,21,0.000284811510937288,0.0228038882277133,0.0198811980444589,0.114746668778707,0.177684257497958
2016,12,22,0.0010540671646595,0,0.000714585425157566,0,0.167433242642306
2016,12,23,0.5997514128685,0,0.280805138318101,0,0.161738234389166
2016,12,24,4.56986045837402,0,2.2392370250891,0,0.158321229437283
2016,12,25,0.555846333503723,1.13686837721616e-13,2.61152611121361,0,0.158321229437283
2016,12,26,3.04231452941895,0,1.78315069030214,0,0.162877236039794
2016,12,27,0.586645841598511,-1.13686837721616e-13,1.98797740785085,0,0.156043226136027
2016,12,28,0.00579207018017769,0,0.234958712782827,0,0.152626221184143
2016,12,29,0.0228055436164141,0,0.0133844516458339,0,0.146931212931003
2016,12,30,1.38222060286353e-06,0,0.0149232098192442,0,0.142375206328492
2016,12,31,0.00281726685352623,0,0.00134882699785521,0,0.138958201376608
2017,1,1,0.0762860476970673,0,0.0282209909928497,0,0.135541196424724
2017,1,2,1.77369487285614,0,0.865689756370557,0,0.138958201376608
2017,1,3,4.28345251083374,0,2.75414199801162,-1.13686837721616e-13,0.140097203027236
2017,1,4,0.00309844221919775,0,2.20546965433459,2.27373675443232e-13,0.136680198075352
2017,1,5,0.0252907816320658,0.00971015841787448,0.00447882417211076,0,0.134402194774096
2017,1,6,4.01710748672485,1.72408903975224,0.0033615722131799,-1.13686837721616e-13,0.133263193123468
2017,1,7,0.0148108648136258,2.03407061631572,0,0,0.129846188171584
2017,1,8,0.000163077711476944,0.00813361761117903,0,0,0.127568184870328
2017,1,9,0.0130480611696839,0.00245626142441324,0.00275563374452759,0,0.124151179918445
2017,1,10,0.127613574266434,0.00304062146688011,0.0666638188413344,3.59137029516194,0.124151179918445
2017,1,11,0.244578123092651,1.13686837721616e-13,0.186013651356916,0.215530451241193,0.124151179918445
2017,1,12,0.30910649895668,-1.13686837721616e-13,0.28068869731942,0,0.123012178267817
2017,1,13,0.756368756294251,0,0.584617573083961,0,0.121873176617189
2017,1,14,8.1929178237915,0,4.36972353004967,0,0.127568184870328
2017,1,15,3.98397374153137,0,6.0965155329759,0,0.13781919972598
2017,1,16,8.02784824371338,0,5.95212811933743,0,0.158321229437283
2017,1,17,2.84696173667908,0,5.72328319198277,0,0.200464290510516
2017,1,18,0.0766700953245163,1.13686837721616e-13,1.49954573778086,1.13686837721616e-13,0.591141856675897
2017,1,19,0.674370110034943,-1.13686837721616e-13,0.344069722799759,-1.13686837721616e-13,0.661759959014829
2017,1,20,0.0641595646739006,1.13686837721616e-13,0.380337013106328,0,0.568361823663338
2017,1,21,0.0759409964084625,-1.13686837721616e-13,0.0698347764191567,0,0.505716732878802
2017,1,22,13.6881418228149,0,6.87632292843773,0,0.464712673456197
2017,1,23,6.29214811325073,0,10.0115104224096,0,0.654925949111062
2017,1,24,0.0886329561471939,0,3.19230063528812,0,1.15039166713421
2017,1,25,0.0291524697095156,1.13686837721616e-13,0.0621699360272032,1.13686837721616e-13,0.931703350213649
2017,1,26,0.000220063651795499,-1.13686837721616e-13,0.0165484918979928,-1.13686837721616e-13,0.769965115824483
2017,1,27,1.28535631915838e-07,0,8.18676708149724e-05,0,0.64467493425541
2017,1,28,4.03793637815397e-05,0,2.29029610636644e-05,0,0.555832805506431
2017,1,29,0.000335711694788188,0,0.000169475577422418,0,0.494326716372523
2017,1,30,5.67010647500865e-06,0,0.000222909737203736,0,0.451044653648661
2017,1,31,1.52087318383565e-06,0,3.64209699910134e-06,0,0.416874604129823
2017,2,1,0.00133727141655982,0,0.000766085475333966,0,0.386121559562869
2017,2,2,0.0334181636571884,0,0.0213148498442024,0,0.359924521598427
2017,2,3,0.00778129603713751,0,0.0213264718331629,0,0.333727483633984
2017,2,4,0.000256778206676245,8.6490663306904e-06,0.00441044713079464,0,0.312086452272054
2017,2,5,0.000956252159085125,1.0246419719806e-05,0.000575735066377092,0,0.29727943081389
2017,2,6,0.122907593846321,1.13686837721616e-13,0.0561604783142684,1.13686837721616e-13,0.287028415958239
2017,2,7,6.6191201210022,-1.13686837721616e-13,3.08885392451339,-1.13686837721616e-13,1.09458058625344
2017,2,8,0.516153633594513,0,4.2659794664869,0,1.19595173315933
2017,2,9,4.9713456974132e-05,0,0.287698809042922,-1.13686837721616e-13,0.720988044847481
2017,2,10,0.000227023512707092,0,0.000167448735737707,1.13686837721616e-13,0.5341917741445
2017,2,11,0.0603736862540245,0,0.0316605995758437,0,0.452183655299289
2017,2,12,0.0099186385050416,0,0.0398966463108081,0,0.403206584322288
2017,2,13,0.0339388474822044,0,0.0232532177542453,0,0.364480528200939
2017,2,14,15.2115592956543,0,6.23502177598857,1.13686837721616e-13,0.37473154305659
2017,2,15,18.5322227478027,0,16.871380305296,-1.13686837721616e-13,1.40097203027236
2017,2,16,0.0228571444749832,0,9.28045781133551,-1.13686837721616e-13,2.25522326824331
2017,2,17,0.00702054100111127,0,0.0154379578816588,1.13686837721616e-13,1.56043226136027
2017,2,18,0.0030703516677022,0,0.0054994025194901,0,1.20734174966561
2017,2,19,0.0244650710374117,0,0.0126442571927328,0,0.989792434395674
2017,2,20,0.206007093191147,1.13686837721616e-13,0.108058948382677,0,0.839444216512787
2017,2,21,10.6272201538086,-1.13686837721616e-13,5.11141071167367,-1.13686837721616e-13,0.799579158740809
2017,2,22,1.28126502037048,0,6.00938021970796,1.13686837721616e-13,0.964734398081859
2017,2,23,0.0380881391465664,0,0.712688807783707,0,1.06041053673461
2017,2,24,0.00207768147811294,0,0.0202965729986317,0,0.981819422841278
2017,2,25,0.0101654874160886,0,0.00576929737871978,0,0.870197261079741
2017,2,26,0.00543836643919349,0,0.00726142895291559,0,0.760853102619459
2017,2,27,0.00458713248372078,0,0.00502585658978205,1.13686837721616e-13,0.68340099037676
2017,2,28,0.373954087495804,0,0.154402462321741,-2.27373675443232e-13,0.635562921050386
2017,3,1,4.79466056823731,0,2.30290530623461,1.13686837721616e-13,0.670871972219852
2017,3,2,0.00460869912058115,0,2.84391900146875,0,0.775660124077622
2017,3,3,0.00703750317916274,0,0.00575358165224316,0,0.768826114173855
2017,3,4,0.0432778634130955,1.13686837721616e-13,0.0213003405588097,1.13686837721616e-13,0.684539992027388
2017,3,5,0.372803688049316,-1.13686837721616e-13,0.238281342943083,-1.13686837721616e-13,0.626450907845363
2017,3,6,3.13597869873047,0,1.52802060409158,-1.13686837721616e-13,0.595697863278409
2017,3,7,23.46657371521,0,11.3664371582927,1.13686837721616e-13,0.911201320502346
2017,3,8,0.070585198700428,0,11.7695259920802,0,2.3691234333061
2017,3,9,1.09522986412048,0,0.575281319310307,0,1.79962260799213
2017,3,10,8.00174427032471,0,4.18798686064838,0,1.91352277305493
2017,3,11,4.91890716552734,0,6.61208156967041,0,2.28939331776215
2017,3,12,8.8870792388916,0,6.90252666984452,1.13686837721616e-13,3.64480528200939
2017,3,13,4.63067007064819,0,6.77747402178648,-1.13686837721616e-13,4.077625909248
2017,3,14,0.160080671310425,0,2.45990839625301,0,3.46256501790892
2017,3,15,0.142515897750855,0.00629942217699409,0.145973438367946,0,2.67665387897564
2017,3,16,0.000256498489761725,0.00714370912339746,0.0648246087803273,0.0122190772162867,2.14132310318051
2017,3,17,0.115592069923878,-1.13686837721616e-13,0.047883696439385,-1.13686837721616e-13,1.81101262449841
2017,3,18,0.500454246997833,1.13686837721616e-13,0.265905303807813,1.13686837721616e-13,1.56043226136027
2017,3,19,0.0370176620781422,0,0.260667794645997,0,1.33263193123468
2017,3,20,0.00355787947773933,1.13686837721616e-13,0.0225027949418291,0,1.16178168364049
2017,3,21,0.0237978678196669,-1.13686837721616e-13,0.0131342138629407,-1.13686837721616e-13,1.03535250042079
2017,3,22,4.88188409805298,0,2.33410982804344,1.13686837721616e-13,1.00346045420321
2017,3,23,0.288961917161942,0,2.65897337824572,0,0.978402417889394
2017,3,24,0.387198358774185,0,0.338014035733067,0,0.906645313899835
2017,3,25,31.4858093261719,0,15.7301724350909,0,5.68361823663339
2017,3,26,2.82701969146729,0,17.1609999004504,0,6.1733889464034
2017,3,27,28.5359172821045,0,13.3247142513719,0,13.8958201376608
2017,3,28,2.16636657714844,0,15.3524103618183,0,11.9595173315933
2017,3,29,0.553470849990845,0,1.23685989667865,0,5.80890841820246
2017,3,30,11.3599510192871,0,5.95418220194551,1.13686837721616e-13,6.49230940857922
2017,3,31,0.0459835231304169,0,5.90643100870511,-1.13686837721616e-13,5.10272739481314
2017,4,1,0.0162798892706633,0,0.0321004226207151,0,3.70175536454078
2017,4,2,0.975520431995392,0,0.449607968381315,0,2.88167417608867
2017,4,3,8.42728519439697,0,4.0837879882165,0,2.59692376343169
2017,4,4,2.75760173797607,0,5.60069925448624,0,2.3121733507747
2017,4,5,14.4857959747314,0,8.62085854001634,0,4.11179595876684
2017,4,6,0.683658599853516,0,7.58518383870251,0,4.04345585972916
2017,4,7,0.00875568296760321,1.13686837721616e-13,0.337909693414986,1.13686837721616e-13,3.00696435765774
2017,4,8,0.000201507995370775,-1.13686837721616e-13,0.00471493269287748,-1.13686837721616e-13,2.46024356535634
2017,4,9,0.00339521444402635,0,0.00167332810815424,0,2.0957630371554
2017,4,10,0.387625396251678,0,0.17936884520168,0,1.79962260799213
2017,4,11,0.741885185241699,0,0.552040299458895,0,1.68572244292934
2017,4,12,0.00351691246032715,0,0.426743784912105,0,1.53765222834771
2017,4,13,0.0522857904434204,0,0.0315315451807692,0,1.30985189822212
2017,4,14,0.0178266782313585,0,0.03546390523843,0,1.15039166713421
2017,4,15,0.0340168736875057,0,0.0271692684982554,0,1.0273794888664
2017,4,16,0.714320600032806,1.13686837721616e-13,0.361692328944628,0,0.946510371671812
2017,4,17,20.847204208374,-1.13686837721616e-13,9.03877803387149,0,0.984097426142534
2017,4,18,1.12828278541565,0,10.9878147431082,0,1.54904224485399
2017,4,19,0.0101124113425612,0,0.599104451830499,0,1.50348217882887
2017,4,20,0.00410749344155192,0,0.00725866817811038,0,1.25290181569073
2017,4,21,15.3593053817749,0,7.00046934589045,0,1.9818628720926
2017,4,22,44.1146507263184,0,29.0669151915427,0,26.1970379644425
2017,4,23,1.72229611873627,0,22.9205369185584,0,10.0004344925133
2017,4,24,3.26525926589966,1.13686837721616e-13,2.48886156411027,1.13686837721616e-13,5.7861283851899
2017,4,25,0.00162153551355004,-1.13686837721616e-13,1.31976376404782,-1.13686837721616e-13,4.36237632190498
2017,4,26,23.0053329467773,0,11.4542656304766,0,10.9913659285596
2017,4,27,30.2626571655273,0,26.6304979015476,1.13686837721616e-13,21.8688316920563
2017,4,28,0.162686660885811,0,15.2139698920073,-2.27373675443232e-13,7.25544051449993
2017,4,29,13.0246458053589,0,6.20293612296518,0,7.22127046498109
2017,4,30,70.3438339233399,0,41.6200448102318,-1.13686837721616e-13,55.9249810458315
2017,5,1,9.90797996520996,0,40.1572972956274,-2.27373675443232e-13,13.8958201376608
2017,5,2,0.00699662743136287,0,5.11817578841874,0,7.08459026690574
2017,5,3,3.17663049697876,0,1.19725653028581,0,5.34191774144501
2017,5,4,28.785831451416,0,14.2417459199933,0,8.45139224765926
2017,5,5,2.53294491767883,0,15.6625042115193,0,7.06181023389318
2017,5,6,0.0088049229234457,0,1.29598939354764,0,5.13689744433198
2017,5,7,0.00311587820760906,-1.13686837721616e-13,0.00602127625461435,0,4.04345585972916
2017,5,8,0.000196481647435576,1.13686837721616e-13,0.001740729152516,0,3.20059463826449
2017,5,9,0.000120504068036098,0,0.000159456350957043,0,2.58553374692541
2017,5,10,0.00356797152198851,0,0.00181204366526799,0,2.14132310318051
2017,5,11,0.815369069576263,-1.13686837721616e-13,0.185134514933452,0,1.79962260799213
2017,5,12,20.1474571228027,0,7.48479144927114,0,2.87028415958239
2017,5,13,8.84965705871582,1.13686837721616e-13,14.5003160348788,0,5.26218762590105
2017,5,14,0.000407464744057506,0,4.50054965139861,0,3.14364455573309
2017,5,15,2.10504627227783,0,1.00027372173645,0,2.28939331776215
2017,5,16,0.00050695997197181,0,1.13703100061684,-1.13686837721616e-13,1.84518267401725
2017,5,17,0.140682473778725,1.13686837721616e-13,0.0596194448007736,1.13686837721616e-13,1.52626221184143
2017,5,18,0.318545818328857,-1.13686837721616e-13,0.229266105488932,0,1.26429183219701
2017,5,19,9.27378177642822,1.13686837721616e-13,4.5685347859835,0,1.11622161761537
2017,5,20,55.4267463684082,-1.13686837721616e-13,29.7167007077587,0,12.8707186520956
2017,5,21,5.06446218490601,0,30.298010886836,0,10.1485047070949
2017,5,22,0.00457881670445204,0,2.56325755290891,0,4.84075701516872
2017,5,23,0.213198602199554,0,0.106219461071305,0,3.38283490236496
2017,5,24,1.40305495262146,-1.13686837721616e-13,0.885529822357057,-1.13686837721616e-13,2.61970379644425
2017,5,25,0.491340398788452,1.13686837721616e-13,1.05704105652694,1.13686837721616e-13,2.11854307016796
2017,5,26,0.110730864107609,0,0.334382170272875,0,1.69711245943562
2017,5,27,6.87798309326172,0,3.36513645512605,-1.13686837721616e-13,1.36680198075352
2017,5,28,18.3460006713867,0,12.1811504082652,1.13686837721616e-13,1.41236204677864
2017,5,29,0.203609868884087,0,9.49816842513246,0,1.34402194774096
2017,5,30,0.852626442909241,0,0.536346213724755,0,1.04104750867393
2017,5,31,0.638280272483826,0,0.752915432072769,1.13686837721616e-13,0.897533300694811
2017,6,1,2.0990571975708,0,1.25581517819955,-1.13686837721616e-13,0.867919257778485
2017,6,2,0.961013913154602,0,1.80015248138079,0,1.00687745915509
2017,6,3,3.6291229724884,0,2.38750498172885,0,1.26429183219701
2017,6,4,12.4195318222046,-1.13686837721616e-13,7.90144152512221,-1.13686837721616e-13,2.43746353234378
2017,6,5,27.8814353942871,1.13686837721616e-13,20.1494447913647,0,5.33052772493873
2017,6,6,3.44144535064697,0,15.6622255527982,1.13686837721616e-13,4.4648864704615
2017,6,7,0.00125838990788907,0,1.7243667355724,0,2.81333407705099
2017,6,8,0.000114805450721178,0,0.000773441526689567,0,2.01603292161144
2017,6,9,0.000267526047537103,0,0.00018921274022432,0,1.53765222834771
2017,6,10,0.00102286646142602,0,0.000760609436838422,0,1.24151179918445
2017,6,11,0.00519174057990313,0,0.00291239067882998,0,1.03535250042079
2017,6,12,0.0689986348152161,0,0.0363847114495002,0,0.867919257778485
2017,6,13,0.134964570403099,0,0.108265844959533,0,0.758575099318203
2017,6,14,0.0367616824805737,0,0.0946331529776216,0,0.664037962316085
2017,6,15,1.71712946891785,0,0.958532818185631,-1.13686837721616e-13,0.594558861627781
2017,6,16,2.0786075592041,0,1.8574586563991,1.13686837721616e-13,0.527357764240733
2017,6,17,1.64464342594147,0,1.81300510606525,0,0.486353704818127
2017,6,18,6.83551502227783,0,4.01958414100227,0,0.460156666853685
2017,6,19,15.0648193359375,0,10.6448898424642,1.13686837721616e-13,0.427125618985475
2017,6,20,0.0716314986348152,0,8.0731591755175,-1.13686837721616e-13,0.398650577719776
2017,6,21,0.000228836681344546,0,0.0430783239280572,0,0.384982557912241
2017,6,22,0.286908954381943,1.13686837721616e-13,0.129514526161074,0,0.365619529851566
2017,6,23,5.49465227127075,-1.13686837721616e-13,2.27718875059509,-1.13686837721616e-13,0.343978498489636
2017,6,24,17.2502822875977,0,11.3169703896056,1.13686837721616e-13,0.337144488585868
2017,6,25,0.00136146985460073,0,8.73026959103299,0,0.329171477031473
2017,6,26,0.0556278675794601,0,0.0278314914612565,0,0.316642458874565
2017,6,27,0.131796509027481,0,0.100312179551111,0,0.30297443906703
2017,6,28,0.00224280403926969,0,0.0577301372613874,0,0.285889414307611
2017,6,29,0.0180109553039074,0,0.0100306897438713,0,0.277916402753216
2017,6,30,7.46933460235596,0,3.20957564764103,1.13686837721616e-13,0.289306419259495
2017,7,1,22.1978988647461,0,14.7473291597635,-1.13686837721616e-13,0.340561493537752
2017,7,2,0.868948221206665,0,11.5420475694264,0,0.348534505092147
2017,7,3,22.1125411987305,0,10.3224158788071,0,0.862224249525345
2017,7,4,8.6883544921875,0,15.6608032379809,0,1.40097203027236
2017,7,5,19.605655670166,0,14.1453333259851,-1.13686837721616e-13,1.59460231087911
2017,7,6,2.10321879386902,-1.13686837721616e-13,11.3567472620125,1.13686837721616e-13,1.28707186520956
2017,7,7,0.431891530752182,0,1.32763192332641,0,0.910062318851718
2017,7,8,11.6305484771729,1.13686837721616e-13,5.51765173667809,-1.13686837721616e-13,0.795023152138297
2017,7,9,0.00384441670030355,0,5.86652555277397,1.13686837721616e-13,0.833749208259647
2017,7,10,0.927241027355194,0,0.456066712860775,0,0.674288977171736
2017,7,11,0.123503439128399,0,0.465424602938583,0,0.5341917741445
2017,7,12,0.00571506144478917,-1.13686837721616e-13,0.0586657601015759,-1.13686837721616e-13,0.448766650347406
2017,7,13,0.389030605554581,1.13686837721616e-13,0.27936065805261,1.13686837721616e-13,0.387260561213497
2017,7,14,1.27318406105042,0,0.675961718414328,0,0.349673506742775
2017,7,15,3.9939124584198,0,2.88596461029374,-1.13686837721616e-13,0.365619529851566
2017,7,16,0.0186748579144478,0,2.45055194153974,1.13686837721616e-13,0.390677566165381
2017,7,17,0.00863631814718247,0,0.0126484157808591,0,0.337144488585868
2017,7,18,0.000514023646246642,0,0.00504162435390754,0,0.305252442368286
2017,7,19,0.000218982153455727,0,0.000314591168717016,0,0.280194406054471
2017,7,20,0.0132375732064247,0,0.00632053172012093,-1.13686837721616e-13,0.258553374692541
2017,7,21,0.0466599576175213,0,0.024488353948982,1.13686837721616e-13,0.230078333426842
2017,7,22,0.00817060004919767,0,0.0290481628762791,0,0.207298300414284
2017,7,23,1.11822378635407,0,0.47705513316032,-1.13686837721616e-13,0.187935272353609
2017,7,24,6.28645849227905,0,3.44091371078684,1.13686837721616e-13,0.17085024759419
2017,7,25,0.181568250060081,0,3.3776083667326,0,0.156043226136027
2017,7,26,0.0206607487052679,0,0.108269008436764,0,0.142375206328492
2017,7,27,0.0423334017395973,0,0.031085942799109,0,0.13212419147284
2017,7,28,19.2481670379639,0,7.64017901280022,0,0.146931212931003
2017,7,29,3.98885774612427,0,11.7478438467006,0,0.189074274004237
2017,7,30,0.00110941019374877,0,2.18511863423919,0,0.200464290510516
2017,7,31,0.0225347708910704,0,0.0121149981496274,0,0.177684257497958
2017,8,1,0.0943576842546463,0,0.056767799796944,0,0.149209216232259
2017,8,2,1.47454059123993,1.13686837721616e-13,0.678941060046782,0,0.135541196424724
2017,8,3,1.36417734622955,-1.13686837721616e-13,1.40963233281218,0,0.145792211280375
2017,8,4,4.51890325546265,0,2.76930001274741,0,0.145792211280375
2017,8,5,0.000168787722941488,0,2.4283574986257,0,0.120734174966561
2017,8,6,13.8039226531982,0,6.81585765252385,0,0.124151179918445
2017,8,7,11.2384395599365,0,12.6685259761434,0,0.129846188171584
2017,8,8,0.118654653429985,0,5.69650998712314,0,0.146931212931003
2017,8,9,0.0538199618458748,0,0.0868111706222408,0,0.149209216232259
2017,8,10,0.166983917355537,0,0.119508206422324,0,0.146931212931003
2017,8,11,3.13368558883667,0,1.47279929625074,0,0.13212419147284
2017,8,12,6.56284141540527,0,4.99052069986647,0,0.123012178267817
2017,8,13,5.70018339157105,0,6.13494156846718,0,0.120734174966561
2017,8,14,3.43937206268311,0,4.57343648199458,0,0.13212419147284
2017,8,15,33.3094825744629,0,18.3661348673704,0,0.160599232738539
2017,8,16,11.1275978088379,0,22.2262815700742,0,0.175406254196702
2017,8,17,27.8728160858154,0,19.4262569464336,-1.13686837721616e-13,0.375870544707218
2017,8,18,1.31865215301514,-1.13686837721616e-13,14.6095119596575,0,1.05357652683084
2017,8,19,6.60231828689575,1.13686837721616e-13,3.81542507626727,1.13686837721616e-13,0.957900388178092
2017,8,20,0.822187781333923,0,3.73997143981251,0,1.06952254993963
2017,8,21,0.436110883951187,0,0.636410766230256,0,0.724405049799365
2017,8,22,0.0677539929747582,-1.13686837721616e-13,0.265936553412757,-1.13686837721616e-13,0.533052772493873
2017,8,23,8.46797370910645,1.13686837721616e-13,3.54447552657803,1.13686837721616e-13,0.437376633841126
2017,8,24,0.010278295725584,0,4.57628710893187,0,0.763131105920715
2017,8,25,0.000371840811567381,0,0.00593747046514181,0,0.752880091065064
2017,8,26,0.0963357910513878,-1.13686837721616e-13,0.0296279671019875,0,0.555832805506431
2017,8,27,0.216034814715385,1.13686837721616e-13,0.150121806960669,0,0.449905651998033
2017,8,28,4.94594717025757,0,2.26931827911176,0,0.448766650347406
2017,8,29,1.27187347412109,0,3.13031942967064,0,0.433959628889242
2017,8,30,0,0,0.767138546718343,0,0.399789579370404
2017,8,31,0.158562913537025,-1.13686837721616e-13,0.0602392368527944,0,0.351951510044031
2017,9,1,0.195268496870995,1.13686837721616e-13,0.180384625338775,0,0.30866944732017
2017,9,2,0.000173594235093333,0,0.104081831908843,0,0.27563839945196
2017,9,3,0.000249847798841074,0,0.000202259892830625,0,0.251719364788773
2017,9,4,0.00294320634566247,0,0.00166904929938028,0,0.225522326824331
2017,9,5,0.297808468341827,0,0.115545577929879,0,0.200464290510516
2017,9,6,0.040942594408989,1.13686837721616e-13,0.164351504485239,0,0.174267252546074
2017,9,7,0.00106938742101192,-1.13686837721616e-13,0.0262398485429003,0,0.154904224485399
2017,9,8,0.0010693718213588,0,0.00106937981036026,0,0.140097203027236
2017,9,9,0.000580156513024122,0,0.000901035193237476,0,0.128707186520956
2017,9,10,0.000901899242307991,0,0.000727705250028521,0,0.119595173315933
2017,9,11,0.000916126591619104,0,0.000911303322936874,0,0.112305562751914
2017,9,12,0.00404794001951814,0,0.00232871974003501,0,0.107293955489151
2017,9,13,0.555153071880341,0,0.368370097654406,0,0.104104750867393
2017,9,14,0.00172218843363225,0,0.314985326309397,1.13686837721616e-13,0.100346045420321
2017,9,15,0.000411425658967346,0,0.000888854709046427,-1.13686837721616e-13,0.0968151403033743
2017,9,16,0.00123528868425637,0,0.000795097446825821,0,0.0937398358466789
2017,9,17,0.0507459454238415,0,0.0305735975780408,0,0.0894116295742927
2017,9,18,5.23840045928955,0,2.45641321662697,0,0.0935120355165533
2017,9,19,2.06198191642761,0,3.99613328106352,-1.13686837721616e-13,0.0878170272634136
2017,9,20,0.0141452327370644,-1.13686837721616e-13,1.29324144872226,1.13686837721616e-13,0.0823498193403995
2017,9,21,0.0163386706262827,1.13686837721616e-13,0.0154015859880019,0,0.0795023152138297
2017,9,22,0.0317380987107754,0,0.0230099402615451,0,0.0769965115824482
2017,9,23,0.00404831627383828,0,0.0168243880398222,0,0.0740351072908156
2017,9,24,0.295419812202454,0,0.203854015868274,0,0.0725544051449993
2017,9,25,0.884523451328278,0,0.563866453849187,0,0.0679983985424876
2017,9,26,0.00887259095907211,0,0.472696112468839,0,0.0627589909495991
2017,9,27,0.0836193114519119,0,0.0492951064297813,0,0.0599114868230293
2017,9,28,0.534799039363861,0,0.369730163489294,0,0.0588863853374641
2017,9,29,1.58618186105741e-05,0,0.206447693264636,0,0.057291783026585
2017,9,30,0.000750797218643129,0,0.000221754096855875,0,0.0553554802205175
2017,10,1,5.26206131326035e-05,0,0.00025724436272867,0,0.0535330775795128
2017,10,2,0.00493713980540633,0,0.00266538904543268,0,0.0535330775795128
2017,10,3,2.77725505828857,0,0.982674176040746,0,0.0543303787349524
2017,10,4,12.2344274520874,0,6.8083600032187,0,0.0542164785698896
2017,10,5,1.56667137145996,0,7.5466461182732,0,0.0515967747734454
2017,10,6,0.000554185709916055,0,0.858421866832941,0,0.0515967747734454
2017,10,7,0.00412980234250426,1.13686837721616e-13,0.00161527992895572,0,0.050685573452943
2017,10,8,0.285765290260315,-1.13686837721616e-13,0.111802900733892,0,0.0509133737830686
2017,10,9,0.0476766563951969,0,0.148571262136102,0,0.050685573452943
2017,10,10,0.698665082454681,0,0.287918706271739,0,0.0497743721324407
2017,10,11,0.0688660219311714,0,0.465152298929752,0,0.047951969491436
2017,10,12,0.000419682619394735,0,0.0392227464326425,0,0.047951969491436
2017,10,13,0.00140048412140459,0,0.000926776701817289,0,0.047951969491436
2017,10,14,0.000585095724090934,0,-1.10997400272026,0,0.0465851675106825
2017,10,15,13.2270288467407,0,6.91238146021351,0,0.0530774769192617
2017,10,16,1.35671401023865,0,7.9187725634547,0,0.0457878663552429
2017,10,17,0.00199022772721946,0,0.800027807315928,0,0.0455600660251173
2017,10,18,0.00251750415191054,0,-0.0402669915274601,0,0.0470407681709336
2017,10,19,0.00212722201831639,0,0.00237365991051774,0,0.047951969491436
2017,10,20,0.0100912116467953,0,0.00538756659807405,0,0.0477241691613104
2017,10,21,0.0622317641973496,0,0.0317666175105842,0,0.0476102689962476
2017,10,22,23.7797927856445,0,10.0664162269313,0,0.0666315965617341
2017,10,23,5.62544012069702,0,14.7190834869252,0,0.0559249810458315
2017,10,24,0.00246507930569351,0,2.88757779636217,0,0.0618477896290968
2017,10,25,0.00675821118056774,0,0.00557537078566384,0,0.0863363251175973
2017,10,26,0.00312928319908679,0,0.00512021941540297,0,0.0949927376623696
2017,10,27,0.00471396604552865,0,0.000277440733043477,0,0.0963595396431231
2017,10,28,0.0413280911743641,0,0.0274744624766754,0,0.0885004282537904
2017,10,29,0.00308126932941377,0,0.0202289551671129,0,0.0817803185150856
2017,10,30,0.0161758735775948,0,0.00650154318282148,0,0.0771104117475111
2017,10,31,0.0493273101747036,0,-0.135547649922955,0,0.074376807786004
2017,11,1,1.72021758556366,0,1.02451335865771,0,0.0740351072908156
2017,11,2,0.619497776031494,0,1.19196745021327,0,0.0711876031642458
2017,11,3,0.214957132935524,0,0.428472786974453,0,0.0670871972219853
2017,11,4,0.0354121923446655,0,0.10843127296539,0,0.0646952937556666
2017,11,5,0.170882731676102,0,-0.154872307452024,0,0.0637840924351642
2017,11,6,2.69994068145752,0,1.47190225097438,0,0.0633284917749131
2017,11,7,4.32909297943115,0,4.21654820728145,0,0.0610504884736572
2017,11,8,0.103537939488888,0,1.75111401491449,0,0.0591141856675897
2017,11,9,0.00280325184576213,0,0.0418186289025471,0,0.0576334835217734
2017,11,10,0.00253813387826085,0,0.00254291819874197,0,0.0575195833567106
2017,11,11,0.00333616673015058,0,0.000474877175292932,0,0.0563805817060827
2017,11,12,0.0241611935198307,0,0.00407704969984479,0,0.0559249810458315
2017,11,13,0.122272029519081,0,-0.0519535263883881,0,0.0555832805506431
2017,11,14,1.23397421836853,0,0.210175820931909,0,0.0567222822012711
2017,11,15,6.07691955566406,0,4.42585359967779,0,0.0596836864929037
2017,11,16,4.25681734085083,0,5.46397076937137,0,0.0567222822012711
2017,11,17,0.154573798179626,0,1.75429846571933,0,0.0577473836868362
2017,11,18,0.0549129992723465,0,0.0826829276047647,0,0.0627589909495991
2017,11,19,0.143006607890129,0,0.12608444790385,0,0.0653786947460434
2017,11,20,0.002929771784693,0,0.0572657525481191,0,0.0667454967267969
2017,11,21,0.00188340526074171,0,0.00225721499009524,0,0.0666315965617341
2017,11,22,0.00213730009272695,0,0.0019403731712373,0,0.0643535932604782
2017,11,23,0.00294235534965992,0,0.00262697295693215,0,0.0643535932604782
2017,11,24,0.00297366501763463,0,0.00166456724400632,0,0.0643535932604782
2017,11,25,0.0135554755106568,0,0.0109583707890124,0,0.064467493425541
2017,11,26,0.00133437383919954,0,0.00582598098844755,0,0.0634423919399759
2017,11,27,0.0032744079362601,0,0.00276589446730213,0,0.0624172904544107
2017,11,28,0.00129792280495167,0,-0.147602086959523,0,0.061733889464034
2017,11,29,1.2223836183548,0,0.741516881767893,0,0.0608226881435316
2017,11,30,1.29029786586761,0,1.42194727373862,0,0.0600253869880921
2017,12,1,0.00176853139419109,0,0.500398838506953,0,0.0583168845121502
2017,12,2,0.00186727673280984,0,-0.000697678486176301,0,0.0587724851724013
2017,12,3,0.0224824585020542,0,-0.0314103576820344,0,0.058430784677213
2017,12,4,0.397094011306763,0,-0.817846120080503,0,0.0607087879784688
2017,12,5,9.12677097320557,1.13686837721616e-13,5.7485109345871,0,0.0624172904544107
2017,12,6,0.00407807296141982,-1.13686837721616e-13,4.60475666171988,0,0.0587724851724013
2017,12,7,0.00225292076356709,-4.89613703393843e-05,0.00354204909672262,0,0.0597975866579665
2017,12,8,0.000787163095083088,0.000302486099144517,0.00112291388359154,0,0.0596836864929037
2017,12,9,0.00191109115257859,0.000262033173953569,0.000922121973417234,-0.248285020332901,0.0580890841820246
2017,12,10,0.0035505706910044,0,0.0027173024500371,0.252038509565409,0.0576334835217734
2017,12,11,0.00304388627409935,0,0.00334004469186766,0,0.0569500825313966
2017,12,12,0.0224641654640436,0,0.0154603284099721,0,0.0561527813759571
2017,12,13,0.00117063394282013,0,0.0162668294578907,0,0.0556971807157059
2017,12,14,0.0018970217788592,0,0.000631769136816729,0,0.0558110808807687
2017,12,15,0.00240118289366365,0,0.00207229517400265,0,0.0555832805506431
2017,12,16,0.102783724665642,0,0.0321938938577659,0,0.0554693803855803
2017,12,17,9.17916011810303,0,4.64030278061546,0,0.0645813935906038
2017,12,18,1.32528460025787,0,5.27705697793863,0,0.0583168845121502
2017,12,19,0.0202294383198023,0,0.217804507759865,0,0.0591141856675897
2017,12,20,12.8255195617676,0,4.38819898672955,0,0.0626450907845363
2017,12,21,0.756465077400208,0,6.77870320669899,0,0.0626450907845363
2017,12,22,1.05543160438538,0,-0.44479224942188,0,0.0666315965617341
2017,12,23,30.7521686553955,0,9.42075252711948,0,0.0956761386527464
2017,12,24,0.232454434037209,0.00544096398425609,15.8048854459557,-1.13686837721616e-13,0.0820081188452112
2017,12,25,0.0112904291599989,0.00802759771283945,0.118189392509521,0,0.164016237690422
2017,12,26,0.27997300028801,0.0610295762336364,0.0845827335142531,0,0.260831377993797
2017,12,27,0.000605048786383122,0.0591568937331886,0.0815536264854018,0,0.246024356535634
2017,12,28,0.0339958928525448,0.0144278390879435,1.75093809957616e-05,0,0.210715305366168
2017,12,29,0.00154132570605725,0.0182932270640777,0.000133995614305604,0,0.183379265751097
2017,12,30,0.0219302456825972,0.00225256779538086,0.00836616983724525,0,0.161738234389166
2017,12,31,0.158097133040428,0.0798204874422481,0.00933755099686095,0,0.144653209629747
2018,1,1,0.0551629103720188,0.111814256388016,0,0,0.13212419147284
2018,1,2,0.00348171684890986,0.0341858904556602,0,0,0.123012178267817
2018,1,3,0.00513748079538345,0.00416085489587204,0,0,0.115039166713421
2018,1,4,0.002078264253214,0.00317182893627432,2.97399456030689e-05,0,0.107977356479528
2018,1,5,0.445215702056885,0.0852757386435314,0.131259854002565,0,0.1019406477312
2018,1,6,0.592669308185577,0.0899850168801777,0.426445833640173,0,0.0971568407985627
2018,1,7,1.38601398468018,1.13686837721616e-13,0.988725052513473,0,0.0949927376623696
2018,1,8,16.7392425537109,-2.27373675443232e-13,8.73392188799335,0.636234474644539,0.101826747566137
2018,1,9,0.147889360785484,0,8.45687303190789,0,0.100118245090195
2018,1,10,0.174276754260063,0,0.16318925669475,0,0.103307449711954
2018,1,11,0.53115051984787,0,0.331781926499389,0,0.110938760771161
2018,1,12,0.0101405698806047,0.000399190927282689,0.28340128203854,0,0.117317170014677
2018,1,13,0.00209156377241015,0.00146573127358351,0.00465337226341944,0,0.120734174966561
2018,1,14,0.612234950065613,0.27247403408694,0.0334972119453596,-1.13686837721616e-13,0.119595173315933
2018,1,15,0.361475884914398,0.399757894055369,0.0882515492194216,2.27373675443232e-13,0.121873176617189
2018,1,16,0.277054280042648,0.264337347894184,0.055295236488746,0,0.120734174966561
2018,1,17,0.00131828140001744,0.14205503482151,0,-1.13686837721616e-13,0.118456171665305
2018,1,18,0.00124635128304362,0.00127684277970275,0,0,0.117317170014677
2018,1,19,0.00866143126040697,0.000673949930728668,0.00397786324901972,-1.13686837721616e-13,0.116178168364049
2018,1,20,0.0240000877529383,0,0.0149231936447904,1.16254792875975,0.113900165062793
2018,1,21,2.08751535415649,0,0.963841455071815,0,0.113216764072417
2018,1,22,28.6889953613281,0,15.3869655328381,0,0.148070214581631
2018,1,23,0.623490631580353,1.13686837721616e-13,14.6571711734141,0,1.30985189822212
2018,1,24,0.000299726118100807,-1.13686837721616e-13,0.331481116780196,0,0.989792434395674
2018,1,25,0.00136175530496985,0,0.000711959932232276,1.13686837721616e-13,0.692513003581783
2018,1,26,0.0317126698791981,0,0.0122419916879153,-1.13686837721616e-13,0.536469777445756
2018,1,27,9.4890193939209,0,4.73619766655611,0,0.464712673456197
2018,1,28,0.71416574716568,0,5.13241678137274,0,0.488631708119383
2018,1,29,0.0484996549785137,0,0.399694472172996,0,0.509133737830686
2018,1,30,0.0014232792891562,7.20550540336262e-05,0.0265761179834954,0,0.482936699866244
2018,1,31,0.0640905052423477,9.56305291310855e-05,0.0253892612599884,1.13686837721616e-13,0.432820627238614
2018,2,1,0.00563372951000929,0,0.0417642431712011,-1.13686837721616e-13,0.396372574418521
2018,2,2,0.000355738244252279,1.65565264751422e-05,0.00238992503727786,1.13686837721616e-13,0.363341526550311
2018,2,3,0.000942841696087271,1.52028869706555e-05,0.000598002421611454,-1.13686837721616e-13,0.33600548693524
2018,2,4,0.488347083330154,0,0.20083168905694,0,0.312086452272054
2018,2,5,0.345594942569733,0.090551700949959,0.326638296341116,0,0.290445420910123
2018,2,6,0.0863386169075966,0.109812646565842,0.106391700101085,0,0.277916402753216
2018,2,7,0.532390356063843,0.0766576468525955,0.229079198143154,0,0.267665387897564
2018,2,8,0.0113684916868806,0.0595135207834119,0.217099549001432,0,0.255136369740657
2018,2,9,0.00458740396425128,0,0.00800665268616285,0.371311538202122,0.238051344981238
2018,2,10,0.221703246235847,0,0.13315681873064,0,0.222105321872447
2018,2,11,0.660995602607727,0.125123309399896,0.315307463548379,0,0.207298300414284
2018,2,12,0.0497881099581718,0.143578821375286,0.213067210213922,0,0.193630280606749
2018,2,13,0.0580073669552803,0.0190697837227845,0.0344557544594863,0,0.182240264100469
2018,2,14,0.673020243644714,-1.13686837721616e-13,0.365468407064327,0.303426850572691,0.17654525584733
2018,2,15,0.205547749996185,0,0.473467010051536,0,0.171989249244818
2018,2,16,2.51752352714539,0,1.43257231922325,0,0.166294240991678
2018,2,17,18.8080806732178,0,10.6608922458763,0,0.181101262449841
2018,2,18,2.2956919670105,0,10.6042819774157,0,0.201603292161144
2018,2,19,0.336748033761978,0,0.989622112312645,0,0.340561493537752
2018,2,20,10.1053600311279,0,2.84412625733967,0,0.451044653648661
2018,2,21,69.0006408691406,-4.54747350886464e-13,39.5529197889919,-7.95807864051312e-13,11.0255359780784
2018,2,22,16.9260063171387,6.82121026329696e-13,42.9813102205808,2.27373675443232e-13,8.30332203307763
2018,2,23,19.4443321228027,0,18.099936862367,2.27373675443232e-13,6.59481955713573
2018,2,24,20.2377014160156,0,19.8358875588383,0,8.07552170295204
2018,2,25,30.9156265258789,-2.27373675443232e-13,25.5762725124441,-2.27373675443232e-13,16.2877236039794
2018,2,26,0.407739132642746,-2.27373675443232e-13,15.6638107502367,-2.27373675443232e-13,6.04809876483432
2018,2,27,0.9138023853302,0,0.657213882070209,0,3.91816567816009
2018,2,28,14.5089025497437,0,7.71072202217329,0,3.62202524899683
2018,3,1,10.092734336853,0,12.306772101656,0,3.95233572767893
2018,3,2,0.21641543507576,0,5.1546900155081,0,3.25754472079589
2018,3,3,0.00112079759128392,0,0.104878458711028,0,2.58553374692541
2018,3,4,0.265176951885223,0,0.116909499294707,0,2.10715305366168
2018,3,5,2.45985198020935,0,1.36014186804096,0,1.83379265751097
2018,3,6,0.0442638210952282,0,1.27986830790178,0,1.61738234389166
2018,3,7,0.000824537943117321,0,0.0243176957810647,0,1.36680198075352
2018,3,8,0.000417653209296986,0,0.000571882083022501,0,1.17317170014677
2018,3,9,0.00866074953228235,0,0.00329402734496398,0,1.04446451362581
2018,3,10,0.330390751361847,0,0.0620176187221659,0,0.95334438157558
2018,3,11,6.62328243255615,0,3.08676285383262,0,0.871336262730369
2018,3,12,0.0803939029574394,0,3.68894033155084,0,0.78249413398139
2018,3,13,0.000563523848541081,1.13686837721616e-13,0.0427900030626915,0,0.691374001931155
2018,3,14,0.000269516865955666,-1.13686837721616e-13,0.000371413909306284,0,0.620755899592223
2018,3,15,0.000650294765364379,-1.13686837721616e-13,0.000452781197964214,0,0.571778828615222
2018,3,16,0.0365699157118797,1.13686837721616e-13,0.0185954253320233,0,0.538747780747012
2018,3,17,0.0360638312995434,1.13686837721616e-13,0.0363393934021588,1.13686837721616e-13,0.51255074278257
2018,3,18,0.844829559326172,-1.13686837721616e-13,0.42210054025054,-1.13686837721616e-13,0.484075701516871
2018,3,19,3.14282250404358,0,1.92791754379141,0,0.466990676757452
2018,3,20,1.29286694526672,1.13686837721616e-13,2.30720602696965,1.13686837721616e-13,0.455600660251173
2018,3,21,0.0458565205335617,-1.13686837721616e-13,0.804625054952339,-1.13686837721616e-13,0.439654637142382
2018,3,22,0.000438353832578287,0,0.0200210086695733,0,0.414596600828568
2018,3,23,0.00579220429062843,0,0.00288154696318088,0,0.390677566165381
2018,3,24,0.00540722254663706,0,0.00555813893151935,0,0.373592541405962
2018,3,25,0.132808536291122,0,0.0645685664640041,0,0.358785519947799
2018,3,26,0.0500940456986427,0,0.0830013205704745,0,0.349673506742775
2018,3,27,7.77842330932617,0,3.4970514128363,0,1.26429183219701
2018,3,28,52.9851608276367,-1.13686837721616e-13,30.2527583363917,0,12.0734174966561
2018,3,29,14.473069190979,-1.13686837721616e-13,33.7960435208079,0,11.253336308204
2018,3,30,8.69839286804199,0,11.5859378638197,0,11.3900165062793
2018,3,31,0.497651070356369,0,4.6070068297704,0,5.53554802205175
2018,4,1,8.00543689727783,1.13686837721616e-13,3.92431946988654,0,5.04577731228174
2018,4,2,4.68083000183106,-1.13686837721616e-13,6.36075700919901,0,4.87492706468755
2018,4,3,0.167716637253761,0,2.43399599422264,0,3.96372574418521
2018,4,4,2.24311065673828,1.13686837721616e-13,1.5006798319373,1.13686837721616e-13,3.24615470428961
2018,4,5,0.0218163076788187,-1.13686837721616e-13,1.21112071286188,-1.13686837721616e-13,2.58553374692541
2018,4,6,0.209248453378677,0,0.110456437323592,0,2.18688316920563
2018,4,7,3.51042914390564,0,1.85469587658008,0,1.87935272353609
2018,4,8,0.232214525341988,0,1.87778209695534,0,1.60599232738539
2018,4,9,0.180572152137756,0,0.208972406937392,0,1.41236204677864
2018,4,10,0.0975713431835175,0,0.148712706271908,0,1.24151179918445
2018,4,11,0.00299897766672075,0,0.0526262639687047,0,1.09230258295219
2018,4,12,0.00145880167838186,0,0.00232152853277512,-1.13686837721616e-13,0.995487442648813
2018,4,13,2.31223487854004,0,0.994227781920927,1.13686837721616e-13,1.06041053673461
2018,4,14,34.805233001709,0,15.9943183742071,0,5.7291783026585
2018,4,15,0.130680993199348,1.13686837721616e-13,17.5313996163022,1.13686837721616e-13,4.12318597527312
2018,4,16,0.108931168913841,-1.13686837721616e-13,0.121302462197491,-1.13686837721616e-13,2.77916402753216
2018,4,17,0.00218434724956751,0,0.0596379343187437,0,2.18688316920563
2018,4,18,0.00102401489857584,0,0.00161592449148884,0,1.84518267401725
2018,4,19,2.83084887087171e-06,0,0.000540286615432706,0,1.53765222834771
2018,4,20,1.61572910606367e-09,0,1.48200342664495e-06,0,1.29846188171584
2018,4,21,1.12069499492645,0,0.514649481112429,0,1.15039166713421
2018,4,22,18.2690200805664,0,9.13938753525872,0,1.21873176617189
2018,4,23,10.0792388916016,1.13686837721616e-13,14.1770396727879,0,2.038812954624
2018,4,24,0.106685787439346,-1.13686837721616e-13,5.10521659637743,-1.13686837721616e-13,1.78823259148585
2018,4,25,1.66191411018372,-1.13686837721616e-13,0.359166841008118,1.13686837721616e-13,1.52626221184143
2018,4,26,12.2730150222778,1.13686837721616e-13,6.7752046134774,0,1.78823259148585
2018,4,27,0.121191844344139,0,6.19731433328707,0,2.34634340029354
2018,4,28,0.00132402975577861,0,0.0676396764465608,0,1.97047285558632
2018,4,29,7.52313189877896e-06,0,0.000599776023591403,0,1.67433242642306
2018,4,30,1.45949352372554e-05,0,1.05912840808742e-05,0,1.44653209629747
2018,5,1,0.00136594451032579,0,0.000641400678432547,0,1.27568184870328
2018,5,2,0.0885837823152542,0,0.0396867725721677,0,1.15039166713421
2018,5,3,21.3918170928955,0,10.5415349559044,0,5.47859793952036
2018,5,4,32.0584945678711,0,26.7207894375169,0,13.5541196424724
2018,5,5,0.401594638824463,0,16.2352115996327,0,5.75195833567106
2018,5,6,0.145306080579758,0,0.275252809326048,0,3.87260561213497
2018,5,7,0.751753807067871,0,0.441237087805348,0,2.82472409355727
2018,5,8,0.620222091674805,0,0.684307185991202,0,2.18688316920563
2018,5,9,0.155684575438499,1.13686837721616e-13,0.41384915594972,0,1.7654525584733
2018,5,10,0.0629819110035896,-1.13686837721616e-13,0.112079229067604,0,1.48070214581631
2018,5,11,0.000715056841727346,0,0.0337349536639522,-1.13686837721616e-13,1.25290181569073
2018,5,12,0.00669532502070069,0,0.00332027009426383,1.13686837721616e-13,1.07749556149402
2018,5,13,0.000425145437475294,0,0.00299787687254138,0,0.941954365069301
2018,5,14,0.00489251362159848,0,0.00214648309338372,0,0.824637195054623
2018,5,15,1.60471308231354,0,0.773032234268612,1.13686837721616e-13,0.707320025039946
2018,5,16,0.509968519210815,1.13686837721616e-13,1.16230950236059,-1.13686837721616e-13,0.626450907845363
2018,5,17,7.9433536529541,-1.13686837721616e-13,3.92055208059901,0,0.571778828615222
2018,5,18,1.09528982639313,0,4.67680180395837,0,0.526218762590105
2018,5,19,0.0342805944383144,0,0.634501662178082,0,0.495465718023151
2018,5,20,0.550302863121033,0,0.22895103290648,0,0.453322656949917
2018,5,21,5.67412328720093,0,2.89142935369455,0,0.418013605780451
2018,5,22,2.26247072219849,0,4.14764293185726,0,0.384982557912241
2018,5,23,7.58854818344116,0,4.543985258475,0,0.462434670154941
2018,5,24,16.8915691375732,0,12.121617300967,0,0.44648864704615
2018,5,25,3.91832232475281,0,10.4342413783379,0,1.05471552848147
2018,5,26,6.78617811203003,0,5.29973608065484,0,1.52626221184143
2018,5,27,0.0126499840989709,0,3.40314893338655,1.13686837721616e-13,1.38958201376608
2018,5,28,0.0176481604576111,0,0.0150377481550095,-1.13686837721616e-13,0.95903938982872
2018,5,29,0.237010717391968,0,0.111955220832897,0,0.720988044847481
2018,5,30,1.84046912193298,0,0.882249527901877,0,0.579751840169618
2018,5,31,0.309014081954956,0,0.898049081879435,0,0.490909711420639
2018,6,1,11.6541500091553,0,5.60772111677943,0,0.582029843470874
2018,6,2,2.20222091674805,0,7.03251444632042,0,0.728961056401877
2018,6,3,4.54580354690552,0,3.20735875774699,0,1.03535250042079
2018,6,4,0.0222954582422972,0,2.4427030798106,0,0.77679912572825
2018,6,5,0,0,0.0116004537849221,0,0.553554802205175
2018,6,6,0.0106247905641794,0,0.00375305619672872,0,0.447627648696778
2018,6,7,0.00137736403848976,0,0.0058093846673728,0,0.381565552960357
2018,6,8,1.4051787853241,0,0.553033858152048,0,0.337144488585868
2018,6,9,2.58260893821716,0,2.04781687821378,0,0.306391444018914
2018,6,10,0.0239586234092712,0,1.43236830682872,0,0.279055404403844
2018,6,11,0.177868753671646,0,0.113927821068501,0,0.256275371391285
2018,6,12,0.805293440818787,0,0.431200453858764,0,0.230078333426842
2018,6,13,1.11856341362,0,1.00226080713765,0,0.234634340029354
2018,6,14,2.09302306175232,0,1.65616335792583,0,0.216410313619307
2018,6,15,0.610469818115234,0,1.38909215062449,0,0.194769282257377
2018,6,16,0.0171897504478693,0,0.238894255751802,0,0.174267252546074
2018,6,17,0.101366326212883,1.13686837721616e-13,0.0536979029056965,0,0.157182227786655
2018,6,18,0.0772601142525673,-1.13686837721616e-13,0.0859652060535154,0,0.142375206328492
2018,6,19,0.0865341275930405,0,0.0814946322570904,0,0.128707186520956
2018,6,20,0.42750146985054,0,0.27962594175915,0,0.121873176617189
2018,6,21,10.5561351776123,0,5.15309517656715,0,0.116178168364049
2018,6,22,1.44863796234131,0,6.04490478071966,0,0.112988963742291
2018,6,23,6.18259477615356,0,3.5957720385486,0,0.108432957139779
2018,6,24,12.191219329834,1.13686837721616e-13,8.98809332849487,0,0.105927153508398
2018,6,25,12.7481060028076,-1.13686837721616e-13,12.5219171503122,0,0.102282348226388
2018,6,26,2.68380093574524,0,9.36112457064883,0,0.101485047070949
2018,6,27,3.90119957923889,0,3.12271865318326,0,0.098068042119065
2018,6,28,0.090460404753685,0,2.7614758108175,0,0.0946510371671812
2018,6,29,0.101479388773441,0,0.0976622429589042,-1.13686837721616e-13,0.0913479323803602
2018,6,30,0.031884279102087,0,0.0704833510681056,1.13686837721616e-13,0.0885004282537904
2018,7,1,0.450215220451355,0,0.138604112478788,0,0.0855390239621577
2018,7,2,1.46943438053131,0,0.854851244133897,0,0.08155251818496
2018,7,3,0.639871716499329,0,0.893655034997209,0,0.0785911138933274
2018,7,4,4.95264625549316,0,2.21895562559803,0,0.0755158094366319
2018,7,5,0.0976355150341988,0,2.55020441869419,0,0.0730100058052505
2018,7,6,1.48343288898468,0,0.546161423386366,0,0.0740351072908156
2018,7,7,3.99346041679382,0,2.43587269943964,0,0.0728961056401877
2018,7,8,0.158555999398232,0,2.40928025766334,0,0.070504202173869
2018,7,9,2.11753487586975,0,1.02304109617398,0,0.0689095998629899
2018,7,10,0.266314417123795,0,1.43438146005064,0,0.0682261988726132
2018,7,11,0.0836895108222961,0,0.200436704617459,0,0.067201097387048
2018,7,12,0.114724881947041,0,0.0993584188763634,0,0.0657203952412317
2018,7,13,0.243333101272583,0,0.21335582111351,-1.13686837721616e-13,0.0649230940857922
2018,7,14,0.0163290314376354,0,0.0852663978657802,1.13686837721616e-13,0.0640118927652898
2018,7,15,0.72857928276062,0,-0.369756099789811,0,0.0653786947460434
2018,7,16,8.70035743713379,0,4.72142498290486,0,0.0687956996979271
2018,7,17,6.42899227142334,0,7.62150074554666,0,0.061733889464034
2018,7,18,18.1879215240479,0,11.1017563336936,0,0.0640118927652898
2018,7,19,6.68753576278687,0,13.3001936619403,0,0.0669732970569224
2018,7,20,1.33601009845734,0,4.26587393428781,0,0.0766548110872599
2018,7,21,9.9191951751709,0,4.74127729763131,0,0.0904367310598579
2018,7,22,0.000829001364763826,1.13686837721616e-13,5.19287511145376,1.13686837721616e-13,0.0859946246224089
2018,7,23,0.14157871901989,-1.13686837721616e-13,0.0622814907255815,-1.13686837721616e-13,0.0859946246224089
2018,7,24,0.00095581857021898,0,0.0732670736979344,0,0.084855622971781
2018,7,25,3.29170688928571e-05,0,0.0005020796743338,0,0.0793884150487669
2018,7,26,0.000312940363073722,0,0.000221224523556884,1.13686837721616e-13,0.07380730696069
2018,7,27,0.0188747737556696,0,0.0102220185217448,-1.13686837721616e-13,0.0687956996979271
2018,7,28,0.0361160263419151,0,0.0261486646049889,0,0.0640118927652898
2018,7,29,0.054423850029707,0,0.0460939640979632,1.13686837721616e-13,0.0615060891339084
2018,7,30,6.84219694137573,0,3.36891548938729,-1.13686837721616e-13,0.0651508944159178
2018,7,31,16.2827854156494,0,11.4725173358383,0,0.0744907079510668
2018,8,1,2.30422139167786,0,10.0898617998682,0,0.0643535932604782
2018,8,2,0.00257315766066313,0,1.22156303110387,0,0.0643535932604782
2018,8,3,0.0249036941677332,0,0.0103860443996382,0,0.0648091939207294
2018,8,4,0.0030520202126354,0,0.0160299729977851,0,0.0676566980472992
2018,8,5,0.0447946079075336,0,0.0177317650595796,0,0.0681122987075504
2018,8,6,4.03845739364624,0,1.93526455817482,0,0.065036994250855
2018,8,7,1.03173398971558,0,2.58679694820603,0,0.0642396930954154
2018,8,8,17.1367034912109,0,5.86118359354441,1.13686837721616e-13,0.0665176963966713
2018,8,9,8.85928630828857,1.13686837721616e-13,13.0069010294756,-1.13686837721616e-13,0.0693652005232411
2018,8,10,1.58324134349823,-1.13686837721616e-13,5.27101132548705,0,0.0646952937556666
2018,8,11,0.121369048953056,0,0.733753844804596,0,0.0602531873182176
2018,8,12,2.51466131210327,0,1.26555942129926,0,0.0602531873182176
2018,8,13,4.16046190261841,0,3.33627260944922,0,0.0599114868230293
2018,8,14,32.5446891784668,0,14.5446886420177,0,0.0773382120776367
2018,8,15,17.9640312194824,0,25.275047039002,0,0.0673149975521108
2018,8,16,12.1815347671509,1.13686837721616e-13,15.0795798530744,0,0.0747185082811924
2018,8,17,16.6879348754883,-2.27373675443232e-13,14.2768061629831,0,0.244885354885006
2018,8,18,15.3263120651245,2.27373675443232e-13,16.0630902533012,0,0.772243119125739
2018,8,19,0.930336952209473,-1.13686837721616e-13,8.34798977746686,0,0.830332203307763
2018,8,20,23.8058052062988,-1.13686837721616e-13,10.819749418828,-1.13686837721616e-13,0.771104117475111
2018,8,21,0.628805339336395,1.13686837721616e-13,12.2174195017942,1.13686837721616e-13,0.732378061353761
2018,8,22,0.000605978886596859,1.13686837721616e-13,0.324930332993972,1.13686837721616e-13,0.502299727926918
2018,8,23,0.193275228142738,-1.13686837721616e-13,0.0965415406244574,-1.13686837721616e-13,0.378148548008474
2018,8,24,2.12607216835022,0,1.15445606331195,0,0.309808448970798
2018,8,25,0.0379124954342842,0,1.042957300946,0,0.268804389548192
2018,8,26,0.031160993501544,0,0.0348518860191689,0,0.226661328474959
2018,8,27,0.00347375799901783,0,0.0184340364066884,-1.13686837721616e-13,0.186796270702981
2018,8,28,0.00217689038254321,0,-0.00536413132067537,1.13686837721616e-13,0.158321229437283
2018,8,29,0.367575347423553,0,0.157682925877452,0,0.140097203027236
2018,8,30,10.0204095840454,0,4.81556909055507,0,0.276777401102588
2018,8,31,14.8275136947632,0,12.4003629350991,0,0.411179595876684
2018,9,1,0.0141737880185246,0,7.64573641985044,0,0.366758531502194
2018,9,2,0.0834324806928635,0,0.0416877508396283,0,0.267665387897564
2018,9,3,0.0302960369735956,0,0.0639679436208098,0,0.2038812954624
2018,9,4,0.148023217916489,0,0.0838917369110277,1.13686837721616e-13,0.157182227786655
2018,9,5,0.0287406910210848,0,0.094626606834936,-1.13686837721616e-13,0.130985189822212
2018,9,6,0.509014964103699,0,0.210248594274162,0,0.113900165062793
2018,9,7,4.27880573272705,0,2.61701487731625,0,0.106724454663837
2018,9,8,6.75703239440918,0,5.42336406590039,0,0.0978402417889394
2018,9,9,2.49770164489746,-1.13686837721616e-13,4.78010150817863,0,0.100459945585384
2018,9,10,0.681042313575745,1.13686837721616e-13,1.66177216458891,0,0.108660757469905
2018,9,11,0.070808969438076,0,0.39069667665899,-1.13686837721616e-13,0.105813253343335
2018,9,12,0.0666404739022255,0,0.0692241641518194,2.27373675443232e-13,0.0971568407985627
2018,9,13,0.636711478233337,0,0.386559658341866,-1.13686837721616e-13,0.0870197261079741
2018,9,14,0.0930723696947098,-1.13686837721616e-13,0.384179358537949,0,0.0787050140583902
2018,9,15,0.00924068316817284,1.13686837721616e-13,0.0407968149447697,0,0.0722127046498109
2018,9,16,0.0532223209738731,0,0.0308362013311125,0,0.067770598212362
2018,9,17,0.113393254578114,0,0.0912939258923871,0,0.0635562921050386
2018,9,18,0.00113297207280993,0,0.059602450208331,0,0.0590002855025269
2018,9,19,0.0922209694981575,0,0.0568138649759931,0,0.0555832805506431
2018,9,20,0.0826500207185745,-1.13686837721616e-13,0.0879243159943144,0,0.0521662755987593
2018,9,21,4.3764762878418,1.13686837721616e-13,1.90772634399764,0,0.0509133737830686
2018,9,22,50.589973449707,0,25.4497769443697,0,0.0563805817060827
2018,9,23,7.73972463607788,0,29.1651252525408,0,0.0484075701516871
2018,9,24,9.21363639831543,0,8.4634969227991,0,0.0503438729577546
2018,9,25,2.56182670593262,1.13686837721616e-13,5.94973988237325,0,0.0527357764240733
2018,9,26,0.296394944190979,-1.13686837721616e-13,1.46692570153391,-1.13686837721616e-13,0.201603292161144
2018,9,27,1.53483068943024,0,0.801853662756912,1.13686837721616e-13,0.222105321872447
2018,9,28,0.0840568393468857,0,0.584209082771849,0,0.199325288859888
2018,9,29,0.00238324864767492,0,0.0623664235536126,0,0.164016237690422
2018,9,30,0.0348026640713215,0,0.0213070046229404,0,0.13781919972598
2018,10,1,0.323264569044113,0,0.105290493207576,0,0.121873176617189
2018,10,2,0.773595929145813,0,0.518632854611496,0,0.108546857304842
2018,10,3,0.212099984288216,0,0.414760382904205,0,0.100118245090195
2018,10,4,0.0409636162221432,0,0.127022745720751,1.13686837721616e-13,0.090892331720109
2018,10,5,0.183968871831894,0,0.139592752741009,-1.13686837721616e-13,0.0833749208259647
2018,10,6,0.00725961895659566,0,0.0904128244437743,0,0.0755158094366319
2018,10,7,0.0641273856163025,0,0.0352623050712282,0,0.0691374001931155
2018,10,8,0.812339723110199,0,0.56571340568189,0,0.0657203952412317
2018,10,9,3.70698285102844,-1.13686837721616e-13,2.21120395296748,-1.13686837721616e-13,0.0715293036594342
2018,10,10,30.8431510925293,2.27373675443232e-13,13.4913504509386,1.13686837721616e-13,0.0817803185150856
2018,10,11,0.0390281900763512,-1.13686837721616e-13,15.4416618515243,0,0.206159298763656
2018,10,12,0.275480896234512,0,0.140297811805794,0,0.370175536454078
2018,10,13,3.18649053573608,0,1.93363396771747,0,0.30866944732017
2018,10,14,21.3371429443359,0,12.0591308655639,0,0.273360396150704
2018,10,15,10.7817182540894,-1.13686837721616e-13,16.0918622364334,0,0.349673506742775
2018,10,16,1.89087629318237,1.13686837721616e-13,6.35954312022659,0,0.799579158740809
2018,10,17,0.00118306651711464,0,0.836221104684228,0,0.684539992027388
2018,10,18,0.00448557082563639,0,0.00250039762613596,0,0.543303787349524
2018,10,19,3.23763251304626,0,1.46421049080527,0,0.454461658600545
2018,10,20,24.5649280548096,0,13.4753423634611,0,0.742629076209412
2018,10,21,0.320196032524109,0,12.5123685985454,0,1.19595173315933
2018,10,22,0.0767940655350685,0,0.207538701448357,0,0.91461832545423
2018,10,23,5.27298943779897e-05,0,0.0443028315421543,0,0.664037962316085
2018,10,24,0.015693437308073,0,0.00887049997982103,-1.13686837721616e-13,0.511411741131942
2018,10,25,5.55390214920044,1.13686837721616e-13,2.63002237767796,2.27373675443232e-13,0.424847615684219
2018,10,26,3.60665488243103,-1.13686837721616e-13,4.66887863930606,-1.13686837721616e-13,0.375870544707218
2018,10,27,0.0323766320943832,0,1.8322011098935,0,0.337144488585868
2018,10,28,0.000850834127049893,-1.13686837721616e-13,0.0188923226087354,-1.13686837721616e-13,0.29727943081389
2018,10,29,0.0561022870242596,1.13686837721616e-13,0.0237547191063641,2.27373675443232e-13,0.260831377993797
2018,10,30,0.134722858667374,-1.13686837721616e-13,0.0895869709929684,-1.13686837721616e-13,0.234634340029354
2018,10,31,11.4894695281982,1.13686837721616e-13,5.41404056853935,0,0.509133737830686
2018,11,1,53.3946990966797,0,31.8820553934784,0,7.89328143885157
2018,11,2,5.81533479690552,0,29.610823731884,0,5.37608779096384
2018,11,3,1.04876625537872,0,3.51736024435377,0,3.12086452272054
2018,11,4,14.3379716873169,0,7.36416287878819,0,2.63109381295053
2018,11,5,0.520566940307617,0,7.45962550440163,0,2.87028415958239
2018,11,6,4.54749584197998,0,2.40561294303188,0,2.52858366439401
2018,11,7,4.83923196792603,0,4.69225436239503,0,2.19827318571191
2018,11,8,0.213226228952408,0,2.55183926644531,0,1.91352277305493
2018,11,9,1.42707133293152,0,0.803713433648227,0,1.53765222834771
2018,11,10,0.00669868662953377,0.000187669175033989,0.766161552899575,0,1.24151179918445
2018,11,11,0.000188092206371948,0.000226042680651517,0.00360988033207832,0,1.02624048721577
2018,11,12,0.316846042871475,0,0.148418452357873,0,0.879309274284764
2018,11,13,3.55193519592285,0.281013056358347,1.58626872680907,0,0.764270107571343
2018,11,14,0.171427816152573,0.347730313709576,1.5337991966444,0,0.659481955713573
2018,11,15,0.137320876121521,0.0630736144195225,0.0915535482927226,-1.13686837721616e-13,0.577473836868362
2018,11,16,1.21125203804695e-05,0.0108010925583812,0.0582068429139326,0.718748118164513,0.515967747734454
2018,11,17,0.00017456358182244,-1.13686837721616e-13,8.94280747161247e-05,-1.13686837721616e-13,0.46812967840808
2018,11,18,0.0437557548284531,0,0.0210544728543027,0,0.427125618985475
2018,11,19,0.818480372428894,0,0.429881412019313,0,0.391816567816009
2018,11,20,0.000577224884182215,-1.13686837721616e-13,0.337742599855119,0,0.357646518297171
2018,11,21,0.000230279430979863,2.27373675443232e-13,0.000450914660177659,0,0.329171477031473
2018,11,22,3.00807514577173e-05,-1.13686837721616e-13,0.000132712179038208,0,0.30297443906703
2018,11,23,0.187829747796059,0,0.0924257743245107,0,0.282472409355727
2018,11,24,2.97638463973999,0,1.52600375272596,0,0.265387384596308
2018,11,25,0.012968665920198,0,1.75431687563832,0,0.255136369740657
2018,11,26,0.00748591544106603,0,0.010397146557807,0,0.241468349933122
2018,11,27,0.00123570149298757,0,0.0045470640034182,-1.13686837721616e-13,0.230078333426842
2018,11,28,0.00246350304223597,0,0.00166311930661323,0.00144005089089205,0.219827318571191
2018,11,29,0.104020491242409,0,0.0551156649089535,0,0.210715305366168
2018,11,30,2.76606822013855,0,1.30288111366099,0,0.205020297113028
2018,12,1,26.5051040649414,0,14.6355607865189,0,0.979541419540022
2018,12,2,0.446788460016251,0,13.5228017279151,-1.13686837721616e-13,2.89306419259495
2018,12,3,0.0566460452973843,0,0.257267173328728,1.13686837721616e-13,1.69711245943562
2018,12,4,5.26354938301665e-07,2.89594481728273e-09,0.0329650122876046,0,1.19595173315933
2018,12,5,2.28949484153418e-05,3.67776920029428e-09,1.10156688606367e-05,0,0.935120355165533
2018,12,6,0.0763162598013878,0,0.0309146239596885,0,0.784772137282646
2018,12,7,0.796413779258728,0,0.507220919680549,0,0.68340099037676
2018,12,8,1.37563133239746,0,1.08595026721014,0,0.613921889688456
2018,12,9,5.37136459350586,0.0727005192788965,3.16536587756855,0,0.562666815410199
2018,12,10,0.00137149996589869,0.0782496901285867,2.61715840909892,0,0.51255074278257
2018,12,11,0.214156076312065,0,0.0926268248076667,0.179297336276818,0.472685685010592
2018,12,12,0.0269737578928471,0,0.135959279294184,0,0.437376633841126
2018,12,13,3.20920300483704,0,1.27948359589936,0,0.432820627238614
2018,12,14,24.9678287506104,0,13.7444393009864,0,1.46931212931003
2018,12,15,17.9222221374512,0,21.4502042095555,0,7.7679912572825
2018,12,16,0.173660770058632,1.13686837721616e-13,9.13576137943164,1.13686837721616e-13,5.74056831916478
2018,12,17,0.0204122625291348,-1.13686837721616e-13,0.0994757504668087,-1.13686837721616e-13,3.67897533152822
2018,12,18,0.00249484553933144,0,0.00596434873295948,0,2.76777401102588
2018,12,19,0.0842887163162231,0,0.0346406752214534,0,2.24383325173703
2018,12,20,1.66353213787079,0,1.21895062619296,0,1.90213275654865
2018,12,21,0.0961292162537575,0,1.05670314964664,0,1.61738234389166
2018,12,22,0.000238445602008142,0,0.0540310565411346,0,1.35541196424724
2018,12,23,0.0058871922083199,0,0.00268009956198512,0,1.16178168364049
2018,12,24,0.000131644017528743,0,0.00329912234155927,0,0.995487442648813
2018,12,25,0.00448819063603878,0,0.00207708824018482,0,0.870197261079741
2018,12,26,0.940650343894958,0,0.397776094912842,0,0.78818914223453
2018,12,27,38.7545013427734,0,18.6682412961454,0,3.98650577719776
2018,12,28,4.70432281494141,-1.13686837721616e-13,21.7295520857588,-1.13686837721616e-13,9.21452335357998
2018,12,29,0.00241626775823534,0.000235951752983965,2.35554581101314,0,4.32820627238615
2018,12,30,0.104002445936203,0.000236310548643814,0.0529480047262041,-1.13686837721616e-13,3.12086452272054
2018,12,31,16.1822700500488,1.13686837721616e-13,8.14031378598884,1.13686837721616e-13,4.93187714721895
